topic_int,topic_names,labels_layer,Source
8,wind turbin,8: wind turbin,Pro Media
8,wind turbin,8: wind turbin,Pro Media
8,wind turbin,8: wind turbin,Pro Media
8,wind turbin,8: wind turbin,Pro Media
8,wind turbin,8: wind turbin,Pro Media
8,wind turbin,8: wind turbin,Pro Media
8,wind turbin,8: wind turbin,Pro Media
8,wind turbin,8: wind turbin,Pro Media
8,wind turbin,8: wind turbin,Pro Media
8,wind turbin,8: wind turbin,Pro Media
8,wind turbin,8: wind turbin,Pro Media
8,wind turbin,8: wind turbin,Pro Media
8,wind turbin,8: wind turbin,Pro Media
8,wind turbin,8: wind turbin,Pro Media
8,wind turbin,8: wind turbin,Pro Media
8,wind turbin,8: wind turbin,Pro Media
8,wind turbin,8: wind turbin,Pro Media
8,wind turbin,8: wind turbin,Pro Media
8,wind turbin,8: wind turbin,Pro Media
8,wind turbin,8: wind turbin,Pro Media
8,wind turbin,8: wind turbin,Pro Media
8,wind turbin,8: wind turbin,Pro Media
8,wind turbin,8: wind turbin,Pro Media
8,wind turbin,8: wind turbin,Pro Media
8,wind turbin,8: wind turbin,Pro Media
8,wind turbin,8: wind turbin,Pro Media
8,wind turbin,8: wind turbin,Pro Media
8,wind turbin,8: wind turbin,Pro Media
8,wind turbin,8: wind turbin,Pro Media
8,wind turbin,8: wind turbin,Pro Media
8,wind turbin,8: wind turbin,Pro Media
8,wind turbin,8: wind turbin,Pro Media
8,wind turbin,8: wind turbin,Pro Media
8,wind turbin,8: wind turbin,Pro Media
8,wind turbin,8: wind turbin,Pro Media
8,wind turbin,8: wind turbin,Pro Media
8,wind turbin,8: wind turbin,Pro Media
8,wind turbin,8: wind turbin,Pro Media
8,wind turbin,8: wind turbin,Pro Media
8,wind turbin,8: wind turbin,Pro Media
8,wind turbin,8: wind turbin,Pro Media
8,wind turbin,8: wind turbin,Pro Media
8,wind turbin,8: wind turbin,Pro Media
8,wind turbin,8: wind turbin,Pro Media
8,wind turbin,8: wind turbin,Pro Media
8,wind turbin,8: wind turbin,Pro Media
8,wind turbin,8: wind turbin,Pro Media
8,wind turbin,8: wind turbin,Pro Media
8,wind turbin,8: wind turbin,Pro Media
8,wind turbin,8: wind turbin,Pro Media
8,wind turbin,8: wind turbin,Pro Media
8,wind turbin,8: wind turbin,Pro Media
8,wind turbin,8: wind turbin,Pro Media
8,wind turbin,8: wind turbin,Pro Media
8,wind turbin,8: wind turbin,Pro Media
8,wind turbin,8: wind turbin,Pro Media
8,wind turbin,8: wind turbin,Pro Media
8,wind turbin,8: wind turbin,Pro Media
8,wind turbin,8: wind turbin,Pro Media
8,wind turbin,8: wind turbin,Pro Media
8,wind turbin,8: wind turbin,Pro Media
8,wind turbin,8: wind turbin,Pro Media
8,wind turbin,8: wind turbin,Pro Media
8,wind turbin,8: wind turbin,Pro Media
8,wind turbin,8: wind turbin,Pro Media
8,wind turbin,8: wind turbin,Pro Media
8,wind turbin,8: wind turbin,Pro Media
8,wind turbin,8: wind turbin,Pro Media
8,wind turbin,8: wind turbin,Pro Media
8,wind turbin,8: wind turbin,Pro Media
8,wind turbin,8: wind turbin,Pro Media
8,wind turbin,8: wind turbin,Pro Media
8,wind turbin,8: wind turbin,Pro Media
8,wind turbin,8: wind turbin,Pro Media
8,wind turbin,8: wind turbin,Pro Media
8,wind turbin,8: wind turbin,Pro Media
8,wind turbin,8: wind turbin,Pro Media
8,wind turbin,8: wind turbin,Pro Media
8,wind turbin,8: wind turbin,Pro Media
8,wind turbin,8: wind turbin,Pro Media
8,wind turbin,8: wind turbin,Pro Media
8,wind turbin,8: wind turbin,Pro Media
8,wind turbin,8: wind turbin,Pro Media
8,wind turbin,8: wind turbin,Pro Media
8,wind turbin,8: wind turbin,Pro Media
8,wind turbin,8: wind turbin,Pro Media
8,wind turbin,8: wind turbin,Pro Media
8,wind turbin,8: wind turbin,Pro Media
8,wind turbin,8: wind turbin,Pro Media
8,wind turbin,8: wind turbin,Pro Media
8,wind turbin,8: wind turbin,Pro Media
8,wind turbin,8: wind turbin,Pro Media
8,wind turbin,8: wind turbin,Pro Media
8,wind turbin,8: wind turbin,Pro Media
8,wind turbin,8: wind turbin,Pro Media
8,wind turbin,8: wind turbin,Pro Media
8,wind turbin,8: wind turbin,Pro Media
8,wind turbin,8: wind turbin,Pro Media
8,wind turbin,8: wind turbin,Pro Media
8,wind turbin,8: wind turbin,Pro Media
8,wind turbin,8: wind turbin,Pro Media
8,wind turbin,8: wind turbin,Pro Media
8,wind turbin,8: wind turbin,Pro Media
8,wind turbin,8: wind turbin,Pro Media
8,wind turbin,8: wind turbin,Pro Media
8,wind turbin,8: wind turbin,Pro Media
8,wind turbin,8: wind turbin,Pro Media
8,wind turbin,8: wind turbin,Pro Media
8,wind turbin,8: wind turbin,Pro Media
8,wind turbin,8: wind turbin,Pro Media
8,wind turbin,8: wind turbin,Pro Media
8,wind turbin,8: wind turbin,Pro Media
8,wind turbin,8: wind turbin,Pro Media
8,wind turbin,8: wind turbin,Pro Media
8,wind turbin,8: wind turbin,Pro Media
8,wind turbin,8: wind turbin,Pro Media
8,wind turbin,8: wind turbin,Pro Media
8,wind turbin,8: wind turbin,Pro Media
8,wind turbin,8: wind turbin,Pro Media
8,wind turbin,8: wind turbin,Pro Media
8,wind turbin,8: wind turbin,Pro Media
8,wind turbin,8: wind turbin,Pro Media
8,wind turbin,8: wind turbin,Pro Media
8,wind turbin,8: wind turbin,Pro Media
8,wind turbin,8: wind turbin,Pro Media
8,wind turbin,8: wind turbin,Pro Media
8,wind turbin,8: wind turbin,Pro Media
8,wind turbin,8: wind turbin,Pro Media
8,wind turbin,8: wind turbin,Pro Media
8,wind turbin,8: wind turbin,Pro Media
8,wind turbin,8: wind turbin,Pro Media
8,wind turbin,8: wind turbin,Pro Media
8,wind turbin,8: wind turbin,Pro Media
8,wind turbin,8: wind turbin,Pro Media
8,wind turbin,8: wind turbin,Pro Media
8,wind turbin,8: wind turbin,Pro Media
8,wind turbin,8: wind turbin,Pro Media
8,wind turbin,8: wind turbin,Pro Media
8,wind turbin,8: wind turbin,Pro Media
8,wind turbin,8: wind turbin,Pro Media
8,wind turbin,8: wind turbin,Pro Media
8,wind turbin,8: wind turbin,Pro Media
8,wind turbin,8: wind turbin,Pro Media
8,wind turbin,8: wind turbin,Pro Media
8,wind turbin,8: wind turbin,Pro Media
8,wind turbin,8: wind turbin,Pro Media
8,wind turbin,8: wind turbin,Pro Media
8,wind turbin,8: wind turbin,Pro Media
8,wind turbin,8: wind turbin,Pro Media
8,wind turbin,8: wind turbin,Pro Media
8,wind turbin,8: wind turbin,Pro Media
8,wind turbin,8: wind turbin,Pro Media
8,wind turbin,8: wind turbin,Pro Media
8,wind turbin,8: wind turbin,Pro Media
8,wind turbin,8: wind turbin,Pro Media
8,wind turbin,8: wind turbin,Pro Media
8,wind turbin,8: wind turbin,Pro Media
8,wind turbin,8: wind turbin,Pro Media
8,wind turbin,8: wind turbin,Pro Media
8,wind turbin,8: wind turbin,Pro Media
8,wind turbin,8: wind turbin,Pro Media
8,wind turbin,8: wind turbin,Pro Media
8,wind turbin,8: wind turbin,Pro Media
8,wind turbin,8: wind turbin,Pro Media
8,wind turbin,8: wind turbin,Pro Media
8,wind turbin,8: wind turbin,Pro Media
8,wind turbin,8: wind turbin,Pro Media
8,wind turbin,8: wind turbin,Pro Media
8,wind turbin,8: wind turbin,Pro Media
8,wind turbin,8: wind turbin,Pro Media
8,wind turbin,8: wind turbin,Pro Media
8,wind turbin,8: wind turbin,Pro Media
8,wind turbin,8: wind turbin,Pro Media
8,wind turbin,8: wind turbin,Pro Media
8,wind turbin,8: wind turbin,Pro Media
8,wind turbin,8: wind turbin,Pro Media
8,wind turbin,8: wind turbin,Pro Media
8,wind turbin,8: wind turbin,Pro Media
8,wind turbin,8: wind turbin,Pro Media
8,wind turbin,8: wind turbin,Pro Media
8,wind turbin,8: wind turbin,Pro Media
8,wind turbin,8: wind turbin,Pro Media
8,wind turbin,8: wind turbin,Pro Media
8,wind turbin,8: wind turbin,Pro Media
8,wind turbin,8: wind turbin,Pro Media
8,wind turbin,8: wind turbin,Pro Media
8,wind turbin,8: wind turbin,Pro Media
8,wind turbin,8: wind turbin,Reg Media
8,wind turbin,8: wind turbin,Reg Media
8,wind turbin,8: wind turbin,Reg Media
8,wind turbin,8: wind turbin,Reg Media
8,wind turbin,8: wind turbin,Reg Media
8,wind turbin,8: wind turbin,Reg Media
8,wind turbin,8: wind turbin,Reg Media
8,wind turbin,8: wind turbin,Reg Media
8,wind turbin,8: wind turbin,Reg Media
8,wind turbin,8: wind turbin,Reg Media
8,wind turbin,8: wind turbin,Reg Media
8,wind turbin,8: wind turbin,Reg Media
8,wind turbin,8: wind turbin,Reg Media
8,wind turbin,8: wind turbin,Reg Media
8,wind turbin,8: wind turbin,Reg Media
8,wind turbin,8: wind turbin,Reg Media
8,wind turbin,8: wind turbin,Reg Media
8,wind turbin,8: wind turbin,Reg Media
8,wind turbin,8: wind turbin,Reg Media
8,wind turbin,8: wind turbin,Reg Media
8,wind turbin,8: wind turbin,Reg Media
8,wind turbin,8: wind turbin,Reg Media
8,wind turbin,8: wind turbin,Reg Media
8,wind turbin,8: wind turbin,Reg Media
8,wind turbin,8: wind turbin,Reg Media
8,wind turbin,8: wind turbin,Reg Media
8,wind turbin,8: wind turbin,Reg Media
8,wind turbin,8: wind turbin,Reg Media
8,wind turbin,8: wind turbin,Reg Media
8,wind turbin,8: wind turbin,Reg Media
8,wind turbin,8: wind turbin,Reg Media
8,wind turbin,8: wind turbin,Reg Media
8,wind turbin,8: wind turbin,Reg Media
8,wind turbin,8: wind turbin,Reg Media
8,wind turbin,8: wind turbin,Reg Media
8,wind turbin,8: wind turbin,Reg Media
8,wind turbin,8: wind turbin,Reg Media
8,wind turbin,8: wind turbin,Reg Media
8,wind turbin,8: wind turbin,Reg Media
8,wind turbin,8: wind turbin,Reg Media
8,wind turbin,8: wind turbin,Reg Media
8,wind turbin,8: wind turbin,Reg Media
8,wind turbin,8: wind turbin,Reg Media
8,wind turbin,8: wind turbin,Reg Media
8,wind turbin,8: wind turbin,Reg Media
8,wind turbin,8: wind turbin,Reg Media
8,wind turbin,8: wind turbin,Reg Media
8,wind turbin,8: wind turbin,Reg Media
8,wind turbin,8: wind turbin,Reg Media
8,wind turbin,8: wind turbin,Reg Media
8,wind turbin,8: wind turbin,Reg Media
8,wind turbin,8: wind turbin,Reg Media
8,wind turbin,8: wind turbin,Reg Media
8,wind turbin,8: wind turbin,Reg Media
8,wind turbin,8: wind turbin,Reg Media
8,wind turbin,8: wind turbin,Reg Media
8,wind turbin,8: wind turbin,Reg Media
8,wind turbin,8: wind turbin,Reg Media
8,wind turbin,8: wind turbin,Reg Media
8,wind turbin,8: wind turbin,Reg Media
8,wind turbin,8: wind turbin,Reg Media
8,wind turbin,8: wind turbin,Reg Media
8,wind turbin,8: wind turbin,Reg Media
8,wind turbin,8: wind turbin,Reg Media
8,wind turbin,8: wind turbin,Reg Media
8,wind turbin,8: wind turbin,Reg Media
8,wind turbin,8: wind turbin,Reg Media
8,wind turbin,8: wind turbin,Reg Media
8,wind turbin,8: wind turbin,Reg Media
8,wind turbin,8: wind turbin,Reg Media
8,wind turbin,8: wind turbin,Reg Media
8,wind turbin,8: wind turbin,Reg Media
8,wind turbin,8: wind turbin,Reg Media
0,energi island,0: energi island,Reg Media
0,energi island,0: energi island,Reg Media
0,energi island,0: energi island,Reg Media
0,energi island,0: energi island,Reg Media
0,energi island,0: energi island,Reg Media
0,energi island,0: energi island,Reg Media
0,energi island,0: energi island,Reg Media
0,energi island,0: energi island,Reg Media
0,energi island,0: energi island,Reg Media
0,energi island,0: energi island,Reg Media
0,energi island,0: energi island,Reg Media
0,energi island,0: energi island,Reg Media
0,energi island,0: energi island,Reg Media
0,energi island,0: energi island,Reg Media
0,energi island,0: energi island,Reg Media
0,energi island,0: energi island,Reg Media
0,energi island,0: energi island,Reg Media
0,energi island,0: energi island,Reg Media
0,energi island,0: energi island,Reg Media
0,energi island,0: energi island,Reg Media
0,energi island,0: energi island,Reg Media
0,energi island,0: energi island,Reg Media
0,energi island,0: energi island,Reg Media
0,energi island,0: energi island,Reg Media
0,energi island,0: energi island,Reg Media
0,energi island,0: energi island,Reg Media
0,energi island,0: energi island,Reg Media
0,energi island,0: energi island,Reg Media
0,energi island,0: energi island,Reg Media
0,energi island,0: energi island,Reg Media
0,energi island,0: energi island,Reg Media
0,energi island,0: energi island,Reg Media
0,energi island,0: energi island,Reg Media
0,energi island,0: energi island,Reg Media
0,energi island,0: energi island,Reg Media
0,energi island,0: energi island,Reg Media
0,energi island,0: energi island,Reg Media
0,energi island,0: energi island,Reg Media
0,energi island,0: energi island,Reg Media
0,energi island,0: energi island,Reg Media
0,energi island,0: energi island,Reg Media
0,energi island,0: energi island,Reg Media
0,energi island,0: energi island,Reg Media
0,energi island,0: energi island,Reg Media
0,energi island,0: energi island,Reg Media
0,energi island,0: energi island,Reg Media
0,energi island,0: energi island,Reg Media
0,energi island,0: energi island,Reg Media
0,energi island,0: energi island,Reg Media
0,energi island,0: energi island,Reg Media
0,energi island,0: energi island,Reg Media
0,energi island,0: energi island,Reg Media
0,energi island,0: energi island,Reg Media
0,energi island,0: energi island,Reg Media
0,energi island,0: energi island,Reg Media
0,energi island,0: energi island,Reg Media
0,energi island,0: energi island,Reg Media
0,energi island,0: energi island,Reg Media
0,energi island,0: energi island,Reg Media
0,energi island,0: energi island,Reg Media
0,energi island,0: energi island,Reg Media
0,energi island,0: energi island,Reg Media
0,energi island,0: energi island,Reg Media
0,energi island,0: energi island,Reg Media
0,energi island,0: energi island,Reg Media
0,energi island,0: energi island,Reg Media
0,energi island,0: energi island,Reg Media
0,energi island,0: energi island,Reg Media
0,energi island,0: energi island,Reg Media
0,energi island,0: energi island,Reg Media
0,energi island,0: energi island,Reg Media
0,energi island,0: energi island,Reg Media
0,energi island,0: energi island,Reg Media
0,energi island,0: energi island,Reg Media
0,energi island,0: energi island,Reg Media
0,energi island,0: energi island,Reg Media
0,energi island,0: energi island,Reg Media
0,energi island,0: energi island,Reg Media
0,energi island,0: energi island,Reg Media
0,energi island,0: energi island,Reg Media
0,energi island,0: energi island,Reg Media
0,energi island,0: energi island,Reg Media
0,energi island,0: energi island,Reg Media
0,energi island,0: energi island,Reg Media
0,energi island,0: energi island,Reg Media
0,energi island,0: energi island,Reg Media
0,energi island,0: energi island,Reg Media
0,energi island,0: energi island,Reg Media
0,energi island,0: energi island,Reg Media
0,energi island,0: energi island,Reg Media
0,energi island,0: energi island,Reg Media
0,energi island,0: energi island,Reg Media
0,energi island,0: energi island,Reg Media
0,energi island,0: energi island,Reg Media
0,energi island,0: energi island,Reg Media
0,energi island,0: energi island,Reg Media
0,energi island,0: energi island,Reg Media
0,energi island,0: energi island,Reg Media
0,energi island,0: energi island,Reg Media
0,energi island,0: energi island,Reg Media
0,energi island,0: energi island,Reg Media
0,energi island,0: energi island,Reg Media
0,energi island,0: energi island,Reg Media
0,energi island,0: energi island,Reg Media
0,energi island,0: energi island,Reg Media
0,energi island,0: energi island,Reg Media
0,energi island,0: energi island,Reg Media
0,energi island,0: energi island,Reg Media
0,energi island,0: energi island,Reg Media
0,energi island,0: energi island,Reg Media
0,energi island,0: energi island,Reg Media
0,energi island,0: energi island,Reg Media
0,energi island,0: energi island,Reg Media
0,energi island,0: energi island,Reg Media
0,energi island,0: energi island,Reg Media
0,energi island,0: energi island,Reg Media
0,energi island,0: energi island,Reg Media
0,energi island,0: energi island,Reg Media
0,energi island,0: energi island,Reg Media
0,energi island,0: energi island,Reg Media
0,energi island,0: energi island,Reg Media
0,energi island,0: energi island,Reg Media
0,energi island,0: energi island,Reg Media
0,energi island,0: energi island,Reg Media
0,energi island,0: energi island,Reg Media
0,energi island,0: energi island,Reg Media
0,energi island,0: energi island,Reg Media
0,energi island,0: energi island,Reg Media
0,energi island,0: energi island,Reg Media
0,energi island,0: energi island,Reg Media
0,energi island,0: energi island,Reg Media
0,energi island,0: energi island,Reg Media
0,energi island,0: energi island,Reg Media
0,energi island,0: energi island,Reg Media
0,energi island,0: energi island,Reg Media
0,energi island,0: energi island,Reg Media
0,energi island,0: energi island,Reg Media
0,energi island,0: energi island,Reg Media
0,energi island,0: energi island,Reg Media
0,energi island,0: energi island,Reg Media
0,energi island,0: energi island,Reg Media
0,energi island,0: energi island,Reg Media
0,energi island,0: energi island,Reg Media
0,energi island,0: energi island,Reg Media
0,energi island,0: energi island,Reg Media
0,energi island,0: energi island,Reg Media
0,energi island,0: energi island,Reg Media
0,energi island,0: energi island,Reg Media
0,energi island,0: energi island,Reg Media
0,energi island,0: energi island,Reg Media
0,energi island,0: energi island,Reg Media
0,energi island,0: energi island,Reg Media
0,energi island,0: energi island,Reg Media
0,energi island,0: energi island,Reg Media
0,energi island,0: energi island,Reg Media
0,energi island,0: energi island,Reg Media
0,energi island,0: energi island,Reg Media
8,wind turbin,8: wind turbin,Reg Media
8,wind turbin,8: wind turbin,Reg Media
8,wind turbin,8: wind turbin,Reg Media
8,wind turbin,8: wind turbin,Reg Media
8,wind turbin,8: wind turbin,Reg Media
8,wind turbin,8: wind turbin,Reg Media
8,wind turbin,8: wind turbin,Reg Media
8,wind turbin,8: wind turbin,Reg Media
8,wind turbin,8: wind turbin,Reg Media
8,wind turbin,8: wind turbin,Reg Media
8,wind turbin,8: wind turbin,Reg Media
8,wind turbin,8: wind turbin,Reg Media
8,wind turbin,8: wind turbin,Reg Media
8,wind turbin,8: wind turbin,Reg Media
8,wind turbin,8: wind turbin,Reg Media
8,wind turbin,8: wind turbin,Reg Media
8,wind turbin,8: wind turbin,Reg Media
8,wind turbin,8: wind turbin,Reg Media
8,wind turbin,8: wind turbin,Reg Media
8,wind turbin,8: wind turbin,Reg Media
8,wind turbin,8: wind turbin,Reg Media
8,wind turbin,8: wind turbin,Reg Media
8,wind turbin,8: wind turbin,Reg Media
8,wind turbin,8: wind turbin,Reg Media
8,wind turbin,8: wind turbin,Reg Media
8,wind turbin,8: wind turbin,Reg Media
8,wind turbin,8: wind turbin,Reg Media
8,wind turbin,8: wind turbin,Reg Media
8,wind turbin,8: wind turbin,Reg Media
8,wind turbin,8: wind turbin,Reg Media
8,wind turbin,8: wind turbin,Reg Media
8,wind turbin,8: wind turbin,Reg Media
8,wind turbin,8: wind turbin,Reg Media
8,wind turbin,8: wind turbin,Reg Media
8,wind turbin,8: wind turbin,Reg Media
8,wind turbin,8: wind turbin,Reg Media
8,wind turbin,8: wind turbin,Reg Media
8,wind turbin,8: wind turbin,Reg Media
8,wind turbin,8: wind turbin,Reg Media
8,wind turbin,8: wind turbin,Reg Media
8,wind turbin,8: wind turbin,Reg Media
8,wind turbin,8: wind turbin,Reg Media
8,wind turbin,8: wind turbin,Reg Media
8,wind turbin,8: wind turbin,Reg Media
8,wind turbin,8: wind turbin,Reg Media
8,wind turbin,8: wind turbin,Reg Media
8,wind turbin,8: wind turbin,Reg Media
8,wind turbin,8: wind turbin,Reg Media
8,wind turbin,8: wind turbin,Reg Media
8,wind turbin,8: wind turbin,Reg Media
8,wind turbin,8: wind turbin,Reg Media
8,wind turbin,8: wind turbin,Reg Media
8,wind turbin,8: wind turbin,Reg Media
8,wind turbin,8: wind turbin,Reg Media
8,wind turbin,8: wind turbin,Reg Media
8,wind turbin,8: wind turbin,Reg Media
8,wind turbin,8: wind turbin,Reg Media
8,wind turbin,8: wind turbin,Reg Media
8,wind turbin,8: wind turbin,Reg Media
8,wind turbin,8: wind turbin,Reg Media
8,wind turbin,8: wind turbin,Reg Media
8,wind turbin,8: wind turbin,Reg Media
8,wind turbin,8: wind turbin,Reg Media
8,wind turbin,8: wind turbin,Reg Media
8,wind turbin,8: wind turbin,Reg Media
8,wind turbin,8: wind turbin,Reg Media
8,wind turbin,8: wind turbin,Reg Media
8,wind turbin,8: wind turbin,Reg Media
8,wind turbin,8: wind turbin,Reg Media
8,wind turbin,8: wind turbin,Reg Media
8,wind turbin,8: wind turbin,Reg Media
8,wind turbin,8: wind turbin,Reg Media
8,wind turbin,8: wind turbin,Reg Media
8,wind turbin,8: wind turbin,Reg Media
8,wind turbin,8: wind turbin,Reg Media
8,wind turbin,8: wind turbin,Reg Media
8,wind turbin,8: wind turbin,Reg Media
8,wind turbin,8: wind turbin,Reg Media
8,wind turbin,8: wind turbin,Reg Media
8,wind turbin,8: wind turbin,Reg Media
8,wind turbin,8: wind turbin,Reg Media
8,wind turbin,8: wind turbin,Reg Media
8,wind turbin,8: wind turbin,Reg Media
8,wind turbin,8: wind turbin,Reg Media
8,wind turbin,8: wind turbin,Reg Media
8,wind turbin,8: wind turbin,Reg Media
8,wind turbin,8: wind turbin,Reg Media
8,wind turbin,8: wind turbin,Reg Media
8,wind turbin,8: wind turbin,Reg Media
8,wind turbin,8: wind turbin,Reg Media
8,wind turbin,8: wind turbin,Reg Media
8,wind turbin,8: wind turbin,Reg Media
8,wind turbin,8: wind turbin,Reg Media
8,wind turbin,8: wind turbin,Reg Media
8,wind turbin,8: wind turbin,Reg Media
8,wind turbin,8: wind turbin,Reg Media
8,wind turbin,8: wind turbin,Reg Media
8,wind turbin,8: wind turbin,Reg Media
8,wind turbin,8: wind turbin,Reg Media
8,wind turbin,8: wind turbin,Reg Media
8,wind turbin,8: wind turbin,Reg Media
8,wind turbin,8: wind turbin,Reg Media
8,wind turbin,8: wind turbin,Reg Media
8,wind turbin,8: wind turbin,Reg Media
8,wind turbin,8: wind turbin,Reg Media
8,wind turbin,8: wind turbin,Reg Media
8,wind turbin,8: wind turbin,Reg Media
8,wind turbin,8: wind turbin,Reg Media
8,wind turbin,8: wind turbin,Reg Media
8,wind turbin,8: wind turbin,Reg Media
8,wind turbin,8: wind turbin,Reg Media
8,wind turbin,8: wind turbin,Reg Media
8,wind turbin,8: wind turbin,Reg Media
8,wind turbin,8: wind turbin,Reg Media
8,wind turbin,8: wind turbin,Reg Media
8,wind turbin,8: wind turbin,Reg Media
8,wind turbin,8: wind turbin,Reg Media
8,wind turbin,8: wind turbin,Reg Media
8,wind turbin,8: wind turbin,Reg Media
8,wind turbin,8: wind turbin,Reg Media
8,wind turbin,8: wind turbin,Reg Media
8,wind turbin,8: wind turbin,Reg Media
8,wind turbin,8: wind turbin,Reg Media
8,wind turbin,8: wind turbin,Reg Media
8,wind turbin,8: wind turbin,Reg Media
8,wind turbin,8: wind turbin,Reg Media
8,wind turbin,8: wind turbin,Reg Media
8,wind turbin,8: wind turbin,Reg Media
8,wind turbin,8: wind turbin,Reg Media
8,wind turbin,8: wind turbin,Reg Media
0,energi island,0: energi island,Reg Media
0,energi island,0: energi island,Reg Media
0,energi island,0: energi island,Reg Media
0,energi island,0: energi island,Reg Media
0,energi island,0: energi island,Reg Media
0,energi island,0: energi island,Reg Media
0,energi island,0: energi island,Reg Media
0,energi island,0: energi island,Reg Media
0,energi island,0: energi island,Reg Media
0,energi island,0: energi island,Reg Media
0,energi island,0: energi island,Reg Media
0,energi island,0: energi island,Reg Media
0,energi island,0: energi island,Reg Media
0,energi island,0: energi island,Reg Media
0,energi island,0: energi island,Reg Media
0,energi island,0: energi island,Reg Media
0,energi island,0: energi island,Reg Media
0,energi island,0: energi island,Reg Media
0,energi island,0: energi island,Reg Media
0,energi island,0: energi island,Reg Media
0,energi island,0: energi island,Reg Media
0,energi island,0: energi island,Reg Media
0,energi island,0: energi island,Reg Media
0,energi island,0: energi island,Reg Media
0,energi island,0: energi island,Reg Media
0,energi island,0: energi island,Reg Media
0,energi island,0: energi island,Reg Media
0,energi island,0: energi island,Reg Media
0,energi island,0: energi island,Reg Media
0,energi island,0: energi island,Reg Media
0,energi island,0: energi island,Reg Media
0,energi island,0: energi island,Reg Media
0,energi island,0: energi island,Reg Media
0,energi island,0: energi island,Reg Media
0,energi island,0: energi island,Reg Media
0,energi island,0: energi island,Reg Media
0,energi island,0: energi island,Reg Media
0,energi island,0: energi island,Reg Media
0,energi island,0: energi island,Reg Media
0,energi island,0: energi island,Reg Media
0,energi island,0: energi island,Reg Media
0,energi island,0: energi island,Reg Media
0,energi island,0: energi island,Reg Media
0,energi island,0: energi island,Reg Media
0,energi island,0: energi island,Reg Media
0,energi island,0: energi island,Reg Media
0,energi island,0: energi island,Reg Media
0,energi island,0: energi island,Reg Media
0,energi island,0: energi island,Reg Media
0,energi island,0: energi island,Reg Media
0,energi island,0: energi island,Reg Media
0,energi island,0: energi island,Reg Media
0,energi island,0: energi island,Reg Media
0,energi island,0: energi island,Reg Media
0,energi island,0: energi island,Reg Media
0,energi island,0: energi island,Reg Media
0,energi island,0: energi island,Reg Media
0,energi island,0: energi island,Reg Media
0,energi island,0: energi island,Reg Media
0,energi island,0: energi island,Reg Media
0,energi island,0: energi island,Reg Media
0,energi island,0: energi island,Reg Media
0,energi island,0: energi island,Reg Media
0,energi island,0: energi island,Reg Media
0,energi island,0: energi island,Reg Media
0,energi island,0: energi island,Reg Media
0,energi island,0: energi island,Reg Media
0,energi island,0: energi island,Reg Media
0,energi island,0: energi island,Reg Media
0,energi island,0: energi island,Reg Media
0,energi island,0: energi island,Reg Media
0,energi island,0: energi island,Reg Media
0,energi island,0: energi island,Reg Media
0,energi island,0: energi island,Reg Media
0,energi island,0: energi island,Reg Media
0,energi island,0: energi island,Reg Media
0,energi island,0: energi island,Reg Media
0,energi island,0: energi island,Reg Media
0,energi island,0: energi island,Reg Media
0,energi island,0: energi island,Reg Media
0,energi island,0: energi island,Reg Media
0,energi island,0: energi island,Reg Media
0,energi island,0: energi island,Reg Media
0,energi island,0: energi island,Reg Media
0,energi island,0: energi island,Reg Media
0,energi island,0: energi island,Reg Media
0,energi island,0: energi island,Reg Media
0,energi island,0: energi island,Reg Media
0,energi island,0: energi island,Reg Media
0,energi island,0: energi island,Reg Media
0,energi island,0: energi island,Reg Media
0,energi island,0: energi island,Reg Media
0,energi island,0: energi island,Reg Media
0,energi island,0: energi island,Reg Media
0,energi island,0: energi island,Reg Media
0,energi island,0: energi island,Reg Media
0,energi island,0: energi island,Reg Media
0,energi island,0: energi island,Reg Media
0,energi island,0: energi island,Reg Media
0,energi island,0: energi island,Reg Media
0,energi island,0: energi island,Reg Media
0,energi island,0: energi island,Reg Media
0,energi island,0: energi island,Reg Media
0,energi island,0: energi island,Reg Media
0,energi island,0: energi island,Reg Media
0,energi island,0: energi island,Reg Media
0,energi island,0: energi island,Reg Media
0,energi island,0: energi island,Reg Media
0,energi island,0: energi island,Reg Media
0,energi island,0: energi island,Reg Media
0,energi island,0: energi island,Reg Media
0,energi island,0: energi island,Reg Media
0,energi island,0: energi island,Reg Media
0,energi island,0: energi island,Reg Media
0,energi island,0: energi island,Reg Media
0,energi island,0: energi island,Reg Media
0,energi island,0: energi island,Reg Media
0,energi island,0: energi island,Reg Media
0,energi island,0: energi island,Reg Media
0,energi island,0: energi island,Reg Media
0,energi island,0: energi island,Reg Media
0,energi island,0: energi island,Reg Media
0,energi island,0: energi island,Reg Media
0,energi island,0: energi island,Reg Media
0,energi island,0: energi island,Reg Media
0,energi island,0: energi island,Reg Media
0,energi island,0: energi island,Reg Media
0,energi island,0: energi island,Reg Media
0,energi island,0: energi island,Reg Media
0,energi island,0: energi island,Reg Media
0,energi island,0: energi island,Reg Media
0,energi island,0: energi island,Reg Media
0,energi island,0: energi island,Reg Media
0,energi island,0: energi island,Reg Media
0,energi island,0: energi island,Reg Media
0,energi island,0: energi island,Reg Media
0,energi island,0: energi island,Reg Media
0,energi island,0: energi island,Reg Media
0,energi island,0: energi island,Reg Media
0,energi island,0: energi island,Reg Media
0,energi island,0: energi island,Reg Media
0,energi island,0: energi island,Reg Media
0,energi island,0: energi island,Reg Media
0,energi island,0: energi island,Reg Media
0,energi island,0: energi island,Reg Media
0,energi island,0: energi island,Reg Media
0,energi island,0: energi island,Reg Media
0,energi island,0: energi island,Reg Media
0,energi island,0: energi island,Reg Media
0,energi island,0: energi island,Reg Media
0,energi island,0: energi island,Reg Media
0,energi island,0: energi island,Reg Media
0,energi island,0: energi island,Reg Media
0,energi island,0: energi island,Reg Media
0,energi island,0: energi island,Reg Media
0,energi island,0: energi island,Reg Media
0,energi island,0: energi island,Reg Media
8,wind turbin,8: wind turbin,Reg Media
8,wind turbin,8: wind turbin,Reg Media
8,wind turbin,8: wind turbin,Reg Media
8,wind turbin,8: wind turbin,Reg Media
8,wind turbin,8: wind turbin,Reg Media
8,wind turbin,8: wind turbin,Reg Media
8,wind turbin,8: wind turbin,Reg Media
8,wind turbin,8: wind turbin,Reg Media
8,wind turbin,8: wind turbin,Reg Media
8,wind turbin,8: wind turbin,Reg Media
8,wind turbin,8: wind turbin,Reg Media
8,wind turbin,8: wind turbin,Reg Media
8,wind turbin,8: wind turbin,Reg Media
8,wind turbin,8: wind turbin,Reg Media
8,wind turbin,8: wind turbin,Reg Media
8,wind turbin,8: wind turbin,Reg Media
8,wind turbin,8: wind turbin,Reg Media
8,wind turbin,8: wind turbin,Reg Media
8,wind turbin,8: wind turbin,Reg Media
8,wind turbin,8: wind turbin,Reg Media
8,wind turbin,8: wind turbin,Reg Media
8,wind turbin,8: wind turbin,Reg Media
8,wind turbin,8: wind turbin,Reg Media
8,wind turbin,8: wind turbin,Reg Media
8,wind turbin,8: wind turbin,Reg Media
8,wind turbin,8: wind turbin,Reg Media
8,wind turbin,8: wind turbin,Reg Media
8,wind turbin,8: wind turbin,Reg Media
8,wind turbin,8: wind turbin,Reg Media
8,wind turbin,8: wind turbin,Reg Media
8,wind turbin,8: wind turbin,Reg Media
8,wind turbin,8: wind turbin,Reg Media
8,wind turbin,8: wind turbin,Reg Media
8,wind turbin,8: wind turbin,Reg Media
8,wind turbin,8: wind turbin,Reg Media
8,wind turbin,8: wind turbin,Reg Media
8,wind turbin,8: wind turbin,Reg Media
8,wind turbin,8: wind turbin,Reg Media
8,wind turbin,8: wind turbin,Reg Media
8,wind turbin,8: wind turbin,Reg Media
8,wind turbin,8: wind turbin,Reg Media
8,wind turbin,8: wind turbin,Reg Media
8,wind turbin,8: wind turbin,Reg Media
8,wind turbin,8: wind turbin,Reg Media
8,wind turbin,8: wind turbin,Reg Media
8,wind turbin,8: wind turbin,Reg Media
8,wind turbin,8: wind turbin,Reg Media
8,wind turbin,8: wind turbin,Reg Media
8,wind turbin,8: wind turbin,Reg Media
8,wind turbin,8: wind turbin,Reg Media
8,wind turbin,8: wind turbin,Reg Media
8,wind turbin,8: wind turbin,Reg Media
8,wind turbin,8: wind turbin,Reg Media
8,wind turbin,8: wind turbin,Reg Media
8,wind turbin,8: wind turbin,Reg Media
8,wind turbin,8: wind turbin,Reg Media
8,wind turbin,8: wind turbin,Reg Media
8,wind turbin,8: wind turbin,Reg Media
8,wind turbin,8: wind turbin,Reg Media
8,wind turbin,8: wind turbin,Reg Media
8,wind turbin,8: wind turbin,Reg Media
8,wind turbin,8: wind turbin,Reg Media
8,wind turbin,8: wind turbin,Reg Media
8,wind turbin,8: wind turbin,Reg Media
8,wind turbin,8: wind turbin,Reg Media
8,wind turbin,8: wind turbin,Reg Media
8,wind turbin,8: wind turbin,Reg Media
8,wind turbin,8: wind turbin,Reg Media
8,wind turbin,8: wind turbin,Reg Media
8,wind turbin,8: wind turbin,Reg Media
8,wind turbin,8: wind turbin,Reg Media
8,wind turbin,8: wind turbin,Reg Media
8,wind turbin,8: wind turbin,Reg Media
8,wind turbin,8: wind turbin,Reg Media
8,wind turbin,8: wind turbin,Reg Media
8,wind turbin,8: wind turbin,Reg Media
8,wind turbin,8: wind turbin,Reg Media
8,wind turbin,8: wind turbin,Reg Media
8,wind turbin,8: wind turbin,Reg Media
8,wind turbin,8: wind turbin,Reg Media
8,wind turbin,8: wind turbin,Reg Media
8,wind turbin,8: wind turbin,Reg Media
8,wind turbin,8: wind turbin,Reg Media
8,wind turbin,8: wind turbin,Reg Media
8,wind turbin,8: wind turbin,Reg Media
8,wind turbin,8: wind turbin,Reg Media
8,wind turbin,8: wind turbin,Reg Media
8,wind turbin,8: wind turbin,Reg Media
8,wind turbin,8: wind turbin,Reg Media
8,wind turbin,8: wind turbin,Reg Media
8,wind turbin,8: wind turbin,Reg Media
8,wind turbin,8: wind turbin,Reg Media
8,wind turbin,8: wind turbin,Reg Media
8,wind turbin,8: wind turbin,Reg Media
8,wind turbin,8: wind turbin,Reg Media
8,wind turbin,8: wind turbin,Reg Media
8,wind turbin,8: wind turbin,Reg Media
8,wind turbin,8: wind turbin,Reg Media
8,wind turbin,8: wind turbin,Reg Media
8,wind turbin,8: wind turbin,Reg Media
8,wind turbin,8: wind turbin,Reg Media
8,wind turbin,8: wind turbin,Reg Media
8,wind turbin,8: wind turbin,Reg Media
8,wind turbin,8: wind turbin,Reg Media
8,wind turbin,8: wind turbin,Reg Media
8,wind turbin,8: wind turbin,Reg Media
8,wind turbin,8: wind turbin,Reg Media
8,wind turbin,8: wind turbin,Reg Media
8,wind turbin,8: wind turbin,Reg Media
8,wind turbin,8: wind turbin,Reg Media
8,wind turbin,8: wind turbin,Reg Media
8,wind turbin,8: wind turbin,Reg Media
8,wind turbin,8: wind turbin,Reg Media
8,wind turbin,8: wind turbin,Reg Media
8,wind turbin,8: wind turbin,Reg Media
8,wind turbin,8: wind turbin,Reg Media
8,wind turbin,8: wind turbin,Reg Media
8,wind turbin,8: wind turbin,Reg Media
8,wind turbin,8: wind turbin,Reg Media
8,wind turbin,8: wind turbin,Reg Media
8,wind turbin,8: wind turbin,Reg Media
8,wind turbin,8: wind turbin,Reg Media
8,wind turbin,8: wind turbin,Reg Media
8,wind turbin,8: wind turbin,Reg Media
8,wind turbin,8: wind turbin,Reg Media
8,wind turbin,8: wind turbin,Reg Media
8,wind turbin,8: wind turbin,Reg Media
8,wind turbin,8: wind turbin,Reg Media
8,wind turbin,8: wind turbin,Reg Media
8,wind turbin,8: wind turbin,Reg Media
0,energi island,0: energi island,Reg Media
0,energi island,0: energi island,Reg Media
0,energi island,0: energi island,Reg Media
0,energi island,0: energi island,Reg Media
0,energi island,0: energi island,Reg Media
0,energi island,0: energi island,Reg Media
0,energi island,0: energi island,Reg Media
0,energi island,0: energi island,Reg Media
0,energi island,0: energi island,Reg Media
0,energi island,0: energi island,Reg Media
0,energi island,0: energi island,Reg Media
0,energi island,0: energi island,Reg Media
0,energi island,0: energi island,Reg Media
0,energi island,0: energi island,Reg Media
0,energi island,0: energi island,Reg Media
0,energi island,0: energi island,Reg Media
0,energi island,0: energi island,Reg Media
0,energi island,0: energi island,Reg Media
0,energi island,0: energi island,Reg Media
0,energi island,0: energi island,Reg Media
0,energi island,0: energi island,Reg Media
0,energi island,0: energi island,Reg Media
0,energi island,0: energi island,Reg Media
0,energi island,0: energi island,Reg Media
0,energi island,0: energi island,Reg Media
0,energi island,0: energi island,Reg Media
0,energi island,0: energi island,Reg Media
0,energi island,0: energi island,Reg Media
0,energi island,0: energi island,Reg Media
0,energi island,0: energi island,Reg Media
0,energi island,0: energi island,Reg Media
0,energi island,0: energi island,Reg Media
0,energi island,0: energi island,Reg Media
0,energi island,0: energi island,Reg Media
0,energi island,0: energi island,Reg Media
0,energi island,0: energi island,Sci Media
0,energi island,0: energi island,Sci Media
0,energi island,0: energi island,Sci Media
0,energi island,0: energi island,Sci Media
0,energi island,0: energi island,Sci Media
0,energi island,0: energi island,Sci Media
0,energi island,0: energi island,Sci Media
0,energi island,0: energi island,Sci Media
0,energi island,0: energi island,Sci Media
0,energi island,0: energi island,Sci Media
0,energi island,0: energi island,Sci Media
0,energi island,0: energi island,Sci Media
0,energi island,0: energi island,Sci Media
0,energi island,0: energi island,Sci Media
0,energi island,0: energi island,Sci Media
0,energi island,0: energi island,Sci Media
0,energi island,0: energi island,Sci Media
0,energi island,0: energi island,Sci Media
0,energi island,0: energi island,Sci Media
0,energi island,0: energi island,Sci Media
0,energi island,0: energi island,Sci Media
0,energi island,0: energi island,Sci Media
0,energi island,0: energi island,Sci Media
0,energi island,0: energi island,Sci Media
0,energi island,0: energi island,Sci Media
0,energi island,0: energi island,Sci Media
0,energi island,0: energi island,Sci Media
0,energi island,0: energi island,Sci Media
0,energi island,0: energi island,Sci Media
0,energi island,0: energi island,Sci Media
0,energi island,0: energi island,Sci Media
0,energi island,0: energi island,Sci Media
0,energi island,0: energi island,Sci Media
0,energi island,0: energi island,Sci Media
0,energi island,0: energi island,Sci Media
0,energi island,0: energi island,Sci Media
0,energi island,0: energi island,Sci Media
0,energi island,0: energi island,Sci Media
0,energi island,0: energi island,Sci Media
0,energi island,0: energi island,Sci Media
0,energi island,0: energi island,Sci Media
0,energi island,0: energi island,Sci Media
0,energi island,0: energi island,Sci Media
0,energi island,0: energi island,Sci Media
0,energi island,0: energi island,Sci Media
0,energi island,0: energi island,Sci Media
0,energi island,0: energi island,Sci Media
0,energi island,0: energi island,Sci Media
0,energi island,0: energi island,Sci Media
0,energi island,0: energi island,Sci Media
0,energi island,0: energi island,Sci Media
0,energi island,0: energi island,Sci Media
0,energi island,0: energi island,Sci Media
0,energi island,0: energi island,Sci Media
0,energi island,0: energi island,Sci Media
0,energi island,0: energi island,Sci Media
0,energi island,0: energi island,Sci Media
0,energi island,0: energi island,Sci Media
0,energi island,0: energi island,Sci Media
0,energi island,0: energi island,Sci Media
0,energi island,0: energi island,Sci Media
0,energi island,0: energi island,Sci Media
0,energi island,0: energi island,Sci Media
0,energi island,0: energi island,Sci Media
0,energi island,0: energi island,Sci Media
0,energi island,0: energi island,Sci Media
0,energi island,0: energi island,Sci Media
0,energi island,0: energi island,Sci Media
0,energi island,0: energi island,Sci Media
0,energi island,0: energi island,Sci Media
0,energi island,0: energi island,Sci Media
0,energi island,0: energi island,Sci Media
0,energi island,0: energi island,Sci Media
0,energi island,0: energi island,Sci Media
0,energi island,0: energi island,Sci Media
0,energi island,0: energi island,Sci Media
0,energi island,0: energi island,Sci Media
0,energi island,0: energi island,Sci Media
0,energi island,0: energi island,Sci Media
0,energi island,0: energi island,Sci Media
0,energi island,0: energi island,Sci Media
0,energi island,0: energi island,Sci Media
0,energi island,0: energi island,Sci Media
0,energi island,0: energi island,Sci Media
0,energi island,0: energi island,Sci Media
0,energi island,0: energi island,Sci Media
0,energi island,0: energi island,Sci Media
0,energi island,0: energi island,Sci Media
0,energi island,0: energi island,Sci Media
0,energi island,0: energi island,Sci Media
0,energi island,0: energi island,Sci Media
0,energi island,0: energi island,Sci Media
0,energi island,0: energi island,Sci Media
0,energi island,0: energi island,Sci Media
0,energi island,0: energi island,Sci Media
0,energi island,0: energi island,Sci Media
0,energi island,0: energi island,Sci Media
0,energi island,0: energi island,Sci Media
0,energi island,0: energi island,Sci Media
0,energi island,0: energi island,Sci Media
0,energi island,0: energi island,Sci Media
0,energi island,0: energi island,Sci Media
0,energi island,0: energi island,Sci Media
0,energi island,0: energi island,Sci Media
0,energi island,0: energi island,Sci Media
0,energi island,0: energi island,Sci Media
0,energi island,0: energi island,Sci Media
0,energi island,0: energi island,Sci Media
0,energi island,0: energi island,Sci Media
0,energi island,0: energi island,Sci Media
0,energi island,0: energi island,Sci Media
0,energi island,0: energi island,Sci Media
0,energi island,0: energi island,Sci Media
0,energi island,0: energi island,Sci Media
0,energi island,0: energi island,Sci Media
0,energi island,0: energi island,Sci Media
0,energi island,0: energi island,Sci Media
0,energi island,0: energi island,Sci Media
0,energi island,0: energi island,Sci Media
0,energi island,0: energi island,Sci Media
0,energi island,0: energi island,Sci Media
0,energi island,0: energi island,Sci Media
4,baltic sea,4: baltic sea,Sci Media
4,baltic sea,4: baltic sea,Sci Media
4,baltic sea,4: baltic sea,Sci Media
4,baltic sea,4: baltic sea,Sci Media
4,baltic sea,4: baltic sea,Sci Media
4,baltic sea,4: baltic sea,Sci Media
4,baltic sea,4: baltic sea,Sci Media
4,baltic sea,4: baltic sea,Sci Media
4,baltic sea,4: baltic sea,Sci Media
4,baltic sea,4: baltic sea,Sci Media
4,baltic sea,4: baltic sea,Sci Media
4,baltic sea,4: baltic sea,Sci Media
4,baltic sea,4: baltic sea,Sci Media
4,baltic sea,4: baltic sea,Sci Media
4,baltic sea,4: baltic sea,Sci Media
4,baltic sea,4: baltic sea,Sci Media
4,baltic sea,4: baltic sea,Sci Media
4,baltic sea,4: baltic sea,Sci Media
4,baltic sea,4: baltic sea,Sci Media
4,baltic sea,4: baltic sea,Sci Media
4,baltic sea,4: baltic sea,Sci Media
4,baltic sea,4: baltic sea,Sci Media
4,baltic sea,4: baltic sea,Sci Media
4,baltic sea,4: baltic sea,Sci Media
4,baltic sea,4: baltic sea,Sci Media
4,baltic sea,4: baltic sea,Sci Media
4,baltic sea,4: baltic sea,Sci Media
4,baltic sea,4: baltic sea,Sci Media
4,baltic sea,4: baltic sea,Sci Media
4,baltic sea,4: baltic sea,Sci Media
4,baltic sea,4: baltic sea,Sci Media
4,baltic sea,4: baltic sea,Sci Media
4,baltic sea,4: baltic sea,Sci Media
4,baltic sea,4: baltic sea,Sci Media
4,baltic sea,4: baltic sea,Sci Media
4,baltic sea,4: baltic sea,Sci Media
4,baltic sea,4: baltic sea,Sci Media
4,baltic sea,4: baltic sea,Sci Media
4,baltic sea,4: baltic sea,Sci Media
4,baltic sea,4: baltic sea,Sci Media
4,baltic sea,4: baltic sea,Sci Media
4,baltic sea,4: baltic sea,Sci Media
4,baltic sea,4: baltic sea,Sci Media
4,baltic sea,4: baltic sea,Sci Media
4,baltic sea,4: baltic sea,Sci Media
4,baltic sea,4: baltic sea,Sci Media
4,baltic sea,4: baltic sea,Sci Media
4,baltic sea,4: baltic sea,Sci Media
4,baltic sea,4: baltic sea,Sci Media
4,baltic sea,4: baltic sea,Sci Media
4,baltic sea,4: baltic sea,Sci Media
4,baltic sea,4: baltic sea,Sci Media
4,baltic sea,4: baltic sea,Sci Media
4,baltic sea,4: baltic sea,Sci Media
4,baltic sea,4: baltic sea,Sci Media
4,baltic sea,4: baltic sea,Sci Media
4,baltic sea,4: baltic sea,Sci Media
4,baltic sea,4: baltic sea,Sci Media
4,baltic sea,4: baltic sea,Sci Media
4,baltic sea,4: baltic sea,Sci Media
4,baltic sea,4: baltic sea,Sci Media
4,baltic sea,4: baltic sea,Sci Media
4,baltic sea,4: baltic sea,Sci Media
4,baltic sea,4: baltic sea,Sci Media
4,baltic sea,4: baltic sea,Sci Media
4,baltic sea,4: baltic sea,Sci Media
4,baltic sea,4: baltic sea,Sci Media
4,baltic sea,4: baltic sea,Sci Media
4,baltic sea,4: baltic sea,Sci Media
4,baltic sea,4: baltic sea,Sci Media
4,baltic sea,4: baltic sea,Sci Media
4,baltic sea,4: baltic sea,Sci Media
4,baltic sea,4: baltic sea,Sci Media
4,baltic sea,4: baltic sea,Sci Media
4,baltic sea,4: baltic sea,Sci Media
4,baltic sea,4: baltic sea,Sci Media
4,baltic sea,4: baltic sea,Sci Media
4,baltic sea,4: baltic sea,Sci Media
4,baltic sea,4: baltic sea,Sci Media
4,baltic sea,4: baltic sea,Sci Media
4,baltic sea,4: baltic sea,Sci Media
4,baltic sea,4: baltic sea,Sci Media
4,baltic sea,4: baltic sea,Sci Media
4,baltic sea,4: baltic sea,Sci Media
4,baltic sea,4: baltic sea,Sci Media
4,baltic sea,4: baltic sea,Sci Media
4,baltic sea,4: baltic sea,Sci Media
4,baltic sea,4: baltic sea,Sci Media
4,baltic sea,4: baltic sea,Sci Media
4,baltic sea,4: baltic sea,Sci Media
4,baltic sea,4: baltic sea,Sci Media
4,baltic sea,4: baltic sea,Sci Media
4,baltic sea,4: baltic sea,Sci Media
4,baltic sea,4: baltic sea,Sci Media
4,baltic sea,4: baltic sea,Sci Media
4,baltic sea,4: baltic sea,Sci Media
4,baltic sea,4: baltic sea,Sci Media
4,baltic sea,4: baltic sea,Sci Media
4,baltic sea,4: baltic sea,Sci Media
4,baltic sea,4: baltic sea,Sci Media
4,baltic sea,4: baltic sea,Sci Media
4,baltic sea,4: baltic sea,Sci Media
4,baltic sea,4: baltic sea,Sci Media
4,baltic sea,4: baltic sea,Sci Media
4,baltic sea,4: baltic sea,Sci Media
4,baltic sea,4: baltic sea,Sci Media
4,baltic sea,4: baltic sea,Sci Media
4,baltic sea,4: baltic sea,Sci Media
4,baltic sea,4: baltic sea,Sci Media
4,baltic sea,4: baltic sea,Sci Media
4,baltic sea,4: baltic sea,Sci Media
4,baltic sea,4: baltic sea,Sci Media
4,baltic sea,4: baltic sea,Sci Media
4,baltic sea,4: baltic sea,Sci Media
4,baltic sea,4: baltic sea,Sci Media
4,baltic sea,4: baltic sea,Sci Media
4,baltic sea,4: baltic sea,Sci Media
4,baltic sea,4: baltic sea,Sci Media
4,baltic sea,4: baltic sea,Sci Media
4,baltic sea,4: baltic sea,Sci Media
4,baltic sea,4: baltic sea,Sci Media
4,baltic sea,4: baltic sea,Sci Media
4,baltic sea,4: baltic sea,Sci Media
4,baltic sea,4: baltic sea,Sci Media
4,baltic sea,4: baltic sea,Sci Media
4,baltic sea,4: baltic sea,Sci Media
4,baltic sea,4: baltic sea,Sci Media
4,baltic sea,4: baltic sea,Sci Media
4,baltic sea,4: baltic sea,Sci Media
4,baltic sea,4: baltic sea,Sci Media
4,baltic sea,4: baltic sea,Sci Media
4,baltic sea,4: baltic sea,Sci Media
4,baltic sea,4: baltic sea,Sci Media
4,baltic sea,4: baltic sea,Sci Media
4,baltic sea,4: baltic sea,Sci Media
4,baltic sea,4: baltic sea,Sci Media
4,baltic sea,4: baltic sea,Sci Media
4,baltic sea,4: baltic sea,Sci Media
0,energi island,0: energi island,Sci Media
0,energi island,0: energi island,Sci Media
0,energi island,0: energi island,Sci Media
0,energi island,0: energi island,Sci Media
0,energi island,0: energi island,Sci Media
0,energi island,0: energi island,Sci Media
0,energi island,0: energi island,Sci Media
0,energi island,0: energi island,Sci Media
0,energi island,0: energi island,Sci Media
0,energi island,0: energi island,Sci Media
0,energi island,0: energi island,Sci Media
0,energi island,0: energi island,Sci Media
0,energi island,0: energi island,Sci Media
0,energi island,0: energi island,Sci Media
0,energi island,0: energi island,Sci Media
0,energi island,0: energi island,Sci Media
0,energi island,0: energi island,Sci Media
0,energi island,0: energi island,Sci Media
0,energi island,0: energi island,Sci Media
0,energi island,0: energi island,Sci Media
0,energi island,0: energi island,Sci Media
0,energi island,0: energi island,Sci Media
0,energi island,0: energi island,Sci Media
0,energi island,0: energi island,Sci Media
0,energi island,0: energi island,Sci Media
0,energi island,0: energi island,Sci Media
0,energi island,0: energi island,Sci Media
0,energi island,0: energi island,Sci Media
0,energi island,0: energi island,Sci Media
0,energi island,0: energi island,Sci Media
0,energi island,0: energi island,Sci Media
0,energi island,0: energi island,Sci Media
0,energi island,0: energi island,Sci Media
0,energi island,0: energi island,Sci Media
0,energi island,0: energi island,Sci Media
0,energi island,0: energi island,Sci Media
0,energi island,0: energi island,Sci Media
0,energi island,0: energi island,Sci Media
0,energi island,0: energi island,Sci Media
0,energi island,0: energi island,Sci Media
0,energi island,0: energi island,Sci Media
0,energi island,0: energi island,Sci Media
0,energi island,0: energi island,Sci Media
0,energi island,0: energi island,Sci Media
0,energi island,0: energi island,Sci Media
0,energi island,0: energi island,Sci Media
0,energi island,0: energi island,Sci Media
0,energi island,0: energi island,Sci Media
0,energi island,0: energi island,Sci Media
0,energi island,0: energi island,Sci Media
0,energi island,0: energi island,Sci Media
0,energi island,0: energi island,Sci Media
0,energi island,0: energi island,Sci Media
0,energi island,0: energi island,Sci Media
0,energi island,0: energi island,Sci Media
0,energi island,0: energi island,Sci Media
0,energi island,0: energi island,Sci Media
0,energi island,0: energi island,Sci Media
0,energi island,0: energi island,Sci Media
0,energi island,0: energi island,Sci Media
0,energi island,0: energi island,Sci Media
0,energi island,0: energi island,Sci Media
0,energi island,0: energi island,Sci Media
0,energi island,0: energi island,Sci Media
0,energi island,0: energi island,Sci Media
0,energi island,0: energi island,Sci Media
0,energi island,0: energi island,Sci Media
0,energi island,0: energi island,Sci Media
0,energi island,0: energi island,Sci Media
0,energi island,0: energi island,Sci Media
0,energi island,0: energi island,Sci Media
0,energi island,0: energi island,Sci Media
0,energi island,0: energi island,Sci Media
0,energi island,0: energi island,Sci Media
0,energi island,0: energi island,Sci Media
0,energi island,0: energi island,Sci Media
0,energi island,0: energi island,Sci Media
0,energi island,0: energi island,Sci Media
0,energi island,0: energi island,Sci Media
0,energi island,0: energi island,Sci Media
0,energi island,0: energi island,Sci Media
0,energi island,0: energi island,Sci Media
0,energi island,0: energi island,Sci Media
0,energi island,0: energi island,Sci Media
0,energi island,0: energi island,Sci Media
0,energi island,0: energi island,Sci Media
0,energi island,0: energi island,Sci Media
0,energi island,0: energi island,Sci Media
0,energi island,0: energi island,Sci Media
0,energi island,0: energi island,Sci Media
0,energi island,0: energi island,Sci Media
0,energi island,0: energi island,Sci Media
0,energi island,0: energi island,Sci Media
0,energi island,0: energi island,Sci Media
0,energi island,0: energi island,Sci Media
0,energi island,0: energi island,Sci Media
0,energi island,0: energi island,Sci Media
0,energi island,0: energi island,Sci Media
0,energi island,0: energi island,Sci Media
0,energi island,0: energi island,Sci Media
0,energi island,0: energi island,Sci Media
0,energi island,0: energi island,Sci Media
0,energi island,0: energi island,Sci Media
0,energi island,0: energi island,Sci Media
0,energi island,0: energi island,Sci Media
0,energi island,0: energi island,Sci Media
0,energi island,0: energi island,Sci Media
0,energi island,0: energi island,Sci Media
0,energi island,0: energi island,Sci Media
0,energi island,0: energi island,Sci Media
0,energi island,0: energi island,Sci Media
0,energi island,0: energi island,Sci Media
0,energi island,0: energi island,Sci Media
0,energi island,0: energi island,Sci Media
0,energi island,0: energi island,Sci Media
0,energi island,0: energi island,Sci Media
0,energi island,0: energi island,Sci Media
0,energi island,0: energi island,Sci Media
0,energi island,0: energi island,Sci Media
0,energi island,0: energi island,Sci Media
0,energi island,0: energi island,Sci Media
0,energi island,0: energi island,Sci Media
0,energi island,0: energi island,Sci Media
0,energi island,0: energi island,Sci Media
0,energi island,0: energi island,Sci Media
0,energi island,0: energi island,Sci Media
0,energi island,0: energi island,Sci Media
0,energi island,0: energi island,Sci Media
0,energi island,0: energi island,Sci Media
0,energi island,0: energi island,Sci Media
0,energi island,0: energi island,Sci Media
0,energi island,0: energi island,Sci Media
0,energi island,0: energi island,Sci Media
0,energi island,0: energi island,Sci Media
0,energi island,0: energi island,Sci Media
0,energi island,0: energi island,Sci Media
0,energi island,0: energi island,Sci Media
0,energi island,0: energi island,Sci Media
0,energi island,0: energi island,Sci Media
0,energi island,0: energi island,Sci Media
0,energi island,0: energi island,Sci Media
0,energi island,0: energi island,Sci Media
0,energi island,0: energi island,Sci Media
0,energi island,0: energi island,Sci Media
0,energi island,0: energi island,Sci Media
0,energi island,0: energi island,Sci Media
0,energi island,0: energi island,Sci Media
0,energi island,0: energi island,Sci Media
0,energi island,0: energi island,Sci Media
0,energi island,0: energi island,Sci Media
0,energi island,0: energi island,Sci Media
0,energi island,0: energi island,Sci Media
0,energi island,0: energi island,Sci Media
0,energi island,0: energi island,Sci Media
0,energi island,0: energi island,Sci Media
0,energi island,0: energi island,Sci Media
0,energi island,0: energi island,Sci Media
3,offshor wind,3: offshor wind,Sci Media
3,offshor wind,3: offshor wind,Sci Media
3,offshor wind,3: offshor wind,Sci Media
3,offshor wind,3: offshor wind,Sci Media
3,offshor wind,3: offshor wind,Sci Media
3,offshor wind,3: offshor wind,Sci Media
3,offshor wind,3: offshor wind,Sci Media
3,offshor wind,3: offshor wind,Sci Media
3,offshor wind,3: offshor wind,Sci Media
3,offshor wind,3: offshor wind,Sci Media
3,offshor wind,3: offshor wind,Sci Media
3,offshor wind,3: offshor wind,Sci Media
3,offshor wind,3: offshor wind,Sci Media
3,offshor wind,3: offshor wind,Sci Media
3,offshor wind,3: offshor wind,Sci Media
3,offshor wind,3: offshor wind,Sci Media
3,offshor wind,3: offshor wind,Sci Media
3,offshor wind,3: offshor wind,Sci Media
3,offshor wind,3: offshor wind,Sci Media
3,offshor wind,3: offshor wind,Sci Media
3,offshor wind,3: offshor wind,Sci Media
3,offshor wind,3: offshor wind,Sci Media
3,offshor wind,3: offshor wind,Sci Media
3,offshor wind,3: offshor wind,Sci Media
3,offshor wind,3: offshor wind,Sci Media
3,offshor wind,3: offshor wind,Sci Media
3,offshor wind,3: offshor wind,Sci Media
3,offshor wind,3: offshor wind,Sci Media
3,offshor wind,3: offshor wind,Sci Media
3,offshor wind,3: offshor wind,Sci Media
3,offshor wind,3: offshor wind,Sci Media
3,offshor wind,3: offshor wind,Sci Media
3,offshor wind,3: offshor wind,Sci Media
3,offshor wind,3: offshor wind,Sci Media
3,offshor wind,3: offshor wind,Sci Media
3,offshor wind,3: offshor wind,Sci Media
3,offshor wind,3: offshor wind,Sci Media
3,offshor wind,3: offshor wind,Sci Media
3,offshor wind,3: offshor wind,Sci Media
3,offshor wind,3: offshor wind,Sci Media
3,offshor wind,3: offshor wind,Sci Media
3,offshor wind,3: offshor wind,Sci Media
3,offshor wind,3: offshor wind,Sci Media
3,offshor wind,3: offshor wind,Sci Media
3,offshor wind,3: offshor wind,Sci Media
3,offshor wind,3: offshor wind,Sci Media
3,offshor wind,3: offshor wind,Sci Media
3,offshor wind,3: offshor wind,Sci Media
3,offshor wind,3: offshor wind,Sci Media
3,offshor wind,3: offshor wind,Sci Media
3,offshor wind,3: offshor wind,Sci Media
3,offshor wind,3: offshor wind,Sci Media
3,offshor wind,3: offshor wind,Sci Media
3,offshor wind,3: offshor wind,Sci Media
3,offshor wind,3: offshor wind,Sci Media
3,offshor wind,3: offshor wind,Sci Media
3,offshor wind,3: offshor wind,Sci Media
3,offshor wind,3: offshor wind,Sci Media
3,offshor wind,3: offshor wind,Sci Media
3,offshor wind,3: offshor wind,Sci Media
3,offshor wind,3: offshor wind,Sci Media
3,offshor wind,3: offshor wind,Sci Media
3,offshor wind,3: offshor wind,Sci Media
3,offshor wind,3: offshor wind,Sci Media
3,offshor wind,3: offshor wind,Sci Media
3,offshor wind,3: offshor wind,Sci Media
3,offshor wind,3: offshor wind,Sci Media
3,offshor wind,3: offshor wind,Sci Media
3,offshor wind,3: offshor wind,Sci Media
3,offshor wind,3: offshor wind,Sci Media
3,offshor wind,3: offshor wind,Sci Media
3,offshor wind,3: offshor wind,Sci Media
3,offshor wind,3: offshor wind,Sci Media
3,offshor wind,3: offshor wind,Sci Media
3,offshor wind,3: offshor wind,Sci Media
3,offshor wind,3: offshor wind,Sci Media
3,offshor wind,3: offshor wind,Sci Media
3,offshor wind,3: offshor wind,Sci Media
3,offshor wind,3: offshor wind,Sci Media
3,offshor wind,3: offshor wind,Sci Media
3,offshor wind,3: offshor wind,Sci Media
3,offshor wind,3: offshor wind,Sci Media
3,offshor wind,3: offshor wind,Sci Media
3,offshor wind,3: offshor wind,Sci Media
3,offshor wind,3: offshor wind,Sci Media
3,offshor wind,3: offshor wind,Sci Media
3,offshor wind,3: offshor wind,Sci Media
3,offshor wind,3: offshor wind,Sci Media
3,offshor wind,3: offshor wind,Sci Media
3,offshor wind,3: offshor wind,Sci Media
3,offshor wind,3: offshor wind,Sci Media
3,offshor wind,3: offshor wind,Sci Media
3,offshor wind,3: offshor wind,Sci Media
3,offshor wind,3: offshor wind,Sci Media
3,offshor wind,3: offshor wind,Sci Media
3,offshor wind,3: offshor wind,Sci Media
3,offshor wind,3: offshor wind,Sci Media
3,offshor wind,3: offshor wind,Sci Media
3,offshor wind,3: offshor wind,Sci Media
3,offshor wind,3: offshor wind,Sci Media
3,offshor wind,3: offshor wind,Sci Media
3,offshor wind,3: offshor wind,Sci Media
3,offshor wind,3: offshor wind,Sci Media
3,offshor wind,3: offshor wind,Sci Media
3,offshor wind,3: offshor wind,Sci Media
3,offshor wind,3: offshor wind,Sci Media
3,offshor wind,3: offshor wind,Sci Media
3,offshor wind,3: offshor wind,Sci Media
3,offshor wind,3: offshor wind,Sci Media
3,offshor wind,3: offshor wind,Sci Media
3,offshor wind,3: offshor wind,Sci Media
3,offshor wind,3: offshor wind,Sci Media
3,offshor wind,3: offshor wind,Sci Media
3,offshor wind,3: offshor wind,Sci Media
3,offshor wind,3: offshor wind,Sci Media
3,offshor wind,3: offshor wind,Sci Media
3,offshor wind,3: offshor wind,Sci Media
3,offshor wind,3: offshor wind,Sci Media
3,offshor wind,3: offshor wind,Sci Media
3,offshor wind,3: offshor wind,Sci Media
3,offshor wind,3: offshor wind,Sci Media
3,offshor wind,3: offshor wind,Sci Media
3,offshor wind,3: offshor wind,Sci Media
3,offshor wind,3: offshor wind,Sci Media
3,offshor wind,3: offshor wind,Sci Media
3,offshor wind,3: offshor wind,Sci Media
3,offshor wind,3: offshor wind,Sci Media
3,offshor wind,3: offshor wind,Sci Media
3,offshor wind,3: offshor wind,Sci Media
3,offshor wind,3: offshor wind,Sci Media
3,offshor wind,3: offshor wind,Sci Media
3,offshor wind,3: offshor wind,Sci Media
3,offshor wind,3: offshor wind,Sci Media
3,offshor wind,3: offshor wind,Sci Media
3,offshor wind,3: offshor wind,Sci Media
3,offshor wind,3: offshor wind,Sci Media
3,offshor wind,3: offshor wind,Sci Media
3,offshor wind,3: offshor wind,Sci Media
3,offshor wind,3: offshor wind,Sci Media
3,offshor wind,3: offshor wind,Sci Media
3,offshor wind,3: offshor wind,Sci Media
3,offshor wind,3: offshor wind,Sci Media
3,offshor wind,3: offshor wind,
3,offshor wind,3: offshor wind,
3,offshor wind,3: offshor wind,
3,offshor wind,3: offshor wind,
3,offshor wind,3: offshor wind,
3,offshor wind,3: offshor wind,
3,offshor wind,3: offshor wind,
3,offshor wind,3: offshor wind,
3,offshor wind,3: offshor wind,
3,offshor wind,3: offshor wind,
3,offshor wind,3: offshor wind,
3,offshor wind,3: offshor wind,
3,offshor wind,3: offshor wind,
3,offshor wind,3: offshor wind,
3,offshor wind,3: offshor wind,
3,offshor wind,3: offshor wind,
3,offshor wind,3: offshor wind,
3,offshor wind,3: offshor wind,
3,offshor wind,3: offshor wind,
3,offshor wind,3: offshor wind,
3,offshor wind,3: offshor wind,
3,offshor wind,3: offshor wind,
3,offshor wind,3: offshor wind,
3,offshor wind,3: offshor wind,
3,offshor wind,3: offshor wind,
3,offshor wind,3: offshor wind,
3,offshor wind,3: offshor wind,
3,offshor wind,3: offshor wind,
3,offshor wind,3: offshor wind,
3,offshor wind,3: offshor wind,
3,offshor wind,3: offshor wind,
3,offshor wind,3: offshor wind,
3,offshor wind,3: offshor wind,
3,offshor wind,3: offshor wind,
3,offshor wind,3: offshor wind,
3,offshor wind,3: offshor wind,
3,offshor wind,3: offshor wind,
3,offshor wind,3: offshor wind,
3,offshor wind,3: offshor wind,
3,offshor wind,3: offshor wind,
3,offshor wind,3: offshor wind,
3,offshor wind,3: offshor wind,
3,offshor wind,3: offshor wind,
3,offshor wind,3: offshor wind,
3,offshor wind,3: offshor wind,
3,offshor wind,3: offshor wind,
3,offshor wind,3: offshor wind,
3,offshor wind,3: offshor wind,
3,offshor wind,3: offshor wind,
3,offshor wind,3: offshor wind,
3,offshor wind,3: offshor wind,
3,offshor wind,3: offshor wind,
3,offshor wind,3: offshor wind,
3,offshor wind,3: offshor wind,
3,offshor wind,3: offshor wind,
3,offshor wind,3: offshor wind,
3,offshor wind,3: offshor wind,
3,offshor wind,3: offshor wind,
3,offshor wind,3: offshor wind,
3,offshor wind,3: offshor wind,
3,offshor wind,3: offshor wind,
3,offshor wind,3: offshor wind,
3,offshor wind,3: offshor wind,
3,offshor wind,3: offshor wind,
3,offshor wind,3: offshor wind,
3,offshor wind,3: offshor wind,
3,offshor wind,3: offshor wind,
3,offshor wind,3: offshor wind,
3,offshor wind,3: offshor wind,
3,offshor wind,3: offshor wind,
3,offshor wind,3: offshor wind,
3,offshor wind,3: offshor wind,
3,offshor wind,3: offshor wind,
3,offshor wind,3: offshor wind,
3,offshor wind,3: offshor wind,
3,offshor wind,3: offshor wind,
3,offshor wind,3: offshor wind,
3,offshor wind,3: offshor wind,
3,offshor wind,3: offshor wind,
3,offshor wind,3: offshor wind,
3,offshor wind,3: offshor wind,
3,offshor wind,3: offshor wind,
3,offshor wind,3: offshor wind,
3,offshor wind,3: offshor wind,
0,energi island,0: energi island,
0,energi island,0: energi island,
0,energi island,0: energi island,
0,energi island,0: energi island,
0,energi island,0: energi island,
0,energi island,0: energi island,
0,energi island,0: energi island,
0,energi island,0: energi island,
0,energi island,0: energi island,
0,energi island,0: energi island,
0,energi island,0: energi island,
0,energi island,0: energi island,
0,energi island,0: energi island,
0,energi island,0: energi island,
0,energi island,0: energi island,
0,energi island,0: energi island,
0,energi island,0: energi island,
0,energi island,0: energi island,
0,energi island,0: energi island,
0,energi island,0: energi island,
0,energi island,0: energi island,
0,energi island,0: energi island,
0,energi island,0: energi island,
0,energi island,0: energi island,
0,energi island,0: energi island,
0,energi island,0: energi island,
0,energi island,0: energi island,
0,energi island,0: energi island,
0,energi island,0: energi island,
0,energi island,0: energi island,
0,energi island,0: energi island,
0,energi island,0: energi island,
0,energi island,0: energi island,
0,energi island,0: energi island,
0,energi island,0: energi island,
0,energi island,0: energi island,
0,energi island,0: energi island,
0,energi island,0: energi island,
0,energi island,0: energi island,
0,energi island,0: energi island,
0,energi island,0: energi island,
0,energi island,0: energi island,
0,energi island,0: energi island,
0,energi island,0: energi island,
0,energi island,0: energi island,
0,energi island,0: energi island,
0,energi island,0: energi island,
0,energi island,0: energi island,
0,energi island,0: energi island,
0,energi island,0: energi island,
0,energi island,0: energi island,
0,energi island,0: energi island,
0,energi island,0: energi island,
0,energi island,0: energi island,
0,energi island,0: energi island,
0,energi island,0: energi island,
0,energi island,0: energi island,
0,energi island,0: energi island,
0,energi island,0: energi island,
0,energi island,0: energi island,
0,energi island,0: energi island,
0,energi island,0: energi island,
0,energi island,0: energi island,
0,energi island,0: energi island,
0,energi island,0: energi island,
0,energi island,0: energi island,
0,energi island,0: energi island,
0,energi island,0: energi island,
0,energi island,0: energi island,
0,energi island,0: energi island,
0,energi island,0: energi island,
0,energi island,0: energi island,
0,energi island,0: energi island,
0,energi island,0: energi island,
0,energi island,0: energi island,
0,energi island,0: energi island,
0,energi island,0: energi island,
0,energi island,0: energi island,
0,energi island,0: energi island,
0,energi island,0: energi island,
0,energi island,0: energi island,
0,energi island,0: energi island,
0,energi island,0: energi island,
0,energi island,0: energi island,
0,energi island,0: energi island,
0,energi island,0: energi island,
0,energi island,0: energi island,
0,energi island,0: energi island,
0,energi island,0: energi island,
0,energi island,0: energi island,
0,energi island,0: energi island,
0,energi island,0: energi island,
0,energi island,0: energi island,
0,energi island,0: energi island,
0,energi island,0: energi island,
0,energi island,0: energi island,
0,energi island,0: energi island,
0,energi island,0: energi island,
0,energi island,0: energi island,
0,energi island,0: energi island,
0,energi island,0: energi island,
0,energi island,0: energi island,
0,energi island,0: energi island,
0,energi island,0: energi island,
0,energi island,0: energi island,
0,energi island,0: energi island,
0,energi island,0: energi island,
0,energi island,0: energi island,
0,energi island,0: energi island,
0,energi island,0: energi island,
0,energi island,0: energi island,
0,energi island,0: energi island,
0,energi island,0: energi island,
0,energi island,0: energi island,
0,energi island,0: energi island,
0,energi island,0: energi island,
0,energi island,0: energi island,
0,energi island,0: energi island,
0,energi island,0: energi island,
0,energi island,0: energi island,
0,energi island,0: energi island,
0,energi island,0: energi island,
0,energi island,0: energi island,
0,energi island,0: energi island,
0,energi island,0: energi island,
0,energi island,0: energi island,
0,energi island,0: energi island,
0,energi island,0: energi island,
0,energi island,0: energi island,
0,energi island,0: energi island,
0,energi island,0: energi island,
0,energi island,0: energi island,
0,energi island,0: energi island,
0,energi island,0: energi island,
0,energi island,0: energi island,
0,energi island,0: energi island,
0,energi island,0: energi island,
0,energi island,0: energi island,
0,energi island,0: energi island,
0,energi island,0: energi island,
0,energi island,0: energi island,
0,energi island,0: energi island,
0,energi island,0: energi island,
0,energi island,0: energi island,
0,energi island,0: energi island,
0,energi island,0: energi island,
0,energi island,0: energi island,
0,energi island,0: energi island,
0,energi island,0: energi island,
0,energi island,0: energi island,
0,energi island,0: energi island,
0,energi island,0: energi island,
0,energi island,0: energi island,
0,energi island,0: energi island,
0,energi island,0: energi island,
0,energi island,0: energi island,
0,energi island,0: energi island,
0,energi island,0: energi island,
0,energi island,0: energi island,
0,energi island,0: energi island,
0,energi island,0: energi island,
0,energi island,0: energi island,
0,energi island,0: energi island,
0,energi island,0: energi island,
0,energi island,0: energi island,
0,energi island,0: energi island,
0,energi island,0: energi island,
0,energi island,0: energi island,
0,energi island,0: energi island,
0,energi island,0: energi island,
0,energi island,0: energi island,
0,energi island,0: energi island,
0,energi island,0: energi island,
0,energi island,0: energi island,
0,energi island,0: energi island,
0,energi island,0: energi island,
0,energi island,0: energi island,
0,energi island,0: energi island,
0,energi island,0: energi island,
0,energi island,0: energi island,
0,energi island,0: energi island,
0,energi island,0: energi island,
0,energi island,0: energi island,
0,energi island,0: energi island,
0,energi island,0: energi island,
0,energi island,0: energi island,
0,energi island,0: energi island,
0,energi island,0: energi island,
0,energi island,0: energi island,
0,energi island,0: energi island,
0,energi island,0: energi island,
0,energi island,0: energi island,
0,energi island,0: energi island,
0,energi island,0: energi island,
0,energi island,0: energi island,
0,energi island,0: energi island,
0,energi island,0: energi island,
0,energi island,0: energi island,
0,energi island,0: energi island,
0,energi island,0: energi island,
0,energi island,0: energi island,
0,energi island,0: energi island,
0,energi island,0: energi island,
0,energi island,0: energi island,
0,energi island,0: energi island,
0,energi island,0: energi island,
0,energi island,0: energi island,
0,energi island,0: energi island,
0,energi island,0: energi island,
0,energi island,0: energi island,
0,energi island,0: energi island,
0,energi island,0: energi island,
0,energi island,0: energi island,
0,energi island,0: energi island,
0,energi island,0: energi island,
0,energi island,0: energi island,
0,energi island,0: energi island,
0,energi island,0: energi island,
0,energi island,0: energi island,
0,energi island,0: energi island,
0,energi island,0: energi island,
0,energi island,0: energi island,
0,energi island,0: energi island,
0,energi island,0: energi island,
0,energi island,0: energi island,
0,energi island,0: energi island,
0,energi island,0: energi island,
0,energi island,0: energi island,
0,energi island,0: energi island,
0,energi island,0: energi island,
0,energi island,0: energi island,
0,energi island,0: energi island,
0,energi island,0: energi island,
0,energi island,0: energi island,
0,energi island,0: energi island,
0,energi island,0: energi island,
0,energi island,0: energi island,
0,energi island,0: energi island,
0,energi island,0: energi island,
0,energi island,0: energi island,
0,energi island,0: energi island,
0,energi island,0: energi island,
0,energi island,0: energi island,
0,energi island,0: energi island,
0,energi island,0: energi island,
0,energi island,0: energi island,
0,energi island,0: energi island,
0,energi island,0: energi island,
0,energi island,0: energi island,
0,energi island,0: energi island,
0,energi island,0: energi island,
0,energi island,0: energi island,
0,energi island,0: energi island,
0,energi island,0: energi island,
0,energi island,0: energi island,
0,energi island,0: energi island,
0,energi island,0: energi island,
0,energi island,0: energi island,
0,energi island,0: energi island,
0,energi island,0: energi island,
0,energi island,0: energi island,
0,energi island,0: energi island,
0,energi island,0: energi island,
0,energi island,0: energi island,
0,energi island,0: energi island,
0,energi island,0: energi island,
0,energi island,0: energi island,
0,energi island,0: energi island,
0,energi island,0: energi island,
0,energi island,0: energi island,
0,energi island,0: energi island,
0,energi island,0: energi island,
0,energi island,0: energi island,
0,energi island,0: energi island,
0,energi island,0: energi island,
0,energi island,0: energi island,
0,energi island,0: energi island,
0,energi island,0: energi island,
0,energi island,0: energi island,
0,energi island,0: energi island,
0,energi island,0: energi island,
0,energi island,0: energi island,
0,energi island,0: energi island,
0,energi island,0: energi island,
0,energi island,0: energi island,
0,energi island,0: energi island,
0,energi island,0: energi island,
0,energi island,0: energi island,
0,energi island,0: energi island,
0,energi island,0: energi island,
0,energi island,0: energi island,
0,energi island,0: energi island,
0,energi island,0: energi island,
0,energi island,0: energi island,
0,energi island,0: energi island,
0,energi island,0: energi island,
0,energi island,0: energi island,
0,energi island,0: energi island,
0,energi island,0: energi island,
0,energi island,0: energi island,
0,energi island,0: energi island,
0,energi island,0: energi island,
0,energi island,0: energi island,
0,energi island,0: energi island,
0,energi island,0: energi island,
0,energi island,0: energi island,
0,energi island,0: energi island,
0,energi island,0: energi island,
0,energi island,0: energi island,
0,energi island,0: energi island,
0,energi island,0: energi island,
0,energi island,0: energi island,
0,energi island,0: energi island,
0,energi island,0: energi island,
3,offshor wind,3: offshor wind,
3,offshor wind,3: offshor wind,
3,offshor wind,3: offshor wind,
3,offshor wind,3: offshor wind,
3,offshor wind,3: offshor wind,
3,offshor wind,3: offshor wind,
3,offshor wind,3: offshor wind,
3,offshor wind,3: offshor wind,
3,offshor wind,3: offshor wind,
3,offshor wind,3: offshor wind,
3,offshor wind,3: offshor wind,
3,offshor wind,3: offshor wind,
3,offshor wind,3: offshor wind,
3,offshor wind,3: offshor wind,
3,offshor wind,3: offshor wind,
3,offshor wind,3: offshor wind,
3,offshor wind,3: offshor wind,
3,offshor wind,3: offshor wind,
3,offshor wind,3: offshor wind,
3,offshor wind,3: offshor wind,
3,offshor wind,3: offshor wind,
3,offshor wind,3: offshor wind,
3,offshor wind,3: offshor wind,
3,offshor wind,3: offshor wind,
3,offshor wind,3: offshor wind,
3,offshor wind,3: offshor wind,
3,offshor wind,3: offshor wind,
3,offshor wind,3: offshor wind,
3,offshor wind,3: offshor wind,
3,offshor wind,3: offshor wind,
3,offshor wind,3: offshor wind,
3,offshor wind,3: offshor wind,
3,offshor wind,3: offshor wind,
3,offshor wind,3: offshor wind,
3,offshor wind,3: offshor wind,
3,offshor wind,3: offshor wind,
3,offshor wind,3: offshor wind,
3,offshor wind,3: offshor wind,
3,offshor wind,3: offshor wind,
3,offshor wind,3: offshor wind,
3,offshor wind,3: offshor wind,
3,offshor wind,3: offshor wind,
3,offshor wind,3: offshor wind,
3,offshor wind,3: offshor wind,
3,offshor wind,3: offshor wind,
3,offshor wind,3: offshor wind,
3,offshor wind,3: offshor wind,
3,offshor wind,3: offshor wind,
3,offshor wind,3: offshor wind,
3,offshor wind,3: offshor wind,
3,offshor wind,3: offshor wind,
3,offshor wind,3: offshor wind,
3,offshor wind,3: offshor wind,
3,offshor wind,3: offshor wind,
3,offshor wind,3: offshor wind,
3,offshor wind,3: offshor wind,
3,offshor wind,3: offshor wind,
3,offshor wind,3: offshor wind,
3,offshor wind,3: offshor wind,
3,offshor wind,3: offshor wind,
3,offshor wind,3: offshor wind,
3,offshor wind,3: offshor wind,
3,offshor wind,3: offshor wind,
3,offshor wind,3: offshor wind,
3,offshor wind,3: offshor wind,
3,offshor wind,3: offshor wind,
3,offshor wind,3: offshor wind,
3,offshor wind,3: offshor wind,
3,offshor wind,3: offshor wind,
3,offshor wind,3: offshor wind,
3,offshor wind,3: offshor wind,
3,offshor wind,3: offshor wind,
3,offshor wind,3: offshor wind,
3,offshor wind,3: offshor wind,
3,offshor wind,3: offshor wind,
3,offshor wind,3: offshor wind,
3,offshor wind,3: offshor wind,
3,offshor wind,3: offshor wind,
3,offshor wind,3: offshor wind,
3,offshor wind,3: offshor wind,
3,offshor wind,3: offshor wind,
3,offshor wind,3: offshor wind,
3,offshor wind,3: offshor wind,
3,offshor wind,3: offshor wind,
3,offshor wind,3: offshor wind,
3,offshor wind,3: offshor wind,
3,offshor wind,3: offshor wind,
3,offshor wind,3: offshor wind,
3,offshor wind,3: offshor wind,
3,offshor wind,3: offshor wind,
3,offshor wind,3: offshor wind,
3,offshor wind,3: offshor wind,
3,offshor wind,3: offshor wind,
3,offshor wind,3: offshor wind,
3,offshor wind,3: offshor wind,
3,offshor wind,3: offshor wind,
3,offshor wind,3: offshor wind,
3,offshor wind,3: offshor wind,
3,offshor wind,3: offshor wind,
3,offshor wind,3: offshor wind,
3,offshor wind,3: offshor wind,
3,offshor wind,3: offshor wind,
3,offshor wind,3: offshor wind,
3,offshor wind,3: offshor wind,
3,offshor wind,3: offshor wind,
3,offshor wind,3: offshor wind,
3,offshor wind,3: offshor wind,
3,offshor wind,3: offshor wind,
3,offshor wind,3: offshor wind,
3,offshor wind,3: offshor wind,
3,offshor wind,3: offshor wind,
3,offshor wind,3: offshor wind,
3,offshor wind,3: offshor wind,
0,energi island,0: energi island,
0,energi island,0: energi island,
0,energi island,0: energi island,
0,energi island,0: energi island,
0,energi island,0: energi island,
0,energi island,0: energi island,
0,energi island,0: energi island,
0,energi island,0: energi island,
0,energi island,0: energi island,
0,energi island,0: energi island,
0,energi island,0: energi island,
0,energi island,0: energi island,
0,energi island,0: energi island,
0,energi island,0: energi island,
0,energi island,0: energi island,
0,energi island,0: energi island,
0,energi island,0: energi island,
0,energi island,0: energi island,
0,energi island,0: energi island,
0,energi island,0: energi island,
0,energi island,0: energi island,
0,energi island,0: energi island,
0,energi island,0: energi island,
0,energi island,0: energi island,
0,energi island,0: energi island,
0,energi island,0: energi island,
0,energi island,0: energi island,
0,energi island,0: energi island,
0,energi island,0: energi island,
0,energi island,0: energi island,
0,energi island,0: energi island,
0,energi island,0: energi island,
0,energi island,0: energi island,
0,energi island,0: energi island,
0,energi island,0: energi island,
0,energi island,0: energi island,
0,energi island,0: energi island,
0,energi island,0: energi island,
0,energi island,0: energi island,
0,energi island,0: energi island,
0,energi island,0: energi island,
0,energi island,0: energi island,
0,energi island,0: energi island,
0,energi island,0: energi island,
0,energi island,0: energi island,
0,energi island,0: energi island,
0,energi island,0: energi island,
0,energi island,0: energi island,
0,energi island,0: energi island,
0,energi island,0: energi island,
0,energi island,0: energi island,
0,energi island,0: energi island,
0,energi island,0: energi island,
0,energi island,0: energi island,
0,energi island,0: energi island,
0,energi island,0: energi island,
0,energi island,0: energi island,
0,energi island,0: energi island,
0,energi island,0: energi island,
0,energi island,0: energi island,
0,energi island,0: energi island,
0,energi island,0: energi island,
0,energi island,0: energi island,
0,energi island,0: energi island,
0,energi island,0: energi island,
0,energi island,0: energi island,
0,energi island,0: energi island,
0,energi island,0: energi island,
0,energi island,0: energi island,
0,energi island,0: energi island,
0,energi island,0: energi island,
0,energi island,0: energi island,
0,energi island,0: energi island,
0,energi island,0: energi island,
0,energi island,0: energi island,
0,energi island,0: energi island,
0,energi island,0: energi island,
0,energi island,0: energi island,
0,energi island,0: energi island,
0,energi island,0: energi island,
0,energi island,0: energi island,
0,energi island,0: energi island,
0,energi island,0: energi island,
0,energi island,0: energi island,
0,energi island,0: energi island,
0,energi island,0: energi island,
0,energi island,0: energi island,
0,energi island,0: energi island,
0,energi island,0: energi island,
0,energi island,0: energi island,
0,energi island,0: energi island,
0,energi island,0: energi island,
0,energi island,0: energi island,
0,energi island,0: energi island,
0,energi island,0: energi island,
0,energi island,0: energi island,
0,energi island,0: energi island,
0,energi island,0: energi island,
0,energi island,0: energi island,
0,energi island,0: energi island,
0,energi island,0: energi island,
0,energi island,0: energi island,
0,energi island,0: energi island,
0,energi island,0: energi island,
0,energi island,0: energi island,
0,energi island,0: energi island,
0,energi island,0: energi island,
0,energi island,0: energi island,
0,energi island,0: energi island,
0,energi island,0: energi island,
0,energi island,0: energi island,
0,energi island,0: energi island,
0,energi island,0: energi island,
0,energi island,0: energi island,
0,energi island,0: energi island,
0,energi island,0: energi island,
0,energi island,0: energi island,
0,energi island,0: energi island,
0,energi island,0: energi island,
0,energi island,0: energi island,
0,energi island,0: energi island,
0,energi island,0: energi island,
0,energi island,0: energi island,
0,energi island,0: energi island,
0,energi island,0: energi island,
0,energi island,0: energi island,
0,energi island,0: energi island,
0,energi island,0: energi island,
0,energi island,0: energi island,
0,energi island,0: energi island,
0,energi island,0: energi island,
0,energi island,0: energi island,
0,energi island,0: energi island,
0,energi island,0: energi island,
0,energi island,0: energi island,
0,energi island,0: energi island,
0,energi island,0: energi island,
0,energi island,0: energi island,
0,energi island,0: energi island,
0,energi island,0: energi island,
0,energi island,0: energi island,
0,energi island,0: energi island,
0,energi island,0: energi island,
0,energi island,0: energi island,
0,energi island,0: energi island,
0,energi island,0: energi island,
0,energi island,0: energi island,
0,energi island,0: energi island,
0,energi island,0: energi island,
0,energi island,0: energi island,
0,energi island,0: energi island,
0,energi island,0: energi island,
0,energi island,0: energi island,
0,energi island,0: energi island,
0,energi island,0: energi island,
0,energi island,0: energi island,
0,energi island,0: energi island,
5,offshor grid,5: offshor grid,
5,offshor grid,5: offshor grid,
5,offshor grid,5: offshor grid,
5,offshor grid,5: offshor grid,
5,offshor grid,5: offshor grid,
5,offshor grid,5: offshor grid,
5,offshor grid,5: offshor grid,
5,offshor grid,5: offshor grid,
5,offshor grid,5: offshor grid,
5,offshor grid,5: offshor grid,
5,offshor grid,5: offshor grid,
5,offshor grid,5: offshor grid,
5,offshor grid,5: offshor grid,
5,offshor grid,5: offshor grid,
5,offshor grid,5: offshor grid,
5,offshor grid,5: offshor grid,
5,offshor grid,5: offshor grid,
5,offshor grid,5: offshor grid,
5,offshor grid,5: offshor grid,
5,offshor grid,5: offshor grid,
5,offshor grid,5: offshor grid,
5,offshor grid,5: offshor grid,
5,offshor grid,5: offshor grid,
5,offshor grid,5: offshor grid,
5,offshor grid,5: offshor grid,
5,offshor grid,5: offshor grid,
5,offshor grid,5: offshor grid,
5,offshor grid,5: offshor grid,
5,offshor grid,5: offshor grid,
5,offshor grid,5: offshor grid,
5,offshor grid,5: offshor grid,
5,offshor grid,5: offshor grid,
5,offshor grid,5: offshor grid,
5,offshor grid,5: offshor grid,
5,offshor grid,5: offshor grid,
5,offshor grid,5: offshor grid,
5,offshor grid,5: offshor grid,
5,offshor grid,5: offshor grid,
5,offshor grid,5: offshor grid,
5,offshor grid,5: offshor grid,
5,offshor grid,5: offshor grid,
5,offshor grid,5: offshor grid,
5,offshor grid,5: offshor grid,
5,offshor grid,5: offshor grid,
5,offshor grid,5: offshor grid,
5,offshor grid,5: offshor grid,
5,offshor grid,5: offshor grid,
5,offshor grid,5: offshor grid,
5,offshor grid,5: offshor grid,
5,offshor grid,5: offshor grid,
5,offshor grid,5: offshor grid,
5,offshor grid,5: offshor grid,
5,offshor grid,5: offshor grid,
5,offshor grid,5: offshor grid,
5,offshor grid,5: offshor grid,
5,offshor grid,5: offshor grid,
5,offshor grid,5: offshor grid,
5,offshor grid,5: offshor grid,
5,offshor grid,5: offshor grid,
5,offshor grid,5: offshor grid,
5,offshor grid,5: offshor grid,
5,offshor grid,5: offshor grid,
5,offshor grid,5: offshor grid,
5,offshor grid,5: offshor grid,
5,offshor grid,5: offshor grid,
5,offshor grid,5: offshor grid,
5,offshor grid,5: offshor grid,
5,offshor grid,5: offshor grid,
5,offshor grid,5: offshor grid,
5,offshor grid,5: offshor grid,
5,offshor grid,5: offshor grid,
5,offshor grid,5: offshor grid,
5,offshor grid,5: offshor grid,
5,offshor grid,5: offshor grid,
5,offshor grid,5: offshor grid,
5,offshor grid,5: offshor grid,
5,offshor grid,5: offshor grid,
5,offshor grid,5: offshor grid,
5,offshor grid,5: offshor grid,
5,offshor grid,5: offshor grid,
5,offshor grid,5: offshor grid,
5,offshor grid,5: offshor grid,
5,offshor grid,5: offshor grid,
5,offshor grid,5: offshor grid,
5,offshor grid,5: offshor grid,
5,offshor grid,5: offshor grid,
5,offshor grid,5: offshor grid,
5,offshor grid,5: offshor grid,
5,offshor grid,5: offshor grid,
5,offshor grid,5: offshor grid,
5,offshor grid,5: offshor grid,
5,offshor grid,5: offshor grid,
5,offshor grid,5: offshor grid,
5,offshor grid,5: offshor grid,
5,offshor grid,5: offshor grid,
5,offshor grid,5: offshor grid,
5,offshor grid,5: offshor grid,
5,offshor grid,5: offshor grid,
5,offshor grid,5: offshor grid,
5,offshor grid,5: offshor grid,
5,offshor grid,5: offshor grid,
5,offshor grid,5: offshor grid,
5,offshor grid,5: offshor grid,
5,offshor grid,5: offshor grid,
5,offshor grid,5: offshor grid,
5,offshor grid,5: offshor grid,
5,offshor grid,5: offshor grid,
5,offshor grid,5: offshor grid,
5,offshor grid,5: offshor grid,
5,offshor grid,5: offshor grid,
5,offshor grid,5: offshor grid,
5,offshor grid,5: offshor grid,
5,offshor grid,5: offshor grid,
5,offshor grid,5: offshor grid,
5,offshor grid,5: offshor grid,
5,offshor grid,5: offshor grid,
5,offshor grid,5: offshor grid,
5,offshor grid,5: offshor grid,
5,offshor grid,5: offshor grid,
5,offshor grid,5: offshor grid,
5,offshor grid,5: offshor grid,
5,offshor grid,5: offshor grid,
5,offshor grid,5: offshor grid,
5,offshor grid,5: offshor grid,
5,offshor grid,5: offshor grid,
5,offshor grid,5: offshor grid,
5,offshor grid,5: offshor grid,
5,offshor grid,5: offshor grid,
5,offshor grid,5: offshor grid,
5,offshor grid,5: offshor grid,
5,offshor grid,5: offshor grid,
5,offshor grid,5: offshor grid,
5,offshor grid,5: offshor grid,
5,offshor grid,5: offshor grid,
5,offshor grid,5: offshor grid,
5,offshor grid,5: offshor grid,
5,offshor grid,5: offshor grid,
5,offshor grid,5: offshor grid,
5,offshor grid,5: offshor grid,
5,offshor grid,5: offshor grid,
5,offshor grid,5: offshor grid,
5,offshor grid,5: offshor grid,
5,offshor grid,5: offshor grid,
5,offshor grid,5: offshor grid,
5,offshor grid,5: offshor grid,
5,offshor grid,5: offshor grid,
5,offshor grid,5: offshor grid,
5,offshor grid,5: offshor grid,
5,offshor grid,5: offshor grid,
5,offshor grid,5: offshor grid,
5,offshor grid,5: offshor grid,
5,offshor grid,5: offshor grid,
5,offshor grid,5: offshor grid,
5,offshor grid,5: offshor grid,
5,offshor grid,5: offshor grid,
5,offshor grid,5: offshor grid,
5,offshor grid,5: offshor grid,
5,offshor grid,5: offshor grid,
5,offshor grid,5: offshor grid,
5,offshor grid,5: offshor grid,
5,offshor grid,5: offshor grid,
5,offshor grid,5: offshor grid,
5,offshor grid,5: offshor grid,
5,offshor grid,5: offshor grid,
5,offshor grid,5: offshor grid,
5,offshor grid,5: offshor grid,
5,offshor grid,5: offshor grid,
5,offshor grid,5: offshor grid,
5,offshor grid,5: offshor grid,
5,offshor grid,5: offshor grid,
5,offshor grid,5: offshor grid,
5,offshor grid,5: offshor grid,
5,offshor grid,5: offshor grid,
5,offshor grid,5: offshor grid,
5,offshor grid,5: offshor grid,
3,offshor wind,3: offshor wind,
3,offshor wind,3: offshor wind,
3,offshor wind,3: offshor wind,
3,offshor wind,3: offshor wind,
3,offshor wind,3: offshor wind,
3,offshor wind,3: offshor wind,
3,offshor wind,3: offshor wind,
3,offshor wind,3: offshor wind,
3,offshor wind,3: offshor wind,
3,offshor wind,3: offshor wind,
3,offshor wind,3: offshor wind,
3,offshor wind,3: offshor wind,
3,offshor wind,3: offshor wind,
3,offshor wind,3: offshor wind,
3,offshor wind,3: offshor wind,
3,offshor wind,3: offshor wind,
3,offshor wind,3: offshor wind,
3,offshor wind,3: offshor wind,
3,offshor wind,3: offshor wind,
3,offshor wind,3: offshor wind,
3,offshor wind,3: offshor wind,
3,offshor wind,3: offshor wind,
3,offshor wind,3: offshor wind,
3,offshor wind,3: offshor wind,
3,offshor wind,3: offshor wind,
3,offshor wind,3: offshor wind,
3,offshor wind,3: offshor wind,
3,offshor wind,3: offshor wind,
3,offshor wind,3: offshor wind,
3,offshor wind,3: offshor wind,
3,offshor wind,3: offshor wind,
3,offshor wind,3: offshor wind,
3,offshor wind,3: offshor wind,
3,offshor wind,3: offshor wind,
3,offshor wind,3: offshor wind,
3,offshor wind,3: offshor wind,
3,offshor wind,3: offshor wind,
3,offshor wind,3: offshor wind,
3,offshor wind,3: offshor wind,
3,offshor wind,3: offshor wind,
3,offshor wind,3: offshor wind,
3,offshor wind,3: offshor wind,
3,offshor wind,3: offshor wind,
3,offshor wind,3: offshor wind,
3,offshor wind,3: offshor wind,
3,offshor wind,3: offshor wind,
3,offshor wind,3: offshor wind,
3,offshor wind,3: offshor wind,
3,offshor wind,3: offshor wind,
3,offshor wind,3: offshor wind,
3,offshor wind,3: offshor wind,
3,offshor wind,3: offshor wind,
3,offshor wind,3: offshor wind,
3,offshor wind,3: offshor wind,
3,offshor wind,3: offshor wind,
3,offshor wind,3: offshor wind,
3,offshor wind,3: offshor wind,
3,offshor wind,3: offshor wind,
3,offshor wind,3: offshor wind,
3,offshor wind,3: offshor wind,
3,offshor wind,3: offshor wind,
3,offshor wind,3: offshor wind,
3,offshor wind,3: offshor wind,
3,offshor wind,3: offshor wind,
3,offshor wind,3: offshor wind,
3,offshor wind,3: offshor wind,
3,offshor wind,3: offshor wind,
3,offshor wind,3: offshor wind,
3,offshor wind,3: offshor wind,
3,offshor wind,3: offshor wind,
3,offshor wind,3: offshor wind,
3,offshor wind,3: offshor wind,
3,offshor wind,3: offshor wind,
3,offshor wind,3: offshor wind,
3,offshor wind,3: offshor wind,
3,offshor wind,3: offshor wind,
3,offshor wind,3: offshor wind,
3,offshor wind,3: offshor wind,
3,offshor wind,3: offshor wind,
3,offshor wind,3: offshor wind,
3,offshor wind,3: offshor wind,
3,offshor wind,3: offshor wind,
3,offshor wind,3: offshor wind,
3,offshor wind,3: offshor wind,
3,offshor wind,3: offshor wind,
3,offshor wind,3: offshor wind,
3,offshor wind,3: offshor wind,
3,offshor wind,3: offshor wind,
3,offshor wind,3: offshor wind,
3,offshor wind,3: offshor wind,
3,offshor wind,3: offshor wind,
3,offshor wind,3: offshor wind,
3,offshor wind,3: offshor wind,
3,offshor wind,3: offshor wind,
3,offshor wind,3: offshor wind,
3,offshor wind,3: offshor wind,
3,offshor wind,3: offshor wind,
3,offshor wind,3: offshor wind,
3,offshor wind,3: offshor wind,
3,offshor wind,3: offshor wind,
3,offshor wind,3: offshor wind,
3,offshor wind,3: offshor wind,
3,offshor wind,3: offshor wind,
3,offshor wind,3: offshor wind,
3,offshor wind,3: offshor wind,
3,offshor wind,3: offshor wind,
3,offshor wind,3: offshor wind,
3,offshor wind,3: offshor wind,
3,offshor wind,3: offshor wind,
3,offshor wind,3: offshor wind,
3,offshor wind,3: offshor wind,
3,offshor wind,3: offshor wind,
3,offshor wind,3: offshor wind,
3,offshor wind,3: offshor wind,
3,offshor wind,3: offshor wind,
3,offshor wind,3: offshor wind,
3,offshor wind,3: offshor wind,
3,offshor wind,3: offshor wind,
3,offshor wind,3: offshor wind,
3,offshor wind,3: offshor wind,
3,offshor wind,3: offshor wind,
3,offshor wind,3: offshor wind,
3,offshor wind,3: offshor wind,
3,offshor wind,3: offshor wind,
3,offshor wind,3: offshor wind,
3,offshor wind,3: offshor wind,
3,offshor wind,3: offshor wind,
3,offshor wind,3: offshor wind,
3,offshor wind,3: offshor wind,
3,offshor wind,3: offshor wind,
3,offshor wind,3: offshor wind,
3,offshor wind,3: offshor wind,
3,offshor wind,3: offshor wind,
3,offshor wind,3: offshor wind,
3,offshor wind,3: offshor wind,
3,offshor wind,3: offshor wind,
3,offshor wind,3: offshor wind,
3,offshor wind,3: offshor wind,
3,offshor wind,3: offshor wind,
3,offshor wind,3: offshor wind,
3,offshor wind,3: offshor wind,
3,offshor wind,3: offshor wind,
3,offshor wind,3: offshor wind,
3,offshor wind,3: offshor wind,
3,offshor wind,3: offshor wind,
3,offshor wind,3: offshor wind,
3,offshor wind,3: offshor wind,
3,offshor wind,3: offshor wind,
3,offshor wind,3: offshor wind,
3,offshor wind,3: offshor wind,
3,offshor wind,3: offshor wind,
3,offshor wind,3: offshor wind,
3,offshor wind,3: offshor wind,
3,offshor wind,3: offshor wind,
3,offshor wind,3: offshor wind,
3,offshor wind,3: offshor wind,
3,offshor wind,3: offshor wind,
3,offshor wind,3: offshor wind,
3,offshor wind,3: offshor wind,
3,offshor wind,3: offshor wind,
3,offshor wind,3: offshor wind,
3,offshor wind,3: offshor wind,
3,offshor wind,3: offshor wind,
3,offshor wind,3: offshor wind,
3,offshor wind,3: offshor wind,
3,offshor wind,3: offshor wind,
3,offshor wind,3: offshor wind,
3,offshor wind,3: offshor wind,
3,offshor wind,3: offshor wind,
3,offshor wind,3: offshor wind,
3,offshor wind,3: offshor wind,
3,offshor wind,3: offshor wind,
3,offshor wind,3: offshor wind,
3,offshor wind,3: offshor wind,
3,offshor wind,3: offshor wind,
3,offshor wind,3: offshor wind,
3,offshor wind,3: offshor wind,
3,offshor wind,3: offshor wind,
3,offshor wind,3: offshor wind,
3,offshor wind,3: offshor wind,
3,offshor wind,3: offshor wind,
3,offshor wind,3: offshor wind,
3,offshor wind,3: offshor wind,
3,offshor wind,3: offshor wind,
3,offshor wind,3: offshor wind,
3,offshor wind,3: offshor wind,
3,offshor wind,3: offshor wind,
3,offshor wind,3: offshor wind,
3,offshor wind,3: offshor wind,
3,offshor wind,3: offshor wind,
3,offshor wind,3: offshor wind,
3,offshor wind,3: offshor wind,
3,offshor wind,3: offshor wind,
3,offshor wind,3: offshor wind,
3,offshor wind,3: offshor wind,
3,offshor wind,3: offshor wind,
3,offshor wind,3: offshor wind,
3,offshor wind,3: offshor wind,
3,offshor wind,3: offshor wind,
3,offshor wind,3: offshor wind,
3,offshor wind,3: offshor wind,
3,offshor wind,3: offshor wind,
3,offshor wind,3: offshor wind,
3,offshor wind,3: offshor wind,
3,offshor wind,3: offshor wind,
3,offshor wind,3: offshor wind,
3,offshor wind,3: offshor wind,
3,offshor wind,3: offshor wind,
3,offshor wind,3: offshor wind,
3,offshor wind,3: offshor wind,
3,offshor wind,3: offshor wind,
3,offshor wind,3: offshor wind,
3,offshor wind,3: offshor wind,
3,offshor wind,3: offshor wind,
3,offshor wind,3: offshor wind,
3,offshor wind,3: offshor wind,
3,offshor wind,3: offshor wind,
3,offshor wind,3: offshor wind,
3,offshor wind,3: offshor wind,
3,offshor wind,3: offshor wind,
3,offshor wind,3: offshor wind,
3,offshor wind,3: offshor wind,
3,offshor wind,3: offshor wind,
3,offshor wind,3: offshor wind,
3,offshor wind,3: offshor wind,
3,offshor wind,3: offshor wind,
8,wind turbin,8: wind turbin,
8,wind turbin,8: wind turbin,
8,wind turbin,8: wind turbin,
8,wind turbin,8: wind turbin,
8,wind turbin,8: wind turbin,
8,wind turbin,8: wind turbin,
8,wind turbin,8: wind turbin,
8,wind turbin,8: wind turbin,
8,wind turbin,8: wind turbin,
8,wind turbin,8: wind turbin,
8,wind turbin,8: wind turbin,
8,wind turbin,8: wind turbin,
8,wind turbin,8: wind turbin,
8,wind turbin,8: wind turbin,
8,wind turbin,8: wind turbin,
8,wind turbin,8: wind turbin,
8,wind turbin,8: wind turbin,
8,wind turbin,8: wind turbin,
8,wind turbin,8: wind turbin,
8,wind turbin,8: wind turbin,
8,wind turbin,8: wind turbin,
8,wind turbin,8: wind turbin,
8,wind turbin,8: wind turbin,
8,wind turbin,8: wind turbin,
8,wind turbin,8: wind turbin,
8,wind turbin,8: wind turbin,
8,wind turbin,8: wind turbin,
8,wind turbin,8: wind turbin,
8,wind turbin,8: wind turbin,
8,wind turbin,8: wind turbin,
8,wind turbin,8: wind turbin,
8,wind turbin,8: wind turbin,
8,wind turbin,8: wind turbin,
8,wind turbin,8: wind turbin,
8,wind turbin,8: wind turbin,
8,wind turbin,8: wind turbin,
8,wind turbin,8: wind turbin,
8,wind turbin,8: wind turbin,
8,wind turbin,8: wind turbin,
8,wind turbin,8: wind turbin,
8,wind turbin,8: wind turbin,
8,wind turbin,8: wind turbin,
8,wind turbin,8: wind turbin,
8,wind turbin,8: wind turbin,
8,wind turbin,8: wind turbin,
8,wind turbin,8: wind turbin,
8,wind turbin,8: wind turbin,
8,wind turbin,8: wind turbin,
8,wind turbin,8: wind turbin,
8,wind turbin,8: wind turbin,
8,wind turbin,8: wind turbin,
8,wind turbin,8: wind turbin,
8,wind turbin,8: wind turbin,
8,wind turbin,8: wind turbin,
8,wind turbin,8: wind turbin,
8,wind turbin,8: wind turbin,
8,wind turbin,8: wind turbin,
8,wind turbin,8: wind turbin,
8,wind turbin,8: wind turbin,
8,wind turbin,8: wind turbin,
8,wind turbin,8: wind turbin,
8,wind turbin,8: wind turbin,
8,wind turbin,8: wind turbin,
8,wind turbin,8: wind turbin,
8,wind turbin,8: wind turbin,
8,wind turbin,8: wind turbin,
8,wind turbin,8: wind turbin,
8,wind turbin,8: wind turbin,
8,wind turbin,8: wind turbin,
8,wind turbin,8: wind turbin,
8,wind turbin,8: wind turbin,
8,wind turbin,8: wind turbin,
8,wind turbin,8: wind turbin,
8,wind turbin,8: wind turbin,
8,wind turbin,8: wind turbin,
8,wind turbin,8: wind turbin,
8,wind turbin,8: wind turbin,
8,wind turbin,8: wind turbin,
8,wind turbin,8: wind turbin,
8,wind turbin,8: wind turbin,
8,wind turbin,8: wind turbin,
8,wind turbin,8: wind turbin,
8,wind turbin,8: wind turbin,
8,wind turbin,8: wind turbin,
8,wind turbin,8: wind turbin,
8,wind turbin,8: wind turbin,
8,wind turbin,8: wind turbin,
8,wind turbin,8: wind turbin,
8,wind turbin,8: wind turbin,
8,wind turbin,8: wind turbin,
8,wind turbin,8: wind turbin,
8,wind turbin,8: wind turbin,
8,wind turbin,8: wind turbin,
8,wind turbin,8: wind turbin,
8,wind turbin,8: wind turbin,
8,wind turbin,8: wind turbin,
8,wind turbin,8: wind turbin,
8,wind turbin,8: wind turbin,
8,wind turbin,8: wind turbin,
8,wind turbin,8: wind turbin,
8,wind turbin,8: wind turbin,
8,wind turbin,8: wind turbin,
8,wind turbin,8: wind turbin,
8,wind turbin,8: wind turbin,
8,wind turbin,8: wind turbin,
8,wind turbin,8: wind turbin,
8,wind turbin,8: wind turbin,
8,wind turbin,8: wind turbin,
8,wind turbin,8: wind turbin,
8,wind turbin,8: wind turbin,
8,wind turbin,8: wind turbin,
8,wind turbin,8: wind turbin,
8,wind turbin,8: wind turbin,
8,wind turbin,8: wind turbin,
8,wind turbin,8: wind turbin,
8,wind turbin,8: wind turbin,
8,wind turbin,8: wind turbin,
8,wind turbin,8: wind turbin,
8,wind turbin,8: wind turbin,
8,wind turbin,8: wind turbin,
8,wind turbin,8: wind turbin,
8,wind turbin,8: wind turbin,
8,wind turbin,8: wind turbin,
8,wind turbin,8: wind turbin,
8,wind turbin,8: wind turbin,
8,wind turbin,8: wind turbin,
8,wind turbin,8: wind turbin,
8,wind turbin,8: wind turbin,
8,wind turbin,8: wind turbin,
8,wind turbin,8: wind turbin,
5,offshor grid,5: offshor grid,
5,offshor grid,5: offshor grid,
5,offshor grid,5: offshor grid,
5,offshor grid,5: offshor grid,
5,offshor grid,5: offshor grid,
5,offshor grid,5: offshor grid,
5,offshor grid,5: offshor grid,
5,offshor grid,5: offshor grid,
5,offshor grid,5: offshor grid,
5,offshor grid,5: offshor grid,
5,offshor grid,5: offshor grid,
5,offshor grid,5: offshor grid,
5,offshor grid,5: offshor grid,
5,offshor grid,5: offshor grid,
5,offshor grid,5: offshor grid,
5,offshor grid,5: offshor grid,
5,offshor grid,5: offshor grid,
5,offshor grid,5: offshor grid,
5,offshor grid,5: offshor grid,
5,offshor grid,5: offshor grid,
5,offshor grid,5: offshor grid,
5,offshor grid,5: offshor grid,
5,offshor grid,5: offshor grid,
5,offshor grid,5: offshor grid,
5,offshor grid,5: offshor grid,
5,offshor grid,5: offshor grid,
5,offshor grid,5: offshor grid,
5,offshor grid,5: offshor grid,
5,offshor grid,5: offshor grid,
5,offshor grid,5: offshor grid,
5,offshor grid,5: offshor grid,
5,offshor grid,5: offshor grid,
5,offshor grid,5: offshor grid,
5,offshor grid,5: offshor grid,
5,offshor grid,5: offshor grid,
5,offshor grid,5: offshor grid,
5,offshor grid,5: offshor grid,
5,offshor grid,5: offshor grid,
5,offshor grid,5: offshor grid,
5,offshor grid,5: offshor grid,
5,offshor grid,5: offshor grid,
5,offshor grid,5: offshor grid,
5,offshor grid,5: offshor grid,
5,offshor grid,5: offshor grid,
5,offshor grid,5: offshor grid,
5,offshor grid,5: offshor grid,
5,offshor grid,5: offshor grid,
5,offshor grid,5: offshor grid,
5,offshor grid,5: offshor grid,
5,offshor grid,5: offshor grid,
5,offshor grid,5: offshor grid,
5,offshor grid,5: offshor grid,
5,offshor grid,5: offshor grid,
5,offshor grid,5: offshor grid,
5,offshor grid,5: offshor grid,
5,offshor grid,5: offshor grid,
5,offshor grid,5: offshor grid,
5,offshor grid,5: offshor grid,
5,offshor grid,5: offshor grid,
5,offshor grid,5: offshor grid,
5,offshor grid,5: offshor grid,
5,offshor grid,5: offshor grid,
5,offshor grid,5: offshor grid,
5,offshor grid,5: offshor grid,
5,offshor grid,5: offshor grid,
5,offshor grid,5: offshor grid,
5,offshor grid,5: offshor grid,
5,offshor grid,5: offshor grid,
5,offshor grid,5: offshor grid,
5,offshor grid,5: offshor grid,
5,offshor grid,5: offshor grid,
5,offshor grid,5: offshor grid,
5,offshor grid,5: offshor grid,
5,offshor grid,5: offshor grid,
5,offshor grid,5: offshor grid,
5,offshor grid,5: offshor grid,
5,offshor grid,5: offshor grid,
5,offshor grid,5: offshor grid,
5,offshor grid,5: offshor grid,
5,offshor grid,5: offshor grid,
5,offshor grid,5: offshor grid,
5,offshor grid,5: offshor grid,
5,offshor grid,5: offshor grid,
5,offshor grid,5: offshor grid,
5,offshor grid,5: offshor grid,
5,offshor grid,5: offshor grid,
5,offshor grid,5: offshor grid,
5,offshor grid,5: offshor grid,
5,offshor grid,5: offshor grid,
5,offshor grid,5: offshor grid,
5,offshor grid,5: offshor grid,
5,offshor grid,5: offshor grid,
5,offshor grid,5: offshor grid,
5,offshor grid,5: offshor grid,
5,offshor grid,5: offshor grid,
5,offshor grid,5: offshor grid,
5,offshor grid,5: offshor grid,
5,offshor grid,5: offshor grid,
5,offshor grid,5: offshor grid,
5,offshor grid,5: offshor grid,
5,offshor grid,5: offshor grid,
5,offshor grid,5: offshor grid,
5,offshor grid,5: offshor grid,
5,offshor grid,5: offshor grid,
5,offshor grid,5: offshor grid,
5,offshor grid,5: offshor grid,
5,offshor grid,5: offshor grid,
5,offshor grid,5: offshor grid,
5,offshor grid,5: offshor grid,
5,offshor grid,5: offshor grid,
5,offshor grid,5: offshor grid,
5,offshor grid,5: offshor grid,
5,offshor grid,5: offshor grid,
5,offshor grid,5: offshor grid,
5,offshor grid,5: offshor grid,
5,offshor grid,5: offshor grid,
5,offshor grid,5: offshor grid,
5,offshor grid,5: offshor grid,
5,offshor grid,5: offshor grid,
5,offshor grid,5: offshor grid,
5,offshor grid,5: offshor grid,
5,offshor grid,5: offshor grid,
5,offshor grid,5: offshor grid,
5,offshor grid,5: offshor grid,
5,offshor grid,5: offshor grid,
5,offshor grid,5: offshor grid,
5,offshor grid,5: offshor grid,
5,offshor grid,5: offshor grid,
5,offshor grid,5: offshor grid,
5,offshor grid,5: offshor grid,
5,offshor grid,5: offshor grid,
5,offshor grid,5: offshor grid,
5,offshor grid,5: offshor grid,
5,offshor grid,5: offshor grid,
5,offshor grid,5: offshor grid,
5,offshor grid,5: offshor grid,
5,offshor grid,5: offshor grid,
5,offshor grid,5: offshor grid,
5,offshor grid,5: offshor grid,
5,offshor grid,5: offshor grid,
5,offshor grid,5: offshor grid,
5,offshor grid,5: offshor grid,
5,offshor grid,5: offshor grid,
5,offshor grid,5: offshor grid,
5,offshor grid,5: offshor grid,
5,offshor grid,5: offshor grid,
5,offshor grid,5: offshor grid,
5,offshor grid,5: offshor grid,
5,offshor grid,5: offshor grid,
5,offshor grid,5: offshor grid,
5,offshor grid,5: offshor grid,
5,offshor grid,5: offshor grid,
5,offshor grid,5: offshor grid,
5,offshor grid,5: offshor grid,
5,offshor grid,5: offshor grid,
5,offshor grid,5: offshor grid,
5,offshor grid,5: offshor grid,
5,offshor grid,5: offshor grid,
5,offshor grid,5: offshor grid,
5,offshor grid,5: offshor grid,
5,offshor grid,5: offshor grid,
5,offshor grid,5: offshor grid,
5,offshor grid,5: offshor grid,
5,offshor grid,5: offshor grid,
5,offshor grid,5: offshor grid,
5,offshor grid,5: offshor grid,
5,offshor grid,5: offshor grid,
5,offshor grid,5: offshor grid,
5,offshor grid,5: offshor grid,
5,offshor grid,5: offshor grid,
5,offshor grid,5: offshor grid,
5,offshor grid,5: offshor grid,
5,offshor grid,5: offshor grid,
5,offshor grid,5: offshor grid,
5,offshor grid,5: offshor grid,
3,offshor wind,3: offshor wind,
3,offshor wind,3: offshor wind,
3,offshor wind,3: offshor wind,
3,offshor wind,3: offshor wind,
3,offshor wind,3: offshor wind,
3,offshor wind,3: offshor wind,
3,offshor wind,3: offshor wind,
3,offshor wind,3: offshor wind,
3,offshor wind,3: offshor wind,
3,offshor wind,3: offshor wind,
3,offshor wind,3: offshor wind,
3,offshor wind,3: offshor wind,
3,offshor wind,3: offshor wind,
3,offshor wind,3: offshor wind,
3,offshor wind,3: offshor wind,
3,offshor wind,3: offshor wind,
3,offshor wind,3: offshor wind,
3,offshor wind,3: offshor wind,
3,offshor wind,3: offshor wind,
3,offshor wind,3: offshor wind,
3,offshor wind,3: offshor wind,
3,offshor wind,3: offshor wind,
3,offshor wind,3: offshor wind,
3,offshor wind,3: offshor wind,
3,offshor wind,3: offshor wind,
3,offshor wind,3: offshor wind,
3,offshor wind,3: offshor wind,
3,offshor wind,3: offshor wind,
3,offshor wind,3: offshor wind,
3,offshor wind,3: offshor wind,
3,offshor wind,3: offshor wind,
3,offshor wind,3: offshor wind,
3,offshor wind,3: offshor wind,
3,offshor wind,3: offshor wind,
3,offshor wind,3: offshor wind,
3,offshor wind,3: offshor wind,
3,offshor wind,3: offshor wind,
3,offshor wind,3: offshor wind,
3,offshor wind,3: offshor wind,
3,offshor wind,3: offshor wind,
3,offshor wind,3: offshor wind,
3,offshor wind,3: offshor wind,
3,offshor wind,3: offshor wind,
3,offshor wind,3: offshor wind,
3,offshor wind,3: offshor wind,
3,offshor wind,3: offshor wind,
3,offshor wind,3: offshor wind,
3,offshor wind,3: offshor wind,
3,offshor wind,3: offshor wind,
3,offshor wind,3: offshor wind,
3,offshor wind,3: offshor wind,
3,offshor wind,3: offshor wind,
3,offshor wind,3: offshor wind,
3,offshor wind,3: offshor wind,
3,offshor wind,3: offshor wind,
3,offshor wind,3: offshor wind,
3,offshor wind,3: offshor wind,
3,offshor wind,3: offshor wind,
3,offshor wind,3: offshor wind,
3,offshor wind,3: offshor wind,
3,offshor wind,3: offshor wind,
3,offshor wind,3: offshor wind,
3,offshor wind,3: offshor wind,
3,offshor wind,3: offshor wind,
3,offshor wind,3: offshor wind,
3,offshor wind,3: offshor wind,
3,offshor wind,3: offshor wind,
3,offshor wind,3: offshor wind,
3,offshor wind,3: offshor wind,
3,offshor wind,3: offshor wind,
3,offshor wind,3: offshor wind,
3,offshor wind,3: offshor wind,
3,offshor wind,3: offshor wind,
3,offshor wind,3: offshor wind,
3,offshor wind,3: offshor wind,
3,offshor wind,3: offshor wind,
3,offshor wind,3: offshor wind,
3,offshor wind,3: offshor wind,
3,offshor wind,3: offshor wind,
3,offshor wind,3: offshor wind,
3,offshor wind,3: offshor wind,
3,offshor wind,3: offshor wind,
3,offshor wind,3: offshor wind,
3,offshor wind,3: offshor wind,
3,offshor wind,3: offshor wind,
3,offshor wind,3: offshor wind,
3,offshor wind,3: offshor wind,
3,offshor wind,3: offshor wind,
3,offshor wind,3: offshor wind,
3,offshor wind,3: offshor wind,
3,offshor wind,3: offshor wind,
3,offshor wind,3: offshor wind,
3,offshor wind,3: offshor wind,
3,offshor wind,3: offshor wind,
3,offshor wind,3: offshor wind,
3,offshor wind,3: offshor wind,
3,offshor wind,3: offshor wind,
3,offshor wind,3: offshor wind,
3,offshor wind,3: offshor wind,
3,offshor wind,3: offshor wind,
3,offshor wind,3: offshor wind,
3,offshor wind,3: offshor wind,
3,offshor wind,3: offshor wind,
3,offshor wind,3: offshor wind,
3,offshor wind,3: offshor wind,
3,offshor wind,3: offshor wind,
3,offshor wind,3: offshor wind,
3,offshor wind,3: offshor wind,
3,offshor wind,3: offshor wind,
3,offshor wind,3: offshor wind,
3,offshor wind,3: offshor wind,
3,offshor wind,3: offshor wind,
3,offshor wind,3: offshor wind,
0,energi island,0: energi island,
0,energi island,0: energi island,
0,energi island,0: energi island,
0,energi island,0: energi island,
0,energi island,0: energi island,
0,energi island,0: energi island,
0,energi island,0: energi island,
0,energi island,0: energi island,
0,energi island,0: energi island,
0,energi island,0: energi island,
0,energi island,0: energi island,
0,energi island,0: energi island,
0,energi island,0: energi island,
0,energi island,0: energi island,
0,energi island,0: energi island,
0,energi island,0: energi island,
0,energi island,0: energi island,
0,energi island,0: energi island,
0,energi island,0: energi island,
0,energi island,0: energi island,
0,energi island,0: energi island,
0,energi island,0: energi island,
0,energi island,0: energi island,
0,energi island,0: energi island,
0,energi island,0: energi island,
0,energi island,0: energi island,
0,energi island,0: energi island,
0,energi island,0: energi island,
0,energi island,0: energi island,
0,energi island,0: energi island,
0,energi island,0: energi island,
0,energi island,0: energi island,
0,energi island,0: energi island,
0,energi island,0: energi island,
0,energi island,0: energi island,
0,energi island,0: energi island,
0,energi island,0: energi island,
0,energi island,0: energi island,
0,energi island,0: energi island,
0,energi island,0: energi island,
0,energi island,0: energi island,
0,energi island,0: energi island,
0,energi island,0: energi island,
0,energi island,0: energi island,
0,energi island,0: energi island,
0,energi island,0: energi island,
0,energi island,0: energi island,
0,energi island,0: energi island,
0,energi island,0: energi island,
0,energi island,0: energi island,
0,energi island,0: energi island,
0,energi island,0: energi island,
0,energi island,0: energi island,
0,energi island,0: energi island,
0,energi island,0: energi island,
0,energi island,0: energi island,
0,energi island,0: energi island,
0,energi island,0: energi island,
0,energi island,0: energi island,
0,energi island,0: energi island,
0,energi island,0: energi island,
0,energi island,0: energi island,
0,energi island,0: energi island,
0,energi island,0: energi island,
0,energi island,0: energi island,
0,energi island,0: energi island,
0,energi island,0: energi island,
0,energi island,0: energi island,
0,energi island,0: energi island,
0,energi island,0: energi island,
0,energi island,0: energi island,
0,energi island,0: energi island,
0,energi island,0: energi island,
0,energi island,0: energi island,
0,energi island,0: energi island,
0,energi island,0: energi island,
0,energi island,0: energi island,
0,energi island,0: energi island,
0,energi island,0: energi island,
0,energi island,0: energi island,
0,energi island,0: energi island,
0,energi island,0: energi island,
0,energi island,0: energi island,
0,energi island,0: energi island,
0,energi island,0: energi island,
0,energi island,0: energi island,
0,energi island,0: energi island,
0,energi island,0: energi island,
0,energi island,0: energi island,
0,energi island,0: energi island,
0,energi island,0: energi island,
0,energi island,0: energi island,
0,energi island,0: energi island,
0,energi island,0: energi island,
0,energi island,0: energi island,
0,energi island,0: energi island,
0,energi island,0: energi island,
0,energi island,0: energi island,
0,energi island,0: energi island,
0,energi island,0: energi island,
0,energi island,0: energi island,
0,energi island,0: energi island,
0,energi island,0: energi island,
0,energi island,0: energi island,
0,energi island,0: energi island,
0,energi island,0: energi island,
0,energi island,0: energi island,
0,energi island,0: energi island,
0,energi island,0: energi island,
0,energi island,0: energi island,
0,energi island,0: energi island,
0,energi island,0: energi island,
0,energi island,0: energi island,
0,energi island,0: energi island,
0,energi island,0: energi island,
0,energi island,0: energi island,
0,energi island,0: energi island,
0,energi island,0: energi island,
0,energi island,0: energi island,
0,energi island,0: energi island,
0,energi island,0: energi island,
0,energi island,0: energi island,
0,energi island,0: energi island,
0,energi island,0: energi island,
0,energi island,0: energi island,
0,energi island,0: energi island,
0,energi island,0: energi island,
0,energi island,0: energi island,
0,energi island,0: energi island,
0,energi island,0: energi island,
0,energi island,0: energi island,
0,energi island,0: energi island,
0,energi island,0: energi island,
0,energi island,0: energi island,
0,energi island,0: energi island,
0,energi island,0: energi island,
0,energi island,0: energi island,
0,energi island,0: energi island,
0,energi island,0: energi island,
0,energi island,0: energi island,
0,energi island,0: energi island,
0,energi island,0: energi island,
0,energi island,0: energi island,
0,energi island,0: energi island,
0,energi island,0: energi island,
0,energi island,0: energi island,
0,energi island,0: energi island,
0,energi island,0: energi island,
0,energi island,0: energi island,
0,energi island,0: energi island,
0,energi island,0: energi island,
0,energi island,0: energi island,
0,energi island,0: energi island,
0,energi island,0: energi island,
0,energi island,0: energi island,
0,energi island,0: energi island,
0,energi island,0: energi island,
0,energi island,0: energi island,
0,energi island,0: energi island,
0,energi island,0: energi island,
0,energi island,0: energi island,
0,energi island,0: energi island,
0,energi island,0: energi island,
0,energi island,0: energi island,
0,energi island,0: energi island,
0,energi island,0: energi island,
0,energi island,0: energi island,
0,energi island,0: energi island,
0,energi island,0: energi island,
0,energi island,0: energi island,
0,energi island,0: energi island,
0,energi island,0: energi island,
0,energi island,0: energi island,
0,energi island,0: energi island,
0,energi island,0: energi island,
0,energi island,0: energi island,
0,energi island,0: energi island,
0,energi island,0: energi island,
0,energi island,0: energi island,
0,energi island,0: energi island,
0,energi island,0: energi island,
0,energi island,0: energi island,
0,energi island,0: energi island,
0,energi island,0: energi island,
0,energi island,0: energi island,
0,energi island,0: energi island,
0,energi island,0: energi island,
0,energi island,0: energi island,
0,energi island,0: energi island,
0,energi island,0: energi island,
0,energi island,0: energi island,
0,energi island,0: energi island,
0,energi island,0: energi island,
0,energi island,0: energi island,
0,energi island,0: energi island,
0,energi island,0: energi island,
0,energi island,0: energi island,
0,energi island,0: energi island,
0,energi island,0: energi island,
0,energi island,0: energi island,
0,energi island,0: energi island,
0,energi island,0: energi island,
0,energi island,0: energi island,
0,energi island,0: energi island,
0,energi island,0: energi island,
0,energi island,0: energi island,
0,energi island,0: energi island,
0,energi island,0: energi island,
0,energi island,0: energi island,
0,energi island,0: energi island,
0,energi island,0: energi island,
0,energi island,0: energi island,
0,energi island,0: energi island,
0,energi island,0: energi island,
0,energi island,0: energi island,
0,energi island,0: energi island,
0,energi island,0: energi island,
0,energi island,0: energi island,
0,energi island,0: energi island,
0,energi island,0: energi island,
0,energi island,0: energi island,
0,energi island,0: energi island,
0,energi island,0: energi island,
0,energi island,0: energi island,
0,energi island,0: energi island,
0,energi island,0: energi island,
0,energi island,0: energi island,
0,energi island,0: energi island,
0,energi island,0: energi island,
0,energi island,0: energi island,
0,energi island,0: energi island,
0,energi island,0: energi island,
0,energi island,0: energi island,
0,energi island,0: energi island,
0,energi island,0: energi island,
0,energi island,0: energi island,
0,energi island,0: energi island,
0,energi island,0: energi island,
0,energi island,0: energi island,
0,energi island,0: energi island,
0,energi island,0: energi island,
0,energi island,0: energi island,
0,energi island,0: energi island,
0,energi island,0: energi island,
0,energi island,0: energi island,
0,energi island,0: energi island,
0,energi island,0: energi island,
0,energi island,0: energi island,
0,energi island,0: energi island,
0,energi island,0: energi island,
0,energi island,0: energi island,
0,energi island,0: energi island,
0,energi island,0: energi island,
0,energi island,0: energi island,
0,energi island,0: energi island,
0,energi island,0: energi island,
0,energi island,0: energi island,
0,energi island,0: energi island,
0,energi island,0: energi island,
0,energi island,0: energi island,
0,energi island,0: energi island,
0,energi island,0: energi island,
0,energi island,0: energi island,
0,energi island,0: energi island,
0,energi island,0: energi island,
0,energi island,0: energi island,
0,energi island,0: energi island,
0,energi island,0: energi island,
0,energi island,0: energi island,
0,energi island,0: energi island,
0,energi island,0: energi island,
0,energi island,0: energi island,
0,energi island,0: energi island,
0,energi island,0: energi island,
0,energi island,0: energi island,
0,energi island,0: energi island,
0,energi island,0: energi island,
0,energi island,0: energi island,
0,energi island,0: energi island,
0,energi island,0: energi island,
0,energi island,0: energi island,
0,energi island,0: energi island,
0,energi island,0: energi island,
0,energi island,0: energi island,
0,energi island,0: energi island,
0,energi island,0: energi island,
0,energi island,0: energi island,
0,energi island,0: energi island,
0,energi island,0: energi island,
0,energi island,0: energi island,
0,energi island,0: energi island,
0,energi island,0: energi island,
0,energi island,0: energi island,
0,energi island,0: energi island,
0,energi island,0: energi island,
0,energi island,0: energi island,
0,energi island,0: energi island,
0,energi island,0: energi island,
0,energi island,0: energi island,
0,energi island,0: energi island,
0,energi island,0: energi island,
0,energi island,0: energi island,
0,energi island,0: energi island,
0,energi island,0: energi island,
0,energi island,0: energi island,
0,energi island,0: energi island,
0,energi island,0: energi island,
0,energi island,0: energi island,
0,energi island,0: energi island,
0,energi island,0: energi island,
0,energi island,0: energi island,
0,energi island,0: energi island,
0,energi island,0: energi island,
0,energi island,0: energi island,
4,baltic sea,4: baltic sea,
4,baltic sea,4: baltic sea,
4,baltic sea,4: baltic sea,
4,baltic sea,4: baltic sea,
4,baltic sea,4: baltic sea,
4,baltic sea,4: baltic sea,
4,baltic sea,4: baltic sea,
4,baltic sea,4: baltic sea,
4,baltic sea,4: baltic sea,
4,baltic sea,4: baltic sea,
4,baltic sea,4: baltic sea,
4,baltic sea,4: baltic sea,
4,baltic sea,4: baltic sea,
4,baltic sea,4: baltic sea,
4,baltic sea,4: baltic sea,
4,baltic sea,4: baltic sea,
4,baltic sea,4: baltic sea,
4,baltic sea,4: baltic sea,
4,baltic sea,4: baltic sea,
4,baltic sea,4: baltic sea,
4,baltic sea,4: baltic sea,
4,baltic sea,4: baltic sea,
4,baltic sea,4: baltic sea,
4,baltic sea,4: baltic sea,
4,baltic sea,4: baltic sea,
4,baltic sea,4: baltic sea,
4,baltic sea,4: baltic sea,
4,baltic sea,4: baltic sea,
4,baltic sea,4: baltic sea,
4,baltic sea,4: baltic sea,
4,baltic sea,4: baltic sea,
4,baltic sea,4: baltic sea,
4,baltic sea,4: baltic sea,
4,baltic sea,4: baltic sea,
4,baltic sea,4: baltic sea,
4,baltic sea,4: baltic sea,
4,baltic sea,4: baltic sea,
4,baltic sea,4: baltic sea,
4,baltic sea,4: baltic sea,
4,baltic sea,4: baltic sea,
4,baltic sea,4: baltic sea,
4,baltic sea,4: baltic sea,
4,baltic sea,4: baltic sea,
4,baltic sea,4: baltic sea,
4,baltic sea,4: baltic sea,
4,baltic sea,4: baltic sea,
4,baltic sea,4: baltic sea,
4,baltic sea,4: baltic sea,
4,baltic sea,4: baltic sea,
4,baltic sea,4: baltic sea,
4,baltic sea,4: baltic sea,
4,baltic sea,4: baltic sea,
4,baltic sea,4: baltic sea,
4,baltic sea,4: baltic sea,
4,baltic sea,4: baltic sea,
4,baltic sea,4: baltic sea,
4,baltic sea,4: baltic sea,
4,baltic sea,4: baltic sea,
4,baltic sea,4: baltic sea,
4,baltic sea,4: baltic sea,
4,baltic sea,4: baltic sea,
4,baltic sea,4: baltic sea,
4,baltic sea,4: baltic sea,
4,baltic sea,4: baltic sea,
4,baltic sea,4: baltic sea,
4,baltic sea,4: baltic sea,
4,baltic sea,4: baltic sea,
4,baltic sea,4: baltic sea,
4,baltic sea,4: baltic sea,
4,baltic sea,4: baltic sea,
4,baltic sea,4: baltic sea,
4,baltic sea,4: baltic sea,
4,baltic sea,4: baltic sea,
4,baltic sea,4: baltic sea,
4,baltic sea,4: baltic sea,
4,baltic sea,4: baltic sea,
4,baltic sea,4: baltic sea,
4,baltic sea,4: baltic sea,
4,baltic sea,4: baltic sea,
4,baltic sea,4: baltic sea,
4,baltic sea,4: baltic sea,
4,baltic sea,4: baltic sea,
4,baltic sea,4: baltic sea,
4,baltic sea,4: baltic sea,
4,baltic sea,4: baltic sea,
4,baltic sea,4: baltic sea,
4,baltic sea,4: baltic sea,
4,baltic sea,4: baltic sea,
4,baltic sea,4: baltic sea,
4,baltic sea,4: baltic sea,
4,baltic sea,4: baltic sea,
4,baltic sea,4: baltic sea,
4,baltic sea,4: baltic sea,
4,baltic sea,4: baltic sea,
4,baltic sea,4: baltic sea,
4,baltic sea,4: baltic sea,
4,baltic sea,4: baltic sea,
4,baltic sea,4: baltic sea,
4,baltic sea,4: baltic sea,
4,baltic sea,4: baltic sea,
4,baltic sea,4: baltic sea,
4,baltic sea,4: baltic sea,
4,baltic sea,4: baltic sea,
4,baltic sea,4: baltic sea,
4,baltic sea,4: baltic sea,
4,baltic sea,4: baltic sea,
4,baltic sea,4: baltic sea,
4,baltic sea,4: baltic sea,
4,baltic sea,4: baltic sea,
4,baltic sea,4: baltic sea,
4,baltic sea,4: baltic sea,
4,baltic sea,4: baltic sea,
4,baltic sea,4: baltic sea,
4,baltic sea,4: baltic sea,
4,baltic sea,4: baltic sea,
4,baltic sea,4: baltic sea,
4,baltic sea,4: baltic sea,
4,baltic sea,4: baltic sea,
4,baltic sea,4: baltic sea,
4,baltic sea,4: baltic sea,
4,baltic sea,4: baltic sea,
4,baltic sea,4: baltic sea,
4,baltic sea,4: baltic sea,
4,baltic sea,4: baltic sea,
4,baltic sea,4: baltic sea,
4,baltic sea,4: baltic sea,
4,baltic sea,4: baltic sea,
4,baltic sea,4: baltic sea,
4,baltic sea,4: baltic sea,
4,baltic sea,4: baltic sea,
4,baltic sea,4: baltic sea,
4,baltic sea,4: baltic sea,
4,baltic sea,4: baltic sea,
4,baltic sea,4: baltic sea,
4,baltic sea,4: baltic sea,
4,baltic sea,4: baltic sea,
4,baltic sea,4: baltic sea,
4,baltic sea,4: baltic sea,
0,energi island,0: energi island,
0,energi island,0: energi island,
0,energi island,0: energi island,
0,energi island,0: energi island,
0,energi island,0: energi island,
0,energi island,0: energi island,
0,energi island,0: energi island,
0,energi island,0: energi island,
0,energi island,0: energi island,
0,energi island,0: energi island,
0,energi island,0: energi island,
0,energi island,0: energi island,
0,energi island,0: energi island,
0,energi island,0: energi island,
0,energi island,0: energi island,
0,energi island,0: energi island,
0,energi island,0: energi island,
0,energi island,0: energi island,
0,energi island,0: energi island,
0,energi island,0: energi island,
0,energi island,0: energi island,
0,energi island,0: energi island,
0,energi island,0: energi island,
0,energi island,0: energi island,
0,energi island,0: energi island,
0,energi island,0: energi island,
0,energi island,0: energi island,
0,energi island,0: energi island,
0,energi island,0: energi island,
0,energi island,0: energi island,
0,energi island,0: energi island,
0,energi island,0: energi island,
0,energi island,0: energi island,
0,energi island,0: energi island,
0,energi island,0: energi island,
0,energi island,0: energi island,
0,energi island,0: energi island,
0,energi island,0: energi island,
0,energi island,0: energi island,
0,energi island,0: energi island,
0,energi island,0: energi island,
0,energi island,0: energi island,
0,energi island,0: energi island,
0,energi island,0: energi island,
0,energi island,0: energi island,
0,energi island,0: energi island,
0,energi island,0: energi island,
0,energi island,0: energi island,
0,energi island,0: energi island,
0,energi island,0: energi island,
0,energi island,0: energi island,
0,energi island,0: energi island,
0,energi island,0: energi island,
0,energi island,0: energi island,
0,energi island,0: energi island,
0,energi island,0: energi island,
0,energi island,0: energi island,
0,energi island,0: energi island,
0,energi island,0: energi island,
0,energi island,0: energi island,
0,energi island,0: energi island,
0,energi island,0: energi island,
0,energi island,0: energi island,
0,energi island,0: energi island,
0,energi island,0: energi island,
0,energi island,0: energi island,
0,energi island,0: energi island,
0,energi island,0: energi island,
0,energi island,0: energi island,
0,energi island,0: energi island,
0,energi island,0: energi island,
0,energi island,0: energi island,
0,energi island,0: energi island,
0,energi island,0: energi island,
0,energi island,0: energi island,
0,energi island,0: energi island,
0,energi island,0: energi island,
0,energi island,0: energi island,
0,energi island,0: energi island,
0,energi island,0: energi island,
0,energi island,0: energi island,
0,energi island,0: energi island,
0,energi island,0: energi island,
0,energi island,0: energi island,
0,energi island,0: energi island,
0,energi island,0: energi island,
0,energi island,0: energi island,
0,energi island,0: energi island,
0,energi island,0: energi island,
0,energi island,0: energi island,
0,energi island,0: energi island,
0,energi island,0: energi island,
0,energi island,0: energi island,
0,energi island,0: energi island,
0,energi island,0: energi island,
0,energi island,0: energi island,
0,energi island,0: energi island,
0,energi island,0: energi island,
0,energi island,0: energi island,
0,energi island,0: energi island,
0,energi island,0: energi island,
0,energi island,0: energi island,
0,energi island,0: energi island,
0,energi island,0: energi island,
0,energi island,0: energi island,
0,energi island,0: energi island,
0,energi island,0: energi island,
0,energi island,0: energi island,
0,energi island,0: energi island,
0,energi island,0: energi island,
0,energi island,0: energi island,
0,energi island,0: energi island,
0,energi island,0: energi island,
0,energi island,0: energi island,
0,energi island,0: energi island,
0,energi island,0: energi island,
0,energi island,0: energi island,
0,energi island,0: energi island,
0,energi island,0: energi island,
0,energi island,0: energi island,
0,energi island,0: energi island,
0,energi island,0: energi island,
0,energi island,0: energi island,
0,energi island,0: energi island,
0,energi island,0: energi island,
0,energi island,0: energi island,
0,energi island,0: energi island,
0,energi island,0: energi island,
0,energi island,0: energi island,
0,energi island,0: energi island,
0,energi island,0: energi island,
0,energi island,0: energi island,
0,energi island,0: energi island,
0,energi island,0: energi island,
0,energi island,0: energi island,
0,energi island,0: energi island,
0,energi island,0: energi island,
0,energi island,0: energi island,
0,energi island,0: energi island,
0,energi island,0: energi island,
0,energi island,0: energi island,
0,energi island,0: energi island,
0,energi island,0: energi island,
0,energi island,0: energi island,
0,energi island,0: energi island,
0,energi island,0: energi island,
0,energi island,0: energi island,
0,energi island,0: energi island,
0,energi island,0: energi island,
0,energi island,0: energi island,
0,energi island,0: energi island,
0,energi island,0: energi island,
0,energi island,0: energi island,
0,energi island,0: energi island,
0,energi island,0: energi island,
0,energi island,0: energi island,
0,energi island,0: energi island,
0,energi island,0: energi island,
0,energi island,0: energi island,
0,energi island,0: energi island,
0,energi island,0: energi island,
0,energi island,0: energi island,
0,energi island,0: energi island,
0,energi island,0: energi island,
0,energi island,0: energi island,
0,energi island,0: energi island,
0,energi island,0: energi island,
0,energi island,0: energi island,
0,energi island,0: energi island,
0,energi island,0: energi island,
0,energi island,0: energi island,
0,energi island,0: energi island,
0,energi island,0: energi island,
0,energi island,0: energi island,
0,energi island,0: energi island,
0,energi island,0: energi island,
0,energi island,0: energi island,
0,energi island,0: energi island,
0,energi island,0: energi island,
0,energi island,0: energi island,
0,energi island,0: energi island,
0,energi island,0: energi island,
0,energi island,0: energi island,
0,energi island,0: energi island,
0,energi island,0: energi island,
0,energi island,0: energi island,
0,energi island,0: energi island,
0,energi island,0: energi island,
0,energi island,0: energi island,
0,energi island,0: energi island,
0,energi island,0: energi island,
0,energi island,0: energi island,
0,energi island,0: energi island,
0,energi island,0: energi island,
0,energi island,0: energi island,
0,energi island,0: energi island,
0,energi island,0: energi island,
0,energi island,0: energi island,
0,energi island,0: energi island,
0,energi island,0: energi island,
0,energi island,0: energi island,
0,energi island,0: energi island,
0,energi island,0: energi island,
0,energi island,0: energi island,
0,energi island,0: energi island,
0,energi island,0: energi island,
0,energi island,0: energi island,
0,energi island,0: energi island,
0,energi island,0: energi island,
0,energi island,0: energi island,
0,energi island,0: energi island,
0,energi island,0: energi island,
0,energi island,0: energi island,
0,energi island,0: energi island,
0,energi island,0: energi island,
0,energi island,0: energi island,
0,energi island,0: energi island,
0,energi island,0: energi island,
0,energi island,0: energi island,
0,energi island,0: energi island,
0,energi island,0: energi island,
0,energi island,0: energi island,
0,energi island,0: energi island,
0,energi island,0: energi island,
0,energi island,0: energi island,
0,energi island,0: energi island,
0,energi island,0: energi island,
0,energi island,0: energi island,
0,energi island,0: energi island,
0,energi island,0: energi island,
0,energi island,0: energi island,
0,energi island,0: energi island,
0,energi island,0: energi island,
0,energi island,0: energi island,
0,energi island,0: energi island,
0,energi island,0: energi island,
0,energi island,0: energi island,
0,energi island,0: energi island,
0,energi island,0: energi island,
0,energi island,0: energi island,
0,energi island,0: energi island,
0,energi island,0: energi island,
0,energi island,0: energi island,
0,energi island,0: energi island,
0,energi island,0: energi island,
0,energi island,0: energi island,
0,energi island,0: energi island,
0,energi island,0: energi island,
0,energi island,0: energi island,
0,energi island,0: energi island,
0,energi island,0: energi island,
0,energi island,0: energi island,
0,energi island,0: energi island,
0,energi island,0: energi island,
0,energi island,0: energi island,
0,energi island,0: energi island,
0,energi island,0: energi island,
0,energi island,0: energi island,
0,energi island,0: energi island,
0,energi island,0: energi island,
0,energi island,0: energi island,
0,energi island,0: energi island,
0,energi island,0: energi island,
0,energi island,0: energi island,
0,energi island,0: energi island,
0,energi island,0: energi island,
0,energi island,0: energi island,
0,energi island,0: energi island,
0,energi island,0: energi island,
0,energi island,0: energi island,
0,energi island,0: energi island,
0,energi island,0: energi island,
0,energi island,0: energi island,
0,energi island,0: energi island,
0,energi island,0: energi island,
0,energi island,0: energi island,
0,energi island,0: energi island,
0,energi island,0: energi island,
0,energi island,0: energi island,
0,energi island,0: energi island,
0,energi island,0: energi island,
0,energi island,0: energi island,
0,energi island,0: energi island,
0,energi island,0: energi island,
0,energi island,0: energi island,
0,energi island,0: energi island,
0,energi island,0: energi island,
0,energi island,0: energi island,
0,energi island,0: energi island,
0,energi island,0: energi island,
0,energi island,0: energi island,
0,energi island,0: energi island,
0,energi island,0: energi island,
0,energi island,0: energi island,
0,energi island,0: energi island,
0,energi island,0: energi island,
0,energi island,0: energi island,
0,energi island,0: energi island,
0,energi island,0: energi island,
0,energi island,0: energi island,
0,energi island,0: energi island,
0,energi island,0: energi island,
0,energi island,0: energi island,
0,energi island,0: energi island,
0,energi island,0: energi island,
0,energi island,0: energi island,
0,energi island,0: energi island,
0,energi island,0: energi island,
0,energi island,0: energi island,
0,energi island,0: energi island,
0,energi island,0: energi island,
0,energi island,0: energi island,
0,energi island,0: energi island,
0,energi island,0: energi island,
0,energi island,0: energi island,
0,energi island,0: energi island,
0,energi island,0: energi island,
0,energi island,0: energi island,
0,energi island,0: energi island,
0,energi island,0: energi island,
0,energi island,0: energi island,
0,energi island,0: energi island,
0,energi island,0: energi island,
0,energi island,0: energi island,
0,energi island,0: energi island,
0,energi island,0: energi island,
0,energi island,0: energi island,
0,energi island,0: energi island,
0,energi island,0: energi island,
0,energi island,0: energi island,
0,energi island,0: energi island,
0,energi island,0: energi island,
0,energi island,0: energi island,
0,energi island,0: energi island,
0,energi island,0: energi island,
0,energi island,0: energi island,
0,energi island,0: energi island,
0,energi island,0: energi island,
0,energi island,0: energi island,
0,energi island,0: energi island,
0,energi island,0: energi island,
0,energi island,0: energi island,
0,energi island,0: energi island,
0,energi island,0: energi island,
0,energi island,0: energi island,
0,energi island,0: energi island,
0,energi island,0: energi island,
0,energi island,0: energi island,
0,energi island,0: energi island,
0,energi island,0: energi island,
0,energi island,0: energi island,
0,energi island,0: energi island,
0,energi island,0: energi island,
0,energi island,0: energi island,
0,energi island,0: energi island,
0,energi island,0: energi island,
0,energi island,0: energi island,
0,energi island,0: energi island,
0,energi island,0: energi island,
0,energi island,0: energi island,
0,energi island,0: energi island,
0,energi island,0: energi island,
0,energi island,0: energi island,
0,energi island,0: energi island,
0,energi island,0: energi island,
0,energi island,0: energi island,
0,energi island,0: energi island,
0,energi island,0: energi island,
0,energi island,0: energi island,
0,energi island,0: energi island,
0,energi island,0: energi island,
0,energi island,0: energi island,
0,energi island,0: energi island,
0,energi island,0: energi island,
0,energi island,0: energi island,
0,energi island,0: energi island,
0,energi island,0: energi island,
0,energi island,0: energi island,
0,energi island,0: energi island,
0,energi island,0: energi island,
0,energi island,0: energi island,
0,energi island,0: energi island,
0,energi island,0: energi island,
0,energi island,0: energi island,
0,energi island,0: energi island,
0,energi island,0: energi island,
0,energi island,0: energi island,
0,energi island,0: energi island,
0,energi island,0: energi island,
0,energi island,0: energi island,
0,energi island,0: energi island,
0,energi island,0: energi island,
0,energi island,0: energi island,
0,energi island,0: energi island,
0,energi island,0: energi island,
0,energi island,0: energi island,
0,energi island,0: energi island,
0,energi island,0: energi island,
0,energi island,0: energi island,
0,energi island,0: energi island,
0,energi island,0: energi island,
0,energi island,0: energi island,
0,energi island,0: energi island,
0,energi island,0: energi island,
0,energi island,0: energi island,
0,energi island,0: energi island,
0,energi island,0: energi island,
0,energi island,0: energi island,
0,energi island,0: energi island,
0,energi island,0: energi island,
0,energi island,0: energi island,
0,energi island,0: energi island,
0,energi island,0: energi island,
0,energi island,0: energi island,
0,energi island,0: energi island,
0,energi island,0: energi island,
0,energi island,0: energi island,
0,energi island,0: energi island,
0,energi island,0: energi island,
0,energi island,0: energi island,
0,energi island,0: energi island,
0,energi island,0: energi island,
0,energi island,0: energi island,
0,energi island,0: energi island,
0,energi island,0: energi island,
0,energi island,0: energi island,
0,energi island,0: energi island,
0,energi island,0: energi island,
0,energi island,0: energi island,
0,energi island,0: energi island,
0,energi island,0: energi island,
0,energi island,0: energi island,
0,energi island,0: energi island,
0,energi island,0: energi island,
0,energi island,0: energi island,
0,energi island,0: energi island,
0,energi island,0: energi island,
0,energi island,0: energi island,
0,energi island,0: energi island,
0,energi island,0: energi island,
0,energi island,0: energi island,
0,energi island,0: energi island,
0,energi island,0: energi island,
0,energi island,0: energi island,
0,energi island,0: energi island,
0,energi island,0: energi island,
0,energi island,0: energi island,
0,energi island,0: energi island,
0,energi island,0: energi island,
0,energi island,0: energi island,
0,energi island,0: energi island,
0,energi island,0: energi island,
0,energi island,0: energi island,
0,energi island,0: energi island,
0,energi island,0: energi island,
0,energi island,0: energi island,
0,energi island,0: energi island,
0,energi island,0: energi island,
0,energi island,0: energi island,
0,energi island,0: energi island,
0,energi island,0: energi island,
0,energi island,0: energi island,
0,energi island,0: energi island,
0,energi island,0: energi island,
0,energi island,0: energi island,
0,energi island,0: energi island,
0,energi island,0: energi island,
0,energi island,0: energi island,
0,energi island,0: energi island,
0,energi island,0: energi island,
0,energi island,0: energi island,
0,energi island,0: energi island,
0,energi island,0: energi island,
0,energi island,0: energi island,
0,energi island,0: energi island,
0,energi island,0: energi island,
0,energi island,0: energi island,
0,energi island,0: energi island,
0,energi island,0: energi island,
0,energi island,0: energi island,
0,energi island,0: energi island,
0,energi island,0: energi island,
0,energi island,0: energi island,
0,energi island,0: energi island,
0,energi island,0: energi island,
0,energi island,0: energi island,
0,energi island,0: energi island,
0,energi island,0: energi island,
0,energi island,0: energi island,
0,energi island,0: energi island,
0,energi island,0: energi island,
0,energi island,0: energi island,
0,energi island,0: energi island,
0,energi island,0: energi island,
0,energi island,0: energi island,
0,energi island,0: energi island,
0,energi island,0: energi island,
0,energi island,0: energi island,
0,energi island,0: energi island,
0,energi island,0: energi island,
0,energi island,0: energi island,
0,energi island,0: energi island,
0,energi island,0: energi island,
0,energi island,0: energi island,
0,energi island,0: energi island,
0,energi island,0: energi island,
0,energi island,0: energi island,
0,energi island,0: energi island,
0,energi island,0: energi island,
0,energi island,0: energi island,
0,energi island,0: energi island,
0,energi island,0: energi island,
0,energi island,0: energi island,
0,energi island,0: energi island,
0,energi island,0: energi island,
0,energi island,0: energi island,
0,energi island,0: energi island,
0,energi island,0: energi island,
0,energi island,0: energi island,
0,energi island,0: energi island,
0,energi island,0: energi island,
0,energi island,0: energi island,
0,energi island,0: energi island,
0,energi island,0: energi island,
0,energi island,0: energi island,
0,energi island,0: energi island,
0,energi island,0: energi island,
0,energi island,0: energi island,
0,energi island,0: energi island,
0,energi island,0: energi island,
0,energi island,0: energi island,
0,energi island,0: energi island,
0,energi island,0: energi island,
0,energi island,0: energi island,
0,energi island,0: energi island,
0,energi island,0: energi island,
0,energi island,0: energi island,
0,energi island,0: energi island,
0,energi island,0: energi island,
0,energi island,0: energi island,
0,energi island,0: energi island,
0,energi island,0: energi island,
0,energi island,0: energi island,
0,energi island,0: energi island,
0,energi island,0: energi island,
0,energi island,0: energi island,
0,energi island,0: energi island,
0,energi island,0: energi island,
0,energi island,0: energi island,
0,energi island,0: energi island,
0,energi island,0: energi island,
0,energi island,0: energi island,
0,energi island,0: energi island,
0,energi island,0: energi island,
0,energi island,0: energi island,
0,energi island,0: energi island,
0,energi island,0: energi island,
0,energi island,0: energi island,
0,energi island,0: energi island,
0,energi island,0: energi island,
0,energi island,0: energi island,
0,energi island,0: energi island,
0,energi island,0: energi island,
0,energi island,0: energi island,
0,energi island,0: energi island,
0,energi island,0: energi island,
0,energi island,0: energi island,
0,energi island,0: energi island,
0,energi island,0: energi island,
0,energi island,0: energi island,
0,energi island,0: energi island,
0,energi island,0: energi island,
0,energi island,0: energi island,
0,energi island,0: energi island,
0,energi island,0: energi island,
0,energi island,0: energi island,
0,energi island,0: energi island,
0,energi island,0: energi island,
0,energi island,0: energi island,
0,energi island,0: energi island,
0,energi island,0: energi island,
0,energi island,0: energi island,
0,energi island,0: energi island,
0,energi island,0: energi island,
0,energi island,0: energi island,
0,energi island,0: energi island,
0,energi island,0: energi island,
0,energi island,0: energi island,
0,energi island,0: energi island,
0,energi island,0: energi island,
0,energi island,0: energi island,
0,energi island,0: energi island,
0,energi island,0: energi island,
0,energi island,0: energi island,
0,energi island,0: energi island,
0,energi island,0: energi island,
0,energi island,0: energi island,
0,energi island,0: energi island,
0,energi island,0: energi island,
0,energi island,0: energi island,
0,energi island,0: energi island,
0,energi island,0: energi island,
0,energi island,0: energi island,
0,energi island,0: energi island,
0,energi island,0: energi island,
0,energi island,0: energi island,
0,energi island,0: energi island,
0,energi island,0: energi island,
0,energi island,0: energi island,
0,energi island,0: energi island,
0,energi island,0: energi island,
0,energi island,0: energi island,
0,energi island,0: energi island,
0,energi island,0: energi island,
0,energi island,0: energi island,
0,energi island,0: energi island,
0,energi island,0: energi island,
0,energi island,0: energi island,
0,energi island,0: energi island,
0,energi island,0: energi island,
0,energi island,0: energi island,
0,energi island,0: energi island,
0,energi island,0: energi island,
0,energi island,0: energi island,
0,energi island,0: energi island,
0,energi island,0: energi island,
0,energi island,0: energi island,
0,energi island,0: energi island,
0,energi island,0: energi island,
0,energi island,0: energi island,
0,energi island,0: energi island,
0,energi island,0: energi island,
0,energi island,0: energi island,
0,energi island,0: energi island,
0,energi island,0: energi island,
0,energi island,0: energi island,
0,energi island,0: energi island,
0,energi island,0: energi island,
0,energi island,0: energi island,
0,energi island,0: energi island,
0,energi island,0: energi island,
0,energi island,0: energi island,
0,energi island,0: energi island,
0,energi island,0: energi island,
0,energi island,0: energi island,
0,energi island,0: energi island,
0,energi island,0: energi island,
0,energi island,0: energi island,
0,energi island,0: energi island,
0,energi island,0: energi island,
0,energi island,0: energi island,
0,energi island,0: energi island,
0,energi island,0: energi island,
0,energi island,0: energi island,
0,energi island,0: energi island,
0,energi island,0: energi island,
0,energi island,0: energi island,
0,energi island,0: energi island,
0,energi island,0: energi island,
0,energi island,0: energi island,
0,energi island,0: energi island,
0,energi island,0: energi island,
0,energi island,0: energi island,
0,energi island,0: energi island,
0,energi island,0: energi island,
0,energi island,0: energi island,
0,energi island,0: energi island,
0,energi island,0: energi island,
0,energi island,0: energi island,
0,energi island,0: energi island,
0,energi island,0: energi island,
0,energi island,0: energi island,
0,energi island,0: energi island,
0,energi island,0: energi island,
0,energi island,0: energi island,
0,energi island,0: energi island,
0,energi island,0: energi island,
0,energi island,0: energi island,
0,energi island,0: energi island,
0,energi island,0: energi island,
0,energi island,0: energi island,
0,energi island,0: energi island,
0,energi island,0: energi island,
0,energi island,0: energi island,
0,energi island,0: energi island,
0,energi island,0: energi island,
0,energi island,0: energi island,
0,energi island,0: energi island,
0,energi island,0: energi island,
0,energi island,0: energi island,
0,energi island,0: energi island,
0,energi island,0: energi island,
0,energi island,0: energi island,
0,energi island,0: energi island,
0,energi island,0: energi island,
0,energi island,0: energi island,
0,energi island,0: energi island,
0,energi island,0: energi island,
0,energi island,0: energi island,
0,energi island,0: energi island,
0,energi island,0: energi island,
0,energi island,0: energi island,
0,energi island,0: energi island,
0,energi island,0: energi island,
0,energi island,0: energi island,
0,energi island,0: energi island,
0,energi island,0: energi island,
0,energi island,0: energi island,
0,energi island,0: energi island,
0,energi island,0: energi island,
0,energi island,0: energi island,
0,energi island,0: energi island,
0,energi island,0: energi island,
0,energi island,0: energi island,
0,energi island,0: energi island,
0,energi island,0: energi island,
0,energi island,0: energi island,
0,energi island,0: energi island,
0,energi island,0: energi island,
0,energi island,0: energi island,
0,energi island,0: energi island,
0,energi island,0: energi island,
0,energi island,0: energi island,
0,energi island,0: energi island,
0,energi island,0: energi island,
0,energi island,0: energi island,
0,energi island,0: energi island,
0,energi island,0: energi island,
0,energi island,0: energi island,
0,energi island,0: energi island,
0,energi island,0: energi island,
0,energi island,0: energi island,
0,energi island,0: energi island,
0,energi island,0: energi island,
0,energi island,0: energi island,
0,energi island,0: energi island,
0,energi island,0: energi island,
0,energi island,0: energi island,
0,energi island,0: energi island,
0,energi island,0: energi island,
0,energi island,0: energi island,
0,energi island,0: energi island,
0,energi island,0: energi island,
0,energi island,0: energi island,
0,energi island,0: energi island,
0,energi island,0: energi island,
0,energi island,0: energi island,
0,energi island,0: energi island,
0,energi island,0: energi island,
0,energi island,0: energi island,
0,energi island,0: energi island,
0,energi island,0: energi island,
0,energi island,0: energi island,
0,energi island,0: energi island,
0,energi island,0: energi island,
0,energi island,0: energi island,
0,energi island,0: energi island,
0,energi island,0: energi island,
0,energi island,0: energi island,
0,energi island,0: energi island,
0,energi island,0: energi island,
0,energi island,0: energi island,
0,energi island,0: energi island,
0,energi island,0: energi island,
0,energi island,0: energi island,
0,energi island,0: energi island,
0,energi island,0: energi island,
0,energi island,0: energi island,
0,energi island,0: energi island,
0,energi island,0: energi island,
0,energi island,0: energi island,
0,energi island,0: energi island,
0,energi island,0: energi island,
0,energi island,0: energi island,
0,energi island,0: energi island,
0,energi island,0: energi island,
0,energi island,0: energi island,
0,energi island,0: energi island,
0,energi island,0: energi island,
0,energi island,0: energi island,
0,energi island,0: energi island,
0,energi island,0: energi island,
0,energi island,0: energi island,
0,energi island,0: energi island,
0,energi island,0: energi island,
0,energi island,0: energi island,
0,energi island,0: energi island,
0,energi island,0: energi island,
0,energi island,0: energi island,
0,energi island,0: energi island,
0,energi island,0: energi island,
0,energi island,0: energi island,
0,energi island,0: energi island,
0,energi island,0: energi island,
0,energi island,0: energi island,
0,energi island,0: energi island,
0,energi island,0: energi island,
0,energi island,0: energi island,
0,energi island,0: energi island,
0,energi island,0: energi island,
0,energi island,0: energi island,
0,energi island,0: energi island,
0,energi island,0: energi island,
0,energi island,0: energi island,
0,energi island,0: energi island,
0,energi island,0: energi island,
0,energi island,0: energi island,
0,energi island,0: energi island,
0,energi island,0: energi island,
0,energi island,0: energi island,
0,energi island,0: energi island,
0,energi island,0: energi island,
0,energi island,0: energi island,
0,energi island,0: energi island,
0,energi island,0: energi island,
0,energi island,0: energi island,
0,energi island,0: energi island,
0,energi island,0: energi island,
0,energi island,0: energi island,
0,energi island,0: energi island,
0,energi island,0: energi island,
0,energi island,0: energi island,
0,energi island,0: energi island,
0,energi island,0: energi island,
0,energi island,0: energi island,
0,energi island,0: energi island,
0,energi island,0: energi island,
0,energi island,0: energi island,
0,energi island,0: energi island,
0,energi island,0: energi island,
0,energi island,0: energi island,
0,energi island,0: energi island,
0,energi island,0: energi island,
0,energi island,0: energi island,
0,energi island,0: energi island,
0,energi island,0: energi island,
0,energi island,0: energi island,
0,energi island,0: energi island,
0,energi island,0: energi island,
0,energi island,0: energi island,
0,energi island,0: energi island,
0,energi island,0: energi island,
0,energi island,0: energi island,
0,energi island,0: energi island,
0,energi island,0: energi island,
0,energi island,0: energi island,
0,energi island,0: energi island,
0,energi island,0: energi island,
0,energi island,0: energi island,
0,energi island,0: energi island,
0,energi island,0: energi island,
0,energi island,0: energi island,
0,energi island,0: energi island,
0,energi island,0: energi island,
0,energi island,0: energi island,
0,energi island,0: energi island,
0,energi island,0: energi island,
0,energi island,0: energi island,
0,energi island,0: energi island,
0,energi island,0: energi island,
0,energi island,0: energi island,
0,energi island,0: energi island,
0,energi island,0: energi island,
0,energi island,0: energi island,
0,energi island,0: energi island,
0,energi island,0: energi island,
0,energi island,0: energi island,
0,energi island,0: energi island,
0,energi island,0: energi island,
0,energi island,0: energi island,
0,energi island,0: energi island,
0,energi island,0: energi island,
0,energi island,0: energi island,
0,energi island,0: energi island,
0,energi island,0: energi island,
0,energi island,0: energi island,
0,energi island,0: energi island,
0,energi island,0: energi island,
0,energi island,0: energi island,
0,energi island,0: energi island,
0,energi island,0: energi island,
0,energi island,0: energi island,
0,energi island,0: energi island,
0,energi island,0: energi island,
0,energi island,0: energi island,
0,energi island,0: energi island,
0,energi island,0: energi island,
0,energi island,0: energi island,
0,energi island,0: energi island,
0,energi island,0: energi island,
0,energi island,0: energi island,
0,energi island,0: energi island,
0,energi island,0: energi island,
0,energi island,0: energi island,
0,energi island,0: energi island,
0,energi island,0: energi island,
0,energi island,0: energi island,
0,energi island,0: energi island,
0,energi island,0: energi island,
0,energi island,0: energi island,
0,energi island,0: energi island,
0,energi island,0: energi island,
0,energi island,0: energi island,
0,energi island,0: energi island,
0,energi island,0: energi island,
0,energi island,0: energi island,
0,energi island,0: energi island,
0,energi island,0: energi island,
0,energi island,0: energi island,
0,energi island,0: energi island,
0,energi island,0: energi island,
0,energi island,0: energi island,
0,energi island,0: energi island,
0,energi island,0: energi island,
0,energi island,0: energi island,
0,energi island,0: energi island,
0,energi island,0: energi island,
0,energi island,0: energi island,
0,energi island,0: energi island,
0,energi island,0: energi island,
0,energi island,0: energi island,
0,energi island,0: energi island,
0,energi island,0: energi island,
0,energi island,0: energi island,
0,energi island,0: energi island,
0,energi island,0: energi island,
0,energi island,0: energi island,
0,energi island,0: energi island,
0,energi island,0: energi island,
0,energi island,0: energi island,
0,energi island,0: energi island,
0,energi island,0: energi island,
0,energi island,0: energi island,
0,energi island,0: energi island,
0,energi island,0: energi island,
0,energi island,0: energi island,
0,energi island,0: energi island,
0,energi island,0: energi island,
0,energi island,0: energi island,
0,energi island,0: energi island,
0,energi island,0: energi island,
0,energi island,0: energi island,
3,offshor wind,3: offshor wind,
3,offshor wind,3: offshor wind,
3,offshor wind,3: offshor wind,
3,offshor wind,3: offshor wind,
3,offshor wind,3: offshor wind,
3,offshor wind,3: offshor wind,
3,offshor wind,3: offshor wind,
3,offshor wind,3: offshor wind,
3,offshor wind,3: offshor wind,
3,offshor wind,3: offshor wind,
3,offshor wind,3: offshor wind,
3,offshor wind,3: offshor wind,
3,offshor wind,3: offshor wind,
3,offshor wind,3: offshor wind,
3,offshor wind,3: offshor wind,
3,offshor wind,3: offshor wind,
3,offshor wind,3: offshor wind,
3,offshor wind,3: offshor wind,
3,offshor wind,3: offshor wind,
3,offshor wind,3: offshor wind,
3,offshor wind,3: offshor wind,
3,offshor wind,3: offshor wind,
3,offshor wind,3: offshor wind,
3,offshor wind,3: offshor wind,
3,offshor wind,3: offshor wind,
3,offshor wind,3: offshor wind,
3,offshor wind,3: offshor wind,
3,offshor wind,3: offshor wind,
3,offshor wind,3: offshor wind,
3,offshor wind,3: offshor wind,
3,offshor wind,3: offshor wind,
3,offshor wind,3: offshor wind,
3,offshor wind,3: offshor wind,
3,offshor wind,3: offshor wind,
3,offshor wind,3: offshor wind,
3,offshor wind,3: offshor wind,
3,offshor wind,3: offshor wind,
3,offshor wind,3: offshor wind,
3,offshor wind,3: offshor wind,
3,offshor wind,3: offshor wind,
3,offshor wind,3: offshor wind,
3,offshor wind,3: offshor wind,
3,offshor wind,3: offshor wind,
3,offshor wind,3: offshor wind,
3,offshor wind,3: offshor wind,
3,offshor wind,3: offshor wind,
3,offshor wind,3: offshor wind,
3,offshor wind,3: offshor wind,
3,offshor wind,3: offshor wind,
3,offshor wind,3: offshor wind,
3,offshor wind,3: offshor wind,
3,offshor wind,3: offshor wind,
3,offshor wind,3: offshor wind,
3,offshor wind,3: offshor wind,
3,offshor wind,3: offshor wind,
3,offshor wind,3: offshor wind,
3,offshor wind,3: offshor wind,
3,offshor wind,3: offshor wind,
3,offshor wind,3: offshor wind,
3,offshor wind,3: offshor wind,
3,offshor wind,3: offshor wind,
3,offshor wind,3: offshor wind,
3,offshor wind,3: offshor wind,
3,offshor wind,3: offshor wind,
3,offshor wind,3: offshor wind,
3,offshor wind,3: offshor wind,
3,offshor wind,3: offshor wind,
3,offshor wind,3: offshor wind,
3,offshor wind,3: offshor wind,
3,offshor wind,3: offshor wind,
3,offshor wind,3: offshor wind,
3,offshor wind,3: offshor wind,
3,offshor wind,3: offshor wind,
3,offshor wind,3: offshor wind,
3,offshor wind,3: offshor wind,
3,offshor wind,3: offshor wind,
3,offshor wind,3: offshor wind,
3,offshor wind,3: offshor wind,
3,offshor wind,3: offshor wind,
3,offshor wind,3: offshor wind,
3,offshor wind,3: offshor wind,
3,offshor wind,3: offshor wind,
3,offshor wind,3: offshor wind,
3,offshor wind,3: offshor wind,
3,offshor wind,3: offshor wind,
3,offshor wind,3: offshor wind,
3,offshor wind,3: offshor wind,
3,offshor wind,3: offshor wind,
3,offshor wind,3: offshor wind,
3,offshor wind,3: offshor wind,
3,offshor wind,3: offshor wind,
3,offshor wind,3: offshor wind,
3,offshor wind,3: offshor wind,
3,offshor wind,3: offshor wind,
3,offshor wind,3: offshor wind,
3,offshor wind,3: offshor wind,
3,offshor wind,3: offshor wind,
3,offshor wind,3: offshor wind,
3,offshor wind,3: offshor wind,
3,offshor wind,3: offshor wind,
3,offshor wind,3: offshor wind,
3,offshor wind,3: offshor wind,
3,offshor wind,3: offshor wind,
3,offshor wind,3: offshor wind,
3,offshor wind,3: offshor wind,
3,offshor wind,3: offshor wind,
3,offshor wind,3: offshor wind,
3,offshor wind,3: offshor wind,
3,offshor wind,3: offshor wind,
3,offshor wind,3: offshor wind,
3,offshor wind,3: offshor wind,
3,offshor wind,3: offshor wind,
3,offshor wind,3: offshor wind,
3,offshor wind,3: offshor wind,
3,offshor wind,3: offshor wind,
3,offshor wind,3: offshor wind,
3,offshor wind,3: offshor wind,
3,offshor wind,3: offshor wind,
3,offshor wind,3: offshor wind,
3,offshor wind,3: offshor wind,
3,offshor wind,3: offshor wind,
3,offshor wind,3: offshor wind,
3,offshor wind,3: offshor wind,
3,offshor wind,3: offshor wind,
3,offshor wind,3: offshor wind,
3,offshor wind,3: offshor wind,
3,offshor wind,3: offshor wind,
3,offshor wind,3: offshor wind,
3,offshor wind,3: offshor wind,
3,offshor wind,3: offshor wind,
3,offshor wind,3: offshor wind,
3,offshor wind,3: offshor wind,
3,offshor wind,3: offshor wind,
3,offshor wind,3: offshor wind,
3,offshor wind,3: offshor wind,
3,offshor wind,3: offshor wind,
3,offshor wind,3: offshor wind,
3,offshor wind,3: offshor wind,
3,offshor wind,3: offshor wind,
3,offshor wind,3: offshor wind,
3,offshor wind,3: offshor wind,
3,offshor wind,3: offshor wind,
3,offshor wind,3: offshor wind,
3,offshor wind,3: offshor wind,
3,offshor wind,3: offshor wind,
3,offshor wind,3: offshor wind,
3,offshor wind,3: offshor wind,
3,offshor wind,3: offshor wind,
3,offshor wind,3: offshor wind,
3,offshor wind,3: offshor wind,
3,offshor wind,3: offshor wind,
3,offshor wind,3: offshor wind,
3,offshor wind,3: offshor wind,
3,offshor wind,3: offshor wind,
3,offshor wind,3: offshor wind,
3,offshor wind,3: offshor wind,
3,offshor wind,3: offshor wind,
3,offshor wind,3: offshor wind,
3,offshor wind,3: offshor wind,
3,offshor wind,3: offshor wind,
3,offshor wind,3: offshor wind,
3,offshor wind,3: offshor wind,
3,offshor wind,3: offshor wind,
3,offshor wind,3: offshor wind,
3,offshor wind,3: offshor wind,
3,offshor wind,3: offshor wind,
3,offshor wind,3: offshor wind,
3,offshor wind,3: offshor wind,
3,offshor wind,3: offshor wind,
3,offshor wind,3: offshor wind,
3,offshor wind,3: offshor wind,
3,offshor wind,3: offshor wind,
3,offshor wind,3: offshor wind,
3,offshor wind,3: offshor wind,
3,offshor wind,3: offshor wind,
3,offshor wind,3: offshor wind,
3,offshor wind,3: offshor wind,
3,offshor wind,3: offshor wind,
3,offshor wind,3: offshor wind,
3,offshor wind,3: offshor wind,
3,offshor wind,3: offshor wind,
3,offshor wind,3: offshor wind,
3,offshor wind,3: offshor wind,
3,offshor wind,3: offshor wind,
3,offshor wind,3: offshor wind,
3,offshor wind,3: offshor wind,
3,offshor wind,3: offshor wind,
3,offshor wind,3: offshor wind,
3,offshor wind,3: offshor wind,
3,offshor wind,3: offshor wind,
3,offshor wind,3: offshor wind,
3,offshor wind,3: offshor wind,
3,offshor wind,3: offshor wind,
3,offshor wind,3: offshor wind,
3,offshor wind,3: offshor wind,
3,offshor wind,3: offshor wind,
3,offshor wind,3: offshor wind,
3,offshor wind,3: offshor wind,
3,offshor wind,3: offshor wind,
3,offshor wind,3: offshor wind,
3,offshor wind,3: offshor wind,
3,offshor wind,3: offshor wind,
3,offshor wind,3: offshor wind,
3,offshor wind,3: offshor wind,
3,offshor wind,3: offshor wind,
3,offshor wind,3: offshor wind,
3,offshor wind,3: offshor wind,
3,offshor wind,3: offshor wind,
3,offshor wind,3: offshor wind,
3,offshor wind,3: offshor wind,
3,offshor wind,3: offshor wind,
3,offshor wind,3: offshor wind,
3,offshor wind,3: offshor wind,
3,offshor wind,3: offshor wind,
3,offshor wind,3: offshor wind,
3,offshor wind,3: offshor wind,
3,offshor wind,3: offshor wind,
3,offshor wind,3: offshor wind,
3,offshor wind,3: offshor wind,
3,offshor wind,3: offshor wind,
3,offshor wind,3: offshor wind,
3,offshor wind,3: offshor wind,
3,offshor wind,3: offshor wind,
3,offshor wind,3: offshor wind,
3,offshor wind,3: offshor wind,
3,offshor wind,3: offshor wind,
0,energi island,0: energi island,
0,energi island,0: energi island,
0,energi island,0: energi island,
0,energi island,0: energi island,
0,energi island,0: energi island,
0,energi island,0: energi island,
0,energi island,0: energi island,
0,energi island,0: energi island,
0,energi island,0: energi island,
0,energi island,0: energi island,
0,energi island,0: energi island,
0,energi island,0: energi island,
0,energi island,0: energi island,
0,energi island,0: energi island,
0,energi island,0: energi island,
0,energi island,0: energi island,
0,energi island,0: energi island,
0,energi island,0: energi island,
0,energi island,0: energi island,
0,energi island,0: energi island,
0,energi island,0: energi island,
0,energi island,0: energi island,
0,energi island,0: energi island,
0,energi island,0: energi island,
0,energi island,0: energi island,
0,energi island,0: energi island,
0,energi island,0: energi island,
0,energi island,0: energi island,
0,energi island,0: energi island,
0,energi island,0: energi island,
0,energi island,0: energi island,
0,energi island,0: energi island,
0,energi island,0: energi island,
0,energi island,0: energi island,
0,energi island,0: energi island,
0,energi island,0: energi island,
0,energi island,0: energi island,
0,energi island,0: energi island,
0,energi island,0: energi island,
0,energi island,0: energi island,
0,energi island,0: energi island,
0,energi island,0: energi island,
0,energi island,0: energi island,
0,energi island,0: energi island,
0,energi island,0: energi island,
0,energi island,0: energi island,
0,energi island,0: energi island,
0,energi island,0: energi island,
0,energi island,0: energi island,
0,energi island,0: energi island,
0,energi island,0: energi island,
0,energi island,0: energi island,
0,energi island,0: energi island,
0,energi island,0: energi island,
0,energi island,0: energi island,
0,energi island,0: energi island,
0,energi island,0: energi island,
0,energi island,0: energi island,
0,energi island,0: energi island,
0,energi island,0: energi island,
0,energi island,0: energi island,
0,energi island,0: energi island,
0,energi island,0: energi island,
0,energi island,0: energi island,
0,energi island,0: energi island,
0,energi island,0: energi island,
0,energi island,0: energi island,
0,energi island,0: energi island,
0,energi island,0: energi island,
0,energi island,0: energi island,
0,energi island,0: energi island,
0,energi island,0: energi island,
0,energi island,0: energi island,
0,energi island,0: energi island,
0,energi island,0: energi island,
0,energi island,0: energi island,
0,energi island,0: energi island,
0,energi island,0: energi island,
0,energi island,0: energi island,
0,energi island,0: energi island,
0,energi island,0: energi island,
0,energi island,0: energi island,
0,energi island,0: energi island,
0,energi island,0: energi island,
0,energi island,0: energi island,
0,energi island,0: energi island,
0,energi island,0: energi island,
0,energi island,0: energi island,
0,energi island,0: energi island,
0,energi island,0: energi island,
0,energi island,0: energi island,
0,energi island,0: energi island,
0,energi island,0: energi island,
0,energi island,0: energi island,
0,energi island,0: energi island,
0,energi island,0: energi island,
0,energi island,0: energi island,
0,energi island,0: energi island,
0,energi island,0: energi island,
0,energi island,0: energi island,
0,energi island,0: energi island,
0,energi island,0: energi island,
0,energi island,0: energi island,
0,energi island,0: energi island,
0,energi island,0: energi island,
0,energi island,0: energi island,
0,energi island,0: energi island,
0,energi island,0: energi island,
0,energi island,0: energi island,
0,energi island,0: energi island,
0,energi island,0: energi island,
0,energi island,0: energi island,
0,energi island,0: energi island,
0,energi island,0: energi island,
0,energi island,0: energi island,
0,energi island,0: energi island,
0,energi island,0: energi island,
0,energi island,0: energi island,
0,energi island,0: energi island,
0,energi island,0: energi island,
0,energi island,0: energi island,
0,energi island,0: energi island,
0,energi island,0: energi island,
0,energi island,0: energi island,
0,energi island,0: energi island,
0,energi island,0: energi island,
0,energi island,0: energi island,
0,energi island,0: energi island,
0,energi island,0: energi island,
0,energi island,0: energi island,
0,energi island,0: energi island,
0,energi island,0: energi island,
0,energi island,0: energi island,
0,energi island,0: energi island,
0,energi island,0: energi island,
0,energi island,0: energi island,
0,energi island,0: energi island,
0,energi island,0: energi island,
0,energi island,0: energi island,
0,energi island,0: energi island,
0,energi island,0: energi island,
0,energi island,0: energi island,
0,energi island,0: energi island,
0,energi island,0: energi island,
0,energi island,0: energi island,
0,energi island,0: energi island,
0,energi island,0: energi island,
0,energi island,0: energi island,
0,energi island,0: energi island,
0,energi island,0: energi island,
0,energi island,0: energi island,
0,energi island,0: energi island,
0,energi island,0: energi island,
0,energi island,0: energi island,
0,energi island,0: energi island,
0,energi island,0: energi island,
0,energi island,0: energi island,
3,offshor wind,3: offshor wind,
3,offshor wind,3: offshor wind,
3,offshor wind,3: offshor wind,
3,offshor wind,3: offshor wind,
3,offshor wind,3: offshor wind,
3,offshor wind,3: offshor wind,
3,offshor wind,3: offshor wind,
3,offshor wind,3: offshor wind,
3,offshor wind,3: offshor wind,
3,offshor wind,3: offshor wind,
3,offshor wind,3: offshor wind,
3,offshor wind,3: offshor wind,
3,offshor wind,3: offshor wind,
3,offshor wind,3: offshor wind,
3,offshor wind,3: offshor wind,
3,offshor wind,3: offshor wind,
3,offshor wind,3: offshor wind,
3,offshor wind,3: offshor wind,
3,offshor wind,3: offshor wind,
3,offshor wind,3: offshor wind,
3,offshor wind,3: offshor wind,
3,offshor wind,3: offshor wind,
3,offshor wind,3: offshor wind,
3,offshor wind,3: offshor wind,
3,offshor wind,3: offshor wind,
3,offshor wind,3: offshor wind,
3,offshor wind,3: offshor wind,
3,offshor wind,3: offshor wind,
3,offshor wind,3: offshor wind,
3,offshor wind,3: offshor wind,
3,offshor wind,3: offshor wind,
3,offshor wind,3: offshor wind,
3,offshor wind,3: offshor wind,
3,offshor wind,3: offshor wind,
3,offshor wind,3: offshor wind,
3,offshor wind,3: offshor wind,
3,offshor wind,3: offshor wind,
3,offshor wind,3: offshor wind,
3,offshor wind,3: offshor wind,
3,offshor wind,3: offshor wind,
3,offshor wind,3: offshor wind,
3,offshor wind,3: offshor wind,
3,offshor wind,3: offshor wind,
3,offshor wind,3: offshor wind,
3,offshor wind,3: offshor wind,
3,offshor wind,3: offshor wind,
3,offshor wind,3: offshor wind,
3,offshor wind,3: offshor wind,
3,offshor wind,3: offshor wind,
3,offshor wind,3: offshor wind,
3,offshor wind,3: offshor wind,
3,offshor wind,3: offshor wind,
3,offshor wind,3: offshor wind,
3,offshor wind,3: offshor wind,
3,offshor wind,3: offshor wind,
3,offshor wind,3: offshor wind,
3,offshor wind,3: offshor wind,
3,offshor wind,3: offshor wind,
3,offshor wind,3: offshor wind,
3,offshor wind,3: offshor wind,
3,offshor wind,3: offshor wind,
3,offshor wind,3: offshor wind,
3,offshor wind,3: offshor wind,
3,offshor wind,3: offshor wind,
3,offshor wind,3: offshor wind,
3,offshor wind,3: offshor wind,
3,offshor wind,3: offshor wind,
3,offshor wind,3: offshor wind,
3,offshor wind,3: offshor wind,
3,offshor wind,3: offshor wind,
3,offshor wind,3: offshor wind,
3,offshor wind,3: offshor wind,
3,offshor wind,3: offshor wind,
3,offshor wind,3: offshor wind,
3,offshor wind,3: offshor wind,
3,offshor wind,3: offshor wind,
3,offshor wind,3: offshor wind,
3,offshor wind,3: offshor wind,
3,offshor wind,3: offshor wind,
3,offshor wind,3: offshor wind,
3,offshor wind,3: offshor wind,
3,offshor wind,3: offshor wind,
3,offshor wind,3: offshor wind,
3,offshor wind,3: offshor wind,
3,offshor wind,3: offshor wind,
3,offshor wind,3: offshor wind,
3,offshor wind,3: offshor wind,
3,offshor wind,3: offshor wind,
3,offshor wind,3: offshor wind,
3,offshor wind,3: offshor wind,
3,offshor wind,3: offshor wind,
3,offshor wind,3: offshor wind,
3,offshor wind,3: offshor wind,
3,offshor wind,3: offshor wind,
3,offshor wind,3: offshor wind,
3,offshor wind,3: offshor wind,
3,offshor wind,3: offshor wind,
3,offshor wind,3: offshor wind,
3,offshor wind,3: offshor wind,
3,offshor wind,3: offshor wind,
3,offshor wind,3: offshor wind,
3,offshor wind,3: offshor wind,
3,offshor wind,3: offshor wind,
3,offshor wind,3: offshor wind,
3,offshor wind,3: offshor wind,
3,offshor wind,3: offshor wind,
3,offshor wind,3: offshor wind,
3,offshor wind,3: offshor wind,
3,offshor wind,3: offshor wind,
3,offshor wind,3: offshor wind,
3,offshor wind,3: offshor wind,
3,offshor wind,3: offshor wind,
3,offshor wind,3: offshor wind,
0,energi island,0: energi island,
0,energi island,0: energi island,
0,energi island,0: energi island,
0,energi island,0: energi island,
0,energi island,0: energi island,
0,energi island,0: energi island,
0,energi island,0: energi island,
0,energi island,0: energi island,
0,energi island,0: energi island,
0,energi island,0: energi island,
0,energi island,0: energi island,
0,energi island,0: energi island,
0,energi island,0: energi island,
0,energi island,0: energi island,
0,energi island,0: energi island,
0,energi island,0: energi island,
0,energi island,0: energi island,
0,energi island,0: energi island,
0,energi island,0: energi island,
0,energi island,0: energi island,
0,energi island,0: energi island,
0,energi island,0: energi island,
0,energi island,0: energi island,
0,energi island,0: energi island,
0,energi island,0: energi island,
0,energi island,0: energi island,
0,energi island,0: energi island,
0,energi island,0: energi island,
0,energi island,0: energi island,
0,energi island,0: energi island,
0,energi island,0: energi island,
0,energi island,0: energi island,
0,energi island,0: energi island,
0,energi island,0: energi island,
0,energi island,0: energi island,
0,energi island,0: energi island,
0,energi island,0: energi island,
0,energi island,0: energi island,
0,energi island,0: energi island,
0,energi island,0: energi island,
0,energi island,0: energi island,
0,energi island,0: energi island,
0,energi island,0: energi island,
0,energi island,0: energi island,
0,energi island,0: energi island,
0,energi island,0: energi island,
0,energi island,0: energi island,
0,energi island,0: energi island,
0,energi island,0: energi island,
0,energi island,0: energi island,
0,energi island,0: energi island,
0,energi island,0: energi island,
0,energi island,0: energi island,
0,energi island,0: energi island,
0,energi island,0: energi island,
0,energi island,0: energi island,
0,energi island,0: energi island,
0,energi island,0: energi island,
0,energi island,0: energi island,
0,energi island,0: energi island,
0,energi island,0: energi island,
0,energi island,0: energi island,
0,energi island,0: energi island,
0,energi island,0: energi island,
0,energi island,0: energi island,
0,energi island,0: energi island,
0,energi island,0: energi island,
0,energi island,0: energi island,
0,energi island,0: energi island,
0,energi island,0: energi island,
0,energi island,0: energi island,
0,energi island,0: energi island,
0,energi island,0: energi island,
0,energi island,0: energi island,
0,energi island,0: energi island,
0,energi island,0: energi island,
0,energi island,0: energi island,
0,energi island,0: energi island,
0,energi island,0: energi island,
0,energi island,0: energi island,
0,energi island,0: energi island,
0,energi island,0: energi island,
0,energi island,0: energi island,
0,energi island,0: energi island,
0,energi island,0: energi island,
0,energi island,0: energi island,
0,energi island,0: energi island,
0,energi island,0: energi island,
0,energi island,0: energi island,
0,energi island,0: energi island,
0,energi island,0: energi island,
0,energi island,0: energi island,
0,energi island,0: energi island,
0,energi island,0: energi island,
0,energi island,0: energi island,
0,energi island,0: energi island,
0,energi island,0: energi island,
0,energi island,0: energi island,
0,energi island,0: energi island,
0,energi island,0: energi island,
0,energi island,0: energi island,
0,energi island,0: energi island,
0,energi island,0: energi island,
0,energi island,0: energi island,
0,energi island,0: energi island,
0,energi island,0: energi island,
0,energi island,0: energi island,
0,energi island,0: energi island,
0,energi island,0: energi island,
0,energi island,0: energi island,
0,energi island,0: energi island,
0,energi island,0: energi island,
0,energi island,0: energi island,
0,energi island,0: energi island,
0,energi island,0: energi island,
0,energi island,0: energi island,
0,energi island,0: energi island,
0,energi island,0: energi island,
0,energi island,0: energi island,
0,energi island,0: energi island,
0,energi island,0: energi island,
0,energi island,0: energi island,
0,energi island,0: energi island,
0,energi island,0: energi island,
0,energi island,0: energi island,
0,energi island,0: energi island,
0,energi island,0: energi island,
0,energi island,0: energi island,
0,energi island,0: energi island,
0,energi island,0: energi island,
0,energi island,0: energi island,
0,energi island,0: energi island,
0,energi island,0: energi island,
0,energi island,0: energi island,
0,energi island,0: energi island,
0,energi island,0: energi island,
0,energi island,0: energi island,
0,energi island,0: energi island,
0,energi island,0: energi island,
0,energi island,0: energi island,
0,energi island,0: energi island,
0,energi island,0: energi island,
0,energi island,0: energi island,
0,energi island,0: energi island,
0,energi island,0: energi island,
0,energi island,0: energi island,
0,energi island,0: energi island,
0,energi island,0: energi island,
0,energi island,0: energi island,
0,energi island,0: energi island,
0,energi island,0: energi island,
0,energi island,0: energi island,
0,energi island,0: energi island,
0,energi island,0: energi island,
0,energi island,0: energi island,
0,energi island,0: energi island,
0,energi island,0: energi island,
9,wind farm,9: wind farm,
9,wind farm,9: wind farm,
9,wind farm,9: wind farm,
9,wind farm,9: wind farm,
9,wind farm,9: wind farm,
9,wind farm,9: wind farm,
9,wind farm,9: wind farm,
9,wind farm,9: wind farm,
9,wind farm,9: wind farm,
9,wind farm,9: wind farm,
9,wind farm,9: wind farm,
9,wind farm,9: wind farm,
9,wind farm,9: wind farm,
9,wind farm,9: wind farm,
9,wind farm,9: wind farm,
9,wind farm,9: wind farm,
9,wind farm,9: wind farm,
9,wind farm,9: wind farm,
9,wind farm,9: wind farm,
9,wind farm,9: wind farm,
9,wind farm,9: wind farm,
9,wind farm,9: wind farm,
9,wind farm,9: wind farm,
9,wind farm,9: wind farm,
9,wind farm,9: wind farm,
9,wind farm,9: wind farm,
9,wind farm,9: wind farm,
9,wind farm,9: wind farm,
9,wind farm,9: wind farm,
9,wind farm,9: wind farm,
9,wind farm,9: wind farm,
9,wind farm,9: wind farm,
9,wind farm,9: wind farm,
9,wind farm,9: wind farm,
9,wind farm,9: wind farm,
9,wind farm,9: wind farm,
9,wind farm,9: wind farm,
9,wind farm,9: wind farm,
9,wind farm,9: wind farm,
9,wind farm,9: wind farm,
9,wind farm,9: wind farm,
9,wind farm,9: wind farm,
9,wind farm,9: wind farm,
9,wind farm,9: wind farm,
9,wind farm,9: wind farm,
9,wind farm,9: wind farm,
9,wind farm,9: wind farm,
9,wind farm,9: wind farm,
9,wind farm,9: wind farm,
9,wind farm,9: wind farm,
9,wind farm,9: wind farm,
9,wind farm,9: wind farm,
9,wind farm,9: wind farm,
9,wind farm,9: wind farm,
9,wind farm,9: wind farm,
9,wind farm,9: wind farm,
9,wind farm,9: wind farm,
9,wind farm,9: wind farm,
9,wind farm,9: wind farm,
9,wind farm,9: wind farm,
9,wind farm,9: wind farm,
9,wind farm,9: wind farm,
9,wind farm,9: wind farm,
9,wind farm,9: wind farm,
9,wind farm,9: wind farm,
9,wind farm,9: wind farm,
9,wind farm,9: wind farm,
9,wind farm,9: wind farm,
9,wind farm,9: wind farm,
9,wind farm,9: wind farm,
9,wind farm,9: wind farm,
9,wind farm,9: wind farm,
9,wind farm,9: wind farm,
9,wind farm,9: wind farm,
9,wind farm,9: wind farm,
9,wind farm,9: wind farm,
9,wind farm,9: wind farm,
9,wind farm,9: wind farm,
9,wind farm,9: wind farm,
9,wind farm,9: wind farm,
9,wind farm,9: wind farm,
9,wind farm,9: wind farm,
9,wind farm,9: wind farm,
9,wind farm,9: wind farm,
9,wind farm,9: wind farm,
9,wind farm,9: wind farm,
9,wind farm,9: wind farm,
9,wind farm,9: wind farm,
9,wind farm,9: wind farm,
9,wind farm,9: wind farm,
9,wind farm,9: wind farm,
9,wind farm,9: wind farm,
9,wind farm,9: wind farm,
9,wind farm,9: wind farm,
9,wind farm,9: wind farm,
9,wind farm,9: wind farm,
9,wind farm,9: wind farm,
9,wind farm,9: wind farm,
9,wind farm,9: wind farm,
9,wind farm,9: wind farm,
9,wind farm,9: wind farm,
9,wind farm,9: wind farm,
9,wind farm,9: wind farm,
9,wind farm,9: wind farm,
9,wind farm,9: wind farm,
9,wind farm,9: wind farm,
9,wind farm,9: wind farm,
9,wind farm,9: wind farm,
9,wind farm,9: wind farm,
9,wind farm,9: wind farm,
9,wind farm,9: wind farm,
9,wind farm,9: wind farm,
9,wind farm,9: wind farm,
9,wind farm,9: wind farm,
9,wind farm,9: wind farm,
9,wind farm,9: wind farm,
9,wind farm,9: wind farm,
9,wind farm,9: wind farm,
9,wind farm,9: wind farm,
9,wind farm,9: wind farm,
9,wind farm,9: wind farm,
9,wind farm,9: wind farm,
9,wind farm,9: wind farm,
9,wind farm,9: wind farm,
9,wind farm,9: wind farm,
9,wind farm,9: wind farm,
9,wind farm,9: wind farm,
9,wind farm,9: wind farm,
9,wind farm,9: wind farm,
9,wind farm,9: wind farm,
9,wind farm,9: wind farm,
9,wind farm,9: wind farm,
9,wind farm,9: wind farm,
9,wind farm,9: wind farm,
9,wind farm,9: wind farm,
9,wind farm,9: wind farm,
9,wind farm,9: wind farm,
9,wind farm,9: wind farm,
9,wind farm,9: wind farm,
9,wind farm,9: wind farm,
9,wind farm,9: wind farm,
9,wind farm,9: wind farm,
9,wind farm,9: wind farm,
9,wind farm,9: wind farm,
9,wind farm,9: wind farm,
9,wind farm,9: wind farm,
9,wind farm,9: wind farm,
9,wind farm,9: wind farm,
9,wind farm,9: wind farm,
9,wind farm,9: wind farm,
9,wind farm,9: wind farm,
9,wind farm,9: wind farm,
9,wind farm,9: wind farm,
9,wind farm,9: wind farm,
9,wind farm,9: wind farm,
9,wind farm,9: wind farm,
9,wind farm,9: wind farm,
9,wind farm,9: wind farm,
9,wind farm,9: wind farm,
9,wind farm,9: wind farm,
9,wind farm,9: wind farm,
0,energi island,0: energi island,
0,energi island,0: energi island,
0,energi island,0: energi island,
0,energi island,0: energi island,
0,energi island,0: energi island,
0,energi island,0: energi island,
0,energi island,0: energi island,
0,energi island,0: energi island,
0,energi island,0: energi island,
0,energi island,0: energi island,
0,energi island,0: energi island,
0,energi island,0: energi island,
0,energi island,0: energi island,
0,energi island,0: energi island,
0,energi island,0: energi island,
0,energi island,0: energi island,
0,energi island,0: energi island,
0,energi island,0: energi island,
0,energi island,0: energi island,
0,energi island,0: energi island,
0,energi island,0: energi island,
0,energi island,0: energi island,
0,energi island,0: energi island,
0,energi island,0: energi island,
0,energi island,0: energi island,
0,energi island,0: energi island,
0,energi island,0: energi island,
0,energi island,0: energi island,
0,energi island,0: energi island,
0,energi island,0: energi island,
0,energi island,0: energi island,
0,energi island,0: energi island,
0,energi island,0: energi island,
0,energi island,0: energi island,
0,energi island,0: energi island,
0,energi island,0: energi island,
0,energi island,0: energi island,
0,energi island,0: energi island,
0,energi island,0: energi island,
0,energi island,0: energi island,
0,energi island,0: energi island,
0,energi island,0: energi island,
0,energi island,0: energi island,
0,energi island,0: energi island,
0,energi island,0: energi island,
0,energi island,0: energi island,
0,energi island,0: energi island,
0,energi island,0: energi island,
0,energi island,0: energi island,
0,energi island,0: energi island,
0,energi island,0: energi island,
0,energi island,0: energi island,
0,energi island,0: energi island,
0,energi island,0: energi island,
0,energi island,0: energi island,
0,energi island,0: energi island,
0,energi island,0: energi island,
0,energi island,0: energi island,
0,energi island,0: energi island,
0,energi island,0: energi island,
0,energi island,0: energi island,
0,energi island,0: energi island,
0,energi island,0: energi island,
0,energi island,0: energi island,
0,energi island,0: energi island,
0,energi island,0: energi island,
0,energi island,0: energi island,
0,energi island,0: energi island,
0,energi island,0: energi island,
0,energi island,0: energi island,
0,energi island,0: energi island,
0,energi island,0: energi island,
0,energi island,0: energi island,
0,energi island,0: energi island,
0,energi island,0: energi island,
0,energi island,0: energi island,
0,energi island,0: energi island,
0,energi island,0: energi island,
0,energi island,0: energi island,
0,energi island,0: energi island,
0,energi island,0: energi island,
0,energi island,0: energi island,
0,energi island,0: energi island,
0,energi island,0: energi island,
0,energi island,0: energi island,
0,energi island,0: energi island,
0,energi island,0: energi island,
0,energi island,0: energi island,
0,energi island,0: energi island,
0,energi island,0: energi island,
0,energi island,0: energi island,
0,energi island,0: energi island,
0,energi island,0: energi island,
0,energi island,0: energi island,
0,energi island,0: energi island,
0,energi island,0: energi island,
0,energi island,0: energi island,
0,energi island,0: energi island,
0,energi island,0: energi island,
0,energi island,0: energi island,
0,energi island,0: energi island,
0,energi island,0: energi island,
0,energi island,0: energi island,
0,energi island,0: energi island,
0,energi island,0: energi island,
0,energi island,0: energi island,
0,energi island,0: energi island,
0,energi island,0: energi island,
0,energi island,0: energi island,
0,energi island,0: energi island,
0,energi island,0: energi island,
0,energi island,0: energi island,
0,energi island,0: energi island,
0,energi island,0: energi island,
0,energi island,0: energi island,
0,energi island,0: energi island,
0,energi island,0: energi island,
0,energi island,0: energi island,
0,energi island,0: energi island,
0,energi island,0: energi island,
0,energi island,0: energi island,
0,energi island,0: energi island,
0,energi island,0: energi island,
0,energi island,0: energi island,
0,energi island,0: energi island,
0,energi island,0: energi island,
0,energi island,0: energi island,
0,energi island,0: energi island,
0,energi island,0: energi island,
0,energi island,0: energi island,
0,energi island,0: energi island,
0,energi island,0: energi island,
0,energi island,0: energi island,
0,energi island,0: energi island,
0,energi island,0: energi island,
0,energi island,0: energi island,
0,energi island,0: energi island,
0,energi island,0: energi island,
0,energi island,0: energi island,
0,energi island,0: energi island,
0,energi island,0: energi island,
0,energi island,0: energi island,
0,energi island,0: energi island,
0,energi island,0: energi island,
0,energi island,0: energi island,
0,energi island,0: energi island,
0,energi island,0: energi island,
0,energi island,0: energi island,
0,energi island,0: energi island,
0,energi island,0: energi island,
0,energi island,0: energi island,
0,energi island,0: energi island,
0,energi island,0: energi island,
0,energi island,0: energi island,
0,energi island,0: energi island,
0,energi island,0: energi island,
0,energi island,0: energi island,
3,offshor wind,3: offshor wind,
3,offshor wind,3: offshor wind,
3,offshor wind,3: offshor wind,
3,offshor wind,3: offshor wind,
3,offshor wind,3: offshor wind,
3,offshor wind,3: offshor wind,
3,offshor wind,3: offshor wind,
3,offshor wind,3: offshor wind,
3,offshor wind,3: offshor wind,
3,offshor wind,3: offshor wind,
3,offshor wind,3: offshor wind,
3,offshor wind,3: offshor wind,
3,offshor wind,3: offshor wind,
3,offshor wind,3: offshor wind,
3,offshor wind,3: offshor wind,
3,offshor wind,3: offshor wind,
3,offshor wind,3: offshor wind,
3,offshor wind,3: offshor wind,
3,offshor wind,3: offshor wind,
3,offshor wind,3: offshor wind,
3,offshor wind,3: offshor wind,
3,offshor wind,3: offshor wind,
3,offshor wind,3: offshor wind,
3,offshor wind,3: offshor wind,
3,offshor wind,3: offshor wind,
3,offshor wind,3: offshor wind,
3,offshor wind,3: offshor wind,
3,offshor wind,3: offshor wind,
3,offshor wind,3: offshor wind,
3,offshor wind,3: offshor wind,
3,offshor wind,3: offshor wind,
3,offshor wind,3: offshor wind,
3,offshor wind,3: offshor wind,
3,offshor wind,3: offshor wind,
3,offshor wind,3: offshor wind,
3,offshor wind,3: offshor wind,
3,offshor wind,3: offshor wind,
3,offshor wind,3: offshor wind,
3,offshor wind,3: offshor wind,
3,offshor wind,3: offshor wind,
3,offshor wind,3: offshor wind,
3,offshor wind,3: offshor wind,
3,offshor wind,3: offshor wind,
3,offshor wind,3: offshor wind,
3,offshor wind,3: offshor wind,
3,offshor wind,3: offshor wind,
3,offshor wind,3: offshor wind,
3,offshor wind,3: offshor wind,
3,offshor wind,3: offshor wind,
3,offshor wind,3: offshor wind,
3,offshor wind,3: offshor wind,
3,offshor wind,3: offshor wind,
3,offshor wind,3: offshor wind,
3,offshor wind,3: offshor wind,
3,offshor wind,3: offshor wind,
3,offshor wind,3: offshor wind,
3,offshor wind,3: offshor wind,
3,offshor wind,3: offshor wind,
3,offshor wind,3: offshor wind,
3,offshor wind,3: offshor wind,
3,offshor wind,3: offshor wind,
3,offshor wind,3: offshor wind,
3,offshor wind,3: offshor wind,
3,offshor wind,3: offshor wind,
3,offshor wind,3: offshor wind,
3,offshor wind,3: offshor wind,
3,offshor wind,3: offshor wind,
3,offshor wind,3: offshor wind,
3,offshor wind,3: offshor wind,
3,offshor wind,3: offshor wind,
3,offshor wind,3: offshor wind,
3,offshor wind,3: offshor wind,
3,offshor wind,3: offshor wind,
3,offshor wind,3: offshor wind,
3,offshor wind,3: offshor wind,
3,offshor wind,3: offshor wind,
3,offshor wind,3: offshor wind,
3,offshor wind,3: offshor wind,
3,offshor wind,3: offshor wind,
3,offshor wind,3: offshor wind,
3,offshor wind,3: offshor wind,
3,offshor wind,3: offshor wind,
3,offshor wind,3: offshor wind,
3,offshor wind,3: offshor wind,
3,offshor wind,3: offshor wind,
3,offshor wind,3: offshor wind,
3,offshor wind,3: offshor wind,
3,offshor wind,3: offshor wind,
3,offshor wind,3: offshor wind,
3,offshor wind,3: offshor wind,
3,offshor wind,3: offshor wind,
3,offshor wind,3: offshor wind,
3,offshor wind,3: offshor wind,
3,offshor wind,3: offshor wind,
3,offshor wind,3: offshor wind,
3,offshor wind,3: offshor wind,
3,offshor wind,3: offshor wind,
3,offshor wind,3: offshor wind,
3,offshor wind,3: offshor wind,
3,offshor wind,3: offshor wind,
3,offshor wind,3: offshor wind,
3,offshor wind,3: offshor wind,
3,offshor wind,3: offshor wind,
3,offshor wind,3: offshor wind,
3,offshor wind,3: offshor wind,
3,offshor wind,3: offshor wind,
3,offshor wind,3: offshor wind,
3,offshor wind,3: offshor wind,
3,offshor wind,3: offshor wind,
3,offshor wind,3: offshor wind,
3,offshor wind,3: offshor wind,
3,offshor wind,3: offshor wind,
3,offshor wind,3: offshor wind,
0,energi island,0: energi island,
0,energi island,0: energi island,
0,energi island,0: energi island,
0,energi island,0: energi island,
0,energi island,0: energi island,
0,energi island,0: energi island,
0,energi island,0: energi island,
0,energi island,0: energi island,
0,energi island,0: energi island,
0,energi island,0: energi island,
0,energi island,0: energi island,
0,energi island,0: energi island,
0,energi island,0: energi island,
0,energi island,0: energi island,
0,energi island,0: energi island,
0,energi island,0: energi island,
0,energi island,0: energi island,
0,energi island,0: energi island,
0,energi island,0: energi island,
0,energi island,0: energi island,
0,energi island,0: energi island,
0,energi island,0: energi island,
0,energi island,0: energi island,
0,energi island,0: energi island,
0,energi island,0: energi island,
0,energi island,0: energi island,
0,energi island,0: energi island,
0,energi island,0: energi island,
0,energi island,0: energi island,
0,energi island,0: energi island,
0,energi island,0: energi island,
0,energi island,0: energi island,
0,energi island,0: energi island,
0,energi island,0: energi island,
0,energi island,0: energi island,
0,energi island,0: energi island,
0,energi island,0: energi island,
0,energi island,0: energi island,
0,energi island,0: energi island,
0,energi island,0: energi island,
0,energi island,0: energi island,
0,energi island,0: energi island,
0,energi island,0: energi island,
0,energi island,0: energi island,
0,energi island,0: energi island,
0,energi island,0: energi island,
0,energi island,0: energi island,
0,energi island,0: energi island,
0,energi island,0: energi island,
0,energi island,0: energi island,
0,energi island,0: energi island,
0,energi island,0: energi island,
0,energi island,0: energi island,
0,energi island,0: energi island,
0,energi island,0: energi island,
0,energi island,0: energi island,
0,energi island,0: energi island,
0,energi island,0: energi island,
0,energi island,0: energi island,
0,energi island,0: energi island,
0,energi island,0: energi island,
0,energi island,0: energi island,
0,energi island,0: energi island,
0,energi island,0: energi island,
0,energi island,0: energi island,
0,energi island,0: energi island,
0,energi island,0: energi island,
0,energi island,0: energi island,
0,energi island,0: energi island,
0,energi island,0: energi island,
0,energi island,0: energi island,
0,energi island,0: energi island,
0,energi island,0: energi island,
0,energi island,0: energi island,
0,energi island,0: energi island,
0,energi island,0: energi island,
0,energi island,0: energi island,
0,energi island,0: energi island,
0,energi island,0: energi island,
0,energi island,0: energi island,
0,energi island,0: energi island,
0,energi island,0: energi island,
0,energi island,0: energi island,
0,energi island,0: energi island,
0,energi island,0: energi island,
0,energi island,0: energi island,
0,energi island,0: energi island,
0,energi island,0: energi island,
0,energi island,0: energi island,
0,energi island,0: energi island,
0,energi island,0: energi island,
0,energi island,0: energi island,
0,energi island,0: energi island,
0,energi island,0: energi island,
0,energi island,0: energi island,
0,energi island,0: energi island,
0,energi island,0: energi island,
0,energi island,0: energi island,
0,energi island,0: energi island,
0,energi island,0: energi island,
0,energi island,0: energi island,
0,energi island,0: energi island,
0,energi island,0: energi island,
0,energi island,0: energi island,
0,energi island,0: energi island,
0,energi island,0: energi island,
0,energi island,0: energi island,
0,energi island,0: energi island,
0,energi island,0: energi island,
0,energi island,0: energi island,
0,energi island,0: energi island,
0,energi island,0: energi island,
0,energi island,0: energi island,
0,energi island,0: energi island,
0,energi island,0: energi island,
0,energi island,0: energi island,
0,energi island,0: energi island,
0,energi island,0: energi island,
0,energi island,0: energi island,
0,energi island,0: energi island,
0,energi island,0: energi island,
0,energi island,0: energi island,
0,energi island,0: energi island,
0,energi island,0: energi island,
0,energi island,0: energi island,
0,energi island,0: energi island,
0,energi island,0: energi island,
0,energi island,0: energi island,
0,energi island,0: energi island,
0,energi island,0: energi island,
0,energi island,0: energi island,
0,energi island,0: energi island,
0,energi island,0: energi island,
0,energi island,0: energi island,
0,energi island,0: energi island,
0,energi island,0: energi island,
0,energi island,0: energi island,
0,energi island,0: energi island,
0,energi island,0: energi island,
0,energi island,0: energi island,
0,energi island,0: energi island,
0,energi island,0: energi island,
0,energi island,0: energi island,
0,energi island,0: energi island,
0,energi island,0: energi island,
0,energi island,0: energi island,
0,energi island,0: energi island,
0,energi island,0: energi island,
0,energi island,0: energi island,
0,energi island,0: energi island,
0,energi island,0: energi island,
0,energi island,0: energi island,
0,energi island,0: energi island,
0,energi island,0: energi island,
0,energi island,0: energi island,
0,energi island,0: energi island,
0,energi island,0: energi island,
0,energi island,0: energi island,
0,energi island,0: energi island,
0,energi island,0: energi island,
0,energi island,0: energi island,
0,energi island,0: energi island,
0,energi island,0: energi island,
0,energi island,0: energi island,
0,energi island,0: energi island,
0,energi island,0: energi island,
0,energi island,0: energi island,
0,energi island,0: energi island,
0,energi island,0: energi island,
0,energi island,0: energi island,
0,energi island,0: energi island,
0,energi island,0: energi island,
0,energi island,0: energi island,
0,energi island,0: energi island,
0,energi island,0: energi island,
0,energi island,0: energi island,
0,energi island,0: energi island,
0,energi island,0: energi island,
0,energi island,0: energi island,
0,energi island,0: energi island,
0,energi island,0: energi island,
0,energi island,0: energi island,
0,energi island,0: energi island,
0,energi island,0: energi island,
0,energi island,0: energi island,
0,energi island,0: energi island,
0,energi island,0: energi island,
0,energi island,0: energi island,
0,energi island,0: energi island,
0,energi island,0: energi island,
0,energi island,0: energi island,
0,energi island,0: energi island,
0,energi island,0: energi island,
0,energi island,0: energi island,
0,energi island,0: energi island,
0,energi island,0: energi island,
0,energi island,0: energi island,
0,energi island,0: energi island,
0,energi island,0: energi island,
0,energi island,0: energi island,
0,energi island,0: energi island,
0,energi island,0: energi island,
0,energi island,0: energi island,
0,energi island,0: energi island,
0,energi island,0: energi island,
0,energi island,0: energi island,
0,energi island,0: energi island,
0,energi island,0: energi island,
0,energi island,0: energi island,
0,energi island,0: energi island,
0,energi island,0: energi island,
0,energi island,0: energi island,
0,energi island,0: energi island,
0,energi island,0: energi island,
0,energi island,0: energi island,
0,energi island,0: energi island,
0,energi island,0: energi island,
0,energi island,0: energi island,
0,energi island,0: energi island,
0,energi island,0: energi island,
0,energi island,0: energi island,
0,energi island,0: energi island,
0,energi island,0: energi island,
0,energi island,0: energi island,
0,energi island,0: energi island,
0,energi island,0: energi island,
0,energi island,0: energi island,
0,energi island,0: energi island,
0,energi island,0: energi island,
0,energi island,0: energi island,
0,energi island,0: energi island,
0,energi island,0: energi island,
0,energi island,0: energi island,
0,energi island,0: energi island,
0,energi island,0: energi island,
0,energi island,0: energi island,
0,energi island,0: energi island,
0,energi island,0: energi island,
0,energi island,0: energi island,
0,energi island,0: energi island,
0,energi island,0: energi island,
0,energi island,0: energi island,
0,energi island,0: energi island,
0,energi island,0: energi island,
0,energi island,0: energi island,
0,energi island,0: energi island,
0,energi island,0: energi island,
0,energi island,0: energi island,
0,energi island,0: energi island,
0,energi island,0: energi island,
0,energi island,0: energi island,
0,energi island,0: energi island,
0,energi island,0: energi island,
0,energi island,0: energi island,
0,energi island,0: energi island,
0,energi island,0: energi island,
0,energi island,0: energi island,
0,energi island,0: energi island,
0,energi island,0: energi island,
0,energi island,0: energi island,
0,energi island,0: energi island,
0,energi island,0: energi island,
0,energi island,0: energi island,
0,energi island,0: energi island,
0,energi island,0: energi island,
0,energi island,0: energi island,
0,energi island,0: energi island,
0,energi island,0: energi island,
0,energi island,0: energi island,
0,energi island,0: energi island,
0,energi island,0: energi island,
0,energi island,0: energi island,
0,energi island,0: energi island,
0,energi island,0: energi island,
0,energi island,0: energi island,
0,energi island,0: energi island,
0,energi island,0: energi island,
0,energi island,0: energi island,
0,energi island,0: energi island,
0,energi island,0: energi island,
0,energi island,0: energi island,
0,energi island,0: energi island,
0,energi island,0: energi island,
0,energi island,0: energi island,
0,energi island,0: energi island,
0,energi island,0: energi island,
0,energi island,0: energi island,
0,energi island,0: energi island,
0,energi island,0: energi island,
0,energi island,0: energi island,
0,energi island,0: energi island,
0,energi island,0: energi island,
0,energi island,0: energi island,
0,energi island,0: energi island,
0,energi island,0: energi island,
0,energi island,0: energi island,
0,energi island,0: energi island,
0,energi island,0: energi island,
0,energi island,0: energi island,
0,energi island,0: energi island,
0,energi island,0: energi island,
0,energi island,0: energi island,
0,energi island,0: energi island,
0,energi island,0: energi island,
0,energi island,0: energi island,
0,energi island,0: energi island,
0,energi island,0: energi island,
0,energi island,0: energi island,
0,energi island,0: energi island,
0,energi island,0: energi island,
0,energi island,0: energi island,
0,energi island,0: energi island,
0,energi island,0: energi island,
0,energi island,0: energi island,
0,energi island,0: energi island,
0,energi island,0: energi island,
0,energi island,0: energi island,
0,energi island,0: energi island,
0,energi island,0: energi island,
0,energi island,0: energi island,
0,energi island,0: energi island,
0,energi island,0: energi island,
0,energi island,0: energi island,
0,energi island,0: energi island,
0,energi island,0: energi island,
0,energi island,0: energi island,
0,energi island,0: energi island,
0,energi island,0: energi island,
0,energi island,0: energi island,
0,energi island,0: energi island,
0,energi island,0: energi island,
0,energi island,0: energi island,
0,energi island,0: energi island,
0,energi island,0: energi island,
0,energi island,0: energi island,
0,energi island,0: energi island,
0,energi island,0: energi island,
0,energi island,0: energi island,
0,energi island,0: energi island,
0,energi island,0: energi island,
0,energi island,0: energi island,
0,energi island,0: energi island,
0,energi island,0: energi island,
0,energi island,0: energi island,
0,energi island,0: energi island,
0,energi island,0: energi island,
0,energi island,0: energi island,
0,energi island,0: energi island,
0,energi island,0: energi island,
0,energi island,0: energi island,
0,energi island,0: energi island,
0,energi island,0: energi island,
0,energi island,0: energi island,
0,energi island,0: energi island,
0,energi island,0: energi island,
0,energi island,0: energi island,
0,energi island,0: energi island,
0,energi island,0: energi island,
0,energi island,0: energi island,
0,energi island,0: energi island,
0,energi island,0: energi island,
0,energi island,0: energi island,
0,energi island,0: energi island,
0,energi island,0: energi island,
0,energi island,0: energi island,
0,energi island,0: energi island,
0,energi island,0: energi island,
0,energi island,0: energi island,
0,energi island,0: energi island,
0,energi island,0: energi island,
0,energi island,0: energi island,
0,energi island,0: energi island,
0,energi island,0: energi island,
0,energi island,0: energi island,
0,energi island,0: energi island,
0,energi island,0: energi island,
0,energi island,0: energi island,
0,energi island,0: energi island,
0,energi island,0: energi island,
0,energi island,0: energi island,
0,energi island,0: energi island,
0,energi island,0: energi island,
0,energi island,0: energi island,
0,energi island,0: energi island,
0,energi island,0: energi island,
0,energi island,0: energi island,
0,energi island,0: energi island,
0,energi island,0: energi island,
0,energi island,0: energi island,
0,energi island,0: energi island,
0,energi island,0: energi island,
0,energi island,0: energi island,
0,energi island,0: energi island,
0,energi island,0: energi island,
0,energi island,0: energi island,
0,energi island,0: energi island,
0,energi island,0: energi island,
0,energi island,0: energi island,
0,energi island,0: energi island,
0,energi island,0: energi island,
0,energi island,0: energi island,
0,energi island,0: energi island,
0,energi island,0: energi island,
0,energi island,0: energi island,
0,energi island,0: energi island,
0,energi island,0: energi island,
0,energi island,0: energi island,
0,energi island,0: energi island,
0,energi island,0: energi island,
0,energi island,0: energi island,
0,energi island,0: energi island,
0,energi island,0: energi island,
0,energi island,0: energi island,
0,energi island,0: energi island,
0,energi island,0: energi island,
0,energi island,0: energi island,
0,energi island,0: energi island,
0,energi island,0: energi island,
0,energi island,0: energi island,
0,energi island,0: energi island,
0,energi island,0: energi island,
0,energi island,0: energi island,
0,energi island,0: energi island,
0,energi island,0: energi island,
0,energi island,0: energi island,
0,energi island,0: energi island,
0,energi island,0: energi island,
0,energi island,0: energi island,
0,energi island,0: energi island,
0,energi island,0: energi island,
0,energi island,0: energi island,
0,energi island,0: energi island,
0,energi island,0: energi island,
0,energi island,0: energi island,
0,energi island,0: energi island,
0,energi island,0: energi island,
0,energi island,0: energi island,
0,energi island,0: energi island,
0,energi island,0: energi island,
0,energi island,0: energi island,
0,energi island,0: energi island,
0,energi island,0: energi island,
0,energi island,0: energi island,
0,energi island,0: energi island,
0,energi island,0: energi island,
0,energi island,0: energi island,
0,energi island,0: energi island,
0,energi island,0: energi island,
0,energi island,0: energi island,
0,energi island,0: energi island,
0,energi island,0: energi island,
0,energi island,0: energi island,
0,energi island,0: energi island,
0,energi island,0: energi island,
0,energi island,0: energi island,
0,energi island,0: energi island,
0,energi island,0: energi island,
0,energi island,0: energi island,
0,energi island,0: energi island,
0,energi island,0: energi island,
0,energi island,0: energi island,
0,energi island,0: energi island,
0,energi island,0: energi island,
0,energi island,0: energi island,
0,energi island,0: energi island,
0,energi island,0: energi island,
0,energi island,0: energi island,
0,energi island,0: energi island,
0,energi island,0: energi island,
0,energi island,0: energi island,
0,energi island,0: energi island,
0,energi island,0: energi island,
0,energi island,0: energi island,
0,energi island,0: energi island,
0,energi island,0: energi island,
0,energi island,0: energi island,
0,energi island,0: energi island,
0,energi island,0: energi island,
0,energi island,0: energi island,
0,energi island,0: energi island,
0,energi island,0: energi island,
0,energi island,0: energi island,
0,energi island,0: energi island,
0,energi island,0: energi island,
0,energi island,0: energi island,
0,energi island,0: energi island,
0,energi island,0: energi island,
0,energi island,0: energi island,
0,energi island,0: energi island,
0,energi island,0: energi island,
0,energi island,0: energi island,
0,energi island,0: energi island,
0,energi island,0: energi island,
0,energi island,0: energi island,
0,energi island,0: energi island,
0,energi island,0: energi island,
0,energi island,0: energi island,
0,energi island,0: energi island,
0,energi island,0: energi island,
0,energi island,0: energi island,
0,energi island,0: energi island,
0,energi island,0: energi island,
0,energi island,0: energi island,
0,energi island,0: energi island,
0,energi island,0: energi island,
0,energi island,0: energi island,
0,energi island,0: energi island,
0,energi island,0: energi island,
0,energi island,0: energi island,
0,energi island,0: energi island,
0,energi island,0: energi island,
0,energi island,0: energi island,
0,energi island,0: energi island,
0,energi island,0: energi island,
0,energi island,0: energi island,
0,energi island,0: energi island,
0,energi island,0: energi island,
0,energi island,0: energi island,
0,energi island,0: energi island,
0,energi island,0: energi island,
0,energi island,0: energi island,
0,energi island,0: energi island,
0,energi island,0: energi island,
0,energi island,0: energi island,
0,energi island,0: energi island,
0,energi island,0: energi island,
0,energi island,0: energi island,
0,energi island,0: energi island,
0,energi island,0: energi island,
0,energi island,0: energi island,
0,energi island,0: energi island,
0,energi island,0: energi island,
0,energi island,0: energi island,
0,energi island,0: energi island,
0,energi island,0: energi island,
0,energi island,0: energi island,
0,energi island,0: energi island,
0,energi island,0: energi island,
0,energi island,0: energi island,
0,energi island,0: energi island,
0,energi island,0: energi island,
0,energi island,0: energi island,
0,energi island,0: energi island,
0,energi island,0: energi island,
0,energi island,0: energi island,
0,energi island,0: energi island,
0,energi island,0: energi island,
0,energi island,0: energi island,
0,energi island,0: energi island,
0,energi island,0: energi island,
0,energi island,0: energi island,
0,energi island,0: energi island,
0,energi island,0: energi island,
0,energi island,0: energi island,
0,energi island,0: energi island,
0,energi island,0: energi island,
0,energi island,0: energi island,
0,energi island,0: energi island,
0,energi island,0: energi island,
0,energi island,0: energi island,
0,energi island,0: energi island,
0,energi island,0: energi island,
0,energi island,0: energi island,
0,energi island,0: energi island,
0,energi island,0: energi island,
0,energi island,0: energi island,
0,energi island,0: energi island,
0,energi island,0: energi island,
0,energi island,0: energi island,
0,energi island,0: energi island,
0,energi island,0: energi island,
0,energi island,0: energi island,
0,energi island,0: energi island,
0,energi island,0: energi island,
0,energi island,0: energi island,
0,energi island,0: energi island,
0,energi island,0: energi island,
0,energi island,0: energi island,
0,energi island,0: energi island,
0,energi island,0: energi island,
0,energi island,0: energi island,
0,energi island,0: energi island,
0,energi island,0: energi island,
0,energi island,0: energi island,
0,energi island,0: energi island,
0,energi island,0: energi island,
0,energi island,0: energi island,
0,energi island,0: energi island,
0,energi island,0: energi island,
0,energi island,0: energi island,
0,energi island,0: energi island,
0,energi island,0: energi island,
0,energi island,0: energi island,
0,energi island,0: energi island,
0,energi island,0: energi island,
0,energi island,0: energi island,
0,energi island,0: energi island,
0,energi island,0: energi island,
0,energi island,0: energi island,
0,energi island,0: energi island,
0,energi island,0: energi island,
0,energi island,0: energi island,
0,energi island,0: energi island,
0,energi island,0: energi island,
0,energi island,0: energi island,
0,energi island,0: energi island,
0,energi island,0: energi island,
0,energi island,0: energi island,
0,energi island,0: energi island,
0,energi island,0: energi island,
0,energi island,0: energi island,
0,energi island,0: energi island,
0,energi island,0: energi island,
0,energi island,0: energi island,
0,energi island,0: energi island,
0,energi island,0: energi island,
0,energi island,0: energi island,
0,energi island,0: energi island,
0,energi island,0: energi island,
0,energi island,0: energi island,
0,energi island,0: energi island,
0,energi island,0: energi island,
0,energi island,0: energi island,
0,energi island,0: energi island,
0,energi island,0: energi island,
0,energi island,0: energi island,
0,energi island,0: energi island,
0,energi island,0: energi island,
0,energi island,0: energi island,
0,energi island,0: energi island,
0,energi island,0: energi island,
0,energi island,0: energi island,
0,energi island,0: energi island,
0,energi island,0: energi island,
0,energi island,0: energi island,
0,energi island,0: energi island,
0,energi island,0: energi island,
0,energi island,0: energi island,
0,energi island,0: energi island,
0,energi island,0: energi island,
0,energi island,0: energi island,
0,energi island,0: energi island,
0,energi island,0: energi island,
0,energi island,0: energi island,
0,energi island,0: energi island,
0,energi island,0: energi island,
0,energi island,0: energi island,
0,energi island,0: energi island,
0,energi island,0: energi island,
0,energi island,0: energi island,
0,energi island,0: energi island,
0,energi island,0: energi island,
0,energi island,0: energi island,
0,energi island,0: energi island,
0,energi island,0: energi island,
0,energi island,0: energi island,
0,energi island,0: energi island,
0,energi island,0: energi island,
0,energi island,0: energi island,
0,energi island,0: energi island,
0,energi island,0: energi island,
0,energi island,0: energi island,
0,energi island,0: energi island,
0,energi island,0: energi island,
0,energi island,0: energi island,
0,energi island,0: energi island,
0,energi island,0: energi island,
0,energi island,0: energi island,
0,energi island,0: energi island,
0,energi island,0: energi island,
0,energi island,0: energi island,
0,energi island,0: energi island,
0,energi island,0: energi island,
0,energi island,0: energi island,
0,energi island,0: energi island,
0,energi island,0: energi island,
0,energi island,0: energi island,
0,energi island,0: energi island,
0,energi island,0: energi island,
0,energi island,0: energi island,
0,energi island,0: energi island,
0,energi island,0: energi island,
0,energi island,0: energi island,
0,energi island,0: energi island,
0,energi island,0: energi island,
0,energi island,0: energi island,
0,energi island,0: energi island,
0,energi island,0: energi island,
0,energi island,0: energi island,
0,energi island,0: energi island,
0,energi island,0: energi island,
0,energi island,0: energi island,
0,energi island,0: energi island,
0,energi island,0: energi island,
0,energi island,0: energi island,
0,energi island,0: energi island,
0,energi island,0: energi island,
0,energi island,0: energi island,
0,energi island,0: energi island,
0,energi island,0: energi island,
0,energi island,0: energi island,
0,energi island,0: energi island,
0,energi island,0: energi island,
0,energi island,0: energi island,
0,energi island,0: energi island,
0,energi island,0: energi island,
0,energi island,0: energi island,
0,energi island,0: energi island,
0,energi island,0: energi island,
0,energi island,0: energi island,
0,energi island,0: energi island,
0,energi island,0: energi island,
0,energi island,0: energi island,
0,energi island,0: energi island,
0,energi island,0: energi island,
0,energi island,0: energi island,
0,energi island,0: energi island,
0,energi island,0: energi island,
0,energi island,0: energi island,
0,energi island,0: energi island,
0,energi island,0: energi island,
0,energi island,0: energi island,
0,energi island,0: energi island,
0,energi island,0: energi island,
0,energi island,0: energi island,
0,energi island,0: energi island,
0,energi island,0: energi island,
0,energi island,0: energi island,
0,energi island,0: energi island,
0,energi island,0: energi island,
0,energi island,0: energi island,
0,energi island,0: energi island,
0,energi island,0: energi island,
0,energi island,0: energi island,
0,energi island,0: energi island,
0,energi island,0: energi island,
0,energi island,0: energi island,
0,energi island,0: energi island,
0,energi island,0: energi island,
0,energi island,0: energi island,
0,energi island,0: energi island,
0,energi island,0: energi island,
0,energi island,0: energi island,
0,energi island,0: energi island,
0,energi island,0: energi island,
0,energi island,0: energi island,
0,energi island,0: energi island,
0,energi island,0: energi island,
0,energi island,0: energi island,
0,energi island,0: energi island,
0,energi island,0: energi island,
0,energi island,0: energi island,
0,energi island,0: energi island,
0,energi island,0: energi island,
0,energi island,0: energi island,
0,energi island,0: energi island,
0,energi island,0: energi island,
0,energi island,0: energi island,
0,energi island,0: energi island,
0,energi island,0: energi island,
0,energi island,0: energi island,
0,energi island,0: energi island,
0,energi island,0: energi island,
0,energi island,0: energi island,
0,energi island,0: energi island,
0,energi island,0: energi island,
0,energi island,0: energi island,
0,energi island,0: energi island,
0,energi island,0: energi island,
0,energi island,0: energi island,
0,energi island,0: energi island,
0,energi island,0: energi island,
0,energi island,0: energi island,
0,energi island,0: energi island,
0,energi island,0: energi island,
0,energi island,0: energi island,
0,energi island,0: energi island,
0,energi island,0: energi island,
0,energi island,0: energi island,
0,energi island,0: energi island,
0,energi island,0: energi island,
0,energi island,0: energi island,
0,energi island,0: energi island,
0,energi island,0: energi island,
0,energi island,0: energi island,
7,renew energi,7: renew energi,
7,renew energi,7: renew energi,
7,renew energi,7: renew energi,
7,renew energi,7: renew energi,
7,renew energi,7: renew energi,
7,renew energi,7: renew energi,
7,renew energi,7: renew energi,
7,renew energi,7: renew energi,
7,renew energi,7: renew energi,
7,renew energi,7: renew energi,
7,renew energi,7: renew energi,
7,renew energi,7: renew energi,
7,renew energi,7: renew energi,
7,renew energi,7: renew energi,
7,renew energi,7: renew energi,
7,renew energi,7: renew energi,
7,renew energi,7: renew energi,
7,renew energi,7: renew energi,
7,renew energi,7: renew energi,
7,renew energi,7: renew energi,
7,renew energi,7: renew energi,
7,renew energi,7: renew energi,
7,renew energi,7: renew energi,
7,renew energi,7: renew energi,
7,renew energi,7: renew energi,
7,renew energi,7: renew energi,
7,renew energi,7: renew energi,
7,renew energi,7: renew energi,
7,renew energi,7: renew energi,
7,renew energi,7: renew energi,
7,renew energi,7: renew energi,
7,renew energi,7: renew energi,
7,renew energi,7: renew energi,
7,renew energi,7: renew energi,
7,renew energi,7: renew energi,
7,renew energi,7: renew energi,
7,renew energi,7: renew energi,
7,renew energi,7: renew energi,
7,renew energi,7: renew energi,
7,renew energi,7: renew energi,
7,renew energi,7: renew energi,
7,renew energi,7: renew energi,
7,renew energi,7: renew energi,
7,renew energi,7: renew energi,
7,renew energi,7: renew energi,
7,renew energi,7: renew energi,
7,renew energi,7: renew energi,
7,renew energi,7: renew energi,
7,renew energi,7: renew energi,
7,renew energi,7: renew energi,
7,renew energi,7: renew energi,
7,renew energi,7: renew energi,
7,renew energi,7: renew energi,
7,renew energi,7: renew energi,
7,renew energi,7: renew energi,
7,renew energi,7: renew energi,
7,renew energi,7: renew energi,
7,renew energi,7: renew energi,
7,renew energi,7: renew energi,
7,renew energi,7: renew energi,
7,renew energi,7: renew energi,
7,renew energi,7: renew energi,
7,renew energi,7: renew energi,
7,renew energi,7: renew energi,
7,renew energi,7: renew energi,
7,renew energi,7: renew energi,
7,renew energi,7: renew energi,
7,renew energi,7: renew energi,
7,renew energi,7: renew energi,
7,renew energi,7: renew energi,
7,renew energi,7: renew energi,
7,renew energi,7: renew energi,
7,renew energi,7: renew energi,
7,renew energi,7: renew energi,
7,renew energi,7: renew energi,
7,renew energi,7: renew energi,
7,renew energi,7: renew energi,
7,renew energi,7: renew energi,
7,renew energi,7: renew energi,
7,renew energi,7: renew energi,
7,renew energi,7: renew energi,
7,renew energi,7: renew energi,
7,renew energi,7: renew energi,
7,renew energi,7: renew energi,
7,renew energi,7: renew energi,
7,renew energi,7: renew energi,
7,renew energi,7: renew energi,
7,renew energi,7: renew energi,
7,renew energi,7: renew energi,
7,renew energi,7: renew energi,
7,renew energi,7: renew energi,
7,renew energi,7: renew energi,
7,renew energi,7: renew energi,
7,renew energi,7: renew energi,
7,renew energi,7: renew energi,
7,renew energi,7: renew energi,
7,renew energi,7: renew energi,
7,renew energi,7: renew energi,
7,renew energi,7: renew energi,
7,renew energi,7: renew energi,
7,renew energi,7: renew energi,
7,renew energi,7: renew energi,
7,renew energi,7: renew energi,
7,renew energi,7: renew energi,
7,renew energi,7: renew energi,
7,renew energi,7: renew energi,
7,renew energi,7: renew energi,
7,renew energi,7: renew energi,
7,renew energi,7: renew energi,
7,renew energi,7: renew energi,
7,renew energi,7: renew energi,
7,renew energi,7: renew energi,
7,renew energi,7: renew energi,
7,renew energi,7: renew energi,
7,renew energi,7: renew energi,
7,renew energi,7: renew energi,
7,renew energi,7: renew energi,
7,renew energi,7: renew energi,
7,renew energi,7: renew energi,
7,renew energi,7: renew energi,
7,renew energi,7: renew energi,
7,renew energi,7: renew energi,
7,renew energi,7: renew energi,
7,renew energi,7: renew energi,
7,renew energi,7: renew energi,
7,renew energi,7: renew energi,
7,renew energi,7: renew energi,
7,renew energi,7: renew energi,
7,renew energi,7: renew energi,
7,renew energi,7: renew energi,
7,renew energi,7: renew energi,
7,renew energi,7: renew energi,
7,renew energi,7: renew energi,
7,renew energi,7: renew energi,
7,renew energi,7: renew energi,
7,renew energi,7: renew energi,
7,renew energi,7: renew energi,
7,renew energi,7: renew energi,
7,renew energi,7: renew energi,
7,renew energi,7: renew energi,
7,renew energi,7: renew energi,
7,renew energi,7: renew energi,
7,renew energi,7: renew energi,
7,renew energi,7: renew energi,
7,renew energi,7: renew energi,
7,renew energi,7: renew energi,
3,offshor wind,3: offshor wind,
3,offshor wind,3: offshor wind,
3,offshor wind,3: offshor wind,
3,offshor wind,3: offshor wind,
3,offshor wind,3: offshor wind,
3,offshor wind,3: offshor wind,
3,offshor wind,3: offshor wind,
3,offshor wind,3: offshor wind,
3,offshor wind,3: offshor wind,
3,offshor wind,3: offshor wind,
3,offshor wind,3: offshor wind,
3,offshor wind,3: offshor wind,
3,offshor wind,3: offshor wind,
3,offshor wind,3: offshor wind,
3,offshor wind,3: offshor wind,
3,offshor wind,3: offshor wind,
3,offshor wind,3: offshor wind,
3,offshor wind,3: offshor wind,
3,offshor wind,3: offshor wind,
3,offshor wind,3: offshor wind,
3,offshor wind,3: offshor wind,
3,offshor wind,3: offshor wind,
3,offshor wind,3: offshor wind,
3,offshor wind,3: offshor wind,
3,offshor wind,3: offshor wind,
3,offshor wind,3: offshor wind,
3,offshor wind,3: offshor wind,
3,offshor wind,3: offshor wind,
3,offshor wind,3: offshor wind,
3,offshor wind,3: offshor wind,
3,offshor wind,3: offshor wind,
3,offshor wind,3: offshor wind,
3,offshor wind,3: offshor wind,
3,offshor wind,3: offshor wind,
3,offshor wind,3: offshor wind,
3,offshor wind,3: offshor wind,
3,offshor wind,3: offshor wind,
3,offshor wind,3: offshor wind,
3,offshor wind,3: offshor wind,
3,offshor wind,3: offshor wind,
3,offshor wind,3: offshor wind,
3,offshor wind,3: offshor wind,
3,offshor wind,3: offshor wind,
3,offshor wind,3: offshor wind,
3,offshor wind,3: offshor wind,
3,offshor wind,3: offshor wind,
3,offshor wind,3: offshor wind,
3,offshor wind,3: offshor wind,
3,offshor wind,3: offshor wind,
3,offshor wind,3: offshor wind,
3,offshor wind,3: offshor wind,
3,offshor wind,3: offshor wind,
3,offshor wind,3: offshor wind,
3,offshor wind,3: offshor wind,
3,offshor wind,3: offshor wind,
3,offshor wind,3: offshor wind,
3,offshor wind,3: offshor wind,
3,offshor wind,3: offshor wind,
3,offshor wind,3: offshor wind,
3,offshor wind,3: offshor wind,
3,offshor wind,3: offshor wind,
3,offshor wind,3: offshor wind,
3,offshor wind,3: offshor wind,
3,offshor wind,3: offshor wind,
3,offshor wind,3: offshor wind,
3,offshor wind,3: offshor wind,
3,offshor wind,3: offshor wind,
3,offshor wind,3: offshor wind,
3,offshor wind,3: offshor wind,
3,offshor wind,3: offshor wind,
3,offshor wind,3: offshor wind,
3,offshor wind,3: offshor wind,
3,offshor wind,3: offshor wind,
3,offshor wind,3: offshor wind,
3,offshor wind,3: offshor wind,
3,offshor wind,3: offshor wind,
3,offshor wind,3: offshor wind,
3,offshor wind,3: offshor wind,
3,offshor wind,3: offshor wind,
3,offshor wind,3: offshor wind,
3,offshor wind,3: offshor wind,
3,offshor wind,3: offshor wind,
3,offshor wind,3: offshor wind,
3,offshor wind,3: offshor wind,
3,offshor wind,3: offshor wind,
3,offshor wind,3: offshor wind,
3,offshor wind,3: offshor wind,
3,offshor wind,3: offshor wind,
3,offshor wind,3: offshor wind,
3,offshor wind,3: offshor wind,
3,offshor wind,3: offshor wind,
3,offshor wind,3: offshor wind,
3,offshor wind,3: offshor wind,
3,offshor wind,3: offshor wind,
3,offshor wind,3: offshor wind,
3,offshor wind,3: offshor wind,
3,offshor wind,3: offshor wind,
3,offshor wind,3: offshor wind,
3,offshor wind,3: offshor wind,
3,offshor wind,3: offshor wind,
3,offshor wind,3: offshor wind,
3,offshor wind,3: offshor wind,
3,offshor wind,3: offshor wind,
3,offshor wind,3: offshor wind,
3,offshor wind,3: offshor wind,
3,offshor wind,3: offshor wind,
3,offshor wind,3: offshor wind,
3,offshor wind,3: offshor wind,
3,offshor wind,3: offshor wind,
3,offshor wind,3: offshor wind,
3,offshor wind,3: offshor wind,
3,offshor wind,3: offshor wind,
3,offshor wind,3: offshor wind,
0,energi island,0: energi island,
0,energi island,0: energi island,
0,energi island,0: energi island,
0,energi island,0: energi island,
0,energi island,0: energi island,
0,energi island,0: energi island,
0,energi island,0: energi island,
0,energi island,0: energi island,
0,energi island,0: energi island,
0,energi island,0: energi island,
0,energi island,0: energi island,
0,energi island,0: energi island,
0,energi island,0: energi island,
0,energi island,0: energi island,
0,energi island,0: energi island,
0,energi island,0: energi island,
0,energi island,0: energi island,
0,energi island,0: energi island,
0,energi island,0: energi island,
0,energi island,0: energi island,
0,energi island,0: energi island,
0,energi island,0: energi island,
0,energi island,0: energi island,
0,energi island,0: energi island,
0,energi island,0: energi island,
0,energi island,0: energi island,
0,energi island,0: energi island,
0,energi island,0: energi island,
0,energi island,0: energi island,
0,energi island,0: energi island,
0,energi island,0: energi island,
0,energi island,0: energi island,
0,energi island,0: energi island,
0,energi island,0: energi island,
0,energi island,0: energi island,
0,energi island,0: energi island,
0,energi island,0: energi island,
0,energi island,0: energi island,
0,energi island,0: energi island,
0,energi island,0: energi island,
0,energi island,0: energi island,
0,energi island,0: energi island,
0,energi island,0: energi island,
0,energi island,0: energi island,
0,energi island,0: energi island,
0,energi island,0: energi island,
0,energi island,0: energi island,
0,energi island,0: energi island,
0,energi island,0: energi island,
0,energi island,0: energi island,
0,energi island,0: energi island,
0,energi island,0: energi island,
0,energi island,0: energi island,
0,energi island,0: energi island,
0,energi island,0: energi island,
0,energi island,0: energi island,
0,energi island,0: energi island,
0,energi island,0: energi island,
0,energi island,0: energi island,
0,energi island,0: energi island,
0,energi island,0: energi island,
0,energi island,0: energi island,
0,energi island,0: energi island,
0,energi island,0: energi island,
0,energi island,0: energi island,
0,energi island,0: energi island,
0,energi island,0: energi island,
0,energi island,0: energi island,
0,energi island,0: energi island,
0,energi island,0: energi island,
0,energi island,0: energi island,
0,energi island,0: energi island,
0,energi island,0: energi island,
0,energi island,0: energi island,
0,energi island,0: energi island,
0,energi island,0: energi island,
0,energi island,0: energi island,
0,energi island,0: energi island,
0,energi island,0: energi island,
0,energi island,0: energi island,
0,energi island,0: energi island,
0,energi island,0: energi island,
0,energi island,0: energi island,
0,energi island,0: energi island,
0,energi island,0: energi island,
0,energi island,0: energi island,
0,energi island,0: energi island,
0,energi island,0: energi island,
0,energi island,0: energi island,
0,energi island,0: energi island,
0,energi island,0: energi island,
0,energi island,0: energi island,
0,energi island,0: energi island,
0,energi island,0: energi island,
0,energi island,0: energi island,
0,energi island,0: energi island,
0,energi island,0: energi island,
0,energi island,0: energi island,
0,energi island,0: energi island,
0,energi island,0: energi island,
0,energi island,0: energi island,
0,energi island,0: energi island,
0,energi island,0: energi island,
0,energi island,0: energi island,
0,energi island,0: energi island,
0,energi island,0: energi island,
0,energi island,0: energi island,
0,energi island,0: energi island,
0,energi island,0: energi island,
0,energi island,0: energi island,
0,energi island,0: energi island,
0,energi island,0: energi island,
0,energi island,0: energi island,
0,energi island,0: energi island,
0,energi island,0: energi island,
0,energi island,0: energi island,
0,energi island,0: energi island,
0,energi island,0: energi island,
0,energi island,0: energi island,
0,energi island,0: energi island,
0,energi island,0: energi island,
0,energi island,0: energi island,
0,energi island,0: energi island,
0,energi island,0: energi island,
0,energi island,0: energi island,
0,energi island,0: energi island,
0,energi island,0: energi island,
0,energi island,0: energi island,
0,energi island,0: energi island,
0,energi island,0: energi island,
0,energi island,0: energi island,
0,energi island,0: energi island,
0,energi island,0: energi island,
0,energi island,0: energi island,
0,energi island,0: energi island,
0,energi island,0: energi island,
0,energi island,0: energi island,
0,energi island,0: energi island,
0,energi island,0: energi island,
0,energi island,0: energi island,
0,energi island,0: energi island,
0,energi island,0: energi island,
0,energi island,0: energi island,
0,energi island,0: energi island,
0,energi island,0: energi island,
0,energi island,0: energi island,
0,energi island,0: energi island,
0,energi island,0: energi island,
0,energi island,0: energi island,
0,energi island,0: energi island,
0,energi island,0: energi island,
0,energi island,0: energi island,
0,energi island,0: energi island,
0,energi island,0: energi island,
0,energi island,0: energi island,
0,energi island,0: energi island,
0,energi island,0: energi island,
3,offshor wind,3: offshor wind,
3,offshor wind,3: offshor wind,
3,offshor wind,3: offshor wind,
3,offshor wind,3: offshor wind,
3,offshor wind,3: offshor wind,
3,offshor wind,3: offshor wind,
3,offshor wind,3: offshor wind,
3,offshor wind,3: offshor wind,
3,offshor wind,3: offshor wind,
3,offshor wind,3: offshor wind,
3,offshor wind,3: offshor wind,
3,offshor wind,3: offshor wind,
3,offshor wind,3: offshor wind,
3,offshor wind,3: offshor wind,
3,offshor wind,3: offshor wind,
3,offshor wind,3: offshor wind,
3,offshor wind,3: offshor wind,
3,offshor wind,3: offshor wind,
3,offshor wind,3: offshor wind,
3,offshor wind,3: offshor wind,
3,offshor wind,3: offshor wind,
3,offshor wind,3: offshor wind,
3,offshor wind,3: offshor wind,
3,offshor wind,3: offshor wind,
3,offshor wind,3: offshor wind,
3,offshor wind,3: offshor wind,
3,offshor wind,3: offshor wind,
3,offshor wind,3: offshor wind,
3,offshor wind,3: offshor wind,
3,offshor wind,3: offshor wind,
3,offshor wind,3: offshor wind,
3,offshor wind,3: offshor wind,
3,offshor wind,3: offshor wind,
3,offshor wind,3: offshor wind,
3,offshor wind,3: offshor wind,
3,offshor wind,3: offshor wind,
3,offshor wind,3: offshor wind,
3,offshor wind,3: offshor wind,
3,offshor wind,3: offshor wind,
3,offshor wind,3: offshor wind,
3,offshor wind,3: offshor wind,
3,offshor wind,3: offshor wind,
3,offshor wind,3: offshor wind,
3,offshor wind,3: offshor wind,
3,offshor wind,3: offshor wind,
3,offshor wind,3: offshor wind,
3,offshor wind,3: offshor wind,
3,offshor wind,3: offshor wind,
3,offshor wind,3: offshor wind,
3,offshor wind,3: offshor wind,
3,offshor wind,3: offshor wind,
3,offshor wind,3: offshor wind,
3,offshor wind,3: offshor wind,
3,offshor wind,3: offshor wind,
3,offshor wind,3: offshor wind,
3,offshor wind,3: offshor wind,
3,offshor wind,3: offshor wind,
3,offshor wind,3: offshor wind,
3,offshor wind,3: offshor wind,
3,offshor wind,3: offshor wind,
3,offshor wind,3: offshor wind,
3,offshor wind,3: offshor wind,
3,offshor wind,3: offshor wind,
3,offshor wind,3: offshor wind,
3,offshor wind,3: offshor wind,
3,offshor wind,3: offshor wind,
3,offshor wind,3: offshor wind,
3,offshor wind,3: offshor wind,
3,offshor wind,3: offshor wind,
3,offshor wind,3: offshor wind,
3,offshor wind,3: offshor wind,
3,offshor wind,3: offshor wind,
3,offshor wind,3: offshor wind,
3,offshor wind,3: offshor wind,
3,offshor wind,3: offshor wind,
3,offshor wind,3: offshor wind,
3,offshor wind,3: offshor wind,
3,offshor wind,3: offshor wind,
3,offshor wind,3: offshor wind,
3,offshor wind,3: offshor wind,
3,offshor wind,3: offshor wind,
3,offshor wind,3: offshor wind,
3,offshor wind,3: offshor wind,
3,offshor wind,3: offshor wind,
3,offshor wind,3: offshor wind,
3,offshor wind,3: offshor wind,
3,offshor wind,3: offshor wind,
3,offshor wind,3: offshor wind,
3,offshor wind,3: offshor wind,
3,offshor wind,3: offshor wind,
3,offshor wind,3: offshor wind,
3,offshor wind,3: offshor wind,
3,offshor wind,3: offshor wind,
3,offshor wind,3: offshor wind,
3,offshor wind,3: offshor wind,
3,offshor wind,3: offshor wind,
3,offshor wind,3: offshor wind,
3,offshor wind,3: offshor wind,
3,offshor wind,3: offshor wind,
3,offshor wind,3: offshor wind,
3,offshor wind,3: offshor wind,
3,offshor wind,3: offshor wind,
3,offshor wind,3: offshor wind,
3,offshor wind,3: offshor wind,
3,offshor wind,3: offshor wind,
3,offshor wind,3: offshor wind,
3,offshor wind,3: offshor wind,
3,offshor wind,3: offshor wind,
3,offshor wind,3: offshor wind,
3,offshor wind,3: offshor wind,
3,offshor wind,3: offshor wind,
3,offshor wind,3: offshor wind,
3,offshor wind,3: offshor wind,
8,wind turbin,8: wind turbin,
8,wind turbin,8: wind turbin,
8,wind turbin,8: wind turbin,
8,wind turbin,8: wind turbin,
8,wind turbin,8: wind turbin,
8,wind turbin,8: wind turbin,
8,wind turbin,8: wind turbin,
8,wind turbin,8: wind turbin,
8,wind turbin,8: wind turbin,
8,wind turbin,8: wind turbin,
8,wind turbin,8: wind turbin,
8,wind turbin,8: wind turbin,
8,wind turbin,8: wind turbin,
8,wind turbin,8: wind turbin,
8,wind turbin,8: wind turbin,
8,wind turbin,8: wind turbin,
8,wind turbin,8: wind turbin,
8,wind turbin,8: wind turbin,
8,wind turbin,8: wind turbin,
8,wind turbin,8: wind turbin,
8,wind turbin,8: wind turbin,
8,wind turbin,8: wind turbin,
8,wind turbin,8: wind turbin,
8,wind turbin,8: wind turbin,
8,wind turbin,8: wind turbin,
8,wind turbin,8: wind turbin,
8,wind turbin,8: wind turbin,
8,wind turbin,8: wind turbin,
8,wind turbin,8: wind turbin,
8,wind turbin,8: wind turbin,
8,wind turbin,8: wind turbin,
8,wind turbin,8: wind turbin,
8,wind turbin,8: wind turbin,
8,wind turbin,8: wind turbin,
8,wind turbin,8: wind turbin,
8,wind turbin,8: wind turbin,
8,wind turbin,8: wind turbin,
8,wind turbin,8: wind turbin,
8,wind turbin,8: wind turbin,
8,wind turbin,8: wind turbin,
8,wind turbin,8: wind turbin,
8,wind turbin,8: wind turbin,
8,wind turbin,8: wind turbin,
8,wind turbin,8: wind turbin,
8,wind turbin,8: wind turbin,
8,wind turbin,8: wind turbin,
8,wind turbin,8: wind turbin,
8,wind turbin,8: wind turbin,
8,wind turbin,8: wind turbin,
8,wind turbin,8: wind turbin,
8,wind turbin,8: wind turbin,
8,wind turbin,8: wind turbin,
8,wind turbin,8: wind turbin,
8,wind turbin,8: wind turbin,
8,wind turbin,8: wind turbin,
8,wind turbin,8: wind turbin,
8,wind turbin,8: wind turbin,
8,wind turbin,8: wind turbin,
8,wind turbin,8: wind turbin,
8,wind turbin,8: wind turbin,
8,wind turbin,8: wind turbin,
8,wind turbin,8: wind turbin,
8,wind turbin,8: wind turbin,
8,wind turbin,8: wind turbin,
8,wind turbin,8: wind turbin,
8,wind turbin,8: wind turbin,
8,wind turbin,8: wind turbin,
8,wind turbin,8: wind turbin,
8,wind turbin,8: wind turbin,
8,wind turbin,8: wind turbin,
8,wind turbin,8: wind turbin,
8,wind turbin,8: wind turbin,
8,wind turbin,8: wind turbin,
8,wind turbin,8: wind turbin,
8,wind turbin,8: wind turbin,
8,wind turbin,8: wind turbin,
8,wind turbin,8: wind turbin,
8,wind turbin,8: wind turbin,
8,wind turbin,8: wind turbin,
8,wind turbin,8: wind turbin,
8,wind turbin,8: wind turbin,
8,wind turbin,8: wind turbin,
8,wind turbin,8: wind turbin,
8,wind turbin,8: wind turbin,
8,wind turbin,8: wind turbin,
8,wind turbin,8: wind turbin,
8,wind turbin,8: wind turbin,
8,wind turbin,8: wind turbin,
8,wind turbin,8: wind turbin,
8,wind turbin,8: wind turbin,
8,wind turbin,8: wind turbin,
8,wind turbin,8: wind turbin,
8,wind turbin,8: wind turbin,
8,wind turbin,8: wind turbin,
8,wind turbin,8: wind turbin,
8,wind turbin,8: wind turbin,
8,wind turbin,8: wind turbin,
8,wind turbin,8: wind turbin,
8,wind turbin,8: wind turbin,
8,wind turbin,8: wind turbin,
8,wind turbin,8: wind turbin,
8,wind turbin,8: wind turbin,
8,wind turbin,8: wind turbin,
8,wind turbin,8: wind turbin,
8,wind turbin,8: wind turbin,
8,wind turbin,8: wind turbin,
8,wind turbin,8: wind turbin,
8,wind turbin,8: wind turbin,
8,wind turbin,8: wind turbin,
8,wind turbin,8: wind turbin,
8,wind turbin,8: wind turbin,
8,wind turbin,8: wind turbin,
8,wind turbin,8: wind turbin,
8,wind turbin,8: wind turbin,
8,wind turbin,8: wind turbin,
8,wind turbin,8: wind turbin,
8,wind turbin,8: wind turbin,
8,wind turbin,8: wind turbin,
8,wind turbin,8: wind turbin,
8,wind turbin,8: wind turbin,
8,wind turbin,8: wind turbin,
8,wind turbin,8: wind turbin,
8,wind turbin,8: wind turbin,
8,wind turbin,8: wind turbin,
8,wind turbin,8: wind turbin,
8,wind turbin,8: wind turbin,
8,wind turbin,8: wind turbin,
8,wind turbin,8: wind turbin,
8,wind turbin,8: wind turbin,
8,wind turbin,8: wind turbin,
3,offshor wind,3: offshor wind,
3,offshor wind,3: offshor wind,
3,offshor wind,3: offshor wind,
3,offshor wind,3: offshor wind,
3,offshor wind,3: offshor wind,
3,offshor wind,3: offshor wind,
3,offshor wind,3: offshor wind,
3,offshor wind,3: offshor wind,
3,offshor wind,3: offshor wind,
3,offshor wind,3: offshor wind,
3,offshor wind,3: offshor wind,
3,offshor wind,3: offshor wind,
3,offshor wind,3: offshor wind,
3,offshor wind,3: offshor wind,
3,offshor wind,3: offshor wind,
3,offshor wind,3: offshor wind,
3,offshor wind,3: offshor wind,
3,offshor wind,3: offshor wind,
3,offshor wind,3: offshor wind,
3,offshor wind,3: offshor wind,
3,offshor wind,3: offshor wind,
3,offshor wind,3: offshor wind,
3,offshor wind,3: offshor wind,
3,offshor wind,3: offshor wind,
3,offshor wind,3: offshor wind,
3,offshor wind,3: offshor wind,
3,offshor wind,3: offshor wind,
3,offshor wind,3: offshor wind,
3,offshor wind,3: offshor wind,
3,offshor wind,3: offshor wind,
3,offshor wind,3: offshor wind,
3,offshor wind,3: offshor wind,
3,offshor wind,3: offshor wind,
3,offshor wind,3: offshor wind,
3,offshor wind,3: offshor wind,
3,offshor wind,3: offshor wind,
3,offshor wind,3: offshor wind,
3,offshor wind,3: offshor wind,
3,offshor wind,3: offshor wind,
3,offshor wind,3: offshor wind,
3,offshor wind,3: offshor wind,
3,offshor wind,3: offshor wind,
3,offshor wind,3: offshor wind,
3,offshor wind,3: offshor wind,
3,offshor wind,3: offshor wind,
3,offshor wind,3: offshor wind,
3,offshor wind,3: offshor wind,
3,offshor wind,3: offshor wind,
3,offshor wind,3: offshor wind,
3,offshor wind,3: offshor wind,
3,offshor wind,3: offshor wind,
3,offshor wind,3: offshor wind,
3,offshor wind,3: offshor wind,
3,offshor wind,3: offshor wind,
3,offshor wind,3: offshor wind,
3,offshor wind,3: offshor wind,
3,offshor wind,3: offshor wind,
3,offshor wind,3: offshor wind,
3,offshor wind,3: offshor wind,
3,offshor wind,3: offshor wind,
3,offshor wind,3: offshor wind,
3,offshor wind,3: offshor wind,
3,offshor wind,3: offshor wind,
3,offshor wind,3: offshor wind,
3,offshor wind,3: offshor wind,
3,offshor wind,3: offshor wind,
3,offshor wind,3: offshor wind,
3,offshor wind,3: offshor wind,
3,offshor wind,3: offshor wind,
3,offshor wind,3: offshor wind,
3,offshor wind,3: offshor wind,
3,offshor wind,3: offshor wind,
3,offshor wind,3: offshor wind,
3,offshor wind,3: offshor wind,
3,offshor wind,3: offshor wind,
3,offshor wind,3: offshor wind,
3,offshor wind,3: offshor wind,
3,offshor wind,3: offshor wind,
3,offshor wind,3: offshor wind,
3,offshor wind,3: offshor wind,
3,offshor wind,3: offshor wind,
3,offshor wind,3: offshor wind,
3,offshor wind,3: offshor wind,
3,offshor wind,3: offshor wind,
3,offshor wind,3: offshor wind,
3,offshor wind,3: offshor wind,
3,offshor wind,3: offshor wind,
3,offshor wind,3: offshor wind,
3,offshor wind,3: offshor wind,
3,offshor wind,3: offshor wind,
3,offshor wind,3: offshor wind,
3,offshor wind,3: offshor wind,
3,offshor wind,3: offshor wind,
3,offshor wind,3: offshor wind,
3,offshor wind,3: offshor wind,
3,offshor wind,3: offshor wind,
3,offshor wind,3: offshor wind,
3,offshor wind,3: offshor wind,
3,offshor wind,3: offshor wind,
3,offshor wind,3: offshor wind,
3,offshor wind,3: offshor wind,
3,offshor wind,3: offshor wind,
3,offshor wind,3: offshor wind,
3,offshor wind,3: offshor wind,
3,offshor wind,3: offshor wind,
3,offshor wind,3: offshor wind,
3,offshor wind,3: offshor wind,
3,offshor wind,3: offshor wind,
3,offshor wind,3: offshor wind,
3,offshor wind,3: offshor wind,
3,offshor wind,3: offshor wind,
3,offshor wind,3: offshor wind,
3,offshor wind,3: offshor wind,
8,wind turbin,8: wind turbin,
8,wind turbin,8: wind turbin,
8,wind turbin,8: wind turbin,
8,wind turbin,8: wind turbin,
8,wind turbin,8: wind turbin,
8,wind turbin,8: wind turbin,
8,wind turbin,8: wind turbin,
8,wind turbin,8: wind turbin,
8,wind turbin,8: wind turbin,
8,wind turbin,8: wind turbin,
8,wind turbin,8: wind turbin,
8,wind turbin,8: wind turbin,
8,wind turbin,8: wind turbin,
8,wind turbin,8: wind turbin,
8,wind turbin,8: wind turbin,
8,wind turbin,8: wind turbin,
8,wind turbin,8: wind turbin,
8,wind turbin,8: wind turbin,
8,wind turbin,8: wind turbin,
8,wind turbin,8: wind turbin,
8,wind turbin,8: wind turbin,
8,wind turbin,8: wind turbin,
8,wind turbin,8: wind turbin,
8,wind turbin,8: wind turbin,
8,wind turbin,8: wind turbin,
8,wind turbin,8: wind turbin,
8,wind turbin,8: wind turbin,
8,wind turbin,8: wind turbin,
8,wind turbin,8: wind turbin,
8,wind turbin,8: wind turbin,
8,wind turbin,8: wind turbin,
8,wind turbin,8: wind turbin,
8,wind turbin,8: wind turbin,
8,wind turbin,8: wind turbin,
8,wind turbin,8: wind turbin,
8,wind turbin,8: wind turbin,
8,wind turbin,8: wind turbin,
8,wind turbin,8: wind turbin,
8,wind turbin,8: wind turbin,
8,wind turbin,8: wind turbin,
8,wind turbin,8: wind turbin,
8,wind turbin,8: wind turbin,
8,wind turbin,8: wind turbin,
8,wind turbin,8: wind turbin,
8,wind turbin,8: wind turbin,
8,wind turbin,8: wind turbin,
8,wind turbin,8: wind turbin,
8,wind turbin,8: wind turbin,
8,wind turbin,8: wind turbin,
8,wind turbin,8: wind turbin,
8,wind turbin,8: wind turbin,
8,wind turbin,8: wind turbin,
8,wind turbin,8: wind turbin,
8,wind turbin,8: wind turbin,
8,wind turbin,8: wind turbin,
8,wind turbin,8: wind turbin,
8,wind turbin,8: wind turbin,
8,wind turbin,8: wind turbin,
8,wind turbin,8: wind turbin,
8,wind turbin,8: wind turbin,
8,wind turbin,8: wind turbin,
8,wind turbin,8: wind turbin,
8,wind turbin,8: wind turbin,
8,wind turbin,8: wind turbin,
8,wind turbin,8: wind turbin,
8,wind turbin,8: wind turbin,
8,wind turbin,8: wind turbin,
8,wind turbin,8: wind turbin,
8,wind turbin,8: wind turbin,
8,wind turbin,8: wind turbin,
8,wind turbin,8: wind turbin,
8,wind turbin,8: wind turbin,
8,wind turbin,8: wind turbin,
8,wind turbin,8: wind turbin,
8,wind turbin,8: wind turbin,
8,wind turbin,8: wind turbin,
8,wind turbin,8: wind turbin,
8,wind turbin,8: wind turbin,
8,wind turbin,8: wind turbin,
8,wind turbin,8: wind turbin,
8,wind turbin,8: wind turbin,
8,wind turbin,8: wind turbin,
8,wind turbin,8: wind turbin,
8,wind turbin,8: wind turbin,
8,wind turbin,8: wind turbin,
8,wind turbin,8: wind turbin,
8,wind turbin,8: wind turbin,
8,wind turbin,8: wind turbin,
8,wind turbin,8: wind turbin,
8,wind turbin,8: wind turbin,
8,wind turbin,8: wind turbin,
8,wind turbin,8: wind turbin,
8,wind turbin,8: wind turbin,
8,wind turbin,8: wind turbin,
8,wind turbin,8: wind turbin,
8,wind turbin,8: wind turbin,
8,wind turbin,8: wind turbin,
8,wind turbin,8: wind turbin,
8,wind turbin,8: wind turbin,
8,wind turbin,8: wind turbin,
8,wind turbin,8: wind turbin,
8,wind turbin,8: wind turbin,
8,wind turbin,8: wind turbin,
8,wind turbin,8: wind turbin,
8,wind turbin,8: wind turbin,
8,wind turbin,8: wind turbin,
8,wind turbin,8: wind turbin,
8,wind turbin,8: wind turbin,
8,wind turbin,8: wind turbin,
8,wind turbin,8: wind turbin,
8,wind turbin,8: wind turbin,
8,wind turbin,8: wind turbin,
8,wind turbin,8: wind turbin,
8,wind turbin,8: wind turbin,
8,wind turbin,8: wind turbin,
8,wind turbin,8: wind turbin,
8,wind turbin,8: wind turbin,
8,wind turbin,8: wind turbin,
8,wind turbin,8: wind turbin,
8,wind turbin,8: wind turbin,
8,wind turbin,8: wind turbin,
8,wind turbin,8: wind turbin,
8,wind turbin,8: wind turbin,
8,wind turbin,8: wind turbin,
8,wind turbin,8: wind turbin,
8,wind turbin,8: wind turbin,
8,wind turbin,8: wind turbin,
8,wind turbin,8: wind turbin,
8,wind turbin,8: wind turbin,
8,wind turbin,8: wind turbin,
3,offshor wind,3: offshor wind,
3,offshor wind,3: offshor wind,
3,offshor wind,3: offshor wind,
3,offshor wind,3: offshor wind,
3,offshor wind,3: offshor wind,
3,offshor wind,3: offshor wind,
3,offshor wind,3: offshor wind,
3,offshor wind,3: offshor wind,
3,offshor wind,3: offshor wind,
3,offshor wind,3: offshor wind,
3,offshor wind,3: offshor wind,
3,offshor wind,3: offshor wind,
3,offshor wind,3: offshor wind,
3,offshor wind,3: offshor wind,
3,offshor wind,3: offshor wind,
3,offshor wind,3: offshor wind,
3,offshor wind,3: offshor wind,
3,offshor wind,3: offshor wind,
3,offshor wind,3: offshor wind,
3,offshor wind,3: offshor wind,
3,offshor wind,3: offshor wind,
3,offshor wind,3: offshor wind,
3,offshor wind,3: offshor wind,
3,offshor wind,3: offshor wind,
3,offshor wind,3: offshor wind,
3,offshor wind,3: offshor wind,
3,offshor wind,3: offshor wind,
3,offshor wind,3: offshor wind,
3,offshor wind,3: offshor wind,
3,offshor wind,3: offshor wind,
3,offshor wind,3: offshor wind,
3,offshor wind,3: offshor wind,
3,offshor wind,3: offshor wind,
3,offshor wind,3: offshor wind,
3,offshor wind,3: offshor wind,
3,offshor wind,3: offshor wind,
3,offshor wind,3: offshor wind,
3,offshor wind,3: offshor wind,
3,offshor wind,3: offshor wind,
3,offshor wind,3: offshor wind,
3,offshor wind,3: offshor wind,
3,offshor wind,3: offshor wind,
3,offshor wind,3: offshor wind,
3,offshor wind,3: offshor wind,
3,offshor wind,3: offshor wind,
3,offshor wind,3: offshor wind,
3,offshor wind,3: offshor wind,
3,offshor wind,3: offshor wind,
3,offshor wind,3: offshor wind,
3,offshor wind,3: offshor wind,
3,offshor wind,3: offshor wind,
3,offshor wind,3: offshor wind,
3,offshor wind,3: offshor wind,
3,offshor wind,3: offshor wind,
3,offshor wind,3: offshor wind,
3,offshor wind,3: offshor wind,
3,offshor wind,3: offshor wind,
3,offshor wind,3: offshor wind,
3,offshor wind,3: offshor wind,
3,offshor wind,3: offshor wind,
3,offshor wind,3: offshor wind,
3,offshor wind,3: offshor wind,
3,offshor wind,3: offshor wind,
3,offshor wind,3: offshor wind,
3,offshor wind,3: offshor wind,
3,offshor wind,3: offshor wind,
3,offshor wind,3: offshor wind,
3,offshor wind,3: offshor wind,
3,offshor wind,3: offshor wind,
3,offshor wind,3: offshor wind,
3,offshor wind,3: offshor wind,
3,offshor wind,3: offshor wind,
3,offshor wind,3: offshor wind,
3,offshor wind,3: offshor wind,
3,offshor wind,3: offshor wind,
3,offshor wind,3: offshor wind,
3,offshor wind,3: offshor wind,
3,offshor wind,3: offshor wind,
3,offshor wind,3: offshor wind,
3,offshor wind,3: offshor wind,
3,offshor wind,3: offshor wind,
3,offshor wind,3: offshor wind,
3,offshor wind,3: offshor wind,
3,offshor wind,3: offshor wind,
3,offshor wind,3: offshor wind,
3,offshor wind,3: offshor wind,
3,offshor wind,3: offshor wind,
3,offshor wind,3: offshor wind,
3,offshor wind,3: offshor wind,
3,offshor wind,3: offshor wind,
3,offshor wind,3: offshor wind,
3,offshor wind,3: offshor wind,
3,offshor wind,3: offshor wind,
3,offshor wind,3: offshor wind,
3,offshor wind,3: offshor wind,
3,offshor wind,3: offshor wind,
3,offshor wind,3: offshor wind,
3,offshor wind,3: offshor wind,
3,offshor wind,3: offshor wind,
3,offshor wind,3: offshor wind,
3,offshor wind,3: offshor wind,
3,offshor wind,3: offshor wind,
3,offshor wind,3: offshor wind,
3,offshor wind,3: offshor wind,
3,offshor wind,3: offshor wind,
3,offshor wind,3: offshor wind,
3,offshor wind,3: offshor wind,
3,offshor wind,3: offshor wind,
3,offshor wind,3: offshor wind,
3,offshor wind,3: offshor wind,
3,offshor wind,3: offshor wind,
3,offshor wind,3: offshor wind,
3,offshor wind,3: offshor wind,
8,wind turbin,8: wind turbin,
8,wind turbin,8: wind turbin,
8,wind turbin,8: wind turbin,
8,wind turbin,8: wind turbin,
8,wind turbin,8: wind turbin,
8,wind turbin,8: wind turbin,
8,wind turbin,8: wind turbin,
8,wind turbin,8: wind turbin,
8,wind turbin,8: wind turbin,
8,wind turbin,8: wind turbin,
8,wind turbin,8: wind turbin,
8,wind turbin,8: wind turbin,
8,wind turbin,8: wind turbin,
8,wind turbin,8: wind turbin,
8,wind turbin,8: wind turbin,
8,wind turbin,8: wind turbin,
8,wind turbin,8: wind turbin,
8,wind turbin,8: wind turbin,
8,wind turbin,8: wind turbin,
8,wind turbin,8: wind turbin,
8,wind turbin,8: wind turbin,
8,wind turbin,8: wind turbin,
8,wind turbin,8: wind turbin,
8,wind turbin,8: wind turbin,
8,wind turbin,8: wind turbin,
8,wind turbin,8: wind turbin,
8,wind turbin,8: wind turbin,
8,wind turbin,8: wind turbin,
8,wind turbin,8: wind turbin,
8,wind turbin,8: wind turbin,
8,wind turbin,8: wind turbin,
8,wind turbin,8: wind turbin,
8,wind turbin,8: wind turbin,
8,wind turbin,8: wind turbin,
8,wind turbin,8: wind turbin,
8,wind turbin,8: wind turbin,
8,wind turbin,8: wind turbin,
8,wind turbin,8: wind turbin,
8,wind turbin,8: wind turbin,
8,wind turbin,8: wind turbin,
8,wind turbin,8: wind turbin,
8,wind turbin,8: wind turbin,
8,wind turbin,8: wind turbin,
8,wind turbin,8: wind turbin,
8,wind turbin,8: wind turbin,
8,wind turbin,8: wind turbin,
8,wind turbin,8: wind turbin,
8,wind turbin,8: wind turbin,
8,wind turbin,8: wind turbin,
8,wind turbin,8: wind turbin,
8,wind turbin,8: wind turbin,
8,wind turbin,8: wind turbin,
8,wind turbin,8: wind turbin,
8,wind turbin,8: wind turbin,
8,wind turbin,8: wind turbin,
8,wind turbin,8: wind turbin,
8,wind turbin,8: wind turbin,
8,wind turbin,8: wind turbin,
8,wind turbin,8: wind turbin,
8,wind turbin,8: wind turbin,
8,wind turbin,8: wind turbin,
8,wind turbin,8: wind turbin,
8,wind turbin,8: wind turbin,
8,wind turbin,8: wind turbin,
8,wind turbin,8: wind turbin,
8,wind turbin,8: wind turbin,
8,wind turbin,8: wind turbin,
8,wind turbin,8: wind turbin,
8,wind turbin,8: wind turbin,
8,wind turbin,8: wind turbin,
8,wind turbin,8: wind turbin,
8,wind turbin,8: wind turbin,
8,wind turbin,8: wind turbin,
8,wind turbin,8: wind turbin,
8,wind turbin,8: wind turbin,
8,wind turbin,8: wind turbin,
8,wind turbin,8: wind turbin,
8,wind turbin,8: wind turbin,
8,wind turbin,8: wind turbin,
8,wind turbin,8: wind turbin,
8,wind turbin,8: wind turbin,
8,wind turbin,8: wind turbin,
8,wind turbin,8: wind turbin,
8,wind turbin,8: wind turbin,
8,wind turbin,8: wind turbin,
8,wind turbin,8: wind turbin,
8,wind turbin,8: wind turbin,
8,wind turbin,8: wind turbin,
8,wind turbin,8: wind turbin,
8,wind turbin,8: wind turbin,
8,wind turbin,8: wind turbin,
8,wind turbin,8: wind turbin,
8,wind turbin,8: wind turbin,
8,wind turbin,8: wind turbin,
8,wind turbin,8: wind turbin,
8,wind turbin,8: wind turbin,
8,wind turbin,8: wind turbin,
8,wind turbin,8: wind turbin,
8,wind turbin,8: wind turbin,
8,wind turbin,8: wind turbin,
8,wind turbin,8: wind turbin,
8,wind turbin,8: wind turbin,
8,wind turbin,8: wind turbin,
8,wind turbin,8: wind turbin,
8,wind turbin,8: wind turbin,
8,wind turbin,8: wind turbin,
8,wind turbin,8: wind turbin,
8,wind turbin,8: wind turbin,
8,wind turbin,8: wind turbin,
8,wind turbin,8: wind turbin,
8,wind turbin,8: wind turbin,
8,wind turbin,8: wind turbin,
8,wind turbin,8: wind turbin,
8,wind turbin,8: wind turbin,
8,wind turbin,8: wind turbin,
8,wind turbin,8: wind turbin,
8,wind turbin,8: wind turbin,
8,wind turbin,8: wind turbin,
8,wind turbin,8: wind turbin,
8,wind turbin,8: wind turbin,
8,wind turbin,8: wind turbin,
8,wind turbin,8: wind turbin,
8,wind turbin,8: wind turbin,
8,wind turbin,8: wind turbin,
8,wind turbin,8: wind turbin,
8,wind turbin,8: wind turbin,
8,wind turbin,8: wind turbin,
8,wind turbin,8: wind turbin,
8,wind turbin,8: wind turbin,
8,wind turbin,8: wind turbin,
0,energi island,0: energi island,
0,energi island,0: energi island,
0,energi island,0: energi island,
0,energi island,0: energi island,
0,energi island,0: energi island,
0,energi island,0: energi island,
0,energi island,0: energi island,
0,energi island,0: energi island,
0,energi island,0: energi island,
0,energi island,0: energi island,
0,energi island,0: energi island,
0,energi island,0: energi island,
0,energi island,0: energi island,
0,energi island,0: energi island,
0,energi island,0: energi island,
0,energi island,0: energi island,
0,energi island,0: energi island,
0,energi island,0: energi island,
0,energi island,0: energi island,
0,energi island,0: energi island,
0,energi island,0: energi island,
0,energi island,0: energi island,
0,energi island,0: energi island,
0,energi island,0: energi island,
0,energi island,0: energi island,
0,energi island,0: energi island,
0,energi island,0: energi island,
0,energi island,0: energi island,
0,energi island,0: energi island,
0,energi island,0: energi island,
0,energi island,0: energi island,
0,energi island,0: energi island,
0,energi island,0: energi island,
0,energi island,0: energi island,
0,energi island,0: energi island,
0,energi island,0: energi island,
0,energi island,0: energi island,
0,energi island,0: energi island,
0,energi island,0: energi island,
0,energi island,0: energi island,
0,energi island,0: energi island,
0,energi island,0: energi island,
0,energi island,0: energi island,
0,energi island,0: energi island,
0,energi island,0: energi island,
0,energi island,0: energi island,
0,energi island,0: energi island,
0,energi island,0: energi island,
0,energi island,0: energi island,
0,energi island,0: energi island,
0,energi island,0: energi island,
0,energi island,0: energi island,
0,energi island,0: energi island,
0,energi island,0: energi island,
0,energi island,0: energi island,
0,energi island,0: energi island,
0,energi island,0: energi island,
0,energi island,0: energi island,
0,energi island,0: energi island,
0,energi island,0: energi island,
0,energi island,0: energi island,
0,energi island,0: energi island,
0,energi island,0: energi island,
0,energi island,0: energi island,
0,energi island,0: energi island,
0,energi island,0: energi island,
0,energi island,0: energi island,
0,energi island,0: energi island,
0,energi island,0: energi island,
0,energi island,0: energi island,
0,energi island,0: energi island,
0,energi island,0: energi island,
0,energi island,0: energi island,
0,energi island,0: energi island,
0,energi island,0: energi island,
0,energi island,0: energi island,
0,energi island,0: energi island,
0,energi island,0: energi island,
0,energi island,0: energi island,
0,energi island,0: energi island,
0,energi island,0: energi island,
0,energi island,0: energi island,
0,energi island,0: energi island,
0,energi island,0: energi island,
0,energi island,0: energi island,
0,energi island,0: energi island,
0,energi island,0: energi island,
0,energi island,0: energi island,
0,energi island,0: energi island,
0,energi island,0: energi island,
0,energi island,0: energi island,
0,energi island,0: energi island,
0,energi island,0: energi island,
0,energi island,0: energi island,
0,energi island,0: energi island,
0,energi island,0: energi island,
0,energi island,0: energi island,
0,energi island,0: energi island,
0,energi island,0: energi island,
0,energi island,0: energi island,
0,energi island,0: energi island,
0,energi island,0: energi island,
0,energi island,0: energi island,
0,energi island,0: energi island,
0,energi island,0: energi island,
0,energi island,0: energi island,
0,energi island,0: energi island,
0,energi island,0: energi island,
0,energi island,0: energi island,
0,energi island,0: energi island,
0,energi island,0: energi island,
0,energi island,0: energi island,
0,energi island,0: energi island,
0,energi island,0: energi island,
0,energi island,0: energi island,
0,energi island,0: energi island,
0,energi island,0: energi island,
0,energi island,0: energi island,
0,energi island,0: energi island,
0,energi island,0: energi island,
0,energi island,0: energi island,
0,energi island,0: energi island,
0,energi island,0: energi island,
0,energi island,0: energi island,
0,energi island,0: energi island,
0,energi island,0: energi island,
0,energi island,0: energi island,
0,energi island,0: energi island,
0,energi island,0: energi island,
0,energi island,0: energi island,
0,energi island,0: energi island,
0,energi island,0: energi island,
0,energi island,0: energi island,
0,energi island,0: energi island,
0,energi island,0: energi island,
0,energi island,0: energi island,
0,energi island,0: energi island,
0,energi island,0: energi island,
0,energi island,0: energi island,
0,energi island,0: energi island,
0,energi island,0: energi island,
0,energi island,0: energi island,
0,energi island,0: energi island,
0,energi island,0: energi island,
0,energi island,0: energi island,
0,energi island,0: energi island,
0,energi island,0: energi island,
0,energi island,0: energi island,
0,energi island,0: energi island,
0,energi island,0: energi island,
0,energi island,0: energi island,
0,energi island,0: energi island,
0,energi island,0: energi island,
0,energi island,0: energi island,
0,energi island,0: energi island,
0,energi island,0: energi island,
0,energi island,0: energi island,
0,energi island,0: energi island,
0,energi island,0: energi island,
0,energi island,0: energi island,
0,energi island,0: energi island,
0,energi island,0: energi island,
0,energi island,0: energi island,
0,energi island,0: energi island,
0,energi island,0: energi island,
0,energi island,0: energi island,
0,energi island,0: energi island,
0,energi island,0: energi island,
0,energi island,0: energi island,
0,energi island,0: energi island,
0,energi island,0: energi island,
0,energi island,0: energi island,
0,energi island,0: energi island,
0,energi island,0: energi island,
0,energi island,0: energi island,
0,energi island,0: energi island,
0,energi island,0: energi island,
0,energi island,0: energi island,
0,energi island,0: energi island,
0,energi island,0: energi island,
0,energi island,0: energi island,
0,energi island,0: energi island,
0,energi island,0: energi island,
0,energi island,0: energi island,
0,energi island,0: energi island,
0,energi island,0: energi island,
0,energi island,0: energi island,
0,energi island,0: energi island,
0,energi island,0: energi island,
0,energi island,0: energi island,
0,energi island,0: energi island,
0,energi island,0: energi island,
0,energi island,0: energi island,
0,energi island,0: energi island,
0,energi island,0: energi island,
0,energi island,0: energi island,
0,energi island,0: energi island,
0,energi island,0: energi island,
0,energi island,0: energi island,
0,energi island,0: energi island,
0,energi island,0: energi island,
0,energi island,0: energi island,
0,energi island,0: energi island,
0,energi island,0: energi island,
0,energi island,0: energi island,
0,energi island,0: energi island,
0,energi island,0: energi island,
0,energi island,0: energi island,
0,energi island,0: energi island,
0,energi island,0: energi island,
0,energi island,0: energi island,
0,energi island,0: energi island,
0,energi island,0: energi island,
0,energi island,0: energi island,
0,energi island,0: energi island,
0,energi island,0: energi island,
0,energi island,0: energi island,
0,energi island,0: energi island,
0,energi island,0: energi island,
0,energi island,0: energi island,
0,energi island,0: energi island,
0,energi island,0: energi island,
0,energi island,0: energi island,
0,energi island,0: energi island,
0,energi island,0: energi island,
0,energi island,0: energi island,
0,energi island,0: energi island,
0,energi island,0: energi island,
0,energi island,0: energi island,
0,energi island,0: energi island,
0,energi island,0: energi island,
0,energi island,0: energi island,
0,energi island,0: energi island,
0,energi island,0: energi island,
0,energi island,0: energi island,
0,energi island,0: energi island,
0,energi island,0: energi island,
0,energi island,0: energi island,
0,energi island,0: energi island,
0,energi island,0: energi island,
0,energi island,0: energi island,
0,energi island,0: energi island,
0,energi island,0: energi island,
0,energi island,0: energi island,
0,energi island,0: energi island,
0,energi island,0: energi island,
0,energi island,0: energi island,
0,energi island,0: energi island,
0,energi island,0: energi island,
0,energi island,0: energi island,
0,energi island,0: energi island,
0,energi island,0: energi island,
0,energi island,0: energi island,
0,energi island,0: energi island,
0,energi island,0: energi island,
0,energi island,0: energi island,
0,energi island,0: energi island,
0,energi island,0: energi island,
0,energi island,0: energi island,
0,energi island,0: energi island,
0,energi island,0: energi island,
0,energi island,0: energi island,
0,energi island,0: energi island,
0,energi island,0: energi island,
0,energi island,0: energi island,
0,energi island,0: energi island,
0,energi island,0: energi island,
0,energi island,0: energi island,
0,energi island,0: energi island,
0,energi island,0: energi island,
0,energi island,0: energi island,
0,energi island,0: energi island,
0,energi island,0: energi island,
0,energi island,0: energi island,
0,energi island,0: energi island,
0,energi island,0: energi island,
0,energi island,0: energi island,
0,energi island,0: energi island,
0,energi island,0: energi island,
0,energi island,0: energi island,
0,energi island,0: energi island,
0,energi island,0: energi island,
0,energi island,0: energi island,
0,energi island,0: energi island,
0,energi island,0: energi island,
0,energi island,0: energi island,
0,energi island,0: energi island,
0,energi island,0: energi island,
0,energi island,0: energi island,
0,energi island,0: energi island,
0,energi island,0: energi island,
0,energi island,0: energi island,
0,energi island,0: energi island,
0,energi island,0: energi island,
0,energi island,0: energi island,
0,energi island,0: energi island,
0,energi island,0: energi island,
0,energi island,0: energi island,
0,energi island,0: energi island,
0,energi island,0: energi island,
0,energi island,0: energi island,
0,energi island,0: energi island,
0,energi island,0: energi island,
0,energi island,0: energi island,
0,energi island,0: energi island,
0,energi island,0: energi island,
0,energi island,0: energi island,
0,energi island,0: energi island,
0,energi island,0: energi island,
0,energi island,0: energi island,
0,energi island,0: energi island,
0,energi island,0: energi island,
0,energi island,0: energi island,
0,energi island,0: energi island,
5,offshor grid,5: offshor grid,
5,offshor grid,5: offshor grid,
5,offshor grid,5: offshor grid,
5,offshor grid,5: offshor grid,
5,offshor grid,5: offshor grid,
5,offshor grid,5: offshor grid,
5,offshor grid,5: offshor grid,
5,offshor grid,5: offshor grid,
5,offshor grid,5: offshor grid,
5,offshor grid,5: offshor grid,
5,offshor grid,5: offshor grid,
5,offshor grid,5: offshor grid,
5,offshor grid,5: offshor grid,
5,offshor grid,5: offshor grid,
5,offshor grid,5: offshor grid,
5,offshor grid,5: offshor grid,
5,offshor grid,5: offshor grid,
5,offshor grid,5: offshor grid,
5,offshor grid,5: offshor grid,
5,offshor grid,5: offshor grid,
5,offshor grid,5: offshor grid,
5,offshor grid,5: offshor grid,
5,offshor grid,5: offshor grid,
5,offshor grid,5: offshor grid,
5,offshor grid,5: offshor grid,
5,offshor grid,5: offshor grid,
5,offshor grid,5: offshor grid,
5,offshor grid,5: offshor grid,
5,offshor grid,5: offshor grid,
5,offshor grid,5: offshor grid,
5,offshor grid,5: offshor grid,
5,offshor grid,5: offshor grid,
5,offshor grid,5: offshor grid,
5,offshor grid,5: offshor grid,
5,offshor grid,5: offshor grid,
5,offshor grid,5: offshor grid,
5,offshor grid,5: offshor grid,
5,offshor grid,5: offshor grid,
5,offshor grid,5: offshor grid,
5,offshor grid,5: offshor grid,
5,offshor grid,5: offshor grid,
5,offshor grid,5: offshor grid,
5,offshor grid,5: offshor grid,
5,offshor grid,5: offshor grid,
5,offshor grid,5: offshor grid,
5,offshor grid,5: offshor grid,
5,offshor grid,5: offshor grid,
5,offshor grid,5: offshor grid,
5,offshor grid,5: offshor grid,
5,offshor grid,5: offshor grid,
5,offshor grid,5: offshor grid,
5,offshor grid,5: offshor grid,
5,offshor grid,5: offshor grid,
5,offshor grid,5: offshor grid,
5,offshor grid,5: offshor grid,
5,offshor grid,5: offshor grid,
5,offshor grid,5: offshor grid,
5,offshor grid,5: offshor grid,
5,offshor grid,5: offshor grid,
5,offshor grid,5: offshor grid,
5,offshor grid,5: offshor grid,
5,offshor grid,5: offshor grid,
5,offshor grid,5: offshor grid,
5,offshor grid,5: offshor grid,
5,offshor grid,5: offshor grid,
5,offshor grid,5: offshor grid,
5,offshor grid,5: offshor grid,
5,offshor grid,5: offshor grid,
5,offshor grid,5: offshor grid,
5,offshor grid,5: offshor grid,
5,offshor grid,5: offshor grid,
5,offshor grid,5: offshor grid,
5,offshor grid,5: offshor grid,
5,offshor grid,5: offshor grid,
5,offshor grid,5: offshor grid,
5,offshor grid,5: offshor grid,
5,offshor grid,5: offshor grid,
5,offshor grid,5: offshor grid,
5,offshor grid,5: offshor grid,
5,offshor grid,5: offshor grid,
5,offshor grid,5: offshor grid,
5,offshor grid,5: offshor grid,
5,offshor grid,5: offshor grid,
5,offshor grid,5: offshor grid,
5,offshor grid,5: offshor grid,
5,offshor grid,5: offshor grid,
5,offshor grid,5: offshor grid,
5,offshor grid,5: offshor grid,
5,offshor grid,5: offshor grid,
5,offshor grid,5: offshor grid,
5,offshor grid,5: offshor grid,
5,offshor grid,5: offshor grid,
5,offshor grid,5: offshor grid,
5,offshor grid,5: offshor grid,
5,offshor grid,5: offshor grid,
5,offshor grid,5: offshor grid,
5,offshor grid,5: offshor grid,
5,offshor grid,5: offshor grid,
5,offshor grid,5: offshor grid,
5,offshor grid,5: offshor grid,
5,offshor grid,5: offshor grid,
5,offshor grid,5: offshor grid,
5,offshor grid,5: offshor grid,
5,offshor grid,5: offshor grid,
5,offshor grid,5: offshor grid,
5,offshor grid,5: offshor grid,
5,offshor grid,5: offshor grid,
5,offshor grid,5: offshor grid,
5,offshor grid,5: offshor grid,
5,offshor grid,5: offshor grid,
5,offshor grid,5: offshor grid,
5,offshor grid,5: offshor grid,
5,offshor grid,5: offshor grid,
5,offshor grid,5: offshor grid,
5,offshor grid,5: offshor grid,
5,offshor grid,5: offshor grid,
5,offshor grid,5: offshor grid,
5,offshor grid,5: offshor grid,
5,offshor grid,5: offshor grid,
5,offshor grid,5: offshor grid,
5,offshor grid,5: offshor grid,
5,offshor grid,5: offshor grid,
5,offshor grid,5: offshor grid,
5,offshor grid,5: offshor grid,
5,offshor grid,5: offshor grid,
5,offshor grid,5: offshor grid,
5,offshor grid,5: offshor grid,
5,offshor grid,5: offshor grid,
5,offshor grid,5: offshor grid,
5,offshor grid,5: offshor grid,
5,offshor grid,5: offshor grid,
5,offshor grid,5: offshor grid,
5,offshor grid,5: offshor grid,
5,offshor grid,5: offshor grid,
5,offshor grid,5: offshor grid,
5,offshor grid,5: offshor grid,
5,offshor grid,5: offshor grid,
5,offshor grid,5: offshor grid,
5,offshor grid,5: offshor grid,
5,offshor grid,5: offshor grid,
5,offshor grid,5: offshor grid,
5,offshor grid,5: offshor grid,
5,offshor grid,5: offshor grid,
5,offshor grid,5: offshor grid,
5,offshor grid,5: offshor grid,
5,offshor grid,5: offshor grid,
5,offshor grid,5: offshor grid,
5,offshor grid,5: offshor grid,
5,offshor grid,5: offshor grid,
5,offshor grid,5: offshor grid,
5,offshor grid,5: offshor grid,
5,offshor grid,5: offshor grid,
5,offshor grid,5: offshor grid,
5,offshor grid,5: offshor grid,
5,offshor grid,5: offshor grid,
5,offshor grid,5: offshor grid,
5,offshor grid,5: offshor grid,
5,offshor grid,5: offshor grid,
5,offshor grid,5: offshor grid,
5,offshor grid,5: offshor grid,
5,offshor grid,5: offshor grid,
5,offshor grid,5: offshor grid,
5,offshor grid,5: offshor grid,
5,offshor grid,5: offshor grid,
5,offshor grid,5: offshor grid,
5,offshor grid,5: offshor grid,
5,offshor grid,5: offshor grid,
5,offshor grid,5: offshor grid,
5,offshor grid,5: offshor grid,
5,offshor grid,5: offshor grid,
5,offshor grid,5: offshor grid,
5,offshor grid,5: offshor grid,
5,offshor grid,5: offshor grid,
5,offshor grid,5: offshor grid,
5,offshor grid,5: offshor grid,
5,offshor grid,5: offshor grid,
5,offshor grid,5: offshor grid,
5,offshor grid,5: offshor grid,
5,offshor grid,5: offshor grid,
5,offshor grid,5: offshor grid,
5,offshor grid,5: offshor grid,
5,offshor grid,5: offshor grid,
5,offshor grid,5: offshor grid,
5,offshor grid,5: offshor grid,
5,offshor grid,5: offshor grid,
5,offshor grid,5: offshor grid,
5,offshor grid,5: offshor grid,
5,offshor grid,5: offshor grid,
5,offshor grid,5: offshor grid,
5,offshor grid,5: offshor grid,
5,offshor grid,5: offshor grid,
5,offshor grid,5: offshor grid,
5,offshor grid,5: offshor grid,
5,offshor grid,5: offshor grid,
5,offshor grid,5: offshor grid,
5,offshor grid,5: offshor grid,
5,offshor grid,5: offshor grid,
5,offshor grid,5: offshor grid,
5,offshor grid,5: offshor grid,
5,offshor grid,5: offshor grid,
5,offshor grid,5: offshor grid,
5,offshor grid,5: offshor grid,
5,offshor grid,5: offshor grid,
5,offshor grid,5: offshor grid,
5,offshor grid,5: offshor grid,
5,offshor grid,5: offshor grid,
5,offshor grid,5: offshor grid,
5,offshor grid,5: offshor grid,
5,offshor grid,5: offshor grid,
5,offshor grid,5: offshor grid,
5,offshor grid,5: offshor grid,
5,offshor grid,5: offshor grid,
5,offshor grid,5: offshor grid,
5,offshor grid,5: offshor grid,
5,offshor grid,5: offshor grid,
5,offshor grid,5: offshor grid,
5,offshor grid,5: offshor grid,
5,offshor grid,5: offshor grid,
5,offshor grid,5: offshor grid,
5,offshor grid,5: offshor grid,
5,offshor grid,5: offshor grid,
5,offshor grid,5: offshor grid,
5,offshor grid,5: offshor grid,
5,offshor grid,5: offshor grid,
5,offshor grid,5: offshor grid,
5,offshor grid,5: offshor grid,
5,offshor grid,5: offshor grid,
5,offshor grid,5: offshor grid,
5,offshor grid,5: offshor grid,
5,offshor grid,5: offshor grid,
5,offshor grid,5: offshor grid,
5,offshor grid,5: offshor grid,
5,offshor grid,5: offshor grid,
5,offshor grid,5: offshor grid,
5,offshor grid,5: offshor grid,
5,offshor grid,5: offshor grid,
5,offshor grid,5: offshor grid,
5,offshor grid,5: offshor grid,
5,offshor grid,5: offshor grid,
5,offshor grid,5: offshor grid,
5,offshor grid,5: offshor grid,
5,offshor grid,5: offshor grid,
5,offshor grid,5: offshor grid,
5,offshor grid,5: offshor grid,
5,offshor grid,5: offshor grid,
5,offshor grid,5: offshor grid,
5,offshor grid,5: offshor grid,
5,offshor grid,5: offshor grid,
5,offshor grid,5: offshor grid,
5,offshor grid,5: offshor grid,
5,offshor grid,5: offshor grid,
5,offshor grid,5: offshor grid,
5,offshor grid,5: offshor grid,
5,offshor grid,5: offshor grid,
5,offshor grid,5: offshor grid,
5,offshor grid,5: offshor grid,
5,offshor grid,5: offshor grid,
5,offshor grid,5: offshor grid,
5,offshor grid,5: offshor grid,
5,offshor grid,5: offshor grid,
5,offshor grid,5: offshor grid,
5,offshor grid,5: offshor grid,
5,offshor grid,5: offshor grid,
5,offshor grid,5: offshor grid,
5,offshor grid,5: offshor grid,
5,offshor grid,5: offshor grid,
5,offshor grid,5: offshor grid,
5,offshor grid,5: offshor grid,
5,offshor grid,5: offshor grid,
5,offshor grid,5: offshor grid,
5,offshor grid,5: offshor grid,
5,offshor grid,5: offshor grid,
5,offshor grid,5: offshor grid,
5,offshor grid,5: offshor grid,
5,offshor grid,5: offshor grid,
5,offshor grid,5: offshor grid,
5,offshor grid,5: offshor grid,
5,offshor grid,5: offshor grid,
5,offshor grid,5: offshor grid,
5,offshor grid,5: offshor grid,
5,offshor grid,5: offshor grid,
5,offshor grid,5: offshor grid,
5,offshor grid,5: offshor grid,
5,offshor grid,5: offshor grid,
5,offshor grid,5: offshor grid,
5,offshor grid,5: offshor grid,
5,offshor grid,5: offshor grid,
5,offshor grid,5: offshor grid,
5,offshor grid,5: offshor grid,
5,offshor grid,5: offshor grid,
5,offshor grid,5: offshor grid,
5,offshor grid,5: offshor grid,
5,offshor grid,5: offshor grid,
5,offshor grid,5: offshor grid,
5,offshor grid,5: offshor grid,
5,offshor grid,5: offshor grid,
5,offshor grid,5: offshor grid,
5,offshor grid,5: offshor grid,
5,offshor grid,5: offshor grid,
5,offshor grid,5: offshor grid,
5,offshor grid,5: offshor grid,
5,offshor grid,5: offshor grid,
5,offshor grid,5: offshor grid,
5,offshor grid,5: offshor grid,
5,offshor grid,5: offshor grid,
5,offshor grid,5: offshor grid,
5,offshor grid,5: offshor grid,
5,offshor grid,5: offshor grid,
5,offshor grid,5: offshor grid,
5,offshor grid,5: offshor grid,
5,offshor grid,5: offshor grid,
5,offshor grid,5: offshor grid,
5,offshor grid,5: offshor grid,
5,offshor grid,5: offshor grid,
5,offshor grid,5: offshor grid,
5,offshor grid,5: offshor grid,
5,offshor grid,5: offshor grid,
5,offshor grid,5: offshor grid,
5,offshor grid,5: offshor grid,
5,offshor grid,5: offshor grid,
5,offshor grid,5: offshor grid,
5,offshor grid,5: offshor grid,
5,offshor grid,5: offshor grid,
5,offshor grid,5: offshor grid,
5,offshor grid,5: offshor grid,
5,offshor grid,5: offshor grid,
5,offshor grid,5: offshor grid,
5,offshor grid,5: offshor grid,
5,offshor grid,5: offshor grid,
5,offshor grid,5: offshor grid,
5,offshor grid,5: offshor grid,
5,offshor grid,5: offshor grid,
5,offshor grid,5: offshor grid,
5,offshor grid,5: offshor grid,
5,offshor grid,5: offshor grid,
5,offshor grid,5: offshor grid,
5,offshor grid,5: offshor grid,
5,offshor grid,5: offshor grid,
5,offshor grid,5: offshor grid,
5,offshor grid,5: offshor grid,
5,offshor grid,5: offshor grid,
5,offshor grid,5: offshor grid,
5,offshor grid,5: offshor grid,
5,offshor grid,5: offshor grid,
5,offshor grid,5: offshor grid,
5,offshor grid,5: offshor grid,
5,offshor grid,5: offshor grid,
5,offshor grid,5: offshor grid,
5,offshor grid,5: offshor grid,
5,offshor grid,5: offshor grid,
0,energi island,0: energi island,
0,energi island,0: energi island,
0,energi island,0: energi island,
0,energi island,0: energi island,
0,energi island,0: energi island,
0,energi island,0: energi island,
0,energi island,0: energi island,
0,energi island,0: energi island,
0,energi island,0: energi island,
0,energi island,0: energi island,
0,energi island,0: energi island,
0,energi island,0: energi island,
0,energi island,0: energi island,
0,energi island,0: energi island,
0,energi island,0: energi island,
0,energi island,0: energi island,
0,energi island,0: energi island,
0,energi island,0: energi island,
0,energi island,0: energi island,
0,energi island,0: energi island,
0,energi island,0: energi island,
0,energi island,0: energi island,
0,energi island,0: energi island,
0,energi island,0: energi island,
0,energi island,0: energi island,
0,energi island,0: energi island,
0,energi island,0: energi island,
0,energi island,0: energi island,
0,energi island,0: energi island,
0,energi island,0: energi island,
0,energi island,0: energi island,
0,energi island,0: energi island,
0,energi island,0: energi island,
0,energi island,0: energi island,
0,energi island,0: energi island,
0,energi island,0: energi island,
0,energi island,0: energi island,
0,energi island,0: energi island,
0,energi island,0: energi island,
0,energi island,0: energi island,
0,energi island,0: energi island,
0,energi island,0: energi island,
0,energi island,0: energi island,
0,energi island,0: energi island,
0,energi island,0: energi island,
0,energi island,0: energi island,
0,energi island,0: energi island,
0,energi island,0: energi island,
0,energi island,0: energi island,
0,energi island,0: energi island,
0,energi island,0: energi island,
0,energi island,0: energi island,
0,energi island,0: energi island,
0,energi island,0: energi island,
0,energi island,0: energi island,
0,energi island,0: energi island,
0,energi island,0: energi island,
0,energi island,0: energi island,
0,energi island,0: energi island,
0,energi island,0: energi island,
0,energi island,0: energi island,
0,energi island,0: energi island,
0,energi island,0: energi island,
0,energi island,0: energi island,
0,energi island,0: energi island,
0,energi island,0: energi island,
0,energi island,0: energi island,
0,energi island,0: energi island,
0,energi island,0: energi island,
0,energi island,0: energi island,
0,energi island,0: energi island,
0,energi island,0: energi island,
0,energi island,0: energi island,
0,energi island,0: energi island,
0,energi island,0: energi island,
0,energi island,0: energi island,
0,energi island,0: energi island,
0,energi island,0: energi island,
0,energi island,0: energi island,
0,energi island,0: energi island,
0,energi island,0: energi island,
0,energi island,0: energi island,
0,energi island,0: energi island,
0,energi island,0: energi island,
0,energi island,0: energi island,
0,energi island,0: energi island,
0,energi island,0: energi island,
0,energi island,0: energi island,
0,energi island,0: energi island,
0,energi island,0: energi island,
0,energi island,0: energi island,
0,energi island,0: energi island,
0,energi island,0: energi island,
0,energi island,0: energi island,
0,energi island,0: energi island,
0,energi island,0: energi island,
0,energi island,0: energi island,
0,energi island,0: energi island,
0,energi island,0: energi island,
0,energi island,0: energi island,
0,energi island,0: energi island,
0,energi island,0: energi island,
0,energi island,0: energi island,
0,energi island,0: energi island,
0,energi island,0: energi island,
0,energi island,0: energi island,
0,energi island,0: energi island,
0,energi island,0: energi island,
0,energi island,0: energi island,
0,energi island,0: energi island,
0,energi island,0: energi island,
0,energi island,0: energi island,
0,energi island,0: energi island,
0,energi island,0: energi island,
0,energi island,0: energi island,
0,energi island,0: energi island,
0,energi island,0: energi island,
0,energi island,0: energi island,
0,energi island,0: energi island,
0,energi island,0: energi island,
0,energi island,0: energi island,
0,energi island,0: energi island,
0,energi island,0: energi island,
0,energi island,0: energi island,
0,energi island,0: energi island,
0,energi island,0: energi island,
0,energi island,0: energi island,
0,energi island,0: energi island,
0,energi island,0: energi island,
0,energi island,0: energi island,
0,energi island,0: energi island,
0,energi island,0: energi island,
0,energi island,0: energi island,
0,energi island,0: energi island,
0,energi island,0: energi island,
0,energi island,0: energi island,
0,energi island,0: energi island,
0,energi island,0: energi island,
0,energi island,0: energi island,
0,energi island,0: energi island,
0,energi island,0: energi island,
0,energi island,0: energi island,
0,energi island,0: energi island,
0,energi island,0: energi island,
0,energi island,0: energi island,
0,energi island,0: energi island,
0,energi island,0: energi island,
0,energi island,0: energi island,
0,energi island,0: energi island,
0,energi island,0: energi island,
0,energi island,0: energi island,
0,energi island,0: energi island,
0,energi island,0: energi island,
0,energi island,0: energi island,
0,energi island,0: energi island,
0,energi island,0: energi island,
0,energi island,0: energi island,
8,wind turbin,8: wind turbin,
8,wind turbin,8: wind turbin,
8,wind turbin,8: wind turbin,
8,wind turbin,8: wind turbin,
8,wind turbin,8: wind turbin,
8,wind turbin,8: wind turbin,
8,wind turbin,8: wind turbin,
8,wind turbin,8: wind turbin,
8,wind turbin,8: wind turbin,
8,wind turbin,8: wind turbin,
8,wind turbin,8: wind turbin,
8,wind turbin,8: wind turbin,
8,wind turbin,8: wind turbin,
8,wind turbin,8: wind turbin,
8,wind turbin,8: wind turbin,
8,wind turbin,8: wind turbin,
8,wind turbin,8: wind turbin,
8,wind turbin,8: wind turbin,
8,wind turbin,8: wind turbin,
8,wind turbin,8: wind turbin,
8,wind turbin,8: wind turbin,
8,wind turbin,8: wind turbin,
8,wind turbin,8: wind turbin,
8,wind turbin,8: wind turbin,
8,wind turbin,8: wind turbin,
8,wind turbin,8: wind turbin,
8,wind turbin,8: wind turbin,
8,wind turbin,8: wind turbin,
8,wind turbin,8: wind turbin,
8,wind turbin,8: wind turbin,
8,wind turbin,8: wind turbin,
8,wind turbin,8: wind turbin,
8,wind turbin,8: wind turbin,
8,wind turbin,8: wind turbin,
8,wind turbin,8: wind turbin,
8,wind turbin,8: wind turbin,
8,wind turbin,8: wind turbin,
8,wind turbin,8: wind turbin,
8,wind turbin,8: wind turbin,
8,wind turbin,8: wind turbin,
8,wind turbin,8: wind turbin,
8,wind turbin,8: wind turbin,
8,wind turbin,8: wind turbin,
8,wind turbin,8: wind turbin,
8,wind turbin,8: wind turbin,
8,wind turbin,8: wind turbin,
8,wind turbin,8: wind turbin,
8,wind turbin,8: wind turbin,
8,wind turbin,8: wind turbin,
8,wind turbin,8: wind turbin,
8,wind turbin,8: wind turbin,
8,wind turbin,8: wind turbin,
8,wind turbin,8: wind turbin,
8,wind turbin,8: wind turbin,
8,wind turbin,8: wind turbin,
8,wind turbin,8: wind turbin,
8,wind turbin,8: wind turbin,
8,wind turbin,8: wind turbin,
8,wind turbin,8: wind turbin,
8,wind turbin,8: wind turbin,
8,wind turbin,8: wind turbin,
8,wind turbin,8: wind turbin,
8,wind turbin,8: wind turbin,
8,wind turbin,8: wind turbin,
8,wind turbin,8: wind turbin,
8,wind turbin,8: wind turbin,
8,wind turbin,8: wind turbin,
8,wind turbin,8: wind turbin,
8,wind turbin,8: wind turbin,
8,wind turbin,8: wind turbin,
8,wind turbin,8: wind turbin,
8,wind turbin,8: wind turbin,
8,wind turbin,8: wind turbin,
8,wind turbin,8: wind turbin,
8,wind turbin,8: wind turbin,
8,wind turbin,8: wind turbin,
8,wind turbin,8: wind turbin,
8,wind turbin,8: wind turbin,
8,wind turbin,8: wind turbin,
8,wind turbin,8: wind turbin,
8,wind turbin,8: wind turbin,
8,wind turbin,8: wind turbin,
8,wind turbin,8: wind turbin,
8,wind turbin,8: wind turbin,
8,wind turbin,8: wind turbin,
8,wind turbin,8: wind turbin,
8,wind turbin,8: wind turbin,
8,wind turbin,8: wind turbin,
8,wind turbin,8: wind turbin,
8,wind turbin,8: wind turbin,
8,wind turbin,8: wind turbin,
8,wind turbin,8: wind turbin,
8,wind turbin,8: wind turbin,
8,wind turbin,8: wind turbin,
8,wind turbin,8: wind turbin,
8,wind turbin,8: wind turbin,
8,wind turbin,8: wind turbin,
8,wind turbin,8: wind turbin,
8,wind turbin,8: wind turbin,
8,wind turbin,8: wind turbin,
8,wind turbin,8: wind turbin,
8,wind turbin,8: wind turbin,
8,wind turbin,8: wind turbin,
8,wind turbin,8: wind turbin,
8,wind turbin,8: wind turbin,
8,wind turbin,8: wind turbin,
8,wind turbin,8: wind turbin,
8,wind turbin,8: wind turbin,
8,wind turbin,8: wind turbin,
8,wind turbin,8: wind turbin,
8,wind turbin,8: wind turbin,
8,wind turbin,8: wind turbin,
8,wind turbin,8: wind turbin,
8,wind turbin,8: wind turbin,
8,wind turbin,8: wind turbin,
8,wind turbin,8: wind turbin,
8,wind turbin,8: wind turbin,
8,wind turbin,8: wind turbin,
8,wind turbin,8: wind turbin,
8,wind turbin,8: wind turbin,
8,wind turbin,8: wind turbin,
8,wind turbin,8: wind turbin,
8,wind turbin,8: wind turbin,
8,wind turbin,8: wind turbin,
8,wind turbin,8: wind turbin,
8,wind turbin,8: wind turbin,
8,wind turbin,8: wind turbin,
8,wind turbin,8: wind turbin,
8,wind turbin,8: wind turbin,
8,wind turbin,8: wind turbin,
3,offshor wind,3: offshor wind,
3,offshor wind,3: offshor wind,
3,offshor wind,3: offshor wind,
3,offshor wind,3: offshor wind,
3,offshor wind,3: offshor wind,
3,offshor wind,3: offshor wind,
3,offshor wind,3: offshor wind,
3,offshor wind,3: offshor wind,
3,offshor wind,3: offshor wind,
3,offshor wind,3: offshor wind,
3,offshor wind,3: offshor wind,
3,offshor wind,3: offshor wind,
3,offshor wind,3: offshor wind,
3,offshor wind,3: offshor wind,
3,offshor wind,3: offshor wind,
3,offshor wind,3: offshor wind,
3,offshor wind,3: offshor wind,
3,offshor wind,3: offshor wind,
3,offshor wind,3: offshor wind,
3,offshor wind,3: offshor wind,
3,offshor wind,3: offshor wind,
3,offshor wind,3: offshor wind,
3,offshor wind,3: offshor wind,
3,offshor wind,3: offshor wind,
3,offshor wind,3: offshor wind,
3,offshor wind,3: offshor wind,
3,offshor wind,3: offshor wind,
3,offshor wind,3: offshor wind,
3,offshor wind,3: offshor wind,
3,offshor wind,3: offshor wind,
3,offshor wind,3: offshor wind,
3,offshor wind,3: offshor wind,
3,offshor wind,3: offshor wind,
3,offshor wind,3: offshor wind,
3,offshor wind,3: offshor wind,
3,offshor wind,3: offshor wind,
3,offshor wind,3: offshor wind,
3,offshor wind,3: offshor wind,
3,offshor wind,3: offshor wind,
3,offshor wind,3: offshor wind,
3,offshor wind,3: offshor wind,
3,offshor wind,3: offshor wind,
3,offshor wind,3: offshor wind,
3,offshor wind,3: offshor wind,
3,offshor wind,3: offshor wind,
3,offshor wind,3: offshor wind,
3,offshor wind,3: offshor wind,
3,offshor wind,3: offshor wind,
3,offshor wind,3: offshor wind,
3,offshor wind,3: offshor wind,
3,offshor wind,3: offshor wind,
3,offshor wind,3: offshor wind,
3,offshor wind,3: offshor wind,
3,offshor wind,3: offshor wind,
3,offshor wind,3: offshor wind,
3,offshor wind,3: offshor wind,
3,offshor wind,3: offshor wind,
3,offshor wind,3: offshor wind,
3,offshor wind,3: offshor wind,
3,offshor wind,3: offshor wind,
3,offshor wind,3: offshor wind,
3,offshor wind,3: offshor wind,
3,offshor wind,3: offshor wind,
3,offshor wind,3: offshor wind,
3,offshor wind,3: offshor wind,
3,offshor wind,3: offshor wind,
3,offshor wind,3: offshor wind,
3,offshor wind,3: offshor wind,
3,offshor wind,3: offshor wind,
3,offshor wind,3: offshor wind,
3,offshor wind,3: offshor wind,
3,offshor wind,3: offshor wind,
3,offshor wind,3: offshor wind,
3,offshor wind,3: offshor wind,
3,offshor wind,3: offshor wind,
3,offshor wind,3: offshor wind,
3,offshor wind,3: offshor wind,
3,offshor wind,3: offshor wind,
3,offshor wind,3: offshor wind,
3,offshor wind,3: offshor wind,
3,offshor wind,3: offshor wind,
3,offshor wind,3: offshor wind,
3,offshor wind,3: offshor wind,
3,offshor wind,3: offshor wind,
3,offshor wind,3: offshor wind,
3,offshor wind,3: offshor wind,
3,offshor wind,3: offshor wind,
3,offshor wind,3: offshor wind,
3,offshor wind,3: offshor wind,
3,offshor wind,3: offshor wind,
3,offshor wind,3: offshor wind,
3,offshor wind,3: offshor wind,
3,offshor wind,3: offshor wind,
3,offshor wind,3: offshor wind,
3,offshor wind,3: offshor wind,
3,offshor wind,3: offshor wind,
3,offshor wind,3: offshor wind,
3,offshor wind,3: offshor wind,
3,offshor wind,3: offshor wind,
3,offshor wind,3: offshor wind,
3,offshor wind,3: offshor wind,
3,offshor wind,3: offshor wind,
3,offshor wind,3: offshor wind,
3,offshor wind,3: offshor wind,
3,offshor wind,3: offshor wind,
3,offshor wind,3: offshor wind,
3,offshor wind,3: offshor wind,
3,offshor wind,3: offshor wind,
3,offshor wind,3: offshor wind,
3,offshor wind,3: offshor wind,
3,offshor wind,3: offshor wind,
3,offshor wind,3: offshor wind,
3,offshor wind,3: offshor wind,
0,energi island,0: energi island,
0,energi island,0: energi island,
0,energi island,0: energi island,
0,energi island,0: energi island,
0,energi island,0: energi island,
0,energi island,0: energi island,
0,energi island,0: energi island,
0,energi island,0: energi island,
0,energi island,0: energi island,
0,energi island,0: energi island,
0,energi island,0: energi island,
0,energi island,0: energi island,
0,energi island,0: energi island,
0,energi island,0: energi island,
0,energi island,0: energi island,
0,energi island,0: energi island,
0,energi island,0: energi island,
0,energi island,0: energi island,
0,energi island,0: energi island,
0,energi island,0: energi island,
0,energi island,0: energi island,
0,energi island,0: energi island,
0,energi island,0: energi island,
0,energi island,0: energi island,
0,energi island,0: energi island,
0,energi island,0: energi island,
0,energi island,0: energi island,
0,energi island,0: energi island,
0,energi island,0: energi island,
0,energi island,0: energi island,
0,energi island,0: energi island,
0,energi island,0: energi island,
0,energi island,0: energi island,
0,energi island,0: energi island,
0,energi island,0: energi island,
0,energi island,0: energi island,
0,energi island,0: energi island,
0,energi island,0: energi island,
0,energi island,0: energi island,
0,energi island,0: energi island,
0,energi island,0: energi island,
0,energi island,0: energi island,
0,energi island,0: energi island,
0,energi island,0: energi island,
0,energi island,0: energi island,
0,energi island,0: energi island,
0,energi island,0: energi island,
0,energi island,0: energi island,
0,energi island,0: energi island,
0,energi island,0: energi island,
0,energi island,0: energi island,
0,energi island,0: energi island,
0,energi island,0: energi island,
0,energi island,0: energi island,
0,energi island,0: energi island,
0,energi island,0: energi island,
0,energi island,0: energi island,
0,energi island,0: energi island,
0,energi island,0: energi island,
0,energi island,0: energi island,
0,energi island,0: energi island,
0,energi island,0: energi island,
0,energi island,0: energi island,
0,energi island,0: energi island,
0,energi island,0: energi island,
0,energi island,0: energi island,
0,energi island,0: energi island,
0,energi island,0: energi island,
0,energi island,0: energi island,
0,energi island,0: energi island,
0,energi island,0: energi island,
0,energi island,0: energi island,
0,energi island,0: energi island,
0,energi island,0: energi island,
0,energi island,0: energi island,
0,energi island,0: energi island,
0,energi island,0: energi island,
0,energi island,0: energi island,
0,energi island,0: energi island,
0,energi island,0: energi island,
0,energi island,0: energi island,
0,energi island,0: energi island,
0,energi island,0: energi island,
0,energi island,0: energi island,
0,energi island,0: energi island,
0,energi island,0: energi island,
0,energi island,0: energi island,
0,energi island,0: energi island,
0,energi island,0: energi island,
0,energi island,0: energi island,
0,energi island,0: energi island,
0,energi island,0: energi island,
0,energi island,0: energi island,
0,energi island,0: energi island,
0,energi island,0: energi island,
0,energi island,0: energi island,
0,energi island,0: energi island,
0,energi island,0: energi island,
0,energi island,0: energi island,
0,energi island,0: energi island,
0,energi island,0: energi island,
0,energi island,0: energi island,
0,energi island,0: energi island,
0,energi island,0: energi island,
0,energi island,0: energi island,
0,energi island,0: energi island,
0,energi island,0: energi island,
0,energi island,0: energi island,
0,energi island,0: energi island,
0,energi island,0: energi island,
0,energi island,0: energi island,
0,energi island,0: energi island,
0,energi island,0: energi island,
0,energi island,0: energi island,
0,energi island,0: energi island,
0,energi island,0: energi island,
0,energi island,0: energi island,
0,energi island,0: energi island,
0,energi island,0: energi island,
0,energi island,0: energi island,
0,energi island,0: energi island,
0,energi island,0: energi island,
0,energi island,0: energi island,
0,energi island,0: energi island,
0,energi island,0: energi island,
0,energi island,0: energi island,
0,energi island,0: energi island,
0,energi island,0: energi island,
0,energi island,0: energi island,
0,energi island,0: energi island,
0,energi island,0: energi island,
0,energi island,0: energi island,
0,energi island,0: energi island,
0,energi island,0: energi island,
0,energi island,0: energi island,
0,energi island,0: energi island,
0,energi island,0: energi island,
0,energi island,0: energi island,
0,energi island,0: energi island,
0,energi island,0: energi island,
0,energi island,0: energi island,
0,energi island,0: energi island,
0,energi island,0: energi island,
0,energi island,0: energi island,
0,energi island,0: energi island,
0,energi island,0: energi island,
0,energi island,0: energi island,
0,energi island,0: energi island,
0,energi island,0: energi island,
0,energi island,0: energi island,
0,energi island,0: energi island,
0,energi island,0: energi island,
0,energi island,0: energi island,
0,energi island,0: energi island,
0,energi island,0: energi island,
0,energi island,0: energi island,
0,energi island,0: energi island,
3,offshor wind,3: offshor wind,
3,offshor wind,3: offshor wind,
3,offshor wind,3: offshor wind,
3,offshor wind,3: offshor wind,
3,offshor wind,3: offshor wind,
3,offshor wind,3: offshor wind,
3,offshor wind,3: offshor wind,
3,offshor wind,3: offshor wind,
3,offshor wind,3: offshor wind,
3,offshor wind,3: offshor wind,
3,offshor wind,3: offshor wind,
3,offshor wind,3: offshor wind,
3,offshor wind,3: offshor wind,
3,offshor wind,3: offshor wind,
3,offshor wind,3: offshor wind,
3,offshor wind,3: offshor wind,
3,offshor wind,3: offshor wind,
3,offshor wind,3: offshor wind,
3,offshor wind,3: offshor wind,
3,offshor wind,3: offshor wind,
3,offshor wind,3: offshor wind,
3,offshor wind,3: offshor wind,
3,offshor wind,3: offshor wind,
3,offshor wind,3: offshor wind,
3,offshor wind,3: offshor wind,
3,offshor wind,3: offshor wind,
3,offshor wind,3: offshor wind,
3,offshor wind,3: offshor wind,
3,offshor wind,3: offshor wind,
3,offshor wind,3: offshor wind,
3,offshor wind,3: offshor wind,
3,offshor wind,3: offshor wind,
3,offshor wind,3: offshor wind,
3,offshor wind,3: offshor wind,
3,offshor wind,3: offshor wind,
3,offshor wind,3: offshor wind,
3,offshor wind,3: offshor wind,
3,offshor wind,3: offshor wind,
3,offshor wind,3: offshor wind,
3,offshor wind,3: offshor wind,
3,offshor wind,3: offshor wind,
3,offshor wind,3: offshor wind,
3,offshor wind,3: offshor wind,
3,offshor wind,3: offshor wind,
3,offshor wind,3: offshor wind,
3,offshor wind,3: offshor wind,
3,offshor wind,3: offshor wind,
3,offshor wind,3: offshor wind,
3,offshor wind,3: offshor wind,
3,offshor wind,3: offshor wind,
3,offshor wind,3: offshor wind,
3,offshor wind,3: offshor wind,
3,offshor wind,3: offshor wind,
3,offshor wind,3: offshor wind,
3,offshor wind,3: offshor wind,
3,offshor wind,3: offshor wind,
3,offshor wind,3: offshor wind,
3,offshor wind,3: offshor wind,
3,offshor wind,3: offshor wind,
3,offshor wind,3: offshor wind,
3,offshor wind,3: offshor wind,
3,offshor wind,3: offshor wind,
3,offshor wind,3: offshor wind,
3,offshor wind,3: offshor wind,
3,offshor wind,3: offshor wind,
3,offshor wind,3: offshor wind,
3,offshor wind,3: offshor wind,
3,offshor wind,3: offshor wind,
3,offshor wind,3: offshor wind,
3,offshor wind,3: offshor wind,
3,offshor wind,3: offshor wind,
3,offshor wind,3: offshor wind,
3,offshor wind,3: offshor wind,
3,offshor wind,3: offshor wind,
3,offshor wind,3: offshor wind,
3,offshor wind,3: offshor wind,
3,offshor wind,3: offshor wind,
3,offshor wind,3: offshor wind,
3,offshor wind,3: offshor wind,
3,offshor wind,3: offshor wind,
3,offshor wind,3: offshor wind,
3,offshor wind,3: offshor wind,
3,offshor wind,3: offshor wind,
3,offshor wind,3: offshor wind,
3,offshor wind,3: offshor wind,
3,offshor wind,3: offshor wind,
3,offshor wind,3: offshor wind,
3,offshor wind,3: offshor wind,
3,offshor wind,3: offshor wind,
3,offshor wind,3: offshor wind,
3,offshor wind,3: offshor wind,
3,offshor wind,3: offshor wind,
3,offshor wind,3: offshor wind,
3,offshor wind,3: offshor wind,
3,offshor wind,3: offshor wind,
3,offshor wind,3: offshor wind,
3,offshor wind,3: offshor wind,
3,offshor wind,3: offshor wind,
3,offshor wind,3: offshor wind,
3,offshor wind,3: offshor wind,
3,offshor wind,3: offshor wind,
3,offshor wind,3: offshor wind,
3,offshor wind,3: offshor wind,
3,offshor wind,3: offshor wind,
3,offshor wind,3: offshor wind,
3,offshor wind,3: offshor wind,
3,offshor wind,3: offshor wind,
3,offshor wind,3: offshor wind,
3,offshor wind,3: offshor wind,
3,offshor wind,3: offshor wind,
3,offshor wind,3: offshor wind,
3,offshor wind,3: offshor wind,
3,offshor wind,3: offshor wind,
3,offshor wind,3: offshor wind,
3,offshor wind,3: offshor wind,
3,offshor wind,3: offshor wind,
3,offshor wind,3: offshor wind,
3,offshor wind,3: offshor wind,
3,offshor wind,3: offshor wind,
3,offshor wind,3: offshor wind,
3,offshor wind,3: offshor wind,
3,offshor wind,3: offshor wind,
3,offshor wind,3: offshor wind,
3,offshor wind,3: offshor wind,
3,offshor wind,3: offshor wind,
3,offshor wind,3: offshor wind,
3,offshor wind,3: offshor wind,
3,offshor wind,3: offshor wind,
3,offshor wind,3: offshor wind,
3,offshor wind,3: offshor wind,
3,offshor wind,3: offshor wind,
3,offshor wind,3: offshor wind,
3,offshor wind,3: offshor wind,
3,offshor wind,3: offshor wind,
3,offshor wind,3: offshor wind,
3,offshor wind,3: offshor wind,
3,offshor wind,3: offshor wind,
3,offshor wind,3: offshor wind,
3,offshor wind,3: offshor wind,
3,offshor wind,3: offshor wind,
3,offshor wind,3: offshor wind,
3,offshor wind,3: offshor wind,
3,offshor wind,3: offshor wind,
3,offshor wind,3: offshor wind,
3,offshor wind,3: offshor wind,
3,offshor wind,3: offshor wind,
3,offshor wind,3: offshor wind,
3,offshor wind,3: offshor wind,
3,offshor wind,3: offshor wind,
3,offshor wind,3: offshor wind,
3,offshor wind,3: offshor wind,
3,offshor wind,3: offshor wind,
3,offshor wind,3: offshor wind,
3,offshor wind,3: offshor wind,
3,offshor wind,3: offshor wind,
3,offshor wind,3: offshor wind,
3,offshor wind,3: offshor wind,
3,offshor wind,3: offshor wind,
3,offshor wind,3: offshor wind,
3,offshor wind,3: offshor wind,
3,offshor wind,3: offshor wind,
3,offshor wind,3: offshor wind,
3,offshor wind,3: offshor wind,
3,offshor wind,3: offshor wind,
3,offshor wind,3: offshor wind,
3,offshor wind,3: offshor wind,
3,offshor wind,3: offshor wind,
3,offshor wind,3: offshor wind,
3,offshor wind,3: offshor wind,
3,offshor wind,3: offshor wind,
3,offshor wind,3: offshor wind,
3,offshor wind,3: offshor wind,
3,offshor wind,3: offshor wind,
3,offshor wind,3: offshor wind,
3,offshor wind,3: offshor wind,
3,offshor wind,3: offshor wind,
3,offshor wind,3: offshor wind,
3,offshor wind,3: offshor wind,
3,offshor wind,3: offshor wind,
3,offshor wind,3: offshor wind,
3,offshor wind,3: offshor wind,
3,offshor wind,3: offshor wind,
3,offshor wind,3: offshor wind,
3,offshor wind,3: offshor wind,
3,offshor wind,3: offshor wind,
3,offshor wind,3: offshor wind,
3,offshor wind,3: offshor wind,
3,offshor wind,3: offshor wind,
3,offshor wind,3: offshor wind,
3,offshor wind,3: offshor wind,
3,offshor wind,3: offshor wind,
3,offshor wind,3: offshor wind,
3,offshor wind,3: offshor wind,
3,offshor wind,3: offshor wind,
3,offshor wind,3: offshor wind,
3,offshor wind,3: offshor wind,
3,offshor wind,3: offshor wind,
3,offshor wind,3: offshor wind,
3,offshor wind,3: offshor wind,
3,offshor wind,3: offshor wind,
3,offshor wind,3: offshor wind,
3,offshor wind,3: offshor wind,
3,offshor wind,3: offshor wind,
3,offshor wind,3: offshor wind,
3,offshor wind,3: offshor wind,
3,offshor wind,3: offshor wind,
3,offshor wind,3: offshor wind,
3,offshor wind,3: offshor wind,
3,offshor wind,3: offshor wind,
3,offshor wind,3: offshor wind,
3,offshor wind,3: offshor wind,
3,offshor wind,3: offshor wind,
3,offshor wind,3: offshor wind,
3,offshor wind,3: offshor wind,
3,offshor wind,3: offshor wind,
3,offshor wind,3: offshor wind,
3,offshor wind,3: offshor wind,
3,offshor wind,3: offshor wind,
3,offshor wind,3: offshor wind,
3,offshor wind,3: offshor wind,
3,offshor wind,3: offshor wind,
3,offshor wind,3: offshor wind,
3,offshor wind,3: offshor wind,
3,offshor wind,3: offshor wind,
3,offshor wind,3: offshor wind,
3,offshor wind,3: offshor wind,
3,offshor wind,3: offshor wind,
3,offshor wind,3: offshor wind,
3,offshor wind,3: offshor wind,
3,offshor wind,3: offshor wind,
3,offshor wind,3: offshor wind,
3,offshor wind,3: offshor wind,
3,offshor wind,3: offshor wind,
3,offshor wind,3: offshor wind,
3,offshor wind,3: offshor wind,
3,offshor wind,3: offshor wind,
3,offshor wind,3: offshor wind,
3,offshor wind,3: offshor wind,
3,offshor wind,3: offshor wind,
3,offshor wind,3: offshor wind,
3,offshor wind,3: offshor wind,
3,offshor wind,3: offshor wind,
3,offshor wind,3: offshor wind,
3,offshor wind,3: offshor wind,
3,offshor wind,3: offshor wind,
3,offshor wind,3: offshor wind,
3,offshor wind,3: offshor wind,
3,offshor wind,3: offshor wind,
3,offshor wind,3: offshor wind,
3,offshor wind,3: offshor wind,
3,offshor wind,3: offshor wind,
3,offshor wind,3: offshor wind,
3,offshor wind,3: offshor wind,
3,offshor wind,3: offshor wind,
3,offshor wind,3: offshor wind,
3,offshor wind,3: offshor wind,
3,offshor wind,3: offshor wind,
3,offshor wind,3: offshor wind,
3,offshor wind,3: offshor wind,
3,offshor wind,3: offshor wind,
3,offshor wind,3: offshor wind,
3,offshor wind,3: offshor wind,
3,offshor wind,3: offshor wind,
3,offshor wind,3: offshor wind,
3,offshor wind,3: offshor wind,
3,offshor wind,3: offshor wind,
3,offshor wind,3: offshor wind,
3,offshor wind,3: offshor wind,
3,offshor wind,3: offshor wind,
3,offshor wind,3: offshor wind,
3,offshor wind,3: offshor wind,
3,offshor wind,3: offshor wind,
3,offshor wind,3: offshor wind,
3,offshor wind,3: offshor wind,
3,offshor wind,3: offshor wind,
3,offshor wind,3: offshor wind,
3,offshor wind,3: offshor wind,
3,offshor wind,3: offshor wind,
3,offshor wind,3: offshor wind,
3,offshor wind,3: offshor wind,
3,offshor wind,3: offshor wind,
3,offshor wind,3: offshor wind,
3,offshor wind,3: offshor wind,
3,offshor wind,3: offshor wind,
3,offshor wind,3: offshor wind,
3,offshor wind,3: offshor wind,
3,offshor wind,3: offshor wind,
3,offshor wind,3: offshor wind,
3,offshor wind,3: offshor wind,
3,offshor wind,3: offshor wind,
3,offshor wind,3: offshor wind,
3,offshor wind,3: offshor wind,
3,offshor wind,3: offshor wind,
3,offshor wind,3: offshor wind,
3,offshor wind,3: offshor wind,
3,offshor wind,3: offshor wind,
3,offshor wind,3: offshor wind,
3,offshor wind,3: offshor wind,
3,offshor wind,3: offshor wind,
3,offshor wind,3: offshor wind,
3,offshor wind,3: offshor wind,
3,offshor wind,3: offshor wind,
3,offshor wind,3: offshor wind,
3,offshor wind,3: offshor wind,
3,offshor wind,3: offshor wind,
3,offshor wind,3: offshor wind,
3,offshor wind,3: offshor wind,
3,offshor wind,3: offshor wind,
3,offshor wind,3: offshor wind,
3,offshor wind,3: offshor wind,
3,offshor wind,3: offshor wind,
3,offshor wind,3: offshor wind,
3,offshor wind,3: offshor wind,
3,offshor wind,3: offshor wind,
3,offshor wind,3: offshor wind,
3,offshor wind,3: offshor wind,
3,offshor wind,3: offshor wind,
3,offshor wind,3: offshor wind,
3,offshor wind,3: offshor wind,
3,offshor wind,3: offshor wind,
3,offshor wind,3: offshor wind,
3,offshor wind,3: offshor wind,
3,offshor wind,3: offshor wind,
3,offshor wind,3: offshor wind,
3,offshor wind,3: offshor wind,
3,offshor wind,3: offshor wind,
3,offshor wind,3: offshor wind,
3,offshor wind,3: offshor wind,
3,offshor wind,3: offshor wind,
3,offshor wind,3: offshor wind,
3,offshor wind,3: offshor wind,
3,offshor wind,3: offshor wind,
3,offshor wind,3: offshor wind,
3,offshor wind,3: offshor wind,
3,offshor wind,3: offshor wind,
3,offshor wind,3: offshor wind,
3,offshor wind,3: offshor wind,
3,offshor wind,3: offshor wind,
3,offshor wind,3: offshor wind,
3,offshor wind,3: offshor wind,
3,offshor wind,3: offshor wind,
3,offshor wind,3: offshor wind,
3,offshor wind,3: offshor wind,
3,offshor wind,3: offshor wind,
3,offshor wind,3: offshor wind,
3,offshor wind,3: offshor wind,
3,offshor wind,3: offshor wind,
3,offshor wind,3: offshor wind,
3,offshor wind,3: offshor wind,
3,offshor wind,3: offshor wind,
3,offshor wind,3: offshor wind,
3,offshor wind,3: offshor wind,
3,offshor wind,3: offshor wind,
3,offshor wind,3: offshor wind,
3,offshor wind,3: offshor wind,
3,offshor wind,3: offshor wind,
3,offshor wind,3: offshor wind,
3,offshor wind,3: offshor wind,
3,offshor wind,3: offshor wind,
3,offshor wind,3: offshor wind,
3,offshor wind,3: offshor wind,
3,offshor wind,3: offshor wind,
3,offshor wind,3: offshor wind,
3,offshor wind,3: offshor wind,
3,offshor wind,3: offshor wind,
3,offshor wind,3: offshor wind,
3,offshor wind,3: offshor wind,
3,offshor wind,3: offshor wind,
3,offshor wind,3: offshor wind,
3,offshor wind,3: offshor wind,
3,offshor wind,3: offshor wind,
3,offshor wind,3: offshor wind,
3,offshor wind,3: offshor wind,
3,offshor wind,3: offshor wind,
3,offshor wind,3: offshor wind,
3,offshor wind,3: offshor wind,
3,offshor wind,3: offshor wind,
3,offshor wind,3: offshor wind,
3,offshor wind,3: offshor wind,
3,offshor wind,3: offshor wind,
3,offshor wind,3: offshor wind,
3,offshor wind,3: offshor wind,
3,offshor wind,3: offshor wind,
3,offshor wind,3: offshor wind,
3,offshor wind,3: offshor wind,
3,offshor wind,3: offshor wind,
3,offshor wind,3: offshor wind,
3,offshor wind,3: offshor wind,
3,offshor wind,3: offshor wind,
3,offshor wind,3: offshor wind,
3,offshor wind,3: offshor wind,
3,offshor wind,3: offshor wind,
3,offshor wind,3: offshor wind,
3,offshor wind,3: offshor wind,
3,offshor wind,3: offshor wind,
3,offshor wind,3: offshor wind,
3,offshor wind,3: offshor wind,
3,offshor wind,3: offshor wind,
3,offshor wind,3: offshor wind,
3,offshor wind,3: offshor wind,
3,offshor wind,3: offshor wind,
3,offshor wind,3: offshor wind,
3,offshor wind,3: offshor wind,
3,offshor wind,3: offshor wind,
3,offshor wind,3: offshor wind,
3,offshor wind,3: offshor wind,
3,offshor wind,3: offshor wind,
3,offshor wind,3: offshor wind,
3,offshor wind,3: offshor wind,
3,offshor wind,3: offshor wind,
3,offshor wind,3: offshor wind,
3,offshor wind,3: offshor wind,
3,offshor wind,3: offshor wind,
3,offshor wind,3: offshor wind,
3,offshor wind,3: offshor wind,
3,offshor wind,3: offshor wind,
3,offshor wind,3: offshor wind,
3,offshor wind,3: offshor wind,
3,offshor wind,3: offshor wind,
3,offshor wind,3: offshor wind,
3,offshor wind,3: offshor wind,
3,offshor wind,3: offshor wind,
3,offshor wind,3: offshor wind,
3,offshor wind,3: offshor wind,
3,offshor wind,3: offshor wind,
3,offshor wind,3: offshor wind,
3,offshor wind,3: offshor wind,
3,offshor wind,3: offshor wind,
3,offshor wind,3: offshor wind,
3,offshor wind,3: offshor wind,
3,offshor wind,3: offshor wind,
3,offshor wind,3: offshor wind,
3,offshor wind,3: offshor wind,
3,offshor wind,3: offshor wind,
3,offshor wind,3: offshor wind,
3,offshor wind,3: offshor wind,
3,offshor wind,3: offshor wind,
3,offshor wind,3: offshor wind,
3,offshor wind,3: offshor wind,
3,offshor wind,3: offshor wind,
3,offshor wind,3: offshor wind,
3,offshor wind,3: offshor wind,
3,offshor wind,3: offshor wind,
3,offshor wind,3: offshor wind,
3,offshor wind,3: offshor wind,
3,offshor wind,3: offshor wind,
3,offshor wind,3: offshor wind,
3,offshor wind,3: offshor wind,
3,offshor wind,3: offshor wind,
3,offshor wind,3: offshor wind,
3,offshor wind,3: offshor wind,
3,offshor wind,3: offshor wind,
3,offshor wind,3: offshor wind,
3,offshor wind,3: offshor wind,
3,offshor wind,3: offshor wind,
3,offshor wind,3: offshor wind,
3,offshor wind,3: offshor wind,
3,offshor wind,3: offshor wind,
3,offshor wind,3: offshor wind,
3,offshor wind,3: offshor wind,
3,offshor wind,3: offshor wind,
3,offshor wind,3: offshor wind,
3,offshor wind,3: offshor wind,
3,offshor wind,3: offshor wind,
3,offshor wind,3: offshor wind,
3,offshor wind,3: offshor wind,
3,offshor wind,3: offshor wind,
3,offshor wind,3: offshor wind,
3,offshor wind,3: offshor wind,
3,offshor wind,3: offshor wind,
3,offshor wind,3: offshor wind,
3,offshor wind,3: offshor wind,
3,offshor wind,3: offshor wind,
3,offshor wind,3: offshor wind,
3,offshor wind,3: offshor wind,
3,offshor wind,3: offshor wind,
3,offshor wind,3: offshor wind,
3,offshor wind,3: offshor wind,
3,offshor wind,3: offshor wind,
3,offshor wind,3: offshor wind,
3,offshor wind,3: offshor wind,
3,offshor wind,3: offshor wind,
3,offshor wind,3: offshor wind,
3,offshor wind,3: offshor wind,
3,offshor wind,3: offshor wind,
3,offshor wind,3: offshor wind,
3,offshor wind,3: offshor wind,
3,offshor wind,3: offshor wind,
3,offshor wind,3: offshor wind,
3,offshor wind,3: offshor wind,
3,offshor wind,3: offshor wind,
3,offshor wind,3: offshor wind,
3,offshor wind,3: offshor wind,
3,offshor wind,3: offshor wind,
3,offshor wind,3: offshor wind,
3,offshor wind,3: offshor wind,
3,offshor wind,3: offshor wind,
3,offshor wind,3: offshor wind,
3,offshor wind,3: offshor wind,
3,offshor wind,3: offshor wind,
3,offshor wind,3: offshor wind,
3,offshor wind,3: offshor wind,
3,offshor wind,3: offshor wind,
3,offshor wind,3: offshor wind,
3,offshor wind,3: offshor wind,
3,offshor wind,3: offshor wind,
3,offshor wind,3: offshor wind,
3,offshor wind,3: offshor wind,
3,offshor wind,3: offshor wind,
3,offshor wind,3: offshor wind,
3,offshor wind,3: offshor wind,
3,offshor wind,3: offshor wind,
3,offshor wind,3: offshor wind,
3,offshor wind,3: offshor wind,
3,offshor wind,3: offshor wind,
3,offshor wind,3: offshor wind,
3,offshor wind,3: offshor wind,
3,offshor wind,3: offshor wind,
3,offshor wind,3: offshor wind,
3,offshor wind,3: offshor wind,
3,offshor wind,3: offshor wind,
3,offshor wind,3: offshor wind,
3,offshor wind,3: offshor wind,
3,offshor wind,3: offshor wind,
3,offshor wind,3: offshor wind,
3,offshor wind,3: offshor wind,
3,offshor wind,3: offshor wind,
3,offshor wind,3: offshor wind,
3,offshor wind,3: offshor wind,
3,offshor wind,3: offshor wind,
3,offshor wind,3: offshor wind,
3,offshor wind,3: offshor wind,
3,offshor wind,3: offshor wind,
3,offshor wind,3: offshor wind,
3,offshor wind,3: offshor wind,
3,offshor wind,3: offshor wind,
3,offshor wind,3: offshor wind,
3,offshor wind,3: offshor wind,
3,offshor wind,3: offshor wind,
3,offshor wind,3: offshor wind,
3,offshor wind,3: offshor wind,
3,offshor wind,3: offshor wind,
3,offshor wind,3: offshor wind,
3,offshor wind,3: offshor wind,
3,offshor wind,3: offshor wind,
3,offshor wind,3: offshor wind,
3,offshor wind,3: offshor wind,
3,offshor wind,3: offshor wind,
3,offshor wind,3: offshor wind,
3,offshor wind,3: offshor wind,
3,offshor wind,3: offshor wind,
3,offshor wind,3: offshor wind,
3,offshor wind,3: offshor wind,
3,offshor wind,3: offshor wind,
3,offshor wind,3: offshor wind,
3,offshor wind,3: offshor wind,
3,offshor wind,3: offshor wind,
3,offshor wind,3: offshor wind,
3,offshor wind,3: offshor wind,
3,offshor wind,3: offshor wind,
3,offshor wind,3: offshor wind,
3,offshor wind,3: offshor wind,
3,offshor wind,3: offshor wind,
3,offshor wind,3: offshor wind,
3,offshor wind,3: offshor wind,
3,offshor wind,3: offshor wind,
3,offshor wind,3: offshor wind,
3,offshor wind,3: offshor wind,
3,offshor wind,3: offshor wind,
3,offshor wind,3: offshor wind,
3,offshor wind,3: offshor wind,
3,offshor wind,3: offshor wind,
3,offshor wind,3: offshor wind,
3,offshor wind,3: offshor wind,
3,offshor wind,3: offshor wind,
3,offshor wind,3: offshor wind,
3,offshor wind,3: offshor wind,
3,offshor wind,3: offshor wind,
3,offshor wind,3: offshor wind,
3,offshor wind,3: offshor wind,
3,offshor wind,3: offshor wind,
3,offshor wind,3: offshor wind,
3,offshor wind,3: offshor wind,
3,offshor wind,3: offshor wind,
3,offshor wind,3: offshor wind,
3,offshor wind,3: offshor wind,
3,offshor wind,3: offshor wind,
3,offshor wind,3: offshor wind,
3,offshor wind,3: offshor wind,
3,offshor wind,3: offshor wind,
3,offshor wind,3: offshor wind,
3,offshor wind,3: offshor wind,
3,offshor wind,3: offshor wind,
3,offshor wind,3: offshor wind,
3,offshor wind,3: offshor wind,
3,offshor wind,3: offshor wind,
3,offshor wind,3: offshor wind,
3,offshor wind,3: offshor wind,
3,offshor wind,3: offshor wind,
3,offshor wind,3: offshor wind,
3,offshor wind,3: offshor wind,
3,offshor wind,3: offshor wind,
3,offshor wind,3: offshor wind,
3,offshor wind,3: offshor wind,
3,offshor wind,3: offshor wind,
3,offshor wind,3: offshor wind,
3,offshor wind,3: offshor wind,
3,offshor wind,3: offshor wind,
3,offshor wind,3: offshor wind,
3,offshor wind,3: offshor wind,
3,offshor wind,3: offshor wind,
3,offshor wind,3: offshor wind,
3,offshor wind,3: offshor wind,
3,offshor wind,3: offshor wind,
3,offshor wind,3: offshor wind,
3,offshor wind,3: offshor wind,
3,offshor wind,3: offshor wind,
3,offshor wind,3: offshor wind,
3,offshor wind,3: offshor wind,
3,offshor wind,3: offshor wind,
3,offshor wind,3: offshor wind,
3,offshor wind,3: offshor wind,
3,offshor wind,3: offshor wind,
3,offshor wind,3: offshor wind,
3,offshor wind,3: offshor wind,
3,offshor wind,3: offshor wind,
3,offshor wind,3: offshor wind,
3,offshor wind,3: offshor wind,
3,offshor wind,3: offshor wind,
3,offshor wind,3: offshor wind,
3,offshor wind,3: offshor wind,
3,offshor wind,3: offshor wind,
3,offshor wind,3: offshor wind,
3,offshor wind,3: offshor wind,
3,offshor wind,3: offshor wind,
3,offshor wind,3: offshor wind,
3,offshor wind,3: offshor wind,
3,offshor wind,3: offshor wind,
3,offshor wind,3: offshor wind,
3,offshor wind,3: offshor wind,
3,offshor wind,3: offshor wind,
3,offshor wind,3: offshor wind,
3,offshor wind,3: offshor wind,
3,offshor wind,3: offshor wind,
3,offshor wind,3: offshor wind,
3,offshor wind,3: offshor wind,
3,offshor wind,3: offshor wind,
3,offshor wind,3: offshor wind,
3,offshor wind,3: offshor wind,
3,offshor wind,3: offshor wind,
3,offshor wind,3: offshor wind,
3,offshor wind,3: offshor wind,
3,offshor wind,3: offshor wind,
3,offshor wind,3: offshor wind,
3,offshor wind,3: offshor wind,
3,offshor wind,3: offshor wind,
3,offshor wind,3: offshor wind,
3,offshor wind,3: offshor wind,
3,offshor wind,3: offshor wind,
3,offshor wind,3: offshor wind,
3,offshor wind,3: offshor wind,
3,offshor wind,3: offshor wind,
3,offshor wind,3: offshor wind,
3,offshor wind,3: offshor wind,
3,offshor wind,3: offshor wind,
3,offshor wind,3: offshor wind,
3,offshor wind,3: offshor wind,
3,offshor wind,3: offshor wind,
3,offshor wind,3: offshor wind,
3,offshor wind,3: offshor wind,
3,offshor wind,3: offshor wind,
3,offshor wind,3: offshor wind,
3,offshor wind,3: offshor wind,
3,offshor wind,3: offshor wind,
3,offshor wind,3: offshor wind,
3,offshor wind,3: offshor wind,
3,offshor wind,3: offshor wind,
3,offshor wind,3: offshor wind,
0,energi island,0: energi island,
0,energi island,0: energi island,
0,energi island,0: energi island,
0,energi island,0: energi island,
0,energi island,0: energi island,
0,energi island,0: energi island,
0,energi island,0: energi island,
0,energi island,0: energi island,
0,energi island,0: energi island,
0,energi island,0: energi island,
0,energi island,0: energi island,
0,energi island,0: energi island,
0,energi island,0: energi island,
0,energi island,0: energi island,
0,energi island,0: energi island,
0,energi island,0: energi island,
0,energi island,0: energi island,
0,energi island,0: energi island,
0,energi island,0: energi island,
0,energi island,0: energi island,
0,energi island,0: energi island,
0,energi island,0: energi island,
0,energi island,0: energi island,
0,energi island,0: energi island,
0,energi island,0: energi island,
0,energi island,0: energi island,
0,energi island,0: energi island,
0,energi island,0: energi island,
0,energi island,0: energi island,
0,energi island,0: energi island,
0,energi island,0: energi island,
0,energi island,0: energi island,
0,energi island,0: energi island,
0,energi island,0: energi island,
0,energi island,0: energi island,
0,energi island,0: energi island,
0,energi island,0: energi island,
0,energi island,0: energi island,
0,energi island,0: energi island,
0,energi island,0: energi island,
0,energi island,0: energi island,
0,energi island,0: energi island,
0,energi island,0: energi island,
0,energi island,0: energi island,
0,energi island,0: energi island,
0,energi island,0: energi island,
0,energi island,0: energi island,
0,energi island,0: energi island,
0,energi island,0: energi island,
0,energi island,0: energi island,
0,energi island,0: energi island,
0,energi island,0: energi island,
0,energi island,0: energi island,
0,energi island,0: energi island,
0,energi island,0: energi island,
0,energi island,0: energi island,
0,energi island,0: energi island,
0,energi island,0: energi island,
0,energi island,0: energi island,
0,energi island,0: energi island,
0,energi island,0: energi island,
0,energi island,0: energi island,
0,energi island,0: energi island,
0,energi island,0: energi island,
0,energi island,0: energi island,
0,energi island,0: energi island,
0,energi island,0: energi island,
0,energi island,0: energi island,
0,energi island,0: energi island,
0,energi island,0: energi island,
0,energi island,0: energi island,
0,energi island,0: energi island,
0,energi island,0: energi island,
0,energi island,0: energi island,
0,energi island,0: energi island,
0,energi island,0: energi island,
0,energi island,0: energi island,
0,energi island,0: energi island,
0,energi island,0: energi island,
0,energi island,0: energi island,
0,energi island,0: energi island,
0,energi island,0: energi island,
0,energi island,0: energi island,
0,energi island,0: energi island,
0,energi island,0: energi island,
0,energi island,0: energi island,
0,energi island,0: energi island,
0,energi island,0: energi island,
0,energi island,0: energi island,
0,energi island,0: energi island,
0,energi island,0: energi island,
0,energi island,0: energi island,
0,energi island,0: energi island,
0,energi island,0: energi island,
0,energi island,0: energi island,
0,energi island,0: energi island,
0,energi island,0: energi island,
0,energi island,0: energi island,
0,energi island,0: energi island,
0,energi island,0: energi island,
0,energi island,0: energi island,
0,energi island,0: energi island,
0,energi island,0: energi island,
0,energi island,0: energi island,
0,energi island,0: energi island,
0,energi island,0: energi island,
0,energi island,0: energi island,
0,energi island,0: energi island,
0,energi island,0: energi island,
0,energi island,0: energi island,
0,energi island,0: energi island,
0,energi island,0: energi island,
0,energi island,0: energi island,
0,energi island,0: energi island,
0,energi island,0: energi island,
0,energi island,0: energi island,
0,energi island,0: energi island,
0,energi island,0: energi island,
0,energi island,0: energi island,
0,energi island,0: energi island,
0,energi island,0: energi island,
0,energi island,0: energi island,
0,energi island,0: energi island,
0,energi island,0: energi island,
0,energi island,0: energi island,
0,energi island,0: energi island,
0,energi island,0: energi island,
0,energi island,0: energi island,
0,energi island,0: energi island,
0,energi island,0: energi island,
0,energi island,0: energi island,
0,energi island,0: energi island,
0,energi island,0: energi island,
0,energi island,0: energi island,
0,energi island,0: energi island,
0,energi island,0: energi island,
0,energi island,0: energi island,
0,energi island,0: energi island,
0,energi island,0: energi island,
0,energi island,0: energi island,
0,energi island,0: energi island,
0,energi island,0: energi island,
0,energi island,0: energi island,
0,energi island,0: energi island,
0,energi island,0: energi island,
0,energi island,0: energi island,
0,energi island,0: energi island,
0,energi island,0: energi island,
0,energi island,0: energi island,
0,energi island,0: energi island,
0,energi island,0: energi island,
0,energi island,0: energi island,
0,energi island,0: energi island,
0,energi island,0: energi island,
0,energi island,0: energi island,
0,energi island,0: energi island,
0,energi island,0: energi island,
7,renew energi,7: renew energi,
7,renew energi,7: renew energi,
7,renew energi,7: renew energi,
7,renew energi,7: renew energi,
7,renew energi,7: renew energi,
7,renew energi,7: renew energi,
7,renew energi,7: renew energi,
7,renew energi,7: renew energi,
7,renew energi,7: renew energi,
7,renew energi,7: renew energi,
7,renew energi,7: renew energi,
7,renew energi,7: renew energi,
7,renew energi,7: renew energi,
7,renew energi,7: renew energi,
7,renew energi,7: renew energi,
7,renew energi,7: renew energi,
7,renew energi,7: renew energi,
7,renew energi,7: renew energi,
7,renew energi,7: renew energi,
7,renew energi,7: renew energi,
7,renew energi,7: renew energi,
7,renew energi,7: renew energi,
7,renew energi,7: renew energi,
7,renew energi,7: renew energi,
7,renew energi,7: renew energi,
7,renew energi,7: renew energi,
7,renew energi,7: renew energi,
7,renew energi,7: renew energi,
7,renew energi,7: renew energi,
7,renew energi,7: renew energi,
7,renew energi,7: renew energi,
7,renew energi,7: renew energi,
7,renew energi,7: renew energi,
7,renew energi,7: renew energi,
7,renew energi,7: renew energi,
7,renew energi,7: renew energi,
7,renew energi,7: renew energi,
7,renew energi,7: renew energi,
7,renew energi,7: renew energi,
7,renew energi,7: renew energi,
7,renew energi,7: renew energi,
7,renew energi,7: renew energi,
7,renew energi,7: renew energi,
7,renew energi,7: renew energi,
7,renew energi,7: renew energi,
7,renew energi,7: renew energi,
7,renew energi,7: renew energi,
7,renew energi,7: renew energi,
7,renew energi,7: renew energi,
7,renew energi,7: renew energi,
7,renew energi,7: renew energi,
7,renew energi,7: renew energi,
7,renew energi,7: renew energi,
7,renew energi,7: renew energi,
7,renew energi,7: renew energi,
7,renew energi,7: renew energi,
7,renew energi,7: renew energi,
7,renew energi,7: renew energi,
7,renew energi,7: renew energi,
7,renew energi,7: renew energi,
7,renew energi,7: renew energi,
7,renew energi,7: renew energi,
7,renew energi,7: renew energi,
7,renew energi,7: renew energi,
7,renew energi,7: renew energi,
7,renew energi,7: renew energi,
7,renew energi,7: renew energi,
7,renew energi,7: renew energi,
7,renew energi,7: renew energi,
7,renew energi,7: renew energi,
7,renew energi,7: renew energi,
7,renew energi,7: renew energi,
7,renew energi,7: renew energi,
7,renew energi,7: renew energi,
7,renew energi,7: renew energi,
7,renew energi,7: renew energi,
7,renew energi,7: renew energi,
7,renew energi,7: renew energi,
7,renew energi,7: renew energi,
7,renew energi,7: renew energi,
7,renew energi,7: renew energi,
7,renew energi,7: renew energi,
7,renew energi,7: renew energi,
7,renew energi,7: renew energi,
7,renew energi,7: renew energi,
7,renew energi,7: renew energi,
7,renew energi,7: renew energi,
7,renew energi,7: renew energi,
7,renew energi,7: renew energi,
7,renew energi,7: renew energi,
7,renew energi,7: renew energi,
7,renew energi,7: renew energi,
7,renew energi,7: renew energi,
7,renew energi,7: renew energi,
7,renew energi,7: renew energi,
7,renew energi,7: renew energi,
7,renew energi,7: renew energi,
7,renew energi,7: renew energi,
7,renew energi,7: renew energi,
7,renew energi,7: renew energi,
7,renew energi,7: renew energi,
7,renew energi,7: renew energi,
7,renew energi,7: renew energi,
7,renew energi,7: renew energi,
7,renew energi,7: renew energi,
7,renew energi,7: renew energi,
7,renew energi,7: renew energi,
7,renew energi,7: renew energi,
7,renew energi,7: renew energi,
7,renew energi,7: renew energi,
7,renew energi,7: renew energi,
7,renew energi,7: renew energi,
7,renew energi,7: renew energi,
7,renew energi,7: renew energi,
7,renew energi,7: renew energi,
7,renew energi,7: renew energi,
7,renew energi,7: renew energi,
7,renew energi,7: renew energi,
7,renew energi,7: renew energi,
7,renew energi,7: renew energi,
7,renew energi,7: renew energi,
7,renew energi,7: renew energi,
7,renew energi,7: renew energi,
7,renew energi,7: renew energi,
7,renew energi,7: renew energi,
7,renew energi,7: renew energi,
7,renew energi,7: renew energi,
7,renew energi,7: renew energi,
7,renew energi,7: renew energi,
7,renew energi,7: renew energi,
7,renew energi,7: renew energi,
7,renew energi,7: renew energi,
7,renew energi,7: renew energi,
7,renew energi,7: renew energi,
7,renew energi,7: renew energi,
7,renew energi,7: renew energi,
7,renew energi,7: renew energi,
7,renew energi,7: renew energi,
7,renew energi,7: renew energi,
7,renew energi,7: renew energi,
7,renew energi,7: renew energi,
7,renew energi,7: renew energi,
7,renew energi,7: renew energi,
7,renew energi,7: renew energi,
7,renew energi,7: renew energi,
7,renew energi,7: renew energi,
8,wind turbin,8: wind turbin,
8,wind turbin,8: wind turbin,
8,wind turbin,8: wind turbin,
8,wind turbin,8: wind turbin,
8,wind turbin,8: wind turbin,
8,wind turbin,8: wind turbin,
8,wind turbin,8: wind turbin,
8,wind turbin,8: wind turbin,
8,wind turbin,8: wind turbin,
8,wind turbin,8: wind turbin,
8,wind turbin,8: wind turbin,
8,wind turbin,8: wind turbin,
8,wind turbin,8: wind turbin,
8,wind turbin,8: wind turbin,
8,wind turbin,8: wind turbin,
8,wind turbin,8: wind turbin,
8,wind turbin,8: wind turbin,
8,wind turbin,8: wind turbin,
8,wind turbin,8: wind turbin,
8,wind turbin,8: wind turbin,
8,wind turbin,8: wind turbin,
8,wind turbin,8: wind turbin,
8,wind turbin,8: wind turbin,
8,wind turbin,8: wind turbin,
8,wind turbin,8: wind turbin,
8,wind turbin,8: wind turbin,
8,wind turbin,8: wind turbin,
8,wind turbin,8: wind turbin,
8,wind turbin,8: wind turbin,
8,wind turbin,8: wind turbin,
8,wind turbin,8: wind turbin,
8,wind turbin,8: wind turbin,
8,wind turbin,8: wind turbin,
8,wind turbin,8: wind turbin,
8,wind turbin,8: wind turbin,
8,wind turbin,8: wind turbin,
8,wind turbin,8: wind turbin,
8,wind turbin,8: wind turbin,
8,wind turbin,8: wind turbin,
8,wind turbin,8: wind turbin,
8,wind turbin,8: wind turbin,
8,wind turbin,8: wind turbin,
8,wind turbin,8: wind turbin,
8,wind turbin,8: wind turbin,
8,wind turbin,8: wind turbin,
8,wind turbin,8: wind turbin,
8,wind turbin,8: wind turbin,
8,wind turbin,8: wind turbin,
8,wind turbin,8: wind turbin,
8,wind turbin,8: wind turbin,
8,wind turbin,8: wind turbin,
8,wind turbin,8: wind turbin,
8,wind turbin,8: wind turbin,
8,wind turbin,8: wind turbin,
8,wind turbin,8: wind turbin,
8,wind turbin,8: wind turbin,
8,wind turbin,8: wind turbin,
8,wind turbin,8: wind turbin,
8,wind turbin,8: wind turbin,
8,wind turbin,8: wind turbin,
8,wind turbin,8: wind turbin,
8,wind turbin,8: wind turbin,
8,wind turbin,8: wind turbin,
8,wind turbin,8: wind turbin,
8,wind turbin,8: wind turbin,
8,wind turbin,8: wind turbin,
8,wind turbin,8: wind turbin,
8,wind turbin,8: wind turbin,
8,wind turbin,8: wind turbin,
8,wind turbin,8: wind turbin,
8,wind turbin,8: wind turbin,
8,wind turbin,8: wind turbin,
8,wind turbin,8: wind turbin,
8,wind turbin,8: wind turbin,
8,wind turbin,8: wind turbin,
8,wind turbin,8: wind turbin,
8,wind turbin,8: wind turbin,
8,wind turbin,8: wind turbin,
8,wind turbin,8: wind turbin,
8,wind turbin,8: wind turbin,
8,wind turbin,8: wind turbin,
8,wind turbin,8: wind turbin,
8,wind turbin,8: wind turbin,
8,wind turbin,8: wind turbin,
8,wind turbin,8: wind turbin,
8,wind turbin,8: wind turbin,
8,wind turbin,8: wind turbin,
8,wind turbin,8: wind turbin,
8,wind turbin,8: wind turbin,
8,wind turbin,8: wind turbin,
8,wind turbin,8: wind turbin,
8,wind turbin,8: wind turbin,
8,wind turbin,8: wind turbin,
8,wind turbin,8: wind turbin,
8,wind turbin,8: wind turbin,
8,wind turbin,8: wind turbin,
8,wind turbin,8: wind turbin,
8,wind turbin,8: wind turbin,
8,wind turbin,8: wind turbin,
8,wind turbin,8: wind turbin,
8,wind turbin,8: wind turbin,
8,wind turbin,8: wind turbin,
8,wind turbin,8: wind turbin,
8,wind turbin,8: wind turbin,
8,wind turbin,8: wind turbin,
8,wind turbin,8: wind turbin,
8,wind turbin,8: wind turbin,
8,wind turbin,8: wind turbin,
8,wind turbin,8: wind turbin,
8,wind turbin,8: wind turbin,
8,wind turbin,8: wind turbin,
8,wind turbin,8: wind turbin,
8,wind turbin,8: wind turbin,
8,wind turbin,8: wind turbin,
8,wind turbin,8: wind turbin,
8,wind turbin,8: wind turbin,
8,wind turbin,8: wind turbin,
8,wind turbin,8: wind turbin,
8,wind turbin,8: wind turbin,
8,wind turbin,8: wind turbin,
8,wind turbin,8: wind turbin,
8,wind turbin,8: wind turbin,
8,wind turbin,8: wind turbin,
8,wind turbin,8: wind turbin,
8,wind turbin,8: wind turbin,
8,wind turbin,8: wind turbin,
8,wind turbin,8: wind turbin,
8,wind turbin,8: wind turbin,
8,wind turbin,8: wind turbin,
8,wind turbin,8: wind turbin,
0,energi island,0: energi island,
0,energi island,0: energi island,
0,energi island,0: energi island,
0,energi island,0: energi island,
0,energi island,0: energi island,
0,energi island,0: energi island,
0,energi island,0: energi island,
0,energi island,0: energi island,
0,energi island,0: energi island,
0,energi island,0: energi island,
0,energi island,0: energi island,
0,energi island,0: energi island,
0,energi island,0: energi island,
0,energi island,0: energi island,
0,energi island,0: energi island,
0,energi island,0: energi island,
0,energi island,0: energi island,
0,energi island,0: energi island,
0,energi island,0: energi island,
0,energi island,0: energi island,
0,energi island,0: energi island,
0,energi island,0: energi island,
0,energi island,0: energi island,
0,energi island,0: energi island,
0,energi island,0: energi island,
0,energi island,0: energi island,
0,energi island,0: energi island,
0,energi island,0: energi island,
0,energi island,0: energi island,
0,energi island,0: energi island,
0,energi island,0: energi island,
0,energi island,0: energi island,
0,energi island,0: energi island,
0,energi island,0: energi island,
0,energi island,0: energi island,
0,energi island,0: energi island,
0,energi island,0: energi island,
0,energi island,0: energi island,
0,energi island,0: energi island,
0,energi island,0: energi island,
0,energi island,0: energi island,
0,energi island,0: energi island,
0,energi island,0: energi island,
0,energi island,0: energi island,
0,energi island,0: energi island,
0,energi island,0: energi island,
0,energi island,0: energi island,
0,energi island,0: energi island,
0,energi island,0: energi island,
0,energi island,0: energi island,
0,energi island,0: energi island,
0,energi island,0: energi island,
0,energi island,0: energi island,
0,energi island,0: energi island,
0,energi island,0: energi island,
0,energi island,0: energi island,
0,energi island,0: energi island,
0,energi island,0: energi island,
0,energi island,0: energi island,
0,energi island,0: energi island,
0,energi island,0: energi island,
0,energi island,0: energi island,
0,energi island,0: energi island,
0,energi island,0: energi island,
0,energi island,0: energi island,
0,energi island,0: energi island,
0,energi island,0: energi island,
0,energi island,0: energi island,
0,energi island,0: energi island,
0,energi island,0: energi island,
0,energi island,0: energi island,
0,energi island,0: energi island,
0,energi island,0: energi island,
0,energi island,0: energi island,
0,energi island,0: energi island,
0,energi island,0: energi island,
0,energi island,0: energi island,
0,energi island,0: energi island,
0,energi island,0: energi island,
0,energi island,0: energi island,
0,energi island,0: energi island,
0,energi island,0: energi island,
0,energi island,0: energi island,
0,energi island,0: energi island,
0,energi island,0: energi island,
0,energi island,0: energi island,
0,energi island,0: energi island,
0,energi island,0: energi island,
0,energi island,0: energi island,
0,energi island,0: energi island,
0,energi island,0: energi island,
0,energi island,0: energi island,
0,energi island,0: energi island,
0,energi island,0: energi island,
0,energi island,0: energi island,
0,energi island,0: energi island,
0,energi island,0: energi island,
0,energi island,0: energi island,
0,energi island,0: energi island,
0,energi island,0: energi island,
0,energi island,0: energi island,
0,energi island,0: energi island,
0,energi island,0: energi island,
0,energi island,0: energi island,
0,energi island,0: energi island,
0,energi island,0: energi island,
0,energi island,0: energi island,
0,energi island,0: energi island,
0,energi island,0: energi island,
0,energi island,0: energi island,
0,energi island,0: energi island,
0,energi island,0: energi island,
0,energi island,0: energi island,
0,energi island,0: energi island,
0,energi island,0: energi island,
0,energi island,0: energi island,
0,energi island,0: energi island,
0,energi island,0: energi island,
0,energi island,0: energi island,
0,energi island,0: energi island,
0,energi island,0: energi island,
0,energi island,0: energi island,
0,energi island,0: energi island,
0,energi island,0: energi island,
0,energi island,0: energi island,
0,energi island,0: energi island,
0,energi island,0: energi island,
0,energi island,0: energi island,
0,energi island,0: energi island,
0,energi island,0: energi island,
0,energi island,0: energi island,
0,energi island,0: energi island,
0,energi island,0: energi island,
0,energi island,0: energi island,
0,energi island,0: energi island,
0,energi island,0: energi island,
0,energi island,0: energi island,
0,energi island,0: energi island,
0,energi island,0: energi island,
0,energi island,0: energi island,
0,energi island,0: energi island,
0,energi island,0: energi island,
0,energi island,0: energi island,
0,energi island,0: energi island,
0,energi island,0: energi island,
0,energi island,0: energi island,
0,energi island,0: energi island,
0,energi island,0: energi island,
0,energi island,0: energi island,
0,energi island,0: energi island,
0,energi island,0: energi island,
0,energi island,0: energi island,
0,energi island,0: energi island,
0,energi island,0: energi island,
0,energi island,0: energi island,
0,energi island,0: energi island,
0,energi island,0: energi island,
8,wind turbin,8: wind turbin,
8,wind turbin,8: wind turbin,
8,wind turbin,8: wind turbin,
8,wind turbin,8: wind turbin,
8,wind turbin,8: wind turbin,
8,wind turbin,8: wind turbin,
8,wind turbin,8: wind turbin,
8,wind turbin,8: wind turbin,
8,wind turbin,8: wind turbin,
8,wind turbin,8: wind turbin,
8,wind turbin,8: wind turbin,
8,wind turbin,8: wind turbin,
8,wind turbin,8: wind turbin,
8,wind turbin,8: wind turbin,
8,wind turbin,8: wind turbin,
8,wind turbin,8: wind turbin,
8,wind turbin,8: wind turbin,
8,wind turbin,8: wind turbin,
8,wind turbin,8: wind turbin,
8,wind turbin,8: wind turbin,
8,wind turbin,8: wind turbin,
8,wind turbin,8: wind turbin,
8,wind turbin,8: wind turbin,
8,wind turbin,8: wind turbin,
8,wind turbin,8: wind turbin,
8,wind turbin,8: wind turbin,
8,wind turbin,8: wind turbin,
8,wind turbin,8: wind turbin,
8,wind turbin,8: wind turbin,
8,wind turbin,8: wind turbin,
8,wind turbin,8: wind turbin,
8,wind turbin,8: wind turbin,
8,wind turbin,8: wind turbin,
8,wind turbin,8: wind turbin,
8,wind turbin,8: wind turbin,
8,wind turbin,8: wind turbin,
8,wind turbin,8: wind turbin,
8,wind turbin,8: wind turbin,
8,wind turbin,8: wind turbin,
8,wind turbin,8: wind turbin,
8,wind turbin,8: wind turbin,
8,wind turbin,8: wind turbin,
8,wind turbin,8: wind turbin,
8,wind turbin,8: wind turbin,
8,wind turbin,8: wind turbin,
8,wind turbin,8: wind turbin,
8,wind turbin,8: wind turbin,
8,wind turbin,8: wind turbin,
8,wind turbin,8: wind turbin,
8,wind turbin,8: wind turbin,
8,wind turbin,8: wind turbin,
8,wind turbin,8: wind turbin,
8,wind turbin,8: wind turbin,
8,wind turbin,8: wind turbin,
8,wind turbin,8: wind turbin,
8,wind turbin,8: wind turbin,
8,wind turbin,8: wind turbin,
8,wind turbin,8: wind turbin,
8,wind turbin,8: wind turbin,
8,wind turbin,8: wind turbin,
8,wind turbin,8: wind turbin,
8,wind turbin,8: wind turbin,
8,wind turbin,8: wind turbin,
8,wind turbin,8: wind turbin,
8,wind turbin,8: wind turbin,
8,wind turbin,8: wind turbin,
8,wind turbin,8: wind turbin,
8,wind turbin,8: wind turbin,
8,wind turbin,8: wind turbin,
8,wind turbin,8: wind turbin,
8,wind turbin,8: wind turbin,
8,wind turbin,8: wind turbin,
8,wind turbin,8: wind turbin,
8,wind turbin,8: wind turbin,
8,wind turbin,8: wind turbin,
8,wind turbin,8: wind turbin,
8,wind turbin,8: wind turbin,
8,wind turbin,8: wind turbin,
8,wind turbin,8: wind turbin,
8,wind turbin,8: wind turbin,
8,wind turbin,8: wind turbin,
8,wind turbin,8: wind turbin,
8,wind turbin,8: wind turbin,
8,wind turbin,8: wind turbin,
8,wind turbin,8: wind turbin,
8,wind turbin,8: wind turbin,
8,wind turbin,8: wind turbin,
8,wind turbin,8: wind turbin,
8,wind turbin,8: wind turbin,
8,wind turbin,8: wind turbin,
8,wind turbin,8: wind turbin,
8,wind turbin,8: wind turbin,
8,wind turbin,8: wind turbin,
8,wind turbin,8: wind turbin,
8,wind turbin,8: wind turbin,
8,wind turbin,8: wind turbin,
8,wind turbin,8: wind turbin,
8,wind turbin,8: wind turbin,
8,wind turbin,8: wind turbin,
8,wind turbin,8: wind turbin,
8,wind turbin,8: wind turbin,
8,wind turbin,8: wind turbin,
8,wind turbin,8: wind turbin,
8,wind turbin,8: wind turbin,
8,wind turbin,8: wind turbin,
8,wind turbin,8: wind turbin,
8,wind turbin,8: wind turbin,
8,wind turbin,8: wind turbin,
8,wind turbin,8: wind turbin,
8,wind turbin,8: wind turbin,
8,wind turbin,8: wind turbin,
8,wind turbin,8: wind turbin,
8,wind turbin,8: wind turbin,
8,wind turbin,8: wind turbin,
8,wind turbin,8: wind turbin,
8,wind turbin,8: wind turbin,
8,wind turbin,8: wind turbin,
8,wind turbin,8: wind turbin,
8,wind turbin,8: wind turbin,
8,wind turbin,8: wind turbin,
8,wind turbin,8: wind turbin,
8,wind turbin,8: wind turbin,
8,wind turbin,8: wind turbin,
8,wind turbin,8: wind turbin,
8,wind turbin,8: wind turbin,
8,wind turbin,8: wind turbin,
8,wind turbin,8: wind turbin,
8,wind turbin,8: wind turbin,
8,wind turbin,8: wind turbin,
8,wind turbin,8: wind turbin,
3,offshor wind,3: offshor wind,
3,offshor wind,3: offshor wind,
3,offshor wind,3: offshor wind,
3,offshor wind,3: offshor wind,
3,offshor wind,3: offshor wind,
3,offshor wind,3: offshor wind,
3,offshor wind,3: offshor wind,
3,offshor wind,3: offshor wind,
3,offshor wind,3: offshor wind,
3,offshor wind,3: offshor wind,
3,offshor wind,3: offshor wind,
3,offshor wind,3: offshor wind,
3,offshor wind,3: offshor wind,
3,offshor wind,3: offshor wind,
3,offshor wind,3: offshor wind,
3,offshor wind,3: offshor wind,
3,offshor wind,3: offshor wind,
3,offshor wind,3: offshor wind,
3,offshor wind,3: offshor wind,
3,offshor wind,3: offshor wind,
3,offshor wind,3: offshor wind,
3,offshor wind,3: offshor wind,
3,offshor wind,3: offshor wind,
3,offshor wind,3: offshor wind,
3,offshor wind,3: offshor wind,
3,offshor wind,3: offshor wind,
3,offshor wind,3: offshor wind,
3,offshor wind,3: offshor wind,
3,offshor wind,3: offshor wind,
3,offshor wind,3: offshor wind,
3,offshor wind,3: offshor wind,
3,offshor wind,3: offshor wind,
3,offshor wind,3: offshor wind,
3,offshor wind,3: offshor wind,
3,offshor wind,3: offshor wind,
3,offshor wind,3: offshor wind,
3,offshor wind,3: offshor wind,
3,offshor wind,3: offshor wind,
3,offshor wind,3: offshor wind,
3,offshor wind,3: offshor wind,
3,offshor wind,3: offshor wind,
3,offshor wind,3: offshor wind,
3,offshor wind,3: offshor wind,
3,offshor wind,3: offshor wind,
3,offshor wind,3: offshor wind,
3,offshor wind,3: offshor wind,
3,offshor wind,3: offshor wind,
3,offshor wind,3: offshor wind,
3,offshor wind,3: offshor wind,
3,offshor wind,3: offshor wind,
3,offshor wind,3: offshor wind,
3,offshor wind,3: offshor wind,
3,offshor wind,3: offshor wind,
3,offshor wind,3: offshor wind,
3,offshor wind,3: offshor wind,
3,offshor wind,3: offshor wind,
3,offshor wind,3: offshor wind,
3,offshor wind,3: offshor wind,
3,offshor wind,3: offshor wind,
3,offshor wind,3: offshor wind,
3,offshor wind,3: offshor wind,
3,offshor wind,3: offshor wind,
3,offshor wind,3: offshor wind,
3,offshor wind,3: offshor wind,
3,offshor wind,3: offshor wind,
3,offshor wind,3: offshor wind,
3,offshor wind,3: offshor wind,
3,offshor wind,3: offshor wind,
3,offshor wind,3: offshor wind,
3,offshor wind,3: offshor wind,
3,offshor wind,3: offshor wind,
3,offshor wind,3: offshor wind,
3,offshor wind,3: offshor wind,
3,offshor wind,3: offshor wind,
3,offshor wind,3: offshor wind,
3,offshor wind,3: offshor wind,
3,offshor wind,3: offshor wind,
3,offshor wind,3: offshor wind,
3,offshor wind,3: offshor wind,
3,offshor wind,3: offshor wind,
3,offshor wind,3: offshor wind,
3,offshor wind,3: offshor wind,
3,offshor wind,3: offshor wind,
3,offshor wind,3: offshor wind,
3,offshor wind,3: offshor wind,
3,offshor wind,3: offshor wind,
3,offshor wind,3: offshor wind,
3,offshor wind,3: offshor wind,
3,offshor wind,3: offshor wind,
3,offshor wind,3: offshor wind,
3,offshor wind,3: offshor wind,
3,offshor wind,3: offshor wind,
3,offshor wind,3: offshor wind,
3,offshor wind,3: offshor wind,
3,offshor wind,3: offshor wind,
3,offshor wind,3: offshor wind,
3,offshor wind,3: offshor wind,
3,offshor wind,3: offshor wind,
3,offshor wind,3: offshor wind,
3,offshor wind,3: offshor wind,
3,offshor wind,3: offshor wind,
3,offshor wind,3: offshor wind,
3,offshor wind,3: offshor wind,
3,offshor wind,3: offshor wind,
3,offshor wind,3: offshor wind,
3,offshor wind,3: offshor wind,
3,offshor wind,3: offshor wind,
3,offshor wind,3: offshor wind,
3,offshor wind,3: offshor wind,
3,offshor wind,3: offshor wind,
3,offshor wind,3: offshor wind,
3,offshor wind,3: offshor wind,
3,offshor wind,3: offshor wind,
5,offshor grid,5: offshor grid,
5,offshor grid,5: offshor grid,
5,offshor grid,5: offshor grid,
5,offshor grid,5: offshor grid,
5,offshor grid,5: offshor grid,
5,offshor grid,5: offshor grid,
5,offshor grid,5: offshor grid,
5,offshor grid,5: offshor grid,
5,offshor grid,5: offshor grid,
5,offshor grid,5: offshor grid,
5,offshor grid,5: offshor grid,
5,offshor grid,5: offshor grid,
5,offshor grid,5: offshor grid,
5,offshor grid,5: offshor grid,
5,offshor grid,5: offshor grid,
5,offshor grid,5: offshor grid,
5,offshor grid,5: offshor grid,
5,offshor grid,5: offshor grid,
5,offshor grid,5: offshor grid,
5,offshor grid,5: offshor grid,
5,offshor grid,5: offshor grid,
5,offshor grid,5: offshor grid,
5,offshor grid,5: offshor grid,
5,offshor grid,5: offshor grid,
5,offshor grid,5: offshor grid,
5,offshor grid,5: offshor grid,
5,offshor grid,5: offshor grid,
5,offshor grid,5: offshor grid,
5,offshor grid,5: offshor grid,
5,offshor grid,5: offshor grid,
5,offshor grid,5: offshor grid,
5,offshor grid,5: offshor grid,
5,offshor grid,5: offshor grid,
5,offshor grid,5: offshor grid,
5,offshor grid,5: offshor grid,
5,offshor grid,5: offshor grid,
5,offshor grid,5: offshor grid,
5,offshor grid,5: offshor grid,
5,offshor grid,5: offshor grid,
5,offshor grid,5: offshor grid,
5,offshor grid,5: offshor grid,
5,offshor grid,5: offshor grid,
5,offshor grid,5: offshor grid,
5,offshor grid,5: offshor grid,
5,offshor grid,5: offshor grid,
5,offshor grid,5: offshor grid,
5,offshor grid,5: offshor grid,
5,offshor grid,5: offshor grid,
5,offshor grid,5: offshor grid,
5,offshor grid,5: offshor grid,
5,offshor grid,5: offshor grid,
5,offshor grid,5: offshor grid,
5,offshor grid,5: offshor grid,
5,offshor grid,5: offshor grid,
5,offshor grid,5: offshor grid,
5,offshor grid,5: offshor grid,
5,offshor grid,5: offshor grid,
5,offshor grid,5: offshor grid,
5,offshor grid,5: offshor grid,
5,offshor grid,5: offshor grid,
5,offshor grid,5: offshor grid,
5,offshor grid,5: offshor grid,
5,offshor grid,5: offshor grid,
5,offshor grid,5: offshor grid,
5,offshor grid,5: offshor grid,
5,offshor grid,5: offshor grid,
5,offshor grid,5: offshor grid,
5,offshor grid,5: offshor grid,
5,offshor grid,5: offshor grid,
5,offshor grid,5: offshor grid,
5,offshor grid,5: offshor grid,
5,offshor grid,5: offshor grid,
5,offshor grid,5: offshor grid,
5,offshor grid,5: offshor grid,
5,offshor grid,5: offshor grid,
5,offshor grid,5: offshor grid,
5,offshor grid,5: offshor grid,
5,offshor grid,5: offshor grid,
5,offshor grid,5: offshor grid,
5,offshor grid,5: offshor grid,
5,offshor grid,5: offshor grid,
5,offshor grid,5: offshor grid,
5,offshor grid,5: offshor grid,
5,offshor grid,5: offshor grid,
5,offshor grid,5: offshor grid,
5,offshor grid,5: offshor grid,
5,offshor grid,5: offshor grid,
5,offshor grid,5: offshor grid,
5,offshor grid,5: offshor grid,
5,offshor grid,5: offshor grid,
5,offshor grid,5: offshor grid,
5,offshor grid,5: offshor grid,
5,offshor grid,5: offshor grid,
5,offshor grid,5: offshor grid,
5,offshor grid,5: offshor grid,
5,offshor grid,5: offshor grid,
5,offshor grid,5: offshor grid,
5,offshor grid,5: offshor grid,
5,offshor grid,5: offshor grid,
5,offshor grid,5: offshor grid,
5,offshor grid,5: offshor grid,
5,offshor grid,5: offshor grid,
5,offshor grid,5: offshor grid,
5,offshor grid,5: offshor grid,
5,offshor grid,5: offshor grid,
5,offshor grid,5: offshor grid,
5,offshor grid,5: offshor grid,
5,offshor grid,5: offshor grid,
5,offshor grid,5: offshor grid,
5,offshor grid,5: offshor grid,
5,offshor grid,5: offshor grid,
5,offshor grid,5: offshor grid,
5,offshor grid,5: offshor grid,
5,offshor grid,5: offshor grid,
5,offshor grid,5: offshor grid,
5,offshor grid,5: offshor grid,
5,offshor grid,5: offshor grid,
5,offshor grid,5: offshor grid,
5,offshor grid,5: offshor grid,
5,offshor grid,5: offshor grid,
5,offshor grid,5: offshor grid,
5,offshor grid,5: offshor grid,
5,offshor grid,5: offshor grid,
5,offshor grid,5: offshor grid,
5,offshor grid,5: offshor grid,
5,offshor grid,5: offshor grid,
5,offshor grid,5: offshor grid,
5,offshor grid,5: offshor grid,
5,offshor grid,5: offshor grid,
5,offshor grid,5: offshor grid,
5,offshor grid,5: offshor grid,
5,offshor grid,5: offshor grid,
5,offshor grid,5: offshor grid,
5,offshor grid,5: offshor grid,
5,offshor grid,5: offshor grid,
5,offshor grid,5: offshor grid,
5,offshor grid,5: offshor grid,
5,offshor grid,5: offshor grid,
5,offshor grid,5: offshor grid,
5,offshor grid,5: offshor grid,
5,offshor grid,5: offshor grid,
5,offshor grid,5: offshor grid,
5,offshor grid,5: offshor grid,
5,offshor grid,5: offshor grid,
5,offshor grid,5: offshor grid,
5,offshor grid,5: offshor grid,
5,offshor grid,5: offshor grid,
5,offshor grid,5: offshor grid,
5,offshor grid,5: offshor grid,
5,offshor grid,5: offshor grid,
5,offshor grid,5: offshor grid,
5,offshor grid,5: offshor grid,
5,offshor grid,5: offshor grid,
5,offshor grid,5: offshor grid,
5,offshor grid,5: offshor grid,
5,offshor grid,5: offshor grid,
5,offshor grid,5: offshor grid,
5,offshor grid,5: offshor grid,
5,offshor grid,5: offshor grid,
5,offshor grid,5: offshor grid,
5,offshor grid,5: offshor grid,
5,offshor grid,5: offshor grid,
5,offshor grid,5: offshor grid,
5,offshor grid,5: offshor grid,
5,offshor grid,5: offshor grid,
5,offshor grid,5: offshor grid,
5,offshor grid,5: offshor grid,
5,offshor grid,5: offshor grid,
5,offshor grid,5: offshor grid,
5,offshor grid,5: offshor grid,
5,offshor grid,5: offshor grid,
5,offshor grid,5: offshor grid,
5,offshor grid,5: offshor grid,
5,offshor grid,5: offshor grid,
5,offshor grid,5: offshor grid,
4,baltic sea,4: baltic sea,
4,baltic sea,4: baltic sea,
4,baltic sea,4: baltic sea,
4,baltic sea,4: baltic sea,
4,baltic sea,4: baltic sea,
4,baltic sea,4: baltic sea,
4,baltic sea,4: baltic sea,
4,baltic sea,4: baltic sea,
4,baltic sea,4: baltic sea,
4,baltic sea,4: baltic sea,
4,baltic sea,4: baltic sea,
4,baltic sea,4: baltic sea,
4,baltic sea,4: baltic sea,
4,baltic sea,4: baltic sea,
4,baltic sea,4: baltic sea,
4,baltic sea,4: baltic sea,
4,baltic sea,4: baltic sea,
4,baltic sea,4: baltic sea,
4,baltic sea,4: baltic sea,
4,baltic sea,4: baltic sea,
4,baltic sea,4: baltic sea,
4,baltic sea,4: baltic sea,
4,baltic sea,4: baltic sea,
4,baltic sea,4: baltic sea,
4,baltic sea,4: baltic sea,
4,baltic sea,4: baltic sea,
4,baltic sea,4: baltic sea,
4,baltic sea,4: baltic sea,
4,baltic sea,4: baltic sea,
4,baltic sea,4: baltic sea,
4,baltic sea,4: baltic sea,
4,baltic sea,4: baltic sea,
4,baltic sea,4: baltic sea,
4,baltic sea,4: baltic sea,
4,baltic sea,4: baltic sea,
4,baltic sea,4: baltic sea,
4,baltic sea,4: baltic sea,
4,baltic sea,4: baltic sea,
4,baltic sea,4: baltic sea,
4,baltic sea,4: baltic sea,
4,baltic sea,4: baltic sea,
4,baltic sea,4: baltic sea,
4,baltic sea,4: baltic sea,
4,baltic sea,4: baltic sea,
4,baltic sea,4: baltic sea,
4,baltic sea,4: baltic sea,
4,baltic sea,4: baltic sea,
4,baltic sea,4: baltic sea,
4,baltic sea,4: baltic sea,
4,baltic sea,4: baltic sea,
4,baltic sea,4: baltic sea,
4,baltic sea,4: baltic sea,
4,baltic sea,4: baltic sea,
4,baltic sea,4: baltic sea,
4,baltic sea,4: baltic sea,
4,baltic sea,4: baltic sea,
4,baltic sea,4: baltic sea,
4,baltic sea,4: baltic sea,
4,baltic sea,4: baltic sea,
4,baltic sea,4: baltic sea,
4,baltic sea,4: baltic sea,
4,baltic sea,4: baltic sea,
4,baltic sea,4: baltic sea,
4,baltic sea,4: baltic sea,
4,baltic sea,4: baltic sea,
4,baltic sea,4: baltic sea,
4,baltic sea,4: baltic sea,
4,baltic sea,4: baltic sea,
4,baltic sea,4: baltic sea,
4,baltic sea,4: baltic sea,
4,baltic sea,4: baltic sea,
4,baltic sea,4: baltic sea,
4,baltic sea,4: baltic sea,
4,baltic sea,4: baltic sea,
4,baltic sea,4: baltic sea,
4,baltic sea,4: baltic sea,
4,baltic sea,4: baltic sea,
4,baltic sea,4: baltic sea,
4,baltic sea,4: baltic sea,
4,baltic sea,4: baltic sea,
4,baltic sea,4: baltic sea,
4,baltic sea,4: baltic sea,
4,baltic sea,4: baltic sea,
4,baltic sea,4: baltic sea,
4,baltic sea,4: baltic sea,
4,baltic sea,4: baltic sea,
4,baltic sea,4: baltic sea,
4,baltic sea,4: baltic sea,
4,baltic sea,4: baltic sea,
4,baltic sea,4: baltic sea,
4,baltic sea,4: baltic sea,
4,baltic sea,4: baltic sea,
4,baltic sea,4: baltic sea,
4,baltic sea,4: baltic sea,
4,baltic sea,4: baltic sea,
4,baltic sea,4: baltic sea,
4,baltic sea,4: baltic sea,
4,baltic sea,4: baltic sea,
4,baltic sea,4: baltic sea,
4,baltic sea,4: baltic sea,
4,baltic sea,4: baltic sea,
4,baltic sea,4: baltic sea,
4,baltic sea,4: baltic sea,
4,baltic sea,4: baltic sea,
4,baltic sea,4: baltic sea,
4,baltic sea,4: baltic sea,
4,baltic sea,4: baltic sea,
4,baltic sea,4: baltic sea,
4,baltic sea,4: baltic sea,
4,baltic sea,4: baltic sea,
4,baltic sea,4: baltic sea,
4,baltic sea,4: baltic sea,
4,baltic sea,4: baltic sea,
4,baltic sea,4: baltic sea,
4,baltic sea,4: baltic sea,
4,baltic sea,4: baltic sea,
4,baltic sea,4: baltic sea,
4,baltic sea,4: baltic sea,
4,baltic sea,4: baltic sea,
4,baltic sea,4: baltic sea,
4,baltic sea,4: baltic sea,
4,baltic sea,4: baltic sea,
4,baltic sea,4: baltic sea,
4,baltic sea,4: baltic sea,
4,baltic sea,4: baltic sea,
4,baltic sea,4: baltic sea,
4,baltic sea,4: baltic sea,
4,baltic sea,4: baltic sea,
4,baltic sea,4: baltic sea,
4,baltic sea,4: baltic sea,
4,baltic sea,4: baltic sea,
4,baltic sea,4: baltic sea,
4,baltic sea,4: baltic sea,
4,baltic sea,4: baltic sea,
4,baltic sea,4: baltic sea,
4,baltic sea,4: baltic sea,
4,baltic sea,4: baltic sea,
4,baltic sea,4: baltic sea,
9,wind farm,9: wind farm,
9,wind farm,9: wind farm,
9,wind farm,9: wind farm,
9,wind farm,9: wind farm,
9,wind farm,9: wind farm,
9,wind farm,9: wind farm,
9,wind farm,9: wind farm,
9,wind farm,9: wind farm,
9,wind farm,9: wind farm,
9,wind farm,9: wind farm,
9,wind farm,9: wind farm,
9,wind farm,9: wind farm,
9,wind farm,9: wind farm,
9,wind farm,9: wind farm,
9,wind farm,9: wind farm,
9,wind farm,9: wind farm,
9,wind farm,9: wind farm,
9,wind farm,9: wind farm,
9,wind farm,9: wind farm,
9,wind farm,9: wind farm,
9,wind farm,9: wind farm,
9,wind farm,9: wind farm,
9,wind farm,9: wind farm,
9,wind farm,9: wind farm,
9,wind farm,9: wind farm,
9,wind farm,9: wind farm,
9,wind farm,9: wind farm,
9,wind farm,9: wind farm,
9,wind farm,9: wind farm,
9,wind farm,9: wind farm,
9,wind farm,9: wind farm,
9,wind farm,9: wind farm,
9,wind farm,9: wind farm,
9,wind farm,9: wind farm,
9,wind farm,9: wind farm,
9,wind farm,9: wind farm,
9,wind farm,9: wind farm,
9,wind farm,9: wind farm,
9,wind farm,9: wind farm,
9,wind farm,9: wind farm,
9,wind farm,9: wind farm,
9,wind farm,9: wind farm,
9,wind farm,9: wind farm,
9,wind farm,9: wind farm,
9,wind farm,9: wind farm,
9,wind farm,9: wind farm,
9,wind farm,9: wind farm,
9,wind farm,9: wind farm,
9,wind farm,9: wind farm,
9,wind farm,9: wind farm,
9,wind farm,9: wind farm,
9,wind farm,9: wind farm,
9,wind farm,9: wind farm,
9,wind farm,9: wind farm,
9,wind farm,9: wind farm,
9,wind farm,9: wind farm,
9,wind farm,9: wind farm,
9,wind farm,9: wind farm,
9,wind farm,9: wind farm,
9,wind farm,9: wind farm,
9,wind farm,9: wind farm,
9,wind farm,9: wind farm,
9,wind farm,9: wind farm,
9,wind farm,9: wind farm,
9,wind farm,9: wind farm,
9,wind farm,9: wind farm,
9,wind farm,9: wind farm,
9,wind farm,9: wind farm,
9,wind farm,9: wind farm,
9,wind farm,9: wind farm,
9,wind farm,9: wind farm,
9,wind farm,9: wind farm,
9,wind farm,9: wind farm,
9,wind farm,9: wind farm,
9,wind farm,9: wind farm,
9,wind farm,9: wind farm,
9,wind farm,9: wind farm,
9,wind farm,9: wind farm,
9,wind farm,9: wind farm,
9,wind farm,9: wind farm,
9,wind farm,9: wind farm,
9,wind farm,9: wind farm,
9,wind farm,9: wind farm,
9,wind farm,9: wind farm,
9,wind farm,9: wind farm,
9,wind farm,9: wind farm,
9,wind farm,9: wind farm,
9,wind farm,9: wind farm,
9,wind farm,9: wind farm,
9,wind farm,9: wind farm,
9,wind farm,9: wind farm,
9,wind farm,9: wind farm,
9,wind farm,9: wind farm,
9,wind farm,9: wind farm,
9,wind farm,9: wind farm,
9,wind farm,9: wind farm,
9,wind farm,9: wind farm,
9,wind farm,9: wind farm,
9,wind farm,9: wind farm,
9,wind farm,9: wind farm,
9,wind farm,9: wind farm,
9,wind farm,9: wind farm,
9,wind farm,9: wind farm,
9,wind farm,9: wind farm,
9,wind farm,9: wind farm,
9,wind farm,9: wind farm,
9,wind farm,9: wind farm,
9,wind farm,9: wind farm,
9,wind farm,9: wind farm,
9,wind farm,9: wind farm,
9,wind farm,9: wind farm,
9,wind farm,9: wind farm,
9,wind farm,9: wind farm,
9,wind farm,9: wind farm,
9,wind farm,9: wind farm,
9,wind farm,9: wind farm,
9,wind farm,9: wind farm,
9,wind farm,9: wind farm,
9,wind farm,9: wind farm,
9,wind farm,9: wind farm,
9,wind farm,9: wind farm,
9,wind farm,9: wind farm,
9,wind farm,9: wind farm,
9,wind farm,9: wind farm,
9,wind farm,9: wind farm,
9,wind farm,9: wind farm,
9,wind farm,9: wind farm,
9,wind farm,9: wind farm,
9,wind farm,9: wind farm,
9,wind farm,9: wind farm,
9,wind farm,9: wind farm,
9,wind farm,9: wind farm,
9,wind farm,9: wind farm,
9,wind farm,9: wind farm,
9,wind farm,9: wind farm,
9,wind farm,9: wind farm,
9,wind farm,9: wind farm,
9,wind farm,9: wind farm,
9,wind farm,9: wind farm,
9,wind farm,9: wind farm,
9,wind farm,9: wind farm,
9,wind farm,9: wind farm,
9,wind farm,9: wind farm,
9,wind farm,9: wind farm,
9,wind farm,9: wind farm,
9,wind farm,9: wind farm,
9,wind farm,9: wind farm,
9,wind farm,9: wind farm,
9,wind farm,9: wind farm,
9,wind farm,9: wind farm,
9,wind farm,9: wind farm,
9,wind farm,9: wind farm,
9,wind farm,9: wind farm,
9,wind farm,9: wind farm,
9,wind farm,9: wind farm,
9,wind farm,9: wind farm,
9,wind farm,9: wind farm,
9,wind farm,9: wind farm,
9,wind farm,9: wind farm,
9,wind farm,9: wind farm,
9,wind farm,9: wind farm,
8,wind turbin,8: wind turbin,
8,wind turbin,8: wind turbin,
8,wind turbin,8: wind turbin,
8,wind turbin,8: wind turbin,
8,wind turbin,8: wind turbin,
8,wind turbin,8: wind turbin,
8,wind turbin,8: wind turbin,
8,wind turbin,8: wind turbin,
8,wind turbin,8: wind turbin,
8,wind turbin,8: wind turbin,
8,wind turbin,8: wind turbin,
8,wind turbin,8: wind turbin,
8,wind turbin,8: wind turbin,
8,wind turbin,8: wind turbin,
8,wind turbin,8: wind turbin,
8,wind turbin,8: wind turbin,
8,wind turbin,8: wind turbin,
8,wind turbin,8: wind turbin,
8,wind turbin,8: wind turbin,
8,wind turbin,8: wind turbin,
8,wind turbin,8: wind turbin,
8,wind turbin,8: wind turbin,
8,wind turbin,8: wind turbin,
8,wind turbin,8: wind turbin,
8,wind turbin,8: wind turbin,
8,wind turbin,8: wind turbin,
8,wind turbin,8: wind turbin,
8,wind turbin,8: wind turbin,
8,wind turbin,8: wind turbin,
8,wind turbin,8: wind turbin,
8,wind turbin,8: wind turbin,
8,wind turbin,8: wind turbin,
8,wind turbin,8: wind turbin,
8,wind turbin,8: wind turbin,
8,wind turbin,8: wind turbin,
8,wind turbin,8: wind turbin,
8,wind turbin,8: wind turbin,
8,wind turbin,8: wind turbin,
8,wind turbin,8: wind turbin,
8,wind turbin,8: wind turbin,
8,wind turbin,8: wind turbin,
8,wind turbin,8: wind turbin,
8,wind turbin,8: wind turbin,
8,wind turbin,8: wind turbin,
8,wind turbin,8: wind turbin,
8,wind turbin,8: wind turbin,
8,wind turbin,8: wind turbin,
8,wind turbin,8: wind turbin,
8,wind turbin,8: wind turbin,
8,wind turbin,8: wind turbin,
8,wind turbin,8: wind turbin,
8,wind turbin,8: wind turbin,
8,wind turbin,8: wind turbin,
8,wind turbin,8: wind turbin,
8,wind turbin,8: wind turbin,
8,wind turbin,8: wind turbin,
8,wind turbin,8: wind turbin,
8,wind turbin,8: wind turbin,
8,wind turbin,8: wind turbin,
8,wind turbin,8: wind turbin,
8,wind turbin,8: wind turbin,
8,wind turbin,8: wind turbin,
8,wind turbin,8: wind turbin,
8,wind turbin,8: wind turbin,
8,wind turbin,8: wind turbin,
8,wind turbin,8: wind turbin,
8,wind turbin,8: wind turbin,
8,wind turbin,8: wind turbin,
8,wind turbin,8: wind turbin,
8,wind turbin,8: wind turbin,
8,wind turbin,8: wind turbin,
8,wind turbin,8: wind turbin,
8,wind turbin,8: wind turbin,
8,wind turbin,8: wind turbin,
8,wind turbin,8: wind turbin,
8,wind turbin,8: wind turbin,
8,wind turbin,8: wind turbin,
8,wind turbin,8: wind turbin,
8,wind turbin,8: wind turbin,
8,wind turbin,8: wind turbin,
8,wind turbin,8: wind turbin,
8,wind turbin,8: wind turbin,
8,wind turbin,8: wind turbin,
8,wind turbin,8: wind turbin,
8,wind turbin,8: wind turbin,
8,wind turbin,8: wind turbin,
8,wind turbin,8: wind turbin,
8,wind turbin,8: wind turbin,
8,wind turbin,8: wind turbin,
8,wind turbin,8: wind turbin,
8,wind turbin,8: wind turbin,
8,wind turbin,8: wind turbin,
8,wind turbin,8: wind turbin,
8,wind turbin,8: wind turbin,
8,wind turbin,8: wind turbin,
8,wind turbin,8: wind turbin,
8,wind turbin,8: wind turbin,
8,wind turbin,8: wind turbin,
8,wind turbin,8: wind turbin,
8,wind turbin,8: wind turbin,
8,wind turbin,8: wind turbin,
8,wind turbin,8: wind turbin,
8,wind turbin,8: wind turbin,
8,wind turbin,8: wind turbin,
8,wind turbin,8: wind turbin,
8,wind turbin,8: wind turbin,
8,wind turbin,8: wind turbin,
8,wind turbin,8: wind turbin,
8,wind turbin,8: wind turbin,
8,wind turbin,8: wind turbin,
8,wind turbin,8: wind turbin,
8,wind turbin,8: wind turbin,
8,wind turbin,8: wind turbin,
8,wind turbin,8: wind turbin,
8,wind turbin,8: wind turbin,
8,wind turbin,8: wind turbin,
8,wind turbin,8: wind turbin,
8,wind turbin,8: wind turbin,
8,wind turbin,8: wind turbin,
8,wind turbin,8: wind turbin,
8,wind turbin,8: wind turbin,
8,wind turbin,8: wind turbin,
8,wind turbin,8: wind turbin,
8,wind turbin,8: wind turbin,
8,wind turbin,8: wind turbin,
8,wind turbin,8: wind turbin,
8,wind turbin,8: wind turbin,
8,wind turbin,8: wind turbin,
8,wind turbin,8: wind turbin,
8,wind turbin,8: wind turbin,
3,offshor wind,3: offshor wind,
3,offshor wind,3: offshor wind,
3,offshor wind,3: offshor wind,
3,offshor wind,3: offshor wind,
3,offshor wind,3: offshor wind,
3,offshor wind,3: offshor wind,
3,offshor wind,3: offshor wind,
3,offshor wind,3: offshor wind,
3,offshor wind,3: offshor wind,
3,offshor wind,3: offshor wind,
3,offshor wind,3: offshor wind,
3,offshor wind,3: offshor wind,
3,offshor wind,3: offshor wind,
3,offshor wind,3: offshor wind,
3,offshor wind,3: offshor wind,
3,offshor wind,3: offshor wind,
3,offshor wind,3: offshor wind,
3,offshor wind,3: offshor wind,
3,offshor wind,3: offshor wind,
3,offshor wind,3: offshor wind,
3,offshor wind,3: offshor wind,
3,offshor wind,3: offshor wind,
3,offshor wind,3: offshor wind,
3,offshor wind,3: offshor wind,
3,offshor wind,3: offshor wind,
3,offshor wind,3: offshor wind,
3,offshor wind,3: offshor wind,
3,offshor wind,3: offshor wind,
3,offshor wind,3: offshor wind,
3,offshor wind,3: offshor wind,
3,offshor wind,3: offshor wind,
3,offshor wind,3: offshor wind,
3,offshor wind,3: offshor wind,
3,offshor wind,3: offshor wind,
3,offshor wind,3: offshor wind,
3,offshor wind,3: offshor wind,
3,offshor wind,3: offshor wind,
3,offshor wind,3: offshor wind,
3,offshor wind,3: offshor wind,
3,offshor wind,3: offshor wind,
3,offshor wind,3: offshor wind,
3,offshor wind,3: offshor wind,
3,offshor wind,3: offshor wind,
3,offshor wind,3: offshor wind,
3,offshor wind,3: offshor wind,
3,offshor wind,3: offshor wind,
3,offshor wind,3: offshor wind,
3,offshor wind,3: offshor wind,
3,offshor wind,3: offshor wind,
3,offshor wind,3: offshor wind,
3,offshor wind,3: offshor wind,
3,offshor wind,3: offshor wind,
3,offshor wind,3: offshor wind,
3,offshor wind,3: offshor wind,
3,offshor wind,3: offshor wind,
3,offshor wind,3: offshor wind,
3,offshor wind,3: offshor wind,
3,offshor wind,3: offshor wind,
3,offshor wind,3: offshor wind,
3,offshor wind,3: offshor wind,
3,offshor wind,3: offshor wind,
3,offshor wind,3: offshor wind,
3,offshor wind,3: offshor wind,
3,offshor wind,3: offshor wind,
3,offshor wind,3: offshor wind,
3,offshor wind,3: offshor wind,
3,offshor wind,3: offshor wind,
3,offshor wind,3: offshor wind,
3,offshor wind,3: offshor wind,
3,offshor wind,3: offshor wind,
3,offshor wind,3: offshor wind,
3,offshor wind,3: offshor wind,
3,offshor wind,3: offshor wind,
3,offshor wind,3: offshor wind,
3,offshor wind,3: offshor wind,
3,offshor wind,3: offshor wind,
3,offshor wind,3: offshor wind,
3,offshor wind,3: offshor wind,
3,offshor wind,3: offshor wind,
3,offshor wind,3: offshor wind,
3,offshor wind,3: offshor wind,
3,offshor wind,3: offshor wind,
3,offshor wind,3: offshor wind,
3,offshor wind,3: offshor wind,
3,offshor wind,3: offshor wind,
3,offshor wind,3: offshor wind,
3,offshor wind,3: offshor wind,
3,offshor wind,3: offshor wind,
3,offshor wind,3: offshor wind,
3,offshor wind,3: offshor wind,
3,offshor wind,3: offshor wind,
3,offshor wind,3: offshor wind,
3,offshor wind,3: offshor wind,
3,offshor wind,3: offshor wind,
3,offshor wind,3: offshor wind,
3,offshor wind,3: offshor wind,
3,offshor wind,3: offshor wind,
3,offshor wind,3: offshor wind,
3,offshor wind,3: offshor wind,
3,offshor wind,3: offshor wind,
3,offshor wind,3: offshor wind,
3,offshor wind,3: offshor wind,
3,offshor wind,3: offshor wind,
3,offshor wind,3: offshor wind,
3,offshor wind,3: offshor wind,
3,offshor wind,3: offshor wind,
3,offshor wind,3: offshor wind,
3,offshor wind,3: offshor wind,
3,offshor wind,3: offshor wind,
3,offshor wind,3: offshor wind,
3,offshor wind,3: offshor wind,
3,offshor wind,3: offshor wind,
3,offshor wind,3: offshor wind,
3,offshor wind,3: offshor wind,
3,offshor wind,3: offshor wind,
3,offshor wind,3: offshor wind,
3,offshor wind,3: offshor wind,
3,offshor wind,3: offshor wind,
3,offshor wind,3: offshor wind,
3,offshor wind,3: offshor wind,
3,offshor wind,3: offshor wind,
3,offshor wind,3: offshor wind,
3,offshor wind,3: offshor wind,
3,offshor wind,3: offshor wind,
3,offshor wind,3: offshor wind,
3,offshor wind,3: offshor wind,
3,offshor wind,3: offshor wind,
3,offshor wind,3: offshor wind,
3,offshor wind,3: offshor wind,
3,offshor wind,3: offshor wind,
3,offshor wind,3: offshor wind,
3,offshor wind,3: offshor wind,
3,offshor wind,3: offshor wind,
3,offshor wind,3: offshor wind,
3,offshor wind,3: offshor wind,
3,offshor wind,3: offshor wind,
3,offshor wind,3: offshor wind,
3,offshor wind,3: offshor wind,
3,offshor wind,3: offshor wind,
3,offshor wind,3: offshor wind,
3,offshor wind,3: offshor wind,
3,offshor wind,3: offshor wind,
3,offshor wind,3: offshor wind,
3,offshor wind,3: offshor wind,
3,offshor wind,3: offshor wind,
3,offshor wind,3: offshor wind,
3,offshor wind,3: offshor wind,
3,offshor wind,3: offshor wind,
3,offshor wind,3: offshor wind,
3,offshor wind,3: offshor wind,
3,offshor wind,3: offshor wind,
3,offshor wind,3: offshor wind,
3,offshor wind,3: offshor wind,
3,offshor wind,3: offshor wind,
3,offshor wind,3: offshor wind,
3,offshor wind,3: offshor wind,
3,offshor wind,3: offshor wind,
3,offshor wind,3: offshor wind,
3,offshor wind,3: offshor wind,
3,offshor wind,3: offshor wind,
3,offshor wind,3: offshor wind,
3,offshor wind,3: offshor wind,
3,offshor wind,3: offshor wind,
3,offshor wind,3: offshor wind,
3,offshor wind,3: offshor wind,
3,offshor wind,3: offshor wind,
3,offshor wind,3: offshor wind,
3,offshor wind,3: offshor wind,
3,offshor wind,3: offshor wind,
3,offshor wind,3: offshor wind,
3,offshor wind,3: offshor wind,
3,offshor wind,3: offshor wind,
3,offshor wind,3: offshor wind,
3,offshor wind,3: offshor wind,
3,offshor wind,3: offshor wind,
3,offshor wind,3: offshor wind,
3,offshor wind,3: offshor wind,
3,offshor wind,3: offshor wind,
3,offshor wind,3: offshor wind,
3,offshor wind,3: offshor wind,
3,offshor wind,3: offshor wind,
3,offshor wind,3: offshor wind,
3,offshor wind,3: offshor wind,
3,offshor wind,3: offshor wind,
3,offshor wind,3: offshor wind,
3,offshor wind,3: offshor wind,
3,offshor wind,3: offshor wind,
3,offshor wind,3: offshor wind,
3,offshor wind,3: offshor wind,
3,offshor wind,3: offshor wind,
3,offshor wind,3: offshor wind,
3,offshor wind,3: offshor wind,
3,offshor wind,3: offshor wind,
3,offshor wind,3: offshor wind,
3,offshor wind,3: offshor wind,
3,offshor wind,3: offshor wind,
3,offshor wind,3: offshor wind,
3,offshor wind,3: offshor wind,
3,offshor wind,3: offshor wind,
3,offshor wind,3: offshor wind,
3,offshor wind,3: offshor wind,
3,offshor wind,3: offshor wind,
3,offshor wind,3: offshor wind,
3,offshor wind,3: offshor wind,
3,offshor wind,3: offshor wind,
3,offshor wind,3: offshor wind,
3,offshor wind,3: offshor wind,
3,offshor wind,3: offshor wind,
3,offshor wind,3: offshor wind,
3,offshor wind,3: offshor wind,
3,offshor wind,3: offshor wind,
3,offshor wind,3: offshor wind,
3,offshor wind,3: offshor wind,
3,offshor wind,3: offshor wind,
3,offshor wind,3: offshor wind,
3,offshor wind,3: offshor wind,
3,offshor wind,3: offshor wind,
3,offshor wind,3: offshor wind,
3,offshor wind,3: offshor wind,
3,offshor wind,3: offshor wind,
3,offshor wind,3: offshor wind,
3,offshor wind,3: offshor wind,
3,offshor wind,3: offshor wind,
3,offshor wind,3: offshor wind,
3,offshor wind,3: offshor wind,
3,offshor wind,3: offshor wind,
3,offshor wind,3: offshor wind,
3,offshor wind,3: offshor wind,
3,offshor wind,3: offshor wind,
3,offshor wind,3: offshor wind,
3,offshor wind,3: offshor wind,
3,offshor wind,3: offshor wind,
3,offshor wind,3: offshor wind,
3,offshor wind,3: offshor wind,
3,offshor wind,3: offshor wind,
3,offshor wind,3: offshor wind,
3,offshor wind,3: offshor wind,
3,offshor wind,3: offshor wind,
3,offshor wind,3: offshor wind,
3,offshor wind,3: offshor wind,
3,offshor wind,3: offshor wind,
3,offshor wind,3: offshor wind,
3,offshor wind,3: offshor wind,
3,offshor wind,3: offshor wind,
3,offshor wind,3: offshor wind,
3,offshor wind,3: offshor wind,
3,offshor wind,3: offshor wind,
3,offshor wind,3: offshor wind,
3,offshor wind,3: offshor wind,
3,offshor wind,3: offshor wind,
3,offshor wind,3: offshor wind,
3,offshor wind,3: offshor wind,
3,offshor wind,3: offshor wind,
3,offshor wind,3: offshor wind,
3,offshor wind,3: offshor wind,
3,offshor wind,3: offshor wind,
3,offshor wind,3: offshor wind,
3,offshor wind,3: offshor wind,
3,offshor wind,3: offshor wind,
3,offshor wind,3: offshor wind,
3,offshor wind,3: offshor wind,
3,offshor wind,3: offshor wind,
3,offshor wind,3: offshor wind,
3,offshor wind,3: offshor wind,
3,offshor wind,3: offshor wind,
3,offshor wind,3: offshor wind,
3,offshor wind,3: offshor wind,
3,offshor wind,3: offshor wind,
3,offshor wind,3: offshor wind,
3,offshor wind,3: offshor wind,
3,offshor wind,3: offshor wind,
3,offshor wind,3: offshor wind,
3,offshor wind,3: offshor wind,
3,offshor wind,3: offshor wind,
3,offshor wind,3: offshor wind,
3,offshor wind,3: offshor wind,
3,offshor wind,3: offshor wind,
3,offshor wind,3: offshor wind,
3,offshor wind,3: offshor wind,
3,offshor wind,3: offshor wind,
3,offshor wind,3: offshor wind,
3,offshor wind,3: offshor wind,
3,offshor wind,3: offshor wind,
3,offshor wind,3: offshor wind,
3,offshor wind,3: offshor wind,
3,offshor wind,3: offshor wind,
3,offshor wind,3: offshor wind,
3,offshor wind,3: offshor wind,
3,offshor wind,3: offshor wind,
3,offshor wind,3: offshor wind,
3,offshor wind,3: offshor wind,
3,offshor wind,3: offshor wind,
3,offshor wind,3: offshor wind,
3,offshor wind,3: offshor wind,
3,offshor wind,3: offshor wind,
3,offshor wind,3: offshor wind,
3,offshor wind,3: offshor wind,
3,offshor wind,3: offshor wind,
3,offshor wind,3: offshor wind,
3,offshor wind,3: offshor wind,
3,offshor wind,3: offshor wind,
3,offshor wind,3: offshor wind,
3,offshor wind,3: offshor wind,
3,offshor wind,3: offshor wind,
3,offshor wind,3: offshor wind,
3,offshor wind,3: offshor wind,
3,offshor wind,3: offshor wind,
3,offshor wind,3: offshor wind,
3,offshor wind,3: offshor wind,
3,offshor wind,3: offshor wind,
3,offshor wind,3: offshor wind,
3,offshor wind,3: offshor wind,
3,offshor wind,3: offshor wind,
3,offshor wind,3: offshor wind,
3,offshor wind,3: offshor wind,
3,offshor wind,3: offshor wind,
3,offshor wind,3: offshor wind,
3,offshor wind,3: offshor wind,
3,offshor wind,3: offshor wind,
3,offshor wind,3: offshor wind,
3,offshor wind,3: offshor wind,
3,offshor wind,3: offshor wind,
3,offshor wind,3: offshor wind,
3,offshor wind,3: offshor wind,
3,offshor wind,3: offshor wind,
3,offshor wind,3: offshor wind,
3,offshor wind,3: offshor wind,
3,offshor wind,3: offshor wind,
3,offshor wind,3: offshor wind,
3,offshor wind,3: offshor wind,
3,offshor wind,3: offshor wind,
3,offshor wind,3: offshor wind,
3,offshor wind,3: offshor wind,
3,offshor wind,3: offshor wind,
3,offshor wind,3: offshor wind,
3,offshor wind,3: offshor wind,
3,offshor wind,3: offshor wind,
3,offshor wind,3: offshor wind,
3,offshor wind,3: offshor wind,
6,energiø bornholm,6: energiø bornholm,
6,energiø bornholm,6: energiø bornholm,
6,energiø bornholm,6: energiø bornholm,
6,energiø bornholm,6: energiø bornholm,
6,energiø bornholm,6: energiø bornholm,
6,energiø bornholm,6: energiø bornholm,
6,energiø bornholm,6: energiø bornholm,
6,energiø bornholm,6: energiø bornholm,
6,energiø bornholm,6: energiø bornholm,
6,energiø bornholm,6: energiø bornholm,
6,energiø bornholm,6: energiø bornholm,
6,energiø bornholm,6: energiø bornholm,
6,energiø bornholm,6: energiø bornholm,
6,energiø bornholm,6: energiø bornholm,
6,energiø bornholm,6: energiø bornholm,
6,energiø bornholm,6: energiø bornholm,
6,energiø bornholm,6: energiø bornholm,
6,energiø bornholm,6: energiø bornholm,
6,energiø bornholm,6: energiø bornholm,
6,energiø bornholm,6: energiø bornholm,
6,energiø bornholm,6: energiø bornholm,
6,energiø bornholm,6: energiø bornholm,
6,energiø bornholm,6: energiø bornholm,
6,energiø bornholm,6: energiø bornholm,
6,energiø bornholm,6: energiø bornholm,
6,energiø bornholm,6: energiø bornholm,
6,energiø bornholm,6: energiø bornholm,
6,energiø bornholm,6: energiø bornholm,
6,energiø bornholm,6: energiø bornholm,
6,energiø bornholm,6: energiø bornholm,
6,energiø bornholm,6: energiø bornholm,
6,energiø bornholm,6: energiø bornholm,
6,energiø bornholm,6: energiø bornholm,
6,energiø bornholm,6: energiø bornholm,
6,energiø bornholm,6: energiø bornholm,
6,energiø bornholm,6: energiø bornholm,
6,energiø bornholm,6: energiø bornholm,
6,energiø bornholm,6: energiø bornholm,
6,energiø bornholm,6: energiø bornholm,
6,energiø bornholm,6: energiø bornholm,
6,energiø bornholm,6: energiø bornholm,
6,energiø bornholm,6: energiø bornholm,
6,energiø bornholm,6: energiø bornholm,
6,energiø bornholm,6: energiø bornholm,
6,energiø bornholm,6: energiø bornholm,
6,energiø bornholm,6: energiø bornholm,
6,energiø bornholm,6: energiø bornholm,
6,energiø bornholm,6: energiø bornholm,
6,energiø bornholm,6: energiø bornholm,
6,energiø bornholm,6: energiø bornholm,
6,energiø bornholm,6: energiø bornholm,
6,energiø bornholm,6: energiø bornholm,
6,energiø bornholm,6: energiø bornholm,
6,energiø bornholm,6: energiø bornholm,
6,energiø bornholm,6: energiø bornholm,
6,energiø bornholm,6: energiø bornholm,
6,energiø bornholm,6: energiø bornholm,
6,energiø bornholm,6: energiø bornholm,
6,energiø bornholm,6: energiø bornholm,
6,energiø bornholm,6: energiø bornholm,
6,energiø bornholm,6: energiø bornholm,
6,energiø bornholm,6: energiø bornholm,
6,energiø bornholm,6: energiø bornholm,
6,energiø bornholm,6: energiø bornholm,
6,energiø bornholm,6: energiø bornholm,
6,energiø bornholm,6: energiø bornholm,
6,energiø bornholm,6: energiø bornholm,
6,energiø bornholm,6: energiø bornholm,
6,energiø bornholm,6: energiø bornholm,
6,energiø bornholm,6: energiø bornholm,
6,energiø bornholm,6: energiø bornholm,
6,energiø bornholm,6: energiø bornholm,
6,energiø bornholm,6: energiø bornholm,
6,energiø bornholm,6: energiø bornholm,
6,energiø bornholm,6: energiø bornholm,
6,energiø bornholm,6: energiø bornholm,
6,energiø bornholm,6: energiø bornholm,
6,energiø bornholm,6: energiø bornholm,
6,energiø bornholm,6: energiø bornholm,
6,energiø bornholm,6: energiø bornholm,
6,energiø bornholm,6: energiø bornholm,
6,energiø bornholm,6: energiø bornholm,
6,energiø bornholm,6: energiø bornholm,
6,energiø bornholm,6: energiø bornholm,
6,energiø bornholm,6: energiø bornholm,
6,energiø bornholm,6: energiø bornholm,
6,energiø bornholm,6: energiø bornholm,
6,energiø bornholm,6: energiø bornholm,
6,energiø bornholm,6: energiø bornholm,
6,energiø bornholm,6: energiø bornholm,
6,energiø bornholm,6: energiø bornholm,
6,energiø bornholm,6: energiø bornholm,
6,energiø bornholm,6: energiø bornholm,
6,energiø bornholm,6: energiø bornholm,
6,energiø bornholm,6: energiø bornholm,
6,energiø bornholm,6: energiø bornholm,
6,energiø bornholm,6: energiø bornholm,
6,energiø bornholm,6: energiø bornholm,
6,energiø bornholm,6: energiø bornholm,
6,energiø bornholm,6: energiø bornholm,
6,energiø bornholm,6: energiø bornholm,
6,energiø bornholm,6: energiø bornholm,
6,energiø bornholm,6: energiø bornholm,
6,energiø bornholm,6: energiø bornholm,
6,energiø bornholm,6: energiø bornholm,
6,energiø bornholm,6: energiø bornholm,
6,energiø bornholm,6: energiø bornholm,
6,energiø bornholm,6: energiø bornholm,
6,energiø bornholm,6: energiø bornholm,
6,energiø bornholm,6: energiø bornholm,
6,energiø bornholm,6: energiø bornholm,
6,energiø bornholm,6: energiø bornholm,
6,energiø bornholm,6: energiø bornholm,
6,energiø bornholm,6: energiø bornholm,
6,energiø bornholm,6: energiø bornholm,
6,energiø bornholm,6: energiø bornholm,
6,energiø bornholm,6: energiø bornholm,
6,energiø bornholm,6: energiø bornholm,
6,energiø bornholm,6: energiø bornholm,
6,energiø bornholm,6: energiø bornholm,
6,energiø bornholm,6: energiø bornholm,
6,energiø bornholm,6: energiø bornholm,
6,energiø bornholm,6: energiø bornholm,
6,energiø bornholm,6: energiø bornholm,
6,energiø bornholm,6: energiø bornholm,
6,energiø bornholm,6: energiø bornholm,
6,energiø bornholm,6: energiø bornholm,
6,energiø bornholm,6: energiø bornholm,
6,energiø bornholm,6: energiø bornholm,
6,energiø bornholm,6: energiø bornholm,
6,energiø bornholm,6: energiø bornholm,
6,energiø bornholm,6: energiø bornholm,
6,energiø bornholm,6: energiø bornholm,
6,energiø bornholm,6: energiø bornholm,
6,energiø bornholm,6: energiø bornholm,
6,energiø bornholm,6: energiø bornholm,
6,energiø bornholm,6: energiø bornholm,
6,energiø bornholm,6: energiø bornholm,
6,energiø bornholm,6: energiø bornholm,
6,energiø bornholm,6: energiø bornholm,
6,energiø bornholm,6: energiø bornholm,
6,energiø bornholm,6: energiø bornholm,
6,energiø bornholm,6: energiø bornholm,
6,energiø bornholm,6: energiø bornholm,
6,energiø bornholm,6: energiø bornholm,
6,energiø bornholm,6: energiø bornholm,
6,energiø bornholm,6: energiø bornholm,
6,energiø bornholm,6: energiø bornholm,
6,energiø bornholm,6: energiø bornholm,
6,energiø bornholm,6: energiø bornholm,
6,energiø bornholm,6: energiø bornholm,
6,energiø bornholm,6: energiø bornholm,
6,energiø bornholm,6: energiø bornholm,
6,energiø bornholm,6: energiø bornholm,
6,energiø bornholm,6: energiø bornholm,
6,energiø bornholm,6: energiø bornholm,
6,energiø bornholm,6: energiø bornholm,
6,energiø bornholm,6: energiø bornholm,
6,energiø bornholm,6: energiø bornholm,
6,energiø bornholm,6: energiø bornholm,
6,energiø bornholm,6: energiø bornholm,
6,energiø bornholm,6: energiø bornholm,
6,energiø bornholm,6: energiø bornholm,
6,energiø bornholm,6: energiø bornholm,
6,energiø bornholm,6: energiø bornholm,
6,energiø bornholm,6: energiø bornholm,
6,energiø bornholm,6: energiø bornholm,
6,energiø bornholm,6: energiø bornholm,
6,energiø bornholm,6: energiø bornholm,
6,energiø bornholm,6: energiø bornholm,
6,energiø bornholm,6: energiø bornholm,
3,offshor wind,3: offshor wind,
3,offshor wind,3: offshor wind,
3,offshor wind,3: offshor wind,
3,offshor wind,3: offshor wind,
3,offshor wind,3: offshor wind,
3,offshor wind,3: offshor wind,
3,offshor wind,3: offshor wind,
3,offshor wind,3: offshor wind,
3,offshor wind,3: offshor wind,
3,offshor wind,3: offshor wind,
3,offshor wind,3: offshor wind,
3,offshor wind,3: offshor wind,
3,offshor wind,3: offshor wind,
3,offshor wind,3: offshor wind,
3,offshor wind,3: offshor wind,
3,offshor wind,3: offshor wind,
3,offshor wind,3: offshor wind,
3,offshor wind,3: offshor wind,
3,offshor wind,3: offshor wind,
3,offshor wind,3: offshor wind,
3,offshor wind,3: offshor wind,
3,offshor wind,3: offshor wind,
3,offshor wind,3: offshor wind,
3,offshor wind,3: offshor wind,
3,offshor wind,3: offshor wind,
3,offshor wind,3: offshor wind,
3,offshor wind,3: offshor wind,
3,offshor wind,3: offshor wind,
3,offshor wind,3: offshor wind,
3,offshor wind,3: offshor wind,
3,offshor wind,3: offshor wind,
3,offshor wind,3: offshor wind,
3,offshor wind,3: offshor wind,
3,offshor wind,3: offshor wind,
3,offshor wind,3: offshor wind,
3,offshor wind,3: offshor wind,
3,offshor wind,3: offshor wind,
3,offshor wind,3: offshor wind,
3,offshor wind,3: offshor wind,
3,offshor wind,3: offshor wind,
3,offshor wind,3: offshor wind,
3,offshor wind,3: offshor wind,
3,offshor wind,3: offshor wind,
3,offshor wind,3: offshor wind,
3,offshor wind,3: offshor wind,
3,offshor wind,3: offshor wind,
3,offshor wind,3: offshor wind,
3,offshor wind,3: offshor wind,
3,offshor wind,3: offshor wind,
3,offshor wind,3: offshor wind,
3,offshor wind,3: offshor wind,
3,offshor wind,3: offshor wind,
3,offshor wind,3: offshor wind,
3,offshor wind,3: offshor wind,
3,offshor wind,3: offshor wind,
3,offshor wind,3: offshor wind,
3,offshor wind,3: offshor wind,
3,offshor wind,3: offshor wind,
3,offshor wind,3: offshor wind,
3,offshor wind,3: offshor wind,
3,offshor wind,3: offshor wind,
3,offshor wind,3: offshor wind,
3,offshor wind,3: offshor wind,
3,offshor wind,3: offshor wind,
3,offshor wind,3: offshor wind,
3,offshor wind,3: offshor wind,
3,offshor wind,3: offshor wind,
3,offshor wind,3: offshor wind,
3,offshor wind,3: offshor wind,
3,offshor wind,3: offshor wind,
3,offshor wind,3: offshor wind,
3,offshor wind,3: offshor wind,
3,offshor wind,3: offshor wind,
3,offshor wind,3: offshor wind,
3,offshor wind,3: offshor wind,
3,offshor wind,3: offshor wind,
3,offshor wind,3: offshor wind,
3,offshor wind,3: offshor wind,
3,offshor wind,3: offshor wind,
3,offshor wind,3: offshor wind,
3,offshor wind,3: offshor wind,
3,offshor wind,3: offshor wind,
3,offshor wind,3: offshor wind,
3,offshor wind,3: offshor wind,
3,offshor wind,3: offshor wind,
3,offshor wind,3: offshor wind,
3,offshor wind,3: offshor wind,
3,offshor wind,3: offshor wind,
3,offshor wind,3: offshor wind,
3,offshor wind,3: offshor wind,
3,offshor wind,3: offshor wind,
3,offshor wind,3: offshor wind,
3,offshor wind,3: offshor wind,
3,offshor wind,3: offshor wind,
3,offshor wind,3: offshor wind,
3,offshor wind,3: offshor wind,
3,offshor wind,3: offshor wind,
3,offshor wind,3: offshor wind,
3,offshor wind,3: offshor wind,
3,offshor wind,3: offshor wind,
3,offshor wind,3: offshor wind,
3,offshor wind,3: offshor wind,
3,offshor wind,3: offshor wind,
3,offshor wind,3: offshor wind,
3,offshor wind,3: offshor wind,
3,offshor wind,3: offshor wind,
3,offshor wind,3: offshor wind,
3,offshor wind,3: offshor wind,
3,offshor wind,3: offshor wind,
3,offshor wind,3: offshor wind,
3,offshor wind,3: offshor wind,
3,offshor wind,3: offshor wind,
3,offshor wind,3: offshor wind,
3,offshor wind,3: offshor wind,
3,offshor wind,3: offshor wind,
3,offshor wind,3: offshor wind,
3,offshor wind,3: offshor wind,
3,offshor wind,3: offshor wind,
3,offshor wind,3: offshor wind,
3,offshor wind,3: offshor wind,
3,offshor wind,3: offshor wind,
3,offshor wind,3: offshor wind,
3,offshor wind,3: offshor wind,
3,offshor wind,3: offshor wind,
3,offshor wind,3: offshor wind,
3,offshor wind,3: offshor wind,
3,offshor wind,3: offshor wind,
3,offshor wind,3: offshor wind,
3,offshor wind,3: offshor wind,
3,offshor wind,3: offshor wind,
3,offshor wind,3: offshor wind,
3,offshor wind,3: offshor wind,
3,offshor wind,3: offshor wind,
3,offshor wind,3: offshor wind,
3,offshor wind,3: offshor wind,
3,offshor wind,3: offshor wind,
3,offshor wind,3: offshor wind,
3,offshor wind,3: offshor wind,
3,offshor wind,3: offshor wind,
3,offshor wind,3: offshor wind,
3,offshor wind,3: offshor wind,
3,offshor wind,3: offshor wind,
3,offshor wind,3: offshor wind,
3,offshor wind,3: offshor wind,
3,offshor wind,3: offshor wind,
3,offshor wind,3: offshor wind,
3,offshor wind,3: offshor wind,
3,offshor wind,3: offshor wind,
3,offshor wind,3: offshor wind,
3,offshor wind,3: offshor wind,
3,offshor wind,3: offshor wind,
3,offshor wind,3: offshor wind,
3,offshor wind,3: offshor wind,
3,offshor wind,3: offshor wind,
3,offshor wind,3: offshor wind,
3,offshor wind,3: offshor wind,
3,offshor wind,3: offshor wind,
3,offshor wind,3: offshor wind,
3,offshor wind,3: offshor wind,
3,offshor wind,3: offshor wind,
3,offshor wind,3: offshor wind,
3,offshor wind,3: offshor wind,
3,offshor wind,3: offshor wind,
3,offshor wind,3: offshor wind,
3,offshor wind,3: offshor wind,
3,offshor wind,3: offshor wind,
3,offshor wind,3: offshor wind,
3,offshor wind,3: offshor wind,
3,offshor wind,3: offshor wind,
3,offshor wind,3: offshor wind,
3,offshor wind,3: offshor wind,
3,offshor wind,3: offshor wind,
3,offshor wind,3: offshor wind,
3,offshor wind,3: offshor wind,
3,offshor wind,3: offshor wind,
3,offshor wind,3: offshor wind,
3,offshor wind,3: offshor wind,
3,offshor wind,3: offshor wind,
3,offshor wind,3: offshor wind,
3,offshor wind,3: offshor wind,
3,offshor wind,3: offshor wind,
3,offshor wind,3: offshor wind,
3,offshor wind,3: offshor wind,
3,offshor wind,3: offshor wind,
3,offshor wind,3: offshor wind,
3,offshor wind,3: offshor wind,
3,offshor wind,3: offshor wind,
3,offshor wind,3: offshor wind,
3,offshor wind,3: offshor wind,
3,offshor wind,3: offshor wind,
3,offshor wind,3: offshor wind,
3,offshor wind,3: offshor wind,
3,offshor wind,3: offshor wind,
3,offshor wind,3: offshor wind,
3,offshor wind,3: offshor wind,
3,offshor wind,3: offshor wind,
3,offshor wind,3: offshor wind,
3,offshor wind,3: offshor wind,
3,offshor wind,3: offshor wind,
3,offshor wind,3: offshor wind,
3,offshor wind,3: offshor wind,
3,offshor wind,3: offshor wind,
3,offshor wind,3: offshor wind,
3,offshor wind,3: offshor wind,
3,offshor wind,3: offshor wind,
3,offshor wind,3: offshor wind,
3,offshor wind,3: offshor wind,
3,offshor wind,3: offshor wind,
3,offshor wind,3: offshor wind,
3,offshor wind,3: offshor wind,
3,offshor wind,3: offshor wind,
3,offshor wind,3: offshor wind,
3,offshor wind,3: offshor wind,
3,offshor wind,3: offshor wind,
3,offshor wind,3: offshor wind,
3,offshor wind,3: offshor wind,
3,offshor wind,3: offshor wind,
3,offshor wind,3: offshor wind,
3,offshor wind,3: offshor wind,
3,offshor wind,3: offshor wind,
3,offshor wind,3: offshor wind,
3,offshor wind,3: offshor wind,
3,offshor wind,3: offshor wind,
3,offshor wind,3: offshor wind,
3,offshor wind,3: offshor wind,
3,offshor wind,3: offshor wind,
3,offshor wind,3: offshor wind,
3,offshor wind,3: offshor wind,
3,offshor wind,3: offshor wind,
3,offshor wind,3: offshor wind,
3,offshor wind,3: offshor wind,
3,offshor wind,3: offshor wind,
3,offshor wind,3: offshor wind,
3,offshor wind,3: offshor wind,
3,offshor wind,3: offshor wind,
3,offshor wind,3: offshor wind,
3,offshor wind,3: offshor wind,
3,offshor wind,3: offshor wind,
3,offshor wind,3: offshor wind,
3,offshor wind,3: offshor wind,
3,offshor wind,3: offshor wind,
3,offshor wind,3: offshor wind,
3,offshor wind,3: offshor wind,
3,offshor wind,3: offshor wind,
3,offshor wind,3: offshor wind,
3,offshor wind,3: offshor wind,
3,offshor wind,3: offshor wind,
3,offshor wind,3: offshor wind,
3,offshor wind,3: offshor wind,
3,offshor wind,3: offshor wind,
3,offshor wind,3: offshor wind,
3,offshor wind,3: offshor wind,
3,offshor wind,3: offshor wind,
3,offshor wind,3: offshor wind,
3,offshor wind,3: offshor wind,
3,offshor wind,3: offshor wind,
3,offshor wind,3: offshor wind,
3,offshor wind,3: offshor wind,
3,offshor wind,3: offshor wind,
3,offshor wind,3: offshor wind,
3,offshor wind,3: offshor wind,
3,offshor wind,3: offshor wind,
3,offshor wind,3: offshor wind,
3,offshor wind,3: offshor wind,
3,offshor wind,3: offshor wind,
3,offshor wind,3: offshor wind,
3,offshor wind,3: offshor wind,
3,offshor wind,3: offshor wind,
3,offshor wind,3: offshor wind,
3,offshor wind,3: offshor wind,
3,offshor wind,3: offshor wind,
3,offshor wind,3: offshor wind,
3,offshor wind,3: offshor wind,
3,offshor wind,3: offshor wind,
3,offshor wind,3: offshor wind,
3,offshor wind,3: offshor wind,
3,offshor wind,3: offshor wind,
3,offshor wind,3: offshor wind,
3,offshor wind,3: offshor wind,
3,offshor wind,3: offshor wind,
3,offshor wind,3: offshor wind,
3,offshor wind,3: offshor wind,
3,offshor wind,3: offshor wind,
3,offshor wind,3: offshor wind,
3,offshor wind,3: offshor wind,
3,offshor wind,3: offshor wind,
3,offshor wind,3: offshor wind,
3,offshor wind,3: offshor wind,
3,offshor wind,3: offshor wind,
3,offshor wind,3: offshor wind,
3,offshor wind,3: offshor wind,
3,offshor wind,3: offshor wind,
3,offshor wind,3: offshor wind,
3,offshor wind,3: offshor wind,
3,offshor wind,3: offshor wind,
3,offshor wind,3: offshor wind,
3,offshor wind,3: offshor wind,
3,offshor wind,3: offshor wind,
3,offshor wind,3: offshor wind,
3,offshor wind,3: offshor wind,
3,offshor wind,3: offshor wind,
3,offshor wind,3: offshor wind,
3,offshor wind,3: offshor wind,
3,offshor wind,3: offshor wind,
3,offshor wind,3: offshor wind,
3,offshor wind,3: offshor wind,
3,offshor wind,3: offshor wind,
3,offshor wind,3: offshor wind,
3,offshor wind,3: offshor wind,
3,offshor wind,3: offshor wind,
3,offshor wind,3: offshor wind,
3,offshor wind,3: offshor wind,
3,offshor wind,3: offshor wind,
3,offshor wind,3: offshor wind,
3,offshor wind,3: offshor wind,
3,offshor wind,3: offshor wind,
3,offshor wind,3: offshor wind,
3,offshor wind,3: offshor wind,
3,offshor wind,3: offshor wind,
3,offshor wind,3: offshor wind,
3,offshor wind,3: offshor wind,
3,offshor wind,3: offshor wind,
3,offshor wind,3: offshor wind,
3,offshor wind,3: offshor wind,
3,offshor wind,3: offshor wind,
3,offshor wind,3: offshor wind,
3,offshor wind,3: offshor wind,
3,offshor wind,3: offshor wind,
3,offshor wind,3: offshor wind,
3,offshor wind,3: offshor wind,
3,offshor wind,3: offshor wind,
3,offshor wind,3: offshor wind,
3,offshor wind,3: offshor wind,
3,offshor wind,3: offshor wind,
3,offshor wind,3: offshor wind,
3,offshor wind,3: offshor wind,
3,offshor wind,3: offshor wind,
3,offshor wind,3: offshor wind,
3,offshor wind,3: offshor wind,
5,offshor grid,5: offshor grid,
5,offshor grid,5: offshor grid,
5,offshor grid,5: offshor grid,
5,offshor grid,5: offshor grid,
5,offshor grid,5: offshor grid,
5,offshor grid,5: offshor grid,
5,offshor grid,5: offshor grid,
5,offshor grid,5: offshor grid,
5,offshor grid,5: offshor grid,
5,offshor grid,5: offshor grid,
5,offshor grid,5: offshor grid,
5,offshor grid,5: offshor grid,
5,offshor grid,5: offshor grid,
5,offshor grid,5: offshor grid,
5,offshor grid,5: offshor grid,
5,offshor grid,5: offshor grid,
5,offshor grid,5: offshor grid,
5,offshor grid,5: offshor grid,
5,offshor grid,5: offshor grid,
5,offshor grid,5: offshor grid,
5,offshor grid,5: offshor grid,
5,offshor grid,5: offshor grid,
5,offshor grid,5: offshor grid,
5,offshor grid,5: offshor grid,
5,offshor grid,5: offshor grid,
5,offshor grid,5: offshor grid,
5,offshor grid,5: offshor grid,
5,offshor grid,5: offshor grid,
5,offshor grid,5: offshor grid,
5,offshor grid,5: offshor grid,
5,offshor grid,5: offshor grid,
5,offshor grid,5: offshor grid,
5,offshor grid,5: offshor grid,
5,offshor grid,5: offshor grid,
5,offshor grid,5: offshor grid,
5,offshor grid,5: offshor grid,
5,offshor grid,5: offshor grid,
5,offshor grid,5: offshor grid,
5,offshor grid,5: offshor grid,
5,offshor grid,5: offshor grid,
5,offshor grid,5: offshor grid,
5,offshor grid,5: offshor grid,
5,offshor grid,5: offshor grid,
5,offshor grid,5: offshor grid,
5,offshor grid,5: offshor grid,
5,offshor grid,5: offshor grid,
5,offshor grid,5: offshor grid,
5,offshor grid,5: offshor grid,
5,offshor grid,5: offshor grid,
5,offshor grid,5: offshor grid,
5,offshor grid,5: offshor grid,
5,offshor grid,5: offshor grid,
5,offshor grid,5: offshor grid,
5,offshor grid,5: offshor grid,
5,offshor grid,5: offshor grid,
5,offshor grid,5: offshor grid,
5,offshor grid,5: offshor grid,
5,offshor grid,5: offshor grid,
5,offshor grid,5: offshor grid,
5,offshor grid,5: offshor grid,
5,offshor grid,5: offshor grid,
5,offshor grid,5: offshor grid,
5,offshor grid,5: offshor grid,
5,offshor grid,5: offshor grid,
5,offshor grid,5: offshor grid,
5,offshor grid,5: offshor grid,
5,offshor grid,5: offshor grid,
5,offshor grid,5: offshor grid,
5,offshor grid,5: offshor grid,
5,offshor grid,5: offshor grid,
5,offshor grid,5: offshor grid,
5,offshor grid,5: offshor grid,
5,offshor grid,5: offshor grid,
5,offshor grid,5: offshor grid,
5,offshor grid,5: offshor grid,
5,offshor grid,5: offshor grid,
5,offshor grid,5: offshor grid,
5,offshor grid,5: offshor grid,
5,offshor grid,5: offshor grid,
5,offshor grid,5: offshor grid,
5,offshor grid,5: offshor grid,
5,offshor grid,5: offshor grid,
5,offshor grid,5: offshor grid,
5,offshor grid,5: offshor grid,
5,offshor grid,5: offshor grid,
5,offshor grid,5: offshor grid,
5,offshor grid,5: offshor grid,
5,offshor grid,5: offshor grid,
5,offshor grid,5: offshor grid,
5,offshor grid,5: offshor grid,
5,offshor grid,5: offshor grid,
5,offshor grid,5: offshor grid,
5,offshor grid,5: offshor grid,
5,offshor grid,5: offshor grid,
5,offshor grid,5: offshor grid,
5,offshor grid,5: offshor grid,
5,offshor grid,5: offshor grid,
5,offshor grid,5: offshor grid,
5,offshor grid,5: offshor grid,
5,offshor grid,5: offshor grid,
5,offshor grid,5: offshor grid,
5,offshor grid,5: offshor grid,
5,offshor grid,5: offshor grid,
5,offshor grid,5: offshor grid,
5,offshor grid,5: offshor grid,
5,offshor grid,5: offshor grid,
5,offshor grid,5: offshor grid,
5,offshor grid,5: offshor grid,
5,offshor grid,5: offshor grid,
5,offshor grid,5: offshor grid,
5,offshor grid,5: offshor grid,
5,offshor grid,5: offshor grid,
5,offshor grid,5: offshor grid,
5,offshor grid,5: offshor grid,
5,offshor grid,5: offshor grid,
5,offshor grid,5: offshor grid,
5,offshor grid,5: offshor grid,
5,offshor grid,5: offshor grid,
5,offshor grid,5: offshor grid,
5,offshor grid,5: offshor grid,
5,offshor grid,5: offshor grid,
5,offshor grid,5: offshor grid,
5,offshor grid,5: offshor grid,
5,offshor grid,5: offshor grid,
5,offshor grid,5: offshor grid,
5,offshor grid,5: offshor grid,
5,offshor grid,5: offshor grid,
5,offshor grid,5: offshor grid,
5,offshor grid,5: offshor grid,
5,offshor grid,5: offshor grid,
5,offshor grid,5: offshor grid,
5,offshor grid,5: offshor grid,
5,offshor grid,5: offshor grid,
5,offshor grid,5: offshor grid,
5,offshor grid,5: offshor grid,
5,offshor grid,5: offshor grid,
5,offshor grid,5: offshor grid,
5,offshor grid,5: offshor grid,
5,offshor grid,5: offshor grid,
5,offshor grid,5: offshor grid,
5,offshor grid,5: offshor grid,
5,offshor grid,5: offshor grid,
5,offshor grid,5: offshor grid,
5,offshor grid,5: offshor grid,
5,offshor grid,5: offshor grid,
5,offshor grid,5: offshor grid,
5,offshor grid,5: offshor grid,
5,offshor grid,5: offshor grid,
5,offshor grid,5: offshor grid,
5,offshor grid,5: offshor grid,
5,offshor grid,5: offshor grid,
5,offshor grid,5: offshor grid,
5,offshor grid,5: offshor grid,
5,offshor grid,5: offshor grid,
5,offshor grid,5: offshor grid,
5,offshor grid,5: offshor grid,
5,offshor grid,5: offshor grid,
5,offshor grid,5: offshor grid,
5,offshor grid,5: offshor grid,
5,offshor grid,5: offshor grid,
5,offshor grid,5: offshor grid,
5,offshor grid,5: offshor grid,
5,offshor grid,5: offshor grid,
5,offshor grid,5: offshor grid,
5,offshor grid,5: offshor grid,
5,offshor grid,5: offshor grid,
5,offshor grid,5: offshor grid,
5,offshor grid,5: offshor grid,
5,offshor grid,5: offshor grid,
5,offshor grid,5: offshor grid,
5,offshor grid,5: offshor grid,
5,offshor grid,5: offshor grid,
5,offshor grid,5: offshor grid,
5,offshor grid,5: offshor grid,
5,offshor grid,5: offshor grid,
5,offshor grid,5: offshor grid,
5,offshor grid,5: offshor grid,
5,offshor grid,5: offshor grid,
5,offshor grid,5: offshor grid,
5,offshor grid,5: offshor grid,
5,offshor grid,5: offshor grid,
5,offshor grid,5: offshor grid,
5,offshor grid,5: offshor grid,
5,offshor grid,5: offshor grid,
5,offshor grid,5: offshor grid,
5,offshor grid,5: offshor grid,
5,offshor grid,5: offshor grid,
5,offshor grid,5: offshor grid,
5,offshor grid,5: offshor grid,
5,offshor grid,5: offshor grid,
5,offshor grid,5: offshor grid,
5,offshor grid,5: offshor grid,
5,offshor grid,5: offshor grid,
5,offshor grid,5: offshor grid,
5,offshor grid,5: offshor grid,
5,offshor grid,5: offshor grid,
5,offshor grid,5: offshor grid,
5,offshor grid,5: offshor grid,
5,offshor grid,5: offshor grid,
5,offshor grid,5: offshor grid,
5,offshor grid,5: offshor grid,
5,offshor grid,5: offshor grid,
5,offshor grid,5: offshor grid,
5,offshor grid,5: offshor grid,
5,offshor grid,5: offshor grid,
5,offshor grid,5: offshor grid,
5,offshor grid,5: offshor grid,
5,offshor grid,5: offshor grid,
5,offshor grid,5: offshor grid,
5,offshor grid,5: offshor grid,
5,offshor grid,5: offshor grid,
5,offshor grid,5: offshor grid,
5,offshor grid,5: offshor grid,
5,offshor grid,5: offshor grid,
5,offshor grid,5: offshor grid,
5,offshor grid,5: offshor grid,
5,offshor grid,5: offshor grid,
5,offshor grid,5: offshor grid,
5,offshor grid,5: offshor grid,
5,offshor grid,5: offshor grid,
5,offshor grid,5: offshor grid,
5,offshor grid,5: offshor grid,
5,offshor grid,5: offshor grid,
5,offshor grid,5: offshor grid,
5,offshor grid,5: offshor grid,
5,offshor grid,5: offshor grid,
5,offshor grid,5: offshor grid,
5,offshor grid,5: offshor grid,
5,offshor grid,5: offshor grid,
5,offshor grid,5: offshor grid,
5,offshor grid,5: offshor grid,
5,offshor grid,5: offshor grid,
5,offshor grid,5: offshor grid,
5,offshor grid,5: offshor grid,
5,offshor grid,5: offshor grid,
5,offshor grid,5: offshor grid,
5,offshor grid,5: offshor grid,
5,offshor grid,5: offshor grid,
5,offshor grid,5: offshor grid,
5,offshor grid,5: offshor grid,
5,offshor grid,5: offshor grid,
5,offshor grid,5: offshor grid,
5,offshor grid,5: offshor grid,
5,offshor grid,5: offshor grid,
5,offshor grid,5: offshor grid,
5,offshor grid,5: offshor grid,
5,offshor grid,5: offshor grid,
5,offshor grid,5: offshor grid,
5,offshor grid,5: offshor grid,
5,offshor grid,5: offshor grid,
5,offshor grid,5: offshor grid,
5,offshor grid,5: offshor grid,
5,offshor grid,5: offshor grid,
5,offshor grid,5: offshor grid,
5,offshor grid,5: offshor grid,
5,offshor grid,5: offshor grid,
5,offshor grid,5: offshor grid,
5,offshor grid,5: offshor grid,
5,offshor grid,5: offshor grid,
5,offshor grid,5: offshor grid,
5,offshor grid,5: offshor grid,
5,offshor grid,5: offshor grid,
5,offshor grid,5: offshor grid,
5,offshor grid,5: offshor grid,
5,offshor grid,5: offshor grid,
5,offshor grid,5: offshor grid,
5,offshor grid,5: offshor grid,
5,offshor grid,5: offshor grid,
5,offshor grid,5: offshor grid,
5,offshor grid,5: offshor grid,
5,offshor grid,5: offshor grid,
5,offshor grid,5: offshor grid,
5,offshor grid,5: offshor grid,
5,offshor grid,5: offshor grid,
5,offshor grid,5: offshor grid,
5,offshor grid,5: offshor grid,
5,offshor grid,5: offshor grid,
5,offshor grid,5: offshor grid,
5,offshor grid,5: offshor grid,
5,offshor grid,5: offshor grid,
5,offshor grid,5: offshor grid,
5,offshor grid,5: offshor grid,
5,offshor grid,5: offshor grid,
5,offshor grid,5: offshor grid,
5,offshor grid,5: offshor grid,
5,offshor grid,5: offshor grid,
5,offshor grid,5: offshor grid,
5,offshor grid,5: offshor grid,
5,offshor grid,5: offshor grid,
5,offshor grid,5: offshor grid,
5,offshor grid,5: offshor grid,
5,offshor grid,5: offshor grid,
5,offshor grid,5: offshor grid,
5,offshor grid,5: offshor grid,
5,offshor grid,5: offshor grid,
5,offshor grid,5: offshor grid,
5,offshor grid,5: offshor grid,
5,offshor grid,5: offshor grid,
5,offshor grid,5: offshor grid,
5,offshor grid,5: offshor grid,
5,offshor grid,5: offshor grid,
5,offshor grid,5: offshor grid,
5,offshor grid,5: offshor grid,
5,offshor grid,5: offshor grid,
5,offshor grid,5: offshor grid,
5,offshor grid,5: offshor grid,
5,offshor grid,5: offshor grid,
5,offshor grid,5: offshor grid,
5,offshor grid,5: offshor grid,
5,offshor grid,5: offshor grid,
5,offshor grid,5: offshor grid,
5,offshor grid,5: offshor grid,
5,offshor grid,5: offshor grid,
5,offshor grid,5: offshor grid,
5,offshor grid,5: offshor grid,
5,offshor grid,5: offshor grid,
5,offshor grid,5: offshor grid,
5,offshor grid,5: offshor grid,
5,offshor grid,5: offshor grid,
5,offshor grid,5: offshor grid,
5,offshor grid,5: offshor grid,
5,offshor grid,5: offshor grid,
5,offshor grid,5: offshor grid,
5,offshor grid,5: offshor grid,
5,offshor grid,5: offshor grid,
5,offshor grid,5: offshor grid,
5,offshor grid,5: offshor grid,
5,offshor grid,5: offshor grid,
5,offshor grid,5: offshor grid,
5,offshor grid,5: offshor grid,
5,offshor grid,5: offshor grid,
5,offshor grid,5: offshor grid,
5,offshor grid,5: offshor grid,
5,offshor grid,5: offshor grid,
5,offshor grid,5: offshor grid,
5,offshor grid,5: offshor grid,
5,offshor grid,5: offshor grid,
5,offshor grid,5: offshor grid,
5,offshor grid,5: offshor grid,
5,offshor grid,5: offshor grid,
5,offshor grid,5: offshor grid,
5,offshor grid,5: offshor grid,
5,offshor grid,5: offshor grid,
5,offshor grid,5: offshor grid,
5,offshor grid,5: offshor grid,
5,offshor grid,5: offshor grid,
5,offshor grid,5: offshor grid,
5,offshor grid,5: offshor grid,
5,offshor grid,5: offshor grid,
5,offshor grid,5: offshor grid,
0,energi island,0: energi island,
0,energi island,0: energi island,
0,energi island,0: energi island,
0,energi island,0: energi island,
0,energi island,0: energi island,
0,energi island,0: energi island,
0,energi island,0: energi island,
0,energi island,0: energi island,
0,energi island,0: energi island,
0,energi island,0: energi island,
0,energi island,0: energi island,
0,energi island,0: energi island,
0,energi island,0: energi island,
0,energi island,0: energi island,
0,energi island,0: energi island,
0,energi island,0: energi island,
0,energi island,0: energi island,
0,energi island,0: energi island,
0,energi island,0: energi island,
0,energi island,0: energi island,
0,energi island,0: energi island,
0,energi island,0: energi island,
0,energi island,0: energi island,
0,energi island,0: energi island,
0,energi island,0: energi island,
0,energi island,0: energi island,
0,energi island,0: energi island,
0,energi island,0: energi island,
0,energi island,0: energi island,
0,energi island,0: energi island,
0,energi island,0: energi island,
0,energi island,0: energi island,
0,energi island,0: energi island,
0,energi island,0: energi island,
0,energi island,0: energi island,
0,energi island,0: energi island,
0,energi island,0: energi island,
0,energi island,0: energi island,
0,energi island,0: energi island,
0,energi island,0: energi island,
0,energi island,0: energi island,
0,energi island,0: energi island,
0,energi island,0: energi island,
0,energi island,0: energi island,
0,energi island,0: energi island,
0,energi island,0: energi island,
0,energi island,0: energi island,
0,energi island,0: energi island,
0,energi island,0: energi island,
0,energi island,0: energi island,
0,energi island,0: energi island,
0,energi island,0: energi island,
0,energi island,0: energi island,
0,energi island,0: energi island,
0,energi island,0: energi island,
0,energi island,0: energi island,
0,energi island,0: energi island,
0,energi island,0: energi island,
0,energi island,0: energi island,
0,energi island,0: energi island,
0,energi island,0: energi island,
0,energi island,0: energi island,
0,energi island,0: energi island,
0,energi island,0: energi island,
0,energi island,0: energi island,
0,energi island,0: energi island,
0,energi island,0: energi island,
0,energi island,0: energi island,
0,energi island,0: energi island,
0,energi island,0: energi island,
0,energi island,0: energi island,
0,energi island,0: energi island,
0,energi island,0: energi island,
0,energi island,0: energi island,
0,energi island,0: energi island,
0,energi island,0: energi island,
0,energi island,0: energi island,
0,energi island,0: energi island,
0,energi island,0: energi island,
0,energi island,0: energi island,
0,energi island,0: energi island,
0,energi island,0: energi island,
0,energi island,0: energi island,
0,energi island,0: energi island,
0,energi island,0: energi island,
0,energi island,0: energi island,
0,energi island,0: energi island,
0,energi island,0: energi island,
0,energi island,0: energi island,
0,energi island,0: energi island,
0,energi island,0: energi island,
0,energi island,0: energi island,
0,energi island,0: energi island,
0,energi island,0: energi island,
0,energi island,0: energi island,
0,energi island,0: energi island,
0,energi island,0: energi island,
0,energi island,0: energi island,
0,energi island,0: energi island,
0,energi island,0: energi island,
0,energi island,0: energi island,
0,energi island,0: energi island,
0,energi island,0: energi island,
0,energi island,0: energi island,
0,energi island,0: energi island,
0,energi island,0: energi island,
0,energi island,0: energi island,
0,energi island,0: energi island,
0,energi island,0: energi island,
0,energi island,0: energi island,
0,energi island,0: energi island,
0,energi island,0: energi island,
0,energi island,0: energi island,
0,energi island,0: energi island,
0,energi island,0: energi island,
0,energi island,0: energi island,
0,energi island,0: energi island,
0,energi island,0: energi island,
0,energi island,0: energi island,
0,energi island,0: energi island,
0,energi island,0: energi island,
0,energi island,0: energi island,
0,energi island,0: energi island,
0,energi island,0: energi island,
0,energi island,0: energi island,
0,energi island,0: energi island,
0,energi island,0: energi island,
0,energi island,0: energi island,
0,energi island,0: energi island,
0,energi island,0: energi island,
0,energi island,0: energi island,
0,energi island,0: energi island,
0,energi island,0: energi island,
0,energi island,0: energi island,
0,energi island,0: energi island,
0,energi island,0: energi island,
0,energi island,0: energi island,
0,energi island,0: energi island,
0,energi island,0: energi island,
0,energi island,0: energi island,
0,energi island,0: energi island,
0,energi island,0: energi island,
0,energi island,0: energi island,
0,energi island,0: energi island,
0,energi island,0: energi island,
0,energi island,0: energi island,
0,energi island,0: energi island,
0,energi island,0: energi island,
0,energi island,0: energi island,
0,energi island,0: energi island,
0,energi island,0: energi island,
0,energi island,0: energi island,
0,energi island,0: energi island,
0,energi island,0: energi island,
0,energi island,0: energi island,
0,energi island,0: energi island,
0,energi island,0: energi island,
0,energi island,0: energi island,
0,energi island,0: energi island,
0,energi island,0: energi island,
0,energi island,0: energi island,
0,energi island,0: energi island,
0,energi island,0: energi island,
0,energi island,0: energi island,
0,energi island,0: energi island,
0,energi island,0: energi island,
0,energi island,0: energi island,
0,energi island,0: energi island,
0,energi island,0: energi island,
0,energi island,0: energi island,
0,energi island,0: energi island,
0,energi island,0: energi island,
0,energi island,0: energi island,
0,energi island,0: energi island,
0,energi island,0: energi island,
0,energi island,0: energi island,
0,energi island,0: energi island,
0,energi island,0: energi island,
0,energi island,0: energi island,
0,energi island,0: energi island,
0,energi island,0: energi island,
0,energi island,0: energi island,
0,energi island,0: energi island,
0,energi island,0: energi island,
0,energi island,0: energi island,
0,energi island,0: energi island,
0,energi island,0: energi island,
0,energi island,0: energi island,
0,energi island,0: energi island,
0,energi island,0: energi island,
0,energi island,0: energi island,
0,energi island,0: energi island,
0,energi island,0: energi island,
0,energi island,0: energi island,
0,energi island,0: energi island,
0,energi island,0: energi island,
0,energi island,0: energi island,
0,energi island,0: energi island,
0,energi island,0: energi island,
0,energi island,0: energi island,
0,energi island,0: energi island,
0,energi island,0: energi island,
0,energi island,0: energi island,
0,energi island,0: energi island,
0,energi island,0: energi island,
0,energi island,0: energi island,
0,energi island,0: energi island,
0,energi island,0: energi island,
0,energi island,0: energi island,
0,energi island,0: energi island,
0,energi island,0: energi island,
0,energi island,0: energi island,
0,energi island,0: energi island,
0,energi island,0: energi island,
0,energi island,0: energi island,
0,energi island,0: energi island,
0,energi island,0: energi island,
0,energi island,0: energi island,
0,energi island,0: energi island,
0,energi island,0: energi island,
0,energi island,0: energi island,
0,energi island,0: energi island,
0,energi island,0: energi island,
0,energi island,0: energi island,
0,energi island,0: energi island,
0,energi island,0: energi island,
0,energi island,0: energi island,
0,energi island,0: energi island,
0,energi island,0: energi island,
0,energi island,0: energi island,
0,energi island,0: energi island,
0,energi island,0: energi island,
0,energi island,0: energi island,
0,energi island,0: energi island,
0,energi island,0: energi island,
0,energi island,0: energi island,
0,energi island,0: energi island,
0,energi island,0: energi island,
0,energi island,0: energi island,
0,energi island,0: energi island,
0,energi island,0: energi island,
0,energi island,0: energi island,
0,energi island,0: energi island,
0,energi island,0: energi island,
0,energi island,0: energi island,
0,energi island,0: energi island,
0,energi island,0: energi island,
0,energi island,0: energi island,
0,energi island,0: energi island,
0,energi island,0: energi island,
0,energi island,0: energi island,
0,energi island,0: energi island,
0,energi island,0: energi island,
0,energi island,0: energi island,
0,energi island,0: energi island,
0,energi island,0: energi island,
0,energi island,0: energi island,
0,energi island,0: energi island,
0,energi island,0: energi island,
0,energi island,0: energi island,
0,energi island,0: energi island,
0,energi island,0: energi island,
0,energi island,0: energi island,
0,energi island,0: energi island,
0,energi island,0: energi island,
0,energi island,0: energi island,
0,energi island,0: energi island,
0,energi island,0: energi island,
0,energi island,0: energi island,
0,energi island,0: energi island,
0,energi island,0: energi island,
0,energi island,0: energi island,
0,energi island,0: energi island,
0,energi island,0: energi island,
0,energi island,0: energi island,
0,energi island,0: energi island,
0,energi island,0: energi island,
0,energi island,0: energi island,
0,energi island,0: energi island,
0,energi island,0: energi island,
0,energi island,0: energi island,
0,energi island,0: energi island,
0,energi island,0: energi island,
0,energi island,0: energi island,
0,energi island,0: energi island,
0,energi island,0: energi island,
0,energi island,0: energi island,
0,energi island,0: energi island,
0,energi island,0: energi island,
0,energi island,0: energi island,
0,energi island,0: energi island,
0,energi island,0: energi island,
0,energi island,0: energi island,
0,energi island,0: energi island,
0,energi island,0: energi island,
0,energi island,0: energi island,
0,energi island,0: energi island,
0,energi island,0: energi island,
0,energi island,0: energi island,
0,energi island,0: energi island,
0,energi island,0: energi island,
0,energi island,0: energi island,
0,energi island,0: energi island,
0,energi island,0: energi island,
0,energi island,0: energi island,
0,energi island,0: energi island,
0,energi island,0: energi island,
0,energi island,0: energi island,
0,energi island,0: energi island,
0,energi island,0: energi island,
0,energi island,0: energi island,
0,energi island,0: energi island,
0,energi island,0: energi island,
0,energi island,0: energi island,
1,abstract avail,1: abstract avail,
1,abstract avail,1: abstract avail,
1,abstract avail,1: abstract avail,
1,abstract avail,1: abstract avail,
1,abstract avail,1: abstract avail,
1,abstract avail,1: abstract avail,
1,abstract avail,1: abstract avail,
1,abstract avail,1: abstract avail,
1,abstract avail,1: abstract avail,
1,abstract avail,1: abstract avail,
1,abstract avail,1: abstract avail,
1,abstract avail,1: abstract avail,
1,abstract avail,1: abstract avail,
1,abstract avail,1: abstract avail,
1,abstract avail,1: abstract avail,
1,abstract avail,1: abstract avail,
1,abstract avail,1: abstract avail,
1,abstract avail,1: abstract avail,
1,abstract avail,1: abstract avail,
1,abstract avail,1: abstract avail,
1,abstract avail,1: abstract avail,
1,abstract avail,1: abstract avail,
1,abstract avail,1: abstract avail,
1,abstract avail,1: abstract avail,
1,abstract avail,1: abstract avail,
1,abstract avail,1: abstract avail,
1,abstract avail,1: abstract avail,
1,abstract avail,1: abstract avail,
1,abstract avail,1: abstract avail,
1,abstract avail,1: abstract avail,
1,abstract avail,1: abstract avail,
1,abstract avail,1: abstract avail,
1,abstract avail,1: abstract avail,
1,abstract avail,1: abstract avail,
1,abstract avail,1: abstract avail,
1,abstract avail,1: abstract avail,
1,abstract avail,1: abstract avail,
1,abstract avail,1: abstract avail,
1,abstract avail,1: abstract avail,
1,abstract avail,1: abstract avail,
1,abstract avail,1: abstract avail,
1,abstract avail,1: abstract avail,
1,abstract avail,1: abstract avail,
1,abstract avail,1: abstract avail,
1,abstract avail,1: abstract avail,
1,abstract avail,1: abstract avail,
1,abstract avail,1: abstract avail,
1,abstract avail,1: abstract avail,
1,abstract avail,1: abstract avail,
1,abstract avail,1: abstract avail,
1,abstract avail,1: abstract avail,
1,abstract avail,1: abstract avail,
1,abstract avail,1: abstract avail,
1,abstract avail,1: abstract avail,
1,abstract avail,1: abstract avail,
1,abstract avail,1: abstract avail,
1,abstract avail,1: abstract avail,
1,abstract avail,1: abstract avail,
1,abstract avail,1: abstract avail,
1,abstract avail,1: abstract avail,
1,abstract avail,1: abstract avail,
1,abstract avail,1: abstract avail,
1,abstract avail,1: abstract avail,
1,abstract avail,1: abstract avail,
1,abstract avail,1: abstract avail,
1,abstract avail,1: abstract avail,
1,abstract avail,1: abstract avail,
1,abstract avail,1: abstract avail,
1,abstract avail,1: abstract avail,
1,abstract avail,1: abstract avail,
1,abstract avail,1: abstract avail,
1,abstract avail,1: abstract avail,
1,abstract avail,1: abstract avail,
1,abstract avail,1: abstract avail,
1,abstract avail,1: abstract avail,
1,abstract avail,1: abstract avail,
1,abstract avail,1: abstract avail,
1,abstract avail,1: abstract avail,
1,abstract avail,1: abstract avail,
1,abstract avail,1: abstract avail,
1,abstract avail,1: abstract avail,
5,offshor grid,5: offshor grid,
5,offshor grid,5: offshor grid,
5,offshor grid,5: offshor grid,
5,offshor grid,5: offshor grid,
5,offshor grid,5: offshor grid,
5,offshor grid,5: offshor grid,
5,offshor grid,5: offshor grid,
5,offshor grid,5: offshor grid,
5,offshor grid,5: offshor grid,
5,offshor grid,5: offshor grid,
5,offshor grid,5: offshor grid,
5,offshor grid,5: offshor grid,
5,offshor grid,5: offshor grid,
5,offshor grid,5: offshor grid,
5,offshor grid,5: offshor grid,
5,offshor grid,5: offshor grid,
5,offshor grid,5: offshor grid,
5,offshor grid,5: offshor grid,
5,offshor grid,5: offshor grid,
5,offshor grid,5: offshor grid,
5,offshor grid,5: offshor grid,
5,offshor grid,5: offshor grid,
5,offshor grid,5: offshor grid,
5,offshor grid,5: offshor grid,
5,offshor grid,5: offshor grid,
5,offshor grid,5: offshor grid,
5,offshor grid,5: offshor grid,
5,offshor grid,5: offshor grid,
5,offshor grid,5: offshor grid,
5,offshor grid,5: offshor grid,
5,offshor grid,5: offshor grid,
5,offshor grid,5: offshor grid,
5,offshor grid,5: offshor grid,
5,offshor grid,5: offshor grid,
5,offshor grid,5: offshor grid,
5,offshor grid,5: offshor grid,
5,offshor grid,5: offshor grid,
5,offshor grid,5: offshor grid,
5,offshor grid,5: offshor grid,
5,offshor grid,5: offshor grid,
5,offshor grid,5: offshor grid,
5,offshor grid,5: offshor grid,
5,offshor grid,5: offshor grid,
5,offshor grid,5: offshor grid,
5,offshor grid,5: offshor grid,
5,offshor grid,5: offshor grid,
5,offshor grid,5: offshor grid,
5,offshor grid,5: offshor grid,
5,offshor grid,5: offshor grid,
5,offshor grid,5: offshor grid,
5,offshor grid,5: offshor grid,
5,offshor grid,5: offshor grid,
5,offshor grid,5: offshor grid,
5,offshor grid,5: offshor grid,
5,offshor grid,5: offshor grid,
5,offshor grid,5: offshor grid,
5,offshor grid,5: offshor grid,
5,offshor grid,5: offshor grid,
5,offshor grid,5: offshor grid,
5,offshor grid,5: offshor grid,
5,offshor grid,5: offshor grid,
5,offshor grid,5: offshor grid,
5,offshor grid,5: offshor grid,
5,offshor grid,5: offshor grid,
5,offshor grid,5: offshor grid,
5,offshor grid,5: offshor grid,
5,offshor grid,5: offshor grid,
5,offshor grid,5: offshor grid,
5,offshor grid,5: offshor grid,
5,offshor grid,5: offshor grid,
5,offshor grid,5: offshor grid,
5,offshor grid,5: offshor grid,
5,offshor grid,5: offshor grid,
5,offshor grid,5: offshor grid,
5,offshor grid,5: offshor grid,
5,offshor grid,5: offshor grid,
5,offshor grid,5: offshor grid,
5,offshor grid,5: offshor grid,
5,offshor grid,5: offshor grid,
5,offshor grid,5: offshor grid,
5,offshor grid,5: offshor grid,
5,offshor grid,5: offshor grid,
5,offshor grid,5: offshor grid,
5,offshor grid,5: offshor grid,
5,offshor grid,5: offshor grid,
5,offshor grid,5: offshor grid,
5,offshor grid,5: offshor grid,
5,offshor grid,5: offshor grid,
5,offshor grid,5: offshor grid,
5,offshor grid,5: offshor grid,
5,offshor grid,5: offshor grid,
5,offshor grid,5: offshor grid,
5,offshor grid,5: offshor grid,
5,offshor grid,5: offshor grid,
5,offshor grid,5: offshor grid,
5,offshor grid,5: offshor grid,
5,offshor grid,5: offshor grid,
5,offshor grid,5: offshor grid,
5,offshor grid,5: offshor grid,
5,offshor grid,5: offshor grid,
5,offshor grid,5: offshor grid,
5,offshor grid,5: offshor grid,
5,offshor grid,5: offshor grid,
5,offshor grid,5: offshor grid,
5,offshor grid,5: offshor grid,
5,offshor grid,5: offshor grid,
5,offshor grid,5: offshor grid,
5,offshor grid,5: offshor grid,
5,offshor grid,5: offshor grid,
5,offshor grid,5: offshor grid,
5,offshor grid,5: offshor grid,
5,offshor grid,5: offshor grid,
5,offshor grid,5: offshor grid,
5,offshor grid,5: offshor grid,
5,offshor grid,5: offshor grid,
5,offshor grid,5: offshor grid,
5,offshor grid,5: offshor grid,
5,offshor grid,5: offshor grid,
5,offshor grid,5: offshor grid,
5,offshor grid,5: offshor grid,
5,offshor grid,5: offshor grid,
5,offshor grid,5: offshor grid,
5,offshor grid,5: offshor grid,
5,offshor grid,5: offshor grid,
5,offshor grid,5: offshor grid,
5,offshor grid,5: offshor grid,
5,offshor grid,5: offshor grid,
5,offshor grid,5: offshor grid,
5,offshor grid,5: offshor grid,
5,offshor grid,5: offshor grid,
5,offshor grid,5: offshor grid,
5,offshor grid,5: offshor grid,
5,offshor grid,5: offshor grid,
5,offshor grid,5: offshor grid,
5,offshor grid,5: offshor grid,
5,offshor grid,5: offshor grid,
5,offshor grid,5: offshor grid,
5,offshor grid,5: offshor grid,
5,offshor grid,5: offshor grid,
5,offshor grid,5: offshor grid,
5,offshor grid,5: offshor grid,
5,offshor grid,5: offshor grid,
5,offshor grid,5: offshor grid,
5,offshor grid,5: offshor grid,
5,offshor grid,5: offshor grid,
5,offshor grid,5: offshor grid,
5,offshor grid,5: offshor grid,
5,offshor grid,5: offshor grid,
5,offshor grid,5: offshor grid,
5,offshor grid,5: offshor grid,
5,offshor grid,5: offshor grid,
5,offshor grid,5: offshor grid,
5,offshor grid,5: offshor grid,
5,offshor grid,5: offshor grid,
5,offshor grid,5: offshor grid,
5,offshor grid,5: offshor grid,
5,offshor grid,5: offshor grid,
5,offshor grid,5: offshor grid,
5,offshor grid,5: offshor grid,
5,offshor grid,5: offshor grid,
5,offshor grid,5: offshor grid,
5,offshor grid,5: offshor grid,
5,offshor grid,5: offshor grid,
5,offshor grid,5: offshor grid,
5,offshor grid,5: offshor grid,
5,offshor grid,5: offshor grid,
5,offshor grid,5: offshor grid,
5,offshor grid,5: offshor grid,
5,offshor grid,5: offshor grid,
5,offshor grid,5: offshor grid,
5,offshor grid,5: offshor grid,
5,offshor grid,5: offshor grid,
5,offshor grid,5: offshor grid,
5,offshor grid,5: offshor grid,
5,offshor grid,5: offshor grid,
7,renew energi,7: renew energi,
7,renew energi,7: renew energi,
7,renew energi,7: renew energi,
7,renew energi,7: renew energi,
7,renew energi,7: renew energi,
7,renew energi,7: renew energi,
7,renew energi,7: renew energi,
7,renew energi,7: renew energi,
7,renew energi,7: renew energi,
7,renew energi,7: renew energi,
7,renew energi,7: renew energi,
7,renew energi,7: renew energi,
7,renew energi,7: renew energi,
7,renew energi,7: renew energi,
7,renew energi,7: renew energi,
7,renew energi,7: renew energi,
7,renew energi,7: renew energi,
7,renew energi,7: renew energi,
7,renew energi,7: renew energi,
7,renew energi,7: renew energi,
7,renew energi,7: renew energi,
7,renew energi,7: renew energi,
7,renew energi,7: renew energi,
7,renew energi,7: renew energi,
7,renew energi,7: renew energi,
7,renew energi,7: renew energi,
7,renew energi,7: renew energi,
7,renew energi,7: renew energi,
7,renew energi,7: renew energi,
7,renew energi,7: renew energi,
7,renew energi,7: renew energi,
7,renew energi,7: renew energi,
7,renew energi,7: renew energi,
7,renew energi,7: renew energi,
7,renew energi,7: renew energi,
7,renew energi,7: renew energi,
7,renew energi,7: renew energi,
7,renew energi,7: renew energi,
7,renew energi,7: renew energi,
7,renew energi,7: renew energi,
7,renew energi,7: renew energi,
7,renew energi,7: renew energi,
7,renew energi,7: renew energi,
7,renew energi,7: renew energi,
7,renew energi,7: renew energi,
7,renew energi,7: renew energi,
7,renew energi,7: renew energi,
7,renew energi,7: renew energi,
7,renew energi,7: renew energi,
7,renew energi,7: renew energi,
7,renew energi,7: renew energi,
7,renew energi,7: renew energi,
7,renew energi,7: renew energi,
7,renew energi,7: renew energi,
7,renew energi,7: renew energi,
7,renew energi,7: renew energi,
7,renew energi,7: renew energi,
7,renew energi,7: renew energi,
7,renew energi,7: renew energi,
7,renew energi,7: renew energi,
7,renew energi,7: renew energi,
7,renew energi,7: renew energi,
7,renew energi,7: renew energi,
7,renew energi,7: renew energi,
7,renew energi,7: renew energi,
7,renew energi,7: renew energi,
7,renew energi,7: renew energi,
7,renew energi,7: renew energi,
7,renew energi,7: renew energi,
7,renew energi,7: renew energi,
7,renew energi,7: renew energi,
7,renew energi,7: renew energi,
7,renew energi,7: renew energi,
7,renew energi,7: renew energi,
7,renew energi,7: renew energi,
7,renew energi,7: renew energi,
7,renew energi,7: renew energi,
7,renew energi,7: renew energi,
7,renew energi,7: renew energi,
7,renew energi,7: renew energi,
7,renew energi,7: renew energi,
7,renew energi,7: renew energi,
7,renew energi,7: renew energi,
7,renew energi,7: renew energi,
7,renew energi,7: renew energi,
7,renew energi,7: renew energi,
7,renew energi,7: renew energi,
7,renew energi,7: renew energi,
7,renew energi,7: renew energi,
7,renew energi,7: renew energi,
7,renew energi,7: renew energi,
7,renew energi,7: renew energi,
7,renew energi,7: renew energi,
7,renew energi,7: renew energi,
7,renew energi,7: renew energi,
7,renew energi,7: renew energi,
7,renew energi,7: renew energi,
7,renew energi,7: renew energi,
7,renew energi,7: renew energi,
7,renew energi,7: renew energi,
7,renew energi,7: renew energi,
7,renew energi,7: renew energi,
7,renew energi,7: renew energi,
7,renew energi,7: renew energi,
7,renew energi,7: renew energi,
7,renew energi,7: renew energi,
7,renew energi,7: renew energi,
7,renew energi,7: renew energi,
7,renew energi,7: renew energi,
7,renew energi,7: renew energi,
7,renew energi,7: renew energi,
7,renew energi,7: renew energi,
7,renew energi,7: renew energi,
7,renew energi,7: renew energi,
7,renew energi,7: renew energi,
7,renew energi,7: renew energi,
7,renew energi,7: renew energi,
7,renew energi,7: renew energi,
7,renew energi,7: renew energi,
7,renew energi,7: renew energi,
7,renew energi,7: renew energi,
7,renew energi,7: renew energi,
7,renew energi,7: renew energi,
7,renew energi,7: renew energi,
7,renew energi,7: renew energi,
7,renew energi,7: renew energi,
7,renew energi,7: renew energi,
7,renew energi,7: renew energi,
7,renew energi,7: renew energi,
7,renew energi,7: renew energi,
7,renew energi,7: renew energi,
7,renew energi,7: renew energi,
7,renew energi,7: renew energi,
7,renew energi,7: renew energi,
7,renew energi,7: renew energi,
7,renew energi,7: renew energi,
7,renew energi,7: renew energi,
7,renew energi,7: renew energi,
7,renew energi,7: renew energi,
7,renew energi,7: renew energi,
7,renew energi,7: renew energi,
7,renew energi,7: renew energi,
7,renew energi,7: renew energi,
7,renew energi,7: renew energi,
7,renew energi,7: renew energi,
7,renew energi,7: renew energi,
8,wind turbin,8: wind turbin,
8,wind turbin,8: wind turbin,
8,wind turbin,8: wind turbin,
8,wind turbin,8: wind turbin,
8,wind turbin,8: wind turbin,
8,wind turbin,8: wind turbin,
8,wind turbin,8: wind turbin,
8,wind turbin,8: wind turbin,
8,wind turbin,8: wind turbin,
8,wind turbin,8: wind turbin,
8,wind turbin,8: wind turbin,
8,wind turbin,8: wind turbin,
8,wind turbin,8: wind turbin,
8,wind turbin,8: wind turbin,
8,wind turbin,8: wind turbin,
8,wind turbin,8: wind turbin,
8,wind turbin,8: wind turbin,
8,wind turbin,8: wind turbin,
8,wind turbin,8: wind turbin,
8,wind turbin,8: wind turbin,
8,wind turbin,8: wind turbin,
8,wind turbin,8: wind turbin,
8,wind turbin,8: wind turbin,
8,wind turbin,8: wind turbin,
8,wind turbin,8: wind turbin,
8,wind turbin,8: wind turbin,
8,wind turbin,8: wind turbin,
8,wind turbin,8: wind turbin,
8,wind turbin,8: wind turbin,
8,wind turbin,8: wind turbin,
8,wind turbin,8: wind turbin,
8,wind turbin,8: wind turbin,
8,wind turbin,8: wind turbin,
8,wind turbin,8: wind turbin,
8,wind turbin,8: wind turbin,
8,wind turbin,8: wind turbin,
8,wind turbin,8: wind turbin,
8,wind turbin,8: wind turbin,
8,wind turbin,8: wind turbin,
8,wind turbin,8: wind turbin,
8,wind turbin,8: wind turbin,
8,wind turbin,8: wind turbin,
8,wind turbin,8: wind turbin,
8,wind turbin,8: wind turbin,
8,wind turbin,8: wind turbin,
8,wind turbin,8: wind turbin,
8,wind turbin,8: wind turbin,
8,wind turbin,8: wind turbin,
8,wind turbin,8: wind turbin,
8,wind turbin,8: wind turbin,
8,wind turbin,8: wind turbin,
8,wind turbin,8: wind turbin,
8,wind turbin,8: wind turbin,
8,wind turbin,8: wind turbin,
8,wind turbin,8: wind turbin,
8,wind turbin,8: wind turbin,
8,wind turbin,8: wind turbin,
8,wind turbin,8: wind turbin,
8,wind turbin,8: wind turbin,
8,wind turbin,8: wind turbin,
8,wind turbin,8: wind turbin,
8,wind turbin,8: wind turbin,
8,wind turbin,8: wind turbin,
8,wind turbin,8: wind turbin,
8,wind turbin,8: wind turbin,
8,wind turbin,8: wind turbin,
8,wind turbin,8: wind turbin,
8,wind turbin,8: wind turbin,
8,wind turbin,8: wind turbin,
8,wind turbin,8: wind turbin,
8,wind turbin,8: wind turbin,
8,wind turbin,8: wind turbin,
8,wind turbin,8: wind turbin,
8,wind turbin,8: wind turbin,
8,wind turbin,8: wind turbin,
8,wind turbin,8: wind turbin,
8,wind turbin,8: wind turbin,
8,wind turbin,8: wind turbin,
8,wind turbin,8: wind turbin,
8,wind turbin,8: wind turbin,
8,wind turbin,8: wind turbin,
8,wind turbin,8: wind turbin,
8,wind turbin,8: wind turbin,
8,wind turbin,8: wind turbin,
8,wind turbin,8: wind turbin,
8,wind turbin,8: wind turbin,
8,wind turbin,8: wind turbin,
8,wind turbin,8: wind turbin,
8,wind turbin,8: wind turbin,
8,wind turbin,8: wind turbin,
8,wind turbin,8: wind turbin,
8,wind turbin,8: wind turbin,
8,wind turbin,8: wind turbin,
8,wind turbin,8: wind turbin,
8,wind turbin,8: wind turbin,
8,wind turbin,8: wind turbin,
8,wind turbin,8: wind turbin,
8,wind turbin,8: wind turbin,
8,wind turbin,8: wind turbin,
8,wind turbin,8: wind turbin,
8,wind turbin,8: wind turbin,
8,wind turbin,8: wind turbin,
8,wind turbin,8: wind turbin,
8,wind turbin,8: wind turbin,
8,wind turbin,8: wind turbin,
8,wind turbin,8: wind turbin,
8,wind turbin,8: wind turbin,
8,wind turbin,8: wind turbin,
8,wind turbin,8: wind turbin,
8,wind turbin,8: wind turbin,
8,wind turbin,8: wind turbin,
8,wind turbin,8: wind turbin,
8,wind turbin,8: wind turbin,
8,wind turbin,8: wind turbin,
8,wind turbin,8: wind turbin,
8,wind turbin,8: wind turbin,
8,wind turbin,8: wind turbin,
8,wind turbin,8: wind turbin,
8,wind turbin,8: wind turbin,
8,wind turbin,8: wind turbin,
8,wind turbin,8: wind turbin,
8,wind turbin,8: wind turbin,
8,wind turbin,8: wind turbin,
8,wind turbin,8: wind turbin,
8,wind turbin,8: wind turbin,
8,wind turbin,8: wind turbin,
8,wind turbin,8: wind turbin,
8,wind turbin,8: wind turbin,
8,wind turbin,8: wind turbin,
8,wind turbin,8: wind turbin,
3,offshor wind,3: offshor wind,
3,offshor wind,3: offshor wind,
3,offshor wind,3: offshor wind,
3,offshor wind,3: offshor wind,
3,offshor wind,3: offshor wind,
3,offshor wind,3: offshor wind,
3,offshor wind,3: offshor wind,
3,offshor wind,3: offshor wind,
3,offshor wind,3: offshor wind,
3,offshor wind,3: offshor wind,
3,offshor wind,3: offshor wind,
3,offshor wind,3: offshor wind,
3,offshor wind,3: offshor wind,
3,offshor wind,3: offshor wind,
3,offshor wind,3: offshor wind,
3,offshor wind,3: offshor wind,
3,offshor wind,3: offshor wind,
3,offshor wind,3: offshor wind,
3,offshor wind,3: offshor wind,
3,offshor wind,3: offshor wind,
3,offshor wind,3: offshor wind,
3,offshor wind,3: offshor wind,
3,offshor wind,3: offshor wind,
3,offshor wind,3: offshor wind,
3,offshor wind,3: offshor wind,
3,offshor wind,3: offshor wind,
3,offshor wind,3: offshor wind,
3,offshor wind,3: offshor wind,
3,offshor wind,3: offshor wind,
3,offshor wind,3: offshor wind,
3,offshor wind,3: offshor wind,
3,offshor wind,3: offshor wind,
3,offshor wind,3: offshor wind,
3,offshor wind,3: offshor wind,
3,offshor wind,3: offshor wind,
3,offshor wind,3: offshor wind,
3,offshor wind,3: offshor wind,
3,offshor wind,3: offshor wind,
3,offshor wind,3: offshor wind,
3,offshor wind,3: offshor wind,
3,offshor wind,3: offshor wind,
3,offshor wind,3: offshor wind,
3,offshor wind,3: offshor wind,
3,offshor wind,3: offshor wind,
3,offshor wind,3: offshor wind,
3,offshor wind,3: offshor wind,
3,offshor wind,3: offshor wind,
3,offshor wind,3: offshor wind,
3,offshor wind,3: offshor wind,
3,offshor wind,3: offshor wind,
3,offshor wind,3: offshor wind,
3,offshor wind,3: offshor wind,
3,offshor wind,3: offshor wind,
3,offshor wind,3: offshor wind,
3,offshor wind,3: offshor wind,
3,offshor wind,3: offshor wind,
3,offshor wind,3: offshor wind,
3,offshor wind,3: offshor wind,
3,offshor wind,3: offshor wind,
3,offshor wind,3: offshor wind,
3,offshor wind,3: offshor wind,
3,offshor wind,3: offshor wind,
3,offshor wind,3: offshor wind,
3,offshor wind,3: offshor wind,
3,offshor wind,3: offshor wind,
3,offshor wind,3: offshor wind,
3,offshor wind,3: offshor wind,
3,offshor wind,3: offshor wind,
3,offshor wind,3: offshor wind,
3,offshor wind,3: offshor wind,
3,offshor wind,3: offshor wind,
3,offshor wind,3: offshor wind,
3,offshor wind,3: offshor wind,
3,offshor wind,3: offshor wind,
3,offshor wind,3: offshor wind,
3,offshor wind,3: offshor wind,
3,offshor wind,3: offshor wind,
3,offshor wind,3: offshor wind,
3,offshor wind,3: offshor wind,
3,offshor wind,3: offshor wind,
3,offshor wind,3: offshor wind,
3,offshor wind,3: offshor wind,
3,offshor wind,3: offshor wind,
3,offshor wind,3: offshor wind,
3,offshor wind,3: offshor wind,
3,offshor wind,3: offshor wind,
3,offshor wind,3: offshor wind,
3,offshor wind,3: offshor wind,
3,offshor wind,3: offshor wind,
3,offshor wind,3: offshor wind,
3,offshor wind,3: offshor wind,
3,offshor wind,3: offshor wind,
3,offshor wind,3: offshor wind,
3,offshor wind,3: offshor wind,
3,offshor wind,3: offshor wind,
3,offshor wind,3: offshor wind,
3,offshor wind,3: offshor wind,
3,offshor wind,3: offshor wind,
3,offshor wind,3: offshor wind,
3,offshor wind,3: offshor wind,
3,offshor wind,3: offshor wind,
3,offshor wind,3: offshor wind,
3,offshor wind,3: offshor wind,
3,offshor wind,3: offshor wind,
3,offshor wind,3: offshor wind,
3,offshor wind,3: offshor wind,
3,offshor wind,3: offshor wind,
3,offshor wind,3: offshor wind,
3,offshor wind,3: offshor wind,
3,offshor wind,3: offshor wind,
3,offshor wind,3: offshor wind,
3,offshor wind,3: offshor wind,
3,offshor wind,3: offshor wind,
3,offshor wind,3: offshor wind,
3,offshor wind,3: offshor wind,
3,offshor wind,3: offshor wind,
3,offshor wind,3: offshor wind,
3,offshor wind,3: offshor wind,
3,offshor wind,3: offshor wind,
3,offshor wind,3: offshor wind,
3,offshor wind,3: offshor wind,
3,offshor wind,3: offshor wind,
3,offshor wind,3: offshor wind,
3,offshor wind,3: offshor wind,
3,offshor wind,3: offshor wind,
3,offshor wind,3: offshor wind,
3,offshor wind,3: offshor wind,
3,offshor wind,3: offshor wind,
3,offshor wind,3: offshor wind,
3,offshor wind,3: offshor wind,
3,offshor wind,3: offshor wind,
3,offshor wind,3: offshor wind,
3,offshor wind,3: offshor wind,
3,offshor wind,3: offshor wind,
3,offshor wind,3: offshor wind,
3,offshor wind,3: offshor wind,
3,offshor wind,3: offshor wind,
3,offshor wind,3: offshor wind,
3,offshor wind,3: offshor wind,
3,offshor wind,3: offshor wind,
3,offshor wind,3: offshor wind,
3,offshor wind,3: offshor wind,
3,offshor wind,3: offshor wind,
3,offshor wind,3: offshor wind,
3,offshor wind,3: offshor wind,
3,offshor wind,3: offshor wind,
3,offshor wind,3: offshor wind,
3,offshor wind,3: offshor wind,
3,offshor wind,3: offshor wind,
3,offshor wind,3: offshor wind,
3,offshor wind,3: offshor wind,
3,offshor wind,3: offshor wind,
3,offshor wind,3: offshor wind,
3,offshor wind,3: offshor wind,
3,offshor wind,3: offshor wind,
3,offshor wind,3: offshor wind,
3,offshor wind,3: offshor wind,
3,offshor wind,3: offshor wind,
3,offshor wind,3: offshor wind,
3,offshor wind,3: offshor wind,
3,offshor wind,3: offshor wind,
3,offshor wind,3: offshor wind,
3,offshor wind,3: offshor wind,
3,offshor wind,3: offshor wind,
3,offshor wind,3: offshor wind,
3,offshor wind,3: offshor wind,
3,offshor wind,3: offshor wind,
3,offshor wind,3: offshor wind,
3,offshor wind,3: offshor wind,
3,offshor wind,3: offshor wind,
3,offshor wind,3: offshor wind,
3,offshor wind,3: offshor wind,
3,offshor wind,3: offshor wind,
3,offshor wind,3: offshor wind,
3,offshor wind,3: offshor wind,
3,offshor wind,3: offshor wind,
3,offshor wind,3: offshor wind,
3,offshor wind,3: offshor wind,
3,offshor wind,3: offshor wind,
3,offshor wind,3: offshor wind,
3,offshor wind,3: offshor wind,
3,offshor wind,3: offshor wind,
3,offshor wind,3: offshor wind,
3,offshor wind,3: offshor wind,
3,offshor wind,3: offshor wind,
3,offshor wind,3: offshor wind,
3,offshor wind,3: offshor wind,
3,offshor wind,3: offshor wind,
3,offshor wind,3: offshor wind,
3,offshor wind,3: offshor wind,
3,offshor wind,3: offshor wind,
3,offshor wind,3: offshor wind,
3,offshor wind,3: offshor wind,
3,offshor wind,3: offshor wind,
3,offshor wind,3: offshor wind,
3,offshor wind,3: offshor wind,
3,offshor wind,3: offshor wind,
3,offshor wind,3: offshor wind,
3,offshor wind,3: offshor wind,
3,offshor wind,3: offshor wind,
3,offshor wind,3: offshor wind,
3,offshor wind,3: offshor wind,
3,offshor wind,3: offshor wind,
3,offshor wind,3: offshor wind,
3,offshor wind,3: offshor wind,
3,offshor wind,3: offshor wind,
3,offshor wind,3: offshor wind,
3,offshor wind,3: offshor wind,
3,offshor wind,3: offshor wind,
3,offshor wind,3: offshor wind,
3,offshor wind,3: offshor wind,
3,offshor wind,3: offshor wind,
3,offshor wind,3: offshor wind,
3,offshor wind,3: offshor wind,
3,offshor wind,3: offshor wind,
3,offshor wind,3: offshor wind,
3,offshor wind,3: offshor wind,
3,offshor wind,3: offshor wind,
3,offshor wind,3: offshor wind,
3,offshor wind,3: offshor wind,
3,offshor wind,3: offshor wind,
3,offshor wind,3: offshor wind,
3,offshor wind,3: offshor wind,
3,offshor wind,3: offshor wind,
3,offshor wind,3: offshor wind,
3,offshor wind,3: offshor wind,
0,energi island,0: energi island,
0,energi island,0: energi island,
0,energi island,0: energi island,
0,energi island,0: energi island,
0,energi island,0: energi island,
0,energi island,0: energi island,
0,energi island,0: energi island,
0,energi island,0: energi island,
0,energi island,0: energi island,
0,energi island,0: energi island,
0,energi island,0: energi island,
0,energi island,0: energi island,
0,energi island,0: energi island,
0,energi island,0: energi island,
0,energi island,0: energi island,
0,energi island,0: energi island,
0,energi island,0: energi island,
0,energi island,0: energi island,
0,energi island,0: energi island,
0,energi island,0: energi island,
0,energi island,0: energi island,
0,energi island,0: energi island,
0,energi island,0: energi island,
0,energi island,0: energi island,
0,energi island,0: energi island,
0,energi island,0: energi island,
0,energi island,0: energi island,
0,energi island,0: energi island,
0,energi island,0: energi island,
0,energi island,0: energi island,
0,energi island,0: energi island,
0,energi island,0: energi island,
0,energi island,0: energi island,
0,energi island,0: energi island,
0,energi island,0: energi island,
0,energi island,0: energi island,
0,energi island,0: energi island,
0,energi island,0: energi island,
0,energi island,0: energi island,
0,energi island,0: energi island,
0,energi island,0: energi island,
0,energi island,0: energi island,
0,energi island,0: energi island,
0,energi island,0: energi island,
0,energi island,0: energi island,
0,energi island,0: energi island,
0,energi island,0: energi island,
0,energi island,0: energi island,
0,energi island,0: energi island,
0,energi island,0: energi island,
0,energi island,0: energi island,
0,energi island,0: energi island,
0,energi island,0: energi island,
0,energi island,0: energi island,
0,energi island,0: energi island,
0,energi island,0: energi island,
0,energi island,0: energi island,
0,energi island,0: energi island,
0,energi island,0: energi island,
0,energi island,0: energi island,
0,energi island,0: energi island,
0,energi island,0: energi island,
0,energi island,0: energi island,
0,energi island,0: energi island,
0,energi island,0: energi island,
0,energi island,0: energi island,
0,energi island,0: energi island,
0,energi island,0: energi island,
0,energi island,0: energi island,
0,energi island,0: energi island,
0,energi island,0: energi island,
0,energi island,0: energi island,
0,energi island,0: energi island,
0,energi island,0: energi island,
0,energi island,0: energi island,
0,energi island,0: energi island,
0,energi island,0: energi island,
0,energi island,0: energi island,
0,energi island,0: energi island,
0,energi island,0: energi island,
0,energi island,0: energi island,
0,energi island,0: energi island,
0,energi island,0: energi island,
0,energi island,0: energi island,
0,energi island,0: energi island,
0,energi island,0: energi island,
0,energi island,0: energi island,
0,energi island,0: energi island,
0,energi island,0: energi island,
0,energi island,0: energi island,
0,energi island,0: energi island,
0,energi island,0: energi island,
0,energi island,0: energi island,
0,energi island,0: energi island,
0,energi island,0: energi island,
0,energi island,0: energi island,
0,energi island,0: energi island,
0,energi island,0: energi island,
0,energi island,0: energi island,
0,energi island,0: energi island,
0,energi island,0: energi island,
0,energi island,0: energi island,
0,energi island,0: energi island,
0,energi island,0: energi island,
0,energi island,0: energi island,
0,energi island,0: energi island,
0,energi island,0: energi island,
0,energi island,0: energi island,
0,energi island,0: energi island,
0,energi island,0: energi island,
0,energi island,0: energi island,
0,energi island,0: energi island,
0,energi island,0: energi island,
0,energi island,0: energi island,
0,energi island,0: energi island,
0,energi island,0: energi island,
0,energi island,0: energi island,
0,energi island,0: energi island,
0,energi island,0: energi island,
0,energi island,0: energi island,
0,energi island,0: energi island,
0,energi island,0: energi island,
0,energi island,0: energi island,
0,energi island,0: energi island,
0,energi island,0: energi island,
0,energi island,0: energi island,
0,energi island,0: energi island,
0,energi island,0: energi island,
0,energi island,0: energi island,
0,energi island,0: energi island,
0,energi island,0: energi island,
0,energi island,0: energi island,
0,energi island,0: energi island,
0,energi island,0: energi island,
0,energi island,0: energi island,
0,energi island,0: energi island,
0,energi island,0: energi island,
0,energi island,0: energi island,
0,energi island,0: energi island,
0,energi island,0: energi island,
0,energi island,0: energi island,
0,energi island,0: energi island,
0,energi island,0: energi island,
0,energi island,0: energi island,
0,energi island,0: energi island,
0,energi island,0: energi island,
0,energi island,0: energi island,
0,energi island,0: energi island,
0,energi island,0: energi island,
0,energi island,0: energi island,
0,energi island,0: energi island,
0,energi island,0: energi island,
0,energi island,0: energi island,
0,energi island,0: energi island,
0,energi island,0: energi island,
0,energi island,0: energi island,
0,energi island,0: energi island,
3,offshor wind,3: offshor wind,
3,offshor wind,3: offshor wind,
3,offshor wind,3: offshor wind,
3,offshor wind,3: offshor wind,
3,offshor wind,3: offshor wind,
3,offshor wind,3: offshor wind,
3,offshor wind,3: offshor wind,
3,offshor wind,3: offshor wind,
3,offshor wind,3: offshor wind,
3,offshor wind,3: offshor wind,
3,offshor wind,3: offshor wind,
3,offshor wind,3: offshor wind,
3,offshor wind,3: offshor wind,
3,offshor wind,3: offshor wind,
3,offshor wind,3: offshor wind,
3,offshor wind,3: offshor wind,
3,offshor wind,3: offshor wind,
3,offshor wind,3: offshor wind,
3,offshor wind,3: offshor wind,
3,offshor wind,3: offshor wind,
3,offshor wind,3: offshor wind,
3,offshor wind,3: offshor wind,
3,offshor wind,3: offshor wind,
3,offshor wind,3: offshor wind,
3,offshor wind,3: offshor wind,
3,offshor wind,3: offshor wind,
3,offshor wind,3: offshor wind,
3,offshor wind,3: offshor wind,
3,offshor wind,3: offshor wind,
3,offshor wind,3: offshor wind,
3,offshor wind,3: offshor wind,
3,offshor wind,3: offshor wind,
3,offshor wind,3: offshor wind,
3,offshor wind,3: offshor wind,
3,offshor wind,3: offshor wind,
3,offshor wind,3: offshor wind,
3,offshor wind,3: offshor wind,
3,offshor wind,3: offshor wind,
3,offshor wind,3: offshor wind,
3,offshor wind,3: offshor wind,
3,offshor wind,3: offshor wind,
3,offshor wind,3: offshor wind,
3,offshor wind,3: offshor wind,
3,offshor wind,3: offshor wind,
3,offshor wind,3: offshor wind,
3,offshor wind,3: offshor wind,
3,offshor wind,3: offshor wind,
3,offshor wind,3: offshor wind,
3,offshor wind,3: offshor wind,
3,offshor wind,3: offshor wind,
3,offshor wind,3: offshor wind,
3,offshor wind,3: offshor wind,
3,offshor wind,3: offshor wind,
3,offshor wind,3: offshor wind,
3,offshor wind,3: offshor wind,
3,offshor wind,3: offshor wind,
3,offshor wind,3: offshor wind,
3,offshor wind,3: offshor wind,
3,offshor wind,3: offshor wind,
3,offshor wind,3: offshor wind,
3,offshor wind,3: offshor wind,
3,offshor wind,3: offshor wind,
3,offshor wind,3: offshor wind,
3,offshor wind,3: offshor wind,
3,offshor wind,3: offshor wind,
3,offshor wind,3: offshor wind,
3,offshor wind,3: offshor wind,
3,offshor wind,3: offshor wind,
3,offshor wind,3: offshor wind,
3,offshor wind,3: offshor wind,
3,offshor wind,3: offshor wind,
3,offshor wind,3: offshor wind,
3,offshor wind,3: offshor wind,
3,offshor wind,3: offshor wind,
3,offshor wind,3: offshor wind,
3,offshor wind,3: offshor wind,
3,offshor wind,3: offshor wind,
3,offshor wind,3: offshor wind,
3,offshor wind,3: offshor wind,
3,offshor wind,3: offshor wind,
3,offshor wind,3: offshor wind,
3,offshor wind,3: offshor wind,
3,offshor wind,3: offshor wind,
3,offshor wind,3: offshor wind,
3,offshor wind,3: offshor wind,
3,offshor wind,3: offshor wind,
3,offshor wind,3: offshor wind,
3,offshor wind,3: offshor wind,
3,offshor wind,3: offshor wind,
3,offshor wind,3: offshor wind,
3,offshor wind,3: offshor wind,
3,offshor wind,3: offshor wind,
3,offshor wind,3: offshor wind,
3,offshor wind,3: offshor wind,
3,offshor wind,3: offshor wind,
3,offshor wind,3: offshor wind,
3,offshor wind,3: offshor wind,
3,offshor wind,3: offshor wind,
3,offshor wind,3: offshor wind,
3,offshor wind,3: offshor wind,
3,offshor wind,3: offshor wind,
3,offshor wind,3: offshor wind,
3,offshor wind,3: offshor wind,
3,offshor wind,3: offshor wind,
3,offshor wind,3: offshor wind,
3,offshor wind,3: offshor wind,
3,offshor wind,3: offshor wind,
3,offshor wind,3: offshor wind,
3,offshor wind,3: offshor wind,
3,offshor wind,3: offshor wind,
3,offshor wind,3: offshor wind,
3,offshor wind,3: offshor wind,
3,offshor wind,3: offshor wind,
5,offshor grid,5: offshor grid,
5,offshor grid,5: offshor grid,
5,offshor grid,5: offshor grid,
5,offshor grid,5: offshor grid,
5,offshor grid,5: offshor grid,
5,offshor grid,5: offshor grid,
5,offshor grid,5: offshor grid,
5,offshor grid,5: offshor grid,
5,offshor grid,5: offshor grid,
5,offshor grid,5: offshor grid,
5,offshor grid,5: offshor grid,
5,offshor grid,5: offshor grid,
5,offshor grid,5: offshor grid,
5,offshor grid,5: offshor grid,
5,offshor grid,5: offshor grid,
5,offshor grid,5: offshor grid,
5,offshor grid,5: offshor grid,
5,offshor grid,5: offshor grid,
5,offshor grid,5: offshor grid,
5,offshor grid,5: offshor grid,
5,offshor grid,5: offshor grid,
5,offshor grid,5: offshor grid,
5,offshor grid,5: offshor grid,
5,offshor grid,5: offshor grid,
5,offshor grid,5: offshor grid,
5,offshor grid,5: offshor grid,
5,offshor grid,5: offshor grid,
5,offshor grid,5: offshor grid,
5,offshor grid,5: offshor grid,
5,offshor grid,5: offshor grid,
5,offshor grid,5: offshor grid,
5,offshor grid,5: offshor grid,
5,offshor grid,5: offshor grid,
5,offshor grid,5: offshor grid,
5,offshor grid,5: offshor grid,
5,offshor grid,5: offshor grid,
5,offshor grid,5: offshor grid,
5,offshor grid,5: offshor grid,
5,offshor grid,5: offshor grid,
5,offshor grid,5: offshor grid,
5,offshor grid,5: offshor grid,
5,offshor grid,5: offshor grid,
5,offshor grid,5: offshor grid,
5,offshor grid,5: offshor grid,
5,offshor grid,5: offshor grid,
5,offshor grid,5: offshor grid,
5,offshor grid,5: offshor grid,
5,offshor grid,5: offshor grid,
5,offshor grid,5: offshor grid,
5,offshor grid,5: offshor grid,
5,offshor grid,5: offshor grid,
5,offshor grid,5: offshor grid,
5,offshor grid,5: offshor grid,
5,offshor grid,5: offshor grid,
5,offshor grid,5: offshor grid,
5,offshor grid,5: offshor grid,
5,offshor grid,5: offshor grid,
5,offshor grid,5: offshor grid,
5,offshor grid,5: offshor grid,
5,offshor grid,5: offshor grid,
5,offshor grid,5: offshor grid,
5,offshor grid,5: offshor grid,
5,offshor grid,5: offshor grid,
5,offshor grid,5: offshor grid,
5,offshor grid,5: offshor grid,
5,offshor grid,5: offshor grid,
5,offshor grid,5: offshor grid,
5,offshor grid,5: offshor grid,
5,offshor grid,5: offshor grid,
5,offshor grid,5: offshor grid,
5,offshor grid,5: offshor grid,
5,offshor grid,5: offshor grid,
5,offshor grid,5: offshor grid,
5,offshor grid,5: offshor grid,
5,offshor grid,5: offshor grid,
5,offshor grid,5: offshor grid,
5,offshor grid,5: offshor grid,
5,offshor grid,5: offshor grid,
5,offshor grid,5: offshor grid,
5,offshor grid,5: offshor grid,
5,offshor grid,5: offshor grid,
5,offshor grid,5: offshor grid,
5,offshor grid,5: offshor grid,
5,offshor grid,5: offshor grid,
5,offshor grid,5: offshor grid,
5,offshor grid,5: offshor grid,
5,offshor grid,5: offshor grid,
5,offshor grid,5: offshor grid,
5,offshor grid,5: offshor grid,
5,offshor grid,5: offshor grid,
5,offshor grid,5: offshor grid,
5,offshor grid,5: offshor grid,
5,offshor grid,5: offshor grid,
5,offshor grid,5: offshor grid,
5,offshor grid,5: offshor grid,
5,offshor grid,5: offshor grid,
5,offshor grid,5: offshor grid,
5,offshor grid,5: offshor grid,
5,offshor grid,5: offshor grid,
5,offshor grid,5: offshor grid,
5,offshor grid,5: offshor grid,
5,offshor grid,5: offshor grid,
5,offshor grid,5: offshor grid,
5,offshor grid,5: offshor grid,
5,offshor grid,5: offshor grid,
5,offshor grid,5: offshor grid,
5,offshor grid,5: offshor grid,
5,offshor grid,5: offshor grid,
5,offshor grid,5: offshor grid,
5,offshor grid,5: offshor grid,
5,offshor grid,5: offshor grid,
5,offshor grid,5: offshor grid,
5,offshor grid,5: offshor grid,
5,offshor grid,5: offshor grid,
5,offshor grid,5: offshor grid,
5,offshor grid,5: offshor grid,
5,offshor grid,5: offshor grid,
5,offshor grid,5: offshor grid,
5,offshor grid,5: offshor grid,
5,offshor grid,5: offshor grid,
5,offshor grid,5: offshor grid,
5,offshor grid,5: offshor grid,
5,offshor grid,5: offshor grid,
5,offshor grid,5: offshor grid,
5,offshor grid,5: offshor grid,
5,offshor grid,5: offshor grid,
5,offshor grid,5: offshor grid,
5,offshor grid,5: offshor grid,
5,offshor grid,5: offshor grid,
5,offshor grid,5: offshor grid,
5,offshor grid,5: offshor grid,
5,offshor grid,5: offshor grid,
5,offshor grid,5: offshor grid,
5,offshor grid,5: offshor grid,
5,offshor grid,5: offshor grid,
5,offshor grid,5: offshor grid,
5,offshor grid,5: offshor grid,
5,offshor grid,5: offshor grid,
5,offshor grid,5: offshor grid,
5,offshor grid,5: offshor grid,
5,offshor grid,5: offshor grid,
5,offshor grid,5: offshor grid,
5,offshor grid,5: offshor grid,
5,offshor grid,5: offshor grid,
5,offshor grid,5: offshor grid,
5,offshor grid,5: offshor grid,
5,offshor grid,5: offshor grid,
5,offshor grid,5: offshor grid,
5,offshor grid,5: offshor grid,
5,offshor grid,5: offshor grid,
5,offshor grid,5: offshor grid,
5,offshor grid,5: offshor grid,
5,offshor grid,5: offshor grid,
5,offshor grid,5: offshor grid,
5,offshor grid,5: offshor grid,
5,offshor grid,5: offshor grid,
5,offshor grid,5: offshor grid,
5,offshor grid,5: offshor grid,
5,offshor grid,5: offshor grid,
5,offshor grid,5: offshor grid,
5,offshor grid,5: offshor grid,
5,offshor grid,5: offshor grid,
5,offshor grid,5: offshor grid,
5,offshor grid,5: offshor grid,
5,offshor grid,5: offshor grid,
5,offshor grid,5: offshor grid,
5,offshor grid,5: offshor grid,
5,offshor grid,5: offshor grid,
5,offshor grid,5: offshor grid,
5,offshor grid,5: offshor grid,
5,offshor grid,5: offshor grid,
5,offshor grid,5: offshor grid,
5,offshor grid,5: offshor grid,
5,offshor grid,5: offshor grid,
5,offshor grid,5: offshor grid,
3,offshor wind,3: offshor wind,
3,offshor wind,3: offshor wind,
3,offshor wind,3: offshor wind,
3,offshor wind,3: offshor wind,
3,offshor wind,3: offshor wind,
3,offshor wind,3: offshor wind,
3,offshor wind,3: offshor wind,
3,offshor wind,3: offshor wind,
3,offshor wind,3: offshor wind,
3,offshor wind,3: offshor wind,
3,offshor wind,3: offshor wind,
3,offshor wind,3: offshor wind,
3,offshor wind,3: offshor wind,
3,offshor wind,3: offshor wind,
3,offshor wind,3: offshor wind,
3,offshor wind,3: offshor wind,
3,offshor wind,3: offshor wind,
3,offshor wind,3: offshor wind,
3,offshor wind,3: offshor wind,
3,offshor wind,3: offshor wind,
3,offshor wind,3: offshor wind,
3,offshor wind,3: offshor wind,
3,offshor wind,3: offshor wind,
3,offshor wind,3: offshor wind,
3,offshor wind,3: offshor wind,
3,offshor wind,3: offshor wind,
3,offshor wind,3: offshor wind,
3,offshor wind,3: offshor wind,
3,offshor wind,3: offshor wind,
3,offshor wind,3: offshor wind,
3,offshor wind,3: offshor wind,
3,offshor wind,3: offshor wind,
3,offshor wind,3: offshor wind,
3,offshor wind,3: offshor wind,
3,offshor wind,3: offshor wind,
3,offshor wind,3: offshor wind,
3,offshor wind,3: offshor wind,
3,offshor wind,3: offshor wind,
3,offshor wind,3: offshor wind,
3,offshor wind,3: offshor wind,
3,offshor wind,3: offshor wind,
3,offshor wind,3: offshor wind,
3,offshor wind,3: offshor wind,
3,offshor wind,3: offshor wind,
3,offshor wind,3: offshor wind,
3,offshor wind,3: offshor wind,
3,offshor wind,3: offshor wind,
3,offshor wind,3: offshor wind,
3,offshor wind,3: offshor wind,
3,offshor wind,3: offshor wind,
3,offshor wind,3: offshor wind,
3,offshor wind,3: offshor wind,
3,offshor wind,3: offshor wind,
3,offshor wind,3: offshor wind,
3,offshor wind,3: offshor wind,
3,offshor wind,3: offshor wind,
3,offshor wind,3: offshor wind,
3,offshor wind,3: offshor wind,
3,offshor wind,3: offshor wind,
3,offshor wind,3: offshor wind,
3,offshor wind,3: offshor wind,
3,offshor wind,3: offshor wind,
3,offshor wind,3: offshor wind,
3,offshor wind,3: offshor wind,
3,offshor wind,3: offshor wind,
3,offshor wind,3: offshor wind,
3,offshor wind,3: offshor wind,
3,offshor wind,3: offshor wind,
3,offshor wind,3: offshor wind,
3,offshor wind,3: offshor wind,
3,offshor wind,3: offshor wind,
3,offshor wind,3: offshor wind,
3,offshor wind,3: offshor wind,
3,offshor wind,3: offshor wind,
3,offshor wind,3: offshor wind,
3,offshor wind,3: offshor wind,
3,offshor wind,3: offshor wind,
3,offshor wind,3: offshor wind,
3,offshor wind,3: offshor wind,
3,offshor wind,3: offshor wind,
3,offshor wind,3: offshor wind,
3,offshor wind,3: offshor wind,
3,offshor wind,3: offshor wind,
3,offshor wind,3: offshor wind,
3,offshor wind,3: offshor wind,
3,offshor wind,3: offshor wind,
3,offshor wind,3: offshor wind,
3,offshor wind,3: offshor wind,
3,offshor wind,3: offshor wind,
3,offshor wind,3: offshor wind,
3,offshor wind,3: offshor wind,
3,offshor wind,3: offshor wind,
3,offshor wind,3: offshor wind,
3,offshor wind,3: offshor wind,
3,offshor wind,3: offshor wind,
3,offshor wind,3: offshor wind,
3,offshor wind,3: offshor wind,
3,offshor wind,3: offshor wind,
3,offshor wind,3: offshor wind,
3,offshor wind,3: offshor wind,
3,offshor wind,3: offshor wind,
3,offshor wind,3: offshor wind,
3,offshor wind,3: offshor wind,
3,offshor wind,3: offshor wind,
3,offshor wind,3: offshor wind,
3,offshor wind,3: offshor wind,
3,offshor wind,3: offshor wind,
3,offshor wind,3: offshor wind,
3,offshor wind,3: offshor wind,
3,offshor wind,3: offshor wind,
3,offshor wind,3: offshor wind,
3,offshor wind,3: offshor wind,
3,offshor wind,3: offshor wind,
4,baltic sea,4: baltic sea,
4,baltic sea,4: baltic sea,
4,baltic sea,4: baltic sea,
4,baltic sea,4: baltic sea,
4,baltic sea,4: baltic sea,
4,baltic sea,4: baltic sea,
4,baltic sea,4: baltic sea,
4,baltic sea,4: baltic sea,
4,baltic sea,4: baltic sea,
4,baltic sea,4: baltic sea,
4,baltic sea,4: baltic sea,
4,baltic sea,4: baltic sea,
4,baltic sea,4: baltic sea,
4,baltic sea,4: baltic sea,
4,baltic sea,4: baltic sea,
4,baltic sea,4: baltic sea,
4,baltic sea,4: baltic sea,
4,baltic sea,4: baltic sea,
4,baltic sea,4: baltic sea,
4,baltic sea,4: baltic sea,
4,baltic sea,4: baltic sea,
4,baltic sea,4: baltic sea,
4,baltic sea,4: baltic sea,
4,baltic sea,4: baltic sea,
4,baltic sea,4: baltic sea,
4,baltic sea,4: baltic sea,
4,baltic sea,4: baltic sea,
4,baltic sea,4: baltic sea,
4,baltic sea,4: baltic sea,
4,baltic sea,4: baltic sea,
4,baltic sea,4: baltic sea,
4,baltic sea,4: baltic sea,
4,baltic sea,4: baltic sea,
4,baltic sea,4: baltic sea,
4,baltic sea,4: baltic sea,
4,baltic sea,4: baltic sea,
4,baltic sea,4: baltic sea,
4,baltic sea,4: baltic sea,
4,baltic sea,4: baltic sea,
4,baltic sea,4: baltic sea,
4,baltic sea,4: baltic sea,
4,baltic sea,4: baltic sea,
4,baltic sea,4: baltic sea,
4,baltic sea,4: baltic sea,
4,baltic sea,4: baltic sea,
4,baltic sea,4: baltic sea,
4,baltic sea,4: baltic sea,
4,baltic sea,4: baltic sea,
4,baltic sea,4: baltic sea,
4,baltic sea,4: baltic sea,
4,baltic sea,4: baltic sea,
4,baltic sea,4: baltic sea,
4,baltic sea,4: baltic sea,
4,baltic sea,4: baltic sea,
4,baltic sea,4: baltic sea,
4,baltic sea,4: baltic sea,
4,baltic sea,4: baltic sea,
4,baltic sea,4: baltic sea,
4,baltic sea,4: baltic sea,
4,baltic sea,4: baltic sea,
4,baltic sea,4: baltic sea,
4,baltic sea,4: baltic sea,
4,baltic sea,4: baltic sea,
4,baltic sea,4: baltic sea,
4,baltic sea,4: baltic sea,
4,baltic sea,4: baltic sea,
4,baltic sea,4: baltic sea,
4,baltic sea,4: baltic sea,
4,baltic sea,4: baltic sea,
4,baltic sea,4: baltic sea,
4,baltic sea,4: baltic sea,
4,baltic sea,4: baltic sea,
4,baltic sea,4: baltic sea,
4,baltic sea,4: baltic sea,
4,baltic sea,4: baltic sea,
4,baltic sea,4: baltic sea,
4,baltic sea,4: baltic sea,
4,baltic sea,4: baltic sea,
4,baltic sea,4: baltic sea,
4,baltic sea,4: baltic sea,
4,baltic sea,4: baltic sea,
4,baltic sea,4: baltic sea,
4,baltic sea,4: baltic sea,
4,baltic sea,4: baltic sea,
4,baltic sea,4: baltic sea,
4,baltic sea,4: baltic sea,
4,baltic sea,4: baltic sea,
4,baltic sea,4: baltic sea,
4,baltic sea,4: baltic sea,
4,baltic sea,4: baltic sea,
4,baltic sea,4: baltic sea,
4,baltic sea,4: baltic sea,
4,baltic sea,4: baltic sea,
4,baltic sea,4: baltic sea,
4,baltic sea,4: baltic sea,
4,baltic sea,4: baltic sea,
4,baltic sea,4: baltic sea,
4,baltic sea,4: baltic sea,
4,baltic sea,4: baltic sea,
4,baltic sea,4: baltic sea,
4,baltic sea,4: baltic sea,
4,baltic sea,4: baltic sea,
4,baltic sea,4: baltic sea,
4,baltic sea,4: baltic sea,
4,baltic sea,4: baltic sea,
4,baltic sea,4: baltic sea,
4,baltic sea,4: baltic sea,
4,baltic sea,4: baltic sea,
4,baltic sea,4: baltic sea,
4,baltic sea,4: baltic sea,
4,baltic sea,4: baltic sea,
4,baltic sea,4: baltic sea,
4,baltic sea,4: baltic sea,
4,baltic sea,4: baltic sea,
4,baltic sea,4: baltic sea,
4,baltic sea,4: baltic sea,
4,baltic sea,4: baltic sea,
4,baltic sea,4: baltic sea,
4,baltic sea,4: baltic sea,
4,baltic sea,4: baltic sea,
4,baltic sea,4: baltic sea,
4,baltic sea,4: baltic sea,
4,baltic sea,4: baltic sea,
4,baltic sea,4: baltic sea,
4,baltic sea,4: baltic sea,
4,baltic sea,4: baltic sea,
4,baltic sea,4: baltic sea,
4,baltic sea,4: baltic sea,
4,baltic sea,4: baltic sea,
4,baltic sea,4: baltic sea,
4,baltic sea,4: baltic sea,
4,baltic sea,4: baltic sea,
4,baltic sea,4: baltic sea,
4,baltic sea,4: baltic sea,
4,baltic sea,4: baltic sea,
4,baltic sea,4: baltic sea,
4,baltic sea,4: baltic sea,
4,baltic sea,4: baltic sea,
0,energi island,0: energi island,
0,energi island,0: energi island,
0,energi island,0: energi island,
0,energi island,0: energi island,
0,energi island,0: energi island,
0,energi island,0: energi island,
0,energi island,0: energi island,
0,energi island,0: energi island,
0,energi island,0: energi island,
0,energi island,0: energi island,
0,energi island,0: energi island,
0,energi island,0: energi island,
0,energi island,0: energi island,
0,energi island,0: energi island,
0,energi island,0: energi island,
0,energi island,0: energi island,
0,energi island,0: energi island,
0,energi island,0: energi island,
0,energi island,0: energi island,
0,energi island,0: energi island,
0,energi island,0: energi island,
0,energi island,0: energi island,
0,energi island,0: energi island,
0,energi island,0: energi island,
0,energi island,0: energi island,
0,energi island,0: energi island,
0,energi island,0: energi island,
0,energi island,0: energi island,
0,energi island,0: energi island,
0,energi island,0: energi island,
0,energi island,0: energi island,
0,energi island,0: energi island,
0,energi island,0: energi island,
0,energi island,0: energi island,
0,energi island,0: energi island,
0,energi island,0: energi island,
0,energi island,0: energi island,
0,energi island,0: energi island,
0,energi island,0: energi island,
0,energi island,0: energi island,
0,energi island,0: energi island,
0,energi island,0: energi island,
0,energi island,0: energi island,
0,energi island,0: energi island,
0,energi island,0: energi island,
0,energi island,0: energi island,
0,energi island,0: energi island,
0,energi island,0: energi island,
0,energi island,0: energi island,
0,energi island,0: energi island,
0,energi island,0: energi island,
0,energi island,0: energi island,
0,energi island,0: energi island,
0,energi island,0: energi island,
0,energi island,0: energi island,
0,energi island,0: energi island,
0,energi island,0: energi island,
0,energi island,0: energi island,
0,energi island,0: energi island,
0,energi island,0: energi island,
0,energi island,0: energi island,
0,energi island,0: energi island,
0,energi island,0: energi island,
0,energi island,0: energi island,
0,energi island,0: energi island,
0,energi island,0: energi island,
0,energi island,0: energi island,
0,energi island,0: energi island,
0,energi island,0: energi island,
0,energi island,0: energi island,
0,energi island,0: energi island,
0,energi island,0: energi island,
0,energi island,0: energi island,
0,energi island,0: energi island,
0,energi island,0: energi island,
0,energi island,0: energi island,
0,energi island,0: energi island,
0,energi island,0: energi island,
0,energi island,0: energi island,
0,energi island,0: energi island,
0,energi island,0: energi island,
0,energi island,0: energi island,
0,energi island,0: energi island,
0,energi island,0: energi island,
0,energi island,0: energi island,
0,energi island,0: energi island,
0,energi island,0: energi island,
0,energi island,0: energi island,
0,energi island,0: energi island,
0,energi island,0: energi island,
0,energi island,0: energi island,
0,energi island,0: energi island,
0,energi island,0: energi island,
0,energi island,0: energi island,
0,energi island,0: energi island,
0,energi island,0: energi island,
0,energi island,0: energi island,
0,energi island,0: energi island,
0,energi island,0: energi island,
0,energi island,0: energi island,
0,energi island,0: energi island,
0,energi island,0: energi island,
0,energi island,0: energi island,
0,energi island,0: energi island,
0,energi island,0: energi island,
0,energi island,0: energi island,
0,energi island,0: energi island,
0,energi island,0: energi island,
0,energi island,0: energi island,
0,energi island,0: energi island,
0,energi island,0: energi island,
0,energi island,0: energi island,
0,energi island,0: energi island,
0,energi island,0: energi island,
0,energi island,0: energi island,
0,energi island,0: energi island,
0,energi island,0: energi island,
0,energi island,0: energi island,
0,energi island,0: energi island,
0,energi island,0: energi island,
0,energi island,0: energi island,
0,energi island,0: energi island,
0,energi island,0: energi island,
0,energi island,0: energi island,
0,energi island,0: energi island,
0,energi island,0: energi island,
0,energi island,0: energi island,
0,energi island,0: energi island,
0,energi island,0: energi island,
0,energi island,0: energi island,
0,energi island,0: energi island,
0,energi island,0: energi island,
0,energi island,0: energi island,
0,energi island,0: energi island,
0,energi island,0: energi island,
0,energi island,0: energi island,
0,energi island,0: energi island,
0,energi island,0: energi island,
0,energi island,0: energi island,
0,energi island,0: energi island,
0,energi island,0: energi island,
0,energi island,0: energi island,
0,energi island,0: energi island,
0,energi island,0: energi island,
0,energi island,0: energi island,
0,energi island,0: energi island,
0,energi island,0: energi island,
0,energi island,0: energi island,
0,energi island,0: energi island,
0,energi island,0: energi island,
0,energi island,0: energi island,
0,energi island,0: energi island,
0,energi island,0: energi island,
0,energi island,0: energi island,
0,energi island,0: energi island,
0,energi island,0: energi island,
0,energi island,0: energi island,
4,baltic sea,4: baltic sea,
4,baltic sea,4: baltic sea,
4,baltic sea,4: baltic sea,
4,baltic sea,4: baltic sea,
4,baltic sea,4: baltic sea,
4,baltic sea,4: baltic sea,
4,baltic sea,4: baltic sea,
4,baltic sea,4: baltic sea,
4,baltic sea,4: baltic sea,
4,baltic sea,4: baltic sea,
4,baltic sea,4: baltic sea,
4,baltic sea,4: baltic sea,
4,baltic sea,4: baltic sea,
4,baltic sea,4: baltic sea,
4,baltic sea,4: baltic sea,
4,baltic sea,4: baltic sea,
4,baltic sea,4: baltic sea,
4,baltic sea,4: baltic sea,
4,baltic sea,4: baltic sea,
4,baltic sea,4: baltic sea,
4,baltic sea,4: baltic sea,
4,baltic sea,4: baltic sea,
4,baltic sea,4: baltic sea,
4,baltic sea,4: baltic sea,
4,baltic sea,4: baltic sea,
4,baltic sea,4: baltic sea,
4,baltic sea,4: baltic sea,
4,baltic sea,4: baltic sea,
4,baltic sea,4: baltic sea,
4,baltic sea,4: baltic sea,
4,baltic sea,4: baltic sea,
4,baltic sea,4: baltic sea,
4,baltic sea,4: baltic sea,
4,baltic sea,4: baltic sea,
4,baltic sea,4: baltic sea,
4,baltic sea,4: baltic sea,
4,baltic sea,4: baltic sea,
4,baltic sea,4: baltic sea,
4,baltic sea,4: baltic sea,
4,baltic sea,4: baltic sea,
4,baltic sea,4: baltic sea,
4,baltic sea,4: baltic sea,
4,baltic sea,4: baltic sea,
4,baltic sea,4: baltic sea,
4,baltic sea,4: baltic sea,
4,baltic sea,4: baltic sea,
4,baltic sea,4: baltic sea,
4,baltic sea,4: baltic sea,
4,baltic sea,4: baltic sea,
4,baltic sea,4: baltic sea,
4,baltic sea,4: baltic sea,
4,baltic sea,4: baltic sea,
4,baltic sea,4: baltic sea,
4,baltic sea,4: baltic sea,
4,baltic sea,4: baltic sea,
4,baltic sea,4: baltic sea,
4,baltic sea,4: baltic sea,
4,baltic sea,4: baltic sea,
4,baltic sea,4: baltic sea,
4,baltic sea,4: baltic sea,
4,baltic sea,4: baltic sea,
4,baltic sea,4: baltic sea,
4,baltic sea,4: baltic sea,
4,baltic sea,4: baltic sea,
4,baltic sea,4: baltic sea,
4,baltic sea,4: baltic sea,
4,baltic sea,4: baltic sea,
4,baltic sea,4: baltic sea,
4,baltic sea,4: baltic sea,
4,baltic sea,4: baltic sea,
4,baltic sea,4: baltic sea,
4,baltic sea,4: baltic sea,
4,baltic sea,4: baltic sea,
4,baltic sea,4: baltic sea,
4,baltic sea,4: baltic sea,
4,baltic sea,4: baltic sea,
4,baltic sea,4: baltic sea,
4,baltic sea,4: baltic sea,
4,baltic sea,4: baltic sea,
4,baltic sea,4: baltic sea,
4,baltic sea,4: baltic sea,
4,baltic sea,4: baltic sea,
4,baltic sea,4: baltic sea,
4,baltic sea,4: baltic sea,
4,baltic sea,4: baltic sea,
4,baltic sea,4: baltic sea,
4,baltic sea,4: baltic sea,
4,baltic sea,4: baltic sea,
4,baltic sea,4: baltic sea,
4,baltic sea,4: baltic sea,
4,baltic sea,4: baltic sea,
4,baltic sea,4: baltic sea,
4,baltic sea,4: baltic sea,
4,baltic sea,4: baltic sea,
4,baltic sea,4: baltic sea,
4,baltic sea,4: baltic sea,
4,baltic sea,4: baltic sea,
4,baltic sea,4: baltic sea,
4,baltic sea,4: baltic sea,
4,baltic sea,4: baltic sea,
4,baltic sea,4: baltic sea,
4,baltic sea,4: baltic sea,
4,baltic sea,4: baltic sea,
4,baltic sea,4: baltic sea,
4,baltic sea,4: baltic sea,
4,baltic sea,4: baltic sea,
4,baltic sea,4: baltic sea,
4,baltic sea,4: baltic sea,
4,baltic sea,4: baltic sea,
4,baltic sea,4: baltic sea,
4,baltic sea,4: baltic sea,
4,baltic sea,4: baltic sea,
4,baltic sea,4: baltic sea,
4,baltic sea,4: baltic sea,
4,baltic sea,4: baltic sea,
4,baltic sea,4: baltic sea,
4,baltic sea,4: baltic sea,
4,baltic sea,4: baltic sea,
4,baltic sea,4: baltic sea,
4,baltic sea,4: baltic sea,
4,baltic sea,4: baltic sea,
4,baltic sea,4: baltic sea,
4,baltic sea,4: baltic sea,
4,baltic sea,4: baltic sea,
4,baltic sea,4: baltic sea,
4,baltic sea,4: baltic sea,
4,baltic sea,4: baltic sea,
4,baltic sea,4: baltic sea,
4,baltic sea,4: baltic sea,
4,baltic sea,4: baltic sea,
4,baltic sea,4: baltic sea,
4,baltic sea,4: baltic sea,
4,baltic sea,4: baltic sea,
4,baltic sea,4: baltic sea,
4,baltic sea,4: baltic sea,
4,baltic sea,4: baltic sea,
4,baltic sea,4: baltic sea,
4,baltic sea,4: baltic sea,
3,offshor wind,3: offshor wind,
3,offshor wind,3: offshor wind,
3,offshor wind,3: offshor wind,
3,offshor wind,3: offshor wind,
3,offshor wind,3: offshor wind,
3,offshor wind,3: offshor wind,
3,offshor wind,3: offshor wind,
3,offshor wind,3: offshor wind,
3,offshor wind,3: offshor wind,
3,offshor wind,3: offshor wind,
3,offshor wind,3: offshor wind,
3,offshor wind,3: offshor wind,
3,offshor wind,3: offshor wind,
3,offshor wind,3: offshor wind,
3,offshor wind,3: offshor wind,
3,offshor wind,3: offshor wind,
3,offshor wind,3: offshor wind,
3,offshor wind,3: offshor wind,
3,offshor wind,3: offshor wind,
3,offshor wind,3: offshor wind,
3,offshor wind,3: offshor wind,
3,offshor wind,3: offshor wind,
3,offshor wind,3: offshor wind,
3,offshor wind,3: offshor wind,
3,offshor wind,3: offshor wind,
3,offshor wind,3: offshor wind,
3,offshor wind,3: offshor wind,
3,offshor wind,3: offshor wind,
3,offshor wind,3: offshor wind,
3,offshor wind,3: offshor wind,
3,offshor wind,3: offshor wind,
3,offshor wind,3: offshor wind,
3,offshor wind,3: offshor wind,
3,offshor wind,3: offshor wind,
3,offshor wind,3: offshor wind,
3,offshor wind,3: offshor wind,
3,offshor wind,3: offshor wind,
3,offshor wind,3: offshor wind,
3,offshor wind,3: offshor wind,
3,offshor wind,3: offshor wind,
3,offshor wind,3: offshor wind,
3,offshor wind,3: offshor wind,
3,offshor wind,3: offshor wind,
3,offshor wind,3: offshor wind,
3,offshor wind,3: offshor wind,
3,offshor wind,3: offshor wind,
3,offshor wind,3: offshor wind,
3,offshor wind,3: offshor wind,
3,offshor wind,3: offshor wind,
3,offshor wind,3: offshor wind,
3,offshor wind,3: offshor wind,
3,offshor wind,3: offshor wind,
3,offshor wind,3: offshor wind,
3,offshor wind,3: offshor wind,
3,offshor wind,3: offshor wind,
3,offshor wind,3: offshor wind,
3,offshor wind,3: offshor wind,
3,offshor wind,3: offshor wind,
3,offshor wind,3: offshor wind,
3,offshor wind,3: offshor wind,
3,offshor wind,3: offshor wind,
3,offshor wind,3: offshor wind,
3,offshor wind,3: offshor wind,
3,offshor wind,3: offshor wind,
3,offshor wind,3: offshor wind,
3,offshor wind,3: offshor wind,
3,offshor wind,3: offshor wind,
3,offshor wind,3: offshor wind,
3,offshor wind,3: offshor wind,
3,offshor wind,3: offshor wind,
3,offshor wind,3: offshor wind,
3,offshor wind,3: offshor wind,
3,offshor wind,3: offshor wind,
3,offshor wind,3: offshor wind,
3,offshor wind,3: offshor wind,
3,offshor wind,3: offshor wind,
3,offshor wind,3: offshor wind,
3,offshor wind,3: offshor wind,
3,offshor wind,3: offshor wind,
3,offshor wind,3: offshor wind,
3,offshor wind,3: offshor wind,
3,offshor wind,3: offshor wind,
3,offshor wind,3: offshor wind,
3,offshor wind,3: offshor wind,
3,offshor wind,3: offshor wind,
3,offshor wind,3: offshor wind,
3,offshor wind,3: offshor wind,
3,offshor wind,3: offshor wind,
3,offshor wind,3: offshor wind,
3,offshor wind,3: offshor wind,
3,offshor wind,3: offshor wind,
3,offshor wind,3: offshor wind,
3,offshor wind,3: offshor wind,
3,offshor wind,3: offshor wind,
3,offshor wind,3: offshor wind,
3,offshor wind,3: offshor wind,
3,offshor wind,3: offshor wind,
3,offshor wind,3: offshor wind,
3,offshor wind,3: offshor wind,
3,offshor wind,3: offshor wind,
3,offshor wind,3: offshor wind,
3,offshor wind,3: offshor wind,
3,offshor wind,3: offshor wind,
3,offshor wind,3: offshor wind,
3,offshor wind,3: offshor wind,
3,offshor wind,3: offshor wind,
3,offshor wind,3: offshor wind,
3,offshor wind,3: offshor wind,
3,offshor wind,3: offshor wind,
3,offshor wind,3: offshor wind,
3,offshor wind,3: offshor wind,
3,offshor wind,3: offshor wind,
3,offshor wind,3: offshor wind,
3,offshor wind,3: offshor wind,
3,offshor wind,3: offshor wind,
3,offshor wind,3: offshor wind,
3,offshor wind,3: offshor wind,
3,offshor wind,3: offshor wind,
3,offshor wind,3: offshor wind,
3,offshor wind,3: offshor wind,
3,offshor wind,3: offshor wind,
3,offshor wind,3: offshor wind,
3,offshor wind,3: offshor wind,
3,offshor wind,3: offshor wind,
3,offshor wind,3: offshor wind,
3,offshor wind,3: offshor wind,
3,offshor wind,3: offshor wind,
3,offshor wind,3: offshor wind,
3,offshor wind,3: offshor wind,
3,offshor wind,3: offshor wind,
3,offshor wind,3: offshor wind,
3,offshor wind,3: offshor wind,
3,offshor wind,3: offshor wind,
3,offshor wind,3: offshor wind,
3,offshor wind,3: offshor wind,
3,offshor wind,3: offshor wind,
3,offshor wind,3: offshor wind,
3,offshor wind,3: offshor wind,
3,offshor wind,3: offshor wind,
3,offshor wind,3: offshor wind,
3,offshor wind,3: offshor wind,
3,offshor wind,3: offshor wind,
3,offshor wind,3: offshor wind,
3,offshor wind,3: offshor wind,
3,offshor wind,3: offshor wind,
3,offshor wind,3: offshor wind,
3,offshor wind,3: offshor wind,
3,offshor wind,3: offshor wind,
3,offshor wind,3: offshor wind,
3,offshor wind,3: offshor wind,
3,offshor wind,3: offshor wind,
3,offshor wind,3: offshor wind,
3,offshor wind,3: offshor wind,
3,offshor wind,3: offshor wind,
3,offshor wind,3: offshor wind,
3,offshor wind,3: offshor wind,
3,offshor wind,3: offshor wind,
3,offshor wind,3: offshor wind,
3,offshor wind,3: offshor wind,
3,offshor wind,3: offshor wind,
3,offshor wind,3: offshor wind,
3,offshor wind,3: offshor wind,
3,offshor wind,3: offshor wind,
3,offshor wind,3: offshor wind,
3,offshor wind,3: offshor wind,
3,offshor wind,3: offshor wind,
3,offshor wind,3: offshor wind,
3,offshor wind,3: offshor wind,
3,offshor wind,3: offshor wind,
3,offshor wind,3: offshor wind,
3,offshor wind,3: offshor wind,
3,offshor wind,3: offshor wind,
3,offshor wind,3: offshor wind,
3,offshor wind,3: offshor wind,
3,offshor wind,3: offshor wind,
3,offshor wind,3: offshor wind,
3,offshor wind,3: offshor wind,
3,offshor wind,3: offshor wind,
3,offshor wind,3: offshor wind,
3,offshor wind,3: offshor wind,
3,offshor wind,3: offshor wind,
3,offshor wind,3: offshor wind,
3,offshor wind,3: offshor wind,
3,offshor wind,3: offshor wind,
3,offshor wind,3: offshor wind,
3,offshor wind,3: offshor wind,
3,offshor wind,3: offshor wind,
3,offshor wind,3: offshor wind,
3,offshor wind,3: offshor wind,
3,offshor wind,3: offshor wind,
3,offshor wind,3: offshor wind,
3,offshor wind,3: offshor wind,
3,offshor wind,3: offshor wind,
3,offshor wind,3: offshor wind,
3,offshor wind,3: offshor wind,
3,offshor wind,3: offshor wind,
3,offshor wind,3: offshor wind,
3,offshor wind,3: offshor wind,
3,offshor wind,3: offshor wind,
3,offshor wind,3: offshor wind,
3,offshor wind,3: offshor wind,
3,offshor wind,3: offshor wind,
3,offshor wind,3: offshor wind,
3,offshor wind,3: offshor wind,
3,offshor wind,3: offshor wind,
3,offshor wind,3: offshor wind,
3,offshor wind,3: offshor wind,
3,offshor wind,3: offshor wind,
3,offshor wind,3: offshor wind,
3,offshor wind,3: offshor wind,
3,offshor wind,3: offshor wind,
3,offshor wind,3: offshor wind,
3,offshor wind,3: offshor wind,
3,offshor wind,3: offshor wind,
3,offshor wind,3: offshor wind,
3,offshor wind,3: offshor wind,
3,offshor wind,3: offshor wind,
3,offshor wind,3: offshor wind,
3,offshor wind,3: offshor wind,
3,offshor wind,3: offshor wind,
3,offshor wind,3: offshor wind,
3,offshor wind,3: offshor wind,
3,offshor wind,3: offshor wind,
3,offshor wind,3: offshor wind,
3,offshor wind,3: offshor wind,
3,offshor wind,3: offshor wind,
5,offshor grid,5: offshor grid,
5,offshor grid,5: offshor grid,
5,offshor grid,5: offshor grid,
5,offshor grid,5: offshor grid,
5,offshor grid,5: offshor grid,
5,offshor grid,5: offshor grid,
5,offshor grid,5: offshor grid,
5,offshor grid,5: offshor grid,
5,offshor grid,5: offshor grid,
5,offshor grid,5: offshor grid,
5,offshor grid,5: offshor grid,
5,offshor grid,5: offshor grid,
5,offshor grid,5: offshor grid,
5,offshor grid,5: offshor grid,
5,offshor grid,5: offshor grid,
5,offshor grid,5: offshor grid,
5,offshor grid,5: offshor grid,
5,offshor grid,5: offshor grid,
5,offshor grid,5: offshor grid,
5,offshor grid,5: offshor grid,
5,offshor grid,5: offshor grid,
5,offshor grid,5: offshor grid,
5,offshor grid,5: offshor grid,
5,offshor grid,5: offshor grid,
5,offshor grid,5: offshor grid,
5,offshor grid,5: offshor grid,
5,offshor grid,5: offshor grid,
5,offshor grid,5: offshor grid,
5,offshor grid,5: offshor grid,
5,offshor grid,5: offshor grid,
5,offshor grid,5: offshor grid,
5,offshor grid,5: offshor grid,
5,offshor grid,5: offshor grid,
5,offshor grid,5: offshor grid,
5,offshor grid,5: offshor grid,
5,offshor grid,5: offshor grid,
5,offshor grid,5: offshor grid,
5,offshor grid,5: offshor grid,
5,offshor grid,5: offshor grid,
5,offshor grid,5: offshor grid,
5,offshor grid,5: offshor grid,
5,offshor grid,5: offshor grid,
5,offshor grid,5: offshor grid,
5,offshor grid,5: offshor grid,
5,offshor grid,5: offshor grid,
5,offshor grid,5: offshor grid,
5,offshor grid,5: offshor grid,
5,offshor grid,5: offshor grid,
5,offshor grid,5: offshor grid,
5,offshor grid,5: offshor grid,
5,offshor grid,5: offshor grid,
5,offshor grid,5: offshor grid,
5,offshor grid,5: offshor grid,
5,offshor grid,5: offshor grid,
5,offshor grid,5: offshor grid,
5,offshor grid,5: offshor grid,
5,offshor grid,5: offshor grid,
5,offshor grid,5: offshor grid,
5,offshor grid,5: offshor grid,
5,offshor grid,5: offshor grid,
5,offshor grid,5: offshor grid,
5,offshor grid,5: offshor grid,
5,offshor grid,5: offshor grid,
5,offshor grid,5: offshor grid,
5,offshor grid,5: offshor grid,
5,offshor grid,5: offshor grid,
5,offshor grid,5: offshor grid,
5,offshor grid,5: offshor grid,
5,offshor grid,5: offshor grid,
5,offshor grid,5: offshor grid,
5,offshor grid,5: offshor grid,
5,offshor grid,5: offshor grid,
5,offshor grid,5: offshor grid,
5,offshor grid,5: offshor grid,
5,offshor grid,5: offshor grid,
5,offshor grid,5: offshor grid,
5,offshor grid,5: offshor grid,
5,offshor grid,5: offshor grid,
5,offshor grid,5: offshor grid,
5,offshor grid,5: offshor grid,
5,offshor grid,5: offshor grid,
5,offshor grid,5: offshor grid,
5,offshor grid,5: offshor grid,
5,offshor grid,5: offshor grid,
5,offshor grid,5: offshor grid,
5,offshor grid,5: offshor grid,
5,offshor grid,5: offshor grid,
5,offshor grid,5: offshor grid,
5,offshor grid,5: offshor grid,
5,offshor grid,5: offshor grid,
5,offshor grid,5: offshor grid,
5,offshor grid,5: offshor grid,
5,offshor grid,5: offshor grid,
5,offshor grid,5: offshor grid,
5,offshor grid,5: offshor grid,
5,offshor grid,5: offshor grid,
5,offshor grid,5: offshor grid,
5,offshor grid,5: offshor grid,
5,offshor grid,5: offshor grid,
5,offshor grid,5: offshor grid,
5,offshor grid,5: offshor grid,
5,offshor grid,5: offshor grid,
5,offshor grid,5: offshor grid,
5,offshor grid,5: offshor grid,
5,offshor grid,5: offshor grid,
5,offshor grid,5: offshor grid,
5,offshor grid,5: offshor grid,
5,offshor grid,5: offshor grid,
5,offshor grid,5: offshor grid,
5,offshor grid,5: offshor grid,
5,offshor grid,5: offshor grid,
5,offshor grid,5: offshor grid,
5,offshor grid,5: offshor grid,
5,offshor grid,5: offshor grid,
5,offshor grid,5: offshor grid,
5,offshor grid,5: offshor grid,
5,offshor grid,5: offshor grid,
5,offshor grid,5: offshor grid,
5,offshor grid,5: offshor grid,
5,offshor grid,5: offshor grid,
5,offshor grid,5: offshor grid,
5,offshor grid,5: offshor grid,
5,offshor grid,5: offshor grid,
5,offshor grid,5: offshor grid,
5,offshor grid,5: offshor grid,
5,offshor grid,5: offshor grid,
5,offshor grid,5: offshor grid,
5,offshor grid,5: offshor grid,
5,offshor grid,5: offshor grid,
5,offshor grid,5: offshor grid,
5,offshor grid,5: offshor grid,
5,offshor grid,5: offshor grid,
5,offshor grid,5: offshor grid,
5,offshor grid,5: offshor grid,
5,offshor grid,5: offshor grid,
5,offshor grid,5: offshor grid,
5,offshor grid,5: offshor grid,
5,offshor grid,5: offshor grid,
5,offshor grid,5: offshor grid,
5,offshor grid,5: offshor grid,
5,offshor grid,5: offshor grid,
5,offshor grid,5: offshor grid,
5,offshor grid,5: offshor grid,
5,offshor grid,5: offshor grid,
5,offshor grid,5: offshor grid,
5,offshor grid,5: offshor grid,
5,offshor grid,5: offshor grid,
5,offshor grid,5: offshor grid,
5,offshor grid,5: offshor grid,
5,offshor grid,5: offshor grid,
5,offshor grid,5: offshor grid,
5,offshor grid,5: offshor grid,
5,offshor grid,5: offshor grid,
5,offshor grid,5: offshor grid,
5,offshor grid,5: offshor grid,
5,offshor grid,5: offshor grid,
5,offshor grid,5: offshor grid,
5,offshor grid,5: offshor grid,
5,offshor grid,5: offshor grid,
5,offshor grid,5: offshor grid,
5,offshor grid,5: offshor grid,
5,offshor grid,5: offshor grid,
5,offshor grid,5: offshor grid,
5,offshor grid,5: offshor grid,
5,offshor grid,5: offshor grid,
5,offshor grid,5: offshor grid,
5,offshor grid,5: offshor grid,
5,offshor grid,5: offshor grid,
5,offshor grid,5: offshor grid,
5,offshor grid,5: offshor grid,
5,offshor grid,5: offshor grid,
5,offshor grid,5: offshor grid,
5,offshor grid,5: offshor grid,
5,offshor grid,5: offshor grid,
5,offshor grid,5: offshor grid,
3,offshor wind,3: offshor wind,
3,offshor wind,3: offshor wind,
3,offshor wind,3: offshor wind,
3,offshor wind,3: offshor wind,
3,offshor wind,3: offshor wind,
3,offshor wind,3: offshor wind,
3,offshor wind,3: offshor wind,
3,offshor wind,3: offshor wind,
3,offshor wind,3: offshor wind,
3,offshor wind,3: offshor wind,
3,offshor wind,3: offshor wind,
3,offshor wind,3: offshor wind,
3,offshor wind,3: offshor wind,
3,offshor wind,3: offshor wind,
3,offshor wind,3: offshor wind,
3,offshor wind,3: offshor wind,
3,offshor wind,3: offshor wind,
3,offshor wind,3: offshor wind,
3,offshor wind,3: offshor wind,
3,offshor wind,3: offshor wind,
3,offshor wind,3: offshor wind,
3,offshor wind,3: offshor wind,
3,offshor wind,3: offshor wind,
3,offshor wind,3: offshor wind,
3,offshor wind,3: offshor wind,
3,offshor wind,3: offshor wind,
3,offshor wind,3: offshor wind,
3,offshor wind,3: offshor wind,
3,offshor wind,3: offshor wind,
3,offshor wind,3: offshor wind,
3,offshor wind,3: offshor wind,
3,offshor wind,3: offshor wind,
3,offshor wind,3: offshor wind,
3,offshor wind,3: offshor wind,
3,offshor wind,3: offshor wind,
3,offshor wind,3: offshor wind,
3,offshor wind,3: offshor wind,
3,offshor wind,3: offshor wind,
3,offshor wind,3: offshor wind,
3,offshor wind,3: offshor wind,
3,offshor wind,3: offshor wind,
3,offshor wind,3: offshor wind,
3,offshor wind,3: offshor wind,
3,offshor wind,3: offshor wind,
3,offshor wind,3: offshor wind,
3,offshor wind,3: offshor wind,
3,offshor wind,3: offshor wind,
3,offshor wind,3: offshor wind,
3,offshor wind,3: offshor wind,
3,offshor wind,3: offshor wind,
3,offshor wind,3: offshor wind,
3,offshor wind,3: offshor wind,
3,offshor wind,3: offshor wind,
3,offshor wind,3: offshor wind,
3,offshor wind,3: offshor wind,
3,offshor wind,3: offshor wind,
3,offshor wind,3: offshor wind,
3,offshor wind,3: offshor wind,
3,offshor wind,3: offshor wind,
3,offshor wind,3: offshor wind,
3,offshor wind,3: offshor wind,
3,offshor wind,3: offshor wind,
3,offshor wind,3: offshor wind,
3,offshor wind,3: offshor wind,
3,offshor wind,3: offshor wind,
3,offshor wind,3: offshor wind,
3,offshor wind,3: offshor wind,
3,offshor wind,3: offshor wind,
3,offshor wind,3: offshor wind,
3,offshor wind,3: offshor wind,
3,offshor wind,3: offshor wind,
3,offshor wind,3: offshor wind,
3,offshor wind,3: offshor wind,
3,offshor wind,3: offshor wind,
3,offshor wind,3: offshor wind,
3,offshor wind,3: offshor wind,
3,offshor wind,3: offshor wind,
3,offshor wind,3: offshor wind,
3,offshor wind,3: offshor wind,
3,offshor wind,3: offshor wind,
3,offshor wind,3: offshor wind,
3,offshor wind,3: offshor wind,
3,offshor wind,3: offshor wind,
3,offshor wind,3: offshor wind,
3,offshor wind,3: offshor wind,
3,offshor wind,3: offshor wind,
3,offshor wind,3: offshor wind,
3,offshor wind,3: offshor wind,
3,offshor wind,3: offshor wind,
3,offshor wind,3: offshor wind,
3,offshor wind,3: offshor wind,
3,offshor wind,3: offshor wind,
3,offshor wind,3: offshor wind,
3,offshor wind,3: offshor wind,
3,offshor wind,3: offshor wind,
3,offshor wind,3: offshor wind,
3,offshor wind,3: offshor wind,
3,offshor wind,3: offshor wind,
3,offshor wind,3: offshor wind,
3,offshor wind,3: offshor wind,
3,offshor wind,3: offshor wind,
3,offshor wind,3: offshor wind,
3,offshor wind,3: offshor wind,
3,offshor wind,3: offshor wind,
3,offshor wind,3: offshor wind,
3,offshor wind,3: offshor wind,
3,offshor wind,3: offshor wind,
3,offshor wind,3: offshor wind,
3,offshor wind,3: offshor wind,
3,offshor wind,3: offshor wind,
3,offshor wind,3: offshor wind,
3,offshor wind,3: offshor wind,
3,offshor wind,3: offshor wind,
8,wind turbin,8: wind turbin,
8,wind turbin,8: wind turbin,
8,wind turbin,8: wind turbin,
8,wind turbin,8: wind turbin,
8,wind turbin,8: wind turbin,
8,wind turbin,8: wind turbin,
8,wind turbin,8: wind turbin,
8,wind turbin,8: wind turbin,
8,wind turbin,8: wind turbin,
8,wind turbin,8: wind turbin,
8,wind turbin,8: wind turbin,
8,wind turbin,8: wind turbin,
8,wind turbin,8: wind turbin,
8,wind turbin,8: wind turbin,
8,wind turbin,8: wind turbin,
8,wind turbin,8: wind turbin,
8,wind turbin,8: wind turbin,
8,wind turbin,8: wind turbin,
8,wind turbin,8: wind turbin,
8,wind turbin,8: wind turbin,
8,wind turbin,8: wind turbin,
8,wind turbin,8: wind turbin,
8,wind turbin,8: wind turbin,
8,wind turbin,8: wind turbin,
8,wind turbin,8: wind turbin,
8,wind turbin,8: wind turbin,
8,wind turbin,8: wind turbin,
8,wind turbin,8: wind turbin,
8,wind turbin,8: wind turbin,
8,wind turbin,8: wind turbin,
8,wind turbin,8: wind turbin,
8,wind turbin,8: wind turbin,
8,wind turbin,8: wind turbin,
8,wind turbin,8: wind turbin,
8,wind turbin,8: wind turbin,
8,wind turbin,8: wind turbin,
8,wind turbin,8: wind turbin,
8,wind turbin,8: wind turbin,
8,wind turbin,8: wind turbin,
8,wind turbin,8: wind turbin,
8,wind turbin,8: wind turbin,
8,wind turbin,8: wind turbin,
8,wind turbin,8: wind turbin,
8,wind turbin,8: wind turbin,
8,wind turbin,8: wind turbin,
8,wind turbin,8: wind turbin,
8,wind turbin,8: wind turbin,
8,wind turbin,8: wind turbin,
8,wind turbin,8: wind turbin,
8,wind turbin,8: wind turbin,
8,wind turbin,8: wind turbin,
8,wind turbin,8: wind turbin,
8,wind turbin,8: wind turbin,
8,wind turbin,8: wind turbin,
8,wind turbin,8: wind turbin,
8,wind turbin,8: wind turbin,
8,wind turbin,8: wind turbin,
8,wind turbin,8: wind turbin,
8,wind turbin,8: wind turbin,
8,wind turbin,8: wind turbin,
8,wind turbin,8: wind turbin,
8,wind turbin,8: wind turbin,
8,wind turbin,8: wind turbin,
8,wind turbin,8: wind turbin,
8,wind turbin,8: wind turbin,
8,wind turbin,8: wind turbin,
8,wind turbin,8: wind turbin,
8,wind turbin,8: wind turbin,
8,wind turbin,8: wind turbin,
8,wind turbin,8: wind turbin,
8,wind turbin,8: wind turbin,
8,wind turbin,8: wind turbin,
8,wind turbin,8: wind turbin,
8,wind turbin,8: wind turbin,
8,wind turbin,8: wind turbin,
8,wind turbin,8: wind turbin,
8,wind turbin,8: wind turbin,
8,wind turbin,8: wind turbin,
8,wind turbin,8: wind turbin,
8,wind turbin,8: wind turbin,
8,wind turbin,8: wind turbin,
8,wind turbin,8: wind turbin,
8,wind turbin,8: wind turbin,
8,wind turbin,8: wind turbin,
8,wind turbin,8: wind turbin,
8,wind turbin,8: wind turbin,
8,wind turbin,8: wind turbin,
8,wind turbin,8: wind turbin,
8,wind turbin,8: wind turbin,
8,wind turbin,8: wind turbin,
8,wind turbin,8: wind turbin,
8,wind turbin,8: wind turbin,
8,wind turbin,8: wind turbin,
8,wind turbin,8: wind turbin,
8,wind turbin,8: wind turbin,
8,wind turbin,8: wind turbin,
8,wind turbin,8: wind turbin,
8,wind turbin,8: wind turbin,
8,wind turbin,8: wind turbin,
8,wind turbin,8: wind turbin,
8,wind turbin,8: wind turbin,
8,wind turbin,8: wind turbin,
8,wind turbin,8: wind turbin,
8,wind turbin,8: wind turbin,
8,wind turbin,8: wind turbin,
8,wind turbin,8: wind turbin,
8,wind turbin,8: wind turbin,
8,wind turbin,8: wind turbin,
8,wind turbin,8: wind turbin,
8,wind turbin,8: wind turbin,
8,wind turbin,8: wind turbin,
8,wind turbin,8: wind turbin,
8,wind turbin,8: wind turbin,
8,wind turbin,8: wind turbin,
8,wind turbin,8: wind turbin,
8,wind turbin,8: wind turbin,
8,wind turbin,8: wind turbin,
8,wind turbin,8: wind turbin,
8,wind turbin,8: wind turbin,
8,wind turbin,8: wind turbin,
8,wind turbin,8: wind turbin,
8,wind turbin,8: wind turbin,
8,wind turbin,8: wind turbin,
8,wind turbin,8: wind turbin,
8,wind turbin,8: wind turbin,
8,wind turbin,8: wind turbin,
8,wind turbin,8: wind turbin,
8,wind turbin,8: wind turbin,
8,wind turbin,8: wind turbin,
8,wind turbin,8: wind turbin,
3,offshor wind,3: offshor wind,
3,offshor wind,3: offshor wind,
3,offshor wind,3: offshor wind,
3,offshor wind,3: offshor wind,
3,offshor wind,3: offshor wind,
3,offshor wind,3: offshor wind,
3,offshor wind,3: offshor wind,
3,offshor wind,3: offshor wind,
3,offshor wind,3: offshor wind,
3,offshor wind,3: offshor wind,
3,offshor wind,3: offshor wind,
3,offshor wind,3: offshor wind,
3,offshor wind,3: offshor wind,
3,offshor wind,3: offshor wind,
3,offshor wind,3: offshor wind,
3,offshor wind,3: offshor wind,
3,offshor wind,3: offshor wind,
3,offshor wind,3: offshor wind,
3,offshor wind,3: offshor wind,
3,offshor wind,3: offshor wind,
3,offshor wind,3: offshor wind,
3,offshor wind,3: offshor wind,
3,offshor wind,3: offshor wind,
3,offshor wind,3: offshor wind,
3,offshor wind,3: offshor wind,
3,offshor wind,3: offshor wind,
3,offshor wind,3: offshor wind,
3,offshor wind,3: offshor wind,
3,offshor wind,3: offshor wind,
3,offshor wind,3: offshor wind,
3,offshor wind,3: offshor wind,
3,offshor wind,3: offshor wind,
3,offshor wind,3: offshor wind,
3,offshor wind,3: offshor wind,
3,offshor wind,3: offshor wind,
3,offshor wind,3: offshor wind,
3,offshor wind,3: offshor wind,
3,offshor wind,3: offshor wind,
3,offshor wind,3: offshor wind,
3,offshor wind,3: offshor wind,
3,offshor wind,3: offshor wind,
3,offshor wind,3: offshor wind,
3,offshor wind,3: offshor wind,
3,offshor wind,3: offshor wind,
3,offshor wind,3: offshor wind,
3,offshor wind,3: offshor wind,
3,offshor wind,3: offshor wind,
3,offshor wind,3: offshor wind,
3,offshor wind,3: offshor wind,
3,offshor wind,3: offshor wind,
3,offshor wind,3: offshor wind,
3,offshor wind,3: offshor wind,
3,offshor wind,3: offshor wind,
3,offshor wind,3: offshor wind,
3,offshor wind,3: offshor wind,
3,offshor wind,3: offshor wind,
3,offshor wind,3: offshor wind,
3,offshor wind,3: offshor wind,
3,offshor wind,3: offshor wind,
3,offshor wind,3: offshor wind,
3,offshor wind,3: offshor wind,
3,offshor wind,3: offshor wind,
3,offshor wind,3: offshor wind,
3,offshor wind,3: offshor wind,
3,offshor wind,3: offshor wind,
3,offshor wind,3: offshor wind,
3,offshor wind,3: offshor wind,
3,offshor wind,3: offshor wind,
3,offshor wind,3: offshor wind,
3,offshor wind,3: offshor wind,
3,offshor wind,3: offshor wind,
3,offshor wind,3: offshor wind,
3,offshor wind,3: offshor wind,
3,offshor wind,3: offshor wind,
3,offshor wind,3: offshor wind,
3,offshor wind,3: offshor wind,
3,offshor wind,3: offshor wind,
3,offshor wind,3: offshor wind,
3,offshor wind,3: offshor wind,
3,offshor wind,3: offshor wind,
3,offshor wind,3: offshor wind,
3,offshor wind,3: offshor wind,
3,offshor wind,3: offshor wind,
3,offshor wind,3: offshor wind,
3,offshor wind,3: offshor wind,
3,offshor wind,3: offshor wind,
3,offshor wind,3: offshor wind,
3,offshor wind,3: offshor wind,
3,offshor wind,3: offshor wind,
3,offshor wind,3: offshor wind,
3,offshor wind,3: offshor wind,
3,offshor wind,3: offshor wind,
3,offshor wind,3: offshor wind,
3,offshor wind,3: offshor wind,
3,offshor wind,3: offshor wind,
3,offshor wind,3: offshor wind,
3,offshor wind,3: offshor wind,
3,offshor wind,3: offshor wind,
3,offshor wind,3: offshor wind,
3,offshor wind,3: offshor wind,
3,offshor wind,3: offshor wind,
3,offshor wind,3: offshor wind,
3,offshor wind,3: offshor wind,
3,offshor wind,3: offshor wind,
3,offshor wind,3: offshor wind,
3,offshor wind,3: offshor wind,
3,offshor wind,3: offshor wind,
3,offshor wind,3: offshor wind,
3,offshor wind,3: offshor wind,
3,offshor wind,3: offshor wind,
3,offshor wind,3: offshor wind,
3,offshor wind,3: offshor wind,
3,offshor wind,3: offshor wind,
6,energiø bornholm,6: energiø bornholm,
6,energiø bornholm,6: energiø bornholm,
6,energiø bornholm,6: energiø bornholm,
6,energiø bornholm,6: energiø bornholm,
6,energiø bornholm,6: energiø bornholm,
6,energiø bornholm,6: energiø bornholm,
6,energiø bornholm,6: energiø bornholm,
6,energiø bornholm,6: energiø bornholm,
6,energiø bornholm,6: energiø bornholm,
6,energiø bornholm,6: energiø bornholm,
6,energiø bornholm,6: energiø bornholm,
6,energiø bornholm,6: energiø bornholm,
6,energiø bornholm,6: energiø bornholm,
6,energiø bornholm,6: energiø bornholm,
6,energiø bornholm,6: energiø bornholm,
6,energiø bornholm,6: energiø bornholm,
6,energiø bornholm,6: energiø bornholm,
6,energiø bornholm,6: energiø bornholm,
6,energiø bornholm,6: energiø bornholm,
6,energiø bornholm,6: energiø bornholm,
6,energiø bornholm,6: energiø bornholm,
6,energiø bornholm,6: energiø bornholm,
6,energiø bornholm,6: energiø bornholm,
6,energiø bornholm,6: energiø bornholm,
6,energiø bornholm,6: energiø bornholm,
6,energiø bornholm,6: energiø bornholm,
6,energiø bornholm,6: energiø bornholm,
6,energiø bornholm,6: energiø bornholm,
6,energiø bornholm,6: energiø bornholm,
6,energiø bornholm,6: energiø bornholm,
6,energiø bornholm,6: energiø bornholm,
6,energiø bornholm,6: energiø bornholm,
6,energiø bornholm,6: energiø bornholm,
6,energiø bornholm,6: energiø bornholm,
6,energiø bornholm,6: energiø bornholm,
6,energiø bornholm,6: energiø bornholm,
6,energiø bornholm,6: energiø bornholm,
6,energiø bornholm,6: energiø bornholm,
6,energiø bornholm,6: energiø bornholm,
6,energiø bornholm,6: energiø bornholm,
6,energiø bornholm,6: energiø bornholm,
6,energiø bornholm,6: energiø bornholm,
6,energiø bornholm,6: energiø bornholm,
6,energiø bornholm,6: energiø bornholm,
6,energiø bornholm,6: energiø bornholm,
6,energiø bornholm,6: energiø bornholm,
6,energiø bornholm,6: energiø bornholm,
6,energiø bornholm,6: energiø bornholm,
6,energiø bornholm,6: energiø bornholm,
6,energiø bornholm,6: energiø bornholm,
6,energiø bornholm,6: energiø bornholm,
6,energiø bornholm,6: energiø bornholm,
6,energiø bornholm,6: energiø bornholm,
6,energiø bornholm,6: energiø bornholm,
6,energiø bornholm,6: energiø bornholm,
6,energiø bornholm,6: energiø bornholm,
6,energiø bornholm,6: energiø bornholm,
6,energiø bornholm,6: energiø bornholm,
6,energiø bornholm,6: energiø bornholm,
6,energiø bornholm,6: energiø bornholm,
6,energiø bornholm,6: energiø bornholm,
6,energiø bornholm,6: energiø bornholm,
6,energiø bornholm,6: energiø bornholm,
6,energiø bornholm,6: energiø bornholm,
6,energiø bornholm,6: energiø bornholm,
6,energiø bornholm,6: energiø bornholm,
6,energiø bornholm,6: energiø bornholm,
6,energiø bornholm,6: energiø bornholm,
6,energiø bornholm,6: energiø bornholm,
6,energiø bornholm,6: energiø bornholm,
6,energiø bornholm,6: energiø bornholm,
6,energiø bornholm,6: energiø bornholm,
6,energiø bornholm,6: energiø bornholm,
6,energiø bornholm,6: energiø bornholm,
6,energiø bornholm,6: energiø bornholm,
6,energiø bornholm,6: energiø bornholm,
6,energiø bornholm,6: energiø bornholm,
6,energiø bornholm,6: energiø bornholm,
6,energiø bornholm,6: energiø bornholm,
6,energiø bornholm,6: energiø bornholm,
6,energiø bornholm,6: energiø bornholm,
6,energiø bornholm,6: energiø bornholm,
6,energiø bornholm,6: energiø bornholm,
6,energiø bornholm,6: energiø bornholm,
6,energiø bornholm,6: energiø bornholm,
6,energiø bornholm,6: energiø bornholm,
6,energiø bornholm,6: energiø bornholm,
6,energiø bornholm,6: energiø bornholm,
6,energiø bornholm,6: energiø bornholm,
6,energiø bornholm,6: energiø bornholm,
6,energiø bornholm,6: energiø bornholm,
6,energiø bornholm,6: energiø bornholm,
6,energiø bornholm,6: energiø bornholm,
6,energiø bornholm,6: energiø bornholm,
6,energiø bornholm,6: energiø bornholm,
6,energiø bornholm,6: energiø bornholm,
6,energiø bornholm,6: energiø bornholm,
6,energiø bornholm,6: energiø bornholm,
6,energiø bornholm,6: energiø bornholm,
6,energiø bornholm,6: energiø bornholm,
6,energiø bornholm,6: energiø bornholm,
6,energiø bornholm,6: energiø bornholm,
6,energiø bornholm,6: energiø bornholm,
6,energiø bornholm,6: energiø bornholm,
6,energiø bornholm,6: energiø bornholm,
6,energiø bornholm,6: energiø bornholm,
6,energiø bornholm,6: energiø bornholm,
6,energiø bornholm,6: energiø bornholm,
6,energiø bornholm,6: energiø bornholm,
6,energiø bornholm,6: energiø bornholm,
6,energiø bornholm,6: energiø bornholm,
6,energiø bornholm,6: energiø bornholm,
6,energiø bornholm,6: energiø bornholm,
6,energiø bornholm,6: energiø bornholm,
6,energiø bornholm,6: energiø bornholm,
6,energiø bornholm,6: energiø bornholm,
6,energiø bornholm,6: energiø bornholm,
6,energiø bornholm,6: energiø bornholm,
6,energiø bornholm,6: energiø bornholm,
6,energiø bornholm,6: energiø bornholm,
6,energiø bornholm,6: energiø bornholm,
6,energiø bornholm,6: energiø bornholm,
6,energiø bornholm,6: energiø bornholm,
6,energiø bornholm,6: energiø bornholm,
6,energiø bornholm,6: energiø bornholm,
6,energiø bornholm,6: energiø bornholm,
6,energiø bornholm,6: energiø bornholm,
6,energiø bornholm,6: energiø bornholm,
6,energiø bornholm,6: energiø bornholm,
6,energiø bornholm,6: energiø bornholm,
6,energiø bornholm,6: energiø bornholm,
6,energiø bornholm,6: energiø bornholm,
6,energiø bornholm,6: energiø bornholm,
6,energiø bornholm,6: energiø bornholm,
6,energiø bornholm,6: energiø bornholm,
6,energiø bornholm,6: energiø bornholm,
6,energiø bornholm,6: energiø bornholm,
6,energiø bornholm,6: energiø bornholm,
6,energiø bornholm,6: energiø bornholm,
6,energiø bornholm,6: energiø bornholm,
6,energiø bornholm,6: energiø bornholm,
6,energiø bornholm,6: energiø bornholm,
6,energiø bornholm,6: energiø bornholm,
6,energiø bornholm,6: energiø bornholm,
6,energiø bornholm,6: energiø bornholm,
6,energiø bornholm,6: energiø bornholm,
6,energiø bornholm,6: energiø bornholm,
6,energiø bornholm,6: energiø bornholm,
6,energiø bornholm,6: energiø bornholm,
6,energiø bornholm,6: energiø bornholm,
6,energiø bornholm,6: energiø bornholm,
6,energiø bornholm,6: energiø bornholm,
6,energiø bornholm,6: energiø bornholm,
6,energiø bornholm,6: energiø bornholm,
6,energiø bornholm,6: energiø bornholm,
6,energiø bornholm,6: energiø bornholm,
6,energiø bornholm,6: energiø bornholm,
6,energiø bornholm,6: energiø bornholm,
6,energiø bornholm,6: energiø bornholm,
6,energiø bornholm,6: energiø bornholm,
6,energiø bornholm,6: energiø bornholm,
6,energiø bornholm,6: energiø bornholm,
6,energiø bornholm,6: energiø bornholm,
6,energiø bornholm,6: energiø bornholm,
6,energiø bornholm,6: energiø bornholm,
6,energiø bornholm,6: energiø bornholm,
6,energiø bornholm,6: energiø bornholm,
6,energiø bornholm,6: energiø bornholm,
6,energiø bornholm,6: energiø bornholm,
6,energiø bornholm,6: energiø bornholm,
6,energiø bornholm,6: energiø bornholm,
0,energi island,0: energi island,
0,energi island,0: energi island,
0,energi island,0: energi island,
0,energi island,0: energi island,
0,energi island,0: energi island,
0,energi island,0: energi island,
0,energi island,0: energi island,
0,energi island,0: energi island,
0,energi island,0: energi island,
0,energi island,0: energi island,
0,energi island,0: energi island,
0,energi island,0: energi island,
0,energi island,0: energi island,
0,energi island,0: energi island,
0,energi island,0: energi island,
0,energi island,0: energi island,
0,energi island,0: energi island,
0,energi island,0: energi island,
0,energi island,0: energi island,
0,energi island,0: energi island,
0,energi island,0: energi island,
0,energi island,0: energi island,
0,energi island,0: energi island,
0,energi island,0: energi island,
0,energi island,0: energi island,
0,energi island,0: energi island,
0,energi island,0: energi island,
0,energi island,0: energi island,
0,energi island,0: energi island,
0,energi island,0: energi island,
0,energi island,0: energi island,
0,energi island,0: energi island,
0,energi island,0: energi island,
0,energi island,0: energi island,
0,energi island,0: energi island,
0,energi island,0: energi island,
0,energi island,0: energi island,
0,energi island,0: energi island,
0,energi island,0: energi island,
0,energi island,0: energi island,
0,energi island,0: energi island,
0,energi island,0: energi island,
0,energi island,0: energi island,
0,energi island,0: energi island,
0,energi island,0: energi island,
0,energi island,0: energi island,
0,energi island,0: energi island,
0,energi island,0: energi island,
0,energi island,0: energi island,
0,energi island,0: energi island,
0,energi island,0: energi island,
0,energi island,0: energi island,
0,energi island,0: energi island,
0,energi island,0: energi island,
0,energi island,0: energi island,
0,energi island,0: energi island,
0,energi island,0: energi island,
0,energi island,0: energi island,
0,energi island,0: energi island,
0,energi island,0: energi island,
0,energi island,0: energi island,
0,energi island,0: energi island,
0,energi island,0: energi island,
0,energi island,0: energi island,
0,energi island,0: energi island,
0,energi island,0: energi island,
0,energi island,0: energi island,
0,energi island,0: energi island,
0,energi island,0: energi island,
0,energi island,0: energi island,
0,energi island,0: energi island,
0,energi island,0: energi island,
0,energi island,0: energi island,
0,energi island,0: energi island,
0,energi island,0: energi island,
0,energi island,0: energi island,
0,energi island,0: energi island,
0,energi island,0: energi island,
0,energi island,0: energi island,
0,energi island,0: energi island,
0,energi island,0: energi island,
0,energi island,0: energi island,
0,energi island,0: energi island,
0,energi island,0: energi island,
0,energi island,0: energi island,
0,energi island,0: energi island,
0,energi island,0: energi island,
0,energi island,0: energi island,
0,energi island,0: energi island,
0,energi island,0: energi island,
0,energi island,0: energi island,
0,energi island,0: energi island,
0,energi island,0: energi island,
0,energi island,0: energi island,
0,energi island,0: energi island,
0,energi island,0: energi island,
0,energi island,0: energi island,
0,energi island,0: energi island,
0,energi island,0: energi island,
0,energi island,0: energi island,
0,energi island,0: energi island,
0,energi island,0: energi island,
0,energi island,0: energi island,
0,energi island,0: energi island,
0,energi island,0: energi island,
0,energi island,0: energi island,
0,energi island,0: energi island,
0,energi island,0: energi island,
0,energi island,0: energi island,
0,energi island,0: energi island,
0,energi island,0: energi island,
0,energi island,0: energi island,
0,energi island,0: energi island,
0,energi island,0: energi island,
0,energi island,0: energi island,
0,energi island,0: energi island,
0,energi island,0: energi island,
0,energi island,0: energi island,
0,energi island,0: energi island,
0,energi island,0: energi island,
0,energi island,0: energi island,
0,energi island,0: energi island,
0,energi island,0: energi island,
0,energi island,0: energi island,
0,energi island,0: energi island,
0,energi island,0: energi island,
0,energi island,0: energi island,
0,energi island,0: energi island,
0,energi island,0: energi island,
0,energi island,0: energi island,
0,energi island,0: energi island,
0,energi island,0: energi island,
0,energi island,0: energi island,
0,energi island,0: energi island,
0,energi island,0: energi island,
0,energi island,0: energi island,
0,energi island,0: energi island,
0,energi island,0: energi island,
0,energi island,0: energi island,
0,energi island,0: energi island,
0,energi island,0: energi island,
0,energi island,0: energi island,
0,energi island,0: energi island,
0,energi island,0: energi island,
0,energi island,0: energi island,
0,energi island,0: energi island,
0,energi island,0: energi island,
0,energi island,0: energi island,
0,energi island,0: energi island,
0,energi island,0: energi island,
0,energi island,0: energi island,
0,energi island,0: energi island,
0,energi island,0: energi island,
0,energi island,0: energi island,
0,energi island,0: energi island,
0,energi island,0: energi island,
0,energi island,0: energi island,
0,energi island,0: energi island,
0,energi island,0: energi island,
0,energi island,0: energi island,
0,energi island,0: energi island,
0,energi island,0: energi island,
0,energi island,0: energi island,
0,energi island,0: energi island,
0,energi island,0: energi island,
0,energi island,0: energi island,
0,energi island,0: energi island,
0,energi island,0: energi island,
0,energi island,0: energi island,
0,energi island,0: energi island,
0,energi island,0: energi island,
0,energi island,0: energi island,
0,energi island,0: energi island,
0,energi island,0: energi island,
0,energi island,0: energi island,
0,energi island,0: energi island,
0,energi island,0: energi island,
0,energi island,0: energi island,
0,energi island,0: energi island,
0,energi island,0: energi island,
0,energi island,0: energi island,
0,energi island,0: energi island,
0,energi island,0: energi island,
0,energi island,0: energi island,
0,energi island,0: energi island,
0,energi island,0: energi island,
0,energi island,0: energi island,
0,energi island,0: energi island,
0,energi island,0: energi island,
0,energi island,0: energi island,
0,energi island,0: energi island,
0,energi island,0: energi island,
0,energi island,0: energi island,
0,energi island,0: energi island,
0,energi island,0: energi island,
0,energi island,0: energi island,
0,energi island,0: energi island,
0,energi island,0: energi island,
0,energi island,0: energi island,
0,energi island,0: energi island,
0,energi island,0: energi island,
0,energi island,0: energi island,
0,energi island,0: energi island,
0,energi island,0: energi island,
0,energi island,0: energi island,
0,energi island,0: energi island,
0,energi island,0: energi island,
0,energi island,0: energi island,
0,energi island,0: energi island,
0,energi island,0: energi island,
0,energi island,0: energi island,
0,energi island,0: energi island,
0,energi island,0: energi island,
0,energi island,0: energi island,
0,energi island,0: energi island,
0,energi island,0: energi island,
0,energi island,0: energi island,
0,energi island,0: energi island,
0,energi island,0: energi island,
0,energi island,0: energi island,
0,energi island,0: energi island,
0,energi island,0: energi island,
0,energi island,0: energi island,
0,energi island,0: energi island,
0,energi island,0: energi island,
0,energi island,0: energi island,
0,energi island,0: energi island,
0,energi island,0: energi island,
0,energi island,0: energi island,
0,energi island,0: energi island,
0,energi island,0: energi island,
0,energi island,0: energi island,
0,energi island,0: energi island,
0,energi island,0: energi island,
0,energi island,0: energi island,
0,energi island,0: energi island,
0,energi island,0: energi island,
0,energi island,0: energi island,
0,energi island,0: energi island,
0,energi island,0: energi island,
0,energi island,0: energi island,
0,energi island,0: energi island,
0,energi island,0: energi island,
0,energi island,0: energi island,
0,energi island,0: energi island,
0,energi island,0: energi island,
0,energi island,0: energi island,
0,energi island,0: energi island,
0,energi island,0: energi island,
0,energi island,0: energi island,
0,energi island,0: energi island,
0,energi island,0: energi island,
0,energi island,0: energi island,
0,energi island,0: energi island,
0,energi island,0: energi island,
0,energi island,0: energi island,
0,energi island,0: energi island,
0,energi island,0: energi island,
0,energi island,0: energi island,
0,energi island,0: energi island,
0,energi island,0: energi island,
0,energi island,0: energi island,
0,energi island,0: energi island,
0,energi island,0: energi island,
0,energi island,0: energi island,
0,energi island,0: energi island,
0,energi island,0: energi island,
0,energi island,0: energi island,
0,energi island,0: energi island,
0,energi island,0: energi island,
0,energi island,0: energi island,
0,energi island,0: energi island,
0,energi island,0: energi island,
0,energi island,0: energi island,
0,energi island,0: energi island,
0,energi island,0: energi island,
0,energi island,0: energi island,
0,energi island,0: energi island,
0,energi island,0: energi island,
0,energi island,0: energi island,
0,energi island,0: energi island,
0,energi island,0: energi island,
0,energi island,0: energi island,
0,energi island,0: energi island,
0,energi island,0: energi island,
0,energi island,0: energi island,
0,energi island,0: energi island,
0,energi island,0: energi island,
0,energi island,0: energi island,
0,energi island,0: energi island,
0,energi island,0: energi island,
0,energi island,0: energi island,
0,energi island,0: energi island,
0,energi island,0: energi island,
0,energi island,0: energi island,
0,energi island,0: energi island,
0,energi island,0: energi island,
0,energi island,0: energi island,
0,energi island,0: energi island,
0,energi island,0: energi island,
0,energi island,0: energi island,
0,energi island,0: energi island,
0,energi island,0: energi island,
0,energi island,0: energi island,
0,energi island,0: energi island,
0,energi island,0: energi island,
0,energi island,0: energi island,
0,energi island,0: energi island,
0,energi island,0: energi island,
0,energi island,0: energi island,
0,energi island,0: energi island,
0,energi island,0: energi island,
0,energi island,0: energi island,
0,energi island,0: energi island,
5,offshor grid,5: offshor grid,
5,offshor grid,5: offshor grid,
5,offshor grid,5: offshor grid,
5,offshor grid,5: offshor grid,
5,offshor grid,5: offshor grid,
5,offshor grid,5: offshor grid,
5,offshor grid,5: offshor grid,
5,offshor grid,5: offshor grid,
5,offshor grid,5: offshor grid,
5,offshor grid,5: offshor grid,
5,offshor grid,5: offshor grid,
5,offshor grid,5: offshor grid,
5,offshor grid,5: offshor grid,
5,offshor grid,5: offshor grid,
5,offshor grid,5: offshor grid,
5,offshor grid,5: offshor grid,
5,offshor grid,5: offshor grid,
5,offshor grid,5: offshor grid,
5,offshor grid,5: offshor grid,
5,offshor grid,5: offshor grid,
5,offshor grid,5: offshor grid,
5,offshor grid,5: offshor grid,
5,offshor grid,5: offshor grid,
5,offshor grid,5: offshor grid,
5,offshor grid,5: offshor grid,
5,offshor grid,5: offshor grid,
5,offshor grid,5: offshor grid,
5,offshor grid,5: offshor grid,
5,offshor grid,5: offshor grid,
5,offshor grid,5: offshor grid,
5,offshor grid,5: offshor grid,
5,offshor grid,5: offshor grid,
5,offshor grid,5: offshor grid,
5,offshor grid,5: offshor grid,
5,offshor grid,5: offshor grid,
5,offshor grid,5: offshor grid,
5,offshor grid,5: offshor grid,
5,offshor grid,5: offshor grid,
5,offshor grid,5: offshor grid,
5,offshor grid,5: offshor grid,
5,offshor grid,5: offshor grid,
5,offshor grid,5: offshor grid,
5,offshor grid,5: offshor grid,
5,offshor grid,5: offshor grid,
5,offshor grid,5: offshor grid,
5,offshor grid,5: offshor grid,
5,offshor grid,5: offshor grid,
5,offshor grid,5: offshor grid,
5,offshor grid,5: offshor grid,
5,offshor grid,5: offshor grid,
5,offshor grid,5: offshor grid,
5,offshor grid,5: offshor grid,
5,offshor grid,5: offshor grid,
5,offshor grid,5: offshor grid,
5,offshor grid,5: offshor grid,
5,offshor grid,5: offshor grid,
5,offshor grid,5: offshor grid,
5,offshor grid,5: offshor grid,
5,offshor grid,5: offshor grid,
5,offshor grid,5: offshor grid,
5,offshor grid,5: offshor grid,
5,offshor grid,5: offshor grid,
5,offshor grid,5: offshor grid,
5,offshor grid,5: offshor grid,
5,offshor grid,5: offshor grid,
5,offshor grid,5: offshor grid,
5,offshor grid,5: offshor grid,
5,offshor grid,5: offshor grid,
5,offshor grid,5: offshor grid,
5,offshor grid,5: offshor grid,
5,offshor grid,5: offshor grid,
5,offshor grid,5: offshor grid,
5,offshor grid,5: offshor grid,
5,offshor grid,5: offshor grid,
5,offshor grid,5: offshor grid,
5,offshor grid,5: offshor grid,
5,offshor grid,5: offshor grid,
5,offshor grid,5: offshor grid,
5,offshor grid,5: offshor grid,
5,offshor grid,5: offshor grid,
5,offshor grid,5: offshor grid,
5,offshor grid,5: offshor grid,
5,offshor grid,5: offshor grid,
5,offshor grid,5: offshor grid,
5,offshor grid,5: offshor grid,
5,offshor grid,5: offshor grid,
5,offshor grid,5: offshor grid,
5,offshor grid,5: offshor grid,
5,offshor grid,5: offshor grid,
5,offshor grid,5: offshor grid,
5,offshor grid,5: offshor grid,
5,offshor grid,5: offshor grid,
5,offshor grid,5: offshor grid,
5,offshor grid,5: offshor grid,
5,offshor grid,5: offshor grid,
5,offshor grid,5: offshor grid,
5,offshor grid,5: offshor grid,
5,offshor grid,5: offshor grid,
5,offshor grid,5: offshor grid,
5,offshor grid,5: offshor grid,
5,offshor grid,5: offshor grid,
5,offshor grid,5: offshor grid,
5,offshor grid,5: offshor grid,
5,offshor grid,5: offshor grid,
5,offshor grid,5: offshor grid,
5,offshor grid,5: offshor grid,
5,offshor grid,5: offshor grid,
5,offshor grid,5: offshor grid,
5,offshor grid,5: offshor grid,
5,offshor grid,5: offshor grid,
5,offshor grid,5: offshor grid,
5,offshor grid,5: offshor grid,
5,offshor grid,5: offshor grid,
5,offshor grid,5: offshor grid,
5,offshor grid,5: offshor grid,
5,offshor grid,5: offshor grid,
5,offshor grid,5: offshor grid,
5,offshor grid,5: offshor grid,
5,offshor grid,5: offshor grid,
5,offshor grid,5: offshor grid,
5,offshor grid,5: offshor grid,
5,offshor grid,5: offshor grid,
5,offshor grid,5: offshor grid,
5,offshor grid,5: offshor grid,
5,offshor grid,5: offshor grid,
5,offshor grid,5: offshor grid,
5,offshor grid,5: offshor grid,
5,offshor grid,5: offshor grid,
5,offshor grid,5: offshor grid,
5,offshor grid,5: offshor grid,
5,offshor grid,5: offshor grid,
5,offshor grid,5: offshor grid,
5,offshor grid,5: offshor grid,
5,offshor grid,5: offshor grid,
5,offshor grid,5: offshor grid,
5,offshor grid,5: offshor grid,
5,offshor grid,5: offshor grid,
5,offshor grid,5: offshor grid,
5,offshor grid,5: offshor grid,
5,offshor grid,5: offshor grid,
5,offshor grid,5: offshor grid,
5,offshor grid,5: offshor grid,
5,offshor grid,5: offshor grid,
5,offshor grid,5: offshor grid,
5,offshor grid,5: offshor grid,
5,offshor grid,5: offshor grid,
5,offshor grid,5: offshor grid,
5,offshor grid,5: offshor grid,
5,offshor grid,5: offshor grid,
5,offshor grid,5: offshor grid,
5,offshor grid,5: offshor grid,
5,offshor grid,5: offshor grid,
5,offshor grid,5: offshor grid,
5,offshor grid,5: offshor grid,
5,offshor grid,5: offshor grid,
5,offshor grid,5: offshor grid,
5,offshor grid,5: offshor grid,
5,offshor grid,5: offshor grid,
5,offshor grid,5: offshor grid,
5,offshor grid,5: offshor grid,
5,offshor grid,5: offshor grid,
5,offshor grid,5: offshor grid,
5,offshor grid,5: offshor grid,
5,offshor grid,5: offshor grid,
5,offshor grid,5: offshor grid,
5,offshor grid,5: offshor grid,
5,offshor grid,5: offshor grid,
5,offshor grid,5: offshor grid,
5,offshor grid,5: offshor grid,
5,offshor grid,5: offshor grid,
5,offshor grid,5: offshor grid,
5,offshor grid,5: offshor grid,
5,offshor grid,5: offshor grid,
5,offshor grid,5: offshor grid,
5,offshor grid,5: offshor grid,
6,energiø bornholm,6: energiø bornholm,
6,energiø bornholm,6: energiø bornholm,
6,energiø bornholm,6: energiø bornholm,
6,energiø bornholm,6: energiø bornholm,
6,energiø bornholm,6: energiø bornholm,
6,energiø bornholm,6: energiø bornholm,
6,energiø bornholm,6: energiø bornholm,
6,energiø bornholm,6: energiø bornholm,
6,energiø bornholm,6: energiø bornholm,
6,energiø bornholm,6: energiø bornholm,
6,energiø bornholm,6: energiø bornholm,
6,energiø bornholm,6: energiø bornholm,
6,energiø bornholm,6: energiø bornholm,
6,energiø bornholm,6: energiø bornholm,
6,energiø bornholm,6: energiø bornholm,
6,energiø bornholm,6: energiø bornholm,
6,energiø bornholm,6: energiø bornholm,
6,energiø bornholm,6: energiø bornholm,
6,energiø bornholm,6: energiø bornholm,
6,energiø bornholm,6: energiø bornholm,
6,energiø bornholm,6: energiø bornholm,
6,energiø bornholm,6: energiø bornholm,
6,energiø bornholm,6: energiø bornholm,
6,energiø bornholm,6: energiø bornholm,
6,energiø bornholm,6: energiø bornholm,
6,energiø bornholm,6: energiø bornholm,
6,energiø bornholm,6: energiø bornholm,
6,energiø bornholm,6: energiø bornholm,
6,energiø bornholm,6: energiø bornholm,
6,energiø bornholm,6: energiø bornholm,
6,energiø bornholm,6: energiø bornholm,
6,energiø bornholm,6: energiø bornholm,
6,energiø bornholm,6: energiø bornholm,
6,energiø bornholm,6: energiø bornholm,
6,energiø bornholm,6: energiø bornholm,
6,energiø bornholm,6: energiø bornholm,
6,energiø bornholm,6: energiø bornholm,
6,energiø bornholm,6: energiø bornholm,
6,energiø bornholm,6: energiø bornholm,
6,energiø bornholm,6: energiø bornholm,
6,energiø bornholm,6: energiø bornholm,
6,energiø bornholm,6: energiø bornholm,
6,energiø bornholm,6: energiø bornholm,
6,energiø bornholm,6: energiø bornholm,
6,energiø bornholm,6: energiø bornholm,
6,energiø bornholm,6: energiø bornholm,
6,energiø bornholm,6: energiø bornholm,
6,energiø bornholm,6: energiø bornholm,
6,energiø bornholm,6: energiø bornholm,
6,energiø bornholm,6: energiø bornholm,
6,energiø bornholm,6: energiø bornholm,
6,energiø bornholm,6: energiø bornholm,
6,energiø bornholm,6: energiø bornholm,
6,energiø bornholm,6: energiø bornholm,
6,energiø bornholm,6: energiø bornholm,
6,energiø bornholm,6: energiø bornholm,
6,energiø bornholm,6: energiø bornholm,
6,energiø bornholm,6: energiø bornholm,
6,energiø bornholm,6: energiø bornholm,
6,energiø bornholm,6: energiø bornholm,
6,energiø bornholm,6: energiø bornholm,
6,energiø bornholm,6: energiø bornholm,
6,energiø bornholm,6: energiø bornholm,
6,energiø bornholm,6: energiø bornholm,
6,energiø bornholm,6: energiø bornholm,
6,energiø bornholm,6: energiø bornholm,
6,energiø bornholm,6: energiø bornholm,
6,energiø bornholm,6: energiø bornholm,
6,energiø bornholm,6: energiø bornholm,
6,energiø bornholm,6: energiø bornholm,
6,energiø bornholm,6: energiø bornholm,
6,energiø bornholm,6: energiø bornholm,
6,energiø bornholm,6: energiø bornholm,
6,energiø bornholm,6: energiø bornholm,
6,energiø bornholm,6: energiø bornholm,
6,energiø bornholm,6: energiø bornholm,
6,energiø bornholm,6: energiø bornholm,
6,energiø bornholm,6: energiø bornholm,
6,energiø bornholm,6: energiø bornholm,
6,energiø bornholm,6: energiø bornholm,
6,energiø bornholm,6: energiø bornholm,
6,energiø bornholm,6: energiø bornholm,
6,energiø bornholm,6: energiø bornholm,
6,energiø bornholm,6: energiø bornholm,
6,energiø bornholm,6: energiø bornholm,
6,energiø bornholm,6: energiø bornholm,
6,energiø bornholm,6: energiø bornholm,
6,energiø bornholm,6: energiø bornholm,
6,energiø bornholm,6: energiø bornholm,
6,energiø bornholm,6: energiø bornholm,
6,energiø bornholm,6: energiø bornholm,
6,energiø bornholm,6: energiø bornholm,
6,energiø bornholm,6: energiø bornholm,
6,energiø bornholm,6: energiø bornholm,
6,energiø bornholm,6: energiø bornholm,
6,energiø bornholm,6: energiø bornholm,
6,energiø bornholm,6: energiø bornholm,
6,energiø bornholm,6: energiø bornholm,
6,energiø bornholm,6: energiø bornholm,
6,energiø bornholm,6: energiø bornholm,
6,energiø bornholm,6: energiø bornholm,
6,energiø bornholm,6: energiø bornholm,
6,energiø bornholm,6: energiø bornholm,
6,energiø bornholm,6: energiø bornholm,
6,energiø bornholm,6: energiø bornholm,
6,energiø bornholm,6: energiø bornholm,
6,energiø bornholm,6: energiø bornholm,
6,energiø bornholm,6: energiø bornholm,
6,energiø bornholm,6: energiø bornholm,
6,energiø bornholm,6: energiø bornholm,
6,energiø bornholm,6: energiø bornholm,
6,energiø bornholm,6: energiø bornholm,
6,energiø bornholm,6: energiø bornholm,
6,energiø bornholm,6: energiø bornholm,
6,energiø bornholm,6: energiø bornholm,
6,energiø bornholm,6: energiø bornholm,
6,energiø bornholm,6: energiø bornholm,
6,energiø bornholm,6: energiø bornholm,
6,energiø bornholm,6: energiø bornholm,
6,energiø bornholm,6: energiø bornholm,
6,energiø bornholm,6: energiø bornholm,
6,energiø bornholm,6: energiø bornholm,
6,energiø bornholm,6: energiø bornholm,
6,energiø bornholm,6: energiø bornholm,
6,energiø bornholm,6: energiø bornholm,
6,energiø bornholm,6: energiø bornholm,
6,energiø bornholm,6: energiø bornholm,
6,energiø bornholm,6: energiø bornholm,
6,energiø bornholm,6: energiø bornholm,
6,energiø bornholm,6: energiø bornholm,
6,energiø bornholm,6: energiø bornholm,
6,energiø bornholm,6: energiø bornholm,
6,energiø bornholm,6: energiø bornholm,
6,energiø bornholm,6: energiø bornholm,
6,energiø bornholm,6: energiø bornholm,
6,energiø bornholm,6: energiø bornholm,
6,energiø bornholm,6: energiø bornholm,
6,energiø bornholm,6: energiø bornholm,
6,energiø bornholm,6: energiø bornholm,
6,energiø bornholm,6: energiø bornholm,
6,energiø bornholm,6: energiø bornholm,
6,energiø bornholm,6: energiø bornholm,
6,energiø bornholm,6: energiø bornholm,
6,energiø bornholm,6: energiø bornholm,
6,energiø bornholm,6: energiø bornholm,
6,energiø bornholm,6: energiø bornholm,
6,energiø bornholm,6: energiø bornholm,
6,energiø bornholm,6: energiø bornholm,
6,energiø bornholm,6: energiø bornholm,
6,energiø bornholm,6: energiø bornholm,
6,energiø bornholm,6: energiø bornholm,
6,energiø bornholm,6: energiø bornholm,
6,energiø bornholm,6: energiø bornholm,
6,energiø bornholm,6: energiø bornholm,
6,energiø bornholm,6: energiø bornholm,
6,energiø bornholm,6: energiø bornholm,
6,energiø bornholm,6: energiø bornholm,
6,energiø bornholm,6: energiø bornholm,
6,energiø bornholm,6: energiø bornholm,
6,energiø bornholm,6: energiø bornholm,
6,energiø bornholm,6: energiø bornholm,
6,energiø bornholm,6: energiø bornholm,
6,energiø bornholm,6: energiø bornholm,
6,energiø bornholm,6: energiø bornholm,
6,energiø bornholm,6: energiø bornholm,
6,energiø bornholm,6: energiø bornholm,
6,energiø bornholm,6: energiø bornholm,
6,energiø bornholm,6: energiø bornholm,
6,energiø bornholm,6: energiø bornholm,
6,energiø bornholm,6: energiø bornholm,
6,energiø bornholm,6: energiø bornholm,
6,energiø bornholm,6: energiø bornholm,
6,energiø bornholm,6: energiø bornholm,
6,energiø bornholm,6: energiø bornholm,
6,energiø bornholm,6: energiø bornholm,
6,energiø bornholm,6: energiø bornholm,
6,energiø bornholm,6: energiø bornholm,
6,energiø bornholm,6: energiø bornholm,
6,energiø bornholm,6: energiø bornholm,
6,energiø bornholm,6: energiø bornholm,
6,energiø bornholm,6: energiø bornholm,
6,energiø bornholm,6: energiø bornholm,
6,energiø bornholm,6: energiø bornholm,
6,energiø bornholm,6: energiø bornholm,
6,energiø bornholm,6: energiø bornholm,
6,energiø bornholm,6: energiø bornholm,
6,energiø bornholm,6: energiø bornholm,
6,energiø bornholm,6: energiø bornholm,
6,energiø bornholm,6: energiø bornholm,
6,energiø bornholm,6: energiø bornholm,
6,energiø bornholm,6: energiø bornholm,
6,energiø bornholm,6: energiø bornholm,
6,energiø bornholm,6: energiø bornholm,
6,energiø bornholm,6: energiø bornholm,
6,energiø bornholm,6: energiø bornholm,
6,energiø bornholm,6: energiø bornholm,
6,energiø bornholm,6: energiø bornholm,
6,energiø bornholm,6: energiø bornholm,
6,energiø bornholm,6: energiø bornholm,
6,energiø bornholm,6: energiø bornholm,
6,energiø bornholm,6: energiø bornholm,
6,energiø bornholm,6: energiø bornholm,
6,energiø bornholm,6: energiø bornholm,
6,energiø bornholm,6: energiø bornholm,
6,energiø bornholm,6: energiø bornholm,
6,energiø bornholm,6: energiø bornholm,
6,energiø bornholm,6: energiø bornholm,
6,energiø bornholm,6: energiø bornholm,
6,energiø bornholm,6: energiø bornholm,
6,energiø bornholm,6: energiø bornholm,
6,energiø bornholm,6: energiø bornholm,
6,energiø bornholm,6: energiø bornholm,
6,energiø bornholm,6: energiø bornholm,
6,energiø bornholm,6: energiø bornholm,
6,energiø bornholm,6: energiø bornholm,
6,energiø bornholm,6: energiø bornholm,
6,energiø bornholm,6: energiø bornholm,
6,energiø bornholm,6: energiø bornholm,
6,energiø bornholm,6: energiø bornholm,
6,energiø bornholm,6: energiø bornholm,
6,energiø bornholm,6: energiø bornholm,
6,energiø bornholm,6: energiø bornholm,
6,energiø bornholm,6: energiø bornholm,
6,energiø bornholm,6: energiø bornholm,
6,energiø bornholm,6: energiø bornholm,
6,energiø bornholm,6: energiø bornholm,
6,energiø bornholm,6: energiø bornholm,
6,energiø bornholm,6: energiø bornholm,
6,energiø bornholm,6: energiø bornholm,
6,energiø bornholm,6: energiø bornholm,
6,energiø bornholm,6: energiø bornholm,
6,energiø bornholm,6: energiø bornholm,
6,energiø bornholm,6: energiø bornholm,
6,energiø bornholm,6: energiø bornholm,
6,energiø bornholm,6: energiø bornholm,
6,energiø bornholm,6: energiø bornholm,
6,energiø bornholm,6: energiø bornholm,
6,energiø bornholm,6: energiø bornholm,
6,energiø bornholm,6: energiø bornholm,
6,energiø bornholm,6: energiø bornholm,
6,energiø bornholm,6: energiø bornholm,
6,energiø bornholm,6: energiø bornholm,
6,energiø bornholm,6: energiø bornholm,
6,energiø bornholm,6: energiø bornholm,
6,energiø bornholm,6: energiø bornholm,
6,energiø bornholm,6: energiø bornholm,
6,energiø bornholm,6: energiø bornholm,
6,energiø bornholm,6: energiø bornholm,
6,energiø bornholm,6: energiø bornholm,
6,energiø bornholm,6: energiø bornholm,
6,energiø bornholm,6: energiø bornholm,
6,energiø bornholm,6: energiø bornholm,
6,energiø bornholm,6: energiø bornholm,
6,energiø bornholm,6: energiø bornholm,
6,energiø bornholm,6: energiø bornholm,
6,energiø bornholm,6: energiø bornholm,
6,energiø bornholm,6: energiø bornholm,
6,energiø bornholm,6: energiø bornholm,
6,energiø bornholm,6: energiø bornholm,
6,energiø bornholm,6: energiø bornholm,
6,energiø bornholm,6: energiø bornholm,
6,energiø bornholm,6: energiø bornholm,
6,energiø bornholm,6: energiø bornholm,
6,energiø bornholm,6: energiø bornholm,
6,energiø bornholm,6: energiø bornholm,
6,energiø bornholm,6: energiø bornholm,
6,energiø bornholm,6: energiø bornholm,
6,energiø bornholm,6: energiø bornholm,
6,energiø bornholm,6: energiø bornholm,
6,energiø bornholm,6: energiø bornholm,
6,energiø bornholm,6: energiø bornholm,
6,energiø bornholm,6: energiø bornholm,
6,energiø bornholm,6: energiø bornholm,
6,energiø bornholm,6: energiø bornholm,
6,energiø bornholm,6: energiø bornholm,
6,energiø bornholm,6: energiø bornholm,
6,energiø bornholm,6: energiø bornholm,
6,energiø bornholm,6: energiø bornholm,
6,energiø bornholm,6: energiø bornholm,
6,energiø bornholm,6: energiø bornholm,
6,energiø bornholm,6: energiø bornholm,
6,energiø bornholm,6: energiø bornholm,
6,energiø bornholm,6: energiø bornholm,
6,energiø bornholm,6: energiø bornholm,
6,energiø bornholm,6: energiø bornholm,
6,energiø bornholm,6: energiø bornholm,
6,energiø bornholm,6: energiø bornholm,
6,energiø bornholm,6: energiø bornholm,
6,energiø bornholm,6: energiø bornholm,
6,energiø bornholm,6: energiø bornholm,
6,energiø bornholm,6: energiø bornholm,
6,energiø bornholm,6: energiø bornholm,
6,energiø bornholm,6: energiø bornholm,
6,energiø bornholm,6: energiø bornholm,
6,energiø bornholm,6: energiø bornholm,
6,energiø bornholm,6: energiø bornholm,
6,energiø bornholm,6: energiø bornholm,
6,energiø bornholm,6: energiø bornholm,
6,energiø bornholm,6: energiø bornholm,
6,energiø bornholm,6: energiø bornholm,
6,energiø bornholm,6: energiø bornholm,
6,energiø bornholm,6: energiø bornholm,
6,energiø bornholm,6: energiø bornholm,
6,energiø bornholm,6: energiø bornholm,
6,energiø bornholm,6: energiø bornholm,
6,energiø bornholm,6: energiø bornholm,
6,energiø bornholm,6: energiø bornholm,
6,energiø bornholm,6: energiø bornholm,
6,energiø bornholm,6: energiø bornholm,
6,energiø bornholm,6: energiø bornholm,
6,energiø bornholm,6: energiø bornholm,
6,energiø bornholm,6: energiø bornholm,
6,energiø bornholm,6: energiø bornholm,
6,energiø bornholm,6: energiø bornholm,
6,energiø bornholm,6: energiø bornholm,
6,energiø bornholm,6: energiø bornholm,
6,energiø bornholm,6: energiø bornholm,
6,energiø bornholm,6: energiø bornholm,
6,energiø bornholm,6: energiø bornholm,
6,energiø bornholm,6: energiø bornholm,
6,energiø bornholm,6: energiø bornholm,
6,energiø bornholm,6: energiø bornholm,
6,energiø bornholm,6: energiø bornholm,
6,energiø bornholm,6: energiø bornholm,
6,energiø bornholm,6: energiø bornholm,
6,energiø bornholm,6: energiø bornholm,
6,energiø bornholm,6: energiø bornholm,
6,energiø bornholm,6: energiø bornholm,
6,energiø bornholm,6: energiø bornholm,
6,energiø bornholm,6: energiø bornholm,
6,energiø bornholm,6: energiø bornholm,
6,energiø bornholm,6: energiø bornholm,
6,energiø bornholm,6: energiø bornholm,
6,energiø bornholm,6: energiø bornholm,
6,energiø bornholm,6: energiø bornholm,
6,energiø bornholm,6: energiø bornholm,
6,energiø bornholm,6: energiø bornholm,
6,energiø bornholm,6: energiø bornholm,
6,energiø bornholm,6: energiø bornholm,
6,energiø bornholm,6: energiø bornholm,
6,energiø bornholm,6: energiø bornholm,
6,energiø bornholm,6: energiø bornholm,
0,energi island,0: energi island,
0,energi island,0: energi island,
0,energi island,0: energi island,
0,energi island,0: energi island,
0,energi island,0: energi island,
0,energi island,0: energi island,
0,energi island,0: energi island,
0,energi island,0: energi island,
0,energi island,0: energi island,
0,energi island,0: energi island,
0,energi island,0: energi island,
0,energi island,0: energi island,
0,energi island,0: energi island,
0,energi island,0: energi island,
0,energi island,0: energi island,
0,energi island,0: energi island,
0,energi island,0: energi island,
0,energi island,0: energi island,
0,energi island,0: energi island,
0,energi island,0: energi island,
0,energi island,0: energi island,
0,energi island,0: energi island,
0,energi island,0: energi island,
0,energi island,0: energi island,
0,energi island,0: energi island,
0,energi island,0: energi island,
0,energi island,0: energi island,
0,energi island,0: energi island,
0,energi island,0: energi island,
0,energi island,0: energi island,
0,energi island,0: energi island,
0,energi island,0: energi island,
0,energi island,0: energi island,
0,energi island,0: energi island,
0,energi island,0: energi island,
0,energi island,0: energi island,
0,energi island,0: energi island,
0,energi island,0: energi island,
0,energi island,0: energi island,
0,energi island,0: energi island,
0,energi island,0: energi island,
0,energi island,0: energi island,
0,energi island,0: energi island,
0,energi island,0: energi island,
0,energi island,0: energi island,
0,energi island,0: energi island,
0,energi island,0: energi island,
0,energi island,0: energi island,
0,energi island,0: energi island,
0,energi island,0: energi island,
0,energi island,0: energi island,
0,energi island,0: energi island,
0,energi island,0: energi island,
0,energi island,0: energi island,
0,energi island,0: energi island,
0,energi island,0: energi island,
0,energi island,0: energi island,
0,energi island,0: energi island,
0,energi island,0: energi island,
0,energi island,0: energi island,
0,energi island,0: energi island,
0,energi island,0: energi island,
0,energi island,0: energi island,
0,energi island,0: energi island,
0,energi island,0: energi island,
0,energi island,0: energi island,
0,energi island,0: energi island,
0,energi island,0: energi island,
0,energi island,0: energi island,
0,energi island,0: energi island,
0,energi island,0: energi island,
0,energi island,0: energi island,
0,energi island,0: energi island,
0,energi island,0: energi island,
0,energi island,0: energi island,
0,energi island,0: energi island,
0,energi island,0: energi island,
0,energi island,0: energi island,
0,energi island,0: energi island,
0,energi island,0: energi island,
0,energi island,0: energi island,
0,energi island,0: energi island,
0,energi island,0: energi island,
0,energi island,0: energi island,
0,energi island,0: energi island,
0,energi island,0: energi island,
0,energi island,0: energi island,
0,energi island,0: energi island,
0,energi island,0: energi island,
0,energi island,0: energi island,
0,energi island,0: energi island,
0,energi island,0: energi island,
0,energi island,0: energi island,
0,energi island,0: energi island,
0,energi island,0: energi island,
0,energi island,0: energi island,
0,energi island,0: energi island,
0,energi island,0: energi island,
0,energi island,0: energi island,
0,energi island,0: energi island,
0,energi island,0: energi island,
0,energi island,0: energi island,
0,energi island,0: energi island,
0,energi island,0: energi island,
0,energi island,0: energi island,
0,energi island,0: energi island,
0,energi island,0: energi island,
0,energi island,0: energi island,
0,energi island,0: energi island,
0,energi island,0: energi island,
0,energi island,0: energi island,
0,energi island,0: energi island,
0,energi island,0: energi island,
0,energi island,0: energi island,
0,energi island,0: energi island,
0,energi island,0: energi island,
0,energi island,0: energi island,
0,energi island,0: energi island,
0,energi island,0: energi island,
0,energi island,0: energi island,
0,energi island,0: energi island,
0,energi island,0: energi island,
0,energi island,0: energi island,
0,energi island,0: energi island,
0,energi island,0: energi island,
0,energi island,0: energi island,
0,energi island,0: energi island,
0,energi island,0: energi island,
0,energi island,0: energi island,
0,energi island,0: energi island,
0,energi island,0: energi island,
0,energi island,0: energi island,
0,energi island,0: energi island,
0,energi island,0: energi island,
0,energi island,0: energi island,
0,energi island,0: energi island,
0,energi island,0: energi island,
0,energi island,0: energi island,
0,energi island,0: energi island,
0,energi island,0: energi island,
0,energi island,0: energi island,
0,energi island,0: energi island,
0,energi island,0: energi island,
0,energi island,0: energi island,
0,energi island,0: energi island,
0,energi island,0: energi island,
0,energi island,0: energi island,
0,energi island,0: energi island,
0,energi island,0: energi island,
0,energi island,0: energi island,
0,energi island,0: energi island,
0,energi island,0: energi island,
0,energi island,0: energi island,
0,energi island,0: energi island,
0,energi island,0: energi island,
0,energi island,0: energi island,
0,energi island,0: energi island,
7,renew energi,7: renew energi,
7,renew energi,7: renew energi,
7,renew energi,7: renew energi,
7,renew energi,7: renew energi,
7,renew energi,7: renew energi,
7,renew energi,7: renew energi,
7,renew energi,7: renew energi,
7,renew energi,7: renew energi,
7,renew energi,7: renew energi,
7,renew energi,7: renew energi,
7,renew energi,7: renew energi,
7,renew energi,7: renew energi,
7,renew energi,7: renew energi,
7,renew energi,7: renew energi,
7,renew energi,7: renew energi,
7,renew energi,7: renew energi,
7,renew energi,7: renew energi,
7,renew energi,7: renew energi,
7,renew energi,7: renew energi,
7,renew energi,7: renew energi,
7,renew energi,7: renew energi,
7,renew energi,7: renew energi,
7,renew energi,7: renew energi,
7,renew energi,7: renew energi,
7,renew energi,7: renew energi,
7,renew energi,7: renew energi,
7,renew energi,7: renew energi,
7,renew energi,7: renew energi,
7,renew energi,7: renew energi,
7,renew energi,7: renew energi,
7,renew energi,7: renew energi,
7,renew energi,7: renew energi,
7,renew energi,7: renew energi,
7,renew energi,7: renew energi,
7,renew energi,7: renew energi,
7,renew energi,7: renew energi,
7,renew energi,7: renew energi,
7,renew energi,7: renew energi,
7,renew energi,7: renew energi,
7,renew energi,7: renew energi,
7,renew energi,7: renew energi,
7,renew energi,7: renew energi,
7,renew energi,7: renew energi,
7,renew energi,7: renew energi,
7,renew energi,7: renew energi,
7,renew energi,7: renew energi,
7,renew energi,7: renew energi,
7,renew energi,7: renew energi,
7,renew energi,7: renew energi,
7,renew energi,7: renew energi,
7,renew energi,7: renew energi,
7,renew energi,7: renew energi,
7,renew energi,7: renew energi,
7,renew energi,7: renew energi,
7,renew energi,7: renew energi,
7,renew energi,7: renew energi,
7,renew energi,7: renew energi,
7,renew energi,7: renew energi,
7,renew energi,7: renew energi,
7,renew energi,7: renew energi,
7,renew energi,7: renew energi,
7,renew energi,7: renew energi,
7,renew energi,7: renew energi,
7,renew energi,7: renew energi,
7,renew energi,7: renew energi,
7,renew energi,7: renew energi,
7,renew energi,7: renew energi,
7,renew energi,7: renew energi,
7,renew energi,7: renew energi,
7,renew energi,7: renew energi,
7,renew energi,7: renew energi,
7,renew energi,7: renew energi,
7,renew energi,7: renew energi,
7,renew energi,7: renew energi,
7,renew energi,7: renew energi,
7,renew energi,7: renew energi,
7,renew energi,7: renew energi,
7,renew energi,7: renew energi,
7,renew energi,7: renew energi,
7,renew energi,7: renew energi,
7,renew energi,7: renew energi,
7,renew energi,7: renew energi,
7,renew energi,7: renew energi,
7,renew energi,7: renew energi,
7,renew energi,7: renew energi,
7,renew energi,7: renew energi,
7,renew energi,7: renew energi,
7,renew energi,7: renew energi,
7,renew energi,7: renew energi,
7,renew energi,7: renew energi,
7,renew energi,7: renew energi,
7,renew energi,7: renew energi,
7,renew energi,7: renew energi,
7,renew energi,7: renew energi,
7,renew energi,7: renew energi,
7,renew energi,7: renew energi,
7,renew energi,7: renew energi,
7,renew energi,7: renew energi,
7,renew energi,7: renew energi,
7,renew energi,7: renew energi,
7,renew energi,7: renew energi,
7,renew energi,7: renew energi,
7,renew energi,7: renew energi,
7,renew energi,7: renew energi,
7,renew energi,7: renew energi,
7,renew energi,7: renew energi,
7,renew energi,7: renew energi,
7,renew energi,7: renew energi,
7,renew energi,7: renew energi,
7,renew energi,7: renew energi,
7,renew energi,7: renew energi,
7,renew energi,7: renew energi,
7,renew energi,7: renew energi,
7,renew energi,7: renew energi,
7,renew energi,7: renew energi,
7,renew energi,7: renew energi,
7,renew energi,7: renew energi,
7,renew energi,7: renew energi,
7,renew energi,7: renew energi,
7,renew energi,7: renew energi,
7,renew energi,7: renew energi,
7,renew energi,7: renew energi,
7,renew energi,7: renew energi,
7,renew energi,7: renew energi,
7,renew energi,7: renew energi,
7,renew energi,7: renew energi,
7,renew energi,7: renew energi,
7,renew energi,7: renew energi,
7,renew energi,7: renew energi,
7,renew energi,7: renew energi,
7,renew energi,7: renew energi,
7,renew energi,7: renew energi,
7,renew energi,7: renew energi,
7,renew energi,7: renew energi,
7,renew energi,7: renew energi,
7,renew energi,7: renew energi,
7,renew energi,7: renew energi,
7,renew energi,7: renew energi,
7,renew energi,7: renew energi,
7,renew energi,7: renew energi,
7,renew energi,7: renew energi,
7,renew energi,7: renew energi,
7,renew energi,7: renew energi,
7,renew energi,7: renew energi,
7,renew energi,7: renew energi,
7,renew energi,7: renew energi,
6,energiø bornholm,6: energiø bornholm,
6,energiø bornholm,6: energiø bornholm,
6,energiø bornholm,6: energiø bornholm,
6,energiø bornholm,6: energiø bornholm,
6,energiø bornholm,6: energiø bornholm,
6,energiø bornholm,6: energiø bornholm,
6,energiø bornholm,6: energiø bornholm,
6,energiø bornholm,6: energiø bornholm,
6,energiø bornholm,6: energiø bornholm,
6,energiø bornholm,6: energiø bornholm,
6,energiø bornholm,6: energiø bornholm,
6,energiø bornholm,6: energiø bornholm,
6,energiø bornholm,6: energiø bornholm,
6,energiø bornholm,6: energiø bornholm,
6,energiø bornholm,6: energiø bornholm,
6,energiø bornholm,6: energiø bornholm,
6,energiø bornholm,6: energiø bornholm,
6,energiø bornholm,6: energiø bornholm,
6,energiø bornholm,6: energiø bornholm,
6,energiø bornholm,6: energiø bornholm,
6,energiø bornholm,6: energiø bornholm,
6,energiø bornholm,6: energiø bornholm,
6,energiø bornholm,6: energiø bornholm,
6,energiø bornholm,6: energiø bornholm,
6,energiø bornholm,6: energiø bornholm,
6,energiø bornholm,6: energiø bornholm,
6,energiø bornholm,6: energiø bornholm,
6,energiø bornholm,6: energiø bornholm,
6,energiø bornholm,6: energiø bornholm,
6,energiø bornholm,6: energiø bornholm,
6,energiø bornholm,6: energiø bornholm,
6,energiø bornholm,6: energiø bornholm,
6,energiø bornholm,6: energiø bornholm,
6,energiø bornholm,6: energiø bornholm,
6,energiø bornholm,6: energiø bornholm,
6,energiø bornholm,6: energiø bornholm,
6,energiø bornholm,6: energiø bornholm,
6,energiø bornholm,6: energiø bornholm,
6,energiø bornholm,6: energiø bornholm,
6,energiø bornholm,6: energiø bornholm,
6,energiø bornholm,6: energiø bornholm,
6,energiø bornholm,6: energiø bornholm,
6,energiø bornholm,6: energiø bornholm,
6,energiø bornholm,6: energiø bornholm,
6,energiø bornholm,6: energiø bornholm,
6,energiø bornholm,6: energiø bornholm,
6,energiø bornholm,6: energiø bornholm,
6,energiø bornholm,6: energiø bornholm,
6,energiø bornholm,6: energiø bornholm,
6,energiø bornholm,6: energiø bornholm,
6,energiø bornholm,6: energiø bornholm,
6,energiø bornholm,6: energiø bornholm,
6,energiø bornholm,6: energiø bornholm,
6,energiø bornholm,6: energiø bornholm,
6,energiø bornholm,6: energiø bornholm,
6,energiø bornholm,6: energiø bornholm,
6,energiø bornholm,6: energiø bornholm,
6,energiø bornholm,6: energiø bornholm,
6,energiø bornholm,6: energiø bornholm,
6,energiø bornholm,6: energiø bornholm,
6,energiø bornholm,6: energiø bornholm,
6,energiø bornholm,6: energiø bornholm,
6,energiø bornholm,6: energiø bornholm,
6,energiø bornholm,6: energiø bornholm,
6,energiø bornholm,6: energiø bornholm,
6,energiø bornholm,6: energiø bornholm,
6,energiø bornholm,6: energiø bornholm,
6,energiø bornholm,6: energiø bornholm,
6,energiø bornholm,6: energiø bornholm,
6,energiø bornholm,6: energiø bornholm,
6,energiø bornholm,6: energiø bornholm,
6,energiø bornholm,6: energiø bornholm,
6,energiø bornholm,6: energiø bornholm,
6,energiø bornholm,6: energiø bornholm,
6,energiø bornholm,6: energiø bornholm,
6,energiø bornholm,6: energiø bornholm,
6,energiø bornholm,6: energiø bornholm,
6,energiø bornholm,6: energiø bornholm,
6,energiø bornholm,6: energiø bornholm,
6,energiø bornholm,6: energiø bornholm,
6,energiø bornholm,6: energiø bornholm,
6,energiø bornholm,6: energiø bornholm,
6,energiø bornholm,6: energiø bornholm,
6,energiø bornholm,6: energiø bornholm,
6,energiø bornholm,6: energiø bornholm,
6,energiø bornholm,6: energiø bornholm,
6,energiø bornholm,6: energiø bornholm,
6,energiø bornholm,6: energiø bornholm,
6,energiø bornholm,6: energiø bornholm,
6,energiø bornholm,6: energiø bornholm,
6,energiø bornholm,6: energiø bornholm,
6,energiø bornholm,6: energiø bornholm,
6,energiø bornholm,6: energiø bornholm,
6,energiø bornholm,6: energiø bornholm,
6,energiø bornholm,6: energiø bornholm,
6,energiø bornholm,6: energiø bornholm,
6,energiø bornholm,6: energiø bornholm,
6,energiø bornholm,6: energiø bornholm,
6,energiø bornholm,6: energiø bornholm,
6,energiø bornholm,6: energiø bornholm,
6,energiø bornholm,6: energiø bornholm,
6,energiø bornholm,6: energiø bornholm,
6,energiø bornholm,6: energiø bornholm,
6,energiø bornholm,6: energiø bornholm,
6,energiø bornholm,6: energiø bornholm,
6,energiø bornholm,6: energiø bornholm,
6,energiø bornholm,6: energiø bornholm,
6,energiø bornholm,6: energiø bornholm,
6,energiø bornholm,6: energiø bornholm,
6,energiø bornholm,6: energiø bornholm,
6,energiø bornholm,6: energiø bornholm,
6,energiø bornholm,6: energiø bornholm,
6,energiø bornholm,6: energiø bornholm,
6,energiø bornholm,6: energiø bornholm,
6,energiø bornholm,6: energiø bornholm,
6,energiø bornholm,6: energiø bornholm,
6,energiø bornholm,6: energiø bornholm,
6,energiø bornholm,6: energiø bornholm,
6,energiø bornholm,6: energiø bornholm,
6,energiø bornholm,6: energiø bornholm,
6,energiø bornholm,6: energiø bornholm,
6,energiø bornholm,6: energiø bornholm,
6,energiø bornholm,6: energiø bornholm,
6,energiø bornholm,6: energiø bornholm,
6,energiø bornholm,6: energiø bornholm,
6,energiø bornholm,6: energiø bornholm,
6,energiø bornholm,6: energiø bornholm,
6,energiø bornholm,6: energiø bornholm,
6,energiø bornholm,6: energiø bornholm,
6,energiø bornholm,6: energiø bornholm,
6,energiø bornholm,6: energiø bornholm,
6,energiø bornholm,6: energiø bornholm,
6,energiø bornholm,6: energiø bornholm,
6,energiø bornholm,6: energiø bornholm,
6,energiø bornholm,6: energiø bornholm,
6,energiø bornholm,6: energiø bornholm,
6,energiø bornholm,6: energiø bornholm,
6,energiø bornholm,6: energiø bornholm,
6,energiø bornholm,6: energiø bornholm,
6,energiø bornholm,6: energiø bornholm,
6,energiø bornholm,6: energiø bornholm,
6,energiø bornholm,6: energiø bornholm,
6,energiø bornholm,6: energiø bornholm,
6,energiø bornholm,6: energiø bornholm,
6,energiø bornholm,6: energiø bornholm,
6,energiø bornholm,6: energiø bornholm,
6,energiø bornholm,6: energiø bornholm,
6,energiø bornholm,6: energiø bornholm,
6,energiø bornholm,6: energiø bornholm,
6,energiø bornholm,6: energiø bornholm,
6,energiø bornholm,6: energiø bornholm,
6,energiø bornholm,6: energiø bornholm,
6,energiø bornholm,6: energiø bornholm,
6,energiø bornholm,6: energiø bornholm,
6,energiø bornholm,6: energiø bornholm,
6,energiø bornholm,6: energiø bornholm,
6,energiø bornholm,6: energiø bornholm,
6,energiø bornholm,6: energiø bornholm,
6,energiø bornholm,6: energiø bornholm,
6,energiø bornholm,6: energiø bornholm,
6,energiø bornholm,6: energiø bornholm,
6,energiø bornholm,6: energiø bornholm,
6,energiø bornholm,6: energiø bornholm,
6,energiø bornholm,6: energiø bornholm,
6,energiø bornholm,6: energiø bornholm,
6,energiø bornholm,6: energiø bornholm,
6,energiø bornholm,6: energiø bornholm,
6,energiø bornholm,6: energiø bornholm,
6,energiø bornholm,6: energiø bornholm,
6,energiø bornholm,6: energiø bornholm,
6,energiø bornholm,6: energiø bornholm,
7,renew energi,7: renew energi,
7,renew energi,7: renew energi,
7,renew energi,7: renew energi,
7,renew energi,7: renew energi,
7,renew energi,7: renew energi,
7,renew energi,7: renew energi,
7,renew energi,7: renew energi,
7,renew energi,7: renew energi,
7,renew energi,7: renew energi,
7,renew energi,7: renew energi,
7,renew energi,7: renew energi,
7,renew energi,7: renew energi,
7,renew energi,7: renew energi,
7,renew energi,7: renew energi,
7,renew energi,7: renew energi,
7,renew energi,7: renew energi,
7,renew energi,7: renew energi,
7,renew energi,7: renew energi,
7,renew energi,7: renew energi,
7,renew energi,7: renew energi,
7,renew energi,7: renew energi,
7,renew energi,7: renew energi,
7,renew energi,7: renew energi,
7,renew energi,7: renew energi,
7,renew energi,7: renew energi,
7,renew energi,7: renew energi,
7,renew energi,7: renew energi,
7,renew energi,7: renew energi,
7,renew energi,7: renew energi,
7,renew energi,7: renew energi,
7,renew energi,7: renew energi,
7,renew energi,7: renew energi,
7,renew energi,7: renew energi,
7,renew energi,7: renew energi,
7,renew energi,7: renew energi,
7,renew energi,7: renew energi,
7,renew energi,7: renew energi,
7,renew energi,7: renew energi,
7,renew energi,7: renew energi,
7,renew energi,7: renew energi,
7,renew energi,7: renew energi,
7,renew energi,7: renew energi,
7,renew energi,7: renew energi,
7,renew energi,7: renew energi,
7,renew energi,7: renew energi,
7,renew energi,7: renew energi,
7,renew energi,7: renew energi,
7,renew energi,7: renew energi,
7,renew energi,7: renew energi,
7,renew energi,7: renew energi,
7,renew energi,7: renew energi,
7,renew energi,7: renew energi,
7,renew energi,7: renew energi,
7,renew energi,7: renew energi,
7,renew energi,7: renew energi,
7,renew energi,7: renew energi,
7,renew energi,7: renew energi,
7,renew energi,7: renew energi,
7,renew energi,7: renew energi,
7,renew energi,7: renew energi,
7,renew energi,7: renew energi,
7,renew energi,7: renew energi,
7,renew energi,7: renew energi,
7,renew energi,7: renew energi,
7,renew energi,7: renew energi,
7,renew energi,7: renew energi,
7,renew energi,7: renew energi,
7,renew energi,7: renew energi,
7,renew energi,7: renew energi,
7,renew energi,7: renew energi,
7,renew energi,7: renew energi,
7,renew energi,7: renew energi,
7,renew energi,7: renew energi,
7,renew energi,7: renew energi,
7,renew energi,7: renew energi,
7,renew energi,7: renew energi,
7,renew energi,7: renew energi,
7,renew energi,7: renew energi,
7,renew energi,7: renew energi,
7,renew energi,7: renew energi,
7,renew energi,7: renew energi,
7,renew energi,7: renew energi,
7,renew energi,7: renew energi,
7,renew energi,7: renew energi,
7,renew energi,7: renew energi,
7,renew energi,7: renew energi,
7,renew energi,7: renew energi,
7,renew energi,7: renew energi,
7,renew energi,7: renew energi,
7,renew energi,7: renew energi,
7,renew energi,7: renew energi,
7,renew energi,7: renew energi,
7,renew energi,7: renew energi,
7,renew energi,7: renew energi,
7,renew energi,7: renew energi,
7,renew energi,7: renew energi,
7,renew energi,7: renew energi,
7,renew energi,7: renew energi,
7,renew energi,7: renew energi,
7,renew energi,7: renew energi,
7,renew energi,7: renew energi,
7,renew energi,7: renew energi,
7,renew energi,7: renew energi,
7,renew energi,7: renew energi,
7,renew energi,7: renew energi,
7,renew energi,7: renew energi,
7,renew energi,7: renew energi,
7,renew energi,7: renew energi,
7,renew energi,7: renew energi,
7,renew energi,7: renew energi,
7,renew energi,7: renew energi,
7,renew energi,7: renew energi,
7,renew energi,7: renew energi,
7,renew energi,7: renew energi,
7,renew energi,7: renew energi,
7,renew energi,7: renew energi,
7,renew energi,7: renew energi,
7,renew energi,7: renew energi,
7,renew energi,7: renew energi,
7,renew energi,7: renew energi,
7,renew energi,7: renew energi,
7,renew energi,7: renew energi,
7,renew energi,7: renew energi,
7,renew energi,7: renew energi,
7,renew energi,7: renew energi,
7,renew energi,7: renew energi,
7,renew energi,7: renew energi,
7,renew energi,7: renew energi,
7,renew energi,7: renew energi,
7,renew energi,7: renew energi,
7,renew energi,7: renew energi,
7,renew energi,7: renew energi,
7,renew energi,7: renew energi,
7,renew energi,7: renew energi,
7,renew energi,7: renew energi,
7,renew energi,7: renew energi,
7,renew energi,7: renew energi,
7,renew energi,7: renew energi,
7,renew energi,7: renew energi,
7,renew energi,7: renew energi,
7,renew energi,7: renew energi,
7,renew energi,7: renew energi,
7,renew energi,7: renew energi,
7,renew energi,7: renew energi,
7,renew energi,7: renew energi,
7,renew energi,7: renew energi,
3,offshor wind,3: offshor wind,
3,offshor wind,3: offshor wind,
3,offshor wind,3: offshor wind,
3,offshor wind,3: offshor wind,
3,offshor wind,3: offshor wind,
3,offshor wind,3: offshor wind,
3,offshor wind,3: offshor wind,
3,offshor wind,3: offshor wind,
3,offshor wind,3: offshor wind,
3,offshor wind,3: offshor wind,
3,offshor wind,3: offshor wind,
3,offshor wind,3: offshor wind,
3,offshor wind,3: offshor wind,
3,offshor wind,3: offshor wind,
3,offshor wind,3: offshor wind,
3,offshor wind,3: offshor wind,
3,offshor wind,3: offshor wind,
3,offshor wind,3: offshor wind,
3,offshor wind,3: offshor wind,
3,offshor wind,3: offshor wind,
3,offshor wind,3: offshor wind,
3,offshor wind,3: offshor wind,
3,offshor wind,3: offshor wind,
3,offshor wind,3: offshor wind,
3,offshor wind,3: offshor wind,
3,offshor wind,3: offshor wind,
3,offshor wind,3: offshor wind,
3,offshor wind,3: offshor wind,
3,offshor wind,3: offshor wind,
3,offshor wind,3: offshor wind,
3,offshor wind,3: offshor wind,
3,offshor wind,3: offshor wind,
3,offshor wind,3: offshor wind,
3,offshor wind,3: offshor wind,
3,offshor wind,3: offshor wind,
3,offshor wind,3: offshor wind,
3,offshor wind,3: offshor wind,
3,offshor wind,3: offshor wind,
3,offshor wind,3: offshor wind,
3,offshor wind,3: offshor wind,
3,offshor wind,3: offshor wind,
3,offshor wind,3: offshor wind,
3,offshor wind,3: offshor wind,
3,offshor wind,3: offshor wind,
3,offshor wind,3: offshor wind,
3,offshor wind,3: offshor wind,
3,offshor wind,3: offshor wind,
3,offshor wind,3: offshor wind,
3,offshor wind,3: offshor wind,
3,offshor wind,3: offshor wind,
3,offshor wind,3: offshor wind,
3,offshor wind,3: offshor wind,
3,offshor wind,3: offshor wind,
3,offshor wind,3: offshor wind,
3,offshor wind,3: offshor wind,
3,offshor wind,3: offshor wind,
3,offshor wind,3: offshor wind,
3,offshor wind,3: offshor wind,
3,offshor wind,3: offshor wind,
3,offshor wind,3: offshor wind,
3,offshor wind,3: offshor wind,
3,offshor wind,3: offshor wind,
3,offshor wind,3: offshor wind,
3,offshor wind,3: offshor wind,
3,offshor wind,3: offshor wind,
3,offshor wind,3: offshor wind,
3,offshor wind,3: offshor wind,
3,offshor wind,3: offshor wind,
3,offshor wind,3: offshor wind,
3,offshor wind,3: offshor wind,
3,offshor wind,3: offshor wind,
3,offshor wind,3: offshor wind,
3,offshor wind,3: offshor wind,
3,offshor wind,3: offshor wind,
3,offshor wind,3: offshor wind,
3,offshor wind,3: offshor wind,
3,offshor wind,3: offshor wind,
3,offshor wind,3: offshor wind,
3,offshor wind,3: offshor wind,
3,offshor wind,3: offshor wind,
3,offshor wind,3: offshor wind,
3,offshor wind,3: offshor wind,
3,offshor wind,3: offshor wind,
3,offshor wind,3: offshor wind,
3,offshor wind,3: offshor wind,
3,offshor wind,3: offshor wind,
3,offshor wind,3: offshor wind,
3,offshor wind,3: offshor wind,
3,offshor wind,3: offshor wind,
3,offshor wind,3: offshor wind,
3,offshor wind,3: offshor wind,
3,offshor wind,3: offshor wind,
3,offshor wind,3: offshor wind,
3,offshor wind,3: offshor wind,
3,offshor wind,3: offshor wind,
3,offshor wind,3: offshor wind,
3,offshor wind,3: offshor wind,
3,offshor wind,3: offshor wind,
3,offshor wind,3: offshor wind,
3,offshor wind,3: offshor wind,
3,offshor wind,3: offshor wind,
3,offshor wind,3: offshor wind,
3,offshor wind,3: offshor wind,
3,offshor wind,3: offshor wind,
3,offshor wind,3: offshor wind,
3,offshor wind,3: offshor wind,
3,offshor wind,3: offshor wind,
3,offshor wind,3: offshor wind,
3,offshor wind,3: offshor wind,
3,offshor wind,3: offshor wind,
3,offshor wind,3: offshor wind,
3,offshor wind,3: offshor wind,
3,offshor wind,3: offshor wind,
5,offshor grid,5: offshor grid,
5,offshor grid,5: offshor grid,
5,offshor grid,5: offshor grid,
5,offshor grid,5: offshor grid,
5,offshor grid,5: offshor grid,
5,offshor grid,5: offshor grid,
5,offshor grid,5: offshor grid,
5,offshor grid,5: offshor grid,
5,offshor grid,5: offshor grid,
5,offshor grid,5: offshor grid,
5,offshor grid,5: offshor grid,
5,offshor grid,5: offshor grid,
5,offshor grid,5: offshor grid,
5,offshor grid,5: offshor grid,
5,offshor grid,5: offshor grid,
5,offshor grid,5: offshor grid,
5,offshor grid,5: offshor grid,
5,offshor grid,5: offshor grid,
5,offshor grid,5: offshor grid,
5,offshor grid,5: offshor grid,
5,offshor grid,5: offshor grid,
5,offshor grid,5: offshor grid,
5,offshor grid,5: offshor grid,
5,offshor grid,5: offshor grid,
5,offshor grid,5: offshor grid,
5,offshor grid,5: offshor grid,
5,offshor grid,5: offshor grid,
5,offshor grid,5: offshor grid,
5,offshor grid,5: offshor grid,
5,offshor grid,5: offshor grid,
5,offshor grid,5: offshor grid,
5,offshor grid,5: offshor grid,
5,offshor grid,5: offshor grid,
5,offshor grid,5: offshor grid,
5,offshor grid,5: offshor grid,
5,offshor grid,5: offshor grid,
5,offshor grid,5: offshor grid,
5,offshor grid,5: offshor grid,
5,offshor grid,5: offshor grid,
5,offshor grid,5: offshor grid,
5,offshor grid,5: offshor grid,
5,offshor grid,5: offshor grid,
5,offshor grid,5: offshor grid,
5,offshor grid,5: offshor grid,
5,offshor grid,5: offshor grid,
5,offshor grid,5: offshor grid,
5,offshor grid,5: offshor grid,
5,offshor grid,5: offshor grid,
5,offshor grid,5: offshor grid,
5,offshor grid,5: offshor grid,
5,offshor grid,5: offshor grid,
5,offshor grid,5: offshor grid,
5,offshor grid,5: offshor grid,
5,offshor grid,5: offshor grid,
5,offshor grid,5: offshor grid,
5,offshor grid,5: offshor grid,
5,offshor grid,5: offshor grid,
5,offshor grid,5: offshor grid,
5,offshor grid,5: offshor grid,
5,offshor grid,5: offshor grid,
5,offshor grid,5: offshor grid,
5,offshor grid,5: offshor grid,
5,offshor grid,5: offshor grid,
5,offshor grid,5: offshor grid,
5,offshor grid,5: offshor grid,
5,offshor grid,5: offshor grid,
5,offshor grid,5: offshor grid,
5,offshor grid,5: offshor grid,
5,offshor grid,5: offshor grid,
5,offshor grid,5: offshor grid,
5,offshor grid,5: offshor grid,
5,offshor grid,5: offshor grid,
5,offshor grid,5: offshor grid,
5,offshor grid,5: offshor grid,
5,offshor grid,5: offshor grid,
5,offshor grid,5: offshor grid,
5,offshor grid,5: offshor grid,
5,offshor grid,5: offshor grid,
5,offshor grid,5: offshor grid,
5,offshor grid,5: offshor grid,
5,offshor grid,5: offshor grid,
5,offshor grid,5: offshor grid,
5,offshor grid,5: offshor grid,
5,offshor grid,5: offshor grid,
5,offshor grid,5: offshor grid,
5,offshor grid,5: offshor grid,
5,offshor grid,5: offshor grid,
5,offshor grid,5: offshor grid,
5,offshor grid,5: offshor grid,
5,offshor grid,5: offshor grid,
5,offshor grid,5: offshor grid,
5,offshor grid,5: offshor grid,
5,offshor grid,5: offshor grid,
5,offshor grid,5: offshor grid,
5,offshor grid,5: offshor grid,
5,offshor grid,5: offshor grid,
5,offshor grid,5: offshor grid,
5,offshor grid,5: offshor grid,
5,offshor grid,5: offshor grid,
5,offshor grid,5: offshor grid,
5,offshor grid,5: offshor grid,
5,offshor grid,5: offshor grid,
5,offshor grid,5: offshor grid,
5,offshor grid,5: offshor grid,
5,offshor grid,5: offshor grid,
5,offshor grid,5: offshor grid,
5,offshor grid,5: offshor grid,
5,offshor grid,5: offshor grid,
5,offshor grid,5: offshor grid,
5,offshor grid,5: offshor grid,
5,offshor grid,5: offshor grid,
5,offshor grid,5: offshor grid,
5,offshor grid,5: offshor grid,
5,offshor grid,5: offshor grid,
5,offshor grid,5: offshor grid,
5,offshor grid,5: offshor grid,
5,offshor grid,5: offshor grid,
5,offshor grid,5: offshor grid,
5,offshor grid,5: offshor grid,
5,offshor grid,5: offshor grid,
5,offshor grid,5: offshor grid,
5,offshor grid,5: offshor grid,
5,offshor grid,5: offshor grid,
5,offshor grid,5: offshor grid,
5,offshor grid,5: offshor grid,
5,offshor grid,5: offshor grid,
5,offshor grid,5: offshor grid,
5,offshor grid,5: offshor grid,
5,offshor grid,5: offshor grid,
5,offshor grid,5: offshor grid,
5,offshor grid,5: offshor grid,
5,offshor grid,5: offshor grid,
5,offshor grid,5: offshor grid,
5,offshor grid,5: offshor grid,
5,offshor grid,5: offshor grid,
5,offshor grid,5: offshor grid,
5,offshor grid,5: offshor grid,
5,offshor grid,5: offshor grid,
5,offshor grid,5: offshor grid,
5,offshor grid,5: offshor grid,
5,offshor grid,5: offshor grid,
5,offshor grid,5: offshor grid,
5,offshor grid,5: offshor grid,
5,offshor grid,5: offshor grid,
5,offshor grid,5: offshor grid,
5,offshor grid,5: offshor grid,
5,offshor grid,5: offshor grid,
5,offshor grid,5: offshor grid,
5,offshor grid,5: offshor grid,
5,offshor grid,5: offshor grid,
5,offshor grid,5: offshor grid,
5,offshor grid,5: offshor grid,
5,offshor grid,5: offshor grid,
5,offshor grid,5: offshor grid,
5,offshor grid,5: offshor grid,
5,offshor grid,5: offshor grid,
5,offshor grid,5: offshor grid,
5,offshor grid,5: offshor grid,
5,offshor grid,5: offshor grid,
5,offshor grid,5: offshor grid,
5,offshor grid,5: offshor grid,
5,offshor grid,5: offshor grid,
5,offshor grid,5: offshor grid,
5,offshor grid,5: offshor grid,
5,offshor grid,5: offshor grid,
5,offshor grid,5: offshor grid,
5,offshor grid,5: offshor grid,
5,offshor grid,5: offshor grid,
5,offshor grid,5: offshor grid,
5,offshor grid,5: offshor grid,
5,offshor grid,5: offshor grid,
5,offshor grid,5: offshor grid,
5,offshor grid,5: offshor grid,
5,offshor grid,5: offshor grid,
5,offshor grid,5: offshor grid,
5,offshor grid,5: offshor grid,
5,offshor grid,5: offshor grid,
5,offshor grid,5: offshor grid,
5,offshor grid,5: offshor grid,
5,offshor grid,5: offshor grid,
5,offshor grid,5: offshor grid,
5,offshor grid,5: offshor grid,
5,offshor grid,5: offshor grid,
5,offshor grid,5: offshor grid,
5,offshor grid,5: offshor grid,
5,offshor grid,5: offshor grid,
5,offshor grid,5: offshor grid,
5,offshor grid,5: offshor grid,
5,offshor grid,5: offshor grid,
5,offshor grid,5: offshor grid,
5,offshor grid,5: offshor grid,
5,offshor grid,5: offshor grid,
5,offshor grid,5: offshor grid,
5,offshor grid,5: offshor grid,
5,offshor grid,5: offshor grid,
5,offshor grid,5: offshor grid,
5,offshor grid,5: offshor grid,
5,offshor grid,5: offshor grid,
5,offshor grid,5: offshor grid,
5,offshor grid,5: offshor grid,
5,offshor grid,5: offshor grid,
5,offshor grid,5: offshor grid,
5,offshor grid,5: offshor grid,
5,offshor grid,5: offshor grid,
5,offshor grid,5: offshor grid,
5,offshor grid,5: offshor grid,
5,offshor grid,5: offshor grid,
5,offshor grid,5: offshor grid,
5,offshor grid,5: offshor grid,
5,offshor grid,5: offshor grid,
5,offshor grid,5: offshor grid,
5,offshor grid,5: offshor grid,
5,offshor grid,5: offshor grid,
5,offshor grid,5: offshor grid,
5,offshor grid,5: offshor grid,
5,offshor grid,5: offshor grid,
5,offshor grid,5: offshor grid,
5,offshor grid,5: offshor grid,
5,offshor grid,5: offshor grid,
5,offshor grid,5: offshor grid,
5,offshor grid,5: offshor grid,
5,offshor grid,5: offshor grid,
5,offshor grid,5: offshor grid,
5,offshor grid,5: offshor grid,
5,offshor grid,5: offshor grid,
5,offshor grid,5: offshor grid,
5,offshor grid,5: offshor grid,
5,offshor grid,5: offshor grid,
5,offshor grid,5: offshor grid,
5,offshor grid,5: offshor grid,
5,offshor grid,5: offshor grid,
5,offshor grid,5: offshor grid,
5,offshor grid,5: offshor grid,
5,offshor grid,5: offshor grid,
5,offshor grid,5: offshor grid,
5,offshor grid,5: offshor grid,
5,offshor grid,5: offshor grid,
5,offshor grid,5: offshor grid,
5,offshor grid,5: offshor grid,
5,offshor grid,5: offshor grid,
5,offshor grid,5: offshor grid,
5,offshor grid,5: offshor grid,
5,offshor grid,5: offshor grid,
5,offshor grid,5: offshor grid,
5,offshor grid,5: offshor grid,
5,offshor grid,5: offshor grid,
5,offshor grid,5: offshor grid,
5,offshor grid,5: offshor grid,
5,offshor grid,5: offshor grid,
5,offshor grid,5: offshor grid,
5,offshor grid,5: offshor grid,
5,offshor grid,5: offshor grid,
5,offshor grid,5: offshor grid,
5,offshor grid,5: offshor grid,
5,offshor grid,5: offshor grid,
5,offshor grid,5: offshor grid,
5,offshor grid,5: offshor grid,
5,offshor grid,5: offshor grid,
5,offshor grid,5: offshor grid,
5,offshor grid,5: offshor grid,
5,offshor grid,5: offshor grid,
5,offshor grid,5: offshor grid,
5,offshor grid,5: offshor grid,
5,offshor grid,5: offshor grid,
5,offshor grid,5: offshor grid,
5,offshor grid,5: offshor grid,
5,offshor grid,5: offshor grid,
5,offshor grid,5: offshor grid,
5,offshor grid,5: offshor grid,
5,offshor grid,5: offshor grid,
5,offshor grid,5: offshor grid,
5,offshor grid,5: offshor grid,
5,offshor grid,5: offshor grid,
5,offshor grid,5: offshor grid,
5,offshor grid,5: offshor grid,
5,offshor grid,5: offshor grid,
5,offshor grid,5: offshor grid,
5,offshor grid,5: offshor grid,
5,offshor grid,5: offshor grid,
5,offshor grid,5: offshor grid,
5,offshor grid,5: offshor grid,
5,offshor grid,5: offshor grid,
5,offshor grid,5: offshor grid,
5,offshor grid,5: offshor grid,
5,offshor grid,5: offshor grid,
5,offshor grid,5: offshor grid,
5,offshor grid,5: offshor grid,
5,offshor grid,5: offshor grid,
5,offshor grid,5: offshor grid,
5,offshor grid,5: offshor grid,
5,offshor grid,5: offshor grid,
5,offshor grid,5: offshor grid,
5,offshor grid,5: offshor grid,
5,offshor grid,5: offshor grid,
5,offshor grid,5: offshor grid,
5,offshor grid,5: offshor grid,
5,offshor grid,5: offshor grid,
5,offshor grid,5: offshor grid,
5,offshor grid,5: offshor grid,
5,offshor grid,5: offshor grid,
5,offshor grid,5: offshor grid,
5,offshor grid,5: offshor grid,
5,offshor grid,5: offshor grid,
5,offshor grid,5: offshor grid,
5,offshor grid,5: offshor grid,
5,offshor grid,5: offshor grid,
5,offshor grid,5: offshor grid,
5,offshor grid,5: offshor grid,
5,offshor grid,5: offshor grid,
5,offshor grid,5: offshor grid,
5,offshor grid,5: offshor grid,
5,offshor grid,5: offshor grid,
5,offshor grid,5: offshor grid,
5,offshor grid,5: offshor grid,
5,offshor grid,5: offshor grid,
5,offshor grid,5: offshor grid,
5,offshor grid,5: offshor grid,
5,offshor grid,5: offshor grid,
5,offshor grid,5: offshor grid,
5,offshor grid,5: offshor grid,
5,offshor grid,5: offshor grid,
5,offshor grid,5: offshor grid,
5,offshor grid,5: offshor grid,
5,offshor grid,5: offshor grid,
5,offshor grid,5: offshor grid,
5,offshor grid,5: offshor grid,
5,offshor grid,5: offshor grid,
5,offshor grid,5: offshor grid,
5,offshor grid,5: offshor grid,
5,offshor grid,5: offshor grid,
5,offshor grid,5: offshor grid,
5,offshor grid,5: offshor grid,
5,offshor grid,5: offshor grid,
5,offshor grid,5: offshor grid,
5,offshor grid,5: offshor grid,
5,offshor grid,5: offshor grid,
5,offshor grid,5: offshor grid,
5,offshor grid,5: offshor grid,
5,offshor grid,5: offshor grid,
5,offshor grid,5: offshor grid,
5,offshor grid,5: offshor grid,
5,offshor grid,5: offshor grid,
5,offshor grid,5: offshor grid,
5,offshor grid,5: offshor grid,
5,offshor grid,5: offshor grid,
5,offshor grid,5: offshor grid,
5,offshor grid,5: offshor grid,
5,offshor grid,5: offshor grid,
5,offshor grid,5: offshor grid,
5,offshor grid,5: offshor grid,
8,wind turbin,8: wind turbin,
8,wind turbin,8: wind turbin,
8,wind turbin,8: wind turbin,
8,wind turbin,8: wind turbin,
8,wind turbin,8: wind turbin,
8,wind turbin,8: wind turbin,
8,wind turbin,8: wind turbin,
8,wind turbin,8: wind turbin,
8,wind turbin,8: wind turbin,
8,wind turbin,8: wind turbin,
8,wind turbin,8: wind turbin,
8,wind turbin,8: wind turbin,
8,wind turbin,8: wind turbin,
8,wind turbin,8: wind turbin,
8,wind turbin,8: wind turbin,
8,wind turbin,8: wind turbin,
8,wind turbin,8: wind turbin,
8,wind turbin,8: wind turbin,
8,wind turbin,8: wind turbin,
8,wind turbin,8: wind turbin,
8,wind turbin,8: wind turbin,
8,wind turbin,8: wind turbin,
8,wind turbin,8: wind turbin,
8,wind turbin,8: wind turbin,
8,wind turbin,8: wind turbin,
8,wind turbin,8: wind turbin,
8,wind turbin,8: wind turbin,
8,wind turbin,8: wind turbin,
8,wind turbin,8: wind turbin,
8,wind turbin,8: wind turbin,
8,wind turbin,8: wind turbin,
8,wind turbin,8: wind turbin,
8,wind turbin,8: wind turbin,
8,wind turbin,8: wind turbin,
8,wind turbin,8: wind turbin,
8,wind turbin,8: wind turbin,
8,wind turbin,8: wind turbin,
8,wind turbin,8: wind turbin,
8,wind turbin,8: wind turbin,
8,wind turbin,8: wind turbin,
8,wind turbin,8: wind turbin,
8,wind turbin,8: wind turbin,
8,wind turbin,8: wind turbin,
8,wind turbin,8: wind turbin,
8,wind turbin,8: wind turbin,
8,wind turbin,8: wind turbin,
8,wind turbin,8: wind turbin,
8,wind turbin,8: wind turbin,
8,wind turbin,8: wind turbin,
8,wind turbin,8: wind turbin,
8,wind turbin,8: wind turbin,
8,wind turbin,8: wind turbin,
8,wind turbin,8: wind turbin,
8,wind turbin,8: wind turbin,
8,wind turbin,8: wind turbin,
8,wind turbin,8: wind turbin,
8,wind turbin,8: wind turbin,
8,wind turbin,8: wind turbin,
8,wind turbin,8: wind turbin,
8,wind turbin,8: wind turbin,
8,wind turbin,8: wind turbin,
8,wind turbin,8: wind turbin,
8,wind turbin,8: wind turbin,
8,wind turbin,8: wind turbin,
8,wind turbin,8: wind turbin,
8,wind turbin,8: wind turbin,
8,wind turbin,8: wind turbin,
8,wind turbin,8: wind turbin,
8,wind turbin,8: wind turbin,
8,wind turbin,8: wind turbin,
8,wind turbin,8: wind turbin,
8,wind turbin,8: wind turbin,
8,wind turbin,8: wind turbin,
8,wind turbin,8: wind turbin,
8,wind turbin,8: wind turbin,
8,wind turbin,8: wind turbin,
8,wind turbin,8: wind turbin,
8,wind turbin,8: wind turbin,
8,wind turbin,8: wind turbin,
8,wind turbin,8: wind turbin,
8,wind turbin,8: wind turbin,
8,wind turbin,8: wind turbin,
8,wind turbin,8: wind turbin,
8,wind turbin,8: wind turbin,
8,wind turbin,8: wind turbin,
8,wind turbin,8: wind turbin,
8,wind turbin,8: wind turbin,
8,wind turbin,8: wind turbin,
8,wind turbin,8: wind turbin,
8,wind turbin,8: wind turbin,
8,wind turbin,8: wind turbin,
8,wind turbin,8: wind turbin,
8,wind turbin,8: wind turbin,
8,wind turbin,8: wind turbin,
8,wind turbin,8: wind turbin,
8,wind turbin,8: wind turbin,
8,wind turbin,8: wind turbin,
8,wind turbin,8: wind turbin,
8,wind turbin,8: wind turbin,
8,wind turbin,8: wind turbin,
8,wind turbin,8: wind turbin,
8,wind turbin,8: wind turbin,
8,wind turbin,8: wind turbin,
8,wind turbin,8: wind turbin,
8,wind turbin,8: wind turbin,
8,wind turbin,8: wind turbin,
8,wind turbin,8: wind turbin,
8,wind turbin,8: wind turbin,
8,wind turbin,8: wind turbin,
8,wind turbin,8: wind turbin,
8,wind turbin,8: wind turbin,
8,wind turbin,8: wind turbin,
8,wind turbin,8: wind turbin,
8,wind turbin,8: wind turbin,
8,wind turbin,8: wind turbin,
8,wind turbin,8: wind turbin,
8,wind turbin,8: wind turbin,
8,wind turbin,8: wind turbin,
8,wind turbin,8: wind turbin,
8,wind turbin,8: wind turbin,
8,wind turbin,8: wind turbin,
8,wind turbin,8: wind turbin,
8,wind turbin,8: wind turbin,
8,wind turbin,8: wind turbin,
8,wind turbin,8: wind turbin,
8,wind turbin,8: wind turbin,
8,wind turbin,8: wind turbin,
8,wind turbin,8: wind turbin,
8,wind turbin,8: wind turbin,
8,wind turbin,8: wind turbin,
7,renew energi,7: renew energi,
7,renew energi,7: renew energi,
7,renew energi,7: renew energi,
7,renew energi,7: renew energi,
7,renew energi,7: renew energi,
7,renew energi,7: renew energi,
7,renew energi,7: renew energi,
7,renew energi,7: renew energi,
7,renew energi,7: renew energi,
7,renew energi,7: renew energi,
7,renew energi,7: renew energi,
7,renew energi,7: renew energi,
7,renew energi,7: renew energi,
7,renew energi,7: renew energi,
7,renew energi,7: renew energi,
7,renew energi,7: renew energi,
7,renew energi,7: renew energi,
7,renew energi,7: renew energi,
7,renew energi,7: renew energi,
7,renew energi,7: renew energi,
7,renew energi,7: renew energi,
7,renew energi,7: renew energi,
7,renew energi,7: renew energi,
7,renew energi,7: renew energi,
7,renew energi,7: renew energi,
7,renew energi,7: renew energi,
7,renew energi,7: renew energi,
7,renew energi,7: renew energi,
7,renew energi,7: renew energi,
7,renew energi,7: renew energi,
7,renew energi,7: renew energi,
7,renew energi,7: renew energi,
7,renew energi,7: renew energi,
7,renew energi,7: renew energi,
7,renew energi,7: renew energi,
7,renew energi,7: renew energi,
7,renew energi,7: renew energi,
7,renew energi,7: renew energi,
7,renew energi,7: renew energi,
7,renew energi,7: renew energi,
7,renew energi,7: renew energi,
7,renew energi,7: renew energi,
7,renew energi,7: renew energi,
7,renew energi,7: renew energi,
7,renew energi,7: renew energi,
7,renew energi,7: renew energi,
7,renew energi,7: renew energi,
7,renew energi,7: renew energi,
7,renew energi,7: renew energi,
7,renew energi,7: renew energi,
7,renew energi,7: renew energi,
7,renew energi,7: renew energi,
7,renew energi,7: renew energi,
7,renew energi,7: renew energi,
7,renew energi,7: renew energi,
7,renew energi,7: renew energi,
7,renew energi,7: renew energi,
7,renew energi,7: renew energi,
7,renew energi,7: renew energi,
7,renew energi,7: renew energi,
7,renew energi,7: renew energi,
7,renew energi,7: renew energi,
7,renew energi,7: renew energi,
7,renew energi,7: renew energi,
7,renew energi,7: renew energi,
7,renew energi,7: renew energi,
7,renew energi,7: renew energi,
7,renew energi,7: renew energi,
7,renew energi,7: renew energi,
7,renew energi,7: renew energi,
7,renew energi,7: renew energi,
7,renew energi,7: renew energi,
7,renew energi,7: renew energi,
7,renew energi,7: renew energi,
7,renew energi,7: renew energi,
7,renew energi,7: renew energi,
7,renew energi,7: renew energi,
7,renew energi,7: renew energi,
7,renew energi,7: renew energi,
7,renew energi,7: renew energi,
7,renew energi,7: renew energi,
7,renew energi,7: renew energi,
7,renew energi,7: renew energi,
7,renew energi,7: renew energi,
7,renew energi,7: renew energi,
7,renew energi,7: renew energi,
7,renew energi,7: renew energi,
7,renew energi,7: renew energi,
7,renew energi,7: renew energi,
7,renew energi,7: renew energi,
7,renew energi,7: renew energi,
7,renew energi,7: renew energi,
7,renew energi,7: renew energi,
7,renew energi,7: renew energi,
7,renew energi,7: renew energi,
7,renew energi,7: renew energi,
7,renew energi,7: renew energi,
7,renew energi,7: renew energi,
7,renew energi,7: renew energi,
7,renew energi,7: renew energi,
7,renew energi,7: renew energi,
7,renew energi,7: renew energi,
7,renew energi,7: renew energi,
7,renew energi,7: renew energi,
7,renew energi,7: renew energi,
7,renew energi,7: renew energi,
7,renew energi,7: renew energi,
7,renew energi,7: renew energi,
7,renew energi,7: renew energi,
7,renew energi,7: renew energi,
7,renew energi,7: renew energi,
7,renew energi,7: renew energi,
7,renew energi,7: renew energi,
7,renew energi,7: renew energi,
7,renew energi,7: renew energi,
7,renew energi,7: renew energi,
7,renew energi,7: renew energi,
7,renew energi,7: renew energi,
7,renew energi,7: renew energi,
7,renew energi,7: renew energi,
7,renew energi,7: renew energi,
7,renew energi,7: renew energi,
7,renew energi,7: renew energi,
7,renew energi,7: renew energi,
7,renew energi,7: renew energi,
7,renew energi,7: renew energi,
7,renew energi,7: renew energi,
7,renew energi,7: renew energi,
7,renew energi,7: renew energi,
7,renew energi,7: renew energi,
7,renew energi,7: renew energi,
7,renew energi,7: renew energi,
7,renew energi,7: renew energi,
7,renew energi,7: renew energi,
7,renew energi,7: renew energi,
7,renew energi,7: renew energi,
7,renew energi,7: renew energi,
7,renew energi,7: renew energi,
7,renew energi,7: renew energi,
7,renew energi,7: renew energi,
7,renew energi,7: renew energi,
7,renew energi,7: renew energi,
7,renew energi,7: renew energi,
7,renew energi,7: renew energi,
7,renew energi,7: renew energi,
7,renew energi,7: renew energi,
5,offshor grid,5: offshor grid,
5,offshor grid,5: offshor grid,
5,offshor grid,5: offshor grid,
5,offshor grid,5: offshor grid,
5,offshor grid,5: offshor grid,
5,offshor grid,5: offshor grid,
5,offshor grid,5: offshor grid,
5,offshor grid,5: offshor grid,
5,offshor grid,5: offshor grid,
5,offshor grid,5: offshor grid,
5,offshor grid,5: offshor grid,
5,offshor grid,5: offshor grid,
5,offshor grid,5: offshor grid,
5,offshor grid,5: offshor grid,
5,offshor grid,5: offshor grid,
5,offshor grid,5: offshor grid,
5,offshor grid,5: offshor grid,
5,offshor grid,5: offshor grid,
5,offshor grid,5: offshor grid,
5,offshor grid,5: offshor grid,
5,offshor grid,5: offshor grid,
5,offshor grid,5: offshor grid,
5,offshor grid,5: offshor grid,
5,offshor grid,5: offshor grid,
5,offshor grid,5: offshor grid,
5,offshor grid,5: offshor grid,
5,offshor grid,5: offshor grid,
5,offshor grid,5: offshor grid,
5,offshor grid,5: offshor grid,
5,offshor grid,5: offshor grid,
5,offshor grid,5: offshor grid,
5,offshor grid,5: offshor grid,
5,offshor grid,5: offshor grid,
5,offshor grid,5: offshor grid,
5,offshor grid,5: offshor grid,
5,offshor grid,5: offshor grid,
5,offshor grid,5: offshor grid,
5,offshor grid,5: offshor grid,
5,offshor grid,5: offshor grid,
5,offshor grid,5: offshor grid,
5,offshor grid,5: offshor grid,
5,offshor grid,5: offshor grid,
5,offshor grid,5: offshor grid,
5,offshor grid,5: offshor grid,
5,offshor grid,5: offshor grid,
5,offshor grid,5: offshor grid,
5,offshor grid,5: offshor grid,
5,offshor grid,5: offshor grid,
5,offshor grid,5: offshor grid,
5,offshor grid,5: offshor grid,
5,offshor grid,5: offshor grid,
5,offshor grid,5: offshor grid,
5,offshor grid,5: offshor grid,
5,offshor grid,5: offshor grid,
5,offshor grid,5: offshor grid,
5,offshor grid,5: offshor grid,
5,offshor grid,5: offshor grid,
5,offshor grid,5: offshor grid,
5,offshor grid,5: offshor grid,
5,offshor grid,5: offshor grid,
5,offshor grid,5: offshor grid,
5,offshor grid,5: offshor grid,
5,offshor grid,5: offshor grid,
5,offshor grid,5: offshor grid,
5,offshor grid,5: offshor grid,
5,offshor grid,5: offshor grid,
5,offshor grid,5: offshor grid,
5,offshor grid,5: offshor grid,
5,offshor grid,5: offshor grid,
5,offshor grid,5: offshor grid,
5,offshor grid,5: offshor grid,
5,offshor grid,5: offshor grid,
5,offshor grid,5: offshor grid,
5,offshor grid,5: offshor grid,
5,offshor grid,5: offshor grid,
5,offshor grid,5: offshor grid,
5,offshor grid,5: offshor grid,
5,offshor grid,5: offshor grid,
5,offshor grid,5: offshor grid,
5,offshor grid,5: offshor grid,
5,offshor grid,5: offshor grid,
5,offshor grid,5: offshor grid,
5,offshor grid,5: offshor grid,
5,offshor grid,5: offshor grid,
5,offshor grid,5: offshor grid,
5,offshor grid,5: offshor grid,
5,offshor grid,5: offshor grid,
5,offshor grid,5: offshor grid,
5,offshor grid,5: offshor grid,
5,offshor grid,5: offshor grid,
5,offshor grid,5: offshor grid,
5,offshor grid,5: offshor grid,
5,offshor grid,5: offshor grid,
5,offshor grid,5: offshor grid,
5,offshor grid,5: offshor grid,
5,offshor grid,5: offshor grid,
5,offshor grid,5: offshor grid,
5,offshor grid,5: offshor grid,
5,offshor grid,5: offshor grid,
5,offshor grid,5: offshor grid,
5,offshor grid,5: offshor grid,
5,offshor grid,5: offshor grid,
5,offshor grid,5: offshor grid,
5,offshor grid,5: offshor grid,
5,offshor grid,5: offshor grid,
5,offshor grid,5: offshor grid,
5,offshor grid,5: offshor grid,
5,offshor grid,5: offshor grid,
5,offshor grid,5: offshor grid,
5,offshor grid,5: offshor grid,
5,offshor grid,5: offshor grid,
5,offshor grid,5: offshor grid,
5,offshor grid,5: offshor grid,
5,offshor grid,5: offshor grid,
5,offshor grid,5: offshor grid,
5,offshor grid,5: offshor grid,
5,offshor grid,5: offshor grid,
5,offshor grid,5: offshor grid,
5,offshor grid,5: offshor grid,
5,offshor grid,5: offshor grid,
5,offshor grid,5: offshor grid,
5,offshor grid,5: offshor grid,
5,offshor grid,5: offshor grid,
5,offshor grid,5: offshor grid,
5,offshor grid,5: offshor grid,
5,offshor grid,5: offshor grid,
5,offshor grid,5: offshor grid,
5,offshor grid,5: offshor grid,
5,offshor grid,5: offshor grid,
5,offshor grid,5: offshor grid,
5,offshor grid,5: offshor grid,
5,offshor grid,5: offshor grid,
5,offshor grid,5: offshor grid,
5,offshor grid,5: offshor grid,
5,offshor grid,5: offshor grid,
5,offshor grid,5: offshor grid,
5,offshor grid,5: offshor grid,
5,offshor grid,5: offshor grid,
5,offshor grid,5: offshor grid,
5,offshor grid,5: offshor grid,
5,offshor grid,5: offshor grid,
5,offshor grid,5: offshor grid,
5,offshor grid,5: offshor grid,
5,offshor grid,5: offshor grid,
5,offshor grid,5: offshor grid,
5,offshor grid,5: offshor grid,
5,offshor grid,5: offshor grid,
5,offshor grid,5: offshor grid,
5,offshor grid,5: offshor grid,
5,offshor grid,5: offshor grid,
5,offshor grid,5: offshor grid,
5,offshor grid,5: offshor grid,
5,offshor grid,5: offshor grid,
5,offshor grid,5: offshor grid,
5,offshor grid,5: offshor grid,
5,offshor grid,5: offshor grid,
5,offshor grid,5: offshor grid,
5,offshor grid,5: offshor grid,
5,offshor grid,5: offshor grid,
5,offshor grid,5: offshor grid,
5,offshor grid,5: offshor grid,
5,offshor grid,5: offshor grid,
5,offshor grid,5: offshor grid,
5,offshor grid,5: offshor grid,
5,offshor grid,5: offshor grid,
5,offshor grid,5: offshor grid,
5,offshor grid,5: offshor grid,
5,offshor grid,5: offshor grid,
5,offshor grid,5: offshor grid,
5,offshor grid,5: offshor grid,
5,offshor grid,5: offshor grid,
5,offshor grid,5: offshor grid,
5,offshor grid,5: offshor grid,
5,offshor grid,5: offshor grid,
5,offshor grid,5: offshor grid,
4,baltic sea,4: baltic sea,
4,baltic sea,4: baltic sea,
4,baltic sea,4: baltic sea,
4,baltic sea,4: baltic sea,
4,baltic sea,4: baltic sea,
4,baltic sea,4: baltic sea,
4,baltic sea,4: baltic sea,
4,baltic sea,4: baltic sea,
4,baltic sea,4: baltic sea,
4,baltic sea,4: baltic sea,
4,baltic sea,4: baltic sea,
4,baltic sea,4: baltic sea,
4,baltic sea,4: baltic sea,
4,baltic sea,4: baltic sea,
4,baltic sea,4: baltic sea,
4,baltic sea,4: baltic sea,
4,baltic sea,4: baltic sea,
4,baltic sea,4: baltic sea,
4,baltic sea,4: baltic sea,
4,baltic sea,4: baltic sea,
4,baltic sea,4: baltic sea,
4,baltic sea,4: baltic sea,
4,baltic sea,4: baltic sea,
4,baltic sea,4: baltic sea,
4,baltic sea,4: baltic sea,
4,baltic sea,4: baltic sea,
4,baltic sea,4: baltic sea,
4,baltic sea,4: baltic sea,
4,baltic sea,4: baltic sea,
4,baltic sea,4: baltic sea,
4,baltic sea,4: baltic sea,
4,baltic sea,4: baltic sea,
4,baltic sea,4: baltic sea,
4,baltic sea,4: baltic sea,
4,baltic sea,4: baltic sea,
4,baltic sea,4: baltic sea,
4,baltic sea,4: baltic sea,
4,baltic sea,4: baltic sea,
4,baltic sea,4: baltic sea,
4,baltic sea,4: baltic sea,
4,baltic sea,4: baltic sea,
4,baltic sea,4: baltic sea,
4,baltic sea,4: baltic sea,
4,baltic sea,4: baltic sea,
4,baltic sea,4: baltic sea,
4,baltic sea,4: baltic sea,
4,baltic sea,4: baltic sea,
4,baltic sea,4: baltic sea,
4,baltic sea,4: baltic sea,
4,baltic sea,4: baltic sea,
4,baltic sea,4: baltic sea,
4,baltic sea,4: baltic sea,
4,baltic sea,4: baltic sea,
4,baltic sea,4: baltic sea,
4,baltic sea,4: baltic sea,
4,baltic sea,4: baltic sea,
4,baltic sea,4: baltic sea,
4,baltic sea,4: baltic sea,
4,baltic sea,4: baltic sea,
4,baltic sea,4: baltic sea,
4,baltic sea,4: baltic sea,
4,baltic sea,4: baltic sea,
4,baltic sea,4: baltic sea,
4,baltic sea,4: baltic sea,
4,baltic sea,4: baltic sea,
4,baltic sea,4: baltic sea,
4,baltic sea,4: baltic sea,
4,baltic sea,4: baltic sea,
4,baltic sea,4: baltic sea,
4,baltic sea,4: baltic sea,
4,baltic sea,4: baltic sea,
4,baltic sea,4: baltic sea,
4,baltic sea,4: baltic sea,
4,baltic sea,4: baltic sea,
4,baltic sea,4: baltic sea,
4,baltic sea,4: baltic sea,
4,baltic sea,4: baltic sea,
4,baltic sea,4: baltic sea,
4,baltic sea,4: baltic sea,
4,baltic sea,4: baltic sea,
4,baltic sea,4: baltic sea,
4,baltic sea,4: baltic sea,
4,baltic sea,4: baltic sea,
4,baltic sea,4: baltic sea,
4,baltic sea,4: baltic sea,
4,baltic sea,4: baltic sea,
4,baltic sea,4: baltic sea,
4,baltic sea,4: baltic sea,
4,baltic sea,4: baltic sea,
4,baltic sea,4: baltic sea,
4,baltic sea,4: baltic sea,
4,baltic sea,4: baltic sea,
4,baltic sea,4: baltic sea,
4,baltic sea,4: baltic sea,
4,baltic sea,4: baltic sea,
4,baltic sea,4: baltic sea,
4,baltic sea,4: baltic sea,
4,baltic sea,4: baltic sea,
4,baltic sea,4: baltic sea,
4,baltic sea,4: baltic sea,
4,baltic sea,4: baltic sea,
4,baltic sea,4: baltic sea,
4,baltic sea,4: baltic sea,
4,baltic sea,4: baltic sea,
4,baltic sea,4: baltic sea,
4,baltic sea,4: baltic sea,
4,baltic sea,4: baltic sea,
4,baltic sea,4: baltic sea,
4,baltic sea,4: baltic sea,
4,baltic sea,4: baltic sea,
4,baltic sea,4: baltic sea,
4,baltic sea,4: baltic sea,
4,baltic sea,4: baltic sea,
4,baltic sea,4: baltic sea,
4,baltic sea,4: baltic sea,
4,baltic sea,4: baltic sea,
4,baltic sea,4: baltic sea,
4,baltic sea,4: baltic sea,
4,baltic sea,4: baltic sea,
4,baltic sea,4: baltic sea,
4,baltic sea,4: baltic sea,
4,baltic sea,4: baltic sea,
4,baltic sea,4: baltic sea,
4,baltic sea,4: baltic sea,
4,baltic sea,4: baltic sea,
4,baltic sea,4: baltic sea,
4,baltic sea,4: baltic sea,
4,baltic sea,4: baltic sea,
4,baltic sea,4: baltic sea,
4,baltic sea,4: baltic sea,
4,baltic sea,4: baltic sea,
4,baltic sea,4: baltic sea,
4,baltic sea,4: baltic sea,
4,baltic sea,4: baltic sea,
4,baltic sea,4: baltic sea,
4,baltic sea,4: baltic sea,
4,baltic sea,4: baltic sea,
4,baltic sea,4: baltic sea,
8,wind turbin,8: wind turbin,
8,wind turbin,8: wind turbin,
8,wind turbin,8: wind turbin,
8,wind turbin,8: wind turbin,
8,wind turbin,8: wind turbin,
8,wind turbin,8: wind turbin,
8,wind turbin,8: wind turbin,
8,wind turbin,8: wind turbin,
8,wind turbin,8: wind turbin,
8,wind turbin,8: wind turbin,
8,wind turbin,8: wind turbin,
8,wind turbin,8: wind turbin,
8,wind turbin,8: wind turbin,
8,wind turbin,8: wind turbin,
8,wind turbin,8: wind turbin,
8,wind turbin,8: wind turbin,
8,wind turbin,8: wind turbin,
8,wind turbin,8: wind turbin,
8,wind turbin,8: wind turbin,
8,wind turbin,8: wind turbin,
8,wind turbin,8: wind turbin,
8,wind turbin,8: wind turbin,
8,wind turbin,8: wind turbin,
8,wind turbin,8: wind turbin,
8,wind turbin,8: wind turbin,
8,wind turbin,8: wind turbin,
8,wind turbin,8: wind turbin,
8,wind turbin,8: wind turbin,
8,wind turbin,8: wind turbin,
8,wind turbin,8: wind turbin,
8,wind turbin,8: wind turbin,
8,wind turbin,8: wind turbin,
8,wind turbin,8: wind turbin,
8,wind turbin,8: wind turbin,
8,wind turbin,8: wind turbin,
8,wind turbin,8: wind turbin,
8,wind turbin,8: wind turbin,
8,wind turbin,8: wind turbin,
8,wind turbin,8: wind turbin,
8,wind turbin,8: wind turbin,
8,wind turbin,8: wind turbin,
8,wind turbin,8: wind turbin,
8,wind turbin,8: wind turbin,
8,wind turbin,8: wind turbin,
8,wind turbin,8: wind turbin,
8,wind turbin,8: wind turbin,
8,wind turbin,8: wind turbin,
8,wind turbin,8: wind turbin,
8,wind turbin,8: wind turbin,
8,wind turbin,8: wind turbin,
8,wind turbin,8: wind turbin,
8,wind turbin,8: wind turbin,
8,wind turbin,8: wind turbin,
8,wind turbin,8: wind turbin,
8,wind turbin,8: wind turbin,
8,wind turbin,8: wind turbin,
8,wind turbin,8: wind turbin,
8,wind turbin,8: wind turbin,
8,wind turbin,8: wind turbin,
8,wind turbin,8: wind turbin,
8,wind turbin,8: wind turbin,
8,wind turbin,8: wind turbin,
8,wind turbin,8: wind turbin,
8,wind turbin,8: wind turbin,
8,wind turbin,8: wind turbin,
8,wind turbin,8: wind turbin,
8,wind turbin,8: wind turbin,
8,wind turbin,8: wind turbin,
8,wind turbin,8: wind turbin,
8,wind turbin,8: wind turbin,
8,wind turbin,8: wind turbin,
8,wind turbin,8: wind turbin,
8,wind turbin,8: wind turbin,
8,wind turbin,8: wind turbin,
8,wind turbin,8: wind turbin,
8,wind turbin,8: wind turbin,
8,wind turbin,8: wind turbin,
8,wind turbin,8: wind turbin,
8,wind turbin,8: wind turbin,
8,wind turbin,8: wind turbin,
8,wind turbin,8: wind turbin,
8,wind turbin,8: wind turbin,
8,wind turbin,8: wind turbin,
8,wind turbin,8: wind turbin,
8,wind turbin,8: wind turbin,
8,wind turbin,8: wind turbin,
8,wind turbin,8: wind turbin,
8,wind turbin,8: wind turbin,
8,wind turbin,8: wind turbin,
8,wind turbin,8: wind turbin,
8,wind turbin,8: wind turbin,
8,wind turbin,8: wind turbin,
8,wind turbin,8: wind turbin,
8,wind turbin,8: wind turbin,
8,wind turbin,8: wind turbin,
8,wind turbin,8: wind turbin,
8,wind turbin,8: wind turbin,
8,wind turbin,8: wind turbin,
8,wind turbin,8: wind turbin,
8,wind turbin,8: wind turbin,
8,wind turbin,8: wind turbin,
8,wind turbin,8: wind turbin,
8,wind turbin,8: wind turbin,
8,wind turbin,8: wind turbin,
8,wind turbin,8: wind turbin,
8,wind turbin,8: wind turbin,
8,wind turbin,8: wind turbin,
8,wind turbin,8: wind turbin,
8,wind turbin,8: wind turbin,
8,wind turbin,8: wind turbin,
8,wind turbin,8: wind turbin,
8,wind turbin,8: wind turbin,
8,wind turbin,8: wind turbin,
8,wind turbin,8: wind turbin,
8,wind turbin,8: wind turbin,
8,wind turbin,8: wind turbin,
8,wind turbin,8: wind turbin,
8,wind turbin,8: wind turbin,
8,wind turbin,8: wind turbin,
8,wind turbin,8: wind turbin,
8,wind turbin,8: wind turbin,
8,wind turbin,8: wind turbin,
8,wind turbin,8: wind turbin,
8,wind turbin,8: wind turbin,
8,wind turbin,8: wind turbin,
8,wind turbin,8: wind turbin,
8,wind turbin,8: wind turbin,
8,wind turbin,8: wind turbin,
8,wind turbin,8: wind turbin,
8,wind turbin,8: wind turbin,
3,offshor wind,3: offshor wind,
3,offshor wind,3: offshor wind,
3,offshor wind,3: offshor wind,
3,offshor wind,3: offshor wind,
3,offshor wind,3: offshor wind,
3,offshor wind,3: offshor wind,
3,offshor wind,3: offshor wind,
3,offshor wind,3: offshor wind,
3,offshor wind,3: offshor wind,
3,offshor wind,3: offshor wind,
3,offshor wind,3: offshor wind,
3,offshor wind,3: offshor wind,
3,offshor wind,3: offshor wind,
3,offshor wind,3: offshor wind,
3,offshor wind,3: offshor wind,
3,offshor wind,3: offshor wind,
3,offshor wind,3: offshor wind,
3,offshor wind,3: offshor wind,
3,offshor wind,3: offshor wind,
3,offshor wind,3: offshor wind,
3,offshor wind,3: offshor wind,
3,offshor wind,3: offshor wind,
3,offshor wind,3: offshor wind,
3,offshor wind,3: offshor wind,
3,offshor wind,3: offshor wind,
3,offshor wind,3: offshor wind,
3,offshor wind,3: offshor wind,
3,offshor wind,3: offshor wind,
3,offshor wind,3: offshor wind,
3,offshor wind,3: offshor wind,
3,offshor wind,3: offshor wind,
3,offshor wind,3: offshor wind,
3,offshor wind,3: offshor wind,
3,offshor wind,3: offshor wind,
3,offshor wind,3: offshor wind,
3,offshor wind,3: offshor wind,
3,offshor wind,3: offshor wind,
3,offshor wind,3: offshor wind,
3,offshor wind,3: offshor wind,
3,offshor wind,3: offshor wind,
3,offshor wind,3: offshor wind,
3,offshor wind,3: offshor wind,
3,offshor wind,3: offshor wind,
3,offshor wind,3: offshor wind,
3,offshor wind,3: offshor wind,
3,offshor wind,3: offshor wind,
3,offshor wind,3: offshor wind,
3,offshor wind,3: offshor wind,
3,offshor wind,3: offshor wind,
3,offshor wind,3: offshor wind,
3,offshor wind,3: offshor wind,
3,offshor wind,3: offshor wind,
3,offshor wind,3: offshor wind,
3,offshor wind,3: offshor wind,
3,offshor wind,3: offshor wind,
3,offshor wind,3: offshor wind,
3,offshor wind,3: offshor wind,
3,offshor wind,3: offshor wind,
3,offshor wind,3: offshor wind,
3,offshor wind,3: offshor wind,
3,offshor wind,3: offshor wind,
3,offshor wind,3: offshor wind,
3,offshor wind,3: offshor wind,
3,offshor wind,3: offshor wind,
3,offshor wind,3: offshor wind,
3,offshor wind,3: offshor wind,
3,offshor wind,3: offshor wind,
3,offshor wind,3: offshor wind,
3,offshor wind,3: offshor wind,
3,offshor wind,3: offshor wind,
3,offshor wind,3: offshor wind,
3,offshor wind,3: offshor wind,
3,offshor wind,3: offshor wind,
3,offshor wind,3: offshor wind,
3,offshor wind,3: offshor wind,
3,offshor wind,3: offshor wind,
3,offshor wind,3: offshor wind,
3,offshor wind,3: offshor wind,
3,offshor wind,3: offshor wind,
3,offshor wind,3: offshor wind,
3,offshor wind,3: offshor wind,
3,offshor wind,3: offshor wind,
3,offshor wind,3: offshor wind,
3,offshor wind,3: offshor wind,
3,offshor wind,3: offshor wind,
3,offshor wind,3: offshor wind,
3,offshor wind,3: offshor wind,
3,offshor wind,3: offshor wind,
3,offshor wind,3: offshor wind,
3,offshor wind,3: offshor wind,
3,offshor wind,3: offshor wind,
3,offshor wind,3: offshor wind,
3,offshor wind,3: offshor wind,
3,offshor wind,3: offshor wind,
3,offshor wind,3: offshor wind,
3,offshor wind,3: offshor wind,
3,offshor wind,3: offshor wind,
3,offshor wind,3: offshor wind,
3,offshor wind,3: offshor wind,
3,offshor wind,3: offshor wind,
3,offshor wind,3: offshor wind,
3,offshor wind,3: offshor wind,
3,offshor wind,3: offshor wind,
3,offshor wind,3: offshor wind,
3,offshor wind,3: offshor wind,
3,offshor wind,3: offshor wind,
3,offshor wind,3: offshor wind,
3,offshor wind,3: offshor wind,
3,offshor wind,3: offshor wind,
3,offshor wind,3: offshor wind,
3,offshor wind,3: offshor wind,
3,offshor wind,3: offshor wind,
3,offshor wind,3: offshor wind,
3,offshor wind,3: offshor wind,
3,offshor wind,3: offshor wind,
3,offshor wind,3: offshor wind,
3,offshor wind,3: offshor wind,
3,offshor wind,3: offshor wind,
3,offshor wind,3: offshor wind,
3,offshor wind,3: offshor wind,
3,offshor wind,3: offshor wind,
3,offshor wind,3: offshor wind,
3,offshor wind,3: offshor wind,
3,offshor wind,3: offshor wind,
3,offshor wind,3: offshor wind,
3,offshor wind,3: offshor wind,
3,offshor wind,3: offshor wind,
3,offshor wind,3: offshor wind,
3,offshor wind,3: offshor wind,
3,offshor wind,3: offshor wind,
3,offshor wind,3: offshor wind,
3,offshor wind,3: offshor wind,
3,offshor wind,3: offshor wind,
3,offshor wind,3: offshor wind,
3,offshor wind,3: offshor wind,
3,offshor wind,3: offshor wind,
3,offshor wind,3: offshor wind,
3,offshor wind,3: offshor wind,
3,offshor wind,3: offshor wind,
3,offshor wind,3: offshor wind,
3,offshor wind,3: offshor wind,
3,offshor wind,3: offshor wind,
3,offshor wind,3: offshor wind,
3,offshor wind,3: offshor wind,
3,offshor wind,3: offshor wind,
3,offshor wind,3: offshor wind,
3,offshor wind,3: offshor wind,
3,offshor wind,3: offshor wind,
3,offshor wind,3: offshor wind,
3,offshor wind,3: offshor wind,
3,offshor wind,3: offshor wind,
3,offshor wind,3: offshor wind,
3,offshor wind,3: offshor wind,
3,offshor wind,3: offshor wind,
3,offshor wind,3: offshor wind,
3,offshor wind,3: offshor wind,
3,offshor wind,3: offshor wind,
3,offshor wind,3: offshor wind,
3,offshor wind,3: offshor wind,
3,offshor wind,3: offshor wind,
3,offshor wind,3: offshor wind,
3,offshor wind,3: offshor wind,
3,offshor wind,3: offshor wind,
3,offshor wind,3: offshor wind,
3,offshor wind,3: offshor wind,
3,offshor wind,3: offshor wind,
3,offshor wind,3: offshor wind,
3,offshor wind,3: offshor wind,
3,offshor wind,3: offshor wind,
3,offshor wind,3: offshor wind,
3,offshor wind,3: offshor wind,
3,offshor wind,3: offshor wind,
3,offshor wind,3: offshor wind,
3,offshor wind,3: offshor wind,
3,offshor wind,3: offshor wind,
3,offshor wind,3: offshor wind,
3,offshor wind,3: offshor wind,
3,offshor wind,3: offshor wind,
3,offshor wind,3: offshor wind,
3,offshor wind,3: offshor wind,
3,offshor wind,3: offshor wind,
3,offshor wind,3: offshor wind,
3,offshor wind,3: offshor wind,
3,offshor wind,3: offshor wind,
3,offshor wind,3: offshor wind,
3,offshor wind,3: offshor wind,
3,offshor wind,3: offshor wind,
3,offshor wind,3: offshor wind,
3,offshor wind,3: offshor wind,
3,offshor wind,3: offshor wind,
3,offshor wind,3: offshor wind,
3,offshor wind,3: offshor wind,
3,offshor wind,3: offshor wind,
3,offshor wind,3: offshor wind,
3,offshor wind,3: offshor wind,
3,offshor wind,3: offshor wind,
3,offshor wind,3: offshor wind,
3,offshor wind,3: offshor wind,
3,offshor wind,3: offshor wind,
3,offshor wind,3: offshor wind,
3,offshor wind,3: offshor wind,
3,offshor wind,3: offshor wind,
3,offshor wind,3: offshor wind,
3,offshor wind,3: offshor wind,
3,offshor wind,3: offshor wind,
3,offshor wind,3: offshor wind,
3,offshor wind,3: offshor wind,
3,offshor wind,3: offshor wind,
3,offshor wind,3: offshor wind,
3,offshor wind,3: offshor wind,
3,offshor wind,3: offshor wind,
3,offshor wind,3: offshor wind,
3,offshor wind,3: offshor wind,
3,offshor wind,3: offshor wind,
3,offshor wind,3: offshor wind,
3,offshor wind,3: offshor wind,
3,offshor wind,3: offshor wind,
3,offshor wind,3: offshor wind,
3,offshor wind,3: offshor wind,
3,offshor wind,3: offshor wind,
3,offshor wind,3: offshor wind,
3,offshor wind,3: offshor wind,
3,offshor wind,3: offshor wind,
3,offshor wind,3: offshor wind,
3,offshor wind,3: offshor wind,
3,offshor wind,3: offshor wind,
0,energi island,0: energi island,
0,energi island,0: energi island,
0,energi island,0: energi island,
0,energi island,0: energi island,
0,energi island,0: energi island,
0,energi island,0: energi island,
0,energi island,0: energi island,
0,energi island,0: energi island,
0,energi island,0: energi island,
0,energi island,0: energi island,
0,energi island,0: energi island,
0,energi island,0: energi island,
0,energi island,0: energi island,
0,energi island,0: energi island,
0,energi island,0: energi island,
0,energi island,0: energi island,
0,energi island,0: energi island,
0,energi island,0: energi island,
0,energi island,0: energi island,
0,energi island,0: energi island,
0,energi island,0: energi island,
0,energi island,0: energi island,
0,energi island,0: energi island,
0,energi island,0: energi island,
0,energi island,0: energi island,
0,energi island,0: energi island,
0,energi island,0: energi island,
0,energi island,0: energi island,
0,energi island,0: energi island,
0,energi island,0: energi island,
0,energi island,0: energi island,
0,energi island,0: energi island,
0,energi island,0: energi island,
0,energi island,0: energi island,
0,energi island,0: energi island,
0,energi island,0: energi island,
0,energi island,0: energi island,
0,energi island,0: energi island,
0,energi island,0: energi island,
0,energi island,0: energi island,
0,energi island,0: energi island,
0,energi island,0: energi island,
0,energi island,0: energi island,
0,energi island,0: energi island,
0,energi island,0: energi island,
0,energi island,0: energi island,
0,energi island,0: energi island,
0,energi island,0: energi island,
0,energi island,0: energi island,
0,energi island,0: energi island,
0,energi island,0: energi island,
0,energi island,0: energi island,
0,energi island,0: energi island,
0,energi island,0: energi island,
0,energi island,0: energi island,
0,energi island,0: energi island,
0,energi island,0: energi island,
0,energi island,0: energi island,
0,energi island,0: energi island,
0,energi island,0: energi island,
0,energi island,0: energi island,
0,energi island,0: energi island,
0,energi island,0: energi island,
0,energi island,0: energi island,
0,energi island,0: energi island,
0,energi island,0: energi island,
0,energi island,0: energi island,
0,energi island,0: energi island,
0,energi island,0: energi island,
0,energi island,0: energi island,
0,energi island,0: energi island,
0,energi island,0: energi island,
0,energi island,0: energi island,
0,energi island,0: energi island,
0,energi island,0: energi island,
0,energi island,0: energi island,
0,energi island,0: energi island,
0,energi island,0: energi island,
0,energi island,0: energi island,
0,energi island,0: energi island,
0,energi island,0: energi island,
0,energi island,0: energi island,
0,energi island,0: energi island,
0,energi island,0: energi island,
0,energi island,0: energi island,
0,energi island,0: energi island,
0,energi island,0: energi island,
0,energi island,0: energi island,
0,energi island,0: energi island,
0,energi island,0: energi island,
0,energi island,0: energi island,
0,energi island,0: energi island,
0,energi island,0: energi island,
0,energi island,0: energi island,
0,energi island,0: energi island,
0,energi island,0: energi island,
0,energi island,0: energi island,
0,energi island,0: energi island,
0,energi island,0: energi island,
0,energi island,0: energi island,
0,energi island,0: energi island,
0,energi island,0: energi island,
0,energi island,0: energi island,
0,energi island,0: energi island,
0,energi island,0: energi island,
0,energi island,0: energi island,
0,energi island,0: energi island,
0,energi island,0: energi island,
0,energi island,0: energi island,
0,energi island,0: energi island,
0,energi island,0: energi island,
0,energi island,0: energi island,
0,energi island,0: energi island,
0,energi island,0: energi island,
0,energi island,0: energi island,
0,energi island,0: energi island,
0,energi island,0: energi island,
0,energi island,0: energi island,
0,energi island,0: energi island,
0,energi island,0: energi island,
0,energi island,0: energi island,
0,energi island,0: energi island,
0,energi island,0: energi island,
0,energi island,0: energi island,
0,energi island,0: energi island,
0,energi island,0: energi island,
0,energi island,0: energi island,
0,energi island,0: energi island,
0,energi island,0: energi island,
0,energi island,0: energi island,
0,energi island,0: energi island,
0,energi island,0: energi island,
0,energi island,0: energi island,
0,energi island,0: energi island,
0,energi island,0: energi island,
0,energi island,0: energi island,
0,energi island,0: energi island,
0,energi island,0: energi island,
0,energi island,0: energi island,
0,energi island,0: energi island,
0,energi island,0: energi island,
0,energi island,0: energi island,
0,energi island,0: energi island,
0,energi island,0: energi island,
0,energi island,0: energi island,
0,energi island,0: energi island,
0,energi island,0: energi island,
0,energi island,0: energi island,
0,energi island,0: energi island,
0,energi island,0: energi island,
0,energi island,0: energi island,
0,energi island,0: energi island,
0,energi island,0: energi island,
0,energi island,0: energi island,
0,energi island,0: energi island,
0,energi island,0: energi island,
0,energi island,0: energi island,
0,energi island,0: energi island,
0,energi island,0: energi island,
0,energi island,0: energi island,
0,energi island,0: energi island,
0,energi island,0: energi island,
0,energi island,0: energi island,
0,energi island,0: energi island,
0,energi island,0: energi island,
0,energi island,0: energi island,
0,energi island,0: energi island,
0,energi island,0: energi island,
0,energi island,0: energi island,
0,energi island,0: energi island,
0,energi island,0: energi island,
0,energi island,0: energi island,
0,energi island,0: energi island,
0,energi island,0: energi island,
0,energi island,0: energi island,
0,energi island,0: energi island,
0,energi island,0: energi island,
0,energi island,0: energi island,
0,energi island,0: energi island,
0,energi island,0: energi island,
0,energi island,0: energi island,
0,energi island,0: energi island,
0,energi island,0: energi island,
0,energi island,0: energi island,
0,energi island,0: energi island,
0,energi island,0: energi island,
0,energi island,0: energi island,
0,energi island,0: energi island,
0,energi island,0: energi island,
0,energi island,0: energi island,
0,energi island,0: energi island,
0,energi island,0: energi island,
0,energi island,0: energi island,
0,energi island,0: energi island,
0,energi island,0: energi island,
0,energi island,0: energi island,
0,energi island,0: energi island,
0,energi island,0: energi island,
0,energi island,0: energi island,
0,energi island,0: energi island,
0,energi island,0: energi island,
0,energi island,0: energi island,
0,energi island,0: energi island,
0,energi island,0: energi island,
0,energi island,0: energi island,
0,energi island,0: energi island,
0,energi island,0: energi island,
0,energi island,0: energi island,
0,energi island,0: energi island,
0,energi island,0: energi island,
0,energi island,0: energi island,
0,energi island,0: energi island,
0,energi island,0: energi island,
0,energi island,0: energi island,
0,energi island,0: energi island,
0,energi island,0: energi island,
0,energi island,0: energi island,
0,energi island,0: energi island,
0,energi island,0: energi island,
0,energi island,0: energi island,
0,energi island,0: energi island,
0,energi island,0: energi island,
0,energi island,0: energi island,
0,energi island,0: energi island,
0,energi island,0: energi island,
0,energi island,0: energi island,
0,energi island,0: energi island,
0,energi island,0: energi island,
0,energi island,0: energi island,
0,energi island,0: energi island,
0,energi island,0: energi island,
0,energi island,0: energi island,
0,energi island,0: energi island,
0,energi island,0: energi island,
0,energi island,0: energi island,
0,energi island,0: energi island,
0,energi island,0: energi island,
0,energi island,0: energi island,
0,energi island,0: energi island,
0,energi island,0: energi island,
0,energi island,0: energi island,
0,energi island,0: energi island,
0,energi island,0: energi island,
0,energi island,0: energi island,
0,energi island,0: energi island,
0,energi island,0: energi island,
0,energi island,0: energi island,
0,energi island,0: energi island,
0,energi island,0: energi island,
0,energi island,0: energi island,
0,energi island,0: energi island,
0,energi island,0: energi island,
0,energi island,0: energi island,
0,energi island,0: energi island,
0,energi island,0: energi island,
0,energi island,0: energi island,
0,energi island,0: energi island,
0,energi island,0: energi island,
0,energi island,0: energi island,
0,energi island,0: energi island,
0,energi island,0: energi island,
0,energi island,0: energi island,
0,energi island,0: energi island,
0,energi island,0: energi island,
0,energi island,0: energi island,
0,energi island,0: energi island,
0,energi island,0: energi island,
0,energi island,0: energi island,
0,energi island,0: energi island,
0,energi island,0: energi island,
0,energi island,0: energi island,
0,energi island,0: energi island,
0,energi island,0: energi island,
0,energi island,0: energi island,
0,energi island,0: energi island,
0,energi island,0: energi island,
0,energi island,0: energi island,
0,energi island,0: energi island,
0,energi island,0: energi island,
0,energi island,0: energi island,
0,energi island,0: energi island,
0,energi island,0: energi island,
0,energi island,0: energi island,
0,energi island,0: energi island,
0,energi island,0: energi island,
0,energi island,0: energi island,
0,energi island,0: energi island,
0,energi island,0: energi island,
0,energi island,0: energi island,
0,energi island,0: energi island,
0,energi island,0: energi island,
0,energi island,0: energi island,
0,energi island,0: energi island,
0,energi island,0: energi island,
0,energi island,0: energi island,
0,energi island,0: energi island,
0,energi island,0: energi island,
0,energi island,0: energi island,
0,energi island,0: energi island,
0,energi island,0: energi island,
0,energi island,0: energi island,
0,energi island,0: energi island,
0,energi island,0: energi island,
0,energi island,0: energi island,
0,energi island,0: energi island,
0,energi island,0: energi island,
0,energi island,0: energi island,
0,energi island,0: energi island,
0,energi island,0: energi island,
0,energi island,0: energi island,
0,energi island,0: energi island,
0,energi island,0: energi island,
0,energi island,0: energi island,
0,energi island,0: energi island,
7,renew energi,7: renew energi,
7,renew energi,7: renew energi,
7,renew energi,7: renew energi,
7,renew energi,7: renew energi,
7,renew energi,7: renew energi,
7,renew energi,7: renew energi,
7,renew energi,7: renew energi,
7,renew energi,7: renew energi,
7,renew energi,7: renew energi,
7,renew energi,7: renew energi,
7,renew energi,7: renew energi,
7,renew energi,7: renew energi,
7,renew energi,7: renew energi,
7,renew energi,7: renew energi,
7,renew energi,7: renew energi,
7,renew energi,7: renew energi,
7,renew energi,7: renew energi,
7,renew energi,7: renew energi,
7,renew energi,7: renew energi,
7,renew energi,7: renew energi,
7,renew energi,7: renew energi,
7,renew energi,7: renew energi,
7,renew energi,7: renew energi,
7,renew energi,7: renew energi,
7,renew energi,7: renew energi,
7,renew energi,7: renew energi,
7,renew energi,7: renew energi,
7,renew energi,7: renew energi,
7,renew energi,7: renew energi,
7,renew energi,7: renew energi,
7,renew energi,7: renew energi,
7,renew energi,7: renew energi,
7,renew energi,7: renew energi,
7,renew energi,7: renew energi,
7,renew energi,7: renew energi,
7,renew energi,7: renew energi,
7,renew energi,7: renew energi,
7,renew energi,7: renew energi,
7,renew energi,7: renew energi,
7,renew energi,7: renew energi,
7,renew energi,7: renew energi,
7,renew energi,7: renew energi,
7,renew energi,7: renew energi,
7,renew energi,7: renew energi,
7,renew energi,7: renew energi,
7,renew energi,7: renew energi,
7,renew energi,7: renew energi,
7,renew energi,7: renew energi,
7,renew energi,7: renew energi,
7,renew energi,7: renew energi,
7,renew energi,7: renew energi,
7,renew energi,7: renew energi,
7,renew energi,7: renew energi,
7,renew energi,7: renew energi,
7,renew energi,7: renew energi,
7,renew energi,7: renew energi,
7,renew energi,7: renew energi,
7,renew energi,7: renew energi,
7,renew energi,7: renew energi,
7,renew energi,7: renew energi,
7,renew energi,7: renew energi,
7,renew energi,7: renew energi,
7,renew energi,7: renew energi,
7,renew energi,7: renew energi,
7,renew energi,7: renew energi,
7,renew energi,7: renew energi,
7,renew energi,7: renew energi,
7,renew energi,7: renew energi,
7,renew energi,7: renew energi,
7,renew energi,7: renew energi,
7,renew energi,7: renew energi,
7,renew energi,7: renew energi,
7,renew energi,7: renew energi,
7,renew energi,7: renew energi,
7,renew energi,7: renew energi,
7,renew energi,7: renew energi,
7,renew energi,7: renew energi,
7,renew energi,7: renew energi,
7,renew energi,7: renew energi,
7,renew energi,7: renew energi,
7,renew energi,7: renew energi,
7,renew energi,7: renew energi,
7,renew energi,7: renew energi,
7,renew energi,7: renew energi,
7,renew energi,7: renew energi,
7,renew energi,7: renew energi,
7,renew energi,7: renew energi,
7,renew energi,7: renew energi,
7,renew energi,7: renew energi,
7,renew energi,7: renew energi,
7,renew energi,7: renew energi,
7,renew energi,7: renew energi,
7,renew energi,7: renew energi,
7,renew energi,7: renew energi,
7,renew energi,7: renew energi,
7,renew energi,7: renew energi,
7,renew energi,7: renew energi,
7,renew energi,7: renew energi,
7,renew energi,7: renew energi,
7,renew energi,7: renew energi,
7,renew energi,7: renew energi,
7,renew energi,7: renew energi,
7,renew energi,7: renew energi,
7,renew energi,7: renew energi,
7,renew energi,7: renew energi,
7,renew energi,7: renew energi,
7,renew energi,7: renew energi,
7,renew energi,7: renew energi,
7,renew energi,7: renew energi,
7,renew energi,7: renew energi,
7,renew energi,7: renew energi,
7,renew energi,7: renew energi,
7,renew energi,7: renew energi,
7,renew energi,7: renew energi,
7,renew energi,7: renew energi,
7,renew energi,7: renew energi,
7,renew energi,7: renew energi,
7,renew energi,7: renew energi,
7,renew energi,7: renew energi,
7,renew energi,7: renew energi,
7,renew energi,7: renew energi,
7,renew energi,7: renew energi,
7,renew energi,7: renew energi,
7,renew energi,7: renew energi,
7,renew energi,7: renew energi,
7,renew energi,7: renew energi,
7,renew energi,7: renew energi,
7,renew energi,7: renew energi,
7,renew energi,7: renew energi,
7,renew energi,7: renew energi,
7,renew energi,7: renew energi,
7,renew energi,7: renew energi,
7,renew energi,7: renew energi,
7,renew energi,7: renew energi,
7,renew energi,7: renew energi,
7,renew energi,7: renew energi,
7,renew energi,7: renew energi,
7,renew energi,7: renew energi,
7,renew energi,7: renew energi,
7,renew energi,7: renew energi,
7,renew energi,7: renew energi,
7,renew energi,7: renew energi,
7,renew energi,7: renew energi,
7,renew energi,7: renew energi,
7,renew energi,7: renew energi,
7,renew energi,7: renew energi,
6,energiø bornholm,6: energiø bornholm,
6,energiø bornholm,6: energiø bornholm,
6,energiø bornholm,6: energiø bornholm,
6,energiø bornholm,6: energiø bornholm,
6,energiø bornholm,6: energiø bornholm,
6,energiø bornholm,6: energiø bornholm,
6,energiø bornholm,6: energiø bornholm,
6,energiø bornholm,6: energiø bornholm,
6,energiø bornholm,6: energiø bornholm,
6,energiø bornholm,6: energiø bornholm,
6,energiø bornholm,6: energiø bornholm,
6,energiø bornholm,6: energiø bornholm,
6,energiø bornholm,6: energiø bornholm,
6,energiø bornholm,6: energiø bornholm,
6,energiø bornholm,6: energiø bornholm,
6,energiø bornholm,6: energiø bornholm,
6,energiø bornholm,6: energiø bornholm,
6,energiø bornholm,6: energiø bornholm,
6,energiø bornholm,6: energiø bornholm,
6,energiø bornholm,6: energiø bornholm,
6,energiø bornholm,6: energiø bornholm,
6,energiø bornholm,6: energiø bornholm,
6,energiø bornholm,6: energiø bornholm,
6,energiø bornholm,6: energiø bornholm,
6,energiø bornholm,6: energiø bornholm,
6,energiø bornholm,6: energiø bornholm,
6,energiø bornholm,6: energiø bornholm,
6,energiø bornholm,6: energiø bornholm,
6,energiø bornholm,6: energiø bornholm,
6,energiø bornholm,6: energiø bornholm,
6,energiø bornholm,6: energiø bornholm,
6,energiø bornholm,6: energiø bornholm,
6,energiø bornholm,6: energiø bornholm,
6,energiø bornholm,6: energiø bornholm,
6,energiø bornholm,6: energiø bornholm,
6,energiø bornholm,6: energiø bornholm,
6,energiø bornholm,6: energiø bornholm,
6,energiø bornholm,6: energiø bornholm,
6,energiø bornholm,6: energiø bornholm,
6,energiø bornholm,6: energiø bornholm,
6,energiø bornholm,6: energiø bornholm,
6,energiø bornholm,6: energiø bornholm,
6,energiø bornholm,6: energiø bornholm,
6,energiø bornholm,6: energiø bornholm,
6,energiø bornholm,6: energiø bornholm,
6,energiø bornholm,6: energiø bornholm,
6,energiø bornholm,6: energiø bornholm,
6,energiø bornholm,6: energiø bornholm,
6,energiø bornholm,6: energiø bornholm,
6,energiø bornholm,6: energiø bornholm,
6,energiø bornholm,6: energiø bornholm,
6,energiø bornholm,6: energiø bornholm,
6,energiø bornholm,6: energiø bornholm,
6,energiø bornholm,6: energiø bornholm,
6,energiø bornholm,6: energiø bornholm,
6,energiø bornholm,6: energiø bornholm,
6,energiø bornholm,6: energiø bornholm,
6,energiø bornholm,6: energiø bornholm,
6,energiø bornholm,6: energiø bornholm,
6,energiø bornholm,6: energiø bornholm,
6,energiø bornholm,6: energiø bornholm,
6,energiø bornholm,6: energiø bornholm,
6,energiø bornholm,6: energiø bornholm,
6,energiø bornholm,6: energiø bornholm,
6,energiø bornholm,6: energiø bornholm,
6,energiø bornholm,6: energiø bornholm,
6,energiø bornholm,6: energiø bornholm,
6,energiø bornholm,6: energiø bornholm,
6,energiø bornholm,6: energiø bornholm,
6,energiø bornholm,6: energiø bornholm,
6,energiø bornholm,6: energiø bornholm,
6,energiø bornholm,6: energiø bornholm,
6,energiø bornholm,6: energiø bornholm,
6,energiø bornholm,6: energiø bornholm,
6,energiø bornholm,6: energiø bornholm,
6,energiø bornholm,6: energiø bornholm,
6,energiø bornholm,6: energiø bornholm,
6,energiø bornholm,6: energiø bornholm,
6,energiø bornholm,6: energiø bornholm,
6,energiø bornholm,6: energiø bornholm,
6,energiø bornholm,6: energiø bornholm,
6,energiø bornholm,6: energiø bornholm,
6,energiø bornholm,6: energiø bornholm,
6,energiø bornholm,6: energiø bornholm,
6,energiø bornholm,6: energiø bornholm,
6,energiø bornholm,6: energiø bornholm,
6,energiø bornholm,6: energiø bornholm,
6,energiø bornholm,6: energiø bornholm,
6,energiø bornholm,6: energiø bornholm,
6,energiø bornholm,6: energiø bornholm,
6,energiø bornholm,6: energiø bornholm,
6,energiø bornholm,6: energiø bornholm,
6,energiø bornholm,6: energiø bornholm,
6,energiø bornholm,6: energiø bornholm,
6,energiø bornholm,6: energiø bornholm,
6,energiø bornholm,6: energiø bornholm,
6,energiø bornholm,6: energiø bornholm,
6,energiø bornholm,6: energiø bornholm,
6,energiø bornholm,6: energiø bornholm,
6,energiø bornholm,6: energiø bornholm,
6,energiø bornholm,6: energiø bornholm,
6,energiø bornholm,6: energiø bornholm,
6,energiø bornholm,6: energiø bornholm,
6,energiø bornholm,6: energiø bornholm,
6,energiø bornholm,6: energiø bornholm,
6,energiø bornholm,6: energiø bornholm,
6,energiø bornholm,6: energiø bornholm,
6,energiø bornholm,6: energiø bornholm,
6,energiø bornholm,6: energiø bornholm,
6,energiø bornholm,6: energiø bornholm,
6,energiø bornholm,6: energiø bornholm,
6,energiø bornholm,6: energiø bornholm,
6,energiø bornholm,6: energiø bornholm,
6,energiø bornholm,6: energiø bornholm,
6,energiø bornholm,6: energiø bornholm,
6,energiø bornholm,6: energiø bornholm,
6,energiø bornholm,6: energiø bornholm,
6,energiø bornholm,6: energiø bornholm,
6,energiø bornholm,6: energiø bornholm,
6,energiø bornholm,6: energiø bornholm,
6,energiø bornholm,6: energiø bornholm,
6,energiø bornholm,6: energiø bornholm,
6,energiø bornholm,6: energiø bornholm,
6,energiø bornholm,6: energiø bornholm,
6,energiø bornholm,6: energiø bornholm,
6,energiø bornholm,6: energiø bornholm,
6,energiø bornholm,6: energiø bornholm,
6,energiø bornholm,6: energiø bornholm,
6,energiø bornholm,6: energiø bornholm,
6,energiø bornholm,6: energiø bornholm,
6,energiø bornholm,6: energiø bornholm,
6,energiø bornholm,6: energiø bornholm,
6,energiø bornholm,6: energiø bornholm,
6,energiø bornholm,6: energiø bornholm,
6,energiø bornholm,6: energiø bornholm,
6,energiø bornholm,6: energiø bornholm,
6,energiø bornholm,6: energiø bornholm,
6,energiø bornholm,6: energiø bornholm,
6,energiø bornholm,6: energiø bornholm,
6,energiø bornholm,6: energiø bornholm,
6,energiø bornholm,6: energiø bornholm,
6,energiø bornholm,6: energiø bornholm,
6,energiø bornholm,6: energiø bornholm,
6,energiø bornholm,6: energiø bornholm,
6,energiø bornholm,6: energiø bornholm,
6,energiø bornholm,6: energiø bornholm,
6,energiø bornholm,6: energiø bornholm,
6,energiø bornholm,6: energiø bornholm,
6,energiø bornholm,6: energiø bornholm,
6,energiø bornholm,6: energiø bornholm,
6,energiø bornholm,6: energiø bornholm,
6,energiø bornholm,6: energiø bornholm,
6,energiø bornholm,6: energiø bornholm,
6,energiø bornholm,6: energiø bornholm,
6,energiø bornholm,6: energiø bornholm,
6,energiø bornholm,6: energiø bornholm,
6,energiø bornholm,6: energiø bornholm,
6,energiø bornholm,6: energiø bornholm,
6,energiø bornholm,6: energiø bornholm,
6,energiø bornholm,6: energiø bornholm,
6,energiø bornholm,6: energiø bornholm,
6,energiø bornholm,6: energiø bornholm,
6,energiø bornholm,6: energiø bornholm,
6,energiø bornholm,6: energiø bornholm,
6,energiø bornholm,6: energiø bornholm,
6,energiø bornholm,6: energiø bornholm,
6,energiø bornholm,6: energiø bornholm,
6,energiø bornholm,6: energiø bornholm,
6,energiø bornholm,6: energiø bornholm,
6,energiø bornholm,6: energiø bornholm,
6,energiø bornholm,6: energiø bornholm,
8,wind turbin,8: wind turbin,
8,wind turbin,8: wind turbin,
8,wind turbin,8: wind turbin,
8,wind turbin,8: wind turbin,
8,wind turbin,8: wind turbin,
8,wind turbin,8: wind turbin,
8,wind turbin,8: wind turbin,
8,wind turbin,8: wind turbin,
8,wind turbin,8: wind turbin,
8,wind turbin,8: wind turbin,
8,wind turbin,8: wind turbin,
8,wind turbin,8: wind turbin,
8,wind turbin,8: wind turbin,
8,wind turbin,8: wind turbin,
8,wind turbin,8: wind turbin,
8,wind turbin,8: wind turbin,
8,wind turbin,8: wind turbin,
8,wind turbin,8: wind turbin,
8,wind turbin,8: wind turbin,
8,wind turbin,8: wind turbin,
8,wind turbin,8: wind turbin,
8,wind turbin,8: wind turbin,
8,wind turbin,8: wind turbin,
8,wind turbin,8: wind turbin,
8,wind turbin,8: wind turbin,
8,wind turbin,8: wind turbin,
8,wind turbin,8: wind turbin,
8,wind turbin,8: wind turbin,
8,wind turbin,8: wind turbin,
8,wind turbin,8: wind turbin,
8,wind turbin,8: wind turbin,
8,wind turbin,8: wind turbin,
8,wind turbin,8: wind turbin,
8,wind turbin,8: wind turbin,
8,wind turbin,8: wind turbin,
8,wind turbin,8: wind turbin,
8,wind turbin,8: wind turbin,
8,wind turbin,8: wind turbin,
8,wind turbin,8: wind turbin,
8,wind turbin,8: wind turbin,
8,wind turbin,8: wind turbin,
8,wind turbin,8: wind turbin,
8,wind turbin,8: wind turbin,
8,wind turbin,8: wind turbin,
8,wind turbin,8: wind turbin,
8,wind turbin,8: wind turbin,
8,wind turbin,8: wind turbin,
8,wind turbin,8: wind turbin,
8,wind turbin,8: wind turbin,
8,wind turbin,8: wind turbin,
8,wind turbin,8: wind turbin,
8,wind turbin,8: wind turbin,
8,wind turbin,8: wind turbin,
8,wind turbin,8: wind turbin,
8,wind turbin,8: wind turbin,
8,wind turbin,8: wind turbin,
8,wind turbin,8: wind turbin,
8,wind turbin,8: wind turbin,
8,wind turbin,8: wind turbin,
8,wind turbin,8: wind turbin,
8,wind turbin,8: wind turbin,
8,wind turbin,8: wind turbin,
8,wind turbin,8: wind turbin,
8,wind turbin,8: wind turbin,
8,wind turbin,8: wind turbin,
8,wind turbin,8: wind turbin,
8,wind turbin,8: wind turbin,
8,wind turbin,8: wind turbin,
8,wind turbin,8: wind turbin,
8,wind turbin,8: wind turbin,
8,wind turbin,8: wind turbin,
8,wind turbin,8: wind turbin,
8,wind turbin,8: wind turbin,
8,wind turbin,8: wind turbin,
8,wind turbin,8: wind turbin,
8,wind turbin,8: wind turbin,
8,wind turbin,8: wind turbin,
8,wind turbin,8: wind turbin,
8,wind turbin,8: wind turbin,
8,wind turbin,8: wind turbin,
8,wind turbin,8: wind turbin,
8,wind turbin,8: wind turbin,
8,wind turbin,8: wind turbin,
8,wind turbin,8: wind turbin,
8,wind turbin,8: wind turbin,
8,wind turbin,8: wind turbin,
8,wind turbin,8: wind turbin,
8,wind turbin,8: wind turbin,
8,wind turbin,8: wind turbin,
8,wind turbin,8: wind turbin,
8,wind turbin,8: wind turbin,
8,wind turbin,8: wind turbin,
8,wind turbin,8: wind turbin,
8,wind turbin,8: wind turbin,
8,wind turbin,8: wind turbin,
8,wind turbin,8: wind turbin,
8,wind turbin,8: wind turbin,
8,wind turbin,8: wind turbin,
8,wind turbin,8: wind turbin,
8,wind turbin,8: wind turbin,
8,wind turbin,8: wind turbin,
8,wind turbin,8: wind turbin,
8,wind turbin,8: wind turbin,
8,wind turbin,8: wind turbin,
8,wind turbin,8: wind turbin,
8,wind turbin,8: wind turbin,
8,wind turbin,8: wind turbin,
8,wind turbin,8: wind turbin,
8,wind turbin,8: wind turbin,
8,wind turbin,8: wind turbin,
8,wind turbin,8: wind turbin,
8,wind turbin,8: wind turbin,
8,wind turbin,8: wind turbin,
8,wind turbin,8: wind turbin,
8,wind turbin,8: wind turbin,
8,wind turbin,8: wind turbin,
8,wind turbin,8: wind turbin,
8,wind turbin,8: wind turbin,
8,wind turbin,8: wind turbin,
8,wind turbin,8: wind turbin,
8,wind turbin,8: wind turbin,
8,wind turbin,8: wind turbin,
8,wind turbin,8: wind turbin,
8,wind turbin,8: wind turbin,
8,wind turbin,8: wind turbin,
8,wind turbin,8: wind turbin,
8,wind turbin,8: wind turbin,
8,wind turbin,8: wind turbin,
8,wind turbin,8: wind turbin,
8,wind turbin,8: wind turbin,
5,offshor grid,5: offshor grid,
5,offshor grid,5: offshor grid,
5,offshor grid,5: offshor grid,
5,offshor grid,5: offshor grid,
5,offshor grid,5: offshor grid,
5,offshor grid,5: offshor grid,
5,offshor grid,5: offshor grid,
5,offshor grid,5: offshor grid,
5,offshor grid,5: offshor grid,
5,offshor grid,5: offshor grid,
5,offshor grid,5: offshor grid,
5,offshor grid,5: offshor grid,
5,offshor grid,5: offshor grid,
5,offshor grid,5: offshor grid,
5,offshor grid,5: offshor grid,
5,offshor grid,5: offshor grid,
5,offshor grid,5: offshor grid,
5,offshor grid,5: offshor grid,
5,offshor grid,5: offshor grid,
5,offshor grid,5: offshor grid,
5,offshor grid,5: offshor grid,
5,offshor grid,5: offshor grid,
5,offshor grid,5: offshor grid,
5,offshor grid,5: offshor grid,
5,offshor grid,5: offshor grid,
5,offshor grid,5: offshor grid,
5,offshor grid,5: offshor grid,
5,offshor grid,5: offshor grid,
5,offshor grid,5: offshor grid,
5,offshor grid,5: offshor grid,
5,offshor grid,5: offshor grid,
5,offshor grid,5: offshor grid,
5,offshor grid,5: offshor grid,
5,offshor grid,5: offshor grid,
5,offshor grid,5: offshor grid,
5,offshor grid,5: offshor grid,
5,offshor grid,5: offshor grid,
5,offshor grid,5: offshor grid,
5,offshor grid,5: offshor grid,
5,offshor grid,5: offshor grid,
5,offshor grid,5: offshor grid,
5,offshor grid,5: offshor grid,
5,offshor grid,5: offshor grid,
5,offshor grid,5: offshor grid,
5,offshor grid,5: offshor grid,
5,offshor grid,5: offshor grid,
5,offshor grid,5: offshor grid,
5,offshor grid,5: offshor grid,
5,offshor grid,5: offshor grid,
5,offshor grid,5: offshor grid,
5,offshor grid,5: offshor grid,
5,offshor grid,5: offshor grid,
5,offshor grid,5: offshor grid,
5,offshor grid,5: offshor grid,
5,offshor grid,5: offshor grid,
5,offshor grid,5: offshor grid,
5,offshor grid,5: offshor grid,
5,offshor grid,5: offshor grid,
5,offshor grid,5: offshor grid,
5,offshor grid,5: offshor grid,
5,offshor grid,5: offshor grid,
5,offshor grid,5: offshor grid,
5,offshor grid,5: offshor grid,
5,offshor grid,5: offshor grid,
5,offshor grid,5: offshor grid,
5,offshor grid,5: offshor grid,
5,offshor grid,5: offshor grid,
5,offshor grid,5: offshor grid,
5,offshor grid,5: offshor grid,
5,offshor grid,5: offshor grid,
5,offshor grid,5: offshor grid,
5,offshor grid,5: offshor grid,
5,offshor grid,5: offshor grid,
5,offshor grid,5: offshor grid,
5,offshor grid,5: offshor grid,
5,offshor grid,5: offshor grid,
5,offshor grid,5: offshor grid,
5,offshor grid,5: offshor grid,
5,offshor grid,5: offshor grid,
5,offshor grid,5: offshor grid,
5,offshor grid,5: offshor grid,
5,offshor grid,5: offshor grid,
5,offshor grid,5: offshor grid,
5,offshor grid,5: offshor grid,
5,offshor grid,5: offshor grid,
5,offshor grid,5: offshor grid,
5,offshor grid,5: offshor grid,
5,offshor grid,5: offshor grid,
5,offshor grid,5: offshor grid,
5,offshor grid,5: offshor grid,
5,offshor grid,5: offshor grid,
5,offshor grid,5: offshor grid,
5,offshor grid,5: offshor grid,
5,offshor grid,5: offshor grid,
5,offshor grid,5: offshor grid,
5,offshor grid,5: offshor grid,
5,offshor grid,5: offshor grid,
5,offshor grid,5: offshor grid,
5,offshor grid,5: offshor grid,
5,offshor grid,5: offshor grid,
5,offshor grid,5: offshor grid,
5,offshor grid,5: offshor grid,
5,offshor grid,5: offshor grid,
5,offshor grid,5: offshor grid,
5,offshor grid,5: offshor grid,
5,offshor grid,5: offshor grid,
5,offshor grid,5: offshor grid,
5,offshor grid,5: offshor grid,
5,offshor grid,5: offshor grid,
5,offshor grid,5: offshor grid,
5,offshor grid,5: offshor grid,
5,offshor grid,5: offshor grid,
5,offshor grid,5: offshor grid,
5,offshor grid,5: offshor grid,
5,offshor grid,5: offshor grid,
5,offshor grid,5: offshor grid,
5,offshor grid,5: offshor grid,
5,offshor grid,5: offshor grid,
5,offshor grid,5: offshor grid,
5,offshor grid,5: offshor grid,
5,offshor grid,5: offshor grid,
5,offshor grid,5: offshor grid,
5,offshor grid,5: offshor grid,
5,offshor grid,5: offshor grid,
5,offshor grid,5: offshor grid,
5,offshor grid,5: offshor grid,
5,offshor grid,5: offshor grid,
5,offshor grid,5: offshor grid,
5,offshor grid,5: offshor grid,
5,offshor grid,5: offshor grid,
5,offshor grid,5: offshor grid,
5,offshor grid,5: offshor grid,
5,offshor grid,5: offshor grid,
5,offshor grid,5: offshor grid,
5,offshor grid,5: offshor grid,
5,offshor grid,5: offshor grid,
5,offshor grid,5: offshor grid,
5,offshor grid,5: offshor grid,
5,offshor grid,5: offshor grid,
5,offshor grid,5: offshor grid,
5,offshor grid,5: offshor grid,
5,offshor grid,5: offshor grid,
5,offshor grid,5: offshor grid,
5,offshor grid,5: offshor grid,
5,offshor grid,5: offshor grid,
5,offshor grid,5: offshor grid,
5,offshor grid,5: offshor grid,
5,offshor grid,5: offshor grid,
5,offshor grid,5: offshor grid,
5,offshor grid,5: offshor grid,
5,offshor grid,5: offshor grid,
5,offshor grid,5: offshor grid,
5,offshor grid,5: offshor grid,
5,offshor grid,5: offshor grid,
5,offshor grid,5: offshor grid,
5,offshor grid,5: offshor grid,
5,offshor grid,5: offshor grid,
5,offshor grid,5: offshor grid,
5,offshor grid,5: offshor grid,
5,offshor grid,5: offshor grid,
5,offshor grid,5: offshor grid,
5,offshor grid,5: offshor grid,
5,offshor grid,5: offshor grid,
5,offshor grid,5: offshor grid,
5,offshor grid,5: offshor grid,
5,offshor grid,5: offshor grid,
5,offshor grid,5: offshor grid,
5,offshor grid,5: offshor grid,
5,offshor grid,5: offshor grid,
5,offshor grid,5: offshor grid,
5,offshor grid,5: offshor grid,
5,offshor grid,5: offshor grid,
5,offshor grid,5: offshor grid,
5,offshor grid,5: offshor grid,
5,offshor grid,5: offshor grid,
3,offshor wind,3: offshor wind,
3,offshor wind,3: offshor wind,
3,offshor wind,3: offshor wind,
3,offshor wind,3: offshor wind,
3,offshor wind,3: offshor wind,
3,offshor wind,3: offshor wind,
3,offshor wind,3: offshor wind,
3,offshor wind,3: offshor wind,
3,offshor wind,3: offshor wind,
3,offshor wind,3: offshor wind,
3,offshor wind,3: offshor wind,
3,offshor wind,3: offshor wind,
3,offshor wind,3: offshor wind,
3,offshor wind,3: offshor wind,
3,offshor wind,3: offshor wind,
3,offshor wind,3: offshor wind,
3,offshor wind,3: offshor wind,
3,offshor wind,3: offshor wind,
3,offshor wind,3: offshor wind,
3,offshor wind,3: offshor wind,
3,offshor wind,3: offshor wind,
3,offshor wind,3: offshor wind,
3,offshor wind,3: offshor wind,
3,offshor wind,3: offshor wind,
3,offshor wind,3: offshor wind,
3,offshor wind,3: offshor wind,
3,offshor wind,3: offshor wind,
3,offshor wind,3: offshor wind,
3,offshor wind,3: offshor wind,
3,offshor wind,3: offshor wind,
3,offshor wind,3: offshor wind,
3,offshor wind,3: offshor wind,
3,offshor wind,3: offshor wind,
3,offshor wind,3: offshor wind,
3,offshor wind,3: offshor wind,
3,offshor wind,3: offshor wind,
3,offshor wind,3: offshor wind,
3,offshor wind,3: offshor wind,
3,offshor wind,3: offshor wind,
3,offshor wind,3: offshor wind,
3,offshor wind,3: offshor wind,
3,offshor wind,3: offshor wind,
3,offshor wind,3: offshor wind,
3,offshor wind,3: offshor wind,
3,offshor wind,3: offshor wind,
3,offshor wind,3: offshor wind,
3,offshor wind,3: offshor wind,
3,offshor wind,3: offshor wind,
3,offshor wind,3: offshor wind,
3,offshor wind,3: offshor wind,
3,offshor wind,3: offshor wind,
3,offshor wind,3: offshor wind,
3,offshor wind,3: offshor wind,
3,offshor wind,3: offshor wind,
3,offshor wind,3: offshor wind,
3,offshor wind,3: offshor wind,
3,offshor wind,3: offshor wind,
3,offshor wind,3: offshor wind,
3,offshor wind,3: offshor wind,
3,offshor wind,3: offshor wind,
3,offshor wind,3: offshor wind,
3,offshor wind,3: offshor wind,
3,offshor wind,3: offshor wind,
3,offshor wind,3: offshor wind,
3,offshor wind,3: offshor wind,
3,offshor wind,3: offshor wind,
3,offshor wind,3: offshor wind,
3,offshor wind,3: offshor wind,
3,offshor wind,3: offshor wind,
3,offshor wind,3: offshor wind,
3,offshor wind,3: offshor wind,
3,offshor wind,3: offshor wind,
3,offshor wind,3: offshor wind,
3,offshor wind,3: offshor wind,
3,offshor wind,3: offshor wind,
3,offshor wind,3: offshor wind,
3,offshor wind,3: offshor wind,
3,offshor wind,3: offshor wind,
3,offshor wind,3: offshor wind,
3,offshor wind,3: offshor wind,
3,offshor wind,3: offshor wind,
3,offshor wind,3: offshor wind,
3,offshor wind,3: offshor wind,
3,offshor wind,3: offshor wind,
3,offshor wind,3: offshor wind,
3,offshor wind,3: offshor wind,
3,offshor wind,3: offshor wind,
3,offshor wind,3: offshor wind,
3,offshor wind,3: offshor wind,
3,offshor wind,3: offshor wind,
3,offshor wind,3: offshor wind,
3,offshor wind,3: offshor wind,
3,offshor wind,3: offshor wind,
3,offshor wind,3: offshor wind,
3,offshor wind,3: offshor wind,
3,offshor wind,3: offshor wind,
3,offshor wind,3: offshor wind,
3,offshor wind,3: offshor wind,
3,offshor wind,3: offshor wind,
3,offshor wind,3: offshor wind,
3,offshor wind,3: offshor wind,
3,offshor wind,3: offshor wind,
3,offshor wind,3: offshor wind,
3,offshor wind,3: offshor wind,
3,offshor wind,3: offshor wind,
3,offshor wind,3: offshor wind,
3,offshor wind,3: offshor wind,
3,offshor wind,3: offshor wind,
3,offshor wind,3: offshor wind,
3,offshor wind,3: offshor wind,
3,offshor wind,3: offshor wind,
3,offshor wind,3: offshor wind,
3,offshor wind,3: offshor wind,
8,wind turbin,8: wind turbin,
8,wind turbin,8: wind turbin,
8,wind turbin,8: wind turbin,
8,wind turbin,8: wind turbin,
8,wind turbin,8: wind turbin,
8,wind turbin,8: wind turbin,
8,wind turbin,8: wind turbin,
8,wind turbin,8: wind turbin,
8,wind turbin,8: wind turbin,
8,wind turbin,8: wind turbin,
8,wind turbin,8: wind turbin,
8,wind turbin,8: wind turbin,
8,wind turbin,8: wind turbin,
8,wind turbin,8: wind turbin,
8,wind turbin,8: wind turbin,
8,wind turbin,8: wind turbin,
8,wind turbin,8: wind turbin,
8,wind turbin,8: wind turbin,
8,wind turbin,8: wind turbin,
8,wind turbin,8: wind turbin,
8,wind turbin,8: wind turbin,
8,wind turbin,8: wind turbin,
8,wind turbin,8: wind turbin,
8,wind turbin,8: wind turbin,
8,wind turbin,8: wind turbin,
8,wind turbin,8: wind turbin,
8,wind turbin,8: wind turbin,
8,wind turbin,8: wind turbin,
8,wind turbin,8: wind turbin,
8,wind turbin,8: wind turbin,
8,wind turbin,8: wind turbin,
8,wind turbin,8: wind turbin,
8,wind turbin,8: wind turbin,
8,wind turbin,8: wind turbin,
8,wind turbin,8: wind turbin,
8,wind turbin,8: wind turbin,
8,wind turbin,8: wind turbin,
8,wind turbin,8: wind turbin,
8,wind turbin,8: wind turbin,
8,wind turbin,8: wind turbin,
8,wind turbin,8: wind turbin,
8,wind turbin,8: wind turbin,
8,wind turbin,8: wind turbin,
8,wind turbin,8: wind turbin,
8,wind turbin,8: wind turbin,
8,wind turbin,8: wind turbin,
8,wind turbin,8: wind turbin,
8,wind turbin,8: wind turbin,
8,wind turbin,8: wind turbin,
8,wind turbin,8: wind turbin,
8,wind turbin,8: wind turbin,
8,wind turbin,8: wind turbin,
8,wind turbin,8: wind turbin,
8,wind turbin,8: wind turbin,
8,wind turbin,8: wind turbin,
8,wind turbin,8: wind turbin,
8,wind turbin,8: wind turbin,
8,wind turbin,8: wind turbin,
8,wind turbin,8: wind turbin,
8,wind turbin,8: wind turbin,
8,wind turbin,8: wind turbin,
8,wind turbin,8: wind turbin,
8,wind turbin,8: wind turbin,
8,wind turbin,8: wind turbin,
8,wind turbin,8: wind turbin,
8,wind turbin,8: wind turbin,
8,wind turbin,8: wind turbin,
8,wind turbin,8: wind turbin,
8,wind turbin,8: wind turbin,
8,wind turbin,8: wind turbin,
8,wind turbin,8: wind turbin,
8,wind turbin,8: wind turbin,
8,wind turbin,8: wind turbin,
8,wind turbin,8: wind turbin,
8,wind turbin,8: wind turbin,
8,wind turbin,8: wind turbin,
8,wind turbin,8: wind turbin,
8,wind turbin,8: wind turbin,
8,wind turbin,8: wind turbin,
8,wind turbin,8: wind turbin,
8,wind turbin,8: wind turbin,
8,wind turbin,8: wind turbin,
8,wind turbin,8: wind turbin,
8,wind turbin,8: wind turbin,
8,wind turbin,8: wind turbin,
8,wind turbin,8: wind turbin,
8,wind turbin,8: wind turbin,
8,wind turbin,8: wind turbin,
8,wind turbin,8: wind turbin,
8,wind turbin,8: wind turbin,
8,wind turbin,8: wind turbin,
8,wind turbin,8: wind turbin,
8,wind turbin,8: wind turbin,
8,wind turbin,8: wind turbin,
8,wind turbin,8: wind turbin,
8,wind turbin,8: wind turbin,
8,wind turbin,8: wind turbin,
8,wind turbin,8: wind turbin,
8,wind turbin,8: wind turbin,
8,wind turbin,8: wind turbin,
8,wind turbin,8: wind turbin,
8,wind turbin,8: wind turbin,
8,wind turbin,8: wind turbin,
8,wind turbin,8: wind turbin,
8,wind turbin,8: wind turbin,
8,wind turbin,8: wind turbin,
8,wind turbin,8: wind turbin,
8,wind turbin,8: wind turbin,
8,wind turbin,8: wind turbin,
8,wind turbin,8: wind turbin,
8,wind turbin,8: wind turbin,
8,wind turbin,8: wind turbin,
8,wind turbin,8: wind turbin,
8,wind turbin,8: wind turbin,
8,wind turbin,8: wind turbin,
8,wind turbin,8: wind turbin,
8,wind turbin,8: wind turbin,
8,wind turbin,8: wind turbin,
8,wind turbin,8: wind turbin,
8,wind turbin,8: wind turbin,
8,wind turbin,8: wind turbin,
8,wind turbin,8: wind turbin,
8,wind turbin,8: wind turbin,
8,wind turbin,8: wind turbin,
8,wind turbin,8: wind turbin,
8,wind turbin,8: wind turbin,
8,wind turbin,8: wind turbin,
8,wind turbin,8: wind turbin,
8,wind turbin,8: wind turbin,
8,wind turbin,8: wind turbin,
3,offshor wind,3: offshor wind,
3,offshor wind,3: offshor wind,
3,offshor wind,3: offshor wind,
3,offshor wind,3: offshor wind,
3,offshor wind,3: offshor wind,
3,offshor wind,3: offshor wind,
3,offshor wind,3: offshor wind,
3,offshor wind,3: offshor wind,
3,offshor wind,3: offshor wind,
3,offshor wind,3: offshor wind,
3,offshor wind,3: offshor wind,
3,offshor wind,3: offshor wind,
3,offshor wind,3: offshor wind,
3,offshor wind,3: offshor wind,
3,offshor wind,3: offshor wind,
3,offshor wind,3: offshor wind,
3,offshor wind,3: offshor wind,
3,offshor wind,3: offshor wind,
3,offshor wind,3: offshor wind,
3,offshor wind,3: offshor wind,
3,offshor wind,3: offshor wind,
3,offshor wind,3: offshor wind,
3,offshor wind,3: offshor wind,
3,offshor wind,3: offshor wind,
3,offshor wind,3: offshor wind,
3,offshor wind,3: offshor wind,
3,offshor wind,3: offshor wind,
3,offshor wind,3: offshor wind,
3,offshor wind,3: offshor wind,
3,offshor wind,3: offshor wind,
3,offshor wind,3: offshor wind,
3,offshor wind,3: offshor wind,
3,offshor wind,3: offshor wind,
3,offshor wind,3: offshor wind,
3,offshor wind,3: offshor wind,
3,offshor wind,3: offshor wind,
3,offshor wind,3: offshor wind,
3,offshor wind,3: offshor wind,
3,offshor wind,3: offshor wind,
3,offshor wind,3: offshor wind,
3,offshor wind,3: offshor wind,
3,offshor wind,3: offshor wind,
3,offshor wind,3: offshor wind,
3,offshor wind,3: offshor wind,
3,offshor wind,3: offshor wind,
3,offshor wind,3: offshor wind,
3,offshor wind,3: offshor wind,
3,offshor wind,3: offshor wind,
3,offshor wind,3: offshor wind,
3,offshor wind,3: offshor wind,
3,offshor wind,3: offshor wind,
3,offshor wind,3: offshor wind,
3,offshor wind,3: offshor wind,
3,offshor wind,3: offshor wind,
3,offshor wind,3: offshor wind,
3,offshor wind,3: offshor wind,
3,offshor wind,3: offshor wind,
3,offshor wind,3: offshor wind,
3,offshor wind,3: offshor wind,
3,offshor wind,3: offshor wind,
3,offshor wind,3: offshor wind,
3,offshor wind,3: offshor wind,
3,offshor wind,3: offshor wind,
3,offshor wind,3: offshor wind,
3,offshor wind,3: offshor wind,
3,offshor wind,3: offshor wind,
3,offshor wind,3: offshor wind,
3,offshor wind,3: offshor wind,
3,offshor wind,3: offshor wind,
3,offshor wind,3: offshor wind,
3,offshor wind,3: offshor wind,
3,offshor wind,3: offshor wind,
3,offshor wind,3: offshor wind,
3,offshor wind,3: offshor wind,
3,offshor wind,3: offshor wind,
3,offshor wind,3: offshor wind,
3,offshor wind,3: offshor wind,
3,offshor wind,3: offshor wind,
3,offshor wind,3: offshor wind,
3,offshor wind,3: offshor wind,
3,offshor wind,3: offshor wind,
3,offshor wind,3: offshor wind,
3,offshor wind,3: offshor wind,
3,offshor wind,3: offshor wind,
3,offshor wind,3: offshor wind,
3,offshor wind,3: offshor wind,
3,offshor wind,3: offshor wind,
3,offshor wind,3: offshor wind,
3,offshor wind,3: offshor wind,
3,offshor wind,3: offshor wind,
3,offshor wind,3: offshor wind,
3,offshor wind,3: offshor wind,
3,offshor wind,3: offshor wind,
3,offshor wind,3: offshor wind,
3,offshor wind,3: offshor wind,
3,offshor wind,3: offshor wind,
3,offshor wind,3: offshor wind,
3,offshor wind,3: offshor wind,
3,offshor wind,3: offshor wind,
3,offshor wind,3: offshor wind,
3,offshor wind,3: offshor wind,
3,offshor wind,3: offshor wind,
3,offshor wind,3: offshor wind,
3,offshor wind,3: offshor wind,
3,offshor wind,3: offshor wind,
3,offshor wind,3: offshor wind,
3,offshor wind,3: offshor wind,
3,offshor wind,3: offshor wind,
3,offshor wind,3: offshor wind,
3,offshor wind,3: offshor wind,
3,offshor wind,3: offshor wind,
3,offshor wind,3: offshor wind,
3,offshor wind,3: offshor wind,
3,offshor wind,3: offshor wind,
3,offshor wind,3: offshor wind,
3,offshor wind,3: offshor wind,
3,offshor wind,3: offshor wind,
3,offshor wind,3: offshor wind,
3,offshor wind,3: offshor wind,
3,offshor wind,3: offshor wind,
3,offshor wind,3: offshor wind,
3,offshor wind,3: offshor wind,
3,offshor wind,3: offshor wind,
3,offshor wind,3: offshor wind,
3,offshor wind,3: offshor wind,
3,offshor wind,3: offshor wind,
3,offshor wind,3: offshor wind,
3,offshor wind,3: offshor wind,
3,offshor wind,3: offshor wind,
3,offshor wind,3: offshor wind,
3,offshor wind,3: offshor wind,
3,offshor wind,3: offshor wind,
3,offshor wind,3: offshor wind,
3,offshor wind,3: offshor wind,
3,offshor wind,3: offshor wind,
3,offshor wind,3: offshor wind,
3,offshor wind,3: offshor wind,
3,offshor wind,3: offshor wind,
3,offshor wind,3: offshor wind,
3,offshor wind,3: offshor wind,
3,offshor wind,3: offshor wind,
3,offshor wind,3: offshor wind,
3,offshor wind,3: offshor wind,
3,offshor wind,3: offshor wind,
3,offshor wind,3: offshor wind,
3,offshor wind,3: offshor wind,
3,offshor wind,3: offshor wind,
3,offshor wind,3: offshor wind,
3,offshor wind,3: offshor wind,
3,offshor wind,3: offshor wind,
3,offshor wind,3: offshor wind,
3,offshor wind,3: offshor wind,
3,offshor wind,3: offshor wind,
3,offshor wind,3: offshor wind,
3,offshor wind,3: offshor wind,
3,offshor wind,3: offshor wind,
3,offshor wind,3: offshor wind,
3,offshor wind,3: offshor wind,
3,offshor wind,3: offshor wind,
3,offshor wind,3: offshor wind,
3,offshor wind,3: offshor wind,
3,offshor wind,3: offshor wind,
3,offshor wind,3: offshor wind,
3,offshor wind,3: offshor wind,
3,offshor wind,3: offshor wind,
3,offshor wind,3: offshor wind,
3,offshor wind,3: offshor wind,
3,offshor wind,3: offshor wind,
3,offshor wind,3: offshor wind,
3,offshor wind,3: offshor wind,
3,offshor wind,3: offshor wind,
3,offshor wind,3: offshor wind,
3,offshor wind,3: offshor wind,
3,offshor wind,3: offshor wind,
3,offshor wind,3: offshor wind,
3,offshor wind,3: offshor wind,
3,offshor wind,3: offshor wind,
3,offshor wind,3: offshor wind,
3,offshor wind,3: offshor wind,
3,offshor wind,3: offshor wind,
3,offshor wind,3: offshor wind,
3,offshor wind,3: offshor wind,
3,offshor wind,3: offshor wind,
3,offshor wind,3: offshor wind,
3,offshor wind,3: offshor wind,
3,offshor wind,3: offshor wind,
3,offshor wind,3: offshor wind,
3,offshor wind,3: offshor wind,
3,offshor wind,3: offshor wind,
3,offshor wind,3: offshor wind,
3,offshor wind,3: offshor wind,
3,offshor wind,3: offshor wind,
3,offshor wind,3: offshor wind,
3,offshor wind,3: offshor wind,
3,offshor wind,3: offshor wind,
3,offshor wind,3: offshor wind,
3,offshor wind,3: offshor wind,
3,offshor wind,3: offshor wind,
3,offshor wind,3: offshor wind,
3,offshor wind,3: offshor wind,
3,offshor wind,3: offshor wind,
3,offshor wind,3: offshor wind,
3,offshor wind,3: offshor wind,
3,offshor wind,3: offshor wind,
3,offshor wind,3: offshor wind,
3,offshor wind,3: offshor wind,
3,offshor wind,3: offshor wind,
3,offshor wind,3: offshor wind,
3,offshor wind,3: offshor wind,
3,offshor wind,3: offshor wind,
3,offshor wind,3: offshor wind,
3,offshor wind,3: offshor wind,
3,offshor wind,3: offshor wind,
3,offshor wind,3: offshor wind,
3,offshor wind,3: offshor wind,
3,offshor wind,3: offshor wind,
3,offshor wind,3: offshor wind,
3,offshor wind,3: offshor wind,
3,offshor wind,3: offshor wind,
3,offshor wind,3: offshor wind,
3,offshor wind,3: offshor wind,
3,offshor wind,3: offshor wind,
3,offshor wind,3: offshor wind,
3,offshor wind,3: offshor wind,
3,offshor wind,3: offshor wind,
3,offshor wind,3: offshor wind,
3,offshor wind,3: offshor wind,
3,offshor wind,3: offshor wind,
3,offshor wind,3: offshor wind,
3,offshor wind,3: offshor wind,
3,offshor wind,3: offshor wind,
3,offshor wind,3: offshor wind,
3,offshor wind,3: offshor wind,
3,offshor wind,3: offshor wind,
3,offshor wind,3: offshor wind,
3,offshor wind,3: offshor wind,
3,offshor wind,3: offshor wind,
3,offshor wind,3: offshor wind,
3,offshor wind,3: offshor wind,
3,offshor wind,3: offshor wind,
3,offshor wind,3: offshor wind,
3,offshor wind,3: offshor wind,
3,offshor wind,3: offshor wind,
3,offshor wind,3: offshor wind,
3,offshor wind,3: offshor wind,
3,offshor wind,3: offshor wind,
3,offshor wind,3: offshor wind,
3,offshor wind,3: offshor wind,
3,offshor wind,3: offshor wind,
3,offshor wind,3: offshor wind,
3,offshor wind,3: offshor wind,
3,offshor wind,3: offshor wind,
3,offshor wind,3: offshor wind,
3,offshor wind,3: offshor wind,
3,offshor wind,3: offshor wind,
3,offshor wind,3: offshor wind,
3,offshor wind,3: offshor wind,
3,offshor wind,3: offshor wind,
3,offshor wind,3: offshor wind,
3,offshor wind,3: offshor wind,
3,offshor wind,3: offshor wind,
3,offshor wind,3: offshor wind,
3,offshor wind,3: offshor wind,
3,offshor wind,3: offshor wind,
3,offshor wind,3: offshor wind,
3,offshor wind,3: offshor wind,
3,offshor wind,3: offshor wind,
3,offshor wind,3: offshor wind,
3,offshor wind,3: offshor wind,
3,offshor wind,3: offshor wind,
3,offshor wind,3: offshor wind,
3,offshor wind,3: offshor wind,
3,offshor wind,3: offshor wind,
3,offshor wind,3: offshor wind,
3,offshor wind,3: offshor wind,
3,offshor wind,3: offshor wind,
3,offshor wind,3: offshor wind,
3,offshor wind,3: offshor wind,
3,offshor wind,3: offshor wind,
3,offshor wind,3: offshor wind,
3,offshor wind,3: offshor wind,
3,offshor wind,3: offshor wind,
3,offshor wind,3: offshor wind,
3,offshor wind,3: offshor wind,
3,offshor wind,3: offshor wind,
3,offshor wind,3: offshor wind,
3,offshor wind,3: offshor wind,
3,offshor wind,3: offshor wind,
3,offshor wind,3: offshor wind,
3,offshor wind,3: offshor wind,
3,offshor wind,3: offshor wind,
3,offshor wind,3: offshor wind,
3,offshor wind,3: offshor wind,
3,offshor wind,3: offshor wind,
3,offshor wind,3: offshor wind,
3,offshor wind,3: offshor wind,
3,offshor wind,3: offshor wind,
3,offshor wind,3: offshor wind,
3,offshor wind,3: offshor wind,
3,offshor wind,3: offshor wind,
3,offshor wind,3: offshor wind,
3,offshor wind,3: offshor wind,
3,offshor wind,3: offshor wind,
3,offshor wind,3: offshor wind,
3,offshor wind,3: offshor wind,
3,offshor wind,3: offshor wind,
3,offshor wind,3: offshor wind,
3,offshor wind,3: offshor wind,
3,offshor wind,3: offshor wind,
3,offshor wind,3: offshor wind,
3,offshor wind,3: offshor wind,
3,offshor wind,3: offshor wind,
3,offshor wind,3: offshor wind,
3,offshor wind,3: offshor wind,
3,offshor wind,3: offshor wind,
3,offshor wind,3: offshor wind,
3,offshor wind,3: offshor wind,
3,offshor wind,3: offshor wind,
3,offshor wind,3: offshor wind,
3,offshor wind,3: offshor wind,
3,offshor wind,3: offshor wind,
3,offshor wind,3: offshor wind,
3,offshor wind,3: offshor wind,
3,offshor wind,3: offshor wind,
3,offshor wind,3: offshor wind,
3,offshor wind,3: offshor wind,
3,offshor wind,3: offshor wind,
3,offshor wind,3: offshor wind,
3,offshor wind,3: offshor wind,
3,offshor wind,3: offshor wind,
3,offshor wind,3: offshor wind,
3,offshor wind,3: offshor wind,
3,offshor wind,3: offshor wind,
3,offshor wind,3: offshor wind,
3,offshor wind,3: offshor wind,
3,offshor wind,3: offshor wind,
3,offshor wind,3: offshor wind,
3,offshor wind,3: offshor wind,
3,offshor wind,3: offshor wind,
5,offshor grid,5: offshor grid,
5,offshor grid,5: offshor grid,
5,offshor grid,5: offshor grid,
5,offshor grid,5: offshor grid,
5,offshor grid,5: offshor grid,
5,offshor grid,5: offshor grid,
5,offshor grid,5: offshor grid,
5,offshor grid,5: offshor grid,
5,offshor grid,5: offshor grid,
5,offshor grid,5: offshor grid,
5,offshor grid,5: offshor grid,
5,offshor grid,5: offshor grid,
5,offshor grid,5: offshor grid,
5,offshor grid,5: offshor grid,
5,offshor grid,5: offshor grid,
5,offshor grid,5: offshor grid,
5,offshor grid,5: offshor grid,
5,offshor grid,5: offshor grid,
5,offshor grid,5: offshor grid,
5,offshor grid,5: offshor grid,
5,offshor grid,5: offshor grid,
5,offshor grid,5: offshor grid,
5,offshor grid,5: offshor grid,
5,offshor grid,5: offshor grid,
5,offshor grid,5: offshor grid,
5,offshor grid,5: offshor grid,
5,offshor grid,5: offshor grid,
5,offshor grid,5: offshor grid,
5,offshor grid,5: offshor grid,
5,offshor grid,5: offshor grid,
5,offshor grid,5: offshor grid,
5,offshor grid,5: offshor grid,
5,offshor grid,5: offshor grid,
5,offshor grid,5: offshor grid,
5,offshor grid,5: offshor grid,
5,offshor grid,5: offshor grid,
5,offshor grid,5: offshor grid,
5,offshor grid,5: offshor grid,
5,offshor grid,5: offshor grid,
5,offshor grid,5: offshor grid,
5,offshor grid,5: offshor grid,
5,offshor grid,5: offshor grid,
5,offshor grid,5: offshor grid,
5,offshor grid,5: offshor grid,
5,offshor grid,5: offshor grid,
5,offshor grid,5: offshor grid,
5,offshor grid,5: offshor grid,
5,offshor grid,5: offshor grid,
5,offshor grid,5: offshor grid,
5,offshor grid,5: offshor grid,
5,offshor grid,5: offshor grid,
5,offshor grid,5: offshor grid,
5,offshor grid,5: offshor grid,
5,offshor grid,5: offshor grid,
5,offshor grid,5: offshor grid,
5,offshor grid,5: offshor grid,
5,offshor grid,5: offshor grid,
5,offshor grid,5: offshor grid,
5,offshor grid,5: offshor grid,
5,offshor grid,5: offshor grid,
5,offshor grid,5: offshor grid,
5,offshor grid,5: offshor grid,
5,offshor grid,5: offshor grid,
5,offshor grid,5: offshor grid,
5,offshor grid,5: offshor grid,
5,offshor grid,5: offshor grid,
5,offshor grid,5: offshor grid,
5,offshor grid,5: offshor grid,
5,offshor grid,5: offshor grid,
5,offshor grid,5: offshor grid,
5,offshor grid,5: offshor grid,
5,offshor grid,5: offshor grid,
5,offshor grid,5: offshor grid,
5,offshor grid,5: offshor grid,
5,offshor grid,5: offshor grid,
5,offshor grid,5: offshor grid,
5,offshor grid,5: offshor grid,
5,offshor grid,5: offshor grid,
5,offshor grid,5: offshor grid,
5,offshor grid,5: offshor grid,
5,offshor grid,5: offshor grid,
5,offshor grid,5: offshor grid,
5,offshor grid,5: offshor grid,
5,offshor grid,5: offshor grid,
5,offshor grid,5: offshor grid,
5,offshor grid,5: offshor grid,
5,offshor grid,5: offshor grid,
5,offshor grid,5: offshor grid,
5,offshor grid,5: offshor grid,
5,offshor grid,5: offshor grid,
5,offshor grid,5: offshor grid,
5,offshor grid,5: offshor grid,
5,offshor grid,5: offshor grid,
5,offshor grid,5: offshor grid,
5,offshor grid,5: offshor grid,
5,offshor grid,5: offshor grid,
5,offshor grid,5: offshor grid,
5,offshor grid,5: offshor grid,
5,offshor grid,5: offshor grid,
5,offshor grid,5: offshor grid,
5,offshor grid,5: offshor grid,
5,offshor grid,5: offshor grid,
5,offshor grid,5: offshor grid,
5,offshor grid,5: offshor grid,
5,offshor grid,5: offshor grid,
5,offshor grid,5: offshor grid,
5,offshor grid,5: offshor grid,
5,offshor grid,5: offshor grid,
5,offshor grid,5: offshor grid,
5,offshor grid,5: offshor grid,
5,offshor grid,5: offshor grid,
5,offshor grid,5: offshor grid,
5,offshor grid,5: offshor grid,
5,offshor grid,5: offshor grid,
5,offshor grid,5: offshor grid,
5,offshor grid,5: offshor grid,
5,offshor grid,5: offshor grid,
5,offshor grid,5: offshor grid,
5,offshor grid,5: offshor grid,
5,offshor grid,5: offshor grid,
5,offshor grid,5: offshor grid,
5,offshor grid,5: offshor grid,
5,offshor grid,5: offshor grid,
5,offshor grid,5: offshor grid,
5,offshor grid,5: offshor grid,
5,offshor grid,5: offshor grid,
5,offshor grid,5: offshor grid,
5,offshor grid,5: offshor grid,
5,offshor grid,5: offshor grid,
5,offshor grid,5: offshor grid,
5,offshor grid,5: offshor grid,
5,offshor grid,5: offshor grid,
5,offshor grid,5: offshor grid,
5,offshor grid,5: offshor grid,
5,offshor grid,5: offshor grid,
5,offshor grid,5: offshor grid,
5,offshor grid,5: offshor grid,
5,offshor grid,5: offshor grid,
5,offshor grid,5: offshor grid,
5,offshor grid,5: offshor grid,
5,offshor grid,5: offshor grid,
5,offshor grid,5: offshor grid,
5,offshor grid,5: offshor grid,
5,offshor grid,5: offshor grid,
5,offshor grid,5: offshor grid,
5,offshor grid,5: offshor grid,
5,offshor grid,5: offshor grid,
5,offshor grid,5: offshor grid,
5,offshor grid,5: offshor grid,
5,offshor grid,5: offshor grid,
5,offshor grid,5: offshor grid,
5,offshor grid,5: offshor grid,
5,offshor grid,5: offshor grid,
5,offshor grid,5: offshor grid,
5,offshor grid,5: offshor grid,
5,offshor grid,5: offshor grid,
5,offshor grid,5: offshor grid,
5,offshor grid,5: offshor grid,
5,offshor grid,5: offshor grid,
5,offshor grid,5: offshor grid,
5,offshor grid,5: offshor grid,
5,offshor grid,5: offshor grid,
5,offshor grid,5: offshor grid,
5,offshor grid,5: offshor grid,
5,offshor grid,5: offshor grid,
5,offshor grid,5: offshor grid,
5,offshor grid,5: offshor grid,
5,offshor grid,5: offshor grid,
5,offshor grid,5: offshor grid,
5,offshor grid,5: offshor grid,
5,offshor grid,5: offshor grid,
5,offshor grid,5: offshor grid,
5,offshor grid,5: offshor grid,
5,offshor grid,5: offshor grid,
5,offshor grid,5: offshor grid,
0,energi island,0: energi island,
0,energi island,0: energi island,
0,energi island,0: energi island,
0,energi island,0: energi island,
0,energi island,0: energi island,
0,energi island,0: energi island,
0,energi island,0: energi island,
0,energi island,0: energi island,
0,energi island,0: energi island,
0,energi island,0: energi island,
0,energi island,0: energi island,
0,energi island,0: energi island,
0,energi island,0: energi island,
0,energi island,0: energi island,
0,energi island,0: energi island,
0,energi island,0: energi island,
0,energi island,0: energi island,
0,energi island,0: energi island,
0,energi island,0: energi island,
0,energi island,0: energi island,
0,energi island,0: energi island,
0,energi island,0: energi island,
0,energi island,0: energi island,
0,energi island,0: energi island,
0,energi island,0: energi island,
0,energi island,0: energi island,
0,energi island,0: energi island,
0,energi island,0: energi island,
0,energi island,0: energi island,
0,energi island,0: energi island,
0,energi island,0: energi island,
0,energi island,0: energi island,
0,energi island,0: energi island,
0,energi island,0: energi island,
0,energi island,0: energi island,
0,energi island,0: energi island,
0,energi island,0: energi island,
0,energi island,0: energi island,
0,energi island,0: energi island,
0,energi island,0: energi island,
0,energi island,0: energi island,
0,energi island,0: energi island,
0,energi island,0: energi island,
0,energi island,0: energi island,
0,energi island,0: energi island,
0,energi island,0: energi island,
0,energi island,0: energi island,
0,energi island,0: energi island,
0,energi island,0: energi island,
0,energi island,0: energi island,
0,energi island,0: energi island,
0,energi island,0: energi island,
0,energi island,0: energi island,
0,energi island,0: energi island,
0,energi island,0: energi island,
0,energi island,0: energi island,
0,energi island,0: energi island,
0,energi island,0: energi island,
0,energi island,0: energi island,
0,energi island,0: energi island,
0,energi island,0: energi island,
0,energi island,0: energi island,
0,energi island,0: energi island,
0,energi island,0: energi island,
0,energi island,0: energi island,
0,energi island,0: energi island,
0,energi island,0: energi island,
0,energi island,0: energi island,
0,energi island,0: energi island,
0,energi island,0: energi island,
0,energi island,0: energi island,
0,energi island,0: energi island,
0,energi island,0: energi island,
0,energi island,0: energi island,
0,energi island,0: energi island,
0,energi island,0: energi island,
0,energi island,0: energi island,
0,energi island,0: energi island,
0,energi island,0: energi island,
0,energi island,0: energi island,
0,energi island,0: energi island,
0,energi island,0: energi island,
0,energi island,0: energi island,
0,energi island,0: energi island,
0,energi island,0: energi island,
0,energi island,0: energi island,
0,energi island,0: energi island,
0,energi island,0: energi island,
0,energi island,0: energi island,
0,energi island,0: energi island,
0,energi island,0: energi island,
0,energi island,0: energi island,
0,energi island,0: energi island,
0,energi island,0: energi island,
0,energi island,0: energi island,
0,energi island,0: energi island,
0,energi island,0: energi island,
0,energi island,0: energi island,
0,energi island,0: energi island,
0,energi island,0: energi island,
0,energi island,0: energi island,
0,energi island,0: energi island,
0,energi island,0: energi island,
0,energi island,0: energi island,
0,energi island,0: energi island,
0,energi island,0: energi island,
0,energi island,0: energi island,
0,energi island,0: energi island,
0,energi island,0: energi island,
0,energi island,0: energi island,
0,energi island,0: energi island,
0,energi island,0: energi island,
0,energi island,0: energi island,
0,energi island,0: energi island,
0,energi island,0: energi island,
0,energi island,0: energi island,
0,energi island,0: energi island,
0,energi island,0: energi island,
0,energi island,0: energi island,
0,energi island,0: energi island,
0,energi island,0: energi island,
0,energi island,0: energi island,
0,energi island,0: energi island,
0,energi island,0: energi island,
0,energi island,0: energi island,
0,energi island,0: energi island,
0,energi island,0: energi island,
0,energi island,0: energi island,
0,energi island,0: energi island,
0,energi island,0: energi island,
0,energi island,0: energi island,
0,energi island,0: energi island,
0,energi island,0: energi island,
0,energi island,0: energi island,
0,energi island,0: energi island,
0,energi island,0: energi island,
0,energi island,0: energi island,
0,energi island,0: energi island,
0,energi island,0: energi island,
0,energi island,0: energi island,
0,energi island,0: energi island,
0,energi island,0: energi island,
0,energi island,0: energi island,
0,energi island,0: energi island,
0,energi island,0: energi island,
0,energi island,0: energi island,
0,energi island,0: energi island,
0,energi island,0: energi island,
0,energi island,0: energi island,
0,energi island,0: energi island,
0,energi island,0: energi island,
0,energi island,0: energi island,
0,energi island,0: energi island,
0,energi island,0: energi island,
0,energi island,0: energi island,
0,energi island,0: energi island,
0,energi island,0: energi island,
8,wind turbin,8: wind turbin,
8,wind turbin,8: wind turbin,
8,wind turbin,8: wind turbin,
8,wind turbin,8: wind turbin,
8,wind turbin,8: wind turbin,
8,wind turbin,8: wind turbin,
8,wind turbin,8: wind turbin,
8,wind turbin,8: wind turbin,
8,wind turbin,8: wind turbin,
8,wind turbin,8: wind turbin,
8,wind turbin,8: wind turbin,
8,wind turbin,8: wind turbin,
8,wind turbin,8: wind turbin,
8,wind turbin,8: wind turbin,
8,wind turbin,8: wind turbin,
8,wind turbin,8: wind turbin,
8,wind turbin,8: wind turbin,
8,wind turbin,8: wind turbin,
8,wind turbin,8: wind turbin,
8,wind turbin,8: wind turbin,
8,wind turbin,8: wind turbin,
8,wind turbin,8: wind turbin,
8,wind turbin,8: wind turbin,
8,wind turbin,8: wind turbin,
8,wind turbin,8: wind turbin,
8,wind turbin,8: wind turbin,
8,wind turbin,8: wind turbin,
8,wind turbin,8: wind turbin,
8,wind turbin,8: wind turbin,
8,wind turbin,8: wind turbin,
8,wind turbin,8: wind turbin,
8,wind turbin,8: wind turbin,
8,wind turbin,8: wind turbin,
8,wind turbin,8: wind turbin,
8,wind turbin,8: wind turbin,
8,wind turbin,8: wind turbin,
8,wind turbin,8: wind turbin,
8,wind turbin,8: wind turbin,
8,wind turbin,8: wind turbin,
8,wind turbin,8: wind turbin,
8,wind turbin,8: wind turbin,
8,wind turbin,8: wind turbin,
8,wind turbin,8: wind turbin,
8,wind turbin,8: wind turbin,
8,wind turbin,8: wind turbin,
8,wind turbin,8: wind turbin,
8,wind turbin,8: wind turbin,
8,wind turbin,8: wind turbin,
8,wind turbin,8: wind turbin,
8,wind turbin,8: wind turbin,
8,wind turbin,8: wind turbin,
8,wind turbin,8: wind turbin,
8,wind turbin,8: wind turbin,
8,wind turbin,8: wind turbin,
8,wind turbin,8: wind turbin,
8,wind turbin,8: wind turbin,
8,wind turbin,8: wind turbin,
8,wind turbin,8: wind turbin,
8,wind turbin,8: wind turbin,
8,wind turbin,8: wind turbin,
8,wind turbin,8: wind turbin,
8,wind turbin,8: wind turbin,
8,wind turbin,8: wind turbin,
8,wind turbin,8: wind turbin,
8,wind turbin,8: wind turbin,
8,wind turbin,8: wind turbin,
8,wind turbin,8: wind turbin,
8,wind turbin,8: wind turbin,
8,wind turbin,8: wind turbin,
8,wind turbin,8: wind turbin,
8,wind turbin,8: wind turbin,
8,wind turbin,8: wind turbin,
8,wind turbin,8: wind turbin,
8,wind turbin,8: wind turbin,
8,wind turbin,8: wind turbin,
8,wind turbin,8: wind turbin,
8,wind turbin,8: wind turbin,
8,wind turbin,8: wind turbin,
8,wind turbin,8: wind turbin,
8,wind turbin,8: wind turbin,
8,wind turbin,8: wind turbin,
8,wind turbin,8: wind turbin,
8,wind turbin,8: wind turbin,
8,wind turbin,8: wind turbin,
8,wind turbin,8: wind turbin,
8,wind turbin,8: wind turbin,
8,wind turbin,8: wind turbin,
8,wind turbin,8: wind turbin,
8,wind turbin,8: wind turbin,
8,wind turbin,8: wind turbin,
8,wind turbin,8: wind turbin,
8,wind turbin,8: wind turbin,
8,wind turbin,8: wind turbin,
8,wind turbin,8: wind turbin,
8,wind turbin,8: wind turbin,
8,wind turbin,8: wind turbin,
8,wind turbin,8: wind turbin,
8,wind turbin,8: wind turbin,
8,wind turbin,8: wind turbin,
8,wind turbin,8: wind turbin,
8,wind turbin,8: wind turbin,
8,wind turbin,8: wind turbin,
8,wind turbin,8: wind turbin,
8,wind turbin,8: wind turbin,
8,wind turbin,8: wind turbin,
8,wind turbin,8: wind turbin,
8,wind turbin,8: wind turbin,
8,wind turbin,8: wind turbin,
8,wind turbin,8: wind turbin,
8,wind turbin,8: wind turbin,
8,wind turbin,8: wind turbin,
8,wind turbin,8: wind turbin,
8,wind turbin,8: wind turbin,
8,wind turbin,8: wind turbin,
8,wind turbin,8: wind turbin,
8,wind turbin,8: wind turbin,
8,wind turbin,8: wind turbin,
8,wind turbin,8: wind turbin,
8,wind turbin,8: wind turbin,
8,wind turbin,8: wind turbin,
8,wind turbin,8: wind turbin,
8,wind turbin,8: wind turbin,
8,wind turbin,8: wind turbin,
8,wind turbin,8: wind turbin,
8,wind turbin,8: wind turbin,
8,wind turbin,8: wind turbin,
8,wind turbin,8: wind turbin,
8,wind turbin,8: wind turbin,
8,wind turbin,8: wind turbin,
8,wind turbin,8: wind turbin,
3,offshor wind,3: offshor wind,
3,offshor wind,3: offshor wind,
3,offshor wind,3: offshor wind,
3,offshor wind,3: offshor wind,
3,offshor wind,3: offshor wind,
3,offshor wind,3: offshor wind,
3,offshor wind,3: offshor wind,
3,offshor wind,3: offshor wind,
3,offshor wind,3: offshor wind,
3,offshor wind,3: offshor wind,
3,offshor wind,3: offshor wind,
3,offshor wind,3: offshor wind,
3,offshor wind,3: offshor wind,
3,offshor wind,3: offshor wind,
3,offshor wind,3: offshor wind,
3,offshor wind,3: offshor wind,
3,offshor wind,3: offshor wind,
3,offshor wind,3: offshor wind,
3,offshor wind,3: offshor wind,
3,offshor wind,3: offshor wind,
3,offshor wind,3: offshor wind,
3,offshor wind,3: offshor wind,
3,offshor wind,3: offshor wind,
3,offshor wind,3: offshor wind,
3,offshor wind,3: offshor wind,
3,offshor wind,3: offshor wind,
3,offshor wind,3: offshor wind,
3,offshor wind,3: offshor wind,
3,offshor wind,3: offshor wind,
3,offshor wind,3: offshor wind,
3,offshor wind,3: offshor wind,
3,offshor wind,3: offshor wind,
3,offshor wind,3: offshor wind,
3,offshor wind,3: offshor wind,
3,offshor wind,3: offshor wind,
3,offshor wind,3: offshor wind,
3,offshor wind,3: offshor wind,
3,offshor wind,3: offshor wind,
3,offshor wind,3: offshor wind,
3,offshor wind,3: offshor wind,
3,offshor wind,3: offshor wind,
3,offshor wind,3: offshor wind,
3,offshor wind,3: offshor wind,
3,offshor wind,3: offshor wind,
3,offshor wind,3: offshor wind,
3,offshor wind,3: offshor wind,
3,offshor wind,3: offshor wind,
3,offshor wind,3: offshor wind,
3,offshor wind,3: offshor wind,
3,offshor wind,3: offshor wind,
3,offshor wind,3: offshor wind,
3,offshor wind,3: offshor wind,
3,offshor wind,3: offshor wind,
3,offshor wind,3: offshor wind,
3,offshor wind,3: offshor wind,
3,offshor wind,3: offshor wind,
3,offshor wind,3: offshor wind,
3,offshor wind,3: offshor wind,
3,offshor wind,3: offshor wind,
3,offshor wind,3: offshor wind,
3,offshor wind,3: offshor wind,
3,offshor wind,3: offshor wind,
3,offshor wind,3: offshor wind,
3,offshor wind,3: offshor wind,
3,offshor wind,3: offshor wind,
3,offshor wind,3: offshor wind,
3,offshor wind,3: offshor wind,
3,offshor wind,3: offshor wind,
3,offshor wind,3: offshor wind,
3,offshor wind,3: offshor wind,
3,offshor wind,3: offshor wind,
3,offshor wind,3: offshor wind,
3,offshor wind,3: offshor wind,
3,offshor wind,3: offshor wind,
3,offshor wind,3: offshor wind,
3,offshor wind,3: offshor wind,
3,offshor wind,3: offshor wind,
3,offshor wind,3: offshor wind,
3,offshor wind,3: offshor wind,
3,offshor wind,3: offshor wind,
3,offshor wind,3: offshor wind,
3,offshor wind,3: offshor wind,
3,offshor wind,3: offshor wind,
3,offshor wind,3: offshor wind,
3,offshor wind,3: offshor wind,
3,offshor wind,3: offshor wind,
3,offshor wind,3: offshor wind,
3,offshor wind,3: offshor wind,
3,offshor wind,3: offshor wind,
3,offshor wind,3: offshor wind,
3,offshor wind,3: offshor wind,
3,offshor wind,3: offshor wind,
3,offshor wind,3: offshor wind,
3,offshor wind,3: offshor wind,
3,offshor wind,3: offshor wind,
3,offshor wind,3: offshor wind,
3,offshor wind,3: offshor wind,
3,offshor wind,3: offshor wind,
3,offshor wind,3: offshor wind,
3,offshor wind,3: offshor wind,
3,offshor wind,3: offshor wind,
3,offshor wind,3: offshor wind,
3,offshor wind,3: offshor wind,
3,offshor wind,3: offshor wind,
3,offshor wind,3: offshor wind,
3,offshor wind,3: offshor wind,
3,offshor wind,3: offshor wind,
3,offshor wind,3: offshor wind,
3,offshor wind,3: offshor wind,
3,offshor wind,3: offshor wind,
3,offshor wind,3: offshor wind,
3,offshor wind,3: offshor wind,
3,offshor wind,3: offshor wind,
5,offshor grid,5: offshor grid,
5,offshor grid,5: offshor grid,
5,offshor grid,5: offshor grid,
5,offshor grid,5: offshor grid,
5,offshor grid,5: offshor grid,
5,offshor grid,5: offshor grid,
5,offshor grid,5: offshor grid,
5,offshor grid,5: offshor grid,
5,offshor grid,5: offshor grid,
5,offshor grid,5: offshor grid,
5,offshor grid,5: offshor grid,
5,offshor grid,5: offshor grid,
5,offshor grid,5: offshor grid,
5,offshor grid,5: offshor grid,
5,offshor grid,5: offshor grid,
5,offshor grid,5: offshor grid,
5,offshor grid,5: offshor grid,
5,offshor grid,5: offshor grid,
5,offshor grid,5: offshor grid,
5,offshor grid,5: offshor grid,
5,offshor grid,5: offshor grid,
5,offshor grid,5: offshor grid,
5,offshor grid,5: offshor grid,
5,offshor grid,5: offshor grid,
5,offshor grid,5: offshor grid,
5,offshor grid,5: offshor grid,
5,offshor grid,5: offshor grid,
5,offshor grid,5: offshor grid,
5,offshor grid,5: offshor grid,
5,offshor grid,5: offshor grid,
5,offshor grid,5: offshor grid,
5,offshor grid,5: offshor grid,
5,offshor grid,5: offshor grid,
5,offshor grid,5: offshor grid,
5,offshor grid,5: offshor grid,
5,offshor grid,5: offshor grid,
5,offshor grid,5: offshor grid,
5,offshor grid,5: offshor grid,
5,offshor grid,5: offshor grid,
5,offshor grid,5: offshor grid,
5,offshor grid,5: offshor grid,
5,offshor grid,5: offshor grid,
5,offshor grid,5: offshor grid,
5,offshor grid,5: offshor grid,
5,offshor grid,5: offshor grid,
5,offshor grid,5: offshor grid,
5,offshor grid,5: offshor grid,
5,offshor grid,5: offshor grid,
5,offshor grid,5: offshor grid,
5,offshor grid,5: offshor grid,
5,offshor grid,5: offshor grid,
5,offshor grid,5: offshor grid,
5,offshor grid,5: offshor grid,
5,offshor grid,5: offshor grid,
5,offshor grid,5: offshor grid,
5,offshor grid,5: offshor grid,
5,offshor grid,5: offshor grid,
5,offshor grid,5: offshor grid,
5,offshor grid,5: offshor grid,
5,offshor grid,5: offshor grid,
5,offshor grid,5: offshor grid,
5,offshor grid,5: offshor grid,
5,offshor grid,5: offshor grid,
5,offshor grid,5: offshor grid,
5,offshor grid,5: offshor grid,
5,offshor grid,5: offshor grid,
5,offshor grid,5: offshor grid,
5,offshor grid,5: offshor grid,
5,offshor grid,5: offshor grid,
5,offshor grid,5: offshor grid,
5,offshor grid,5: offshor grid,
5,offshor grid,5: offshor grid,
5,offshor grid,5: offshor grid,
5,offshor grid,5: offshor grid,
5,offshor grid,5: offshor grid,
5,offshor grid,5: offshor grid,
5,offshor grid,5: offshor grid,
5,offshor grid,5: offshor grid,
5,offshor grid,5: offshor grid,
5,offshor grid,5: offshor grid,
5,offshor grid,5: offshor grid,
5,offshor grid,5: offshor grid,
5,offshor grid,5: offshor grid,
5,offshor grid,5: offshor grid,
5,offshor grid,5: offshor grid,
5,offshor grid,5: offshor grid,
5,offshor grid,5: offshor grid,
5,offshor grid,5: offshor grid,
5,offshor grid,5: offshor grid,
5,offshor grid,5: offshor grid,
5,offshor grid,5: offshor grid,
5,offshor grid,5: offshor grid,
5,offshor grid,5: offshor grid,
5,offshor grid,5: offshor grid,
5,offshor grid,5: offshor grid,
5,offshor grid,5: offshor grid,
5,offshor grid,5: offshor grid,
5,offshor grid,5: offshor grid,
5,offshor grid,5: offshor grid,
5,offshor grid,5: offshor grid,
5,offshor grid,5: offshor grid,
5,offshor grid,5: offshor grid,
5,offshor grid,5: offshor grid,
5,offshor grid,5: offshor grid,
5,offshor grid,5: offshor grid,
5,offshor grid,5: offshor grid,
5,offshor grid,5: offshor grid,
5,offshor grid,5: offshor grid,
5,offshor grid,5: offshor grid,
5,offshor grid,5: offshor grid,
5,offshor grid,5: offshor grid,
5,offshor grid,5: offshor grid,
5,offshor grid,5: offshor grid,
5,offshor grid,5: offshor grid,
5,offshor grid,5: offshor grid,
5,offshor grid,5: offshor grid,
5,offshor grid,5: offshor grid,
5,offshor grid,5: offshor grid,
5,offshor grid,5: offshor grid,
5,offshor grid,5: offshor grid,
5,offshor grid,5: offshor grid,
5,offshor grid,5: offshor grid,
5,offshor grid,5: offshor grid,
5,offshor grid,5: offshor grid,
5,offshor grid,5: offshor grid,
5,offshor grid,5: offshor grid,
5,offshor grid,5: offshor grid,
5,offshor grid,5: offshor grid,
5,offshor grid,5: offshor grid,
5,offshor grid,5: offshor grid,
5,offshor grid,5: offshor grid,
5,offshor grid,5: offshor grid,
5,offshor grid,5: offshor grid,
5,offshor grid,5: offshor grid,
5,offshor grid,5: offshor grid,
5,offshor grid,5: offshor grid,
5,offshor grid,5: offshor grid,
5,offshor grid,5: offshor grid,
5,offshor grid,5: offshor grid,
5,offshor grid,5: offshor grid,
5,offshor grid,5: offshor grid,
5,offshor grid,5: offshor grid,
5,offshor grid,5: offshor grid,
5,offshor grid,5: offshor grid,
5,offshor grid,5: offshor grid,
5,offshor grid,5: offshor grid,
5,offshor grid,5: offshor grid,
5,offshor grid,5: offshor grid,
5,offshor grid,5: offshor grid,
5,offshor grid,5: offshor grid,
5,offshor grid,5: offshor grid,
5,offshor grid,5: offshor grid,
5,offshor grid,5: offshor grid,
5,offshor grid,5: offshor grid,
5,offshor grid,5: offshor grid,
5,offshor grid,5: offshor grid,
5,offshor grid,5: offshor grid,
5,offshor grid,5: offshor grid,
5,offshor grid,5: offshor grid,
5,offshor grid,5: offshor grid,
5,offshor grid,5: offshor grid,
5,offshor grid,5: offshor grid,
5,offshor grid,5: offshor grid,
5,offshor grid,5: offshor grid,
5,offshor grid,5: offshor grid,
5,offshor grid,5: offshor grid,
5,offshor grid,5: offshor grid,
5,offshor grid,5: offshor grid,
5,offshor grid,5: offshor grid,
5,offshor grid,5: offshor grid,
5,offshor grid,5: offshor grid,
5,offshor grid,5: offshor grid,
5,offshor grid,5: offshor grid,
5,offshor grid,5: offshor grid,
5,offshor grid,5: offshor grid,
0,energi island,0: energi island,
0,energi island,0: energi island,
0,energi island,0: energi island,
0,energi island,0: energi island,
0,energi island,0: energi island,
0,energi island,0: energi island,
0,energi island,0: energi island,
0,energi island,0: energi island,
0,energi island,0: energi island,
0,energi island,0: energi island,
0,energi island,0: energi island,
0,energi island,0: energi island,
0,energi island,0: energi island,
0,energi island,0: energi island,
0,energi island,0: energi island,
0,energi island,0: energi island,
0,energi island,0: energi island,
0,energi island,0: energi island,
0,energi island,0: energi island,
0,energi island,0: energi island,
0,energi island,0: energi island,
0,energi island,0: energi island,
0,energi island,0: energi island,
0,energi island,0: energi island,
0,energi island,0: energi island,
0,energi island,0: energi island,
0,energi island,0: energi island,
0,energi island,0: energi island,
0,energi island,0: energi island,
0,energi island,0: energi island,
0,energi island,0: energi island,
0,energi island,0: energi island,
0,energi island,0: energi island,
0,energi island,0: energi island,
0,energi island,0: energi island,
0,energi island,0: energi island,
0,energi island,0: energi island,
0,energi island,0: energi island,
0,energi island,0: energi island,
0,energi island,0: energi island,
0,energi island,0: energi island,
0,energi island,0: energi island,
0,energi island,0: energi island,
0,energi island,0: energi island,
0,energi island,0: energi island,
0,energi island,0: energi island,
0,energi island,0: energi island,
0,energi island,0: energi island,
0,energi island,0: energi island,
0,energi island,0: energi island,
0,energi island,0: energi island,
0,energi island,0: energi island,
0,energi island,0: energi island,
0,energi island,0: energi island,
0,energi island,0: energi island,
0,energi island,0: energi island,
0,energi island,0: energi island,
0,energi island,0: energi island,
0,energi island,0: energi island,
0,energi island,0: energi island,
0,energi island,0: energi island,
0,energi island,0: energi island,
0,energi island,0: energi island,
0,energi island,0: energi island,
0,energi island,0: energi island,
0,energi island,0: energi island,
0,energi island,0: energi island,
0,energi island,0: energi island,
0,energi island,0: energi island,
0,energi island,0: energi island,
0,energi island,0: energi island,
0,energi island,0: energi island,
0,energi island,0: energi island,
0,energi island,0: energi island,
0,energi island,0: energi island,
0,energi island,0: energi island,
0,energi island,0: energi island,
0,energi island,0: energi island,
0,energi island,0: energi island,
0,energi island,0: energi island,
0,energi island,0: energi island,
0,energi island,0: energi island,
0,energi island,0: energi island,
0,energi island,0: energi island,
0,energi island,0: energi island,
0,energi island,0: energi island,
0,energi island,0: energi island,
0,energi island,0: energi island,
0,energi island,0: energi island,
0,energi island,0: energi island,
0,energi island,0: energi island,
0,energi island,0: energi island,
0,energi island,0: energi island,
0,energi island,0: energi island,
0,energi island,0: energi island,
0,energi island,0: energi island,
0,energi island,0: energi island,
0,energi island,0: energi island,
0,energi island,0: energi island,
0,energi island,0: energi island,
0,energi island,0: energi island,
0,energi island,0: energi island,
0,energi island,0: energi island,
0,energi island,0: energi island,
0,energi island,0: energi island,
0,energi island,0: energi island,
0,energi island,0: energi island,
0,energi island,0: energi island,
0,energi island,0: energi island,
0,energi island,0: energi island,
0,energi island,0: energi island,
0,energi island,0: energi island,
0,energi island,0: energi island,
0,energi island,0: energi island,
0,energi island,0: energi island,
0,energi island,0: energi island,
0,energi island,0: energi island,
0,energi island,0: energi island,
0,energi island,0: energi island,
0,energi island,0: energi island,
0,energi island,0: energi island,
0,energi island,0: energi island,
0,energi island,0: energi island,
0,energi island,0: energi island,
0,energi island,0: energi island,
0,energi island,0: energi island,
0,energi island,0: energi island,
0,energi island,0: energi island,
0,energi island,0: energi island,
0,energi island,0: energi island,
0,energi island,0: energi island,
0,energi island,0: energi island,
0,energi island,0: energi island,
0,energi island,0: energi island,
0,energi island,0: energi island,
0,energi island,0: energi island,
0,energi island,0: energi island,
0,energi island,0: energi island,
0,energi island,0: energi island,
0,energi island,0: energi island,
0,energi island,0: energi island,
0,energi island,0: energi island,
0,energi island,0: energi island,
0,energi island,0: energi island,
0,energi island,0: energi island,
0,energi island,0: energi island,
0,energi island,0: energi island,
0,energi island,0: energi island,
0,energi island,0: energi island,
0,energi island,0: energi island,
0,energi island,0: energi island,
0,energi island,0: energi island,
0,energi island,0: energi island,
0,energi island,0: energi island,
0,energi island,0: energi island,
0,energi island,0: energi island,
0,energi island,0: energi island,
8,wind turbin,8: wind turbin,
8,wind turbin,8: wind turbin,
8,wind turbin,8: wind turbin,
8,wind turbin,8: wind turbin,
8,wind turbin,8: wind turbin,
8,wind turbin,8: wind turbin,
8,wind turbin,8: wind turbin,
8,wind turbin,8: wind turbin,
8,wind turbin,8: wind turbin,
8,wind turbin,8: wind turbin,
8,wind turbin,8: wind turbin,
8,wind turbin,8: wind turbin,
8,wind turbin,8: wind turbin,
8,wind turbin,8: wind turbin,
8,wind turbin,8: wind turbin,
8,wind turbin,8: wind turbin,
8,wind turbin,8: wind turbin,
8,wind turbin,8: wind turbin,
8,wind turbin,8: wind turbin,
8,wind turbin,8: wind turbin,
8,wind turbin,8: wind turbin,
8,wind turbin,8: wind turbin,
8,wind turbin,8: wind turbin,
8,wind turbin,8: wind turbin,
8,wind turbin,8: wind turbin,
8,wind turbin,8: wind turbin,
8,wind turbin,8: wind turbin,
8,wind turbin,8: wind turbin,
8,wind turbin,8: wind turbin,
8,wind turbin,8: wind turbin,
8,wind turbin,8: wind turbin,
8,wind turbin,8: wind turbin,
8,wind turbin,8: wind turbin,
8,wind turbin,8: wind turbin,
8,wind turbin,8: wind turbin,
8,wind turbin,8: wind turbin,
8,wind turbin,8: wind turbin,
8,wind turbin,8: wind turbin,
8,wind turbin,8: wind turbin,
8,wind turbin,8: wind turbin,
8,wind turbin,8: wind turbin,
8,wind turbin,8: wind turbin,
8,wind turbin,8: wind turbin,
8,wind turbin,8: wind turbin,
8,wind turbin,8: wind turbin,
8,wind turbin,8: wind turbin,
8,wind turbin,8: wind turbin,
8,wind turbin,8: wind turbin,
8,wind turbin,8: wind turbin,
8,wind turbin,8: wind turbin,
8,wind turbin,8: wind turbin,
8,wind turbin,8: wind turbin,
8,wind turbin,8: wind turbin,
8,wind turbin,8: wind turbin,
8,wind turbin,8: wind turbin,
8,wind turbin,8: wind turbin,
8,wind turbin,8: wind turbin,
8,wind turbin,8: wind turbin,
8,wind turbin,8: wind turbin,
8,wind turbin,8: wind turbin,
8,wind turbin,8: wind turbin,
8,wind turbin,8: wind turbin,
8,wind turbin,8: wind turbin,
8,wind turbin,8: wind turbin,
8,wind turbin,8: wind turbin,
8,wind turbin,8: wind turbin,
8,wind turbin,8: wind turbin,
8,wind turbin,8: wind turbin,
8,wind turbin,8: wind turbin,
8,wind turbin,8: wind turbin,
8,wind turbin,8: wind turbin,
8,wind turbin,8: wind turbin,
8,wind turbin,8: wind turbin,
8,wind turbin,8: wind turbin,
8,wind turbin,8: wind turbin,
8,wind turbin,8: wind turbin,
8,wind turbin,8: wind turbin,
8,wind turbin,8: wind turbin,
8,wind turbin,8: wind turbin,
8,wind turbin,8: wind turbin,
8,wind turbin,8: wind turbin,
8,wind turbin,8: wind turbin,
8,wind turbin,8: wind turbin,
8,wind turbin,8: wind turbin,
8,wind turbin,8: wind turbin,
8,wind turbin,8: wind turbin,
8,wind turbin,8: wind turbin,
8,wind turbin,8: wind turbin,
8,wind turbin,8: wind turbin,
8,wind turbin,8: wind turbin,
8,wind turbin,8: wind turbin,
8,wind turbin,8: wind turbin,
8,wind turbin,8: wind turbin,
8,wind turbin,8: wind turbin,
8,wind turbin,8: wind turbin,
8,wind turbin,8: wind turbin,
8,wind turbin,8: wind turbin,
8,wind turbin,8: wind turbin,
8,wind turbin,8: wind turbin,
8,wind turbin,8: wind turbin,
8,wind turbin,8: wind turbin,
8,wind turbin,8: wind turbin,
8,wind turbin,8: wind turbin,
8,wind turbin,8: wind turbin,
8,wind turbin,8: wind turbin,
8,wind turbin,8: wind turbin,
8,wind turbin,8: wind turbin,
8,wind turbin,8: wind turbin,
8,wind turbin,8: wind turbin,
8,wind turbin,8: wind turbin,
8,wind turbin,8: wind turbin,
8,wind turbin,8: wind turbin,
8,wind turbin,8: wind turbin,
8,wind turbin,8: wind turbin,
8,wind turbin,8: wind turbin,
8,wind turbin,8: wind turbin,
8,wind turbin,8: wind turbin,
8,wind turbin,8: wind turbin,
8,wind turbin,8: wind turbin,
8,wind turbin,8: wind turbin,
8,wind turbin,8: wind turbin,
8,wind turbin,8: wind turbin,
8,wind turbin,8: wind turbin,
8,wind turbin,8: wind turbin,
8,wind turbin,8: wind turbin,
8,wind turbin,8: wind turbin,
8,wind turbin,8: wind turbin,
8,wind turbin,8: wind turbin,
8,wind turbin,8: wind turbin,
8,wind turbin,8: wind turbin,
3,offshor wind,3: offshor wind,
3,offshor wind,3: offshor wind,
3,offshor wind,3: offshor wind,
3,offshor wind,3: offshor wind,
3,offshor wind,3: offshor wind,
3,offshor wind,3: offshor wind,
3,offshor wind,3: offshor wind,
3,offshor wind,3: offshor wind,
3,offshor wind,3: offshor wind,
3,offshor wind,3: offshor wind,
3,offshor wind,3: offshor wind,
3,offshor wind,3: offshor wind,
3,offshor wind,3: offshor wind,
3,offshor wind,3: offshor wind,
3,offshor wind,3: offshor wind,
3,offshor wind,3: offshor wind,
3,offshor wind,3: offshor wind,
3,offshor wind,3: offshor wind,
3,offshor wind,3: offshor wind,
3,offshor wind,3: offshor wind,
3,offshor wind,3: offshor wind,
3,offshor wind,3: offshor wind,
3,offshor wind,3: offshor wind,
3,offshor wind,3: offshor wind,
3,offshor wind,3: offshor wind,
3,offshor wind,3: offshor wind,
3,offshor wind,3: offshor wind,
3,offshor wind,3: offshor wind,
3,offshor wind,3: offshor wind,
3,offshor wind,3: offshor wind,
3,offshor wind,3: offshor wind,
3,offshor wind,3: offshor wind,
3,offshor wind,3: offshor wind,
3,offshor wind,3: offshor wind,
3,offshor wind,3: offshor wind,
3,offshor wind,3: offshor wind,
3,offshor wind,3: offshor wind,
3,offshor wind,3: offshor wind,
3,offshor wind,3: offshor wind,
3,offshor wind,3: offshor wind,
3,offshor wind,3: offshor wind,
3,offshor wind,3: offshor wind,
3,offshor wind,3: offshor wind,
3,offshor wind,3: offshor wind,
3,offshor wind,3: offshor wind,
3,offshor wind,3: offshor wind,
3,offshor wind,3: offshor wind,
3,offshor wind,3: offshor wind,
3,offshor wind,3: offshor wind,
3,offshor wind,3: offshor wind,
3,offshor wind,3: offshor wind,
3,offshor wind,3: offshor wind,
3,offshor wind,3: offshor wind,
3,offshor wind,3: offshor wind,
3,offshor wind,3: offshor wind,
3,offshor wind,3: offshor wind,
3,offshor wind,3: offshor wind,
3,offshor wind,3: offshor wind,
3,offshor wind,3: offshor wind,
3,offshor wind,3: offshor wind,
3,offshor wind,3: offshor wind,
3,offshor wind,3: offshor wind,
3,offshor wind,3: offshor wind,
3,offshor wind,3: offshor wind,
3,offshor wind,3: offshor wind,
3,offshor wind,3: offshor wind,
3,offshor wind,3: offshor wind,
3,offshor wind,3: offshor wind,
3,offshor wind,3: offshor wind,
3,offshor wind,3: offshor wind,
3,offshor wind,3: offshor wind,
3,offshor wind,3: offshor wind,
3,offshor wind,3: offshor wind,
3,offshor wind,3: offshor wind,
3,offshor wind,3: offshor wind,
3,offshor wind,3: offshor wind,
3,offshor wind,3: offshor wind,
3,offshor wind,3: offshor wind,
3,offshor wind,3: offshor wind,
3,offshor wind,3: offshor wind,
3,offshor wind,3: offshor wind,
3,offshor wind,3: offshor wind,
3,offshor wind,3: offshor wind,
3,offshor wind,3: offshor wind,
3,offshor wind,3: offshor wind,
3,offshor wind,3: offshor wind,
3,offshor wind,3: offshor wind,
3,offshor wind,3: offshor wind,
3,offshor wind,3: offshor wind,
3,offshor wind,3: offshor wind,
3,offshor wind,3: offshor wind,
3,offshor wind,3: offshor wind,
3,offshor wind,3: offshor wind,
3,offshor wind,3: offshor wind,
3,offshor wind,3: offshor wind,
3,offshor wind,3: offshor wind,
3,offshor wind,3: offshor wind,
3,offshor wind,3: offshor wind,
3,offshor wind,3: offshor wind,
3,offshor wind,3: offshor wind,
3,offshor wind,3: offshor wind,
3,offshor wind,3: offshor wind,
3,offshor wind,3: offshor wind,
3,offshor wind,3: offshor wind,
3,offshor wind,3: offshor wind,
3,offshor wind,3: offshor wind,
3,offshor wind,3: offshor wind,
3,offshor wind,3: offshor wind,
3,offshor wind,3: offshor wind,
3,offshor wind,3: offshor wind,
3,offshor wind,3: offshor wind,
3,offshor wind,3: offshor wind,
3,offshor wind,3: offshor wind,
8,wind turbin,8: wind turbin,
8,wind turbin,8: wind turbin,
8,wind turbin,8: wind turbin,
8,wind turbin,8: wind turbin,
8,wind turbin,8: wind turbin,
8,wind turbin,8: wind turbin,
8,wind turbin,8: wind turbin,
8,wind turbin,8: wind turbin,
8,wind turbin,8: wind turbin,
8,wind turbin,8: wind turbin,
8,wind turbin,8: wind turbin,
8,wind turbin,8: wind turbin,
8,wind turbin,8: wind turbin,
8,wind turbin,8: wind turbin,
8,wind turbin,8: wind turbin,
8,wind turbin,8: wind turbin,
8,wind turbin,8: wind turbin,
8,wind turbin,8: wind turbin,
8,wind turbin,8: wind turbin,
8,wind turbin,8: wind turbin,
8,wind turbin,8: wind turbin,
8,wind turbin,8: wind turbin,
8,wind turbin,8: wind turbin,
8,wind turbin,8: wind turbin,
8,wind turbin,8: wind turbin,
8,wind turbin,8: wind turbin,
8,wind turbin,8: wind turbin,
8,wind turbin,8: wind turbin,
8,wind turbin,8: wind turbin,
8,wind turbin,8: wind turbin,
8,wind turbin,8: wind turbin,
8,wind turbin,8: wind turbin,
8,wind turbin,8: wind turbin,
8,wind turbin,8: wind turbin,
8,wind turbin,8: wind turbin,
8,wind turbin,8: wind turbin,
8,wind turbin,8: wind turbin,
8,wind turbin,8: wind turbin,
8,wind turbin,8: wind turbin,
8,wind turbin,8: wind turbin,
8,wind turbin,8: wind turbin,
8,wind turbin,8: wind turbin,
8,wind turbin,8: wind turbin,
8,wind turbin,8: wind turbin,
8,wind turbin,8: wind turbin,
8,wind turbin,8: wind turbin,
8,wind turbin,8: wind turbin,
8,wind turbin,8: wind turbin,
8,wind turbin,8: wind turbin,
8,wind turbin,8: wind turbin,
8,wind turbin,8: wind turbin,
8,wind turbin,8: wind turbin,
8,wind turbin,8: wind turbin,
8,wind turbin,8: wind turbin,
8,wind turbin,8: wind turbin,
8,wind turbin,8: wind turbin,
8,wind turbin,8: wind turbin,
8,wind turbin,8: wind turbin,
8,wind turbin,8: wind turbin,
8,wind turbin,8: wind turbin,
8,wind turbin,8: wind turbin,
8,wind turbin,8: wind turbin,
8,wind turbin,8: wind turbin,
8,wind turbin,8: wind turbin,
8,wind turbin,8: wind turbin,
8,wind turbin,8: wind turbin,
8,wind turbin,8: wind turbin,
8,wind turbin,8: wind turbin,
8,wind turbin,8: wind turbin,
8,wind turbin,8: wind turbin,
8,wind turbin,8: wind turbin,
8,wind turbin,8: wind turbin,
8,wind turbin,8: wind turbin,
8,wind turbin,8: wind turbin,
8,wind turbin,8: wind turbin,
8,wind turbin,8: wind turbin,
8,wind turbin,8: wind turbin,
8,wind turbin,8: wind turbin,
8,wind turbin,8: wind turbin,
8,wind turbin,8: wind turbin,
8,wind turbin,8: wind turbin,
8,wind turbin,8: wind turbin,
8,wind turbin,8: wind turbin,
8,wind turbin,8: wind turbin,
8,wind turbin,8: wind turbin,
8,wind turbin,8: wind turbin,
8,wind turbin,8: wind turbin,
8,wind turbin,8: wind turbin,
8,wind turbin,8: wind turbin,
8,wind turbin,8: wind turbin,
8,wind turbin,8: wind turbin,
8,wind turbin,8: wind turbin,
8,wind turbin,8: wind turbin,
8,wind turbin,8: wind turbin,
8,wind turbin,8: wind turbin,
8,wind turbin,8: wind turbin,
8,wind turbin,8: wind turbin,
8,wind turbin,8: wind turbin,
8,wind turbin,8: wind turbin,
8,wind turbin,8: wind turbin,
8,wind turbin,8: wind turbin,
8,wind turbin,8: wind turbin,
8,wind turbin,8: wind turbin,
8,wind turbin,8: wind turbin,
8,wind turbin,8: wind turbin,
8,wind turbin,8: wind turbin,
8,wind turbin,8: wind turbin,
8,wind turbin,8: wind turbin,
8,wind turbin,8: wind turbin,
8,wind turbin,8: wind turbin,
8,wind turbin,8: wind turbin,
8,wind turbin,8: wind turbin,
8,wind turbin,8: wind turbin,
8,wind turbin,8: wind turbin,
8,wind turbin,8: wind turbin,
8,wind turbin,8: wind turbin,
8,wind turbin,8: wind turbin,
8,wind turbin,8: wind turbin,
8,wind turbin,8: wind turbin,
8,wind turbin,8: wind turbin,
8,wind turbin,8: wind turbin,
8,wind turbin,8: wind turbin,
8,wind turbin,8: wind turbin,
8,wind turbin,8: wind turbin,
8,wind turbin,8: wind turbin,
8,wind turbin,8: wind turbin,
8,wind turbin,8: wind turbin,
8,wind turbin,8: wind turbin,
8,wind turbin,8: wind turbin,
8,wind turbin,8: wind turbin,
0,energi island,0: energi island,
0,energi island,0: energi island,
0,energi island,0: energi island,
0,energi island,0: energi island,
0,energi island,0: energi island,
0,energi island,0: energi island,
0,energi island,0: energi island,
0,energi island,0: energi island,
0,energi island,0: energi island,
0,energi island,0: energi island,
0,energi island,0: energi island,
0,energi island,0: energi island,
0,energi island,0: energi island,
0,energi island,0: energi island,
0,energi island,0: energi island,
0,energi island,0: energi island,
0,energi island,0: energi island,
0,energi island,0: energi island,
0,energi island,0: energi island,
0,energi island,0: energi island,
0,energi island,0: energi island,
0,energi island,0: energi island,
0,energi island,0: energi island,
0,energi island,0: energi island,
0,energi island,0: energi island,
0,energi island,0: energi island,
0,energi island,0: energi island,
0,energi island,0: energi island,
0,energi island,0: energi island,
0,energi island,0: energi island,
0,energi island,0: energi island,
0,energi island,0: energi island,
0,energi island,0: energi island,
0,energi island,0: energi island,
0,energi island,0: energi island,
0,energi island,0: energi island,
0,energi island,0: energi island,
0,energi island,0: energi island,
0,energi island,0: energi island,
0,energi island,0: energi island,
0,energi island,0: energi island,
0,energi island,0: energi island,
0,energi island,0: energi island,
0,energi island,0: energi island,
0,energi island,0: energi island,
0,energi island,0: energi island,
0,energi island,0: energi island,
0,energi island,0: energi island,
0,energi island,0: energi island,
0,energi island,0: energi island,
0,energi island,0: energi island,
0,energi island,0: energi island,
0,energi island,0: energi island,
0,energi island,0: energi island,
0,energi island,0: energi island,
0,energi island,0: energi island,
0,energi island,0: energi island,
0,energi island,0: energi island,
0,energi island,0: energi island,
0,energi island,0: energi island,
0,energi island,0: energi island,
0,energi island,0: energi island,
0,energi island,0: energi island,
0,energi island,0: energi island,
0,energi island,0: energi island,
0,energi island,0: energi island,
0,energi island,0: energi island,
0,energi island,0: energi island,
0,energi island,0: energi island,
0,energi island,0: energi island,
0,energi island,0: energi island,
0,energi island,0: energi island,
0,energi island,0: energi island,
0,energi island,0: energi island,
0,energi island,0: energi island,
0,energi island,0: energi island,
0,energi island,0: energi island,
0,energi island,0: energi island,
0,energi island,0: energi island,
0,energi island,0: energi island,
0,energi island,0: energi island,
0,energi island,0: energi island,
0,energi island,0: energi island,
0,energi island,0: energi island,
0,energi island,0: energi island,
0,energi island,0: energi island,
0,energi island,0: energi island,
0,energi island,0: energi island,
0,energi island,0: energi island,
0,energi island,0: energi island,
0,energi island,0: energi island,
0,energi island,0: energi island,
0,energi island,0: energi island,
0,energi island,0: energi island,
0,energi island,0: energi island,
0,energi island,0: energi island,
0,energi island,0: energi island,
0,energi island,0: energi island,
0,energi island,0: energi island,
0,energi island,0: energi island,
0,energi island,0: energi island,
0,energi island,0: energi island,
0,energi island,0: energi island,
0,energi island,0: energi island,
0,energi island,0: energi island,
0,energi island,0: energi island,
0,energi island,0: energi island,
0,energi island,0: energi island,
0,energi island,0: energi island,
0,energi island,0: energi island,
0,energi island,0: energi island,
0,energi island,0: energi island,
0,energi island,0: energi island,
0,energi island,0: energi island,
0,energi island,0: energi island,
0,energi island,0: energi island,
0,energi island,0: energi island,
0,energi island,0: energi island,
0,energi island,0: energi island,
0,energi island,0: energi island,
0,energi island,0: energi island,
0,energi island,0: energi island,
0,energi island,0: energi island,
0,energi island,0: energi island,
0,energi island,0: energi island,
0,energi island,0: energi island,
0,energi island,0: energi island,
0,energi island,0: energi island,
0,energi island,0: energi island,
0,energi island,0: energi island,
0,energi island,0: energi island,
0,energi island,0: energi island,
0,energi island,0: energi island,
0,energi island,0: energi island,
0,energi island,0: energi island,
0,energi island,0: energi island,
0,energi island,0: energi island,
0,energi island,0: energi island,
0,energi island,0: energi island,
0,energi island,0: energi island,
0,energi island,0: energi island,
0,energi island,0: energi island,
0,energi island,0: energi island,
0,energi island,0: energi island,
0,energi island,0: energi island,
0,energi island,0: energi island,
0,energi island,0: energi island,
0,energi island,0: energi island,
0,energi island,0: energi island,
0,energi island,0: energi island,
0,energi island,0: energi island,
0,energi island,0: energi island,
0,energi island,0: energi island,
0,energi island,0: energi island,
0,energi island,0: energi island,
0,energi island,0: energi island,
0,energi island,0: energi island,
0,energi island,0: energi island,
0,energi island,0: energi island,
0,energi island,0: energi island,
0,energi island,0: energi island,
0,energi island,0: energi island,
0,energi island,0: energi island,
0,energi island,0: energi island,
0,energi island,0: energi island,
0,energi island,0: energi island,
0,energi island,0: energi island,
0,energi island,0: energi island,
0,energi island,0: energi island,
0,energi island,0: energi island,
0,energi island,0: energi island,
0,energi island,0: energi island,
0,energi island,0: energi island,
0,energi island,0: energi island,
0,energi island,0: energi island,
0,energi island,0: energi island,
0,energi island,0: energi island,
0,energi island,0: energi island,
0,energi island,0: energi island,
0,energi island,0: energi island,
0,energi island,0: energi island,
0,energi island,0: energi island,
0,energi island,0: energi island,
0,energi island,0: energi island,
0,energi island,0: energi island,
0,energi island,0: energi island,
0,energi island,0: energi island,
0,energi island,0: energi island,
0,energi island,0: energi island,
0,energi island,0: energi island,
0,energi island,0: energi island,
0,energi island,0: energi island,
0,energi island,0: energi island,
0,energi island,0: energi island,
0,energi island,0: energi island,
0,energi island,0: energi island,
0,energi island,0: energi island,
0,energi island,0: energi island,
0,energi island,0: energi island,
0,energi island,0: energi island,
0,energi island,0: energi island,
0,energi island,0: energi island,
0,energi island,0: energi island,
0,energi island,0: energi island,
0,energi island,0: energi island,
0,energi island,0: energi island,
0,energi island,0: energi island,
0,energi island,0: energi island,
0,energi island,0: energi island,
0,energi island,0: energi island,
0,energi island,0: energi island,
0,energi island,0: energi island,
0,energi island,0: energi island,
0,energi island,0: energi island,
0,energi island,0: energi island,
0,energi island,0: energi island,
0,energi island,0: energi island,
0,energi island,0: energi island,
0,energi island,0: energi island,
0,energi island,0: energi island,
0,energi island,0: energi island,
0,energi island,0: energi island,
0,energi island,0: energi island,
0,energi island,0: energi island,
0,energi island,0: energi island,
0,energi island,0: energi island,
0,energi island,0: energi island,
0,energi island,0: energi island,
0,energi island,0: energi island,
0,energi island,0: energi island,
0,energi island,0: energi island,
0,energi island,0: energi island,
0,energi island,0: energi island,
0,energi island,0: energi island,
0,energi island,0: energi island,
0,energi island,0: energi island,
0,energi island,0: energi island,
0,energi island,0: energi island,
0,energi island,0: energi island,
0,energi island,0: energi island,
0,energi island,0: energi island,
0,energi island,0: energi island,
0,energi island,0: energi island,
0,energi island,0: energi island,
0,energi island,0: energi island,
0,energi island,0: energi island,
0,energi island,0: energi island,
0,energi island,0: energi island,
0,energi island,0: energi island,
0,energi island,0: energi island,
0,energi island,0: energi island,
0,energi island,0: energi island,
0,energi island,0: energi island,
0,energi island,0: energi island,
0,energi island,0: energi island,
0,energi island,0: energi island,
0,energi island,0: energi island,
0,energi island,0: energi island,
0,energi island,0: energi island,
0,energi island,0: energi island,
0,energi island,0: energi island,
0,energi island,0: energi island,
0,energi island,0: energi island,
0,energi island,0: energi island,
0,energi island,0: energi island,
0,energi island,0: energi island,
0,energi island,0: energi island,
0,energi island,0: energi island,
0,energi island,0: energi island,
0,energi island,0: energi island,
0,energi island,0: energi island,
0,energi island,0: energi island,
0,energi island,0: energi island,
0,energi island,0: energi island,
0,energi island,0: energi island,
0,energi island,0: energi island,
0,energi island,0: energi island,
0,energi island,0: energi island,
0,energi island,0: energi island,
0,energi island,0: energi island,
0,energi island,0: energi island,
0,energi island,0: energi island,
0,energi island,0: energi island,
0,energi island,0: energi island,
0,energi island,0: energi island,
0,energi island,0: energi island,
0,energi island,0: energi island,
0,energi island,0: energi island,
0,energi island,0: energi island,
0,energi island,0: energi island,
0,energi island,0: energi island,
0,energi island,0: energi island,
0,energi island,0: energi island,
0,energi island,0: energi island,
0,energi island,0: energi island,
0,energi island,0: energi island,
0,energi island,0: energi island,
0,energi island,0: energi island,
0,energi island,0: energi island,
0,energi island,0: energi island,
0,energi island,0: energi island,
0,energi island,0: energi island,
0,energi island,0: energi island,
0,energi island,0: energi island,
0,energi island,0: energi island,
0,energi island,0: energi island,
0,energi island,0: energi island,
0,energi island,0: energi island,
0,energi island,0: energi island,
0,energi island,0: energi island,
0,energi island,0: energi island,
0,energi island,0: energi island,
0,energi island,0: energi island,
0,energi island,0: energi island,
0,energi island,0: energi island,
0,energi island,0: energi island,
0,energi island,0: energi island,
0,energi island,0: energi island,
0,energi island,0: energi island,
0,energi island,0: energi island,
0,energi island,0: energi island,
0,energi island,0: energi island,
0,energi island,0: energi island,
0,energi island,0: energi island,
0,energi island,0: energi island,
0,energi island,0: energi island,
0,energi island,0: energi island,
0,energi island,0: energi island,
0,energi island,0: energi island,
0,energi island,0: energi island,
0,energi island,0: energi island,
0,energi island,0: energi island,
0,energi island,0: energi island,
0,energi island,0: energi island,
0,energi island,0: energi island,
0,energi island,0: energi island,
0,energi island,0: energi island,
0,energi island,0: energi island,
0,energi island,0: energi island,
0,energi island,0: energi island,
0,energi island,0: energi island,
0,energi island,0: energi island,
0,energi island,0: energi island,
0,energi island,0: energi island,
0,energi island,0: energi island,
0,energi island,0: energi island,
0,energi island,0: energi island,
0,energi island,0: energi island,
0,energi island,0: energi island,
0,energi island,0: energi island,
0,energi island,0: energi island,
0,energi island,0: energi island,
0,energi island,0: energi island,
0,energi island,0: energi island,
0,energi island,0: energi island,
0,energi island,0: energi island,
0,energi island,0: energi island,
0,energi island,0: energi island,
0,energi island,0: energi island,
0,energi island,0: energi island,
0,energi island,0: energi island,
0,energi island,0: energi island,
0,energi island,0: energi island,
0,energi island,0: energi island,
0,energi island,0: energi island,
0,energi island,0: energi island,
0,energi island,0: energi island,
0,energi island,0: energi island,
0,energi island,0: energi island,
0,energi island,0: energi island,
0,energi island,0: energi island,
0,energi island,0: energi island,
0,energi island,0: energi island,
0,energi island,0: energi island,
0,energi island,0: energi island,
0,energi island,0: energi island,
0,energi island,0: energi island,
0,energi island,0: energi island,
0,energi island,0: energi island,
0,energi island,0: energi island,
0,energi island,0: energi island,
0,energi island,0: energi island,
0,energi island,0: energi island,
0,energi island,0: energi island,
0,energi island,0: energi island,
0,energi island,0: energi island,
0,energi island,0: energi island,
0,energi island,0: energi island,
0,energi island,0: energi island,
0,energi island,0: energi island,
0,energi island,0: energi island,
0,energi island,0: energi island,
0,energi island,0: energi island,
0,energi island,0: energi island,
0,energi island,0: energi island,
0,energi island,0: energi island,
0,energi island,0: energi island,
0,energi island,0: energi island,
0,energi island,0: energi island,
0,energi island,0: energi island,
0,energi island,0: energi island,
0,energi island,0: energi island,
0,energi island,0: energi island,
0,energi island,0: energi island,
0,energi island,0: energi island,
0,energi island,0: energi island,
0,energi island,0: energi island,
0,energi island,0: energi island,
0,energi island,0: energi island,
0,energi island,0: energi island,
0,energi island,0: energi island,
0,energi island,0: energi island,
0,energi island,0: energi island,
0,energi island,0: energi island,
0,energi island,0: energi island,
0,energi island,0: energi island,
0,energi island,0: energi island,
0,energi island,0: energi island,
0,energi island,0: energi island,
0,energi island,0: energi island,
0,energi island,0: energi island,
0,energi island,0: energi island,
0,energi island,0: energi island,
0,energi island,0: energi island,
0,energi island,0: energi island,
0,energi island,0: energi island,
0,energi island,0: energi island,
0,energi island,0: energi island,
0,energi island,0: energi island,
0,energi island,0: energi island,
0,energi island,0: energi island,
0,energi island,0: energi island,
0,energi island,0: energi island,
0,energi island,0: energi island,
0,energi island,0: energi island,
0,energi island,0: energi island,
0,energi island,0: energi island,
0,energi island,0: energi island,
0,energi island,0: energi island,
0,energi island,0: energi island,
0,energi island,0: energi island,
0,energi island,0: energi island,
0,energi island,0: energi island,
0,energi island,0: energi island,
0,energi island,0: energi island,
0,energi island,0: energi island,
0,energi island,0: energi island,
0,energi island,0: energi island,
0,energi island,0: energi island,
0,energi island,0: energi island,
0,energi island,0: energi island,
0,energi island,0: energi island,
0,energi island,0: energi island,
0,energi island,0: energi island,
0,energi island,0: energi island,
0,energi island,0: energi island,
0,energi island,0: energi island,
0,energi island,0: energi island,
0,energi island,0: energi island,
0,energi island,0: energi island,
0,energi island,0: energi island,
0,energi island,0: energi island,
0,energi island,0: energi island,
0,energi island,0: energi island,
0,energi island,0: energi island,
0,energi island,0: energi island,
0,energi island,0: energi island,
0,energi island,0: energi island,
0,energi island,0: energi island,
0,energi island,0: energi island,
0,energi island,0: energi island,
8,wind turbin,8: wind turbin,
8,wind turbin,8: wind turbin,
8,wind turbin,8: wind turbin,
8,wind turbin,8: wind turbin,
8,wind turbin,8: wind turbin,
8,wind turbin,8: wind turbin,
8,wind turbin,8: wind turbin,
8,wind turbin,8: wind turbin,
8,wind turbin,8: wind turbin,
8,wind turbin,8: wind turbin,
8,wind turbin,8: wind turbin,
8,wind turbin,8: wind turbin,
8,wind turbin,8: wind turbin,
8,wind turbin,8: wind turbin,
8,wind turbin,8: wind turbin,
8,wind turbin,8: wind turbin,
8,wind turbin,8: wind turbin,
8,wind turbin,8: wind turbin,
8,wind turbin,8: wind turbin,
8,wind turbin,8: wind turbin,
8,wind turbin,8: wind turbin,
8,wind turbin,8: wind turbin,
8,wind turbin,8: wind turbin,
8,wind turbin,8: wind turbin,
8,wind turbin,8: wind turbin,
8,wind turbin,8: wind turbin,
8,wind turbin,8: wind turbin,
8,wind turbin,8: wind turbin,
8,wind turbin,8: wind turbin,
8,wind turbin,8: wind turbin,
8,wind turbin,8: wind turbin,
8,wind turbin,8: wind turbin,
8,wind turbin,8: wind turbin,
8,wind turbin,8: wind turbin,
8,wind turbin,8: wind turbin,
8,wind turbin,8: wind turbin,
8,wind turbin,8: wind turbin,
8,wind turbin,8: wind turbin,
8,wind turbin,8: wind turbin,
8,wind turbin,8: wind turbin,
8,wind turbin,8: wind turbin,
8,wind turbin,8: wind turbin,
8,wind turbin,8: wind turbin,
8,wind turbin,8: wind turbin,
8,wind turbin,8: wind turbin,
8,wind turbin,8: wind turbin,
8,wind turbin,8: wind turbin,
8,wind turbin,8: wind turbin,
8,wind turbin,8: wind turbin,
8,wind turbin,8: wind turbin,
8,wind turbin,8: wind turbin,
8,wind turbin,8: wind turbin,
8,wind turbin,8: wind turbin,
8,wind turbin,8: wind turbin,
8,wind turbin,8: wind turbin,
8,wind turbin,8: wind turbin,
8,wind turbin,8: wind turbin,
8,wind turbin,8: wind turbin,
8,wind turbin,8: wind turbin,
8,wind turbin,8: wind turbin,
8,wind turbin,8: wind turbin,
8,wind turbin,8: wind turbin,
8,wind turbin,8: wind turbin,
8,wind turbin,8: wind turbin,
8,wind turbin,8: wind turbin,
8,wind turbin,8: wind turbin,
8,wind turbin,8: wind turbin,
8,wind turbin,8: wind turbin,
8,wind turbin,8: wind turbin,
8,wind turbin,8: wind turbin,
8,wind turbin,8: wind turbin,
8,wind turbin,8: wind turbin,
8,wind turbin,8: wind turbin,
8,wind turbin,8: wind turbin,
8,wind turbin,8: wind turbin,
8,wind turbin,8: wind turbin,
8,wind turbin,8: wind turbin,
8,wind turbin,8: wind turbin,
8,wind turbin,8: wind turbin,
8,wind turbin,8: wind turbin,
8,wind turbin,8: wind turbin,
8,wind turbin,8: wind turbin,
8,wind turbin,8: wind turbin,
8,wind turbin,8: wind turbin,
8,wind turbin,8: wind turbin,
8,wind turbin,8: wind turbin,
8,wind turbin,8: wind turbin,
8,wind turbin,8: wind turbin,
8,wind turbin,8: wind turbin,
8,wind turbin,8: wind turbin,
8,wind turbin,8: wind turbin,
8,wind turbin,8: wind turbin,
8,wind turbin,8: wind turbin,
8,wind turbin,8: wind turbin,
8,wind turbin,8: wind turbin,
8,wind turbin,8: wind turbin,
8,wind turbin,8: wind turbin,
8,wind turbin,8: wind turbin,
8,wind turbin,8: wind turbin,
8,wind turbin,8: wind turbin,
8,wind turbin,8: wind turbin,
8,wind turbin,8: wind turbin,
8,wind turbin,8: wind turbin,
8,wind turbin,8: wind turbin,
8,wind turbin,8: wind turbin,
8,wind turbin,8: wind turbin,
8,wind turbin,8: wind turbin,
8,wind turbin,8: wind turbin,
8,wind turbin,8: wind turbin,
8,wind turbin,8: wind turbin,
8,wind turbin,8: wind turbin,
8,wind turbin,8: wind turbin,
8,wind turbin,8: wind turbin,
8,wind turbin,8: wind turbin,
8,wind turbin,8: wind turbin,
8,wind turbin,8: wind turbin,
8,wind turbin,8: wind turbin,
8,wind turbin,8: wind turbin,
8,wind turbin,8: wind turbin,
8,wind turbin,8: wind turbin,
8,wind turbin,8: wind turbin,
8,wind turbin,8: wind turbin,
8,wind turbin,8: wind turbin,
8,wind turbin,8: wind turbin,
8,wind turbin,8: wind turbin,
8,wind turbin,8: wind turbin,
8,wind turbin,8: wind turbin,
8,wind turbin,8: wind turbin,
8,wind turbin,8: wind turbin,
8,wind turbin,8: wind turbin,
4,baltic sea,4: baltic sea,
4,baltic sea,4: baltic sea,
4,baltic sea,4: baltic sea,
4,baltic sea,4: baltic sea,
4,baltic sea,4: baltic sea,
4,baltic sea,4: baltic sea,
4,baltic sea,4: baltic sea,
4,baltic sea,4: baltic sea,
4,baltic sea,4: baltic sea,
4,baltic sea,4: baltic sea,
4,baltic sea,4: baltic sea,
4,baltic sea,4: baltic sea,
4,baltic sea,4: baltic sea,
4,baltic sea,4: baltic sea,
4,baltic sea,4: baltic sea,
4,baltic sea,4: baltic sea,
4,baltic sea,4: baltic sea,
4,baltic sea,4: baltic sea,
4,baltic sea,4: baltic sea,
4,baltic sea,4: baltic sea,
4,baltic sea,4: baltic sea,
4,baltic sea,4: baltic sea,
4,baltic sea,4: baltic sea,
4,baltic sea,4: baltic sea,
4,baltic sea,4: baltic sea,
4,baltic sea,4: baltic sea,
4,baltic sea,4: baltic sea,
4,baltic sea,4: baltic sea,
4,baltic sea,4: baltic sea,
4,baltic sea,4: baltic sea,
4,baltic sea,4: baltic sea,
4,baltic sea,4: baltic sea,
4,baltic sea,4: baltic sea,
4,baltic sea,4: baltic sea,
4,baltic sea,4: baltic sea,
4,baltic sea,4: baltic sea,
4,baltic sea,4: baltic sea,
4,baltic sea,4: baltic sea,
4,baltic sea,4: baltic sea,
4,baltic sea,4: baltic sea,
4,baltic sea,4: baltic sea,
4,baltic sea,4: baltic sea,
4,baltic sea,4: baltic sea,
4,baltic sea,4: baltic sea,
4,baltic sea,4: baltic sea,
4,baltic sea,4: baltic sea,
4,baltic sea,4: baltic sea,
4,baltic sea,4: baltic sea,
4,baltic sea,4: baltic sea,
4,baltic sea,4: baltic sea,
4,baltic sea,4: baltic sea,
4,baltic sea,4: baltic sea,
4,baltic sea,4: baltic sea,
4,baltic sea,4: baltic sea,
4,baltic sea,4: baltic sea,
4,baltic sea,4: baltic sea,
4,baltic sea,4: baltic sea,
4,baltic sea,4: baltic sea,
4,baltic sea,4: baltic sea,
4,baltic sea,4: baltic sea,
4,baltic sea,4: baltic sea,
4,baltic sea,4: baltic sea,
4,baltic sea,4: baltic sea,
4,baltic sea,4: baltic sea,
4,baltic sea,4: baltic sea,
4,baltic sea,4: baltic sea,
4,baltic sea,4: baltic sea,
4,baltic sea,4: baltic sea,
4,baltic sea,4: baltic sea,
4,baltic sea,4: baltic sea,
4,baltic sea,4: baltic sea,
4,baltic sea,4: baltic sea,
4,baltic sea,4: baltic sea,
4,baltic sea,4: baltic sea,
4,baltic sea,4: baltic sea,
4,baltic sea,4: baltic sea,
4,baltic sea,4: baltic sea,
4,baltic sea,4: baltic sea,
4,baltic sea,4: baltic sea,
4,baltic sea,4: baltic sea,
4,baltic sea,4: baltic sea,
4,baltic sea,4: baltic sea,
4,baltic sea,4: baltic sea,
4,baltic sea,4: baltic sea,
4,baltic sea,4: baltic sea,
4,baltic sea,4: baltic sea,
4,baltic sea,4: baltic sea,
4,baltic sea,4: baltic sea,
4,baltic sea,4: baltic sea,
4,baltic sea,4: baltic sea,
4,baltic sea,4: baltic sea,
4,baltic sea,4: baltic sea,
4,baltic sea,4: baltic sea,
4,baltic sea,4: baltic sea,
4,baltic sea,4: baltic sea,
4,baltic sea,4: baltic sea,
4,baltic sea,4: baltic sea,
4,baltic sea,4: baltic sea,
4,baltic sea,4: baltic sea,
4,baltic sea,4: baltic sea,
4,baltic sea,4: baltic sea,
4,baltic sea,4: baltic sea,
4,baltic sea,4: baltic sea,
4,baltic sea,4: baltic sea,
4,baltic sea,4: baltic sea,
4,baltic sea,4: baltic sea,
4,baltic sea,4: baltic sea,
4,baltic sea,4: baltic sea,
4,baltic sea,4: baltic sea,
4,baltic sea,4: baltic sea,
4,baltic sea,4: baltic sea,
4,baltic sea,4: baltic sea,
4,baltic sea,4: baltic sea,
4,baltic sea,4: baltic sea,
4,baltic sea,4: baltic sea,
4,baltic sea,4: baltic sea,
4,baltic sea,4: baltic sea,
4,baltic sea,4: baltic sea,
4,baltic sea,4: baltic sea,
4,baltic sea,4: baltic sea,
4,baltic sea,4: baltic sea,
4,baltic sea,4: baltic sea,
4,baltic sea,4: baltic sea,
4,baltic sea,4: baltic sea,
4,baltic sea,4: baltic sea,
4,baltic sea,4: baltic sea,
4,baltic sea,4: baltic sea,
4,baltic sea,4: baltic sea,
4,baltic sea,4: baltic sea,
4,baltic sea,4: baltic sea,
4,baltic sea,4: baltic sea,
4,baltic sea,4: baltic sea,
4,baltic sea,4: baltic sea,
4,baltic sea,4: baltic sea,
4,baltic sea,4: baltic sea,
4,baltic sea,4: baltic sea,
4,baltic sea,4: baltic sea,
4,baltic sea,4: baltic sea,
8,wind turbin,8: wind turbin,
8,wind turbin,8: wind turbin,
8,wind turbin,8: wind turbin,
8,wind turbin,8: wind turbin,
8,wind turbin,8: wind turbin,
8,wind turbin,8: wind turbin,
8,wind turbin,8: wind turbin,
8,wind turbin,8: wind turbin,
8,wind turbin,8: wind turbin,
8,wind turbin,8: wind turbin,
8,wind turbin,8: wind turbin,
8,wind turbin,8: wind turbin,
8,wind turbin,8: wind turbin,
8,wind turbin,8: wind turbin,
8,wind turbin,8: wind turbin,
8,wind turbin,8: wind turbin,
8,wind turbin,8: wind turbin,
8,wind turbin,8: wind turbin,
8,wind turbin,8: wind turbin,
8,wind turbin,8: wind turbin,
8,wind turbin,8: wind turbin,
8,wind turbin,8: wind turbin,
8,wind turbin,8: wind turbin,
8,wind turbin,8: wind turbin,
8,wind turbin,8: wind turbin,
8,wind turbin,8: wind turbin,
8,wind turbin,8: wind turbin,
8,wind turbin,8: wind turbin,
8,wind turbin,8: wind turbin,
8,wind turbin,8: wind turbin,
8,wind turbin,8: wind turbin,
8,wind turbin,8: wind turbin,
8,wind turbin,8: wind turbin,
8,wind turbin,8: wind turbin,
8,wind turbin,8: wind turbin,
8,wind turbin,8: wind turbin,
8,wind turbin,8: wind turbin,
8,wind turbin,8: wind turbin,
8,wind turbin,8: wind turbin,
8,wind turbin,8: wind turbin,
8,wind turbin,8: wind turbin,
8,wind turbin,8: wind turbin,
8,wind turbin,8: wind turbin,
8,wind turbin,8: wind turbin,
8,wind turbin,8: wind turbin,
8,wind turbin,8: wind turbin,
8,wind turbin,8: wind turbin,
8,wind turbin,8: wind turbin,
8,wind turbin,8: wind turbin,
8,wind turbin,8: wind turbin,
8,wind turbin,8: wind turbin,
8,wind turbin,8: wind turbin,
8,wind turbin,8: wind turbin,
8,wind turbin,8: wind turbin,
8,wind turbin,8: wind turbin,
8,wind turbin,8: wind turbin,
8,wind turbin,8: wind turbin,
8,wind turbin,8: wind turbin,
8,wind turbin,8: wind turbin,
8,wind turbin,8: wind turbin,
8,wind turbin,8: wind turbin,
8,wind turbin,8: wind turbin,
8,wind turbin,8: wind turbin,
8,wind turbin,8: wind turbin,
8,wind turbin,8: wind turbin,
8,wind turbin,8: wind turbin,
8,wind turbin,8: wind turbin,
8,wind turbin,8: wind turbin,
8,wind turbin,8: wind turbin,
8,wind turbin,8: wind turbin,
8,wind turbin,8: wind turbin,
8,wind turbin,8: wind turbin,
8,wind turbin,8: wind turbin,
8,wind turbin,8: wind turbin,
8,wind turbin,8: wind turbin,
8,wind turbin,8: wind turbin,
8,wind turbin,8: wind turbin,
8,wind turbin,8: wind turbin,
8,wind turbin,8: wind turbin,
8,wind turbin,8: wind turbin,
8,wind turbin,8: wind turbin,
8,wind turbin,8: wind turbin,
8,wind turbin,8: wind turbin,
8,wind turbin,8: wind turbin,
8,wind turbin,8: wind turbin,
8,wind turbin,8: wind turbin,
8,wind turbin,8: wind turbin,
8,wind turbin,8: wind turbin,
8,wind turbin,8: wind turbin,
8,wind turbin,8: wind turbin,
8,wind turbin,8: wind turbin,
8,wind turbin,8: wind turbin,
8,wind turbin,8: wind turbin,
8,wind turbin,8: wind turbin,
8,wind turbin,8: wind turbin,
8,wind turbin,8: wind turbin,
8,wind turbin,8: wind turbin,
8,wind turbin,8: wind turbin,
8,wind turbin,8: wind turbin,
8,wind turbin,8: wind turbin,
8,wind turbin,8: wind turbin,
8,wind turbin,8: wind turbin,
8,wind turbin,8: wind turbin,
8,wind turbin,8: wind turbin,
8,wind turbin,8: wind turbin,
8,wind turbin,8: wind turbin,
8,wind turbin,8: wind turbin,
8,wind turbin,8: wind turbin,
8,wind turbin,8: wind turbin,
8,wind turbin,8: wind turbin,
8,wind turbin,8: wind turbin,
8,wind turbin,8: wind turbin,
8,wind turbin,8: wind turbin,
8,wind turbin,8: wind turbin,
8,wind turbin,8: wind turbin,
8,wind turbin,8: wind turbin,
8,wind turbin,8: wind turbin,
8,wind turbin,8: wind turbin,
8,wind turbin,8: wind turbin,
8,wind turbin,8: wind turbin,
8,wind turbin,8: wind turbin,
8,wind turbin,8: wind turbin,
8,wind turbin,8: wind turbin,
8,wind turbin,8: wind turbin,
8,wind turbin,8: wind turbin,
8,wind turbin,8: wind turbin,
8,wind turbin,8: wind turbin,
8,wind turbin,8: wind turbin,
8,wind turbin,8: wind turbin,
8,wind turbin,8: wind turbin,
3,offshor wind,3: offshor wind,
3,offshor wind,3: offshor wind,
3,offshor wind,3: offshor wind,
3,offshor wind,3: offshor wind,
3,offshor wind,3: offshor wind,
3,offshor wind,3: offshor wind,
3,offshor wind,3: offshor wind,
3,offshor wind,3: offshor wind,
3,offshor wind,3: offshor wind,
3,offshor wind,3: offshor wind,
3,offshor wind,3: offshor wind,
3,offshor wind,3: offshor wind,
3,offshor wind,3: offshor wind,
3,offshor wind,3: offshor wind,
3,offshor wind,3: offshor wind,
3,offshor wind,3: offshor wind,
3,offshor wind,3: offshor wind,
3,offshor wind,3: offshor wind,
3,offshor wind,3: offshor wind,
3,offshor wind,3: offshor wind,
3,offshor wind,3: offshor wind,
3,offshor wind,3: offshor wind,
3,offshor wind,3: offshor wind,
3,offshor wind,3: offshor wind,
3,offshor wind,3: offshor wind,
3,offshor wind,3: offshor wind,
3,offshor wind,3: offshor wind,
3,offshor wind,3: offshor wind,
3,offshor wind,3: offshor wind,
3,offshor wind,3: offshor wind,
3,offshor wind,3: offshor wind,
3,offshor wind,3: offshor wind,
3,offshor wind,3: offshor wind,
3,offshor wind,3: offshor wind,
3,offshor wind,3: offshor wind,
3,offshor wind,3: offshor wind,
3,offshor wind,3: offshor wind,
3,offshor wind,3: offshor wind,
3,offshor wind,3: offshor wind,
3,offshor wind,3: offshor wind,
3,offshor wind,3: offshor wind,
3,offshor wind,3: offshor wind,
3,offshor wind,3: offshor wind,
3,offshor wind,3: offshor wind,
3,offshor wind,3: offshor wind,
3,offshor wind,3: offshor wind,
3,offshor wind,3: offshor wind,
3,offshor wind,3: offshor wind,
3,offshor wind,3: offshor wind,
3,offshor wind,3: offshor wind,
3,offshor wind,3: offshor wind,
3,offshor wind,3: offshor wind,
3,offshor wind,3: offshor wind,
3,offshor wind,3: offshor wind,
3,offshor wind,3: offshor wind,
3,offshor wind,3: offshor wind,
3,offshor wind,3: offshor wind,
3,offshor wind,3: offshor wind,
3,offshor wind,3: offshor wind,
3,offshor wind,3: offshor wind,
3,offshor wind,3: offshor wind,
3,offshor wind,3: offshor wind,
3,offshor wind,3: offshor wind,
3,offshor wind,3: offshor wind,
3,offshor wind,3: offshor wind,
3,offshor wind,3: offshor wind,
3,offshor wind,3: offshor wind,
3,offshor wind,3: offshor wind,
3,offshor wind,3: offshor wind,
3,offshor wind,3: offshor wind,
3,offshor wind,3: offshor wind,
3,offshor wind,3: offshor wind,
3,offshor wind,3: offshor wind,
3,offshor wind,3: offshor wind,
3,offshor wind,3: offshor wind,
3,offshor wind,3: offshor wind,
3,offshor wind,3: offshor wind,
3,offshor wind,3: offshor wind,
3,offshor wind,3: offshor wind,
3,offshor wind,3: offshor wind,
3,offshor wind,3: offshor wind,
3,offshor wind,3: offshor wind,
3,offshor wind,3: offshor wind,
3,offshor wind,3: offshor wind,
3,offshor wind,3: offshor wind,
3,offshor wind,3: offshor wind,
3,offshor wind,3: offshor wind,
3,offshor wind,3: offshor wind,
3,offshor wind,3: offshor wind,
3,offshor wind,3: offshor wind,
3,offshor wind,3: offshor wind,
3,offshor wind,3: offshor wind,
3,offshor wind,3: offshor wind,
3,offshor wind,3: offshor wind,
3,offshor wind,3: offshor wind,
3,offshor wind,3: offshor wind,
3,offshor wind,3: offshor wind,
3,offshor wind,3: offshor wind,
3,offshor wind,3: offshor wind,
3,offshor wind,3: offshor wind,
3,offshor wind,3: offshor wind,
3,offshor wind,3: offshor wind,
3,offshor wind,3: offshor wind,
3,offshor wind,3: offshor wind,
3,offshor wind,3: offshor wind,
3,offshor wind,3: offshor wind,
3,offshor wind,3: offshor wind,
3,offshor wind,3: offshor wind,
3,offshor wind,3: offshor wind,
3,offshor wind,3: offshor wind,
3,offshor wind,3: offshor wind,
3,offshor wind,3: offshor wind,
3,offshor wind,3: offshor wind,
0,energi island,0: energi island,
0,energi island,0: energi island,
0,energi island,0: energi island,
0,energi island,0: energi island,
0,energi island,0: energi island,
0,energi island,0: energi island,
0,energi island,0: energi island,
0,energi island,0: energi island,
0,energi island,0: energi island,
0,energi island,0: energi island,
0,energi island,0: energi island,
0,energi island,0: energi island,
0,energi island,0: energi island,
0,energi island,0: energi island,
0,energi island,0: energi island,
0,energi island,0: energi island,
0,energi island,0: energi island,
0,energi island,0: energi island,
0,energi island,0: energi island,
0,energi island,0: energi island,
0,energi island,0: energi island,
0,energi island,0: energi island,
0,energi island,0: energi island,
0,energi island,0: energi island,
0,energi island,0: energi island,
0,energi island,0: energi island,
0,energi island,0: energi island,
0,energi island,0: energi island,
0,energi island,0: energi island,
0,energi island,0: energi island,
0,energi island,0: energi island,
0,energi island,0: energi island,
0,energi island,0: energi island,
0,energi island,0: energi island,
0,energi island,0: energi island,
0,energi island,0: energi island,
0,energi island,0: energi island,
0,energi island,0: energi island,
0,energi island,0: energi island,
0,energi island,0: energi island,
0,energi island,0: energi island,
0,energi island,0: energi island,
0,energi island,0: energi island,
0,energi island,0: energi island,
0,energi island,0: energi island,
0,energi island,0: energi island,
0,energi island,0: energi island,
0,energi island,0: energi island,
0,energi island,0: energi island,
0,energi island,0: energi island,
0,energi island,0: energi island,
0,energi island,0: energi island,
0,energi island,0: energi island,
0,energi island,0: energi island,
0,energi island,0: energi island,
0,energi island,0: energi island,
0,energi island,0: energi island,
0,energi island,0: energi island,
0,energi island,0: energi island,
0,energi island,0: energi island,
0,energi island,0: energi island,
0,energi island,0: energi island,
0,energi island,0: energi island,
0,energi island,0: energi island,
0,energi island,0: energi island,
0,energi island,0: energi island,
0,energi island,0: energi island,
0,energi island,0: energi island,
0,energi island,0: energi island,
0,energi island,0: energi island,
0,energi island,0: energi island,
0,energi island,0: energi island,
0,energi island,0: energi island,
0,energi island,0: energi island,
0,energi island,0: energi island,
0,energi island,0: energi island,
0,energi island,0: energi island,
0,energi island,0: energi island,
0,energi island,0: energi island,
0,energi island,0: energi island,
0,energi island,0: energi island,
0,energi island,0: energi island,
0,energi island,0: energi island,
0,energi island,0: energi island,
0,energi island,0: energi island,
0,energi island,0: energi island,
0,energi island,0: energi island,
0,energi island,0: energi island,
0,energi island,0: energi island,
0,energi island,0: energi island,
0,energi island,0: energi island,
0,energi island,0: energi island,
0,energi island,0: energi island,
0,energi island,0: energi island,
0,energi island,0: energi island,
0,energi island,0: energi island,
0,energi island,0: energi island,
0,energi island,0: energi island,
0,energi island,0: energi island,
0,energi island,0: energi island,
0,energi island,0: energi island,
0,energi island,0: energi island,
0,energi island,0: energi island,
0,energi island,0: energi island,
0,energi island,0: energi island,
0,energi island,0: energi island,
0,energi island,0: energi island,
0,energi island,0: energi island,
0,energi island,0: energi island,
0,energi island,0: energi island,
0,energi island,0: energi island,
0,energi island,0: energi island,
0,energi island,0: energi island,
0,energi island,0: energi island,
0,energi island,0: energi island,
0,energi island,0: energi island,
0,energi island,0: energi island,
0,energi island,0: energi island,
0,energi island,0: energi island,
0,energi island,0: energi island,
0,energi island,0: energi island,
0,energi island,0: energi island,
0,energi island,0: energi island,
0,energi island,0: energi island,
0,energi island,0: energi island,
0,energi island,0: energi island,
0,energi island,0: energi island,
0,energi island,0: energi island,
0,energi island,0: energi island,
0,energi island,0: energi island,
0,energi island,0: energi island,
0,energi island,0: energi island,
0,energi island,0: energi island,
0,energi island,0: energi island,
0,energi island,0: energi island,
0,energi island,0: energi island,
0,energi island,0: energi island,
0,energi island,0: energi island,
0,energi island,0: energi island,
0,energi island,0: energi island,
0,energi island,0: energi island,
0,energi island,0: energi island,
0,energi island,0: energi island,
0,energi island,0: energi island,
0,energi island,0: energi island,
0,energi island,0: energi island,
0,energi island,0: energi island,
0,energi island,0: energi island,
0,energi island,0: energi island,
0,energi island,0: energi island,
0,energi island,0: energi island,
0,energi island,0: energi island,
0,energi island,0: energi island,
0,energi island,0: energi island,
0,energi island,0: energi island,
0,energi island,0: energi island,
0,energi island,0: energi island,
0,energi island,0: energi island,
0,energi island,0: energi island,
0,energi island,0: energi island,
0,energi island,0: energi island,
0,energi island,0: energi island,
0,energi island,0: energi island,
0,energi island,0: energi island,
0,energi island,0: energi island,
0,energi island,0: energi island,
0,energi island,0: energi island,
0,energi island,0: energi island,
0,energi island,0: energi island,
0,energi island,0: energi island,
0,energi island,0: energi island,
0,energi island,0: energi island,
0,energi island,0: energi island,
0,energi island,0: energi island,
0,energi island,0: energi island,
0,energi island,0: energi island,
0,energi island,0: energi island,
0,energi island,0: energi island,
0,energi island,0: energi island,
0,energi island,0: energi island,
0,energi island,0: energi island,
0,energi island,0: energi island,
0,energi island,0: energi island,
0,energi island,0: energi island,
0,energi island,0: energi island,
0,energi island,0: energi island,
0,energi island,0: energi island,
0,energi island,0: energi island,
0,energi island,0: energi island,
0,energi island,0: energi island,
0,energi island,0: energi island,
0,energi island,0: energi island,
0,energi island,0: energi island,
0,energi island,0: energi island,
0,energi island,0: energi island,
0,energi island,0: energi island,
0,energi island,0: energi island,
0,energi island,0: energi island,
0,energi island,0: energi island,
0,energi island,0: energi island,
0,energi island,0: energi island,
0,energi island,0: energi island,
0,energi island,0: energi island,
0,energi island,0: energi island,
0,energi island,0: energi island,
0,energi island,0: energi island,
0,energi island,0: energi island,
0,energi island,0: energi island,
0,energi island,0: energi island,
0,energi island,0: energi island,
0,energi island,0: energi island,
0,energi island,0: energi island,
0,energi island,0: energi island,
0,energi island,0: energi island,
0,energi island,0: energi island,
0,energi island,0: energi island,
0,energi island,0: energi island,
0,energi island,0: energi island,
0,energi island,0: energi island,
0,energi island,0: energi island,
0,energi island,0: energi island,
0,energi island,0: energi island,
0,energi island,0: energi island,
0,energi island,0: energi island,
0,energi island,0: energi island,
0,energi island,0: energi island,
0,energi island,0: energi island,
0,energi island,0: energi island,
0,energi island,0: energi island,
0,energi island,0: energi island,
0,energi island,0: energi island,
0,energi island,0: energi island,
0,energi island,0: energi island,
0,energi island,0: energi island,
0,energi island,0: energi island,
0,energi island,0: energi island,
0,energi island,0: energi island,
0,energi island,0: energi island,
0,energi island,0: energi island,
0,energi island,0: energi island,
0,energi island,0: energi island,
0,energi island,0: energi island,
0,energi island,0: energi island,
0,energi island,0: energi island,
0,energi island,0: energi island,
0,energi island,0: energi island,
0,energi island,0: energi island,
0,energi island,0: energi island,
0,energi island,0: energi island,
0,energi island,0: energi island,
0,energi island,0: energi island,
0,energi island,0: energi island,
0,energi island,0: energi island,
0,energi island,0: energi island,
0,energi island,0: energi island,
0,energi island,0: energi island,
0,energi island,0: energi island,
0,energi island,0: energi island,
0,energi island,0: energi island,
0,energi island,0: energi island,
0,energi island,0: energi island,
0,energi island,0: energi island,
0,energi island,0: energi island,
0,energi island,0: energi island,
0,energi island,0: energi island,
0,energi island,0: energi island,
0,energi island,0: energi island,
0,energi island,0: energi island,
0,energi island,0: energi island,
0,energi island,0: energi island,
0,energi island,0: energi island,
0,energi island,0: energi island,
0,energi island,0: energi island,
0,energi island,0: energi island,
0,energi island,0: energi island,
0,energi island,0: energi island,
0,energi island,0: energi island,
0,energi island,0: energi island,
0,energi island,0: energi island,
0,energi island,0: energi island,
0,energi island,0: energi island,
0,energi island,0: energi island,
0,energi island,0: energi island,
0,energi island,0: energi island,
0,energi island,0: energi island,
0,energi island,0: energi island,
0,energi island,0: energi island,
0,energi island,0: energi island,
0,energi island,0: energi island,
0,energi island,0: energi island,
0,energi island,0: energi island,
0,energi island,0: energi island,
0,energi island,0: energi island,
0,energi island,0: energi island,
0,energi island,0: energi island,
0,energi island,0: energi island,
0,energi island,0: energi island,
0,energi island,0: energi island,
0,energi island,0: energi island,
0,energi island,0: energi island,
0,energi island,0: energi island,
0,energi island,0: energi island,
0,energi island,0: energi island,
0,energi island,0: energi island,
0,energi island,0: energi island,
0,energi island,0: energi island,
0,energi island,0: energi island,
0,energi island,0: energi island,
0,energi island,0: energi island,
0,energi island,0: energi island,
0,energi island,0: energi island,
0,energi island,0: energi island,
0,energi island,0: energi island,
0,energi island,0: energi island,
0,energi island,0: energi island,
0,energi island,0: energi island,
0,energi island,0: energi island,
0,energi island,0: energi island,
0,energi island,0: energi island,
0,energi island,0: energi island,
0,energi island,0: energi island,
0,energi island,0: energi island,
0,energi island,0: energi island,
0,energi island,0: energi island,
0,energi island,0: energi island,
0,energi island,0: energi island,
0,energi island,0: energi island,
0,energi island,0: energi island,
0,energi island,0: energi island,
0,energi island,0: energi island,
0,energi island,0: energi island,
0,energi island,0: energi island,
0,energi island,0: energi island,
0,energi island,0: energi island,
0,energi island,0: energi island,
0,energi island,0: energi island,
0,energi island,0: energi island,
0,energi island,0: energi island,
0,energi island,0: energi island,
0,energi island,0: energi island,
0,energi island,0: energi island,
0,energi island,0: energi island,
0,energi island,0: energi island,
0,energi island,0: energi island,
0,energi island,0: energi island,
0,energi island,0: energi island,
0,energi island,0: energi island,
0,energi island,0: energi island,
0,energi island,0: energi island,
0,energi island,0: energi island,
0,energi island,0: energi island,
0,energi island,0: energi island,
0,energi island,0: energi island,
0,energi island,0: energi island,
0,energi island,0: energi island,
0,energi island,0: energi island,
0,energi island,0: energi island,
0,energi island,0: energi island,
0,energi island,0: energi island,
0,energi island,0: energi island,
0,energi island,0: energi island,
0,energi island,0: energi island,
0,energi island,0: energi island,
0,energi island,0: energi island,
0,energi island,0: energi island,
0,energi island,0: energi island,
0,energi island,0: energi island,
0,energi island,0: energi island,
0,energi island,0: energi island,
0,energi island,0: energi island,
0,energi island,0: energi island,
0,energi island,0: energi island,
0,energi island,0: energi island,
0,energi island,0: energi island,
0,energi island,0: energi island,
0,energi island,0: energi island,
0,energi island,0: energi island,
0,energi island,0: energi island,
0,energi island,0: energi island,
0,energi island,0: energi island,
0,energi island,0: energi island,
0,energi island,0: energi island,
0,energi island,0: energi island,
0,energi island,0: energi island,
0,energi island,0: energi island,
0,energi island,0: energi island,
0,energi island,0: energi island,
0,energi island,0: energi island,
0,energi island,0: energi island,
0,energi island,0: energi island,
0,energi island,0: energi island,
0,energi island,0: energi island,
0,energi island,0: energi island,
0,energi island,0: energi island,
0,energi island,0: energi island,
0,energi island,0: energi island,
0,energi island,0: energi island,
0,energi island,0: energi island,
0,energi island,0: energi island,
0,energi island,0: energi island,
0,energi island,0: energi island,
0,energi island,0: energi island,
0,energi island,0: energi island,
0,energi island,0: energi island,
0,energi island,0: energi island,
0,energi island,0: energi island,
0,energi island,0: energi island,
0,energi island,0: energi island,
0,energi island,0: energi island,
0,energi island,0: energi island,
0,energi island,0: energi island,
0,energi island,0: energi island,
0,energi island,0: energi island,
0,energi island,0: energi island,
0,energi island,0: energi island,
0,energi island,0: energi island,
0,energi island,0: energi island,
0,energi island,0: energi island,
0,energi island,0: energi island,
0,energi island,0: energi island,
0,energi island,0: energi island,
0,energi island,0: energi island,
0,energi island,0: energi island,
0,energi island,0: energi island,
0,energi island,0: energi island,
0,energi island,0: energi island,
0,energi island,0: energi island,
0,energi island,0: energi island,
0,energi island,0: energi island,
0,energi island,0: energi island,
0,energi island,0: energi island,
0,energi island,0: energi island,
0,energi island,0: energi island,
0,energi island,0: energi island,
0,energi island,0: energi island,
0,energi island,0: energi island,
0,energi island,0: energi island,
0,energi island,0: energi island,
0,energi island,0: energi island,
0,energi island,0: energi island,
0,energi island,0: energi island,
0,energi island,0: energi island,
0,energi island,0: energi island,
0,energi island,0: energi island,
0,energi island,0: energi island,
0,energi island,0: energi island,
0,energi island,0: energi island,
0,energi island,0: energi island,
0,energi island,0: energi island,
0,energi island,0: energi island,
0,energi island,0: energi island,
0,energi island,0: energi island,
0,energi island,0: energi island,
0,energi island,0: energi island,
0,energi island,0: energi island,
0,energi island,0: energi island,
0,energi island,0: energi island,
0,energi island,0: energi island,
0,energi island,0: energi island,
0,energi island,0: energi island,
0,energi island,0: energi island,
0,energi island,0: energi island,
0,energi island,0: energi island,
0,energi island,0: energi island,
0,energi island,0: energi island,
0,energi island,0: energi island,
0,energi island,0: energi island,
0,energi island,0: energi island,
0,energi island,0: energi island,
0,energi island,0: energi island,
0,energi island,0: energi island,
3,offshor wind,3: offshor wind,
3,offshor wind,3: offshor wind,
3,offshor wind,3: offshor wind,
3,offshor wind,3: offshor wind,
3,offshor wind,3: offshor wind,
3,offshor wind,3: offshor wind,
3,offshor wind,3: offshor wind,
3,offshor wind,3: offshor wind,
3,offshor wind,3: offshor wind,
3,offshor wind,3: offshor wind,
3,offshor wind,3: offshor wind,
3,offshor wind,3: offshor wind,
3,offshor wind,3: offshor wind,
3,offshor wind,3: offshor wind,
3,offshor wind,3: offshor wind,
3,offshor wind,3: offshor wind,
3,offshor wind,3: offshor wind,
3,offshor wind,3: offshor wind,
3,offshor wind,3: offshor wind,
3,offshor wind,3: offshor wind,
3,offshor wind,3: offshor wind,
3,offshor wind,3: offshor wind,
3,offshor wind,3: offshor wind,
3,offshor wind,3: offshor wind,
3,offshor wind,3: offshor wind,
3,offshor wind,3: offshor wind,
3,offshor wind,3: offshor wind,
3,offshor wind,3: offshor wind,
3,offshor wind,3: offshor wind,
3,offshor wind,3: offshor wind,
3,offshor wind,3: offshor wind,
3,offshor wind,3: offshor wind,
3,offshor wind,3: offshor wind,
3,offshor wind,3: offshor wind,
3,offshor wind,3: offshor wind,
3,offshor wind,3: offshor wind,
3,offshor wind,3: offshor wind,
3,offshor wind,3: offshor wind,
3,offshor wind,3: offshor wind,
3,offshor wind,3: offshor wind,
3,offshor wind,3: offshor wind,
3,offshor wind,3: offshor wind,
3,offshor wind,3: offshor wind,
3,offshor wind,3: offshor wind,
3,offshor wind,3: offshor wind,
3,offshor wind,3: offshor wind,
3,offshor wind,3: offshor wind,
3,offshor wind,3: offshor wind,
3,offshor wind,3: offshor wind,
3,offshor wind,3: offshor wind,
3,offshor wind,3: offshor wind,
3,offshor wind,3: offshor wind,
3,offshor wind,3: offshor wind,
3,offshor wind,3: offshor wind,
3,offshor wind,3: offshor wind,
3,offshor wind,3: offshor wind,
3,offshor wind,3: offshor wind,
3,offshor wind,3: offshor wind,
3,offshor wind,3: offshor wind,
3,offshor wind,3: offshor wind,
3,offshor wind,3: offshor wind,
3,offshor wind,3: offshor wind,
3,offshor wind,3: offshor wind,
3,offshor wind,3: offshor wind,
3,offshor wind,3: offshor wind,
3,offshor wind,3: offshor wind,
3,offshor wind,3: offshor wind,
3,offshor wind,3: offshor wind,
3,offshor wind,3: offshor wind,
3,offshor wind,3: offshor wind,
3,offshor wind,3: offshor wind,
3,offshor wind,3: offshor wind,
3,offshor wind,3: offshor wind,
3,offshor wind,3: offshor wind,
3,offshor wind,3: offshor wind,
3,offshor wind,3: offshor wind,
3,offshor wind,3: offshor wind,
3,offshor wind,3: offshor wind,
3,offshor wind,3: offshor wind,
3,offshor wind,3: offshor wind,
3,offshor wind,3: offshor wind,
3,offshor wind,3: offshor wind,
3,offshor wind,3: offshor wind,
3,offshor wind,3: offshor wind,
3,offshor wind,3: offshor wind,
3,offshor wind,3: offshor wind,
3,offshor wind,3: offshor wind,
3,offshor wind,3: offshor wind,
3,offshor wind,3: offshor wind,
3,offshor wind,3: offshor wind,
3,offshor wind,3: offshor wind,
3,offshor wind,3: offshor wind,
3,offshor wind,3: offshor wind,
3,offshor wind,3: offshor wind,
3,offshor wind,3: offshor wind,
3,offshor wind,3: offshor wind,
3,offshor wind,3: offshor wind,
3,offshor wind,3: offshor wind,
3,offshor wind,3: offshor wind,
3,offshor wind,3: offshor wind,
3,offshor wind,3: offshor wind,
3,offshor wind,3: offshor wind,
3,offshor wind,3: offshor wind,
3,offshor wind,3: offshor wind,
3,offshor wind,3: offshor wind,
3,offshor wind,3: offshor wind,
3,offshor wind,3: offshor wind,
3,offshor wind,3: offshor wind,
3,offshor wind,3: offshor wind,
3,offshor wind,3: offshor wind,
3,offshor wind,3: offshor wind,
3,offshor wind,3: offshor wind,
3,offshor wind,3: offshor wind,
0,energi island,0: energi island,
0,energi island,0: energi island,
0,energi island,0: energi island,
0,energi island,0: energi island,
0,energi island,0: energi island,
0,energi island,0: energi island,
0,energi island,0: energi island,
0,energi island,0: energi island,
0,energi island,0: energi island,
0,energi island,0: energi island,
0,energi island,0: energi island,
0,energi island,0: energi island,
0,energi island,0: energi island,
0,energi island,0: energi island,
0,energi island,0: energi island,
0,energi island,0: energi island,
0,energi island,0: energi island,
0,energi island,0: energi island,
0,energi island,0: energi island,
0,energi island,0: energi island,
0,energi island,0: energi island,
0,energi island,0: energi island,
0,energi island,0: energi island,
0,energi island,0: energi island,
0,energi island,0: energi island,
0,energi island,0: energi island,
0,energi island,0: energi island,
0,energi island,0: energi island,
0,energi island,0: energi island,
0,energi island,0: energi island,
0,energi island,0: energi island,
0,energi island,0: energi island,
0,energi island,0: energi island,
0,energi island,0: energi island,
0,energi island,0: energi island,
0,energi island,0: energi island,
0,energi island,0: energi island,
0,energi island,0: energi island,
0,energi island,0: energi island,
0,energi island,0: energi island,
0,energi island,0: energi island,
0,energi island,0: energi island,
0,energi island,0: energi island,
0,energi island,0: energi island,
0,energi island,0: energi island,
0,energi island,0: energi island,
0,energi island,0: energi island,
0,energi island,0: energi island,
0,energi island,0: energi island,
0,energi island,0: energi island,
0,energi island,0: energi island,
0,energi island,0: energi island,
0,energi island,0: energi island,
0,energi island,0: energi island,
0,energi island,0: energi island,
0,energi island,0: energi island,
0,energi island,0: energi island,
0,energi island,0: energi island,
0,energi island,0: energi island,
0,energi island,0: energi island,
0,energi island,0: energi island,
0,energi island,0: energi island,
0,energi island,0: energi island,
0,energi island,0: energi island,
0,energi island,0: energi island,
0,energi island,0: energi island,
0,energi island,0: energi island,
0,energi island,0: energi island,
0,energi island,0: energi island,
0,energi island,0: energi island,
0,energi island,0: energi island,
0,energi island,0: energi island,
0,energi island,0: energi island,
0,energi island,0: energi island,
0,energi island,0: energi island,
0,energi island,0: energi island,
0,energi island,0: energi island,
0,energi island,0: energi island,
0,energi island,0: energi island,
0,energi island,0: energi island,
0,energi island,0: energi island,
0,energi island,0: energi island,
0,energi island,0: energi island,
0,energi island,0: energi island,
0,energi island,0: energi island,
0,energi island,0: energi island,
0,energi island,0: energi island,
0,energi island,0: energi island,
0,energi island,0: energi island,
0,energi island,0: energi island,
0,energi island,0: energi island,
0,energi island,0: energi island,
0,energi island,0: energi island,
0,energi island,0: energi island,
0,energi island,0: energi island,
0,energi island,0: energi island,
0,energi island,0: energi island,
0,energi island,0: energi island,
0,energi island,0: energi island,
0,energi island,0: energi island,
0,energi island,0: energi island,
0,energi island,0: energi island,
0,energi island,0: energi island,
0,energi island,0: energi island,
0,energi island,0: energi island,
0,energi island,0: energi island,
0,energi island,0: energi island,
0,energi island,0: energi island,
0,energi island,0: energi island,
0,energi island,0: energi island,
0,energi island,0: energi island,
0,energi island,0: energi island,
0,energi island,0: energi island,
0,energi island,0: energi island,
0,energi island,0: energi island,
0,energi island,0: energi island,
0,energi island,0: energi island,
0,energi island,0: energi island,
0,energi island,0: energi island,
0,energi island,0: energi island,
0,energi island,0: energi island,
0,energi island,0: energi island,
0,energi island,0: energi island,
0,energi island,0: energi island,
0,energi island,0: energi island,
0,energi island,0: energi island,
0,energi island,0: energi island,
0,energi island,0: energi island,
0,energi island,0: energi island,
0,energi island,0: energi island,
0,energi island,0: energi island,
0,energi island,0: energi island,
0,energi island,0: energi island,
0,energi island,0: energi island,
0,energi island,0: energi island,
0,energi island,0: energi island,
0,energi island,0: energi island,
0,energi island,0: energi island,
0,energi island,0: energi island,
0,energi island,0: energi island,
0,energi island,0: energi island,
0,energi island,0: energi island,
0,energi island,0: energi island,
0,energi island,0: energi island,
0,energi island,0: energi island,
0,energi island,0: energi island,
0,energi island,0: energi island,
0,energi island,0: energi island,
0,energi island,0: energi island,
0,energi island,0: energi island,
0,energi island,0: energi island,
0,energi island,0: energi island,
0,energi island,0: energi island,
0,energi island,0: energi island,
0,energi island,0: energi island,
0,energi island,0: energi island,
0,energi island,0: energi island,
0,energi island,0: energi island,
0,energi island,0: energi island,
0,energi island,0: energi island,
0,energi island,0: energi island,
0,energi island,0: energi island,
0,energi island,0: energi island,
0,energi island,0: energi island,
0,energi island,0: energi island,
0,energi island,0: energi island,
0,energi island,0: energi island,
0,energi island,0: energi island,
0,energi island,0: energi island,
0,energi island,0: energi island,
0,energi island,0: energi island,
0,energi island,0: energi island,
0,energi island,0: energi island,
0,energi island,0: energi island,
0,energi island,0: energi island,
0,energi island,0: energi island,
0,energi island,0: energi island,
0,energi island,0: energi island,
0,energi island,0: energi island,
0,energi island,0: energi island,
0,energi island,0: energi island,
0,energi island,0: energi island,
0,energi island,0: energi island,
0,energi island,0: energi island,
0,energi island,0: energi island,
0,energi island,0: energi island,
0,energi island,0: energi island,
0,energi island,0: energi island,
0,energi island,0: energi island,
0,energi island,0: energi island,
0,energi island,0: energi island,
0,energi island,0: energi island,
0,energi island,0: energi island,
0,energi island,0: energi island,
0,energi island,0: energi island,
0,energi island,0: energi island,
0,energi island,0: energi island,
0,energi island,0: energi island,
0,energi island,0: energi island,
0,energi island,0: energi island,
0,energi island,0: energi island,
0,energi island,0: energi island,
0,energi island,0: energi island,
0,energi island,0: energi island,
0,energi island,0: energi island,
0,energi island,0: energi island,
0,energi island,0: energi island,
0,energi island,0: energi island,
0,energi island,0: energi island,
0,energi island,0: energi island,
0,energi island,0: energi island,
0,energi island,0: energi island,
0,energi island,0: energi island,
0,energi island,0: energi island,
0,energi island,0: energi island,
0,energi island,0: energi island,
0,energi island,0: energi island,
0,energi island,0: energi island,
0,energi island,0: energi island,
0,energi island,0: energi island,
0,energi island,0: energi island,
0,energi island,0: energi island,
0,energi island,0: energi island,
0,energi island,0: energi island,
0,energi island,0: energi island,
0,energi island,0: energi island,
0,energi island,0: energi island,
0,energi island,0: energi island,
0,energi island,0: energi island,
0,energi island,0: energi island,
0,energi island,0: energi island,
0,energi island,0: energi island,
0,energi island,0: energi island,
0,energi island,0: energi island,
0,energi island,0: energi island,
0,energi island,0: energi island,
0,energi island,0: energi island,
0,energi island,0: energi island,
0,energi island,0: energi island,
0,energi island,0: energi island,
0,energi island,0: energi island,
0,energi island,0: energi island,
0,energi island,0: energi island,
0,energi island,0: energi island,
0,energi island,0: energi island,
0,energi island,0: energi island,
0,energi island,0: energi island,
0,energi island,0: energi island,
0,energi island,0: energi island,
0,energi island,0: energi island,
0,energi island,0: energi island,
0,energi island,0: energi island,
0,energi island,0: energi island,
0,energi island,0: energi island,
0,energi island,0: energi island,
0,energi island,0: energi island,
0,energi island,0: energi island,
0,energi island,0: energi island,
0,energi island,0: energi island,
0,energi island,0: energi island,
0,energi island,0: energi island,
0,energi island,0: energi island,
0,energi island,0: energi island,
0,energi island,0: energi island,
0,energi island,0: energi island,
0,energi island,0: energi island,
0,energi island,0: energi island,
0,energi island,0: energi island,
0,energi island,0: energi island,
0,energi island,0: energi island,
0,energi island,0: energi island,
0,energi island,0: energi island,
0,energi island,0: energi island,
0,energi island,0: energi island,
0,energi island,0: energi island,
0,energi island,0: energi island,
0,energi island,0: energi island,
0,energi island,0: energi island,
0,energi island,0: energi island,
0,energi island,0: energi island,
0,energi island,0: energi island,
0,energi island,0: energi island,
0,energi island,0: energi island,
0,energi island,0: energi island,
0,energi island,0: energi island,
0,energi island,0: energi island,
0,energi island,0: energi island,
0,energi island,0: energi island,
0,energi island,0: energi island,
0,energi island,0: energi island,
0,energi island,0: energi island,
0,energi island,0: energi island,
0,energi island,0: energi island,
0,energi island,0: energi island,
0,energi island,0: energi island,
0,energi island,0: energi island,
0,energi island,0: energi island,
0,energi island,0: energi island,
0,energi island,0: energi island,
0,energi island,0: energi island,
0,energi island,0: energi island,
0,energi island,0: energi island,
0,energi island,0: energi island,
0,energi island,0: energi island,
0,energi island,0: energi island,
0,energi island,0: energi island,
0,energi island,0: energi island,
0,energi island,0: energi island,
0,energi island,0: energi island,
0,energi island,0: energi island,
0,energi island,0: energi island,
0,energi island,0: energi island,
0,energi island,0: energi island,
0,energi island,0: energi island,
0,energi island,0: energi island,
0,energi island,0: energi island,
0,energi island,0: energi island,
0,energi island,0: energi island,
0,energi island,0: energi island,
0,energi island,0: energi island,
0,energi island,0: energi island,
0,energi island,0: energi island,
0,energi island,0: energi island,
0,energi island,0: energi island,
0,energi island,0: energi island,
0,energi island,0: energi island,
0,energi island,0: energi island,
0,energi island,0: energi island,
0,energi island,0: energi island,
0,energi island,0: energi island,
0,energi island,0: energi island,
0,energi island,0: energi island,
0,energi island,0: energi island,
0,energi island,0: energi island,
0,energi island,0: energi island,
0,energi island,0: energi island,
0,energi island,0: energi island,
0,energi island,0: energi island,
0,energi island,0: energi island,
0,energi island,0: energi island,
0,energi island,0: energi island,
0,energi island,0: energi island,
0,energi island,0: energi island,
0,energi island,0: energi island,
0,energi island,0: energi island,
0,energi island,0: energi island,
0,energi island,0: energi island,
0,energi island,0: energi island,
0,energi island,0: energi island,
0,energi island,0: energi island,
0,energi island,0: energi island,
0,energi island,0: energi island,
0,energi island,0: energi island,
0,energi island,0: energi island,
0,energi island,0: energi island,
0,energi island,0: energi island,
0,energi island,0: energi island,
0,energi island,0: energi island,
0,energi island,0: energi island,
0,energi island,0: energi island,
0,energi island,0: energi island,
0,energi island,0: energi island,
0,energi island,0: energi island,
0,energi island,0: energi island,
0,energi island,0: energi island,
0,energi island,0: energi island,
0,energi island,0: energi island,
0,energi island,0: energi island,
0,energi island,0: energi island,
0,energi island,0: energi island,
0,energi island,0: energi island,
0,energi island,0: energi island,
0,energi island,0: energi island,
0,energi island,0: energi island,
0,energi island,0: energi island,
0,energi island,0: energi island,
0,energi island,0: energi island,
0,energi island,0: energi island,
0,energi island,0: energi island,
0,energi island,0: energi island,
0,energi island,0: energi island,
0,energi island,0: energi island,
0,energi island,0: energi island,
0,energi island,0: energi island,
0,energi island,0: energi island,
0,energi island,0: energi island,
0,energi island,0: energi island,
0,energi island,0: energi island,
0,energi island,0: energi island,
0,energi island,0: energi island,
0,energi island,0: energi island,
0,energi island,0: energi island,
0,energi island,0: energi island,
0,energi island,0: energi island,
0,energi island,0: energi island,
0,energi island,0: energi island,
0,energi island,0: energi island,
0,energi island,0: energi island,
0,energi island,0: energi island,
0,energi island,0: energi island,
0,energi island,0: energi island,
0,energi island,0: energi island,
0,energi island,0: energi island,
0,energi island,0: energi island,
0,energi island,0: energi island,
0,energi island,0: energi island,
0,energi island,0: energi island,
0,energi island,0: energi island,
0,energi island,0: energi island,
0,energi island,0: energi island,
0,energi island,0: energi island,
0,energi island,0: energi island,
0,energi island,0: energi island,
0,energi island,0: energi island,
0,energi island,0: energi island,
0,energi island,0: energi island,
0,energi island,0: energi island,
0,energi island,0: energi island,
0,energi island,0: energi island,
0,energi island,0: energi island,
0,energi island,0: energi island,
0,energi island,0: energi island,
0,energi island,0: energi island,
0,energi island,0: energi island,
0,energi island,0: energi island,
0,energi island,0: energi island,
0,energi island,0: energi island,
0,energi island,0: energi island,
0,energi island,0: energi island,
0,energi island,0: energi island,
0,energi island,0: energi island,
0,energi island,0: energi island,
0,energi island,0: energi island,
0,energi island,0: energi island,
0,energi island,0: energi island,
0,energi island,0: energi island,
0,energi island,0: energi island,
0,energi island,0: energi island,
0,energi island,0: energi island,
0,energi island,0: energi island,
0,energi island,0: energi island,
0,energi island,0: energi island,
0,energi island,0: energi island,
0,energi island,0: energi island,
0,energi island,0: energi island,
0,energi island,0: energi island,
0,energi island,0: energi island,
0,energi island,0: energi island,
0,energi island,0: energi island,
0,energi island,0: energi island,
0,energi island,0: energi island,
0,energi island,0: energi island,
0,energi island,0: energi island,
0,energi island,0: energi island,
0,energi island,0: energi island,
0,energi island,0: energi island,
0,energi island,0: energi island,
0,energi island,0: energi island,
0,energi island,0: energi island,
0,energi island,0: energi island,
0,energi island,0: energi island,
0,energi island,0: energi island,
0,energi island,0: energi island,
0,energi island,0: energi island,
0,energi island,0: energi island,
0,energi island,0: energi island,
0,energi island,0: energi island,
0,energi island,0: energi island,
0,energi island,0: energi island,
0,energi island,0: energi island,
0,energi island,0: energi island,
0,energi island,0: energi island,
0,energi island,0: energi island,
0,energi island,0: energi island,
0,energi island,0: energi island,
0,energi island,0: energi island,
0,energi island,0: energi island,
0,energi island,0: energi island,
0,energi island,0: energi island,
0,energi island,0: energi island,
0,energi island,0: energi island,
0,energi island,0: energi island,
0,energi island,0: energi island,
0,energi island,0: energi island,
0,energi island,0: energi island,
0,energi island,0: energi island,
0,energi island,0: energi island,
0,energi island,0: energi island,
0,energi island,0: energi island,
0,energi island,0: energi island,
0,energi island,0: energi island,
0,energi island,0: energi island,
0,energi island,0: energi island,
0,energi island,0: energi island,
0,energi island,0: energi island,
0,energi island,0: energi island,
0,energi island,0: energi island,
0,energi island,0: energi island,
0,energi island,0: energi island,
0,energi island,0: energi island,
0,energi island,0: energi island,
0,energi island,0: energi island,
0,energi island,0: energi island,
0,energi island,0: energi island,
0,energi island,0: energi island,
0,energi island,0: energi island,
0,energi island,0: energi island,
0,energi island,0: energi island,
0,energi island,0: energi island,
0,energi island,0: energi island,
0,energi island,0: energi island,
0,energi island,0: energi island,
0,energi island,0: energi island,
0,energi island,0: energi island,
0,energi island,0: energi island,
0,energi island,0: energi island,
0,energi island,0: energi island,
0,energi island,0: energi island,
0,energi island,0: energi island,
0,energi island,0: energi island,
0,energi island,0: energi island,
0,energi island,0: energi island,
0,energi island,0: energi island,
0,energi island,0: energi island,
0,energi island,0: energi island,
0,energi island,0: energi island,
0,energi island,0: energi island,
0,energi island,0: energi island,
0,energi island,0: energi island,
0,energi island,0: energi island,
0,energi island,0: energi island,
0,energi island,0: energi island,
0,energi island,0: energi island,
0,energi island,0: energi island,
0,energi island,0: energi island,
0,energi island,0: energi island,
0,energi island,0: energi island,
0,energi island,0: energi island,
0,energi island,0: energi island,
0,energi island,0: energi island,
0,energi island,0: energi island,
0,energi island,0: energi island,
0,energi island,0: energi island,
0,energi island,0: energi island,
0,energi island,0: energi island,
0,energi island,0: energi island,
0,energi island,0: energi island,
0,energi island,0: energi island,
0,energi island,0: energi island,
0,energi island,0: energi island,
0,energi island,0: energi island,
0,energi island,0: energi island,
0,energi island,0: energi island,
0,energi island,0: energi island,
0,energi island,0: energi island,
0,energi island,0: energi island,
0,energi island,0: energi island,
0,energi island,0: energi island,
0,energi island,0: energi island,
0,energi island,0: energi island,
0,energi island,0: energi island,
0,energi island,0: energi island,
0,energi island,0: energi island,
0,energi island,0: energi island,
0,energi island,0: energi island,
0,energi island,0: energi island,
0,energi island,0: energi island,
0,energi island,0: energi island,
0,energi island,0: energi island,
0,energi island,0: energi island,
0,energi island,0: energi island,
0,energi island,0: energi island,
0,energi island,0: energi island,
0,energi island,0: energi island,
0,energi island,0: energi island,
0,energi island,0: energi island,
0,energi island,0: energi island,
0,energi island,0: energi island,
0,energi island,0: energi island,
0,energi island,0: energi island,
0,energi island,0: energi island,
0,energi island,0: energi island,
0,energi island,0: energi island,
0,energi island,0: energi island,
0,energi island,0: energi island,
0,energi island,0: energi island,
0,energi island,0: energi island,
0,energi island,0: energi island,
0,energi island,0: energi island,
0,energi island,0: energi island,
0,energi island,0: energi island,
0,energi island,0: energi island,
0,energi island,0: energi island,
0,energi island,0: energi island,
0,energi island,0: energi island,
0,energi island,0: energi island,
0,energi island,0: energi island,
0,energi island,0: energi island,
0,energi island,0: energi island,
0,energi island,0: energi island,
0,energi island,0: energi island,
0,energi island,0: energi island,
0,energi island,0: energi island,
0,energi island,0: energi island,
0,energi island,0: energi island,
0,energi island,0: energi island,
0,energi island,0: energi island,
0,energi island,0: energi island,
0,energi island,0: energi island,
0,energi island,0: energi island,
0,energi island,0: energi island,
0,energi island,0: energi island,
0,energi island,0: energi island,
0,energi island,0: energi island,
0,energi island,0: energi island,
0,energi island,0: energi island,
0,energi island,0: energi island,
0,energi island,0: energi island,
0,energi island,0: energi island,
0,energi island,0: energi island,
0,energi island,0: energi island,
0,energi island,0: energi island,
0,energi island,0: energi island,
0,energi island,0: energi island,
0,energi island,0: energi island,
0,energi island,0: energi island,
0,energi island,0: energi island,
0,energi island,0: energi island,
0,energi island,0: energi island,
0,energi island,0: energi island,
0,energi island,0: energi island,
0,energi island,0: energi island,
0,energi island,0: energi island,
0,energi island,0: energi island,
0,energi island,0: energi island,
0,energi island,0: energi island,
0,energi island,0: energi island,
0,energi island,0: energi island,
0,energi island,0: energi island,
0,energi island,0: energi island,
0,energi island,0: energi island,
0,energi island,0: energi island,
0,energi island,0: energi island,
0,energi island,0: energi island,
0,energi island,0: energi island,
0,energi island,0: energi island,
0,energi island,0: energi island,
0,energi island,0: energi island,
0,energi island,0: energi island,
0,energi island,0: energi island,
0,energi island,0: energi island,
0,energi island,0: energi island,
0,energi island,0: energi island,
0,energi island,0: energi island,
0,energi island,0: energi island,
0,energi island,0: energi island,
0,energi island,0: energi island,
0,energi island,0: energi island,
0,energi island,0: energi island,
0,energi island,0: energi island,
0,energi island,0: energi island,
0,energi island,0: energi island,
0,energi island,0: energi island,
0,energi island,0: energi island,
0,energi island,0: energi island,
0,energi island,0: energi island,
0,energi island,0: energi island,
0,energi island,0: energi island,
0,energi island,0: energi island,
0,energi island,0: energi island,
0,energi island,0: energi island,
0,energi island,0: energi island,
0,energi island,0: energi island,
0,energi island,0: energi island,
0,energi island,0: energi island,
0,energi island,0: energi island,
0,energi island,0: energi island,
0,energi island,0: energi island,
0,energi island,0: energi island,
0,energi island,0: energi island,
0,energi island,0: energi island,
0,energi island,0: energi island,
0,energi island,0: energi island,
0,energi island,0: energi island,
0,energi island,0: energi island,
0,energi island,0: energi island,
0,energi island,0: energi island,
0,energi island,0: energi island,
0,energi island,0: energi island,
0,energi island,0: energi island,
0,energi island,0: energi island,
0,energi island,0: energi island,
0,energi island,0: energi island,
0,energi island,0: energi island,
0,energi island,0: energi island,
0,energi island,0: energi island,
0,energi island,0: energi island,
0,energi island,0: energi island,
0,energi island,0: energi island,
0,energi island,0: energi island,
0,energi island,0: energi island,
0,energi island,0: energi island,
0,energi island,0: energi island,
0,energi island,0: energi island,
0,energi island,0: energi island,
0,energi island,0: energi island,
0,energi island,0: energi island,
0,energi island,0: energi island,
0,energi island,0: energi island,
0,energi island,0: energi island,
0,energi island,0: energi island,
0,energi island,0: energi island,
0,energi island,0: energi island,
0,energi island,0: energi island,
0,energi island,0: energi island,
0,energi island,0: energi island,
0,energi island,0: energi island,
0,energi island,0: energi island,
0,energi island,0: energi island,
0,energi island,0: energi island,
0,energi island,0: energi island,
0,energi island,0: energi island,
0,energi island,0: energi island,
0,energi island,0: energi island,
0,energi island,0: energi island,
0,energi island,0: energi island,
0,energi island,0: energi island,
0,energi island,0: energi island,
0,energi island,0: energi island,
0,energi island,0: energi island,
0,energi island,0: energi island,
0,energi island,0: energi island,
0,energi island,0: energi island,
0,energi island,0: energi island,
0,energi island,0: energi island,
0,energi island,0: energi island,
0,energi island,0: energi island,
0,energi island,0: energi island,
0,energi island,0: energi island,
0,energi island,0: energi island,
0,energi island,0: energi island,
0,energi island,0: energi island,
0,energi island,0: energi island,
0,energi island,0: energi island,
0,energi island,0: energi island,
0,energi island,0: energi island,
0,energi island,0: energi island,
0,energi island,0: energi island,
0,energi island,0: energi island,
0,energi island,0: energi island,
0,energi island,0: energi island,
0,energi island,0: energi island,
0,energi island,0: energi island,
0,energi island,0: energi island,
0,energi island,0: energi island,
0,energi island,0: energi island,
0,energi island,0: energi island,
0,energi island,0: energi island,
0,energi island,0: energi island,
0,energi island,0: energi island,
0,energi island,0: energi island,
0,energi island,0: energi island,
0,energi island,0: energi island,
0,energi island,0: energi island,
0,energi island,0: energi island,
0,energi island,0: energi island,
0,energi island,0: energi island,
0,energi island,0: energi island,
0,energi island,0: energi island,
0,energi island,0: energi island,
0,energi island,0: energi island,
0,energi island,0: energi island,
0,energi island,0: energi island,
0,energi island,0: energi island,
0,energi island,0: energi island,
0,energi island,0: energi island,
0,energi island,0: energi island,
0,energi island,0: energi island,
0,energi island,0: energi island,
0,energi island,0: energi island,
0,energi island,0: energi island,
0,energi island,0: energi island,
0,energi island,0: energi island,
0,energi island,0: energi island,
0,energi island,0: energi island,
7,renew energi,7: renew energi,
7,renew energi,7: renew energi,
7,renew energi,7: renew energi,
7,renew energi,7: renew energi,
7,renew energi,7: renew energi,
7,renew energi,7: renew energi,
7,renew energi,7: renew energi,
7,renew energi,7: renew energi,
7,renew energi,7: renew energi,
7,renew energi,7: renew energi,
7,renew energi,7: renew energi,
7,renew energi,7: renew energi,
7,renew energi,7: renew energi,
7,renew energi,7: renew energi,
7,renew energi,7: renew energi,
7,renew energi,7: renew energi,
7,renew energi,7: renew energi,
7,renew energi,7: renew energi,
7,renew energi,7: renew energi,
7,renew energi,7: renew energi,
7,renew energi,7: renew energi,
7,renew energi,7: renew energi,
7,renew energi,7: renew energi,
7,renew energi,7: renew energi,
7,renew energi,7: renew energi,
7,renew energi,7: renew energi,
7,renew energi,7: renew energi,
7,renew energi,7: renew energi,
7,renew energi,7: renew energi,
7,renew energi,7: renew energi,
7,renew energi,7: renew energi,
7,renew energi,7: renew energi,
7,renew energi,7: renew energi,
7,renew energi,7: renew energi,
7,renew energi,7: renew energi,
7,renew energi,7: renew energi,
7,renew energi,7: renew energi,
7,renew energi,7: renew energi,
7,renew energi,7: renew energi,
7,renew energi,7: renew energi,
7,renew energi,7: renew energi,
7,renew energi,7: renew energi,
7,renew energi,7: renew energi,
7,renew energi,7: renew energi,
7,renew energi,7: renew energi,
7,renew energi,7: renew energi,
7,renew energi,7: renew energi,
7,renew energi,7: renew energi,
7,renew energi,7: renew energi,
7,renew energi,7: renew energi,
7,renew energi,7: renew energi,
7,renew energi,7: renew energi,
7,renew energi,7: renew energi,
7,renew energi,7: renew energi,
7,renew energi,7: renew energi,
7,renew energi,7: renew energi,
7,renew energi,7: renew energi,
7,renew energi,7: renew energi,
7,renew energi,7: renew energi,
7,renew energi,7: renew energi,
7,renew energi,7: renew energi,
7,renew energi,7: renew energi,
7,renew energi,7: renew energi,
7,renew energi,7: renew energi,
7,renew energi,7: renew energi,
7,renew energi,7: renew energi,
7,renew energi,7: renew energi,
7,renew energi,7: renew energi,
7,renew energi,7: renew energi,
7,renew energi,7: renew energi,
7,renew energi,7: renew energi,
7,renew energi,7: renew energi,
7,renew energi,7: renew energi,
7,renew energi,7: renew energi,
7,renew energi,7: renew energi,
7,renew energi,7: renew energi,
7,renew energi,7: renew energi,
7,renew energi,7: renew energi,
7,renew energi,7: renew energi,
7,renew energi,7: renew energi,
7,renew energi,7: renew energi,
7,renew energi,7: renew energi,
7,renew energi,7: renew energi,
7,renew energi,7: renew energi,
7,renew energi,7: renew energi,
7,renew energi,7: renew energi,
7,renew energi,7: renew energi,
7,renew energi,7: renew energi,
7,renew energi,7: renew energi,
7,renew energi,7: renew energi,
7,renew energi,7: renew energi,
7,renew energi,7: renew energi,
7,renew energi,7: renew energi,
7,renew energi,7: renew energi,
7,renew energi,7: renew energi,
7,renew energi,7: renew energi,
7,renew energi,7: renew energi,
7,renew energi,7: renew energi,
7,renew energi,7: renew energi,
7,renew energi,7: renew energi,
7,renew energi,7: renew energi,
7,renew energi,7: renew energi,
7,renew energi,7: renew energi,
7,renew energi,7: renew energi,
7,renew energi,7: renew energi,
7,renew energi,7: renew energi,
7,renew energi,7: renew energi,
7,renew energi,7: renew energi,
7,renew energi,7: renew energi,
7,renew energi,7: renew energi,
7,renew energi,7: renew energi,
7,renew energi,7: renew energi,
7,renew energi,7: renew energi,
7,renew energi,7: renew energi,
7,renew energi,7: renew energi,
7,renew energi,7: renew energi,
7,renew energi,7: renew energi,
7,renew energi,7: renew energi,
7,renew energi,7: renew energi,
7,renew energi,7: renew energi,
7,renew energi,7: renew energi,
7,renew energi,7: renew energi,
7,renew energi,7: renew energi,
7,renew energi,7: renew energi,
7,renew energi,7: renew energi,
7,renew energi,7: renew energi,
7,renew energi,7: renew energi,
7,renew energi,7: renew energi,
7,renew energi,7: renew energi,
7,renew energi,7: renew energi,
7,renew energi,7: renew energi,
7,renew energi,7: renew energi,
7,renew energi,7: renew energi,
7,renew energi,7: renew energi,
7,renew energi,7: renew energi,
7,renew energi,7: renew energi,
7,renew energi,7: renew energi,
7,renew energi,7: renew energi,
7,renew energi,7: renew energi,
7,renew energi,7: renew energi,
7,renew energi,7: renew energi,
7,renew energi,7: renew energi,
7,renew energi,7: renew energi,
7,renew energi,7: renew energi,
7,renew energi,7: renew energi,
7,renew energi,7: renew energi,
0,energi island,0: energi island,
0,energi island,0: energi island,
0,energi island,0: energi island,
0,energi island,0: energi island,
0,energi island,0: energi island,
0,energi island,0: energi island,
0,energi island,0: energi island,
0,energi island,0: energi island,
0,energi island,0: energi island,
0,energi island,0: energi island,
0,energi island,0: energi island,
0,energi island,0: energi island,
0,energi island,0: energi island,
0,energi island,0: energi island,
0,energi island,0: energi island,
0,energi island,0: energi island,
0,energi island,0: energi island,
0,energi island,0: energi island,
0,energi island,0: energi island,
0,energi island,0: energi island,
0,energi island,0: energi island,
0,energi island,0: energi island,
0,energi island,0: energi island,
0,energi island,0: energi island,
0,energi island,0: energi island,
0,energi island,0: energi island,
0,energi island,0: energi island,
0,energi island,0: energi island,
0,energi island,0: energi island,
0,energi island,0: energi island,
0,energi island,0: energi island,
0,energi island,0: energi island,
0,energi island,0: energi island,
0,energi island,0: energi island,
0,energi island,0: energi island,
0,energi island,0: energi island,
0,energi island,0: energi island,
0,energi island,0: energi island,
0,energi island,0: energi island,
0,energi island,0: energi island,
0,energi island,0: energi island,
0,energi island,0: energi island,
0,energi island,0: energi island,
0,energi island,0: energi island,
0,energi island,0: energi island,
0,energi island,0: energi island,
0,energi island,0: energi island,
0,energi island,0: energi island,
0,energi island,0: energi island,
0,energi island,0: energi island,
0,energi island,0: energi island,
0,energi island,0: energi island,
0,energi island,0: energi island,
0,energi island,0: energi island,
0,energi island,0: energi island,
0,energi island,0: energi island,
0,energi island,0: energi island,
0,energi island,0: energi island,
0,energi island,0: energi island,
0,energi island,0: energi island,
0,energi island,0: energi island,
0,energi island,0: energi island,
0,energi island,0: energi island,
0,energi island,0: energi island,
0,energi island,0: energi island,
0,energi island,0: energi island,
0,energi island,0: energi island,
0,energi island,0: energi island,
0,energi island,0: energi island,
0,energi island,0: energi island,
0,energi island,0: energi island,
0,energi island,0: energi island,
0,energi island,0: energi island,
0,energi island,0: energi island,
0,energi island,0: energi island,
0,energi island,0: energi island,
0,energi island,0: energi island,
0,energi island,0: energi island,
0,energi island,0: energi island,
0,energi island,0: energi island,
0,energi island,0: energi island,
0,energi island,0: energi island,
0,energi island,0: energi island,
0,energi island,0: energi island,
0,energi island,0: energi island,
0,energi island,0: energi island,
0,energi island,0: energi island,
0,energi island,0: energi island,
0,energi island,0: energi island,
0,energi island,0: energi island,
0,energi island,0: energi island,
0,energi island,0: energi island,
0,energi island,0: energi island,
0,energi island,0: energi island,
0,energi island,0: energi island,
0,energi island,0: energi island,
0,energi island,0: energi island,
0,energi island,0: energi island,
0,energi island,0: energi island,
0,energi island,0: energi island,
0,energi island,0: energi island,
0,energi island,0: energi island,
0,energi island,0: energi island,
0,energi island,0: energi island,
0,energi island,0: energi island,
0,energi island,0: energi island,
0,energi island,0: energi island,
0,energi island,0: energi island,
0,energi island,0: energi island,
0,energi island,0: energi island,
0,energi island,0: energi island,
0,energi island,0: energi island,
0,energi island,0: energi island,
0,energi island,0: energi island,
0,energi island,0: energi island,
0,energi island,0: energi island,
0,energi island,0: energi island,
0,energi island,0: energi island,
0,energi island,0: energi island,
0,energi island,0: energi island,
0,energi island,0: energi island,
0,energi island,0: energi island,
0,energi island,0: energi island,
0,energi island,0: energi island,
0,energi island,0: energi island,
0,energi island,0: energi island,
0,energi island,0: energi island,
0,energi island,0: energi island,
0,energi island,0: energi island,
0,energi island,0: energi island,
0,energi island,0: energi island,
0,energi island,0: energi island,
0,energi island,0: energi island,
0,energi island,0: energi island,
0,energi island,0: energi island,
0,energi island,0: energi island,
0,energi island,0: energi island,
0,energi island,0: energi island,
0,energi island,0: energi island,
0,energi island,0: energi island,
0,energi island,0: energi island,
0,energi island,0: energi island,
0,energi island,0: energi island,
0,energi island,0: energi island,
0,energi island,0: energi island,
0,energi island,0: energi island,
0,energi island,0: energi island,
0,energi island,0: energi island,
0,energi island,0: energi island,
0,energi island,0: energi island,
0,energi island,0: energi island,
0,energi island,0: energi island,
0,energi island,0: energi island,
0,energi island,0: energi island,
0,energi island,0: energi island,
0,energi island,0: energi island,
0,energi island,0: energi island,
8,wind turbin,8: wind turbin,
8,wind turbin,8: wind turbin,
8,wind turbin,8: wind turbin,
8,wind turbin,8: wind turbin,
8,wind turbin,8: wind turbin,
8,wind turbin,8: wind turbin,
8,wind turbin,8: wind turbin,
8,wind turbin,8: wind turbin,
8,wind turbin,8: wind turbin,
8,wind turbin,8: wind turbin,
8,wind turbin,8: wind turbin,
8,wind turbin,8: wind turbin,
8,wind turbin,8: wind turbin,
8,wind turbin,8: wind turbin,
8,wind turbin,8: wind turbin,
8,wind turbin,8: wind turbin,
8,wind turbin,8: wind turbin,
8,wind turbin,8: wind turbin,
8,wind turbin,8: wind turbin,
8,wind turbin,8: wind turbin,
8,wind turbin,8: wind turbin,
8,wind turbin,8: wind turbin,
8,wind turbin,8: wind turbin,
8,wind turbin,8: wind turbin,
8,wind turbin,8: wind turbin,
8,wind turbin,8: wind turbin,
8,wind turbin,8: wind turbin,
8,wind turbin,8: wind turbin,
8,wind turbin,8: wind turbin,
8,wind turbin,8: wind turbin,
8,wind turbin,8: wind turbin,
8,wind turbin,8: wind turbin,
8,wind turbin,8: wind turbin,
8,wind turbin,8: wind turbin,
8,wind turbin,8: wind turbin,
8,wind turbin,8: wind turbin,
8,wind turbin,8: wind turbin,
8,wind turbin,8: wind turbin,
8,wind turbin,8: wind turbin,
8,wind turbin,8: wind turbin,
8,wind turbin,8: wind turbin,
8,wind turbin,8: wind turbin,
8,wind turbin,8: wind turbin,
8,wind turbin,8: wind turbin,
8,wind turbin,8: wind turbin,
8,wind turbin,8: wind turbin,
8,wind turbin,8: wind turbin,
8,wind turbin,8: wind turbin,
8,wind turbin,8: wind turbin,
8,wind turbin,8: wind turbin,
8,wind turbin,8: wind turbin,
8,wind turbin,8: wind turbin,
8,wind turbin,8: wind turbin,
8,wind turbin,8: wind turbin,
8,wind turbin,8: wind turbin,
8,wind turbin,8: wind turbin,
8,wind turbin,8: wind turbin,
8,wind turbin,8: wind turbin,
8,wind turbin,8: wind turbin,
8,wind turbin,8: wind turbin,
8,wind turbin,8: wind turbin,
8,wind turbin,8: wind turbin,
8,wind turbin,8: wind turbin,
8,wind turbin,8: wind turbin,
8,wind turbin,8: wind turbin,
8,wind turbin,8: wind turbin,
8,wind turbin,8: wind turbin,
8,wind turbin,8: wind turbin,
8,wind turbin,8: wind turbin,
8,wind turbin,8: wind turbin,
8,wind turbin,8: wind turbin,
8,wind turbin,8: wind turbin,
8,wind turbin,8: wind turbin,
8,wind turbin,8: wind turbin,
8,wind turbin,8: wind turbin,
8,wind turbin,8: wind turbin,
8,wind turbin,8: wind turbin,
8,wind turbin,8: wind turbin,
8,wind turbin,8: wind turbin,
8,wind turbin,8: wind turbin,
8,wind turbin,8: wind turbin,
8,wind turbin,8: wind turbin,
8,wind turbin,8: wind turbin,
8,wind turbin,8: wind turbin,
8,wind turbin,8: wind turbin,
8,wind turbin,8: wind turbin,
8,wind turbin,8: wind turbin,
8,wind turbin,8: wind turbin,
8,wind turbin,8: wind turbin,
8,wind turbin,8: wind turbin,
8,wind turbin,8: wind turbin,
8,wind turbin,8: wind turbin,
8,wind turbin,8: wind turbin,
8,wind turbin,8: wind turbin,
8,wind turbin,8: wind turbin,
8,wind turbin,8: wind turbin,
8,wind turbin,8: wind turbin,
8,wind turbin,8: wind turbin,
8,wind turbin,8: wind turbin,
8,wind turbin,8: wind turbin,
8,wind turbin,8: wind turbin,
8,wind turbin,8: wind turbin,
8,wind turbin,8: wind turbin,
8,wind turbin,8: wind turbin,
8,wind turbin,8: wind turbin,
8,wind turbin,8: wind turbin,
8,wind turbin,8: wind turbin,
8,wind turbin,8: wind turbin,
8,wind turbin,8: wind turbin,
8,wind turbin,8: wind turbin,
8,wind turbin,8: wind turbin,
8,wind turbin,8: wind turbin,
8,wind turbin,8: wind turbin,
8,wind turbin,8: wind turbin,
8,wind turbin,8: wind turbin,
8,wind turbin,8: wind turbin,
8,wind turbin,8: wind turbin,
8,wind turbin,8: wind turbin,
8,wind turbin,8: wind turbin,
8,wind turbin,8: wind turbin,
8,wind turbin,8: wind turbin,
8,wind turbin,8: wind turbin,
8,wind turbin,8: wind turbin,
8,wind turbin,8: wind turbin,
8,wind turbin,8: wind turbin,
8,wind turbin,8: wind turbin,
8,wind turbin,8: wind turbin,
8,wind turbin,8: wind turbin,
8,wind turbin,8: wind turbin,
8,wind turbin,8: wind turbin,
0,energi island,0: energi island,
0,energi island,0: energi island,
0,energi island,0: energi island,
0,energi island,0: energi island,
0,energi island,0: energi island,
0,energi island,0: energi island,
0,energi island,0: energi island,
0,energi island,0: energi island,
0,energi island,0: energi island,
0,energi island,0: energi island,
0,energi island,0: energi island,
0,energi island,0: energi island,
0,energi island,0: energi island,
0,energi island,0: energi island,
0,energi island,0: energi island,
0,energi island,0: energi island,
0,energi island,0: energi island,
0,energi island,0: energi island,
0,energi island,0: energi island,
0,energi island,0: energi island,
0,energi island,0: energi island,
0,energi island,0: energi island,
0,energi island,0: energi island,
0,energi island,0: energi island,
0,energi island,0: energi island,
0,energi island,0: energi island,
0,energi island,0: energi island,
0,energi island,0: energi island,
0,energi island,0: energi island,
0,energi island,0: energi island,
0,energi island,0: energi island,
0,energi island,0: energi island,
0,energi island,0: energi island,
0,energi island,0: energi island,
0,energi island,0: energi island,
0,energi island,0: energi island,
0,energi island,0: energi island,
0,energi island,0: energi island,
0,energi island,0: energi island,
0,energi island,0: energi island,
0,energi island,0: energi island,
0,energi island,0: energi island,
0,energi island,0: energi island,
0,energi island,0: energi island,
0,energi island,0: energi island,
0,energi island,0: energi island,
0,energi island,0: energi island,
0,energi island,0: energi island,
0,energi island,0: energi island,
0,energi island,0: energi island,
0,energi island,0: energi island,
0,energi island,0: energi island,
0,energi island,0: energi island,
0,energi island,0: energi island,
0,energi island,0: energi island,
0,energi island,0: energi island,
0,energi island,0: energi island,
0,energi island,0: energi island,
0,energi island,0: energi island,
0,energi island,0: energi island,
0,energi island,0: energi island,
0,energi island,0: energi island,
0,energi island,0: energi island,
0,energi island,0: energi island,
0,energi island,0: energi island,
0,energi island,0: energi island,
0,energi island,0: energi island,
0,energi island,0: energi island,
0,energi island,0: energi island,
0,energi island,0: energi island,
0,energi island,0: energi island,
0,energi island,0: energi island,
0,energi island,0: energi island,
0,energi island,0: energi island,
0,energi island,0: energi island,
0,energi island,0: energi island,
0,energi island,0: energi island,
0,energi island,0: energi island,
0,energi island,0: energi island,
0,energi island,0: energi island,
0,energi island,0: energi island,
0,energi island,0: energi island,
0,energi island,0: energi island,
0,energi island,0: energi island,
0,energi island,0: energi island,
0,energi island,0: energi island,
0,energi island,0: energi island,
0,energi island,0: energi island,
0,energi island,0: energi island,
0,energi island,0: energi island,
0,energi island,0: energi island,
0,energi island,0: energi island,
0,energi island,0: energi island,
0,energi island,0: energi island,
0,energi island,0: energi island,
0,energi island,0: energi island,
0,energi island,0: energi island,
0,energi island,0: energi island,
0,energi island,0: energi island,
0,energi island,0: energi island,
0,energi island,0: energi island,
0,energi island,0: energi island,
0,energi island,0: energi island,
0,energi island,0: energi island,
0,energi island,0: energi island,
0,energi island,0: energi island,
0,energi island,0: energi island,
0,energi island,0: energi island,
0,energi island,0: energi island,
0,energi island,0: energi island,
0,energi island,0: energi island,
0,energi island,0: energi island,
0,energi island,0: energi island,
0,energi island,0: energi island,
0,energi island,0: energi island,
0,energi island,0: energi island,
0,energi island,0: energi island,
0,energi island,0: energi island,
0,energi island,0: energi island,
0,energi island,0: energi island,
0,energi island,0: energi island,
0,energi island,0: energi island,
0,energi island,0: energi island,
0,energi island,0: energi island,
0,energi island,0: energi island,
0,energi island,0: energi island,
0,energi island,0: energi island,
0,energi island,0: energi island,
0,energi island,0: energi island,
0,energi island,0: energi island,
0,energi island,0: energi island,
0,energi island,0: energi island,
0,energi island,0: energi island,
0,energi island,0: energi island,
0,energi island,0: energi island,
0,energi island,0: energi island,
0,energi island,0: energi island,
0,energi island,0: energi island,
0,energi island,0: energi island,
0,energi island,0: energi island,
0,energi island,0: energi island,
0,energi island,0: energi island,
0,energi island,0: energi island,
0,energi island,0: energi island,
0,energi island,0: energi island,
0,energi island,0: energi island,
0,energi island,0: energi island,
0,energi island,0: energi island,
0,energi island,0: energi island,
0,energi island,0: energi island,
0,energi island,0: energi island,
0,energi island,0: energi island,
0,energi island,0: energi island,
0,energi island,0: energi island,
0,energi island,0: energi island,
0,energi island,0: energi island,
0,energi island,0: energi island,
3,offshor wind,3: offshor wind,
3,offshor wind,3: offshor wind,
3,offshor wind,3: offshor wind,
3,offshor wind,3: offshor wind,
3,offshor wind,3: offshor wind,
3,offshor wind,3: offshor wind,
3,offshor wind,3: offshor wind,
3,offshor wind,3: offshor wind,
3,offshor wind,3: offshor wind,
3,offshor wind,3: offshor wind,
3,offshor wind,3: offshor wind,
3,offshor wind,3: offshor wind,
3,offshor wind,3: offshor wind,
3,offshor wind,3: offshor wind,
3,offshor wind,3: offshor wind,
3,offshor wind,3: offshor wind,
3,offshor wind,3: offshor wind,
3,offshor wind,3: offshor wind,
3,offshor wind,3: offshor wind,
3,offshor wind,3: offshor wind,
3,offshor wind,3: offshor wind,
3,offshor wind,3: offshor wind,
3,offshor wind,3: offshor wind,
3,offshor wind,3: offshor wind,
3,offshor wind,3: offshor wind,
3,offshor wind,3: offshor wind,
3,offshor wind,3: offshor wind,
3,offshor wind,3: offshor wind,
3,offshor wind,3: offshor wind,
3,offshor wind,3: offshor wind,
3,offshor wind,3: offshor wind,
3,offshor wind,3: offshor wind,
3,offshor wind,3: offshor wind,
3,offshor wind,3: offshor wind,
3,offshor wind,3: offshor wind,
3,offshor wind,3: offshor wind,
3,offshor wind,3: offshor wind,
3,offshor wind,3: offshor wind,
3,offshor wind,3: offshor wind,
3,offshor wind,3: offshor wind,
3,offshor wind,3: offshor wind,
3,offshor wind,3: offshor wind,
3,offshor wind,3: offshor wind,
3,offshor wind,3: offshor wind,
3,offshor wind,3: offshor wind,
3,offshor wind,3: offshor wind,
3,offshor wind,3: offshor wind,
3,offshor wind,3: offshor wind,
3,offshor wind,3: offshor wind,
3,offshor wind,3: offshor wind,
3,offshor wind,3: offshor wind,
3,offshor wind,3: offshor wind,
3,offshor wind,3: offshor wind,
3,offshor wind,3: offshor wind,
3,offshor wind,3: offshor wind,
3,offshor wind,3: offshor wind,
3,offshor wind,3: offshor wind,
3,offshor wind,3: offshor wind,
3,offshor wind,3: offshor wind,
3,offshor wind,3: offshor wind,
3,offshor wind,3: offshor wind,
3,offshor wind,3: offshor wind,
3,offshor wind,3: offshor wind,
3,offshor wind,3: offshor wind,
3,offshor wind,3: offshor wind,
3,offshor wind,3: offshor wind,
3,offshor wind,3: offshor wind,
3,offshor wind,3: offshor wind,
3,offshor wind,3: offshor wind,
3,offshor wind,3: offshor wind,
3,offshor wind,3: offshor wind,
3,offshor wind,3: offshor wind,
3,offshor wind,3: offshor wind,
3,offshor wind,3: offshor wind,
3,offshor wind,3: offshor wind,
3,offshor wind,3: offshor wind,
3,offshor wind,3: offshor wind,
3,offshor wind,3: offshor wind,
3,offshor wind,3: offshor wind,
3,offshor wind,3: offshor wind,
3,offshor wind,3: offshor wind,
3,offshor wind,3: offshor wind,
3,offshor wind,3: offshor wind,
3,offshor wind,3: offshor wind,
3,offshor wind,3: offshor wind,
3,offshor wind,3: offshor wind,
3,offshor wind,3: offshor wind,
3,offshor wind,3: offshor wind,
3,offshor wind,3: offshor wind,
3,offshor wind,3: offshor wind,
3,offshor wind,3: offshor wind,
3,offshor wind,3: offshor wind,
3,offshor wind,3: offshor wind,
3,offshor wind,3: offshor wind,
3,offshor wind,3: offshor wind,
3,offshor wind,3: offshor wind,
3,offshor wind,3: offshor wind,
3,offshor wind,3: offshor wind,
3,offshor wind,3: offshor wind,
3,offshor wind,3: offshor wind,
3,offshor wind,3: offshor wind,
3,offshor wind,3: offshor wind,
3,offshor wind,3: offshor wind,
3,offshor wind,3: offshor wind,
3,offshor wind,3: offshor wind,
3,offshor wind,3: offshor wind,
3,offshor wind,3: offshor wind,
3,offshor wind,3: offshor wind,
3,offshor wind,3: offshor wind,
3,offshor wind,3: offshor wind,
3,offshor wind,3: offshor wind,
3,offshor wind,3: offshor wind,
3,offshor wind,3: offshor wind,
8,wind turbin,8: wind turbin,
8,wind turbin,8: wind turbin,
8,wind turbin,8: wind turbin,
8,wind turbin,8: wind turbin,
8,wind turbin,8: wind turbin,
8,wind turbin,8: wind turbin,
8,wind turbin,8: wind turbin,
8,wind turbin,8: wind turbin,
8,wind turbin,8: wind turbin,
8,wind turbin,8: wind turbin,
8,wind turbin,8: wind turbin,
8,wind turbin,8: wind turbin,
8,wind turbin,8: wind turbin,
8,wind turbin,8: wind turbin,
8,wind turbin,8: wind turbin,
8,wind turbin,8: wind turbin,
8,wind turbin,8: wind turbin,
8,wind turbin,8: wind turbin,
8,wind turbin,8: wind turbin,
8,wind turbin,8: wind turbin,
8,wind turbin,8: wind turbin,
8,wind turbin,8: wind turbin,
8,wind turbin,8: wind turbin,
8,wind turbin,8: wind turbin,
8,wind turbin,8: wind turbin,
8,wind turbin,8: wind turbin,
8,wind turbin,8: wind turbin,
8,wind turbin,8: wind turbin,
8,wind turbin,8: wind turbin,
8,wind turbin,8: wind turbin,
8,wind turbin,8: wind turbin,
8,wind turbin,8: wind turbin,
8,wind turbin,8: wind turbin,
8,wind turbin,8: wind turbin,
8,wind turbin,8: wind turbin,
8,wind turbin,8: wind turbin,
8,wind turbin,8: wind turbin,
8,wind turbin,8: wind turbin,
8,wind turbin,8: wind turbin,
8,wind turbin,8: wind turbin,
8,wind turbin,8: wind turbin,
8,wind turbin,8: wind turbin,
8,wind turbin,8: wind turbin,
8,wind turbin,8: wind turbin,
8,wind turbin,8: wind turbin,
8,wind turbin,8: wind turbin,
8,wind turbin,8: wind turbin,
8,wind turbin,8: wind turbin,
8,wind turbin,8: wind turbin,
8,wind turbin,8: wind turbin,
8,wind turbin,8: wind turbin,
8,wind turbin,8: wind turbin,
8,wind turbin,8: wind turbin,
8,wind turbin,8: wind turbin,
8,wind turbin,8: wind turbin,
8,wind turbin,8: wind turbin,
8,wind turbin,8: wind turbin,
8,wind turbin,8: wind turbin,
8,wind turbin,8: wind turbin,
8,wind turbin,8: wind turbin,
8,wind turbin,8: wind turbin,
8,wind turbin,8: wind turbin,
8,wind turbin,8: wind turbin,
8,wind turbin,8: wind turbin,
8,wind turbin,8: wind turbin,
8,wind turbin,8: wind turbin,
8,wind turbin,8: wind turbin,
8,wind turbin,8: wind turbin,
8,wind turbin,8: wind turbin,
8,wind turbin,8: wind turbin,
8,wind turbin,8: wind turbin,
8,wind turbin,8: wind turbin,
8,wind turbin,8: wind turbin,
8,wind turbin,8: wind turbin,
8,wind turbin,8: wind turbin,
8,wind turbin,8: wind turbin,
8,wind turbin,8: wind turbin,
8,wind turbin,8: wind turbin,
8,wind turbin,8: wind turbin,
8,wind turbin,8: wind turbin,
8,wind turbin,8: wind turbin,
8,wind turbin,8: wind turbin,
8,wind turbin,8: wind turbin,
8,wind turbin,8: wind turbin,
8,wind turbin,8: wind turbin,
8,wind turbin,8: wind turbin,
8,wind turbin,8: wind turbin,
8,wind turbin,8: wind turbin,
8,wind turbin,8: wind turbin,
8,wind turbin,8: wind turbin,
8,wind turbin,8: wind turbin,
8,wind turbin,8: wind turbin,
8,wind turbin,8: wind turbin,
8,wind turbin,8: wind turbin,
8,wind turbin,8: wind turbin,
8,wind turbin,8: wind turbin,
8,wind turbin,8: wind turbin,
8,wind turbin,8: wind turbin,
8,wind turbin,8: wind turbin,
8,wind turbin,8: wind turbin,
8,wind turbin,8: wind turbin,
8,wind turbin,8: wind turbin,
8,wind turbin,8: wind turbin,
8,wind turbin,8: wind turbin,
8,wind turbin,8: wind turbin,
8,wind turbin,8: wind turbin,
8,wind turbin,8: wind turbin,
8,wind turbin,8: wind turbin,
8,wind turbin,8: wind turbin,
8,wind turbin,8: wind turbin,
8,wind turbin,8: wind turbin,
8,wind turbin,8: wind turbin,
8,wind turbin,8: wind turbin,
8,wind turbin,8: wind turbin,
8,wind turbin,8: wind turbin,
8,wind turbin,8: wind turbin,
8,wind turbin,8: wind turbin,
8,wind turbin,8: wind turbin,
8,wind turbin,8: wind turbin,
8,wind turbin,8: wind turbin,
8,wind turbin,8: wind turbin,
8,wind turbin,8: wind turbin,
8,wind turbin,8: wind turbin,
8,wind turbin,8: wind turbin,
8,wind turbin,8: wind turbin,
8,wind turbin,8: wind turbin,
8,wind turbin,8: wind turbin,
8,wind turbin,8: wind turbin,
8,wind turbin,8: wind turbin,
8,wind turbin,8: wind turbin,
3,offshor wind,3: offshor wind,
3,offshor wind,3: offshor wind,
3,offshor wind,3: offshor wind,
3,offshor wind,3: offshor wind,
3,offshor wind,3: offshor wind,
3,offshor wind,3: offshor wind,
3,offshor wind,3: offshor wind,
3,offshor wind,3: offshor wind,
3,offshor wind,3: offshor wind,
3,offshor wind,3: offshor wind,
3,offshor wind,3: offshor wind,
3,offshor wind,3: offshor wind,
3,offshor wind,3: offshor wind,
3,offshor wind,3: offshor wind,
3,offshor wind,3: offshor wind,
3,offshor wind,3: offshor wind,
3,offshor wind,3: offshor wind,
3,offshor wind,3: offshor wind,
3,offshor wind,3: offshor wind,
3,offshor wind,3: offshor wind,
3,offshor wind,3: offshor wind,
3,offshor wind,3: offshor wind,
3,offshor wind,3: offshor wind,
3,offshor wind,3: offshor wind,
3,offshor wind,3: offshor wind,
3,offshor wind,3: offshor wind,
3,offshor wind,3: offshor wind,
3,offshor wind,3: offshor wind,
3,offshor wind,3: offshor wind,
3,offshor wind,3: offshor wind,
3,offshor wind,3: offshor wind,
3,offshor wind,3: offshor wind,
3,offshor wind,3: offshor wind,
3,offshor wind,3: offshor wind,
3,offshor wind,3: offshor wind,
3,offshor wind,3: offshor wind,
3,offshor wind,3: offshor wind,
3,offshor wind,3: offshor wind,
3,offshor wind,3: offshor wind,
3,offshor wind,3: offshor wind,
3,offshor wind,3: offshor wind,
3,offshor wind,3: offshor wind,
3,offshor wind,3: offshor wind,
3,offshor wind,3: offshor wind,
3,offshor wind,3: offshor wind,
3,offshor wind,3: offshor wind,
3,offshor wind,3: offshor wind,
3,offshor wind,3: offshor wind,
3,offshor wind,3: offshor wind,
3,offshor wind,3: offshor wind,
3,offshor wind,3: offshor wind,
3,offshor wind,3: offshor wind,
3,offshor wind,3: offshor wind,
3,offshor wind,3: offshor wind,
3,offshor wind,3: offshor wind,
3,offshor wind,3: offshor wind,
3,offshor wind,3: offshor wind,
3,offshor wind,3: offshor wind,
3,offshor wind,3: offshor wind,
3,offshor wind,3: offshor wind,
3,offshor wind,3: offshor wind,
3,offshor wind,3: offshor wind,
3,offshor wind,3: offshor wind,
3,offshor wind,3: offshor wind,
3,offshor wind,3: offshor wind,
3,offshor wind,3: offshor wind,
3,offshor wind,3: offshor wind,
3,offshor wind,3: offshor wind,
3,offshor wind,3: offshor wind,
3,offshor wind,3: offshor wind,
3,offshor wind,3: offshor wind,
3,offshor wind,3: offshor wind,
3,offshor wind,3: offshor wind,
3,offshor wind,3: offshor wind,
3,offshor wind,3: offshor wind,
3,offshor wind,3: offshor wind,
3,offshor wind,3: offshor wind,
3,offshor wind,3: offshor wind,
3,offshor wind,3: offshor wind,
3,offshor wind,3: offshor wind,
3,offshor wind,3: offshor wind,
3,offshor wind,3: offshor wind,
3,offshor wind,3: offshor wind,
3,offshor wind,3: offshor wind,
3,offshor wind,3: offshor wind,
3,offshor wind,3: offshor wind,
3,offshor wind,3: offshor wind,
3,offshor wind,3: offshor wind,
3,offshor wind,3: offshor wind,
3,offshor wind,3: offshor wind,
3,offshor wind,3: offshor wind,
3,offshor wind,3: offshor wind,
3,offshor wind,3: offshor wind,
3,offshor wind,3: offshor wind,
3,offshor wind,3: offshor wind,
3,offshor wind,3: offshor wind,
3,offshor wind,3: offshor wind,
3,offshor wind,3: offshor wind,
3,offshor wind,3: offshor wind,
3,offshor wind,3: offshor wind,
3,offshor wind,3: offshor wind,
3,offshor wind,3: offshor wind,
3,offshor wind,3: offshor wind,
3,offshor wind,3: offshor wind,
3,offshor wind,3: offshor wind,
3,offshor wind,3: offshor wind,
3,offshor wind,3: offshor wind,
3,offshor wind,3: offshor wind,
3,offshor wind,3: offshor wind,
3,offshor wind,3: offshor wind,
3,offshor wind,3: offshor wind,
3,offshor wind,3: offshor wind,
3,offshor wind,3: offshor wind,
3,offshor wind,3: offshor wind,
3,offshor wind,3: offshor wind,
3,offshor wind,3: offshor wind,
3,offshor wind,3: offshor wind,
3,offshor wind,3: offshor wind,
3,offshor wind,3: offshor wind,
3,offshor wind,3: offshor wind,
3,offshor wind,3: offshor wind,
3,offshor wind,3: offshor wind,
3,offshor wind,3: offshor wind,
3,offshor wind,3: offshor wind,
3,offshor wind,3: offshor wind,
3,offshor wind,3: offshor wind,
3,offshor wind,3: offshor wind,
3,offshor wind,3: offshor wind,
3,offshor wind,3: offshor wind,
3,offshor wind,3: offshor wind,
3,offshor wind,3: offshor wind,
3,offshor wind,3: offshor wind,
3,offshor wind,3: offshor wind,
3,offshor wind,3: offshor wind,
3,offshor wind,3: offshor wind,
3,offshor wind,3: offshor wind,
3,offshor wind,3: offshor wind,
3,offshor wind,3: offshor wind,
3,offshor wind,3: offshor wind,
3,offshor wind,3: offshor wind,
3,offshor wind,3: offshor wind,
3,offshor wind,3: offshor wind,
3,offshor wind,3: offshor wind,
3,offshor wind,3: offshor wind,
3,offshor wind,3: offshor wind,
3,offshor wind,3: offshor wind,
3,offshor wind,3: offshor wind,
3,offshor wind,3: offshor wind,
3,offshor wind,3: offshor wind,
3,offshor wind,3: offshor wind,
3,offshor wind,3: offshor wind,
3,offshor wind,3: offshor wind,
3,offshor wind,3: offshor wind,
3,offshor wind,3: offshor wind,
3,offshor wind,3: offshor wind,
3,offshor wind,3: offshor wind,
3,offshor wind,3: offshor wind,
3,offshor wind,3: offshor wind,
3,offshor wind,3: offshor wind,
3,offshor wind,3: offshor wind,
3,offshor wind,3: offshor wind,
3,offshor wind,3: offshor wind,
3,offshor wind,3: offshor wind,
3,offshor wind,3: offshor wind,
3,offshor wind,3: offshor wind,
3,offshor wind,3: offshor wind,
3,offshor wind,3: offshor wind,
3,offshor wind,3: offshor wind,
3,offshor wind,3: offshor wind,
3,offshor wind,3: offshor wind,
3,offshor wind,3: offshor wind,
3,offshor wind,3: offshor wind,
3,offshor wind,3: offshor wind,
3,offshor wind,3: offshor wind,
3,offshor wind,3: offshor wind,
3,offshor wind,3: offshor wind,
3,offshor wind,3: offshor wind,
3,offshor wind,3: offshor wind,
3,offshor wind,3: offshor wind,
3,offshor wind,3: offshor wind,
3,offshor wind,3: offshor wind,
3,offshor wind,3: offshor wind,
3,offshor wind,3: offshor wind,
3,offshor wind,3: offshor wind,
3,offshor wind,3: offshor wind,
3,offshor wind,3: offshor wind,
3,offshor wind,3: offshor wind,
3,offshor wind,3: offshor wind,
3,offshor wind,3: offshor wind,
3,offshor wind,3: offshor wind,
3,offshor wind,3: offshor wind,
3,offshor wind,3: offshor wind,
3,offshor wind,3: offshor wind,
3,offshor wind,3: offshor wind,
3,offshor wind,3: offshor wind,
3,offshor wind,3: offshor wind,
3,offshor wind,3: offshor wind,
3,offshor wind,3: offshor wind,
3,offshor wind,3: offshor wind,
3,offshor wind,3: offshor wind,
3,offshor wind,3: offshor wind,
3,offshor wind,3: offshor wind,
3,offshor wind,3: offshor wind,
3,offshor wind,3: offshor wind,
3,offshor wind,3: offshor wind,
3,offshor wind,3: offshor wind,
3,offshor wind,3: offshor wind,
3,offshor wind,3: offshor wind,
3,offshor wind,3: offshor wind,
3,offshor wind,3: offshor wind,
3,offshor wind,3: offshor wind,
3,offshor wind,3: offshor wind,
3,offshor wind,3: offshor wind,
3,offshor wind,3: offshor wind,
3,offshor wind,3: offshor wind,
3,offshor wind,3: offshor wind,
3,offshor wind,3: offshor wind,
3,offshor wind,3: offshor wind,
3,offshor wind,3: offshor wind,
3,offshor wind,3: offshor wind,
3,offshor wind,3: offshor wind,
3,offshor wind,3: offshor wind,
3,offshor wind,3: offshor wind,
3,offshor wind,3: offshor wind,
3,offshor wind,3: offshor wind,
3,offshor wind,3: offshor wind,
5,offshor grid,5: offshor grid,
5,offshor grid,5: offshor grid,
5,offshor grid,5: offshor grid,
5,offshor grid,5: offshor grid,
5,offshor grid,5: offshor grid,
5,offshor grid,5: offshor grid,
5,offshor grid,5: offshor grid,
5,offshor grid,5: offshor grid,
5,offshor grid,5: offshor grid,
5,offshor grid,5: offshor grid,
5,offshor grid,5: offshor grid,
5,offshor grid,5: offshor grid,
5,offshor grid,5: offshor grid,
5,offshor grid,5: offshor grid,
5,offshor grid,5: offshor grid,
5,offshor grid,5: offshor grid,
5,offshor grid,5: offshor grid,
5,offshor grid,5: offshor grid,
5,offshor grid,5: offshor grid,
5,offshor grid,5: offshor grid,
5,offshor grid,5: offshor grid,
5,offshor grid,5: offshor grid,
5,offshor grid,5: offshor grid,
5,offshor grid,5: offshor grid,
5,offshor grid,5: offshor grid,
5,offshor grid,5: offshor grid,
5,offshor grid,5: offshor grid,
5,offshor grid,5: offshor grid,
5,offshor grid,5: offshor grid,
5,offshor grid,5: offshor grid,
5,offshor grid,5: offshor grid,
5,offshor grid,5: offshor grid,
5,offshor grid,5: offshor grid,
5,offshor grid,5: offshor grid,
5,offshor grid,5: offshor grid,
5,offshor grid,5: offshor grid,
5,offshor grid,5: offshor grid,
5,offshor grid,5: offshor grid,
5,offshor grid,5: offshor grid,
5,offshor grid,5: offshor grid,
5,offshor grid,5: offshor grid,
5,offshor grid,5: offshor grid,
5,offshor grid,5: offshor grid,
5,offshor grid,5: offshor grid,
5,offshor grid,5: offshor grid,
5,offshor grid,5: offshor grid,
5,offshor grid,5: offshor grid,
5,offshor grid,5: offshor grid,
5,offshor grid,5: offshor grid,
5,offshor grid,5: offshor grid,
5,offshor grid,5: offshor grid,
5,offshor grid,5: offshor grid,
5,offshor grid,5: offshor grid,
5,offshor grid,5: offshor grid,
5,offshor grid,5: offshor grid,
5,offshor grid,5: offshor grid,
5,offshor grid,5: offshor grid,
5,offshor grid,5: offshor grid,
5,offshor grid,5: offshor grid,
5,offshor grid,5: offshor grid,
5,offshor grid,5: offshor grid,
5,offshor grid,5: offshor grid,
5,offshor grid,5: offshor grid,
5,offshor grid,5: offshor grid,
5,offshor grid,5: offshor grid,
5,offshor grid,5: offshor grid,
5,offshor grid,5: offshor grid,
5,offshor grid,5: offshor grid,
5,offshor grid,5: offshor grid,
5,offshor grid,5: offshor grid,
5,offshor grid,5: offshor grid,
5,offshor grid,5: offshor grid,
5,offshor grid,5: offshor grid,
5,offshor grid,5: offshor grid,
5,offshor grid,5: offshor grid,
5,offshor grid,5: offshor grid,
5,offshor grid,5: offshor grid,
5,offshor grid,5: offshor grid,
5,offshor grid,5: offshor grid,
5,offshor grid,5: offshor grid,
5,offshor grid,5: offshor grid,
5,offshor grid,5: offshor grid,
5,offshor grid,5: offshor grid,
5,offshor grid,5: offshor grid,
5,offshor grid,5: offshor grid,
5,offshor grid,5: offshor grid,
5,offshor grid,5: offshor grid,
5,offshor grid,5: offshor grid,
5,offshor grid,5: offshor grid,
5,offshor grid,5: offshor grid,
5,offshor grid,5: offshor grid,
5,offshor grid,5: offshor grid,
5,offshor grid,5: offshor grid,
5,offshor grid,5: offshor grid,
5,offshor grid,5: offshor grid,
5,offshor grid,5: offshor grid,
5,offshor grid,5: offshor grid,
5,offshor grid,5: offshor grid,
5,offshor grid,5: offshor grid,
5,offshor grid,5: offshor grid,
5,offshor grid,5: offshor grid,
5,offshor grid,5: offshor grid,
5,offshor grid,5: offshor grid,
5,offshor grid,5: offshor grid,
5,offshor grid,5: offshor grid,
5,offshor grid,5: offshor grid,
5,offshor grid,5: offshor grid,
5,offshor grid,5: offshor grid,
5,offshor grid,5: offshor grid,
5,offshor grid,5: offshor grid,
5,offshor grid,5: offshor grid,
5,offshor grid,5: offshor grid,
5,offshor grid,5: offshor grid,
5,offshor grid,5: offshor grid,
5,offshor grid,5: offshor grid,
5,offshor grid,5: offshor grid,
5,offshor grid,5: offshor grid,
5,offshor grid,5: offshor grid,
5,offshor grid,5: offshor grid,
5,offshor grid,5: offshor grid,
5,offshor grid,5: offshor grid,
5,offshor grid,5: offshor grid,
5,offshor grid,5: offshor grid,
5,offshor grid,5: offshor grid,
5,offshor grid,5: offshor grid,
5,offshor grid,5: offshor grid,
5,offshor grid,5: offshor grid,
5,offshor grid,5: offshor grid,
5,offshor grid,5: offshor grid,
5,offshor grid,5: offshor grid,
5,offshor grid,5: offshor grid,
5,offshor grid,5: offshor grid,
5,offshor grid,5: offshor grid,
5,offshor grid,5: offshor grid,
5,offshor grid,5: offshor grid,
5,offshor grid,5: offshor grid,
5,offshor grid,5: offshor grid,
5,offshor grid,5: offshor grid,
5,offshor grid,5: offshor grid,
5,offshor grid,5: offshor grid,
5,offshor grid,5: offshor grid,
5,offshor grid,5: offshor grid,
5,offshor grid,5: offshor grid,
5,offshor grid,5: offshor grid,
5,offshor grid,5: offshor grid,
5,offshor grid,5: offshor grid,
5,offshor grid,5: offshor grid,
5,offshor grid,5: offshor grid,
5,offshor grid,5: offshor grid,
5,offshor grid,5: offshor grid,
5,offshor grid,5: offshor grid,
5,offshor grid,5: offshor grid,
5,offshor grid,5: offshor grid,
5,offshor grid,5: offshor grid,
5,offshor grid,5: offshor grid,
5,offshor grid,5: offshor grid,
5,offshor grid,5: offshor grid,
5,offshor grid,5: offshor grid,
5,offshor grid,5: offshor grid,
5,offshor grid,5: offshor grid,
5,offshor grid,5: offshor grid,
5,offshor grid,5: offshor grid,
5,offshor grid,5: offshor grid,
5,offshor grid,5: offshor grid,
5,offshor grid,5: offshor grid,
5,offshor grid,5: offshor grid,
5,offshor grid,5: offshor grid,
5,offshor grid,5: offshor grid,
5,offshor grid,5: offshor grid,
5,offshor grid,5: offshor grid,
5,offshor grid,5: offshor grid,
5,offshor grid,5: offshor grid,
5,offshor grid,5: offshor grid,
5,offshor grid,5: offshor grid,
5,offshor grid,5: offshor grid,
3,offshor wind,3: offshor wind,
3,offshor wind,3: offshor wind,
3,offshor wind,3: offshor wind,
3,offshor wind,3: offshor wind,
3,offshor wind,3: offshor wind,
3,offshor wind,3: offshor wind,
3,offshor wind,3: offshor wind,
3,offshor wind,3: offshor wind,
3,offshor wind,3: offshor wind,
3,offshor wind,3: offshor wind,
3,offshor wind,3: offshor wind,
3,offshor wind,3: offshor wind,
3,offshor wind,3: offshor wind,
3,offshor wind,3: offshor wind,
3,offshor wind,3: offshor wind,
3,offshor wind,3: offshor wind,
3,offshor wind,3: offshor wind,
3,offshor wind,3: offshor wind,
3,offshor wind,3: offshor wind,
3,offshor wind,3: offshor wind,
3,offshor wind,3: offshor wind,
3,offshor wind,3: offshor wind,
3,offshor wind,3: offshor wind,
3,offshor wind,3: offshor wind,
3,offshor wind,3: offshor wind,
3,offshor wind,3: offshor wind,
3,offshor wind,3: offshor wind,
3,offshor wind,3: offshor wind,
3,offshor wind,3: offshor wind,
3,offshor wind,3: offshor wind,
3,offshor wind,3: offshor wind,
3,offshor wind,3: offshor wind,
3,offshor wind,3: offshor wind,
3,offshor wind,3: offshor wind,
3,offshor wind,3: offshor wind,
3,offshor wind,3: offshor wind,
3,offshor wind,3: offshor wind,
3,offshor wind,3: offshor wind,
3,offshor wind,3: offshor wind,
3,offshor wind,3: offshor wind,
3,offshor wind,3: offshor wind,
3,offshor wind,3: offshor wind,
3,offshor wind,3: offshor wind,
3,offshor wind,3: offshor wind,
3,offshor wind,3: offshor wind,
3,offshor wind,3: offshor wind,
3,offshor wind,3: offshor wind,
3,offshor wind,3: offshor wind,
3,offshor wind,3: offshor wind,
3,offshor wind,3: offshor wind,
3,offshor wind,3: offshor wind,
3,offshor wind,3: offshor wind,
3,offshor wind,3: offshor wind,
3,offshor wind,3: offshor wind,
3,offshor wind,3: offshor wind,
3,offshor wind,3: offshor wind,
3,offshor wind,3: offshor wind,
3,offshor wind,3: offshor wind,
3,offshor wind,3: offshor wind,
3,offshor wind,3: offshor wind,
3,offshor wind,3: offshor wind,
3,offshor wind,3: offshor wind,
3,offshor wind,3: offshor wind,
3,offshor wind,3: offshor wind,
3,offshor wind,3: offshor wind,
3,offshor wind,3: offshor wind,
3,offshor wind,3: offshor wind,
3,offshor wind,3: offshor wind,
3,offshor wind,3: offshor wind,
3,offshor wind,3: offshor wind,
3,offshor wind,3: offshor wind,
3,offshor wind,3: offshor wind,
3,offshor wind,3: offshor wind,
3,offshor wind,3: offshor wind,
3,offshor wind,3: offshor wind,
3,offshor wind,3: offshor wind,
3,offshor wind,3: offshor wind,
3,offshor wind,3: offshor wind,
3,offshor wind,3: offshor wind,
3,offshor wind,3: offshor wind,
3,offshor wind,3: offshor wind,
3,offshor wind,3: offshor wind,
3,offshor wind,3: offshor wind,
3,offshor wind,3: offshor wind,
3,offshor wind,3: offshor wind,
3,offshor wind,3: offshor wind,
3,offshor wind,3: offshor wind,
3,offshor wind,3: offshor wind,
3,offshor wind,3: offshor wind,
3,offshor wind,3: offshor wind,
3,offshor wind,3: offshor wind,
3,offshor wind,3: offshor wind,
3,offshor wind,3: offshor wind,
3,offshor wind,3: offshor wind,
3,offshor wind,3: offshor wind,
3,offshor wind,3: offshor wind,
3,offshor wind,3: offshor wind,
3,offshor wind,3: offshor wind,
3,offshor wind,3: offshor wind,
3,offshor wind,3: offshor wind,
3,offshor wind,3: offshor wind,
3,offshor wind,3: offshor wind,
3,offshor wind,3: offshor wind,
3,offshor wind,3: offshor wind,
3,offshor wind,3: offshor wind,
3,offshor wind,3: offshor wind,
3,offshor wind,3: offshor wind,
3,offshor wind,3: offshor wind,
3,offshor wind,3: offshor wind,
3,offshor wind,3: offshor wind,
3,offshor wind,3: offshor wind,
3,offshor wind,3: offshor wind,
3,offshor wind,3: offshor wind,
3,offshor wind,3: offshor wind,
3,offshor wind,3: offshor wind,
3,offshor wind,3: offshor wind,
3,offshor wind,3: offshor wind,
3,offshor wind,3: offshor wind,
3,offshor wind,3: offshor wind,
3,offshor wind,3: offshor wind,
3,offshor wind,3: offshor wind,
3,offshor wind,3: offshor wind,
3,offshor wind,3: offshor wind,
3,offshor wind,3: offshor wind,
3,offshor wind,3: offshor wind,
3,offshor wind,3: offshor wind,
3,offshor wind,3: offshor wind,
3,offshor wind,3: offshor wind,
3,offshor wind,3: offshor wind,
3,offshor wind,3: offshor wind,
3,offshor wind,3: offshor wind,
3,offshor wind,3: offshor wind,
3,offshor wind,3: offshor wind,
3,offshor wind,3: offshor wind,
3,offshor wind,3: offshor wind,
3,offshor wind,3: offshor wind,
3,offshor wind,3: offshor wind,
3,offshor wind,3: offshor wind,
3,offshor wind,3: offshor wind,
3,offshor wind,3: offshor wind,
3,offshor wind,3: offshor wind,
3,offshor wind,3: offshor wind,
3,offshor wind,3: offshor wind,
3,offshor wind,3: offshor wind,
3,offshor wind,3: offshor wind,
3,offshor wind,3: offshor wind,
3,offshor wind,3: offshor wind,
3,offshor wind,3: offshor wind,
3,offshor wind,3: offshor wind,
3,offshor wind,3: offshor wind,
3,offshor wind,3: offshor wind,
3,offshor wind,3: offshor wind,
3,offshor wind,3: offshor wind,
3,offshor wind,3: offshor wind,
3,offshor wind,3: offshor wind,
3,offshor wind,3: offshor wind,
3,offshor wind,3: offshor wind,
3,offshor wind,3: offshor wind,
3,offshor wind,3: offshor wind,
3,offshor wind,3: offshor wind,
3,offshor wind,3: offshor wind,
3,offshor wind,3: offshor wind,
3,offshor wind,3: offshor wind,
3,offshor wind,3: offshor wind,
3,offshor wind,3: offshor wind,
3,offshor wind,3: offshor wind,
3,offshor wind,3: offshor wind,
3,offshor wind,3: offshor wind,
3,offshor wind,3: offshor wind,
3,offshor wind,3: offshor wind,
3,offshor wind,3: offshor wind,
3,offshor wind,3: offshor wind,
3,offshor wind,3: offshor wind,
3,offshor wind,3: offshor wind,
3,offshor wind,3: offshor wind,
3,offshor wind,3: offshor wind,
3,offshor wind,3: offshor wind,
3,offshor wind,3: offshor wind,
3,offshor wind,3: offshor wind,
3,offshor wind,3: offshor wind,
3,offshor wind,3: offshor wind,
3,offshor wind,3: offshor wind,
3,offshor wind,3: offshor wind,
3,offshor wind,3: offshor wind,
3,offshor wind,3: offshor wind,
3,offshor wind,3: offshor wind,
3,offshor wind,3: offshor wind,
3,offshor wind,3: offshor wind,
3,offshor wind,3: offshor wind,
3,offshor wind,3: offshor wind,
3,offshor wind,3: offshor wind,
3,offshor wind,3: offshor wind,
3,offshor wind,3: offshor wind,
3,offshor wind,3: offshor wind,
3,offshor wind,3: offshor wind,
3,offshor wind,3: offshor wind,
3,offshor wind,3: offshor wind,
3,offshor wind,3: offshor wind,
3,offshor wind,3: offshor wind,
3,offshor wind,3: offshor wind,
3,offshor wind,3: offshor wind,
3,offshor wind,3: offshor wind,
3,offshor wind,3: offshor wind,
3,offshor wind,3: offshor wind,
3,offshor wind,3: offshor wind,
3,offshor wind,3: offshor wind,
3,offshor wind,3: offshor wind,
3,offshor wind,3: offshor wind,
3,offshor wind,3: offshor wind,
3,offshor wind,3: offshor wind,
3,offshor wind,3: offshor wind,
3,offshor wind,3: offshor wind,
3,offshor wind,3: offshor wind,
3,offshor wind,3: offshor wind,
3,offshor wind,3: offshor wind,
3,offshor wind,3: offshor wind,
3,offshor wind,3: offshor wind,
3,offshor wind,3: offshor wind,
3,offshor wind,3: offshor wind,
3,offshor wind,3: offshor wind,
3,offshor wind,3: offshor wind,
3,offshor wind,3: offshor wind,
3,offshor wind,3: offshor wind,
3,offshor wind,3: offshor wind,
3,offshor wind,3: offshor wind,
3,offshor wind,3: offshor wind,
0,energi island,0: energi island,
0,energi island,0: energi island,
0,energi island,0: energi island,
0,energi island,0: energi island,
0,energi island,0: energi island,
0,energi island,0: energi island,
0,energi island,0: energi island,
0,energi island,0: energi island,
0,energi island,0: energi island,
0,energi island,0: energi island,
0,energi island,0: energi island,
0,energi island,0: energi island,
0,energi island,0: energi island,
0,energi island,0: energi island,
0,energi island,0: energi island,
0,energi island,0: energi island,
0,energi island,0: energi island,
0,energi island,0: energi island,
0,energi island,0: energi island,
0,energi island,0: energi island,
0,energi island,0: energi island,
0,energi island,0: energi island,
0,energi island,0: energi island,
0,energi island,0: energi island,
0,energi island,0: energi island,
0,energi island,0: energi island,
0,energi island,0: energi island,
0,energi island,0: energi island,
0,energi island,0: energi island,
0,energi island,0: energi island,
0,energi island,0: energi island,
0,energi island,0: energi island,
0,energi island,0: energi island,
0,energi island,0: energi island,
0,energi island,0: energi island,
0,energi island,0: energi island,
0,energi island,0: energi island,
0,energi island,0: energi island,
0,energi island,0: energi island,
0,energi island,0: energi island,
0,energi island,0: energi island,
0,energi island,0: energi island,
0,energi island,0: energi island,
0,energi island,0: energi island,
0,energi island,0: energi island,
0,energi island,0: energi island,
0,energi island,0: energi island,
0,energi island,0: energi island,
0,energi island,0: energi island,
0,energi island,0: energi island,
0,energi island,0: energi island,
0,energi island,0: energi island,
0,energi island,0: energi island,
0,energi island,0: energi island,
0,energi island,0: energi island,
0,energi island,0: energi island,
0,energi island,0: energi island,
0,energi island,0: energi island,
0,energi island,0: energi island,
0,energi island,0: energi island,
0,energi island,0: energi island,
0,energi island,0: energi island,
0,energi island,0: energi island,
0,energi island,0: energi island,
0,energi island,0: energi island,
0,energi island,0: energi island,
0,energi island,0: energi island,
0,energi island,0: energi island,
0,energi island,0: energi island,
0,energi island,0: energi island,
0,energi island,0: energi island,
0,energi island,0: energi island,
0,energi island,0: energi island,
0,energi island,0: energi island,
0,energi island,0: energi island,
0,energi island,0: energi island,
0,energi island,0: energi island,
0,energi island,0: energi island,
0,energi island,0: energi island,
0,energi island,0: energi island,
0,energi island,0: energi island,
0,energi island,0: energi island,
0,energi island,0: energi island,
0,energi island,0: energi island,
0,energi island,0: energi island,
0,energi island,0: energi island,
0,energi island,0: energi island,
0,energi island,0: energi island,
0,energi island,0: energi island,
0,energi island,0: energi island,
0,energi island,0: energi island,
0,energi island,0: energi island,
0,energi island,0: energi island,
0,energi island,0: energi island,
0,energi island,0: energi island,
0,energi island,0: energi island,
0,energi island,0: energi island,
0,energi island,0: energi island,
0,energi island,0: energi island,
0,energi island,0: energi island,
0,energi island,0: energi island,
0,energi island,0: energi island,
0,energi island,0: energi island,
0,energi island,0: energi island,
0,energi island,0: energi island,
0,energi island,0: energi island,
0,energi island,0: energi island,
0,energi island,0: energi island,
0,energi island,0: energi island,
0,energi island,0: energi island,
0,energi island,0: energi island,
0,energi island,0: energi island,
0,energi island,0: energi island,
0,energi island,0: energi island,
0,energi island,0: energi island,
0,energi island,0: energi island,
0,energi island,0: energi island,
0,energi island,0: energi island,
0,energi island,0: energi island,
0,energi island,0: energi island,
0,energi island,0: energi island,
0,energi island,0: energi island,
0,energi island,0: energi island,
0,energi island,0: energi island,
0,energi island,0: energi island,
0,energi island,0: energi island,
0,energi island,0: energi island,
0,energi island,0: energi island,
0,energi island,0: energi island,
0,energi island,0: energi island,
0,energi island,0: energi island,
0,energi island,0: energi island,
0,energi island,0: energi island,
0,energi island,0: energi island,
0,energi island,0: energi island,
0,energi island,0: energi island,
0,energi island,0: energi island,
0,energi island,0: energi island,
0,energi island,0: energi island,
0,energi island,0: energi island,
0,energi island,0: energi island,
0,energi island,0: energi island,
0,energi island,0: energi island,
0,energi island,0: energi island,
0,energi island,0: energi island,
0,energi island,0: energi island,
0,energi island,0: energi island,
0,energi island,0: energi island,
0,energi island,0: energi island,
0,energi island,0: energi island,
0,energi island,0: energi island,
0,energi island,0: energi island,
0,energi island,0: energi island,
0,energi island,0: energi island,
0,energi island,0: energi island,
0,energi island,0: energi island,
0,energi island,0: energi island,
0,energi island,0: energi island,
0,energi island,0: energi island,
0,energi island,0: energi island,
0,energi island,0: energi island,
0,energi island,0: energi island,
0,energi island,0: energi island,
0,energi island,0: energi island,
0,energi island,0: energi island,
0,energi island,0: energi island,
0,energi island,0: energi island,
0,energi island,0: energi island,
0,energi island,0: energi island,
0,energi island,0: energi island,
0,energi island,0: energi island,
0,energi island,0: energi island,
0,energi island,0: energi island,
0,energi island,0: energi island,
0,energi island,0: energi island,
0,energi island,0: energi island,
0,energi island,0: energi island,
0,energi island,0: energi island,
0,energi island,0: energi island,
0,energi island,0: energi island,
0,energi island,0: energi island,
0,energi island,0: energi island,
0,energi island,0: energi island,
0,energi island,0: energi island,
0,energi island,0: energi island,
0,energi island,0: energi island,
0,energi island,0: energi island,
0,energi island,0: energi island,
0,energi island,0: energi island,
0,energi island,0: energi island,
0,energi island,0: energi island,
0,energi island,0: energi island,
0,energi island,0: energi island,
0,energi island,0: energi island,
0,energi island,0: energi island,
0,energi island,0: energi island,
0,energi island,0: energi island,
0,energi island,0: energi island,
0,energi island,0: energi island,
0,energi island,0: energi island,
0,energi island,0: energi island,
0,energi island,0: energi island,
0,energi island,0: energi island,
0,energi island,0: energi island,
0,energi island,0: energi island,
0,energi island,0: energi island,
0,energi island,0: energi island,
0,energi island,0: energi island,
0,energi island,0: energi island,
0,energi island,0: energi island,
0,energi island,0: energi island,
0,energi island,0: energi island,
0,energi island,0: energi island,
0,energi island,0: energi island,
0,energi island,0: energi island,
0,energi island,0: energi island,
0,energi island,0: energi island,
0,energi island,0: energi island,
0,energi island,0: energi island,
0,energi island,0: energi island,
0,energi island,0: energi island,
0,energi island,0: energi island,
0,energi island,0: energi island,
0,energi island,0: energi island,
0,energi island,0: energi island,
0,energi island,0: energi island,
0,energi island,0: energi island,
0,energi island,0: energi island,
0,energi island,0: energi island,
0,energi island,0: energi island,
0,energi island,0: energi island,
0,energi island,0: energi island,
0,energi island,0: energi island,
0,energi island,0: energi island,
0,energi island,0: energi island,
0,energi island,0: energi island,
0,energi island,0: energi island,
0,energi island,0: energi island,
0,energi island,0: energi island,
0,energi island,0: energi island,
0,energi island,0: energi island,
0,energi island,0: energi island,
0,energi island,0: energi island,
0,energi island,0: energi island,
0,energi island,0: energi island,
0,energi island,0: energi island,
0,energi island,0: energi island,
0,energi island,0: energi island,
0,energi island,0: energi island,
0,energi island,0: energi island,
0,energi island,0: energi island,
0,energi island,0: energi island,
0,energi island,0: energi island,
0,energi island,0: energi island,
0,energi island,0: energi island,
0,energi island,0: energi island,
0,energi island,0: energi island,
0,energi island,0: energi island,
0,energi island,0: energi island,
0,energi island,0: energi island,
0,energi island,0: energi island,
0,energi island,0: energi island,
0,energi island,0: energi island,
0,energi island,0: energi island,
0,energi island,0: energi island,
0,energi island,0: energi island,
0,energi island,0: energi island,
0,energi island,0: energi island,
0,energi island,0: energi island,
0,energi island,0: energi island,
0,energi island,0: energi island,
0,energi island,0: energi island,
0,energi island,0: energi island,
0,energi island,0: energi island,
0,energi island,0: energi island,
0,energi island,0: energi island,
0,energi island,0: energi island,
0,energi island,0: energi island,
0,energi island,0: energi island,
0,energi island,0: energi island,
0,energi island,0: energi island,
0,energi island,0: energi island,
0,energi island,0: energi island,
0,energi island,0: energi island,
0,energi island,0: energi island,
0,energi island,0: energi island,
0,energi island,0: energi island,
0,energi island,0: energi island,
0,energi island,0: energi island,
0,energi island,0: energi island,
0,energi island,0: energi island,
0,energi island,0: energi island,
0,energi island,0: energi island,
0,energi island,0: energi island,
0,energi island,0: energi island,
0,energi island,0: energi island,
0,energi island,0: energi island,
0,energi island,0: energi island,
0,energi island,0: energi island,
0,energi island,0: energi island,
0,energi island,0: energi island,
0,energi island,0: energi island,
0,energi island,0: energi island,
0,energi island,0: energi island,
0,energi island,0: energi island,
0,energi island,0: energi island,
0,energi island,0: energi island,
0,energi island,0: energi island,
0,energi island,0: energi island,
0,energi island,0: energi island,
0,energi island,0: energi island,
0,energi island,0: energi island,
0,energi island,0: energi island,
0,energi island,0: energi island,
7,renew energi,7: renew energi,
7,renew energi,7: renew energi,
7,renew energi,7: renew energi,
7,renew energi,7: renew energi,
7,renew energi,7: renew energi,
7,renew energi,7: renew energi,
7,renew energi,7: renew energi,
7,renew energi,7: renew energi,
7,renew energi,7: renew energi,
7,renew energi,7: renew energi,
7,renew energi,7: renew energi,
7,renew energi,7: renew energi,
7,renew energi,7: renew energi,
7,renew energi,7: renew energi,
7,renew energi,7: renew energi,
7,renew energi,7: renew energi,
7,renew energi,7: renew energi,
7,renew energi,7: renew energi,
7,renew energi,7: renew energi,
7,renew energi,7: renew energi,
7,renew energi,7: renew energi,
7,renew energi,7: renew energi,
7,renew energi,7: renew energi,
7,renew energi,7: renew energi,
7,renew energi,7: renew energi,
7,renew energi,7: renew energi,
7,renew energi,7: renew energi,
7,renew energi,7: renew energi,
7,renew energi,7: renew energi,
7,renew energi,7: renew energi,
7,renew energi,7: renew energi,
7,renew energi,7: renew energi,
7,renew energi,7: renew energi,
7,renew energi,7: renew energi,
7,renew energi,7: renew energi,
7,renew energi,7: renew energi,
7,renew energi,7: renew energi,
7,renew energi,7: renew energi,
7,renew energi,7: renew energi,
7,renew energi,7: renew energi,
7,renew energi,7: renew energi,
7,renew energi,7: renew energi,
7,renew energi,7: renew energi,
7,renew energi,7: renew energi,
7,renew energi,7: renew energi,
7,renew energi,7: renew energi,
7,renew energi,7: renew energi,
7,renew energi,7: renew energi,
7,renew energi,7: renew energi,
7,renew energi,7: renew energi,
7,renew energi,7: renew energi,
7,renew energi,7: renew energi,
7,renew energi,7: renew energi,
7,renew energi,7: renew energi,
7,renew energi,7: renew energi,
7,renew energi,7: renew energi,
7,renew energi,7: renew energi,
7,renew energi,7: renew energi,
7,renew energi,7: renew energi,
7,renew energi,7: renew energi,
7,renew energi,7: renew energi,
7,renew energi,7: renew energi,
7,renew energi,7: renew energi,
7,renew energi,7: renew energi,
7,renew energi,7: renew energi,
7,renew energi,7: renew energi,
7,renew energi,7: renew energi,
7,renew energi,7: renew energi,
7,renew energi,7: renew energi,
7,renew energi,7: renew energi,
7,renew energi,7: renew energi,
7,renew energi,7: renew energi,
7,renew energi,7: renew energi,
7,renew energi,7: renew energi,
7,renew energi,7: renew energi,
7,renew energi,7: renew energi,
7,renew energi,7: renew energi,
7,renew energi,7: renew energi,
7,renew energi,7: renew energi,
7,renew energi,7: renew energi,
7,renew energi,7: renew energi,
7,renew energi,7: renew energi,
7,renew energi,7: renew energi,
7,renew energi,7: renew energi,
7,renew energi,7: renew energi,
7,renew energi,7: renew energi,
7,renew energi,7: renew energi,
7,renew energi,7: renew energi,
7,renew energi,7: renew energi,
7,renew energi,7: renew energi,
7,renew energi,7: renew energi,
7,renew energi,7: renew energi,
7,renew energi,7: renew energi,
7,renew energi,7: renew energi,
7,renew energi,7: renew energi,
7,renew energi,7: renew energi,
7,renew energi,7: renew energi,
7,renew energi,7: renew energi,
7,renew energi,7: renew energi,
7,renew energi,7: renew energi,
7,renew energi,7: renew energi,
7,renew energi,7: renew energi,
7,renew energi,7: renew energi,
7,renew energi,7: renew energi,
7,renew energi,7: renew energi,
7,renew energi,7: renew energi,
7,renew energi,7: renew energi,
7,renew energi,7: renew energi,
7,renew energi,7: renew energi,
7,renew energi,7: renew energi,
7,renew energi,7: renew energi,
7,renew energi,7: renew energi,
7,renew energi,7: renew energi,
7,renew energi,7: renew energi,
7,renew energi,7: renew energi,
7,renew energi,7: renew energi,
7,renew energi,7: renew energi,
7,renew energi,7: renew energi,
7,renew energi,7: renew energi,
7,renew energi,7: renew energi,
7,renew energi,7: renew energi,
7,renew energi,7: renew energi,
7,renew energi,7: renew energi,
7,renew energi,7: renew energi,
7,renew energi,7: renew energi,
7,renew energi,7: renew energi,
7,renew energi,7: renew energi,
7,renew energi,7: renew energi,
7,renew energi,7: renew energi,
7,renew energi,7: renew energi,
7,renew energi,7: renew energi,
7,renew energi,7: renew energi,
7,renew energi,7: renew energi,
7,renew energi,7: renew energi,
7,renew energi,7: renew energi,
7,renew energi,7: renew energi,
7,renew energi,7: renew energi,
7,renew energi,7: renew energi,
7,renew energi,7: renew energi,
7,renew energi,7: renew energi,
7,renew energi,7: renew energi,
7,renew energi,7: renew energi,
7,renew energi,7: renew energi,
7,renew energi,7: renew energi,
7,renew energi,7: renew energi,
7,renew energi,7: renew energi,
3,offshor wind,3: offshor wind,
3,offshor wind,3: offshor wind,
3,offshor wind,3: offshor wind,
3,offshor wind,3: offshor wind,
3,offshor wind,3: offshor wind,
3,offshor wind,3: offshor wind,
3,offshor wind,3: offshor wind,
3,offshor wind,3: offshor wind,
3,offshor wind,3: offshor wind,
3,offshor wind,3: offshor wind,
3,offshor wind,3: offshor wind,
3,offshor wind,3: offshor wind,
3,offshor wind,3: offshor wind,
3,offshor wind,3: offshor wind,
3,offshor wind,3: offshor wind,
3,offshor wind,3: offshor wind,
3,offshor wind,3: offshor wind,
3,offshor wind,3: offshor wind,
3,offshor wind,3: offshor wind,
3,offshor wind,3: offshor wind,
3,offshor wind,3: offshor wind,
3,offshor wind,3: offshor wind,
3,offshor wind,3: offshor wind,
3,offshor wind,3: offshor wind,
3,offshor wind,3: offshor wind,
3,offshor wind,3: offshor wind,
3,offshor wind,3: offshor wind,
3,offshor wind,3: offshor wind,
3,offshor wind,3: offshor wind,
3,offshor wind,3: offshor wind,
3,offshor wind,3: offshor wind,
3,offshor wind,3: offshor wind,
3,offshor wind,3: offshor wind,
3,offshor wind,3: offshor wind,
3,offshor wind,3: offshor wind,
3,offshor wind,3: offshor wind,
3,offshor wind,3: offshor wind,
3,offshor wind,3: offshor wind,
3,offshor wind,3: offshor wind,
3,offshor wind,3: offshor wind,
3,offshor wind,3: offshor wind,
3,offshor wind,3: offshor wind,
3,offshor wind,3: offshor wind,
3,offshor wind,3: offshor wind,
3,offshor wind,3: offshor wind,
3,offshor wind,3: offshor wind,
3,offshor wind,3: offshor wind,
3,offshor wind,3: offshor wind,
3,offshor wind,3: offshor wind,
3,offshor wind,3: offshor wind,
3,offshor wind,3: offshor wind,
3,offshor wind,3: offshor wind,
3,offshor wind,3: offshor wind,
3,offshor wind,3: offshor wind,
3,offshor wind,3: offshor wind,
3,offshor wind,3: offshor wind,
3,offshor wind,3: offshor wind,
3,offshor wind,3: offshor wind,
3,offshor wind,3: offshor wind,
3,offshor wind,3: offshor wind,
3,offshor wind,3: offshor wind,
3,offshor wind,3: offshor wind,
3,offshor wind,3: offshor wind,
3,offshor wind,3: offshor wind,
3,offshor wind,3: offshor wind,
3,offshor wind,3: offshor wind,
3,offshor wind,3: offshor wind,
3,offshor wind,3: offshor wind,
3,offshor wind,3: offshor wind,
3,offshor wind,3: offshor wind,
3,offshor wind,3: offshor wind,
3,offshor wind,3: offshor wind,
3,offshor wind,3: offshor wind,
3,offshor wind,3: offshor wind,
3,offshor wind,3: offshor wind,
3,offshor wind,3: offshor wind,
3,offshor wind,3: offshor wind,
3,offshor wind,3: offshor wind,
3,offshor wind,3: offshor wind,
3,offshor wind,3: offshor wind,
3,offshor wind,3: offshor wind,
3,offshor wind,3: offshor wind,
3,offshor wind,3: offshor wind,
3,offshor wind,3: offshor wind,
3,offshor wind,3: offshor wind,
3,offshor wind,3: offshor wind,
3,offshor wind,3: offshor wind,
3,offshor wind,3: offshor wind,
3,offshor wind,3: offshor wind,
3,offshor wind,3: offshor wind,
3,offshor wind,3: offshor wind,
3,offshor wind,3: offshor wind,
3,offshor wind,3: offshor wind,
3,offshor wind,3: offshor wind,
3,offshor wind,3: offshor wind,
3,offshor wind,3: offshor wind,
3,offshor wind,3: offshor wind,
3,offshor wind,3: offshor wind,
3,offshor wind,3: offshor wind,
3,offshor wind,3: offshor wind,
3,offshor wind,3: offshor wind,
3,offshor wind,3: offshor wind,
3,offshor wind,3: offshor wind,
3,offshor wind,3: offshor wind,
3,offshor wind,3: offshor wind,
3,offshor wind,3: offshor wind,
3,offshor wind,3: offshor wind,
3,offshor wind,3: offshor wind,
3,offshor wind,3: offshor wind,
3,offshor wind,3: offshor wind,
3,offshor wind,3: offshor wind,
3,offshor wind,3: offshor wind,
3,offshor wind,3: offshor wind,
3,offshor wind,3: offshor wind,
3,offshor wind,3: offshor wind,
3,offshor wind,3: offshor wind,
3,offshor wind,3: offshor wind,
3,offshor wind,3: offshor wind,
3,offshor wind,3: offshor wind,
3,offshor wind,3: offshor wind,
3,offshor wind,3: offshor wind,
3,offshor wind,3: offshor wind,
3,offshor wind,3: offshor wind,
3,offshor wind,3: offshor wind,
3,offshor wind,3: offshor wind,
3,offshor wind,3: offshor wind,
3,offshor wind,3: offshor wind,
3,offshor wind,3: offshor wind,
3,offshor wind,3: offshor wind,
3,offshor wind,3: offshor wind,
3,offshor wind,3: offshor wind,
3,offshor wind,3: offshor wind,
3,offshor wind,3: offshor wind,
3,offshor wind,3: offshor wind,
3,offshor wind,3: offshor wind,
3,offshor wind,3: offshor wind,
3,offshor wind,3: offshor wind,
3,offshor wind,3: offshor wind,
3,offshor wind,3: offshor wind,
3,offshor wind,3: offshor wind,
3,offshor wind,3: offshor wind,
3,offshor wind,3: offshor wind,
3,offshor wind,3: offshor wind,
3,offshor wind,3: offshor wind,
3,offshor wind,3: offshor wind,
3,offshor wind,3: offshor wind,
3,offshor wind,3: offshor wind,
3,offshor wind,3: offshor wind,
3,offshor wind,3: offshor wind,
3,offshor wind,3: offshor wind,
3,offshor wind,3: offshor wind,
3,offshor wind,3: offshor wind,
3,offshor wind,3: offshor wind,
3,offshor wind,3: offshor wind,
3,offshor wind,3: offshor wind,
3,offshor wind,3: offshor wind,
3,offshor wind,3: offshor wind,
3,offshor wind,3: offshor wind,
3,offshor wind,3: offshor wind,
3,offshor wind,3: offshor wind,
3,offshor wind,3: offshor wind,
3,offshor wind,3: offshor wind,
3,offshor wind,3: offshor wind,
3,offshor wind,3: offshor wind,
3,offshor wind,3: offshor wind,
3,offshor wind,3: offshor wind,
3,offshor wind,3: offshor wind,
3,offshor wind,3: offshor wind,
3,offshor wind,3: offshor wind,
3,offshor wind,3: offshor wind,
3,offshor wind,3: offshor wind,
3,offshor wind,3: offshor wind,
3,offshor wind,3: offshor wind,
3,offshor wind,3: offshor wind,
3,offshor wind,3: offshor wind,
3,offshor wind,3: offshor wind,
3,offshor wind,3: offshor wind,
3,offshor wind,3: offshor wind,
3,offshor wind,3: offshor wind,
3,offshor wind,3: offshor wind,
3,offshor wind,3: offshor wind,
3,offshor wind,3: offshor wind,
3,offshor wind,3: offshor wind,
3,offshor wind,3: offshor wind,
3,offshor wind,3: offshor wind,
3,offshor wind,3: offshor wind,
3,offshor wind,3: offshor wind,
3,offshor wind,3: offshor wind,
3,offshor wind,3: offshor wind,
3,offshor wind,3: offshor wind,
3,offshor wind,3: offshor wind,
3,offshor wind,3: offshor wind,
3,offshor wind,3: offshor wind,
3,offshor wind,3: offshor wind,
3,offshor wind,3: offshor wind,
3,offshor wind,3: offshor wind,
3,offshor wind,3: offshor wind,
3,offshor wind,3: offshor wind,
3,offshor wind,3: offshor wind,
3,offshor wind,3: offshor wind,
3,offshor wind,3: offshor wind,
3,offshor wind,3: offshor wind,
3,offshor wind,3: offshor wind,
3,offshor wind,3: offshor wind,
3,offshor wind,3: offshor wind,
3,offshor wind,3: offshor wind,
3,offshor wind,3: offshor wind,
3,offshor wind,3: offshor wind,
3,offshor wind,3: offshor wind,
3,offshor wind,3: offshor wind,
3,offshor wind,3: offshor wind,
3,offshor wind,3: offshor wind,
3,offshor wind,3: offshor wind,
3,offshor wind,3: offshor wind,
3,offshor wind,3: offshor wind,
3,offshor wind,3: offshor wind,
3,offshor wind,3: offshor wind,
3,offshor wind,3: offshor wind,
3,offshor wind,3: offshor wind,
3,offshor wind,3: offshor wind,
3,offshor wind,3: offshor wind,
3,offshor wind,3: offshor wind,
3,offshor wind,3: offshor wind,
3,offshor wind,3: offshor wind,
3,offshor wind,3: offshor wind,
3,offshor wind,3: offshor wind,
0,energi island,0: energi island,
0,energi island,0: energi island,
0,energi island,0: energi island,
0,energi island,0: energi island,
0,energi island,0: energi island,
0,energi island,0: energi island,
0,energi island,0: energi island,
0,energi island,0: energi island,
0,energi island,0: energi island,
0,energi island,0: energi island,
0,energi island,0: energi island,
0,energi island,0: energi island,
0,energi island,0: energi island,
0,energi island,0: energi island,
0,energi island,0: energi island,
0,energi island,0: energi island,
0,energi island,0: energi island,
0,energi island,0: energi island,
0,energi island,0: energi island,
0,energi island,0: energi island,
0,energi island,0: energi island,
0,energi island,0: energi island,
0,energi island,0: energi island,
0,energi island,0: energi island,
0,energi island,0: energi island,
0,energi island,0: energi island,
0,energi island,0: energi island,
0,energi island,0: energi island,
0,energi island,0: energi island,
0,energi island,0: energi island,
0,energi island,0: energi island,
0,energi island,0: energi island,
0,energi island,0: energi island,
0,energi island,0: energi island,
0,energi island,0: energi island,
0,energi island,0: energi island,
0,energi island,0: energi island,
0,energi island,0: energi island,
0,energi island,0: energi island,
0,energi island,0: energi island,
0,energi island,0: energi island,
0,energi island,0: energi island,
0,energi island,0: energi island,
0,energi island,0: energi island,
0,energi island,0: energi island,
0,energi island,0: energi island,
0,energi island,0: energi island,
0,energi island,0: energi island,
0,energi island,0: energi island,
0,energi island,0: energi island,
0,energi island,0: energi island,
0,energi island,0: energi island,
0,energi island,0: energi island,
0,energi island,0: energi island,
0,energi island,0: energi island,
0,energi island,0: energi island,
0,energi island,0: energi island,
0,energi island,0: energi island,
0,energi island,0: energi island,
0,energi island,0: energi island,
0,energi island,0: energi island,
0,energi island,0: energi island,
0,energi island,0: energi island,
0,energi island,0: energi island,
0,energi island,0: energi island,
0,energi island,0: energi island,
0,energi island,0: energi island,
0,energi island,0: energi island,
0,energi island,0: energi island,
0,energi island,0: energi island,
0,energi island,0: energi island,
0,energi island,0: energi island,
0,energi island,0: energi island,
0,energi island,0: energi island,
0,energi island,0: energi island,
0,energi island,0: energi island,
0,energi island,0: energi island,
0,energi island,0: energi island,
0,energi island,0: energi island,
0,energi island,0: energi island,
0,energi island,0: energi island,
0,energi island,0: energi island,
0,energi island,0: energi island,
0,energi island,0: energi island,
0,energi island,0: energi island,
0,energi island,0: energi island,
0,energi island,0: energi island,
0,energi island,0: energi island,
0,energi island,0: energi island,
0,energi island,0: energi island,
0,energi island,0: energi island,
0,energi island,0: energi island,
0,energi island,0: energi island,
0,energi island,0: energi island,
0,energi island,0: energi island,
0,energi island,0: energi island,
0,energi island,0: energi island,
0,energi island,0: energi island,
0,energi island,0: energi island,
0,energi island,0: energi island,
0,energi island,0: energi island,
0,energi island,0: energi island,
0,energi island,0: energi island,
0,energi island,0: energi island,
0,energi island,0: energi island,
0,energi island,0: energi island,
0,energi island,0: energi island,
0,energi island,0: energi island,
0,energi island,0: energi island,
0,energi island,0: energi island,
0,energi island,0: energi island,
0,energi island,0: energi island,
0,energi island,0: energi island,
0,energi island,0: energi island,
0,energi island,0: energi island,
0,energi island,0: energi island,
0,energi island,0: energi island,
0,energi island,0: energi island,
0,energi island,0: energi island,
0,energi island,0: energi island,
0,energi island,0: energi island,
0,energi island,0: energi island,
0,energi island,0: energi island,
0,energi island,0: energi island,
0,energi island,0: energi island,
0,energi island,0: energi island,
0,energi island,0: energi island,
0,energi island,0: energi island,
0,energi island,0: energi island,
0,energi island,0: energi island,
0,energi island,0: energi island,
0,energi island,0: energi island,
0,energi island,0: energi island,
0,energi island,0: energi island,
0,energi island,0: energi island,
0,energi island,0: energi island,
0,energi island,0: energi island,
0,energi island,0: energi island,
0,energi island,0: energi island,
0,energi island,0: energi island,
0,energi island,0: energi island,
0,energi island,0: energi island,
0,energi island,0: energi island,
0,energi island,0: energi island,
0,energi island,0: energi island,
0,energi island,0: energi island,
0,energi island,0: energi island,
0,energi island,0: energi island,
0,energi island,0: energi island,
0,energi island,0: energi island,
0,energi island,0: energi island,
0,energi island,0: energi island,
0,energi island,0: energi island,
0,energi island,0: energi island,
0,energi island,0: energi island,
0,energi island,0: energi island,
0,energi island,0: energi island,
3,offshor wind,3: offshor wind,
3,offshor wind,3: offshor wind,
3,offshor wind,3: offshor wind,
3,offshor wind,3: offshor wind,
3,offshor wind,3: offshor wind,
3,offshor wind,3: offshor wind,
3,offshor wind,3: offshor wind,
3,offshor wind,3: offshor wind,
3,offshor wind,3: offshor wind,
3,offshor wind,3: offshor wind,
3,offshor wind,3: offshor wind,
3,offshor wind,3: offshor wind,
3,offshor wind,3: offshor wind,
3,offshor wind,3: offshor wind,
3,offshor wind,3: offshor wind,
3,offshor wind,3: offshor wind,
3,offshor wind,3: offshor wind,
3,offshor wind,3: offshor wind,
3,offshor wind,3: offshor wind,
3,offshor wind,3: offshor wind,
3,offshor wind,3: offshor wind,
3,offshor wind,3: offshor wind,
3,offshor wind,3: offshor wind,
3,offshor wind,3: offshor wind,
3,offshor wind,3: offshor wind,
3,offshor wind,3: offshor wind,
3,offshor wind,3: offshor wind,
3,offshor wind,3: offshor wind,
3,offshor wind,3: offshor wind,
3,offshor wind,3: offshor wind,
3,offshor wind,3: offshor wind,
3,offshor wind,3: offshor wind,
3,offshor wind,3: offshor wind,
3,offshor wind,3: offshor wind,
3,offshor wind,3: offshor wind,
3,offshor wind,3: offshor wind,
3,offshor wind,3: offshor wind,
3,offshor wind,3: offshor wind,
3,offshor wind,3: offshor wind,
3,offshor wind,3: offshor wind,
3,offshor wind,3: offshor wind,
3,offshor wind,3: offshor wind,
3,offshor wind,3: offshor wind,
3,offshor wind,3: offshor wind,
3,offshor wind,3: offshor wind,
3,offshor wind,3: offshor wind,
3,offshor wind,3: offshor wind,
3,offshor wind,3: offshor wind,
3,offshor wind,3: offshor wind,
3,offshor wind,3: offshor wind,
3,offshor wind,3: offshor wind,
3,offshor wind,3: offshor wind,
3,offshor wind,3: offshor wind,
3,offshor wind,3: offshor wind,
3,offshor wind,3: offshor wind,
3,offshor wind,3: offshor wind,
3,offshor wind,3: offshor wind,
3,offshor wind,3: offshor wind,
3,offshor wind,3: offshor wind,
3,offshor wind,3: offshor wind,
3,offshor wind,3: offshor wind,
3,offshor wind,3: offshor wind,
3,offshor wind,3: offshor wind,
3,offshor wind,3: offshor wind,
3,offshor wind,3: offshor wind,
3,offshor wind,3: offshor wind,
3,offshor wind,3: offshor wind,
3,offshor wind,3: offshor wind,
3,offshor wind,3: offshor wind,
3,offshor wind,3: offshor wind,
3,offshor wind,3: offshor wind,
3,offshor wind,3: offshor wind,
3,offshor wind,3: offshor wind,
3,offshor wind,3: offshor wind,
3,offshor wind,3: offshor wind,
3,offshor wind,3: offshor wind,
3,offshor wind,3: offshor wind,
3,offshor wind,3: offshor wind,
3,offshor wind,3: offshor wind,
3,offshor wind,3: offshor wind,
3,offshor wind,3: offshor wind,
3,offshor wind,3: offshor wind,
3,offshor wind,3: offshor wind,
3,offshor wind,3: offshor wind,
3,offshor wind,3: offshor wind,
3,offshor wind,3: offshor wind,
3,offshor wind,3: offshor wind,
3,offshor wind,3: offshor wind,
3,offshor wind,3: offshor wind,
3,offshor wind,3: offshor wind,
3,offshor wind,3: offshor wind,
3,offshor wind,3: offshor wind,
3,offshor wind,3: offshor wind,
3,offshor wind,3: offshor wind,
3,offshor wind,3: offshor wind,
3,offshor wind,3: offshor wind,
3,offshor wind,3: offshor wind,
3,offshor wind,3: offshor wind,
3,offshor wind,3: offshor wind,
3,offshor wind,3: offshor wind,
3,offshor wind,3: offshor wind,
3,offshor wind,3: offshor wind,
3,offshor wind,3: offshor wind,
3,offshor wind,3: offshor wind,
3,offshor wind,3: offshor wind,
3,offshor wind,3: offshor wind,
3,offshor wind,3: offshor wind,
3,offshor wind,3: offshor wind,
3,offshor wind,3: offshor wind,
3,offshor wind,3: offshor wind,
3,offshor wind,3: offshor wind,
3,offshor wind,3: offshor wind,
3,offshor wind,3: offshor wind,
5,offshor grid,5: offshor grid,
5,offshor grid,5: offshor grid,
5,offshor grid,5: offshor grid,
5,offshor grid,5: offshor grid,
5,offshor grid,5: offshor grid,
5,offshor grid,5: offshor grid,
5,offshor grid,5: offshor grid,
5,offshor grid,5: offshor grid,
5,offshor grid,5: offshor grid,
5,offshor grid,5: offshor grid,
5,offshor grid,5: offshor grid,
5,offshor grid,5: offshor grid,
5,offshor grid,5: offshor grid,
5,offshor grid,5: offshor grid,
5,offshor grid,5: offshor grid,
5,offshor grid,5: offshor grid,
5,offshor grid,5: offshor grid,
5,offshor grid,5: offshor grid,
5,offshor grid,5: offshor grid,
5,offshor grid,5: offshor grid,
5,offshor grid,5: offshor grid,
5,offshor grid,5: offshor grid,
5,offshor grid,5: offshor grid,
5,offshor grid,5: offshor grid,
5,offshor grid,5: offshor grid,
5,offshor grid,5: offshor grid,
5,offshor grid,5: offshor grid,
5,offshor grid,5: offshor grid,
5,offshor grid,5: offshor grid,
5,offshor grid,5: offshor grid,
5,offshor grid,5: offshor grid,
5,offshor grid,5: offshor grid,
5,offshor grid,5: offshor grid,
5,offshor grid,5: offshor grid,
5,offshor grid,5: offshor grid,
5,offshor grid,5: offshor grid,
5,offshor grid,5: offshor grid,
5,offshor grid,5: offshor grid,
5,offshor grid,5: offshor grid,
5,offshor grid,5: offshor grid,
5,offshor grid,5: offshor grid,
5,offshor grid,5: offshor grid,
5,offshor grid,5: offshor grid,
5,offshor grid,5: offshor grid,
5,offshor grid,5: offshor grid,
5,offshor grid,5: offshor grid,
5,offshor grid,5: offshor grid,
5,offshor grid,5: offshor grid,
5,offshor grid,5: offshor grid,
5,offshor grid,5: offshor grid,
5,offshor grid,5: offshor grid,
5,offshor grid,5: offshor grid,
5,offshor grid,5: offshor grid,
5,offshor grid,5: offshor grid,
5,offshor grid,5: offshor grid,
5,offshor grid,5: offshor grid,
5,offshor grid,5: offshor grid,
5,offshor grid,5: offshor grid,
5,offshor grid,5: offshor grid,
5,offshor grid,5: offshor grid,
5,offshor grid,5: offshor grid,
5,offshor grid,5: offshor grid,
5,offshor grid,5: offshor grid,
5,offshor grid,5: offshor grid,
5,offshor grid,5: offshor grid,
5,offshor grid,5: offshor grid,
5,offshor grid,5: offshor grid,
5,offshor grid,5: offshor grid,
5,offshor grid,5: offshor grid,
5,offshor grid,5: offshor grid,
5,offshor grid,5: offshor grid,
5,offshor grid,5: offshor grid,
5,offshor grid,5: offshor grid,
5,offshor grid,5: offshor grid,
5,offshor grid,5: offshor grid,
5,offshor grid,5: offshor grid,
5,offshor grid,5: offshor grid,
5,offshor grid,5: offshor grid,
5,offshor grid,5: offshor grid,
5,offshor grid,5: offshor grid,
5,offshor grid,5: offshor grid,
5,offshor grid,5: offshor grid,
5,offshor grid,5: offshor grid,
5,offshor grid,5: offshor grid,
5,offshor grid,5: offshor grid,
5,offshor grid,5: offshor grid,
5,offshor grid,5: offshor grid,
5,offshor grid,5: offshor grid,
5,offshor grid,5: offshor grid,
5,offshor grid,5: offshor grid,
5,offshor grid,5: offshor grid,
5,offshor grid,5: offshor grid,
5,offshor grid,5: offshor grid,
5,offshor grid,5: offshor grid,
5,offshor grid,5: offshor grid,
5,offshor grid,5: offshor grid,
5,offshor grid,5: offshor grid,
5,offshor grid,5: offshor grid,
5,offshor grid,5: offshor grid,
5,offshor grid,5: offshor grid,
5,offshor grid,5: offshor grid,
5,offshor grid,5: offshor grid,
5,offshor grid,5: offshor grid,
5,offshor grid,5: offshor grid,
5,offshor grid,5: offshor grid,
5,offshor grid,5: offshor grid,
5,offshor grid,5: offshor grid,
5,offshor grid,5: offshor grid,
5,offshor grid,5: offshor grid,
5,offshor grid,5: offshor grid,
5,offshor grid,5: offshor grid,
5,offshor grid,5: offshor grid,
5,offshor grid,5: offshor grid,
5,offshor grid,5: offshor grid,
5,offshor grid,5: offshor grid,
5,offshor grid,5: offshor grid,
5,offshor grid,5: offshor grid,
5,offshor grid,5: offshor grid,
5,offshor grid,5: offshor grid,
5,offshor grid,5: offshor grid,
5,offshor grid,5: offshor grid,
5,offshor grid,5: offshor grid,
5,offshor grid,5: offshor grid,
5,offshor grid,5: offshor grid,
5,offshor grid,5: offshor grid,
5,offshor grid,5: offshor grid,
5,offshor grid,5: offshor grid,
5,offshor grid,5: offshor grid,
5,offshor grid,5: offshor grid,
5,offshor grid,5: offshor grid,
5,offshor grid,5: offshor grid,
5,offshor grid,5: offshor grid,
5,offshor grid,5: offshor grid,
5,offshor grid,5: offshor grid,
5,offshor grid,5: offshor grid,
5,offshor grid,5: offshor grid,
5,offshor grid,5: offshor grid,
5,offshor grid,5: offshor grid,
5,offshor grid,5: offshor grid,
5,offshor grid,5: offshor grid,
5,offshor grid,5: offshor grid,
5,offshor grid,5: offshor grid,
5,offshor grid,5: offshor grid,
5,offshor grid,5: offshor grid,
5,offshor grid,5: offshor grid,
5,offshor grid,5: offshor grid,
5,offshor grid,5: offshor grid,
5,offshor grid,5: offshor grid,
5,offshor grid,5: offshor grid,
5,offshor grid,5: offshor grid,
5,offshor grid,5: offshor grid,
5,offshor grid,5: offshor grid,
5,offshor grid,5: offshor grid,
5,offshor grid,5: offshor grid,
5,offshor grid,5: offshor grid,
5,offshor grid,5: offshor grid,
5,offshor grid,5: offshor grid,
5,offshor grid,5: offshor grid,
5,offshor grid,5: offshor grid,
5,offshor grid,5: offshor grid,
5,offshor grid,5: offshor grid,
5,offshor grid,5: offshor grid,
5,offshor grid,5: offshor grid,
5,offshor grid,5: offshor grid,
5,offshor grid,5: offshor grid,
5,offshor grid,5: offshor grid,
5,offshor grid,5: offshor grid,
5,offshor grid,5: offshor grid,
5,offshor grid,5: offshor grid,
5,offshor grid,5: offshor grid,
5,offshor grid,5: offshor grid,
5,offshor grid,5: offshor grid,
5,offshor grid,5: offshor grid,
5,offshor grid,5: offshor grid,
5,offshor grid,5: offshor grid,
4,baltic sea,4: baltic sea,
4,baltic sea,4: baltic sea,
4,baltic sea,4: baltic sea,
4,baltic sea,4: baltic sea,
4,baltic sea,4: baltic sea,
4,baltic sea,4: baltic sea,
4,baltic sea,4: baltic sea,
4,baltic sea,4: baltic sea,
4,baltic sea,4: baltic sea,
4,baltic sea,4: baltic sea,
4,baltic sea,4: baltic sea,
4,baltic sea,4: baltic sea,
4,baltic sea,4: baltic sea,
4,baltic sea,4: baltic sea,
4,baltic sea,4: baltic sea,
4,baltic sea,4: baltic sea,
4,baltic sea,4: baltic sea,
4,baltic sea,4: baltic sea,
4,baltic sea,4: baltic sea,
4,baltic sea,4: baltic sea,
4,baltic sea,4: baltic sea,
4,baltic sea,4: baltic sea,
4,baltic sea,4: baltic sea,
4,baltic sea,4: baltic sea,
4,baltic sea,4: baltic sea,
4,baltic sea,4: baltic sea,
4,baltic sea,4: baltic sea,
4,baltic sea,4: baltic sea,
4,baltic sea,4: baltic sea,
4,baltic sea,4: baltic sea,
4,baltic sea,4: baltic sea,
4,baltic sea,4: baltic sea,
4,baltic sea,4: baltic sea,
4,baltic sea,4: baltic sea,
4,baltic sea,4: baltic sea,
4,baltic sea,4: baltic sea,
4,baltic sea,4: baltic sea,
4,baltic sea,4: baltic sea,
4,baltic sea,4: baltic sea,
4,baltic sea,4: baltic sea,
4,baltic sea,4: baltic sea,
4,baltic sea,4: baltic sea,
4,baltic sea,4: baltic sea,
4,baltic sea,4: baltic sea,
4,baltic sea,4: baltic sea,
4,baltic sea,4: baltic sea,
4,baltic sea,4: baltic sea,
4,baltic sea,4: baltic sea,
4,baltic sea,4: baltic sea,
4,baltic sea,4: baltic sea,
4,baltic sea,4: baltic sea,
4,baltic sea,4: baltic sea,
4,baltic sea,4: baltic sea,
4,baltic sea,4: baltic sea,
4,baltic sea,4: baltic sea,
4,baltic sea,4: baltic sea,
4,baltic sea,4: baltic sea,
4,baltic sea,4: baltic sea,
4,baltic sea,4: baltic sea,
4,baltic sea,4: baltic sea,
4,baltic sea,4: baltic sea,
4,baltic sea,4: baltic sea,
4,baltic sea,4: baltic sea,
4,baltic sea,4: baltic sea,
4,baltic sea,4: baltic sea,
4,baltic sea,4: baltic sea,
4,baltic sea,4: baltic sea,
4,baltic sea,4: baltic sea,
4,baltic sea,4: baltic sea,
4,baltic sea,4: baltic sea,
4,baltic sea,4: baltic sea,
4,baltic sea,4: baltic sea,
4,baltic sea,4: baltic sea,
4,baltic sea,4: baltic sea,
4,baltic sea,4: baltic sea,
4,baltic sea,4: baltic sea,
4,baltic sea,4: baltic sea,
4,baltic sea,4: baltic sea,
4,baltic sea,4: baltic sea,
4,baltic sea,4: baltic sea,
4,baltic sea,4: baltic sea,
4,baltic sea,4: baltic sea,
4,baltic sea,4: baltic sea,
4,baltic sea,4: baltic sea,
4,baltic sea,4: baltic sea,
4,baltic sea,4: baltic sea,
4,baltic sea,4: baltic sea,
4,baltic sea,4: baltic sea,
4,baltic sea,4: baltic sea,
4,baltic sea,4: baltic sea,
4,baltic sea,4: baltic sea,
4,baltic sea,4: baltic sea,
4,baltic sea,4: baltic sea,
4,baltic sea,4: baltic sea,
4,baltic sea,4: baltic sea,
4,baltic sea,4: baltic sea,
4,baltic sea,4: baltic sea,
4,baltic sea,4: baltic sea,
4,baltic sea,4: baltic sea,
4,baltic sea,4: baltic sea,
4,baltic sea,4: baltic sea,
4,baltic sea,4: baltic sea,
4,baltic sea,4: baltic sea,
4,baltic sea,4: baltic sea,
4,baltic sea,4: baltic sea,
4,baltic sea,4: baltic sea,
4,baltic sea,4: baltic sea,
4,baltic sea,4: baltic sea,
4,baltic sea,4: baltic sea,
4,baltic sea,4: baltic sea,
4,baltic sea,4: baltic sea,
4,baltic sea,4: baltic sea,
4,baltic sea,4: baltic sea,
4,baltic sea,4: baltic sea,
4,baltic sea,4: baltic sea,
4,baltic sea,4: baltic sea,
4,baltic sea,4: baltic sea,
4,baltic sea,4: baltic sea,
4,baltic sea,4: baltic sea,
4,baltic sea,4: baltic sea,
4,baltic sea,4: baltic sea,
4,baltic sea,4: baltic sea,
4,baltic sea,4: baltic sea,
4,baltic sea,4: baltic sea,
4,baltic sea,4: baltic sea,
4,baltic sea,4: baltic sea,
4,baltic sea,4: baltic sea,
4,baltic sea,4: baltic sea,
4,baltic sea,4: baltic sea,
4,baltic sea,4: baltic sea,
4,baltic sea,4: baltic sea,
4,baltic sea,4: baltic sea,
4,baltic sea,4: baltic sea,
4,baltic sea,4: baltic sea,
4,baltic sea,4: baltic sea,
4,baltic sea,4: baltic sea,
4,baltic sea,4: baltic sea,
4,baltic sea,4: baltic sea,
0,energi island,0: energi island,
0,energi island,0: energi island,
0,energi island,0: energi island,
0,energi island,0: energi island,
0,energi island,0: energi island,
0,energi island,0: energi island,
0,energi island,0: energi island,
0,energi island,0: energi island,
0,energi island,0: energi island,
0,energi island,0: energi island,
0,energi island,0: energi island,
0,energi island,0: energi island,
0,energi island,0: energi island,
0,energi island,0: energi island,
0,energi island,0: energi island,
0,energi island,0: energi island,
0,energi island,0: energi island,
0,energi island,0: energi island,
0,energi island,0: energi island,
0,energi island,0: energi island,
0,energi island,0: energi island,
0,energi island,0: energi island,
0,energi island,0: energi island,
0,energi island,0: energi island,
0,energi island,0: energi island,
0,energi island,0: energi island,
0,energi island,0: energi island,
0,energi island,0: energi island,
0,energi island,0: energi island,
0,energi island,0: energi island,
0,energi island,0: energi island,
0,energi island,0: energi island,
0,energi island,0: energi island,
0,energi island,0: energi island,
0,energi island,0: energi island,
0,energi island,0: energi island,
0,energi island,0: energi island,
0,energi island,0: energi island,
0,energi island,0: energi island,
0,energi island,0: energi island,
0,energi island,0: energi island,
0,energi island,0: energi island,
0,energi island,0: energi island,
0,energi island,0: energi island,
0,energi island,0: energi island,
0,energi island,0: energi island,
0,energi island,0: energi island,
0,energi island,0: energi island,
0,energi island,0: energi island,
0,energi island,0: energi island,
0,energi island,0: energi island,
0,energi island,0: energi island,
0,energi island,0: energi island,
0,energi island,0: energi island,
0,energi island,0: energi island,
0,energi island,0: energi island,
0,energi island,0: energi island,
0,energi island,0: energi island,
0,energi island,0: energi island,
0,energi island,0: energi island,
0,energi island,0: energi island,
0,energi island,0: energi island,
0,energi island,0: energi island,
0,energi island,0: energi island,
0,energi island,0: energi island,
0,energi island,0: energi island,
0,energi island,0: energi island,
0,energi island,0: energi island,
0,energi island,0: energi island,
0,energi island,0: energi island,
0,energi island,0: energi island,
0,energi island,0: energi island,
0,energi island,0: energi island,
0,energi island,0: energi island,
0,energi island,0: energi island,
0,energi island,0: energi island,
0,energi island,0: energi island,
0,energi island,0: energi island,
0,energi island,0: energi island,
0,energi island,0: energi island,
0,energi island,0: energi island,
0,energi island,0: energi island,
0,energi island,0: energi island,
0,energi island,0: energi island,
0,energi island,0: energi island,
0,energi island,0: energi island,
0,energi island,0: energi island,
0,energi island,0: energi island,
0,energi island,0: energi island,
0,energi island,0: energi island,
0,energi island,0: energi island,
0,energi island,0: energi island,
0,energi island,0: energi island,
0,energi island,0: energi island,
0,energi island,0: energi island,
0,energi island,0: energi island,
0,energi island,0: energi island,
0,energi island,0: energi island,
0,energi island,0: energi island,
0,energi island,0: energi island,
0,energi island,0: energi island,
0,energi island,0: energi island,
0,energi island,0: energi island,
0,energi island,0: energi island,
0,energi island,0: energi island,
0,energi island,0: energi island,
0,energi island,0: energi island,
0,energi island,0: energi island,
0,energi island,0: energi island,
0,energi island,0: energi island,
0,energi island,0: energi island,
0,energi island,0: energi island,
0,energi island,0: energi island,
0,energi island,0: energi island,
0,energi island,0: energi island,
0,energi island,0: energi island,
0,energi island,0: energi island,
0,energi island,0: energi island,
0,energi island,0: energi island,
0,energi island,0: energi island,
0,energi island,0: energi island,
0,energi island,0: energi island,
0,energi island,0: energi island,
0,energi island,0: energi island,
0,energi island,0: energi island,
0,energi island,0: energi island,
0,energi island,0: energi island,
0,energi island,0: energi island,
0,energi island,0: energi island,
0,energi island,0: energi island,
0,energi island,0: energi island,
0,energi island,0: energi island,
0,energi island,0: energi island,
0,energi island,0: energi island,
0,energi island,0: energi island,
0,energi island,0: energi island,
0,energi island,0: energi island,
0,energi island,0: energi island,
0,energi island,0: energi island,
0,energi island,0: energi island,
0,energi island,0: energi island,
0,energi island,0: energi island,
0,energi island,0: energi island,
0,energi island,0: energi island,
0,energi island,0: energi island,
0,energi island,0: energi island,
0,energi island,0: energi island,
0,energi island,0: energi island,
0,energi island,0: energi island,
0,energi island,0: energi island,
0,energi island,0: energi island,
0,energi island,0: energi island,
0,energi island,0: energi island,
0,energi island,0: energi island,
0,energi island,0: energi island,
0,energi island,0: energi island,
0,energi island,0: energi island,
4,baltic sea,4: baltic sea,
4,baltic sea,4: baltic sea,
4,baltic sea,4: baltic sea,
4,baltic sea,4: baltic sea,
4,baltic sea,4: baltic sea,
4,baltic sea,4: baltic sea,
4,baltic sea,4: baltic sea,
4,baltic sea,4: baltic sea,
4,baltic sea,4: baltic sea,
4,baltic sea,4: baltic sea,
4,baltic sea,4: baltic sea,
4,baltic sea,4: baltic sea,
4,baltic sea,4: baltic sea,
4,baltic sea,4: baltic sea,
4,baltic sea,4: baltic sea,
4,baltic sea,4: baltic sea,
4,baltic sea,4: baltic sea,
4,baltic sea,4: baltic sea,
4,baltic sea,4: baltic sea,
4,baltic sea,4: baltic sea,
4,baltic sea,4: baltic sea,
4,baltic sea,4: baltic sea,
4,baltic sea,4: baltic sea,
4,baltic sea,4: baltic sea,
4,baltic sea,4: baltic sea,
4,baltic sea,4: baltic sea,
4,baltic sea,4: baltic sea,
4,baltic sea,4: baltic sea,
4,baltic sea,4: baltic sea,
4,baltic sea,4: baltic sea,
4,baltic sea,4: baltic sea,
4,baltic sea,4: baltic sea,
4,baltic sea,4: baltic sea,
4,baltic sea,4: baltic sea,
4,baltic sea,4: baltic sea,
4,baltic sea,4: baltic sea,
4,baltic sea,4: baltic sea,
4,baltic sea,4: baltic sea,
4,baltic sea,4: baltic sea,
4,baltic sea,4: baltic sea,
4,baltic sea,4: baltic sea,
4,baltic sea,4: baltic sea,
4,baltic sea,4: baltic sea,
4,baltic sea,4: baltic sea,
4,baltic sea,4: baltic sea,
4,baltic sea,4: baltic sea,
4,baltic sea,4: baltic sea,
4,baltic sea,4: baltic sea,
4,baltic sea,4: baltic sea,
4,baltic sea,4: baltic sea,
4,baltic sea,4: baltic sea,
4,baltic sea,4: baltic sea,
4,baltic sea,4: baltic sea,
4,baltic sea,4: baltic sea,
4,baltic sea,4: baltic sea,
4,baltic sea,4: baltic sea,
4,baltic sea,4: baltic sea,
4,baltic sea,4: baltic sea,
4,baltic sea,4: baltic sea,
4,baltic sea,4: baltic sea,
4,baltic sea,4: baltic sea,
4,baltic sea,4: baltic sea,
4,baltic sea,4: baltic sea,
4,baltic sea,4: baltic sea,
4,baltic sea,4: baltic sea,
4,baltic sea,4: baltic sea,
4,baltic sea,4: baltic sea,
4,baltic sea,4: baltic sea,
4,baltic sea,4: baltic sea,
4,baltic sea,4: baltic sea,
4,baltic sea,4: baltic sea,
4,baltic sea,4: baltic sea,
4,baltic sea,4: baltic sea,
4,baltic sea,4: baltic sea,
4,baltic sea,4: baltic sea,
4,baltic sea,4: baltic sea,
4,baltic sea,4: baltic sea,
4,baltic sea,4: baltic sea,
4,baltic sea,4: baltic sea,
4,baltic sea,4: baltic sea,
4,baltic sea,4: baltic sea,
4,baltic sea,4: baltic sea,
4,baltic sea,4: baltic sea,
4,baltic sea,4: baltic sea,
4,baltic sea,4: baltic sea,
4,baltic sea,4: baltic sea,
4,baltic sea,4: baltic sea,
4,baltic sea,4: baltic sea,
4,baltic sea,4: baltic sea,
4,baltic sea,4: baltic sea,
4,baltic sea,4: baltic sea,
4,baltic sea,4: baltic sea,
4,baltic sea,4: baltic sea,
4,baltic sea,4: baltic sea,
4,baltic sea,4: baltic sea,
4,baltic sea,4: baltic sea,
4,baltic sea,4: baltic sea,
4,baltic sea,4: baltic sea,
4,baltic sea,4: baltic sea,
4,baltic sea,4: baltic sea,
4,baltic sea,4: baltic sea,
4,baltic sea,4: baltic sea,
4,baltic sea,4: baltic sea,
4,baltic sea,4: baltic sea,
4,baltic sea,4: baltic sea,
4,baltic sea,4: baltic sea,
4,baltic sea,4: baltic sea,
4,baltic sea,4: baltic sea,
4,baltic sea,4: baltic sea,
4,baltic sea,4: baltic sea,
4,baltic sea,4: baltic sea,
4,baltic sea,4: baltic sea,
4,baltic sea,4: baltic sea,
4,baltic sea,4: baltic sea,
4,baltic sea,4: baltic sea,
4,baltic sea,4: baltic sea,
4,baltic sea,4: baltic sea,
4,baltic sea,4: baltic sea,
4,baltic sea,4: baltic sea,
4,baltic sea,4: baltic sea,
4,baltic sea,4: baltic sea,
4,baltic sea,4: baltic sea,
4,baltic sea,4: baltic sea,
4,baltic sea,4: baltic sea,
4,baltic sea,4: baltic sea,
4,baltic sea,4: baltic sea,
4,baltic sea,4: baltic sea,
4,baltic sea,4: baltic sea,
4,baltic sea,4: baltic sea,
4,baltic sea,4: baltic sea,
4,baltic sea,4: baltic sea,
4,baltic sea,4: baltic sea,
4,baltic sea,4: baltic sea,
4,baltic sea,4: baltic sea,
4,baltic sea,4: baltic sea,
4,baltic sea,4: baltic sea,
4,baltic sea,4: baltic sea,
4,baltic sea,4: baltic sea,
3,offshor wind,3: offshor wind,
3,offshor wind,3: offshor wind,
3,offshor wind,3: offshor wind,
3,offshor wind,3: offshor wind,
3,offshor wind,3: offshor wind,
3,offshor wind,3: offshor wind,
3,offshor wind,3: offshor wind,
3,offshor wind,3: offshor wind,
3,offshor wind,3: offshor wind,
3,offshor wind,3: offshor wind,
3,offshor wind,3: offshor wind,
3,offshor wind,3: offshor wind,
3,offshor wind,3: offshor wind,
3,offshor wind,3: offshor wind,
3,offshor wind,3: offshor wind,
3,offshor wind,3: offshor wind,
3,offshor wind,3: offshor wind,
3,offshor wind,3: offshor wind,
3,offshor wind,3: offshor wind,
3,offshor wind,3: offshor wind,
3,offshor wind,3: offshor wind,
3,offshor wind,3: offshor wind,
3,offshor wind,3: offshor wind,
3,offshor wind,3: offshor wind,
3,offshor wind,3: offshor wind,
3,offshor wind,3: offshor wind,
3,offshor wind,3: offshor wind,
3,offshor wind,3: offshor wind,
3,offshor wind,3: offshor wind,
3,offshor wind,3: offshor wind,
3,offshor wind,3: offshor wind,
3,offshor wind,3: offshor wind,
3,offshor wind,3: offshor wind,
3,offshor wind,3: offshor wind,
3,offshor wind,3: offshor wind,
3,offshor wind,3: offshor wind,
3,offshor wind,3: offshor wind,
3,offshor wind,3: offshor wind,
3,offshor wind,3: offshor wind,
3,offshor wind,3: offshor wind,
3,offshor wind,3: offshor wind,
3,offshor wind,3: offshor wind,
3,offshor wind,3: offshor wind,
3,offshor wind,3: offshor wind,
3,offshor wind,3: offshor wind,
3,offshor wind,3: offshor wind,
3,offshor wind,3: offshor wind,
3,offshor wind,3: offshor wind,
3,offshor wind,3: offshor wind,
3,offshor wind,3: offshor wind,
3,offshor wind,3: offshor wind,
3,offshor wind,3: offshor wind,
3,offshor wind,3: offshor wind,
3,offshor wind,3: offshor wind,
3,offshor wind,3: offshor wind,
3,offshor wind,3: offshor wind,
3,offshor wind,3: offshor wind,
3,offshor wind,3: offshor wind,
3,offshor wind,3: offshor wind,
3,offshor wind,3: offshor wind,
3,offshor wind,3: offshor wind,
3,offshor wind,3: offshor wind,
3,offshor wind,3: offshor wind,
3,offshor wind,3: offshor wind,
3,offshor wind,3: offshor wind,
3,offshor wind,3: offshor wind,
3,offshor wind,3: offshor wind,
3,offshor wind,3: offshor wind,
3,offshor wind,3: offshor wind,
3,offshor wind,3: offshor wind,
3,offshor wind,3: offshor wind,
3,offshor wind,3: offshor wind,
3,offshor wind,3: offshor wind,
3,offshor wind,3: offshor wind,
3,offshor wind,3: offshor wind,
3,offshor wind,3: offshor wind,
3,offshor wind,3: offshor wind,
3,offshor wind,3: offshor wind,
3,offshor wind,3: offshor wind,
3,offshor wind,3: offshor wind,
3,offshor wind,3: offshor wind,
3,offshor wind,3: offshor wind,
3,offshor wind,3: offshor wind,
3,offshor wind,3: offshor wind,
3,offshor wind,3: offshor wind,
3,offshor wind,3: offshor wind,
3,offshor wind,3: offshor wind,
3,offshor wind,3: offshor wind,
3,offshor wind,3: offshor wind,
3,offshor wind,3: offshor wind,
3,offshor wind,3: offshor wind,
3,offshor wind,3: offshor wind,
3,offshor wind,3: offshor wind,
3,offshor wind,3: offshor wind,
3,offshor wind,3: offshor wind,
3,offshor wind,3: offshor wind,
3,offshor wind,3: offshor wind,
3,offshor wind,3: offshor wind,
3,offshor wind,3: offshor wind,
3,offshor wind,3: offshor wind,
3,offshor wind,3: offshor wind,
3,offshor wind,3: offshor wind,
3,offshor wind,3: offshor wind,
3,offshor wind,3: offshor wind,
3,offshor wind,3: offshor wind,
3,offshor wind,3: offshor wind,
3,offshor wind,3: offshor wind,
3,offshor wind,3: offshor wind,
3,offshor wind,3: offshor wind,
3,offshor wind,3: offshor wind,
3,offshor wind,3: offshor wind,
3,offshor wind,3: offshor wind,
3,offshor wind,3: offshor wind,
0,energi island,0: energi island,
0,energi island,0: energi island,
0,energi island,0: energi island,
0,energi island,0: energi island,
0,energi island,0: energi island,
0,energi island,0: energi island,
0,energi island,0: energi island,
0,energi island,0: energi island,
0,energi island,0: energi island,
0,energi island,0: energi island,
0,energi island,0: energi island,
0,energi island,0: energi island,
0,energi island,0: energi island,
0,energi island,0: energi island,
0,energi island,0: energi island,
0,energi island,0: energi island,
0,energi island,0: energi island,
0,energi island,0: energi island,
0,energi island,0: energi island,
0,energi island,0: energi island,
0,energi island,0: energi island,
0,energi island,0: energi island,
0,energi island,0: energi island,
0,energi island,0: energi island,
0,energi island,0: energi island,
0,energi island,0: energi island,
0,energi island,0: energi island,
0,energi island,0: energi island,
0,energi island,0: energi island,
0,energi island,0: energi island,
0,energi island,0: energi island,
0,energi island,0: energi island,
0,energi island,0: energi island,
0,energi island,0: energi island,
0,energi island,0: energi island,
0,energi island,0: energi island,
0,energi island,0: energi island,
0,energi island,0: energi island,
0,energi island,0: energi island,
0,energi island,0: energi island,
0,energi island,0: energi island,
0,energi island,0: energi island,
0,energi island,0: energi island,
0,energi island,0: energi island,
0,energi island,0: energi island,
0,energi island,0: energi island,
0,energi island,0: energi island,
0,energi island,0: energi island,
0,energi island,0: energi island,
0,energi island,0: energi island,
0,energi island,0: energi island,
0,energi island,0: energi island,
0,energi island,0: energi island,
0,energi island,0: energi island,
0,energi island,0: energi island,
0,energi island,0: energi island,
0,energi island,0: energi island,
0,energi island,0: energi island,
0,energi island,0: energi island,
0,energi island,0: energi island,
0,energi island,0: energi island,
0,energi island,0: energi island,
0,energi island,0: energi island,
0,energi island,0: energi island,
0,energi island,0: energi island,
0,energi island,0: energi island,
0,energi island,0: energi island,
0,energi island,0: energi island,
0,energi island,0: energi island,
0,energi island,0: energi island,
0,energi island,0: energi island,
0,energi island,0: energi island,
0,energi island,0: energi island,
0,energi island,0: energi island,
0,energi island,0: energi island,
0,energi island,0: energi island,
0,energi island,0: energi island,
0,energi island,0: energi island,
0,energi island,0: energi island,
0,energi island,0: energi island,
0,energi island,0: energi island,
0,energi island,0: energi island,
0,energi island,0: energi island,
0,energi island,0: energi island,
0,energi island,0: energi island,
0,energi island,0: energi island,
0,energi island,0: energi island,
0,energi island,0: energi island,
0,energi island,0: energi island,
0,energi island,0: energi island,
0,energi island,0: energi island,
0,energi island,0: energi island,
0,energi island,0: energi island,
0,energi island,0: energi island,
0,energi island,0: energi island,
0,energi island,0: energi island,
0,energi island,0: energi island,
0,energi island,0: energi island,
0,energi island,0: energi island,
0,energi island,0: energi island,
0,energi island,0: energi island,
0,energi island,0: energi island,
0,energi island,0: energi island,
0,energi island,0: energi island,
0,energi island,0: energi island,
0,energi island,0: energi island,
0,energi island,0: energi island,
0,energi island,0: energi island,
0,energi island,0: energi island,
0,energi island,0: energi island,
0,energi island,0: energi island,
0,energi island,0: energi island,
0,energi island,0: energi island,
0,energi island,0: energi island,
0,energi island,0: energi island,
0,energi island,0: energi island,
0,energi island,0: energi island,
0,energi island,0: energi island,
0,energi island,0: energi island,
0,energi island,0: energi island,
0,energi island,0: energi island,
0,energi island,0: energi island,
0,energi island,0: energi island,
0,energi island,0: energi island,
0,energi island,0: energi island,
0,energi island,0: energi island,
0,energi island,0: energi island,
0,energi island,0: energi island,
0,energi island,0: energi island,
0,energi island,0: energi island,
0,energi island,0: energi island,
0,energi island,0: energi island,
0,energi island,0: energi island,
0,energi island,0: energi island,
0,energi island,0: energi island,
0,energi island,0: energi island,
0,energi island,0: energi island,
0,energi island,0: energi island,
0,energi island,0: energi island,
0,energi island,0: energi island,
0,energi island,0: energi island,
0,energi island,0: energi island,
0,energi island,0: energi island,
0,energi island,0: energi island,
0,energi island,0: energi island,
0,energi island,0: energi island,
0,energi island,0: energi island,
0,energi island,0: energi island,
0,energi island,0: energi island,
0,energi island,0: energi island,
0,energi island,0: energi island,
0,energi island,0: energi island,
0,energi island,0: energi island,
0,energi island,0: energi island,
0,energi island,0: energi island,
0,energi island,0: energi island,
0,energi island,0: energi island,
0,energi island,0: energi island,
0,energi island,0: energi island,
0,energi island,0: energi island,
0,energi island,0: energi island,
0,energi island,0: energi island,
0,energi island,0: energi island,
0,energi island,0: energi island,
0,energi island,0: energi island,
0,energi island,0: energi island,
0,energi island,0: energi island,
0,energi island,0: energi island,
0,energi island,0: energi island,
0,energi island,0: energi island,
0,energi island,0: energi island,
0,energi island,0: energi island,
0,energi island,0: energi island,
0,energi island,0: energi island,
0,energi island,0: energi island,
0,energi island,0: energi island,
0,energi island,0: energi island,
0,energi island,0: energi island,
0,energi island,0: energi island,
0,energi island,0: energi island,
0,energi island,0: energi island,
0,energi island,0: energi island,
0,energi island,0: energi island,
0,energi island,0: energi island,
0,energi island,0: energi island,
0,energi island,0: energi island,
0,energi island,0: energi island,
0,energi island,0: energi island,
0,energi island,0: energi island,
0,energi island,0: energi island,
0,energi island,0: energi island,
0,energi island,0: energi island,
0,energi island,0: energi island,
0,energi island,0: energi island,
0,energi island,0: energi island,
0,energi island,0: energi island,
0,energi island,0: energi island,
0,energi island,0: energi island,
0,energi island,0: energi island,
0,energi island,0: energi island,
0,energi island,0: energi island,
0,energi island,0: energi island,
0,energi island,0: energi island,
0,energi island,0: energi island,
0,energi island,0: energi island,
0,energi island,0: energi island,
0,energi island,0: energi island,
0,energi island,0: energi island,
0,energi island,0: energi island,
0,energi island,0: energi island,
0,energi island,0: energi island,
0,energi island,0: energi island,
0,energi island,0: energi island,
0,energi island,0: energi island,
0,energi island,0: energi island,
0,energi island,0: energi island,
0,energi island,0: energi island,
0,energi island,0: energi island,
0,energi island,0: energi island,
0,energi island,0: energi island,
0,energi island,0: energi island,
0,energi island,0: energi island,
0,energi island,0: energi island,
0,energi island,0: energi island,
0,energi island,0: energi island,
0,energi island,0: energi island,
0,energi island,0: energi island,
0,energi island,0: energi island,
0,energi island,0: energi island,
0,energi island,0: energi island,
0,energi island,0: energi island,
0,energi island,0: energi island,
0,energi island,0: energi island,
0,energi island,0: energi island,
0,energi island,0: energi island,
0,energi island,0: energi island,
0,energi island,0: energi island,
0,energi island,0: energi island,
0,energi island,0: energi island,
0,energi island,0: energi island,
0,energi island,0: energi island,
0,energi island,0: energi island,
0,energi island,0: energi island,
0,energi island,0: energi island,
0,energi island,0: energi island,
0,energi island,0: energi island,
0,energi island,0: energi island,
0,energi island,0: energi island,
0,energi island,0: energi island,
0,energi island,0: energi island,
0,energi island,0: energi island,
0,energi island,0: energi island,
0,energi island,0: energi island,
0,energi island,0: energi island,
0,energi island,0: energi island,
0,energi island,0: energi island,
0,energi island,0: energi island,
0,energi island,0: energi island,
0,energi island,0: energi island,
0,energi island,0: energi island,
0,energi island,0: energi island,
0,energi island,0: energi island,
0,energi island,0: energi island,
0,energi island,0: energi island,
0,energi island,0: energi island,
0,energi island,0: energi island,
0,energi island,0: energi island,
0,energi island,0: energi island,
0,energi island,0: energi island,
0,energi island,0: energi island,
0,energi island,0: energi island,
0,energi island,0: energi island,
0,energi island,0: energi island,
0,energi island,0: energi island,
0,energi island,0: energi island,
0,energi island,0: energi island,
0,energi island,0: energi island,
0,energi island,0: energi island,
0,energi island,0: energi island,
0,energi island,0: energi island,
0,energi island,0: energi island,
0,energi island,0: energi island,
0,energi island,0: energi island,
0,energi island,0: energi island,
0,energi island,0: energi island,
0,energi island,0: energi island,
0,energi island,0: energi island,
0,energi island,0: energi island,
0,energi island,0: energi island,
0,energi island,0: energi island,
0,energi island,0: energi island,
0,energi island,0: energi island,
0,energi island,0: energi island,
0,energi island,0: energi island,
0,energi island,0: energi island,
0,energi island,0: energi island,
0,energi island,0: energi island,
0,energi island,0: energi island,
0,energi island,0: energi island,
0,energi island,0: energi island,
0,energi island,0: energi island,
0,energi island,0: energi island,
0,energi island,0: energi island,
0,energi island,0: energi island,
0,energi island,0: energi island,
0,energi island,0: energi island,
0,energi island,0: energi island,
0,energi island,0: energi island,
0,energi island,0: energi island,
0,energi island,0: energi island,
0,energi island,0: energi island,
0,energi island,0: energi island,
0,energi island,0: energi island,
0,energi island,0: energi island,
4,baltic sea,4: baltic sea,
4,baltic sea,4: baltic sea,
4,baltic sea,4: baltic sea,
4,baltic sea,4: baltic sea,
4,baltic sea,4: baltic sea,
4,baltic sea,4: baltic sea,
4,baltic sea,4: baltic sea,
4,baltic sea,4: baltic sea,
4,baltic sea,4: baltic sea,
4,baltic sea,4: baltic sea,
4,baltic sea,4: baltic sea,
4,baltic sea,4: baltic sea,
4,baltic sea,4: baltic sea,
4,baltic sea,4: baltic sea,
4,baltic sea,4: baltic sea,
4,baltic sea,4: baltic sea,
4,baltic sea,4: baltic sea,
4,baltic sea,4: baltic sea,
4,baltic sea,4: baltic sea,
4,baltic sea,4: baltic sea,
4,baltic sea,4: baltic sea,
4,baltic sea,4: baltic sea,
4,baltic sea,4: baltic sea,
4,baltic sea,4: baltic sea,
4,baltic sea,4: baltic sea,
4,baltic sea,4: baltic sea,
4,baltic sea,4: baltic sea,
4,baltic sea,4: baltic sea,
4,baltic sea,4: baltic sea,
4,baltic sea,4: baltic sea,
4,baltic sea,4: baltic sea,
4,baltic sea,4: baltic sea,
4,baltic sea,4: baltic sea,
4,baltic sea,4: baltic sea,
4,baltic sea,4: baltic sea,
4,baltic sea,4: baltic sea,
4,baltic sea,4: baltic sea,
4,baltic sea,4: baltic sea,
4,baltic sea,4: baltic sea,
4,baltic sea,4: baltic sea,
4,baltic sea,4: baltic sea,
4,baltic sea,4: baltic sea,
4,baltic sea,4: baltic sea,
4,baltic sea,4: baltic sea,
4,baltic sea,4: baltic sea,
4,baltic sea,4: baltic sea,
4,baltic sea,4: baltic sea,
4,baltic sea,4: baltic sea,
4,baltic sea,4: baltic sea,
4,baltic sea,4: baltic sea,
4,baltic sea,4: baltic sea,
4,baltic sea,4: baltic sea,
4,baltic sea,4: baltic sea,
4,baltic sea,4: baltic sea,
4,baltic sea,4: baltic sea,
4,baltic sea,4: baltic sea,
4,baltic sea,4: baltic sea,
4,baltic sea,4: baltic sea,
4,baltic sea,4: baltic sea,
4,baltic sea,4: baltic sea,
4,baltic sea,4: baltic sea,
4,baltic sea,4: baltic sea,
4,baltic sea,4: baltic sea,
4,baltic sea,4: baltic sea,
4,baltic sea,4: baltic sea,
4,baltic sea,4: baltic sea,
4,baltic sea,4: baltic sea,
4,baltic sea,4: baltic sea,
4,baltic sea,4: baltic sea,
4,baltic sea,4: baltic sea,
4,baltic sea,4: baltic sea,
4,baltic sea,4: baltic sea,
4,baltic sea,4: baltic sea,
4,baltic sea,4: baltic sea,
4,baltic sea,4: baltic sea,
4,baltic sea,4: baltic sea,
4,baltic sea,4: baltic sea,
4,baltic sea,4: baltic sea,
4,baltic sea,4: baltic sea,
4,baltic sea,4: baltic sea,
4,baltic sea,4: baltic sea,
4,baltic sea,4: baltic sea,
4,baltic sea,4: baltic sea,
4,baltic sea,4: baltic sea,
4,baltic sea,4: baltic sea,
4,baltic sea,4: baltic sea,
4,baltic sea,4: baltic sea,
4,baltic sea,4: baltic sea,
4,baltic sea,4: baltic sea,
4,baltic sea,4: baltic sea,
4,baltic sea,4: baltic sea,
4,baltic sea,4: baltic sea,
4,baltic sea,4: baltic sea,
4,baltic sea,4: baltic sea,
4,baltic sea,4: baltic sea,
4,baltic sea,4: baltic sea,
4,baltic sea,4: baltic sea,
4,baltic sea,4: baltic sea,
4,baltic sea,4: baltic sea,
4,baltic sea,4: baltic sea,
4,baltic sea,4: baltic sea,
4,baltic sea,4: baltic sea,
4,baltic sea,4: baltic sea,
4,baltic sea,4: baltic sea,
4,baltic sea,4: baltic sea,
4,baltic sea,4: baltic sea,
4,baltic sea,4: baltic sea,
4,baltic sea,4: baltic sea,
4,baltic sea,4: baltic sea,
4,baltic sea,4: baltic sea,
4,baltic sea,4: baltic sea,
4,baltic sea,4: baltic sea,
4,baltic sea,4: baltic sea,
4,baltic sea,4: baltic sea,
4,baltic sea,4: baltic sea,
4,baltic sea,4: baltic sea,
4,baltic sea,4: baltic sea,
4,baltic sea,4: baltic sea,
4,baltic sea,4: baltic sea,
4,baltic sea,4: baltic sea,
4,baltic sea,4: baltic sea,
4,baltic sea,4: baltic sea,
4,baltic sea,4: baltic sea,
4,baltic sea,4: baltic sea,
4,baltic sea,4: baltic sea,
4,baltic sea,4: baltic sea,
4,baltic sea,4: baltic sea,
4,baltic sea,4: baltic sea,
4,baltic sea,4: baltic sea,
4,baltic sea,4: baltic sea,
4,baltic sea,4: baltic sea,
4,baltic sea,4: baltic sea,
4,baltic sea,4: baltic sea,
4,baltic sea,4: baltic sea,
4,baltic sea,4: baltic sea,
4,baltic sea,4: baltic sea,
4,baltic sea,4: baltic sea,
4,baltic sea,4: baltic sea,
2,municip council,2: municip council,
2,municip council,2: municip council,
2,municip council,2: municip council,
2,municip council,2: municip council,
2,municip council,2: municip council,
2,municip council,2: municip council,
2,municip council,2: municip council,
2,municip council,2: municip council,
2,municip council,2: municip council,
2,municip council,2: municip council,
2,municip council,2: municip council,
2,municip council,2: municip council,
2,municip council,2: municip council,
2,municip council,2: municip council,
2,municip council,2: municip council,
2,municip council,2: municip council,
2,municip council,2: municip council,
2,municip council,2: municip council,
2,municip council,2: municip council,
2,municip council,2: municip council,
2,municip council,2: municip council,
2,municip council,2: municip council,
2,municip council,2: municip council,
2,municip council,2: municip council,
2,municip council,2: municip council,
2,municip council,2: municip council,
2,municip council,2: municip council,
2,municip council,2: municip council,
2,municip council,2: municip council,
2,municip council,2: municip council,
2,municip council,2: municip council,
2,municip council,2: municip council,
2,municip council,2: municip council,
2,municip council,2: municip council,
2,municip council,2: municip council,
2,municip council,2: municip council,
2,municip council,2: municip council,
2,municip council,2: municip council,
2,municip council,2: municip council,
2,municip council,2: municip council,
2,municip council,2: municip council,
2,municip council,2: municip council,
2,municip council,2: municip council,
2,municip council,2: municip council,
2,municip council,2: municip council,
2,municip council,2: municip council,
2,municip council,2: municip council,
2,municip council,2: municip council,
2,municip council,2: municip council,
2,municip council,2: municip council,
2,municip council,2: municip council,
2,municip council,2: municip council,
2,municip council,2: municip council,
2,municip council,2: municip council,
2,municip council,2: municip council,
2,municip council,2: municip council,
2,municip council,2: municip council,
2,municip council,2: municip council,
2,municip council,2: municip council,
2,municip council,2: municip council,
2,municip council,2: municip council,
2,municip council,2: municip council,
2,municip council,2: municip council,
2,municip council,2: municip council,
2,municip council,2: municip council,
2,municip council,2: municip council,
2,municip council,2: municip council,
2,municip council,2: municip council,
2,municip council,2: municip council,
2,municip council,2: municip council,
2,municip council,2: municip council,
2,municip council,2: municip council,
2,municip council,2: municip council,
2,municip council,2: municip council,
2,municip council,2: municip council,
2,municip council,2: municip council,
2,municip council,2: municip council,
2,municip council,2: municip council,
2,municip council,2: municip council,
2,municip council,2: municip council,
2,municip council,2: municip council,
2,municip council,2: municip council,
2,municip council,2: municip council,
2,municip council,2: municip council,
2,municip council,2: municip council,
2,municip council,2: municip council,
2,municip council,2: municip council,
2,municip council,2: municip council,
2,municip council,2: municip council,
2,municip council,2: municip council,
2,municip council,2: municip council,
2,municip council,2: municip council,
2,municip council,2: municip council,
2,municip council,2: municip council,
2,municip council,2: municip council,
2,municip council,2: municip council,
2,municip council,2: municip council,
2,municip council,2: municip council,
2,municip council,2: municip council,
2,municip council,2: municip council,
2,municip council,2: municip council,
2,municip council,2: municip council,
2,municip council,2: municip council,
2,municip council,2: municip council,
2,municip council,2: municip council,
2,municip council,2: municip council,
2,municip council,2: municip council,
2,municip council,2: municip council,
2,municip council,2: municip council,
2,municip council,2: municip council,
2,municip council,2: municip council,
2,municip council,2: municip council,
2,municip council,2: municip council,
2,municip council,2: municip council,
2,municip council,2: municip council,
2,municip council,2: municip council,
2,municip council,2: municip council,
2,municip council,2: municip council,
2,municip council,2: municip council,
2,municip council,2: municip council,
2,municip council,2: municip council,
2,municip council,2: municip council,
2,municip council,2: municip council,
2,municip council,2: municip council,
2,municip council,2: municip council,
2,municip council,2: municip council,
2,municip council,2: municip council,
2,municip council,2: municip council,
2,municip council,2: municip council,
2,municip council,2: municip council,
2,municip council,2: municip council,
2,municip council,2: municip council,
2,municip council,2: municip council,
2,municip council,2: municip council,
2,municip council,2: municip council,
2,municip council,2: municip council,
2,municip council,2: municip council,
2,municip council,2: municip council,
2,municip council,2: municip council,
2,municip council,2: municip council,
2,municip council,2: municip council,
2,municip council,2: municip council,
2,municip council,2: municip council,
2,municip council,2: municip council,
2,municip council,2: municip council,
2,municip council,2: municip council,
2,municip council,2: municip council,
2,municip council,2: municip council,
2,municip council,2: municip council,
2,municip council,2: municip council,
2,municip council,2: municip council,
2,municip council,2: municip council,
2,municip council,2: municip council,
2,municip council,2: municip council,
2,municip council,2: municip council,
2,municip council,2: municip council,
7,renew energi,7: renew energi,
7,renew energi,7: renew energi,
7,renew energi,7: renew energi,
7,renew energi,7: renew energi,
7,renew energi,7: renew energi,
7,renew energi,7: renew energi,
7,renew energi,7: renew energi,
7,renew energi,7: renew energi,
7,renew energi,7: renew energi,
7,renew energi,7: renew energi,
7,renew energi,7: renew energi,
7,renew energi,7: renew energi,
7,renew energi,7: renew energi,
7,renew energi,7: renew energi,
7,renew energi,7: renew energi,
7,renew energi,7: renew energi,
7,renew energi,7: renew energi,
7,renew energi,7: renew energi,
7,renew energi,7: renew energi,
7,renew energi,7: renew energi,
7,renew energi,7: renew energi,
7,renew energi,7: renew energi,
7,renew energi,7: renew energi,
7,renew energi,7: renew energi,
7,renew energi,7: renew energi,
7,renew energi,7: renew energi,
7,renew energi,7: renew energi,
7,renew energi,7: renew energi,
7,renew energi,7: renew energi,
7,renew energi,7: renew energi,
7,renew energi,7: renew energi,
7,renew energi,7: renew energi,
7,renew energi,7: renew energi,
7,renew energi,7: renew energi,
7,renew energi,7: renew energi,
7,renew energi,7: renew energi,
7,renew energi,7: renew energi,
7,renew energi,7: renew energi,
7,renew energi,7: renew energi,
7,renew energi,7: renew energi,
7,renew energi,7: renew energi,
7,renew energi,7: renew energi,
7,renew energi,7: renew energi,
7,renew energi,7: renew energi,
7,renew energi,7: renew energi,
7,renew energi,7: renew energi,
7,renew energi,7: renew energi,
7,renew energi,7: renew energi,
7,renew energi,7: renew energi,
7,renew energi,7: renew energi,
7,renew energi,7: renew energi,
7,renew energi,7: renew energi,
7,renew energi,7: renew energi,
7,renew energi,7: renew energi,
7,renew energi,7: renew energi,
7,renew energi,7: renew energi,
7,renew energi,7: renew energi,
7,renew energi,7: renew energi,
7,renew energi,7: renew energi,
7,renew energi,7: renew energi,
7,renew energi,7: renew energi,
7,renew energi,7: renew energi,
7,renew energi,7: renew energi,
7,renew energi,7: renew energi,
7,renew energi,7: renew energi,
7,renew energi,7: renew energi,
7,renew energi,7: renew energi,
7,renew energi,7: renew energi,
7,renew energi,7: renew energi,
7,renew energi,7: renew energi,
7,renew energi,7: renew energi,
7,renew energi,7: renew energi,
7,renew energi,7: renew energi,
7,renew energi,7: renew energi,
7,renew energi,7: renew energi,
7,renew energi,7: renew energi,
7,renew energi,7: renew energi,
7,renew energi,7: renew energi,
7,renew energi,7: renew energi,
7,renew energi,7: renew energi,
7,renew energi,7: renew energi,
7,renew energi,7: renew energi,
7,renew energi,7: renew energi,
7,renew energi,7: renew energi,
7,renew energi,7: renew energi,
7,renew energi,7: renew energi,
7,renew energi,7: renew energi,
7,renew energi,7: renew energi,
7,renew energi,7: renew energi,
7,renew energi,7: renew energi,
7,renew energi,7: renew energi,
7,renew energi,7: renew energi,
7,renew energi,7: renew energi,
7,renew energi,7: renew energi,
7,renew energi,7: renew energi,
7,renew energi,7: renew energi,
7,renew energi,7: renew energi,
7,renew energi,7: renew energi,
7,renew energi,7: renew energi,
7,renew energi,7: renew energi,
7,renew energi,7: renew energi,
7,renew energi,7: renew energi,
7,renew energi,7: renew energi,
7,renew energi,7: renew energi,
7,renew energi,7: renew energi,
7,renew energi,7: renew energi,
7,renew energi,7: renew energi,
7,renew energi,7: renew energi,
7,renew energi,7: renew energi,
7,renew energi,7: renew energi,
7,renew energi,7: renew energi,
7,renew energi,7: renew energi,
7,renew energi,7: renew energi,
7,renew energi,7: renew energi,
7,renew energi,7: renew energi,
7,renew energi,7: renew energi,
7,renew energi,7: renew energi,
7,renew energi,7: renew energi,
7,renew energi,7: renew energi,
7,renew energi,7: renew energi,
7,renew energi,7: renew energi,
7,renew energi,7: renew energi,
7,renew energi,7: renew energi,
7,renew energi,7: renew energi,
7,renew energi,7: renew energi,
7,renew energi,7: renew energi,
7,renew energi,7: renew energi,
7,renew energi,7: renew energi,
7,renew energi,7: renew energi,
7,renew energi,7: renew energi,
7,renew energi,7: renew energi,
7,renew energi,7: renew energi,
7,renew energi,7: renew energi,
7,renew energi,7: renew energi,
7,renew energi,7: renew energi,
7,renew energi,7: renew energi,
7,renew energi,7: renew energi,
7,renew energi,7: renew energi,
7,renew energi,7: renew energi,
7,renew energi,7: renew energi,
7,renew energi,7: renew energi,
7,renew energi,7: renew energi,
7,renew energi,7: renew energi,
7,renew energi,7: renew energi,
7,renew energi,7: renew energi,
7,renew energi,7: renew energi,
6,energiø bornholm,6: energiø bornholm,
6,energiø bornholm,6: energiø bornholm,
6,energiø bornholm,6: energiø bornholm,
6,energiø bornholm,6: energiø bornholm,
6,energiø bornholm,6: energiø bornholm,
6,energiø bornholm,6: energiø bornholm,
6,energiø bornholm,6: energiø bornholm,
6,energiø bornholm,6: energiø bornholm,
6,energiø bornholm,6: energiø bornholm,
6,energiø bornholm,6: energiø bornholm,
6,energiø bornholm,6: energiø bornholm,
6,energiø bornholm,6: energiø bornholm,
6,energiø bornholm,6: energiø bornholm,
6,energiø bornholm,6: energiø bornholm,
6,energiø bornholm,6: energiø bornholm,
6,energiø bornholm,6: energiø bornholm,
6,energiø bornholm,6: energiø bornholm,
6,energiø bornholm,6: energiø bornholm,
6,energiø bornholm,6: energiø bornholm,
6,energiø bornholm,6: energiø bornholm,
6,energiø bornholm,6: energiø bornholm,
6,energiø bornholm,6: energiø bornholm,
6,energiø bornholm,6: energiø bornholm,
6,energiø bornholm,6: energiø bornholm,
6,energiø bornholm,6: energiø bornholm,
6,energiø bornholm,6: energiø bornholm,
6,energiø bornholm,6: energiø bornholm,
6,energiø bornholm,6: energiø bornholm,
6,energiø bornholm,6: energiø bornholm,
6,energiø bornholm,6: energiø bornholm,
6,energiø bornholm,6: energiø bornholm,
6,energiø bornholm,6: energiø bornholm,
6,energiø bornholm,6: energiø bornholm,
6,energiø bornholm,6: energiø bornholm,
6,energiø bornholm,6: energiø bornholm,
6,energiø bornholm,6: energiø bornholm,
6,energiø bornholm,6: energiø bornholm,
6,energiø bornholm,6: energiø bornholm,
6,energiø bornholm,6: energiø bornholm,
6,energiø bornholm,6: energiø bornholm,
6,energiø bornholm,6: energiø bornholm,
6,energiø bornholm,6: energiø bornholm,
6,energiø bornholm,6: energiø bornholm,
6,energiø bornholm,6: energiø bornholm,
6,energiø bornholm,6: energiø bornholm,
6,energiø bornholm,6: energiø bornholm,
6,energiø bornholm,6: energiø bornholm,
6,energiø bornholm,6: energiø bornholm,
6,energiø bornholm,6: energiø bornholm,
6,energiø bornholm,6: energiø bornholm,
6,energiø bornholm,6: energiø bornholm,
6,energiø bornholm,6: energiø bornholm,
6,energiø bornholm,6: energiø bornholm,
6,energiø bornholm,6: energiø bornholm,
6,energiø bornholm,6: energiø bornholm,
6,energiø bornholm,6: energiø bornholm,
6,energiø bornholm,6: energiø bornholm,
6,energiø bornholm,6: energiø bornholm,
6,energiø bornholm,6: energiø bornholm,
6,energiø bornholm,6: energiø bornholm,
6,energiø bornholm,6: energiø bornholm,
6,energiø bornholm,6: energiø bornholm,
6,energiø bornholm,6: energiø bornholm,
6,energiø bornholm,6: energiø bornholm,
6,energiø bornholm,6: energiø bornholm,
6,energiø bornholm,6: energiø bornholm,
6,energiø bornholm,6: energiø bornholm,
6,energiø bornholm,6: energiø bornholm,
6,energiø bornholm,6: energiø bornholm,
6,energiø bornholm,6: energiø bornholm,
6,energiø bornholm,6: energiø bornholm,
6,energiø bornholm,6: energiø bornholm,
6,energiø bornholm,6: energiø bornholm,
6,energiø bornholm,6: energiø bornholm,
6,energiø bornholm,6: energiø bornholm,
6,energiø bornholm,6: energiø bornholm,
6,energiø bornholm,6: energiø bornholm,
6,energiø bornholm,6: energiø bornholm,
6,energiø bornholm,6: energiø bornholm,
6,energiø bornholm,6: energiø bornholm,
6,energiø bornholm,6: energiø bornholm,
6,energiø bornholm,6: energiø bornholm,
6,energiø bornholm,6: energiø bornholm,
6,energiø bornholm,6: energiø bornholm,
6,energiø bornholm,6: energiø bornholm,
6,energiø bornholm,6: energiø bornholm,
6,energiø bornholm,6: energiø bornholm,
6,energiø bornholm,6: energiø bornholm,
6,energiø bornholm,6: energiø bornholm,
6,energiø bornholm,6: energiø bornholm,
6,energiø bornholm,6: energiø bornholm,
6,energiø bornholm,6: energiø bornholm,
6,energiø bornholm,6: energiø bornholm,
6,energiø bornholm,6: energiø bornholm,
6,energiø bornholm,6: energiø bornholm,
6,energiø bornholm,6: energiø bornholm,
6,energiø bornholm,6: energiø bornholm,
6,energiø bornholm,6: energiø bornholm,
6,energiø bornholm,6: energiø bornholm,
6,energiø bornholm,6: energiø bornholm,
6,energiø bornholm,6: energiø bornholm,
6,energiø bornholm,6: energiø bornholm,
6,energiø bornholm,6: energiø bornholm,
6,energiø bornholm,6: energiø bornholm,
6,energiø bornholm,6: energiø bornholm,
6,energiø bornholm,6: energiø bornholm,
6,energiø bornholm,6: energiø bornholm,
6,energiø bornholm,6: energiø bornholm,
6,energiø bornholm,6: energiø bornholm,
6,energiø bornholm,6: energiø bornholm,
6,energiø bornholm,6: energiø bornholm,
6,energiø bornholm,6: energiø bornholm,
6,energiø bornholm,6: energiø bornholm,
6,energiø bornholm,6: energiø bornholm,
6,energiø bornholm,6: energiø bornholm,
6,energiø bornholm,6: energiø bornholm,
6,energiø bornholm,6: energiø bornholm,
6,energiø bornholm,6: energiø bornholm,
6,energiø bornholm,6: energiø bornholm,
6,energiø bornholm,6: energiø bornholm,
6,energiø bornholm,6: energiø bornholm,
6,energiø bornholm,6: energiø bornholm,
6,energiø bornholm,6: energiø bornholm,
6,energiø bornholm,6: energiø bornholm,
6,energiø bornholm,6: energiø bornholm,
6,energiø bornholm,6: energiø bornholm,
6,energiø bornholm,6: energiø bornholm,
6,energiø bornholm,6: energiø bornholm,
6,energiø bornholm,6: energiø bornholm,
6,energiø bornholm,6: energiø bornholm,
6,energiø bornholm,6: energiø bornholm,
6,energiø bornholm,6: energiø bornholm,
6,energiø bornholm,6: energiø bornholm,
6,energiø bornholm,6: energiø bornholm,
6,energiø bornholm,6: energiø bornholm,
6,energiø bornholm,6: energiø bornholm,
6,energiø bornholm,6: energiø bornholm,
6,energiø bornholm,6: energiø bornholm,
6,energiø bornholm,6: energiø bornholm,
6,energiø bornholm,6: energiø bornholm,
6,energiø bornholm,6: energiø bornholm,
6,energiø bornholm,6: energiø bornholm,
6,energiø bornholm,6: energiø bornholm,
6,energiø bornholm,6: energiø bornholm,
6,energiø bornholm,6: energiø bornholm,
6,energiø bornholm,6: energiø bornholm,
6,energiø bornholm,6: energiø bornholm,
6,energiø bornholm,6: energiø bornholm,
6,energiø bornholm,6: energiø bornholm,
6,energiø bornholm,6: energiø bornholm,
6,energiø bornholm,6: energiø bornholm,
6,energiø bornholm,6: energiø bornholm,
6,energiø bornholm,6: energiø bornholm,
6,energiø bornholm,6: energiø bornholm,
6,energiø bornholm,6: energiø bornholm,
6,energiø bornholm,6: energiø bornholm,
6,energiø bornholm,6: energiø bornholm,
6,energiø bornholm,6: energiø bornholm,
6,energiø bornholm,6: energiø bornholm,
6,energiø bornholm,6: energiø bornholm,
6,energiø bornholm,6: energiø bornholm,
6,energiø bornholm,6: energiø bornholm,
6,energiø bornholm,6: energiø bornholm,
6,energiø bornholm,6: energiø bornholm,
6,energiø bornholm,6: energiø bornholm,
6,energiø bornholm,6: energiø bornholm,
6,energiø bornholm,6: energiø bornholm,
6,energiø bornholm,6: energiø bornholm,
6,energiø bornholm,6: energiø bornholm,
6,energiø bornholm,6: energiø bornholm,
6,energiø bornholm,6: energiø bornholm,
4,baltic sea,4: baltic sea,
4,baltic sea,4: baltic sea,
4,baltic sea,4: baltic sea,
4,baltic sea,4: baltic sea,
4,baltic sea,4: baltic sea,
4,baltic sea,4: baltic sea,
4,baltic sea,4: baltic sea,
4,baltic sea,4: baltic sea,
4,baltic sea,4: baltic sea,
4,baltic sea,4: baltic sea,
4,baltic sea,4: baltic sea,
4,baltic sea,4: baltic sea,
4,baltic sea,4: baltic sea,
4,baltic sea,4: baltic sea,
4,baltic sea,4: baltic sea,
4,baltic sea,4: baltic sea,
4,baltic sea,4: baltic sea,
4,baltic sea,4: baltic sea,
4,baltic sea,4: baltic sea,
4,baltic sea,4: baltic sea,
4,baltic sea,4: baltic sea,
4,baltic sea,4: baltic sea,
4,baltic sea,4: baltic sea,
4,baltic sea,4: baltic sea,
4,baltic sea,4: baltic sea,
4,baltic sea,4: baltic sea,
4,baltic sea,4: baltic sea,
4,baltic sea,4: baltic sea,
4,baltic sea,4: baltic sea,
4,baltic sea,4: baltic sea,
4,baltic sea,4: baltic sea,
4,baltic sea,4: baltic sea,
4,baltic sea,4: baltic sea,
4,baltic sea,4: baltic sea,
4,baltic sea,4: baltic sea,
4,baltic sea,4: baltic sea,
4,baltic sea,4: baltic sea,
4,baltic sea,4: baltic sea,
4,baltic sea,4: baltic sea,
4,baltic sea,4: baltic sea,
4,baltic sea,4: baltic sea,
4,baltic sea,4: baltic sea,
4,baltic sea,4: baltic sea,
4,baltic sea,4: baltic sea,
4,baltic sea,4: baltic sea,
4,baltic sea,4: baltic sea,
4,baltic sea,4: baltic sea,
4,baltic sea,4: baltic sea,
4,baltic sea,4: baltic sea,
4,baltic sea,4: baltic sea,
4,baltic sea,4: baltic sea,
4,baltic sea,4: baltic sea,
4,baltic sea,4: baltic sea,
4,baltic sea,4: baltic sea,
4,baltic sea,4: baltic sea,
4,baltic sea,4: baltic sea,
4,baltic sea,4: baltic sea,
4,baltic sea,4: baltic sea,
4,baltic sea,4: baltic sea,
4,baltic sea,4: baltic sea,
4,baltic sea,4: baltic sea,
4,baltic sea,4: baltic sea,
4,baltic sea,4: baltic sea,
4,baltic sea,4: baltic sea,
4,baltic sea,4: baltic sea,
4,baltic sea,4: baltic sea,
4,baltic sea,4: baltic sea,
4,baltic sea,4: baltic sea,
4,baltic sea,4: baltic sea,
4,baltic sea,4: baltic sea,
4,baltic sea,4: baltic sea,
4,baltic sea,4: baltic sea,
4,baltic sea,4: baltic sea,
4,baltic sea,4: baltic sea,
4,baltic sea,4: baltic sea,
4,baltic sea,4: baltic sea,
4,baltic sea,4: baltic sea,
4,baltic sea,4: baltic sea,
4,baltic sea,4: baltic sea,
4,baltic sea,4: baltic sea,
4,baltic sea,4: baltic sea,
4,baltic sea,4: baltic sea,
4,baltic sea,4: baltic sea,
4,baltic sea,4: baltic sea,
4,baltic sea,4: baltic sea,
4,baltic sea,4: baltic sea,
4,baltic sea,4: baltic sea,
4,baltic sea,4: baltic sea,
4,baltic sea,4: baltic sea,
4,baltic sea,4: baltic sea,
4,baltic sea,4: baltic sea,
4,baltic sea,4: baltic sea,
4,baltic sea,4: baltic sea,
4,baltic sea,4: baltic sea,
4,baltic sea,4: baltic sea,
4,baltic sea,4: baltic sea,
4,baltic sea,4: baltic sea,
4,baltic sea,4: baltic sea,
4,baltic sea,4: baltic sea,
4,baltic sea,4: baltic sea,
4,baltic sea,4: baltic sea,
4,baltic sea,4: baltic sea,
4,baltic sea,4: baltic sea,
4,baltic sea,4: baltic sea,
4,baltic sea,4: baltic sea,
4,baltic sea,4: baltic sea,
4,baltic sea,4: baltic sea,
4,baltic sea,4: baltic sea,
4,baltic sea,4: baltic sea,
4,baltic sea,4: baltic sea,
4,baltic sea,4: baltic sea,
4,baltic sea,4: baltic sea,
4,baltic sea,4: baltic sea,
4,baltic sea,4: baltic sea,
4,baltic sea,4: baltic sea,
4,baltic sea,4: baltic sea,
4,baltic sea,4: baltic sea,
4,baltic sea,4: baltic sea,
4,baltic sea,4: baltic sea,
4,baltic sea,4: baltic sea,
4,baltic sea,4: baltic sea,
4,baltic sea,4: baltic sea,
4,baltic sea,4: baltic sea,
4,baltic sea,4: baltic sea,
4,baltic sea,4: baltic sea,
4,baltic sea,4: baltic sea,
4,baltic sea,4: baltic sea,
4,baltic sea,4: baltic sea,
4,baltic sea,4: baltic sea,
4,baltic sea,4: baltic sea,
4,baltic sea,4: baltic sea,
4,baltic sea,4: baltic sea,
4,baltic sea,4: baltic sea,
4,baltic sea,4: baltic sea,
4,baltic sea,4: baltic sea,
4,baltic sea,4: baltic sea,
4,baltic sea,4: baltic sea,
4,baltic sea,4: baltic sea,
8,wind turbin,8: wind turbin,
8,wind turbin,8: wind turbin,
8,wind turbin,8: wind turbin,
8,wind turbin,8: wind turbin,
8,wind turbin,8: wind turbin,
8,wind turbin,8: wind turbin,
8,wind turbin,8: wind turbin,
8,wind turbin,8: wind turbin,
8,wind turbin,8: wind turbin,
8,wind turbin,8: wind turbin,
8,wind turbin,8: wind turbin,
8,wind turbin,8: wind turbin,
8,wind turbin,8: wind turbin,
8,wind turbin,8: wind turbin,
8,wind turbin,8: wind turbin,
8,wind turbin,8: wind turbin,
8,wind turbin,8: wind turbin,
8,wind turbin,8: wind turbin,
8,wind turbin,8: wind turbin,
8,wind turbin,8: wind turbin,
8,wind turbin,8: wind turbin,
8,wind turbin,8: wind turbin,
8,wind turbin,8: wind turbin,
8,wind turbin,8: wind turbin,
8,wind turbin,8: wind turbin,
8,wind turbin,8: wind turbin,
8,wind turbin,8: wind turbin,
8,wind turbin,8: wind turbin,
8,wind turbin,8: wind turbin,
8,wind turbin,8: wind turbin,
8,wind turbin,8: wind turbin,
8,wind turbin,8: wind turbin,
8,wind turbin,8: wind turbin,
8,wind turbin,8: wind turbin,
8,wind turbin,8: wind turbin,
8,wind turbin,8: wind turbin,
8,wind turbin,8: wind turbin,
8,wind turbin,8: wind turbin,
8,wind turbin,8: wind turbin,
8,wind turbin,8: wind turbin,
8,wind turbin,8: wind turbin,
8,wind turbin,8: wind turbin,
8,wind turbin,8: wind turbin,
8,wind turbin,8: wind turbin,
8,wind turbin,8: wind turbin,
8,wind turbin,8: wind turbin,
8,wind turbin,8: wind turbin,
8,wind turbin,8: wind turbin,
8,wind turbin,8: wind turbin,
8,wind turbin,8: wind turbin,
8,wind turbin,8: wind turbin,
8,wind turbin,8: wind turbin,
8,wind turbin,8: wind turbin,
8,wind turbin,8: wind turbin,
8,wind turbin,8: wind turbin,
8,wind turbin,8: wind turbin,
8,wind turbin,8: wind turbin,
8,wind turbin,8: wind turbin,
8,wind turbin,8: wind turbin,
8,wind turbin,8: wind turbin,
8,wind turbin,8: wind turbin,
8,wind turbin,8: wind turbin,
8,wind turbin,8: wind turbin,
8,wind turbin,8: wind turbin,
8,wind turbin,8: wind turbin,
8,wind turbin,8: wind turbin,
8,wind turbin,8: wind turbin,
8,wind turbin,8: wind turbin,
8,wind turbin,8: wind turbin,
8,wind turbin,8: wind turbin,
8,wind turbin,8: wind turbin,
8,wind turbin,8: wind turbin,
8,wind turbin,8: wind turbin,
8,wind turbin,8: wind turbin,
8,wind turbin,8: wind turbin,
8,wind turbin,8: wind turbin,
8,wind turbin,8: wind turbin,
8,wind turbin,8: wind turbin,
8,wind turbin,8: wind turbin,
8,wind turbin,8: wind turbin,
8,wind turbin,8: wind turbin,
8,wind turbin,8: wind turbin,
8,wind turbin,8: wind turbin,
8,wind turbin,8: wind turbin,
8,wind turbin,8: wind turbin,
8,wind turbin,8: wind turbin,
8,wind turbin,8: wind turbin,
8,wind turbin,8: wind turbin,
8,wind turbin,8: wind turbin,
8,wind turbin,8: wind turbin,
8,wind turbin,8: wind turbin,
8,wind turbin,8: wind turbin,
8,wind turbin,8: wind turbin,
8,wind turbin,8: wind turbin,
8,wind turbin,8: wind turbin,
8,wind turbin,8: wind turbin,
8,wind turbin,8: wind turbin,
8,wind turbin,8: wind turbin,
8,wind turbin,8: wind turbin,
8,wind turbin,8: wind turbin,
8,wind turbin,8: wind turbin,
8,wind turbin,8: wind turbin,
8,wind turbin,8: wind turbin,
8,wind turbin,8: wind turbin,
8,wind turbin,8: wind turbin,
8,wind turbin,8: wind turbin,
8,wind turbin,8: wind turbin,
8,wind turbin,8: wind turbin,
8,wind turbin,8: wind turbin,
8,wind turbin,8: wind turbin,
8,wind turbin,8: wind turbin,
8,wind turbin,8: wind turbin,
8,wind turbin,8: wind turbin,
8,wind turbin,8: wind turbin,
8,wind turbin,8: wind turbin,
8,wind turbin,8: wind turbin,
8,wind turbin,8: wind turbin,
8,wind turbin,8: wind turbin,
8,wind turbin,8: wind turbin,
8,wind turbin,8: wind turbin,
8,wind turbin,8: wind turbin,
8,wind turbin,8: wind turbin,
8,wind turbin,8: wind turbin,
8,wind turbin,8: wind turbin,
8,wind turbin,8: wind turbin,
8,wind turbin,8: wind turbin,
8,wind turbin,8: wind turbin,
8,wind turbin,8: wind turbin,
8,wind turbin,8: wind turbin,
8,wind turbin,8: wind turbin,
0,energi island,0: energi island,
0,energi island,0: energi island,
0,energi island,0: energi island,
0,energi island,0: energi island,
0,energi island,0: energi island,
0,energi island,0: energi island,
0,energi island,0: energi island,
0,energi island,0: energi island,
0,energi island,0: energi island,
0,energi island,0: energi island,
0,energi island,0: energi island,
0,energi island,0: energi island,
0,energi island,0: energi island,
0,energi island,0: energi island,
0,energi island,0: energi island,
0,energi island,0: energi island,
0,energi island,0: energi island,
0,energi island,0: energi island,
0,energi island,0: energi island,
0,energi island,0: energi island,
0,energi island,0: energi island,
0,energi island,0: energi island,
0,energi island,0: energi island,
0,energi island,0: energi island,
0,energi island,0: energi island,
0,energi island,0: energi island,
0,energi island,0: energi island,
0,energi island,0: energi island,
0,energi island,0: energi island,
0,energi island,0: energi island,
0,energi island,0: energi island,
0,energi island,0: energi island,
0,energi island,0: energi island,
0,energi island,0: energi island,
0,energi island,0: energi island,
0,energi island,0: energi island,
0,energi island,0: energi island,
0,energi island,0: energi island,
0,energi island,0: energi island,
0,energi island,0: energi island,
0,energi island,0: energi island,
0,energi island,0: energi island,
0,energi island,0: energi island,
0,energi island,0: energi island,
0,energi island,0: energi island,
0,energi island,0: energi island,
0,energi island,0: energi island,
0,energi island,0: energi island,
0,energi island,0: energi island,
0,energi island,0: energi island,
0,energi island,0: energi island,
0,energi island,0: energi island,
0,energi island,0: energi island,
0,energi island,0: energi island,
0,energi island,0: energi island,
0,energi island,0: energi island,
0,energi island,0: energi island,
0,energi island,0: energi island,
0,energi island,0: energi island,
0,energi island,0: energi island,
0,energi island,0: energi island,
0,energi island,0: energi island,
0,energi island,0: energi island,
0,energi island,0: energi island,
0,energi island,0: energi island,
0,energi island,0: energi island,
0,energi island,0: energi island,
0,energi island,0: energi island,
0,energi island,0: energi island,
0,energi island,0: energi island,
0,energi island,0: energi island,
0,energi island,0: energi island,
0,energi island,0: energi island,
0,energi island,0: energi island,
0,energi island,0: energi island,
0,energi island,0: energi island,
0,energi island,0: energi island,
0,energi island,0: energi island,
0,energi island,0: energi island,
0,energi island,0: energi island,
0,energi island,0: energi island,
0,energi island,0: energi island,
0,energi island,0: energi island,
0,energi island,0: energi island,
0,energi island,0: energi island,
0,energi island,0: energi island,
0,energi island,0: energi island,
0,energi island,0: energi island,
0,energi island,0: energi island,
0,energi island,0: energi island,
0,energi island,0: energi island,
0,energi island,0: energi island,
0,energi island,0: energi island,
0,energi island,0: energi island,
0,energi island,0: energi island,
0,energi island,0: energi island,
0,energi island,0: energi island,
0,energi island,0: energi island,
0,energi island,0: energi island,
0,energi island,0: energi island,
0,energi island,0: energi island,
0,energi island,0: energi island,
0,energi island,0: energi island,
0,energi island,0: energi island,
0,energi island,0: energi island,
0,energi island,0: energi island,
0,energi island,0: energi island,
0,energi island,0: energi island,
0,energi island,0: energi island,
0,energi island,0: energi island,
0,energi island,0: energi island,
0,energi island,0: energi island,
0,energi island,0: energi island,
0,energi island,0: energi island,
0,energi island,0: energi island,
0,energi island,0: energi island,
0,energi island,0: energi island,
0,energi island,0: energi island,
0,energi island,0: energi island,
0,energi island,0: energi island,
0,energi island,0: energi island,
0,energi island,0: energi island,
0,energi island,0: energi island,
0,energi island,0: energi island,
0,energi island,0: energi island,
0,energi island,0: energi island,
0,energi island,0: energi island,
0,energi island,0: energi island,
0,energi island,0: energi island,
0,energi island,0: energi island,
0,energi island,0: energi island,
0,energi island,0: energi island,
0,energi island,0: energi island,
0,energi island,0: energi island,
0,energi island,0: energi island,
0,energi island,0: energi island,
0,energi island,0: energi island,
0,energi island,0: energi island,
0,energi island,0: energi island,
0,energi island,0: energi island,
0,energi island,0: energi island,
0,energi island,0: energi island,
0,energi island,0: energi island,
0,energi island,0: energi island,
0,energi island,0: energi island,
0,energi island,0: energi island,
0,energi island,0: energi island,
0,energi island,0: energi island,
0,energi island,0: energi island,
0,energi island,0: energi island,
0,energi island,0: energi island,
0,energi island,0: energi island,
0,energi island,0: energi island,
0,energi island,0: energi island,
0,energi island,0: energi island,
0,energi island,0: energi island,
0,energi island,0: energi island,
4,baltic sea,4: baltic sea,
4,baltic sea,4: baltic sea,
4,baltic sea,4: baltic sea,
4,baltic sea,4: baltic sea,
4,baltic sea,4: baltic sea,
4,baltic sea,4: baltic sea,
4,baltic sea,4: baltic sea,
4,baltic sea,4: baltic sea,
4,baltic sea,4: baltic sea,
4,baltic sea,4: baltic sea,
4,baltic sea,4: baltic sea,
4,baltic sea,4: baltic sea,
4,baltic sea,4: baltic sea,
4,baltic sea,4: baltic sea,
4,baltic sea,4: baltic sea,
4,baltic sea,4: baltic sea,
4,baltic sea,4: baltic sea,
4,baltic sea,4: baltic sea,
4,baltic sea,4: baltic sea,
4,baltic sea,4: baltic sea,
4,baltic sea,4: baltic sea,
4,baltic sea,4: baltic sea,
4,baltic sea,4: baltic sea,
4,baltic sea,4: baltic sea,
4,baltic sea,4: baltic sea,
4,baltic sea,4: baltic sea,
4,baltic sea,4: baltic sea,
4,baltic sea,4: baltic sea,
4,baltic sea,4: baltic sea,
4,baltic sea,4: baltic sea,
4,baltic sea,4: baltic sea,
4,baltic sea,4: baltic sea,
4,baltic sea,4: baltic sea,
4,baltic sea,4: baltic sea,
4,baltic sea,4: baltic sea,
4,baltic sea,4: baltic sea,
4,baltic sea,4: baltic sea,
4,baltic sea,4: baltic sea,
4,baltic sea,4: baltic sea,
4,baltic sea,4: baltic sea,
4,baltic sea,4: baltic sea,
4,baltic sea,4: baltic sea,
4,baltic sea,4: baltic sea,
4,baltic sea,4: baltic sea,
4,baltic sea,4: baltic sea,
4,baltic sea,4: baltic sea,
4,baltic sea,4: baltic sea,
4,baltic sea,4: baltic sea,
4,baltic sea,4: baltic sea,
4,baltic sea,4: baltic sea,
4,baltic sea,4: baltic sea,
4,baltic sea,4: baltic sea,
4,baltic sea,4: baltic sea,
4,baltic sea,4: baltic sea,
4,baltic sea,4: baltic sea,
4,baltic sea,4: baltic sea,
4,baltic sea,4: baltic sea,
4,baltic sea,4: baltic sea,
4,baltic sea,4: baltic sea,
4,baltic sea,4: baltic sea,
4,baltic sea,4: baltic sea,
4,baltic sea,4: baltic sea,
4,baltic sea,4: baltic sea,
4,baltic sea,4: baltic sea,
4,baltic sea,4: baltic sea,
4,baltic sea,4: baltic sea,
4,baltic sea,4: baltic sea,
4,baltic sea,4: baltic sea,
4,baltic sea,4: baltic sea,
4,baltic sea,4: baltic sea,
4,baltic sea,4: baltic sea,
4,baltic sea,4: baltic sea,
4,baltic sea,4: baltic sea,
4,baltic sea,4: baltic sea,
4,baltic sea,4: baltic sea,
4,baltic sea,4: baltic sea,
4,baltic sea,4: baltic sea,
4,baltic sea,4: baltic sea,
4,baltic sea,4: baltic sea,
4,baltic sea,4: baltic sea,
4,baltic sea,4: baltic sea,
4,baltic sea,4: baltic sea,
4,baltic sea,4: baltic sea,
4,baltic sea,4: baltic sea,
4,baltic sea,4: baltic sea,
4,baltic sea,4: baltic sea,
4,baltic sea,4: baltic sea,
4,baltic sea,4: baltic sea,
4,baltic sea,4: baltic sea,
4,baltic sea,4: baltic sea,
4,baltic sea,4: baltic sea,
4,baltic sea,4: baltic sea,
4,baltic sea,4: baltic sea,
4,baltic sea,4: baltic sea,
4,baltic sea,4: baltic sea,
4,baltic sea,4: baltic sea,
4,baltic sea,4: baltic sea,
4,baltic sea,4: baltic sea,
4,baltic sea,4: baltic sea,
4,baltic sea,4: baltic sea,
4,baltic sea,4: baltic sea,
4,baltic sea,4: baltic sea,
4,baltic sea,4: baltic sea,
4,baltic sea,4: baltic sea,
4,baltic sea,4: baltic sea,
4,baltic sea,4: baltic sea,
4,baltic sea,4: baltic sea,
4,baltic sea,4: baltic sea,
4,baltic sea,4: baltic sea,
4,baltic sea,4: baltic sea,
4,baltic sea,4: baltic sea,
4,baltic sea,4: baltic sea,
4,baltic sea,4: baltic sea,
4,baltic sea,4: baltic sea,
4,baltic sea,4: baltic sea,
4,baltic sea,4: baltic sea,
4,baltic sea,4: baltic sea,
4,baltic sea,4: baltic sea,
4,baltic sea,4: baltic sea,
4,baltic sea,4: baltic sea,
4,baltic sea,4: baltic sea,
4,baltic sea,4: baltic sea,
4,baltic sea,4: baltic sea,
4,baltic sea,4: baltic sea,
4,baltic sea,4: baltic sea,
4,baltic sea,4: baltic sea,
4,baltic sea,4: baltic sea,
4,baltic sea,4: baltic sea,
4,baltic sea,4: baltic sea,
4,baltic sea,4: baltic sea,
4,baltic sea,4: baltic sea,
4,baltic sea,4: baltic sea,
4,baltic sea,4: baltic sea,
4,baltic sea,4: baltic sea,
4,baltic sea,4: baltic sea,
4,baltic sea,4: baltic sea,
4,baltic sea,4: baltic sea,
4,baltic sea,4: baltic sea,
0,energi island,0: energi island,
0,energi island,0: energi island,
0,energi island,0: energi island,
0,energi island,0: energi island,
0,energi island,0: energi island,
0,energi island,0: energi island,
0,energi island,0: energi island,
0,energi island,0: energi island,
0,energi island,0: energi island,
0,energi island,0: energi island,
0,energi island,0: energi island,
0,energi island,0: energi island,
0,energi island,0: energi island,
0,energi island,0: energi island,
0,energi island,0: energi island,
0,energi island,0: energi island,
0,energi island,0: energi island,
0,energi island,0: energi island,
0,energi island,0: energi island,
0,energi island,0: energi island,
0,energi island,0: energi island,
0,energi island,0: energi island,
0,energi island,0: energi island,
0,energi island,0: energi island,
0,energi island,0: energi island,
0,energi island,0: energi island,
0,energi island,0: energi island,
0,energi island,0: energi island,
0,energi island,0: energi island,
0,energi island,0: energi island,
0,energi island,0: energi island,
0,energi island,0: energi island,
0,energi island,0: energi island,
0,energi island,0: energi island,
0,energi island,0: energi island,
0,energi island,0: energi island,
0,energi island,0: energi island,
0,energi island,0: energi island,
0,energi island,0: energi island,
0,energi island,0: energi island,
0,energi island,0: energi island,
0,energi island,0: energi island,
0,energi island,0: energi island,
0,energi island,0: energi island,
0,energi island,0: energi island,
0,energi island,0: energi island,
0,energi island,0: energi island,
0,energi island,0: energi island,
0,energi island,0: energi island,
0,energi island,0: energi island,
0,energi island,0: energi island,
0,energi island,0: energi island,
0,energi island,0: energi island,
0,energi island,0: energi island,
0,energi island,0: energi island,
0,energi island,0: energi island,
0,energi island,0: energi island,
0,energi island,0: energi island,
0,energi island,0: energi island,
0,energi island,0: energi island,
0,energi island,0: energi island,
0,energi island,0: energi island,
0,energi island,0: energi island,
0,energi island,0: energi island,
0,energi island,0: energi island,
0,energi island,0: energi island,
0,energi island,0: energi island,
0,energi island,0: energi island,
0,energi island,0: energi island,
0,energi island,0: energi island,
0,energi island,0: energi island,
0,energi island,0: energi island,
0,energi island,0: energi island,
0,energi island,0: energi island,
0,energi island,0: energi island,
0,energi island,0: energi island,
0,energi island,0: energi island,
0,energi island,0: energi island,
0,energi island,0: energi island,
0,energi island,0: energi island,
0,energi island,0: energi island,
0,energi island,0: energi island,
0,energi island,0: energi island,
0,energi island,0: energi island,
0,energi island,0: energi island,
0,energi island,0: energi island,
0,energi island,0: energi island,
0,energi island,0: energi island,
0,energi island,0: energi island,
0,energi island,0: energi island,
0,energi island,0: energi island,
0,energi island,0: energi island,
0,energi island,0: energi island,
0,energi island,0: energi island,
0,energi island,0: energi island,
0,energi island,0: energi island,
0,energi island,0: energi island,
0,energi island,0: energi island,
0,energi island,0: energi island,
0,energi island,0: energi island,
0,energi island,0: energi island,
0,energi island,0: energi island,
0,energi island,0: energi island,
0,energi island,0: energi island,
0,energi island,0: energi island,
0,energi island,0: energi island,
0,energi island,0: energi island,
0,energi island,0: energi island,
0,energi island,0: energi island,
0,energi island,0: energi island,
0,energi island,0: energi island,
0,energi island,0: energi island,
0,energi island,0: energi island,
0,energi island,0: energi island,
0,energi island,0: energi island,
0,energi island,0: energi island,
0,energi island,0: energi island,
0,energi island,0: energi island,
0,energi island,0: energi island,
0,energi island,0: energi island,
0,energi island,0: energi island,
0,energi island,0: energi island,
0,energi island,0: energi island,
0,energi island,0: energi island,
0,energi island,0: energi island,
0,energi island,0: energi island,
0,energi island,0: energi island,
0,energi island,0: energi island,
0,energi island,0: energi island,
0,energi island,0: energi island,
0,energi island,0: energi island,
0,energi island,0: energi island,
0,energi island,0: energi island,
0,energi island,0: energi island,
0,energi island,0: energi island,
0,energi island,0: energi island,
0,energi island,0: energi island,
0,energi island,0: energi island,
0,energi island,0: energi island,
0,energi island,0: energi island,
0,energi island,0: energi island,
0,energi island,0: energi island,
0,energi island,0: energi island,
0,energi island,0: energi island,
0,energi island,0: energi island,
0,energi island,0: energi island,
0,energi island,0: energi island,
0,energi island,0: energi island,
0,energi island,0: energi island,
0,energi island,0: energi island,
0,energi island,0: energi island,
0,energi island,0: energi island,
0,energi island,0: energi island,
0,energi island,0: energi island,
0,energi island,0: energi island,
0,energi island,0: energi island,
0,energi island,0: energi island,
3,offshor wind,3: offshor wind,
3,offshor wind,3: offshor wind,
3,offshor wind,3: offshor wind,
3,offshor wind,3: offshor wind,
3,offshor wind,3: offshor wind,
3,offshor wind,3: offshor wind,
3,offshor wind,3: offshor wind,
3,offshor wind,3: offshor wind,
3,offshor wind,3: offshor wind,
3,offshor wind,3: offshor wind,
3,offshor wind,3: offshor wind,
3,offshor wind,3: offshor wind,
3,offshor wind,3: offshor wind,
3,offshor wind,3: offshor wind,
3,offshor wind,3: offshor wind,
3,offshor wind,3: offshor wind,
3,offshor wind,3: offshor wind,
3,offshor wind,3: offshor wind,
3,offshor wind,3: offshor wind,
3,offshor wind,3: offshor wind,
3,offshor wind,3: offshor wind,
3,offshor wind,3: offshor wind,
3,offshor wind,3: offshor wind,
3,offshor wind,3: offshor wind,
3,offshor wind,3: offshor wind,
3,offshor wind,3: offshor wind,
3,offshor wind,3: offshor wind,
3,offshor wind,3: offshor wind,
3,offshor wind,3: offshor wind,
3,offshor wind,3: offshor wind,
3,offshor wind,3: offshor wind,
3,offshor wind,3: offshor wind,
3,offshor wind,3: offshor wind,
3,offshor wind,3: offshor wind,
3,offshor wind,3: offshor wind,
3,offshor wind,3: offshor wind,
3,offshor wind,3: offshor wind,
3,offshor wind,3: offshor wind,
3,offshor wind,3: offshor wind,
3,offshor wind,3: offshor wind,
3,offshor wind,3: offshor wind,
3,offshor wind,3: offshor wind,
3,offshor wind,3: offshor wind,
3,offshor wind,3: offshor wind,
3,offshor wind,3: offshor wind,
3,offshor wind,3: offshor wind,
3,offshor wind,3: offshor wind,
3,offshor wind,3: offshor wind,
3,offshor wind,3: offshor wind,
3,offshor wind,3: offshor wind,
3,offshor wind,3: offshor wind,
3,offshor wind,3: offshor wind,
3,offshor wind,3: offshor wind,
3,offshor wind,3: offshor wind,
3,offshor wind,3: offshor wind,
3,offshor wind,3: offshor wind,
3,offshor wind,3: offshor wind,
3,offshor wind,3: offshor wind,
3,offshor wind,3: offshor wind,
3,offshor wind,3: offshor wind,
3,offshor wind,3: offshor wind,
3,offshor wind,3: offshor wind,
3,offshor wind,3: offshor wind,
3,offshor wind,3: offshor wind,
3,offshor wind,3: offshor wind,
3,offshor wind,3: offshor wind,
3,offshor wind,3: offshor wind,
3,offshor wind,3: offshor wind,
3,offshor wind,3: offshor wind,
3,offshor wind,3: offshor wind,
3,offshor wind,3: offshor wind,
3,offshor wind,3: offshor wind,
3,offshor wind,3: offshor wind,
3,offshor wind,3: offshor wind,
3,offshor wind,3: offshor wind,
3,offshor wind,3: offshor wind,
3,offshor wind,3: offshor wind,
3,offshor wind,3: offshor wind,
3,offshor wind,3: offshor wind,
3,offshor wind,3: offshor wind,
3,offshor wind,3: offshor wind,
3,offshor wind,3: offshor wind,
3,offshor wind,3: offshor wind,
3,offshor wind,3: offshor wind,
3,offshor wind,3: offshor wind,
3,offshor wind,3: offshor wind,
3,offshor wind,3: offshor wind,
3,offshor wind,3: offshor wind,
3,offshor wind,3: offshor wind,
3,offshor wind,3: offshor wind,
3,offshor wind,3: offshor wind,
3,offshor wind,3: offshor wind,
3,offshor wind,3: offshor wind,
3,offshor wind,3: offshor wind,
3,offshor wind,3: offshor wind,
3,offshor wind,3: offshor wind,
3,offshor wind,3: offshor wind,
3,offshor wind,3: offshor wind,
3,offshor wind,3: offshor wind,
3,offshor wind,3: offshor wind,
3,offshor wind,3: offshor wind,
3,offshor wind,3: offshor wind,
3,offshor wind,3: offshor wind,
3,offshor wind,3: offshor wind,
3,offshor wind,3: offshor wind,
3,offshor wind,3: offshor wind,
3,offshor wind,3: offshor wind,
3,offshor wind,3: offshor wind,
3,offshor wind,3: offshor wind,
3,offshor wind,3: offshor wind,
3,offshor wind,3: offshor wind,
3,offshor wind,3: offshor wind,
3,offshor wind,3: offshor wind,
0,energi island,0: energi island,
0,energi island,0: energi island,
0,energi island,0: energi island,
0,energi island,0: energi island,
0,energi island,0: energi island,
0,energi island,0: energi island,
0,energi island,0: energi island,
0,energi island,0: energi island,
0,energi island,0: energi island,
0,energi island,0: energi island,
0,energi island,0: energi island,
0,energi island,0: energi island,
0,energi island,0: energi island,
0,energi island,0: energi island,
0,energi island,0: energi island,
0,energi island,0: energi island,
0,energi island,0: energi island,
0,energi island,0: energi island,
0,energi island,0: energi island,
0,energi island,0: energi island,
0,energi island,0: energi island,
0,energi island,0: energi island,
0,energi island,0: energi island,
0,energi island,0: energi island,
0,energi island,0: energi island,
0,energi island,0: energi island,
0,energi island,0: energi island,
0,energi island,0: energi island,
0,energi island,0: energi island,
0,energi island,0: energi island,
0,energi island,0: energi island,
0,energi island,0: energi island,
0,energi island,0: energi island,
0,energi island,0: energi island,
0,energi island,0: energi island,
0,energi island,0: energi island,
0,energi island,0: energi island,
0,energi island,0: energi island,
0,energi island,0: energi island,
0,energi island,0: energi island,
0,energi island,0: energi island,
0,energi island,0: energi island,
0,energi island,0: energi island,
0,energi island,0: energi island,
0,energi island,0: energi island,
0,energi island,0: energi island,
0,energi island,0: energi island,
0,energi island,0: energi island,
0,energi island,0: energi island,
0,energi island,0: energi island,
0,energi island,0: energi island,
0,energi island,0: energi island,
0,energi island,0: energi island,
0,energi island,0: energi island,
0,energi island,0: energi island,
0,energi island,0: energi island,
0,energi island,0: energi island,
0,energi island,0: energi island,
0,energi island,0: energi island,
0,energi island,0: energi island,
0,energi island,0: energi island,
0,energi island,0: energi island,
0,energi island,0: energi island,
0,energi island,0: energi island,
0,energi island,0: energi island,
0,energi island,0: energi island,
0,energi island,0: energi island,
0,energi island,0: energi island,
0,energi island,0: energi island,
0,energi island,0: energi island,
0,energi island,0: energi island,
0,energi island,0: energi island,
0,energi island,0: energi island,
0,energi island,0: energi island,
0,energi island,0: energi island,
0,energi island,0: energi island,
0,energi island,0: energi island,
0,energi island,0: energi island,
0,energi island,0: energi island,
0,energi island,0: energi island,
0,energi island,0: energi island,
0,energi island,0: energi island,
0,energi island,0: energi island,
0,energi island,0: energi island,
0,energi island,0: energi island,
0,energi island,0: energi island,
0,energi island,0: energi island,
0,energi island,0: energi island,
0,energi island,0: energi island,
0,energi island,0: energi island,
0,energi island,0: energi island,
0,energi island,0: energi island,
0,energi island,0: energi island,
0,energi island,0: energi island,
0,energi island,0: energi island,
0,energi island,0: energi island,
0,energi island,0: energi island,
0,energi island,0: energi island,
0,energi island,0: energi island,
0,energi island,0: energi island,
0,energi island,0: energi island,
0,energi island,0: energi island,
0,energi island,0: energi island,
0,energi island,0: energi island,
0,energi island,0: energi island,
0,energi island,0: energi island,
0,energi island,0: energi island,
0,energi island,0: energi island,
0,energi island,0: energi island,
0,energi island,0: energi island,
0,energi island,0: energi island,
0,energi island,0: energi island,
0,energi island,0: energi island,
0,energi island,0: energi island,
0,energi island,0: energi island,
0,energi island,0: energi island,
0,energi island,0: energi island,
0,energi island,0: energi island,
0,energi island,0: energi island,
0,energi island,0: energi island,
0,energi island,0: energi island,
0,energi island,0: energi island,
0,energi island,0: energi island,
0,energi island,0: energi island,
0,energi island,0: energi island,
0,energi island,0: energi island,
0,energi island,0: energi island,
0,energi island,0: energi island,
0,energi island,0: energi island,
0,energi island,0: energi island,
0,energi island,0: energi island,
0,energi island,0: energi island,
0,energi island,0: energi island,
0,energi island,0: energi island,
0,energi island,0: energi island,
0,energi island,0: energi island,
0,energi island,0: energi island,
0,energi island,0: energi island,
0,energi island,0: energi island,
0,energi island,0: energi island,
0,energi island,0: energi island,
0,energi island,0: energi island,
0,energi island,0: energi island,
0,energi island,0: energi island,
0,energi island,0: energi island,
0,energi island,0: energi island,
0,energi island,0: energi island,
0,energi island,0: energi island,
0,energi island,0: energi island,
0,energi island,0: energi island,
0,energi island,0: energi island,
0,energi island,0: energi island,
0,energi island,0: energi island,
0,energi island,0: energi island,
0,energi island,0: energi island,
0,energi island,0: energi island,
0,energi island,0: energi island,
8,wind turbin,8: wind turbin,
8,wind turbin,8: wind turbin,
8,wind turbin,8: wind turbin,
8,wind turbin,8: wind turbin,
8,wind turbin,8: wind turbin,
8,wind turbin,8: wind turbin,
8,wind turbin,8: wind turbin,
8,wind turbin,8: wind turbin,
8,wind turbin,8: wind turbin,
8,wind turbin,8: wind turbin,
8,wind turbin,8: wind turbin,
8,wind turbin,8: wind turbin,
8,wind turbin,8: wind turbin,
8,wind turbin,8: wind turbin,
8,wind turbin,8: wind turbin,
8,wind turbin,8: wind turbin,
8,wind turbin,8: wind turbin,
8,wind turbin,8: wind turbin,
8,wind turbin,8: wind turbin,
8,wind turbin,8: wind turbin,
8,wind turbin,8: wind turbin,
8,wind turbin,8: wind turbin,
8,wind turbin,8: wind turbin,
8,wind turbin,8: wind turbin,
8,wind turbin,8: wind turbin,
8,wind turbin,8: wind turbin,
8,wind turbin,8: wind turbin,
8,wind turbin,8: wind turbin,
8,wind turbin,8: wind turbin,
8,wind turbin,8: wind turbin,
8,wind turbin,8: wind turbin,
8,wind turbin,8: wind turbin,
8,wind turbin,8: wind turbin,
8,wind turbin,8: wind turbin,
8,wind turbin,8: wind turbin,
8,wind turbin,8: wind turbin,
8,wind turbin,8: wind turbin,
8,wind turbin,8: wind turbin,
8,wind turbin,8: wind turbin,
8,wind turbin,8: wind turbin,
8,wind turbin,8: wind turbin,
8,wind turbin,8: wind turbin,
8,wind turbin,8: wind turbin,
8,wind turbin,8: wind turbin,
8,wind turbin,8: wind turbin,
8,wind turbin,8: wind turbin,
8,wind turbin,8: wind turbin,
8,wind turbin,8: wind turbin,
8,wind turbin,8: wind turbin,
8,wind turbin,8: wind turbin,
8,wind turbin,8: wind turbin,
8,wind turbin,8: wind turbin,
8,wind turbin,8: wind turbin,
8,wind turbin,8: wind turbin,
8,wind turbin,8: wind turbin,
8,wind turbin,8: wind turbin,
8,wind turbin,8: wind turbin,
8,wind turbin,8: wind turbin,
8,wind turbin,8: wind turbin,
8,wind turbin,8: wind turbin,
8,wind turbin,8: wind turbin,
8,wind turbin,8: wind turbin,
8,wind turbin,8: wind turbin,
8,wind turbin,8: wind turbin,
8,wind turbin,8: wind turbin,
8,wind turbin,8: wind turbin,
8,wind turbin,8: wind turbin,
8,wind turbin,8: wind turbin,
8,wind turbin,8: wind turbin,
8,wind turbin,8: wind turbin,
8,wind turbin,8: wind turbin,
8,wind turbin,8: wind turbin,
8,wind turbin,8: wind turbin,
8,wind turbin,8: wind turbin,
8,wind turbin,8: wind turbin,
8,wind turbin,8: wind turbin,
8,wind turbin,8: wind turbin,
8,wind turbin,8: wind turbin,
8,wind turbin,8: wind turbin,
8,wind turbin,8: wind turbin,
8,wind turbin,8: wind turbin,
8,wind turbin,8: wind turbin,
8,wind turbin,8: wind turbin,
8,wind turbin,8: wind turbin,
8,wind turbin,8: wind turbin,
8,wind turbin,8: wind turbin,
8,wind turbin,8: wind turbin,
8,wind turbin,8: wind turbin,
8,wind turbin,8: wind turbin,
8,wind turbin,8: wind turbin,
8,wind turbin,8: wind turbin,
8,wind turbin,8: wind turbin,
8,wind turbin,8: wind turbin,
8,wind turbin,8: wind turbin,
8,wind turbin,8: wind turbin,
8,wind turbin,8: wind turbin,
8,wind turbin,8: wind turbin,
8,wind turbin,8: wind turbin,
8,wind turbin,8: wind turbin,
8,wind turbin,8: wind turbin,
8,wind turbin,8: wind turbin,
8,wind turbin,8: wind turbin,
8,wind turbin,8: wind turbin,
8,wind turbin,8: wind turbin,
8,wind turbin,8: wind turbin,
8,wind turbin,8: wind turbin,
8,wind turbin,8: wind turbin,
8,wind turbin,8: wind turbin,
8,wind turbin,8: wind turbin,
8,wind turbin,8: wind turbin,
8,wind turbin,8: wind turbin,
8,wind turbin,8: wind turbin,
8,wind turbin,8: wind turbin,
8,wind turbin,8: wind turbin,
8,wind turbin,8: wind turbin,
8,wind turbin,8: wind turbin,
8,wind turbin,8: wind turbin,
8,wind turbin,8: wind turbin,
8,wind turbin,8: wind turbin,
8,wind turbin,8: wind turbin,
8,wind turbin,8: wind turbin,
8,wind turbin,8: wind turbin,
8,wind turbin,8: wind turbin,
8,wind turbin,8: wind turbin,
8,wind turbin,8: wind turbin,
8,wind turbin,8: wind turbin,
8,wind turbin,8: wind turbin,
8,wind turbin,8: wind turbin,
8,wind turbin,8: wind turbin,
8,wind turbin,8: wind turbin,
8,wind turbin,8: wind turbin,
8,wind turbin,8: wind turbin,
8,wind turbin,8: wind turbin,
8,wind turbin,8: wind turbin,
8,wind turbin,8: wind turbin,
8,wind turbin,8: wind turbin,
8,wind turbin,8: wind turbin,
8,wind turbin,8: wind turbin,
8,wind turbin,8: wind turbin,
8,wind turbin,8: wind turbin,
8,wind turbin,8: wind turbin,
8,wind turbin,8: wind turbin,
8,wind turbin,8: wind turbin,
8,wind turbin,8: wind turbin,
8,wind turbin,8: wind turbin,
8,wind turbin,8: wind turbin,
8,wind turbin,8: wind turbin,
8,wind turbin,8: wind turbin,
8,wind turbin,8: wind turbin,
8,wind turbin,8: wind turbin,
8,wind turbin,8: wind turbin,
8,wind turbin,8: wind turbin,
8,wind turbin,8: wind turbin,
8,wind turbin,8: wind turbin,
8,wind turbin,8: wind turbin,
8,wind turbin,8: wind turbin,
8,wind turbin,8: wind turbin,
8,wind turbin,8: wind turbin,
8,wind turbin,8: wind turbin,
8,wind turbin,8: wind turbin,
8,wind turbin,8: wind turbin,
8,wind turbin,8: wind turbin,
8,wind turbin,8: wind turbin,
8,wind turbin,8: wind turbin,
8,wind turbin,8: wind turbin,
8,wind turbin,8: wind turbin,
8,wind turbin,8: wind turbin,
8,wind turbin,8: wind turbin,
8,wind turbin,8: wind turbin,
8,wind turbin,8: wind turbin,
8,wind turbin,8: wind turbin,
8,wind turbin,8: wind turbin,
8,wind turbin,8: wind turbin,
8,wind turbin,8: wind turbin,
8,wind turbin,8: wind turbin,
8,wind turbin,8: wind turbin,
8,wind turbin,8: wind turbin,
8,wind turbin,8: wind turbin,
8,wind turbin,8: wind turbin,
8,wind turbin,8: wind turbin,
8,wind turbin,8: wind turbin,
8,wind turbin,8: wind turbin,
8,wind turbin,8: wind turbin,
8,wind turbin,8: wind turbin,
8,wind turbin,8: wind turbin,
8,wind turbin,8: wind turbin,
8,wind turbin,8: wind turbin,
8,wind turbin,8: wind turbin,
8,wind turbin,8: wind turbin,
8,wind turbin,8: wind turbin,
8,wind turbin,8: wind turbin,
8,wind turbin,8: wind turbin,
8,wind turbin,8: wind turbin,
8,wind turbin,8: wind turbin,
8,wind turbin,8: wind turbin,
8,wind turbin,8: wind turbin,
8,wind turbin,8: wind turbin,
8,wind turbin,8: wind turbin,
8,wind turbin,8: wind turbin,
8,wind turbin,8: wind turbin,
8,wind turbin,8: wind turbin,
8,wind turbin,8: wind turbin,
8,wind turbin,8: wind turbin,
8,wind turbin,8: wind turbin,
8,wind turbin,8: wind turbin,
8,wind turbin,8: wind turbin,
8,wind turbin,8: wind turbin,
8,wind turbin,8: wind turbin,
8,wind turbin,8: wind turbin,
8,wind turbin,8: wind turbin,
8,wind turbin,8: wind turbin,
8,wind turbin,8: wind turbin,
8,wind turbin,8: wind turbin,
8,wind turbin,8: wind turbin,
8,wind turbin,8: wind turbin,
8,wind turbin,8: wind turbin,
8,wind turbin,8: wind turbin,
8,wind turbin,8: wind turbin,
8,wind turbin,8: wind turbin,
8,wind turbin,8: wind turbin,
8,wind turbin,8: wind turbin,
8,wind turbin,8: wind turbin,
8,wind turbin,8: wind turbin,
8,wind turbin,8: wind turbin,
8,wind turbin,8: wind turbin,
8,wind turbin,8: wind turbin,
8,wind turbin,8: wind turbin,
8,wind turbin,8: wind turbin,
8,wind turbin,8: wind turbin,
8,wind turbin,8: wind turbin,
8,wind turbin,8: wind turbin,
8,wind turbin,8: wind turbin,
8,wind turbin,8: wind turbin,
8,wind turbin,8: wind turbin,
8,wind turbin,8: wind turbin,
8,wind turbin,8: wind turbin,
8,wind turbin,8: wind turbin,
8,wind turbin,8: wind turbin,
8,wind turbin,8: wind turbin,
8,wind turbin,8: wind turbin,
8,wind turbin,8: wind turbin,
8,wind turbin,8: wind turbin,
8,wind turbin,8: wind turbin,
8,wind turbin,8: wind turbin,
8,wind turbin,8: wind turbin,
8,wind turbin,8: wind turbin,
8,wind turbin,8: wind turbin,
8,wind turbin,8: wind turbin,
8,wind turbin,8: wind turbin,
8,wind turbin,8: wind turbin,
8,wind turbin,8: wind turbin,
8,wind turbin,8: wind turbin,
8,wind turbin,8: wind turbin,
8,wind turbin,8: wind turbin,
8,wind turbin,8: wind turbin,
8,wind turbin,8: wind turbin,
8,wind turbin,8: wind turbin,
8,wind turbin,8: wind turbin,
8,wind turbin,8: wind turbin,
8,wind turbin,8: wind turbin,
6,energiø bornholm,6: energiø bornholm,
6,energiø bornholm,6: energiø bornholm,
6,energiø bornholm,6: energiø bornholm,
6,energiø bornholm,6: energiø bornholm,
6,energiø bornholm,6: energiø bornholm,
6,energiø bornholm,6: energiø bornholm,
6,energiø bornholm,6: energiø bornholm,
6,energiø bornholm,6: energiø bornholm,
6,energiø bornholm,6: energiø bornholm,
6,energiø bornholm,6: energiø bornholm,
6,energiø bornholm,6: energiø bornholm,
6,energiø bornholm,6: energiø bornholm,
6,energiø bornholm,6: energiø bornholm,
6,energiø bornholm,6: energiø bornholm,
6,energiø bornholm,6: energiø bornholm,
6,energiø bornholm,6: energiø bornholm,
6,energiø bornholm,6: energiø bornholm,
6,energiø bornholm,6: energiø bornholm,
6,energiø bornholm,6: energiø bornholm,
6,energiø bornholm,6: energiø bornholm,
6,energiø bornholm,6: energiø bornholm,
6,energiø bornholm,6: energiø bornholm,
6,energiø bornholm,6: energiø bornholm,
6,energiø bornholm,6: energiø bornholm,
6,energiø bornholm,6: energiø bornholm,
6,energiø bornholm,6: energiø bornholm,
6,energiø bornholm,6: energiø bornholm,
6,energiø bornholm,6: energiø bornholm,
6,energiø bornholm,6: energiø bornholm,
6,energiø bornholm,6: energiø bornholm,
6,energiø bornholm,6: energiø bornholm,
6,energiø bornholm,6: energiø bornholm,
6,energiø bornholm,6: energiø bornholm,
6,energiø bornholm,6: energiø bornholm,
6,energiø bornholm,6: energiø bornholm,
6,energiø bornholm,6: energiø bornholm,
6,energiø bornholm,6: energiø bornholm,
6,energiø bornholm,6: energiø bornholm,
6,energiø bornholm,6: energiø bornholm,
6,energiø bornholm,6: energiø bornholm,
6,energiø bornholm,6: energiø bornholm,
6,energiø bornholm,6: energiø bornholm,
6,energiø bornholm,6: energiø bornholm,
6,energiø bornholm,6: energiø bornholm,
6,energiø bornholm,6: energiø bornholm,
6,energiø bornholm,6: energiø bornholm,
6,energiø bornholm,6: energiø bornholm,
6,energiø bornholm,6: energiø bornholm,
6,energiø bornholm,6: energiø bornholm,
6,energiø bornholm,6: energiø bornholm,
6,energiø bornholm,6: energiø bornholm,
6,energiø bornholm,6: energiø bornholm,
6,energiø bornholm,6: energiø bornholm,
6,energiø bornholm,6: energiø bornholm,
6,energiø bornholm,6: energiø bornholm,
6,energiø bornholm,6: energiø bornholm,
6,energiø bornholm,6: energiø bornholm,
6,energiø bornholm,6: energiø bornholm,
6,energiø bornholm,6: energiø bornholm,
6,energiø bornholm,6: energiø bornholm,
6,energiø bornholm,6: energiø bornholm,
6,energiø bornholm,6: energiø bornholm,
6,energiø bornholm,6: energiø bornholm,
6,energiø bornholm,6: energiø bornholm,
6,energiø bornholm,6: energiø bornholm,
6,energiø bornholm,6: energiø bornholm,
6,energiø bornholm,6: energiø bornholm,
6,energiø bornholm,6: energiø bornholm,
6,energiø bornholm,6: energiø bornholm,
6,energiø bornholm,6: energiø bornholm,
6,energiø bornholm,6: energiø bornholm,
6,energiø bornholm,6: energiø bornholm,
6,energiø bornholm,6: energiø bornholm,
6,energiø bornholm,6: energiø bornholm,
6,energiø bornholm,6: energiø bornholm,
6,energiø bornholm,6: energiø bornholm,
6,energiø bornholm,6: energiø bornholm,
6,energiø bornholm,6: energiø bornholm,
6,energiø bornholm,6: energiø bornholm,
6,energiø bornholm,6: energiø bornholm,
6,energiø bornholm,6: energiø bornholm,
6,energiø bornholm,6: energiø bornholm,
6,energiø bornholm,6: energiø bornholm,
6,energiø bornholm,6: energiø bornholm,
6,energiø bornholm,6: energiø bornholm,
6,energiø bornholm,6: energiø bornholm,
6,energiø bornholm,6: energiø bornholm,
6,energiø bornholm,6: energiø bornholm,
6,energiø bornholm,6: energiø bornholm,
6,energiø bornholm,6: energiø bornholm,
6,energiø bornholm,6: energiø bornholm,
6,energiø bornholm,6: energiø bornholm,
6,energiø bornholm,6: energiø bornholm,
6,energiø bornholm,6: energiø bornholm,
6,energiø bornholm,6: energiø bornholm,
6,energiø bornholm,6: energiø bornholm,
6,energiø bornholm,6: energiø bornholm,
6,energiø bornholm,6: energiø bornholm,
6,energiø bornholm,6: energiø bornholm,
6,energiø bornholm,6: energiø bornholm,
6,energiø bornholm,6: energiø bornholm,
6,energiø bornholm,6: energiø bornholm,
6,energiø bornholm,6: energiø bornholm,
6,energiø bornholm,6: energiø bornholm,
6,energiø bornholm,6: energiø bornholm,
6,energiø bornholm,6: energiø bornholm,
6,energiø bornholm,6: energiø bornholm,
6,energiø bornholm,6: energiø bornholm,
6,energiø bornholm,6: energiø bornholm,
6,energiø bornholm,6: energiø bornholm,
6,energiø bornholm,6: energiø bornholm,
6,energiø bornholm,6: energiø bornholm,
6,energiø bornholm,6: energiø bornholm,
6,energiø bornholm,6: energiø bornholm,
6,energiø bornholm,6: energiø bornholm,
6,energiø bornholm,6: energiø bornholm,
6,energiø bornholm,6: energiø bornholm,
6,energiø bornholm,6: energiø bornholm,
6,energiø bornholm,6: energiø bornholm,
6,energiø bornholm,6: energiø bornholm,
6,energiø bornholm,6: energiø bornholm,
6,energiø bornholm,6: energiø bornholm,
6,energiø bornholm,6: energiø bornholm,
6,energiø bornholm,6: energiø bornholm,
6,energiø bornholm,6: energiø bornholm,
6,energiø bornholm,6: energiø bornholm,
6,energiø bornholm,6: energiø bornholm,
6,energiø bornholm,6: energiø bornholm,
6,energiø bornholm,6: energiø bornholm,
6,energiø bornholm,6: energiø bornholm,
6,energiø bornholm,6: energiø bornholm,
6,energiø bornholm,6: energiø bornholm,
6,energiø bornholm,6: energiø bornholm,
6,energiø bornholm,6: energiø bornholm,
6,energiø bornholm,6: energiø bornholm,
6,energiø bornholm,6: energiø bornholm,
6,energiø bornholm,6: energiø bornholm,
6,energiø bornholm,6: energiø bornholm,
6,energiø bornholm,6: energiø bornholm,
6,energiø bornholm,6: energiø bornholm,
6,energiø bornholm,6: energiø bornholm,
6,energiø bornholm,6: energiø bornholm,
6,energiø bornholm,6: energiø bornholm,
6,energiø bornholm,6: energiø bornholm,
6,energiø bornholm,6: energiø bornholm,
6,energiø bornholm,6: energiø bornholm,
6,energiø bornholm,6: energiø bornholm,
6,energiø bornholm,6: energiø bornholm,
6,energiø bornholm,6: energiø bornholm,
6,energiø bornholm,6: energiø bornholm,
6,energiø bornholm,6: energiø bornholm,
6,energiø bornholm,6: energiø bornholm,
6,energiø bornholm,6: energiø bornholm,
6,energiø bornholm,6: energiø bornholm,
6,energiø bornholm,6: energiø bornholm,
6,energiø bornholm,6: energiø bornholm,
6,energiø bornholm,6: energiø bornholm,
6,energiø bornholm,6: energiø bornholm,
6,energiø bornholm,6: energiø bornholm,
6,energiø bornholm,6: energiø bornholm,
6,energiø bornholm,6: energiø bornholm,
6,energiø bornholm,6: energiø bornholm,
6,energiø bornholm,6: energiø bornholm,
6,energiø bornholm,6: energiø bornholm,
6,energiø bornholm,6: energiø bornholm,
6,energiø bornholm,6: energiø bornholm,
6,energiø bornholm,6: energiø bornholm,
6,energiø bornholm,6: energiø bornholm,
6,energiø bornholm,6: energiø bornholm,
6,energiø bornholm,6: energiø bornholm,
6,energiø bornholm,6: energiø bornholm,
6,energiø bornholm,6: energiø bornholm,
6,energiø bornholm,6: energiø bornholm,
6,energiø bornholm,6: energiø bornholm,
6,energiø bornholm,6: energiø bornholm,
6,energiø bornholm,6: energiø bornholm,
6,energiø bornholm,6: energiø bornholm,
6,energiø bornholm,6: energiø bornholm,
6,energiø bornholm,6: energiø bornholm,
6,energiø bornholm,6: energiø bornholm,
6,energiø bornholm,6: energiø bornholm,
6,energiø bornholm,6: energiø bornholm,
6,energiø bornholm,6: energiø bornholm,
6,energiø bornholm,6: energiø bornholm,
6,energiø bornholm,6: energiø bornholm,
6,energiø bornholm,6: energiø bornholm,
6,energiø bornholm,6: energiø bornholm,
6,energiø bornholm,6: energiø bornholm,
6,energiø bornholm,6: energiø bornholm,
6,energiø bornholm,6: energiø bornholm,
6,energiø bornholm,6: energiø bornholm,
6,energiø bornholm,6: energiø bornholm,
6,energiø bornholm,6: energiø bornholm,
6,energiø bornholm,6: energiø bornholm,
6,energiø bornholm,6: energiø bornholm,
6,energiø bornholm,6: energiø bornholm,
6,energiø bornholm,6: energiø bornholm,
6,energiø bornholm,6: energiø bornholm,
6,energiø bornholm,6: energiø bornholm,
6,energiø bornholm,6: energiø bornholm,
6,energiø bornholm,6: energiø bornholm,
6,energiø bornholm,6: energiø bornholm,
6,energiø bornholm,6: energiø bornholm,
6,energiø bornholm,6: energiø bornholm,
6,energiø bornholm,6: energiø bornholm,
6,energiø bornholm,6: energiø bornholm,
6,energiø bornholm,6: energiø bornholm,
6,energiø bornholm,6: energiø bornholm,
6,energiø bornholm,6: energiø bornholm,
6,energiø bornholm,6: energiø bornholm,
6,energiø bornholm,6: energiø bornholm,
6,energiø bornholm,6: energiø bornholm,
6,energiø bornholm,6: energiø bornholm,
6,energiø bornholm,6: energiø bornholm,
6,energiø bornholm,6: energiø bornholm,
6,energiø bornholm,6: energiø bornholm,
6,energiø bornholm,6: energiø bornholm,
6,energiø bornholm,6: energiø bornholm,
6,energiø bornholm,6: energiø bornholm,
6,energiø bornholm,6: energiø bornholm,
6,energiø bornholm,6: energiø bornholm,
6,energiø bornholm,6: energiø bornholm,
6,energiø bornholm,6: energiø bornholm,
6,energiø bornholm,6: energiø bornholm,
6,energiø bornholm,6: energiø bornholm,
6,energiø bornholm,6: energiø bornholm,
6,energiø bornholm,6: energiø bornholm,
6,energiø bornholm,6: energiø bornholm,
6,energiø bornholm,6: energiø bornholm,
6,energiø bornholm,6: energiø bornholm,
6,energiø bornholm,6: energiø bornholm,
6,energiø bornholm,6: energiø bornholm,
6,energiø bornholm,6: energiø bornholm,
6,energiø bornholm,6: energiø bornholm,
6,energiø bornholm,6: energiø bornholm,
6,energiø bornholm,6: energiø bornholm,
6,energiø bornholm,6: energiø bornholm,
6,energiø bornholm,6: energiø bornholm,
6,energiø bornholm,6: energiø bornholm,
6,energiø bornholm,6: energiø bornholm,
6,energiø bornholm,6: energiø bornholm,
6,energiø bornholm,6: energiø bornholm,
6,energiø bornholm,6: energiø bornholm,
6,energiø bornholm,6: energiø bornholm,
6,energiø bornholm,6: energiø bornholm,
6,energiø bornholm,6: energiø bornholm,
6,energiø bornholm,6: energiø bornholm,
6,energiø bornholm,6: energiø bornholm,
6,energiø bornholm,6: energiø bornholm,
6,energiø bornholm,6: energiø bornholm,
6,energiø bornholm,6: energiø bornholm,
6,energiø bornholm,6: energiø bornholm,
6,energiø bornholm,6: energiø bornholm,
6,energiø bornholm,6: energiø bornholm,
6,energiø bornholm,6: energiø bornholm,
6,energiø bornholm,6: energiø bornholm,
6,energiø bornholm,6: energiø bornholm,
6,energiø bornholm,6: energiø bornholm,
6,energiø bornholm,6: energiø bornholm,
6,energiø bornholm,6: energiø bornholm,
6,energiø bornholm,6: energiø bornholm,
6,energiø bornholm,6: energiø bornholm,
6,energiø bornholm,6: energiø bornholm,
6,energiø bornholm,6: energiø bornholm,
6,energiø bornholm,6: energiø bornholm,
6,energiø bornholm,6: energiø bornholm,
6,energiø bornholm,6: energiø bornholm,
6,energiø bornholm,6: energiø bornholm,
6,energiø bornholm,6: energiø bornholm,
6,energiø bornholm,6: energiø bornholm,
6,energiø bornholm,6: energiø bornholm,
6,energiø bornholm,6: energiø bornholm,
6,energiø bornholm,6: energiø bornholm,
6,energiø bornholm,6: energiø bornholm,
6,energiø bornholm,6: energiø bornholm,
6,energiø bornholm,6: energiø bornholm,
6,energiø bornholm,6: energiø bornholm,
6,energiø bornholm,6: energiø bornholm,
6,energiø bornholm,6: energiø bornholm,
6,energiø bornholm,6: energiø bornholm,
6,energiø bornholm,6: energiø bornholm,
6,energiø bornholm,6: energiø bornholm,
6,energiø bornholm,6: energiø bornholm,
6,energiø bornholm,6: energiø bornholm,
6,energiø bornholm,6: energiø bornholm,
6,energiø bornholm,6: energiø bornholm,
6,energiø bornholm,6: energiø bornholm,
6,energiø bornholm,6: energiø bornholm,
6,energiø bornholm,6: energiø bornholm,
6,energiø bornholm,6: energiø bornholm,
6,energiø bornholm,6: energiø bornholm,
6,energiø bornholm,6: energiø bornholm,
6,energiø bornholm,6: energiø bornholm,
6,energiø bornholm,6: energiø bornholm,
6,energiø bornholm,6: energiø bornholm,
6,energiø bornholm,6: energiø bornholm,
6,energiø bornholm,6: energiø bornholm,
6,energiø bornholm,6: energiø bornholm,
6,energiø bornholm,6: energiø bornholm,
6,energiø bornholm,6: energiø bornholm,
6,energiø bornholm,6: energiø bornholm,
6,energiø bornholm,6: energiø bornholm,
6,energiø bornholm,6: energiø bornholm,
6,energiø bornholm,6: energiø bornholm,
6,energiø bornholm,6: energiø bornholm,
6,energiø bornholm,6: energiø bornholm,
6,energiø bornholm,6: energiø bornholm,
6,energiø bornholm,6: energiø bornholm,
6,energiø bornholm,6: energiø bornholm,
6,energiø bornholm,6: energiø bornholm,
6,energiø bornholm,6: energiø bornholm,
6,energiø bornholm,6: energiø bornholm,
6,energiø bornholm,6: energiø bornholm,
6,energiø bornholm,6: energiø bornholm,
6,energiø bornholm,6: energiø bornholm,
6,energiø bornholm,6: energiø bornholm,
6,energiø bornholm,6: energiø bornholm,
6,energiø bornholm,6: energiø bornholm,
6,energiø bornholm,6: energiø bornholm,
6,energiø bornholm,6: energiø bornholm,
6,energiø bornholm,6: energiø bornholm,
6,energiø bornholm,6: energiø bornholm,
6,energiø bornholm,6: energiø bornholm,
6,energiø bornholm,6: energiø bornholm,
6,energiø bornholm,6: energiø bornholm,
6,energiø bornholm,6: energiø bornholm,
6,energiø bornholm,6: energiø bornholm,
6,energiø bornholm,6: energiø bornholm,
6,energiø bornholm,6: energiø bornholm,
6,energiø bornholm,6: energiø bornholm,
6,energiø bornholm,6: energiø bornholm,
6,energiø bornholm,6: energiø bornholm,
6,energiø bornholm,6: energiø bornholm,
6,energiø bornholm,6: energiø bornholm,
6,energiø bornholm,6: energiø bornholm,
6,energiø bornholm,6: energiø bornholm,
6,energiø bornholm,6: energiø bornholm,
6,energiø bornholm,6: energiø bornholm,
6,energiø bornholm,6: energiø bornholm,
6,energiø bornholm,6: energiø bornholm,
6,energiø bornholm,6: energiø bornholm,
6,energiø bornholm,6: energiø bornholm,
4,baltic sea,4: baltic sea,
4,baltic sea,4: baltic sea,
4,baltic sea,4: baltic sea,
4,baltic sea,4: baltic sea,
4,baltic sea,4: baltic sea,
4,baltic sea,4: baltic sea,
4,baltic sea,4: baltic sea,
4,baltic sea,4: baltic sea,
4,baltic sea,4: baltic sea,
4,baltic sea,4: baltic sea,
4,baltic sea,4: baltic sea,
4,baltic sea,4: baltic sea,
4,baltic sea,4: baltic sea,
4,baltic sea,4: baltic sea,
4,baltic sea,4: baltic sea,
4,baltic sea,4: baltic sea,
4,baltic sea,4: baltic sea,
4,baltic sea,4: baltic sea,
4,baltic sea,4: baltic sea,
4,baltic sea,4: baltic sea,
4,baltic sea,4: baltic sea,
4,baltic sea,4: baltic sea,
4,baltic sea,4: baltic sea,
4,baltic sea,4: baltic sea,
4,baltic sea,4: baltic sea,
4,baltic sea,4: baltic sea,
4,baltic sea,4: baltic sea,
4,baltic sea,4: baltic sea,
4,baltic sea,4: baltic sea,
4,baltic sea,4: baltic sea,
4,baltic sea,4: baltic sea,
4,baltic sea,4: baltic sea,
4,baltic sea,4: baltic sea,
4,baltic sea,4: baltic sea,
4,baltic sea,4: baltic sea,
4,baltic sea,4: baltic sea,
4,baltic sea,4: baltic sea,
4,baltic sea,4: baltic sea,
4,baltic sea,4: baltic sea,
4,baltic sea,4: baltic sea,
4,baltic sea,4: baltic sea,
4,baltic sea,4: baltic sea,
4,baltic sea,4: baltic sea,
4,baltic sea,4: baltic sea,
4,baltic sea,4: baltic sea,
4,baltic sea,4: baltic sea,
4,baltic sea,4: baltic sea,
4,baltic sea,4: baltic sea,
4,baltic sea,4: baltic sea,
4,baltic sea,4: baltic sea,
4,baltic sea,4: baltic sea,
4,baltic sea,4: baltic sea,
4,baltic sea,4: baltic sea,
4,baltic sea,4: baltic sea,
4,baltic sea,4: baltic sea,
4,baltic sea,4: baltic sea,
4,baltic sea,4: baltic sea,
4,baltic sea,4: baltic sea,
4,baltic sea,4: baltic sea,
4,baltic sea,4: baltic sea,
4,baltic sea,4: baltic sea,
4,baltic sea,4: baltic sea,
4,baltic sea,4: baltic sea,
4,baltic sea,4: baltic sea,
4,baltic sea,4: baltic sea,
4,baltic sea,4: baltic sea,
4,baltic sea,4: baltic sea,
4,baltic sea,4: baltic sea,
4,baltic sea,4: baltic sea,
4,baltic sea,4: baltic sea,
4,baltic sea,4: baltic sea,
4,baltic sea,4: baltic sea,
4,baltic sea,4: baltic sea,
4,baltic sea,4: baltic sea,
4,baltic sea,4: baltic sea,
4,baltic sea,4: baltic sea,
4,baltic sea,4: baltic sea,
4,baltic sea,4: baltic sea,
4,baltic sea,4: baltic sea,
4,baltic sea,4: baltic sea,
4,baltic sea,4: baltic sea,
4,baltic sea,4: baltic sea,
4,baltic sea,4: baltic sea,
4,baltic sea,4: baltic sea,
4,baltic sea,4: baltic sea,
4,baltic sea,4: baltic sea,
4,baltic sea,4: baltic sea,
4,baltic sea,4: baltic sea,
4,baltic sea,4: baltic sea,
4,baltic sea,4: baltic sea,
4,baltic sea,4: baltic sea,
4,baltic sea,4: baltic sea,
4,baltic sea,4: baltic sea,
4,baltic sea,4: baltic sea,
4,baltic sea,4: baltic sea,
4,baltic sea,4: baltic sea,
4,baltic sea,4: baltic sea,
4,baltic sea,4: baltic sea,
4,baltic sea,4: baltic sea,
4,baltic sea,4: baltic sea,
4,baltic sea,4: baltic sea,
4,baltic sea,4: baltic sea,
4,baltic sea,4: baltic sea,
4,baltic sea,4: baltic sea,
4,baltic sea,4: baltic sea,
4,baltic sea,4: baltic sea,
4,baltic sea,4: baltic sea,
4,baltic sea,4: baltic sea,
4,baltic sea,4: baltic sea,
4,baltic sea,4: baltic sea,
4,baltic sea,4: baltic sea,
4,baltic sea,4: baltic sea,
4,baltic sea,4: baltic sea,
4,baltic sea,4: baltic sea,
4,baltic sea,4: baltic sea,
4,baltic sea,4: baltic sea,
4,baltic sea,4: baltic sea,
4,baltic sea,4: baltic sea,
4,baltic sea,4: baltic sea,
4,baltic sea,4: baltic sea,
4,baltic sea,4: baltic sea,
4,baltic sea,4: baltic sea,
4,baltic sea,4: baltic sea,
4,baltic sea,4: baltic sea,
4,baltic sea,4: baltic sea,
4,baltic sea,4: baltic sea,
4,baltic sea,4: baltic sea,
4,baltic sea,4: baltic sea,
4,baltic sea,4: baltic sea,
4,baltic sea,4: baltic sea,
4,baltic sea,4: baltic sea,
4,baltic sea,4: baltic sea,
4,baltic sea,4: baltic sea,
4,baltic sea,4: baltic sea,
4,baltic sea,4: baltic sea,
4,baltic sea,4: baltic sea,
4,baltic sea,4: baltic sea,
4,baltic sea,4: baltic sea,
4,baltic sea,4: baltic sea,
4,baltic sea,4: baltic sea,
4,baltic sea,4: baltic sea,
4,baltic sea,4: baltic sea,
4,baltic sea,4: baltic sea,
4,baltic sea,4: baltic sea,
4,baltic sea,4: baltic sea,
4,baltic sea,4: baltic sea,
4,baltic sea,4: baltic sea,
4,baltic sea,4: baltic sea,
4,baltic sea,4: baltic sea,
4,baltic sea,4: baltic sea,
4,baltic sea,4: baltic sea,
4,baltic sea,4: baltic sea,
4,baltic sea,4: baltic sea,
4,baltic sea,4: baltic sea,
4,baltic sea,4: baltic sea,
4,baltic sea,4: baltic sea,
4,baltic sea,4: baltic sea,
4,baltic sea,4: baltic sea,
4,baltic sea,4: baltic sea,
4,baltic sea,4: baltic sea,
4,baltic sea,4: baltic sea,
4,baltic sea,4: baltic sea,
4,baltic sea,4: baltic sea,
4,baltic sea,4: baltic sea,
4,baltic sea,4: baltic sea,
4,baltic sea,4: baltic sea,
4,baltic sea,4: baltic sea,
4,baltic sea,4: baltic sea,
4,baltic sea,4: baltic sea,
4,baltic sea,4: baltic sea,
4,baltic sea,4: baltic sea,
4,baltic sea,4: baltic sea,
4,baltic sea,4: baltic sea,
4,baltic sea,4: baltic sea,
4,baltic sea,4: baltic sea,
4,baltic sea,4: baltic sea,
4,baltic sea,4: baltic sea,
4,baltic sea,4: baltic sea,
4,baltic sea,4: baltic sea,
4,baltic sea,4: baltic sea,
4,baltic sea,4: baltic sea,
4,baltic sea,4: baltic sea,
4,baltic sea,4: baltic sea,
4,baltic sea,4: baltic sea,
4,baltic sea,4: baltic sea,
4,baltic sea,4: baltic sea,
4,baltic sea,4: baltic sea,
4,baltic sea,4: baltic sea,
4,baltic sea,4: baltic sea,
4,baltic sea,4: baltic sea,
4,baltic sea,4: baltic sea,
4,baltic sea,4: baltic sea,
4,baltic sea,4: baltic sea,
4,baltic sea,4: baltic sea,
4,baltic sea,4: baltic sea,
4,baltic sea,4: baltic sea,
4,baltic sea,4: baltic sea,
4,baltic sea,4: baltic sea,
4,baltic sea,4: baltic sea,
4,baltic sea,4: baltic sea,
4,baltic sea,4: baltic sea,
4,baltic sea,4: baltic sea,
4,baltic sea,4: baltic sea,
4,baltic sea,4: baltic sea,
4,baltic sea,4: baltic sea,
4,baltic sea,4: baltic sea,
4,baltic sea,4: baltic sea,
4,baltic sea,4: baltic sea,
4,baltic sea,4: baltic sea,
4,baltic sea,4: baltic sea,
4,baltic sea,4: baltic sea,
4,baltic sea,4: baltic sea,
4,baltic sea,4: baltic sea,
4,baltic sea,4: baltic sea,
4,baltic sea,4: baltic sea,
4,baltic sea,4: baltic sea,
4,baltic sea,4: baltic sea,
4,baltic sea,4: baltic sea,
4,baltic sea,4: baltic sea,
4,baltic sea,4: baltic sea,
4,baltic sea,4: baltic sea,
4,baltic sea,4: baltic sea,
4,baltic sea,4: baltic sea,
4,baltic sea,4: baltic sea,
4,baltic sea,4: baltic sea,
4,baltic sea,4: baltic sea,
4,baltic sea,4: baltic sea,
4,baltic sea,4: baltic sea,
4,baltic sea,4: baltic sea,
4,baltic sea,4: baltic sea,
4,baltic sea,4: baltic sea,
4,baltic sea,4: baltic sea,
4,baltic sea,4: baltic sea,
4,baltic sea,4: baltic sea,
4,baltic sea,4: baltic sea,
4,baltic sea,4: baltic sea,
4,baltic sea,4: baltic sea,
4,baltic sea,4: baltic sea,
4,baltic sea,4: baltic sea,
4,baltic sea,4: baltic sea,
4,baltic sea,4: baltic sea,
4,baltic sea,4: baltic sea,
4,baltic sea,4: baltic sea,
4,baltic sea,4: baltic sea,
4,baltic sea,4: baltic sea,
4,baltic sea,4: baltic sea,
4,baltic sea,4: baltic sea,
4,baltic sea,4: baltic sea,
4,baltic sea,4: baltic sea,
4,baltic sea,4: baltic sea,
4,baltic sea,4: baltic sea,
4,baltic sea,4: baltic sea,
4,baltic sea,4: baltic sea,
4,baltic sea,4: baltic sea,
4,baltic sea,4: baltic sea,
4,baltic sea,4: baltic sea,
4,baltic sea,4: baltic sea,
4,baltic sea,4: baltic sea,
4,baltic sea,4: baltic sea,
4,baltic sea,4: baltic sea,
4,baltic sea,4: baltic sea,
4,baltic sea,4: baltic sea,
4,baltic sea,4: baltic sea,
4,baltic sea,4: baltic sea,
4,baltic sea,4: baltic sea,
4,baltic sea,4: baltic sea,
4,baltic sea,4: baltic sea,
4,baltic sea,4: baltic sea,
4,baltic sea,4: baltic sea,
4,baltic sea,4: baltic sea,
4,baltic sea,4: baltic sea,
4,baltic sea,4: baltic sea,
4,baltic sea,4: baltic sea,
4,baltic sea,4: baltic sea,
4,baltic sea,4: baltic sea,
4,baltic sea,4: baltic sea,
6,energiø bornholm,6: energiø bornholm,
6,energiø bornholm,6: energiø bornholm,
6,energiø bornholm,6: energiø bornholm,
6,energiø bornholm,6: energiø bornholm,
6,energiø bornholm,6: energiø bornholm,
6,energiø bornholm,6: energiø bornholm,
6,energiø bornholm,6: energiø bornholm,
6,energiø bornholm,6: energiø bornholm,
6,energiø bornholm,6: energiø bornholm,
6,energiø bornholm,6: energiø bornholm,
6,energiø bornholm,6: energiø bornholm,
6,energiø bornholm,6: energiø bornholm,
6,energiø bornholm,6: energiø bornholm,
6,energiø bornholm,6: energiø bornholm,
6,energiø bornholm,6: energiø bornholm,
6,energiø bornholm,6: energiø bornholm,
6,energiø bornholm,6: energiø bornholm,
6,energiø bornholm,6: energiø bornholm,
6,energiø bornholm,6: energiø bornholm,
6,energiø bornholm,6: energiø bornholm,
6,energiø bornholm,6: energiø bornholm,
6,energiø bornholm,6: energiø bornholm,
6,energiø bornholm,6: energiø bornholm,
6,energiø bornholm,6: energiø bornholm,
6,energiø bornholm,6: energiø bornholm,
6,energiø bornholm,6: energiø bornholm,
6,energiø bornholm,6: energiø bornholm,
6,energiø bornholm,6: energiø bornholm,
6,energiø bornholm,6: energiø bornholm,
6,energiø bornholm,6: energiø bornholm,
6,energiø bornholm,6: energiø bornholm,
6,energiø bornholm,6: energiø bornholm,
6,energiø bornholm,6: energiø bornholm,
6,energiø bornholm,6: energiø bornholm,
6,energiø bornholm,6: energiø bornholm,
6,energiø bornholm,6: energiø bornholm,
6,energiø bornholm,6: energiø bornholm,
6,energiø bornholm,6: energiø bornholm,
6,energiø bornholm,6: energiø bornholm,
6,energiø bornholm,6: energiø bornholm,
6,energiø bornholm,6: energiø bornholm,
6,energiø bornholm,6: energiø bornholm,
6,energiø bornholm,6: energiø bornholm,
6,energiø bornholm,6: energiø bornholm,
6,energiø bornholm,6: energiø bornholm,
6,energiø bornholm,6: energiø bornholm,
6,energiø bornholm,6: energiø bornholm,
6,energiø bornholm,6: energiø bornholm,
6,energiø bornholm,6: energiø bornholm,
6,energiø bornholm,6: energiø bornholm,
6,energiø bornholm,6: energiø bornholm,
6,energiø bornholm,6: energiø bornholm,
6,energiø bornholm,6: energiø bornholm,
6,energiø bornholm,6: energiø bornholm,
6,energiø bornholm,6: energiø bornholm,
6,energiø bornholm,6: energiø bornholm,
6,energiø bornholm,6: energiø bornholm,
6,energiø bornholm,6: energiø bornholm,
6,energiø bornholm,6: energiø bornholm,
6,energiø bornholm,6: energiø bornholm,
6,energiø bornholm,6: energiø bornholm,
6,energiø bornholm,6: energiø bornholm,
6,energiø bornholm,6: energiø bornholm,
6,energiø bornholm,6: energiø bornholm,
6,energiø bornholm,6: energiø bornholm,
6,energiø bornholm,6: energiø bornholm,
6,energiø bornholm,6: energiø bornholm,
6,energiø bornholm,6: energiø bornholm,
6,energiø bornholm,6: energiø bornholm,
6,energiø bornholm,6: energiø bornholm,
6,energiø bornholm,6: energiø bornholm,
6,energiø bornholm,6: energiø bornholm,
6,energiø bornholm,6: energiø bornholm,
6,energiø bornholm,6: energiø bornholm,
6,energiø bornholm,6: energiø bornholm,
6,energiø bornholm,6: energiø bornholm,
6,energiø bornholm,6: energiø bornholm,
6,energiø bornholm,6: energiø bornholm,
6,energiø bornholm,6: energiø bornholm,
6,energiø bornholm,6: energiø bornholm,
6,energiø bornholm,6: energiø bornholm,
6,energiø bornholm,6: energiø bornholm,
6,energiø bornholm,6: energiø bornholm,
6,energiø bornholm,6: energiø bornholm,
6,energiø bornholm,6: energiø bornholm,
6,energiø bornholm,6: energiø bornholm,
6,energiø bornholm,6: energiø bornholm,
6,energiø bornholm,6: energiø bornholm,
6,energiø bornholm,6: energiø bornholm,
6,energiø bornholm,6: energiø bornholm,
6,energiø bornholm,6: energiø bornholm,
6,energiø bornholm,6: energiø bornholm,
6,energiø bornholm,6: energiø bornholm,
6,energiø bornholm,6: energiø bornholm,
6,energiø bornholm,6: energiø bornholm,
6,energiø bornholm,6: energiø bornholm,
6,energiø bornholm,6: energiø bornholm,
6,energiø bornholm,6: energiø bornholm,
6,energiø bornholm,6: energiø bornholm,
6,energiø bornholm,6: energiø bornholm,
6,energiø bornholm,6: energiø bornholm,
6,energiø bornholm,6: energiø bornholm,
6,energiø bornholm,6: energiø bornholm,
6,energiø bornholm,6: energiø bornholm,
6,energiø bornholm,6: energiø bornholm,
6,energiø bornholm,6: energiø bornholm,
6,energiø bornholm,6: energiø bornholm,
6,energiø bornholm,6: energiø bornholm,
6,energiø bornholm,6: energiø bornholm,
6,energiø bornholm,6: energiø bornholm,
6,energiø bornholm,6: energiø bornholm,
6,energiø bornholm,6: energiø bornholm,
6,energiø bornholm,6: energiø bornholm,
6,energiø bornholm,6: energiø bornholm,
6,energiø bornholm,6: energiø bornholm,
6,energiø bornholm,6: energiø bornholm,
6,energiø bornholm,6: energiø bornholm,
6,energiø bornholm,6: energiø bornholm,
6,energiø bornholm,6: energiø bornholm,
6,energiø bornholm,6: energiø bornholm,
6,energiø bornholm,6: energiø bornholm,
6,energiø bornholm,6: energiø bornholm,
6,energiø bornholm,6: energiø bornholm,
6,energiø bornholm,6: energiø bornholm,
6,energiø bornholm,6: energiø bornholm,
6,energiø bornholm,6: energiø bornholm,
6,energiø bornholm,6: energiø bornholm,
6,energiø bornholm,6: energiø bornholm,
6,energiø bornholm,6: energiø bornholm,
6,energiø bornholm,6: energiø bornholm,
6,energiø bornholm,6: energiø bornholm,
6,energiø bornholm,6: energiø bornholm,
6,energiø bornholm,6: energiø bornholm,
6,energiø bornholm,6: energiø bornholm,
6,energiø bornholm,6: energiø bornholm,
6,energiø bornholm,6: energiø bornholm,
6,energiø bornholm,6: energiø bornholm,
6,energiø bornholm,6: energiø bornholm,
6,energiø bornholm,6: energiø bornholm,
6,energiø bornholm,6: energiø bornholm,
6,energiø bornholm,6: energiø bornholm,
6,energiø bornholm,6: energiø bornholm,
6,energiø bornholm,6: energiø bornholm,
6,energiø bornholm,6: energiø bornholm,
6,energiø bornholm,6: energiø bornholm,
6,energiø bornholm,6: energiø bornholm,
6,energiø bornholm,6: energiø bornholm,
6,energiø bornholm,6: energiø bornholm,
6,energiø bornholm,6: energiø bornholm,
6,energiø bornholm,6: energiø bornholm,
6,energiø bornholm,6: energiø bornholm,
6,energiø bornholm,6: energiø bornholm,
6,energiø bornholm,6: energiø bornholm,
6,energiø bornholm,6: energiø bornholm,
6,energiø bornholm,6: energiø bornholm,
6,energiø bornholm,6: energiø bornholm,
6,energiø bornholm,6: energiø bornholm,
6,energiø bornholm,6: energiø bornholm,
6,energiø bornholm,6: energiø bornholm,
6,energiø bornholm,6: energiø bornholm,
6,energiø bornholm,6: energiø bornholm,
6,energiø bornholm,6: energiø bornholm,
6,energiø bornholm,6: energiø bornholm,
6,energiø bornholm,6: energiø bornholm,
6,energiø bornholm,6: energiø bornholm,
6,energiø bornholm,6: energiø bornholm,
6,energiø bornholm,6: energiø bornholm,
6,energiø bornholm,6: energiø bornholm,
6,energiø bornholm,6: energiø bornholm,
6,energiø bornholm,6: energiø bornholm,
6,energiø bornholm,6: energiø bornholm,
8,wind turbin,8: wind turbin,
8,wind turbin,8: wind turbin,
8,wind turbin,8: wind turbin,
8,wind turbin,8: wind turbin,
8,wind turbin,8: wind turbin,
8,wind turbin,8: wind turbin,
8,wind turbin,8: wind turbin,
8,wind turbin,8: wind turbin,
8,wind turbin,8: wind turbin,
8,wind turbin,8: wind turbin,
8,wind turbin,8: wind turbin,
8,wind turbin,8: wind turbin,
8,wind turbin,8: wind turbin,
8,wind turbin,8: wind turbin,
8,wind turbin,8: wind turbin,
8,wind turbin,8: wind turbin,
8,wind turbin,8: wind turbin,
8,wind turbin,8: wind turbin,
8,wind turbin,8: wind turbin,
8,wind turbin,8: wind turbin,
8,wind turbin,8: wind turbin,
8,wind turbin,8: wind turbin,
8,wind turbin,8: wind turbin,
8,wind turbin,8: wind turbin,
8,wind turbin,8: wind turbin,
8,wind turbin,8: wind turbin,
8,wind turbin,8: wind turbin,
8,wind turbin,8: wind turbin,
8,wind turbin,8: wind turbin,
8,wind turbin,8: wind turbin,
8,wind turbin,8: wind turbin,
8,wind turbin,8: wind turbin,
8,wind turbin,8: wind turbin,
8,wind turbin,8: wind turbin,
8,wind turbin,8: wind turbin,
8,wind turbin,8: wind turbin,
8,wind turbin,8: wind turbin,
8,wind turbin,8: wind turbin,
8,wind turbin,8: wind turbin,
8,wind turbin,8: wind turbin,
8,wind turbin,8: wind turbin,
8,wind turbin,8: wind turbin,
8,wind turbin,8: wind turbin,
8,wind turbin,8: wind turbin,
8,wind turbin,8: wind turbin,
8,wind turbin,8: wind turbin,
8,wind turbin,8: wind turbin,
8,wind turbin,8: wind turbin,
8,wind turbin,8: wind turbin,
8,wind turbin,8: wind turbin,
8,wind turbin,8: wind turbin,
8,wind turbin,8: wind turbin,
8,wind turbin,8: wind turbin,
8,wind turbin,8: wind turbin,
8,wind turbin,8: wind turbin,
8,wind turbin,8: wind turbin,
8,wind turbin,8: wind turbin,
8,wind turbin,8: wind turbin,
8,wind turbin,8: wind turbin,
8,wind turbin,8: wind turbin,
8,wind turbin,8: wind turbin,
8,wind turbin,8: wind turbin,
8,wind turbin,8: wind turbin,
8,wind turbin,8: wind turbin,
8,wind turbin,8: wind turbin,
8,wind turbin,8: wind turbin,
8,wind turbin,8: wind turbin,
8,wind turbin,8: wind turbin,
8,wind turbin,8: wind turbin,
8,wind turbin,8: wind turbin,
8,wind turbin,8: wind turbin,
8,wind turbin,8: wind turbin,
8,wind turbin,8: wind turbin,
8,wind turbin,8: wind turbin,
8,wind turbin,8: wind turbin,
8,wind turbin,8: wind turbin,
8,wind turbin,8: wind turbin,
8,wind turbin,8: wind turbin,
8,wind turbin,8: wind turbin,
8,wind turbin,8: wind turbin,
8,wind turbin,8: wind turbin,
8,wind turbin,8: wind turbin,
8,wind turbin,8: wind turbin,
8,wind turbin,8: wind turbin,
8,wind turbin,8: wind turbin,
8,wind turbin,8: wind turbin,
8,wind turbin,8: wind turbin,
8,wind turbin,8: wind turbin,
8,wind turbin,8: wind turbin,
8,wind turbin,8: wind turbin,
8,wind turbin,8: wind turbin,
8,wind turbin,8: wind turbin,
8,wind turbin,8: wind turbin,
8,wind turbin,8: wind turbin,
8,wind turbin,8: wind turbin,
8,wind turbin,8: wind turbin,
8,wind turbin,8: wind turbin,
8,wind turbin,8: wind turbin,
8,wind turbin,8: wind turbin,
8,wind turbin,8: wind turbin,
8,wind turbin,8: wind turbin,
8,wind turbin,8: wind turbin,
8,wind turbin,8: wind turbin,
8,wind turbin,8: wind turbin,
8,wind turbin,8: wind turbin,
8,wind turbin,8: wind turbin,
8,wind turbin,8: wind turbin,
8,wind turbin,8: wind turbin,
8,wind turbin,8: wind turbin,
8,wind turbin,8: wind turbin,
8,wind turbin,8: wind turbin,
8,wind turbin,8: wind turbin,
8,wind turbin,8: wind turbin,
8,wind turbin,8: wind turbin,
8,wind turbin,8: wind turbin,
8,wind turbin,8: wind turbin,
8,wind turbin,8: wind turbin,
8,wind turbin,8: wind turbin,
8,wind turbin,8: wind turbin,
8,wind turbin,8: wind turbin,
8,wind turbin,8: wind turbin,
8,wind turbin,8: wind turbin,
8,wind turbin,8: wind turbin,
8,wind turbin,8: wind turbin,
8,wind turbin,8: wind turbin,
8,wind turbin,8: wind turbin,
8,wind turbin,8: wind turbin,
8,wind turbin,8: wind turbin,
8,wind turbin,8: wind turbin,
8,wind turbin,8: wind turbin,
8,wind turbin,8: wind turbin,
8,wind turbin,8: wind turbin,
8,wind turbin,8: wind turbin,
8,wind turbin,8: wind turbin,
8,wind turbin,8: wind turbin,
8,wind turbin,8: wind turbin,
8,wind turbin,8: wind turbin,
8,wind turbin,8: wind turbin,
8,wind turbin,8: wind turbin,
8,wind turbin,8: wind turbin,
8,wind turbin,8: wind turbin,
8,wind turbin,8: wind turbin,
8,wind turbin,8: wind turbin,
8,wind turbin,8: wind turbin,
8,wind turbin,8: wind turbin,
8,wind turbin,8: wind turbin,
8,wind turbin,8: wind turbin,
8,wind turbin,8: wind turbin,
8,wind turbin,8: wind turbin,
8,wind turbin,8: wind turbin,
8,wind turbin,8: wind turbin,
8,wind turbin,8: wind turbin,
8,wind turbin,8: wind turbin,
8,wind turbin,8: wind turbin,
8,wind turbin,8: wind turbin,
8,wind turbin,8: wind turbin,
8,wind turbin,8: wind turbin,
8,wind turbin,8: wind turbin,
8,wind turbin,8: wind turbin,
8,wind turbin,8: wind turbin,
8,wind turbin,8: wind turbin,
8,wind turbin,8: wind turbin,
8,wind turbin,8: wind turbin,
8,wind turbin,8: wind turbin,
8,wind turbin,8: wind turbin,
8,wind turbin,8: wind turbin,
8,wind turbin,8: wind turbin,
8,wind turbin,8: wind turbin,
8,wind turbin,8: wind turbin,
8,wind turbin,8: wind turbin,
8,wind turbin,8: wind turbin,
8,wind turbin,8: wind turbin,
8,wind turbin,8: wind turbin,
8,wind turbin,8: wind turbin,
8,wind turbin,8: wind turbin,
8,wind turbin,8: wind turbin,
8,wind turbin,8: wind turbin,
8,wind turbin,8: wind turbin,
8,wind turbin,8: wind turbin,
8,wind turbin,8: wind turbin,
8,wind turbin,8: wind turbin,
8,wind turbin,8: wind turbin,
8,wind turbin,8: wind turbin,
8,wind turbin,8: wind turbin,
8,wind turbin,8: wind turbin,
8,wind turbin,8: wind turbin,
8,wind turbin,8: wind turbin,
8,wind turbin,8: wind turbin,
8,wind turbin,8: wind turbin,
8,wind turbin,8: wind turbin,
8,wind turbin,8: wind turbin,
8,wind turbin,8: wind turbin,
8,wind turbin,8: wind turbin,
8,wind turbin,8: wind turbin,
8,wind turbin,8: wind turbin,
8,wind turbin,8: wind turbin,
8,wind turbin,8: wind turbin,
8,wind turbin,8: wind turbin,
8,wind turbin,8: wind turbin,
8,wind turbin,8: wind turbin,
8,wind turbin,8: wind turbin,
8,wind turbin,8: wind turbin,
8,wind turbin,8: wind turbin,
8,wind turbin,8: wind turbin,
8,wind turbin,8: wind turbin,
8,wind turbin,8: wind turbin,
8,wind turbin,8: wind turbin,
8,wind turbin,8: wind turbin,
8,wind turbin,8: wind turbin,
8,wind turbin,8: wind turbin,
8,wind turbin,8: wind turbin,
8,wind turbin,8: wind turbin,
8,wind turbin,8: wind turbin,
8,wind turbin,8: wind turbin,
8,wind turbin,8: wind turbin,
8,wind turbin,8: wind turbin,
8,wind turbin,8: wind turbin,
8,wind turbin,8: wind turbin,
8,wind turbin,8: wind turbin,
8,wind turbin,8: wind turbin,
8,wind turbin,8: wind turbin,
8,wind turbin,8: wind turbin,
8,wind turbin,8: wind turbin,
8,wind turbin,8: wind turbin,
8,wind turbin,8: wind turbin,
8,wind turbin,8: wind turbin,
8,wind turbin,8: wind turbin,
8,wind turbin,8: wind turbin,
8,wind turbin,8: wind turbin,
8,wind turbin,8: wind turbin,
8,wind turbin,8: wind turbin,
8,wind turbin,8: wind turbin,
8,wind turbin,8: wind turbin,
8,wind turbin,8: wind turbin,
8,wind turbin,8: wind turbin,
8,wind turbin,8: wind turbin,
8,wind turbin,8: wind turbin,
8,wind turbin,8: wind turbin,
8,wind turbin,8: wind turbin,
8,wind turbin,8: wind turbin,
8,wind turbin,8: wind turbin,
8,wind turbin,8: wind turbin,
8,wind turbin,8: wind turbin,
8,wind turbin,8: wind turbin,
8,wind turbin,8: wind turbin,
8,wind turbin,8: wind turbin,
8,wind turbin,8: wind turbin,
8,wind turbin,8: wind turbin,
8,wind turbin,8: wind turbin,
8,wind turbin,8: wind turbin,
8,wind turbin,8: wind turbin,
8,wind turbin,8: wind turbin,
8,wind turbin,8: wind turbin,
8,wind turbin,8: wind turbin,
8,wind turbin,8: wind turbin,
8,wind turbin,8: wind turbin,
8,wind turbin,8: wind turbin,
8,wind turbin,8: wind turbin,
8,wind turbin,8: wind turbin,
8,wind turbin,8: wind turbin,
4,baltic sea,4: baltic sea,
4,baltic sea,4: baltic sea,
4,baltic sea,4: baltic sea,
4,baltic sea,4: baltic sea,
4,baltic sea,4: baltic sea,
4,baltic sea,4: baltic sea,
4,baltic sea,4: baltic sea,
4,baltic sea,4: baltic sea,
4,baltic sea,4: baltic sea,
4,baltic sea,4: baltic sea,
4,baltic sea,4: baltic sea,
4,baltic sea,4: baltic sea,
4,baltic sea,4: baltic sea,
4,baltic sea,4: baltic sea,
4,baltic sea,4: baltic sea,
4,baltic sea,4: baltic sea,
4,baltic sea,4: baltic sea,
4,baltic sea,4: baltic sea,
4,baltic sea,4: baltic sea,
4,baltic sea,4: baltic sea,
4,baltic sea,4: baltic sea,
4,baltic sea,4: baltic sea,
4,baltic sea,4: baltic sea,
4,baltic sea,4: baltic sea,
4,baltic sea,4: baltic sea,
4,baltic sea,4: baltic sea,
4,baltic sea,4: baltic sea,
4,baltic sea,4: baltic sea,
4,baltic sea,4: baltic sea,
4,baltic sea,4: baltic sea,
4,baltic sea,4: baltic sea,
4,baltic sea,4: baltic sea,
4,baltic sea,4: baltic sea,
4,baltic sea,4: baltic sea,
4,baltic sea,4: baltic sea,
4,baltic sea,4: baltic sea,
4,baltic sea,4: baltic sea,
4,baltic sea,4: baltic sea,
4,baltic sea,4: baltic sea,
4,baltic sea,4: baltic sea,
4,baltic sea,4: baltic sea,
4,baltic sea,4: baltic sea,
4,baltic sea,4: baltic sea,
4,baltic sea,4: baltic sea,
4,baltic sea,4: baltic sea,
4,baltic sea,4: baltic sea,
4,baltic sea,4: baltic sea,
4,baltic sea,4: baltic sea,
4,baltic sea,4: baltic sea,
4,baltic sea,4: baltic sea,
4,baltic sea,4: baltic sea,
4,baltic sea,4: baltic sea,
4,baltic sea,4: baltic sea,
4,baltic sea,4: baltic sea,
4,baltic sea,4: baltic sea,
4,baltic sea,4: baltic sea,
4,baltic sea,4: baltic sea,
4,baltic sea,4: baltic sea,
4,baltic sea,4: baltic sea,
4,baltic sea,4: baltic sea,
4,baltic sea,4: baltic sea,
4,baltic sea,4: baltic sea,
4,baltic sea,4: baltic sea,
4,baltic sea,4: baltic sea,
4,baltic sea,4: baltic sea,
4,baltic sea,4: baltic sea,
4,baltic sea,4: baltic sea,
4,baltic sea,4: baltic sea,
4,baltic sea,4: baltic sea,
4,baltic sea,4: baltic sea,
4,baltic sea,4: baltic sea,
4,baltic sea,4: baltic sea,
4,baltic sea,4: baltic sea,
4,baltic sea,4: baltic sea,
4,baltic sea,4: baltic sea,
4,baltic sea,4: baltic sea,
4,baltic sea,4: baltic sea,
4,baltic sea,4: baltic sea,
4,baltic sea,4: baltic sea,
4,baltic sea,4: baltic sea,
4,baltic sea,4: baltic sea,
4,baltic sea,4: baltic sea,
4,baltic sea,4: baltic sea,
4,baltic sea,4: baltic sea,
4,baltic sea,4: baltic sea,
4,baltic sea,4: baltic sea,
4,baltic sea,4: baltic sea,
4,baltic sea,4: baltic sea,
4,baltic sea,4: baltic sea,
4,baltic sea,4: baltic sea,
4,baltic sea,4: baltic sea,
4,baltic sea,4: baltic sea,
4,baltic sea,4: baltic sea,
4,baltic sea,4: baltic sea,
4,baltic sea,4: baltic sea,
4,baltic sea,4: baltic sea,
4,baltic sea,4: baltic sea,
4,baltic sea,4: baltic sea,
4,baltic sea,4: baltic sea,
4,baltic sea,4: baltic sea,
4,baltic sea,4: baltic sea,
4,baltic sea,4: baltic sea,
4,baltic sea,4: baltic sea,
4,baltic sea,4: baltic sea,
4,baltic sea,4: baltic sea,
4,baltic sea,4: baltic sea,
4,baltic sea,4: baltic sea,
4,baltic sea,4: baltic sea,
4,baltic sea,4: baltic sea,
4,baltic sea,4: baltic sea,
4,baltic sea,4: baltic sea,
4,baltic sea,4: baltic sea,
4,baltic sea,4: baltic sea,
4,baltic sea,4: baltic sea,
4,baltic sea,4: baltic sea,
4,baltic sea,4: baltic sea,
4,baltic sea,4: baltic sea,
4,baltic sea,4: baltic sea,
4,baltic sea,4: baltic sea,
4,baltic sea,4: baltic sea,
4,baltic sea,4: baltic sea,
4,baltic sea,4: baltic sea,
4,baltic sea,4: baltic sea,
4,baltic sea,4: baltic sea,
4,baltic sea,4: baltic sea,
4,baltic sea,4: baltic sea,
4,baltic sea,4: baltic sea,
4,baltic sea,4: baltic sea,
4,baltic sea,4: baltic sea,
4,baltic sea,4: baltic sea,
4,baltic sea,4: baltic sea,
4,baltic sea,4: baltic sea,
4,baltic sea,4: baltic sea,
4,baltic sea,4: baltic sea,
4,baltic sea,4: baltic sea,
4,baltic sea,4: baltic sea,
4,baltic sea,4: baltic sea,
4,baltic sea,4: baltic sea,
4,baltic sea,4: baltic sea,
4,baltic sea,4: baltic sea,
4,baltic sea,4: baltic sea,
4,baltic sea,4: baltic sea,
4,baltic sea,4: baltic sea,
4,baltic sea,4: baltic sea,
4,baltic sea,4: baltic sea,
4,baltic sea,4: baltic sea,
4,baltic sea,4: baltic sea,
4,baltic sea,4: baltic sea,
4,baltic sea,4: baltic sea,
4,baltic sea,4: baltic sea,
4,baltic sea,4: baltic sea,
4,baltic sea,4: baltic sea,
4,baltic sea,4: baltic sea,
4,baltic sea,4: baltic sea,
4,baltic sea,4: baltic sea,
4,baltic sea,4: baltic sea,
4,baltic sea,4: baltic sea,
4,baltic sea,4: baltic sea,
4,baltic sea,4: baltic sea,
4,baltic sea,4: baltic sea,
4,baltic sea,4: baltic sea,
4,baltic sea,4: baltic sea,
4,baltic sea,4: baltic sea,
4,baltic sea,4: baltic sea,
4,baltic sea,4: baltic sea,
4,baltic sea,4: baltic sea,
4,baltic sea,4: baltic sea,
4,baltic sea,4: baltic sea,
4,baltic sea,4: baltic sea,
4,baltic sea,4: baltic sea,
4,baltic sea,4: baltic sea,
4,baltic sea,4: baltic sea,
4,baltic sea,4: baltic sea,
4,baltic sea,4: baltic sea,
4,baltic sea,4: baltic sea,
4,baltic sea,4: baltic sea,
4,baltic sea,4: baltic sea,
4,baltic sea,4: baltic sea,
4,baltic sea,4: baltic sea,
4,baltic sea,4: baltic sea,
4,baltic sea,4: baltic sea,
4,baltic sea,4: baltic sea,
4,baltic sea,4: baltic sea,
4,baltic sea,4: baltic sea,
4,baltic sea,4: baltic sea,
4,baltic sea,4: baltic sea,
4,baltic sea,4: baltic sea,
4,baltic sea,4: baltic sea,
4,baltic sea,4: baltic sea,
4,baltic sea,4: baltic sea,
4,baltic sea,4: baltic sea,
4,baltic sea,4: baltic sea,
4,baltic sea,4: baltic sea,
4,baltic sea,4: baltic sea,
4,baltic sea,4: baltic sea,
4,baltic sea,4: baltic sea,
4,baltic sea,4: baltic sea,
4,baltic sea,4: baltic sea,
4,baltic sea,4: baltic sea,
4,baltic sea,4: baltic sea,
4,baltic sea,4: baltic sea,
4,baltic sea,4: baltic sea,
4,baltic sea,4: baltic sea,
4,baltic sea,4: baltic sea,
4,baltic sea,4: baltic sea,
4,baltic sea,4: baltic sea,
4,baltic sea,4: baltic sea,
4,baltic sea,4: baltic sea,
4,baltic sea,4: baltic sea,
4,baltic sea,4: baltic sea,
4,baltic sea,4: baltic sea,
4,baltic sea,4: baltic sea,
4,baltic sea,4: baltic sea,
4,baltic sea,4: baltic sea,
4,baltic sea,4: baltic sea,
4,baltic sea,4: baltic sea,
4,baltic sea,4: baltic sea,
4,baltic sea,4: baltic sea,
4,baltic sea,4: baltic sea,
4,baltic sea,4: baltic sea,
4,baltic sea,4: baltic sea,
4,baltic sea,4: baltic sea,
4,baltic sea,4: baltic sea,
4,baltic sea,4: baltic sea,
4,baltic sea,4: baltic sea,
4,baltic sea,4: baltic sea,
4,baltic sea,4: baltic sea,
4,baltic sea,4: baltic sea,
4,baltic sea,4: baltic sea,
4,baltic sea,4: baltic sea,
4,baltic sea,4: baltic sea,
4,baltic sea,4: baltic sea,
4,baltic sea,4: baltic sea,
4,baltic sea,4: baltic sea,
4,baltic sea,4: baltic sea,
4,baltic sea,4: baltic sea,
4,baltic sea,4: baltic sea,
4,baltic sea,4: baltic sea,
4,baltic sea,4: baltic sea,
4,baltic sea,4: baltic sea,
4,baltic sea,4: baltic sea,
4,baltic sea,4: baltic sea,
4,baltic sea,4: baltic sea,
4,baltic sea,4: baltic sea,
4,baltic sea,4: baltic sea,
4,baltic sea,4: baltic sea,
4,baltic sea,4: baltic sea,
4,baltic sea,4: baltic sea,
4,baltic sea,4: baltic sea,
4,baltic sea,4: baltic sea,
4,baltic sea,4: baltic sea,
4,baltic sea,4: baltic sea,
4,baltic sea,4: baltic sea,
4,baltic sea,4: baltic sea,
4,baltic sea,4: baltic sea,
4,baltic sea,4: baltic sea,
4,baltic sea,4: baltic sea,
4,baltic sea,4: baltic sea,
4,baltic sea,4: baltic sea,
4,baltic sea,4: baltic sea,
4,baltic sea,4: baltic sea,
4,baltic sea,4: baltic sea,
4,baltic sea,4: baltic sea,
4,baltic sea,4: baltic sea,
4,baltic sea,4: baltic sea,
4,baltic sea,4: baltic sea,
4,baltic sea,4: baltic sea,
4,baltic sea,4: baltic sea,
4,baltic sea,4: baltic sea,
4,baltic sea,4: baltic sea,
4,baltic sea,4: baltic sea,
4,baltic sea,4: baltic sea,
4,baltic sea,4: baltic sea,
4,baltic sea,4: baltic sea,
4,baltic sea,4: baltic sea,
4,baltic sea,4: baltic sea,
8,wind turbin,8: wind turbin,
8,wind turbin,8: wind turbin,
8,wind turbin,8: wind turbin,
8,wind turbin,8: wind turbin,
8,wind turbin,8: wind turbin,
8,wind turbin,8: wind turbin,
8,wind turbin,8: wind turbin,
8,wind turbin,8: wind turbin,
8,wind turbin,8: wind turbin,
8,wind turbin,8: wind turbin,
8,wind turbin,8: wind turbin,
8,wind turbin,8: wind turbin,
8,wind turbin,8: wind turbin,
8,wind turbin,8: wind turbin,
8,wind turbin,8: wind turbin,
8,wind turbin,8: wind turbin,
8,wind turbin,8: wind turbin,
8,wind turbin,8: wind turbin,
8,wind turbin,8: wind turbin,
8,wind turbin,8: wind turbin,
8,wind turbin,8: wind turbin,
8,wind turbin,8: wind turbin,
8,wind turbin,8: wind turbin,
8,wind turbin,8: wind turbin,
8,wind turbin,8: wind turbin,
8,wind turbin,8: wind turbin,
8,wind turbin,8: wind turbin,
8,wind turbin,8: wind turbin,
8,wind turbin,8: wind turbin,
8,wind turbin,8: wind turbin,
8,wind turbin,8: wind turbin,
8,wind turbin,8: wind turbin,
8,wind turbin,8: wind turbin,
8,wind turbin,8: wind turbin,
8,wind turbin,8: wind turbin,
8,wind turbin,8: wind turbin,
8,wind turbin,8: wind turbin,
8,wind turbin,8: wind turbin,
8,wind turbin,8: wind turbin,
8,wind turbin,8: wind turbin,
8,wind turbin,8: wind turbin,
8,wind turbin,8: wind turbin,
8,wind turbin,8: wind turbin,
8,wind turbin,8: wind turbin,
8,wind turbin,8: wind turbin,
8,wind turbin,8: wind turbin,
8,wind turbin,8: wind turbin,
8,wind turbin,8: wind turbin,
8,wind turbin,8: wind turbin,
8,wind turbin,8: wind turbin,
8,wind turbin,8: wind turbin,
8,wind turbin,8: wind turbin,
8,wind turbin,8: wind turbin,
8,wind turbin,8: wind turbin,
8,wind turbin,8: wind turbin,
8,wind turbin,8: wind turbin,
8,wind turbin,8: wind turbin,
8,wind turbin,8: wind turbin,
8,wind turbin,8: wind turbin,
8,wind turbin,8: wind turbin,
8,wind turbin,8: wind turbin,
8,wind turbin,8: wind turbin,
8,wind turbin,8: wind turbin,
8,wind turbin,8: wind turbin,
8,wind turbin,8: wind turbin,
8,wind turbin,8: wind turbin,
8,wind turbin,8: wind turbin,
8,wind turbin,8: wind turbin,
8,wind turbin,8: wind turbin,
8,wind turbin,8: wind turbin,
8,wind turbin,8: wind turbin,
8,wind turbin,8: wind turbin,
8,wind turbin,8: wind turbin,
8,wind turbin,8: wind turbin,
8,wind turbin,8: wind turbin,
8,wind turbin,8: wind turbin,
8,wind turbin,8: wind turbin,
8,wind turbin,8: wind turbin,
8,wind turbin,8: wind turbin,
8,wind turbin,8: wind turbin,
8,wind turbin,8: wind turbin,
8,wind turbin,8: wind turbin,
8,wind turbin,8: wind turbin,
8,wind turbin,8: wind turbin,
8,wind turbin,8: wind turbin,
8,wind turbin,8: wind turbin,
8,wind turbin,8: wind turbin,
8,wind turbin,8: wind turbin,
8,wind turbin,8: wind turbin,
8,wind turbin,8: wind turbin,
8,wind turbin,8: wind turbin,
8,wind turbin,8: wind turbin,
8,wind turbin,8: wind turbin,
8,wind turbin,8: wind turbin,
8,wind turbin,8: wind turbin,
8,wind turbin,8: wind turbin,
8,wind turbin,8: wind turbin,
8,wind turbin,8: wind turbin,
8,wind turbin,8: wind turbin,
8,wind turbin,8: wind turbin,
8,wind turbin,8: wind turbin,
8,wind turbin,8: wind turbin,
8,wind turbin,8: wind turbin,
8,wind turbin,8: wind turbin,
8,wind turbin,8: wind turbin,
8,wind turbin,8: wind turbin,
8,wind turbin,8: wind turbin,
8,wind turbin,8: wind turbin,
8,wind turbin,8: wind turbin,
8,wind turbin,8: wind turbin,
8,wind turbin,8: wind turbin,
8,wind turbin,8: wind turbin,
8,wind turbin,8: wind turbin,
8,wind turbin,8: wind turbin,
8,wind turbin,8: wind turbin,
8,wind turbin,8: wind turbin,
8,wind turbin,8: wind turbin,
8,wind turbin,8: wind turbin,
8,wind turbin,8: wind turbin,
8,wind turbin,8: wind turbin,
8,wind turbin,8: wind turbin,
8,wind turbin,8: wind turbin,
8,wind turbin,8: wind turbin,
8,wind turbin,8: wind turbin,
8,wind turbin,8: wind turbin,
8,wind turbin,8: wind turbin,
8,wind turbin,8: wind turbin,
8,wind turbin,8: wind turbin,
8,wind turbin,8: wind turbin,
8,wind turbin,8: wind turbin,
8,wind turbin,8: wind turbin,
8,wind turbin,8: wind turbin,
8,wind turbin,8: wind turbin,
8,wind turbin,8: wind turbin,
8,wind turbin,8: wind turbin,
8,wind turbin,8: wind turbin,
8,wind turbin,8: wind turbin,
8,wind turbin,8: wind turbin,
8,wind turbin,8: wind turbin,
8,wind turbin,8: wind turbin,
8,wind turbin,8: wind turbin,
8,wind turbin,8: wind turbin,
8,wind turbin,8: wind turbin,
8,wind turbin,8: wind turbin,
8,wind turbin,8: wind turbin,
8,wind turbin,8: wind turbin,
8,wind turbin,8: wind turbin,
8,wind turbin,8: wind turbin,
8,wind turbin,8: wind turbin,
8,wind turbin,8: wind turbin,
8,wind turbin,8: wind turbin,
8,wind turbin,8: wind turbin,
8,wind turbin,8: wind turbin,
8,wind turbin,8: wind turbin,
8,wind turbin,8: wind turbin,
8,wind turbin,8: wind turbin,
8,wind turbin,8: wind turbin,
8,wind turbin,8: wind turbin,
8,wind turbin,8: wind turbin,
8,wind turbin,8: wind turbin,
8,wind turbin,8: wind turbin,
8,wind turbin,8: wind turbin,
8,wind turbin,8: wind turbin,
8,wind turbin,8: wind turbin,
8,wind turbin,8: wind turbin,
8,wind turbin,8: wind turbin,
8,wind turbin,8: wind turbin,
8,wind turbin,8: wind turbin,
8,wind turbin,8: wind turbin,
8,wind turbin,8: wind turbin,
8,wind turbin,8: wind turbin,
8,wind turbin,8: wind turbin,
8,wind turbin,8: wind turbin,
8,wind turbin,8: wind turbin,
8,wind turbin,8: wind turbin,
8,wind turbin,8: wind turbin,
8,wind turbin,8: wind turbin,
8,wind turbin,8: wind turbin,
8,wind turbin,8: wind turbin,
8,wind turbin,8: wind turbin,
8,wind turbin,8: wind turbin,
8,wind turbin,8: wind turbin,
8,wind turbin,8: wind turbin,
8,wind turbin,8: wind turbin,
8,wind turbin,8: wind turbin,
8,wind turbin,8: wind turbin,
8,wind turbin,8: wind turbin,
8,wind turbin,8: wind turbin,
8,wind turbin,8: wind turbin,
8,wind turbin,8: wind turbin,
8,wind turbin,8: wind turbin,
8,wind turbin,8: wind turbin,
8,wind turbin,8: wind turbin,
8,wind turbin,8: wind turbin,
8,wind turbin,8: wind turbin,
8,wind turbin,8: wind turbin,
8,wind turbin,8: wind turbin,
8,wind turbin,8: wind turbin,
8,wind turbin,8: wind turbin,
8,wind turbin,8: wind turbin,
8,wind turbin,8: wind turbin,
8,wind turbin,8: wind turbin,
8,wind turbin,8: wind turbin,
8,wind turbin,8: wind turbin,
8,wind turbin,8: wind turbin,
8,wind turbin,8: wind turbin,
8,wind turbin,8: wind turbin,
8,wind turbin,8: wind turbin,
8,wind turbin,8: wind turbin,
8,wind turbin,8: wind turbin,
8,wind turbin,8: wind turbin,
8,wind turbin,8: wind turbin,
8,wind turbin,8: wind turbin,
8,wind turbin,8: wind turbin,
8,wind turbin,8: wind turbin,
8,wind turbin,8: wind turbin,
8,wind turbin,8: wind turbin,
8,wind turbin,8: wind turbin,
8,wind turbin,8: wind turbin,
8,wind turbin,8: wind turbin,
8,wind turbin,8: wind turbin,
8,wind turbin,8: wind turbin,
8,wind turbin,8: wind turbin,
8,wind turbin,8: wind turbin,
8,wind turbin,8: wind turbin,
8,wind turbin,8: wind turbin,
8,wind turbin,8: wind turbin,
8,wind turbin,8: wind turbin,
8,wind turbin,8: wind turbin,
8,wind turbin,8: wind turbin,
8,wind turbin,8: wind turbin,
8,wind turbin,8: wind turbin,
8,wind turbin,8: wind turbin,
8,wind turbin,8: wind turbin,
8,wind turbin,8: wind turbin,
8,wind turbin,8: wind turbin,
8,wind turbin,8: wind turbin,
8,wind turbin,8: wind turbin,
8,wind turbin,8: wind turbin,
8,wind turbin,8: wind turbin,
8,wind turbin,8: wind turbin,
8,wind turbin,8: wind turbin,
8,wind turbin,8: wind turbin,
8,wind turbin,8: wind turbin,
8,wind turbin,8: wind turbin,
8,wind turbin,8: wind turbin,
8,wind turbin,8: wind turbin,
8,wind turbin,8: wind turbin,
8,wind turbin,8: wind turbin,
8,wind turbin,8: wind turbin,
8,wind turbin,8: wind turbin,
8,wind turbin,8: wind turbin,
8,wind turbin,8: wind turbin,
8,wind turbin,8: wind turbin,
8,wind turbin,8: wind turbin,
8,wind turbin,8: wind turbin,
8,wind turbin,8: wind turbin,
8,wind turbin,8: wind turbin,
8,wind turbin,8: wind turbin,
8,wind turbin,8: wind turbin,
4,baltic sea,4: baltic sea,
4,baltic sea,4: baltic sea,
4,baltic sea,4: baltic sea,
4,baltic sea,4: baltic sea,
4,baltic sea,4: baltic sea,
4,baltic sea,4: baltic sea,
4,baltic sea,4: baltic sea,
4,baltic sea,4: baltic sea,
4,baltic sea,4: baltic sea,
4,baltic sea,4: baltic sea,
4,baltic sea,4: baltic sea,
4,baltic sea,4: baltic sea,
4,baltic sea,4: baltic sea,
4,baltic sea,4: baltic sea,
4,baltic sea,4: baltic sea,
4,baltic sea,4: baltic sea,
4,baltic sea,4: baltic sea,
4,baltic sea,4: baltic sea,
4,baltic sea,4: baltic sea,
4,baltic sea,4: baltic sea,
4,baltic sea,4: baltic sea,
4,baltic sea,4: baltic sea,
4,baltic sea,4: baltic sea,
4,baltic sea,4: baltic sea,
4,baltic sea,4: baltic sea,
4,baltic sea,4: baltic sea,
4,baltic sea,4: baltic sea,
4,baltic sea,4: baltic sea,
4,baltic sea,4: baltic sea,
4,baltic sea,4: baltic sea,
4,baltic sea,4: baltic sea,
4,baltic sea,4: baltic sea,
4,baltic sea,4: baltic sea,
4,baltic sea,4: baltic sea,
4,baltic sea,4: baltic sea,
4,baltic sea,4: baltic sea,
4,baltic sea,4: baltic sea,
4,baltic sea,4: baltic sea,
4,baltic sea,4: baltic sea,
4,baltic sea,4: baltic sea,
4,baltic sea,4: baltic sea,
4,baltic sea,4: baltic sea,
4,baltic sea,4: baltic sea,
4,baltic sea,4: baltic sea,
4,baltic sea,4: baltic sea,
4,baltic sea,4: baltic sea,
4,baltic sea,4: baltic sea,
4,baltic sea,4: baltic sea,
4,baltic sea,4: baltic sea,
4,baltic sea,4: baltic sea,
4,baltic sea,4: baltic sea,
4,baltic sea,4: baltic sea,
4,baltic sea,4: baltic sea,
4,baltic sea,4: baltic sea,
4,baltic sea,4: baltic sea,
4,baltic sea,4: baltic sea,
4,baltic sea,4: baltic sea,
4,baltic sea,4: baltic sea,
4,baltic sea,4: baltic sea,
4,baltic sea,4: baltic sea,
4,baltic sea,4: baltic sea,
4,baltic sea,4: baltic sea,
4,baltic sea,4: baltic sea,
4,baltic sea,4: baltic sea,
4,baltic sea,4: baltic sea,
4,baltic sea,4: baltic sea,
4,baltic sea,4: baltic sea,
4,baltic sea,4: baltic sea,
4,baltic sea,4: baltic sea,
4,baltic sea,4: baltic sea,
4,baltic sea,4: baltic sea,
4,baltic sea,4: baltic sea,
4,baltic sea,4: baltic sea,
4,baltic sea,4: baltic sea,
4,baltic sea,4: baltic sea,
4,baltic sea,4: baltic sea,
4,baltic sea,4: baltic sea,
4,baltic sea,4: baltic sea,
4,baltic sea,4: baltic sea,
4,baltic sea,4: baltic sea,
4,baltic sea,4: baltic sea,
4,baltic sea,4: baltic sea,
4,baltic sea,4: baltic sea,
4,baltic sea,4: baltic sea,
4,baltic sea,4: baltic sea,
4,baltic sea,4: baltic sea,
4,baltic sea,4: baltic sea,
4,baltic sea,4: baltic sea,
4,baltic sea,4: baltic sea,
4,baltic sea,4: baltic sea,
4,baltic sea,4: baltic sea,
4,baltic sea,4: baltic sea,
4,baltic sea,4: baltic sea,
4,baltic sea,4: baltic sea,
4,baltic sea,4: baltic sea,
4,baltic sea,4: baltic sea,
4,baltic sea,4: baltic sea,
4,baltic sea,4: baltic sea,
4,baltic sea,4: baltic sea,
4,baltic sea,4: baltic sea,
4,baltic sea,4: baltic sea,
4,baltic sea,4: baltic sea,
4,baltic sea,4: baltic sea,
4,baltic sea,4: baltic sea,
4,baltic sea,4: baltic sea,
4,baltic sea,4: baltic sea,
4,baltic sea,4: baltic sea,
4,baltic sea,4: baltic sea,
4,baltic sea,4: baltic sea,
4,baltic sea,4: baltic sea,
4,baltic sea,4: baltic sea,
4,baltic sea,4: baltic sea,
4,baltic sea,4: baltic sea,
4,baltic sea,4: baltic sea,
4,baltic sea,4: baltic sea,
4,baltic sea,4: baltic sea,
4,baltic sea,4: baltic sea,
4,baltic sea,4: baltic sea,
4,baltic sea,4: baltic sea,
4,baltic sea,4: baltic sea,
4,baltic sea,4: baltic sea,
4,baltic sea,4: baltic sea,
4,baltic sea,4: baltic sea,
4,baltic sea,4: baltic sea,
4,baltic sea,4: baltic sea,
4,baltic sea,4: baltic sea,
4,baltic sea,4: baltic sea,
4,baltic sea,4: baltic sea,
4,baltic sea,4: baltic sea,
4,baltic sea,4: baltic sea,
4,baltic sea,4: baltic sea,
4,baltic sea,4: baltic sea,
4,baltic sea,4: baltic sea,
4,baltic sea,4: baltic sea,
4,baltic sea,4: baltic sea,
4,baltic sea,4: baltic sea,
4,baltic sea,4: baltic sea,
4,baltic sea,4: baltic sea,
3,offshor wind,3: offshor wind,
3,offshor wind,3: offshor wind,
3,offshor wind,3: offshor wind,
3,offshor wind,3: offshor wind,
3,offshor wind,3: offshor wind,
3,offshor wind,3: offshor wind,
3,offshor wind,3: offshor wind,
3,offshor wind,3: offshor wind,
3,offshor wind,3: offshor wind,
3,offshor wind,3: offshor wind,
3,offshor wind,3: offshor wind,
3,offshor wind,3: offshor wind,
3,offshor wind,3: offshor wind,
3,offshor wind,3: offshor wind,
3,offshor wind,3: offshor wind,
3,offshor wind,3: offshor wind,
3,offshor wind,3: offshor wind,
3,offshor wind,3: offshor wind,
3,offshor wind,3: offshor wind,
3,offshor wind,3: offshor wind,
3,offshor wind,3: offshor wind,
3,offshor wind,3: offshor wind,
3,offshor wind,3: offshor wind,
3,offshor wind,3: offshor wind,
3,offshor wind,3: offshor wind,
3,offshor wind,3: offshor wind,
3,offshor wind,3: offshor wind,
3,offshor wind,3: offshor wind,
3,offshor wind,3: offshor wind,
3,offshor wind,3: offshor wind,
3,offshor wind,3: offshor wind,
3,offshor wind,3: offshor wind,
3,offshor wind,3: offshor wind,
3,offshor wind,3: offshor wind,
3,offshor wind,3: offshor wind,
3,offshor wind,3: offshor wind,
3,offshor wind,3: offshor wind,
3,offshor wind,3: offshor wind,
3,offshor wind,3: offshor wind,
3,offshor wind,3: offshor wind,
3,offshor wind,3: offshor wind,
3,offshor wind,3: offshor wind,
3,offshor wind,3: offshor wind,
3,offshor wind,3: offshor wind,
3,offshor wind,3: offshor wind,
3,offshor wind,3: offshor wind,
3,offshor wind,3: offshor wind,
3,offshor wind,3: offshor wind,
3,offshor wind,3: offshor wind,
3,offshor wind,3: offshor wind,
3,offshor wind,3: offshor wind,
3,offshor wind,3: offshor wind,
3,offshor wind,3: offshor wind,
3,offshor wind,3: offshor wind,
3,offshor wind,3: offshor wind,
3,offshor wind,3: offshor wind,
3,offshor wind,3: offshor wind,
3,offshor wind,3: offshor wind,
3,offshor wind,3: offshor wind,
3,offshor wind,3: offshor wind,
3,offshor wind,3: offshor wind,
3,offshor wind,3: offshor wind,
3,offshor wind,3: offshor wind,
3,offshor wind,3: offshor wind,
3,offshor wind,3: offshor wind,
3,offshor wind,3: offshor wind,
3,offshor wind,3: offshor wind,
3,offshor wind,3: offshor wind,
3,offshor wind,3: offshor wind,
3,offshor wind,3: offshor wind,
3,offshor wind,3: offshor wind,
3,offshor wind,3: offshor wind,
3,offshor wind,3: offshor wind,
3,offshor wind,3: offshor wind,
3,offshor wind,3: offshor wind,
3,offshor wind,3: offshor wind,
3,offshor wind,3: offshor wind,
3,offshor wind,3: offshor wind,
3,offshor wind,3: offshor wind,
3,offshor wind,3: offshor wind,
3,offshor wind,3: offshor wind,
3,offshor wind,3: offshor wind,
3,offshor wind,3: offshor wind,
3,offshor wind,3: offshor wind,
3,offshor wind,3: offshor wind,
3,offshor wind,3: offshor wind,
3,offshor wind,3: offshor wind,
3,offshor wind,3: offshor wind,
3,offshor wind,3: offshor wind,
3,offshor wind,3: offshor wind,
3,offshor wind,3: offshor wind,
3,offshor wind,3: offshor wind,
3,offshor wind,3: offshor wind,
3,offshor wind,3: offshor wind,
3,offshor wind,3: offshor wind,
3,offshor wind,3: offshor wind,
3,offshor wind,3: offshor wind,
3,offshor wind,3: offshor wind,
3,offshor wind,3: offshor wind,
3,offshor wind,3: offshor wind,
3,offshor wind,3: offshor wind,
3,offshor wind,3: offshor wind,
3,offshor wind,3: offshor wind,
3,offshor wind,3: offshor wind,
3,offshor wind,3: offshor wind,
3,offshor wind,3: offshor wind,
3,offshor wind,3: offshor wind,
3,offshor wind,3: offshor wind,
3,offshor wind,3: offshor wind,
3,offshor wind,3: offshor wind,
3,offshor wind,3: offshor wind,
3,offshor wind,3: offshor wind,
3,offshor wind,3: offshor wind,
2,municip council,2: municip council,
2,municip council,2: municip council,
2,municip council,2: municip council,
2,municip council,2: municip council,
2,municip council,2: municip council,
2,municip council,2: municip council,
2,municip council,2: municip council,
2,municip council,2: municip council,
2,municip council,2: municip council,
2,municip council,2: municip council,
2,municip council,2: municip council,
2,municip council,2: municip council,
2,municip council,2: municip council,
2,municip council,2: municip council,
2,municip council,2: municip council,
2,municip council,2: municip council,
2,municip council,2: municip council,
2,municip council,2: municip council,
2,municip council,2: municip council,
2,municip council,2: municip council,
2,municip council,2: municip council,
2,municip council,2: municip council,
2,municip council,2: municip council,
2,municip council,2: municip council,
2,municip council,2: municip council,
2,municip council,2: municip council,
2,municip council,2: municip council,
2,municip council,2: municip council,
2,municip council,2: municip council,
2,municip council,2: municip council,
2,municip council,2: municip council,
2,municip council,2: municip council,
2,municip council,2: municip council,
2,municip council,2: municip council,
2,municip council,2: municip council,
2,municip council,2: municip council,
2,municip council,2: municip council,
2,municip council,2: municip council,
2,municip council,2: municip council,
2,municip council,2: municip council,
2,municip council,2: municip council,
2,municip council,2: municip council,
2,municip council,2: municip council,
2,municip council,2: municip council,
2,municip council,2: municip council,
2,municip council,2: municip council,
2,municip council,2: municip council,
2,municip council,2: municip council,
2,municip council,2: municip council,
2,municip council,2: municip council,
2,municip council,2: municip council,
2,municip council,2: municip council,
2,municip council,2: municip council,
2,municip council,2: municip council,
2,municip council,2: municip council,
2,municip council,2: municip council,
2,municip council,2: municip council,
2,municip council,2: municip council,
2,municip council,2: municip council,
2,municip council,2: municip council,
2,municip council,2: municip council,
2,municip council,2: municip council,
2,municip council,2: municip council,
2,municip council,2: municip council,
2,municip council,2: municip council,
2,municip council,2: municip council,
2,municip council,2: municip council,
2,municip council,2: municip council,
2,municip council,2: municip council,
2,municip council,2: municip council,
2,municip council,2: municip council,
2,municip council,2: municip council,
2,municip council,2: municip council,
2,municip council,2: municip council,
2,municip council,2: municip council,
2,municip council,2: municip council,
2,municip council,2: municip council,
2,municip council,2: municip council,
2,municip council,2: municip council,
2,municip council,2: municip council,
2,municip council,2: municip council,
2,municip council,2: municip council,
2,municip council,2: municip council,
2,municip council,2: municip council,
2,municip council,2: municip council,
2,municip council,2: municip council,
2,municip council,2: municip council,
2,municip council,2: municip council,
2,municip council,2: municip council,
2,municip council,2: municip council,
2,municip council,2: municip council,
2,municip council,2: municip council,
2,municip council,2: municip council,
2,municip council,2: municip council,
2,municip council,2: municip council,
2,municip council,2: municip council,
2,municip council,2: municip council,
2,municip council,2: municip council,
2,municip council,2: municip council,
2,municip council,2: municip council,
2,municip council,2: municip council,
2,municip council,2: municip council,
2,municip council,2: municip council,
2,municip council,2: municip council,
2,municip council,2: municip council,
2,municip council,2: municip council,
2,municip council,2: municip council,
2,municip council,2: municip council,
2,municip council,2: municip council,
2,municip council,2: municip council,
2,municip council,2: municip council,
2,municip council,2: municip council,
2,municip council,2: municip council,
2,municip council,2: municip council,
2,municip council,2: municip council,
2,municip council,2: municip council,
2,municip council,2: municip council,
2,municip council,2: municip council,
2,municip council,2: municip council,
2,municip council,2: municip council,
2,municip council,2: municip council,
2,municip council,2: municip council,
2,municip council,2: municip council,
2,municip council,2: municip council,
2,municip council,2: municip council,
2,municip council,2: municip council,
2,municip council,2: municip council,
2,municip council,2: municip council,
2,municip council,2: municip council,
2,municip council,2: municip council,
2,municip council,2: municip council,
2,municip council,2: municip council,
2,municip council,2: municip council,
2,municip council,2: municip council,
2,municip council,2: municip council,
2,municip council,2: municip council,
2,municip council,2: municip council,
2,municip council,2: municip council,
2,municip council,2: municip council,
2,municip council,2: municip council,
2,municip council,2: municip council,
2,municip council,2: municip council,
2,municip council,2: municip council,
2,municip council,2: municip council,
2,municip council,2: municip council,
2,municip council,2: municip council,
2,municip council,2: municip council,
2,municip council,2: municip council,
2,municip council,2: municip council,
2,municip council,2: municip council,
2,municip council,2: municip council,
2,municip council,2: municip council,
2,municip council,2: municip council,
2,municip council,2: municip council,
2,municip council,2: municip council,
2,municip council,2: municip council,
0,energi island,0: energi island,
0,energi island,0: energi island,
0,energi island,0: energi island,
0,energi island,0: energi island,
0,energi island,0: energi island,
0,energi island,0: energi island,
0,energi island,0: energi island,
0,energi island,0: energi island,
0,energi island,0: energi island,
0,energi island,0: energi island,
0,energi island,0: energi island,
0,energi island,0: energi island,
0,energi island,0: energi island,
0,energi island,0: energi island,
0,energi island,0: energi island,
0,energi island,0: energi island,
0,energi island,0: energi island,
0,energi island,0: energi island,
0,energi island,0: energi island,
0,energi island,0: energi island,
0,energi island,0: energi island,
0,energi island,0: energi island,
0,energi island,0: energi island,
0,energi island,0: energi island,
0,energi island,0: energi island,
0,energi island,0: energi island,
0,energi island,0: energi island,
0,energi island,0: energi island,
0,energi island,0: energi island,
0,energi island,0: energi island,
0,energi island,0: energi island,
0,energi island,0: energi island,
0,energi island,0: energi island,
0,energi island,0: energi island,
0,energi island,0: energi island,
0,energi island,0: energi island,
0,energi island,0: energi island,
0,energi island,0: energi island,
0,energi island,0: energi island,
0,energi island,0: energi island,
0,energi island,0: energi island,
0,energi island,0: energi island,
0,energi island,0: energi island,
0,energi island,0: energi island,
0,energi island,0: energi island,
0,energi island,0: energi island,
0,energi island,0: energi island,
0,energi island,0: energi island,
0,energi island,0: energi island,
0,energi island,0: energi island,
0,energi island,0: energi island,
0,energi island,0: energi island,
0,energi island,0: energi island,
0,energi island,0: energi island,
0,energi island,0: energi island,
0,energi island,0: energi island,
0,energi island,0: energi island,
0,energi island,0: energi island,
0,energi island,0: energi island,
0,energi island,0: energi island,
0,energi island,0: energi island,
0,energi island,0: energi island,
0,energi island,0: energi island,
0,energi island,0: energi island,
0,energi island,0: energi island,
0,energi island,0: energi island,
0,energi island,0: energi island,
0,energi island,0: energi island,
0,energi island,0: energi island,
0,energi island,0: energi island,
0,energi island,0: energi island,
0,energi island,0: energi island,
0,energi island,0: energi island,
0,energi island,0: energi island,
0,energi island,0: energi island,
0,energi island,0: energi island,
0,energi island,0: energi island,
0,energi island,0: energi island,
0,energi island,0: energi island,
0,energi island,0: energi island,
0,energi island,0: energi island,
0,energi island,0: energi island,
0,energi island,0: energi island,
0,energi island,0: energi island,
0,energi island,0: energi island,
0,energi island,0: energi island,
0,energi island,0: energi island,
0,energi island,0: energi island,
0,energi island,0: energi island,
0,energi island,0: energi island,
0,energi island,0: energi island,
0,energi island,0: energi island,
0,energi island,0: energi island,
0,energi island,0: energi island,
0,energi island,0: energi island,
0,energi island,0: energi island,
0,energi island,0: energi island,
0,energi island,0: energi island,
0,energi island,0: energi island,
0,energi island,0: energi island,
0,energi island,0: energi island,
0,energi island,0: energi island,
0,energi island,0: energi island,
0,energi island,0: energi island,
0,energi island,0: energi island,
0,energi island,0: energi island,
0,energi island,0: energi island,
0,energi island,0: energi island,
0,energi island,0: energi island,
0,energi island,0: energi island,
0,energi island,0: energi island,
0,energi island,0: energi island,
0,energi island,0: energi island,
0,energi island,0: energi island,
0,energi island,0: energi island,
0,energi island,0: energi island,
0,energi island,0: energi island,
0,energi island,0: energi island,
0,energi island,0: energi island,
0,energi island,0: energi island,
0,energi island,0: energi island,
0,energi island,0: energi island,
0,energi island,0: energi island,
0,energi island,0: energi island,
0,energi island,0: energi island,
0,energi island,0: energi island,
0,energi island,0: energi island,
0,energi island,0: energi island,
0,energi island,0: energi island,
0,energi island,0: energi island,
0,energi island,0: energi island,
0,energi island,0: energi island,
0,energi island,0: energi island,
0,energi island,0: energi island,
0,energi island,0: energi island,
0,energi island,0: energi island,
0,energi island,0: energi island,
0,energi island,0: energi island,
0,energi island,0: energi island,
0,energi island,0: energi island,
0,energi island,0: energi island,
0,energi island,0: energi island,
0,energi island,0: energi island,
0,energi island,0: energi island,
0,energi island,0: energi island,
0,energi island,0: energi island,
0,energi island,0: energi island,
0,energi island,0: energi island,
0,energi island,0: energi island,
0,energi island,0: energi island,
0,energi island,0: energi island,
0,energi island,0: energi island,
0,energi island,0: energi island,
0,energi island,0: energi island,
0,energi island,0: energi island,
0,energi island,0: energi island,
0,energi island,0: energi island,
6,energiø bornholm,6: energiø bornholm,
6,energiø bornholm,6: energiø bornholm,
6,energiø bornholm,6: energiø bornholm,
6,energiø bornholm,6: energiø bornholm,
6,energiø bornholm,6: energiø bornholm,
6,energiø bornholm,6: energiø bornholm,
6,energiø bornholm,6: energiø bornholm,
6,energiø bornholm,6: energiø bornholm,
6,energiø bornholm,6: energiø bornholm,
6,energiø bornholm,6: energiø bornholm,
6,energiø bornholm,6: energiø bornholm,
6,energiø bornholm,6: energiø bornholm,
6,energiø bornholm,6: energiø bornholm,
6,energiø bornholm,6: energiø bornholm,
6,energiø bornholm,6: energiø bornholm,
6,energiø bornholm,6: energiø bornholm,
6,energiø bornholm,6: energiø bornholm,
6,energiø bornholm,6: energiø bornholm,
6,energiø bornholm,6: energiø bornholm,
6,energiø bornholm,6: energiø bornholm,
6,energiø bornholm,6: energiø bornholm,
6,energiø bornholm,6: energiø bornholm,
6,energiø bornholm,6: energiø bornholm,
6,energiø bornholm,6: energiø bornholm,
6,energiø bornholm,6: energiø bornholm,
6,energiø bornholm,6: energiø bornholm,
6,energiø bornholm,6: energiø bornholm,
6,energiø bornholm,6: energiø bornholm,
6,energiø bornholm,6: energiø bornholm,
6,energiø bornholm,6: energiø bornholm,
6,energiø bornholm,6: energiø bornholm,
6,energiø bornholm,6: energiø bornholm,
6,energiø bornholm,6: energiø bornholm,
6,energiø bornholm,6: energiø bornholm,
6,energiø bornholm,6: energiø bornholm,
6,energiø bornholm,6: energiø bornholm,
6,energiø bornholm,6: energiø bornholm,
6,energiø bornholm,6: energiø bornholm,
6,energiø bornholm,6: energiø bornholm,
6,energiø bornholm,6: energiø bornholm,
6,energiø bornholm,6: energiø bornholm,
6,energiø bornholm,6: energiø bornholm,
6,energiø bornholm,6: energiø bornholm,
6,energiø bornholm,6: energiø bornholm,
6,energiø bornholm,6: energiø bornholm,
6,energiø bornholm,6: energiø bornholm,
6,energiø bornholm,6: energiø bornholm,
6,energiø bornholm,6: energiø bornholm,
6,energiø bornholm,6: energiø bornholm,
6,energiø bornholm,6: energiø bornholm,
6,energiø bornholm,6: energiø bornholm,
6,energiø bornholm,6: energiø bornholm,
6,energiø bornholm,6: energiø bornholm,
6,energiø bornholm,6: energiø bornholm,
6,energiø bornholm,6: energiø bornholm,
6,energiø bornholm,6: energiø bornholm,
6,energiø bornholm,6: energiø bornholm,
6,energiø bornholm,6: energiø bornholm,
6,energiø bornholm,6: energiø bornholm,
6,energiø bornholm,6: energiø bornholm,
6,energiø bornholm,6: energiø bornholm,
6,energiø bornholm,6: energiø bornholm,
6,energiø bornholm,6: energiø bornholm,
6,energiø bornholm,6: energiø bornholm,
6,energiø bornholm,6: energiø bornholm,
6,energiø bornholm,6: energiø bornholm,
6,energiø bornholm,6: energiø bornholm,
6,energiø bornholm,6: energiø bornholm,
6,energiø bornholm,6: energiø bornholm,
6,energiø bornholm,6: energiø bornholm,
6,energiø bornholm,6: energiø bornholm,
6,energiø bornholm,6: energiø bornholm,
6,energiø bornholm,6: energiø bornholm,
6,energiø bornholm,6: energiø bornholm,
6,energiø bornholm,6: energiø bornholm,
6,energiø bornholm,6: energiø bornholm,
6,energiø bornholm,6: energiø bornholm,
6,energiø bornholm,6: energiø bornholm,
6,energiø bornholm,6: energiø bornholm,
6,energiø bornholm,6: energiø bornholm,
6,energiø bornholm,6: energiø bornholm,
6,energiø bornholm,6: energiø bornholm,
6,energiø bornholm,6: energiø bornholm,
6,energiø bornholm,6: energiø bornholm,
6,energiø bornholm,6: energiø bornholm,
6,energiø bornholm,6: energiø bornholm,
6,energiø bornholm,6: energiø bornholm,
6,energiø bornholm,6: energiø bornholm,
6,energiø bornholm,6: energiø bornholm,
6,energiø bornholm,6: energiø bornholm,
6,energiø bornholm,6: energiø bornholm,
6,energiø bornholm,6: energiø bornholm,
6,energiø bornholm,6: energiø bornholm,
6,energiø bornholm,6: energiø bornholm,
6,energiø bornholm,6: energiø bornholm,
6,energiø bornholm,6: energiø bornholm,
6,energiø bornholm,6: energiø bornholm,
6,energiø bornholm,6: energiø bornholm,
6,energiø bornholm,6: energiø bornholm,
6,energiø bornholm,6: energiø bornholm,
6,energiø bornholm,6: energiø bornholm,
6,energiø bornholm,6: energiø bornholm,
6,energiø bornholm,6: energiø bornholm,
6,energiø bornholm,6: energiø bornholm,
6,energiø bornholm,6: energiø bornholm,
6,energiø bornholm,6: energiø bornholm,
6,energiø bornholm,6: energiø bornholm,
6,energiø bornholm,6: energiø bornholm,
6,energiø bornholm,6: energiø bornholm,
6,energiø bornholm,6: energiø bornholm,
6,energiø bornholm,6: energiø bornholm,
6,energiø bornholm,6: energiø bornholm,
6,energiø bornholm,6: energiø bornholm,
6,energiø bornholm,6: energiø bornholm,
6,energiø bornholm,6: energiø bornholm,
6,energiø bornholm,6: energiø bornholm,
6,energiø bornholm,6: energiø bornholm,
6,energiø bornholm,6: energiø bornholm,
6,energiø bornholm,6: energiø bornholm,
6,energiø bornholm,6: energiø bornholm,
6,energiø bornholm,6: energiø bornholm,
6,energiø bornholm,6: energiø bornholm,
6,energiø bornholm,6: energiø bornholm,
6,energiø bornholm,6: energiø bornholm,
6,energiø bornholm,6: energiø bornholm,
6,energiø bornholm,6: energiø bornholm,
6,energiø bornholm,6: energiø bornholm,
6,energiø bornholm,6: energiø bornholm,
6,energiø bornholm,6: energiø bornholm,
6,energiø bornholm,6: energiø bornholm,
6,energiø bornholm,6: energiø bornholm,
6,energiø bornholm,6: energiø bornholm,
6,energiø bornholm,6: energiø bornholm,
6,energiø bornholm,6: energiø bornholm,
6,energiø bornholm,6: energiø bornholm,
6,energiø bornholm,6: energiø bornholm,
6,energiø bornholm,6: energiø bornholm,
6,energiø bornholm,6: energiø bornholm,
6,energiø bornholm,6: energiø bornholm,
6,energiø bornholm,6: energiø bornholm,
6,energiø bornholm,6: energiø bornholm,
6,energiø bornholm,6: energiø bornholm,
6,energiø bornholm,6: energiø bornholm,
6,energiø bornholm,6: energiø bornholm,
6,energiø bornholm,6: energiø bornholm,
6,energiø bornholm,6: energiø bornholm,
6,energiø bornholm,6: energiø bornholm,
6,energiø bornholm,6: energiø bornholm,
6,energiø bornholm,6: energiø bornholm,
6,energiø bornholm,6: energiø bornholm,
6,energiø bornholm,6: energiø bornholm,
6,energiø bornholm,6: energiø bornholm,
6,energiø bornholm,6: energiø bornholm,
6,energiø bornholm,6: energiø bornholm,
6,energiø bornholm,6: energiø bornholm,
6,energiø bornholm,6: energiø bornholm,
6,energiø bornholm,6: energiø bornholm,
6,energiø bornholm,6: energiø bornholm,
6,energiø bornholm,6: energiø bornholm,
6,energiø bornholm,6: energiø bornholm,
6,energiø bornholm,6: energiø bornholm,
6,energiø bornholm,6: energiø bornholm,
6,energiø bornholm,6: energiø bornholm,
6,energiø bornholm,6: energiø bornholm,
6,energiø bornholm,6: energiø bornholm,
6,energiø bornholm,6: energiø bornholm,
6,energiø bornholm,6: energiø bornholm,
6,energiø bornholm,6: energiø bornholm,
6,energiø bornholm,6: energiø bornholm,
6,energiø bornholm,6: energiø bornholm,
6,energiø bornholm,6: energiø bornholm,
8,wind turbin,8: wind turbin,
8,wind turbin,8: wind turbin,
8,wind turbin,8: wind turbin,
8,wind turbin,8: wind turbin,
8,wind turbin,8: wind turbin,
8,wind turbin,8: wind turbin,
8,wind turbin,8: wind turbin,
8,wind turbin,8: wind turbin,
8,wind turbin,8: wind turbin,
8,wind turbin,8: wind turbin,
8,wind turbin,8: wind turbin,
8,wind turbin,8: wind turbin,
8,wind turbin,8: wind turbin,
8,wind turbin,8: wind turbin,
8,wind turbin,8: wind turbin,
8,wind turbin,8: wind turbin,
8,wind turbin,8: wind turbin,
8,wind turbin,8: wind turbin,
8,wind turbin,8: wind turbin,
8,wind turbin,8: wind turbin,
8,wind turbin,8: wind turbin,
8,wind turbin,8: wind turbin,
8,wind turbin,8: wind turbin,
8,wind turbin,8: wind turbin,
8,wind turbin,8: wind turbin,
8,wind turbin,8: wind turbin,
8,wind turbin,8: wind turbin,
8,wind turbin,8: wind turbin,
8,wind turbin,8: wind turbin,
8,wind turbin,8: wind turbin,
8,wind turbin,8: wind turbin,
8,wind turbin,8: wind turbin,
8,wind turbin,8: wind turbin,
8,wind turbin,8: wind turbin,
8,wind turbin,8: wind turbin,
8,wind turbin,8: wind turbin,
8,wind turbin,8: wind turbin,
8,wind turbin,8: wind turbin,
8,wind turbin,8: wind turbin,
8,wind turbin,8: wind turbin,
8,wind turbin,8: wind turbin,
8,wind turbin,8: wind turbin,
8,wind turbin,8: wind turbin,
8,wind turbin,8: wind turbin,
8,wind turbin,8: wind turbin,
8,wind turbin,8: wind turbin,
8,wind turbin,8: wind turbin,
8,wind turbin,8: wind turbin,
8,wind turbin,8: wind turbin,
8,wind turbin,8: wind turbin,
8,wind turbin,8: wind turbin,
8,wind turbin,8: wind turbin,
8,wind turbin,8: wind turbin,
8,wind turbin,8: wind turbin,
8,wind turbin,8: wind turbin,
8,wind turbin,8: wind turbin,
8,wind turbin,8: wind turbin,
8,wind turbin,8: wind turbin,
8,wind turbin,8: wind turbin,
8,wind turbin,8: wind turbin,
8,wind turbin,8: wind turbin,
8,wind turbin,8: wind turbin,
8,wind turbin,8: wind turbin,
8,wind turbin,8: wind turbin,
8,wind turbin,8: wind turbin,
8,wind turbin,8: wind turbin,
8,wind turbin,8: wind turbin,
8,wind turbin,8: wind turbin,
8,wind turbin,8: wind turbin,
8,wind turbin,8: wind turbin,
8,wind turbin,8: wind turbin,
8,wind turbin,8: wind turbin,
8,wind turbin,8: wind turbin,
8,wind turbin,8: wind turbin,
8,wind turbin,8: wind turbin,
8,wind turbin,8: wind turbin,
8,wind turbin,8: wind turbin,
8,wind turbin,8: wind turbin,
8,wind turbin,8: wind turbin,
8,wind turbin,8: wind turbin,
8,wind turbin,8: wind turbin,
8,wind turbin,8: wind turbin,
8,wind turbin,8: wind turbin,
8,wind turbin,8: wind turbin,
8,wind turbin,8: wind turbin,
8,wind turbin,8: wind turbin,
8,wind turbin,8: wind turbin,
8,wind turbin,8: wind turbin,
8,wind turbin,8: wind turbin,
8,wind turbin,8: wind turbin,
8,wind turbin,8: wind turbin,
8,wind turbin,8: wind turbin,
8,wind turbin,8: wind turbin,
8,wind turbin,8: wind turbin,
8,wind turbin,8: wind turbin,
8,wind turbin,8: wind turbin,
8,wind turbin,8: wind turbin,
8,wind turbin,8: wind turbin,
8,wind turbin,8: wind turbin,
8,wind turbin,8: wind turbin,
8,wind turbin,8: wind turbin,
8,wind turbin,8: wind turbin,
8,wind turbin,8: wind turbin,
8,wind turbin,8: wind turbin,
8,wind turbin,8: wind turbin,
8,wind turbin,8: wind turbin,
8,wind turbin,8: wind turbin,
8,wind turbin,8: wind turbin,
8,wind turbin,8: wind turbin,
8,wind turbin,8: wind turbin,
8,wind turbin,8: wind turbin,
8,wind turbin,8: wind turbin,
8,wind turbin,8: wind turbin,
8,wind turbin,8: wind turbin,
8,wind turbin,8: wind turbin,
8,wind turbin,8: wind turbin,
8,wind turbin,8: wind turbin,
8,wind turbin,8: wind turbin,
8,wind turbin,8: wind turbin,
8,wind turbin,8: wind turbin,
8,wind turbin,8: wind turbin,
8,wind turbin,8: wind turbin,
8,wind turbin,8: wind turbin,
8,wind turbin,8: wind turbin,
8,wind turbin,8: wind turbin,
8,wind turbin,8: wind turbin,
8,wind turbin,8: wind turbin,
8,wind turbin,8: wind turbin,
8,wind turbin,8: wind turbin,
8,wind turbin,8: wind turbin,
6,energiø bornholm,6: energiø bornholm,
6,energiø bornholm,6: energiø bornholm,
6,energiø bornholm,6: energiø bornholm,
6,energiø bornholm,6: energiø bornholm,
6,energiø bornholm,6: energiø bornholm,
6,energiø bornholm,6: energiø bornholm,
6,energiø bornholm,6: energiø bornholm,
6,energiø bornholm,6: energiø bornholm,
6,energiø bornholm,6: energiø bornholm,
6,energiø bornholm,6: energiø bornholm,
6,energiø bornholm,6: energiø bornholm,
6,energiø bornholm,6: energiø bornholm,
6,energiø bornholm,6: energiø bornholm,
6,energiø bornholm,6: energiø bornholm,
6,energiø bornholm,6: energiø bornholm,
6,energiø bornholm,6: energiø bornholm,
6,energiø bornholm,6: energiø bornholm,
6,energiø bornholm,6: energiø bornholm,
6,energiø bornholm,6: energiø bornholm,
6,energiø bornholm,6: energiø bornholm,
6,energiø bornholm,6: energiø bornholm,
6,energiø bornholm,6: energiø bornholm,
6,energiø bornholm,6: energiø bornholm,
6,energiø bornholm,6: energiø bornholm,
6,energiø bornholm,6: energiø bornholm,
6,energiø bornholm,6: energiø bornholm,
6,energiø bornholm,6: energiø bornholm,
6,energiø bornholm,6: energiø bornholm,
6,energiø bornholm,6: energiø bornholm,
6,energiø bornholm,6: energiø bornholm,
6,energiø bornholm,6: energiø bornholm,
6,energiø bornholm,6: energiø bornholm,
6,energiø bornholm,6: energiø bornholm,
6,energiø bornholm,6: energiø bornholm,
6,energiø bornholm,6: energiø bornholm,
6,energiø bornholm,6: energiø bornholm,
6,energiø bornholm,6: energiø bornholm,
6,energiø bornholm,6: energiø bornholm,
6,energiø bornholm,6: energiø bornholm,
6,energiø bornholm,6: energiø bornholm,
6,energiø bornholm,6: energiø bornholm,
6,energiø bornholm,6: energiø bornholm,
6,energiø bornholm,6: energiø bornholm,
6,energiø bornholm,6: energiø bornholm,
6,energiø bornholm,6: energiø bornholm,
6,energiø bornholm,6: energiø bornholm,
6,energiø bornholm,6: energiø bornholm,
6,energiø bornholm,6: energiø bornholm,
6,energiø bornholm,6: energiø bornholm,
6,energiø bornholm,6: energiø bornholm,
6,energiø bornholm,6: energiø bornholm,
6,energiø bornholm,6: energiø bornholm,
6,energiø bornholm,6: energiø bornholm,
6,energiø bornholm,6: energiø bornholm,
6,energiø bornholm,6: energiø bornholm,
6,energiø bornholm,6: energiø bornholm,
6,energiø bornholm,6: energiø bornholm,
6,energiø bornholm,6: energiø bornholm,
6,energiø bornholm,6: energiø bornholm,
6,energiø bornholm,6: energiø bornholm,
6,energiø bornholm,6: energiø bornholm,
6,energiø bornholm,6: energiø bornholm,
6,energiø bornholm,6: energiø bornholm,
6,energiø bornholm,6: energiø bornholm,
6,energiø bornholm,6: energiø bornholm,
6,energiø bornholm,6: energiø bornholm,
6,energiø bornholm,6: energiø bornholm,
6,energiø bornholm,6: energiø bornholm,
6,energiø bornholm,6: energiø bornholm,
6,energiø bornholm,6: energiø bornholm,
6,energiø bornholm,6: energiø bornholm,
6,energiø bornholm,6: energiø bornholm,
6,energiø bornholm,6: energiø bornholm,
6,energiø bornholm,6: energiø bornholm,
6,energiø bornholm,6: energiø bornholm,
6,energiø bornholm,6: energiø bornholm,
6,energiø bornholm,6: energiø bornholm,
6,energiø bornholm,6: energiø bornholm,
6,energiø bornholm,6: energiø bornholm,
6,energiø bornholm,6: energiø bornholm,
6,energiø bornholm,6: energiø bornholm,
6,energiø bornholm,6: energiø bornholm,
6,energiø bornholm,6: energiø bornholm,
6,energiø bornholm,6: energiø bornholm,
6,energiø bornholm,6: energiø bornholm,
6,energiø bornholm,6: energiø bornholm,
6,energiø bornholm,6: energiø bornholm,
6,energiø bornholm,6: energiø bornholm,
6,energiø bornholm,6: energiø bornholm,
6,energiø bornholm,6: energiø bornholm,
6,energiø bornholm,6: energiø bornholm,
6,energiø bornholm,6: energiø bornholm,
6,energiø bornholm,6: energiø bornholm,
6,energiø bornholm,6: energiø bornholm,
6,energiø bornholm,6: energiø bornholm,
6,energiø bornholm,6: energiø bornholm,
6,energiø bornholm,6: energiø bornholm,
6,energiø bornholm,6: energiø bornholm,
6,energiø bornholm,6: energiø bornholm,
6,energiø bornholm,6: energiø bornholm,
6,energiø bornholm,6: energiø bornholm,
6,energiø bornholm,6: energiø bornholm,
6,energiø bornholm,6: energiø bornholm,
6,energiø bornholm,6: energiø bornholm,
6,energiø bornholm,6: energiø bornholm,
6,energiø bornholm,6: energiø bornholm,
6,energiø bornholm,6: energiø bornholm,
6,energiø bornholm,6: energiø bornholm,
6,energiø bornholm,6: energiø bornholm,
6,energiø bornholm,6: energiø bornholm,
6,energiø bornholm,6: energiø bornholm,
6,energiø bornholm,6: energiø bornholm,
6,energiø bornholm,6: energiø bornholm,
6,energiø bornholm,6: energiø bornholm,
6,energiø bornholm,6: energiø bornholm,
6,energiø bornholm,6: energiø bornholm,
6,energiø bornholm,6: energiø bornholm,
6,energiø bornholm,6: energiø bornholm,
6,energiø bornholm,6: energiø bornholm,
6,energiø bornholm,6: energiø bornholm,
6,energiø bornholm,6: energiø bornholm,
6,energiø bornholm,6: energiø bornholm,
6,energiø bornholm,6: energiø bornholm,
6,energiø bornholm,6: energiø bornholm,
6,energiø bornholm,6: energiø bornholm,
6,energiø bornholm,6: energiø bornholm,
6,energiø bornholm,6: energiø bornholm,
6,energiø bornholm,6: energiø bornholm,
6,energiø bornholm,6: energiø bornholm,
6,energiø bornholm,6: energiø bornholm,
6,energiø bornholm,6: energiø bornholm,
6,energiø bornholm,6: energiø bornholm,
6,energiø bornholm,6: energiø bornholm,
6,energiø bornholm,6: energiø bornholm,
6,energiø bornholm,6: energiø bornholm,
6,energiø bornholm,6: energiø bornholm,
6,energiø bornholm,6: energiø bornholm,
6,energiø bornholm,6: energiø bornholm,
6,energiø bornholm,6: energiø bornholm,
6,energiø bornholm,6: energiø bornholm,
6,energiø bornholm,6: energiø bornholm,
6,energiø bornholm,6: energiø bornholm,
6,energiø bornholm,6: energiø bornholm,
6,energiø bornholm,6: energiø bornholm,
6,energiø bornholm,6: energiø bornholm,
6,energiø bornholm,6: energiø bornholm,
6,energiø bornholm,6: energiø bornholm,
6,energiø bornholm,6: energiø bornholm,
6,energiø bornholm,6: energiø bornholm,
6,energiø bornholm,6: energiø bornholm,
6,energiø bornholm,6: energiø bornholm,
6,energiø bornholm,6: energiø bornholm,
6,energiø bornholm,6: energiø bornholm,
6,energiø bornholm,6: energiø bornholm,
6,energiø bornholm,6: energiø bornholm,
6,energiø bornholm,6: energiø bornholm,
6,energiø bornholm,6: energiø bornholm,
6,energiø bornholm,6: energiø bornholm,
6,energiø bornholm,6: energiø bornholm,
6,energiø bornholm,6: energiø bornholm,
6,energiø bornholm,6: energiø bornholm,
6,energiø bornholm,6: energiø bornholm,
6,energiø bornholm,6: energiø bornholm,
6,energiø bornholm,6: energiø bornholm,
6,energiø bornholm,6: energiø bornholm,
6,energiø bornholm,6: energiø bornholm,
6,energiø bornholm,6: energiø bornholm,
6,energiø bornholm,6: energiø bornholm,
6,energiø bornholm,6: energiø bornholm,
6,energiø bornholm,6: energiø bornholm,
6,energiø bornholm,6: energiø bornholm,
4,baltic sea,4: baltic sea,
4,baltic sea,4: baltic sea,
4,baltic sea,4: baltic sea,
4,baltic sea,4: baltic sea,
4,baltic sea,4: baltic sea,
4,baltic sea,4: baltic sea,
4,baltic sea,4: baltic sea,
4,baltic sea,4: baltic sea,
4,baltic sea,4: baltic sea,
4,baltic sea,4: baltic sea,
4,baltic sea,4: baltic sea,
4,baltic sea,4: baltic sea,
4,baltic sea,4: baltic sea,
4,baltic sea,4: baltic sea,
4,baltic sea,4: baltic sea,
4,baltic sea,4: baltic sea,
4,baltic sea,4: baltic sea,
4,baltic sea,4: baltic sea,
4,baltic sea,4: baltic sea,
4,baltic sea,4: baltic sea,
4,baltic sea,4: baltic sea,
4,baltic sea,4: baltic sea,
4,baltic sea,4: baltic sea,
4,baltic sea,4: baltic sea,
4,baltic sea,4: baltic sea,
4,baltic sea,4: baltic sea,
4,baltic sea,4: baltic sea,
4,baltic sea,4: baltic sea,
4,baltic sea,4: baltic sea,
4,baltic sea,4: baltic sea,
4,baltic sea,4: baltic sea,
4,baltic sea,4: baltic sea,
4,baltic sea,4: baltic sea,
4,baltic sea,4: baltic sea,
4,baltic sea,4: baltic sea,
4,baltic sea,4: baltic sea,
4,baltic sea,4: baltic sea,
4,baltic sea,4: baltic sea,
4,baltic sea,4: baltic sea,
4,baltic sea,4: baltic sea,
4,baltic sea,4: baltic sea,
4,baltic sea,4: baltic sea,
4,baltic sea,4: baltic sea,
4,baltic sea,4: baltic sea,
4,baltic sea,4: baltic sea,
4,baltic sea,4: baltic sea,
4,baltic sea,4: baltic sea,
4,baltic sea,4: baltic sea,
4,baltic sea,4: baltic sea,
4,baltic sea,4: baltic sea,
4,baltic sea,4: baltic sea,
4,baltic sea,4: baltic sea,
4,baltic sea,4: baltic sea,
4,baltic sea,4: baltic sea,
4,baltic sea,4: baltic sea,
4,baltic sea,4: baltic sea,
4,baltic sea,4: baltic sea,
4,baltic sea,4: baltic sea,
4,baltic sea,4: baltic sea,
4,baltic sea,4: baltic sea,
4,baltic sea,4: baltic sea,
4,baltic sea,4: baltic sea,
4,baltic sea,4: baltic sea,
4,baltic sea,4: baltic sea,
4,baltic sea,4: baltic sea,
4,baltic sea,4: baltic sea,
4,baltic sea,4: baltic sea,
4,baltic sea,4: baltic sea,
4,baltic sea,4: baltic sea,
4,baltic sea,4: baltic sea,
4,baltic sea,4: baltic sea,
4,baltic sea,4: baltic sea,
4,baltic sea,4: baltic sea,
4,baltic sea,4: baltic sea,
4,baltic sea,4: baltic sea,
4,baltic sea,4: baltic sea,
4,baltic sea,4: baltic sea,
4,baltic sea,4: baltic sea,
4,baltic sea,4: baltic sea,
4,baltic sea,4: baltic sea,
4,baltic sea,4: baltic sea,
4,baltic sea,4: baltic sea,
4,baltic sea,4: baltic sea,
4,baltic sea,4: baltic sea,
4,baltic sea,4: baltic sea,
4,baltic sea,4: baltic sea,
4,baltic sea,4: baltic sea,
4,baltic sea,4: baltic sea,
4,baltic sea,4: baltic sea,
4,baltic sea,4: baltic sea,
4,baltic sea,4: baltic sea,
4,baltic sea,4: baltic sea,
4,baltic sea,4: baltic sea,
4,baltic sea,4: baltic sea,
4,baltic sea,4: baltic sea,
4,baltic sea,4: baltic sea,
4,baltic sea,4: baltic sea,
4,baltic sea,4: baltic sea,
4,baltic sea,4: baltic sea,
4,baltic sea,4: baltic sea,
4,baltic sea,4: baltic sea,
4,baltic sea,4: baltic sea,
4,baltic sea,4: baltic sea,
4,baltic sea,4: baltic sea,
4,baltic sea,4: baltic sea,
4,baltic sea,4: baltic sea,
4,baltic sea,4: baltic sea,
4,baltic sea,4: baltic sea,
4,baltic sea,4: baltic sea,
4,baltic sea,4: baltic sea,
4,baltic sea,4: baltic sea,
4,baltic sea,4: baltic sea,
4,baltic sea,4: baltic sea,
4,baltic sea,4: baltic sea,
4,baltic sea,4: baltic sea,
4,baltic sea,4: baltic sea,
4,baltic sea,4: baltic sea,
4,baltic sea,4: baltic sea,
4,baltic sea,4: baltic sea,
4,baltic sea,4: baltic sea,
4,baltic sea,4: baltic sea,
4,baltic sea,4: baltic sea,
4,baltic sea,4: baltic sea,
4,baltic sea,4: baltic sea,
4,baltic sea,4: baltic sea,
4,baltic sea,4: baltic sea,
4,baltic sea,4: baltic sea,
4,baltic sea,4: baltic sea,
4,baltic sea,4: baltic sea,
4,baltic sea,4: baltic sea,
4,baltic sea,4: baltic sea,
4,baltic sea,4: baltic sea,
4,baltic sea,4: baltic sea,
4,baltic sea,4: baltic sea,
4,baltic sea,4: baltic sea,
4,baltic sea,4: baltic sea,
4,baltic sea,4: baltic sea,
4,baltic sea,4: baltic sea,
6,energiø bornholm,6: energiø bornholm,
6,energiø bornholm,6: energiø bornholm,
6,energiø bornholm,6: energiø bornholm,
6,energiø bornholm,6: energiø bornholm,
6,energiø bornholm,6: energiø bornholm,
6,energiø bornholm,6: energiø bornholm,
6,energiø bornholm,6: energiø bornholm,
6,energiø bornholm,6: energiø bornholm,
6,energiø bornholm,6: energiø bornholm,
6,energiø bornholm,6: energiø bornholm,
6,energiø bornholm,6: energiø bornholm,
6,energiø bornholm,6: energiø bornholm,
6,energiø bornholm,6: energiø bornholm,
6,energiø bornholm,6: energiø bornholm,
6,energiø bornholm,6: energiø bornholm,
6,energiø bornholm,6: energiø bornholm,
6,energiø bornholm,6: energiø bornholm,
6,energiø bornholm,6: energiø bornholm,
6,energiø bornholm,6: energiø bornholm,
6,energiø bornholm,6: energiø bornholm,
6,energiø bornholm,6: energiø bornholm,
6,energiø bornholm,6: energiø bornholm,
6,energiø bornholm,6: energiø bornholm,
6,energiø bornholm,6: energiø bornholm,
6,energiø bornholm,6: energiø bornholm,
6,energiø bornholm,6: energiø bornholm,
6,energiø bornholm,6: energiø bornholm,
6,energiø bornholm,6: energiø bornholm,
6,energiø bornholm,6: energiø bornholm,
6,energiø bornholm,6: energiø bornholm,
6,energiø bornholm,6: energiø bornholm,
6,energiø bornholm,6: energiø bornholm,
6,energiø bornholm,6: energiø bornholm,
6,energiø bornholm,6: energiø bornholm,
6,energiø bornholm,6: energiø bornholm,
6,energiø bornholm,6: energiø bornholm,
6,energiø bornholm,6: energiø bornholm,
6,energiø bornholm,6: energiø bornholm,
6,energiø bornholm,6: energiø bornholm,
6,energiø bornholm,6: energiø bornholm,
6,energiø bornholm,6: energiø bornholm,
6,energiø bornholm,6: energiø bornholm,
6,energiø bornholm,6: energiø bornholm,
6,energiø bornholm,6: energiø bornholm,
6,energiø bornholm,6: energiø bornholm,
6,energiø bornholm,6: energiø bornholm,
6,energiø bornholm,6: energiø bornholm,
6,energiø bornholm,6: energiø bornholm,
6,energiø bornholm,6: energiø bornholm,
6,energiø bornholm,6: energiø bornholm,
6,energiø bornholm,6: energiø bornholm,
6,energiø bornholm,6: energiø bornholm,
6,energiø bornholm,6: energiø bornholm,
6,energiø bornholm,6: energiø bornholm,
6,energiø bornholm,6: energiø bornholm,
6,energiø bornholm,6: energiø bornholm,
6,energiø bornholm,6: energiø bornholm,
6,energiø bornholm,6: energiø bornholm,
6,energiø bornholm,6: energiø bornholm,
6,energiø bornholm,6: energiø bornholm,
6,energiø bornholm,6: energiø bornholm,
6,energiø bornholm,6: energiø bornholm,
6,energiø bornholm,6: energiø bornholm,
6,energiø bornholm,6: energiø bornholm,
6,energiø bornholm,6: energiø bornholm,
6,energiø bornholm,6: energiø bornholm,
6,energiø bornholm,6: energiø bornholm,
6,energiø bornholm,6: energiø bornholm,
6,energiø bornholm,6: energiø bornholm,
6,energiø bornholm,6: energiø bornholm,
6,energiø bornholm,6: energiø bornholm,
6,energiø bornholm,6: energiø bornholm,
6,energiø bornholm,6: energiø bornholm,
6,energiø bornholm,6: energiø bornholm,
6,energiø bornholm,6: energiø bornholm,
6,energiø bornholm,6: energiø bornholm,
6,energiø bornholm,6: energiø bornholm,
6,energiø bornholm,6: energiø bornholm,
6,energiø bornholm,6: energiø bornholm,
6,energiø bornholm,6: energiø bornholm,
6,energiø bornholm,6: energiø bornholm,
6,energiø bornholm,6: energiø bornholm,
6,energiø bornholm,6: energiø bornholm,
6,energiø bornholm,6: energiø bornholm,
6,energiø bornholm,6: energiø bornholm,
6,energiø bornholm,6: energiø bornholm,
6,energiø bornholm,6: energiø bornholm,
6,energiø bornholm,6: energiø bornholm,
6,energiø bornholm,6: energiø bornholm,
6,energiø bornholm,6: energiø bornholm,
6,energiø bornholm,6: energiø bornholm,
6,energiø bornholm,6: energiø bornholm,
6,energiø bornholm,6: energiø bornholm,
6,energiø bornholm,6: energiø bornholm,
6,energiø bornholm,6: energiø bornholm,
6,energiø bornholm,6: energiø bornholm,
6,energiø bornholm,6: energiø bornholm,
6,energiø bornholm,6: energiø bornholm,
6,energiø bornholm,6: energiø bornholm,
6,energiø bornholm,6: energiø bornholm,
6,energiø bornholm,6: energiø bornholm,
6,energiø bornholm,6: energiø bornholm,
6,energiø bornholm,6: energiø bornholm,
6,energiø bornholm,6: energiø bornholm,
6,energiø bornholm,6: energiø bornholm,
6,energiø bornholm,6: energiø bornholm,
6,energiø bornholm,6: energiø bornholm,
6,energiø bornholm,6: energiø bornholm,
6,energiø bornholm,6: energiø bornholm,
6,energiø bornholm,6: energiø bornholm,
6,energiø bornholm,6: energiø bornholm,
6,energiø bornholm,6: energiø bornholm,
6,energiø bornholm,6: energiø bornholm,
6,energiø bornholm,6: energiø bornholm,
6,energiø bornholm,6: energiø bornholm,
6,energiø bornholm,6: energiø bornholm,
6,energiø bornholm,6: energiø bornholm,
6,energiø bornholm,6: energiø bornholm,
6,energiø bornholm,6: energiø bornholm,
6,energiø bornholm,6: energiø bornholm,
6,energiø bornholm,6: energiø bornholm,
6,energiø bornholm,6: energiø bornholm,
6,energiø bornholm,6: energiø bornholm,
6,energiø bornholm,6: energiø bornholm,
6,energiø bornholm,6: energiø bornholm,
6,energiø bornholm,6: energiø bornholm,
6,energiø bornholm,6: energiø bornholm,
6,energiø bornholm,6: energiø bornholm,
6,energiø bornholm,6: energiø bornholm,
6,energiø bornholm,6: energiø bornholm,
6,energiø bornholm,6: energiø bornholm,
6,energiø bornholm,6: energiø bornholm,
6,energiø bornholm,6: energiø bornholm,
6,energiø bornholm,6: energiø bornholm,
6,energiø bornholm,6: energiø bornholm,
6,energiø bornholm,6: energiø bornholm,
6,energiø bornholm,6: energiø bornholm,
6,energiø bornholm,6: energiø bornholm,
6,energiø bornholm,6: energiø bornholm,
6,energiø bornholm,6: energiø bornholm,
6,energiø bornholm,6: energiø bornholm,
6,energiø bornholm,6: energiø bornholm,
6,energiø bornholm,6: energiø bornholm,
6,energiø bornholm,6: energiø bornholm,
6,energiø bornholm,6: energiø bornholm,
6,energiø bornholm,6: energiø bornholm,
6,energiø bornholm,6: energiø bornholm,
6,energiø bornholm,6: energiø bornholm,
6,energiø bornholm,6: energiø bornholm,
6,energiø bornholm,6: energiø bornholm,
6,energiø bornholm,6: energiø bornholm,
6,energiø bornholm,6: energiø bornholm,
6,energiø bornholm,6: energiø bornholm,
6,energiø bornholm,6: energiø bornholm,
6,energiø bornholm,6: energiø bornholm,
6,energiø bornholm,6: energiø bornholm,
6,energiø bornholm,6: energiø bornholm,
6,energiø bornholm,6: energiø bornholm,
6,energiø bornholm,6: energiø bornholm,
6,energiø bornholm,6: energiø bornholm,
6,energiø bornholm,6: energiø bornholm,
6,energiø bornholm,6: energiø bornholm,
6,energiø bornholm,6: energiø bornholm,
6,energiø bornholm,6: energiø bornholm,
6,energiø bornholm,6: energiø bornholm,
6,energiø bornholm,6: energiø bornholm,
6,energiø bornholm,6: energiø bornholm,
6,energiø bornholm,6: energiø bornholm,
6,energiø bornholm,6: energiø bornholm,
6,energiø bornholm,6: energiø bornholm,
6,energiø bornholm,6: energiø bornholm,
8,wind turbin,8: wind turbin,
8,wind turbin,8: wind turbin,
8,wind turbin,8: wind turbin,
8,wind turbin,8: wind turbin,
8,wind turbin,8: wind turbin,
8,wind turbin,8: wind turbin,
8,wind turbin,8: wind turbin,
8,wind turbin,8: wind turbin,
8,wind turbin,8: wind turbin,
8,wind turbin,8: wind turbin,
8,wind turbin,8: wind turbin,
8,wind turbin,8: wind turbin,
8,wind turbin,8: wind turbin,
8,wind turbin,8: wind turbin,
8,wind turbin,8: wind turbin,
8,wind turbin,8: wind turbin,
8,wind turbin,8: wind turbin,
8,wind turbin,8: wind turbin,
8,wind turbin,8: wind turbin,
8,wind turbin,8: wind turbin,
8,wind turbin,8: wind turbin,
8,wind turbin,8: wind turbin,
8,wind turbin,8: wind turbin,
8,wind turbin,8: wind turbin,
8,wind turbin,8: wind turbin,
8,wind turbin,8: wind turbin,
8,wind turbin,8: wind turbin,
8,wind turbin,8: wind turbin,
8,wind turbin,8: wind turbin,
8,wind turbin,8: wind turbin,
8,wind turbin,8: wind turbin,
8,wind turbin,8: wind turbin,
8,wind turbin,8: wind turbin,
8,wind turbin,8: wind turbin,
8,wind turbin,8: wind turbin,
8,wind turbin,8: wind turbin,
8,wind turbin,8: wind turbin,
8,wind turbin,8: wind turbin,
8,wind turbin,8: wind turbin,
8,wind turbin,8: wind turbin,
8,wind turbin,8: wind turbin,
8,wind turbin,8: wind turbin,
8,wind turbin,8: wind turbin,
8,wind turbin,8: wind turbin,
8,wind turbin,8: wind turbin,
8,wind turbin,8: wind turbin,
8,wind turbin,8: wind turbin,
8,wind turbin,8: wind turbin,
8,wind turbin,8: wind turbin,
8,wind turbin,8: wind turbin,
8,wind turbin,8: wind turbin,
8,wind turbin,8: wind turbin,
8,wind turbin,8: wind turbin,
8,wind turbin,8: wind turbin,
8,wind turbin,8: wind turbin,
8,wind turbin,8: wind turbin,
8,wind turbin,8: wind turbin,
8,wind turbin,8: wind turbin,
8,wind turbin,8: wind turbin,
8,wind turbin,8: wind turbin,
8,wind turbin,8: wind turbin,
8,wind turbin,8: wind turbin,
8,wind turbin,8: wind turbin,
8,wind turbin,8: wind turbin,
8,wind turbin,8: wind turbin,
8,wind turbin,8: wind turbin,
8,wind turbin,8: wind turbin,
8,wind turbin,8: wind turbin,
8,wind turbin,8: wind turbin,
8,wind turbin,8: wind turbin,
8,wind turbin,8: wind turbin,
8,wind turbin,8: wind turbin,
8,wind turbin,8: wind turbin,
8,wind turbin,8: wind turbin,
8,wind turbin,8: wind turbin,
8,wind turbin,8: wind turbin,
8,wind turbin,8: wind turbin,
8,wind turbin,8: wind turbin,
8,wind turbin,8: wind turbin,
8,wind turbin,8: wind turbin,
8,wind turbin,8: wind turbin,
8,wind turbin,8: wind turbin,
8,wind turbin,8: wind turbin,
8,wind turbin,8: wind turbin,
8,wind turbin,8: wind turbin,
8,wind turbin,8: wind turbin,
8,wind turbin,8: wind turbin,
8,wind turbin,8: wind turbin,
8,wind turbin,8: wind turbin,
8,wind turbin,8: wind turbin,
8,wind turbin,8: wind turbin,
8,wind turbin,8: wind turbin,
8,wind turbin,8: wind turbin,
8,wind turbin,8: wind turbin,
8,wind turbin,8: wind turbin,
8,wind turbin,8: wind turbin,
8,wind turbin,8: wind turbin,
8,wind turbin,8: wind turbin,
8,wind turbin,8: wind turbin,
8,wind turbin,8: wind turbin,
8,wind turbin,8: wind turbin,
8,wind turbin,8: wind turbin,
8,wind turbin,8: wind turbin,
8,wind turbin,8: wind turbin,
8,wind turbin,8: wind turbin,
8,wind turbin,8: wind turbin,
8,wind turbin,8: wind turbin,
8,wind turbin,8: wind turbin,
8,wind turbin,8: wind turbin,
8,wind turbin,8: wind turbin,
8,wind turbin,8: wind turbin,
8,wind turbin,8: wind turbin,
8,wind turbin,8: wind turbin,
8,wind turbin,8: wind turbin,
8,wind turbin,8: wind turbin,
8,wind turbin,8: wind turbin,
8,wind turbin,8: wind turbin,
8,wind turbin,8: wind turbin,
8,wind turbin,8: wind turbin,
8,wind turbin,8: wind turbin,
8,wind turbin,8: wind turbin,
8,wind turbin,8: wind turbin,
8,wind turbin,8: wind turbin,
8,wind turbin,8: wind turbin,
8,wind turbin,8: wind turbin,
8,wind turbin,8: wind turbin,
8,wind turbin,8: wind turbin,
8,wind turbin,8: wind turbin,
8,wind turbin,8: wind turbin,
8,wind turbin,8: wind turbin,
8,wind turbin,8: wind turbin,
8,wind turbin,8: wind turbin,
8,wind turbin,8: wind turbin,
8,wind turbin,8: wind turbin,
8,wind turbin,8: wind turbin,
8,wind turbin,8: wind turbin,
8,wind turbin,8: wind turbin,
8,wind turbin,8: wind turbin,
8,wind turbin,8: wind turbin,
8,wind turbin,8: wind turbin,
8,wind turbin,8: wind turbin,
8,wind turbin,8: wind turbin,
8,wind turbin,8: wind turbin,
8,wind turbin,8: wind turbin,
8,wind turbin,8: wind turbin,
8,wind turbin,8: wind turbin,
8,wind turbin,8: wind turbin,
8,wind turbin,8: wind turbin,
8,wind turbin,8: wind turbin,
8,wind turbin,8: wind turbin,
8,wind turbin,8: wind turbin,
8,wind turbin,8: wind turbin,
8,wind turbin,8: wind turbin,
8,wind turbin,8: wind turbin,
8,wind turbin,8: wind turbin,
8,wind turbin,8: wind turbin,
8,wind turbin,8: wind turbin,
8,wind turbin,8: wind turbin,
8,wind turbin,8: wind turbin,
8,wind turbin,8: wind turbin,
8,wind turbin,8: wind turbin,
8,wind turbin,8: wind turbin,
8,wind turbin,8: wind turbin,
8,wind turbin,8: wind turbin,
8,wind turbin,8: wind turbin,
8,wind turbin,8: wind turbin,
8,wind turbin,8: wind turbin,
8,wind turbin,8: wind turbin,
8,wind turbin,8: wind turbin,
8,wind turbin,8: wind turbin,
8,wind turbin,8: wind turbin,
8,wind turbin,8: wind turbin,
8,wind turbin,8: wind turbin,
8,wind turbin,8: wind turbin,
8,wind turbin,8: wind turbin,
8,wind turbin,8: wind turbin,
8,wind turbin,8: wind turbin,
8,wind turbin,8: wind turbin,
8,wind turbin,8: wind turbin,
8,wind turbin,8: wind turbin,
8,wind turbin,8: wind turbin,
8,wind turbin,8: wind turbin,
8,wind turbin,8: wind turbin,
8,wind turbin,8: wind turbin,
8,wind turbin,8: wind turbin,
8,wind turbin,8: wind turbin,
8,wind turbin,8: wind turbin,
8,wind turbin,8: wind turbin,
8,wind turbin,8: wind turbin,
8,wind turbin,8: wind turbin,
8,wind turbin,8: wind turbin,
8,wind turbin,8: wind turbin,
8,wind turbin,8: wind turbin,
8,wind turbin,8: wind turbin,
8,wind turbin,8: wind turbin,
8,wind turbin,8: wind turbin,
8,wind turbin,8: wind turbin,
8,wind turbin,8: wind turbin,
8,wind turbin,8: wind turbin,
8,wind turbin,8: wind turbin,
8,wind turbin,8: wind turbin,
8,wind turbin,8: wind turbin,
8,wind turbin,8: wind turbin,
8,wind turbin,8: wind turbin,
8,wind turbin,8: wind turbin,
8,wind turbin,8: wind turbin,
8,wind turbin,8: wind turbin,
8,wind turbin,8: wind turbin,
8,wind turbin,8: wind turbin,
8,wind turbin,8: wind turbin,
8,wind turbin,8: wind turbin,
8,wind turbin,8: wind turbin,
8,wind turbin,8: wind turbin,
8,wind turbin,8: wind turbin,
8,wind turbin,8: wind turbin,
8,wind turbin,8: wind turbin,
8,wind turbin,8: wind turbin,
8,wind turbin,8: wind turbin,
8,wind turbin,8: wind turbin,
8,wind turbin,8: wind turbin,
8,wind turbin,8: wind turbin,
8,wind turbin,8: wind turbin,
8,wind turbin,8: wind turbin,
8,wind turbin,8: wind turbin,
8,wind turbin,8: wind turbin,
8,wind turbin,8: wind turbin,
8,wind turbin,8: wind turbin,
8,wind turbin,8: wind turbin,
8,wind turbin,8: wind turbin,
8,wind turbin,8: wind turbin,
8,wind turbin,8: wind turbin,
8,wind turbin,8: wind turbin,
8,wind turbin,8: wind turbin,
8,wind turbin,8: wind turbin,
8,wind turbin,8: wind turbin,
8,wind turbin,8: wind turbin,
8,wind turbin,8: wind turbin,
8,wind turbin,8: wind turbin,
8,wind turbin,8: wind turbin,
8,wind turbin,8: wind turbin,
8,wind turbin,8: wind turbin,
8,wind turbin,8: wind turbin,
8,wind turbin,8: wind turbin,
8,wind turbin,8: wind turbin,
8,wind turbin,8: wind turbin,
8,wind turbin,8: wind turbin,
8,wind turbin,8: wind turbin,
8,wind turbin,8: wind turbin,
8,wind turbin,8: wind turbin,
8,wind turbin,8: wind turbin,
8,wind turbin,8: wind turbin,
8,wind turbin,8: wind turbin,
8,wind turbin,8: wind turbin,
8,wind turbin,8: wind turbin,
8,wind turbin,8: wind turbin,
8,wind turbin,8: wind turbin,
8,wind turbin,8: wind turbin,
8,wind turbin,8: wind turbin,
8,wind turbin,8: wind turbin,
8,wind turbin,8: wind turbin,
8,wind turbin,8: wind turbin,
8,wind turbin,8: wind turbin,
8,wind turbin,8: wind turbin,
8,wind turbin,8: wind turbin,
8,wind turbin,8: wind turbin,
8,wind turbin,8: wind turbin,
8,wind turbin,8: wind turbin,
8,wind turbin,8: wind turbin,
8,wind turbin,8: wind turbin,
8,wind turbin,8: wind turbin,
8,wind turbin,8: wind turbin,
8,wind turbin,8: wind turbin,
8,wind turbin,8: wind turbin,
8,wind turbin,8: wind turbin,
8,wind turbin,8: wind turbin,
8,wind turbin,8: wind turbin,
8,wind turbin,8: wind turbin,
8,wind turbin,8: wind turbin,
8,wind turbin,8: wind turbin,
8,wind turbin,8: wind turbin,
8,wind turbin,8: wind turbin,
8,wind turbin,8: wind turbin,
8,wind turbin,8: wind turbin,
8,wind turbin,8: wind turbin,
8,wind turbin,8: wind turbin,
8,wind turbin,8: wind turbin,
8,wind turbin,8: wind turbin,
8,wind turbin,8: wind turbin,
8,wind turbin,8: wind turbin,
8,wind turbin,8: wind turbin,
8,wind turbin,8: wind turbin,
8,wind turbin,8: wind turbin,
8,wind turbin,8: wind turbin,
8,wind turbin,8: wind turbin,
8,wind turbin,8: wind turbin,
8,wind turbin,8: wind turbin,
8,wind turbin,8: wind turbin,
8,wind turbin,8: wind turbin,
8,wind turbin,8: wind turbin,
8,wind turbin,8: wind turbin,
8,wind turbin,8: wind turbin,
8,wind turbin,8: wind turbin,
8,wind turbin,8: wind turbin,
8,wind turbin,8: wind turbin,
8,wind turbin,8: wind turbin,
8,wind turbin,8: wind turbin,
8,wind turbin,8: wind turbin,
8,wind turbin,8: wind turbin,
8,wind turbin,8: wind turbin,
8,wind turbin,8: wind turbin,
8,wind turbin,8: wind turbin,
8,wind turbin,8: wind turbin,
8,wind turbin,8: wind turbin,
8,wind turbin,8: wind turbin,
8,wind turbin,8: wind turbin,
8,wind turbin,8: wind turbin,
8,wind turbin,8: wind turbin,
8,wind turbin,8: wind turbin,
8,wind turbin,8: wind turbin,
8,wind turbin,8: wind turbin,
8,wind turbin,8: wind turbin,
8,wind turbin,8: wind turbin,
8,wind turbin,8: wind turbin,
8,wind turbin,8: wind turbin,
8,wind turbin,8: wind turbin,
8,wind turbin,8: wind turbin,
8,wind turbin,8: wind turbin,
8,wind turbin,8: wind turbin,
8,wind turbin,8: wind turbin,
8,wind turbin,8: wind turbin,
8,wind turbin,8: wind turbin,
8,wind turbin,8: wind turbin,
8,wind turbin,8: wind turbin,
8,wind turbin,8: wind turbin,
8,wind turbin,8: wind turbin,
8,wind turbin,8: wind turbin,
8,wind turbin,8: wind turbin,
8,wind turbin,8: wind turbin,
8,wind turbin,8: wind turbin,
8,wind turbin,8: wind turbin,
8,wind turbin,8: wind turbin,
8,wind turbin,8: wind turbin,
8,wind turbin,8: wind turbin,
8,wind turbin,8: wind turbin,
8,wind turbin,8: wind turbin,
8,wind turbin,8: wind turbin,
8,wind turbin,8: wind turbin,
8,wind turbin,8: wind turbin,
8,wind turbin,8: wind turbin,
8,wind turbin,8: wind turbin,
8,wind turbin,8: wind turbin,
8,wind turbin,8: wind turbin,
8,wind turbin,8: wind turbin,
8,wind turbin,8: wind turbin,
8,wind turbin,8: wind turbin,
8,wind turbin,8: wind turbin,
8,wind turbin,8: wind turbin,
8,wind turbin,8: wind turbin,
8,wind turbin,8: wind turbin,
8,wind turbin,8: wind turbin,
8,wind turbin,8: wind turbin,
8,wind turbin,8: wind turbin,
8,wind turbin,8: wind turbin,
8,wind turbin,8: wind turbin,
8,wind turbin,8: wind turbin,
8,wind turbin,8: wind turbin,
8,wind turbin,8: wind turbin,
8,wind turbin,8: wind turbin,
8,wind turbin,8: wind turbin,
8,wind turbin,8: wind turbin,
8,wind turbin,8: wind turbin,
8,wind turbin,8: wind turbin,
8,wind turbin,8: wind turbin,
8,wind turbin,8: wind turbin,
8,wind turbin,8: wind turbin,
8,wind turbin,8: wind turbin,
8,wind turbin,8: wind turbin,
8,wind turbin,8: wind turbin,
8,wind turbin,8: wind turbin,
8,wind turbin,8: wind turbin,
8,wind turbin,8: wind turbin,
8,wind turbin,8: wind turbin,
8,wind turbin,8: wind turbin,
8,wind turbin,8: wind turbin,
8,wind turbin,8: wind turbin,
8,wind turbin,8: wind turbin,
8,wind turbin,8: wind turbin,
8,wind turbin,8: wind turbin,
8,wind turbin,8: wind turbin,
8,wind turbin,8: wind turbin,
8,wind turbin,8: wind turbin,
8,wind turbin,8: wind turbin,
8,wind turbin,8: wind turbin,
8,wind turbin,8: wind turbin,
8,wind turbin,8: wind turbin,
8,wind turbin,8: wind turbin,
8,wind turbin,8: wind turbin,
8,wind turbin,8: wind turbin,
8,wind turbin,8: wind turbin,
8,wind turbin,8: wind turbin,
8,wind turbin,8: wind turbin,
8,wind turbin,8: wind turbin,
8,wind turbin,8: wind turbin,
8,wind turbin,8: wind turbin,
8,wind turbin,8: wind turbin,
8,wind turbin,8: wind turbin,
8,wind turbin,8: wind turbin,
8,wind turbin,8: wind turbin,
8,wind turbin,8: wind turbin,
8,wind turbin,8: wind turbin,
8,wind turbin,8: wind turbin,
8,wind turbin,8: wind turbin,
8,wind turbin,8: wind turbin,
8,wind turbin,8: wind turbin,
8,wind turbin,8: wind turbin,
8,wind turbin,8: wind turbin,
8,wind turbin,8: wind turbin,
8,wind turbin,8: wind turbin,
8,wind turbin,8: wind turbin,
8,wind turbin,8: wind turbin,
8,wind turbin,8: wind turbin,
8,wind turbin,8: wind turbin,
8,wind turbin,8: wind turbin,
8,wind turbin,8: wind turbin,
8,wind turbin,8: wind turbin,
8,wind turbin,8: wind turbin,
8,wind turbin,8: wind turbin,
8,wind turbin,8: wind turbin,
8,wind turbin,8: wind turbin,
8,wind turbin,8: wind turbin,
8,wind turbin,8: wind turbin,
8,wind turbin,8: wind turbin,
8,wind turbin,8: wind turbin,
8,wind turbin,8: wind turbin,
8,wind turbin,8: wind turbin,
8,wind turbin,8: wind turbin,
8,wind turbin,8: wind turbin,
8,wind turbin,8: wind turbin,
8,wind turbin,8: wind turbin,
8,wind turbin,8: wind turbin,
8,wind turbin,8: wind turbin,
8,wind turbin,8: wind turbin,
8,wind turbin,8: wind turbin,
8,wind turbin,8: wind turbin,
8,wind turbin,8: wind turbin,
8,wind turbin,8: wind turbin,
8,wind turbin,8: wind turbin,
8,wind turbin,8: wind turbin,
8,wind turbin,8: wind turbin,
8,wind turbin,8: wind turbin,
8,wind turbin,8: wind turbin,
8,wind turbin,8: wind turbin,
8,wind turbin,8: wind turbin,
8,wind turbin,8: wind turbin,
8,wind turbin,8: wind turbin,
8,wind turbin,8: wind turbin,
8,wind turbin,8: wind turbin,
8,wind turbin,8: wind turbin,
8,wind turbin,8: wind turbin,
8,wind turbin,8: wind turbin,
8,wind turbin,8: wind turbin,
8,wind turbin,8: wind turbin,
8,wind turbin,8: wind turbin,
8,wind turbin,8: wind turbin,
8,wind turbin,8: wind turbin,
8,wind turbin,8: wind turbin,
8,wind turbin,8: wind turbin,
8,wind turbin,8: wind turbin,
8,wind turbin,8: wind turbin,
8,wind turbin,8: wind turbin,
8,wind turbin,8: wind turbin,
8,wind turbin,8: wind turbin,
8,wind turbin,8: wind turbin,
8,wind turbin,8: wind turbin,
8,wind turbin,8: wind turbin,
8,wind turbin,8: wind turbin,
8,wind turbin,8: wind turbin,
8,wind turbin,8: wind turbin,
8,wind turbin,8: wind turbin,
8,wind turbin,8: wind turbin,
8,wind turbin,8: wind turbin,
8,wind turbin,8: wind turbin,
8,wind turbin,8: wind turbin,
8,wind turbin,8: wind turbin,
8,wind turbin,8: wind turbin,
8,wind turbin,8: wind turbin,
8,wind turbin,8: wind turbin,
8,wind turbin,8: wind turbin,
8,wind turbin,8: wind turbin,
8,wind turbin,8: wind turbin,
8,wind turbin,8: wind turbin,
8,wind turbin,8: wind turbin,
8,wind turbin,8: wind turbin,
8,wind turbin,8: wind turbin,
8,wind turbin,8: wind turbin,
8,wind turbin,8: wind turbin,
8,wind turbin,8: wind turbin,
8,wind turbin,8: wind turbin,
8,wind turbin,8: wind turbin,
8,wind turbin,8: wind turbin,
8,wind turbin,8: wind turbin,
8,wind turbin,8: wind turbin,
8,wind turbin,8: wind turbin,
8,wind turbin,8: wind turbin,
8,wind turbin,8: wind turbin,
8,wind turbin,8: wind turbin,
8,wind turbin,8: wind turbin,
8,wind turbin,8: wind turbin,
8,wind turbin,8: wind turbin,
8,wind turbin,8: wind turbin,
8,wind turbin,8: wind turbin,
8,wind turbin,8: wind turbin,
8,wind turbin,8: wind turbin,
8,wind turbin,8: wind turbin,
8,wind turbin,8: wind turbin,
8,wind turbin,8: wind turbin,
8,wind turbin,8: wind turbin,
8,wind turbin,8: wind turbin,
8,wind turbin,8: wind turbin,
8,wind turbin,8: wind turbin,
2,municip council,2: municip council,
2,municip council,2: municip council,
2,municip council,2: municip council,
2,municip council,2: municip council,
2,municip council,2: municip council,
2,municip council,2: municip council,
2,municip council,2: municip council,
2,municip council,2: municip council,
2,municip council,2: municip council,
2,municip council,2: municip council,
2,municip council,2: municip council,
2,municip council,2: municip council,
2,municip council,2: municip council,
2,municip council,2: municip council,
2,municip council,2: municip council,
2,municip council,2: municip council,
2,municip council,2: municip council,
2,municip council,2: municip council,
2,municip council,2: municip council,
2,municip council,2: municip council,
2,municip council,2: municip council,
2,municip council,2: municip council,
2,municip council,2: municip council,
2,municip council,2: municip council,
2,municip council,2: municip council,
2,municip council,2: municip council,
2,municip council,2: municip council,
2,municip council,2: municip council,
2,municip council,2: municip council,
2,municip council,2: municip council,
2,municip council,2: municip council,
2,municip council,2: municip council,
2,municip council,2: municip council,
2,municip council,2: municip council,
2,municip council,2: municip council,
2,municip council,2: municip council,
2,municip council,2: municip council,
2,municip council,2: municip council,
2,municip council,2: municip council,
2,municip council,2: municip council,
2,municip council,2: municip council,
2,municip council,2: municip council,
2,municip council,2: municip council,
2,municip council,2: municip council,
2,municip council,2: municip council,
2,municip council,2: municip council,
2,municip council,2: municip council,
2,municip council,2: municip council,
2,municip council,2: municip council,
2,municip council,2: municip council,
2,municip council,2: municip council,
2,municip council,2: municip council,
2,municip council,2: municip council,
2,municip council,2: municip council,
2,municip council,2: municip council,
2,municip council,2: municip council,
2,municip council,2: municip council,
2,municip council,2: municip council,
2,municip council,2: municip council,
2,municip council,2: municip council,
2,municip council,2: municip council,
2,municip council,2: municip council,
2,municip council,2: municip council,
2,municip council,2: municip council,
2,municip council,2: municip council,
2,municip council,2: municip council,
2,municip council,2: municip council,
2,municip council,2: municip council,
2,municip council,2: municip council,
2,municip council,2: municip council,
2,municip council,2: municip council,
2,municip council,2: municip council,
2,municip council,2: municip council,
2,municip council,2: municip council,
2,municip council,2: municip council,
2,municip council,2: municip council,
2,municip council,2: municip council,
2,municip council,2: municip council,
2,municip council,2: municip council,
2,municip council,2: municip council,
2,municip council,2: municip council,
2,municip council,2: municip council,
2,municip council,2: municip council,
2,municip council,2: municip council,
2,municip council,2: municip council,
2,municip council,2: municip council,
2,municip council,2: municip council,
2,municip council,2: municip council,
2,municip council,2: municip council,
2,municip council,2: municip council,
2,municip council,2: municip council,
2,municip council,2: municip council,
2,municip council,2: municip council,
2,municip council,2: municip council,
2,municip council,2: municip council,
2,municip council,2: municip council,
2,municip council,2: municip council,
2,municip council,2: municip council,
2,municip council,2: municip council,
2,municip council,2: municip council,
2,municip council,2: municip council,
2,municip council,2: municip council,
2,municip council,2: municip council,
2,municip council,2: municip council,
2,municip council,2: municip council,
2,municip council,2: municip council,
2,municip council,2: municip council,
2,municip council,2: municip council,
2,municip council,2: municip council,
2,municip council,2: municip council,
2,municip council,2: municip council,
2,municip council,2: municip council,
2,municip council,2: municip council,
2,municip council,2: municip council,
2,municip council,2: municip council,
2,municip council,2: municip council,
2,municip council,2: municip council,
2,municip council,2: municip council,
2,municip council,2: municip council,
2,municip council,2: municip council,
2,municip council,2: municip council,
2,municip council,2: municip council,
2,municip council,2: municip council,
2,municip council,2: municip council,
2,municip council,2: municip council,
2,municip council,2: municip council,
2,municip council,2: municip council,
2,municip council,2: municip council,
2,municip council,2: municip council,
2,municip council,2: municip council,
2,municip council,2: municip council,
2,municip council,2: municip council,
2,municip council,2: municip council,
2,municip council,2: municip council,
2,municip council,2: municip council,
2,municip council,2: municip council,
2,municip council,2: municip council,
2,municip council,2: municip council,
2,municip council,2: municip council,
2,municip council,2: municip council,
2,municip council,2: municip council,
2,municip council,2: municip council,
2,municip council,2: municip council,
2,municip council,2: municip council,
2,municip council,2: municip council,
2,municip council,2: municip council,
2,municip council,2: municip council,
2,municip council,2: municip council,
2,municip council,2: municip council,
2,municip council,2: municip council,
2,municip council,2: municip council,
2,municip council,2: municip council,
2,municip council,2: municip council,
2,municip council,2: municip council,
2,municip council,2: municip council,
2,municip council,2: municip council,
4,baltic sea,4: baltic sea,
4,baltic sea,4: baltic sea,
4,baltic sea,4: baltic sea,
4,baltic sea,4: baltic sea,
4,baltic sea,4: baltic sea,
4,baltic sea,4: baltic sea,
4,baltic sea,4: baltic sea,
4,baltic sea,4: baltic sea,
4,baltic sea,4: baltic sea,
4,baltic sea,4: baltic sea,
4,baltic sea,4: baltic sea,
4,baltic sea,4: baltic sea,
4,baltic sea,4: baltic sea,
4,baltic sea,4: baltic sea,
4,baltic sea,4: baltic sea,
4,baltic sea,4: baltic sea,
4,baltic sea,4: baltic sea,
4,baltic sea,4: baltic sea,
4,baltic sea,4: baltic sea,
4,baltic sea,4: baltic sea,
4,baltic sea,4: baltic sea,
4,baltic sea,4: baltic sea,
4,baltic sea,4: baltic sea,
4,baltic sea,4: baltic sea,
4,baltic sea,4: baltic sea,
4,baltic sea,4: baltic sea,
4,baltic sea,4: baltic sea,
4,baltic sea,4: baltic sea,
4,baltic sea,4: baltic sea,
4,baltic sea,4: baltic sea,
4,baltic sea,4: baltic sea,
4,baltic sea,4: baltic sea,
4,baltic sea,4: baltic sea,
4,baltic sea,4: baltic sea,
4,baltic sea,4: baltic sea,
4,baltic sea,4: baltic sea,
4,baltic sea,4: baltic sea,
4,baltic sea,4: baltic sea,
4,baltic sea,4: baltic sea,
4,baltic sea,4: baltic sea,
4,baltic sea,4: baltic sea,
4,baltic sea,4: baltic sea,
4,baltic sea,4: baltic sea,
4,baltic sea,4: baltic sea,
4,baltic sea,4: baltic sea,
4,baltic sea,4: baltic sea,
4,baltic sea,4: baltic sea,
4,baltic sea,4: baltic sea,
4,baltic sea,4: baltic sea,
4,baltic sea,4: baltic sea,
4,baltic sea,4: baltic sea,
4,baltic sea,4: baltic sea,
4,baltic sea,4: baltic sea,
4,baltic sea,4: baltic sea,
4,baltic sea,4: baltic sea,
4,baltic sea,4: baltic sea,
4,baltic sea,4: baltic sea,
4,baltic sea,4: baltic sea,
4,baltic sea,4: baltic sea,
4,baltic sea,4: baltic sea,
4,baltic sea,4: baltic sea,
4,baltic sea,4: baltic sea,
4,baltic sea,4: baltic sea,
4,baltic sea,4: baltic sea,
4,baltic sea,4: baltic sea,
4,baltic sea,4: baltic sea,
4,baltic sea,4: baltic sea,
4,baltic sea,4: baltic sea,
4,baltic sea,4: baltic sea,
4,baltic sea,4: baltic sea,
4,baltic sea,4: baltic sea,
4,baltic sea,4: baltic sea,
4,baltic sea,4: baltic sea,
4,baltic sea,4: baltic sea,
4,baltic sea,4: baltic sea,
4,baltic sea,4: baltic sea,
4,baltic sea,4: baltic sea,
4,baltic sea,4: baltic sea,
4,baltic sea,4: baltic sea,
4,baltic sea,4: baltic sea,
4,baltic sea,4: baltic sea,
4,baltic sea,4: baltic sea,
4,baltic sea,4: baltic sea,
4,baltic sea,4: baltic sea,
4,baltic sea,4: baltic sea,
4,baltic sea,4: baltic sea,
4,baltic sea,4: baltic sea,
4,baltic sea,4: baltic sea,
4,baltic sea,4: baltic sea,
4,baltic sea,4: baltic sea,
4,baltic sea,4: baltic sea,
4,baltic sea,4: baltic sea,
4,baltic sea,4: baltic sea,
4,baltic sea,4: baltic sea,
4,baltic sea,4: baltic sea,
4,baltic sea,4: baltic sea,
4,baltic sea,4: baltic sea,
4,baltic sea,4: baltic sea,
4,baltic sea,4: baltic sea,
4,baltic sea,4: baltic sea,
4,baltic sea,4: baltic sea,
4,baltic sea,4: baltic sea,
4,baltic sea,4: baltic sea,
4,baltic sea,4: baltic sea,
4,baltic sea,4: baltic sea,
4,baltic sea,4: baltic sea,
4,baltic sea,4: baltic sea,
4,baltic sea,4: baltic sea,
4,baltic sea,4: baltic sea,
4,baltic sea,4: baltic sea,
4,baltic sea,4: baltic sea,
4,baltic sea,4: baltic sea,
4,baltic sea,4: baltic sea,
4,baltic sea,4: baltic sea,
4,baltic sea,4: baltic sea,
4,baltic sea,4: baltic sea,
4,baltic sea,4: baltic sea,
4,baltic sea,4: baltic sea,
4,baltic sea,4: baltic sea,
4,baltic sea,4: baltic sea,
4,baltic sea,4: baltic sea,
4,baltic sea,4: baltic sea,
4,baltic sea,4: baltic sea,
4,baltic sea,4: baltic sea,
4,baltic sea,4: baltic sea,
4,baltic sea,4: baltic sea,
4,baltic sea,4: baltic sea,
4,baltic sea,4: baltic sea,
4,baltic sea,4: baltic sea,
4,baltic sea,4: baltic sea,
4,baltic sea,4: baltic sea,
4,baltic sea,4: baltic sea,
4,baltic sea,4: baltic sea,
4,baltic sea,4: baltic sea,
4,baltic sea,4: baltic sea,
4,baltic sea,4: baltic sea,
4,baltic sea,4: baltic sea,
4,baltic sea,4: baltic sea,
0,energi island,0: energi island,
0,energi island,0: energi island,
0,energi island,0: energi island,
0,energi island,0: energi island,
0,energi island,0: energi island,
0,energi island,0: energi island,
0,energi island,0: energi island,
0,energi island,0: energi island,
0,energi island,0: energi island,
0,energi island,0: energi island,
0,energi island,0: energi island,
0,energi island,0: energi island,
0,energi island,0: energi island,
0,energi island,0: energi island,
0,energi island,0: energi island,
0,energi island,0: energi island,
0,energi island,0: energi island,
0,energi island,0: energi island,
0,energi island,0: energi island,
0,energi island,0: energi island,
0,energi island,0: energi island,
0,energi island,0: energi island,
0,energi island,0: energi island,
0,energi island,0: energi island,
0,energi island,0: energi island,
0,energi island,0: energi island,
0,energi island,0: energi island,
0,energi island,0: energi island,
0,energi island,0: energi island,
0,energi island,0: energi island,
0,energi island,0: energi island,
0,energi island,0: energi island,
0,energi island,0: energi island,
0,energi island,0: energi island,
0,energi island,0: energi island,
0,energi island,0: energi island,
0,energi island,0: energi island,
0,energi island,0: energi island,
0,energi island,0: energi island,
0,energi island,0: energi island,
0,energi island,0: energi island,
0,energi island,0: energi island,
0,energi island,0: energi island,
0,energi island,0: energi island,
0,energi island,0: energi island,
0,energi island,0: energi island,
0,energi island,0: energi island,
0,energi island,0: energi island,
0,energi island,0: energi island,
0,energi island,0: energi island,
0,energi island,0: energi island,
0,energi island,0: energi island,
0,energi island,0: energi island,
0,energi island,0: energi island,
0,energi island,0: energi island,
0,energi island,0: energi island,
0,energi island,0: energi island,
0,energi island,0: energi island,
0,energi island,0: energi island,
0,energi island,0: energi island,
0,energi island,0: energi island,
0,energi island,0: energi island,
0,energi island,0: energi island,
0,energi island,0: energi island,
0,energi island,0: energi island,
0,energi island,0: energi island,
0,energi island,0: energi island,
0,energi island,0: energi island,
0,energi island,0: energi island,
0,energi island,0: energi island,
0,energi island,0: energi island,
0,energi island,0: energi island,
0,energi island,0: energi island,
0,energi island,0: energi island,
0,energi island,0: energi island,
0,energi island,0: energi island,
0,energi island,0: energi island,
0,energi island,0: energi island,
0,energi island,0: energi island,
0,energi island,0: energi island,
0,energi island,0: energi island,
0,energi island,0: energi island,
0,energi island,0: energi island,
0,energi island,0: energi island,
0,energi island,0: energi island,
0,energi island,0: energi island,
0,energi island,0: energi island,
0,energi island,0: energi island,
0,energi island,0: energi island,
0,energi island,0: energi island,
0,energi island,0: energi island,
0,energi island,0: energi island,
0,energi island,0: energi island,
0,energi island,0: energi island,
0,energi island,0: energi island,
0,energi island,0: energi island,
0,energi island,0: energi island,
0,energi island,0: energi island,
0,energi island,0: energi island,
0,energi island,0: energi island,
0,energi island,0: energi island,
0,energi island,0: energi island,
0,energi island,0: energi island,
0,energi island,0: energi island,
0,energi island,0: energi island,
0,energi island,0: energi island,
0,energi island,0: energi island,
0,energi island,0: energi island,
0,energi island,0: energi island,
0,energi island,0: energi island,
0,energi island,0: energi island,
0,energi island,0: energi island,
0,energi island,0: energi island,
0,energi island,0: energi island,
0,energi island,0: energi island,
0,energi island,0: energi island,
0,energi island,0: energi island,
0,energi island,0: energi island,
0,energi island,0: energi island,
0,energi island,0: energi island,
0,energi island,0: energi island,
0,energi island,0: energi island,
0,energi island,0: energi island,
0,energi island,0: energi island,
0,energi island,0: energi island,
0,energi island,0: energi island,
0,energi island,0: energi island,
0,energi island,0: energi island,
0,energi island,0: energi island,
0,energi island,0: energi island,
0,energi island,0: energi island,
0,energi island,0: energi island,
0,energi island,0: energi island,
0,energi island,0: energi island,
0,energi island,0: energi island,
0,energi island,0: energi island,
0,energi island,0: energi island,
0,energi island,0: energi island,
0,energi island,0: energi island,
0,energi island,0: energi island,
0,energi island,0: energi island,
0,energi island,0: energi island,
0,energi island,0: energi island,
0,energi island,0: energi island,
0,energi island,0: energi island,
0,energi island,0: energi island,
0,energi island,0: energi island,
0,energi island,0: energi island,
0,energi island,0: energi island,
0,energi island,0: energi island,
0,energi island,0: energi island,
0,energi island,0: energi island,
0,energi island,0: energi island,
0,energi island,0: energi island,
0,energi island,0: energi island,
0,energi island,0: energi island,
0,energi island,0: energi island,
6,energiø bornholm,6: energiø bornholm,
6,energiø bornholm,6: energiø bornholm,
6,energiø bornholm,6: energiø bornholm,
6,energiø bornholm,6: energiø bornholm,
6,energiø bornholm,6: energiø bornholm,
6,energiø bornholm,6: energiø bornholm,
6,energiø bornholm,6: energiø bornholm,
6,energiø bornholm,6: energiø bornholm,
6,energiø bornholm,6: energiø bornholm,
6,energiø bornholm,6: energiø bornholm,
6,energiø bornholm,6: energiø bornholm,
6,energiø bornholm,6: energiø bornholm,
6,energiø bornholm,6: energiø bornholm,
6,energiø bornholm,6: energiø bornholm,
6,energiø bornholm,6: energiø bornholm,
6,energiø bornholm,6: energiø bornholm,
6,energiø bornholm,6: energiø bornholm,
6,energiø bornholm,6: energiø bornholm,
6,energiø bornholm,6: energiø bornholm,
6,energiø bornholm,6: energiø bornholm,
6,energiø bornholm,6: energiø bornholm,
6,energiø bornholm,6: energiø bornholm,
6,energiø bornholm,6: energiø bornholm,
6,energiø bornholm,6: energiø bornholm,
6,energiø bornholm,6: energiø bornholm,
6,energiø bornholm,6: energiø bornholm,
6,energiø bornholm,6: energiø bornholm,
6,energiø bornholm,6: energiø bornholm,
6,energiø bornholm,6: energiø bornholm,
6,energiø bornholm,6: energiø bornholm,
6,energiø bornholm,6: energiø bornholm,
6,energiø bornholm,6: energiø bornholm,
6,energiø bornholm,6: energiø bornholm,
6,energiø bornholm,6: energiø bornholm,
6,energiø bornholm,6: energiø bornholm,
6,energiø bornholm,6: energiø bornholm,
6,energiø bornholm,6: energiø bornholm,
6,energiø bornholm,6: energiø bornholm,
6,energiø bornholm,6: energiø bornholm,
6,energiø bornholm,6: energiø bornholm,
6,energiø bornholm,6: energiø bornholm,
6,energiø bornholm,6: energiø bornholm,
6,energiø bornholm,6: energiø bornholm,
6,energiø bornholm,6: energiø bornholm,
6,energiø bornholm,6: energiø bornholm,
6,energiø bornholm,6: energiø bornholm,
6,energiø bornholm,6: energiø bornholm,
6,energiø bornholm,6: energiø bornholm,
6,energiø bornholm,6: energiø bornholm,
6,energiø bornholm,6: energiø bornholm,
6,energiø bornholm,6: energiø bornholm,
6,energiø bornholm,6: energiø bornholm,
6,energiø bornholm,6: energiø bornholm,
6,energiø bornholm,6: energiø bornholm,
6,energiø bornholm,6: energiø bornholm,
6,energiø bornholm,6: energiø bornholm,
6,energiø bornholm,6: energiø bornholm,
6,energiø bornholm,6: energiø bornholm,
6,energiø bornholm,6: energiø bornholm,
6,energiø bornholm,6: energiø bornholm,
6,energiø bornholm,6: energiø bornholm,
6,energiø bornholm,6: energiø bornholm,
6,energiø bornholm,6: energiø bornholm,
6,energiø bornholm,6: energiø bornholm,
6,energiø bornholm,6: energiø bornholm,
6,energiø bornholm,6: energiø bornholm,
6,energiø bornholm,6: energiø bornholm,
6,energiø bornholm,6: energiø bornholm,
6,energiø bornholm,6: energiø bornholm,
6,energiø bornholm,6: energiø bornholm,
6,energiø bornholm,6: energiø bornholm,
6,energiø bornholm,6: energiø bornholm,
6,energiø bornholm,6: energiø bornholm,
6,energiø bornholm,6: energiø bornholm,
6,energiø bornholm,6: energiø bornholm,
6,energiø bornholm,6: energiø bornholm,
6,energiø bornholm,6: energiø bornholm,
6,energiø bornholm,6: energiø bornholm,
6,energiø bornholm,6: energiø bornholm,
6,energiø bornholm,6: energiø bornholm,
6,energiø bornholm,6: energiø bornholm,
6,energiø bornholm,6: energiø bornholm,
6,energiø bornholm,6: energiø bornholm,
6,energiø bornholm,6: energiø bornholm,
6,energiø bornholm,6: energiø bornholm,
6,energiø bornholm,6: energiø bornholm,
6,energiø bornholm,6: energiø bornholm,
6,energiø bornholm,6: energiø bornholm,
6,energiø bornholm,6: energiø bornholm,
6,energiø bornholm,6: energiø bornholm,
6,energiø bornholm,6: energiø bornholm,
6,energiø bornholm,6: energiø bornholm,
6,energiø bornholm,6: energiø bornholm,
6,energiø bornholm,6: energiø bornholm,
6,energiø bornholm,6: energiø bornholm,
6,energiø bornholm,6: energiø bornholm,
6,energiø bornholm,6: energiø bornholm,
6,energiø bornholm,6: energiø bornholm,
6,energiø bornholm,6: energiø bornholm,
6,energiø bornholm,6: energiø bornholm,
6,energiø bornholm,6: energiø bornholm,
6,energiø bornholm,6: energiø bornholm,
6,energiø bornholm,6: energiø bornholm,
6,energiø bornholm,6: energiø bornholm,
6,energiø bornholm,6: energiø bornholm,
6,energiø bornholm,6: energiø bornholm,
6,energiø bornholm,6: energiø bornholm,
6,energiø bornholm,6: energiø bornholm,
6,energiø bornholm,6: energiø bornholm,
6,energiø bornholm,6: energiø bornholm,
6,energiø bornholm,6: energiø bornholm,
6,energiø bornholm,6: energiø bornholm,
6,energiø bornholm,6: energiø bornholm,
6,energiø bornholm,6: energiø bornholm,
6,energiø bornholm,6: energiø bornholm,
6,energiø bornholm,6: energiø bornholm,
6,energiø bornholm,6: energiø bornholm,
6,energiø bornholm,6: energiø bornholm,
6,energiø bornholm,6: energiø bornholm,
6,energiø bornholm,6: energiø bornholm,
6,energiø bornholm,6: energiø bornholm,
6,energiø bornholm,6: energiø bornholm,
6,energiø bornholm,6: energiø bornholm,
6,energiø bornholm,6: energiø bornholm,
6,energiø bornholm,6: energiø bornholm,
6,energiø bornholm,6: energiø bornholm,
6,energiø bornholm,6: energiø bornholm,
6,energiø bornholm,6: energiø bornholm,
6,energiø bornholm,6: energiø bornholm,
6,energiø bornholm,6: energiø bornholm,
6,energiø bornholm,6: energiø bornholm,
6,energiø bornholm,6: energiø bornholm,
6,energiø bornholm,6: energiø bornholm,
6,energiø bornholm,6: energiø bornholm,
6,energiø bornholm,6: energiø bornholm,
6,energiø bornholm,6: energiø bornholm,
6,energiø bornholm,6: energiø bornholm,
6,energiø bornholm,6: energiø bornholm,
6,energiø bornholm,6: energiø bornholm,
6,energiø bornholm,6: energiø bornholm,
6,energiø bornholm,6: energiø bornholm,
6,energiø bornholm,6: energiø bornholm,
6,energiø bornholm,6: energiø bornholm,
6,energiø bornholm,6: energiø bornholm,
6,energiø bornholm,6: energiø bornholm,
6,energiø bornholm,6: energiø bornholm,
6,energiø bornholm,6: energiø bornholm,
6,energiø bornholm,6: energiø bornholm,
6,energiø bornholm,6: energiø bornholm,
6,energiø bornholm,6: energiø bornholm,
6,energiø bornholm,6: energiø bornholm,
6,energiø bornholm,6: energiø bornholm,
6,energiø bornholm,6: energiø bornholm,
6,energiø bornholm,6: energiø bornholm,
6,energiø bornholm,6: energiø bornholm,
6,energiø bornholm,6: energiø bornholm,
6,energiø bornholm,6: energiø bornholm,
6,energiø bornholm,6: energiø bornholm,
6,energiø bornholm,6: energiø bornholm,
6,energiø bornholm,6: energiø bornholm,
6,energiø bornholm,6: energiø bornholm,
6,energiø bornholm,6: energiø bornholm,
6,energiø bornholm,6: energiø bornholm,
6,energiø bornholm,6: energiø bornholm,
6,energiø bornholm,6: energiø bornholm,
6,energiø bornholm,6: energiø bornholm,
6,energiø bornholm,6: energiø bornholm,
6,energiø bornholm,6: energiø bornholm,
6,energiø bornholm,6: energiø bornholm,
6,energiø bornholm,6: energiø bornholm,
6,energiø bornholm,6: energiø bornholm,
6,energiø bornholm,6: energiø bornholm,
6,energiø bornholm,6: energiø bornholm,
6,energiø bornholm,6: energiø bornholm,
6,energiø bornholm,6: energiø bornholm,
6,energiø bornholm,6: energiø bornholm,
6,energiø bornholm,6: energiø bornholm,
6,energiø bornholm,6: energiø bornholm,
6,energiø bornholm,6: energiø bornholm,
6,energiø bornholm,6: energiø bornholm,
6,energiø bornholm,6: energiø bornholm,
6,energiø bornholm,6: energiø bornholm,
6,energiø bornholm,6: energiø bornholm,
6,energiø bornholm,6: energiø bornholm,
6,energiø bornholm,6: energiø bornholm,
6,energiø bornholm,6: energiø bornholm,
6,energiø bornholm,6: energiø bornholm,
6,energiø bornholm,6: energiø bornholm,
6,energiø bornholm,6: energiø bornholm,
6,energiø bornholm,6: energiø bornholm,
6,energiø bornholm,6: energiø bornholm,
6,energiø bornholm,6: energiø bornholm,
6,energiø bornholm,6: energiø bornholm,
6,energiø bornholm,6: energiø bornholm,
6,energiø bornholm,6: energiø bornholm,
6,energiø bornholm,6: energiø bornholm,
6,energiø bornholm,6: energiø bornholm,
6,energiø bornholm,6: energiø bornholm,
6,energiø bornholm,6: energiø bornholm,
6,energiø bornholm,6: energiø bornholm,
6,energiø bornholm,6: energiø bornholm,
6,energiø bornholm,6: energiø bornholm,
6,energiø bornholm,6: energiø bornholm,
6,energiø bornholm,6: energiø bornholm,
6,energiø bornholm,6: energiø bornholm,
6,energiø bornholm,6: energiø bornholm,
6,energiø bornholm,6: energiø bornholm,
6,energiø bornholm,6: energiø bornholm,
6,energiø bornholm,6: energiø bornholm,
6,energiø bornholm,6: energiø bornholm,
6,energiø bornholm,6: energiø bornholm,
6,energiø bornholm,6: energiø bornholm,
6,energiø bornholm,6: energiø bornholm,
6,energiø bornholm,6: energiø bornholm,
6,energiø bornholm,6: energiø bornholm,
6,energiø bornholm,6: energiø bornholm,
6,energiø bornholm,6: energiø bornholm,
6,energiø bornholm,6: energiø bornholm,
6,energiø bornholm,6: energiø bornholm,
6,energiø bornholm,6: energiø bornholm,
6,energiø bornholm,6: energiø bornholm,
6,energiø bornholm,6: energiø bornholm,
6,energiø bornholm,6: energiø bornholm,
6,energiø bornholm,6: energiø bornholm,
6,energiø bornholm,6: energiø bornholm,
6,energiø bornholm,6: energiø bornholm,
6,energiø bornholm,6: energiø bornholm,
6,energiø bornholm,6: energiø bornholm,
6,energiø bornholm,6: energiø bornholm,
6,energiø bornholm,6: energiø bornholm,
6,energiø bornholm,6: energiø bornholm,
6,energiø bornholm,6: energiø bornholm,
6,energiø bornholm,6: energiø bornholm,
6,energiø bornholm,6: energiø bornholm,
6,energiø bornholm,6: energiø bornholm,
6,energiø bornholm,6: energiø bornholm,
6,energiø bornholm,6: energiø bornholm,
6,energiø bornholm,6: energiø bornholm,
6,energiø bornholm,6: energiø bornholm,
6,energiø bornholm,6: energiø bornholm,
6,energiø bornholm,6: energiø bornholm,
6,energiø bornholm,6: energiø bornholm,
6,energiø bornholm,6: energiø bornholm,
6,energiø bornholm,6: energiø bornholm,
6,energiø bornholm,6: energiø bornholm,
6,energiø bornholm,6: energiø bornholm,
6,energiø bornholm,6: energiø bornholm,
6,energiø bornholm,6: energiø bornholm,
6,energiø bornholm,6: energiø bornholm,
6,energiø bornholm,6: energiø bornholm,
6,energiø bornholm,6: energiø bornholm,
6,energiø bornholm,6: energiø bornholm,
6,energiø bornholm,6: energiø bornholm,
6,energiø bornholm,6: energiø bornholm,
6,energiø bornholm,6: energiø bornholm,
6,energiø bornholm,6: energiø bornholm,
6,energiø bornholm,6: energiø bornholm,
6,energiø bornholm,6: energiø bornholm,
6,energiø bornholm,6: energiø bornholm,
6,energiø bornholm,6: energiø bornholm,
6,energiø bornholm,6: energiø bornholm,
6,energiø bornholm,6: energiø bornholm,
6,energiø bornholm,6: energiø bornholm,
6,energiø bornholm,6: energiø bornholm,
6,energiø bornholm,6: energiø bornholm,
6,energiø bornholm,6: energiø bornholm,
6,energiø bornholm,6: energiø bornholm,
6,energiø bornholm,6: energiø bornholm,
6,energiø bornholm,6: energiø bornholm,
6,energiø bornholm,6: energiø bornholm,
6,energiø bornholm,6: energiø bornholm,
6,energiø bornholm,6: energiø bornholm,
6,energiø bornholm,6: energiø bornholm,
6,energiø bornholm,6: energiø bornholm,
6,energiø bornholm,6: energiø bornholm,
6,energiø bornholm,6: energiø bornholm,
6,energiø bornholm,6: energiø bornholm,
6,energiø bornholm,6: energiø bornholm,
6,energiø bornholm,6: energiø bornholm,
6,energiø bornholm,6: energiø bornholm,
6,energiø bornholm,6: energiø bornholm,
6,energiø bornholm,6: energiø bornholm,
6,energiø bornholm,6: energiø bornholm,
6,energiø bornholm,6: energiø bornholm,
6,energiø bornholm,6: energiø bornholm,
6,energiø bornholm,6: energiø bornholm,
6,energiø bornholm,6: energiø bornholm,
6,energiø bornholm,6: energiø bornholm,
6,energiø bornholm,6: energiø bornholm,
6,energiø bornholm,6: energiø bornholm,
6,energiø bornholm,6: energiø bornholm,
6,energiø bornholm,6: energiø bornholm,
6,energiø bornholm,6: energiø bornholm,
6,energiø bornholm,6: energiø bornholm,
6,energiø bornholm,6: energiø bornholm,
6,energiø bornholm,6: energiø bornholm,
6,energiø bornholm,6: energiø bornholm,
6,energiø bornholm,6: energiø bornholm,
6,energiø bornholm,6: energiø bornholm,
6,energiø bornholm,6: energiø bornholm,
6,energiø bornholm,6: energiø bornholm,
6,energiø bornholm,6: energiø bornholm,
6,energiø bornholm,6: energiø bornholm,
6,energiø bornholm,6: energiø bornholm,
6,energiø bornholm,6: energiø bornholm,
6,energiø bornholm,6: energiø bornholm,
6,energiø bornholm,6: energiø bornholm,
6,energiø bornholm,6: energiø bornholm,
6,energiø bornholm,6: energiø bornholm,
6,energiø bornholm,6: energiø bornholm,
6,energiø bornholm,6: energiø bornholm,
6,energiø bornholm,6: energiø bornholm,
6,energiø bornholm,6: energiø bornholm,
6,energiø bornholm,6: energiø bornholm,
6,energiø bornholm,6: energiø bornholm,
6,energiø bornholm,6: energiø bornholm,
6,energiø bornholm,6: energiø bornholm,
6,energiø bornholm,6: energiø bornholm,
6,energiø bornholm,6: energiø bornholm,
6,energiø bornholm,6: energiø bornholm,
6,energiø bornholm,6: energiø bornholm,
6,energiø bornholm,6: energiø bornholm,
6,energiø bornholm,6: energiø bornholm,
6,energiø bornholm,6: energiø bornholm,
6,energiø bornholm,6: energiø bornholm,
6,energiø bornholm,6: energiø bornholm,
6,energiø bornholm,6: energiø bornholm,
6,energiø bornholm,6: energiø bornholm,
6,energiø bornholm,6: energiø bornholm,
6,energiø bornholm,6: energiø bornholm,
6,energiø bornholm,6: energiø bornholm,
6,energiø bornholm,6: energiø bornholm,
6,energiø bornholm,6: energiø bornholm,
6,energiø bornholm,6: energiø bornholm,
6,energiø bornholm,6: energiø bornholm,
6,energiø bornholm,6: energiø bornholm,
6,energiø bornholm,6: energiø bornholm,
6,energiø bornholm,6: energiø bornholm,
6,energiø bornholm,6: energiø bornholm,
6,energiø bornholm,6: energiø bornholm,
6,energiø bornholm,6: energiø bornholm,
6,energiø bornholm,6: energiø bornholm,
0,energi island,0: energi island,
0,energi island,0: energi island,
0,energi island,0: energi island,
0,energi island,0: energi island,
0,energi island,0: energi island,
0,energi island,0: energi island,
0,energi island,0: energi island,
0,energi island,0: energi island,
0,energi island,0: energi island,
0,energi island,0: energi island,
0,energi island,0: energi island,
0,energi island,0: energi island,
0,energi island,0: energi island,
0,energi island,0: energi island,
0,energi island,0: energi island,
0,energi island,0: energi island,
0,energi island,0: energi island,
0,energi island,0: energi island,
0,energi island,0: energi island,
0,energi island,0: energi island,
0,energi island,0: energi island,
0,energi island,0: energi island,
0,energi island,0: energi island,
0,energi island,0: energi island,
0,energi island,0: energi island,
0,energi island,0: energi island,
0,energi island,0: energi island,
0,energi island,0: energi island,
0,energi island,0: energi island,
0,energi island,0: energi island,
0,energi island,0: energi island,
0,energi island,0: energi island,
0,energi island,0: energi island,
0,energi island,0: energi island,
0,energi island,0: energi island,
0,energi island,0: energi island,
0,energi island,0: energi island,
0,energi island,0: energi island,
0,energi island,0: energi island,
0,energi island,0: energi island,
0,energi island,0: energi island,
0,energi island,0: energi island,
0,energi island,0: energi island,
0,energi island,0: energi island,
0,energi island,0: energi island,
0,energi island,0: energi island,
0,energi island,0: energi island,
0,energi island,0: energi island,
0,energi island,0: energi island,
0,energi island,0: energi island,
0,energi island,0: energi island,
0,energi island,0: energi island,
0,energi island,0: energi island,
0,energi island,0: energi island,
0,energi island,0: energi island,
0,energi island,0: energi island,
0,energi island,0: energi island,
0,energi island,0: energi island,
0,energi island,0: energi island,
0,energi island,0: energi island,
0,energi island,0: energi island,
0,energi island,0: energi island,
0,energi island,0: energi island,
0,energi island,0: energi island,
0,energi island,0: energi island,
0,energi island,0: energi island,
0,energi island,0: energi island,
0,energi island,0: energi island,
0,energi island,0: energi island,
0,energi island,0: energi island,
0,energi island,0: energi island,
0,energi island,0: energi island,
0,energi island,0: energi island,
0,energi island,0: energi island,
0,energi island,0: energi island,
0,energi island,0: energi island,
0,energi island,0: energi island,
0,energi island,0: energi island,
0,energi island,0: energi island,
0,energi island,0: energi island,
0,energi island,0: energi island,
0,energi island,0: energi island,
0,energi island,0: energi island,
0,energi island,0: energi island,
0,energi island,0: energi island,
0,energi island,0: energi island,
0,energi island,0: energi island,
0,energi island,0: energi island,
0,energi island,0: energi island,
0,energi island,0: energi island,
0,energi island,0: energi island,
0,energi island,0: energi island,
0,energi island,0: energi island,
0,energi island,0: energi island,
0,energi island,0: energi island,
0,energi island,0: energi island,
0,energi island,0: energi island,
0,energi island,0: energi island,
0,energi island,0: energi island,
0,energi island,0: energi island,
0,energi island,0: energi island,
0,energi island,0: energi island,
0,energi island,0: energi island,
0,energi island,0: energi island,
0,energi island,0: energi island,
0,energi island,0: energi island,
0,energi island,0: energi island,
0,energi island,0: energi island,
0,energi island,0: energi island,
0,energi island,0: energi island,
0,energi island,0: energi island,
0,energi island,0: energi island,
0,energi island,0: energi island,
0,energi island,0: energi island,
0,energi island,0: energi island,
0,energi island,0: energi island,
0,energi island,0: energi island,
0,energi island,0: energi island,
0,energi island,0: energi island,
0,energi island,0: energi island,
0,energi island,0: energi island,
0,energi island,0: energi island,
0,energi island,0: energi island,
0,energi island,0: energi island,
0,energi island,0: energi island,
0,energi island,0: energi island,
0,energi island,0: energi island,
0,energi island,0: energi island,
0,energi island,0: energi island,
0,energi island,0: energi island,
0,energi island,0: energi island,
0,energi island,0: energi island,
0,energi island,0: energi island,
0,energi island,0: energi island,
0,energi island,0: energi island,
0,energi island,0: energi island,
0,energi island,0: energi island,
0,energi island,0: energi island,
0,energi island,0: energi island,
0,energi island,0: energi island,
0,energi island,0: energi island,
0,energi island,0: energi island,
0,energi island,0: energi island,
0,energi island,0: energi island,
0,energi island,0: energi island,
0,energi island,0: energi island,
0,energi island,0: energi island,
0,energi island,0: energi island,
0,energi island,0: energi island,
0,energi island,0: energi island,
0,energi island,0: energi island,
0,energi island,0: energi island,
0,energi island,0: energi island,
0,energi island,0: energi island,
0,energi island,0: energi island,
0,energi island,0: energi island,
0,energi island,0: energi island,
8,wind turbin,8: wind turbin,
8,wind turbin,8: wind turbin,
8,wind turbin,8: wind turbin,
8,wind turbin,8: wind turbin,
8,wind turbin,8: wind turbin,
8,wind turbin,8: wind turbin,
8,wind turbin,8: wind turbin,
8,wind turbin,8: wind turbin,
8,wind turbin,8: wind turbin,
8,wind turbin,8: wind turbin,
8,wind turbin,8: wind turbin,
8,wind turbin,8: wind turbin,
8,wind turbin,8: wind turbin,
8,wind turbin,8: wind turbin,
8,wind turbin,8: wind turbin,
8,wind turbin,8: wind turbin,
8,wind turbin,8: wind turbin,
8,wind turbin,8: wind turbin,
8,wind turbin,8: wind turbin,
8,wind turbin,8: wind turbin,
8,wind turbin,8: wind turbin,
8,wind turbin,8: wind turbin,
8,wind turbin,8: wind turbin,
8,wind turbin,8: wind turbin,
8,wind turbin,8: wind turbin,
8,wind turbin,8: wind turbin,
8,wind turbin,8: wind turbin,
8,wind turbin,8: wind turbin,
8,wind turbin,8: wind turbin,
8,wind turbin,8: wind turbin,
8,wind turbin,8: wind turbin,
8,wind turbin,8: wind turbin,
8,wind turbin,8: wind turbin,
8,wind turbin,8: wind turbin,
8,wind turbin,8: wind turbin,
8,wind turbin,8: wind turbin,
8,wind turbin,8: wind turbin,
8,wind turbin,8: wind turbin,
8,wind turbin,8: wind turbin,
8,wind turbin,8: wind turbin,
8,wind turbin,8: wind turbin,
8,wind turbin,8: wind turbin,
8,wind turbin,8: wind turbin,
8,wind turbin,8: wind turbin,
8,wind turbin,8: wind turbin,
8,wind turbin,8: wind turbin,
8,wind turbin,8: wind turbin,
8,wind turbin,8: wind turbin,
8,wind turbin,8: wind turbin,
8,wind turbin,8: wind turbin,
8,wind turbin,8: wind turbin,
8,wind turbin,8: wind turbin,
8,wind turbin,8: wind turbin,
8,wind turbin,8: wind turbin,
8,wind turbin,8: wind turbin,
8,wind turbin,8: wind turbin,
8,wind turbin,8: wind turbin,
8,wind turbin,8: wind turbin,
8,wind turbin,8: wind turbin,
8,wind turbin,8: wind turbin,
8,wind turbin,8: wind turbin,
8,wind turbin,8: wind turbin,
8,wind turbin,8: wind turbin,
8,wind turbin,8: wind turbin,
8,wind turbin,8: wind turbin,
8,wind turbin,8: wind turbin,
8,wind turbin,8: wind turbin,
8,wind turbin,8: wind turbin,
8,wind turbin,8: wind turbin,
8,wind turbin,8: wind turbin,
8,wind turbin,8: wind turbin,
8,wind turbin,8: wind turbin,
8,wind turbin,8: wind turbin,
8,wind turbin,8: wind turbin,
8,wind turbin,8: wind turbin,
8,wind turbin,8: wind turbin,
8,wind turbin,8: wind turbin,
8,wind turbin,8: wind turbin,
8,wind turbin,8: wind turbin,
8,wind turbin,8: wind turbin,
8,wind turbin,8: wind turbin,
8,wind turbin,8: wind turbin,
8,wind turbin,8: wind turbin,
8,wind turbin,8: wind turbin,
8,wind turbin,8: wind turbin,
8,wind turbin,8: wind turbin,
8,wind turbin,8: wind turbin,
8,wind turbin,8: wind turbin,
8,wind turbin,8: wind turbin,
8,wind turbin,8: wind turbin,
8,wind turbin,8: wind turbin,
8,wind turbin,8: wind turbin,
8,wind turbin,8: wind turbin,
8,wind turbin,8: wind turbin,
8,wind turbin,8: wind turbin,
8,wind turbin,8: wind turbin,
8,wind turbin,8: wind turbin,
8,wind turbin,8: wind turbin,
8,wind turbin,8: wind turbin,
8,wind turbin,8: wind turbin,
8,wind turbin,8: wind turbin,
8,wind turbin,8: wind turbin,
8,wind turbin,8: wind turbin,
8,wind turbin,8: wind turbin,
8,wind turbin,8: wind turbin,
8,wind turbin,8: wind turbin,
8,wind turbin,8: wind turbin,
8,wind turbin,8: wind turbin,
8,wind turbin,8: wind turbin,
8,wind turbin,8: wind turbin,
8,wind turbin,8: wind turbin,
8,wind turbin,8: wind turbin,
8,wind turbin,8: wind turbin,
8,wind turbin,8: wind turbin,
8,wind turbin,8: wind turbin,
8,wind turbin,8: wind turbin,
8,wind turbin,8: wind turbin,
8,wind turbin,8: wind turbin,
8,wind turbin,8: wind turbin,
8,wind turbin,8: wind turbin,
8,wind turbin,8: wind turbin,
8,wind turbin,8: wind turbin,
8,wind turbin,8: wind turbin,
8,wind turbin,8: wind turbin,
8,wind turbin,8: wind turbin,
8,wind turbin,8: wind turbin,
8,wind turbin,8: wind turbin,
8,wind turbin,8: wind turbin,
8,wind turbin,8: wind turbin,
8,wind turbin,8: wind turbin,
6,energiø bornholm,6: energiø bornholm,
6,energiø bornholm,6: energiø bornholm,
6,energiø bornholm,6: energiø bornholm,
6,energiø bornholm,6: energiø bornholm,
6,energiø bornholm,6: energiø bornholm,
6,energiø bornholm,6: energiø bornholm,
6,energiø bornholm,6: energiø bornholm,
6,energiø bornholm,6: energiø bornholm,
6,energiø bornholm,6: energiø bornholm,
6,energiø bornholm,6: energiø bornholm,
6,energiø bornholm,6: energiø bornholm,
6,energiø bornholm,6: energiø bornholm,
6,energiø bornholm,6: energiø bornholm,
6,energiø bornholm,6: energiø bornholm,
6,energiø bornholm,6: energiø bornholm,
6,energiø bornholm,6: energiø bornholm,
6,energiø bornholm,6: energiø bornholm,
6,energiø bornholm,6: energiø bornholm,
6,energiø bornholm,6: energiø bornholm,
6,energiø bornholm,6: energiø bornholm,
6,energiø bornholm,6: energiø bornholm,
6,energiø bornholm,6: energiø bornholm,
6,energiø bornholm,6: energiø bornholm,
6,energiø bornholm,6: energiø bornholm,
6,energiø bornholm,6: energiø bornholm,
6,energiø bornholm,6: energiø bornholm,
6,energiø bornholm,6: energiø bornholm,
6,energiø bornholm,6: energiø bornholm,
6,energiø bornholm,6: energiø bornholm,
6,energiø bornholm,6: energiø bornholm,
6,energiø bornholm,6: energiø bornholm,
6,energiø bornholm,6: energiø bornholm,
6,energiø bornholm,6: energiø bornholm,
6,energiø bornholm,6: energiø bornholm,
6,energiø bornholm,6: energiø bornholm,
6,energiø bornholm,6: energiø bornholm,
6,energiø bornholm,6: energiø bornholm,
6,energiø bornholm,6: energiø bornholm,
6,energiø bornholm,6: energiø bornholm,
6,energiø bornholm,6: energiø bornholm,
6,energiø bornholm,6: energiø bornholm,
6,energiø bornholm,6: energiø bornholm,
6,energiø bornholm,6: energiø bornholm,
6,energiø bornholm,6: energiø bornholm,
6,energiø bornholm,6: energiø bornholm,
6,energiø bornholm,6: energiø bornholm,
6,energiø bornholm,6: energiø bornholm,
6,energiø bornholm,6: energiø bornholm,
6,energiø bornholm,6: energiø bornholm,
6,energiø bornholm,6: energiø bornholm,
6,energiø bornholm,6: energiø bornholm,
6,energiø bornholm,6: energiø bornholm,
6,energiø bornholm,6: energiø bornholm,
6,energiø bornholm,6: energiø bornholm,
6,energiø bornholm,6: energiø bornholm,
6,energiø bornholm,6: energiø bornholm,
6,energiø bornholm,6: energiø bornholm,
6,energiø bornholm,6: energiø bornholm,
6,energiø bornholm,6: energiø bornholm,
6,energiø bornholm,6: energiø bornholm,
6,energiø bornholm,6: energiø bornholm,
6,energiø bornholm,6: energiø bornholm,
6,energiø bornholm,6: energiø bornholm,
6,energiø bornholm,6: energiø bornholm,
6,energiø bornholm,6: energiø bornholm,
6,energiø bornholm,6: energiø bornholm,
6,energiø bornholm,6: energiø bornholm,
6,energiø bornholm,6: energiø bornholm,
6,energiø bornholm,6: energiø bornholm,
6,energiø bornholm,6: energiø bornholm,
6,energiø bornholm,6: energiø bornholm,
6,energiø bornholm,6: energiø bornholm,
6,energiø bornholm,6: energiø bornholm,
6,energiø bornholm,6: energiø bornholm,
6,energiø bornholm,6: energiø bornholm,
6,energiø bornholm,6: energiø bornholm,
6,energiø bornholm,6: energiø bornholm,
6,energiø bornholm,6: energiø bornholm,
6,energiø bornholm,6: energiø bornholm,
6,energiø bornholm,6: energiø bornholm,
6,energiø bornholm,6: energiø bornholm,
6,energiø bornholm,6: energiø bornholm,
6,energiø bornholm,6: energiø bornholm,
6,energiø bornholm,6: energiø bornholm,
6,energiø bornholm,6: energiø bornholm,
6,energiø bornholm,6: energiø bornholm,
6,energiø bornholm,6: energiø bornholm,
6,energiø bornholm,6: energiø bornholm,
6,energiø bornholm,6: energiø bornholm,
6,energiø bornholm,6: energiø bornholm,
6,energiø bornholm,6: energiø bornholm,
6,energiø bornholm,6: energiø bornholm,
6,energiø bornholm,6: energiø bornholm,
6,energiø bornholm,6: energiø bornholm,
6,energiø bornholm,6: energiø bornholm,
6,energiø bornholm,6: energiø bornholm,
6,energiø bornholm,6: energiø bornholm,
6,energiø bornholm,6: energiø bornholm,
6,energiø bornholm,6: energiø bornholm,
6,energiø bornholm,6: energiø bornholm,
6,energiø bornholm,6: energiø bornholm,
6,energiø bornholm,6: energiø bornholm,
6,energiø bornholm,6: energiø bornholm,
6,energiø bornholm,6: energiø bornholm,
6,energiø bornholm,6: energiø bornholm,
6,energiø bornholm,6: energiø bornholm,
6,energiø bornholm,6: energiø bornholm,
6,energiø bornholm,6: energiø bornholm,
6,energiø bornholm,6: energiø bornholm,
6,energiø bornholm,6: energiø bornholm,
6,energiø bornholm,6: energiø bornholm,
6,energiø bornholm,6: energiø bornholm,
6,energiø bornholm,6: energiø bornholm,
6,energiø bornholm,6: energiø bornholm,
6,energiø bornholm,6: energiø bornholm,
6,energiø bornholm,6: energiø bornholm,
6,energiø bornholm,6: energiø bornholm,
6,energiø bornholm,6: energiø bornholm,
6,energiø bornholm,6: energiø bornholm,
6,energiø bornholm,6: energiø bornholm,
6,energiø bornholm,6: energiø bornholm,
6,energiø bornholm,6: energiø bornholm,
6,energiø bornholm,6: energiø bornholm,
6,energiø bornholm,6: energiø bornholm,
6,energiø bornholm,6: energiø bornholm,
6,energiø bornholm,6: energiø bornholm,
6,energiø bornholm,6: energiø bornholm,
6,energiø bornholm,6: energiø bornholm,
6,energiø bornholm,6: energiø bornholm,
6,energiø bornholm,6: energiø bornholm,
6,energiø bornholm,6: energiø bornholm,
6,energiø bornholm,6: energiø bornholm,
6,energiø bornholm,6: energiø bornholm,
6,energiø bornholm,6: energiø bornholm,
6,energiø bornholm,6: energiø bornholm,
6,energiø bornholm,6: energiø bornholm,
6,energiø bornholm,6: energiø bornholm,
6,energiø bornholm,6: energiø bornholm,
6,energiø bornholm,6: energiø bornholm,
6,energiø bornholm,6: energiø bornholm,
6,energiø bornholm,6: energiø bornholm,
6,energiø bornholm,6: energiø bornholm,
6,energiø bornholm,6: energiø bornholm,
6,energiø bornholm,6: energiø bornholm,
6,energiø bornholm,6: energiø bornholm,
6,energiø bornholm,6: energiø bornholm,
6,energiø bornholm,6: energiø bornholm,
6,energiø bornholm,6: energiø bornholm,
6,energiø bornholm,6: energiø bornholm,
6,energiø bornholm,6: energiø bornholm,
6,energiø bornholm,6: energiø bornholm,
6,energiø bornholm,6: energiø bornholm,
6,energiø bornholm,6: energiø bornholm,
6,energiø bornholm,6: energiø bornholm,
6,energiø bornholm,6: energiø bornholm,
6,energiø bornholm,6: energiø bornholm,
6,energiø bornholm,6: energiø bornholm,
6,energiø bornholm,6: energiø bornholm,
6,energiø bornholm,6: energiø bornholm,
6,energiø bornholm,6: energiø bornholm,
6,energiø bornholm,6: energiø bornholm,
6,energiø bornholm,6: energiø bornholm,
6,energiø bornholm,6: energiø bornholm,
6,energiø bornholm,6: energiø bornholm,
6,energiø bornholm,6: energiø bornholm,
6,energiø bornholm,6: energiø bornholm,
6,energiø bornholm,6: energiø bornholm,
6,energiø bornholm,6: energiø bornholm,
6,energiø bornholm,6: energiø bornholm,
6,energiø bornholm,6: energiø bornholm,
6,energiø bornholm,6: energiø bornholm,
8,wind turbin,8: wind turbin,
8,wind turbin,8: wind turbin,
8,wind turbin,8: wind turbin,
8,wind turbin,8: wind turbin,
8,wind turbin,8: wind turbin,
8,wind turbin,8: wind turbin,
8,wind turbin,8: wind turbin,
8,wind turbin,8: wind turbin,
8,wind turbin,8: wind turbin,
8,wind turbin,8: wind turbin,
8,wind turbin,8: wind turbin,
8,wind turbin,8: wind turbin,
8,wind turbin,8: wind turbin,
8,wind turbin,8: wind turbin,
8,wind turbin,8: wind turbin,
8,wind turbin,8: wind turbin,
8,wind turbin,8: wind turbin,
8,wind turbin,8: wind turbin,
8,wind turbin,8: wind turbin,
8,wind turbin,8: wind turbin,
8,wind turbin,8: wind turbin,
8,wind turbin,8: wind turbin,
8,wind turbin,8: wind turbin,
8,wind turbin,8: wind turbin,
8,wind turbin,8: wind turbin,
8,wind turbin,8: wind turbin,
8,wind turbin,8: wind turbin,
8,wind turbin,8: wind turbin,
8,wind turbin,8: wind turbin,
8,wind turbin,8: wind turbin,
8,wind turbin,8: wind turbin,
8,wind turbin,8: wind turbin,
8,wind turbin,8: wind turbin,
8,wind turbin,8: wind turbin,
8,wind turbin,8: wind turbin,
8,wind turbin,8: wind turbin,
8,wind turbin,8: wind turbin,
8,wind turbin,8: wind turbin,
8,wind turbin,8: wind turbin,
8,wind turbin,8: wind turbin,
8,wind turbin,8: wind turbin,
8,wind turbin,8: wind turbin,
8,wind turbin,8: wind turbin,
8,wind turbin,8: wind turbin,
8,wind turbin,8: wind turbin,
8,wind turbin,8: wind turbin,
8,wind turbin,8: wind turbin,
8,wind turbin,8: wind turbin,
8,wind turbin,8: wind turbin,
8,wind turbin,8: wind turbin,
8,wind turbin,8: wind turbin,
8,wind turbin,8: wind turbin,
8,wind turbin,8: wind turbin,
8,wind turbin,8: wind turbin,
8,wind turbin,8: wind turbin,
8,wind turbin,8: wind turbin,
8,wind turbin,8: wind turbin,
8,wind turbin,8: wind turbin,
8,wind turbin,8: wind turbin,
8,wind turbin,8: wind turbin,
8,wind turbin,8: wind turbin,
8,wind turbin,8: wind turbin,
8,wind turbin,8: wind turbin,
8,wind turbin,8: wind turbin,
8,wind turbin,8: wind turbin,
8,wind turbin,8: wind turbin,
8,wind turbin,8: wind turbin,
8,wind turbin,8: wind turbin,
8,wind turbin,8: wind turbin,
8,wind turbin,8: wind turbin,
8,wind turbin,8: wind turbin,
8,wind turbin,8: wind turbin,
8,wind turbin,8: wind turbin,
8,wind turbin,8: wind turbin,
8,wind turbin,8: wind turbin,
8,wind turbin,8: wind turbin,
8,wind turbin,8: wind turbin,
8,wind turbin,8: wind turbin,
8,wind turbin,8: wind turbin,
8,wind turbin,8: wind turbin,
8,wind turbin,8: wind turbin,
8,wind turbin,8: wind turbin,
8,wind turbin,8: wind turbin,
8,wind turbin,8: wind turbin,
8,wind turbin,8: wind turbin,
8,wind turbin,8: wind turbin,
8,wind turbin,8: wind turbin,
8,wind turbin,8: wind turbin,
8,wind turbin,8: wind turbin,
8,wind turbin,8: wind turbin,
8,wind turbin,8: wind turbin,
8,wind turbin,8: wind turbin,
8,wind turbin,8: wind turbin,
8,wind turbin,8: wind turbin,
8,wind turbin,8: wind turbin,
8,wind turbin,8: wind turbin,
8,wind turbin,8: wind turbin,
8,wind turbin,8: wind turbin,
8,wind turbin,8: wind turbin,
8,wind turbin,8: wind turbin,
8,wind turbin,8: wind turbin,
8,wind turbin,8: wind turbin,
8,wind turbin,8: wind turbin,
8,wind turbin,8: wind turbin,
8,wind turbin,8: wind turbin,
8,wind turbin,8: wind turbin,
8,wind turbin,8: wind turbin,
8,wind turbin,8: wind turbin,
8,wind turbin,8: wind turbin,
8,wind turbin,8: wind turbin,
8,wind turbin,8: wind turbin,
8,wind turbin,8: wind turbin,
8,wind turbin,8: wind turbin,
8,wind turbin,8: wind turbin,
8,wind turbin,8: wind turbin,
8,wind turbin,8: wind turbin,
8,wind turbin,8: wind turbin,
8,wind turbin,8: wind turbin,
8,wind turbin,8: wind turbin,
8,wind turbin,8: wind turbin,
8,wind turbin,8: wind turbin,
8,wind turbin,8: wind turbin,
8,wind turbin,8: wind turbin,
8,wind turbin,8: wind turbin,
8,wind turbin,8: wind turbin,
8,wind turbin,8: wind turbin,
8,wind turbin,8: wind turbin,
8,wind turbin,8: wind turbin,
8,wind turbin,8: wind turbin,
8,wind turbin,8: wind turbin,
0,energi island,0: energi island,
0,energi island,0: energi island,
0,energi island,0: energi island,
0,energi island,0: energi island,
0,energi island,0: energi island,
0,energi island,0: energi island,
0,energi island,0: energi island,
0,energi island,0: energi island,
0,energi island,0: energi island,
0,energi island,0: energi island,
0,energi island,0: energi island,
0,energi island,0: energi island,
0,energi island,0: energi island,
0,energi island,0: energi island,
0,energi island,0: energi island,
0,energi island,0: energi island,
0,energi island,0: energi island,
0,energi island,0: energi island,
0,energi island,0: energi island,
0,energi island,0: energi island,
0,energi island,0: energi island,
0,energi island,0: energi island,
0,energi island,0: energi island,
0,energi island,0: energi island,
0,energi island,0: energi island,
0,energi island,0: energi island,
0,energi island,0: energi island,
0,energi island,0: energi island,
0,energi island,0: energi island,
0,energi island,0: energi island,
0,energi island,0: energi island,
0,energi island,0: energi island,
0,energi island,0: energi island,
0,energi island,0: energi island,
0,energi island,0: energi island,
0,energi island,0: energi island,
0,energi island,0: energi island,
0,energi island,0: energi island,
0,energi island,0: energi island,
0,energi island,0: energi island,
0,energi island,0: energi island,
0,energi island,0: energi island,
0,energi island,0: energi island,
0,energi island,0: energi island,
0,energi island,0: energi island,
0,energi island,0: energi island,
0,energi island,0: energi island,
0,energi island,0: energi island,
0,energi island,0: energi island,
0,energi island,0: energi island,
0,energi island,0: energi island,
0,energi island,0: energi island,
0,energi island,0: energi island,
0,energi island,0: energi island,
0,energi island,0: energi island,
0,energi island,0: energi island,
0,energi island,0: energi island,
0,energi island,0: energi island,
0,energi island,0: energi island,
0,energi island,0: energi island,
0,energi island,0: energi island,
0,energi island,0: energi island,
0,energi island,0: energi island,
0,energi island,0: energi island,
0,energi island,0: energi island,
0,energi island,0: energi island,
0,energi island,0: energi island,
0,energi island,0: energi island,
0,energi island,0: energi island,
0,energi island,0: energi island,
0,energi island,0: energi island,
0,energi island,0: energi island,
0,energi island,0: energi island,
0,energi island,0: energi island,
0,energi island,0: energi island,
0,energi island,0: energi island,
0,energi island,0: energi island,
0,energi island,0: energi island,
0,energi island,0: energi island,
0,energi island,0: energi island,
0,energi island,0: energi island,
0,energi island,0: energi island,
0,energi island,0: energi island,
0,energi island,0: energi island,
0,energi island,0: energi island,
0,energi island,0: energi island,
0,energi island,0: energi island,
0,energi island,0: energi island,
0,energi island,0: energi island,
0,energi island,0: energi island,
0,energi island,0: energi island,
0,energi island,0: energi island,
0,energi island,0: energi island,
0,energi island,0: energi island,
0,energi island,0: energi island,
0,energi island,0: energi island,
0,energi island,0: energi island,
0,energi island,0: energi island,
0,energi island,0: energi island,
0,energi island,0: energi island,
0,energi island,0: energi island,
0,energi island,0: energi island,
0,energi island,0: energi island,
0,energi island,0: energi island,
0,energi island,0: energi island,
0,energi island,0: energi island,
0,energi island,0: energi island,
0,energi island,0: energi island,
0,energi island,0: energi island,
0,energi island,0: energi island,
0,energi island,0: energi island,
0,energi island,0: energi island,
0,energi island,0: energi island,
0,energi island,0: energi island,
0,energi island,0: energi island,
0,energi island,0: energi island,
0,energi island,0: energi island,
0,energi island,0: energi island,
0,energi island,0: energi island,
0,energi island,0: energi island,
0,energi island,0: energi island,
0,energi island,0: energi island,
0,energi island,0: energi island,
0,energi island,0: energi island,
0,energi island,0: energi island,
0,energi island,0: energi island,
0,energi island,0: energi island,
0,energi island,0: energi island,
0,energi island,0: energi island,
0,energi island,0: energi island,
0,energi island,0: energi island,
0,energi island,0: energi island,
0,energi island,0: energi island,
0,energi island,0: energi island,
0,energi island,0: energi island,
0,energi island,0: energi island,
0,energi island,0: energi island,
0,energi island,0: energi island,
0,energi island,0: energi island,
0,energi island,0: energi island,
0,energi island,0: energi island,
0,energi island,0: energi island,
0,energi island,0: energi island,
0,energi island,0: energi island,
0,energi island,0: energi island,
0,energi island,0: energi island,
0,energi island,0: energi island,
0,energi island,0: energi island,
0,energi island,0: energi island,
0,energi island,0: energi island,
0,energi island,0: energi island,
0,energi island,0: energi island,
0,energi island,0: energi island,
0,energi island,0: energi island,
0,energi island,0: energi island,
0,energi island,0: energi island,
0,energi island,0: energi island,
8,wind turbin,8: wind turbin,
8,wind turbin,8: wind turbin,
8,wind turbin,8: wind turbin,
8,wind turbin,8: wind turbin,
8,wind turbin,8: wind turbin,
8,wind turbin,8: wind turbin,
8,wind turbin,8: wind turbin,
8,wind turbin,8: wind turbin,
8,wind turbin,8: wind turbin,
8,wind turbin,8: wind turbin,
8,wind turbin,8: wind turbin,
8,wind turbin,8: wind turbin,
8,wind turbin,8: wind turbin,
8,wind turbin,8: wind turbin,
8,wind turbin,8: wind turbin,
8,wind turbin,8: wind turbin,
8,wind turbin,8: wind turbin,
8,wind turbin,8: wind turbin,
8,wind turbin,8: wind turbin,
8,wind turbin,8: wind turbin,
8,wind turbin,8: wind turbin,
8,wind turbin,8: wind turbin,
8,wind turbin,8: wind turbin,
8,wind turbin,8: wind turbin,
8,wind turbin,8: wind turbin,
8,wind turbin,8: wind turbin,
8,wind turbin,8: wind turbin,
8,wind turbin,8: wind turbin,
8,wind turbin,8: wind turbin,
8,wind turbin,8: wind turbin,
8,wind turbin,8: wind turbin,
8,wind turbin,8: wind turbin,
8,wind turbin,8: wind turbin,
8,wind turbin,8: wind turbin,
8,wind turbin,8: wind turbin,
8,wind turbin,8: wind turbin,
8,wind turbin,8: wind turbin,
8,wind turbin,8: wind turbin,
8,wind turbin,8: wind turbin,
8,wind turbin,8: wind turbin,
8,wind turbin,8: wind turbin,
8,wind turbin,8: wind turbin,
8,wind turbin,8: wind turbin,
8,wind turbin,8: wind turbin,
8,wind turbin,8: wind turbin,
8,wind turbin,8: wind turbin,
8,wind turbin,8: wind turbin,
8,wind turbin,8: wind turbin,
8,wind turbin,8: wind turbin,
8,wind turbin,8: wind turbin,
8,wind turbin,8: wind turbin,
8,wind turbin,8: wind turbin,
8,wind turbin,8: wind turbin,
8,wind turbin,8: wind turbin,
8,wind turbin,8: wind turbin,
8,wind turbin,8: wind turbin,
8,wind turbin,8: wind turbin,
8,wind turbin,8: wind turbin,
8,wind turbin,8: wind turbin,
8,wind turbin,8: wind turbin,
8,wind turbin,8: wind turbin,
8,wind turbin,8: wind turbin,
8,wind turbin,8: wind turbin,
8,wind turbin,8: wind turbin,
8,wind turbin,8: wind turbin,
8,wind turbin,8: wind turbin,
8,wind turbin,8: wind turbin,
8,wind turbin,8: wind turbin,
8,wind turbin,8: wind turbin,
8,wind turbin,8: wind turbin,
8,wind turbin,8: wind turbin,
8,wind turbin,8: wind turbin,
8,wind turbin,8: wind turbin,
8,wind turbin,8: wind turbin,
8,wind turbin,8: wind turbin,
8,wind turbin,8: wind turbin,
8,wind turbin,8: wind turbin,
8,wind turbin,8: wind turbin,
8,wind turbin,8: wind turbin,
8,wind turbin,8: wind turbin,
8,wind turbin,8: wind turbin,
8,wind turbin,8: wind turbin,
8,wind turbin,8: wind turbin,
8,wind turbin,8: wind turbin,
8,wind turbin,8: wind turbin,
8,wind turbin,8: wind turbin,
8,wind turbin,8: wind turbin,
8,wind turbin,8: wind turbin,
8,wind turbin,8: wind turbin,
8,wind turbin,8: wind turbin,
8,wind turbin,8: wind turbin,
8,wind turbin,8: wind turbin,
8,wind turbin,8: wind turbin,
8,wind turbin,8: wind turbin,
8,wind turbin,8: wind turbin,
8,wind turbin,8: wind turbin,
8,wind turbin,8: wind turbin,
8,wind turbin,8: wind turbin,
8,wind turbin,8: wind turbin,
8,wind turbin,8: wind turbin,
8,wind turbin,8: wind turbin,
8,wind turbin,8: wind turbin,
8,wind turbin,8: wind turbin,
8,wind turbin,8: wind turbin,
8,wind turbin,8: wind turbin,
8,wind turbin,8: wind turbin,
8,wind turbin,8: wind turbin,
8,wind turbin,8: wind turbin,
8,wind turbin,8: wind turbin,
8,wind turbin,8: wind turbin,
8,wind turbin,8: wind turbin,
8,wind turbin,8: wind turbin,
8,wind turbin,8: wind turbin,
8,wind turbin,8: wind turbin,
8,wind turbin,8: wind turbin,
8,wind turbin,8: wind turbin,
8,wind turbin,8: wind turbin,
8,wind turbin,8: wind turbin,
8,wind turbin,8: wind turbin,
8,wind turbin,8: wind turbin,
8,wind turbin,8: wind turbin,
8,wind turbin,8: wind turbin,
8,wind turbin,8: wind turbin,
8,wind turbin,8: wind turbin,
8,wind turbin,8: wind turbin,
8,wind turbin,8: wind turbin,
8,wind turbin,8: wind turbin,
8,wind turbin,8: wind turbin,
8,wind turbin,8: wind turbin,
8,wind turbin,8: wind turbin,
0,energi island,0: energi island,
0,energi island,0: energi island,
0,energi island,0: energi island,
0,energi island,0: energi island,
0,energi island,0: energi island,
0,energi island,0: energi island,
0,energi island,0: energi island,
0,energi island,0: energi island,
0,energi island,0: energi island,
0,energi island,0: energi island,
0,energi island,0: energi island,
0,energi island,0: energi island,
0,energi island,0: energi island,
0,energi island,0: energi island,
0,energi island,0: energi island,
0,energi island,0: energi island,
0,energi island,0: energi island,
0,energi island,0: energi island,
0,energi island,0: energi island,
0,energi island,0: energi island,
0,energi island,0: energi island,
0,energi island,0: energi island,
0,energi island,0: energi island,
0,energi island,0: energi island,
0,energi island,0: energi island,
0,energi island,0: energi island,
0,energi island,0: energi island,
0,energi island,0: energi island,
0,energi island,0: energi island,
0,energi island,0: energi island,
0,energi island,0: energi island,
0,energi island,0: energi island,
0,energi island,0: energi island,
0,energi island,0: energi island,
0,energi island,0: energi island,
0,energi island,0: energi island,
0,energi island,0: energi island,
0,energi island,0: energi island,
0,energi island,0: energi island,
0,energi island,0: energi island,
0,energi island,0: energi island,
0,energi island,0: energi island,
0,energi island,0: energi island,
0,energi island,0: energi island,
0,energi island,0: energi island,
0,energi island,0: energi island,
0,energi island,0: energi island,
0,energi island,0: energi island,
0,energi island,0: energi island,
0,energi island,0: energi island,
0,energi island,0: energi island,
0,energi island,0: energi island,
0,energi island,0: energi island,
0,energi island,0: energi island,
0,energi island,0: energi island,
0,energi island,0: energi island,
0,energi island,0: energi island,
0,energi island,0: energi island,
0,energi island,0: energi island,
0,energi island,0: energi island,
0,energi island,0: energi island,
0,energi island,0: energi island,
0,energi island,0: energi island,
0,energi island,0: energi island,
0,energi island,0: energi island,
0,energi island,0: energi island,
0,energi island,0: energi island,
0,energi island,0: energi island,
0,energi island,0: energi island,
0,energi island,0: energi island,
0,energi island,0: energi island,
0,energi island,0: energi island,
0,energi island,0: energi island,
0,energi island,0: energi island,
0,energi island,0: energi island,
0,energi island,0: energi island,
0,energi island,0: energi island,
0,energi island,0: energi island,
0,energi island,0: energi island,
0,energi island,0: energi island,
0,energi island,0: energi island,
0,energi island,0: energi island,
0,energi island,0: energi island,
0,energi island,0: energi island,
0,energi island,0: energi island,
0,energi island,0: energi island,
0,energi island,0: energi island,
0,energi island,0: energi island,
0,energi island,0: energi island,
0,energi island,0: energi island,
0,energi island,0: energi island,
0,energi island,0: energi island,
0,energi island,0: energi island,
0,energi island,0: energi island,
0,energi island,0: energi island,
0,energi island,0: energi island,
0,energi island,0: energi island,
0,energi island,0: energi island,
0,energi island,0: energi island,
0,energi island,0: energi island,
0,energi island,0: energi island,
0,energi island,0: energi island,
0,energi island,0: energi island,
0,energi island,0: energi island,
0,energi island,0: energi island,
0,energi island,0: energi island,
0,energi island,0: energi island,
0,energi island,0: energi island,
0,energi island,0: energi island,
0,energi island,0: energi island,
0,energi island,0: energi island,
0,energi island,0: energi island,
0,energi island,0: energi island,
0,energi island,0: energi island,
0,energi island,0: energi island,
0,energi island,0: energi island,
0,energi island,0: energi island,
0,energi island,0: energi island,
0,energi island,0: energi island,
0,energi island,0: energi island,
0,energi island,0: energi island,
0,energi island,0: energi island,
0,energi island,0: energi island,
0,energi island,0: energi island,
0,energi island,0: energi island,
0,energi island,0: energi island,
0,energi island,0: energi island,
0,energi island,0: energi island,
0,energi island,0: energi island,
0,energi island,0: energi island,
0,energi island,0: energi island,
0,energi island,0: energi island,
0,energi island,0: energi island,
0,energi island,0: energi island,
0,energi island,0: energi island,
0,energi island,0: energi island,
0,energi island,0: energi island,
0,energi island,0: energi island,
0,energi island,0: energi island,
0,energi island,0: energi island,
0,energi island,0: energi island,
0,energi island,0: energi island,
0,energi island,0: energi island,
0,energi island,0: energi island,
0,energi island,0: energi island,
0,energi island,0: energi island,
0,energi island,0: energi island,
0,energi island,0: energi island,
0,energi island,0: energi island,
0,energi island,0: energi island,
0,energi island,0: energi island,
0,energi island,0: energi island,
0,energi island,0: energi island,
0,energi island,0: energi island,
0,energi island,0: energi island,
0,energi island,0: energi island,
0,energi island,0: energi island,
6,energiø bornholm,6: energiø bornholm,
6,energiø bornholm,6: energiø bornholm,
6,energiø bornholm,6: energiø bornholm,
6,energiø bornholm,6: energiø bornholm,
6,energiø bornholm,6: energiø bornholm,
6,energiø bornholm,6: energiø bornholm,
6,energiø bornholm,6: energiø bornholm,
6,energiø bornholm,6: energiø bornholm,
6,energiø bornholm,6: energiø bornholm,
6,energiø bornholm,6: energiø bornholm,
6,energiø bornholm,6: energiø bornholm,
6,energiø bornholm,6: energiø bornholm,
6,energiø bornholm,6: energiø bornholm,
6,energiø bornholm,6: energiø bornholm,
6,energiø bornholm,6: energiø bornholm,
6,energiø bornholm,6: energiø bornholm,
6,energiø bornholm,6: energiø bornholm,
6,energiø bornholm,6: energiø bornholm,
6,energiø bornholm,6: energiø bornholm,
6,energiø bornholm,6: energiø bornholm,
6,energiø bornholm,6: energiø bornholm,
6,energiø bornholm,6: energiø bornholm,
6,energiø bornholm,6: energiø bornholm,
6,energiø bornholm,6: energiø bornholm,
6,energiø bornholm,6: energiø bornholm,
6,energiø bornholm,6: energiø bornholm,
6,energiø bornholm,6: energiø bornholm,
6,energiø bornholm,6: energiø bornholm,
6,energiø bornholm,6: energiø bornholm,
6,energiø bornholm,6: energiø bornholm,
6,energiø bornholm,6: energiø bornholm,
6,energiø bornholm,6: energiø bornholm,
6,energiø bornholm,6: energiø bornholm,
6,energiø bornholm,6: energiø bornholm,
6,energiø bornholm,6: energiø bornholm,
6,energiø bornholm,6: energiø bornholm,
6,energiø bornholm,6: energiø bornholm,
6,energiø bornholm,6: energiø bornholm,
6,energiø bornholm,6: energiø bornholm,
6,energiø bornholm,6: energiø bornholm,
6,energiø bornholm,6: energiø bornholm,
6,energiø bornholm,6: energiø bornholm,
6,energiø bornholm,6: energiø bornholm,
6,energiø bornholm,6: energiø bornholm,
6,energiø bornholm,6: energiø bornholm,
6,energiø bornholm,6: energiø bornholm,
6,energiø bornholm,6: energiø bornholm,
6,energiø bornholm,6: energiø bornholm,
6,energiø bornholm,6: energiø bornholm,
6,energiø bornholm,6: energiø bornholm,
6,energiø bornholm,6: energiø bornholm,
6,energiø bornholm,6: energiø bornholm,
6,energiø bornholm,6: energiø bornholm,
6,energiø bornholm,6: energiø bornholm,
6,energiø bornholm,6: energiø bornholm,
6,energiø bornholm,6: energiø bornholm,
6,energiø bornholm,6: energiø bornholm,
6,energiø bornholm,6: energiø bornholm,
6,energiø bornholm,6: energiø bornholm,
6,energiø bornholm,6: energiø bornholm,
6,energiø bornholm,6: energiø bornholm,
6,energiø bornholm,6: energiø bornholm,
6,energiø bornholm,6: energiø bornholm,
6,energiø bornholm,6: energiø bornholm,
6,energiø bornholm,6: energiø bornholm,
6,energiø bornholm,6: energiø bornholm,
6,energiø bornholm,6: energiø bornholm,
6,energiø bornholm,6: energiø bornholm,
6,energiø bornholm,6: energiø bornholm,
6,energiø bornholm,6: energiø bornholm,
6,energiø bornholm,6: energiø bornholm,
6,energiø bornholm,6: energiø bornholm,
6,energiø bornholm,6: energiø bornholm,
6,energiø bornholm,6: energiø bornholm,
6,energiø bornholm,6: energiø bornholm,
6,energiø bornholm,6: energiø bornholm,
6,energiø bornholm,6: energiø bornholm,
6,energiø bornholm,6: energiø bornholm,
6,energiø bornholm,6: energiø bornholm,
6,energiø bornholm,6: energiø bornholm,
6,energiø bornholm,6: energiø bornholm,
6,energiø bornholm,6: energiø bornholm,
6,energiø bornholm,6: energiø bornholm,
6,energiø bornholm,6: energiø bornholm,
6,energiø bornholm,6: energiø bornholm,
6,energiø bornholm,6: energiø bornholm,
6,energiø bornholm,6: energiø bornholm,
6,energiø bornholm,6: energiø bornholm,
6,energiø bornholm,6: energiø bornholm,
6,energiø bornholm,6: energiø bornholm,
6,energiø bornholm,6: energiø bornholm,
6,energiø bornholm,6: energiø bornholm,
6,energiø bornholm,6: energiø bornholm,
6,energiø bornholm,6: energiø bornholm,
6,energiø bornholm,6: energiø bornholm,
6,energiø bornholm,6: energiø bornholm,
6,energiø bornholm,6: energiø bornholm,
6,energiø bornholm,6: energiø bornholm,
6,energiø bornholm,6: energiø bornholm,
6,energiø bornholm,6: energiø bornholm,
6,energiø bornholm,6: energiø bornholm,
6,energiø bornholm,6: energiø bornholm,
6,energiø bornholm,6: energiø bornholm,
6,energiø bornholm,6: energiø bornholm,
6,energiø bornholm,6: energiø bornholm,
6,energiø bornholm,6: energiø bornholm,
6,energiø bornholm,6: energiø bornholm,
6,energiø bornholm,6: energiø bornholm,
6,energiø bornholm,6: energiø bornholm,
6,energiø bornholm,6: energiø bornholm,
6,energiø bornholm,6: energiø bornholm,
6,energiø bornholm,6: energiø bornholm,
6,energiø bornholm,6: energiø bornholm,
6,energiø bornholm,6: energiø bornholm,
6,energiø bornholm,6: energiø bornholm,
6,energiø bornholm,6: energiø bornholm,
6,energiø bornholm,6: energiø bornholm,
6,energiø bornholm,6: energiø bornholm,
6,energiø bornholm,6: energiø bornholm,
6,energiø bornholm,6: energiø bornholm,
6,energiø bornholm,6: energiø bornholm,
6,energiø bornholm,6: energiø bornholm,
6,energiø bornholm,6: energiø bornholm,
6,energiø bornholm,6: energiø bornholm,
6,energiø bornholm,6: energiø bornholm,
6,energiø bornholm,6: energiø bornholm,
6,energiø bornholm,6: energiø bornholm,
6,energiø bornholm,6: energiø bornholm,
6,energiø bornholm,6: energiø bornholm,
6,energiø bornholm,6: energiø bornholm,
6,energiø bornholm,6: energiø bornholm,
6,energiø bornholm,6: energiø bornholm,
6,energiø bornholm,6: energiø bornholm,
6,energiø bornholm,6: energiø bornholm,
6,energiø bornholm,6: energiø bornholm,
6,energiø bornholm,6: energiø bornholm,
6,energiø bornholm,6: energiø bornholm,
6,energiø bornholm,6: energiø bornholm,
6,energiø bornholm,6: energiø bornholm,
6,energiø bornholm,6: energiø bornholm,
6,energiø bornholm,6: energiø bornholm,
6,energiø bornholm,6: energiø bornholm,
6,energiø bornholm,6: energiø bornholm,
6,energiø bornholm,6: energiø bornholm,
6,energiø bornholm,6: energiø bornholm,
6,energiø bornholm,6: energiø bornholm,
6,energiø bornholm,6: energiø bornholm,
6,energiø bornholm,6: energiø bornholm,
6,energiø bornholm,6: energiø bornholm,
6,energiø bornholm,6: energiø bornholm,
6,energiø bornholm,6: energiø bornholm,
6,energiø bornholm,6: energiø bornholm,
6,energiø bornholm,6: energiø bornholm,
6,energiø bornholm,6: energiø bornholm,
6,energiø bornholm,6: energiø bornholm,
6,energiø bornholm,6: energiø bornholm,
6,energiø bornholm,6: energiø bornholm,
6,energiø bornholm,6: energiø bornholm,
6,energiø bornholm,6: energiø bornholm,
6,energiø bornholm,6: energiø bornholm,
6,energiø bornholm,6: energiø bornholm,
6,energiø bornholm,6: energiø bornholm,
6,energiø bornholm,6: energiø bornholm,
6,energiø bornholm,6: energiø bornholm,
6,energiø bornholm,6: energiø bornholm,
6,energiø bornholm,6: energiø bornholm,
6,energiø bornholm,6: energiø bornholm,
6,energiø bornholm,6: energiø bornholm,
6,energiø bornholm,6: energiø bornholm,
6,energiø bornholm,6: energiø bornholm,
6,energiø bornholm,6: energiø bornholm,
6,energiø bornholm,6: energiø bornholm,
6,energiø bornholm,6: energiø bornholm,
6,energiø bornholm,6: energiø bornholm,
6,energiø bornholm,6: energiø bornholm,
6,energiø bornholm,6: energiø bornholm,
6,energiø bornholm,6: energiø bornholm,
6,energiø bornholm,6: energiø bornholm,
6,energiø bornholm,6: energiø bornholm,
6,energiø bornholm,6: energiø bornholm,
6,energiø bornholm,6: energiø bornholm,
6,energiø bornholm,6: energiø bornholm,
6,energiø bornholm,6: energiø bornholm,
6,energiø bornholm,6: energiø bornholm,
6,energiø bornholm,6: energiø bornholm,
6,energiø bornholm,6: energiø bornholm,
6,energiø bornholm,6: energiø bornholm,
6,energiø bornholm,6: energiø bornholm,
6,energiø bornholm,6: energiø bornholm,
6,energiø bornholm,6: energiø bornholm,
6,energiø bornholm,6: energiø bornholm,
6,energiø bornholm,6: energiø bornholm,
6,energiø bornholm,6: energiø bornholm,
6,energiø bornholm,6: energiø bornholm,
6,energiø bornholm,6: energiø bornholm,
6,energiø bornholm,6: energiø bornholm,
6,energiø bornholm,6: energiø bornholm,
6,energiø bornholm,6: energiø bornholm,
6,energiø bornholm,6: energiø bornholm,
6,energiø bornholm,6: energiø bornholm,
6,energiø bornholm,6: energiø bornholm,
6,energiø bornholm,6: energiø bornholm,
6,energiø bornholm,6: energiø bornholm,
6,energiø bornholm,6: energiø bornholm,
6,energiø bornholm,6: energiø bornholm,
6,energiø bornholm,6: energiø bornholm,
6,energiø bornholm,6: energiø bornholm,
6,energiø bornholm,6: energiø bornholm,
6,energiø bornholm,6: energiø bornholm,
6,energiø bornholm,6: energiø bornholm,
6,energiø bornholm,6: energiø bornholm,
6,energiø bornholm,6: energiø bornholm,
6,energiø bornholm,6: energiø bornholm,
6,energiø bornholm,6: energiø bornholm,
6,energiø bornholm,6: energiø bornholm,
6,energiø bornholm,6: energiø bornholm,
6,energiø bornholm,6: energiø bornholm,
6,energiø bornholm,6: energiø bornholm,
6,energiø bornholm,6: energiø bornholm,
6,energiø bornholm,6: energiø bornholm,
6,energiø bornholm,6: energiø bornholm,
6,energiø bornholm,6: energiø bornholm,
6,energiø bornholm,6: energiø bornholm,
6,energiø bornholm,6: energiø bornholm,
6,energiø bornholm,6: energiø bornholm,
6,energiø bornholm,6: energiø bornholm,
6,energiø bornholm,6: energiø bornholm,
6,energiø bornholm,6: energiø bornholm,
6,energiø bornholm,6: energiø bornholm,
6,energiø bornholm,6: energiø bornholm,
6,energiø bornholm,6: energiø bornholm,
6,energiø bornholm,6: energiø bornholm,
6,energiø bornholm,6: energiø bornholm,
6,energiø bornholm,6: energiø bornholm,
6,energiø bornholm,6: energiø bornholm,
6,energiø bornholm,6: energiø bornholm,
6,energiø bornholm,6: energiø bornholm,
6,energiø bornholm,6: energiø bornholm,
6,energiø bornholm,6: energiø bornholm,
6,energiø bornholm,6: energiø bornholm,
6,energiø bornholm,6: energiø bornholm,
6,energiø bornholm,6: energiø bornholm,
6,energiø bornholm,6: energiø bornholm,
6,energiø bornholm,6: energiø bornholm,
6,energiø bornholm,6: energiø bornholm,
6,energiø bornholm,6: energiø bornholm,
6,energiø bornholm,6: energiø bornholm,
6,energiø bornholm,6: energiø bornholm,
6,energiø bornholm,6: energiø bornholm,
6,energiø bornholm,6: energiø bornholm,
6,energiø bornholm,6: energiø bornholm,
6,energiø bornholm,6: energiø bornholm,
6,energiø bornholm,6: energiø bornholm,
6,energiø bornholm,6: energiø bornholm,
6,energiø bornholm,6: energiø bornholm,
6,energiø bornholm,6: energiø bornholm,
6,energiø bornholm,6: energiø bornholm,
6,energiø bornholm,6: energiø bornholm,
6,energiø bornholm,6: energiø bornholm,
6,energiø bornholm,6: energiø bornholm,
6,energiø bornholm,6: energiø bornholm,
6,energiø bornholm,6: energiø bornholm,
6,energiø bornholm,6: energiø bornholm,
6,energiø bornholm,6: energiø bornholm,
6,energiø bornholm,6: energiø bornholm,
6,energiø bornholm,6: energiø bornholm,
6,energiø bornholm,6: energiø bornholm,
6,energiø bornholm,6: energiø bornholm,
6,energiø bornholm,6: energiø bornholm,
6,energiø bornholm,6: energiø bornholm,
6,energiø bornholm,6: energiø bornholm,
6,energiø bornholm,6: energiø bornholm,
6,energiø bornholm,6: energiø bornholm,
6,energiø bornholm,6: energiø bornholm,
6,energiø bornholm,6: energiø bornholm,
6,energiø bornholm,6: energiø bornholm,
6,energiø bornholm,6: energiø bornholm,
6,energiø bornholm,6: energiø bornholm,
6,energiø bornholm,6: energiø bornholm,
6,energiø bornholm,6: energiø bornholm,
6,energiø bornholm,6: energiø bornholm,
6,energiø bornholm,6: energiø bornholm,
6,energiø bornholm,6: energiø bornholm,
6,energiø bornholm,6: energiø bornholm,
6,energiø bornholm,6: energiø bornholm,
6,energiø bornholm,6: energiø bornholm,
6,energiø bornholm,6: energiø bornholm,
6,energiø bornholm,6: energiø bornholm,
6,energiø bornholm,6: energiø bornholm,
6,energiø bornholm,6: energiø bornholm,
6,energiø bornholm,6: energiø bornholm,
6,energiø bornholm,6: energiø bornholm,
6,energiø bornholm,6: energiø bornholm,
6,energiø bornholm,6: energiø bornholm,
6,energiø bornholm,6: energiø bornholm,
6,energiø bornholm,6: energiø bornholm,
6,energiø bornholm,6: energiø bornholm,
6,energiø bornholm,6: energiø bornholm,
6,energiø bornholm,6: energiø bornholm,
6,energiø bornholm,6: energiø bornholm,
6,energiø bornholm,6: energiø bornholm,
6,energiø bornholm,6: energiø bornholm,
6,energiø bornholm,6: energiø bornholm,
6,energiø bornholm,6: energiø bornholm,
6,energiø bornholm,6: energiø bornholm,
6,energiø bornholm,6: energiø bornholm,
6,energiø bornholm,6: energiø bornholm,
6,energiø bornholm,6: energiø bornholm,
6,energiø bornholm,6: energiø bornholm,
6,energiø bornholm,6: energiø bornholm,
6,energiø bornholm,6: energiø bornholm,
6,energiø bornholm,6: energiø bornholm,
6,energiø bornholm,6: energiø bornholm,
6,energiø bornholm,6: energiø bornholm,
6,energiø bornholm,6: energiø bornholm,
6,energiø bornholm,6: energiø bornholm,
6,energiø bornholm,6: energiø bornholm,
6,energiø bornholm,6: energiø bornholm,
6,energiø bornholm,6: energiø bornholm,
6,energiø bornholm,6: energiø bornholm,
6,energiø bornholm,6: energiø bornholm,
6,energiø bornholm,6: energiø bornholm,
6,energiø bornholm,6: energiø bornholm,
6,energiø bornholm,6: energiø bornholm,
6,energiø bornholm,6: energiø bornholm,
6,energiø bornholm,6: energiø bornholm,
6,energiø bornholm,6: energiø bornholm,
6,energiø bornholm,6: energiø bornholm,
6,energiø bornholm,6: energiø bornholm,
6,energiø bornholm,6: energiø bornholm,
6,energiø bornholm,6: energiø bornholm,
6,energiø bornholm,6: energiø bornholm,
6,energiø bornholm,6: energiø bornholm,
6,energiø bornholm,6: energiø bornholm,
6,energiø bornholm,6: energiø bornholm,
6,energiø bornholm,6: energiø bornholm,
6,energiø bornholm,6: energiø bornholm,
6,energiø bornholm,6: energiø bornholm,
6,energiø bornholm,6: energiø bornholm,
6,energiø bornholm,6: energiø bornholm,
6,energiø bornholm,6: energiø bornholm,
6,energiø bornholm,6: energiø bornholm,
5,offshor grid,5: offshor grid,
5,offshor grid,5: offshor grid,
5,offshor grid,5: offshor grid,
5,offshor grid,5: offshor grid,
5,offshor grid,5: offshor grid,
5,offshor grid,5: offshor grid,
5,offshor grid,5: offshor grid,
5,offshor grid,5: offshor grid,
5,offshor grid,5: offshor grid,
5,offshor grid,5: offshor grid,
5,offshor grid,5: offshor grid,
5,offshor grid,5: offshor grid,
5,offshor grid,5: offshor grid,
5,offshor grid,5: offshor grid,
5,offshor grid,5: offshor grid,
5,offshor grid,5: offshor grid,
5,offshor grid,5: offshor grid,
5,offshor grid,5: offshor grid,
5,offshor grid,5: offshor grid,
5,offshor grid,5: offshor grid,
5,offshor grid,5: offshor grid,
5,offshor grid,5: offshor grid,
5,offshor grid,5: offshor grid,
5,offshor grid,5: offshor grid,
5,offshor grid,5: offshor grid,
5,offshor grid,5: offshor grid,
5,offshor grid,5: offshor grid,
5,offshor grid,5: offshor grid,
5,offshor grid,5: offshor grid,
5,offshor grid,5: offshor grid,
5,offshor grid,5: offshor grid,
5,offshor grid,5: offshor grid,
5,offshor grid,5: offshor grid,
5,offshor grid,5: offshor grid,
5,offshor grid,5: offshor grid,
5,offshor grid,5: offshor grid,
5,offshor grid,5: offshor grid,
5,offshor grid,5: offshor grid,
5,offshor grid,5: offshor grid,
5,offshor grid,5: offshor grid,
5,offshor grid,5: offshor grid,
5,offshor grid,5: offshor grid,
5,offshor grid,5: offshor grid,
5,offshor grid,5: offshor grid,
5,offshor grid,5: offshor grid,
5,offshor grid,5: offshor grid,
5,offshor grid,5: offshor grid,
5,offshor grid,5: offshor grid,
5,offshor grid,5: offshor grid,
5,offshor grid,5: offshor grid,
5,offshor grid,5: offshor grid,
5,offshor grid,5: offshor grid,
5,offshor grid,5: offshor grid,
5,offshor grid,5: offshor grid,
5,offshor grid,5: offshor grid,
5,offshor grid,5: offshor grid,
5,offshor grid,5: offshor grid,
5,offshor grid,5: offshor grid,
5,offshor grid,5: offshor grid,
5,offshor grid,5: offshor grid,
5,offshor grid,5: offshor grid,
5,offshor grid,5: offshor grid,
5,offshor grid,5: offshor grid,
5,offshor grid,5: offshor grid,
5,offshor grid,5: offshor grid,
5,offshor grid,5: offshor grid,
5,offshor grid,5: offshor grid,
5,offshor grid,5: offshor grid,
5,offshor grid,5: offshor grid,
5,offshor grid,5: offshor grid,
5,offshor grid,5: offshor grid,
5,offshor grid,5: offshor grid,
5,offshor grid,5: offshor grid,
5,offshor grid,5: offshor grid,
5,offshor grid,5: offshor grid,
5,offshor grid,5: offshor grid,
5,offshor grid,5: offshor grid,
5,offshor grid,5: offshor grid,
5,offshor grid,5: offshor grid,
5,offshor grid,5: offshor grid,
5,offshor grid,5: offshor grid,
5,offshor grid,5: offshor grid,
5,offshor grid,5: offshor grid,
5,offshor grid,5: offshor grid,
5,offshor grid,5: offshor grid,
5,offshor grid,5: offshor grid,
5,offshor grid,5: offshor grid,
5,offshor grid,5: offshor grid,
5,offshor grid,5: offshor grid,
5,offshor grid,5: offshor grid,
5,offshor grid,5: offshor grid,
5,offshor grid,5: offshor grid,
5,offshor grid,5: offshor grid,
5,offshor grid,5: offshor grid,
5,offshor grid,5: offshor grid,
5,offshor grid,5: offshor grid,
5,offshor grid,5: offshor grid,
5,offshor grid,5: offshor grid,
5,offshor grid,5: offshor grid,
5,offshor grid,5: offshor grid,
5,offshor grid,5: offshor grid,
5,offshor grid,5: offshor grid,
5,offshor grid,5: offshor grid,
5,offshor grid,5: offshor grid,
5,offshor grid,5: offshor grid,
5,offshor grid,5: offshor grid,
5,offshor grid,5: offshor grid,
5,offshor grid,5: offshor grid,
5,offshor grid,5: offshor grid,
5,offshor grid,5: offshor grid,
5,offshor grid,5: offshor grid,
5,offshor grid,5: offshor grid,
5,offshor grid,5: offshor grid,
5,offshor grid,5: offshor grid,
5,offshor grid,5: offshor grid,
5,offshor grid,5: offshor grid,
5,offshor grid,5: offshor grid,
5,offshor grid,5: offshor grid,
5,offshor grid,5: offshor grid,
5,offshor grid,5: offshor grid,
5,offshor grid,5: offshor grid,
5,offshor grid,5: offshor grid,
5,offshor grid,5: offshor grid,
5,offshor grid,5: offshor grid,
5,offshor grid,5: offshor grid,
5,offshor grid,5: offshor grid,
5,offshor grid,5: offshor grid,
5,offshor grid,5: offshor grid,
5,offshor grid,5: offshor grid,
5,offshor grid,5: offshor grid,
5,offshor grid,5: offshor grid,
5,offshor grid,5: offshor grid,
5,offshor grid,5: offshor grid,
5,offshor grid,5: offshor grid,
5,offshor grid,5: offshor grid,
5,offshor grid,5: offshor grid,
5,offshor grid,5: offshor grid,
5,offshor grid,5: offshor grid,
5,offshor grid,5: offshor grid,
5,offshor grid,5: offshor grid,
5,offshor grid,5: offshor grid,
5,offshor grid,5: offshor grid,
5,offshor grid,5: offshor grid,
5,offshor grid,5: offshor grid,
5,offshor grid,5: offshor grid,
5,offshor grid,5: offshor grid,
5,offshor grid,5: offshor grid,
5,offshor grid,5: offshor grid,
5,offshor grid,5: offshor grid,
5,offshor grid,5: offshor grid,
5,offshor grid,5: offshor grid,
5,offshor grid,5: offshor grid,
5,offshor grid,5: offshor grid,
5,offshor grid,5: offshor grid,
5,offshor grid,5: offshor grid,
5,offshor grid,5: offshor grid,
5,offshor grid,5: offshor grid,
5,offshor grid,5: offshor grid,
5,offshor grid,5: offshor grid,
5,offshor grid,5: offshor grid,
5,offshor grid,5: offshor grid,
5,offshor grid,5: offshor grid,
5,offshor grid,5: offshor grid,
5,offshor grid,5: offshor grid,
5,offshor grid,5: offshor grid,
5,offshor grid,5: offshor grid,
5,offshor grid,5: offshor grid,
5,offshor grid,5: offshor grid,
5,offshor grid,5: offshor grid,
5,offshor grid,5: offshor grid,
5,offshor grid,5: offshor grid,
5,offshor grid,5: offshor grid,
5,offshor grid,5: offshor grid,
5,offshor grid,5: offshor grid,
5,offshor grid,5: offshor grid,
6,energiø bornholm,6: energiø bornholm,
6,energiø bornholm,6: energiø bornholm,
6,energiø bornholm,6: energiø bornholm,
6,energiø bornholm,6: energiø bornholm,
6,energiø bornholm,6: energiø bornholm,
6,energiø bornholm,6: energiø bornholm,
6,energiø bornholm,6: energiø bornholm,
6,energiø bornholm,6: energiø bornholm,
6,energiø bornholm,6: energiø bornholm,
6,energiø bornholm,6: energiø bornholm,
6,energiø bornholm,6: energiø bornholm,
6,energiø bornholm,6: energiø bornholm,
6,energiø bornholm,6: energiø bornholm,
6,energiø bornholm,6: energiø bornholm,
6,energiø bornholm,6: energiø bornholm,
6,energiø bornholm,6: energiø bornholm,
6,energiø bornholm,6: energiø bornholm,
6,energiø bornholm,6: energiø bornholm,
6,energiø bornholm,6: energiø bornholm,
6,energiø bornholm,6: energiø bornholm,
6,energiø bornholm,6: energiø bornholm,
6,energiø bornholm,6: energiø bornholm,
6,energiø bornholm,6: energiø bornholm,
6,energiø bornholm,6: energiø bornholm,
6,energiø bornholm,6: energiø bornholm,
6,energiø bornholm,6: energiø bornholm,
6,energiø bornholm,6: energiø bornholm,
6,energiø bornholm,6: energiø bornholm,
6,energiø bornholm,6: energiø bornholm,
6,energiø bornholm,6: energiø bornholm,
6,energiø bornholm,6: energiø bornholm,
6,energiø bornholm,6: energiø bornholm,
6,energiø bornholm,6: energiø bornholm,
6,energiø bornholm,6: energiø bornholm,
6,energiø bornholm,6: energiø bornholm,
6,energiø bornholm,6: energiø bornholm,
6,energiø bornholm,6: energiø bornholm,
6,energiø bornholm,6: energiø bornholm,
6,energiø bornholm,6: energiø bornholm,
6,energiø bornholm,6: energiø bornholm,
6,energiø bornholm,6: energiø bornholm,
6,energiø bornholm,6: energiø bornholm,
6,energiø bornholm,6: energiø bornholm,
6,energiø bornholm,6: energiø bornholm,
6,energiø bornholm,6: energiø bornholm,
6,energiø bornholm,6: energiø bornholm,
6,energiø bornholm,6: energiø bornholm,
6,energiø bornholm,6: energiø bornholm,
6,energiø bornholm,6: energiø bornholm,
6,energiø bornholm,6: energiø bornholm,
6,energiø bornholm,6: energiø bornholm,
6,energiø bornholm,6: energiø bornholm,
6,energiø bornholm,6: energiø bornholm,
6,energiø bornholm,6: energiø bornholm,
6,energiø bornholm,6: energiø bornholm,
6,energiø bornholm,6: energiø bornholm,
6,energiø bornholm,6: energiø bornholm,
6,energiø bornholm,6: energiø bornholm,
6,energiø bornholm,6: energiø bornholm,
6,energiø bornholm,6: energiø bornholm,
6,energiø bornholm,6: energiø bornholm,
6,energiø bornholm,6: energiø bornholm,
6,energiø bornholm,6: energiø bornholm,
6,energiø bornholm,6: energiø bornholm,
6,energiø bornholm,6: energiø bornholm,
6,energiø bornholm,6: energiø bornholm,
6,energiø bornholm,6: energiø bornholm,
6,energiø bornholm,6: energiø bornholm,
6,energiø bornholm,6: energiø bornholm,
6,energiø bornholm,6: energiø bornholm,
6,energiø bornholm,6: energiø bornholm,
6,energiø bornholm,6: energiø bornholm,
6,energiø bornholm,6: energiø bornholm,
6,energiø bornholm,6: energiø bornholm,
6,energiø bornholm,6: energiø bornholm,
6,energiø bornholm,6: energiø bornholm,
6,energiø bornholm,6: energiø bornholm,
6,energiø bornholm,6: energiø bornholm,
6,energiø bornholm,6: energiø bornholm,
6,energiø bornholm,6: energiø bornholm,
6,energiø bornholm,6: energiø bornholm,
6,energiø bornholm,6: energiø bornholm,
6,energiø bornholm,6: energiø bornholm,
6,energiø bornholm,6: energiø bornholm,
6,energiø bornholm,6: energiø bornholm,
6,energiø bornholm,6: energiø bornholm,
6,energiø bornholm,6: energiø bornholm,
6,energiø bornholm,6: energiø bornholm,
6,energiø bornholm,6: energiø bornholm,
6,energiø bornholm,6: energiø bornholm,
6,energiø bornholm,6: energiø bornholm,
6,energiø bornholm,6: energiø bornholm,
6,energiø bornholm,6: energiø bornholm,
6,energiø bornholm,6: energiø bornholm,
6,energiø bornholm,6: energiø bornholm,
6,energiø bornholm,6: energiø bornholm,
6,energiø bornholm,6: energiø bornholm,
6,energiø bornholm,6: energiø bornholm,
6,energiø bornholm,6: energiø bornholm,
6,energiø bornholm,6: energiø bornholm,
6,energiø bornholm,6: energiø bornholm,
6,energiø bornholm,6: energiø bornholm,
6,energiø bornholm,6: energiø bornholm,
6,energiø bornholm,6: energiø bornholm,
6,energiø bornholm,6: energiø bornholm,
6,energiø bornholm,6: energiø bornholm,
6,energiø bornholm,6: energiø bornholm,
6,energiø bornholm,6: energiø bornholm,
6,energiø bornholm,6: energiø bornholm,
6,energiø bornholm,6: energiø bornholm,
6,energiø bornholm,6: energiø bornholm,
6,energiø bornholm,6: energiø bornholm,
6,energiø bornholm,6: energiø bornholm,
6,energiø bornholm,6: energiø bornholm,
6,energiø bornholm,6: energiø bornholm,
6,energiø bornholm,6: energiø bornholm,
6,energiø bornholm,6: energiø bornholm,
6,energiø bornholm,6: energiø bornholm,
6,energiø bornholm,6: energiø bornholm,
6,energiø bornholm,6: energiø bornholm,
6,energiø bornholm,6: energiø bornholm,
6,energiø bornholm,6: energiø bornholm,
6,energiø bornholm,6: energiø bornholm,
6,energiø bornholm,6: energiø bornholm,
6,energiø bornholm,6: energiø bornholm,
6,energiø bornholm,6: energiø bornholm,
6,energiø bornholm,6: energiø bornholm,
6,energiø bornholm,6: energiø bornholm,
6,energiø bornholm,6: energiø bornholm,
6,energiø bornholm,6: energiø bornholm,
6,energiø bornholm,6: energiø bornholm,
6,energiø bornholm,6: energiø bornholm,
6,energiø bornholm,6: energiø bornholm,
6,energiø bornholm,6: energiø bornholm,
6,energiø bornholm,6: energiø bornholm,
6,energiø bornholm,6: energiø bornholm,
6,energiø bornholm,6: energiø bornholm,
6,energiø bornholm,6: energiø bornholm,
6,energiø bornholm,6: energiø bornholm,
6,energiø bornholm,6: energiø bornholm,
6,energiø bornholm,6: energiø bornholm,
6,energiø bornholm,6: energiø bornholm,
6,energiø bornholm,6: energiø bornholm,
6,energiø bornholm,6: energiø bornholm,
6,energiø bornholm,6: energiø bornholm,
6,energiø bornholm,6: energiø bornholm,
6,energiø bornholm,6: energiø bornholm,
6,energiø bornholm,6: energiø bornholm,
6,energiø bornholm,6: energiø bornholm,
6,energiø bornholm,6: energiø bornholm,
6,energiø bornholm,6: energiø bornholm,
6,energiø bornholm,6: energiø bornholm,
6,energiø bornholm,6: energiø bornholm,
6,energiø bornholm,6: energiø bornholm,
6,energiø bornholm,6: energiø bornholm,
6,energiø bornholm,6: energiø bornholm,
6,energiø bornholm,6: energiø bornholm,
6,energiø bornholm,6: energiø bornholm,
6,energiø bornholm,6: energiø bornholm,
6,energiø bornholm,6: energiø bornholm,
6,energiø bornholm,6: energiø bornholm,
6,energiø bornholm,6: energiø bornholm,
6,energiø bornholm,6: energiø bornholm,
6,energiø bornholm,6: energiø bornholm,
6,energiø bornholm,6: energiø bornholm,
6,energiø bornholm,6: energiø bornholm,
6,energiø bornholm,6: energiø bornholm,
6,energiø bornholm,6: energiø bornholm,
6,energiø bornholm,6: energiø bornholm,
6,energiø bornholm,6: energiø bornholm,
6,energiø bornholm,6: energiø bornholm,
0,energi island,0: energi island,
0,energi island,0: energi island,
0,energi island,0: energi island,
0,energi island,0: energi island,
0,energi island,0: energi island,
0,energi island,0: energi island,
0,energi island,0: energi island,
0,energi island,0: energi island,
0,energi island,0: energi island,
0,energi island,0: energi island,
0,energi island,0: energi island,
0,energi island,0: energi island,
0,energi island,0: energi island,
0,energi island,0: energi island,
0,energi island,0: energi island,
0,energi island,0: energi island,
0,energi island,0: energi island,
0,energi island,0: energi island,
0,energi island,0: energi island,
0,energi island,0: energi island,
0,energi island,0: energi island,
0,energi island,0: energi island,
0,energi island,0: energi island,
0,energi island,0: energi island,
0,energi island,0: energi island,
0,energi island,0: energi island,
0,energi island,0: energi island,
0,energi island,0: energi island,
0,energi island,0: energi island,
0,energi island,0: energi island,
0,energi island,0: energi island,
0,energi island,0: energi island,
0,energi island,0: energi island,
0,energi island,0: energi island,
0,energi island,0: energi island,
0,energi island,0: energi island,
0,energi island,0: energi island,
0,energi island,0: energi island,
0,energi island,0: energi island,
0,energi island,0: energi island,
0,energi island,0: energi island,
0,energi island,0: energi island,
0,energi island,0: energi island,
0,energi island,0: energi island,
0,energi island,0: energi island,
0,energi island,0: energi island,
0,energi island,0: energi island,
0,energi island,0: energi island,
0,energi island,0: energi island,
0,energi island,0: energi island,
0,energi island,0: energi island,
0,energi island,0: energi island,
0,energi island,0: energi island,
0,energi island,0: energi island,
0,energi island,0: energi island,
0,energi island,0: energi island,
0,energi island,0: energi island,
0,energi island,0: energi island,
0,energi island,0: energi island,
0,energi island,0: energi island,
0,energi island,0: energi island,
0,energi island,0: energi island,
0,energi island,0: energi island,
0,energi island,0: energi island,
0,energi island,0: energi island,
0,energi island,0: energi island,
0,energi island,0: energi island,
0,energi island,0: energi island,
0,energi island,0: energi island,
0,energi island,0: energi island,
0,energi island,0: energi island,
0,energi island,0: energi island,
0,energi island,0: energi island,
0,energi island,0: energi island,
0,energi island,0: energi island,
0,energi island,0: energi island,
0,energi island,0: energi island,
0,energi island,0: energi island,
0,energi island,0: energi island,
0,energi island,0: energi island,
0,energi island,0: energi island,
0,energi island,0: energi island,
0,energi island,0: energi island,
0,energi island,0: energi island,
0,energi island,0: energi island,
0,energi island,0: energi island,
0,energi island,0: energi island,
0,energi island,0: energi island,
0,energi island,0: energi island,
0,energi island,0: energi island,
0,energi island,0: energi island,
0,energi island,0: energi island,
0,energi island,0: energi island,
0,energi island,0: energi island,
0,energi island,0: energi island,
0,energi island,0: energi island,
0,energi island,0: energi island,
0,energi island,0: energi island,
0,energi island,0: energi island,
0,energi island,0: energi island,
0,energi island,0: energi island,
0,energi island,0: energi island,
0,energi island,0: energi island,
0,energi island,0: energi island,
0,energi island,0: energi island,
0,energi island,0: energi island,
0,energi island,0: energi island,
0,energi island,0: energi island,
0,energi island,0: energi island,
0,energi island,0: energi island,
0,energi island,0: energi island,
0,energi island,0: energi island,
0,energi island,0: energi island,
0,energi island,0: energi island,
0,energi island,0: energi island,
0,energi island,0: energi island,
0,energi island,0: energi island,
0,energi island,0: energi island,
0,energi island,0: energi island,
0,energi island,0: energi island,
0,energi island,0: energi island,
0,energi island,0: energi island,
0,energi island,0: energi island,
0,energi island,0: energi island,
0,energi island,0: energi island,
0,energi island,0: energi island,
0,energi island,0: energi island,
0,energi island,0: energi island,
0,energi island,0: energi island,
0,energi island,0: energi island,
0,energi island,0: energi island,
0,energi island,0: energi island,
0,energi island,0: energi island,
0,energi island,0: energi island,
0,energi island,0: energi island,
0,energi island,0: energi island,
0,energi island,0: energi island,
0,energi island,0: energi island,
0,energi island,0: energi island,
0,energi island,0: energi island,
0,energi island,0: energi island,
0,energi island,0: energi island,
0,energi island,0: energi island,
0,energi island,0: energi island,
0,energi island,0: energi island,
0,energi island,0: energi island,
0,energi island,0: energi island,
0,energi island,0: energi island,
0,energi island,0: energi island,
0,energi island,0: energi island,
0,energi island,0: energi island,
0,energi island,0: energi island,
0,energi island,0: energi island,
0,energi island,0: energi island,
0,energi island,0: energi island,
0,energi island,0: energi island,
0,energi island,0: energi island,
6,energiø bornholm,6: energiø bornholm,
6,energiø bornholm,6: energiø bornholm,
6,energiø bornholm,6: energiø bornholm,
6,energiø bornholm,6: energiø bornholm,
6,energiø bornholm,6: energiø bornholm,
6,energiø bornholm,6: energiø bornholm,
6,energiø bornholm,6: energiø bornholm,
6,energiø bornholm,6: energiø bornholm,
6,energiø bornholm,6: energiø bornholm,
6,energiø bornholm,6: energiø bornholm,
6,energiø bornholm,6: energiø bornholm,
6,energiø bornholm,6: energiø bornholm,
6,energiø bornholm,6: energiø bornholm,
6,energiø bornholm,6: energiø bornholm,
6,energiø bornholm,6: energiø bornholm,
6,energiø bornholm,6: energiø bornholm,
6,energiø bornholm,6: energiø bornholm,
6,energiø bornholm,6: energiø bornholm,
6,energiø bornholm,6: energiø bornholm,
6,energiø bornholm,6: energiø bornholm,
6,energiø bornholm,6: energiø bornholm,
6,energiø bornholm,6: energiø bornholm,
6,energiø bornholm,6: energiø bornholm,
6,energiø bornholm,6: energiø bornholm,
6,energiø bornholm,6: energiø bornholm,
6,energiø bornholm,6: energiø bornholm,
6,energiø bornholm,6: energiø bornholm,
6,energiø bornholm,6: energiø bornholm,
6,energiø bornholm,6: energiø bornholm,
6,energiø bornholm,6: energiø bornholm,
6,energiø bornholm,6: energiø bornholm,
6,energiø bornholm,6: energiø bornholm,
6,energiø bornholm,6: energiø bornholm,
6,energiø bornholm,6: energiø bornholm,
6,energiø bornholm,6: energiø bornholm,
6,energiø bornholm,6: energiø bornholm,
6,energiø bornholm,6: energiø bornholm,
6,energiø bornholm,6: energiø bornholm,
6,energiø bornholm,6: energiø bornholm,
6,energiø bornholm,6: energiø bornholm,
6,energiø bornholm,6: energiø bornholm,
6,energiø bornholm,6: energiø bornholm,
6,energiø bornholm,6: energiø bornholm,
6,energiø bornholm,6: energiø bornholm,
6,energiø bornholm,6: energiø bornholm,
6,energiø bornholm,6: energiø bornholm,
6,energiø bornholm,6: energiø bornholm,
6,energiø bornholm,6: energiø bornholm,
6,energiø bornholm,6: energiø bornholm,
6,energiø bornholm,6: energiø bornholm,
6,energiø bornholm,6: energiø bornholm,
6,energiø bornholm,6: energiø bornholm,
6,energiø bornholm,6: energiø bornholm,
6,energiø bornholm,6: energiø bornholm,
6,energiø bornholm,6: energiø bornholm,
6,energiø bornholm,6: energiø bornholm,
6,energiø bornholm,6: energiø bornholm,
6,energiø bornholm,6: energiø bornholm,
6,energiø bornholm,6: energiø bornholm,
6,energiø bornholm,6: energiø bornholm,
6,energiø bornholm,6: energiø bornholm,
6,energiø bornholm,6: energiø bornholm,
6,energiø bornholm,6: energiø bornholm,
6,energiø bornholm,6: energiø bornholm,
6,energiø bornholm,6: energiø bornholm,
6,energiø bornholm,6: energiø bornholm,
6,energiø bornholm,6: energiø bornholm,
6,energiø bornholm,6: energiø bornholm,
6,energiø bornholm,6: energiø bornholm,
6,energiø bornholm,6: energiø bornholm,
6,energiø bornholm,6: energiø bornholm,
6,energiø bornholm,6: energiø bornholm,
6,energiø bornholm,6: energiø bornholm,
6,energiø bornholm,6: energiø bornholm,
6,energiø bornholm,6: energiø bornholm,
6,energiø bornholm,6: energiø bornholm,
6,energiø bornholm,6: energiø bornholm,
6,energiø bornholm,6: energiø bornholm,
6,energiø bornholm,6: energiø bornholm,
6,energiø bornholm,6: energiø bornholm,
6,energiø bornholm,6: energiø bornholm,
6,energiø bornholm,6: energiø bornholm,
6,energiø bornholm,6: energiø bornholm,
6,energiø bornholm,6: energiø bornholm,
6,energiø bornholm,6: energiø bornholm,
6,energiø bornholm,6: energiø bornholm,
6,energiø bornholm,6: energiø bornholm,
6,energiø bornholm,6: energiø bornholm,
6,energiø bornholm,6: energiø bornholm,
6,energiø bornholm,6: energiø bornholm,
6,energiø bornholm,6: energiø bornholm,
6,energiø bornholm,6: energiø bornholm,
6,energiø bornholm,6: energiø bornholm,
6,energiø bornholm,6: energiø bornholm,
6,energiø bornholm,6: energiø bornholm,
6,energiø bornholm,6: energiø bornholm,
6,energiø bornholm,6: energiø bornholm,
6,energiø bornholm,6: energiø bornholm,
6,energiø bornholm,6: energiø bornholm,
6,energiø bornholm,6: energiø bornholm,
6,energiø bornholm,6: energiø bornholm,
6,energiø bornholm,6: energiø bornholm,
6,energiø bornholm,6: energiø bornholm,
6,energiø bornholm,6: energiø bornholm,
6,energiø bornholm,6: energiø bornholm,
6,energiø bornholm,6: energiø bornholm,
6,energiø bornholm,6: energiø bornholm,
6,energiø bornholm,6: energiø bornholm,
6,energiø bornholm,6: energiø bornholm,
6,energiø bornholm,6: energiø bornholm,
6,energiø bornholm,6: energiø bornholm,
6,energiø bornholm,6: energiø bornholm,
6,energiø bornholm,6: energiø bornholm,
6,energiø bornholm,6: energiø bornholm,
6,energiø bornholm,6: energiø bornholm,
6,energiø bornholm,6: energiø bornholm,
6,energiø bornholm,6: energiø bornholm,
6,energiø bornholm,6: energiø bornholm,
6,energiø bornholm,6: energiø bornholm,
6,energiø bornholm,6: energiø bornholm,
6,energiø bornholm,6: energiø bornholm,
6,energiø bornholm,6: energiø bornholm,
6,energiø bornholm,6: energiø bornholm,
6,energiø bornholm,6: energiø bornholm,
6,energiø bornholm,6: energiø bornholm,
6,energiø bornholm,6: energiø bornholm,
6,energiø bornholm,6: energiø bornholm,
6,energiø bornholm,6: energiø bornholm,
6,energiø bornholm,6: energiø bornholm,
6,energiø bornholm,6: energiø bornholm,
6,energiø bornholm,6: energiø bornholm,
6,energiø bornholm,6: energiø bornholm,
6,energiø bornholm,6: energiø bornholm,
6,energiø bornholm,6: energiø bornholm,
6,energiø bornholm,6: energiø bornholm,
6,energiø bornholm,6: energiø bornholm,
6,energiø bornholm,6: energiø bornholm,
6,energiø bornholm,6: energiø bornholm,
6,energiø bornholm,6: energiø bornholm,
6,energiø bornholm,6: energiø bornholm,
6,energiø bornholm,6: energiø bornholm,
6,energiø bornholm,6: energiø bornholm,
6,energiø bornholm,6: energiø bornholm,
6,energiø bornholm,6: energiø bornholm,
6,energiø bornholm,6: energiø bornholm,
6,energiø bornholm,6: energiø bornholm,
6,energiø bornholm,6: energiø bornholm,
6,energiø bornholm,6: energiø bornholm,
6,energiø bornholm,6: energiø bornholm,
6,energiø bornholm,6: energiø bornholm,
6,energiø bornholm,6: energiø bornholm,
6,energiø bornholm,6: energiø bornholm,
6,energiø bornholm,6: energiø bornholm,
6,energiø bornholm,6: energiø bornholm,
6,energiø bornholm,6: energiø bornholm,
6,energiø bornholm,6: energiø bornholm,
6,energiø bornholm,6: energiø bornholm,
6,energiø bornholm,6: energiø bornholm,
6,energiø bornholm,6: energiø bornholm,
6,energiø bornholm,6: energiø bornholm,
6,energiø bornholm,6: energiø bornholm,
6,energiø bornholm,6: energiø bornholm,
6,energiø bornholm,6: energiø bornholm,
6,energiø bornholm,6: energiø bornholm,
6,energiø bornholm,6: energiø bornholm,
6,energiø bornholm,6: energiø bornholm,
6,energiø bornholm,6: energiø bornholm,
6,energiø bornholm,6: energiø bornholm,
6,energiø bornholm,6: energiø bornholm,
6,energiø bornholm,6: energiø bornholm,
6,energiø bornholm,6: energiø bornholm,
6,energiø bornholm,6: energiø bornholm,
6,energiø bornholm,6: energiø bornholm,
6,energiø bornholm,6: energiø bornholm,
6,energiø bornholm,6: energiø bornholm,
6,energiø bornholm,6: energiø bornholm,
6,energiø bornholm,6: energiø bornholm,
6,energiø bornholm,6: energiø bornholm,
6,energiø bornholm,6: energiø bornholm,
6,energiø bornholm,6: energiø bornholm,
6,energiø bornholm,6: energiø bornholm,
6,energiø bornholm,6: energiø bornholm,
6,energiø bornholm,6: energiø bornholm,
6,energiø bornholm,6: energiø bornholm,
6,energiø bornholm,6: energiø bornholm,
6,energiø bornholm,6: energiø bornholm,
6,energiø bornholm,6: energiø bornholm,
6,energiø bornholm,6: energiø bornholm,
6,energiø bornholm,6: energiø bornholm,
6,energiø bornholm,6: energiø bornholm,
6,energiø bornholm,6: energiø bornholm,
6,energiø bornholm,6: energiø bornholm,
6,energiø bornholm,6: energiø bornholm,
6,energiø bornholm,6: energiø bornholm,
6,energiø bornholm,6: energiø bornholm,
6,energiø bornholm,6: energiø bornholm,
6,energiø bornholm,6: energiø bornholm,
6,energiø bornholm,6: energiø bornholm,
6,energiø bornholm,6: energiø bornholm,
6,energiø bornholm,6: energiø bornholm,
6,energiø bornholm,6: energiø bornholm,
6,energiø bornholm,6: energiø bornholm,
6,energiø bornholm,6: energiø bornholm,
6,energiø bornholm,6: energiø bornholm,
6,energiø bornholm,6: energiø bornholm,
6,energiø bornholm,6: energiø bornholm,
6,energiø bornholm,6: energiø bornholm,
6,energiø bornholm,6: energiø bornholm,
6,energiø bornholm,6: energiø bornholm,
6,energiø bornholm,6: energiø bornholm,
6,energiø bornholm,6: energiø bornholm,
6,energiø bornholm,6: energiø bornholm,
6,energiø bornholm,6: energiø bornholm,
6,energiø bornholm,6: energiø bornholm,
6,energiø bornholm,6: energiø bornholm,
6,energiø bornholm,6: energiø bornholm,
6,energiø bornholm,6: energiø bornholm,
6,energiø bornholm,6: energiø bornholm,
6,energiø bornholm,6: energiø bornholm,
6,energiø bornholm,6: energiø bornholm,
6,energiø bornholm,6: energiø bornholm,
6,energiø bornholm,6: energiø bornholm,
6,energiø bornholm,6: energiø bornholm,
6,energiø bornholm,6: energiø bornholm,
6,energiø bornholm,6: energiø bornholm,
6,energiø bornholm,6: energiø bornholm,
6,energiø bornholm,6: energiø bornholm,
6,energiø bornholm,6: energiø bornholm,
6,energiø bornholm,6: energiø bornholm,
6,energiø bornholm,6: energiø bornholm,
6,energiø bornholm,6: energiø bornholm,
6,energiø bornholm,6: energiø bornholm,
6,energiø bornholm,6: energiø bornholm,
6,energiø bornholm,6: energiø bornholm,
6,energiø bornholm,6: energiø bornholm,
6,energiø bornholm,6: energiø bornholm,
6,energiø bornholm,6: energiø bornholm,
6,energiø bornholm,6: energiø bornholm,
6,energiø bornholm,6: energiø bornholm,
6,energiø bornholm,6: energiø bornholm,
6,energiø bornholm,6: energiø bornholm,
6,energiø bornholm,6: energiø bornholm,
6,energiø bornholm,6: energiø bornholm,
6,energiø bornholm,6: energiø bornholm,
6,energiø bornholm,6: energiø bornholm,
6,energiø bornholm,6: energiø bornholm,
6,energiø bornholm,6: energiø bornholm,
6,energiø bornholm,6: energiø bornholm,
6,energiø bornholm,6: energiø bornholm,
6,energiø bornholm,6: energiø bornholm,
6,energiø bornholm,6: energiø bornholm,
6,energiø bornholm,6: energiø bornholm,
6,energiø bornholm,6: energiø bornholm,
6,energiø bornholm,6: energiø bornholm,
6,energiø bornholm,6: energiø bornholm,
6,energiø bornholm,6: energiø bornholm,
6,energiø bornholm,6: energiø bornholm,
6,energiø bornholm,6: energiø bornholm,
6,energiø bornholm,6: energiø bornholm,
6,energiø bornholm,6: energiø bornholm,
6,energiø bornholm,6: energiø bornholm,
6,energiø bornholm,6: energiø bornholm,
6,energiø bornholm,6: energiø bornholm,
6,energiø bornholm,6: energiø bornholm,
6,energiø bornholm,6: energiø bornholm,
6,energiø bornholm,6: energiø bornholm,
6,energiø bornholm,6: energiø bornholm,
6,energiø bornholm,6: energiø bornholm,
6,energiø bornholm,6: energiø bornholm,
6,energiø bornholm,6: energiø bornholm,
6,energiø bornholm,6: energiø bornholm,
6,energiø bornholm,6: energiø bornholm,
6,energiø bornholm,6: energiø bornholm,
6,energiø bornholm,6: energiø bornholm,
6,energiø bornholm,6: energiø bornholm,
6,energiø bornholm,6: energiø bornholm,
6,energiø bornholm,6: energiø bornholm,
6,energiø bornholm,6: energiø bornholm,
6,energiø bornholm,6: energiø bornholm,
6,energiø bornholm,6: energiø bornholm,
6,energiø bornholm,6: energiø bornholm,
6,energiø bornholm,6: energiø bornholm,
6,energiø bornholm,6: energiø bornholm,
6,energiø bornholm,6: energiø bornholm,
6,energiø bornholm,6: energiø bornholm,
6,energiø bornholm,6: energiø bornholm,
6,energiø bornholm,6: energiø bornholm,
6,energiø bornholm,6: energiø bornholm,
6,energiø bornholm,6: energiø bornholm,
6,energiø bornholm,6: energiø bornholm,
6,energiø bornholm,6: energiø bornholm,
6,energiø bornholm,6: energiø bornholm,
6,energiø bornholm,6: energiø bornholm,
6,energiø bornholm,6: energiø bornholm,
6,energiø bornholm,6: energiø bornholm,
6,energiø bornholm,6: energiø bornholm,
6,energiø bornholm,6: energiø bornholm,
6,energiø bornholm,6: energiø bornholm,
6,energiø bornholm,6: energiø bornholm,
6,energiø bornholm,6: energiø bornholm,
6,energiø bornholm,6: energiø bornholm,
6,energiø bornholm,6: energiø bornholm,
6,energiø bornholm,6: energiø bornholm,
6,energiø bornholm,6: energiø bornholm,
6,energiø bornholm,6: energiø bornholm,
6,energiø bornholm,6: energiø bornholm,
6,energiø bornholm,6: energiø bornholm,
6,energiø bornholm,6: energiø bornholm,
6,energiø bornholm,6: energiø bornholm,
6,energiø bornholm,6: energiø bornholm,
6,energiø bornholm,6: energiø bornholm,
6,energiø bornholm,6: energiø bornholm,
6,energiø bornholm,6: energiø bornholm,
6,energiø bornholm,6: energiø bornholm,
6,energiø bornholm,6: energiø bornholm,
6,energiø bornholm,6: energiø bornholm,
6,energiø bornholm,6: energiø bornholm,
6,energiø bornholm,6: energiø bornholm,
6,energiø bornholm,6: energiø bornholm,
6,energiø bornholm,6: energiø bornholm,
6,energiø bornholm,6: energiø bornholm,
6,energiø bornholm,6: energiø bornholm,
6,energiø bornholm,6: energiø bornholm,
6,energiø bornholm,6: energiø bornholm,
6,energiø bornholm,6: energiø bornholm,
6,energiø bornholm,6: energiø bornholm,
6,energiø bornholm,6: energiø bornholm,
6,energiø bornholm,6: energiø bornholm,
6,energiø bornholm,6: energiø bornholm,
6,energiø bornholm,6: energiø bornholm,
6,energiø bornholm,6: energiø bornholm,
6,energiø bornholm,6: energiø bornholm,
6,energiø bornholm,6: energiø bornholm,
6,energiø bornholm,6: energiø bornholm,
6,energiø bornholm,6: energiø bornholm,
6,energiø bornholm,6: energiø bornholm,
6,energiø bornholm,6: energiø bornholm,
6,energiø bornholm,6: energiø bornholm,
6,energiø bornholm,6: energiø bornholm,
6,energiø bornholm,6: energiø bornholm,
6,energiø bornholm,6: energiø bornholm,
6,energiø bornholm,6: energiø bornholm,
0,energi island,0: energi island,
0,energi island,0: energi island,
0,energi island,0: energi island,
0,energi island,0: energi island,
0,energi island,0: energi island,
0,energi island,0: energi island,
0,energi island,0: energi island,
0,energi island,0: energi island,
0,energi island,0: energi island,
0,energi island,0: energi island,
0,energi island,0: energi island,
0,energi island,0: energi island,
0,energi island,0: energi island,
0,energi island,0: energi island,
0,energi island,0: energi island,
0,energi island,0: energi island,
0,energi island,0: energi island,
0,energi island,0: energi island,
0,energi island,0: energi island,
0,energi island,0: energi island,
0,energi island,0: energi island,
0,energi island,0: energi island,
0,energi island,0: energi island,
0,energi island,0: energi island,
0,energi island,0: energi island,
0,energi island,0: energi island,
0,energi island,0: energi island,
0,energi island,0: energi island,
0,energi island,0: energi island,
0,energi island,0: energi island,
0,energi island,0: energi island,
0,energi island,0: energi island,
0,energi island,0: energi island,
0,energi island,0: energi island,
0,energi island,0: energi island,
0,energi island,0: energi island,
0,energi island,0: energi island,
0,energi island,0: energi island,
0,energi island,0: energi island,
0,energi island,0: energi island,
0,energi island,0: energi island,
0,energi island,0: energi island,
0,energi island,0: energi island,
0,energi island,0: energi island,
0,energi island,0: energi island,
0,energi island,0: energi island,
0,energi island,0: energi island,
0,energi island,0: energi island,
0,energi island,0: energi island,
0,energi island,0: energi island,
0,energi island,0: energi island,
0,energi island,0: energi island,
0,energi island,0: energi island,
0,energi island,0: energi island,
0,energi island,0: energi island,
0,energi island,0: energi island,
0,energi island,0: energi island,
0,energi island,0: energi island,
0,energi island,0: energi island,
0,energi island,0: energi island,
0,energi island,0: energi island,
0,energi island,0: energi island,
0,energi island,0: energi island,
0,energi island,0: energi island,
0,energi island,0: energi island,
0,energi island,0: energi island,
0,energi island,0: energi island,
0,energi island,0: energi island,
0,energi island,0: energi island,
0,energi island,0: energi island,
0,energi island,0: energi island,
0,energi island,0: energi island,
0,energi island,0: energi island,
0,energi island,0: energi island,
0,energi island,0: energi island,
0,energi island,0: energi island,
0,energi island,0: energi island,
0,energi island,0: energi island,
0,energi island,0: energi island,
0,energi island,0: energi island,
0,energi island,0: energi island,
0,energi island,0: energi island,
0,energi island,0: energi island,
0,energi island,0: energi island,
0,energi island,0: energi island,
0,energi island,0: energi island,
0,energi island,0: energi island,
0,energi island,0: energi island,
0,energi island,0: energi island,
0,energi island,0: energi island,
0,energi island,0: energi island,
0,energi island,0: energi island,
0,energi island,0: energi island,
0,energi island,0: energi island,
0,energi island,0: energi island,
0,energi island,0: energi island,
0,energi island,0: energi island,
0,energi island,0: energi island,
0,energi island,0: energi island,
0,energi island,0: energi island,
0,energi island,0: energi island,
0,energi island,0: energi island,
0,energi island,0: energi island,
0,energi island,0: energi island,
0,energi island,0: energi island,
0,energi island,0: energi island,
0,energi island,0: energi island,
0,energi island,0: energi island,
0,energi island,0: energi island,
0,energi island,0: energi island,
0,energi island,0: energi island,
0,energi island,0: energi island,
0,energi island,0: energi island,
0,energi island,0: energi island,
0,energi island,0: energi island,
0,energi island,0: energi island,
0,energi island,0: energi island,
0,energi island,0: energi island,
0,energi island,0: energi island,
0,energi island,0: energi island,
0,energi island,0: energi island,
0,energi island,0: energi island,
0,energi island,0: energi island,
0,energi island,0: energi island,
0,energi island,0: energi island,
0,energi island,0: energi island,
0,energi island,0: energi island,
0,energi island,0: energi island,
0,energi island,0: energi island,
0,energi island,0: energi island,
0,energi island,0: energi island,
0,energi island,0: energi island,
0,energi island,0: energi island,
0,energi island,0: energi island,
0,energi island,0: energi island,
0,energi island,0: energi island,
0,energi island,0: energi island,
0,energi island,0: energi island,
0,energi island,0: energi island,
0,energi island,0: energi island,
0,energi island,0: energi island,
0,energi island,0: energi island,
0,energi island,0: energi island,
0,energi island,0: energi island,
0,energi island,0: energi island,
0,energi island,0: energi island,
0,energi island,0: energi island,
0,energi island,0: energi island,
0,energi island,0: energi island,
0,energi island,0: energi island,
0,energi island,0: energi island,
0,energi island,0: energi island,
0,energi island,0: energi island,
0,energi island,0: energi island,
0,energi island,0: energi island,
0,energi island,0: energi island,
0,energi island,0: energi island,
4,baltic sea,4: baltic sea,
4,baltic sea,4: baltic sea,
4,baltic sea,4: baltic sea,
4,baltic sea,4: baltic sea,
4,baltic sea,4: baltic sea,
4,baltic sea,4: baltic sea,
4,baltic sea,4: baltic sea,
4,baltic sea,4: baltic sea,
4,baltic sea,4: baltic sea,
4,baltic sea,4: baltic sea,
4,baltic sea,4: baltic sea,
4,baltic sea,4: baltic sea,
4,baltic sea,4: baltic sea,
4,baltic sea,4: baltic sea,
4,baltic sea,4: baltic sea,
4,baltic sea,4: baltic sea,
4,baltic sea,4: baltic sea,
4,baltic sea,4: baltic sea,
4,baltic sea,4: baltic sea,
4,baltic sea,4: baltic sea,
4,baltic sea,4: baltic sea,
4,baltic sea,4: baltic sea,
4,baltic sea,4: baltic sea,
4,baltic sea,4: baltic sea,
4,baltic sea,4: baltic sea,
4,baltic sea,4: baltic sea,
4,baltic sea,4: baltic sea,
4,baltic sea,4: baltic sea,
4,baltic sea,4: baltic sea,
4,baltic sea,4: baltic sea,
4,baltic sea,4: baltic sea,
4,baltic sea,4: baltic sea,
4,baltic sea,4: baltic sea,
4,baltic sea,4: baltic sea,
4,baltic sea,4: baltic sea,
4,baltic sea,4: baltic sea,
4,baltic sea,4: baltic sea,
4,baltic sea,4: baltic sea,
4,baltic sea,4: baltic sea,
4,baltic sea,4: baltic sea,
4,baltic sea,4: baltic sea,
4,baltic sea,4: baltic sea,
4,baltic sea,4: baltic sea,
4,baltic sea,4: baltic sea,
4,baltic sea,4: baltic sea,
4,baltic sea,4: baltic sea,
4,baltic sea,4: baltic sea,
4,baltic sea,4: baltic sea,
4,baltic sea,4: baltic sea,
4,baltic sea,4: baltic sea,
4,baltic sea,4: baltic sea,
4,baltic sea,4: baltic sea,
4,baltic sea,4: baltic sea,
4,baltic sea,4: baltic sea,
4,baltic sea,4: baltic sea,
4,baltic sea,4: baltic sea,
4,baltic sea,4: baltic sea,
4,baltic sea,4: baltic sea,
4,baltic sea,4: baltic sea,
4,baltic sea,4: baltic sea,
4,baltic sea,4: baltic sea,
4,baltic sea,4: baltic sea,
4,baltic sea,4: baltic sea,
4,baltic sea,4: baltic sea,
4,baltic sea,4: baltic sea,
4,baltic sea,4: baltic sea,
4,baltic sea,4: baltic sea,
4,baltic sea,4: baltic sea,
4,baltic sea,4: baltic sea,
4,baltic sea,4: baltic sea,
4,baltic sea,4: baltic sea,
4,baltic sea,4: baltic sea,
4,baltic sea,4: baltic sea,
4,baltic sea,4: baltic sea,
4,baltic sea,4: baltic sea,
4,baltic sea,4: baltic sea,
4,baltic sea,4: baltic sea,
4,baltic sea,4: baltic sea,
4,baltic sea,4: baltic sea,
4,baltic sea,4: baltic sea,
4,baltic sea,4: baltic sea,
4,baltic sea,4: baltic sea,
4,baltic sea,4: baltic sea,
4,baltic sea,4: baltic sea,
4,baltic sea,4: baltic sea,
4,baltic sea,4: baltic sea,
4,baltic sea,4: baltic sea,
4,baltic sea,4: baltic sea,
4,baltic sea,4: baltic sea,
4,baltic sea,4: baltic sea,
4,baltic sea,4: baltic sea,
4,baltic sea,4: baltic sea,
4,baltic sea,4: baltic sea,
4,baltic sea,4: baltic sea,
4,baltic sea,4: baltic sea,
4,baltic sea,4: baltic sea,
4,baltic sea,4: baltic sea,
4,baltic sea,4: baltic sea,
4,baltic sea,4: baltic sea,
4,baltic sea,4: baltic sea,
4,baltic sea,4: baltic sea,
4,baltic sea,4: baltic sea,
4,baltic sea,4: baltic sea,
4,baltic sea,4: baltic sea,
4,baltic sea,4: baltic sea,
4,baltic sea,4: baltic sea,
4,baltic sea,4: baltic sea,
4,baltic sea,4: baltic sea,
4,baltic sea,4: baltic sea,
4,baltic sea,4: baltic sea,
4,baltic sea,4: baltic sea,
4,baltic sea,4: baltic sea,
4,baltic sea,4: baltic sea,
4,baltic sea,4: baltic sea,
4,baltic sea,4: baltic sea,
4,baltic sea,4: baltic sea,
4,baltic sea,4: baltic sea,
4,baltic sea,4: baltic sea,
4,baltic sea,4: baltic sea,
4,baltic sea,4: baltic sea,
4,baltic sea,4: baltic sea,
4,baltic sea,4: baltic sea,
4,baltic sea,4: baltic sea,
4,baltic sea,4: baltic sea,
4,baltic sea,4: baltic sea,
4,baltic sea,4: baltic sea,
4,baltic sea,4: baltic sea,
4,baltic sea,4: baltic sea,
4,baltic sea,4: baltic sea,
4,baltic sea,4: baltic sea,
4,baltic sea,4: baltic sea,
4,baltic sea,4: baltic sea,
4,baltic sea,4: baltic sea,
4,baltic sea,4: baltic sea,
4,baltic sea,4: baltic sea,
4,baltic sea,4: baltic sea,
4,baltic sea,4: baltic sea,
4,baltic sea,4: baltic sea,
4,baltic sea,4: baltic sea,
4,baltic sea,4: baltic sea,
4,baltic sea,4: baltic sea,
4,baltic sea,4: baltic sea,
4,baltic sea,4: baltic sea,
4,baltic sea,4: baltic sea,
4,baltic sea,4: baltic sea,
4,baltic sea,4: baltic sea,
4,baltic sea,4: baltic sea,
4,baltic sea,4: baltic sea,
4,baltic sea,4: baltic sea,
4,baltic sea,4: baltic sea,
4,baltic sea,4: baltic sea,
4,baltic sea,4: baltic sea,
4,baltic sea,4: baltic sea,
4,baltic sea,4: baltic sea,
4,baltic sea,4: baltic sea,
4,baltic sea,4: baltic sea,
4,baltic sea,4: baltic sea,
4,baltic sea,4: baltic sea,
4,baltic sea,4: baltic sea,
4,baltic sea,4: baltic sea,
4,baltic sea,4: baltic sea,
4,baltic sea,4: baltic sea,
4,baltic sea,4: baltic sea,
4,baltic sea,4: baltic sea,
4,baltic sea,4: baltic sea,
4,baltic sea,4: baltic sea,
4,baltic sea,4: baltic sea,
4,baltic sea,4: baltic sea,
4,baltic sea,4: baltic sea,
4,baltic sea,4: baltic sea,
4,baltic sea,4: baltic sea,
4,baltic sea,4: baltic sea,
4,baltic sea,4: baltic sea,
4,baltic sea,4: baltic sea,
4,baltic sea,4: baltic sea,
4,baltic sea,4: baltic sea,
4,baltic sea,4: baltic sea,
4,baltic sea,4: baltic sea,
4,baltic sea,4: baltic sea,
4,baltic sea,4: baltic sea,
4,baltic sea,4: baltic sea,
4,baltic sea,4: baltic sea,
4,baltic sea,4: baltic sea,
4,baltic sea,4: baltic sea,
4,baltic sea,4: baltic sea,
4,baltic sea,4: baltic sea,
4,baltic sea,4: baltic sea,
4,baltic sea,4: baltic sea,
4,baltic sea,4: baltic sea,
4,baltic sea,4: baltic sea,
4,baltic sea,4: baltic sea,
4,baltic sea,4: baltic sea,
4,baltic sea,4: baltic sea,
4,baltic sea,4: baltic sea,
4,baltic sea,4: baltic sea,
4,baltic sea,4: baltic sea,
4,baltic sea,4: baltic sea,
4,baltic sea,4: baltic sea,
4,baltic sea,4: baltic sea,
4,baltic sea,4: baltic sea,
4,baltic sea,4: baltic sea,
4,baltic sea,4: baltic sea,
4,baltic sea,4: baltic sea,
4,baltic sea,4: baltic sea,
4,baltic sea,4: baltic sea,
4,baltic sea,4: baltic sea,
4,baltic sea,4: baltic sea,
4,baltic sea,4: baltic sea,
4,baltic sea,4: baltic sea,
4,baltic sea,4: baltic sea,
4,baltic sea,4: baltic sea,
4,baltic sea,4: baltic sea,
4,baltic sea,4: baltic sea,
4,baltic sea,4: baltic sea,
4,baltic sea,4: baltic sea,
4,baltic sea,4: baltic sea,
4,baltic sea,4: baltic sea,
4,baltic sea,4: baltic sea,
4,baltic sea,4: baltic sea,
4,baltic sea,4: baltic sea,
4,baltic sea,4: baltic sea,
4,baltic sea,4: baltic sea,
4,baltic sea,4: baltic sea,
4,baltic sea,4: baltic sea,
4,baltic sea,4: baltic sea,
4,baltic sea,4: baltic sea,
4,baltic sea,4: baltic sea,
4,baltic sea,4: baltic sea,
4,baltic sea,4: baltic sea,
4,baltic sea,4: baltic sea,
4,baltic sea,4: baltic sea,
4,baltic sea,4: baltic sea,
4,baltic sea,4: baltic sea,
4,baltic sea,4: baltic sea,
4,baltic sea,4: baltic sea,
4,baltic sea,4: baltic sea,
4,baltic sea,4: baltic sea,
4,baltic sea,4: baltic sea,
4,baltic sea,4: baltic sea,
4,baltic sea,4: baltic sea,
4,baltic sea,4: baltic sea,
4,baltic sea,4: baltic sea,
4,baltic sea,4: baltic sea,
4,baltic sea,4: baltic sea,
4,baltic sea,4: baltic sea,
4,baltic sea,4: baltic sea,
4,baltic sea,4: baltic sea,
4,baltic sea,4: baltic sea,
4,baltic sea,4: baltic sea,
4,baltic sea,4: baltic sea,
4,baltic sea,4: baltic sea,
4,baltic sea,4: baltic sea,
4,baltic sea,4: baltic sea,
4,baltic sea,4: baltic sea,
4,baltic sea,4: baltic sea,
4,baltic sea,4: baltic sea,
4,baltic sea,4: baltic sea,
4,baltic sea,4: baltic sea,
4,baltic sea,4: baltic sea,
4,baltic sea,4: baltic sea,
4,baltic sea,4: baltic sea,
4,baltic sea,4: baltic sea,
4,baltic sea,4: baltic sea,
4,baltic sea,4: baltic sea,
4,baltic sea,4: baltic sea,
4,baltic sea,4: baltic sea,
4,baltic sea,4: baltic sea,
4,baltic sea,4: baltic sea,
4,baltic sea,4: baltic sea,
4,baltic sea,4: baltic sea,
4,baltic sea,4: baltic sea,
4,baltic sea,4: baltic sea,
4,baltic sea,4: baltic sea,
4,baltic sea,4: baltic sea,
4,baltic sea,4: baltic sea,
4,baltic sea,4: baltic sea,
2,municip council,2: municip council,
2,municip council,2: municip council,
2,municip council,2: municip council,
2,municip council,2: municip council,
2,municip council,2: municip council,
2,municip council,2: municip council,
2,municip council,2: municip council,
2,municip council,2: municip council,
2,municip council,2: municip council,
2,municip council,2: municip council,
2,municip council,2: municip council,
2,municip council,2: municip council,
2,municip council,2: municip council,
2,municip council,2: municip council,
2,municip council,2: municip council,
2,municip council,2: municip council,
2,municip council,2: municip council,
2,municip council,2: municip council,
2,municip council,2: municip council,
2,municip council,2: municip council,
2,municip council,2: municip council,
2,municip council,2: municip council,
2,municip council,2: municip council,
2,municip council,2: municip council,
2,municip council,2: municip council,
2,municip council,2: municip council,
2,municip council,2: municip council,
2,municip council,2: municip council,
2,municip council,2: municip council,
2,municip council,2: municip council,
2,municip council,2: municip council,
2,municip council,2: municip council,
2,municip council,2: municip council,
2,municip council,2: municip council,
2,municip council,2: municip council,
2,municip council,2: municip council,
2,municip council,2: municip council,
2,municip council,2: municip council,
2,municip council,2: municip council,
2,municip council,2: municip council,
2,municip council,2: municip council,
2,municip council,2: municip council,
2,municip council,2: municip council,
2,municip council,2: municip council,
2,municip council,2: municip council,
2,municip council,2: municip council,
2,municip council,2: municip council,
2,municip council,2: municip council,
2,municip council,2: municip council,
2,municip council,2: municip council,
2,municip council,2: municip council,
2,municip council,2: municip council,
2,municip council,2: municip council,
2,municip council,2: municip council,
2,municip council,2: municip council,
2,municip council,2: municip council,
2,municip council,2: municip council,
2,municip council,2: municip council,
2,municip council,2: municip council,
2,municip council,2: municip council,
2,municip council,2: municip council,
2,municip council,2: municip council,
2,municip council,2: municip council,
2,municip council,2: municip council,
2,municip council,2: municip council,
2,municip council,2: municip council,
2,municip council,2: municip council,
2,municip council,2: municip council,
2,municip council,2: municip council,
2,municip council,2: municip council,
2,municip council,2: municip council,
2,municip council,2: municip council,
2,municip council,2: municip council,
2,municip council,2: municip council,
2,municip council,2: municip council,
2,municip council,2: municip council,
2,municip council,2: municip council,
2,municip council,2: municip council,
2,municip council,2: municip council,
2,municip council,2: municip council,
2,municip council,2: municip council,
2,municip council,2: municip council,
2,municip council,2: municip council,
2,municip council,2: municip council,
2,municip council,2: municip council,
2,municip council,2: municip council,
2,municip council,2: municip council,
2,municip council,2: municip council,
2,municip council,2: municip council,
2,municip council,2: municip council,
2,municip council,2: municip council,
2,municip council,2: municip council,
2,municip council,2: municip council,
2,municip council,2: municip council,
2,municip council,2: municip council,
2,municip council,2: municip council,
2,municip council,2: municip council,
2,municip council,2: municip council,
2,municip council,2: municip council,
2,municip council,2: municip council,
2,municip council,2: municip council,
2,municip council,2: municip council,
2,municip council,2: municip council,
2,municip council,2: municip council,
2,municip council,2: municip council,
2,municip council,2: municip council,
2,municip council,2: municip council,
2,municip council,2: municip council,
2,municip council,2: municip council,
2,municip council,2: municip council,
2,municip council,2: municip council,
2,municip council,2: municip council,
2,municip council,2: municip council,
2,municip council,2: municip council,
2,municip council,2: municip council,
2,municip council,2: municip council,
2,municip council,2: municip council,
2,municip council,2: municip council,
2,municip council,2: municip council,
2,municip council,2: municip council,
2,municip council,2: municip council,
2,municip council,2: municip council,
2,municip council,2: municip council,
2,municip council,2: municip council,
2,municip council,2: municip council,
2,municip council,2: municip council,
2,municip council,2: municip council,
2,municip council,2: municip council,
2,municip council,2: municip council,
2,municip council,2: municip council,
2,municip council,2: municip council,
2,municip council,2: municip council,
2,municip council,2: municip council,
2,municip council,2: municip council,
2,municip council,2: municip council,
2,municip council,2: municip council,
2,municip council,2: municip council,
2,municip council,2: municip council,
2,municip council,2: municip council,
2,municip council,2: municip council,
2,municip council,2: municip council,
2,municip council,2: municip council,
2,municip council,2: municip council,
2,municip council,2: municip council,
2,municip council,2: municip council,
2,municip council,2: municip council,
2,municip council,2: municip council,
2,municip council,2: municip council,
2,municip council,2: municip council,
2,municip council,2: municip council,
2,municip council,2: municip council,
2,municip council,2: municip council,
2,municip council,2: municip council,
2,municip council,2: municip council,
2,municip council,2: municip council,
2,municip council,2: municip council,
8,wind turbin,8: wind turbin,
8,wind turbin,8: wind turbin,
8,wind turbin,8: wind turbin,
8,wind turbin,8: wind turbin,
8,wind turbin,8: wind turbin,
8,wind turbin,8: wind turbin,
8,wind turbin,8: wind turbin,
8,wind turbin,8: wind turbin,
8,wind turbin,8: wind turbin,
8,wind turbin,8: wind turbin,
8,wind turbin,8: wind turbin,
8,wind turbin,8: wind turbin,
8,wind turbin,8: wind turbin,
8,wind turbin,8: wind turbin,
8,wind turbin,8: wind turbin,
8,wind turbin,8: wind turbin,
8,wind turbin,8: wind turbin,
8,wind turbin,8: wind turbin,
8,wind turbin,8: wind turbin,
8,wind turbin,8: wind turbin,
8,wind turbin,8: wind turbin,
8,wind turbin,8: wind turbin,
8,wind turbin,8: wind turbin,
8,wind turbin,8: wind turbin,
8,wind turbin,8: wind turbin,
8,wind turbin,8: wind turbin,
8,wind turbin,8: wind turbin,
8,wind turbin,8: wind turbin,
8,wind turbin,8: wind turbin,
8,wind turbin,8: wind turbin,
8,wind turbin,8: wind turbin,
8,wind turbin,8: wind turbin,
8,wind turbin,8: wind turbin,
8,wind turbin,8: wind turbin,
8,wind turbin,8: wind turbin,
8,wind turbin,8: wind turbin,
8,wind turbin,8: wind turbin,
8,wind turbin,8: wind turbin,
8,wind turbin,8: wind turbin,
8,wind turbin,8: wind turbin,
8,wind turbin,8: wind turbin,
8,wind turbin,8: wind turbin,
8,wind turbin,8: wind turbin,
8,wind turbin,8: wind turbin,
8,wind turbin,8: wind turbin,
8,wind turbin,8: wind turbin,
8,wind turbin,8: wind turbin,
8,wind turbin,8: wind turbin,
8,wind turbin,8: wind turbin,
8,wind turbin,8: wind turbin,
8,wind turbin,8: wind turbin,
8,wind turbin,8: wind turbin,
8,wind turbin,8: wind turbin,
8,wind turbin,8: wind turbin,
8,wind turbin,8: wind turbin,
8,wind turbin,8: wind turbin,
8,wind turbin,8: wind turbin,
8,wind turbin,8: wind turbin,
8,wind turbin,8: wind turbin,
8,wind turbin,8: wind turbin,
8,wind turbin,8: wind turbin,
8,wind turbin,8: wind turbin,
8,wind turbin,8: wind turbin,
8,wind turbin,8: wind turbin,
8,wind turbin,8: wind turbin,
8,wind turbin,8: wind turbin,
8,wind turbin,8: wind turbin,
8,wind turbin,8: wind turbin,
8,wind turbin,8: wind turbin,
8,wind turbin,8: wind turbin,
8,wind turbin,8: wind turbin,
8,wind turbin,8: wind turbin,
8,wind turbin,8: wind turbin,
8,wind turbin,8: wind turbin,
8,wind turbin,8: wind turbin,
8,wind turbin,8: wind turbin,
8,wind turbin,8: wind turbin,
8,wind turbin,8: wind turbin,
8,wind turbin,8: wind turbin,
8,wind turbin,8: wind turbin,
8,wind turbin,8: wind turbin,
8,wind turbin,8: wind turbin,
8,wind turbin,8: wind turbin,
8,wind turbin,8: wind turbin,
8,wind turbin,8: wind turbin,
8,wind turbin,8: wind turbin,
8,wind turbin,8: wind turbin,
8,wind turbin,8: wind turbin,
8,wind turbin,8: wind turbin,
8,wind turbin,8: wind turbin,
8,wind turbin,8: wind turbin,
8,wind turbin,8: wind turbin,
8,wind turbin,8: wind turbin,
8,wind turbin,8: wind turbin,
8,wind turbin,8: wind turbin,
8,wind turbin,8: wind turbin,
8,wind turbin,8: wind turbin,
8,wind turbin,8: wind turbin,
8,wind turbin,8: wind turbin,
8,wind turbin,8: wind turbin,
8,wind turbin,8: wind turbin,
8,wind turbin,8: wind turbin,
8,wind turbin,8: wind turbin,
8,wind turbin,8: wind turbin,
8,wind turbin,8: wind turbin,
8,wind turbin,8: wind turbin,
8,wind turbin,8: wind turbin,
8,wind turbin,8: wind turbin,
8,wind turbin,8: wind turbin,
8,wind turbin,8: wind turbin,
8,wind turbin,8: wind turbin,
8,wind turbin,8: wind turbin,
8,wind turbin,8: wind turbin,
8,wind turbin,8: wind turbin,
8,wind turbin,8: wind turbin,
8,wind turbin,8: wind turbin,
8,wind turbin,8: wind turbin,
8,wind turbin,8: wind turbin,
8,wind turbin,8: wind turbin,
8,wind turbin,8: wind turbin,
8,wind turbin,8: wind turbin,
8,wind turbin,8: wind turbin,
8,wind turbin,8: wind turbin,
8,wind turbin,8: wind turbin,
8,wind turbin,8: wind turbin,
8,wind turbin,8: wind turbin,
8,wind turbin,8: wind turbin,
8,wind turbin,8: wind turbin,
8,wind turbin,8: wind turbin,
8,wind turbin,8: wind turbin,
7,renew energi,7: renew energi,
7,renew energi,7: renew energi,
7,renew energi,7: renew energi,
7,renew energi,7: renew energi,
7,renew energi,7: renew energi,
7,renew energi,7: renew energi,
7,renew energi,7: renew energi,
7,renew energi,7: renew energi,
7,renew energi,7: renew energi,
7,renew energi,7: renew energi,
7,renew energi,7: renew energi,
7,renew energi,7: renew energi,
7,renew energi,7: renew energi,
7,renew energi,7: renew energi,
7,renew energi,7: renew energi,
7,renew energi,7: renew energi,
7,renew energi,7: renew energi,
7,renew energi,7: renew energi,
7,renew energi,7: renew energi,
7,renew energi,7: renew energi,
7,renew energi,7: renew energi,
7,renew energi,7: renew energi,
7,renew energi,7: renew energi,
7,renew energi,7: renew energi,
7,renew energi,7: renew energi,
7,renew energi,7: renew energi,
7,renew energi,7: renew energi,
7,renew energi,7: renew energi,
7,renew energi,7: renew energi,
7,renew energi,7: renew energi,
7,renew energi,7: renew energi,
7,renew energi,7: renew energi,
7,renew energi,7: renew energi,
7,renew energi,7: renew energi,
7,renew energi,7: renew energi,
7,renew energi,7: renew energi,
7,renew energi,7: renew energi,
7,renew energi,7: renew energi,
7,renew energi,7: renew energi,
7,renew energi,7: renew energi,
7,renew energi,7: renew energi,
7,renew energi,7: renew energi,
7,renew energi,7: renew energi,
7,renew energi,7: renew energi,
7,renew energi,7: renew energi,
7,renew energi,7: renew energi,
7,renew energi,7: renew energi,
7,renew energi,7: renew energi,
7,renew energi,7: renew energi,
7,renew energi,7: renew energi,
7,renew energi,7: renew energi,
7,renew energi,7: renew energi,
7,renew energi,7: renew energi,
7,renew energi,7: renew energi,
7,renew energi,7: renew energi,
7,renew energi,7: renew energi,
7,renew energi,7: renew energi,
7,renew energi,7: renew energi,
7,renew energi,7: renew energi,
7,renew energi,7: renew energi,
7,renew energi,7: renew energi,
7,renew energi,7: renew energi,
7,renew energi,7: renew energi,
7,renew energi,7: renew energi,
7,renew energi,7: renew energi,
7,renew energi,7: renew energi,
7,renew energi,7: renew energi,
7,renew energi,7: renew energi,
7,renew energi,7: renew energi,
7,renew energi,7: renew energi,
7,renew energi,7: renew energi,
7,renew energi,7: renew energi,
7,renew energi,7: renew energi,
7,renew energi,7: renew energi,
7,renew energi,7: renew energi,
7,renew energi,7: renew energi,
7,renew energi,7: renew energi,
7,renew energi,7: renew energi,
7,renew energi,7: renew energi,
7,renew energi,7: renew energi,
7,renew energi,7: renew energi,
7,renew energi,7: renew energi,
7,renew energi,7: renew energi,
7,renew energi,7: renew energi,
7,renew energi,7: renew energi,
7,renew energi,7: renew energi,
7,renew energi,7: renew energi,
7,renew energi,7: renew energi,
7,renew energi,7: renew energi,
7,renew energi,7: renew energi,
7,renew energi,7: renew energi,
7,renew energi,7: renew energi,
7,renew energi,7: renew energi,
7,renew energi,7: renew energi,
7,renew energi,7: renew energi,
7,renew energi,7: renew energi,
7,renew energi,7: renew energi,
7,renew energi,7: renew energi,
7,renew energi,7: renew energi,
7,renew energi,7: renew energi,
7,renew energi,7: renew energi,
7,renew energi,7: renew energi,
7,renew energi,7: renew energi,
7,renew energi,7: renew energi,
7,renew energi,7: renew energi,
7,renew energi,7: renew energi,
7,renew energi,7: renew energi,
7,renew energi,7: renew energi,
7,renew energi,7: renew energi,
7,renew energi,7: renew energi,
7,renew energi,7: renew energi,
7,renew energi,7: renew energi,
7,renew energi,7: renew energi,
7,renew energi,7: renew energi,
7,renew energi,7: renew energi,
7,renew energi,7: renew energi,
7,renew energi,7: renew energi,
7,renew energi,7: renew energi,
7,renew energi,7: renew energi,
7,renew energi,7: renew energi,
7,renew energi,7: renew energi,
7,renew energi,7: renew energi,
7,renew energi,7: renew energi,
7,renew energi,7: renew energi,
7,renew energi,7: renew energi,
7,renew energi,7: renew energi,
7,renew energi,7: renew energi,
7,renew energi,7: renew energi,
7,renew energi,7: renew energi,
7,renew energi,7: renew energi,
7,renew energi,7: renew energi,
7,renew energi,7: renew energi,
7,renew energi,7: renew energi,
7,renew energi,7: renew energi,
7,renew energi,7: renew energi,
7,renew energi,7: renew energi,
7,renew energi,7: renew energi,
7,renew energi,7: renew energi,
7,renew energi,7: renew energi,
7,renew energi,7: renew energi,
7,renew energi,7: renew energi,
7,renew energi,7: renew energi,
7,renew energi,7: renew energi,
7,renew energi,7: renew energi,
7,renew energi,7: renew energi,
7,renew energi,7: renew energi,
6,energiø bornholm,6: energiø bornholm,
6,energiø bornholm,6: energiø bornholm,
6,energiø bornholm,6: energiø bornholm,
6,energiø bornholm,6: energiø bornholm,
6,energiø bornholm,6: energiø bornholm,
6,energiø bornholm,6: energiø bornholm,
6,energiø bornholm,6: energiø bornholm,
6,energiø bornholm,6: energiø bornholm,
6,energiø bornholm,6: energiø bornholm,
6,energiø bornholm,6: energiø bornholm,
6,energiø bornholm,6: energiø bornholm,
6,energiø bornholm,6: energiø bornholm,
6,energiø bornholm,6: energiø bornholm,
6,energiø bornholm,6: energiø bornholm,
6,energiø bornholm,6: energiø bornholm,
6,energiø bornholm,6: energiø bornholm,
6,energiø bornholm,6: energiø bornholm,
6,energiø bornholm,6: energiø bornholm,
6,energiø bornholm,6: energiø bornholm,
6,energiø bornholm,6: energiø bornholm,
6,energiø bornholm,6: energiø bornholm,
6,energiø bornholm,6: energiø bornholm,
6,energiø bornholm,6: energiø bornholm,
6,energiø bornholm,6: energiø bornholm,
6,energiø bornholm,6: energiø bornholm,
6,energiø bornholm,6: energiø bornholm,
6,energiø bornholm,6: energiø bornholm,
6,energiø bornholm,6: energiø bornholm,
6,energiø bornholm,6: energiø bornholm,
6,energiø bornholm,6: energiø bornholm,
6,energiø bornholm,6: energiø bornholm,
6,energiø bornholm,6: energiø bornholm,
6,energiø bornholm,6: energiø bornholm,
6,energiø bornholm,6: energiø bornholm,
6,energiø bornholm,6: energiø bornholm,
6,energiø bornholm,6: energiø bornholm,
6,energiø bornholm,6: energiø bornholm,
6,energiø bornholm,6: energiø bornholm,
6,energiø bornholm,6: energiø bornholm,
6,energiø bornholm,6: energiø bornholm,
6,energiø bornholm,6: energiø bornholm,
6,energiø bornholm,6: energiø bornholm,
6,energiø bornholm,6: energiø bornholm,
6,energiø bornholm,6: energiø bornholm,
6,energiø bornholm,6: energiø bornholm,
6,energiø bornholm,6: energiø bornholm,
6,energiø bornholm,6: energiø bornholm,
6,energiø bornholm,6: energiø bornholm,
6,energiø bornholm,6: energiø bornholm,
6,energiø bornholm,6: energiø bornholm,
6,energiø bornholm,6: energiø bornholm,
6,energiø bornholm,6: energiø bornholm,
6,energiø bornholm,6: energiø bornholm,
6,energiø bornholm,6: energiø bornholm,
6,energiø bornholm,6: energiø bornholm,
6,energiø bornholm,6: energiø bornholm,
6,energiø bornholm,6: energiø bornholm,
6,energiø bornholm,6: energiø bornholm,
6,energiø bornholm,6: energiø bornholm,
6,energiø bornholm,6: energiø bornholm,
6,energiø bornholm,6: energiø bornholm,
6,energiø bornholm,6: energiø bornholm,
6,energiø bornholm,6: energiø bornholm,
6,energiø bornholm,6: energiø bornholm,
6,energiø bornholm,6: energiø bornholm,
6,energiø bornholm,6: energiø bornholm,
6,energiø bornholm,6: energiø bornholm,
6,energiø bornholm,6: energiø bornholm,
6,energiø bornholm,6: energiø bornholm,
6,energiø bornholm,6: energiø bornholm,
6,energiø bornholm,6: energiø bornholm,
6,energiø bornholm,6: energiø bornholm,
6,energiø bornholm,6: energiø bornholm,
6,energiø bornholm,6: energiø bornholm,
6,energiø bornholm,6: energiø bornholm,
6,energiø bornholm,6: energiø bornholm,
6,energiø bornholm,6: energiø bornholm,
6,energiø bornholm,6: energiø bornholm,
6,energiø bornholm,6: energiø bornholm,
6,energiø bornholm,6: energiø bornholm,
6,energiø bornholm,6: energiø bornholm,
6,energiø bornholm,6: energiø bornholm,
6,energiø bornholm,6: energiø bornholm,
6,energiø bornholm,6: energiø bornholm,
6,energiø bornholm,6: energiø bornholm,
6,energiø bornholm,6: energiø bornholm,
6,energiø bornholm,6: energiø bornholm,
6,energiø bornholm,6: energiø bornholm,
6,energiø bornholm,6: energiø bornholm,
6,energiø bornholm,6: energiø bornholm,
6,energiø bornholm,6: energiø bornholm,
6,energiø bornholm,6: energiø bornholm,
6,energiø bornholm,6: energiø bornholm,
6,energiø bornholm,6: energiø bornholm,
6,energiø bornholm,6: energiø bornholm,
6,energiø bornholm,6: energiø bornholm,
6,energiø bornholm,6: energiø bornholm,
6,energiø bornholm,6: energiø bornholm,
6,energiø bornholm,6: energiø bornholm,
6,energiø bornholm,6: energiø bornholm,
6,energiø bornholm,6: energiø bornholm,
6,energiø bornholm,6: energiø bornholm,
6,energiø bornholm,6: energiø bornholm,
6,energiø bornholm,6: energiø bornholm,
6,energiø bornholm,6: energiø bornholm,
6,energiø bornholm,6: energiø bornholm,
6,energiø bornholm,6: energiø bornholm,
6,energiø bornholm,6: energiø bornholm,
6,energiø bornholm,6: energiø bornholm,
6,energiø bornholm,6: energiø bornholm,
6,energiø bornholm,6: energiø bornholm,
6,energiø bornholm,6: energiø bornholm,
6,energiø bornholm,6: energiø bornholm,
6,energiø bornholm,6: energiø bornholm,
6,energiø bornholm,6: energiø bornholm,
6,energiø bornholm,6: energiø bornholm,
6,energiø bornholm,6: energiø bornholm,
6,energiø bornholm,6: energiø bornholm,
6,energiø bornholm,6: energiø bornholm,
6,energiø bornholm,6: energiø bornholm,
6,energiø bornholm,6: energiø bornholm,
6,energiø bornholm,6: energiø bornholm,
6,energiø bornholm,6: energiø bornholm,
6,energiø bornholm,6: energiø bornholm,
6,energiø bornholm,6: energiø bornholm,
6,energiø bornholm,6: energiø bornholm,
6,energiø bornholm,6: energiø bornholm,
6,energiø bornholm,6: energiø bornholm,
6,energiø bornholm,6: energiø bornholm,
6,energiø bornholm,6: energiø bornholm,
6,energiø bornholm,6: energiø bornholm,
6,energiø bornholm,6: energiø bornholm,
6,energiø bornholm,6: energiø bornholm,
6,energiø bornholm,6: energiø bornholm,
6,energiø bornholm,6: energiø bornholm,
6,energiø bornholm,6: energiø bornholm,
6,energiø bornholm,6: energiø bornholm,
6,energiø bornholm,6: energiø bornholm,
6,energiø bornholm,6: energiø bornholm,
6,energiø bornholm,6: energiø bornholm,
6,energiø bornholm,6: energiø bornholm,
6,energiø bornholm,6: energiø bornholm,
6,energiø bornholm,6: energiø bornholm,
6,energiø bornholm,6: energiø bornholm,
6,energiø bornholm,6: energiø bornholm,
6,energiø bornholm,6: energiø bornholm,
6,energiø bornholm,6: energiø bornholm,
6,energiø bornholm,6: energiø bornholm,
6,energiø bornholm,6: energiø bornholm,
6,energiø bornholm,6: energiø bornholm,
6,energiø bornholm,6: energiø bornholm,
6,energiø bornholm,6: energiø bornholm,
6,energiø bornholm,6: energiø bornholm,
6,energiø bornholm,6: energiø bornholm,
6,energiø bornholm,6: energiø bornholm,
6,energiø bornholm,6: energiø bornholm,
6,energiø bornholm,6: energiø bornholm,
6,energiø bornholm,6: energiø bornholm,
6,energiø bornholm,6: energiø bornholm,
6,energiø bornholm,6: energiø bornholm,
6,energiø bornholm,6: energiø bornholm,
6,energiø bornholm,6: energiø bornholm,
6,energiø bornholm,6: energiø bornholm,
6,energiø bornholm,6: energiø bornholm,
6,energiø bornholm,6: energiø bornholm,
6,energiø bornholm,6: energiø bornholm,
6,energiø bornholm,6: energiø bornholm,
6,energiø bornholm,6: energiø bornholm,
6,energiø bornholm,6: energiø bornholm,
6,energiø bornholm,6: energiø bornholm,
6,energiø bornholm,6: energiø bornholm,
4,baltic sea,4: baltic sea,
4,baltic sea,4: baltic sea,
4,baltic sea,4: baltic sea,
4,baltic sea,4: baltic sea,
4,baltic sea,4: baltic sea,
4,baltic sea,4: baltic sea,
4,baltic sea,4: baltic sea,
4,baltic sea,4: baltic sea,
4,baltic sea,4: baltic sea,
4,baltic sea,4: baltic sea,
4,baltic sea,4: baltic sea,
4,baltic sea,4: baltic sea,
4,baltic sea,4: baltic sea,
4,baltic sea,4: baltic sea,
4,baltic sea,4: baltic sea,
4,baltic sea,4: baltic sea,
4,baltic sea,4: baltic sea,
4,baltic sea,4: baltic sea,
4,baltic sea,4: baltic sea,
4,baltic sea,4: baltic sea,
4,baltic sea,4: baltic sea,
4,baltic sea,4: baltic sea,
4,baltic sea,4: baltic sea,
4,baltic sea,4: baltic sea,
4,baltic sea,4: baltic sea,
4,baltic sea,4: baltic sea,
4,baltic sea,4: baltic sea,
4,baltic sea,4: baltic sea,
4,baltic sea,4: baltic sea,
4,baltic sea,4: baltic sea,
4,baltic sea,4: baltic sea,
4,baltic sea,4: baltic sea,
4,baltic sea,4: baltic sea,
4,baltic sea,4: baltic sea,
4,baltic sea,4: baltic sea,
4,baltic sea,4: baltic sea,
4,baltic sea,4: baltic sea,
4,baltic sea,4: baltic sea,
4,baltic sea,4: baltic sea,
4,baltic sea,4: baltic sea,
4,baltic sea,4: baltic sea,
4,baltic sea,4: baltic sea,
4,baltic sea,4: baltic sea,
4,baltic sea,4: baltic sea,
4,baltic sea,4: baltic sea,
4,baltic sea,4: baltic sea,
4,baltic sea,4: baltic sea,
4,baltic sea,4: baltic sea,
4,baltic sea,4: baltic sea,
4,baltic sea,4: baltic sea,
4,baltic sea,4: baltic sea,
4,baltic sea,4: baltic sea,
4,baltic sea,4: baltic sea,
4,baltic sea,4: baltic sea,
4,baltic sea,4: baltic sea,
4,baltic sea,4: baltic sea,
4,baltic sea,4: baltic sea,
4,baltic sea,4: baltic sea,
4,baltic sea,4: baltic sea,
4,baltic sea,4: baltic sea,
4,baltic sea,4: baltic sea,
4,baltic sea,4: baltic sea,
4,baltic sea,4: baltic sea,
4,baltic sea,4: baltic sea,
4,baltic sea,4: baltic sea,
4,baltic sea,4: baltic sea,
4,baltic sea,4: baltic sea,
4,baltic sea,4: baltic sea,
4,baltic sea,4: baltic sea,
4,baltic sea,4: baltic sea,
4,baltic sea,4: baltic sea,
4,baltic sea,4: baltic sea,
4,baltic sea,4: baltic sea,
4,baltic sea,4: baltic sea,
4,baltic sea,4: baltic sea,
4,baltic sea,4: baltic sea,
4,baltic sea,4: baltic sea,
4,baltic sea,4: baltic sea,
4,baltic sea,4: baltic sea,
4,baltic sea,4: baltic sea,
4,baltic sea,4: baltic sea,
4,baltic sea,4: baltic sea,
4,baltic sea,4: baltic sea,
4,baltic sea,4: baltic sea,
4,baltic sea,4: baltic sea,
4,baltic sea,4: baltic sea,
4,baltic sea,4: baltic sea,
4,baltic sea,4: baltic sea,
4,baltic sea,4: baltic sea,
4,baltic sea,4: baltic sea,
4,baltic sea,4: baltic sea,
4,baltic sea,4: baltic sea,
4,baltic sea,4: baltic sea,
4,baltic sea,4: baltic sea,
4,baltic sea,4: baltic sea,
4,baltic sea,4: baltic sea,
4,baltic sea,4: baltic sea,
4,baltic sea,4: baltic sea,
4,baltic sea,4: baltic sea,
4,baltic sea,4: baltic sea,
4,baltic sea,4: baltic sea,
4,baltic sea,4: baltic sea,
4,baltic sea,4: baltic sea,
4,baltic sea,4: baltic sea,
4,baltic sea,4: baltic sea,
4,baltic sea,4: baltic sea,
4,baltic sea,4: baltic sea,
4,baltic sea,4: baltic sea,
4,baltic sea,4: baltic sea,
4,baltic sea,4: baltic sea,
4,baltic sea,4: baltic sea,
4,baltic sea,4: baltic sea,
4,baltic sea,4: baltic sea,
4,baltic sea,4: baltic sea,
4,baltic sea,4: baltic sea,
4,baltic sea,4: baltic sea,
4,baltic sea,4: baltic sea,
4,baltic sea,4: baltic sea,
4,baltic sea,4: baltic sea,
4,baltic sea,4: baltic sea,
4,baltic sea,4: baltic sea,
4,baltic sea,4: baltic sea,
4,baltic sea,4: baltic sea,
4,baltic sea,4: baltic sea,
4,baltic sea,4: baltic sea,
4,baltic sea,4: baltic sea,
4,baltic sea,4: baltic sea,
4,baltic sea,4: baltic sea,
4,baltic sea,4: baltic sea,
4,baltic sea,4: baltic sea,
4,baltic sea,4: baltic sea,
4,baltic sea,4: baltic sea,
4,baltic sea,4: baltic sea,
4,baltic sea,4: baltic sea,
4,baltic sea,4: baltic sea,
4,baltic sea,4: baltic sea,
4,baltic sea,4: baltic sea,
4,baltic sea,4: baltic sea,
8,wind turbin,8: wind turbin,
8,wind turbin,8: wind turbin,
8,wind turbin,8: wind turbin,
8,wind turbin,8: wind turbin,
8,wind turbin,8: wind turbin,
8,wind turbin,8: wind turbin,
8,wind turbin,8: wind turbin,
8,wind turbin,8: wind turbin,
8,wind turbin,8: wind turbin,
8,wind turbin,8: wind turbin,
8,wind turbin,8: wind turbin,
8,wind turbin,8: wind turbin,
8,wind turbin,8: wind turbin,
8,wind turbin,8: wind turbin,
8,wind turbin,8: wind turbin,
8,wind turbin,8: wind turbin,
8,wind turbin,8: wind turbin,
8,wind turbin,8: wind turbin,
8,wind turbin,8: wind turbin,
8,wind turbin,8: wind turbin,
8,wind turbin,8: wind turbin,
8,wind turbin,8: wind turbin,
8,wind turbin,8: wind turbin,
8,wind turbin,8: wind turbin,
8,wind turbin,8: wind turbin,
8,wind turbin,8: wind turbin,
8,wind turbin,8: wind turbin,
8,wind turbin,8: wind turbin,
8,wind turbin,8: wind turbin,
8,wind turbin,8: wind turbin,
8,wind turbin,8: wind turbin,
8,wind turbin,8: wind turbin,
8,wind turbin,8: wind turbin,
8,wind turbin,8: wind turbin,
8,wind turbin,8: wind turbin,
8,wind turbin,8: wind turbin,
8,wind turbin,8: wind turbin,
8,wind turbin,8: wind turbin,
8,wind turbin,8: wind turbin,
8,wind turbin,8: wind turbin,
8,wind turbin,8: wind turbin,
8,wind turbin,8: wind turbin,
8,wind turbin,8: wind turbin,
8,wind turbin,8: wind turbin,
8,wind turbin,8: wind turbin,
8,wind turbin,8: wind turbin,
8,wind turbin,8: wind turbin,
8,wind turbin,8: wind turbin,
8,wind turbin,8: wind turbin,
8,wind turbin,8: wind turbin,
8,wind turbin,8: wind turbin,
8,wind turbin,8: wind turbin,
8,wind turbin,8: wind turbin,
8,wind turbin,8: wind turbin,
8,wind turbin,8: wind turbin,
8,wind turbin,8: wind turbin,
8,wind turbin,8: wind turbin,
8,wind turbin,8: wind turbin,
8,wind turbin,8: wind turbin,
8,wind turbin,8: wind turbin,
8,wind turbin,8: wind turbin,
8,wind turbin,8: wind turbin,
8,wind turbin,8: wind turbin,
8,wind turbin,8: wind turbin,
8,wind turbin,8: wind turbin,
8,wind turbin,8: wind turbin,
8,wind turbin,8: wind turbin,
8,wind turbin,8: wind turbin,
8,wind turbin,8: wind turbin,
8,wind turbin,8: wind turbin,
8,wind turbin,8: wind turbin,
8,wind turbin,8: wind turbin,
8,wind turbin,8: wind turbin,
8,wind turbin,8: wind turbin,
8,wind turbin,8: wind turbin,
8,wind turbin,8: wind turbin,
8,wind turbin,8: wind turbin,
8,wind turbin,8: wind turbin,
8,wind turbin,8: wind turbin,
8,wind turbin,8: wind turbin,
8,wind turbin,8: wind turbin,
8,wind turbin,8: wind turbin,
8,wind turbin,8: wind turbin,
8,wind turbin,8: wind turbin,
8,wind turbin,8: wind turbin,
8,wind turbin,8: wind turbin,
8,wind turbin,8: wind turbin,
8,wind turbin,8: wind turbin,
8,wind turbin,8: wind turbin,
8,wind turbin,8: wind turbin,
8,wind turbin,8: wind turbin,
8,wind turbin,8: wind turbin,
8,wind turbin,8: wind turbin,
8,wind turbin,8: wind turbin,
8,wind turbin,8: wind turbin,
8,wind turbin,8: wind turbin,
8,wind turbin,8: wind turbin,
8,wind turbin,8: wind turbin,
8,wind turbin,8: wind turbin,
8,wind turbin,8: wind turbin,
8,wind turbin,8: wind turbin,
8,wind turbin,8: wind turbin,
8,wind turbin,8: wind turbin,
8,wind turbin,8: wind turbin,
8,wind turbin,8: wind turbin,
8,wind turbin,8: wind turbin,
8,wind turbin,8: wind turbin,
8,wind turbin,8: wind turbin,
8,wind turbin,8: wind turbin,
8,wind turbin,8: wind turbin,
8,wind turbin,8: wind turbin,
8,wind turbin,8: wind turbin,
8,wind turbin,8: wind turbin,
8,wind turbin,8: wind turbin,
8,wind turbin,8: wind turbin,
8,wind turbin,8: wind turbin,
8,wind turbin,8: wind turbin,
8,wind turbin,8: wind turbin,
8,wind turbin,8: wind turbin,
8,wind turbin,8: wind turbin,
8,wind turbin,8: wind turbin,
8,wind turbin,8: wind turbin,
8,wind turbin,8: wind turbin,
8,wind turbin,8: wind turbin,
8,wind turbin,8: wind turbin,
8,wind turbin,8: wind turbin,
8,wind turbin,8: wind turbin,
8,wind turbin,8: wind turbin,
8,wind turbin,8: wind turbin,
8,wind turbin,8: wind turbin,
2,municip council,2: municip council,
2,municip council,2: municip council,
2,municip council,2: municip council,
2,municip council,2: municip council,
2,municip council,2: municip council,
2,municip council,2: municip council,
2,municip council,2: municip council,
2,municip council,2: municip council,
2,municip council,2: municip council,
2,municip council,2: municip council,
2,municip council,2: municip council,
2,municip council,2: municip council,
2,municip council,2: municip council,
2,municip council,2: municip council,
2,municip council,2: municip council,
2,municip council,2: municip council,
2,municip council,2: municip council,
2,municip council,2: municip council,
2,municip council,2: municip council,
2,municip council,2: municip council,
2,municip council,2: municip council,
2,municip council,2: municip council,
2,municip council,2: municip council,
2,municip council,2: municip council,
2,municip council,2: municip council,
2,municip council,2: municip council,
2,municip council,2: municip council,
2,municip council,2: municip council,
2,municip council,2: municip council,
2,municip council,2: municip council,
2,municip council,2: municip council,
2,municip council,2: municip council,
2,municip council,2: municip council,
2,municip council,2: municip council,
2,municip council,2: municip council,
2,municip council,2: municip council,
2,municip council,2: municip council,
2,municip council,2: municip council,
2,municip council,2: municip council,
2,municip council,2: municip council,
2,municip council,2: municip council,
2,municip council,2: municip council,
2,municip council,2: municip council,
2,municip council,2: municip council,
2,municip council,2: municip council,
2,municip council,2: municip council,
2,municip council,2: municip council,
2,municip council,2: municip council,
2,municip council,2: municip council,
2,municip council,2: municip council,
2,municip council,2: municip council,
2,municip council,2: municip council,
2,municip council,2: municip council,
2,municip council,2: municip council,
2,municip council,2: municip council,
2,municip council,2: municip council,
2,municip council,2: municip council,
2,municip council,2: municip council,
2,municip council,2: municip council,
2,municip council,2: municip council,
2,municip council,2: municip council,
2,municip council,2: municip council,
2,municip council,2: municip council,
2,municip council,2: municip council,
2,municip council,2: municip council,
2,municip council,2: municip council,
2,municip council,2: municip council,
2,municip council,2: municip council,
2,municip council,2: municip council,
2,municip council,2: municip council,
2,municip council,2: municip council,
2,municip council,2: municip council,
2,municip council,2: municip council,
2,municip council,2: municip council,
2,municip council,2: municip council,
2,municip council,2: municip council,
2,municip council,2: municip council,
2,municip council,2: municip council,
2,municip council,2: municip council,
2,municip council,2: municip council,
2,municip council,2: municip council,
2,municip council,2: municip council,
2,municip council,2: municip council,
2,municip council,2: municip council,
2,municip council,2: municip council,
2,municip council,2: municip council,
2,municip council,2: municip council,
2,municip council,2: municip council,
2,municip council,2: municip council,
2,municip council,2: municip council,
2,municip council,2: municip council,
2,municip council,2: municip council,
2,municip council,2: municip council,
2,municip council,2: municip council,
2,municip council,2: municip council,
2,municip council,2: municip council,
2,municip council,2: municip council,
2,municip council,2: municip council,
2,municip council,2: municip council,
2,municip council,2: municip council,
2,municip council,2: municip council,
2,municip council,2: municip council,
2,municip council,2: municip council,
2,municip council,2: municip council,
2,municip council,2: municip council,
2,municip council,2: municip council,
2,municip council,2: municip council,
2,municip council,2: municip council,
2,municip council,2: municip council,
2,municip council,2: municip council,
2,municip council,2: municip council,
2,municip council,2: municip council,
2,municip council,2: municip council,
2,municip council,2: municip council,
2,municip council,2: municip council,
2,municip council,2: municip council,
2,municip council,2: municip council,
2,municip council,2: municip council,
2,municip council,2: municip council,
2,municip council,2: municip council,
2,municip council,2: municip council,
2,municip council,2: municip council,
2,municip council,2: municip council,
2,municip council,2: municip council,
2,municip council,2: municip council,
2,municip council,2: municip council,
2,municip council,2: municip council,
2,municip council,2: municip council,
2,municip council,2: municip council,
2,municip council,2: municip council,
2,municip council,2: municip council,
2,municip council,2: municip council,
2,municip council,2: municip council,
2,municip council,2: municip council,
2,municip council,2: municip council,
2,municip council,2: municip council,
2,municip council,2: municip council,
2,municip council,2: municip council,
2,municip council,2: municip council,
2,municip council,2: municip council,
2,municip council,2: municip council,
2,municip council,2: municip council,
2,municip council,2: municip council,
2,municip council,2: municip council,
2,municip council,2: municip council,
2,municip council,2: municip council,
2,municip council,2: municip council,
2,municip council,2: municip council,
2,municip council,2: municip council,
2,municip council,2: municip council,
2,municip council,2: municip council,
2,municip council,2: municip council,
2,municip council,2: municip council,
2,municip council,2: municip council,
2,municip council,2: municip council,
2,municip council,2: municip council,
5,offshor grid,5: offshor grid,
5,offshor grid,5: offshor grid,
5,offshor grid,5: offshor grid,
5,offshor grid,5: offshor grid,
5,offshor grid,5: offshor grid,
5,offshor grid,5: offshor grid,
5,offshor grid,5: offshor grid,
5,offshor grid,5: offshor grid,
5,offshor grid,5: offshor grid,
5,offshor grid,5: offshor grid,
5,offshor grid,5: offshor grid,
5,offshor grid,5: offshor grid,
5,offshor grid,5: offshor grid,
5,offshor grid,5: offshor grid,
5,offshor grid,5: offshor grid,
5,offshor grid,5: offshor grid,
5,offshor grid,5: offshor grid,
5,offshor grid,5: offshor grid,
5,offshor grid,5: offshor grid,
5,offshor grid,5: offshor grid,
5,offshor grid,5: offshor grid,
5,offshor grid,5: offshor grid,
5,offshor grid,5: offshor grid,
5,offshor grid,5: offshor grid,
5,offshor grid,5: offshor grid,
5,offshor grid,5: offshor grid,
5,offshor grid,5: offshor grid,
5,offshor grid,5: offshor grid,
5,offshor grid,5: offshor grid,
5,offshor grid,5: offshor grid,
5,offshor grid,5: offshor grid,
5,offshor grid,5: offshor grid,
5,offshor grid,5: offshor grid,
5,offshor grid,5: offshor grid,
5,offshor grid,5: offshor grid,
5,offshor grid,5: offshor grid,
5,offshor grid,5: offshor grid,
5,offshor grid,5: offshor grid,
5,offshor grid,5: offshor grid,
5,offshor grid,5: offshor grid,
5,offshor grid,5: offshor grid,
5,offshor grid,5: offshor grid,
5,offshor grid,5: offshor grid,
5,offshor grid,5: offshor grid,
5,offshor grid,5: offshor grid,
5,offshor grid,5: offshor grid,
5,offshor grid,5: offshor grid,
5,offshor grid,5: offshor grid,
5,offshor grid,5: offshor grid,
5,offshor grid,5: offshor grid,
5,offshor grid,5: offshor grid,
5,offshor grid,5: offshor grid,
5,offshor grid,5: offshor grid,
5,offshor grid,5: offshor grid,
5,offshor grid,5: offshor grid,
5,offshor grid,5: offshor grid,
5,offshor grid,5: offshor grid,
5,offshor grid,5: offshor grid,
5,offshor grid,5: offshor grid,
5,offshor grid,5: offshor grid,
5,offshor grid,5: offshor grid,
5,offshor grid,5: offshor grid,
5,offshor grid,5: offshor grid,
5,offshor grid,5: offshor grid,
5,offshor grid,5: offshor grid,
5,offshor grid,5: offshor grid,
5,offshor grid,5: offshor grid,
5,offshor grid,5: offshor grid,
5,offshor grid,5: offshor grid,
5,offshor grid,5: offshor grid,
5,offshor grid,5: offshor grid,
5,offshor grid,5: offshor grid,
5,offshor grid,5: offshor grid,
5,offshor grid,5: offshor grid,
5,offshor grid,5: offshor grid,
5,offshor grid,5: offshor grid,
5,offshor grid,5: offshor grid,
5,offshor grid,5: offshor grid,
5,offshor grid,5: offshor grid,
5,offshor grid,5: offshor grid,
5,offshor grid,5: offshor grid,
5,offshor grid,5: offshor grid,
5,offshor grid,5: offshor grid,
5,offshor grid,5: offshor grid,
5,offshor grid,5: offshor grid,
5,offshor grid,5: offshor grid,
5,offshor grid,5: offshor grid,
5,offshor grid,5: offshor grid,
5,offshor grid,5: offshor grid,
5,offshor grid,5: offshor grid,
5,offshor grid,5: offshor grid,
5,offshor grid,5: offshor grid,
5,offshor grid,5: offshor grid,
5,offshor grid,5: offshor grid,
5,offshor grid,5: offshor grid,
5,offshor grid,5: offshor grid,
5,offshor grid,5: offshor grid,
5,offshor grid,5: offshor grid,
5,offshor grid,5: offshor grid,
5,offshor grid,5: offshor grid,
5,offshor grid,5: offshor grid,
5,offshor grid,5: offshor grid,
5,offshor grid,5: offshor grid,
5,offshor grid,5: offshor grid,
5,offshor grid,5: offshor grid,
5,offshor grid,5: offshor grid,
5,offshor grid,5: offshor grid,
5,offshor grid,5: offshor grid,
5,offshor grid,5: offshor grid,
5,offshor grid,5: offshor grid,
5,offshor grid,5: offshor grid,
5,offshor grid,5: offshor grid,
5,offshor grid,5: offshor grid,
5,offshor grid,5: offshor grid,
5,offshor grid,5: offshor grid,
5,offshor grid,5: offshor grid,
5,offshor grid,5: offshor grid,
5,offshor grid,5: offshor grid,
5,offshor grid,5: offshor grid,
5,offshor grid,5: offshor grid,
5,offshor grid,5: offshor grid,
5,offshor grid,5: offshor grid,
5,offshor grid,5: offshor grid,
5,offshor grid,5: offshor grid,
5,offshor grid,5: offshor grid,
5,offshor grid,5: offshor grid,
5,offshor grid,5: offshor grid,
5,offshor grid,5: offshor grid,
5,offshor grid,5: offshor grid,
5,offshor grid,5: offshor grid,
5,offshor grid,5: offshor grid,
5,offshor grid,5: offshor grid,
5,offshor grid,5: offshor grid,
5,offshor grid,5: offshor grid,
5,offshor grid,5: offshor grid,
5,offshor grid,5: offshor grid,
5,offshor grid,5: offshor grid,
5,offshor grid,5: offshor grid,
5,offshor grid,5: offshor grid,
5,offshor grid,5: offshor grid,
5,offshor grid,5: offshor grid,
5,offshor grid,5: offshor grid,
5,offshor grid,5: offshor grid,
5,offshor grid,5: offshor grid,
5,offshor grid,5: offshor grid,
5,offshor grid,5: offshor grid,
5,offshor grid,5: offshor grid,
5,offshor grid,5: offshor grid,
5,offshor grid,5: offshor grid,
5,offshor grid,5: offshor grid,
5,offshor grid,5: offshor grid,
5,offshor grid,5: offshor grid,
5,offshor grid,5: offshor grid,
5,offshor grid,5: offshor grid,
5,offshor grid,5: offshor grid,
5,offshor grid,5: offshor grid,
5,offshor grid,5: offshor grid,
5,offshor grid,5: offshor grid,
5,offshor grid,5: offshor grid,
5,offshor grid,5: offshor grid,
5,offshor grid,5: offshor grid,
5,offshor grid,5: offshor grid,
5,offshor grid,5: offshor grid,
5,offshor grid,5: offshor grid,
5,offshor grid,5: offshor grid,
5,offshor grid,5: offshor grid,
5,offshor grid,5: offshor grid,
5,offshor grid,5: offshor grid,
5,offshor grid,5: offshor grid,
5,offshor grid,5: offshor grid,
5,offshor grid,5: offshor grid,
5,offshor grid,5: offshor grid,
5,offshor grid,5: offshor grid,
5,offshor grid,5: offshor grid,
5,offshor grid,5: offshor grid,
4,baltic sea,4: baltic sea,
4,baltic sea,4: baltic sea,
4,baltic sea,4: baltic sea,
4,baltic sea,4: baltic sea,
4,baltic sea,4: baltic sea,
4,baltic sea,4: baltic sea,
4,baltic sea,4: baltic sea,
4,baltic sea,4: baltic sea,
4,baltic sea,4: baltic sea,
4,baltic sea,4: baltic sea,
4,baltic sea,4: baltic sea,
4,baltic sea,4: baltic sea,
4,baltic sea,4: baltic sea,
4,baltic sea,4: baltic sea,
4,baltic sea,4: baltic sea,
4,baltic sea,4: baltic sea,
4,baltic sea,4: baltic sea,
4,baltic sea,4: baltic sea,
4,baltic sea,4: baltic sea,
4,baltic sea,4: baltic sea,
4,baltic sea,4: baltic sea,
4,baltic sea,4: baltic sea,
4,baltic sea,4: baltic sea,
4,baltic sea,4: baltic sea,
4,baltic sea,4: baltic sea,
4,baltic sea,4: baltic sea,
4,baltic sea,4: baltic sea,
4,baltic sea,4: baltic sea,
4,baltic sea,4: baltic sea,
4,baltic sea,4: baltic sea,
4,baltic sea,4: baltic sea,
4,baltic sea,4: baltic sea,
4,baltic sea,4: baltic sea,
4,baltic sea,4: baltic sea,
4,baltic sea,4: baltic sea,
4,baltic sea,4: baltic sea,
4,baltic sea,4: baltic sea,
4,baltic sea,4: baltic sea,
4,baltic sea,4: baltic sea,
4,baltic sea,4: baltic sea,
4,baltic sea,4: baltic sea,
4,baltic sea,4: baltic sea,
4,baltic sea,4: baltic sea,
4,baltic sea,4: baltic sea,
4,baltic sea,4: baltic sea,
4,baltic sea,4: baltic sea,
4,baltic sea,4: baltic sea,
4,baltic sea,4: baltic sea,
4,baltic sea,4: baltic sea,
4,baltic sea,4: baltic sea,
4,baltic sea,4: baltic sea,
4,baltic sea,4: baltic sea,
4,baltic sea,4: baltic sea,
4,baltic sea,4: baltic sea,
4,baltic sea,4: baltic sea,
4,baltic sea,4: baltic sea,
4,baltic sea,4: baltic sea,
4,baltic sea,4: baltic sea,
4,baltic sea,4: baltic sea,
4,baltic sea,4: baltic sea,
4,baltic sea,4: baltic sea,
4,baltic sea,4: baltic sea,
4,baltic sea,4: baltic sea,
4,baltic sea,4: baltic sea,
4,baltic sea,4: baltic sea,
4,baltic sea,4: baltic sea,
4,baltic sea,4: baltic sea,
4,baltic sea,4: baltic sea,
4,baltic sea,4: baltic sea,
4,baltic sea,4: baltic sea,
4,baltic sea,4: baltic sea,
4,baltic sea,4: baltic sea,
4,baltic sea,4: baltic sea,
4,baltic sea,4: baltic sea,
4,baltic sea,4: baltic sea,
4,baltic sea,4: baltic sea,
4,baltic sea,4: baltic sea,
4,baltic sea,4: baltic sea,
4,baltic sea,4: baltic sea,
4,baltic sea,4: baltic sea,
4,baltic sea,4: baltic sea,
4,baltic sea,4: baltic sea,
4,baltic sea,4: baltic sea,
4,baltic sea,4: baltic sea,
4,baltic sea,4: baltic sea,
4,baltic sea,4: baltic sea,
4,baltic sea,4: baltic sea,
4,baltic sea,4: baltic sea,
4,baltic sea,4: baltic sea,
4,baltic sea,4: baltic sea,
4,baltic sea,4: baltic sea,
4,baltic sea,4: baltic sea,
4,baltic sea,4: baltic sea,
4,baltic sea,4: baltic sea,
4,baltic sea,4: baltic sea,
4,baltic sea,4: baltic sea,
4,baltic sea,4: baltic sea,
4,baltic sea,4: baltic sea,
4,baltic sea,4: baltic sea,
4,baltic sea,4: baltic sea,
4,baltic sea,4: baltic sea,
4,baltic sea,4: baltic sea,
4,baltic sea,4: baltic sea,
4,baltic sea,4: baltic sea,
4,baltic sea,4: baltic sea,
4,baltic sea,4: baltic sea,
4,baltic sea,4: baltic sea,
4,baltic sea,4: baltic sea,
4,baltic sea,4: baltic sea,
4,baltic sea,4: baltic sea,
4,baltic sea,4: baltic sea,
4,baltic sea,4: baltic sea,
4,baltic sea,4: baltic sea,
4,baltic sea,4: baltic sea,
4,baltic sea,4: baltic sea,
4,baltic sea,4: baltic sea,
4,baltic sea,4: baltic sea,
4,baltic sea,4: baltic sea,
4,baltic sea,4: baltic sea,
4,baltic sea,4: baltic sea,
4,baltic sea,4: baltic sea,
4,baltic sea,4: baltic sea,
4,baltic sea,4: baltic sea,
4,baltic sea,4: baltic sea,
4,baltic sea,4: baltic sea,
4,baltic sea,4: baltic sea,
4,baltic sea,4: baltic sea,
4,baltic sea,4: baltic sea,
4,baltic sea,4: baltic sea,
4,baltic sea,4: baltic sea,
4,baltic sea,4: baltic sea,
4,baltic sea,4: baltic sea,
4,baltic sea,4: baltic sea,
4,baltic sea,4: baltic sea,
4,baltic sea,4: baltic sea,
4,baltic sea,4: baltic sea,
4,baltic sea,4: baltic sea,
4,baltic sea,4: baltic sea,
2,municip council,2: municip council,
2,municip council,2: municip council,
2,municip council,2: municip council,
2,municip council,2: municip council,
2,municip council,2: municip council,
2,municip council,2: municip council,
2,municip council,2: municip council,
2,municip council,2: municip council,
2,municip council,2: municip council,
2,municip council,2: municip council,
2,municip council,2: municip council,
2,municip council,2: municip council,
2,municip council,2: municip council,
2,municip council,2: municip council,
2,municip council,2: municip council,
2,municip council,2: municip council,
2,municip council,2: municip council,
2,municip council,2: municip council,
2,municip council,2: municip council,
2,municip council,2: municip council,
2,municip council,2: municip council,
2,municip council,2: municip council,
2,municip council,2: municip council,
2,municip council,2: municip council,
2,municip council,2: municip council,
2,municip council,2: municip council,
2,municip council,2: municip council,
2,municip council,2: municip council,
2,municip council,2: municip council,
2,municip council,2: municip council,
2,municip council,2: municip council,
2,municip council,2: municip council,
2,municip council,2: municip council,
2,municip council,2: municip council,
2,municip council,2: municip council,
2,municip council,2: municip council,
2,municip council,2: municip council,
2,municip council,2: municip council,
2,municip council,2: municip council,
2,municip council,2: municip council,
2,municip council,2: municip council,
2,municip council,2: municip council,
2,municip council,2: municip council,
2,municip council,2: municip council,
2,municip council,2: municip council,
2,municip council,2: municip council,
2,municip council,2: municip council,
2,municip council,2: municip council,
2,municip council,2: municip council,
2,municip council,2: municip council,
2,municip council,2: municip council,
2,municip council,2: municip council,
2,municip council,2: municip council,
2,municip council,2: municip council,
2,municip council,2: municip council,
2,municip council,2: municip council,
2,municip council,2: municip council,
2,municip council,2: municip council,
2,municip council,2: municip council,
2,municip council,2: municip council,
2,municip council,2: municip council,
2,municip council,2: municip council,
2,municip council,2: municip council,
2,municip council,2: municip council,
2,municip council,2: municip council,
2,municip council,2: municip council,
2,municip council,2: municip council,
2,municip council,2: municip council,
2,municip council,2: municip council,
2,municip council,2: municip council,
2,municip council,2: municip council,
2,municip council,2: municip council,
2,municip council,2: municip council,
2,municip council,2: municip council,
2,municip council,2: municip council,
2,municip council,2: municip council,
2,municip council,2: municip council,
2,municip council,2: municip council,
2,municip council,2: municip council,
2,municip council,2: municip council,
2,municip council,2: municip council,
2,municip council,2: municip council,
2,municip council,2: municip council,
2,municip council,2: municip council,
2,municip council,2: municip council,
2,municip council,2: municip council,
2,municip council,2: municip council,
2,municip council,2: municip council,
2,municip council,2: municip council,
2,municip council,2: municip council,
2,municip council,2: municip council,
2,municip council,2: municip council,
2,municip council,2: municip council,
2,municip council,2: municip council,
2,municip council,2: municip council,
2,municip council,2: municip council,
2,municip council,2: municip council,
2,municip council,2: municip council,
2,municip council,2: municip council,
2,municip council,2: municip council,
2,municip council,2: municip council,
2,municip council,2: municip council,
2,municip council,2: municip council,
2,municip council,2: municip council,
2,municip council,2: municip council,
2,municip council,2: municip council,
2,municip council,2: municip council,
2,municip council,2: municip council,
2,municip council,2: municip council,
2,municip council,2: municip council,
2,municip council,2: municip council,
2,municip council,2: municip council,
2,municip council,2: municip council,
2,municip council,2: municip council,
2,municip council,2: municip council,
2,municip council,2: municip council,
2,municip council,2: municip council,
2,municip council,2: municip council,
2,municip council,2: municip council,
2,municip council,2: municip council,
2,municip council,2: municip council,
2,municip council,2: municip council,
2,municip council,2: municip council,
2,municip council,2: municip council,
2,municip council,2: municip council,
2,municip council,2: municip council,
2,municip council,2: municip council,
2,municip council,2: municip council,
2,municip council,2: municip council,
2,municip council,2: municip council,
2,municip council,2: municip council,
2,municip council,2: municip council,
2,municip council,2: municip council,
2,municip council,2: municip council,
2,municip council,2: municip council,
2,municip council,2: municip council,
2,municip council,2: municip council,
2,municip council,2: municip council,
2,municip council,2: municip council,
2,municip council,2: municip council,
2,municip council,2: municip council,
2,municip council,2: municip council,
2,municip council,2: municip council,
2,municip council,2: municip council,
2,municip council,2: municip council,
2,municip council,2: municip council,
2,municip council,2: municip council,
2,municip council,2: municip council,
2,municip council,2: municip council,
2,municip council,2: municip council,
2,municip council,2: municip council,
2,municip council,2: municip council,
2,municip council,2: municip council,
2,municip council,2: municip council,
2,municip council,2: municip council,
2,municip council,2: municip council,
0,energi island,0: energi island,
0,energi island,0: energi island,
0,energi island,0: energi island,
0,energi island,0: energi island,
0,energi island,0: energi island,
0,energi island,0: energi island,
0,energi island,0: energi island,
0,energi island,0: energi island,
0,energi island,0: energi island,
0,energi island,0: energi island,
0,energi island,0: energi island,
0,energi island,0: energi island,
0,energi island,0: energi island,
0,energi island,0: energi island,
0,energi island,0: energi island,
0,energi island,0: energi island,
0,energi island,0: energi island,
0,energi island,0: energi island,
0,energi island,0: energi island,
0,energi island,0: energi island,
0,energi island,0: energi island,
0,energi island,0: energi island,
0,energi island,0: energi island,
0,energi island,0: energi island,
0,energi island,0: energi island,
0,energi island,0: energi island,
0,energi island,0: energi island,
0,energi island,0: energi island,
0,energi island,0: energi island,
0,energi island,0: energi island,
0,energi island,0: energi island,
0,energi island,0: energi island,
0,energi island,0: energi island,
0,energi island,0: energi island,
0,energi island,0: energi island,
0,energi island,0: energi island,
0,energi island,0: energi island,
0,energi island,0: energi island,
0,energi island,0: energi island,
0,energi island,0: energi island,
0,energi island,0: energi island,
0,energi island,0: energi island,
0,energi island,0: energi island,
0,energi island,0: energi island,
0,energi island,0: energi island,
0,energi island,0: energi island,
0,energi island,0: energi island,
0,energi island,0: energi island,
0,energi island,0: energi island,
0,energi island,0: energi island,
0,energi island,0: energi island,
0,energi island,0: energi island,
0,energi island,0: energi island,
0,energi island,0: energi island,
0,energi island,0: energi island,
0,energi island,0: energi island,
0,energi island,0: energi island,
0,energi island,0: energi island,
0,energi island,0: energi island,
0,energi island,0: energi island,
0,energi island,0: energi island,
0,energi island,0: energi island,
0,energi island,0: energi island,
0,energi island,0: energi island,
0,energi island,0: energi island,
0,energi island,0: energi island,
0,energi island,0: energi island,
0,energi island,0: energi island,
0,energi island,0: energi island,
0,energi island,0: energi island,
0,energi island,0: energi island,
0,energi island,0: energi island,
0,energi island,0: energi island,
0,energi island,0: energi island,
0,energi island,0: energi island,
0,energi island,0: energi island,
0,energi island,0: energi island,
0,energi island,0: energi island,
0,energi island,0: energi island,
0,energi island,0: energi island,
0,energi island,0: energi island,
0,energi island,0: energi island,
0,energi island,0: energi island,
0,energi island,0: energi island,
0,energi island,0: energi island,
0,energi island,0: energi island,
0,energi island,0: energi island,
0,energi island,0: energi island,
0,energi island,0: energi island,
0,energi island,0: energi island,
0,energi island,0: energi island,
0,energi island,0: energi island,
0,energi island,0: energi island,
0,energi island,0: energi island,
0,energi island,0: energi island,
0,energi island,0: energi island,
0,energi island,0: energi island,
0,energi island,0: energi island,
0,energi island,0: energi island,
0,energi island,0: energi island,
0,energi island,0: energi island,
0,energi island,0: energi island,
0,energi island,0: energi island,
0,energi island,0: energi island,
0,energi island,0: energi island,
0,energi island,0: energi island,
0,energi island,0: energi island,
0,energi island,0: energi island,
0,energi island,0: energi island,
0,energi island,0: energi island,
0,energi island,0: energi island,
0,energi island,0: energi island,
0,energi island,0: energi island,
0,energi island,0: energi island,
0,energi island,0: energi island,
0,energi island,0: energi island,
0,energi island,0: energi island,
0,energi island,0: energi island,
0,energi island,0: energi island,
0,energi island,0: energi island,
0,energi island,0: energi island,
0,energi island,0: energi island,
0,energi island,0: energi island,
0,energi island,0: energi island,
0,energi island,0: energi island,
0,energi island,0: energi island,
0,energi island,0: energi island,
0,energi island,0: energi island,
0,energi island,0: energi island,
0,energi island,0: energi island,
0,energi island,0: energi island,
0,energi island,0: energi island,
0,energi island,0: energi island,
0,energi island,0: energi island,
0,energi island,0: energi island,
0,energi island,0: energi island,
0,energi island,0: energi island,
0,energi island,0: energi island,
0,energi island,0: energi island,
0,energi island,0: energi island,
0,energi island,0: energi island,
0,energi island,0: energi island,
0,energi island,0: energi island,
0,energi island,0: energi island,
0,energi island,0: energi island,
0,energi island,0: energi island,
0,energi island,0: energi island,
0,energi island,0: energi island,
0,energi island,0: energi island,
0,energi island,0: energi island,
0,energi island,0: energi island,
0,energi island,0: energi island,
0,energi island,0: energi island,
0,energi island,0: energi island,
0,energi island,0: energi island,
0,energi island,0: energi island,
0,energi island,0: energi island,
3,offshor wind,3: offshor wind,
3,offshor wind,3: offshor wind,
3,offshor wind,3: offshor wind,
3,offshor wind,3: offshor wind,
3,offshor wind,3: offshor wind,
3,offshor wind,3: offshor wind,
3,offshor wind,3: offshor wind,
3,offshor wind,3: offshor wind,
3,offshor wind,3: offshor wind,
3,offshor wind,3: offshor wind,
3,offshor wind,3: offshor wind,
3,offshor wind,3: offshor wind,
3,offshor wind,3: offshor wind,
3,offshor wind,3: offshor wind,
3,offshor wind,3: offshor wind,
3,offshor wind,3: offshor wind,
3,offshor wind,3: offshor wind,
3,offshor wind,3: offshor wind,
3,offshor wind,3: offshor wind,
3,offshor wind,3: offshor wind,
3,offshor wind,3: offshor wind,
3,offshor wind,3: offshor wind,
3,offshor wind,3: offshor wind,
3,offshor wind,3: offshor wind,
3,offshor wind,3: offshor wind,
3,offshor wind,3: offshor wind,
3,offshor wind,3: offshor wind,
3,offshor wind,3: offshor wind,
3,offshor wind,3: offshor wind,
3,offshor wind,3: offshor wind,
3,offshor wind,3: offshor wind,
3,offshor wind,3: offshor wind,
3,offshor wind,3: offshor wind,
3,offshor wind,3: offshor wind,
3,offshor wind,3: offshor wind,
3,offshor wind,3: offshor wind,
3,offshor wind,3: offshor wind,
3,offshor wind,3: offshor wind,
3,offshor wind,3: offshor wind,
3,offshor wind,3: offshor wind,
3,offshor wind,3: offshor wind,
3,offshor wind,3: offshor wind,
3,offshor wind,3: offshor wind,
3,offshor wind,3: offshor wind,
3,offshor wind,3: offshor wind,
3,offshor wind,3: offshor wind,
3,offshor wind,3: offshor wind,
3,offshor wind,3: offshor wind,
3,offshor wind,3: offshor wind,
3,offshor wind,3: offshor wind,
3,offshor wind,3: offshor wind,
3,offshor wind,3: offshor wind,
3,offshor wind,3: offshor wind,
3,offshor wind,3: offshor wind,
3,offshor wind,3: offshor wind,
3,offshor wind,3: offshor wind,
3,offshor wind,3: offshor wind,
3,offshor wind,3: offshor wind,
3,offshor wind,3: offshor wind,
3,offshor wind,3: offshor wind,
3,offshor wind,3: offshor wind,
3,offshor wind,3: offshor wind,
3,offshor wind,3: offshor wind,
3,offshor wind,3: offshor wind,
3,offshor wind,3: offshor wind,
3,offshor wind,3: offshor wind,
3,offshor wind,3: offshor wind,
3,offshor wind,3: offshor wind,
3,offshor wind,3: offshor wind,
3,offshor wind,3: offshor wind,
3,offshor wind,3: offshor wind,
3,offshor wind,3: offshor wind,
3,offshor wind,3: offshor wind,
3,offshor wind,3: offshor wind,
3,offshor wind,3: offshor wind,
3,offshor wind,3: offshor wind,
3,offshor wind,3: offshor wind,
3,offshor wind,3: offshor wind,
3,offshor wind,3: offshor wind,
3,offshor wind,3: offshor wind,
3,offshor wind,3: offshor wind,
3,offshor wind,3: offshor wind,
3,offshor wind,3: offshor wind,
3,offshor wind,3: offshor wind,
3,offshor wind,3: offshor wind,
3,offshor wind,3: offshor wind,
3,offshor wind,3: offshor wind,
3,offshor wind,3: offshor wind,
3,offshor wind,3: offshor wind,
3,offshor wind,3: offshor wind,
3,offshor wind,3: offshor wind,
3,offshor wind,3: offshor wind,
3,offshor wind,3: offshor wind,
3,offshor wind,3: offshor wind,
3,offshor wind,3: offshor wind,
3,offshor wind,3: offshor wind,
3,offshor wind,3: offshor wind,
3,offshor wind,3: offshor wind,
3,offshor wind,3: offshor wind,
3,offshor wind,3: offshor wind,
3,offshor wind,3: offshor wind,
3,offshor wind,3: offshor wind,
3,offshor wind,3: offshor wind,
3,offshor wind,3: offshor wind,
3,offshor wind,3: offshor wind,
3,offshor wind,3: offshor wind,
3,offshor wind,3: offshor wind,
3,offshor wind,3: offshor wind,
3,offshor wind,3: offshor wind,
3,offshor wind,3: offshor wind,
3,offshor wind,3: offshor wind,
3,offshor wind,3: offshor wind,
3,offshor wind,3: offshor wind,
6,energiø bornholm,6: energiø bornholm,
6,energiø bornholm,6: energiø bornholm,
6,energiø bornholm,6: energiø bornholm,
6,energiø bornholm,6: energiø bornholm,
6,energiø bornholm,6: energiø bornholm,
6,energiø bornholm,6: energiø bornholm,
6,energiø bornholm,6: energiø bornholm,
6,energiø bornholm,6: energiø bornholm,
6,energiø bornholm,6: energiø bornholm,
6,energiø bornholm,6: energiø bornholm,
6,energiø bornholm,6: energiø bornholm,
6,energiø bornholm,6: energiø bornholm,
6,energiø bornholm,6: energiø bornholm,
6,energiø bornholm,6: energiø bornholm,
6,energiø bornholm,6: energiø bornholm,
6,energiø bornholm,6: energiø bornholm,
6,energiø bornholm,6: energiø bornholm,
6,energiø bornholm,6: energiø bornholm,
6,energiø bornholm,6: energiø bornholm,
6,energiø bornholm,6: energiø bornholm,
6,energiø bornholm,6: energiø bornholm,
6,energiø bornholm,6: energiø bornholm,
6,energiø bornholm,6: energiø bornholm,
6,energiø bornholm,6: energiø bornholm,
6,energiø bornholm,6: energiø bornholm,
6,energiø bornholm,6: energiø bornholm,
6,energiø bornholm,6: energiø bornholm,
6,energiø bornholm,6: energiø bornholm,
6,energiø bornholm,6: energiø bornholm,
6,energiø bornholm,6: energiø bornholm,
6,energiø bornholm,6: energiø bornholm,
6,energiø bornholm,6: energiø bornholm,
6,energiø bornholm,6: energiø bornholm,
6,energiø bornholm,6: energiø bornholm,
6,energiø bornholm,6: energiø bornholm,
6,energiø bornholm,6: energiø bornholm,
6,energiø bornholm,6: energiø bornholm,
6,energiø bornholm,6: energiø bornholm,
6,energiø bornholm,6: energiø bornholm,
6,energiø bornholm,6: energiø bornholm,
6,energiø bornholm,6: energiø bornholm,
6,energiø bornholm,6: energiø bornholm,
6,energiø bornholm,6: energiø bornholm,
6,energiø bornholm,6: energiø bornholm,
6,energiø bornholm,6: energiø bornholm,
6,energiø bornholm,6: energiø bornholm,
6,energiø bornholm,6: energiø bornholm,
6,energiø bornholm,6: energiø bornholm,
6,energiø bornholm,6: energiø bornholm,
6,energiø bornholm,6: energiø bornholm,
6,energiø bornholm,6: energiø bornholm,
6,energiø bornholm,6: energiø bornholm,
6,energiø bornholm,6: energiø bornholm,
6,energiø bornholm,6: energiø bornholm,
6,energiø bornholm,6: energiø bornholm,
6,energiø bornholm,6: energiø bornholm,
6,energiø bornholm,6: energiø bornholm,
6,energiø bornholm,6: energiø bornholm,
6,energiø bornholm,6: energiø bornholm,
6,energiø bornholm,6: energiø bornholm,
6,energiø bornholm,6: energiø bornholm,
6,energiø bornholm,6: energiø bornholm,
6,energiø bornholm,6: energiø bornholm,
6,energiø bornholm,6: energiø bornholm,
6,energiø bornholm,6: energiø bornholm,
6,energiø bornholm,6: energiø bornholm,
6,energiø bornholm,6: energiø bornholm,
6,energiø bornholm,6: energiø bornholm,
6,energiø bornholm,6: energiø bornholm,
6,energiø bornholm,6: energiø bornholm,
6,energiø bornholm,6: energiø bornholm,
6,energiø bornholm,6: energiø bornholm,
6,energiø bornholm,6: energiø bornholm,
6,energiø bornholm,6: energiø bornholm,
6,energiø bornholm,6: energiø bornholm,
6,energiø bornholm,6: energiø bornholm,
6,energiø bornholm,6: energiø bornholm,
6,energiø bornholm,6: energiø bornholm,
6,energiø bornholm,6: energiø bornholm,
6,energiø bornholm,6: energiø bornholm,
6,energiø bornholm,6: energiø bornholm,
6,energiø bornholm,6: energiø bornholm,
6,energiø bornholm,6: energiø bornholm,
6,energiø bornholm,6: energiø bornholm,
6,energiø bornholm,6: energiø bornholm,
6,energiø bornholm,6: energiø bornholm,
6,energiø bornholm,6: energiø bornholm,
6,energiø bornholm,6: energiø bornholm,
6,energiø bornholm,6: energiø bornholm,
6,energiø bornholm,6: energiø bornholm,
6,energiø bornholm,6: energiø bornholm,
6,energiø bornholm,6: energiø bornholm,
6,energiø bornholm,6: energiø bornholm,
6,energiø bornholm,6: energiø bornholm,
6,energiø bornholm,6: energiø bornholm,
6,energiø bornholm,6: energiø bornholm,
6,energiø bornholm,6: energiø bornholm,
6,energiø bornholm,6: energiø bornholm,
6,energiø bornholm,6: energiø bornholm,
6,energiø bornholm,6: energiø bornholm,
6,energiø bornholm,6: energiø bornholm,
6,energiø bornholm,6: energiø bornholm,
6,energiø bornholm,6: energiø bornholm,
6,energiø bornholm,6: energiø bornholm,
6,energiø bornholm,6: energiø bornholm,
6,energiø bornholm,6: energiø bornholm,
6,energiø bornholm,6: energiø bornholm,
6,energiø bornholm,6: energiø bornholm,
6,energiø bornholm,6: energiø bornholm,
6,energiø bornholm,6: energiø bornholm,
6,energiø bornholm,6: energiø bornholm,
6,energiø bornholm,6: energiø bornholm,
6,energiø bornholm,6: energiø bornholm,
6,energiø bornholm,6: energiø bornholm,
6,energiø bornholm,6: energiø bornholm,
6,energiø bornholm,6: energiø bornholm,
6,energiø bornholm,6: energiø bornholm,
6,energiø bornholm,6: energiø bornholm,
6,energiø bornholm,6: energiø bornholm,
6,energiø bornholm,6: energiø bornholm,
6,energiø bornholm,6: energiø bornholm,
6,energiø bornholm,6: energiø bornholm,
6,energiø bornholm,6: energiø bornholm,
6,energiø bornholm,6: energiø bornholm,
6,energiø bornholm,6: energiø bornholm,
6,energiø bornholm,6: energiø bornholm,
6,energiø bornholm,6: energiø bornholm,
6,energiø bornholm,6: energiø bornholm,
6,energiø bornholm,6: energiø bornholm,
6,energiø bornholm,6: energiø bornholm,
6,energiø bornholm,6: energiø bornholm,
6,energiø bornholm,6: energiø bornholm,
6,energiø bornholm,6: energiø bornholm,
6,energiø bornholm,6: energiø bornholm,
6,energiø bornholm,6: energiø bornholm,
6,energiø bornholm,6: energiø bornholm,
6,energiø bornholm,6: energiø bornholm,
6,energiø bornholm,6: energiø bornholm,
6,energiø bornholm,6: energiø bornholm,
6,energiø bornholm,6: energiø bornholm,
6,energiø bornholm,6: energiø bornholm,
6,energiø bornholm,6: energiø bornholm,
6,energiø bornholm,6: energiø bornholm,
6,energiø bornholm,6: energiø bornholm,
6,energiø bornholm,6: energiø bornholm,
6,energiø bornholm,6: energiø bornholm,
6,energiø bornholm,6: energiø bornholm,
6,energiø bornholm,6: energiø bornholm,
6,energiø bornholm,6: energiø bornholm,
6,energiø bornholm,6: energiø bornholm,
6,energiø bornholm,6: energiø bornholm,
6,energiø bornholm,6: energiø bornholm,
6,energiø bornholm,6: energiø bornholm,
6,energiø bornholm,6: energiø bornholm,
6,energiø bornholm,6: energiø bornholm,
6,energiø bornholm,6: energiø bornholm,
6,energiø bornholm,6: energiø bornholm,
6,energiø bornholm,6: energiø bornholm,
6,energiø bornholm,6: energiø bornholm,
6,energiø bornholm,6: energiø bornholm,
6,energiø bornholm,6: energiø bornholm,
6,energiø bornholm,6: energiø bornholm,
6,energiø bornholm,6: energiø bornholm,
6,energiø bornholm,6: energiø bornholm,
6,energiø bornholm,6: energiø bornholm,
6,energiø bornholm,6: energiø bornholm,
6,energiø bornholm,6: energiø bornholm,
6,energiø bornholm,6: energiø bornholm,
6,energiø bornholm,6: energiø bornholm,
6,energiø bornholm,6: energiø bornholm,
6,energiø bornholm,6: energiø bornholm,
4,baltic sea,4: baltic sea,
4,baltic sea,4: baltic sea,
4,baltic sea,4: baltic sea,
4,baltic sea,4: baltic sea,
4,baltic sea,4: baltic sea,
4,baltic sea,4: baltic sea,
4,baltic sea,4: baltic sea,
4,baltic sea,4: baltic sea,
4,baltic sea,4: baltic sea,
4,baltic sea,4: baltic sea,
4,baltic sea,4: baltic sea,
4,baltic sea,4: baltic sea,
4,baltic sea,4: baltic sea,
4,baltic sea,4: baltic sea,
4,baltic sea,4: baltic sea,
4,baltic sea,4: baltic sea,
4,baltic sea,4: baltic sea,
4,baltic sea,4: baltic sea,
4,baltic sea,4: baltic sea,
4,baltic sea,4: baltic sea,
4,baltic sea,4: baltic sea,
4,baltic sea,4: baltic sea,
4,baltic sea,4: baltic sea,
4,baltic sea,4: baltic sea,
4,baltic sea,4: baltic sea,
4,baltic sea,4: baltic sea,
4,baltic sea,4: baltic sea,
4,baltic sea,4: baltic sea,
4,baltic sea,4: baltic sea,
4,baltic sea,4: baltic sea,
4,baltic sea,4: baltic sea,
4,baltic sea,4: baltic sea,
4,baltic sea,4: baltic sea,
4,baltic sea,4: baltic sea,
4,baltic sea,4: baltic sea,
4,baltic sea,4: baltic sea,
4,baltic sea,4: baltic sea,
4,baltic sea,4: baltic sea,
4,baltic sea,4: baltic sea,
4,baltic sea,4: baltic sea,
4,baltic sea,4: baltic sea,
4,baltic sea,4: baltic sea,
4,baltic sea,4: baltic sea,
4,baltic sea,4: baltic sea,
4,baltic sea,4: baltic sea,
4,baltic sea,4: baltic sea,
4,baltic sea,4: baltic sea,
4,baltic sea,4: baltic sea,
4,baltic sea,4: baltic sea,
4,baltic sea,4: baltic sea,
4,baltic sea,4: baltic sea,
4,baltic sea,4: baltic sea,
4,baltic sea,4: baltic sea,
4,baltic sea,4: baltic sea,
4,baltic sea,4: baltic sea,
4,baltic sea,4: baltic sea,
4,baltic sea,4: baltic sea,
4,baltic sea,4: baltic sea,
4,baltic sea,4: baltic sea,
4,baltic sea,4: baltic sea,
4,baltic sea,4: baltic sea,
4,baltic sea,4: baltic sea,
4,baltic sea,4: baltic sea,
4,baltic sea,4: baltic sea,
4,baltic sea,4: baltic sea,
4,baltic sea,4: baltic sea,
4,baltic sea,4: baltic sea,
4,baltic sea,4: baltic sea,
4,baltic sea,4: baltic sea,
4,baltic sea,4: baltic sea,
4,baltic sea,4: baltic sea,
4,baltic sea,4: baltic sea,
4,baltic sea,4: baltic sea,
4,baltic sea,4: baltic sea,
4,baltic sea,4: baltic sea,
4,baltic sea,4: baltic sea,
4,baltic sea,4: baltic sea,
4,baltic sea,4: baltic sea,
4,baltic sea,4: baltic sea,
4,baltic sea,4: baltic sea,
4,baltic sea,4: baltic sea,
4,baltic sea,4: baltic sea,
4,baltic sea,4: baltic sea,
4,baltic sea,4: baltic sea,
4,baltic sea,4: baltic sea,
4,baltic sea,4: baltic sea,
4,baltic sea,4: baltic sea,
4,baltic sea,4: baltic sea,
4,baltic sea,4: baltic sea,
4,baltic sea,4: baltic sea,
4,baltic sea,4: baltic sea,
4,baltic sea,4: baltic sea,
4,baltic sea,4: baltic sea,
4,baltic sea,4: baltic sea,
4,baltic sea,4: baltic sea,
4,baltic sea,4: baltic sea,
4,baltic sea,4: baltic sea,
4,baltic sea,4: baltic sea,
4,baltic sea,4: baltic sea,
4,baltic sea,4: baltic sea,
4,baltic sea,4: baltic sea,
4,baltic sea,4: baltic sea,
4,baltic sea,4: baltic sea,
4,baltic sea,4: baltic sea,
4,baltic sea,4: baltic sea,
4,baltic sea,4: baltic sea,
4,baltic sea,4: baltic sea,
4,baltic sea,4: baltic sea,
4,baltic sea,4: baltic sea,
4,baltic sea,4: baltic sea,
4,baltic sea,4: baltic sea,
4,baltic sea,4: baltic sea,
4,baltic sea,4: baltic sea,
4,baltic sea,4: baltic sea,
4,baltic sea,4: baltic sea,
4,baltic sea,4: baltic sea,
4,baltic sea,4: baltic sea,
4,baltic sea,4: baltic sea,
4,baltic sea,4: baltic sea,
4,baltic sea,4: baltic sea,
4,baltic sea,4: baltic sea,
4,baltic sea,4: baltic sea,
4,baltic sea,4: baltic sea,
4,baltic sea,4: baltic sea,
4,baltic sea,4: baltic sea,
4,baltic sea,4: baltic sea,
4,baltic sea,4: baltic sea,
4,baltic sea,4: baltic sea,
4,baltic sea,4: baltic sea,
4,baltic sea,4: baltic sea,
4,baltic sea,4: baltic sea,
4,baltic sea,4: baltic sea,
4,baltic sea,4: baltic sea,
4,baltic sea,4: baltic sea,
4,baltic sea,4: baltic sea,
4,baltic sea,4: baltic sea,
4,baltic sea,4: baltic sea,
4,baltic sea,4: baltic sea,
6,energiø bornholm,6: energiø bornholm,
6,energiø bornholm,6: energiø bornholm,
6,energiø bornholm,6: energiø bornholm,
6,energiø bornholm,6: energiø bornholm,
6,energiø bornholm,6: energiø bornholm,
6,energiø bornholm,6: energiø bornholm,
6,energiø bornholm,6: energiø bornholm,
6,energiø bornholm,6: energiø bornholm,
6,energiø bornholm,6: energiø bornholm,
6,energiø bornholm,6: energiø bornholm,
6,energiø bornholm,6: energiø bornholm,
6,energiø bornholm,6: energiø bornholm,
6,energiø bornholm,6: energiø bornholm,
6,energiø bornholm,6: energiø bornholm,
6,energiø bornholm,6: energiø bornholm,
6,energiø bornholm,6: energiø bornholm,
6,energiø bornholm,6: energiø bornholm,
6,energiø bornholm,6: energiø bornholm,
6,energiø bornholm,6: energiø bornholm,
6,energiø bornholm,6: energiø bornholm,
6,energiø bornholm,6: energiø bornholm,
6,energiø bornholm,6: energiø bornholm,
6,energiø bornholm,6: energiø bornholm,
6,energiø bornholm,6: energiø bornholm,
6,energiø bornholm,6: energiø bornholm,
6,energiø bornholm,6: energiø bornholm,
6,energiø bornholm,6: energiø bornholm,
6,energiø bornholm,6: energiø bornholm,
6,energiø bornholm,6: energiø bornholm,
6,energiø bornholm,6: energiø bornholm,
6,energiø bornholm,6: energiø bornholm,
6,energiø bornholm,6: energiø bornholm,
6,energiø bornholm,6: energiø bornholm,
6,energiø bornholm,6: energiø bornholm,
6,energiø bornholm,6: energiø bornholm,
6,energiø bornholm,6: energiø bornholm,
6,energiø bornholm,6: energiø bornholm,
6,energiø bornholm,6: energiø bornholm,
6,energiø bornholm,6: energiø bornholm,
6,energiø bornholm,6: energiø bornholm,
6,energiø bornholm,6: energiø bornholm,
6,energiø bornholm,6: energiø bornholm,
6,energiø bornholm,6: energiø bornholm,
6,energiø bornholm,6: energiø bornholm,
6,energiø bornholm,6: energiø bornholm,
6,energiø bornholm,6: energiø bornholm,
6,energiø bornholm,6: energiø bornholm,
6,energiø bornholm,6: energiø bornholm,
6,energiø bornholm,6: energiø bornholm,
6,energiø bornholm,6: energiø bornholm,
6,energiø bornholm,6: energiø bornholm,
6,energiø bornholm,6: energiø bornholm,
6,energiø bornholm,6: energiø bornholm,
6,energiø bornholm,6: energiø bornholm,
6,energiø bornholm,6: energiø bornholm,
6,energiø bornholm,6: energiø bornholm,
6,energiø bornholm,6: energiø bornholm,
6,energiø bornholm,6: energiø bornholm,
6,energiø bornholm,6: energiø bornholm,
6,energiø bornholm,6: energiø bornholm,
6,energiø bornholm,6: energiø bornholm,
6,energiø bornholm,6: energiø bornholm,
6,energiø bornholm,6: energiø bornholm,
6,energiø bornholm,6: energiø bornholm,
6,energiø bornholm,6: energiø bornholm,
6,energiø bornholm,6: energiø bornholm,
6,energiø bornholm,6: energiø bornholm,
6,energiø bornholm,6: energiø bornholm,
6,energiø bornholm,6: energiø bornholm,
6,energiø bornholm,6: energiø bornholm,
6,energiø bornholm,6: energiø bornholm,
6,energiø bornholm,6: energiø bornholm,
6,energiø bornholm,6: energiø bornholm,
6,energiø bornholm,6: energiø bornholm,
6,energiø bornholm,6: energiø bornholm,
6,energiø bornholm,6: energiø bornholm,
6,energiø bornholm,6: energiø bornholm,
6,energiø bornholm,6: energiø bornholm,
6,energiø bornholm,6: energiø bornholm,
6,energiø bornholm,6: energiø bornholm,
6,energiø bornholm,6: energiø bornholm,
6,energiø bornholm,6: energiø bornholm,
6,energiø bornholm,6: energiø bornholm,
6,energiø bornholm,6: energiø bornholm,
6,energiø bornholm,6: energiø bornholm,
6,energiø bornholm,6: energiø bornholm,
6,energiø bornholm,6: energiø bornholm,
6,energiø bornholm,6: energiø bornholm,
6,energiø bornholm,6: energiø bornholm,
6,energiø bornholm,6: energiø bornholm,
6,energiø bornholm,6: energiø bornholm,
6,energiø bornholm,6: energiø bornholm,
6,energiø bornholm,6: energiø bornholm,
6,energiø bornholm,6: energiø bornholm,
6,energiø bornholm,6: energiø bornholm,
6,energiø bornholm,6: energiø bornholm,
6,energiø bornholm,6: energiø bornholm,
6,energiø bornholm,6: energiø bornholm,
6,energiø bornholm,6: energiø bornholm,
6,energiø bornholm,6: energiø bornholm,
6,energiø bornholm,6: energiø bornholm,
6,energiø bornholm,6: energiø bornholm,
6,energiø bornholm,6: energiø bornholm,
6,energiø bornholm,6: energiø bornholm,
6,energiø bornholm,6: energiø bornholm,
6,energiø bornholm,6: energiø bornholm,
6,energiø bornholm,6: energiø bornholm,
6,energiø bornholm,6: energiø bornholm,
6,energiø bornholm,6: energiø bornholm,
6,energiø bornholm,6: energiø bornholm,
6,energiø bornholm,6: energiø bornholm,
6,energiø bornholm,6: energiø bornholm,
6,energiø bornholm,6: energiø bornholm,
6,energiø bornholm,6: energiø bornholm,
6,energiø bornholm,6: energiø bornholm,
6,energiø bornholm,6: energiø bornholm,
6,energiø bornholm,6: energiø bornholm,
6,energiø bornholm,6: energiø bornholm,
6,energiø bornholm,6: energiø bornholm,
6,energiø bornholm,6: energiø bornholm,
6,energiø bornholm,6: energiø bornholm,
6,energiø bornholm,6: energiø bornholm,
6,energiø bornholm,6: energiø bornholm,
6,energiø bornholm,6: energiø bornholm,
6,energiø bornholm,6: energiø bornholm,
6,energiø bornholm,6: energiø bornholm,
6,energiø bornholm,6: energiø bornholm,
6,energiø bornholm,6: energiø bornholm,
6,energiø bornholm,6: energiø bornholm,
6,energiø bornholm,6: energiø bornholm,
6,energiø bornholm,6: energiø bornholm,
6,energiø bornholm,6: energiø bornholm,
6,energiø bornholm,6: energiø bornholm,
6,energiø bornholm,6: energiø bornholm,
6,energiø bornholm,6: energiø bornholm,
6,energiø bornholm,6: energiø bornholm,
6,energiø bornholm,6: energiø bornholm,
6,energiø bornholm,6: energiø bornholm,
6,energiø bornholm,6: energiø bornholm,
6,energiø bornholm,6: energiø bornholm,
6,energiø bornholm,6: energiø bornholm,
6,energiø bornholm,6: energiø bornholm,
6,energiø bornholm,6: energiø bornholm,
6,energiø bornholm,6: energiø bornholm,
6,energiø bornholm,6: energiø bornholm,
6,energiø bornholm,6: energiø bornholm,
6,energiø bornholm,6: energiø bornholm,
6,energiø bornholm,6: energiø bornholm,
6,energiø bornholm,6: energiø bornholm,
6,energiø bornholm,6: energiø bornholm,
6,energiø bornholm,6: energiø bornholm,
6,energiø bornholm,6: energiø bornholm,
6,energiø bornholm,6: energiø bornholm,
6,energiø bornholm,6: energiø bornholm,
6,energiø bornholm,6: energiø bornholm,
6,energiø bornholm,6: energiø bornholm,
6,energiø bornholm,6: energiø bornholm,
6,energiø bornholm,6: energiø bornholm,
6,energiø bornholm,6: energiø bornholm,
6,energiø bornholm,6: energiø bornholm,
6,energiø bornholm,6: energiø bornholm,
6,energiø bornholm,6: energiø bornholm,
6,energiø bornholm,6: energiø bornholm,
6,energiø bornholm,6: energiø bornholm,
6,energiø bornholm,6: energiø bornholm,
6,energiø bornholm,6: energiø bornholm,
6,energiø bornholm,6: energiø bornholm,
6,energiø bornholm,6: energiø bornholm,
6,energiø bornholm,6: energiø bornholm,
6,energiø bornholm,6: energiø bornholm,
6,energiø bornholm,6: energiø bornholm,
8,wind turbin,8: wind turbin,
8,wind turbin,8: wind turbin,
8,wind turbin,8: wind turbin,
8,wind turbin,8: wind turbin,
8,wind turbin,8: wind turbin,
8,wind turbin,8: wind turbin,
8,wind turbin,8: wind turbin,
8,wind turbin,8: wind turbin,
8,wind turbin,8: wind turbin,
8,wind turbin,8: wind turbin,
8,wind turbin,8: wind turbin,
8,wind turbin,8: wind turbin,
8,wind turbin,8: wind turbin,
8,wind turbin,8: wind turbin,
8,wind turbin,8: wind turbin,
8,wind turbin,8: wind turbin,
8,wind turbin,8: wind turbin,
8,wind turbin,8: wind turbin,
8,wind turbin,8: wind turbin,
8,wind turbin,8: wind turbin,
8,wind turbin,8: wind turbin,
8,wind turbin,8: wind turbin,
8,wind turbin,8: wind turbin,
8,wind turbin,8: wind turbin,
8,wind turbin,8: wind turbin,
8,wind turbin,8: wind turbin,
8,wind turbin,8: wind turbin,
8,wind turbin,8: wind turbin,
8,wind turbin,8: wind turbin,
8,wind turbin,8: wind turbin,
8,wind turbin,8: wind turbin,
8,wind turbin,8: wind turbin,
8,wind turbin,8: wind turbin,
8,wind turbin,8: wind turbin,
8,wind turbin,8: wind turbin,
8,wind turbin,8: wind turbin,
8,wind turbin,8: wind turbin,
8,wind turbin,8: wind turbin,
8,wind turbin,8: wind turbin,
8,wind turbin,8: wind turbin,
8,wind turbin,8: wind turbin,
8,wind turbin,8: wind turbin,
8,wind turbin,8: wind turbin,
8,wind turbin,8: wind turbin,
8,wind turbin,8: wind turbin,
8,wind turbin,8: wind turbin,
8,wind turbin,8: wind turbin,
8,wind turbin,8: wind turbin,
8,wind turbin,8: wind turbin,
8,wind turbin,8: wind turbin,
8,wind turbin,8: wind turbin,
8,wind turbin,8: wind turbin,
8,wind turbin,8: wind turbin,
8,wind turbin,8: wind turbin,
8,wind turbin,8: wind turbin,
8,wind turbin,8: wind turbin,
8,wind turbin,8: wind turbin,
8,wind turbin,8: wind turbin,
8,wind turbin,8: wind turbin,
8,wind turbin,8: wind turbin,
8,wind turbin,8: wind turbin,
8,wind turbin,8: wind turbin,
8,wind turbin,8: wind turbin,
8,wind turbin,8: wind turbin,
8,wind turbin,8: wind turbin,
8,wind turbin,8: wind turbin,
8,wind turbin,8: wind turbin,
8,wind turbin,8: wind turbin,
8,wind turbin,8: wind turbin,
8,wind turbin,8: wind turbin,
8,wind turbin,8: wind turbin,
8,wind turbin,8: wind turbin,
8,wind turbin,8: wind turbin,
8,wind turbin,8: wind turbin,
8,wind turbin,8: wind turbin,
8,wind turbin,8: wind turbin,
8,wind turbin,8: wind turbin,
8,wind turbin,8: wind turbin,
8,wind turbin,8: wind turbin,
8,wind turbin,8: wind turbin,
8,wind turbin,8: wind turbin,
8,wind turbin,8: wind turbin,
8,wind turbin,8: wind turbin,
8,wind turbin,8: wind turbin,
8,wind turbin,8: wind turbin,
8,wind turbin,8: wind turbin,
8,wind turbin,8: wind turbin,
8,wind turbin,8: wind turbin,
8,wind turbin,8: wind turbin,
8,wind turbin,8: wind turbin,
8,wind turbin,8: wind turbin,
8,wind turbin,8: wind turbin,
8,wind turbin,8: wind turbin,
8,wind turbin,8: wind turbin,
8,wind turbin,8: wind turbin,
8,wind turbin,8: wind turbin,
8,wind turbin,8: wind turbin,
8,wind turbin,8: wind turbin,
8,wind turbin,8: wind turbin,
8,wind turbin,8: wind turbin,
8,wind turbin,8: wind turbin,
8,wind turbin,8: wind turbin,
8,wind turbin,8: wind turbin,
8,wind turbin,8: wind turbin,
8,wind turbin,8: wind turbin,
8,wind turbin,8: wind turbin,
8,wind turbin,8: wind turbin,
8,wind turbin,8: wind turbin,
8,wind turbin,8: wind turbin,
8,wind turbin,8: wind turbin,
8,wind turbin,8: wind turbin,
8,wind turbin,8: wind turbin,
8,wind turbin,8: wind turbin,
8,wind turbin,8: wind turbin,
8,wind turbin,8: wind turbin,
8,wind turbin,8: wind turbin,
8,wind turbin,8: wind turbin,
8,wind turbin,8: wind turbin,
8,wind turbin,8: wind turbin,
8,wind turbin,8: wind turbin,
8,wind turbin,8: wind turbin,
8,wind turbin,8: wind turbin,
8,wind turbin,8: wind turbin,
8,wind turbin,8: wind turbin,
8,wind turbin,8: wind turbin,
8,wind turbin,8: wind turbin,
8,wind turbin,8: wind turbin,
8,wind turbin,8: wind turbin,
8,wind turbin,8: wind turbin,
8,wind turbin,8: wind turbin,
0,energi island,0: energi island,
0,energi island,0: energi island,
0,energi island,0: energi island,
0,energi island,0: energi island,
0,energi island,0: energi island,
0,energi island,0: energi island,
0,energi island,0: energi island,
0,energi island,0: energi island,
0,energi island,0: energi island,
0,energi island,0: energi island,
0,energi island,0: energi island,
0,energi island,0: energi island,
0,energi island,0: energi island,
0,energi island,0: energi island,
0,energi island,0: energi island,
0,energi island,0: energi island,
0,energi island,0: energi island,
0,energi island,0: energi island,
0,energi island,0: energi island,
0,energi island,0: energi island,
0,energi island,0: energi island,
0,energi island,0: energi island,
0,energi island,0: energi island,
0,energi island,0: energi island,
0,energi island,0: energi island,
0,energi island,0: energi island,
0,energi island,0: energi island,
0,energi island,0: energi island,
0,energi island,0: energi island,
0,energi island,0: energi island,
0,energi island,0: energi island,
0,energi island,0: energi island,
0,energi island,0: energi island,
0,energi island,0: energi island,
0,energi island,0: energi island,
0,energi island,0: energi island,
0,energi island,0: energi island,
0,energi island,0: energi island,
0,energi island,0: energi island,
0,energi island,0: energi island,
0,energi island,0: energi island,
0,energi island,0: energi island,
0,energi island,0: energi island,
0,energi island,0: energi island,
0,energi island,0: energi island,
0,energi island,0: energi island,
0,energi island,0: energi island,
0,energi island,0: energi island,
0,energi island,0: energi island,
0,energi island,0: energi island,
0,energi island,0: energi island,
0,energi island,0: energi island,
0,energi island,0: energi island,
0,energi island,0: energi island,
0,energi island,0: energi island,
0,energi island,0: energi island,
0,energi island,0: energi island,
0,energi island,0: energi island,
0,energi island,0: energi island,
0,energi island,0: energi island,
0,energi island,0: energi island,
0,energi island,0: energi island,
0,energi island,0: energi island,
0,energi island,0: energi island,
0,energi island,0: energi island,
0,energi island,0: energi island,
0,energi island,0: energi island,
0,energi island,0: energi island,
0,energi island,0: energi island,
0,energi island,0: energi island,
0,energi island,0: energi island,
0,energi island,0: energi island,
0,energi island,0: energi island,
0,energi island,0: energi island,
0,energi island,0: energi island,
0,energi island,0: energi island,
0,energi island,0: energi island,
0,energi island,0: energi island,
0,energi island,0: energi island,
0,energi island,0: energi island,
0,energi island,0: energi island,
0,energi island,0: energi island,
0,energi island,0: energi island,
0,energi island,0: energi island,
0,energi island,0: energi island,
0,energi island,0: energi island,
0,energi island,0: energi island,
0,energi island,0: energi island,
0,energi island,0: energi island,
0,energi island,0: energi island,
0,energi island,0: energi island,
0,energi island,0: energi island,
0,energi island,0: energi island,
0,energi island,0: energi island,
0,energi island,0: energi island,
0,energi island,0: energi island,
0,energi island,0: energi island,
0,energi island,0: energi island,
0,energi island,0: energi island,
0,energi island,0: energi island,
0,energi island,0: energi island,
0,energi island,0: energi island,
0,energi island,0: energi island,
0,energi island,0: energi island,
0,energi island,0: energi island,
0,energi island,0: energi island,
0,energi island,0: energi island,
0,energi island,0: energi island,
0,energi island,0: energi island,
0,energi island,0: energi island,
0,energi island,0: energi island,
0,energi island,0: energi island,
0,energi island,0: energi island,
0,energi island,0: energi island,
0,energi island,0: energi island,
0,energi island,0: energi island,
0,energi island,0: energi island,
0,energi island,0: energi island,
0,energi island,0: energi island,
0,energi island,0: energi island,
0,energi island,0: energi island,
0,energi island,0: energi island,
0,energi island,0: energi island,
0,energi island,0: energi island,
0,energi island,0: energi island,
0,energi island,0: energi island,
0,energi island,0: energi island,
0,energi island,0: energi island,
0,energi island,0: energi island,
0,energi island,0: energi island,
0,energi island,0: energi island,
0,energi island,0: energi island,
0,energi island,0: energi island,
0,energi island,0: energi island,
0,energi island,0: energi island,
0,energi island,0: energi island,
0,energi island,0: energi island,
0,energi island,0: energi island,
0,energi island,0: energi island,
0,energi island,0: energi island,
0,energi island,0: energi island,
0,energi island,0: energi island,
0,energi island,0: energi island,
0,energi island,0: energi island,
0,energi island,0: energi island,
0,energi island,0: energi island,
0,energi island,0: energi island,
0,energi island,0: energi island,
0,energi island,0: energi island,
0,energi island,0: energi island,
0,energi island,0: energi island,
0,energi island,0: energi island,
0,energi island,0: energi island,
0,energi island,0: energi island,
0,energi island,0: energi island,
0,energi island,0: energi island,
0,energi island,0: energi island,
4,baltic sea,4: baltic sea,
4,baltic sea,4: baltic sea,
4,baltic sea,4: baltic sea,
4,baltic sea,4: baltic sea,
4,baltic sea,4: baltic sea,
4,baltic sea,4: baltic sea,
4,baltic sea,4: baltic sea,
4,baltic sea,4: baltic sea,
4,baltic sea,4: baltic sea,
4,baltic sea,4: baltic sea,
4,baltic sea,4: baltic sea,
4,baltic sea,4: baltic sea,
4,baltic sea,4: baltic sea,
4,baltic sea,4: baltic sea,
4,baltic sea,4: baltic sea,
4,baltic sea,4: baltic sea,
4,baltic sea,4: baltic sea,
4,baltic sea,4: baltic sea,
4,baltic sea,4: baltic sea,
4,baltic sea,4: baltic sea,
4,baltic sea,4: baltic sea,
4,baltic sea,4: baltic sea,
4,baltic sea,4: baltic sea,
4,baltic sea,4: baltic sea,
4,baltic sea,4: baltic sea,
4,baltic sea,4: baltic sea,
4,baltic sea,4: baltic sea,
4,baltic sea,4: baltic sea,
4,baltic sea,4: baltic sea,
4,baltic sea,4: baltic sea,
4,baltic sea,4: baltic sea,
4,baltic sea,4: baltic sea,
4,baltic sea,4: baltic sea,
4,baltic sea,4: baltic sea,
4,baltic sea,4: baltic sea,
4,baltic sea,4: baltic sea,
4,baltic sea,4: baltic sea,
4,baltic sea,4: baltic sea,
4,baltic sea,4: baltic sea,
4,baltic sea,4: baltic sea,
4,baltic sea,4: baltic sea,
4,baltic sea,4: baltic sea,
4,baltic sea,4: baltic sea,
4,baltic sea,4: baltic sea,
4,baltic sea,4: baltic sea,
4,baltic sea,4: baltic sea,
4,baltic sea,4: baltic sea,
4,baltic sea,4: baltic sea,
4,baltic sea,4: baltic sea,
4,baltic sea,4: baltic sea,
4,baltic sea,4: baltic sea,
4,baltic sea,4: baltic sea,
4,baltic sea,4: baltic sea,
4,baltic sea,4: baltic sea,
4,baltic sea,4: baltic sea,
4,baltic sea,4: baltic sea,
4,baltic sea,4: baltic sea,
4,baltic sea,4: baltic sea,
4,baltic sea,4: baltic sea,
4,baltic sea,4: baltic sea,
4,baltic sea,4: baltic sea,
4,baltic sea,4: baltic sea,
4,baltic sea,4: baltic sea,
4,baltic sea,4: baltic sea,
4,baltic sea,4: baltic sea,
4,baltic sea,4: baltic sea,
4,baltic sea,4: baltic sea,
4,baltic sea,4: baltic sea,
4,baltic sea,4: baltic sea,
4,baltic sea,4: baltic sea,
4,baltic sea,4: baltic sea,
4,baltic sea,4: baltic sea,
4,baltic sea,4: baltic sea,
4,baltic sea,4: baltic sea,
4,baltic sea,4: baltic sea,
4,baltic sea,4: baltic sea,
4,baltic sea,4: baltic sea,
4,baltic sea,4: baltic sea,
4,baltic sea,4: baltic sea,
4,baltic sea,4: baltic sea,
4,baltic sea,4: baltic sea,
4,baltic sea,4: baltic sea,
4,baltic sea,4: baltic sea,
4,baltic sea,4: baltic sea,
4,baltic sea,4: baltic sea,
4,baltic sea,4: baltic sea,
4,baltic sea,4: baltic sea,
4,baltic sea,4: baltic sea,
4,baltic sea,4: baltic sea,
4,baltic sea,4: baltic sea,
4,baltic sea,4: baltic sea,
4,baltic sea,4: baltic sea,
4,baltic sea,4: baltic sea,
4,baltic sea,4: baltic sea,
4,baltic sea,4: baltic sea,
4,baltic sea,4: baltic sea,
4,baltic sea,4: baltic sea,
4,baltic sea,4: baltic sea,
4,baltic sea,4: baltic sea,
4,baltic sea,4: baltic sea,
4,baltic sea,4: baltic sea,
4,baltic sea,4: baltic sea,
4,baltic sea,4: baltic sea,
4,baltic sea,4: baltic sea,
4,baltic sea,4: baltic sea,
4,baltic sea,4: baltic sea,
4,baltic sea,4: baltic sea,
4,baltic sea,4: baltic sea,
4,baltic sea,4: baltic sea,
4,baltic sea,4: baltic sea,
4,baltic sea,4: baltic sea,
4,baltic sea,4: baltic sea,
4,baltic sea,4: baltic sea,
4,baltic sea,4: baltic sea,
4,baltic sea,4: baltic sea,
4,baltic sea,4: baltic sea,
4,baltic sea,4: baltic sea,
4,baltic sea,4: baltic sea,
4,baltic sea,4: baltic sea,
4,baltic sea,4: baltic sea,
4,baltic sea,4: baltic sea,
4,baltic sea,4: baltic sea,
4,baltic sea,4: baltic sea,
4,baltic sea,4: baltic sea,
4,baltic sea,4: baltic sea,
4,baltic sea,4: baltic sea,
4,baltic sea,4: baltic sea,
4,baltic sea,4: baltic sea,
4,baltic sea,4: baltic sea,
4,baltic sea,4: baltic sea,
4,baltic sea,4: baltic sea,
4,baltic sea,4: baltic sea,
4,baltic sea,4: baltic sea,
4,baltic sea,4: baltic sea,
4,baltic sea,4: baltic sea,
4,baltic sea,4: baltic sea,
4,baltic sea,4: baltic sea,
4,baltic sea,4: baltic sea,
6,energiø bornholm,6: energiø bornholm,
6,energiø bornholm,6: energiø bornholm,
6,energiø bornholm,6: energiø bornholm,
6,energiø bornholm,6: energiø bornholm,
6,energiø bornholm,6: energiø bornholm,
6,energiø bornholm,6: energiø bornholm,
6,energiø bornholm,6: energiø bornholm,
6,energiø bornholm,6: energiø bornholm,
6,energiø bornholm,6: energiø bornholm,
6,energiø bornholm,6: energiø bornholm,
6,energiø bornholm,6: energiø bornholm,
6,energiø bornholm,6: energiø bornholm,
6,energiø bornholm,6: energiø bornholm,
6,energiø bornholm,6: energiø bornholm,
6,energiø bornholm,6: energiø bornholm,
6,energiø bornholm,6: energiø bornholm,
6,energiø bornholm,6: energiø bornholm,
6,energiø bornholm,6: energiø bornholm,
6,energiø bornholm,6: energiø bornholm,
6,energiø bornholm,6: energiø bornholm,
6,energiø bornholm,6: energiø bornholm,
6,energiø bornholm,6: energiø bornholm,
6,energiø bornholm,6: energiø bornholm,
6,energiø bornholm,6: energiø bornholm,
6,energiø bornholm,6: energiø bornholm,
6,energiø bornholm,6: energiø bornholm,
6,energiø bornholm,6: energiø bornholm,
6,energiø bornholm,6: energiø bornholm,
6,energiø bornholm,6: energiø bornholm,
6,energiø bornholm,6: energiø bornholm,
6,energiø bornholm,6: energiø bornholm,
6,energiø bornholm,6: energiø bornholm,
6,energiø bornholm,6: energiø bornholm,
6,energiø bornholm,6: energiø bornholm,
6,energiø bornholm,6: energiø bornholm,
6,energiø bornholm,6: energiø bornholm,
6,energiø bornholm,6: energiø bornholm,
6,energiø bornholm,6: energiø bornholm,
6,energiø bornholm,6: energiø bornholm,
6,energiø bornholm,6: energiø bornholm,
6,energiø bornholm,6: energiø bornholm,
6,energiø bornholm,6: energiø bornholm,
6,energiø bornholm,6: energiø bornholm,
6,energiø bornholm,6: energiø bornholm,
6,energiø bornholm,6: energiø bornholm,
6,energiø bornholm,6: energiø bornholm,
6,energiø bornholm,6: energiø bornholm,
6,energiø bornholm,6: energiø bornholm,
6,energiø bornholm,6: energiø bornholm,
6,energiø bornholm,6: energiø bornholm,
6,energiø bornholm,6: energiø bornholm,
6,energiø bornholm,6: energiø bornholm,
6,energiø bornholm,6: energiø bornholm,
6,energiø bornholm,6: energiø bornholm,
6,energiø bornholm,6: energiø bornholm,
6,energiø bornholm,6: energiø bornholm,
6,energiø bornholm,6: energiø bornholm,
6,energiø bornholm,6: energiø bornholm,
6,energiø bornholm,6: energiø bornholm,
6,energiø bornholm,6: energiø bornholm,
6,energiø bornholm,6: energiø bornholm,
6,energiø bornholm,6: energiø bornholm,
6,energiø bornholm,6: energiø bornholm,
6,energiø bornholm,6: energiø bornholm,
6,energiø bornholm,6: energiø bornholm,
6,energiø bornholm,6: energiø bornholm,
6,energiø bornholm,6: energiø bornholm,
6,energiø bornholm,6: energiø bornholm,
6,energiø bornholm,6: energiø bornholm,
6,energiø bornholm,6: energiø bornholm,
6,energiø bornholm,6: energiø bornholm,
6,energiø bornholm,6: energiø bornholm,
6,energiø bornholm,6: energiø bornholm,
6,energiø bornholm,6: energiø bornholm,
6,energiø bornholm,6: energiø bornholm,
6,energiø bornholm,6: energiø bornholm,
6,energiø bornholm,6: energiø bornholm,
6,energiø bornholm,6: energiø bornholm,
6,energiø bornholm,6: energiø bornholm,
6,energiø bornholm,6: energiø bornholm,
6,energiø bornholm,6: energiø bornholm,
6,energiø bornholm,6: energiø bornholm,
6,energiø bornholm,6: energiø bornholm,
6,energiø bornholm,6: energiø bornholm,
6,energiø bornholm,6: energiø bornholm,
6,energiø bornholm,6: energiø bornholm,
6,energiø bornholm,6: energiø bornholm,
6,energiø bornholm,6: energiø bornholm,
6,energiø bornholm,6: energiø bornholm,
6,energiø bornholm,6: energiø bornholm,
6,energiø bornholm,6: energiø bornholm,
6,energiø bornholm,6: energiø bornholm,
6,energiø bornholm,6: energiø bornholm,
6,energiø bornholm,6: energiø bornholm,
6,energiø bornholm,6: energiø bornholm,
6,energiø bornholm,6: energiø bornholm,
6,energiø bornholm,6: energiø bornholm,
6,energiø bornholm,6: energiø bornholm,
6,energiø bornholm,6: energiø bornholm,
6,energiø bornholm,6: energiø bornholm,
6,energiø bornholm,6: energiø bornholm,
6,energiø bornholm,6: energiø bornholm,
6,energiø bornholm,6: energiø bornholm,
6,energiø bornholm,6: energiø bornholm,
6,energiø bornholm,6: energiø bornholm,
6,energiø bornholm,6: energiø bornholm,
6,energiø bornholm,6: energiø bornholm,
6,energiø bornholm,6: energiø bornholm,
6,energiø bornholm,6: energiø bornholm,
6,energiø bornholm,6: energiø bornholm,
6,energiø bornholm,6: energiø bornholm,
6,energiø bornholm,6: energiø bornholm,
6,energiø bornholm,6: energiø bornholm,
6,energiø bornholm,6: energiø bornholm,
6,energiø bornholm,6: energiø bornholm,
6,energiø bornholm,6: energiø bornholm,
6,energiø bornholm,6: energiø bornholm,
6,energiø bornholm,6: energiø bornholm,
6,energiø bornholm,6: energiø bornholm,
6,energiø bornholm,6: energiø bornholm,
6,energiø bornholm,6: energiø bornholm,
6,energiø bornholm,6: energiø bornholm,
6,energiø bornholm,6: energiø bornholm,
6,energiø bornholm,6: energiø bornholm,
6,energiø bornholm,6: energiø bornholm,
6,energiø bornholm,6: energiø bornholm,
6,energiø bornholm,6: energiø bornholm,
6,energiø bornholm,6: energiø bornholm,
6,energiø bornholm,6: energiø bornholm,
6,energiø bornholm,6: energiø bornholm,
6,energiø bornholm,6: energiø bornholm,
6,energiø bornholm,6: energiø bornholm,
6,energiø bornholm,6: energiø bornholm,
6,energiø bornholm,6: energiø bornholm,
6,energiø bornholm,6: energiø bornholm,
6,energiø bornholm,6: energiø bornholm,
6,energiø bornholm,6: energiø bornholm,
6,energiø bornholm,6: energiø bornholm,
6,energiø bornholm,6: energiø bornholm,
6,energiø bornholm,6: energiø bornholm,
6,energiø bornholm,6: energiø bornholm,
6,energiø bornholm,6: energiø bornholm,
6,energiø bornholm,6: energiø bornholm,
6,energiø bornholm,6: energiø bornholm,
6,energiø bornholm,6: energiø bornholm,
6,energiø bornholm,6: energiø bornholm,
6,energiø bornholm,6: energiø bornholm,
6,energiø bornholm,6: energiø bornholm,
6,energiø bornholm,6: energiø bornholm,
6,energiø bornholm,6: energiø bornholm,
6,energiø bornholm,6: energiø bornholm,
6,energiø bornholm,6: energiø bornholm,
6,energiø bornholm,6: energiø bornholm,
6,energiø bornholm,6: energiø bornholm,
6,energiø bornholm,6: energiø bornholm,
6,energiø bornholm,6: energiø bornholm,
6,energiø bornholm,6: energiø bornholm,
6,energiø bornholm,6: energiø bornholm,
6,energiø bornholm,6: energiø bornholm,
6,energiø bornholm,6: energiø bornholm,
6,energiø bornholm,6: energiø bornholm,
6,energiø bornholm,6: energiø bornholm,
6,energiø bornholm,6: energiø bornholm,
6,energiø bornholm,6: energiø bornholm,
6,energiø bornholm,6: energiø bornholm,
6,energiø bornholm,6: energiø bornholm,
6,energiø bornholm,6: energiø bornholm,
6,energiø bornholm,6: energiø bornholm,
6,energiø bornholm,6: energiø bornholm,
6,energiø bornholm,6: energiø bornholm,
6,energiø bornholm,6: energiø bornholm,
2,municip council,2: municip council,
2,municip council,2: municip council,
2,municip council,2: municip council,
2,municip council,2: municip council,
2,municip council,2: municip council,
2,municip council,2: municip council,
2,municip council,2: municip council,
2,municip council,2: municip council,
2,municip council,2: municip council,
2,municip council,2: municip council,
2,municip council,2: municip council,
2,municip council,2: municip council,
2,municip council,2: municip council,
2,municip council,2: municip council,
2,municip council,2: municip council,
2,municip council,2: municip council,
2,municip council,2: municip council,
2,municip council,2: municip council,
2,municip council,2: municip council,
2,municip council,2: municip council,
2,municip council,2: municip council,
2,municip council,2: municip council,
2,municip council,2: municip council,
2,municip council,2: municip council,
2,municip council,2: municip council,
2,municip council,2: municip council,
2,municip council,2: municip council,
2,municip council,2: municip council,
2,municip council,2: municip council,
2,municip council,2: municip council,
2,municip council,2: municip council,
2,municip council,2: municip council,
2,municip council,2: municip council,
2,municip council,2: municip council,
2,municip council,2: municip council,
2,municip council,2: municip council,
2,municip council,2: municip council,
2,municip council,2: municip council,
2,municip council,2: municip council,
2,municip council,2: municip council,
2,municip council,2: municip council,
2,municip council,2: municip council,
2,municip council,2: municip council,
2,municip council,2: municip council,
2,municip council,2: municip council,
2,municip council,2: municip council,
2,municip council,2: municip council,
2,municip council,2: municip council,
2,municip council,2: municip council,
2,municip council,2: municip council,
2,municip council,2: municip council,
2,municip council,2: municip council,
2,municip council,2: municip council,
2,municip council,2: municip council,
2,municip council,2: municip council,
2,municip council,2: municip council,
2,municip council,2: municip council,
2,municip council,2: municip council,
2,municip council,2: municip council,
2,municip council,2: municip council,
2,municip council,2: municip council,
2,municip council,2: municip council,
2,municip council,2: municip council,
2,municip council,2: municip council,
2,municip council,2: municip council,
2,municip council,2: municip council,
2,municip council,2: municip council,
2,municip council,2: municip council,
2,municip council,2: municip council,
2,municip council,2: municip council,
2,municip council,2: municip council,
2,municip council,2: municip council,
2,municip council,2: municip council,
2,municip council,2: municip council,
2,municip council,2: municip council,
2,municip council,2: municip council,
2,municip council,2: municip council,
2,municip council,2: municip council,
2,municip council,2: municip council,
2,municip council,2: municip council,
2,municip council,2: municip council,
2,municip council,2: municip council,
2,municip council,2: municip council,
2,municip council,2: municip council,
2,municip council,2: municip council,
2,municip council,2: municip council,
2,municip council,2: municip council,
2,municip council,2: municip council,
2,municip council,2: municip council,
2,municip council,2: municip council,
2,municip council,2: municip council,
2,municip council,2: municip council,
2,municip council,2: municip council,
2,municip council,2: municip council,
2,municip council,2: municip council,
2,municip council,2: municip council,
2,municip council,2: municip council,
2,municip council,2: municip council,
2,municip council,2: municip council,
2,municip council,2: municip council,
2,municip council,2: municip council,
2,municip council,2: municip council,
2,municip council,2: municip council,
2,municip council,2: municip council,
2,municip council,2: municip council,
2,municip council,2: municip council,
2,municip council,2: municip council,
2,municip council,2: municip council,
2,municip council,2: municip council,
2,municip council,2: municip council,
2,municip council,2: municip council,
2,municip council,2: municip council,
2,municip council,2: municip council,
2,municip council,2: municip council,
2,municip council,2: municip council,
2,municip council,2: municip council,
2,municip council,2: municip council,
2,municip council,2: municip council,
2,municip council,2: municip council,
2,municip council,2: municip council,
2,municip council,2: municip council,
2,municip council,2: municip council,
2,municip council,2: municip council,
2,municip council,2: municip council,
2,municip council,2: municip council,
2,municip council,2: municip council,
2,municip council,2: municip council,
2,municip council,2: municip council,
2,municip council,2: municip council,
2,municip council,2: municip council,
2,municip council,2: municip council,
2,municip council,2: municip council,
2,municip council,2: municip council,
2,municip council,2: municip council,
2,municip council,2: municip council,
2,municip council,2: municip council,
2,municip council,2: municip council,
2,municip council,2: municip council,
2,municip council,2: municip council,
2,municip council,2: municip council,
2,municip council,2: municip council,
2,municip council,2: municip council,
2,municip council,2: municip council,
2,municip council,2: municip council,
2,municip council,2: municip council,
2,municip council,2: municip council,
2,municip council,2: municip council,
2,municip council,2: municip council,
2,municip council,2: municip council,
2,municip council,2: municip council,
2,municip council,2: municip council,
2,municip council,2: municip council,
2,municip council,2: municip council,
2,municip council,2: municip council,
2,municip council,2: municip council,
2,municip council,2: municip council,
4,baltic sea,4: baltic sea,
4,baltic sea,4: baltic sea,
4,baltic sea,4: baltic sea,
4,baltic sea,4: baltic sea,
4,baltic sea,4: baltic sea,
4,baltic sea,4: baltic sea,
4,baltic sea,4: baltic sea,
4,baltic sea,4: baltic sea,
4,baltic sea,4: baltic sea,
4,baltic sea,4: baltic sea,
4,baltic sea,4: baltic sea,
4,baltic sea,4: baltic sea,
4,baltic sea,4: baltic sea,
4,baltic sea,4: baltic sea,
4,baltic sea,4: baltic sea,
4,baltic sea,4: baltic sea,
4,baltic sea,4: baltic sea,
4,baltic sea,4: baltic sea,
4,baltic sea,4: baltic sea,
4,baltic sea,4: baltic sea,
4,baltic sea,4: baltic sea,
4,baltic sea,4: baltic sea,
4,baltic sea,4: baltic sea,
4,baltic sea,4: baltic sea,
4,baltic sea,4: baltic sea,
4,baltic sea,4: baltic sea,
4,baltic sea,4: baltic sea,
4,baltic sea,4: baltic sea,
4,baltic sea,4: baltic sea,
4,baltic sea,4: baltic sea,
4,baltic sea,4: baltic sea,
4,baltic sea,4: baltic sea,
4,baltic sea,4: baltic sea,
4,baltic sea,4: baltic sea,
4,baltic sea,4: baltic sea,
4,baltic sea,4: baltic sea,
4,baltic sea,4: baltic sea,
4,baltic sea,4: baltic sea,
4,baltic sea,4: baltic sea,
4,baltic sea,4: baltic sea,
4,baltic sea,4: baltic sea,
4,baltic sea,4: baltic sea,
4,baltic sea,4: baltic sea,
4,baltic sea,4: baltic sea,
4,baltic sea,4: baltic sea,
4,baltic sea,4: baltic sea,
4,baltic sea,4: baltic sea,
4,baltic sea,4: baltic sea,
4,baltic sea,4: baltic sea,
4,baltic sea,4: baltic sea,
4,baltic sea,4: baltic sea,
4,baltic sea,4: baltic sea,
4,baltic sea,4: baltic sea,
4,baltic sea,4: baltic sea,
4,baltic sea,4: baltic sea,
4,baltic sea,4: baltic sea,
4,baltic sea,4: baltic sea,
4,baltic sea,4: baltic sea,
4,baltic sea,4: baltic sea,
4,baltic sea,4: baltic sea,
4,baltic sea,4: baltic sea,
4,baltic sea,4: baltic sea,
4,baltic sea,4: baltic sea,
4,baltic sea,4: baltic sea,
4,baltic sea,4: baltic sea,
4,baltic sea,4: baltic sea,
4,baltic sea,4: baltic sea,
4,baltic sea,4: baltic sea,
4,baltic sea,4: baltic sea,
4,baltic sea,4: baltic sea,
4,baltic sea,4: baltic sea,
4,baltic sea,4: baltic sea,
4,baltic sea,4: baltic sea,
4,baltic sea,4: baltic sea,
4,baltic sea,4: baltic sea,
4,baltic sea,4: baltic sea,
4,baltic sea,4: baltic sea,
4,baltic sea,4: baltic sea,
4,baltic sea,4: baltic sea,
4,baltic sea,4: baltic sea,
4,baltic sea,4: baltic sea,
4,baltic sea,4: baltic sea,
4,baltic sea,4: baltic sea,
4,baltic sea,4: baltic sea,
4,baltic sea,4: baltic sea,
4,baltic sea,4: baltic sea,
4,baltic sea,4: baltic sea,
4,baltic sea,4: baltic sea,
4,baltic sea,4: baltic sea,
4,baltic sea,4: baltic sea,
4,baltic sea,4: baltic sea,
4,baltic sea,4: baltic sea,
4,baltic sea,4: baltic sea,
4,baltic sea,4: baltic sea,
4,baltic sea,4: baltic sea,
4,baltic sea,4: baltic sea,
4,baltic sea,4: baltic sea,
4,baltic sea,4: baltic sea,
4,baltic sea,4: baltic sea,
4,baltic sea,4: baltic sea,
4,baltic sea,4: baltic sea,
4,baltic sea,4: baltic sea,
4,baltic sea,4: baltic sea,
4,baltic sea,4: baltic sea,
4,baltic sea,4: baltic sea,
4,baltic sea,4: baltic sea,
4,baltic sea,4: baltic sea,
4,baltic sea,4: baltic sea,
4,baltic sea,4: baltic sea,
4,baltic sea,4: baltic sea,
4,baltic sea,4: baltic sea,
4,baltic sea,4: baltic sea,
4,baltic sea,4: baltic sea,
4,baltic sea,4: baltic sea,
4,baltic sea,4: baltic sea,
4,baltic sea,4: baltic sea,
4,baltic sea,4: baltic sea,
4,baltic sea,4: baltic sea,
4,baltic sea,4: baltic sea,
4,baltic sea,4: baltic sea,
4,baltic sea,4: baltic sea,
4,baltic sea,4: baltic sea,
4,baltic sea,4: baltic sea,
4,baltic sea,4: baltic sea,
4,baltic sea,4: baltic sea,
4,baltic sea,4: baltic sea,
4,baltic sea,4: baltic sea,
4,baltic sea,4: baltic sea,
4,baltic sea,4: baltic sea,
4,baltic sea,4: baltic sea,
4,baltic sea,4: baltic sea,
4,baltic sea,4: baltic sea,
4,baltic sea,4: baltic sea,
4,baltic sea,4: baltic sea,
4,baltic sea,4: baltic sea,
4,baltic sea,4: baltic sea,
4,baltic sea,4: baltic sea,
4,baltic sea,4: baltic sea,
8,wind turbin,8: wind turbin,
8,wind turbin,8: wind turbin,
8,wind turbin,8: wind turbin,
8,wind turbin,8: wind turbin,
8,wind turbin,8: wind turbin,
8,wind turbin,8: wind turbin,
8,wind turbin,8: wind turbin,
8,wind turbin,8: wind turbin,
8,wind turbin,8: wind turbin,
8,wind turbin,8: wind turbin,
8,wind turbin,8: wind turbin,
8,wind turbin,8: wind turbin,
8,wind turbin,8: wind turbin,
8,wind turbin,8: wind turbin,
8,wind turbin,8: wind turbin,
8,wind turbin,8: wind turbin,
8,wind turbin,8: wind turbin,
8,wind turbin,8: wind turbin,
8,wind turbin,8: wind turbin,
8,wind turbin,8: wind turbin,
8,wind turbin,8: wind turbin,
8,wind turbin,8: wind turbin,
8,wind turbin,8: wind turbin,
8,wind turbin,8: wind turbin,
8,wind turbin,8: wind turbin,
8,wind turbin,8: wind turbin,
8,wind turbin,8: wind turbin,
8,wind turbin,8: wind turbin,
8,wind turbin,8: wind turbin,
8,wind turbin,8: wind turbin,
8,wind turbin,8: wind turbin,
8,wind turbin,8: wind turbin,
8,wind turbin,8: wind turbin,
8,wind turbin,8: wind turbin,
8,wind turbin,8: wind turbin,
8,wind turbin,8: wind turbin,
8,wind turbin,8: wind turbin,
8,wind turbin,8: wind turbin,
8,wind turbin,8: wind turbin,
8,wind turbin,8: wind turbin,
8,wind turbin,8: wind turbin,
8,wind turbin,8: wind turbin,
8,wind turbin,8: wind turbin,
8,wind turbin,8: wind turbin,
8,wind turbin,8: wind turbin,
8,wind turbin,8: wind turbin,
8,wind turbin,8: wind turbin,
8,wind turbin,8: wind turbin,
8,wind turbin,8: wind turbin,
8,wind turbin,8: wind turbin,
8,wind turbin,8: wind turbin,
8,wind turbin,8: wind turbin,
8,wind turbin,8: wind turbin,
8,wind turbin,8: wind turbin,
8,wind turbin,8: wind turbin,
8,wind turbin,8: wind turbin,
8,wind turbin,8: wind turbin,
8,wind turbin,8: wind turbin,
8,wind turbin,8: wind turbin,
8,wind turbin,8: wind turbin,
8,wind turbin,8: wind turbin,
8,wind turbin,8: wind turbin,
8,wind turbin,8: wind turbin,
8,wind turbin,8: wind turbin,
8,wind turbin,8: wind turbin,
8,wind turbin,8: wind turbin,
8,wind turbin,8: wind turbin,
8,wind turbin,8: wind turbin,
8,wind turbin,8: wind turbin,
8,wind turbin,8: wind turbin,
8,wind turbin,8: wind turbin,
8,wind turbin,8: wind turbin,
8,wind turbin,8: wind turbin,
8,wind turbin,8: wind turbin,
8,wind turbin,8: wind turbin,
8,wind turbin,8: wind turbin,
8,wind turbin,8: wind turbin,
8,wind turbin,8: wind turbin,
8,wind turbin,8: wind turbin,
8,wind turbin,8: wind turbin,
8,wind turbin,8: wind turbin,
8,wind turbin,8: wind turbin,
8,wind turbin,8: wind turbin,
8,wind turbin,8: wind turbin,
8,wind turbin,8: wind turbin,
8,wind turbin,8: wind turbin,
8,wind turbin,8: wind turbin,
8,wind turbin,8: wind turbin,
8,wind turbin,8: wind turbin,
8,wind turbin,8: wind turbin,
8,wind turbin,8: wind turbin,
8,wind turbin,8: wind turbin,
8,wind turbin,8: wind turbin,
8,wind turbin,8: wind turbin,
8,wind turbin,8: wind turbin,
8,wind turbin,8: wind turbin,
8,wind turbin,8: wind turbin,
8,wind turbin,8: wind turbin,
8,wind turbin,8: wind turbin,
8,wind turbin,8: wind turbin,
8,wind turbin,8: wind turbin,
8,wind turbin,8: wind turbin,
8,wind turbin,8: wind turbin,
8,wind turbin,8: wind turbin,
8,wind turbin,8: wind turbin,
8,wind turbin,8: wind turbin,
8,wind turbin,8: wind turbin,
8,wind turbin,8: wind turbin,
8,wind turbin,8: wind turbin,
8,wind turbin,8: wind turbin,
8,wind turbin,8: wind turbin,
8,wind turbin,8: wind turbin,
8,wind turbin,8: wind turbin,
8,wind turbin,8: wind turbin,
8,wind turbin,8: wind turbin,
8,wind turbin,8: wind turbin,
8,wind turbin,8: wind turbin,
8,wind turbin,8: wind turbin,
8,wind turbin,8: wind turbin,
8,wind turbin,8: wind turbin,
8,wind turbin,8: wind turbin,
8,wind turbin,8: wind turbin,
8,wind turbin,8: wind turbin,
8,wind turbin,8: wind turbin,
8,wind turbin,8: wind turbin,
8,wind turbin,8: wind turbin,
8,wind turbin,8: wind turbin,
8,wind turbin,8: wind turbin,
8,wind turbin,8: wind turbin,
8,wind turbin,8: wind turbin,
4,baltic sea,4: baltic sea,
4,baltic sea,4: baltic sea,
4,baltic sea,4: baltic sea,
4,baltic sea,4: baltic sea,
4,baltic sea,4: baltic sea,
4,baltic sea,4: baltic sea,
4,baltic sea,4: baltic sea,
4,baltic sea,4: baltic sea,
4,baltic sea,4: baltic sea,
4,baltic sea,4: baltic sea,
4,baltic sea,4: baltic sea,
4,baltic sea,4: baltic sea,
4,baltic sea,4: baltic sea,
4,baltic sea,4: baltic sea,
4,baltic sea,4: baltic sea,
4,baltic sea,4: baltic sea,
4,baltic sea,4: baltic sea,
4,baltic sea,4: baltic sea,
4,baltic sea,4: baltic sea,
4,baltic sea,4: baltic sea,
4,baltic sea,4: baltic sea,
4,baltic sea,4: baltic sea,
4,baltic sea,4: baltic sea,
4,baltic sea,4: baltic sea,
4,baltic sea,4: baltic sea,
4,baltic sea,4: baltic sea,
4,baltic sea,4: baltic sea,
4,baltic sea,4: baltic sea,
4,baltic sea,4: baltic sea,
4,baltic sea,4: baltic sea,
4,baltic sea,4: baltic sea,
4,baltic sea,4: baltic sea,
4,baltic sea,4: baltic sea,
4,baltic sea,4: baltic sea,
4,baltic sea,4: baltic sea,
4,baltic sea,4: baltic sea,
4,baltic sea,4: baltic sea,
4,baltic sea,4: baltic sea,
4,baltic sea,4: baltic sea,
4,baltic sea,4: baltic sea,
4,baltic sea,4: baltic sea,
4,baltic sea,4: baltic sea,
4,baltic sea,4: baltic sea,
4,baltic sea,4: baltic sea,
4,baltic sea,4: baltic sea,
4,baltic sea,4: baltic sea,
4,baltic sea,4: baltic sea,
4,baltic sea,4: baltic sea,
4,baltic sea,4: baltic sea,
4,baltic sea,4: baltic sea,
4,baltic sea,4: baltic sea,
4,baltic sea,4: baltic sea,
4,baltic sea,4: baltic sea,
4,baltic sea,4: baltic sea,
4,baltic sea,4: baltic sea,
4,baltic sea,4: baltic sea,
4,baltic sea,4: baltic sea,
4,baltic sea,4: baltic sea,
4,baltic sea,4: baltic sea,
4,baltic sea,4: baltic sea,
4,baltic sea,4: baltic sea,
4,baltic sea,4: baltic sea,
4,baltic sea,4: baltic sea,
4,baltic sea,4: baltic sea,
4,baltic sea,4: baltic sea,
4,baltic sea,4: baltic sea,
4,baltic sea,4: baltic sea,
4,baltic sea,4: baltic sea,
4,baltic sea,4: baltic sea,
4,baltic sea,4: baltic sea,
4,baltic sea,4: baltic sea,
4,baltic sea,4: baltic sea,
4,baltic sea,4: baltic sea,
4,baltic sea,4: baltic sea,
4,baltic sea,4: baltic sea,
4,baltic sea,4: baltic sea,
4,baltic sea,4: baltic sea,
4,baltic sea,4: baltic sea,
4,baltic sea,4: baltic sea,
4,baltic sea,4: baltic sea,
4,baltic sea,4: baltic sea,
4,baltic sea,4: baltic sea,
4,baltic sea,4: baltic sea,
4,baltic sea,4: baltic sea,
4,baltic sea,4: baltic sea,
4,baltic sea,4: baltic sea,
4,baltic sea,4: baltic sea,
4,baltic sea,4: baltic sea,
4,baltic sea,4: baltic sea,
4,baltic sea,4: baltic sea,
4,baltic sea,4: baltic sea,
4,baltic sea,4: baltic sea,
4,baltic sea,4: baltic sea,
4,baltic sea,4: baltic sea,
4,baltic sea,4: baltic sea,
4,baltic sea,4: baltic sea,
4,baltic sea,4: baltic sea,
4,baltic sea,4: baltic sea,
4,baltic sea,4: baltic sea,
4,baltic sea,4: baltic sea,
4,baltic sea,4: baltic sea,
4,baltic sea,4: baltic sea,
4,baltic sea,4: baltic sea,
4,baltic sea,4: baltic sea,
4,baltic sea,4: baltic sea,
4,baltic sea,4: baltic sea,
4,baltic sea,4: baltic sea,
4,baltic sea,4: baltic sea,
4,baltic sea,4: baltic sea,
4,baltic sea,4: baltic sea,
4,baltic sea,4: baltic sea,
4,baltic sea,4: baltic sea,
4,baltic sea,4: baltic sea,
4,baltic sea,4: baltic sea,
4,baltic sea,4: baltic sea,
4,baltic sea,4: baltic sea,
4,baltic sea,4: baltic sea,
4,baltic sea,4: baltic sea,
4,baltic sea,4: baltic sea,
4,baltic sea,4: baltic sea,
4,baltic sea,4: baltic sea,
4,baltic sea,4: baltic sea,
4,baltic sea,4: baltic sea,
4,baltic sea,4: baltic sea,
4,baltic sea,4: baltic sea,
4,baltic sea,4: baltic sea,
4,baltic sea,4: baltic sea,
4,baltic sea,4: baltic sea,
4,baltic sea,4: baltic sea,
4,baltic sea,4: baltic sea,
4,baltic sea,4: baltic sea,
4,baltic sea,4: baltic sea,
4,baltic sea,4: baltic sea,
4,baltic sea,4: baltic sea,
4,baltic sea,4: baltic sea,
4,baltic sea,4: baltic sea,
4,baltic sea,4: baltic sea,
4,baltic sea,4: baltic sea,
6,energiø bornholm,6: energiø bornholm,
6,energiø bornholm,6: energiø bornholm,
6,energiø bornholm,6: energiø bornholm,
6,energiø bornholm,6: energiø bornholm,
6,energiø bornholm,6: energiø bornholm,
6,energiø bornholm,6: energiø bornholm,
6,energiø bornholm,6: energiø bornholm,
6,energiø bornholm,6: energiø bornholm,
6,energiø bornholm,6: energiø bornholm,
6,energiø bornholm,6: energiø bornholm,
6,energiø bornholm,6: energiø bornholm,
6,energiø bornholm,6: energiø bornholm,
6,energiø bornholm,6: energiø bornholm,
6,energiø bornholm,6: energiø bornholm,
6,energiø bornholm,6: energiø bornholm,
6,energiø bornholm,6: energiø bornholm,
6,energiø bornholm,6: energiø bornholm,
6,energiø bornholm,6: energiø bornholm,
6,energiø bornholm,6: energiø bornholm,
6,energiø bornholm,6: energiø bornholm,
6,energiø bornholm,6: energiø bornholm,
6,energiø bornholm,6: energiø bornholm,
6,energiø bornholm,6: energiø bornholm,
6,energiø bornholm,6: energiø bornholm,
6,energiø bornholm,6: energiø bornholm,
6,energiø bornholm,6: energiø bornholm,
6,energiø bornholm,6: energiø bornholm,
6,energiø bornholm,6: energiø bornholm,
6,energiø bornholm,6: energiø bornholm,
6,energiø bornholm,6: energiø bornholm,
6,energiø bornholm,6: energiø bornholm,
6,energiø bornholm,6: energiø bornholm,
6,energiø bornholm,6: energiø bornholm,
6,energiø bornholm,6: energiø bornholm,
6,energiø bornholm,6: energiø bornholm,
6,energiø bornholm,6: energiø bornholm,
6,energiø bornholm,6: energiø bornholm,
6,energiø bornholm,6: energiø bornholm,
6,energiø bornholm,6: energiø bornholm,
6,energiø bornholm,6: energiø bornholm,
6,energiø bornholm,6: energiø bornholm,
6,energiø bornholm,6: energiø bornholm,
6,energiø bornholm,6: energiø bornholm,
6,energiø bornholm,6: energiø bornholm,
6,energiø bornholm,6: energiø bornholm,
6,energiø bornholm,6: energiø bornholm,
6,energiø bornholm,6: energiø bornholm,
6,energiø bornholm,6: energiø bornholm,
6,energiø bornholm,6: energiø bornholm,
6,energiø bornholm,6: energiø bornholm,
6,energiø bornholm,6: energiø bornholm,
6,energiø bornholm,6: energiø bornholm,
6,energiø bornholm,6: energiø bornholm,
6,energiø bornholm,6: energiø bornholm,
6,energiø bornholm,6: energiø bornholm,
6,energiø bornholm,6: energiø bornholm,
6,energiø bornholm,6: energiø bornholm,
6,energiø bornholm,6: energiø bornholm,
6,energiø bornholm,6: energiø bornholm,
6,energiø bornholm,6: energiø bornholm,
6,energiø bornholm,6: energiø bornholm,
6,energiø bornholm,6: energiø bornholm,
6,energiø bornholm,6: energiø bornholm,
6,energiø bornholm,6: energiø bornholm,
6,energiø bornholm,6: energiø bornholm,
6,energiø bornholm,6: energiø bornholm,
6,energiø bornholm,6: energiø bornholm,
6,energiø bornholm,6: energiø bornholm,
6,energiø bornholm,6: energiø bornholm,
6,energiø bornholm,6: energiø bornholm,
6,energiø bornholm,6: energiø bornholm,
6,energiø bornholm,6: energiø bornholm,
6,energiø bornholm,6: energiø bornholm,
6,energiø bornholm,6: energiø bornholm,
6,energiø bornholm,6: energiø bornholm,
6,energiø bornholm,6: energiø bornholm,
6,energiø bornholm,6: energiø bornholm,
6,energiø bornholm,6: energiø bornholm,
6,energiø bornholm,6: energiø bornholm,
6,energiø bornholm,6: energiø bornholm,
6,energiø bornholm,6: energiø bornholm,
6,energiø bornholm,6: energiø bornholm,
6,energiø bornholm,6: energiø bornholm,
6,energiø bornholm,6: energiø bornholm,
6,energiø bornholm,6: energiø bornholm,
6,energiø bornholm,6: energiø bornholm,
6,energiø bornholm,6: energiø bornholm,
6,energiø bornholm,6: energiø bornholm,
6,energiø bornholm,6: energiø bornholm,
6,energiø bornholm,6: energiø bornholm,
6,energiø bornholm,6: energiø bornholm,
6,energiø bornholm,6: energiø bornholm,
6,energiø bornholm,6: energiø bornholm,
6,energiø bornholm,6: energiø bornholm,
6,energiø bornholm,6: energiø bornholm,
6,energiø bornholm,6: energiø bornholm,
6,energiø bornholm,6: energiø bornholm,
6,energiø bornholm,6: energiø bornholm,
6,energiø bornholm,6: energiø bornholm,
6,energiø bornholm,6: energiø bornholm,
6,energiø bornholm,6: energiø bornholm,
6,energiø bornholm,6: energiø bornholm,
6,energiø bornholm,6: energiø bornholm,
6,energiø bornholm,6: energiø bornholm,
6,energiø bornholm,6: energiø bornholm,
6,energiø bornholm,6: energiø bornholm,
6,energiø bornholm,6: energiø bornholm,
6,energiø bornholm,6: energiø bornholm,
6,energiø bornholm,6: energiø bornholm,
6,energiø bornholm,6: energiø bornholm,
6,energiø bornholm,6: energiø bornholm,
6,energiø bornholm,6: energiø bornholm,
6,energiø bornholm,6: energiø bornholm,
6,energiø bornholm,6: energiø bornholm,
6,energiø bornholm,6: energiø bornholm,
6,energiø bornholm,6: energiø bornholm,
6,energiø bornholm,6: energiø bornholm,
6,energiø bornholm,6: energiø bornholm,
6,energiø bornholm,6: energiø bornholm,
6,energiø bornholm,6: energiø bornholm,
6,energiø bornholm,6: energiø bornholm,
6,energiø bornholm,6: energiø bornholm,
6,energiø bornholm,6: energiø bornholm,
6,energiø bornholm,6: energiø bornholm,
6,energiø bornholm,6: energiø bornholm,
6,energiø bornholm,6: energiø bornholm,
6,energiø bornholm,6: energiø bornholm,
6,energiø bornholm,6: energiø bornholm,
6,energiø bornholm,6: energiø bornholm,
6,energiø bornholm,6: energiø bornholm,
6,energiø bornholm,6: energiø bornholm,
6,energiø bornholm,6: energiø bornholm,
6,energiø bornholm,6: energiø bornholm,
6,energiø bornholm,6: energiø bornholm,
6,energiø bornholm,6: energiø bornholm,
6,energiø bornholm,6: energiø bornholm,
6,energiø bornholm,6: energiø bornholm,
6,energiø bornholm,6: energiø bornholm,
6,energiø bornholm,6: energiø bornholm,
6,energiø bornholm,6: energiø bornholm,
6,energiø bornholm,6: energiø bornholm,
6,energiø bornholm,6: energiø bornholm,
6,energiø bornholm,6: energiø bornholm,
6,energiø bornholm,6: energiø bornholm,
6,energiø bornholm,6: energiø bornholm,
6,energiø bornholm,6: energiø bornholm,
6,energiø bornholm,6: energiø bornholm,
6,energiø bornholm,6: energiø bornholm,
6,energiø bornholm,6: energiø bornholm,
6,energiø bornholm,6: energiø bornholm,
6,energiø bornholm,6: energiø bornholm,
6,energiø bornholm,6: energiø bornholm,
6,energiø bornholm,6: energiø bornholm,
6,energiø bornholm,6: energiø bornholm,
6,energiø bornholm,6: energiø bornholm,
6,energiø bornholm,6: energiø bornholm,
6,energiø bornholm,6: energiø bornholm,
6,energiø bornholm,6: energiø bornholm,
6,energiø bornholm,6: energiø bornholm,
6,energiø bornholm,6: energiø bornholm,
6,energiø bornholm,6: energiø bornholm,
6,energiø bornholm,6: energiø bornholm,
6,energiø bornholm,6: energiø bornholm,
6,energiø bornholm,6: energiø bornholm,
6,energiø bornholm,6: energiø bornholm,
6,energiø bornholm,6: energiø bornholm,
6,energiø bornholm,6: energiø bornholm,
6,energiø bornholm,6: energiø bornholm,
6,energiø bornholm,6: energiø bornholm,
6,energiø bornholm,6: energiø bornholm,
6,energiø bornholm,6: energiø bornholm,
8,wind turbin,8: wind turbin,
8,wind turbin,8: wind turbin,
8,wind turbin,8: wind turbin,
8,wind turbin,8: wind turbin,
8,wind turbin,8: wind turbin,
8,wind turbin,8: wind turbin,
8,wind turbin,8: wind turbin,
8,wind turbin,8: wind turbin,
8,wind turbin,8: wind turbin,
8,wind turbin,8: wind turbin,
8,wind turbin,8: wind turbin,
8,wind turbin,8: wind turbin,
8,wind turbin,8: wind turbin,
8,wind turbin,8: wind turbin,
8,wind turbin,8: wind turbin,
8,wind turbin,8: wind turbin,
8,wind turbin,8: wind turbin,
8,wind turbin,8: wind turbin,
8,wind turbin,8: wind turbin,
8,wind turbin,8: wind turbin,
8,wind turbin,8: wind turbin,
8,wind turbin,8: wind turbin,
8,wind turbin,8: wind turbin,
8,wind turbin,8: wind turbin,
8,wind turbin,8: wind turbin,
8,wind turbin,8: wind turbin,
8,wind turbin,8: wind turbin,
8,wind turbin,8: wind turbin,
8,wind turbin,8: wind turbin,
8,wind turbin,8: wind turbin,
8,wind turbin,8: wind turbin,
8,wind turbin,8: wind turbin,
8,wind turbin,8: wind turbin,
8,wind turbin,8: wind turbin,
8,wind turbin,8: wind turbin,
8,wind turbin,8: wind turbin,
8,wind turbin,8: wind turbin,
8,wind turbin,8: wind turbin,
8,wind turbin,8: wind turbin,
8,wind turbin,8: wind turbin,
8,wind turbin,8: wind turbin,
8,wind turbin,8: wind turbin,
8,wind turbin,8: wind turbin,
8,wind turbin,8: wind turbin,
8,wind turbin,8: wind turbin,
8,wind turbin,8: wind turbin,
8,wind turbin,8: wind turbin,
8,wind turbin,8: wind turbin,
8,wind turbin,8: wind turbin,
8,wind turbin,8: wind turbin,
8,wind turbin,8: wind turbin,
8,wind turbin,8: wind turbin,
8,wind turbin,8: wind turbin,
8,wind turbin,8: wind turbin,
8,wind turbin,8: wind turbin,
8,wind turbin,8: wind turbin,
8,wind turbin,8: wind turbin,
8,wind turbin,8: wind turbin,
8,wind turbin,8: wind turbin,
8,wind turbin,8: wind turbin,
8,wind turbin,8: wind turbin,
8,wind turbin,8: wind turbin,
8,wind turbin,8: wind turbin,
8,wind turbin,8: wind turbin,
8,wind turbin,8: wind turbin,
8,wind turbin,8: wind turbin,
8,wind turbin,8: wind turbin,
8,wind turbin,8: wind turbin,
8,wind turbin,8: wind turbin,
8,wind turbin,8: wind turbin,
8,wind turbin,8: wind turbin,
8,wind turbin,8: wind turbin,
8,wind turbin,8: wind turbin,
8,wind turbin,8: wind turbin,
8,wind turbin,8: wind turbin,
8,wind turbin,8: wind turbin,
8,wind turbin,8: wind turbin,
8,wind turbin,8: wind turbin,
8,wind turbin,8: wind turbin,
8,wind turbin,8: wind turbin,
8,wind turbin,8: wind turbin,
8,wind turbin,8: wind turbin,
8,wind turbin,8: wind turbin,
8,wind turbin,8: wind turbin,
8,wind turbin,8: wind turbin,
8,wind turbin,8: wind turbin,
8,wind turbin,8: wind turbin,
8,wind turbin,8: wind turbin,
8,wind turbin,8: wind turbin,
8,wind turbin,8: wind turbin,
8,wind turbin,8: wind turbin,
8,wind turbin,8: wind turbin,
8,wind turbin,8: wind turbin,
8,wind turbin,8: wind turbin,
8,wind turbin,8: wind turbin,
8,wind turbin,8: wind turbin,
8,wind turbin,8: wind turbin,
8,wind turbin,8: wind turbin,
8,wind turbin,8: wind turbin,
8,wind turbin,8: wind turbin,
8,wind turbin,8: wind turbin,
8,wind turbin,8: wind turbin,
8,wind turbin,8: wind turbin,
8,wind turbin,8: wind turbin,
8,wind turbin,8: wind turbin,
8,wind turbin,8: wind turbin,
8,wind turbin,8: wind turbin,
8,wind turbin,8: wind turbin,
8,wind turbin,8: wind turbin,
8,wind turbin,8: wind turbin,
8,wind turbin,8: wind turbin,
8,wind turbin,8: wind turbin,
8,wind turbin,8: wind turbin,
8,wind turbin,8: wind turbin,
8,wind turbin,8: wind turbin,
8,wind turbin,8: wind turbin,
8,wind turbin,8: wind turbin,
8,wind turbin,8: wind turbin,
8,wind turbin,8: wind turbin,
8,wind turbin,8: wind turbin,
8,wind turbin,8: wind turbin,
8,wind turbin,8: wind turbin,
8,wind turbin,8: wind turbin,
8,wind turbin,8: wind turbin,
8,wind turbin,8: wind turbin,
8,wind turbin,8: wind turbin,
8,wind turbin,8: wind turbin,
8,wind turbin,8: wind turbin,
8,wind turbin,8: wind turbin,
8,wind turbin,8: wind turbin,
8,wind turbin,8: wind turbin,
8,wind turbin,8: wind turbin,
8,wind turbin,8: wind turbin,
8,wind turbin,8: wind turbin,
8,wind turbin,8: wind turbin,
8,wind turbin,8: wind turbin,
8,wind turbin,8: wind turbin,
8,wind turbin,8: wind turbin,
8,wind turbin,8: wind turbin,
8,wind turbin,8: wind turbin,
8,wind turbin,8: wind turbin,
8,wind turbin,8: wind turbin,
8,wind turbin,8: wind turbin,
8,wind turbin,8: wind turbin,
8,wind turbin,8: wind turbin,
8,wind turbin,8: wind turbin,
8,wind turbin,8: wind turbin,
8,wind turbin,8: wind turbin,
8,wind turbin,8: wind turbin,
8,wind turbin,8: wind turbin,
8,wind turbin,8: wind turbin,
8,wind turbin,8: wind turbin,
8,wind turbin,8: wind turbin,
8,wind turbin,8: wind turbin,
8,wind turbin,8: wind turbin,
8,wind turbin,8: wind turbin,
8,wind turbin,8: wind turbin,
8,wind turbin,8: wind turbin,
8,wind turbin,8: wind turbin,
8,wind turbin,8: wind turbin,
8,wind turbin,8: wind turbin,
8,wind turbin,8: wind turbin,
8,wind turbin,8: wind turbin,
8,wind turbin,8: wind turbin,
8,wind turbin,8: wind turbin,
8,wind turbin,8: wind turbin,
8,wind turbin,8: wind turbin,
8,wind turbin,8: wind turbin,
8,wind turbin,8: wind turbin,
8,wind turbin,8: wind turbin,
8,wind turbin,8: wind turbin,
8,wind turbin,8: wind turbin,
8,wind turbin,8: wind turbin,
8,wind turbin,8: wind turbin,
8,wind turbin,8: wind turbin,
8,wind turbin,8: wind turbin,
8,wind turbin,8: wind turbin,
8,wind turbin,8: wind turbin,
8,wind turbin,8: wind turbin,
8,wind turbin,8: wind turbin,
8,wind turbin,8: wind turbin,
8,wind turbin,8: wind turbin,
8,wind turbin,8: wind turbin,
8,wind turbin,8: wind turbin,
8,wind turbin,8: wind turbin,
8,wind turbin,8: wind turbin,
8,wind turbin,8: wind turbin,
8,wind turbin,8: wind turbin,
8,wind turbin,8: wind turbin,
8,wind turbin,8: wind turbin,
8,wind turbin,8: wind turbin,
8,wind turbin,8: wind turbin,
8,wind turbin,8: wind turbin,
8,wind turbin,8: wind turbin,
8,wind turbin,8: wind turbin,
8,wind turbin,8: wind turbin,
8,wind turbin,8: wind turbin,
8,wind turbin,8: wind turbin,
8,wind turbin,8: wind turbin,
8,wind turbin,8: wind turbin,
8,wind turbin,8: wind turbin,
8,wind turbin,8: wind turbin,
8,wind turbin,8: wind turbin,
8,wind turbin,8: wind turbin,
8,wind turbin,8: wind turbin,
8,wind turbin,8: wind turbin,
8,wind turbin,8: wind turbin,
8,wind turbin,8: wind turbin,
8,wind turbin,8: wind turbin,
8,wind turbin,8: wind turbin,
8,wind turbin,8: wind turbin,
8,wind turbin,8: wind turbin,
8,wind turbin,8: wind turbin,
8,wind turbin,8: wind turbin,
8,wind turbin,8: wind turbin,
8,wind turbin,8: wind turbin,
8,wind turbin,8: wind turbin,
8,wind turbin,8: wind turbin,
8,wind turbin,8: wind turbin,
8,wind turbin,8: wind turbin,
8,wind turbin,8: wind turbin,
8,wind turbin,8: wind turbin,
8,wind turbin,8: wind turbin,
8,wind turbin,8: wind turbin,
8,wind turbin,8: wind turbin,
8,wind turbin,8: wind turbin,
8,wind turbin,8: wind turbin,
8,wind turbin,8: wind turbin,
8,wind turbin,8: wind turbin,
8,wind turbin,8: wind turbin,
8,wind turbin,8: wind turbin,
8,wind turbin,8: wind turbin,
8,wind turbin,8: wind turbin,
8,wind turbin,8: wind turbin,
8,wind turbin,8: wind turbin,
8,wind turbin,8: wind turbin,
8,wind turbin,8: wind turbin,
8,wind turbin,8: wind turbin,
8,wind turbin,8: wind turbin,
8,wind turbin,8: wind turbin,
8,wind turbin,8: wind turbin,
8,wind turbin,8: wind turbin,
8,wind turbin,8: wind turbin,
8,wind turbin,8: wind turbin,
8,wind turbin,8: wind turbin,
8,wind turbin,8: wind turbin,
8,wind turbin,8: wind turbin,
8,wind turbin,8: wind turbin,
8,wind turbin,8: wind turbin,
8,wind turbin,8: wind turbin,
8,wind turbin,8: wind turbin,
8,wind turbin,8: wind turbin,
8,wind turbin,8: wind turbin,
8,wind turbin,8: wind turbin,
8,wind turbin,8: wind turbin,
8,wind turbin,8: wind turbin,
8,wind turbin,8: wind turbin,
8,wind turbin,8: wind turbin,
8,wind turbin,8: wind turbin,
8,wind turbin,8: wind turbin,
6,energiø bornholm,6: energiø bornholm,
6,energiø bornholm,6: energiø bornholm,
6,energiø bornholm,6: energiø bornholm,
6,energiø bornholm,6: energiø bornholm,
6,energiø bornholm,6: energiø bornholm,
6,energiø bornholm,6: energiø bornholm,
6,energiø bornholm,6: energiø bornholm,
6,energiø bornholm,6: energiø bornholm,
6,energiø bornholm,6: energiø bornholm,
6,energiø bornholm,6: energiø bornholm,
6,energiø bornholm,6: energiø bornholm,
6,energiø bornholm,6: energiø bornholm,
6,energiø bornholm,6: energiø bornholm,
6,energiø bornholm,6: energiø bornholm,
6,energiø bornholm,6: energiø bornholm,
6,energiø bornholm,6: energiø bornholm,
6,energiø bornholm,6: energiø bornholm,
6,energiø bornholm,6: energiø bornholm,
6,energiø bornholm,6: energiø bornholm,
6,energiø bornholm,6: energiø bornholm,
6,energiø bornholm,6: energiø bornholm,
6,energiø bornholm,6: energiø bornholm,
6,energiø bornholm,6: energiø bornholm,
6,energiø bornholm,6: energiø bornholm,
6,energiø bornholm,6: energiø bornholm,
6,energiø bornholm,6: energiø bornholm,
6,energiø bornholm,6: energiø bornholm,
6,energiø bornholm,6: energiø bornholm,
6,energiø bornholm,6: energiø bornholm,
6,energiø bornholm,6: energiø bornholm,
6,energiø bornholm,6: energiø bornholm,
6,energiø bornholm,6: energiø bornholm,
6,energiø bornholm,6: energiø bornholm,
6,energiø bornholm,6: energiø bornholm,
6,energiø bornholm,6: energiø bornholm,
6,energiø bornholm,6: energiø bornholm,
6,energiø bornholm,6: energiø bornholm,
6,energiø bornholm,6: energiø bornholm,
6,energiø bornholm,6: energiø bornholm,
6,energiø bornholm,6: energiø bornholm,
6,energiø bornholm,6: energiø bornholm,
6,energiø bornholm,6: energiø bornholm,
6,energiø bornholm,6: energiø bornholm,
6,energiø bornholm,6: energiø bornholm,
6,energiø bornholm,6: energiø bornholm,
6,energiø bornholm,6: energiø bornholm,
6,energiø bornholm,6: energiø bornholm,
6,energiø bornholm,6: energiø bornholm,
6,energiø bornholm,6: energiø bornholm,
6,energiø bornholm,6: energiø bornholm,
6,energiø bornholm,6: energiø bornholm,
6,energiø bornholm,6: energiø bornholm,
6,energiø bornholm,6: energiø bornholm,
6,energiø bornholm,6: energiø bornholm,
6,energiø bornholm,6: energiø bornholm,
6,energiø bornholm,6: energiø bornholm,
6,energiø bornholm,6: energiø bornholm,
6,energiø bornholm,6: energiø bornholm,
6,energiø bornholm,6: energiø bornholm,
6,energiø bornholm,6: energiø bornholm,
6,energiø bornholm,6: energiø bornholm,
6,energiø bornholm,6: energiø bornholm,
6,energiø bornholm,6: energiø bornholm,
6,energiø bornholm,6: energiø bornholm,
6,energiø bornholm,6: energiø bornholm,
6,energiø bornholm,6: energiø bornholm,
6,energiø bornholm,6: energiø bornholm,
6,energiø bornholm,6: energiø bornholm,
6,energiø bornholm,6: energiø bornholm,
6,energiø bornholm,6: energiø bornholm,
6,energiø bornholm,6: energiø bornholm,
6,energiø bornholm,6: energiø bornholm,
6,energiø bornholm,6: energiø bornholm,
6,energiø bornholm,6: energiø bornholm,
6,energiø bornholm,6: energiø bornholm,
6,energiø bornholm,6: energiø bornholm,
6,energiø bornholm,6: energiø bornholm,
6,energiø bornholm,6: energiø bornholm,
6,energiø bornholm,6: energiø bornholm,
6,energiø bornholm,6: energiø bornholm,
6,energiø bornholm,6: energiø bornholm,
6,energiø bornholm,6: energiø bornholm,
6,energiø bornholm,6: energiø bornholm,
6,energiø bornholm,6: energiø bornholm,
6,energiø bornholm,6: energiø bornholm,
6,energiø bornholm,6: energiø bornholm,
6,energiø bornholm,6: energiø bornholm,
6,energiø bornholm,6: energiø bornholm,
6,energiø bornholm,6: energiø bornholm,
6,energiø bornholm,6: energiø bornholm,
6,energiø bornholm,6: energiø bornholm,
6,energiø bornholm,6: energiø bornholm,
6,energiø bornholm,6: energiø bornholm,
6,energiø bornholm,6: energiø bornholm,
6,energiø bornholm,6: energiø bornholm,
6,energiø bornholm,6: energiø bornholm,
6,energiø bornholm,6: energiø bornholm,
6,energiø bornholm,6: energiø bornholm,
6,energiø bornholm,6: energiø bornholm,
6,energiø bornholm,6: energiø bornholm,
6,energiø bornholm,6: energiø bornholm,
6,energiø bornholm,6: energiø bornholm,
6,energiø bornholm,6: energiø bornholm,
6,energiø bornholm,6: energiø bornholm,
6,energiø bornholm,6: energiø bornholm,
6,energiø bornholm,6: energiø bornholm,
6,energiø bornholm,6: energiø bornholm,
6,energiø bornholm,6: energiø bornholm,
6,energiø bornholm,6: energiø bornholm,
6,energiø bornholm,6: energiø bornholm,
6,energiø bornholm,6: energiø bornholm,
6,energiø bornholm,6: energiø bornholm,
6,energiø bornholm,6: energiø bornholm,
6,energiø bornholm,6: energiø bornholm,
6,energiø bornholm,6: energiø bornholm,
6,energiø bornholm,6: energiø bornholm,
6,energiø bornholm,6: energiø bornholm,
6,energiø bornholm,6: energiø bornholm,
6,energiø bornholm,6: energiø bornholm,
6,energiø bornholm,6: energiø bornholm,
6,energiø bornholm,6: energiø bornholm,
6,energiø bornholm,6: energiø bornholm,
6,energiø bornholm,6: energiø bornholm,
6,energiø bornholm,6: energiø bornholm,
6,energiø bornholm,6: energiø bornholm,
6,energiø bornholm,6: energiø bornholm,
6,energiø bornholm,6: energiø bornholm,
6,energiø bornholm,6: energiø bornholm,
6,energiø bornholm,6: energiø bornholm,
6,energiø bornholm,6: energiø bornholm,
6,energiø bornholm,6: energiø bornholm,
6,energiø bornholm,6: energiø bornholm,
6,energiø bornholm,6: energiø bornholm,
6,energiø bornholm,6: energiø bornholm,
6,energiø bornholm,6: energiø bornholm,
6,energiø bornholm,6: energiø bornholm,
6,energiø bornholm,6: energiø bornholm,
6,energiø bornholm,6: energiø bornholm,
6,energiø bornholm,6: energiø bornholm,
6,energiø bornholm,6: energiø bornholm,
6,energiø bornholm,6: energiø bornholm,
6,energiø bornholm,6: energiø bornholm,
6,energiø bornholm,6: energiø bornholm,
6,energiø bornholm,6: energiø bornholm,
6,energiø bornholm,6: energiø bornholm,
6,energiø bornholm,6: energiø bornholm,
6,energiø bornholm,6: energiø bornholm,
6,energiø bornholm,6: energiø bornholm,
6,energiø bornholm,6: energiø bornholm,
6,energiø bornholm,6: energiø bornholm,
6,energiø bornholm,6: energiø bornholm,
6,energiø bornholm,6: energiø bornholm,
6,energiø bornholm,6: energiø bornholm,
6,energiø bornholm,6: energiø bornholm,
6,energiø bornholm,6: energiø bornholm,
6,energiø bornholm,6: energiø bornholm,
6,energiø bornholm,6: energiø bornholm,
6,energiø bornholm,6: energiø bornholm,
6,energiø bornholm,6: energiø bornholm,
6,energiø bornholm,6: energiø bornholm,
6,energiø bornholm,6: energiø bornholm,
6,energiø bornholm,6: energiø bornholm,
6,energiø bornholm,6: energiø bornholm,
6,energiø bornholm,6: energiø bornholm,
6,energiø bornholm,6: energiø bornholm,
6,energiø bornholm,6: energiø bornholm,
6,energiø bornholm,6: energiø bornholm,
6,energiø bornholm,6: energiø bornholm,
6,energiø bornholm,6: energiø bornholm,
6,energiø bornholm,6: energiø bornholm,
6,energiø bornholm,6: energiø bornholm,
8,wind turbin,8: wind turbin,
8,wind turbin,8: wind turbin,
8,wind turbin,8: wind turbin,
8,wind turbin,8: wind turbin,
8,wind turbin,8: wind turbin,
8,wind turbin,8: wind turbin,
8,wind turbin,8: wind turbin,
8,wind turbin,8: wind turbin,
8,wind turbin,8: wind turbin,
8,wind turbin,8: wind turbin,
8,wind turbin,8: wind turbin,
8,wind turbin,8: wind turbin,
8,wind turbin,8: wind turbin,
8,wind turbin,8: wind turbin,
8,wind turbin,8: wind turbin,
8,wind turbin,8: wind turbin,
8,wind turbin,8: wind turbin,
8,wind turbin,8: wind turbin,
8,wind turbin,8: wind turbin,
8,wind turbin,8: wind turbin,
8,wind turbin,8: wind turbin,
8,wind turbin,8: wind turbin,
8,wind turbin,8: wind turbin,
8,wind turbin,8: wind turbin,
8,wind turbin,8: wind turbin,
8,wind turbin,8: wind turbin,
8,wind turbin,8: wind turbin,
8,wind turbin,8: wind turbin,
8,wind turbin,8: wind turbin,
8,wind turbin,8: wind turbin,
8,wind turbin,8: wind turbin,
8,wind turbin,8: wind turbin,
8,wind turbin,8: wind turbin,
8,wind turbin,8: wind turbin,
8,wind turbin,8: wind turbin,
8,wind turbin,8: wind turbin,
8,wind turbin,8: wind turbin,
8,wind turbin,8: wind turbin,
8,wind turbin,8: wind turbin,
8,wind turbin,8: wind turbin,
8,wind turbin,8: wind turbin,
8,wind turbin,8: wind turbin,
8,wind turbin,8: wind turbin,
8,wind turbin,8: wind turbin,
8,wind turbin,8: wind turbin,
8,wind turbin,8: wind turbin,
8,wind turbin,8: wind turbin,
8,wind turbin,8: wind turbin,
8,wind turbin,8: wind turbin,
8,wind turbin,8: wind turbin,
8,wind turbin,8: wind turbin,
8,wind turbin,8: wind turbin,
8,wind turbin,8: wind turbin,
8,wind turbin,8: wind turbin,
8,wind turbin,8: wind turbin,
8,wind turbin,8: wind turbin,
8,wind turbin,8: wind turbin,
8,wind turbin,8: wind turbin,
8,wind turbin,8: wind turbin,
8,wind turbin,8: wind turbin,
8,wind turbin,8: wind turbin,
8,wind turbin,8: wind turbin,
8,wind turbin,8: wind turbin,
8,wind turbin,8: wind turbin,
8,wind turbin,8: wind turbin,
8,wind turbin,8: wind turbin,
8,wind turbin,8: wind turbin,
8,wind turbin,8: wind turbin,
8,wind turbin,8: wind turbin,
8,wind turbin,8: wind turbin,
8,wind turbin,8: wind turbin,
8,wind turbin,8: wind turbin,
8,wind turbin,8: wind turbin,
8,wind turbin,8: wind turbin,
8,wind turbin,8: wind turbin,
8,wind turbin,8: wind turbin,
8,wind turbin,8: wind turbin,
8,wind turbin,8: wind turbin,
8,wind turbin,8: wind turbin,
8,wind turbin,8: wind turbin,
8,wind turbin,8: wind turbin,
8,wind turbin,8: wind turbin,
8,wind turbin,8: wind turbin,
8,wind turbin,8: wind turbin,
8,wind turbin,8: wind turbin,
8,wind turbin,8: wind turbin,
8,wind turbin,8: wind turbin,
8,wind turbin,8: wind turbin,
8,wind turbin,8: wind turbin,
8,wind turbin,8: wind turbin,
8,wind turbin,8: wind turbin,
8,wind turbin,8: wind turbin,
8,wind turbin,8: wind turbin,
8,wind turbin,8: wind turbin,
8,wind turbin,8: wind turbin,
8,wind turbin,8: wind turbin,
8,wind turbin,8: wind turbin,
8,wind turbin,8: wind turbin,
8,wind turbin,8: wind turbin,
8,wind turbin,8: wind turbin,
8,wind turbin,8: wind turbin,
8,wind turbin,8: wind turbin,
8,wind turbin,8: wind turbin,
8,wind turbin,8: wind turbin,
8,wind turbin,8: wind turbin,
8,wind turbin,8: wind turbin,
8,wind turbin,8: wind turbin,
8,wind turbin,8: wind turbin,
8,wind turbin,8: wind turbin,
8,wind turbin,8: wind turbin,
8,wind turbin,8: wind turbin,
8,wind turbin,8: wind turbin,
8,wind turbin,8: wind turbin,
8,wind turbin,8: wind turbin,
8,wind turbin,8: wind turbin,
8,wind turbin,8: wind turbin,
8,wind turbin,8: wind turbin,
8,wind turbin,8: wind turbin,
8,wind turbin,8: wind turbin,
8,wind turbin,8: wind turbin,
8,wind turbin,8: wind turbin,
8,wind turbin,8: wind turbin,
8,wind turbin,8: wind turbin,
8,wind turbin,8: wind turbin,
8,wind turbin,8: wind turbin,
8,wind turbin,8: wind turbin,
8,wind turbin,8: wind turbin,
8,wind turbin,8: wind turbin,
8,wind turbin,8: wind turbin,
8,wind turbin,8: wind turbin,
8,wind turbin,8: wind turbin,
8,wind turbin,8: wind turbin,
8,wind turbin,8: wind turbin,
8,wind turbin,8: wind turbin,
8,wind turbin,8: wind turbin,
8,wind turbin,8: wind turbin,
8,wind turbin,8: wind turbin,
8,wind turbin,8: wind turbin,
8,wind turbin,8: wind turbin,
8,wind turbin,8: wind turbin,
8,wind turbin,8: wind turbin,
8,wind turbin,8: wind turbin,
8,wind turbin,8: wind turbin,
8,wind turbin,8: wind turbin,
8,wind turbin,8: wind turbin,
8,wind turbin,8: wind turbin,
8,wind turbin,8: wind turbin,
8,wind turbin,8: wind turbin,
8,wind turbin,8: wind turbin,
8,wind turbin,8: wind turbin,
8,wind turbin,8: wind turbin,
8,wind turbin,8: wind turbin,
8,wind turbin,8: wind turbin,
8,wind turbin,8: wind turbin,
8,wind turbin,8: wind turbin,
8,wind turbin,8: wind turbin,
8,wind turbin,8: wind turbin,
8,wind turbin,8: wind turbin,
8,wind turbin,8: wind turbin,
8,wind turbin,8: wind turbin,
8,wind turbin,8: wind turbin,
8,wind turbin,8: wind turbin,
8,wind turbin,8: wind turbin,
8,wind turbin,8: wind turbin,
8,wind turbin,8: wind turbin,
8,wind turbin,8: wind turbin,
8,wind turbin,8: wind turbin,
8,wind turbin,8: wind turbin,
8,wind turbin,8: wind turbin,
8,wind turbin,8: wind turbin,
8,wind turbin,8: wind turbin,
8,wind turbin,8: wind turbin,
8,wind turbin,8: wind turbin,
8,wind turbin,8: wind turbin,
8,wind turbin,8: wind turbin,
8,wind turbin,8: wind turbin,
8,wind turbin,8: wind turbin,
8,wind turbin,8: wind turbin,
8,wind turbin,8: wind turbin,
8,wind turbin,8: wind turbin,
8,wind turbin,8: wind turbin,
8,wind turbin,8: wind turbin,
8,wind turbin,8: wind turbin,
8,wind turbin,8: wind turbin,
8,wind turbin,8: wind turbin,
8,wind turbin,8: wind turbin,
8,wind turbin,8: wind turbin,
8,wind turbin,8: wind turbin,
8,wind turbin,8: wind turbin,
8,wind turbin,8: wind turbin,
8,wind turbin,8: wind turbin,
8,wind turbin,8: wind turbin,
8,wind turbin,8: wind turbin,
8,wind turbin,8: wind turbin,
8,wind turbin,8: wind turbin,
8,wind turbin,8: wind turbin,
8,wind turbin,8: wind turbin,
8,wind turbin,8: wind turbin,
8,wind turbin,8: wind turbin,
8,wind turbin,8: wind turbin,
8,wind turbin,8: wind turbin,
8,wind turbin,8: wind turbin,
8,wind turbin,8: wind turbin,
8,wind turbin,8: wind turbin,
8,wind turbin,8: wind turbin,
8,wind turbin,8: wind turbin,
8,wind turbin,8: wind turbin,
8,wind turbin,8: wind turbin,
8,wind turbin,8: wind turbin,
8,wind turbin,8: wind turbin,
8,wind turbin,8: wind turbin,
8,wind turbin,8: wind turbin,
8,wind turbin,8: wind turbin,
8,wind turbin,8: wind turbin,
8,wind turbin,8: wind turbin,
8,wind turbin,8: wind turbin,
8,wind turbin,8: wind turbin,
8,wind turbin,8: wind turbin,
8,wind turbin,8: wind turbin,
8,wind turbin,8: wind turbin,
8,wind turbin,8: wind turbin,
8,wind turbin,8: wind turbin,
8,wind turbin,8: wind turbin,
8,wind turbin,8: wind turbin,
8,wind turbin,8: wind turbin,
8,wind turbin,8: wind turbin,
8,wind turbin,8: wind turbin,
8,wind turbin,8: wind turbin,
8,wind turbin,8: wind turbin,
8,wind turbin,8: wind turbin,
8,wind turbin,8: wind turbin,
8,wind turbin,8: wind turbin,
8,wind turbin,8: wind turbin,
8,wind turbin,8: wind turbin,
8,wind turbin,8: wind turbin,
8,wind turbin,8: wind turbin,
8,wind turbin,8: wind turbin,
8,wind turbin,8: wind turbin,
8,wind turbin,8: wind turbin,
8,wind turbin,8: wind turbin,
8,wind turbin,8: wind turbin,
8,wind turbin,8: wind turbin,
8,wind turbin,8: wind turbin,
8,wind turbin,8: wind turbin,
8,wind turbin,8: wind turbin,
8,wind turbin,8: wind turbin,
8,wind turbin,8: wind turbin,
8,wind turbin,8: wind turbin,
8,wind turbin,8: wind turbin,
8,wind turbin,8: wind turbin,
8,wind turbin,8: wind turbin,
8,wind turbin,8: wind turbin,
8,wind turbin,8: wind turbin,
8,wind turbin,8: wind turbin,
8,wind turbin,8: wind turbin,
8,wind turbin,8: wind turbin,
8,wind turbin,8: wind turbin,
8,wind turbin,8: wind turbin,
8,wind turbin,8: wind turbin,
8,wind turbin,8: wind turbin,
8,wind turbin,8: wind turbin,
8,wind turbin,8: wind turbin,
8,wind turbin,8: wind turbin,
8,wind turbin,8: wind turbin,
8,wind turbin,8: wind turbin,
8,wind turbin,8: wind turbin,
8,wind turbin,8: wind turbin,
8,wind turbin,8: wind turbin,
8,wind turbin,8: wind turbin,
8,wind turbin,8: wind turbin,
8,wind turbin,8: wind turbin,
8,wind turbin,8: wind turbin,
8,wind turbin,8: wind turbin,
8,wind turbin,8: wind turbin,
8,wind turbin,8: wind turbin,
8,wind turbin,8: wind turbin,
8,wind turbin,8: wind turbin,
8,wind turbin,8: wind turbin,
8,wind turbin,8: wind turbin,
8,wind turbin,8: wind turbin,
8,wind turbin,8: wind turbin,
8,wind turbin,8: wind turbin,
8,wind turbin,8: wind turbin,
8,wind turbin,8: wind turbin,
8,wind turbin,8: wind turbin,
8,wind turbin,8: wind turbin,
8,wind turbin,8: wind turbin,
8,wind turbin,8: wind turbin,
8,wind turbin,8: wind turbin,
8,wind turbin,8: wind turbin,
8,wind turbin,8: wind turbin,
8,wind turbin,8: wind turbin,
8,wind turbin,8: wind turbin,
8,wind turbin,8: wind turbin,
8,wind turbin,8: wind turbin,
8,wind turbin,8: wind turbin,
8,wind turbin,8: wind turbin,
8,wind turbin,8: wind turbin,
8,wind turbin,8: wind turbin,
8,wind turbin,8: wind turbin,
8,wind turbin,8: wind turbin,
8,wind turbin,8: wind turbin,
8,wind turbin,8: wind turbin,
8,wind turbin,8: wind turbin,
8,wind turbin,8: wind turbin,
8,wind turbin,8: wind turbin,
8,wind turbin,8: wind turbin,
8,wind turbin,8: wind turbin,
8,wind turbin,8: wind turbin,
8,wind turbin,8: wind turbin,
8,wind turbin,8: wind turbin,
8,wind turbin,8: wind turbin,
8,wind turbin,8: wind turbin,
8,wind turbin,8: wind turbin,
8,wind turbin,8: wind turbin,
8,wind turbin,8: wind turbin,
8,wind turbin,8: wind turbin,
8,wind turbin,8: wind turbin,
8,wind turbin,8: wind turbin,
8,wind turbin,8: wind turbin,
8,wind turbin,8: wind turbin,
8,wind turbin,8: wind turbin,
8,wind turbin,8: wind turbin,
8,wind turbin,8: wind turbin,
8,wind turbin,8: wind turbin,
8,wind turbin,8: wind turbin,
8,wind turbin,8: wind turbin,
8,wind turbin,8: wind turbin,
8,wind turbin,8: wind turbin,
8,wind turbin,8: wind turbin,
8,wind turbin,8: wind turbin,
8,wind turbin,8: wind turbin,
8,wind turbin,8: wind turbin,
8,wind turbin,8: wind turbin,
8,wind turbin,8: wind turbin,
8,wind turbin,8: wind turbin,
8,wind turbin,8: wind turbin,
8,wind turbin,8: wind turbin,
8,wind turbin,8: wind turbin,
8,wind turbin,8: wind turbin,
8,wind turbin,8: wind turbin,
8,wind turbin,8: wind turbin,
8,wind turbin,8: wind turbin,
8,wind turbin,8: wind turbin,
8,wind turbin,8: wind turbin,
8,wind turbin,8: wind turbin,
8,wind turbin,8: wind turbin,
8,wind turbin,8: wind turbin,
8,wind turbin,8: wind turbin,
8,wind turbin,8: wind turbin,
8,wind turbin,8: wind turbin,
8,wind turbin,8: wind turbin,
8,wind turbin,8: wind turbin,
8,wind turbin,8: wind turbin,
8,wind turbin,8: wind turbin,
8,wind turbin,8: wind turbin,
8,wind turbin,8: wind turbin,
8,wind turbin,8: wind turbin,
8,wind turbin,8: wind turbin,
8,wind turbin,8: wind turbin,
8,wind turbin,8: wind turbin,
8,wind turbin,8: wind turbin,
8,wind turbin,8: wind turbin,
8,wind turbin,8: wind turbin,
8,wind turbin,8: wind turbin,
8,wind turbin,8: wind turbin,
8,wind turbin,8: wind turbin,
8,wind turbin,8: wind turbin,
8,wind turbin,8: wind turbin,
8,wind turbin,8: wind turbin,
8,wind turbin,8: wind turbin,
8,wind turbin,8: wind turbin,
8,wind turbin,8: wind turbin,
8,wind turbin,8: wind turbin,
8,wind turbin,8: wind turbin,
8,wind turbin,8: wind turbin,
8,wind turbin,8: wind turbin,
8,wind turbin,8: wind turbin,
8,wind turbin,8: wind turbin,
8,wind turbin,8: wind turbin,
8,wind turbin,8: wind turbin,
8,wind turbin,8: wind turbin,
8,wind turbin,8: wind turbin,
8,wind turbin,8: wind turbin,
8,wind turbin,8: wind turbin,
8,wind turbin,8: wind turbin,
8,wind turbin,8: wind turbin,
8,wind turbin,8: wind turbin,
8,wind turbin,8: wind turbin,
8,wind turbin,8: wind turbin,
8,wind turbin,8: wind turbin,
8,wind turbin,8: wind turbin,
8,wind turbin,8: wind turbin,
8,wind turbin,8: wind turbin,
8,wind turbin,8: wind turbin,
8,wind turbin,8: wind turbin,
8,wind turbin,8: wind turbin,
8,wind turbin,8: wind turbin,
8,wind turbin,8: wind turbin,
8,wind turbin,8: wind turbin,
8,wind turbin,8: wind turbin,
8,wind turbin,8: wind turbin,
8,wind turbin,8: wind turbin,
8,wind turbin,8: wind turbin,
8,wind turbin,8: wind turbin,
8,wind turbin,8: wind turbin,
8,wind turbin,8: wind turbin,
8,wind turbin,8: wind turbin,
8,wind turbin,8: wind turbin,
8,wind turbin,8: wind turbin,
8,wind turbin,8: wind turbin,
8,wind turbin,8: wind turbin,
8,wind turbin,8: wind turbin,
8,wind turbin,8: wind turbin,
8,wind turbin,8: wind turbin,
8,wind turbin,8: wind turbin,
8,wind turbin,8: wind turbin,
8,wind turbin,8: wind turbin,
8,wind turbin,8: wind turbin,
8,wind turbin,8: wind turbin,
8,wind turbin,8: wind turbin,
8,wind turbin,8: wind turbin,
8,wind turbin,8: wind turbin,
8,wind turbin,8: wind turbin,
8,wind turbin,8: wind turbin,
8,wind turbin,8: wind turbin,
8,wind turbin,8: wind turbin,
8,wind turbin,8: wind turbin,
8,wind turbin,8: wind turbin,
8,wind turbin,8: wind turbin,
8,wind turbin,8: wind turbin,
8,wind turbin,8: wind turbin,
8,wind turbin,8: wind turbin,
8,wind turbin,8: wind turbin,
8,wind turbin,8: wind turbin,
8,wind turbin,8: wind turbin,
8,wind turbin,8: wind turbin,
8,wind turbin,8: wind turbin,
8,wind turbin,8: wind turbin,
8,wind turbin,8: wind turbin,
8,wind turbin,8: wind turbin,
8,wind turbin,8: wind turbin,
8,wind turbin,8: wind turbin,
8,wind turbin,8: wind turbin,
8,wind turbin,8: wind turbin,
8,wind turbin,8: wind turbin,
8,wind turbin,8: wind turbin,
8,wind turbin,8: wind turbin,
8,wind turbin,8: wind turbin,
8,wind turbin,8: wind turbin,
8,wind turbin,8: wind turbin,
8,wind turbin,8: wind turbin,
8,wind turbin,8: wind turbin,
8,wind turbin,8: wind turbin,
8,wind turbin,8: wind turbin,
8,wind turbin,8: wind turbin,
8,wind turbin,8: wind turbin,
8,wind turbin,8: wind turbin,
8,wind turbin,8: wind turbin,
8,wind turbin,8: wind turbin,
8,wind turbin,8: wind turbin,
8,wind turbin,8: wind turbin,
8,wind turbin,8: wind turbin,
8,wind turbin,8: wind turbin,
8,wind turbin,8: wind turbin,
8,wind turbin,8: wind turbin,
8,wind turbin,8: wind turbin,
8,wind turbin,8: wind turbin,
8,wind turbin,8: wind turbin,
8,wind turbin,8: wind turbin,
8,wind turbin,8: wind turbin,
8,wind turbin,8: wind turbin,
8,wind turbin,8: wind turbin,
8,wind turbin,8: wind turbin,
8,wind turbin,8: wind turbin,
8,wind turbin,8: wind turbin,
8,wind turbin,8: wind turbin,
8,wind turbin,8: wind turbin,
8,wind turbin,8: wind turbin,
8,wind turbin,8: wind turbin,
8,wind turbin,8: wind turbin,
8,wind turbin,8: wind turbin,
8,wind turbin,8: wind turbin,
8,wind turbin,8: wind turbin,
8,wind turbin,8: wind turbin,
8,wind turbin,8: wind turbin,
8,wind turbin,8: wind turbin,
8,wind turbin,8: wind turbin,
8,wind turbin,8: wind turbin,
8,wind turbin,8: wind turbin,
8,wind turbin,8: wind turbin,
8,wind turbin,8: wind turbin,
8,wind turbin,8: wind turbin,
8,wind turbin,8: wind turbin,
8,wind turbin,8: wind turbin,
8,wind turbin,8: wind turbin,
8,wind turbin,8: wind turbin,
8,wind turbin,8: wind turbin,
8,wind turbin,8: wind turbin,
8,wind turbin,8: wind turbin,
8,wind turbin,8: wind turbin,
8,wind turbin,8: wind turbin,
8,wind turbin,8: wind turbin,
8,wind turbin,8: wind turbin,
8,wind turbin,8: wind turbin,
8,wind turbin,8: wind turbin,
8,wind turbin,8: wind turbin,
8,wind turbin,8: wind turbin,
8,wind turbin,8: wind turbin,
8,wind turbin,8: wind turbin,
8,wind turbin,8: wind turbin,
8,wind turbin,8: wind turbin,
8,wind turbin,8: wind turbin,
8,wind turbin,8: wind turbin,
8,wind turbin,8: wind turbin,
8,wind turbin,8: wind turbin,
8,wind turbin,8: wind turbin,
8,wind turbin,8: wind turbin,
8,wind turbin,8: wind turbin,
8,wind turbin,8: wind turbin,
6,energiø bornholm,6: energiø bornholm,
6,energiø bornholm,6: energiø bornholm,
6,energiø bornholm,6: energiø bornholm,
6,energiø bornholm,6: energiø bornholm,
6,energiø bornholm,6: energiø bornholm,
6,energiø bornholm,6: energiø bornholm,
6,energiø bornholm,6: energiø bornholm,
6,energiø bornholm,6: energiø bornholm,
6,energiø bornholm,6: energiø bornholm,
6,energiø bornholm,6: energiø bornholm,
6,energiø bornholm,6: energiø bornholm,
6,energiø bornholm,6: energiø bornholm,
6,energiø bornholm,6: energiø bornholm,
6,energiø bornholm,6: energiø bornholm,
6,energiø bornholm,6: energiø bornholm,
6,energiø bornholm,6: energiø bornholm,
6,energiø bornholm,6: energiø bornholm,
6,energiø bornholm,6: energiø bornholm,
6,energiø bornholm,6: energiø bornholm,
6,energiø bornholm,6: energiø bornholm,
6,energiø bornholm,6: energiø bornholm,
6,energiø bornholm,6: energiø bornholm,
6,energiø bornholm,6: energiø bornholm,
6,energiø bornholm,6: energiø bornholm,
6,energiø bornholm,6: energiø bornholm,
6,energiø bornholm,6: energiø bornholm,
6,energiø bornholm,6: energiø bornholm,
6,energiø bornholm,6: energiø bornholm,
6,energiø bornholm,6: energiø bornholm,
6,energiø bornholm,6: energiø bornholm,
6,energiø bornholm,6: energiø bornholm,
6,energiø bornholm,6: energiø bornholm,
6,energiø bornholm,6: energiø bornholm,
6,energiø bornholm,6: energiø bornholm,
6,energiø bornholm,6: energiø bornholm,
6,energiø bornholm,6: energiø bornholm,
6,energiø bornholm,6: energiø bornholm,
6,energiø bornholm,6: energiø bornholm,
6,energiø bornholm,6: energiø bornholm,
6,energiø bornholm,6: energiø bornholm,
6,energiø bornholm,6: energiø bornholm,
6,energiø bornholm,6: energiø bornholm,
6,energiø bornholm,6: energiø bornholm,
6,energiø bornholm,6: energiø bornholm,
6,energiø bornholm,6: energiø bornholm,
6,energiø bornholm,6: energiø bornholm,
6,energiø bornholm,6: energiø bornholm,
6,energiø bornholm,6: energiø bornholm,
6,energiø bornholm,6: energiø bornholm,
6,energiø bornholm,6: energiø bornholm,
6,energiø bornholm,6: energiø bornholm,
6,energiø bornholm,6: energiø bornholm,
6,energiø bornholm,6: energiø bornholm,
6,energiø bornholm,6: energiø bornholm,
6,energiø bornholm,6: energiø bornholm,
6,energiø bornholm,6: energiø bornholm,
6,energiø bornholm,6: energiø bornholm,
6,energiø bornholm,6: energiø bornholm,
6,energiø bornholm,6: energiø bornholm,
6,energiø bornholm,6: energiø bornholm,
6,energiø bornholm,6: energiø bornholm,
6,energiø bornholm,6: energiø bornholm,
6,energiø bornholm,6: energiø bornholm,
6,energiø bornholm,6: energiø bornholm,
6,energiø bornholm,6: energiø bornholm,
6,energiø bornholm,6: energiø bornholm,
6,energiø bornholm,6: energiø bornholm,
6,energiø bornholm,6: energiø bornholm,
6,energiø bornholm,6: energiø bornholm,
6,energiø bornholm,6: energiø bornholm,
6,energiø bornholm,6: energiø bornholm,
6,energiø bornholm,6: energiø bornholm,
6,energiø bornholm,6: energiø bornholm,
6,energiø bornholm,6: energiø bornholm,
6,energiø bornholm,6: energiø bornholm,
6,energiø bornholm,6: energiø bornholm,
6,energiø bornholm,6: energiø bornholm,
6,energiø bornholm,6: energiø bornholm,
6,energiø bornholm,6: energiø bornholm,
6,energiø bornholm,6: energiø bornholm,
6,energiø bornholm,6: energiø bornholm,
6,energiø bornholm,6: energiø bornholm,
6,energiø bornholm,6: energiø bornholm,
6,energiø bornholm,6: energiø bornholm,
6,energiø bornholm,6: energiø bornholm,
6,energiø bornholm,6: energiø bornholm,
6,energiø bornholm,6: energiø bornholm,
6,energiø bornholm,6: energiø bornholm,
6,energiø bornholm,6: energiø bornholm,
6,energiø bornholm,6: energiø bornholm,
6,energiø bornholm,6: energiø bornholm,
6,energiø bornholm,6: energiø bornholm,
6,energiø bornholm,6: energiø bornholm,
6,energiø bornholm,6: energiø bornholm,
6,energiø bornholm,6: energiø bornholm,
6,energiø bornholm,6: energiø bornholm,
6,energiø bornholm,6: energiø bornholm,
6,energiø bornholm,6: energiø bornholm,
6,energiø bornholm,6: energiø bornholm,
6,energiø bornholm,6: energiø bornholm,
6,energiø bornholm,6: energiø bornholm,
6,energiø bornholm,6: energiø bornholm,
6,energiø bornholm,6: energiø bornholm,
6,energiø bornholm,6: energiø bornholm,
6,energiø bornholm,6: energiø bornholm,
6,energiø bornholm,6: energiø bornholm,
6,energiø bornholm,6: energiø bornholm,
6,energiø bornholm,6: energiø bornholm,
6,energiø bornholm,6: energiø bornholm,
6,energiø bornholm,6: energiø bornholm,
6,energiø bornholm,6: energiø bornholm,
6,energiø bornholm,6: energiø bornholm,
6,energiø bornholm,6: energiø bornholm,
6,energiø bornholm,6: energiø bornholm,
6,energiø bornholm,6: energiø bornholm,
6,energiø bornholm,6: energiø bornholm,
6,energiø bornholm,6: energiø bornholm,
6,energiø bornholm,6: energiø bornholm,
6,energiø bornholm,6: energiø bornholm,
6,energiø bornholm,6: energiø bornholm,
6,energiø bornholm,6: energiø bornholm,
6,energiø bornholm,6: energiø bornholm,
6,energiø bornholm,6: energiø bornholm,
6,energiø bornholm,6: energiø bornholm,
6,energiø bornholm,6: energiø bornholm,
6,energiø bornholm,6: energiø bornholm,
6,energiø bornholm,6: energiø bornholm,
6,energiø bornholm,6: energiø bornholm,
6,energiø bornholm,6: energiø bornholm,
6,energiø bornholm,6: energiø bornholm,
6,energiø bornholm,6: energiø bornholm,
6,energiø bornholm,6: energiø bornholm,
6,energiø bornholm,6: energiø bornholm,
6,energiø bornholm,6: energiø bornholm,
6,energiø bornholm,6: energiø bornholm,
6,energiø bornholm,6: energiø bornholm,
6,energiø bornholm,6: energiø bornholm,
6,energiø bornholm,6: energiø bornholm,
6,energiø bornholm,6: energiø bornholm,
6,energiø bornholm,6: energiø bornholm,
6,energiø bornholm,6: energiø bornholm,
6,energiø bornholm,6: energiø bornholm,
6,energiø bornholm,6: energiø bornholm,
6,energiø bornholm,6: energiø bornholm,
6,energiø bornholm,6: energiø bornholm,
6,energiø bornholm,6: energiø bornholm,
6,energiø bornholm,6: energiø bornholm,
6,energiø bornholm,6: energiø bornholm,
6,energiø bornholm,6: energiø bornholm,
6,energiø bornholm,6: energiø bornholm,
6,energiø bornholm,6: energiø bornholm,
6,energiø bornholm,6: energiø bornholm,
6,energiø bornholm,6: energiø bornholm,
6,energiø bornholm,6: energiø bornholm,
6,energiø bornholm,6: energiø bornholm,
6,energiø bornholm,6: energiø bornholm,
6,energiø bornholm,6: energiø bornholm,
6,energiø bornholm,6: energiø bornholm,
6,energiø bornholm,6: energiø bornholm,
6,energiø bornholm,6: energiø bornholm,
6,energiø bornholm,6: energiø bornholm,
6,energiø bornholm,6: energiø bornholm,
6,energiø bornholm,6: energiø bornholm,
6,energiø bornholm,6: energiø bornholm,
6,energiø bornholm,6: energiø bornholm,
6,energiø bornholm,6: energiø bornholm,
6,energiø bornholm,6: energiø bornholm,
6,energiø bornholm,6: energiø bornholm,
6,energiø bornholm,6: energiø bornholm,
6,energiø bornholm,6: energiø bornholm,
6,energiø bornholm,6: energiø bornholm,
6,energiø bornholm,6: energiø bornholm,
6,energiø bornholm,6: energiø bornholm,
6,energiø bornholm,6: energiø bornholm,
6,energiø bornholm,6: energiø bornholm,
6,energiø bornholm,6: energiø bornholm,
6,energiø bornholm,6: energiø bornholm,
6,energiø bornholm,6: energiø bornholm,
6,energiø bornholm,6: energiø bornholm,
6,energiø bornholm,6: energiø bornholm,
6,energiø bornholm,6: energiø bornholm,
6,energiø bornholm,6: energiø bornholm,
6,energiø bornholm,6: energiø bornholm,
6,energiø bornholm,6: energiø bornholm,
6,energiø bornholm,6: energiø bornholm,
6,energiø bornholm,6: energiø bornholm,
6,energiø bornholm,6: energiø bornholm,
6,energiø bornholm,6: energiø bornholm,
6,energiø bornholm,6: energiø bornholm,
6,energiø bornholm,6: energiø bornholm,
6,energiø bornholm,6: energiø bornholm,
6,energiø bornholm,6: energiø bornholm,
6,energiø bornholm,6: energiø bornholm,
6,energiø bornholm,6: energiø bornholm,
6,energiø bornholm,6: energiø bornholm,
6,energiø bornholm,6: energiø bornholm,
6,energiø bornholm,6: energiø bornholm,
6,energiø bornholm,6: energiø bornholm,
6,energiø bornholm,6: energiø bornholm,
6,energiø bornholm,6: energiø bornholm,
6,energiø bornholm,6: energiø bornholm,
6,energiø bornholm,6: energiø bornholm,
6,energiø bornholm,6: energiø bornholm,
6,energiø bornholm,6: energiø bornholm,
6,energiø bornholm,6: energiø bornholm,
6,energiø bornholm,6: energiø bornholm,
6,energiø bornholm,6: energiø bornholm,
6,energiø bornholm,6: energiø bornholm,
6,energiø bornholm,6: energiø bornholm,
6,energiø bornholm,6: energiø bornholm,
6,energiø bornholm,6: energiø bornholm,
6,energiø bornholm,6: energiø bornholm,
6,energiø bornholm,6: energiø bornholm,
6,energiø bornholm,6: energiø bornholm,
6,energiø bornholm,6: energiø bornholm,
6,energiø bornholm,6: energiø bornholm,
6,energiø bornholm,6: energiø bornholm,
6,energiø bornholm,6: energiø bornholm,
6,energiø bornholm,6: energiø bornholm,
6,energiø bornholm,6: energiø bornholm,
6,energiø bornholm,6: energiø bornholm,
6,energiø bornholm,6: energiø bornholm,
6,energiø bornholm,6: energiø bornholm,
6,energiø bornholm,6: energiø bornholm,
6,energiø bornholm,6: energiø bornholm,
6,energiø bornholm,6: energiø bornholm,
6,energiø bornholm,6: energiø bornholm,
6,energiø bornholm,6: energiø bornholm,
6,energiø bornholm,6: energiø bornholm,
6,energiø bornholm,6: energiø bornholm,
6,energiø bornholm,6: energiø bornholm,
6,energiø bornholm,6: energiø bornholm,
6,energiø bornholm,6: energiø bornholm,
6,energiø bornholm,6: energiø bornholm,
6,energiø bornholm,6: energiø bornholm,
6,energiø bornholm,6: energiø bornholm,
6,energiø bornholm,6: energiø bornholm,
6,energiø bornholm,6: energiø bornholm,
6,energiø bornholm,6: energiø bornholm,
6,energiø bornholm,6: energiø bornholm,
6,energiø bornholm,6: energiø bornholm,
6,energiø bornholm,6: energiø bornholm,
6,energiø bornholm,6: energiø bornholm,
6,energiø bornholm,6: energiø bornholm,
6,energiø bornholm,6: energiø bornholm,
6,energiø bornholm,6: energiø bornholm,
6,energiø bornholm,6: energiø bornholm,
6,energiø bornholm,6: energiø bornholm,
6,energiø bornholm,6: energiø bornholm,
6,energiø bornholm,6: energiø bornholm,
6,energiø bornholm,6: energiø bornholm,
6,energiø bornholm,6: energiø bornholm,
6,energiø bornholm,6: energiø bornholm,
6,energiø bornholm,6: energiø bornholm,
6,energiø bornholm,6: energiø bornholm,
6,energiø bornholm,6: energiø bornholm,
6,energiø bornholm,6: energiø bornholm,
6,energiø bornholm,6: energiø bornholm,
6,energiø bornholm,6: energiø bornholm,
6,energiø bornholm,6: energiø bornholm,
6,energiø bornholm,6: energiø bornholm,
6,energiø bornholm,6: energiø bornholm,
6,energiø bornholm,6: energiø bornholm,
6,energiø bornholm,6: energiø bornholm,
6,energiø bornholm,6: energiø bornholm,
6,energiø bornholm,6: energiø bornholm,
6,energiø bornholm,6: energiø bornholm,
6,energiø bornholm,6: energiø bornholm,
6,energiø bornholm,6: energiø bornholm,
6,energiø bornholm,6: energiø bornholm,
6,energiø bornholm,6: energiø bornholm,
6,energiø bornholm,6: energiø bornholm,
6,energiø bornholm,6: energiø bornholm,
6,energiø bornholm,6: energiø bornholm,
6,energiø bornholm,6: energiø bornholm,
6,energiø bornholm,6: energiø bornholm,
6,energiø bornholm,6: energiø bornholm,
6,energiø bornholm,6: energiø bornholm,
6,energiø bornholm,6: energiø bornholm,
6,energiø bornholm,6: energiø bornholm,
6,energiø bornholm,6: energiø bornholm,
6,energiø bornholm,6: energiø bornholm,
6,energiø bornholm,6: energiø bornholm,
6,energiø bornholm,6: energiø bornholm,
6,energiø bornholm,6: energiø bornholm,
6,energiø bornholm,6: energiø bornholm,
6,energiø bornholm,6: energiø bornholm,
6,energiø bornholm,6: energiø bornholm,
6,energiø bornholm,6: energiø bornholm,
6,energiø bornholm,6: energiø bornholm,
6,energiø bornholm,6: energiø bornholm,
6,energiø bornholm,6: energiø bornholm,
6,energiø bornholm,6: energiø bornholm,
6,energiø bornholm,6: energiø bornholm,
6,energiø bornholm,6: energiø bornholm,
6,energiø bornholm,6: energiø bornholm,
6,energiø bornholm,6: energiø bornholm,
6,energiø bornholm,6: energiø bornholm,
6,energiø bornholm,6: energiø bornholm,
6,energiø bornholm,6: energiø bornholm,
6,energiø bornholm,6: energiø bornholm,
6,energiø bornholm,6: energiø bornholm,
6,energiø bornholm,6: energiø bornholm,
6,energiø bornholm,6: energiø bornholm,
6,energiø bornholm,6: energiø bornholm,
6,energiø bornholm,6: energiø bornholm,
6,energiø bornholm,6: energiø bornholm,
6,energiø bornholm,6: energiø bornholm,
6,energiø bornholm,6: energiø bornholm,
6,energiø bornholm,6: energiø bornholm,
6,energiø bornholm,6: energiø bornholm,
6,energiø bornholm,6: energiø bornholm,
6,energiø bornholm,6: energiø bornholm,
6,energiø bornholm,6: energiø bornholm,
6,energiø bornholm,6: energiø bornholm,
6,energiø bornholm,6: energiø bornholm,
6,energiø bornholm,6: energiø bornholm,
6,energiø bornholm,6: energiø bornholm,
6,energiø bornholm,6: energiø bornholm,
6,energiø bornholm,6: energiø bornholm,
6,energiø bornholm,6: energiø bornholm,
6,energiø bornholm,6: energiø bornholm,
6,energiø bornholm,6: energiø bornholm,
6,energiø bornholm,6: energiø bornholm,
6,energiø bornholm,6: energiø bornholm,
6,energiø bornholm,6: energiø bornholm,
6,energiø bornholm,6: energiø bornholm,
6,energiø bornholm,6: energiø bornholm,
6,energiø bornholm,6: energiø bornholm,
6,energiø bornholm,6: energiø bornholm,
6,energiø bornholm,6: energiø bornholm,
6,energiø bornholm,6: energiø bornholm,
6,energiø bornholm,6: energiø bornholm,
6,energiø bornholm,6: energiø bornholm,
6,energiø bornholm,6: energiø bornholm,
6,energiø bornholm,6: energiø bornholm,
6,energiø bornholm,6: energiø bornholm,
6,energiø bornholm,6: energiø bornholm,
6,energiø bornholm,6: energiø bornholm,
6,energiø bornholm,6: energiø bornholm,
6,energiø bornholm,6: energiø bornholm,
6,energiø bornholm,6: energiø bornholm,
6,energiø bornholm,6: energiø bornholm,
6,energiø bornholm,6: energiø bornholm,
6,energiø bornholm,6: energiø bornholm,
6,energiø bornholm,6: energiø bornholm,
6,energiø bornholm,6: energiø bornholm,
6,energiø bornholm,6: energiø bornholm,
6,energiø bornholm,6: energiø bornholm,
6,energiø bornholm,6: energiø bornholm,
6,energiø bornholm,6: energiø bornholm,
6,energiø bornholm,6: energiø bornholm,
6,energiø bornholm,6: energiø bornholm,
6,energiø bornholm,6: energiø bornholm,
6,energiø bornholm,6: energiø bornholm,
6,energiø bornholm,6: energiø bornholm,
6,energiø bornholm,6: energiø bornholm,
6,energiø bornholm,6: energiø bornholm,
6,energiø bornholm,6: energiø bornholm,
6,energiø bornholm,6: energiø bornholm,
6,energiø bornholm,6: energiø bornholm,
6,energiø bornholm,6: energiø bornholm,
6,energiø bornholm,6: energiø bornholm,
6,energiø bornholm,6: energiø bornholm,
6,energiø bornholm,6: energiø bornholm,
6,energiø bornholm,6: energiø bornholm,
6,energiø bornholm,6: energiø bornholm,
6,energiø bornholm,6: energiø bornholm,
6,energiø bornholm,6: energiø bornholm,
6,energiø bornholm,6: energiø bornholm,
6,energiø bornholm,6: energiø bornholm,
6,energiø bornholm,6: energiø bornholm,
6,energiø bornholm,6: energiø bornholm,
6,energiø bornholm,6: energiø bornholm,
6,energiø bornholm,6: energiø bornholm,
6,energiø bornholm,6: energiø bornholm,
6,energiø bornholm,6: energiø bornholm,
6,energiø bornholm,6: energiø bornholm,
6,energiø bornholm,6: energiø bornholm,
6,energiø bornholm,6: energiø bornholm,
6,energiø bornholm,6: energiø bornholm,
6,energiø bornholm,6: energiø bornholm,
6,energiø bornholm,6: energiø bornholm,
6,energiø bornholm,6: energiø bornholm,
6,energiø bornholm,6: energiø bornholm,
6,energiø bornholm,6: energiø bornholm,
6,energiø bornholm,6: energiø bornholm,
6,energiø bornholm,6: energiø bornholm,
6,energiø bornholm,6: energiø bornholm,
6,energiø bornholm,6: energiø bornholm,
6,energiø bornholm,6: energiø bornholm,
6,energiø bornholm,6: energiø bornholm,
6,energiø bornholm,6: energiø bornholm,
6,energiø bornholm,6: energiø bornholm,
6,energiø bornholm,6: energiø bornholm,
6,energiø bornholm,6: energiø bornholm,
6,energiø bornholm,6: energiø bornholm,
6,energiø bornholm,6: energiø bornholm,
6,energiø bornholm,6: energiø bornholm,
6,energiø bornholm,6: energiø bornholm,
6,energiø bornholm,6: energiø bornholm,
6,energiø bornholm,6: energiø bornholm,
6,energiø bornholm,6: energiø bornholm,
6,energiø bornholm,6: energiø bornholm,
6,energiø bornholm,6: energiø bornholm,
6,energiø bornholm,6: energiø bornholm,
6,energiø bornholm,6: energiø bornholm,
6,energiø bornholm,6: energiø bornholm,
6,energiø bornholm,6: energiø bornholm,
6,energiø bornholm,6: energiø bornholm,
6,energiø bornholm,6: energiø bornholm,
6,energiø bornholm,6: energiø bornholm,
6,energiø bornholm,6: energiø bornholm,
6,energiø bornholm,6: energiø bornholm,
6,energiø bornholm,6: energiø bornholm,
6,energiø bornholm,6: energiø bornholm,
6,energiø bornholm,6: energiø bornholm,
6,energiø bornholm,6: energiø bornholm,
6,energiø bornholm,6: energiø bornholm,
6,energiø bornholm,6: energiø bornholm,
6,energiø bornholm,6: energiø bornholm,
6,energiø bornholm,6: energiø bornholm,
6,energiø bornholm,6: energiø bornholm,
6,energiø bornholm,6: energiø bornholm,
6,energiø bornholm,6: energiø bornholm,
6,energiø bornholm,6: energiø bornholm,
6,energiø bornholm,6: energiø bornholm,
6,energiø bornholm,6: energiø bornholm,
6,energiø bornholm,6: energiø bornholm,
6,energiø bornholm,6: energiø bornholm,
6,energiø bornholm,6: energiø bornholm,
6,energiø bornholm,6: energiø bornholm,
6,energiø bornholm,6: energiø bornholm,
6,energiø bornholm,6: energiø bornholm,
6,energiø bornholm,6: energiø bornholm,
6,energiø bornholm,6: energiø bornholm,
6,energiø bornholm,6: energiø bornholm,
6,energiø bornholm,6: energiø bornholm,
6,energiø bornholm,6: energiø bornholm,
6,energiø bornholm,6: energiø bornholm,
6,energiø bornholm,6: energiø bornholm,
6,energiø bornholm,6: energiø bornholm,
6,energiø bornholm,6: energiø bornholm,
6,energiø bornholm,6: energiø bornholm,
6,energiø bornholm,6: energiø bornholm,
6,energiø bornholm,6: energiø bornholm,
6,energiø bornholm,6: energiø bornholm,
6,energiø bornholm,6: energiø bornholm,
6,energiø bornholm,6: energiø bornholm,
6,energiø bornholm,6: energiø bornholm,
6,energiø bornholm,6: energiø bornholm,
6,energiø bornholm,6: energiø bornholm,
6,energiø bornholm,6: energiø bornholm,
6,energiø bornholm,6: energiø bornholm,
6,energiø bornholm,6: energiø bornholm,
6,energiø bornholm,6: energiø bornholm,
6,energiø bornholm,6: energiø bornholm,
6,energiø bornholm,6: energiø bornholm,
6,energiø bornholm,6: energiø bornholm,
6,energiø bornholm,6: energiø bornholm,
6,energiø bornholm,6: energiø bornholm,
6,energiø bornholm,6: energiø bornholm,
6,energiø bornholm,6: energiø bornholm,
6,energiø bornholm,6: energiø bornholm,
6,energiø bornholm,6: energiø bornholm,
6,energiø bornholm,6: energiø bornholm,
6,energiø bornholm,6: energiø bornholm,
6,energiø bornholm,6: energiø bornholm,
6,energiø bornholm,6: energiø bornholm,
6,energiø bornholm,6: energiø bornholm,
6,energiø bornholm,6: energiø bornholm,
6,energiø bornholm,6: energiø bornholm,
6,energiø bornholm,6: energiø bornholm,
6,energiø bornholm,6: energiø bornholm,
6,energiø bornholm,6: energiø bornholm,
6,energiø bornholm,6: energiø bornholm,
6,energiø bornholm,6: energiø bornholm,
6,energiø bornholm,6: energiø bornholm,
6,energiø bornholm,6: energiø bornholm,
6,energiø bornholm,6: energiø bornholm,
6,energiø bornholm,6: energiø bornholm,
6,energiø bornholm,6: energiø bornholm,
6,energiø bornholm,6: energiø bornholm,
6,energiø bornholm,6: energiø bornholm,
6,energiø bornholm,6: energiø bornholm,
6,energiø bornholm,6: energiø bornholm,
6,energiø bornholm,6: energiø bornholm,
6,energiø bornholm,6: energiø bornholm,
6,energiø bornholm,6: energiø bornholm,
6,energiø bornholm,6: energiø bornholm,
6,energiø bornholm,6: energiø bornholm,
6,energiø bornholm,6: energiø bornholm,
6,energiø bornholm,6: energiø bornholm,
6,energiø bornholm,6: energiø bornholm,
6,energiø bornholm,6: energiø bornholm,
6,energiø bornholm,6: energiø bornholm,
6,energiø bornholm,6: energiø bornholm,
6,energiø bornholm,6: energiø bornholm,
6,energiø bornholm,6: energiø bornholm,
6,energiø bornholm,6: energiø bornholm,
6,energiø bornholm,6: energiø bornholm,
6,energiø bornholm,6: energiø bornholm,
6,energiø bornholm,6: energiø bornholm,
6,energiø bornholm,6: energiø bornholm,
6,energiø bornholm,6: energiø bornholm,
6,energiø bornholm,6: energiø bornholm,
6,energiø bornholm,6: energiø bornholm,
6,energiø bornholm,6: energiø bornholm,
6,energiø bornholm,6: energiø bornholm,
6,energiø bornholm,6: energiø bornholm,
6,energiø bornholm,6: energiø bornholm,
6,energiø bornholm,6: energiø bornholm,
6,energiø bornholm,6: energiø bornholm,
6,energiø bornholm,6: energiø bornholm,
6,energiø bornholm,6: energiø bornholm,
6,energiø bornholm,6: energiø bornholm,
6,energiø bornholm,6: energiø bornholm,
6,energiø bornholm,6: energiø bornholm,
6,energiø bornholm,6: energiø bornholm,
6,energiø bornholm,6: energiø bornholm,
6,energiø bornholm,6: energiø bornholm,
6,energiø bornholm,6: energiø bornholm,
6,energiø bornholm,6: energiø bornholm,
6,energiø bornholm,6: energiø bornholm,
6,energiø bornholm,6: energiø bornholm,
6,energiø bornholm,6: energiø bornholm,
6,energiø bornholm,6: energiø bornholm,
6,energiø bornholm,6: energiø bornholm,
6,energiø bornholm,6: energiø bornholm,
6,energiø bornholm,6: energiø bornholm,
6,energiø bornholm,6: energiø bornholm,
6,energiø bornholm,6: energiø bornholm,
6,energiø bornholm,6: energiø bornholm,
6,energiø bornholm,6: energiø bornholm,
6,energiø bornholm,6: energiø bornholm,
6,energiø bornholm,6: energiø bornholm,
6,energiø bornholm,6: energiø bornholm,
6,energiø bornholm,6: energiø bornholm,
6,energiø bornholm,6: energiø bornholm,
6,energiø bornholm,6: energiø bornholm,
6,energiø bornholm,6: energiø bornholm,
6,energiø bornholm,6: energiø bornholm,
6,energiø bornholm,6: energiø bornholm,
6,energiø bornholm,6: energiø bornholm,
6,energiø bornholm,6: energiø bornholm,
6,energiø bornholm,6: energiø bornholm,
6,energiø bornholm,6: energiø bornholm,
6,energiø bornholm,6: energiø bornholm,
6,energiø bornholm,6: energiø bornholm,
6,energiø bornholm,6: energiø bornholm,
6,energiø bornholm,6: energiø bornholm,
6,energiø bornholm,6: energiø bornholm,
6,energiø bornholm,6: energiø bornholm,
6,energiø bornholm,6: energiø bornholm,
6,energiø bornholm,6: energiø bornholm,
6,energiø bornholm,6: energiø bornholm,
6,energiø bornholm,6: energiø bornholm,
6,energiø bornholm,6: energiø bornholm,
6,energiø bornholm,6: energiø bornholm,
6,energiø bornholm,6: energiø bornholm,
6,energiø bornholm,6: energiø bornholm,
6,energiø bornholm,6: energiø bornholm,
6,energiø bornholm,6: energiø bornholm,
6,energiø bornholm,6: energiø bornholm,
6,energiø bornholm,6: energiø bornholm,
6,energiø bornholm,6: energiø bornholm,
6,energiø bornholm,6: energiø bornholm,
6,energiø bornholm,6: energiø bornholm,
6,energiø bornholm,6: energiø bornholm,
6,energiø bornholm,6: energiø bornholm,
6,energiø bornholm,6: energiø bornholm,
6,energiø bornholm,6: energiø bornholm,
6,energiø bornholm,6: energiø bornholm,
6,energiø bornholm,6: energiø bornholm,
6,energiø bornholm,6: energiø bornholm,
6,energiø bornholm,6: energiø bornholm,
6,energiø bornholm,6: energiø bornholm,
6,energiø bornholm,6: energiø bornholm,
6,energiø bornholm,6: energiø bornholm,
6,energiø bornholm,6: energiø bornholm,
6,energiø bornholm,6: energiø bornholm,
6,energiø bornholm,6: energiø bornholm,
6,energiø bornholm,6: energiø bornholm,
6,energiø bornholm,6: energiø bornholm,
6,energiø bornholm,6: energiø bornholm,
6,energiø bornholm,6: energiø bornholm,
6,energiø bornholm,6: energiø bornholm,
6,energiø bornholm,6: energiø bornholm,
6,energiø bornholm,6: energiø bornholm,
6,energiø bornholm,6: energiø bornholm,
6,energiø bornholm,6: energiø bornholm,
6,energiø bornholm,6: energiø bornholm,
6,energiø bornholm,6: energiø bornholm,
6,energiø bornholm,6: energiø bornholm,
6,energiø bornholm,6: energiø bornholm,
6,energiø bornholm,6: energiø bornholm,
6,energiø bornholm,6: energiø bornholm,
6,energiø bornholm,6: energiø bornholm,
6,energiø bornholm,6: energiø bornholm,
6,energiø bornholm,6: energiø bornholm,
6,energiø bornholm,6: energiø bornholm,
6,energiø bornholm,6: energiø bornholm,
6,energiø bornholm,6: energiø bornholm,
6,energiø bornholm,6: energiø bornholm,
6,energiø bornholm,6: energiø bornholm,
6,energiø bornholm,6: energiø bornholm,
6,energiø bornholm,6: energiø bornholm,
6,energiø bornholm,6: energiø bornholm,
6,energiø bornholm,6: energiø bornholm,
6,energiø bornholm,6: energiø bornholm,
6,energiø bornholm,6: energiø bornholm,
6,energiø bornholm,6: energiø bornholm,
6,energiø bornholm,6: energiø bornholm,
6,energiø bornholm,6: energiø bornholm,
6,energiø bornholm,6: energiø bornholm,
6,energiø bornholm,6: energiø bornholm,
6,energiø bornholm,6: energiø bornholm,
6,energiø bornholm,6: energiø bornholm,
6,energiø bornholm,6: energiø bornholm,
6,energiø bornholm,6: energiø bornholm,
6,energiø bornholm,6: energiø bornholm,
6,energiø bornholm,6: energiø bornholm,
6,energiø bornholm,6: energiø bornholm,
6,energiø bornholm,6: energiø bornholm,
6,energiø bornholm,6: energiø bornholm,
6,energiø bornholm,6: energiø bornholm,
6,energiø bornholm,6: energiø bornholm,
6,energiø bornholm,6: energiø bornholm,
6,energiø bornholm,6: energiø bornholm,
6,energiø bornholm,6: energiø bornholm,
6,energiø bornholm,6: energiø bornholm,
6,energiø bornholm,6: energiø bornholm,
6,energiø bornholm,6: energiø bornholm,
6,energiø bornholm,6: energiø bornholm,
6,energiø bornholm,6: energiø bornholm,
6,energiø bornholm,6: energiø bornholm,
6,energiø bornholm,6: energiø bornholm,
6,energiø bornholm,6: energiø bornholm,
6,energiø bornholm,6: energiø bornholm,
6,energiø bornholm,6: energiø bornholm,
6,energiø bornholm,6: energiø bornholm,
6,energiø bornholm,6: energiø bornholm,
6,energiø bornholm,6: energiø bornholm,
6,energiø bornholm,6: energiø bornholm,
6,energiø bornholm,6: energiø bornholm,
6,energiø bornholm,6: energiø bornholm,
6,energiø bornholm,6: energiø bornholm,
6,energiø bornholm,6: energiø bornholm,
6,energiø bornholm,6: energiø bornholm,
6,energiø bornholm,6: energiø bornholm,
6,energiø bornholm,6: energiø bornholm,
6,energiø bornholm,6: energiø bornholm,
6,energiø bornholm,6: energiø bornholm,
6,energiø bornholm,6: energiø bornholm,
6,energiø bornholm,6: energiø bornholm,
6,energiø bornholm,6: energiø bornholm,
6,energiø bornholm,6: energiø bornholm,
6,energiø bornholm,6: energiø bornholm,
6,energiø bornholm,6: energiø bornholm,
6,energiø bornholm,6: energiø bornholm,
6,energiø bornholm,6: energiø bornholm,
6,energiø bornholm,6: energiø bornholm,
6,energiø bornholm,6: energiø bornholm,
6,energiø bornholm,6: energiø bornholm,
6,energiø bornholm,6: energiø bornholm,
6,energiø bornholm,6: energiø bornholm,
6,energiø bornholm,6: energiø bornholm,
6,energiø bornholm,6: energiø bornholm,
6,energiø bornholm,6: energiø bornholm,
6,energiø bornholm,6: energiø bornholm,
6,energiø bornholm,6: energiø bornholm,
6,energiø bornholm,6: energiø bornholm,
6,energiø bornholm,6: energiø bornholm,
6,energiø bornholm,6: energiø bornholm,
6,energiø bornholm,6: energiø bornholm,
6,energiø bornholm,6: energiø bornholm,
6,energiø bornholm,6: energiø bornholm,
6,energiø bornholm,6: energiø bornholm,
6,energiø bornholm,6: energiø bornholm,
6,energiø bornholm,6: energiø bornholm,
6,energiø bornholm,6: energiø bornholm,
6,energiø bornholm,6: energiø bornholm,
6,energiø bornholm,6: energiø bornholm,
6,energiø bornholm,6: energiø bornholm,
8,wind turbin,8: wind turbin,
8,wind turbin,8: wind turbin,
8,wind turbin,8: wind turbin,
8,wind turbin,8: wind turbin,
8,wind turbin,8: wind turbin,
8,wind turbin,8: wind turbin,
8,wind turbin,8: wind turbin,
8,wind turbin,8: wind turbin,
8,wind turbin,8: wind turbin,
8,wind turbin,8: wind turbin,
8,wind turbin,8: wind turbin,
8,wind turbin,8: wind turbin,
8,wind turbin,8: wind turbin,
8,wind turbin,8: wind turbin,
8,wind turbin,8: wind turbin,
8,wind turbin,8: wind turbin,
8,wind turbin,8: wind turbin,
8,wind turbin,8: wind turbin,
8,wind turbin,8: wind turbin,
8,wind turbin,8: wind turbin,
8,wind turbin,8: wind turbin,
8,wind turbin,8: wind turbin,
8,wind turbin,8: wind turbin,
8,wind turbin,8: wind turbin,
8,wind turbin,8: wind turbin,
8,wind turbin,8: wind turbin,
8,wind turbin,8: wind turbin,
8,wind turbin,8: wind turbin,
8,wind turbin,8: wind turbin,
8,wind turbin,8: wind turbin,
8,wind turbin,8: wind turbin,
8,wind turbin,8: wind turbin,
8,wind turbin,8: wind turbin,
8,wind turbin,8: wind turbin,
8,wind turbin,8: wind turbin,
8,wind turbin,8: wind turbin,
8,wind turbin,8: wind turbin,
8,wind turbin,8: wind turbin,
8,wind turbin,8: wind turbin,
8,wind turbin,8: wind turbin,
8,wind turbin,8: wind turbin,
8,wind turbin,8: wind turbin,
8,wind turbin,8: wind turbin,
8,wind turbin,8: wind turbin,
8,wind turbin,8: wind turbin,
8,wind turbin,8: wind turbin,
8,wind turbin,8: wind turbin,
8,wind turbin,8: wind turbin,
8,wind turbin,8: wind turbin,
8,wind turbin,8: wind turbin,
8,wind turbin,8: wind turbin,
8,wind turbin,8: wind turbin,
8,wind turbin,8: wind turbin,
8,wind turbin,8: wind turbin,
8,wind turbin,8: wind turbin,
8,wind turbin,8: wind turbin,
8,wind turbin,8: wind turbin,
8,wind turbin,8: wind turbin,
8,wind turbin,8: wind turbin,
8,wind turbin,8: wind turbin,
8,wind turbin,8: wind turbin,
8,wind turbin,8: wind turbin,
8,wind turbin,8: wind turbin,
8,wind turbin,8: wind turbin,
8,wind turbin,8: wind turbin,
8,wind turbin,8: wind turbin,
8,wind turbin,8: wind turbin,
8,wind turbin,8: wind turbin,
8,wind turbin,8: wind turbin,
8,wind turbin,8: wind turbin,
8,wind turbin,8: wind turbin,
8,wind turbin,8: wind turbin,
8,wind turbin,8: wind turbin,
8,wind turbin,8: wind turbin,
8,wind turbin,8: wind turbin,
8,wind turbin,8: wind turbin,
8,wind turbin,8: wind turbin,
8,wind turbin,8: wind turbin,
8,wind turbin,8: wind turbin,
8,wind turbin,8: wind turbin,
8,wind turbin,8: wind turbin,
8,wind turbin,8: wind turbin,
8,wind turbin,8: wind turbin,
8,wind turbin,8: wind turbin,
8,wind turbin,8: wind turbin,
8,wind turbin,8: wind turbin,
8,wind turbin,8: wind turbin,
8,wind turbin,8: wind turbin,
8,wind turbin,8: wind turbin,
8,wind turbin,8: wind turbin,
8,wind turbin,8: wind turbin,
8,wind turbin,8: wind turbin,
8,wind turbin,8: wind turbin,
8,wind turbin,8: wind turbin,
8,wind turbin,8: wind turbin,
8,wind turbin,8: wind turbin,
8,wind turbin,8: wind turbin,
8,wind turbin,8: wind turbin,
8,wind turbin,8: wind turbin,
8,wind turbin,8: wind turbin,
8,wind turbin,8: wind turbin,
8,wind turbin,8: wind turbin,
8,wind turbin,8: wind turbin,
8,wind turbin,8: wind turbin,
8,wind turbin,8: wind turbin,
8,wind turbin,8: wind turbin,
8,wind turbin,8: wind turbin,
8,wind turbin,8: wind turbin,
8,wind turbin,8: wind turbin,
8,wind turbin,8: wind turbin,
8,wind turbin,8: wind turbin,
8,wind turbin,8: wind turbin,
8,wind turbin,8: wind turbin,
8,wind turbin,8: wind turbin,
8,wind turbin,8: wind turbin,
8,wind turbin,8: wind turbin,
8,wind turbin,8: wind turbin,
8,wind turbin,8: wind turbin,
8,wind turbin,8: wind turbin,
8,wind turbin,8: wind turbin,
8,wind turbin,8: wind turbin,
8,wind turbin,8: wind turbin,
8,wind turbin,8: wind turbin,
8,wind turbin,8: wind turbin,
8,wind turbin,8: wind turbin,
8,wind turbin,8: wind turbin,
8,wind turbin,8: wind turbin,
8,wind turbin,8: wind turbin,
8,wind turbin,8: wind turbin,
8,wind turbin,8: wind turbin,
6,energiø bornholm,6: energiø bornholm,
6,energiø bornholm,6: energiø bornholm,
6,energiø bornholm,6: energiø bornholm,
6,energiø bornholm,6: energiø bornholm,
6,energiø bornholm,6: energiø bornholm,
6,energiø bornholm,6: energiø bornholm,
6,energiø bornholm,6: energiø bornholm,
6,energiø bornholm,6: energiø bornholm,
6,energiø bornholm,6: energiø bornholm,
6,energiø bornholm,6: energiø bornholm,
6,energiø bornholm,6: energiø bornholm,
6,energiø bornholm,6: energiø bornholm,
6,energiø bornholm,6: energiø bornholm,
6,energiø bornholm,6: energiø bornholm,
6,energiø bornholm,6: energiø bornholm,
6,energiø bornholm,6: energiø bornholm,
6,energiø bornholm,6: energiø bornholm,
6,energiø bornholm,6: energiø bornholm,
6,energiø bornholm,6: energiø bornholm,
6,energiø bornholm,6: energiø bornholm,
6,energiø bornholm,6: energiø bornholm,
6,energiø bornholm,6: energiø bornholm,
6,energiø bornholm,6: energiø bornholm,
6,energiø bornholm,6: energiø bornholm,
6,energiø bornholm,6: energiø bornholm,
6,energiø bornholm,6: energiø bornholm,
6,energiø bornholm,6: energiø bornholm,
6,energiø bornholm,6: energiø bornholm,
6,energiø bornholm,6: energiø bornholm,
6,energiø bornholm,6: energiø bornholm,
6,energiø bornholm,6: energiø bornholm,
6,energiø bornholm,6: energiø bornholm,
6,energiø bornholm,6: energiø bornholm,
6,energiø bornholm,6: energiø bornholm,
6,energiø bornholm,6: energiø bornholm,
6,energiø bornholm,6: energiø bornholm,
6,energiø bornholm,6: energiø bornholm,
6,energiø bornholm,6: energiø bornholm,
6,energiø bornholm,6: energiø bornholm,
6,energiø bornholm,6: energiø bornholm,
6,energiø bornholm,6: energiø bornholm,
6,energiø bornholm,6: energiø bornholm,
6,energiø bornholm,6: energiø bornholm,
6,energiø bornholm,6: energiø bornholm,
6,energiø bornholm,6: energiø bornholm,
6,energiø bornholm,6: energiø bornholm,
6,energiø bornholm,6: energiø bornholm,
6,energiø bornholm,6: energiø bornholm,
6,energiø bornholm,6: energiø bornholm,
6,energiø bornholm,6: energiø bornholm,
6,energiø bornholm,6: energiø bornholm,
6,energiø bornholm,6: energiø bornholm,
6,energiø bornholm,6: energiø bornholm,
6,energiø bornholm,6: energiø bornholm,
6,energiø bornholm,6: energiø bornholm,
6,energiø bornholm,6: energiø bornholm,
6,energiø bornholm,6: energiø bornholm,
6,energiø bornholm,6: energiø bornholm,
6,energiø bornholm,6: energiø bornholm,
6,energiø bornholm,6: energiø bornholm,
6,energiø bornholm,6: energiø bornholm,
6,energiø bornholm,6: energiø bornholm,
6,energiø bornholm,6: energiø bornholm,
6,energiø bornholm,6: energiø bornholm,
6,energiø bornholm,6: energiø bornholm,
6,energiø bornholm,6: energiø bornholm,
6,energiø bornholm,6: energiø bornholm,
6,energiø bornholm,6: energiø bornholm,
6,energiø bornholm,6: energiø bornholm,
6,energiø bornholm,6: energiø bornholm,
6,energiø bornholm,6: energiø bornholm,
6,energiø bornholm,6: energiø bornholm,
6,energiø bornholm,6: energiø bornholm,
6,energiø bornholm,6: energiø bornholm,
6,energiø bornholm,6: energiø bornholm,
6,energiø bornholm,6: energiø bornholm,
6,energiø bornholm,6: energiø bornholm,
6,energiø bornholm,6: energiø bornholm,
6,energiø bornholm,6: energiø bornholm,
6,energiø bornholm,6: energiø bornholm,
6,energiø bornholm,6: energiø bornholm,
6,energiø bornholm,6: energiø bornholm,
6,energiø bornholm,6: energiø bornholm,
6,energiø bornholm,6: energiø bornholm,
6,energiø bornholm,6: energiø bornholm,
6,energiø bornholm,6: energiø bornholm,
6,energiø bornholm,6: energiø bornholm,
6,energiø bornholm,6: energiø bornholm,
6,energiø bornholm,6: energiø bornholm,
6,energiø bornholm,6: energiø bornholm,
6,energiø bornholm,6: energiø bornholm,
6,energiø bornholm,6: energiø bornholm,
6,energiø bornholm,6: energiø bornholm,
6,energiø bornholm,6: energiø bornholm,
6,energiø bornholm,6: energiø bornholm,
6,energiø bornholm,6: energiø bornholm,
6,energiø bornholm,6: energiø bornholm,
6,energiø bornholm,6: energiø bornholm,
6,energiø bornholm,6: energiø bornholm,
6,energiø bornholm,6: energiø bornholm,
6,energiø bornholm,6: energiø bornholm,
6,energiø bornholm,6: energiø bornholm,
6,energiø bornholm,6: energiø bornholm,
6,energiø bornholm,6: energiø bornholm,
6,energiø bornholm,6: energiø bornholm,
6,energiø bornholm,6: energiø bornholm,
6,energiø bornholm,6: energiø bornholm,
6,energiø bornholm,6: energiø bornholm,
6,energiø bornholm,6: energiø bornholm,
6,energiø bornholm,6: energiø bornholm,
6,energiø bornholm,6: energiø bornholm,
6,energiø bornholm,6: energiø bornholm,
6,energiø bornholm,6: energiø bornholm,
6,energiø bornholm,6: energiø bornholm,
6,energiø bornholm,6: energiø bornholm,
6,energiø bornholm,6: energiø bornholm,
6,energiø bornholm,6: energiø bornholm,
6,energiø bornholm,6: energiø bornholm,
6,energiø bornholm,6: energiø bornholm,
6,energiø bornholm,6: energiø bornholm,
6,energiø bornholm,6: energiø bornholm,
6,energiø bornholm,6: energiø bornholm,
6,energiø bornholm,6: energiø bornholm,
6,energiø bornholm,6: energiø bornholm,
6,energiø bornholm,6: energiø bornholm,
6,energiø bornholm,6: energiø bornholm,
6,energiø bornholm,6: energiø bornholm,
6,energiø bornholm,6: energiø bornholm,
6,energiø bornholm,6: energiø bornholm,
6,energiø bornholm,6: energiø bornholm,
6,energiø bornholm,6: energiø bornholm,
6,energiø bornholm,6: energiø bornholm,
6,energiø bornholm,6: energiø bornholm,
6,energiø bornholm,6: energiø bornholm,
6,energiø bornholm,6: energiø bornholm,
6,energiø bornholm,6: energiø bornholm,
6,energiø bornholm,6: energiø bornholm,
6,energiø bornholm,6: energiø bornholm,
6,energiø bornholm,6: energiø bornholm,
6,energiø bornholm,6: energiø bornholm,
6,energiø bornholm,6: energiø bornholm,
6,energiø bornholm,6: energiø bornholm,
6,energiø bornholm,6: energiø bornholm,
6,energiø bornholm,6: energiø bornholm,
6,energiø bornholm,6: energiø bornholm,
6,energiø bornholm,6: energiø bornholm,
6,energiø bornholm,6: energiø bornholm,
6,energiø bornholm,6: energiø bornholm,
6,energiø bornholm,6: energiø bornholm,
6,energiø bornholm,6: energiø bornholm,
6,energiø bornholm,6: energiø bornholm,
6,energiø bornholm,6: energiø bornholm,
6,energiø bornholm,6: energiø bornholm,
6,energiø bornholm,6: energiø bornholm,
6,energiø bornholm,6: energiø bornholm,
6,energiø bornholm,6: energiø bornholm,
6,energiø bornholm,6: energiø bornholm,
6,energiø bornholm,6: energiø bornholm,
6,energiø bornholm,6: energiø bornholm,
6,energiø bornholm,6: energiø bornholm,
6,energiø bornholm,6: energiø bornholm,
6,energiø bornholm,6: energiø bornholm,
6,energiø bornholm,6: energiø bornholm,
6,energiø bornholm,6: energiø bornholm,
6,energiø bornholm,6: energiø bornholm,
6,energiø bornholm,6: energiø bornholm,
6,energiø bornholm,6: energiø bornholm,
6,energiø bornholm,6: energiø bornholm,
6,energiø bornholm,6: energiø bornholm,
6,energiø bornholm,6: energiø bornholm,
6,energiø bornholm,6: energiø bornholm,
4,baltic sea,4: baltic sea,
4,baltic sea,4: baltic sea,
4,baltic sea,4: baltic sea,
4,baltic sea,4: baltic sea,
4,baltic sea,4: baltic sea,
4,baltic sea,4: baltic sea,
4,baltic sea,4: baltic sea,
4,baltic sea,4: baltic sea,
4,baltic sea,4: baltic sea,
4,baltic sea,4: baltic sea,
4,baltic sea,4: baltic sea,
4,baltic sea,4: baltic sea,
4,baltic sea,4: baltic sea,
4,baltic sea,4: baltic sea,
4,baltic sea,4: baltic sea,
4,baltic sea,4: baltic sea,
4,baltic sea,4: baltic sea,
4,baltic sea,4: baltic sea,
4,baltic sea,4: baltic sea,
4,baltic sea,4: baltic sea,
4,baltic sea,4: baltic sea,
4,baltic sea,4: baltic sea,
4,baltic sea,4: baltic sea,
4,baltic sea,4: baltic sea,
4,baltic sea,4: baltic sea,
4,baltic sea,4: baltic sea,
4,baltic sea,4: baltic sea,
4,baltic sea,4: baltic sea,
4,baltic sea,4: baltic sea,
4,baltic sea,4: baltic sea,
4,baltic sea,4: baltic sea,
4,baltic sea,4: baltic sea,
4,baltic sea,4: baltic sea,
4,baltic sea,4: baltic sea,
4,baltic sea,4: baltic sea,
4,baltic sea,4: baltic sea,
4,baltic sea,4: baltic sea,
4,baltic sea,4: baltic sea,
4,baltic sea,4: baltic sea,
4,baltic sea,4: baltic sea,
4,baltic sea,4: baltic sea,
4,baltic sea,4: baltic sea,
4,baltic sea,4: baltic sea,
4,baltic sea,4: baltic sea,
4,baltic sea,4: baltic sea,
4,baltic sea,4: baltic sea,
4,baltic sea,4: baltic sea,
4,baltic sea,4: baltic sea,
4,baltic sea,4: baltic sea,
4,baltic sea,4: baltic sea,
4,baltic sea,4: baltic sea,
4,baltic sea,4: baltic sea,
4,baltic sea,4: baltic sea,
4,baltic sea,4: baltic sea,
4,baltic sea,4: baltic sea,
4,baltic sea,4: baltic sea,
4,baltic sea,4: baltic sea,
4,baltic sea,4: baltic sea,
4,baltic sea,4: baltic sea,
4,baltic sea,4: baltic sea,
4,baltic sea,4: baltic sea,
4,baltic sea,4: baltic sea,
4,baltic sea,4: baltic sea,
4,baltic sea,4: baltic sea,
4,baltic sea,4: baltic sea,
4,baltic sea,4: baltic sea,
4,baltic sea,4: baltic sea,
4,baltic sea,4: baltic sea,
4,baltic sea,4: baltic sea,
4,baltic sea,4: baltic sea,
4,baltic sea,4: baltic sea,
4,baltic sea,4: baltic sea,
4,baltic sea,4: baltic sea,
4,baltic sea,4: baltic sea,
4,baltic sea,4: baltic sea,
4,baltic sea,4: baltic sea,
4,baltic sea,4: baltic sea,
4,baltic sea,4: baltic sea,
4,baltic sea,4: baltic sea,
4,baltic sea,4: baltic sea,
4,baltic sea,4: baltic sea,
4,baltic sea,4: baltic sea,
4,baltic sea,4: baltic sea,
4,baltic sea,4: baltic sea,
4,baltic sea,4: baltic sea,
4,baltic sea,4: baltic sea,
4,baltic sea,4: baltic sea,
4,baltic sea,4: baltic sea,
4,baltic sea,4: baltic sea,
4,baltic sea,4: baltic sea,
4,baltic sea,4: baltic sea,
4,baltic sea,4: baltic sea,
4,baltic sea,4: baltic sea,
4,baltic sea,4: baltic sea,
4,baltic sea,4: baltic sea,
4,baltic sea,4: baltic sea,
4,baltic sea,4: baltic sea,
4,baltic sea,4: baltic sea,
4,baltic sea,4: baltic sea,
4,baltic sea,4: baltic sea,
4,baltic sea,4: baltic sea,
4,baltic sea,4: baltic sea,
4,baltic sea,4: baltic sea,
4,baltic sea,4: baltic sea,
4,baltic sea,4: baltic sea,
4,baltic sea,4: baltic sea,
4,baltic sea,4: baltic sea,
4,baltic sea,4: baltic sea,
4,baltic sea,4: baltic sea,
4,baltic sea,4: baltic sea,
4,baltic sea,4: baltic sea,
4,baltic sea,4: baltic sea,
4,baltic sea,4: baltic sea,
4,baltic sea,4: baltic sea,
4,baltic sea,4: baltic sea,
4,baltic sea,4: baltic sea,
4,baltic sea,4: baltic sea,
4,baltic sea,4: baltic sea,
4,baltic sea,4: baltic sea,
4,baltic sea,4: baltic sea,
4,baltic sea,4: baltic sea,
4,baltic sea,4: baltic sea,
4,baltic sea,4: baltic sea,
4,baltic sea,4: baltic sea,
4,baltic sea,4: baltic sea,
4,baltic sea,4: baltic sea,
4,baltic sea,4: baltic sea,
4,baltic sea,4: baltic sea,
4,baltic sea,4: baltic sea,
4,baltic sea,4: baltic sea,
4,baltic sea,4: baltic sea,
4,baltic sea,4: baltic sea,
4,baltic sea,4: baltic sea,
4,baltic sea,4: baltic sea,
4,baltic sea,4: baltic sea,
4,baltic sea,4: baltic sea,
4,baltic sea,4: baltic sea,
4,baltic sea,4: baltic sea,
6,energiø bornholm,6: energiø bornholm,
6,energiø bornholm,6: energiø bornholm,
6,energiø bornholm,6: energiø bornholm,
6,energiø bornholm,6: energiø bornholm,
6,energiø bornholm,6: energiø bornholm,
6,energiø bornholm,6: energiø bornholm,
6,energiø bornholm,6: energiø bornholm,
6,energiø bornholm,6: energiø bornholm,
6,energiø bornholm,6: energiø bornholm,
6,energiø bornholm,6: energiø bornholm,
6,energiø bornholm,6: energiø bornholm,
6,energiø bornholm,6: energiø bornholm,
6,energiø bornholm,6: energiø bornholm,
6,energiø bornholm,6: energiø bornholm,
6,energiø bornholm,6: energiø bornholm,
6,energiø bornholm,6: energiø bornholm,
6,energiø bornholm,6: energiø bornholm,
6,energiø bornholm,6: energiø bornholm,
6,energiø bornholm,6: energiø bornholm,
6,energiø bornholm,6: energiø bornholm,
6,energiø bornholm,6: energiø bornholm,
6,energiø bornholm,6: energiø bornholm,
6,energiø bornholm,6: energiø bornholm,
6,energiø bornholm,6: energiø bornholm,
6,energiø bornholm,6: energiø bornholm,
6,energiø bornholm,6: energiø bornholm,
6,energiø bornholm,6: energiø bornholm,
6,energiø bornholm,6: energiø bornholm,
6,energiø bornholm,6: energiø bornholm,
6,energiø bornholm,6: energiø bornholm,
6,energiø bornholm,6: energiø bornholm,
6,energiø bornholm,6: energiø bornholm,
6,energiø bornholm,6: energiø bornholm,
6,energiø bornholm,6: energiø bornholm,
6,energiø bornholm,6: energiø bornholm,
6,energiø bornholm,6: energiø bornholm,
6,energiø bornholm,6: energiø bornholm,
6,energiø bornholm,6: energiø bornholm,
6,energiø bornholm,6: energiø bornholm,
6,energiø bornholm,6: energiø bornholm,
6,energiø bornholm,6: energiø bornholm,
6,energiø bornholm,6: energiø bornholm,
6,energiø bornholm,6: energiø bornholm,
6,energiø bornholm,6: energiø bornholm,
6,energiø bornholm,6: energiø bornholm,
6,energiø bornholm,6: energiø bornholm,
6,energiø bornholm,6: energiø bornholm,
6,energiø bornholm,6: energiø bornholm,
6,energiø bornholm,6: energiø bornholm,
6,energiø bornholm,6: energiø bornholm,
6,energiø bornholm,6: energiø bornholm,
6,energiø bornholm,6: energiø bornholm,
6,energiø bornholm,6: energiø bornholm,
6,energiø bornholm,6: energiø bornholm,
6,energiø bornholm,6: energiø bornholm,
6,energiø bornholm,6: energiø bornholm,
6,energiø bornholm,6: energiø bornholm,
6,energiø bornholm,6: energiø bornholm,
6,energiø bornholm,6: energiø bornholm,
6,energiø bornholm,6: energiø bornholm,
6,energiø bornholm,6: energiø bornholm,
6,energiø bornholm,6: energiø bornholm,
6,energiø bornholm,6: energiø bornholm,
6,energiø bornholm,6: energiø bornholm,
6,energiø bornholm,6: energiø bornholm,
6,energiø bornholm,6: energiø bornholm,
6,energiø bornholm,6: energiø bornholm,
6,energiø bornholm,6: energiø bornholm,
6,energiø bornholm,6: energiø bornholm,
6,energiø bornholm,6: energiø bornholm,
6,energiø bornholm,6: energiø bornholm,
6,energiø bornholm,6: energiø bornholm,
6,energiø bornholm,6: energiø bornholm,
6,energiø bornholm,6: energiø bornholm,
6,energiø bornholm,6: energiø bornholm,
6,energiø bornholm,6: energiø bornholm,
6,energiø bornholm,6: energiø bornholm,
6,energiø bornholm,6: energiø bornholm,
6,energiø bornholm,6: energiø bornholm,
6,energiø bornholm,6: energiø bornholm,
6,energiø bornholm,6: energiø bornholm,
6,energiø bornholm,6: energiø bornholm,
6,energiø bornholm,6: energiø bornholm,
6,energiø bornholm,6: energiø bornholm,
6,energiø bornholm,6: energiø bornholm,
6,energiø bornholm,6: energiø bornholm,
6,energiø bornholm,6: energiø bornholm,
6,energiø bornholm,6: energiø bornholm,
6,energiø bornholm,6: energiø bornholm,
6,energiø bornholm,6: energiø bornholm,
6,energiø bornholm,6: energiø bornholm,
6,energiø bornholm,6: energiø bornholm,
6,energiø bornholm,6: energiø bornholm,
6,energiø bornholm,6: energiø bornholm,
6,energiø bornholm,6: energiø bornholm,
6,energiø bornholm,6: energiø bornholm,
6,energiø bornholm,6: energiø bornholm,
6,energiø bornholm,6: energiø bornholm,
6,energiø bornholm,6: energiø bornholm,
6,energiø bornholm,6: energiø bornholm,
6,energiø bornholm,6: energiø bornholm,
6,energiø bornholm,6: energiø bornholm,
6,energiø bornholm,6: energiø bornholm,
6,energiø bornholm,6: energiø bornholm,
6,energiø bornholm,6: energiø bornholm,
6,energiø bornholm,6: energiø bornholm,
6,energiø bornholm,6: energiø bornholm,
6,energiø bornholm,6: energiø bornholm,
6,energiø bornholm,6: energiø bornholm,
6,energiø bornholm,6: energiø bornholm,
6,energiø bornholm,6: energiø bornholm,
6,energiø bornholm,6: energiø bornholm,
6,energiø bornholm,6: energiø bornholm,
6,energiø bornholm,6: energiø bornholm,
6,energiø bornholm,6: energiø bornholm,
6,energiø bornholm,6: energiø bornholm,
6,energiø bornholm,6: energiø bornholm,
6,energiø bornholm,6: energiø bornholm,
6,energiø bornholm,6: energiø bornholm,
6,energiø bornholm,6: energiø bornholm,
6,energiø bornholm,6: energiø bornholm,
6,energiø bornholm,6: energiø bornholm,
6,energiø bornholm,6: energiø bornholm,
6,energiø bornholm,6: energiø bornholm,
6,energiø bornholm,6: energiø bornholm,
6,energiø bornholm,6: energiø bornholm,
6,energiø bornholm,6: energiø bornholm,
6,energiø bornholm,6: energiø bornholm,
6,energiø bornholm,6: energiø bornholm,
6,energiø bornholm,6: energiø bornholm,
6,energiø bornholm,6: energiø bornholm,
6,energiø bornholm,6: energiø bornholm,
6,energiø bornholm,6: energiø bornholm,
6,energiø bornholm,6: energiø bornholm,
6,energiø bornholm,6: energiø bornholm,
6,energiø bornholm,6: energiø bornholm,
6,energiø bornholm,6: energiø bornholm,
6,energiø bornholm,6: energiø bornholm,
6,energiø bornholm,6: energiø bornholm,
6,energiø bornholm,6: energiø bornholm,
6,energiø bornholm,6: energiø bornholm,
6,energiø bornholm,6: energiø bornholm,
6,energiø bornholm,6: energiø bornholm,
6,energiø bornholm,6: energiø bornholm,
6,energiø bornholm,6: energiø bornholm,
6,energiø bornholm,6: energiø bornholm,
6,energiø bornholm,6: energiø bornholm,
6,energiø bornholm,6: energiø bornholm,
6,energiø bornholm,6: energiø bornholm,
6,energiø bornholm,6: energiø bornholm,
6,energiø bornholm,6: energiø bornholm,
6,energiø bornholm,6: energiø bornholm,
6,energiø bornholm,6: energiø bornholm,
6,energiø bornholm,6: energiø bornholm,
6,energiø bornholm,6: energiø bornholm,
6,energiø bornholm,6: energiø bornholm,
6,energiø bornholm,6: energiø bornholm,
6,energiø bornholm,6: energiø bornholm,
6,energiø bornholm,6: energiø bornholm,
6,energiø bornholm,6: energiø bornholm,
6,energiø bornholm,6: energiø bornholm,
6,energiø bornholm,6: energiø bornholm,
6,energiø bornholm,6: energiø bornholm,
6,energiø bornholm,6: energiø bornholm,
6,energiø bornholm,6: energiø bornholm,
6,energiø bornholm,6: energiø bornholm,
6,energiø bornholm,6: energiø bornholm,
6,energiø bornholm,6: energiø bornholm,
6,energiø bornholm,6: energiø bornholm,
6,energiø bornholm,6: energiø bornholm,
6,energiø bornholm,6: energiø bornholm,
8,wind turbin,8: wind turbin,
8,wind turbin,8: wind turbin,
8,wind turbin,8: wind turbin,
8,wind turbin,8: wind turbin,
8,wind turbin,8: wind turbin,
8,wind turbin,8: wind turbin,
8,wind turbin,8: wind turbin,
8,wind turbin,8: wind turbin,
8,wind turbin,8: wind turbin,
8,wind turbin,8: wind turbin,
8,wind turbin,8: wind turbin,
8,wind turbin,8: wind turbin,
8,wind turbin,8: wind turbin,
8,wind turbin,8: wind turbin,
8,wind turbin,8: wind turbin,
8,wind turbin,8: wind turbin,
8,wind turbin,8: wind turbin,
8,wind turbin,8: wind turbin,
8,wind turbin,8: wind turbin,
8,wind turbin,8: wind turbin,
8,wind turbin,8: wind turbin,
8,wind turbin,8: wind turbin,
8,wind turbin,8: wind turbin,
8,wind turbin,8: wind turbin,
8,wind turbin,8: wind turbin,
8,wind turbin,8: wind turbin,
8,wind turbin,8: wind turbin,
8,wind turbin,8: wind turbin,
8,wind turbin,8: wind turbin,
8,wind turbin,8: wind turbin,
8,wind turbin,8: wind turbin,
8,wind turbin,8: wind turbin,
8,wind turbin,8: wind turbin,
8,wind turbin,8: wind turbin,
8,wind turbin,8: wind turbin,
8,wind turbin,8: wind turbin,
8,wind turbin,8: wind turbin,
8,wind turbin,8: wind turbin,
8,wind turbin,8: wind turbin,
8,wind turbin,8: wind turbin,
8,wind turbin,8: wind turbin,
8,wind turbin,8: wind turbin,
8,wind turbin,8: wind turbin,
8,wind turbin,8: wind turbin,
8,wind turbin,8: wind turbin,
8,wind turbin,8: wind turbin,
8,wind turbin,8: wind turbin,
8,wind turbin,8: wind turbin,
8,wind turbin,8: wind turbin,
8,wind turbin,8: wind turbin,
8,wind turbin,8: wind turbin,
8,wind turbin,8: wind turbin,
8,wind turbin,8: wind turbin,
8,wind turbin,8: wind turbin,
8,wind turbin,8: wind turbin,
8,wind turbin,8: wind turbin,
8,wind turbin,8: wind turbin,
8,wind turbin,8: wind turbin,
8,wind turbin,8: wind turbin,
8,wind turbin,8: wind turbin,
8,wind turbin,8: wind turbin,
8,wind turbin,8: wind turbin,
8,wind turbin,8: wind turbin,
8,wind turbin,8: wind turbin,
8,wind turbin,8: wind turbin,
8,wind turbin,8: wind turbin,
8,wind turbin,8: wind turbin,
8,wind turbin,8: wind turbin,
8,wind turbin,8: wind turbin,
8,wind turbin,8: wind turbin,
8,wind turbin,8: wind turbin,
8,wind turbin,8: wind turbin,
8,wind turbin,8: wind turbin,
8,wind turbin,8: wind turbin,
8,wind turbin,8: wind turbin,
8,wind turbin,8: wind turbin,
8,wind turbin,8: wind turbin,
8,wind turbin,8: wind turbin,
8,wind turbin,8: wind turbin,
8,wind turbin,8: wind turbin,
8,wind turbin,8: wind turbin,
8,wind turbin,8: wind turbin,
8,wind turbin,8: wind turbin,
8,wind turbin,8: wind turbin,
8,wind turbin,8: wind turbin,
8,wind turbin,8: wind turbin,
8,wind turbin,8: wind turbin,
8,wind turbin,8: wind turbin,
8,wind turbin,8: wind turbin,
8,wind turbin,8: wind turbin,
8,wind turbin,8: wind turbin,
8,wind turbin,8: wind turbin,
8,wind turbin,8: wind turbin,
8,wind turbin,8: wind turbin,
8,wind turbin,8: wind turbin,
8,wind turbin,8: wind turbin,
8,wind turbin,8: wind turbin,
8,wind turbin,8: wind turbin,
8,wind turbin,8: wind turbin,
8,wind turbin,8: wind turbin,
8,wind turbin,8: wind turbin,
8,wind turbin,8: wind turbin,
8,wind turbin,8: wind turbin,
8,wind turbin,8: wind turbin,
8,wind turbin,8: wind turbin,
8,wind turbin,8: wind turbin,
8,wind turbin,8: wind turbin,
8,wind turbin,8: wind turbin,
8,wind turbin,8: wind turbin,
8,wind turbin,8: wind turbin,
8,wind turbin,8: wind turbin,
8,wind turbin,8: wind turbin,
8,wind turbin,8: wind turbin,
8,wind turbin,8: wind turbin,
8,wind turbin,8: wind turbin,
8,wind turbin,8: wind turbin,
8,wind turbin,8: wind turbin,
8,wind turbin,8: wind turbin,
8,wind turbin,8: wind turbin,
8,wind turbin,8: wind turbin,
8,wind turbin,8: wind turbin,
8,wind turbin,8: wind turbin,
8,wind turbin,8: wind turbin,
8,wind turbin,8: wind turbin,
8,wind turbin,8: wind turbin,
8,wind turbin,8: wind turbin,
8,wind turbin,8: wind turbin,
8,wind turbin,8: wind turbin,
8,wind turbin,8: wind turbin,
8,wind turbin,8: wind turbin,
4,baltic sea,4: baltic sea,
4,baltic sea,4: baltic sea,
4,baltic sea,4: baltic sea,
4,baltic sea,4: baltic sea,
4,baltic sea,4: baltic sea,
4,baltic sea,4: baltic sea,
4,baltic sea,4: baltic sea,
4,baltic sea,4: baltic sea,
4,baltic sea,4: baltic sea,
4,baltic sea,4: baltic sea,
4,baltic sea,4: baltic sea,
4,baltic sea,4: baltic sea,
4,baltic sea,4: baltic sea,
4,baltic sea,4: baltic sea,
4,baltic sea,4: baltic sea,
4,baltic sea,4: baltic sea,
4,baltic sea,4: baltic sea,
4,baltic sea,4: baltic sea,
4,baltic sea,4: baltic sea,
4,baltic sea,4: baltic sea,
4,baltic sea,4: baltic sea,
4,baltic sea,4: baltic sea,
4,baltic sea,4: baltic sea,
4,baltic sea,4: baltic sea,
4,baltic sea,4: baltic sea,
4,baltic sea,4: baltic sea,
4,baltic sea,4: baltic sea,
4,baltic sea,4: baltic sea,
4,baltic sea,4: baltic sea,
4,baltic sea,4: baltic sea,
4,baltic sea,4: baltic sea,
4,baltic sea,4: baltic sea,
4,baltic sea,4: baltic sea,
4,baltic sea,4: baltic sea,
4,baltic sea,4: baltic sea,
4,baltic sea,4: baltic sea,
4,baltic sea,4: baltic sea,
4,baltic sea,4: baltic sea,
4,baltic sea,4: baltic sea,
4,baltic sea,4: baltic sea,
4,baltic sea,4: baltic sea,
4,baltic sea,4: baltic sea,
4,baltic sea,4: baltic sea,
4,baltic sea,4: baltic sea,
4,baltic sea,4: baltic sea,
4,baltic sea,4: baltic sea,
4,baltic sea,4: baltic sea,
4,baltic sea,4: baltic sea,
4,baltic sea,4: baltic sea,
4,baltic sea,4: baltic sea,
4,baltic sea,4: baltic sea,
4,baltic sea,4: baltic sea,
4,baltic sea,4: baltic sea,
4,baltic sea,4: baltic sea,
4,baltic sea,4: baltic sea,
4,baltic sea,4: baltic sea,
4,baltic sea,4: baltic sea,
4,baltic sea,4: baltic sea,
4,baltic sea,4: baltic sea,
4,baltic sea,4: baltic sea,
4,baltic sea,4: baltic sea,
4,baltic sea,4: baltic sea,
4,baltic sea,4: baltic sea,
4,baltic sea,4: baltic sea,
4,baltic sea,4: baltic sea,
4,baltic sea,4: baltic sea,
4,baltic sea,4: baltic sea,
4,baltic sea,4: baltic sea,
4,baltic sea,4: baltic sea,
4,baltic sea,4: baltic sea,
4,baltic sea,4: baltic sea,
4,baltic sea,4: baltic sea,
4,baltic sea,4: baltic sea,
4,baltic sea,4: baltic sea,
4,baltic sea,4: baltic sea,
4,baltic sea,4: baltic sea,
4,baltic sea,4: baltic sea,
4,baltic sea,4: baltic sea,
4,baltic sea,4: baltic sea,
4,baltic sea,4: baltic sea,
4,baltic sea,4: baltic sea,
4,baltic sea,4: baltic sea,
4,baltic sea,4: baltic sea,
4,baltic sea,4: baltic sea,
4,baltic sea,4: baltic sea,
4,baltic sea,4: baltic sea,
4,baltic sea,4: baltic sea,
4,baltic sea,4: baltic sea,
4,baltic sea,4: baltic sea,
4,baltic sea,4: baltic sea,
4,baltic sea,4: baltic sea,
4,baltic sea,4: baltic sea,
4,baltic sea,4: baltic sea,
4,baltic sea,4: baltic sea,
4,baltic sea,4: baltic sea,
4,baltic sea,4: baltic sea,
4,baltic sea,4: baltic sea,
4,baltic sea,4: baltic sea,
4,baltic sea,4: baltic sea,
4,baltic sea,4: baltic sea,
4,baltic sea,4: baltic sea,
4,baltic sea,4: baltic sea,
4,baltic sea,4: baltic sea,
4,baltic sea,4: baltic sea,
4,baltic sea,4: baltic sea,
4,baltic sea,4: baltic sea,
4,baltic sea,4: baltic sea,
4,baltic sea,4: baltic sea,
4,baltic sea,4: baltic sea,
4,baltic sea,4: baltic sea,
4,baltic sea,4: baltic sea,
4,baltic sea,4: baltic sea,
4,baltic sea,4: baltic sea,
4,baltic sea,4: baltic sea,
4,baltic sea,4: baltic sea,
4,baltic sea,4: baltic sea,
4,baltic sea,4: baltic sea,
4,baltic sea,4: baltic sea,
4,baltic sea,4: baltic sea,
4,baltic sea,4: baltic sea,
4,baltic sea,4: baltic sea,
4,baltic sea,4: baltic sea,
4,baltic sea,4: baltic sea,
4,baltic sea,4: baltic sea,
4,baltic sea,4: baltic sea,
4,baltic sea,4: baltic sea,
4,baltic sea,4: baltic sea,
4,baltic sea,4: baltic sea,
4,baltic sea,4: baltic sea,
4,baltic sea,4: baltic sea,
4,baltic sea,4: baltic sea,
4,baltic sea,4: baltic sea,
4,baltic sea,4: baltic sea,
4,baltic sea,4: baltic sea,
4,baltic sea,4: baltic sea,
4,baltic sea,4: baltic sea,
4,baltic sea,4: baltic sea,
4,baltic sea,4: baltic sea,
6,energiø bornholm,6: energiø bornholm,
6,energiø bornholm,6: energiø bornholm,
6,energiø bornholm,6: energiø bornholm,
6,energiø bornholm,6: energiø bornholm,
6,energiø bornholm,6: energiø bornholm,
6,energiø bornholm,6: energiø bornholm,
6,energiø bornholm,6: energiø bornholm,
6,energiø bornholm,6: energiø bornholm,
6,energiø bornholm,6: energiø bornholm,
6,energiø bornholm,6: energiø bornholm,
6,energiø bornholm,6: energiø bornholm,
6,energiø bornholm,6: energiø bornholm,
6,energiø bornholm,6: energiø bornholm,
6,energiø bornholm,6: energiø bornholm,
6,energiø bornholm,6: energiø bornholm,
6,energiø bornholm,6: energiø bornholm,
6,energiø bornholm,6: energiø bornholm,
6,energiø bornholm,6: energiø bornholm,
6,energiø bornholm,6: energiø bornholm,
6,energiø bornholm,6: energiø bornholm,
6,energiø bornholm,6: energiø bornholm,
6,energiø bornholm,6: energiø bornholm,
6,energiø bornholm,6: energiø bornholm,
6,energiø bornholm,6: energiø bornholm,
6,energiø bornholm,6: energiø bornholm,
6,energiø bornholm,6: energiø bornholm,
6,energiø bornholm,6: energiø bornholm,
6,energiø bornholm,6: energiø bornholm,
6,energiø bornholm,6: energiø bornholm,
6,energiø bornholm,6: energiø bornholm,
6,energiø bornholm,6: energiø bornholm,
6,energiø bornholm,6: energiø bornholm,
6,energiø bornholm,6: energiø bornholm,
6,energiø bornholm,6: energiø bornholm,
6,energiø bornholm,6: energiø bornholm,
6,energiø bornholm,6: energiø bornholm,
6,energiø bornholm,6: energiø bornholm,
6,energiø bornholm,6: energiø bornholm,
6,energiø bornholm,6: energiø bornholm,
6,energiø bornholm,6: energiø bornholm,
6,energiø bornholm,6: energiø bornholm,
6,energiø bornholm,6: energiø bornholm,
6,energiø bornholm,6: energiø bornholm,
6,energiø bornholm,6: energiø bornholm,
6,energiø bornholm,6: energiø bornholm,
6,energiø bornholm,6: energiø bornholm,
6,energiø bornholm,6: energiø bornholm,
6,energiø bornholm,6: energiø bornholm,
6,energiø bornholm,6: energiø bornholm,
6,energiø bornholm,6: energiø bornholm,
6,energiø bornholm,6: energiø bornholm,
6,energiø bornholm,6: energiø bornholm,
6,energiø bornholm,6: energiø bornholm,
6,energiø bornholm,6: energiø bornholm,
6,energiø bornholm,6: energiø bornholm,
6,energiø bornholm,6: energiø bornholm,
6,energiø bornholm,6: energiø bornholm,
6,energiø bornholm,6: energiø bornholm,
6,energiø bornholm,6: energiø bornholm,
6,energiø bornholm,6: energiø bornholm,
6,energiø bornholm,6: energiø bornholm,
6,energiø bornholm,6: energiø bornholm,
6,energiø bornholm,6: energiø bornholm,
6,energiø bornholm,6: energiø bornholm,
6,energiø bornholm,6: energiø bornholm,
6,energiø bornholm,6: energiø bornholm,
6,energiø bornholm,6: energiø bornholm,
6,energiø bornholm,6: energiø bornholm,
6,energiø bornholm,6: energiø bornholm,
6,energiø bornholm,6: energiø bornholm,
6,energiø bornholm,6: energiø bornholm,
6,energiø bornholm,6: energiø bornholm,
6,energiø bornholm,6: energiø bornholm,
6,energiø bornholm,6: energiø bornholm,
6,energiø bornholm,6: energiø bornholm,
6,energiø bornholm,6: energiø bornholm,
6,energiø bornholm,6: energiø bornholm,
6,energiø bornholm,6: energiø bornholm,
6,energiø bornholm,6: energiø bornholm,
6,energiø bornholm,6: energiø bornholm,
6,energiø bornholm,6: energiø bornholm,
6,energiø bornholm,6: energiø bornholm,
6,energiø bornholm,6: energiø bornholm,
6,energiø bornholm,6: energiø bornholm,
6,energiø bornholm,6: energiø bornholm,
6,energiø bornholm,6: energiø bornholm,
6,energiø bornholm,6: energiø bornholm,
6,energiø bornholm,6: energiø bornholm,
6,energiø bornholm,6: energiø bornholm,
6,energiø bornholm,6: energiø bornholm,
6,energiø bornholm,6: energiø bornholm,
6,energiø bornholm,6: energiø bornholm,
6,energiø bornholm,6: energiø bornholm,
6,energiø bornholm,6: energiø bornholm,
6,energiø bornholm,6: energiø bornholm,
6,energiø bornholm,6: energiø bornholm,
6,energiø bornholm,6: energiø bornholm,
6,energiø bornholm,6: energiø bornholm,
6,energiø bornholm,6: energiø bornholm,
6,energiø bornholm,6: energiø bornholm,
6,energiø bornholm,6: energiø bornholm,
6,energiø bornholm,6: energiø bornholm,
6,energiø bornholm,6: energiø bornholm,
6,energiø bornholm,6: energiø bornholm,
6,energiø bornholm,6: energiø bornholm,
6,energiø bornholm,6: energiø bornholm,
6,energiø bornholm,6: energiø bornholm,
6,energiø bornholm,6: energiø bornholm,
6,energiø bornholm,6: energiø bornholm,
6,energiø bornholm,6: energiø bornholm,
6,energiø bornholm,6: energiø bornholm,
6,energiø bornholm,6: energiø bornholm,
6,energiø bornholm,6: energiø bornholm,
6,energiø bornholm,6: energiø bornholm,
6,energiø bornholm,6: energiø bornholm,
6,energiø bornholm,6: energiø bornholm,
6,energiø bornholm,6: energiø bornholm,
6,energiø bornholm,6: energiø bornholm,
6,energiø bornholm,6: energiø bornholm,
6,energiø bornholm,6: energiø bornholm,
6,energiø bornholm,6: energiø bornholm,
6,energiø bornholm,6: energiø bornholm,
6,energiø bornholm,6: energiø bornholm,
6,energiø bornholm,6: energiø bornholm,
6,energiø bornholm,6: energiø bornholm,
6,energiø bornholm,6: energiø bornholm,
6,energiø bornholm,6: energiø bornholm,
6,energiø bornholm,6: energiø bornholm,
6,energiø bornholm,6: energiø bornholm,
6,energiø bornholm,6: energiø bornholm,
6,energiø bornholm,6: energiø bornholm,
6,energiø bornholm,6: energiø bornholm,
6,energiø bornholm,6: energiø bornholm,
6,energiø bornholm,6: energiø bornholm,
6,energiø bornholm,6: energiø bornholm,
6,energiø bornholm,6: energiø bornholm,
6,energiø bornholm,6: energiø bornholm,
6,energiø bornholm,6: energiø bornholm,
6,energiø bornholm,6: energiø bornholm,
6,energiø bornholm,6: energiø bornholm,
6,energiø bornholm,6: energiø bornholm,
6,energiø bornholm,6: energiø bornholm,
6,energiø bornholm,6: energiø bornholm,
6,energiø bornholm,6: energiø bornholm,
6,energiø bornholm,6: energiø bornholm,
6,energiø bornholm,6: energiø bornholm,
6,energiø bornholm,6: energiø bornholm,
6,energiø bornholm,6: energiø bornholm,
6,energiø bornholm,6: energiø bornholm,
6,energiø bornholm,6: energiø bornholm,
6,energiø bornholm,6: energiø bornholm,
6,energiø bornholm,6: energiø bornholm,
6,energiø bornholm,6: energiø bornholm,
6,energiø bornholm,6: energiø bornholm,
6,energiø bornholm,6: energiø bornholm,
6,energiø bornholm,6: energiø bornholm,
6,energiø bornholm,6: energiø bornholm,
6,energiø bornholm,6: energiø bornholm,
6,energiø bornholm,6: energiø bornholm,
6,energiø bornholm,6: energiø bornholm,
6,energiø bornholm,6: energiø bornholm,
6,energiø bornholm,6: energiø bornholm,
6,energiø bornholm,6: energiø bornholm,
6,energiø bornholm,6: energiø bornholm,
6,energiø bornholm,6: energiø bornholm,
6,energiø bornholm,6: energiø bornholm,
6,energiø bornholm,6: energiø bornholm,
6,energiø bornholm,6: energiø bornholm,
6,energiø bornholm,6: energiø bornholm,
6,energiø bornholm,6: energiø bornholm,
6,energiø bornholm,6: energiø bornholm,
6,energiø bornholm,6: energiø bornholm,
6,energiø bornholm,6: energiø bornholm,
6,energiø bornholm,6: energiø bornholm,
6,energiø bornholm,6: energiø bornholm,
6,energiø bornholm,6: energiø bornholm,
6,energiø bornholm,6: energiø bornholm,
6,energiø bornholm,6: energiø bornholm,
6,energiø bornholm,6: energiø bornholm,
6,energiø bornholm,6: energiø bornholm,
6,energiø bornholm,6: energiø bornholm,
6,energiø bornholm,6: energiø bornholm,
6,energiø bornholm,6: energiø bornholm,
6,energiø bornholm,6: energiø bornholm,
6,energiø bornholm,6: energiø bornholm,
6,energiø bornholm,6: energiø bornholm,
6,energiø bornholm,6: energiø bornholm,
6,energiø bornholm,6: energiø bornholm,
6,energiø bornholm,6: energiø bornholm,
6,energiø bornholm,6: energiø bornholm,
6,energiø bornholm,6: energiø bornholm,
6,energiø bornholm,6: energiø bornholm,
6,energiø bornholm,6: energiø bornholm,
6,energiø bornholm,6: energiø bornholm,
6,energiø bornholm,6: energiø bornholm,
6,energiø bornholm,6: energiø bornholm,
6,energiø bornholm,6: energiø bornholm,
6,energiø bornholm,6: energiø bornholm,
6,energiø bornholm,6: energiø bornholm,
6,energiø bornholm,6: energiø bornholm,
6,energiø bornholm,6: energiø bornholm,
6,energiø bornholm,6: energiø bornholm,
6,energiø bornholm,6: energiø bornholm,
6,energiø bornholm,6: energiø bornholm,
6,energiø bornholm,6: energiø bornholm,
6,energiø bornholm,6: energiø bornholm,
6,energiø bornholm,6: energiø bornholm,
6,energiø bornholm,6: energiø bornholm,
6,energiø bornholm,6: energiø bornholm,
6,energiø bornholm,6: energiø bornholm,
6,energiø bornholm,6: energiø bornholm,
6,energiø bornholm,6: energiø bornholm,
6,energiø bornholm,6: energiø bornholm,
6,energiø bornholm,6: energiø bornholm,
6,energiø bornholm,6: energiø bornholm,
6,energiø bornholm,6: energiø bornholm,
6,energiø bornholm,6: energiø bornholm,
6,energiø bornholm,6: energiø bornholm,
6,energiø bornholm,6: energiø bornholm,
6,energiø bornholm,6: energiø bornholm,
6,energiø bornholm,6: energiø bornholm,
6,energiø bornholm,6: energiø bornholm,
6,energiø bornholm,6: energiø bornholm,
6,energiø bornholm,6: energiø bornholm,
6,energiø bornholm,6: energiø bornholm,
6,energiø bornholm,6: energiø bornholm,
6,energiø bornholm,6: energiø bornholm,
6,energiø bornholm,6: energiø bornholm,
6,energiø bornholm,6: energiø bornholm,
6,energiø bornholm,6: energiø bornholm,
6,energiø bornholm,6: energiø bornholm,
6,energiø bornholm,6: energiø bornholm,
6,energiø bornholm,6: energiø bornholm,
6,energiø bornholm,6: energiø bornholm,
6,energiø bornholm,6: energiø bornholm,
6,energiø bornholm,6: energiø bornholm,
6,energiø bornholm,6: energiø bornholm,
6,energiø bornholm,6: energiø bornholm,
6,energiø bornholm,6: energiø bornholm,
6,energiø bornholm,6: energiø bornholm,
6,energiø bornholm,6: energiø bornholm,
6,energiø bornholm,6: energiø bornholm,
6,energiø bornholm,6: energiø bornholm,
6,energiø bornholm,6: energiø bornholm,
6,energiø bornholm,6: energiø bornholm,
6,energiø bornholm,6: energiø bornholm,
6,energiø bornholm,6: energiø bornholm,
6,energiø bornholm,6: energiø bornholm,
6,energiø bornholm,6: energiø bornholm,
6,energiø bornholm,6: energiø bornholm,
6,energiø bornholm,6: energiø bornholm,
6,energiø bornholm,6: energiø bornholm,
6,energiø bornholm,6: energiø bornholm,
6,energiø bornholm,6: energiø bornholm,
6,energiø bornholm,6: energiø bornholm,
6,energiø bornholm,6: energiø bornholm,
6,energiø bornholm,6: energiø bornholm,
6,energiø bornholm,6: energiø bornholm,
6,energiø bornholm,6: energiø bornholm,
6,energiø bornholm,6: energiø bornholm,
6,energiø bornholm,6: energiø bornholm,
6,energiø bornholm,6: energiø bornholm,
6,energiø bornholm,6: energiø bornholm,
6,energiø bornholm,6: energiø bornholm,
6,energiø bornholm,6: energiø bornholm,
6,energiø bornholm,6: energiø bornholm,
6,energiø bornholm,6: energiø bornholm,
6,energiø bornholm,6: energiø bornholm,
6,energiø bornholm,6: energiø bornholm,
6,energiø bornholm,6: energiø bornholm,
6,energiø bornholm,6: energiø bornholm,
6,energiø bornholm,6: energiø bornholm,
6,energiø bornholm,6: energiø bornholm,
6,energiø bornholm,6: energiø bornholm,
6,energiø bornholm,6: energiø bornholm,
6,energiø bornholm,6: energiø bornholm,
6,energiø bornholm,6: energiø bornholm,
6,energiø bornholm,6: energiø bornholm,
6,energiø bornholm,6: energiø bornholm,
6,energiø bornholm,6: energiø bornholm,
6,energiø bornholm,6: energiø bornholm,
6,energiø bornholm,6: energiø bornholm,
6,energiø bornholm,6: energiø bornholm,
6,energiø bornholm,6: energiø bornholm,
6,energiø bornholm,6: energiø bornholm,
6,energiø bornholm,6: energiø bornholm,
6,energiø bornholm,6: energiø bornholm,
6,energiø bornholm,6: energiø bornholm,
6,energiø bornholm,6: energiø bornholm,
6,energiø bornholm,6: energiø bornholm,
6,energiø bornholm,6: energiø bornholm,
6,energiø bornholm,6: energiø bornholm,
6,energiø bornholm,6: energiø bornholm,
6,energiø bornholm,6: energiø bornholm,
6,energiø bornholm,6: energiø bornholm,
6,energiø bornholm,6: energiø bornholm,
6,energiø bornholm,6: energiø bornholm,
6,energiø bornholm,6: energiø bornholm,
6,energiø bornholm,6: energiø bornholm,
6,energiø bornholm,6: energiø bornholm,
6,energiø bornholm,6: energiø bornholm,
6,energiø bornholm,6: energiø bornholm,
6,energiø bornholm,6: energiø bornholm,
6,energiø bornholm,6: energiø bornholm,
6,energiø bornholm,6: energiø bornholm,
6,energiø bornholm,6: energiø bornholm,
6,energiø bornholm,6: energiø bornholm,
6,energiø bornholm,6: energiø bornholm,
6,energiø bornholm,6: energiø bornholm,
6,energiø bornholm,6: energiø bornholm,
6,energiø bornholm,6: energiø bornholm,
6,energiø bornholm,6: energiø bornholm,
6,energiø bornholm,6: energiø bornholm,
6,energiø bornholm,6: energiø bornholm,
6,energiø bornholm,6: energiø bornholm,
6,energiø bornholm,6: energiø bornholm,
6,energiø bornholm,6: energiø bornholm,
6,energiø bornholm,6: energiø bornholm,
6,energiø bornholm,6: energiø bornholm,
6,energiø bornholm,6: energiø bornholm,
6,energiø bornholm,6: energiø bornholm,
6,energiø bornholm,6: energiø bornholm,
6,energiø bornholm,6: energiø bornholm,
6,energiø bornholm,6: energiø bornholm,
6,energiø bornholm,6: energiø bornholm,
6,energiø bornholm,6: energiø bornholm,
6,energiø bornholm,6: energiø bornholm,
6,energiø bornholm,6: energiø bornholm,
6,energiø bornholm,6: energiø bornholm,
6,energiø bornholm,6: energiø bornholm,
6,energiø bornholm,6: energiø bornholm,
6,energiø bornholm,6: energiø bornholm,
6,energiø bornholm,6: energiø bornholm,
6,energiø bornholm,6: energiø bornholm,
6,energiø bornholm,6: energiø bornholm,
6,energiø bornholm,6: energiø bornholm,
6,energiø bornholm,6: energiø bornholm,
6,energiø bornholm,6: energiø bornholm,
6,energiø bornholm,6: energiø bornholm,
6,energiø bornholm,6: energiø bornholm,
6,energiø bornholm,6: energiø bornholm,
6,energiø bornholm,6: energiø bornholm,
4,baltic sea,4: baltic sea,
4,baltic sea,4: baltic sea,
4,baltic sea,4: baltic sea,
4,baltic sea,4: baltic sea,
4,baltic sea,4: baltic sea,
4,baltic sea,4: baltic sea,
4,baltic sea,4: baltic sea,
4,baltic sea,4: baltic sea,
4,baltic sea,4: baltic sea,
4,baltic sea,4: baltic sea,
4,baltic sea,4: baltic sea,
4,baltic sea,4: baltic sea,
4,baltic sea,4: baltic sea,
4,baltic sea,4: baltic sea,
4,baltic sea,4: baltic sea,
4,baltic sea,4: baltic sea,
4,baltic sea,4: baltic sea,
4,baltic sea,4: baltic sea,
4,baltic sea,4: baltic sea,
4,baltic sea,4: baltic sea,
4,baltic sea,4: baltic sea,
4,baltic sea,4: baltic sea,
4,baltic sea,4: baltic sea,
4,baltic sea,4: baltic sea,
4,baltic sea,4: baltic sea,
4,baltic sea,4: baltic sea,
4,baltic sea,4: baltic sea,
4,baltic sea,4: baltic sea,
4,baltic sea,4: baltic sea,
4,baltic sea,4: baltic sea,
4,baltic sea,4: baltic sea,
4,baltic sea,4: baltic sea,
4,baltic sea,4: baltic sea,
4,baltic sea,4: baltic sea,
4,baltic sea,4: baltic sea,
4,baltic sea,4: baltic sea,
4,baltic sea,4: baltic sea,
4,baltic sea,4: baltic sea,
4,baltic sea,4: baltic sea,
4,baltic sea,4: baltic sea,
4,baltic sea,4: baltic sea,
4,baltic sea,4: baltic sea,
4,baltic sea,4: baltic sea,
4,baltic sea,4: baltic sea,
4,baltic sea,4: baltic sea,
4,baltic sea,4: baltic sea,
4,baltic sea,4: baltic sea,
4,baltic sea,4: baltic sea,
4,baltic sea,4: baltic sea,
4,baltic sea,4: baltic sea,
4,baltic sea,4: baltic sea,
4,baltic sea,4: baltic sea,
4,baltic sea,4: baltic sea,
4,baltic sea,4: baltic sea,
4,baltic sea,4: baltic sea,
4,baltic sea,4: baltic sea,
4,baltic sea,4: baltic sea,
4,baltic sea,4: baltic sea,
4,baltic sea,4: baltic sea,
4,baltic sea,4: baltic sea,
4,baltic sea,4: baltic sea,
4,baltic sea,4: baltic sea,
4,baltic sea,4: baltic sea,
4,baltic sea,4: baltic sea,
4,baltic sea,4: baltic sea,
4,baltic sea,4: baltic sea,
4,baltic sea,4: baltic sea,
4,baltic sea,4: baltic sea,
4,baltic sea,4: baltic sea,
4,baltic sea,4: baltic sea,
4,baltic sea,4: baltic sea,
4,baltic sea,4: baltic sea,
4,baltic sea,4: baltic sea,
4,baltic sea,4: baltic sea,
4,baltic sea,4: baltic sea,
4,baltic sea,4: baltic sea,
4,baltic sea,4: baltic sea,
4,baltic sea,4: baltic sea,
4,baltic sea,4: baltic sea,
4,baltic sea,4: baltic sea,
4,baltic sea,4: baltic sea,
4,baltic sea,4: baltic sea,
4,baltic sea,4: baltic sea,
4,baltic sea,4: baltic sea,
4,baltic sea,4: baltic sea,
4,baltic sea,4: baltic sea,
4,baltic sea,4: baltic sea,
4,baltic sea,4: baltic sea,
4,baltic sea,4: baltic sea,
4,baltic sea,4: baltic sea,
4,baltic sea,4: baltic sea,
4,baltic sea,4: baltic sea,
4,baltic sea,4: baltic sea,
4,baltic sea,4: baltic sea,
4,baltic sea,4: baltic sea,
4,baltic sea,4: baltic sea,
4,baltic sea,4: baltic sea,
4,baltic sea,4: baltic sea,
4,baltic sea,4: baltic sea,
4,baltic sea,4: baltic sea,
4,baltic sea,4: baltic sea,
4,baltic sea,4: baltic sea,
4,baltic sea,4: baltic sea,
4,baltic sea,4: baltic sea,
4,baltic sea,4: baltic sea,
4,baltic sea,4: baltic sea,
4,baltic sea,4: baltic sea,
4,baltic sea,4: baltic sea,
4,baltic sea,4: baltic sea,
4,baltic sea,4: baltic sea,
4,baltic sea,4: baltic sea,
4,baltic sea,4: baltic sea,
4,baltic sea,4: baltic sea,
4,baltic sea,4: baltic sea,
4,baltic sea,4: baltic sea,
4,baltic sea,4: baltic sea,
4,baltic sea,4: baltic sea,
4,baltic sea,4: baltic sea,
4,baltic sea,4: baltic sea,
4,baltic sea,4: baltic sea,
4,baltic sea,4: baltic sea,
4,baltic sea,4: baltic sea,
4,baltic sea,4: baltic sea,
4,baltic sea,4: baltic sea,
4,baltic sea,4: baltic sea,
4,baltic sea,4: baltic sea,
4,baltic sea,4: baltic sea,
4,baltic sea,4: baltic sea,
4,baltic sea,4: baltic sea,
4,baltic sea,4: baltic sea,
4,baltic sea,4: baltic sea,
4,baltic sea,4: baltic sea,
4,baltic sea,4: baltic sea,
4,baltic sea,4: baltic sea,
4,baltic sea,4: baltic sea,
4,baltic sea,4: baltic sea,
4,baltic sea,4: baltic sea,
4,baltic sea,4: baltic sea,
8,wind turbin,8: wind turbin,
8,wind turbin,8: wind turbin,
8,wind turbin,8: wind turbin,
8,wind turbin,8: wind turbin,
8,wind turbin,8: wind turbin,
8,wind turbin,8: wind turbin,
8,wind turbin,8: wind turbin,
8,wind turbin,8: wind turbin,
8,wind turbin,8: wind turbin,
8,wind turbin,8: wind turbin,
8,wind turbin,8: wind turbin,
8,wind turbin,8: wind turbin,
8,wind turbin,8: wind turbin,
8,wind turbin,8: wind turbin,
8,wind turbin,8: wind turbin,
8,wind turbin,8: wind turbin,
8,wind turbin,8: wind turbin,
8,wind turbin,8: wind turbin,
8,wind turbin,8: wind turbin,
8,wind turbin,8: wind turbin,
8,wind turbin,8: wind turbin,
8,wind turbin,8: wind turbin,
8,wind turbin,8: wind turbin,
8,wind turbin,8: wind turbin,
8,wind turbin,8: wind turbin,
8,wind turbin,8: wind turbin,
8,wind turbin,8: wind turbin,
8,wind turbin,8: wind turbin,
8,wind turbin,8: wind turbin,
8,wind turbin,8: wind turbin,
8,wind turbin,8: wind turbin,
8,wind turbin,8: wind turbin,
8,wind turbin,8: wind turbin,
8,wind turbin,8: wind turbin,
8,wind turbin,8: wind turbin,
8,wind turbin,8: wind turbin,
8,wind turbin,8: wind turbin,
8,wind turbin,8: wind turbin,
8,wind turbin,8: wind turbin,
8,wind turbin,8: wind turbin,
8,wind turbin,8: wind turbin,
8,wind turbin,8: wind turbin,
8,wind turbin,8: wind turbin,
8,wind turbin,8: wind turbin,
8,wind turbin,8: wind turbin,
8,wind turbin,8: wind turbin,
8,wind turbin,8: wind turbin,
8,wind turbin,8: wind turbin,
8,wind turbin,8: wind turbin,
8,wind turbin,8: wind turbin,
8,wind turbin,8: wind turbin,
8,wind turbin,8: wind turbin,
8,wind turbin,8: wind turbin,
8,wind turbin,8: wind turbin,
8,wind turbin,8: wind turbin,
8,wind turbin,8: wind turbin,
8,wind turbin,8: wind turbin,
8,wind turbin,8: wind turbin,
8,wind turbin,8: wind turbin,
8,wind turbin,8: wind turbin,
8,wind turbin,8: wind turbin,
8,wind turbin,8: wind turbin,
8,wind turbin,8: wind turbin,
8,wind turbin,8: wind turbin,
8,wind turbin,8: wind turbin,
8,wind turbin,8: wind turbin,
8,wind turbin,8: wind turbin,
8,wind turbin,8: wind turbin,
8,wind turbin,8: wind turbin,
8,wind turbin,8: wind turbin,
8,wind turbin,8: wind turbin,
8,wind turbin,8: wind turbin,
8,wind turbin,8: wind turbin,
8,wind turbin,8: wind turbin,
8,wind turbin,8: wind turbin,
8,wind turbin,8: wind turbin,
8,wind turbin,8: wind turbin,
8,wind turbin,8: wind turbin,
8,wind turbin,8: wind turbin,
8,wind turbin,8: wind turbin,
8,wind turbin,8: wind turbin,
8,wind turbin,8: wind turbin,
8,wind turbin,8: wind turbin,
8,wind turbin,8: wind turbin,
8,wind turbin,8: wind turbin,
8,wind turbin,8: wind turbin,
8,wind turbin,8: wind turbin,
8,wind turbin,8: wind turbin,
8,wind turbin,8: wind turbin,
8,wind turbin,8: wind turbin,
8,wind turbin,8: wind turbin,
8,wind turbin,8: wind turbin,
8,wind turbin,8: wind turbin,
8,wind turbin,8: wind turbin,
8,wind turbin,8: wind turbin,
8,wind turbin,8: wind turbin,
8,wind turbin,8: wind turbin,
8,wind turbin,8: wind turbin,
8,wind turbin,8: wind turbin,
8,wind turbin,8: wind turbin,
8,wind turbin,8: wind turbin,
8,wind turbin,8: wind turbin,
8,wind turbin,8: wind turbin,
8,wind turbin,8: wind turbin,
8,wind turbin,8: wind turbin,
8,wind turbin,8: wind turbin,
8,wind turbin,8: wind turbin,
8,wind turbin,8: wind turbin,
8,wind turbin,8: wind turbin,
8,wind turbin,8: wind turbin,
8,wind turbin,8: wind turbin,
8,wind turbin,8: wind turbin,
8,wind turbin,8: wind turbin,
8,wind turbin,8: wind turbin,
8,wind turbin,8: wind turbin,
8,wind turbin,8: wind turbin,
8,wind turbin,8: wind turbin,
8,wind turbin,8: wind turbin,
8,wind turbin,8: wind turbin,
8,wind turbin,8: wind turbin,
8,wind turbin,8: wind turbin,
8,wind turbin,8: wind turbin,
8,wind turbin,8: wind turbin,
8,wind turbin,8: wind turbin,
8,wind turbin,8: wind turbin,
8,wind turbin,8: wind turbin,
8,wind turbin,8: wind turbin,
8,wind turbin,8: wind turbin,
8,wind turbin,8: wind turbin,
8,wind turbin,8: wind turbin,
6,energiø bornholm,6: energiø bornholm,
6,energiø bornholm,6: energiø bornholm,
6,energiø bornholm,6: energiø bornholm,
6,energiø bornholm,6: energiø bornholm,
6,energiø bornholm,6: energiø bornholm,
6,energiø bornholm,6: energiø bornholm,
6,energiø bornholm,6: energiø bornholm,
6,energiø bornholm,6: energiø bornholm,
6,energiø bornholm,6: energiø bornholm,
6,energiø bornholm,6: energiø bornholm,
6,energiø bornholm,6: energiø bornholm,
6,energiø bornholm,6: energiø bornholm,
6,energiø bornholm,6: energiø bornholm,
6,energiø bornholm,6: energiø bornholm,
6,energiø bornholm,6: energiø bornholm,
6,energiø bornholm,6: energiø bornholm,
6,energiø bornholm,6: energiø bornholm,
6,energiø bornholm,6: energiø bornholm,
6,energiø bornholm,6: energiø bornholm,
6,energiø bornholm,6: energiø bornholm,
6,energiø bornholm,6: energiø bornholm,
6,energiø bornholm,6: energiø bornholm,
6,energiø bornholm,6: energiø bornholm,
6,energiø bornholm,6: energiø bornholm,
6,energiø bornholm,6: energiø bornholm,
6,energiø bornholm,6: energiø bornholm,
6,energiø bornholm,6: energiø bornholm,
6,energiø bornholm,6: energiø bornholm,
6,energiø bornholm,6: energiø bornholm,
6,energiø bornholm,6: energiø bornholm,
6,energiø bornholm,6: energiø bornholm,
6,energiø bornholm,6: energiø bornholm,
6,energiø bornholm,6: energiø bornholm,
6,energiø bornholm,6: energiø bornholm,
6,energiø bornholm,6: energiø bornholm,
6,energiø bornholm,6: energiø bornholm,
6,energiø bornholm,6: energiø bornholm,
6,energiø bornholm,6: energiø bornholm,
6,energiø bornholm,6: energiø bornholm,
6,energiø bornholm,6: energiø bornholm,
6,energiø bornholm,6: energiø bornholm,
6,energiø bornholm,6: energiø bornholm,
6,energiø bornholm,6: energiø bornholm,
6,energiø bornholm,6: energiø bornholm,
6,energiø bornholm,6: energiø bornholm,
6,energiø bornholm,6: energiø bornholm,
6,energiø bornholm,6: energiø bornholm,
6,energiø bornholm,6: energiø bornholm,
6,energiø bornholm,6: energiø bornholm,
6,energiø bornholm,6: energiø bornholm,
6,energiø bornholm,6: energiø bornholm,
6,energiø bornholm,6: energiø bornholm,
6,energiø bornholm,6: energiø bornholm,
6,energiø bornholm,6: energiø bornholm,
6,energiø bornholm,6: energiø bornholm,
6,energiø bornholm,6: energiø bornholm,
6,energiø bornholm,6: energiø bornholm,
6,energiø bornholm,6: energiø bornholm,
6,energiø bornholm,6: energiø bornholm,
6,energiø bornholm,6: energiø bornholm,
6,energiø bornholm,6: energiø bornholm,
6,energiø bornholm,6: energiø bornholm,
6,energiø bornholm,6: energiø bornholm,
6,energiø bornholm,6: energiø bornholm,
6,energiø bornholm,6: energiø bornholm,
6,energiø bornholm,6: energiø bornholm,
6,energiø bornholm,6: energiø bornholm,
6,energiø bornholm,6: energiø bornholm,
6,energiø bornholm,6: energiø bornholm,
6,energiø bornholm,6: energiø bornholm,
6,energiø bornholm,6: energiø bornholm,
6,energiø bornholm,6: energiø bornholm,
6,energiø bornholm,6: energiø bornholm,
6,energiø bornholm,6: energiø bornholm,
6,energiø bornholm,6: energiø bornholm,
6,energiø bornholm,6: energiø bornholm,
6,energiø bornholm,6: energiø bornholm,
6,energiø bornholm,6: energiø bornholm,
6,energiø bornholm,6: energiø bornholm,
6,energiø bornholm,6: energiø bornholm,
6,energiø bornholm,6: energiø bornholm,
6,energiø bornholm,6: energiø bornholm,
6,energiø bornholm,6: energiø bornholm,
6,energiø bornholm,6: energiø bornholm,
6,energiø bornholm,6: energiø bornholm,
6,energiø bornholm,6: energiø bornholm,
6,energiø bornholm,6: energiø bornholm,
6,energiø bornholm,6: energiø bornholm,
6,energiø bornholm,6: energiø bornholm,
6,energiø bornholm,6: energiø bornholm,
6,energiø bornholm,6: energiø bornholm,
6,energiø bornholm,6: energiø bornholm,
6,energiø bornholm,6: energiø bornholm,
6,energiø bornholm,6: energiø bornholm,
6,energiø bornholm,6: energiø bornholm,
6,energiø bornholm,6: energiø bornholm,
6,energiø bornholm,6: energiø bornholm,
6,energiø bornholm,6: energiø bornholm,
6,energiø bornholm,6: energiø bornholm,
6,energiø bornholm,6: energiø bornholm,
6,energiø bornholm,6: energiø bornholm,
6,energiø bornholm,6: energiø bornholm,
6,energiø bornholm,6: energiø bornholm,
6,energiø bornholm,6: energiø bornholm,
6,energiø bornholm,6: energiø bornholm,
6,energiø bornholm,6: energiø bornholm,
6,energiø bornholm,6: energiø bornholm,
6,energiø bornholm,6: energiø bornholm,
6,energiø bornholm,6: energiø bornholm,
6,energiø bornholm,6: energiø bornholm,
6,energiø bornholm,6: energiø bornholm,
6,energiø bornholm,6: energiø bornholm,
6,energiø bornholm,6: energiø bornholm,
6,energiø bornholm,6: energiø bornholm,
6,energiø bornholm,6: energiø bornholm,
6,energiø bornholm,6: energiø bornholm,
6,energiø bornholm,6: energiø bornholm,
6,energiø bornholm,6: energiø bornholm,
6,energiø bornholm,6: energiø bornholm,
6,energiø bornholm,6: energiø bornholm,
6,energiø bornholm,6: energiø bornholm,
6,energiø bornholm,6: energiø bornholm,
6,energiø bornholm,6: energiø bornholm,
6,energiø bornholm,6: energiø bornholm,
6,energiø bornholm,6: energiø bornholm,
6,energiø bornholm,6: energiø bornholm,
6,energiø bornholm,6: energiø bornholm,
6,energiø bornholm,6: energiø bornholm,
6,energiø bornholm,6: energiø bornholm,
6,energiø bornholm,6: energiø bornholm,
6,energiø bornholm,6: energiø bornholm,
6,energiø bornholm,6: energiø bornholm,
6,energiø bornholm,6: energiø bornholm,
6,energiø bornholm,6: energiø bornholm,
6,energiø bornholm,6: energiø bornholm,
6,energiø bornholm,6: energiø bornholm,
6,energiø bornholm,6: energiø bornholm,
6,energiø bornholm,6: energiø bornholm,
6,energiø bornholm,6: energiø bornholm,
6,energiø bornholm,6: energiø bornholm,
6,energiø bornholm,6: energiø bornholm,
6,energiø bornholm,6: energiø bornholm,
6,energiø bornholm,6: energiø bornholm,
6,energiø bornholm,6: energiø bornholm,
6,energiø bornholm,6: energiø bornholm,
6,energiø bornholm,6: energiø bornholm,
6,energiø bornholm,6: energiø bornholm,
6,energiø bornholm,6: energiø bornholm,
6,energiø bornholm,6: energiø bornholm,
6,energiø bornholm,6: energiø bornholm,
6,energiø bornholm,6: energiø bornholm,
6,energiø bornholm,6: energiø bornholm,
6,energiø bornholm,6: energiø bornholm,
6,energiø bornholm,6: energiø bornholm,
6,energiø bornholm,6: energiø bornholm,
6,energiø bornholm,6: energiø bornholm,
6,energiø bornholm,6: energiø bornholm,
6,energiø bornholm,6: energiø bornholm,
6,energiø bornholm,6: energiø bornholm,
6,energiø bornholm,6: energiø bornholm,
6,energiø bornholm,6: energiø bornholm,
6,energiø bornholm,6: energiø bornholm,
6,energiø bornholm,6: energiø bornholm,
6,energiø bornholm,6: energiø bornholm,
6,energiø bornholm,6: energiø bornholm,
6,energiø bornholm,6: energiø bornholm,
6,energiø bornholm,6: energiø bornholm,
6,energiø bornholm,6: energiø bornholm,
6,energiø bornholm,6: energiø bornholm,
6,energiø bornholm,6: energiø bornholm,
6,energiø bornholm,6: energiø bornholm,
6,energiø bornholm,6: energiø bornholm,
6,energiø bornholm,6: energiø bornholm,
6,energiø bornholm,6: energiø bornholm,
6,energiø bornholm,6: energiø bornholm,
6,energiø bornholm,6: energiø bornholm,
6,energiø bornholm,6: energiø bornholm,
6,energiø bornholm,6: energiø bornholm,
6,energiø bornholm,6: energiø bornholm,
6,energiø bornholm,6: energiø bornholm,
6,energiø bornholm,6: energiø bornholm,
6,energiø bornholm,6: energiø bornholm,
6,energiø bornholm,6: energiø bornholm,
6,energiø bornholm,6: energiø bornholm,
6,energiø bornholm,6: energiø bornholm,
6,energiø bornholm,6: energiø bornholm,
6,energiø bornholm,6: energiø bornholm,
6,energiø bornholm,6: energiø bornholm,
6,energiø bornholm,6: energiø bornholm,
6,energiø bornholm,6: energiø bornholm,
6,energiø bornholm,6: energiø bornholm,
6,energiø bornholm,6: energiø bornholm,
6,energiø bornholm,6: energiø bornholm,
6,energiø bornholm,6: energiø bornholm,
6,energiø bornholm,6: energiø bornholm,
6,energiø bornholm,6: energiø bornholm,
6,energiø bornholm,6: energiø bornholm,
6,energiø bornholm,6: energiø bornholm,
6,energiø bornholm,6: energiø bornholm,
6,energiø bornholm,6: energiø bornholm,
6,energiø bornholm,6: energiø bornholm,
6,energiø bornholm,6: energiø bornholm,
6,energiø bornholm,6: energiø bornholm,
6,energiø bornholm,6: energiø bornholm,
6,energiø bornholm,6: energiø bornholm,
6,energiø bornholm,6: energiø bornholm,
6,energiø bornholm,6: energiø bornholm,
6,energiø bornholm,6: energiø bornholm,
6,energiø bornholm,6: energiø bornholm,
6,energiø bornholm,6: energiø bornholm,
6,energiø bornholm,6: energiø bornholm,
6,energiø bornholm,6: energiø bornholm,
6,energiø bornholm,6: energiø bornholm,
6,energiø bornholm,6: energiø bornholm,
6,energiø bornholm,6: energiø bornholm,
6,energiø bornholm,6: energiø bornholm,
6,energiø bornholm,6: energiø bornholm,
6,energiø bornholm,6: energiø bornholm,
6,energiø bornholm,6: energiø bornholm,
6,energiø bornholm,6: energiø bornholm,
6,energiø bornholm,6: energiø bornholm,
6,energiø bornholm,6: energiø bornholm,
6,energiø bornholm,6: energiø bornholm,
6,energiø bornholm,6: energiø bornholm,
6,energiø bornholm,6: energiø bornholm,
6,energiø bornholm,6: energiø bornholm,
6,energiø bornholm,6: energiø bornholm,
6,energiø bornholm,6: energiø bornholm,
6,energiø bornholm,6: energiø bornholm,
6,energiø bornholm,6: energiø bornholm,
6,energiø bornholm,6: energiø bornholm,
6,energiø bornholm,6: energiø bornholm,
6,energiø bornholm,6: energiø bornholm,
6,energiø bornholm,6: energiø bornholm,
6,energiø bornholm,6: energiø bornholm,
6,energiø bornholm,6: energiø bornholm,
6,energiø bornholm,6: energiø bornholm,
6,energiø bornholm,6: energiø bornholm,
6,energiø bornholm,6: energiø bornholm,
6,energiø bornholm,6: energiø bornholm,
6,energiø bornholm,6: energiø bornholm,
6,energiø bornholm,6: energiø bornholm,
6,energiø bornholm,6: energiø bornholm,
6,energiø bornholm,6: energiø bornholm,
6,energiø bornholm,6: energiø bornholm,
6,energiø bornholm,6: energiø bornholm,
6,energiø bornholm,6: energiø bornholm,
6,energiø bornholm,6: energiø bornholm,
6,energiø bornholm,6: energiø bornholm,
6,energiø bornholm,6: energiø bornholm,
6,energiø bornholm,6: energiø bornholm,
6,energiø bornholm,6: energiø bornholm,
6,energiø bornholm,6: energiø bornholm,
6,energiø bornholm,6: energiø bornholm,
6,energiø bornholm,6: energiø bornholm,
6,energiø bornholm,6: energiø bornholm,
6,energiø bornholm,6: energiø bornholm,
6,energiø bornholm,6: energiø bornholm,
6,energiø bornholm,6: energiø bornholm,
6,energiø bornholm,6: energiø bornholm,
6,energiø bornholm,6: energiø bornholm,
6,energiø bornholm,6: energiø bornholm,
6,energiø bornholm,6: energiø bornholm,
6,energiø bornholm,6: energiø bornholm,
6,energiø bornholm,6: energiø bornholm,
6,energiø bornholm,6: energiø bornholm,
6,energiø bornholm,6: energiø bornholm,
6,energiø bornholm,6: energiø bornholm,
6,energiø bornholm,6: energiø bornholm,
6,energiø bornholm,6: energiø bornholm,
6,energiø bornholm,6: energiø bornholm,
6,energiø bornholm,6: energiø bornholm,
6,energiø bornholm,6: energiø bornholm,
6,energiø bornholm,6: energiø bornholm,
6,energiø bornholm,6: energiø bornholm,
6,energiø bornholm,6: energiø bornholm,
6,energiø bornholm,6: energiø bornholm,
6,energiø bornholm,6: energiø bornholm,
6,energiø bornholm,6: energiø bornholm,
6,energiø bornholm,6: energiø bornholm,
6,energiø bornholm,6: energiø bornholm,
6,energiø bornholm,6: energiø bornholm,
6,energiø bornholm,6: energiø bornholm,
6,energiø bornholm,6: energiø bornholm,
6,energiø bornholm,6: energiø bornholm,
6,energiø bornholm,6: energiø bornholm,
6,energiø bornholm,6: energiø bornholm,
6,energiø bornholm,6: energiø bornholm,
6,energiø bornholm,6: energiø bornholm,
6,energiø bornholm,6: energiø bornholm,
6,energiø bornholm,6: energiø bornholm,
6,energiø bornholm,6: energiø bornholm,
6,energiø bornholm,6: energiø bornholm,
6,energiø bornholm,6: energiø bornholm,
6,energiø bornholm,6: energiø bornholm,
6,energiø bornholm,6: energiø bornholm,
6,energiø bornholm,6: energiø bornholm,
6,energiø bornholm,6: energiø bornholm,
6,energiø bornholm,6: energiø bornholm,
6,energiø bornholm,6: energiø bornholm,
6,energiø bornholm,6: energiø bornholm,
6,energiø bornholm,6: energiø bornholm,
6,energiø bornholm,6: energiø bornholm,
6,energiø bornholm,6: energiø bornholm,
6,energiø bornholm,6: energiø bornholm,
6,energiø bornholm,6: energiø bornholm,
6,energiø bornholm,6: energiø bornholm,
6,energiø bornholm,6: energiø bornholm,
6,energiø bornholm,6: energiø bornholm,
6,energiø bornholm,6: energiø bornholm,
6,energiø bornholm,6: energiø bornholm,
6,energiø bornholm,6: energiø bornholm,
6,energiø bornholm,6: energiø bornholm,
6,energiø bornholm,6: energiø bornholm,
6,energiø bornholm,6: energiø bornholm,
6,energiø bornholm,6: energiø bornholm,
6,energiø bornholm,6: energiø bornholm,
6,energiø bornholm,6: energiø bornholm,
6,energiø bornholm,6: energiø bornholm,
6,energiø bornholm,6: energiø bornholm,
6,energiø bornholm,6: energiø bornholm,
6,energiø bornholm,6: energiø bornholm,
6,energiø bornholm,6: energiø bornholm,
6,energiø bornholm,6: energiø bornholm,
6,energiø bornholm,6: energiø bornholm,
6,energiø bornholm,6: energiø bornholm,
6,energiø bornholm,6: energiø bornholm,
6,energiø bornholm,6: energiø bornholm,
6,energiø bornholm,6: energiø bornholm,
6,energiø bornholm,6: energiø bornholm,
6,energiø bornholm,6: energiø bornholm,
6,energiø bornholm,6: energiø bornholm,
6,energiø bornholm,6: energiø bornholm,
6,energiø bornholm,6: energiø bornholm,
6,energiø bornholm,6: energiø bornholm,
6,energiø bornholm,6: energiø bornholm,
6,energiø bornholm,6: energiø bornholm,
6,energiø bornholm,6: energiø bornholm,
6,energiø bornholm,6: energiø bornholm,
6,energiø bornholm,6: energiø bornholm,
6,energiø bornholm,6: energiø bornholm,
6,energiø bornholm,6: energiø bornholm,
6,energiø bornholm,6: energiø bornholm,
6,energiø bornholm,6: energiø bornholm,
6,energiø bornholm,6: energiø bornholm,
6,energiø bornholm,6: energiø bornholm,
6,energiø bornholm,6: energiø bornholm,
6,energiø bornholm,6: energiø bornholm,
6,energiø bornholm,6: energiø bornholm,
6,energiø bornholm,6: energiø bornholm,
6,energiø bornholm,6: energiø bornholm,
6,energiø bornholm,6: energiø bornholm,
6,energiø bornholm,6: energiø bornholm,
6,energiø bornholm,6: energiø bornholm,
6,energiø bornholm,6: energiø bornholm,
6,energiø bornholm,6: energiø bornholm,
6,energiø bornholm,6: energiø bornholm,
6,energiø bornholm,6: energiø bornholm,
6,energiø bornholm,6: energiø bornholm,
6,energiø bornholm,6: energiø bornholm,
6,energiø bornholm,6: energiø bornholm,
6,energiø bornholm,6: energiø bornholm,
6,energiø bornholm,6: energiø bornholm,
6,energiø bornholm,6: energiø bornholm,
6,energiø bornholm,6: energiø bornholm,
6,energiø bornholm,6: energiø bornholm,
6,energiø bornholm,6: energiø bornholm,
6,energiø bornholm,6: energiø bornholm,
6,energiø bornholm,6: energiø bornholm,
6,energiø bornholm,6: energiø bornholm,
6,energiø bornholm,6: energiø bornholm,
6,energiø bornholm,6: energiø bornholm,
6,energiø bornholm,6: energiø bornholm,
6,energiø bornholm,6: energiø bornholm,
6,energiø bornholm,6: energiø bornholm,
6,energiø bornholm,6: energiø bornholm,
6,energiø bornholm,6: energiø bornholm,
6,energiø bornholm,6: energiø bornholm,
6,energiø bornholm,6: energiø bornholm,
6,energiø bornholm,6: energiø bornholm,
6,energiø bornholm,6: energiø bornholm,
6,energiø bornholm,6: energiø bornholm,
6,energiø bornholm,6: energiø bornholm,
6,energiø bornholm,6: energiø bornholm,
6,energiø bornholm,6: energiø bornholm,
6,energiø bornholm,6: energiø bornholm,
6,energiø bornholm,6: energiø bornholm,
6,energiø bornholm,6: energiø bornholm,
6,energiø bornholm,6: energiø bornholm,
6,energiø bornholm,6: energiø bornholm,
6,energiø bornholm,6: energiø bornholm,
6,energiø bornholm,6: energiø bornholm,
6,energiø bornholm,6: energiø bornholm,
6,energiø bornholm,6: energiø bornholm,
6,energiø bornholm,6: energiø bornholm,
6,energiø bornholm,6: energiø bornholm,
6,energiø bornholm,6: energiø bornholm,
6,energiø bornholm,6: energiø bornholm,
6,energiø bornholm,6: energiø bornholm,
6,energiø bornholm,6: energiø bornholm,
6,energiø bornholm,6: energiø bornholm,
6,energiø bornholm,6: energiø bornholm,
6,energiø bornholm,6: energiø bornholm,
6,energiø bornholm,6: energiø bornholm,
6,energiø bornholm,6: energiø bornholm,
6,energiø bornholm,6: energiø bornholm,
6,energiø bornholm,6: energiø bornholm,
6,energiø bornholm,6: energiø bornholm,
6,energiø bornholm,6: energiø bornholm,
6,energiø bornholm,6: energiø bornholm,
6,energiø bornholm,6: energiø bornholm,
6,energiø bornholm,6: energiø bornholm,
6,energiø bornholm,6: energiø bornholm,
6,energiø bornholm,6: energiø bornholm,
6,energiø bornholm,6: energiø bornholm,
6,energiø bornholm,6: energiø bornholm,
6,energiø bornholm,6: energiø bornholm,
6,energiø bornholm,6: energiø bornholm,
6,energiø bornholm,6: energiø bornholm,
6,energiø bornholm,6: energiø bornholm,
6,energiø bornholm,6: energiø bornholm,
6,energiø bornholm,6: energiø bornholm,
6,energiø bornholm,6: energiø bornholm,
6,energiø bornholm,6: energiø bornholm,
6,energiø bornholm,6: energiø bornholm,
6,energiø bornholm,6: energiø bornholm,
6,energiø bornholm,6: energiø bornholm,
6,energiø bornholm,6: energiø bornholm,
6,energiø bornholm,6: energiø bornholm,
6,energiø bornholm,6: energiø bornholm,
6,energiø bornholm,6: energiø bornholm,
6,energiø bornholm,6: energiø bornholm,
6,energiø bornholm,6: energiø bornholm,
6,energiø bornholm,6: energiø bornholm,
6,energiø bornholm,6: energiø bornholm,
6,energiø bornholm,6: energiø bornholm,
6,energiø bornholm,6: energiø bornholm,
6,energiø bornholm,6: energiø bornholm,
6,energiø bornholm,6: energiø bornholm,
6,energiø bornholm,6: energiø bornholm,
6,energiø bornholm,6: energiø bornholm,
6,energiø bornholm,6: energiø bornholm,
6,energiø bornholm,6: energiø bornholm,
6,energiø bornholm,6: energiø bornholm,
6,energiø bornholm,6: energiø bornholm,
6,energiø bornholm,6: energiø bornholm,
6,energiø bornholm,6: energiø bornholm,
6,energiø bornholm,6: energiø bornholm,
6,energiø bornholm,6: energiø bornholm,
6,energiø bornholm,6: energiø bornholm,
6,energiø bornholm,6: energiø bornholm,
6,energiø bornholm,6: energiø bornholm,
6,energiø bornholm,6: energiø bornholm,
6,energiø bornholm,6: energiø bornholm,
6,energiø bornholm,6: energiø bornholm,
6,energiø bornholm,6: energiø bornholm,
6,energiø bornholm,6: energiø bornholm,
6,energiø bornholm,6: energiø bornholm,
6,energiø bornholm,6: energiø bornholm,
6,energiø bornholm,6: energiø bornholm,
6,energiø bornholm,6: energiø bornholm,
6,energiø bornholm,6: energiø bornholm,
6,energiø bornholm,6: energiø bornholm,
6,energiø bornholm,6: energiø bornholm,
6,energiø bornholm,6: energiø bornholm,
6,energiø bornholm,6: energiø bornholm,
6,energiø bornholm,6: energiø bornholm,
6,energiø bornholm,6: energiø bornholm,
6,energiø bornholm,6: energiø bornholm,
6,energiø bornholm,6: energiø bornholm,
6,energiø bornholm,6: energiø bornholm,
6,energiø bornholm,6: energiø bornholm,
6,energiø bornholm,6: energiø bornholm,
6,energiø bornholm,6: energiø bornholm,
6,energiø bornholm,6: energiø bornholm,
6,energiø bornholm,6: energiø bornholm,
6,energiø bornholm,6: energiø bornholm,
6,energiø bornholm,6: energiø bornholm,
6,energiø bornholm,6: energiø bornholm,
6,energiø bornholm,6: energiø bornholm,
6,energiø bornholm,6: energiø bornholm,
6,energiø bornholm,6: energiø bornholm,
6,energiø bornholm,6: energiø bornholm,
6,energiø bornholm,6: energiø bornholm,
6,energiø bornholm,6: energiø bornholm,
6,energiø bornholm,6: energiø bornholm,
6,energiø bornholm,6: energiø bornholm,
6,energiø bornholm,6: energiø bornholm,
6,energiø bornholm,6: energiø bornholm,
6,energiø bornholm,6: energiø bornholm,
6,energiø bornholm,6: energiø bornholm,
6,energiø bornholm,6: energiø bornholm,
6,energiø bornholm,6: energiø bornholm,
6,energiø bornholm,6: energiø bornholm,
6,energiø bornholm,6: energiø bornholm,
6,energiø bornholm,6: energiø bornholm,
6,energiø bornholm,6: energiø bornholm,
6,energiø bornholm,6: energiø bornholm,
6,energiø bornholm,6: energiø bornholm,
6,energiø bornholm,6: energiø bornholm,
6,energiø bornholm,6: energiø bornholm,
6,energiø bornholm,6: energiø bornholm,
6,energiø bornholm,6: energiø bornholm,
6,energiø bornholm,6: energiø bornholm,
6,energiø bornholm,6: energiø bornholm,
6,energiø bornholm,6: energiø bornholm,
6,energiø bornholm,6: energiø bornholm,
6,energiø bornholm,6: energiø bornholm,
6,energiø bornholm,6: energiø bornholm,
6,energiø bornholm,6: energiø bornholm,
6,energiø bornholm,6: energiø bornholm,
6,energiø bornholm,6: energiø bornholm,
6,energiø bornholm,6: energiø bornholm,
7,renew energi,7: renew energi,
7,renew energi,7: renew energi,
7,renew energi,7: renew energi,
7,renew energi,7: renew energi,
7,renew energi,7: renew energi,
7,renew energi,7: renew energi,
7,renew energi,7: renew energi,
7,renew energi,7: renew energi,
7,renew energi,7: renew energi,
7,renew energi,7: renew energi,
7,renew energi,7: renew energi,
7,renew energi,7: renew energi,
7,renew energi,7: renew energi,
7,renew energi,7: renew energi,
7,renew energi,7: renew energi,
7,renew energi,7: renew energi,
7,renew energi,7: renew energi,
7,renew energi,7: renew energi,
7,renew energi,7: renew energi,
7,renew energi,7: renew energi,
7,renew energi,7: renew energi,
7,renew energi,7: renew energi,
7,renew energi,7: renew energi,
7,renew energi,7: renew energi,
7,renew energi,7: renew energi,
7,renew energi,7: renew energi,
7,renew energi,7: renew energi,
7,renew energi,7: renew energi,
7,renew energi,7: renew energi,
7,renew energi,7: renew energi,
7,renew energi,7: renew energi,
7,renew energi,7: renew energi,
7,renew energi,7: renew energi,
7,renew energi,7: renew energi,
7,renew energi,7: renew energi,
7,renew energi,7: renew energi,
7,renew energi,7: renew energi,
7,renew energi,7: renew energi,
7,renew energi,7: renew energi,
7,renew energi,7: renew energi,
7,renew energi,7: renew energi,
7,renew energi,7: renew energi,
7,renew energi,7: renew energi,
7,renew energi,7: renew energi,
7,renew energi,7: renew energi,
7,renew energi,7: renew energi,
7,renew energi,7: renew energi,
7,renew energi,7: renew energi,
7,renew energi,7: renew energi,
7,renew energi,7: renew energi,
7,renew energi,7: renew energi,
7,renew energi,7: renew energi,
7,renew energi,7: renew energi,
7,renew energi,7: renew energi,
7,renew energi,7: renew energi,
7,renew energi,7: renew energi,
7,renew energi,7: renew energi,
7,renew energi,7: renew energi,
7,renew energi,7: renew energi,
7,renew energi,7: renew energi,
7,renew energi,7: renew energi,
7,renew energi,7: renew energi,
7,renew energi,7: renew energi,
7,renew energi,7: renew energi,
7,renew energi,7: renew energi,
7,renew energi,7: renew energi,
7,renew energi,7: renew energi,
7,renew energi,7: renew energi,
7,renew energi,7: renew energi,
7,renew energi,7: renew energi,
7,renew energi,7: renew energi,
7,renew energi,7: renew energi,
7,renew energi,7: renew energi,
7,renew energi,7: renew energi,
7,renew energi,7: renew energi,
7,renew energi,7: renew energi,
7,renew energi,7: renew energi,
7,renew energi,7: renew energi,
7,renew energi,7: renew energi,
7,renew energi,7: renew energi,
7,renew energi,7: renew energi,
7,renew energi,7: renew energi,
7,renew energi,7: renew energi,
7,renew energi,7: renew energi,
7,renew energi,7: renew energi,
7,renew energi,7: renew energi,
7,renew energi,7: renew energi,
7,renew energi,7: renew energi,
7,renew energi,7: renew energi,
7,renew energi,7: renew energi,
7,renew energi,7: renew energi,
7,renew energi,7: renew energi,
7,renew energi,7: renew energi,
7,renew energi,7: renew energi,
7,renew energi,7: renew energi,
7,renew energi,7: renew energi,
7,renew energi,7: renew energi,
7,renew energi,7: renew energi,
7,renew energi,7: renew energi,
7,renew energi,7: renew energi,
7,renew energi,7: renew energi,
7,renew energi,7: renew energi,
7,renew energi,7: renew energi,
7,renew energi,7: renew energi,
7,renew energi,7: renew energi,
7,renew energi,7: renew energi,
7,renew energi,7: renew energi,
7,renew energi,7: renew energi,
7,renew energi,7: renew energi,
7,renew energi,7: renew energi,
7,renew energi,7: renew energi,
7,renew energi,7: renew energi,
7,renew energi,7: renew energi,
7,renew energi,7: renew energi,
7,renew energi,7: renew energi,
7,renew energi,7: renew energi,
7,renew energi,7: renew energi,
7,renew energi,7: renew energi,
7,renew energi,7: renew energi,
7,renew energi,7: renew energi,
7,renew energi,7: renew energi,
7,renew energi,7: renew energi,
7,renew energi,7: renew energi,
7,renew energi,7: renew energi,
7,renew energi,7: renew energi,
7,renew energi,7: renew energi,
7,renew energi,7: renew energi,
7,renew energi,7: renew energi,
7,renew energi,7: renew energi,
7,renew energi,7: renew energi,
7,renew energi,7: renew energi,
7,renew energi,7: renew energi,
7,renew energi,7: renew energi,
7,renew energi,7: renew energi,
7,renew energi,7: renew energi,
7,renew energi,7: renew energi,
7,renew energi,7: renew energi,
7,renew energi,7: renew energi,
7,renew energi,7: renew energi,
7,renew energi,7: renew energi,
7,renew energi,7: renew energi,
7,renew energi,7: renew energi,
7,renew energi,7: renew energi,
7,renew energi,7: renew energi,
7,renew energi,7: renew energi,
7,renew energi,7: renew energi,
6,energiø bornholm,6: energiø bornholm,
6,energiø bornholm,6: energiø bornholm,
6,energiø bornholm,6: energiø bornholm,
6,energiø bornholm,6: energiø bornholm,
6,energiø bornholm,6: energiø bornholm,
6,energiø bornholm,6: energiø bornholm,
6,energiø bornholm,6: energiø bornholm,
6,energiø bornholm,6: energiø bornholm,
6,energiø bornholm,6: energiø bornholm,
6,energiø bornholm,6: energiø bornholm,
6,energiø bornholm,6: energiø bornholm,
6,energiø bornholm,6: energiø bornholm,
6,energiø bornholm,6: energiø bornholm,
6,energiø bornholm,6: energiø bornholm,
6,energiø bornholm,6: energiø bornholm,
6,energiø bornholm,6: energiø bornholm,
6,energiø bornholm,6: energiø bornholm,
6,energiø bornholm,6: energiø bornholm,
6,energiø bornholm,6: energiø bornholm,
6,energiø bornholm,6: energiø bornholm,
6,energiø bornholm,6: energiø bornholm,
6,energiø bornholm,6: energiø bornholm,
6,energiø bornholm,6: energiø bornholm,
6,energiø bornholm,6: energiø bornholm,
6,energiø bornholm,6: energiø bornholm,
6,energiø bornholm,6: energiø bornholm,
6,energiø bornholm,6: energiø bornholm,
6,energiø bornholm,6: energiø bornholm,
6,energiø bornholm,6: energiø bornholm,
6,energiø bornholm,6: energiø bornholm,
6,energiø bornholm,6: energiø bornholm,
6,energiø bornholm,6: energiø bornholm,
6,energiø bornholm,6: energiø bornholm,
6,energiø bornholm,6: energiø bornholm,
6,energiø bornholm,6: energiø bornholm,
6,energiø bornholm,6: energiø bornholm,
6,energiø bornholm,6: energiø bornholm,
6,energiø bornholm,6: energiø bornholm,
6,energiø bornholm,6: energiø bornholm,
6,energiø bornholm,6: energiø bornholm,
6,energiø bornholm,6: energiø bornholm,
6,energiø bornholm,6: energiø bornholm,
6,energiø bornholm,6: energiø bornholm,
6,energiø bornholm,6: energiø bornholm,
6,energiø bornholm,6: energiø bornholm,
6,energiø bornholm,6: energiø bornholm,
6,energiø bornholm,6: energiø bornholm,
6,energiø bornholm,6: energiø bornholm,
6,energiø bornholm,6: energiø bornholm,
6,energiø bornholm,6: energiø bornholm,
6,energiø bornholm,6: energiø bornholm,
6,energiø bornholm,6: energiø bornholm,
6,energiø bornholm,6: energiø bornholm,
6,energiø bornholm,6: energiø bornholm,
6,energiø bornholm,6: energiø bornholm,
6,energiø bornholm,6: energiø bornholm,
6,energiø bornholm,6: energiø bornholm,
6,energiø bornholm,6: energiø bornholm,
6,energiø bornholm,6: energiø bornholm,
6,energiø bornholm,6: energiø bornholm,
6,energiø bornholm,6: energiø bornholm,
6,energiø bornholm,6: energiø bornholm,
6,energiø bornholm,6: energiø bornholm,
6,energiø bornholm,6: energiø bornholm,
6,energiø bornholm,6: energiø bornholm,
6,energiø bornholm,6: energiø bornholm,
6,energiø bornholm,6: energiø bornholm,
6,energiø bornholm,6: energiø bornholm,
6,energiø bornholm,6: energiø bornholm,
6,energiø bornholm,6: energiø bornholm,
6,energiø bornholm,6: energiø bornholm,
6,energiø bornholm,6: energiø bornholm,
6,energiø bornholm,6: energiø bornholm,
6,energiø bornholm,6: energiø bornholm,
6,energiø bornholm,6: energiø bornholm,
6,energiø bornholm,6: energiø bornholm,
6,energiø bornholm,6: energiø bornholm,
6,energiø bornholm,6: energiø bornholm,
6,energiø bornholm,6: energiø bornholm,
6,energiø bornholm,6: energiø bornholm,
6,energiø bornholm,6: energiø bornholm,
6,energiø bornholm,6: energiø bornholm,
6,energiø bornholm,6: energiø bornholm,
6,energiø bornholm,6: energiø bornholm,
6,energiø bornholm,6: energiø bornholm,
6,energiø bornholm,6: energiø bornholm,
6,energiø bornholm,6: energiø bornholm,
6,energiø bornholm,6: energiø bornholm,
6,energiø bornholm,6: energiø bornholm,
6,energiø bornholm,6: energiø bornholm,
6,energiø bornholm,6: energiø bornholm,
6,energiø bornholm,6: energiø bornholm,
6,energiø bornholm,6: energiø bornholm,
6,energiø bornholm,6: energiø bornholm,
6,energiø bornholm,6: energiø bornholm,
6,energiø bornholm,6: energiø bornholm,
6,energiø bornholm,6: energiø bornholm,
6,energiø bornholm,6: energiø bornholm,
6,energiø bornholm,6: energiø bornholm,
6,energiø bornholm,6: energiø bornholm,
6,energiø bornholm,6: energiø bornholm,
6,energiø bornholm,6: energiø bornholm,
6,energiø bornholm,6: energiø bornholm,
6,energiø bornholm,6: energiø bornholm,
6,energiø bornholm,6: energiø bornholm,
6,energiø bornholm,6: energiø bornholm,
6,energiø bornholm,6: energiø bornholm,
6,energiø bornholm,6: energiø bornholm,
6,energiø bornholm,6: energiø bornholm,
6,energiø bornholm,6: energiø bornholm,
6,energiø bornholm,6: energiø bornholm,
6,energiø bornholm,6: energiø bornholm,
6,energiø bornholm,6: energiø bornholm,
6,energiø bornholm,6: energiø bornholm,
6,energiø bornholm,6: energiø bornholm,
6,energiø bornholm,6: energiø bornholm,
6,energiø bornholm,6: energiø bornholm,
6,energiø bornholm,6: energiø bornholm,
6,energiø bornholm,6: energiø bornholm,
6,energiø bornholm,6: energiø bornholm,
6,energiø bornholm,6: energiø bornholm,
6,energiø bornholm,6: energiø bornholm,
6,energiø bornholm,6: energiø bornholm,
6,energiø bornholm,6: energiø bornholm,
6,energiø bornholm,6: energiø bornholm,
6,energiø bornholm,6: energiø bornholm,
6,energiø bornholm,6: energiø bornholm,
6,energiø bornholm,6: energiø bornholm,
6,energiø bornholm,6: energiø bornholm,
6,energiø bornholm,6: energiø bornholm,
6,energiø bornholm,6: energiø bornholm,
6,energiø bornholm,6: energiø bornholm,
6,energiø bornholm,6: energiø bornholm,
6,energiø bornholm,6: energiø bornholm,
6,energiø bornholm,6: energiø bornholm,
6,energiø bornholm,6: energiø bornholm,
6,energiø bornholm,6: energiø bornholm,
6,energiø bornholm,6: energiø bornholm,
6,energiø bornholm,6: energiø bornholm,
6,energiø bornholm,6: energiø bornholm,
6,energiø bornholm,6: energiø bornholm,
6,energiø bornholm,6: energiø bornholm,
6,energiø bornholm,6: energiø bornholm,
6,energiø bornholm,6: energiø bornholm,
6,energiø bornholm,6: energiø bornholm,
6,energiø bornholm,6: energiø bornholm,
6,energiø bornholm,6: energiø bornholm,
6,energiø bornholm,6: energiø bornholm,
6,energiø bornholm,6: energiø bornholm,
6,energiø bornholm,6: energiø bornholm,
6,energiø bornholm,6: energiø bornholm,
6,energiø bornholm,6: energiø bornholm,
6,energiø bornholm,6: energiø bornholm,
6,energiø bornholm,6: energiø bornholm,
6,energiø bornholm,6: energiø bornholm,
6,energiø bornholm,6: energiø bornholm,
6,energiø bornholm,6: energiø bornholm,
6,energiø bornholm,6: energiø bornholm,
6,energiø bornholm,6: energiø bornholm,
6,energiø bornholm,6: energiø bornholm,
6,energiø bornholm,6: energiø bornholm,
6,energiø bornholm,6: energiø bornholm,
6,energiø bornholm,6: energiø bornholm,
6,energiø bornholm,6: energiø bornholm,
6,energiø bornholm,6: energiø bornholm,
6,energiø bornholm,6: energiø bornholm,
6,energiø bornholm,6: energiø bornholm,
6,energiø bornholm,6: energiø bornholm,
6,energiø bornholm,6: energiø bornholm,
6,energiø bornholm,6: energiø bornholm,
6,energiø bornholm,6: energiø bornholm,
7,renew energi,7: renew energi,
7,renew energi,7: renew energi,
7,renew energi,7: renew energi,
7,renew energi,7: renew energi,
7,renew energi,7: renew energi,
7,renew energi,7: renew energi,
7,renew energi,7: renew energi,
7,renew energi,7: renew energi,
7,renew energi,7: renew energi,
7,renew energi,7: renew energi,
7,renew energi,7: renew energi,
7,renew energi,7: renew energi,
7,renew energi,7: renew energi,
7,renew energi,7: renew energi,
7,renew energi,7: renew energi,
7,renew energi,7: renew energi,
7,renew energi,7: renew energi,
7,renew energi,7: renew energi,
7,renew energi,7: renew energi,
7,renew energi,7: renew energi,
7,renew energi,7: renew energi,
7,renew energi,7: renew energi,
7,renew energi,7: renew energi,
7,renew energi,7: renew energi,
7,renew energi,7: renew energi,
7,renew energi,7: renew energi,
7,renew energi,7: renew energi,
7,renew energi,7: renew energi,
7,renew energi,7: renew energi,
7,renew energi,7: renew energi,
7,renew energi,7: renew energi,
7,renew energi,7: renew energi,
7,renew energi,7: renew energi,
7,renew energi,7: renew energi,
7,renew energi,7: renew energi,
7,renew energi,7: renew energi,
7,renew energi,7: renew energi,
7,renew energi,7: renew energi,
7,renew energi,7: renew energi,
7,renew energi,7: renew energi,
7,renew energi,7: renew energi,
7,renew energi,7: renew energi,
7,renew energi,7: renew energi,
7,renew energi,7: renew energi,
7,renew energi,7: renew energi,
7,renew energi,7: renew energi,
7,renew energi,7: renew energi,
7,renew energi,7: renew energi,
7,renew energi,7: renew energi,
7,renew energi,7: renew energi,
7,renew energi,7: renew energi,
7,renew energi,7: renew energi,
7,renew energi,7: renew energi,
7,renew energi,7: renew energi,
7,renew energi,7: renew energi,
7,renew energi,7: renew energi,
7,renew energi,7: renew energi,
7,renew energi,7: renew energi,
7,renew energi,7: renew energi,
7,renew energi,7: renew energi,
7,renew energi,7: renew energi,
7,renew energi,7: renew energi,
7,renew energi,7: renew energi,
7,renew energi,7: renew energi,
7,renew energi,7: renew energi,
7,renew energi,7: renew energi,
7,renew energi,7: renew energi,
7,renew energi,7: renew energi,
7,renew energi,7: renew energi,
7,renew energi,7: renew energi,
7,renew energi,7: renew energi,
7,renew energi,7: renew energi,
7,renew energi,7: renew energi,
7,renew energi,7: renew energi,
7,renew energi,7: renew energi,
7,renew energi,7: renew energi,
7,renew energi,7: renew energi,
7,renew energi,7: renew energi,
7,renew energi,7: renew energi,
7,renew energi,7: renew energi,
7,renew energi,7: renew energi,
7,renew energi,7: renew energi,
7,renew energi,7: renew energi,
7,renew energi,7: renew energi,
7,renew energi,7: renew energi,
7,renew energi,7: renew energi,
7,renew energi,7: renew energi,
7,renew energi,7: renew energi,
7,renew energi,7: renew energi,
7,renew energi,7: renew energi,
7,renew energi,7: renew energi,
7,renew energi,7: renew energi,
7,renew energi,7: renew energi,
7,renew energi,7: renew energi,
7,renew energi,7: renew energi,
7,renew energi,7: renew energi,
7,renew energi,7: renew energi,
7,renew energi,7: renew energi,
7,renew energi,7: renew energi,
7,renew energi,7: renew energi,
7,renew energi,7: renew energi,
7,renew energi,7: renew energi,
7,renew energi,7: renew energi,
7,renew energi,7: renew energi,
7,renew energi,7: renew energi,
7,renew energi,7: renew energi,
7,renew energi,7: renew energi,
7,renew energi,7: renew energi,
7,renew energi,7: renew energi,
7,renew energi,7: renew energi,
7,renew energi,7: renew energi,
7,renew energi,7: renew energi,
7,renew energi,7: renew energi,
7,renew energi,7: renew energi,
7,renew energi,7: renew energi,
7,renew energi,7: renew energi,
7,renew energi,7: renew energi,
7,renew energi,7: renew energi,
7,renew energi,7: renew energi,
7,renew energi,7: renew energi,
7,renew energi,7: renew energi,
7,renew energi,7: renew energi,
7,renew energi,7: renew energi,
7,renew energi,7: renew energi,
7,renew energi,7: renew energi,
7,renew energi,7: renew energi,
7,renew energi,7: renew energi,
7,renew energi,7: renew energi,
7,renew energi,7: renew energi,
7,renew energi,7: renew energi,
7,renew energi,7: renew energi,
7,renew energi,7: renew energi,
7,renew energi,7: renew energi,
7,renew energi,7: renew energi,
7,renew energi,7: renew energi,
7,renew energi,7: renew energi,
7,renew energi,7: renew energi,
7,renew energi,7: renew energi,
7,renew energi,7: renew energi,
7,renew energi,7: renew energi,
7,renew energi,7: renew energi,
7,renew energi,7: renew energi,
7,renew energi,7: renew energi,
7,renew energi,7: renew energi,
7,renew energi,7: renew energi,
7,renew energi,7: renew energi,
6,energiø bornholm,6: energiø bornholm,
6,energiø bornholm,6: energiø bornholm,
6,energiø bornholm,6: energiø bornholm,
6,energiø bornholm,6: energiø bornholm,
6,energiø bornholm,6: energiø bornholm,
6,energiø bornholm,6: energiø bornholm,
6,energiø bornholm,6: energiø bornholm,
6,energiø bornholm,6: energiø bornholm,
6,energiø bornholm,6: energiø bornholm,
6,energiø bornholm,6: energiø bornholm,
6,energiø bornholm,6: energiø bornholm,
6,energiø bornholm,6: energiø bornholm,
6,energiø bornholm,6: energiø bornholm,
6,energiø bornholm,6: energiø bornholm,
6,energiø bornholm,6: energiø bornholm,
6,energiø bornholm,6: energiø bornholm,
6,energiø bornholm,6: energiø bornholm,
6,energiø bornholm,6: energiø bornholm,
6,energiø bornholm,6: energiø bornholm,
6,energiø bornholm,6: energiø bornholm,
6,energiø bornholm,6: energiø bornholm,
6,energiø bornholm,6: energiø bornholm,
6,energiø bornholm,6: energiø bornholm,
6,energiø bornholm,6: energiø bornholm,
6,energiø bornholm,6: energiø bornholm,
6,energiø bornholm,6: energiø bornholm,
6,energiø bornholm,6: energiø bornholm,
6,energiø bornholm,6: energiø bornholm,
6,energiø bornholm,6: energiø bornholm,
6,energiø bornholm,6: energiø bornholm,
6,energiø bornholm,6: energiø bornholm,
6,energiø bornholm,6: energiø bornholm,
6,energiø bornholm,6: energiø bornholm,
6,energiø bornholm,6: energiø bornholm,
6,energiø bornholm,6: energiø bornholm,
6,energiø bornholm,6: energiø bornholm,
6,energiø bornholm,6: energiø bornholm,
6,energiø bornholm,6: energiø bornholm,
6,energiø bornholm,6: energiø bornholm,
6,energiø bornholm,6: energiø bornholm,
6,energiø bornholm,6: energiø bornholm,
6,energiø bornholm,6: energiø bornholm,
6,energiø bornholm,6: energiø bornholm,
6,energiø bornholm,6: energiø bornholm,
6,energiø bornholm,6: energiø bornholm,
6,energiø bornholm,6: energiø bornholm,
6,energiø bornholm,6: energiø bornholm,
6,energiø bornholm,6: energiø bornholm,
6,energiø bornholm,6: energiø bornholm,
6,energiø bornholm,6: energiø bornholm,
6,energiø bornholm,6: energiø bornholm,
6,energiø bornholm,6: energiø bornholm,
6,energiø bornholm,6: energiø bornholm,
6,energiø bornholm,6: energiø bornholm,
6,energiø bornholm,6: energiø bornholm,
6,energiø bornholm,6: energiø bornholm,
6,energiø bornholm,6: energiø bornholm,
6,energiø bornholm,6: energiø bornholm,
6,energiø bornholm,6: energiø bornholm,
6,energiø bornholm,6: energiø bornholm,
6,energiø bornholm,6: energiø bornholm,
6,energiø bornholm,6: energiø bornholm,
6,energiø bornholm,6: energiø bornholm,
6,energiø bornholm,6: energiø bornholm,
6,energiø bornholm,6: energiø bornholm,
6,energiø bornholm,6: energiø bornholm,
6,energiø bornholm,6: energiø bornholm,
6,energiø bornholm,6: energiø bornholm,
6,energiø bornholm,6: energiø bornholm,
6,energiø bornholm,6: energiø bornholm,
6,energiø bornholm,6: energiø bornholm,
6,energiø bornholm,6: energiø bornholm,
6,energiø bornholm,6: energiø bornholm,
6,energiø bornholm,6: energiø bornholm,
6,energiø bornholm,6: energiø bornholm,
6,energiø bornholm,6: energiø bornholm,
6,energiø bornholm,6: energiø bornholm,
6,energiø bornholm,6: energiø bornholm,
6,energiø bornholm,6: energiø bornholm,
6,energiø bornholm,6: energiø bornholm,
6,energiø bornholm,6: energiø bornholm,
6,energiø bornholm,6: energiø bornholm,
6,energiø bornholm,6: energiø bornholm,
6,energiø bornholm,6: energiø bornholm,
6,energiø bornholm,6: energiø bornholm,
6,energiø bornholm,6: energiø bornholm,
6,energiø bornholm,6: energiø bornholm,
6,energiø bornholm,6: energiø bornholm,
6,energiø bornholm,6: energiø bornholm,
6,energiø bornholm,6: energiø bornholm,
6,energiø bornholm,6: energiø bornholm,
6,energiø bornholm,6: energiø bornholm,
6,energiø bornholm,6: energiø bornholm,
6,energiø bornholm,6: energiø bornholm,
6,energiø bornholm,6: energiø bornholm,
6,energiø bornholm,6: energiø bornholm,
6,energiø bornholm,6: energiø bornholm,
6,energiø bornholm,6: energiø bornholm,
6,energiø bornholm,6: energiø bornholm,
6,energiø bornholm,6: energiø bornholm,
6,energiø bornholm,6: energiø bornholm,
6,energiø bornholm,6: energiø bornholm,
6,energiø bornholm,6: energiø bornholm,
6,energiø bornholm,6: energiø bornholm,
6,energiø bornholm,6: energiø bornholm,
6,energiø bornholm,6: energiø bornholm,
6,energiø bornholm,6: energiø bornholm,
6,energiø bornholm,6: energiø bornholm,
6,energiø bornholm,6: energiø bornholm,
6,energiø bornholm,6: energiø bornholm,
6,energiø bornholm,6: energiø bornholm,
6,energiø bornholm,6: energiø bornholm,
6,energiø bornholm,6: energiø bornholm,
6,energiø bornholm,6: energiø bornholm,
6,energiø bornholm,6: energiø bornholm,
6,energiø bornholm,6: energiø bornholm,
6,energiø bornholm,6: energiø bornholm,
6,energiø bornholm,6: energiø bornholm,
6,energiø bornholm,6: energiø bornholm,
6,energiø bornholm,6: energiø bornholm,
6,energiø bornholm,6: energiø bornholm,
6,energiø bornholm,6: energiø bornholm,
6,energiø bornholm,6: energiø bornholm,
6,energiø bornholm,6: energiø bornholm,
6,energiø bornholm,6: energiø bornholm,
6,energiø bornholm,6: energiø bornholm,
6,energiø bornholm,6: energiø bornholm,
6,energiø bornholm,6: energiø bornholm,
6,energiø bornholm,6: energiø bornholm,
6,energiø bornholm,6: energiø bornholm,
6,energiø bornholm,6: energiø bornholm,
6,energiø bornholm,6: energiø bornholm,
6,energiø bornholm,6: energiø bornholm,
6,energiø bornholm,6: energiø bornholm,
6,energiø bornholm,6: energiø bornholm,
6,energiø bornholm,6: energiø bornholm,
6,energiø bornholm,6: energiø bornholm,
6,energiø bornholm,6: energiø bornholm,
6,energiø bornholm,6: energiø bornholm,
6,energiø bornholm,6: energiø bornholm,
6,energiø bornholm,6: energiø bornholm,
6,energiø bornholm,6: energiø bornholm,
6,energiø bornholm,6: energiø bornholm,
6,energiø bornholm,6: energiø bornholm,
6,energiø bornholm,6: energiø bornholm,
6,energiø bornholm,6: energiø bornholm,
6,energiø bornholm,6: energiø bornholm,
6,energiø bornholm,6: energiø bornholm,
6,energiø bornholm,6: energiø bornholm,
6,energiø bornholm,6: energiø bornholm,
6,energiø bornholm,6: energiø bornholm,
6,energiø bornholm,6: energiø bornholm,
6,energiø bornholm,6: energiø bornholm,
6,energiø bornholm,6: energiø bornholm,
6,energiø bornholm,6: energiø bornholm,
6,energiø bornholm,6: energiø bornholm,
6,energiø bornholm,6: energiø bornholm,
6,energiø bornholm,6: energiø bornholm,
6,energiø bornholm,6: energiø bornholm,
6,energiø bornholm,6: energiø bornholm,
6,energiø bornholm,6: energiø bornholm,
6,energiø bornholm,6: energiø bornholm,
6,energiø bornholm,6: energiø bornholm,
6,energiø bornholm,6: energiø bornholm,
6,energiø bornholm,6: energiø bornholm,
6,energiø bornholm,6: energiø bornholm,
6,energiø bornholm,6: energiø bornholm,
6,energiø bornholm,6: energiø bornholm,
6,energiø bornholm,6: energiø bornholm,
6,energiø bornholm,6: energiø bornholm,
6,energiø bornholm,6: energiø bornholm,
0,energi island,0: energi island,
0,energi island,0: energi island,
0,energi island,0: energi island,
0,energi island,0: energi island,
0,energi island,0: energi island,
0,energi island,0: energi island,
0,energi island,0: energi island,
0,energi island,0: energi island,
0,energi island,0: energi island,
0,energi island,0: energi island,
0,energi island,0: energi island,
0,energi island,0: energi island,
0,energi island,0: energi island,
0,energi island,0: energi island,
0,energi island,0: energi island,
0,energi island,0: energi island,
0,energi island,0: energi island,
0,energi island,0: energi island,
0,energi island,0: energi island,
0,energi island,0: energi island,
0,energi island,0: energi island,
0,energi island,0: energi island,
0,energi island,0: energi island,
0,energi island,0: energi island,
0,energi island,0: energi island,
0,energi island,0: energi island,
0,energi island,0: energi island,
0,energi island,0: energi island,
0,energi island,0: energi island,
0,energi island,0: energi island,
0,energi island,0: energi island,
0,energi island,0: energi island,
0,energi island,0: energi island,
0,energi island,0: energi island,
0,energi island,0: energi island,
0,energi island,0: energi island,
0,energi island,0: energi island,
0,energi island,0: energi island,
0,energi island,0: energi island,
0,energi island,0: energi island,
0,energi island,0: energi island,
0,energi island,0: energi island,
0,energi island,0: energi island,
0,energi island,0: energi island,
0,energi island,0: energi island,
0,energi island,0: energi island,
0,energi island,0: energi island,
0,energi island,0: energi island,
0,energi island,0: energi island,
0,energi island,0: energi island,
0,energi island,0: energi island,
0,energi island,0: energi island,
0,energi island,0: energi island,
0,energi island,0: energi island,
0,energi island,0: energi island,
0,energi island,0: energi island,
0,energi island,0: energi island,
0,energi island,0: energi island,
0,energi island,0: energi island,
0,energi island,0: energi island,
0,energi island,0: energi island,
0,energi island,0: energi island,
0,energi island,0: energi island,
0,energi island,0: energi island,
0,energi island,0: energi island,
0,energi island,0: energi island,
0,energi island,0: energi island,
0,energi island,0: energi island,
0,energi island,0: energi island,
0,energi island,0: energi island,
0,energi island,0: energi island,
0,energi island,0: energi island,
0,energi island,0: energi island,
0,energi island,0: energi island,
0,energi island,0: energi island,
0,energi island,0: energi island,
0,energi island,0: energi island,
0,energi island,0: energi island,
0,energi island,0: energi island,
0,energi island,0: energi island,
0,energi island,0: energi island,
0,energi island,0: energi island,
0,energi island,0: energi island,
0,energi island,0: energi island,
0,energi island,0: energi island,
0,energi island,0: energi island,
0,energi island,0: energi island,
0,energi island,0: energi island,
0,energi island,0: energi island,
0,energi island,0: energi island,
0,energi island,0: energi island,
0,energi island,0: energi island,
0,energi island,0: energi island,
0,energi island,0: energi island,
0,energi island,0: energi island,
0,energi island,0: energi island,
0,energi island,0: energi island,
0,energi island,0: energi island,
0,energi island,0: energi island,
0,energi island,0: energi island,
0,energi island,0: energi island,
0,energi island,0: energi island,
0,energi island,0: energi island,
0,energi island,0: energi island,
0,energi island,0: energi island,
0,energi island,0: energi island,
0,energi island,0: energi island,
0,energi island,0: energi island,
0,energi island,0: energi island,
0,energi island,0: energi island,
0,energi island,0: energi island,
0,energi island,0: energi island,
0,energi island,0: energi island,
0,energi island,0: energi island,
0,energi island,0: energi island,
0,energi island,0: energi island,
0,energi island,0: energi island,
0,energi island,0: energi island,
0,energi island,0: energi island,
0,energi island,0: energi island,
0,energi island,0: energi island,
0,energi island,0: energi island,
0,energi island,0: energi island,
0,energi island,0: energi island,
0,energi island,0: energi island,
0,energi island,0: energi island,
0,energi island,0: energi island,
0,energi island,0: energi island,
0,energi island,0: energi island,
0,energi island,0: energi island,
0,energi island,0: energi island,
0,energi island,0: energi island,
0,energi island,0: energi island,
0,energi island,0: energi island,
0,energi island,0: energi island,
0,energi island,0: energi island,
0,energi island,0: energi island,
0,energi island,0: energi island,
0,energi island,0: energi island,
0,energi island,0: energi island,
0,energi island,0: energi island,
0,energi island,0: energi island,
0,energi island,0: energi island,
0,energi island,0: energi island,
0,energi island,0: energi island,
0,energi island,0: energi island,
0,energi island,0: energi island,
0,energi island,0: energi island,
0,energi island,0: energi island,
0,energi island,0: energi island,
0,energi island,0: energi island,
0,energi island,0: energi island,
0,energi island,0: energi island,
0,energi island,0: energi island,
0,energi island,0: energi island,
0,energi island,0: energi island,
0,energi island,0: energi island,
0,energi island,0: energi island,
0,energi island,0: energi island,
0,energi island,0: energi island,
0,energi island,0: energi island,
0,energi island,0: energi island,
0,energi island,0: energi island,
0,energi island,0: energi island,
0,energi island,0: energi island,
0,energi island,0: energi island,
0,energi island,0: energi island,
0,energi island,0: energi island,
0,energi island,0: energi island,
0,energi island,0: energi island,
0,energi island,0: energi island,
0,energi island,0: energi island,
0,energi island,0: energi island,
0,energi island,0: energi island,
0,energi island,0: energi island,
0,energi island,0: energi island,
0,energi island,0: energi island,
0,energi island,0: energi island,
0,energi island,0: energi island,
0,energi island,0: energi island,
0,energi island,0: energi island,
0,energi island,0: energi island,
0,energi island,0: energi island,
0,energi island,0: energi island,
0,energi island,0: energi island,
0,energi island,0: energi island,
0,energi island,0: energi island,
0,energi island,0: energi island,
0,energi island,0: energi island,
0,energi island,0: energi island,
0,energi island,0: energi island,
0,energi island,0: energi island,
0,energi island,0: energi island,
0,energi island,0: energi island,
0,energi island,0: energi island,
0,energi island,0: energi island,
0,energi island,0: energi island,
0,energi island,0: energi island,
0,energi island,0: energi island,
0,energi island,0: energi island,
0,energi island,0: energi island,
0,energi island,0: energi island,
0,energi island,0: energi island,
0,energi island,0: energi island,
0,energi island,0: energi island,
0,energi island,0: energi island,
0,energi island,0: energi island,
0,energi island,0: energi island,
0,energi island,0: energi island,
0,energi island,0: energi island,
0,energi island,0: energi island,
0,energi island,0: energi island,
0,energi island,0: energi island,
0,energi island,0: energi island,
0,energi island,0: energi island,
0,energi island,0: energi island,
0,energi island,0: energi island,
0,energi island,0: energi island,
0,energi island,0: energi island,
0,energi island,0: energi island,
0,energi island,0: energi island,
0,energi island,0: energi island,
0,energi island,0: energi island,
0,energi island,0: energi island,
0,energi island,0: energi island,
0,energi island,0: energi island,
0,energi island,0: energi island,
0,energi island,0: energi island,
0,energi island,0: energi island,
0,energi island,0: energi island,
0,energi island,0: energi island,
0,energi island,0: energi island,
0,energi island,0: energi island,
0,energi island,0: energi island,
0,energi island,0: energi island,
0,energi island,0: energi island,
0,energi island,0: energi island,
0,energi island,0: energi island,
0,energi island,0: energi island,
0,energi island,0: energi island,
0,energi island,0: energi island,
0,energi island,0: energi island,
0,energi island,0: energi island,
0,energi island,0: energi island,
0,energi island,0: energi island,
0,energi island,0: energi island,
0,energi island,0: energi island,
0,energi island,0: energi island,
0,energi island,0: energi island,
0,energi island,0: energi island,
0,energi island,0: energi island,
0,energi island,0: energi island,
0,energi island,0: energi island,
0,energi island,0: energi island,
0,energi island,0: energi island,
0,energi island,0: energi island,
0,energi island,0: energi island,
0,energi island,0: energi island,
0,energi island,0: energi island,
0,energi island,0: energi island,
0,energi island,0: energi island,
0,energi island,0: energi island,
0,energi island,0: energi island,
0,energi island,0: energi island,
0,energi island,0: energi island,
0,energi island,0: energi island,
0,energi island,0: energi island,
0,energi island,0: energi island,
0,energi island,0: energi island,
0,energi island,0: energi island,
0,energi island,0: energi island,
0,energi island,0: energi island,
0,energi island,0: energi island,
0,energi island,0: energi island,
0,energi island,0: energi island,
0,energi island,0: energi island,
0,energi island,0: energi island,
0,energi island,0: energi island,
0,energi island,0: energi island,
0,energi island,0: energi island,
0,energi island,0: energi island,
0,energi island,0: energi island,
0,energi island,0: energi island,
0,energi island,0: energi island,
0,energi island,0: energi island,
0,energi island,0: energi island,
0,energi island,0: energi island,
0,energi island,0: energi island,
0,energi island,0: energi island,
0,energi island,0: energi island,
0,energi island,0: energi island,
0,energi island,0: energi island,
0,energi island,0: energi island,
0,energi island,0: energi island,
0,energi island,0: energi island,
0,energi island,0: energi island,
0,energi island,0: energi island,
0,energi island,0: energi island,
0,energi island,0: energi island,
0,energi island,0: energi island,
0,energi island,0: energi island,
0,energi island,0: energi island,
0,energi island,0: energi island,
0,energi island,0: energi island,
0,energi island,0: energi island,
0,energi island,0: energi island,
0,energi island,0: energi island,
0,energi island,0: energi island,
0,energi island,0: energi island,
0,energi island,0: energi island,
0,energi island,0: energi island,
0,energi island,0: energi island,
0,energi island,0: energi island,
0,energi island,0: energi island,
4,baltic sea,4: baltic sea,
4,baltic sea,4: baltic sea,
4,baltic sea,4: baltic sea,
4,baltic sea,4: baltic sea,
4,baltic sea,4: baltic sea,
4,baltic sea,4: baltic sea,
4,baltic sea,4: baltic sea,
4,baltic sea,4: baltic sea,
4,baltic sea,4: baltic sea,
4,baltic sea,4: baltic sea,
4,baltic sea,4: baltic sea,
4,baltic sea,4: baltic sea,
4,baltic sea,4: baltic sea,
4,baltic sea,4: baltic sea,
4,baltic sea,4: baltic sea,
4,baltic sea,4: baltic sea,
4,baltic sea,4: baltic sea,
4,baltic sea,4: baltic sea,
4,baltic sea,4: baltic sea,
4,baltic sea,4: baltic sea,
4,baltic sea,4: baltic sea,
4,baltic sea,4: baltic sea,
4,baltic sea,4: baltic sea,
4,baltic sea,4: baltic sea,
4,baltic sea,4: baltic sea,
4,baltic sea,4: baltic sea,
4,baltic sea,4: baltic sea,
4,baltic sea,4: baltic sea,
4,baltic sea,4: baltic sea,
4,baltic sea,4: baltic sea,
4,baltic sea,4: baltic sea,
4,baltic sea,4: baltic sea,
4,baltic sea,4: baltic sea,
4,baltic sea,4: baltic sea,
4,baltic sea,4: baltic sea,
4,baltic sea,4: baltic sea,
4,baltic sea,4: baltic sea,
4,baltic sea,4: baltic sea,
4,baltic sea,4: baltic sea,
4,baltic sea,4: baltic sea,
4,baltic sea,4: baltic sea,
4,baltic sea,4: baltic sea,
4,baltic sea,4: baltic sea,
4,baltic sea,4: baltic sea,
4,baltic sea,4: baltic sea,
4,baltic sea,4: baltic sea,
4,baltic sea,4: baltic sea,
4,baltic sea,4: baltic sea,
4,baltic sea,4: baltic sea,
4,baltic sea,4: baltic sea,
4,baltic sea,4: baltic sea,
4,baltic sea,4: baltic sea,
4,baltic sea,4: baltic sea,
4,baltic sea,4: baltic sea,
4,baltic sea,4: baltic sea,
4,baltic sea,4: baltic sea,
4,baltic sea,4: baltic sea,
4,baltic sea,4: baltic sea,
4,baltic sea,4: baltic sea,
4,baltic sea,4: baltic sea,
4,baltic sea,4: baltic sea,
4,baltic sea,4: baltic sea,
4,baltic sea,4: baltic sea,
4,baltic sea,4: baltic sea,
4,baltic sea,4: baltic sea,
4,baltic sea,4: baltic sea,
4,baltic sea,4: baltic sea,
4,baltic sea,4: baltic sea,
4,baltic sea,4: baltic sea,
4,baltic sea,4: baltic sea,
4,baltic sea,4: baltic sea,
4,baltic sea,4: baltic sea,
4,baltic sea,4: baltic sea,
4,baltic sea,4: baltic sea,
4,baltic sea,4: baltic sea,
4,baltic sea,4: baltic sea,
4,baltic sea,4: baltic sea,
4,baltic sea,4: baltic sea,
4,baltic sea,4: baltic sea,
4,baltic sea,4: baltic sea,
4,baltic sea,4: baltic sea,
4,baltic sea,4: baltic sea,
4,baltic sea,4: baltic sea,
4,baltic sea,4: baltic sea,
4,baltic sea,4: baltic sea,
4,baltic sea,4: baltic sea,
4,baltic sea,4: baltic sea,
4,baltic sea,4: baltic sea,
4,baltic sea,4: baltic sea,
4,baltic sea,4: baltic sea,
4,baltic sea,4: baltic sea,
4,baltic sea,4: baltic sea,
4,baltic sea,4: baltic sea,
4,baltic sea,4: baltic sea,
4,baltic sea,4: baltic sea,
4,baltic sea,4: baltic sea,
4,baltic sea,4: baltic sea,
4,baltic sea,4: baltic sea,
4,baltic sea,4: baltic sea,
4,baltic sea,4: baltic sea,
4,baltic sea,4: baltic sea,
4,baltic sea,4: baltic sea,
4,baltic sea,4: baltic sea,
4,baltic sea,4: baltic sea,
4,baltic sea,4: baltic sea,
4,baltic sea,4: baltic sea,
4,baltic sea,4: baltic sea,
4,baltic sea,4: baltic sea,
4,baltic sea,4: baltic sea,
4,baltic sea,4: baltic sea,
4,baltic sea,4: baltic sea,
4,baltic sea,4: baltic sea,
4,baltic sea,4: baltic sea,
4,baltic sea,4: baltic sea,
4,baltic sea,4: baltic sea,
4,baltic sea,4: baltic sea,
4,baltic sea,4: baltic sea,
4,baltic sea,4: baltic sea,
4,baltic sea,4: baltic sea,
4,baltic sea,4: baltic sea,
4,baltic sea,4: baltic sea,
4,baltic sea,4: baltic sea,
4,baltic sea,4: baltic sea,
4,baltic sea,4: baltic sea,
4,baltic sea,4: baltic sea,
4,baltic sea,4: baltic sea,
4,baltic sea,4: baltic sea,
4,baltic sea,4: baltic sea,
4,baltic sea,4: baltic sea,
4,baltic sea,4: baltic sea,
4,baltic sea,4: baltic sea,
4,baltic sea,4: baltic sea,
4,baltic sea,4: baltic sea,
4,baltic sea,4: baltic sea,
4,baltic sea,4: baltic sea,
4,baltic sea,4: baltic sea,
4,baltic sea,4: baltic sea,
4,baltic sea,4: baltic sea,
4,baltic sea,4: baltic sea,
4,baltic sea,4: baltic sea,
4,baltic sea,4: baltic sea,
4,baltic sea,4: baltic sea,
4,baltic sea,4: baltic sea,
4,baltic sea,4: baltic sea,
4,baltic sea,4: baltic sea,
4,baltic sea,4: baltic sea,
4,baltic sea,4: baltic sea,
4,baltic sea,4: baltic sea,
4,baltic sea,4: baltic sea,
4,baltic sea,4: baltic sea,
4,baltic sea,4: baltic sea,
4,baltic sea,4: baltic sea,
4,baltic sea,4: baltic sea,
4,baltic sea,4: baltic sea,
4,baltic sea,4: baltic sea,
4,baltic sea,4: baltic sea,
4,baltic sea,4: baltic sea,
4,baltic sea,4: baltic sea,
4,baltic sea,4: baltic sea,
4,baltic sea,4: baltic sea,
4,baltic sea,4: baltic sea,
4,baltic sea,4: baltic sea,
4,baltic sea,4: baltic sea,
4,baltic sea,4: baltic sea,
4,baltic sea,4: baltic sea,
4,baltic sea,4: baltic sea,
4,baltic sea,4: baltic sea,
4,baltic sea,4: baltic sea,
4,baltic sea,4: baltic sea,
4,baltic sea,4: baltic sea,
4,baltic sea,4: baltic sea,
4,baltic sea,4: baltic sea,
4,baltic sea,4: baltic sea,
4,baltic sea,4: baltic sea,
4,baltic sea,4: baltic sea,
4,baltic sea,4: baltic sea,
4,baltic sea,4: baltic sea,
4,baltic sea,4: baltic sea,
4,baltic sea,4: baltic sea,
4,baltic sea,4: baltic sea,
4,baltic sea,4: baltic sea,
4,baltic sea,4: baltic sea,
4,baltic sea,4: baltic sea,
4,baltic sea,4: baltic sea,
4,baltic sea,4: baltic sea,
4,baltic sea,4: baltic sea,
4,baltic sea,4: baltic sea,
4,baltic sea,4: baltic sea,
4,baltic sea,4: baltic sea,
4,baltic sea,4: baltic sea,
4,baltic sea,4: baltic sea,
4,baltic sea,4: baltic sea,
4,baltic sea,4: baltic sea,
4,baltic sea,4: baltic sea,
4,baltic sea,4: baltic sea,
4,baltic sea,4: baltic sea,
4,baltic sea,4: baltic sea,
4,baltic sea,4: baltic sea,
4,baltic sea,4: baltic sea,
4,baltic sea,4: baltic sea,
4,baltic sea,4: baltic sea,
4,baltic sea,4: baltic sea,
4,baltic sea,4: baltic sea,
4,baltic sea,4: baltic sea,
4,baltic sea,4: baltic sea,
4,baltic sea,4: baltic sea,
4,baltic sea,4: baltic sea,
4,baltic sea,4: baltic sea,
4,baltic sea,4: baltic sea,
4,baltic sea,4: baltic sea,
4,baltic sea,4: baltic sea,
4,baltic sea,4: baltic sea,
4,baltic sea,4: baltic sea,
4,baltic sea,4: baltic sea,
4,baltic sea,4: baltic sea,
4,baltic sea,4: baltic sea,
4,baltic sea,4: baltic sea,
4,baltic sea,4: baltic sea,
4,baltic sea,4: baltic sea,
4,baltic sea,4: baltic sea,
4,baltic sea,4: baltic sea,
4,baltic sea,4: baltic sea,
4,baltic sea,4: baltic sea,
4,baltic sea,4: baltic sea,
4,baltic sea,4: baltic sea,
4,baltic sea,4: baltic sea,
4,baltic sea,4: baltic sea,
4,baltic sea,4: baltic sea,
4,baltic sea,4: baltic sea,
4,baltic sea,4: baltic sea,
4,baltic sea,4: baltic sea,
4,baltic sea,4: baltic sea,
4,baltic sea,4: baltic sea,
4,baltic sea,4: baltic sea,
4,baltic sea,4: baltic sea,
4,baltic sea,4: baltic sea,
4,baltic sea,4: baltic sea,
4,baltic sea,4: baltic sea,
4,baltic sea,4: baltic sea,
4,baltic sea,4: baltic sea,
4,baltic sea,4: baltic sea,
4,baltic sea,4: baltic sea,
4,baltic sea,4: baltic sea,
4,baltic sea,4: baltic sea,
4,baltic sea,4: baltic sea,
4,baltic sea,4: baltic sea,
4,baltic sea,4: baltic sea,
4,baltic sea,4: baltic sea,
4,baltic sea,4: baltic sea,
4,baltic sea,4: baltic sea,
4,baltic sea,4: baltic sea,
4,baltic sea,4: baltic sea,
4,baltic sea,4: baltic sea,
4,baltic sea,4: baltic sea,
4,baltic sea,4: baltic sea,
4,baltic sea,4: baltic sea,
4,baltic sea,4: baltic sea,
4,baltic sea,4: baltic sea,
4,baltic sea,4: baltic sea,
4,baltic sea,4: baltic sea,
4,baltic sea,4: baltic sea,
4,baltic sea,4: baltic sea,
4,baltic sea,4: baltic sea,
4,baltic sea,4: baltic sea,
4,baltic sea,4: baltic sea,
4,baltic sea,4: baltic sea,
4,baltic sea,4: baltic sea,
4,baltic sea,4: baltic sea,
4,baltic sea,4: baltic sea,
4,baltic sea,4: baltic sea,
4,baltic sea,4: baltic sea,
4,baltic sea,4: baltic sea,
4,baltic sea,4: baltic sea,
4,baltic sea,4: baltic sea,
4,baltic sea,4: baltic sea,
4,baltic sea,4: baltic sea,
2,municip council,2: municip council,
2,municip council,2: municip council,
2,municip council,2: municip council,
2,municip council,2: municip council,
2,municip council,2: municip council,
2,municip council,2: municip council,
2,municip council,2: municip council,
2,municip council,2: municip council,
2,municip council,2: municip council,
2,municip council,2: municip council,
2,municip council,2: municip council,
2,municip council,2: municip council,
2,municip council,2: municip council,
2,municip council,2: municip council,
2,municip council,2: municip council,
2,municip council,2: municip council,
2,municip council,2: municip council,
2,municip council,2: municip council,
2,municip council,2: municip council,
2,municip council,2: municip council,
2,municip council,2: municip council,
2,municip council,2: municip council,
2,municip council,2: municip council,
2,municip council,2: municip council,
2,municip council,2: municip council,
2,municip council,2: municip council,
2,municip council,2: municip council,
2,municip council,2: municip council,
2,municip council,2: municip council,
2,municip council,2: municip council,
2,municip council,2: municip council,
2,municip council,2: municip council,
2,municip council,2: municip council,
2,municip council,2: municip council,
2,municip council,2: municip council,
2,municip council,2: municip council,
2,municip council,2: municip council,
2,municip council,2: municip council,
2,municip council,2: municip council,
2,municip council,2: municip council,
2,municip council,2: municip council,
2,municip council,2: municip council,
2,municip council,2: municip council,
2,municip council,2: municip council,
2,municip council,2: municip council,
2,municip council,2: municip council,
2,municip council,2: municip council,
2,municip council,2: municip council,
2,municip council,2: municip council,
2,municip council,2: municip council,
2,municip council,2: municip council,
2,municip council,2: municip council,
2,municip council,2: municip council,
2,municip council,2: municip council,
2,municip council,2: municip council,
2,municip council,2: municip council,
2,municip council,2: municip council,
2,municip council,2: municip council,
2,municip council,2: municip council,
2,municip council,2: municip council,
2,municip council,2: municip council,
2,municip council,2: municip council,
2,municip council,2: municip council,
2,municip council,2: municip council,
2,municip council,2: municip council,
2,municip council,2: municip council,
2,municip council,2: municip council,
2,municip council,2: municip council,
2,municip council,2: municip council,
2,municip council,2: municip council,
2,municip council,2: municip council,
2,municip council,2: municip council,
2,municip council,2: municip council,
2,municip council,2: municip council,
2,municip council,2: municip council,
2,municip council,2: municip council,
2,municip council,2: municip council,
2,municip council,2: municip council,
2,municip council,2: municip council,
2,municip council,2: municip council,
2,municip council,2: municip council,
2,municip council,2: municip council,
2,municip council,2: municip council,
2,municip council,2: municip council,
2,municip council,2: municip council,
2,municip council,2: municip council,
2,municip council,2: municip council,
2,municip council,2: municip council,
2,municip council,2: municip council,
2,municip council,2: municip council,
2,municip council,2: municip council,
2,municip council,2: municip council,
2,municip council,2: municip council,
2,municip council,2: municip council,
2,municip council,2: municip council,
2,municip council,2: municip council,
2,municip council,2: municip council,
2,municip council,2: municip council,
2,municip council,2: municip council,
2,municip council,2: municip council,
2,municip council,2: municip council,
2,municip council,2: municip council,
2,municip council,2: municip council,
2,municip council,2: municip council,
2,municip council,2: municip council,
2,municip council,2: municip council,
2,municip council,2: municip council,
2,municip council,2: municip council,
2,municip council,2: municip council,
2,municip council,2: municip council,
2,municip council,2: municip council,
2,municip council,2: municip council,
2,municip council,2: municip council,
2,municip council,2: municip council,
2,municip council,2: municip council,
2,municip council,2: municip council,
2,municip council,2: municip council,
2,municip council,2: municip council,
2,municip council,2: municip council,
2,municip council,2: municip council,
2,municip council,2: municip council,
2,municip council,2: municip council,
2,municip council,2: municip council,
2,municip council,2: municip council,
2,municip council,2: municip council,
2,municip council,2: municip council,
2,municip council,2: municip council,
2,municip council,2: municip council,
2,municip council,2: municip council,
2,municip council,2: municip council,
2,municip council,2: municip council,
2,municip council,2: municip council,
2,municip council,2: municip council,
2,municip council,2: municip council,
2,municip council,2: municip council,
2,municip council,2: municip council,
2,municip council,2: municip council,
2,municip council,2: municip council,
2,municip council,2: municip council,
2,municip council,2: municip council,
2,municip council,2: municip council,
2,municip council,2: municip council,
2,municip council,2: municip council,
2,municip council,2: municip council,
2,municip council,2: municip council,
2,municip council,2: municip council,
2,municip council,2: municip council,
2,municip council,2: municip council,
2,municip council,2: municip council,
2,municip council,2: municip council,
2,municip council,2: municip council,
2,municip council,2: municip council,
2,municip council,2: municip council,
2,municip council,2: municip council,
2,municip council,2: municip council,
2,municip council,2: municip council,
8,wind turbin,8: wind turbin,
8,wind turbin,8: wind turbin,
8,wind turbin,8: wind turbin,
8,wind turbin,8: wind turbin,
8,wind turbin,8: wind turbin,
8,wind turbin,8: wind turbin,
8,wind turbin,8: wind turbin,
8,wind turbin,8: wind turbin,
8,wind turbin,8: wind turbin,
8,wind turbin,8: wind turbin,
8,wind turbin,8: wind turbin,
8,wind turbin,8: wind turbin,
8,wind turbin,8: wind turbin,
8,wind turbin,8: wind turbin,
8,wind turbin,8: wind turbin,
8,wind turbin,8: wind turbin,
8,wind turbin,8: wind turbin,
8,wind turbin,8: wind turbin,
8,wind turbin,8: wind turbin,
8,wind turbin,8: wind turbin,
8,wind turbin,8: wind turbin,
8,wind turbin,8: wind turbin,
8,wind turbin,8: wind turbin,
8,wind turbin,8: wind turbin,
8,wind turbin,8: wind turbin,
8,wind turbin,8: wind turbin,
8,wind turbin,8: wind turbin,
8,wind turbin,8: wind turbin,
8,wind turbin,8: wind turbin,
8,wind turbin,8: wind turbin,
8,wind turbin,8: wind turbin,
8,wind turbin,8: wind turbin,
8,wind turbin,8: wind turbin,
8,wind turbin,8: wind turbin,
8,wind turbin,8: wind turbin,
8,wind turbin,8: wind turbin,
8,wind turbin,8: wind turbin,
8,wind turbin,8: wind turbin,
8,wind turbin,8: wind turbin,
8,wind turbin,8: wind turbin,
8,wind turbin,8: wind turbin,
8,wind turbin,8: wind turbin,
8,wind turbin,8: wind turbin,
8,wind turbin,8: wind turbin,
8,wind turbin,8: wind turbin,
8,wind turbin,8: wind turbin,
8,wind turbin,8: wind turbin,
8,wind turbin,8: wind turbin,
8,wind turbin,8: wind turbin,
8,wind turbin,8: wind turbin,
8,wind turbin,8: wind turbin,
8,wind turbin,8: wind turbin,
8,wind turbin,8: wind turbin,
8,wind turbin,8: wind turbin,
8,wind turbin,8: wind turbin,
8,wind turbin,8: wind turbin,
8,wind turbin,8: wind turbin,
8,wind turbin,8: wind turbin,
8,wind turbin,8: wind turbin,
8,wind turbin,8: wind turbin,
8,wind turbin,8: wind turbin,
8,wind turbin,8: wind turbin,
8,wind turbin,8: wind turbin,
8,wind turbin,8: wind turbin,
8,wind turbin,8: wind turbin,
8,wind turbin,8: wind turbin,
8,wind turbin,8: wind turbin,
8,wind turbin,8: wind turbin,
8,wind turbin,8: wind turbin,
8,wind turbin,8: wind turbin,
8,wind turbin,8: wind turbin,
8,wind turbin,8: wind turbin,
8,wind turbin,8: wind turbin,
8,wind turbin,8: wind turbin,
8,wind turbin,8: wind turbin,
8,wind turbin,8: wind turbin,
8,wind turbin,8: wind turbin,
8,wind turbin,8: wind turbin,
8,wind turbin,8: wind turbin,
8,wind turbin,8: wind turbin,
8,wind turbin,8: wind turbin,
8,wind turbin,8: wind turbin,
8,wind turbin,8: wind turbin,
8,wind turbin,8: wind turbin,
8,wind turbin,8: wind turbin,
8,wind turbin,8: wind turbin,
8,wind turbin,8: wind turbin,
8,wind turbin,8: wind turbin,
8,wind turbin,8: wind turbin,
8,wind turbin,8: wind turbin,
8,wind turbin,8: wind turbin,
8,wind turbin,8: wind turbin,
8,wind turbin,8: wind turbin,
8,wind turbin,8: wind turbin,
8,wind turbin,8: wind turbin,
8,wind turbin,8: wind turbin,
8,wind turbin,8: wind turbin,
8,wind turbin,8: wind turbin,
8,wind turbin,8: wind turbin,
8,wind turbin,8: wind turbin,
8,wind turbin,8: wind turbin,
8,wind turbin,8: wind turbin,
8,wind turbin,8: wind turbin,
8,wind turbin,8: wind turbin,
8,wind turbin,8: wind turbin,
8,wind turbin,8: wind turbin,
8,wind turbin,8: wind turbin,
8,wind turbin,8: wind turbin,
8,wind turbin,8: wind turbin,
8,wind turbin,8: wind turbin,
8,wind turbin,8: wind turbin,
8,wind turbin,8: wind turbin,
8,wind turbin,8: wind turbin,
8,wind turbin,8: wind turbin,
8,wind turbin,8: wind turbin,
8,wind turbin,8: wind turbin,
8,wind turbin,8: wind turbin,
8,wind turbin,8: wind turbin,
8,wind turbin,8: wind turbin,
8,wind turbin,8: wind turbin,
8,wind turbin,8: wind turbin,
8,wind turbin,8: wind turbin,
8,wind turbin,8: wind turbin,
8,wind turbin,8: wind turbin,
8,wind turbin,8: wind turbin,
8,wind turbin,8: wind turbin,
8,wind turbin,8: wind turbin,
8,wind turbin,8: wind turbin,
8,wind turbin,8: wind turbin,
8,wind turbin,8: wind turbin,
6,energiø bornholm,6: energiø bornholm,
6,energiø bornholm,6: energiø bornholm,
6,energiø bornholm,6: energiø bornholm,
6,energiø bornholm,6: energiø bornholm,
6,energiø bornholm,6: energiø bornholm,
6,energiø bornholm,6: energiø bornholm,
6,energiø bornholm,6: energiø bornholm,
6,energiø bornholm,6: energiø bornholm,
6,energiø bornholm,6: energiø bornholm,
6,energiø bornholm,6: energiø bornholm,
6,energiø bornholm,6: energiø bornholm,
6,energiø bornholm,6: energiø bornholm,
6,energiø bornholm,6: energiø bornholm,
6,energiø bornholm,6: energiø bornholm,
6,energiø bornholm,6: energiø bornholm,
6,energiø bornholm,6: energiø bornholm,
6,energiø bornholm,6: energiø bornholm,
6,energiø bornholm,6: energiø bornholm,
6,energiø bornholm,6: energiø bornholm,
6,energiø bornholm,6: energiø bornholm,
6,energiø bornholm,6: energiø bornholm,
6,energiø bornholm,6: energiø bornholm,
6,energiø bornholm,6: energiø bornholm,
6,energiø bornholm,6: energiø bornholm,
6,energiø bornholm,6: energiø bornholm,
6,energiø bornholm,6: energiø bornholm,
6,energiø bornholm,6: energiø bornholm,
6,energiø bornholm,6: energiø bornholm,
6,energiø bornholm,6: energiø bornholm,
6,energiø bornholm,6: energiø bornholm,
6,energiø bornholm,6: energiø bornholm,
6,energiø bornholm,6: energiø bornholm,
6,energiø bornholm,6: energiø bornholm,
6,energiø bornholm,6: energiø bornholm,
6,energiø bornholm,6: energiø bornholm,
6,energiø bornholm,6: energiø bornholm,
6,energiø bornholm,6: energiø bornholm,
6,energiø bornholm,6: energiø bornholm,
6,energiø bornholm,6: energiø bornholm,
6,energiø bornholm,6: energiø bornholm,
6,energiø bornholm,6: energiø bornholm,
6,energiø bornholm,6: energiø bornholm,
6,energiø bornholm,6: energiø bornholm,
6,energiø bornholm,6: energiø bornholm,
6,energiø bornholm,6: energiø bornholm,
6,energiø bornholm,6: energiø bornholm,
6,energiø bornholm,6: energiø bornholm,
6,energiø bornholm,6: energiø bornholm,
6,energiø bornholm,6: energiø bornholm,
6,energiø bornholm,6: energiø bornholm,
6,energiø bornholm,6: energiø bornholm,
6,energiø bornholm,6: energiø bornholm,
6,energiø bornholm,6: energiø bornholm,
6,energiø bornholm,6: energiø bornholm,
6,energiø bornholm,6: energiø bornholm,
6,energiø bornholm,6: energiø bornholm,
6,energiø bornholm,6: energiø bornholm,
6,energiø bornholm,6: energiø bornholm,
6,energiø bornholm,6: energiø bornholm,
6,energiø bornholm,6: energiø bornholm,
6,energiø bornholm,6: energiø bornholm,
6,energiø bornholm,6: energiø bornholm,
6,energiø bornholm,6: energiø bornholm,
6,energiø bornholm,6: energiø bornholm,
6,energiø bornholm,6: energiø bornholm,
6,energiø bornholm,6: energiø bornholm,
6,energiø bornholm,6: energiø bornholm,
6,energiø bornholm,6: energiø bornholm,
6,energiø bornholm,6: energiø bornholm,
6,energiø bornholm,6: energiø bornholm,
6,energiø bornholm,6: energiø bornholm,
6,energiø bornholm,6: energiø bornholm,
6,energiø bornholm,6: energiø bornholm,
6,energiø bornholm,6: energiø bornholm,
6,energiø bornholm,6: energiø bornholm,
6,energiø bornholm,6: energiø bornholm,
6,energiø bornholm,6: energiø bornholm,
6,energiø bornholm,6: energiø bornholm,
6,energiø bornholm,6: energiø bornholm,
6,energiø bornholm,6: energiø bornholm,
6,energiø bornholm,6: energiø bornholm,
6,energiø bornholm,6: energiø bornholm,
6,energiø bornholm,6: energiø bornholm,
6,energiø bornholm,6: energiø bornholm,
6,energiø bornholm,6: energiø bornholm,
6,energiø bornholm,6: energiø bornholm,
6,energiø bornholm,6: energiø bornholm,
6,energiø bornholm,6: energiø bornholm,
6,energiø bornholm,6: energiø bornholm,
6,energiø bornholm,6: energiø bornholm,
6,energiø bornholm,6: energiø bornholm,
6,energiø bornholm,6: energiø bornholm,
6,energiø bornholm,6: energiø bornholm,
6,energiø bornholm,6: energiø bornholm,
6,energiø bornholm,6: energiø bornholm,
6,energiø bornholm,6: energiø bornholm,
6,energiø bornholm,6: energiø bornholm,
6,energiø bornholm,6: energiø bornholm,
6,energiø bornholm,6: energiø bornholm,
6,energiø bornholm,6: energiø bornholm,
6,energiø bornholm,6: energiø bornholm,
6,energiø bornholm,6: energiø bornholm,
6,energiø bornholm,6: energiø bornholm,
6,energiø bornholm,6: energiø bornholm,
6,energiø bornholm,6: energiø bornholm,
6,energiø bornholm,6: energiø bornholm,
6,energiø bornholm,6: energiø bornholm,
6,energiø bornholm,6: energiø bornholm,
6,energiø bornholm,6: energiø bornholm,
6,energiø bornholm,6: energiø bornholm,
6,energiø bornholm,6: energiø bornholm,
6,energiø bornholm,6: energiø bornholm,
6,energiø bornholm,6: energiø bornholm,
6,energiø bornholm,6: energiø bornholm,
6,energiø bornholm,6: energiø bornholm,
6,energiø bornholm,6: energiø bornholm,
6,energiø bornholm,6: energiø bornholm,
6,energiø bornholm,6: energiø bornholm,
6,energiø bornholm,6: energiø bornholm,
6,energiø bornholm,6: energiø bornholm,
6,energiø bornholm,6: energiø bornholm,
6,energiø bornholm,6: energiø bornholm,
6,energiø bornholm,6: energiø bornholm,
6,energiø bornholm,6: energiø bornholm,
6,energiø bornholm,6: energiø bornholm,
6,energiø bornholm,6: energiø bornholm,
6,energiø bornholm,6: energiø bornholm,
6,energiø bornholm,6: energiø bornholm,
6,energiø bornholm,6: energiø bornholm,
6,energiø bornholm,6: energiø bornholm,
6,energiø bornholm,6: energiø bornholm,
6,energiø bornholm,6: energiø bornholm,
6,energiø bornholm,6: energiø bornholm,
6,energiø bornholm,6: energiø bornholm,
6,energiø bornholm,6: energiø bornholm,
6,energiø bornholm,6: energiø bornholm,
6,energiø bornholm,6: energiø bornholm,
6,energiø bornholm,6: energiø bornholm,
6,energiø bornholm,6: energiø bornholm,
6,energiø bornholm,6: energiø bornholm,
6,energiø bornholm,6: energiø bornholm,
6,energiø bornholm,6: energiø bornholm,
6,energiø bornholm,6: energiø bornholm,
6,energiø bornholm,6: energiø bornholm,
6,energiø bornholm,6: energiø bornholm,
6,energiø bornholm,6: energiø bornholm,
6,energiø bornholm,6: energiø bornholm,
6,energiø bornholm,6: energiø bornholm,
6,energiø bornholm,6: energiø bornholm,
6,energiø bornholm,6: energiø bornholm,
6,energiø bornholm,6: energiø bornholm,
6,energiø bornholm,6: energiø bornholm,
6,energiø bornholm,6: energiø bornholm,
6,energiø bornholm,6: energiø bornholm,
6,energiø bornholm,6: energiø bornholm,
6,energiø bornholm,6: energiø bornholm,
6,energiø bornholm,6: energiø bornholm,
6,energiø bornholm,6: energiø bornholm,
6,energiø bornholm,6: energiø bornholm,
6,energiø bornholm,6: energiø bornholm,
6,energiø bornholm,6: energiø bornholm,
6,energiø bornholm,6: energiø bornholm,
6,energiø bornholm,6: energiø bornholm,
6,energiø bornholm,6: energiø bornholm,
6,energiø bornholm,6: energiø bornholm,
6,energiø bornholm,6: energiø bornholm,
6,energiø bornholm,6: energiø bornholm,
6,energiø bornholm,6: energiø bornholm,
6,energiø bornholm,6: energiø bornholm,
6,energiø bornholm,6: energiø bornholm,
6,energiø bornholm,6: energiø bornholm,
8,wind turbin,8: wind turbin,
8,wind turbin,8: wind turbin,
8,wind turbin,8: wind turbin,
8,wind turbin,8: wind turbin,
8,wind turbin,8: wind turbin,
8,wind turbin,8: wind turbin,
8,wind turbin,8: wind turbin,
8,wind turbin,8: wind turbin,
8,wind turbin,8: wind turbin,
8,wind turbin,8: wind turbin,
8,wind turbin,8: wind turbin,
8,wind turbin,8: wind turbin,
8,wind turbin,8: wind turbin,
8,wind turbin,8: wind turbin,
8,wind turbin,8: wind turbin,
8,wind turbin,8: wind turbin,
8,wind turbin,8: wind turbin,
8,wind turbin,8: wind turbin,
8,wind turbin,8: wind turbin,
8,wind turbin,8: wind turbin,
8,wind turbin,8: wind turbin,
8,wind turbin,8: wind turbin,
8,wind turbin,8: wind turbin,
8,wind turbin,8: wind turbin,
8,wind turbin,8: wind turbin,
8,wind turbin,8: wind turbin,
8,wind turbin,8: wind turbin,
8,wind turbin,8: wind turbin,
8,wind turbin,8: wind turbin,
8,wind turbin,8: wind turbin,
8,wind turbin,8: wind turbin,
8,wind turbin,8: wind turbin,
8,wind turbin,8: wind turbin,
8,wind turbin,8: wind turbin,
8,wind turbin,8: wind turbin,
8,wind turbin,8: wind turbin,
8,wind turbin,8: wind turbin,
8,wind turbin,8: wind turbin,
8,wind turbin,8: wind turbin,
8,wind turbin,8: wind turbin,
8,wind turbin,8: wind turbin,
8,wind turbin,8: wind turbin,
8,wind turbin,8: wind turbin,
8,wind turbin,8: wind turbin,
8,wind turbin,8: wind turbin,
8,wind turbin,8: wind turbin,
8,wind turbin,8: wind turbin,
8,wind turbin,8: wind turbin,
8,wind turbin,8: wind turbin,
8,wind turbin,8: wind turbin,
8,wind turbin,8: wind turbin,
8,wind turbin,8: wind turbin,
8,wind turbin,8: wind turbin,
8,wind turbin,8: wind turbin,
8,wind turbin,8: wind turbin,
8,wind turbin,8: wind turbin,
8,wind turbin,8: wind turbin,
8,wind turbin,8: wind turbin,
8,wind turbin,8: wind turbin,
8,wind turbin,8: wind turbin,
8,wind turbin,8: wind turbin,
8,wind turbin,8: wind turbin,
8,wind turbin,8: wind turbin,
8,wind turbin,8: wind turbin,
8,wind turbin,8: wind turbin,
8,wind turbin,8: wind turbin,
8,wind turbin,8: wind turbin,
8,wind turbin,8: wind turbin,
8,wind turbin,8: wind turbin,
8,wind turbin,8: wind turbin,
8,wind turbin,8: wind turbin,
8,wind turbin,8: wind turbin,
8,wind turbin,8: wind turbin,
8,wind turbin,8: wind turbin,
8,wind turbin,8: wind turbin,
8,wind turbin,8: wind turbin,
8,wind turbin,8: wind turbin,
8,wind turbin,8: wind turbin,
8,wind turbin,8: wind turbin,
8,wind turbin,8: wind turbin,
8,wind turbin,8: wind turbin,
8,wind turbin,8: wind turbin,
8,wind turbin,8: wind turbin,
8,wind turbin,8: wind turbin,
8,wind turbin,8: wind turbin,
8,wind turbin,8: wind turbin,
8,wind turbin,8: wind turbin,
8,wind turbin,8: wind turbin,
8,wind turbin,8: wind turbin,
8,wind turbin,8: wind turbin,
8,wind turbin,8: wind turbin,
8,wind turbin,8: wind turbin,
8,wind turbin,8: wind turbin,
8,wind turbin,8: wind turbin,
8,wind turbin,8: wind turbin,
8,wind turbin,8: wind turbin,
8,wind turbin,8: wind turbin,
8,wind turbin,8: wind turbin,
8,wind turbin,8: wind turbin,
8,wind turbin,8: wind turbin,
8,wind turbin,8: wind turbin,
8,wind turbin,8: wind turbin,
8,wind turbin,8: wind turbin,
8,wind turbin,8: wind turbin,
8,wind turbin,8: wind turbin,
8,wind turbin,8: wind turbin,
8,wind turbin,8: wind turbin,
8,wind turbin,8: wind turbin,
8,wind turbin,8: wind turbin,
8,wind turbin,8: wind turbin,
8,wind turbin,8: wind turbin,
8,wind turbin,8: wind turbin,
8,wind turbin,8: wind turbin,
8,wind turbin,8: wind turbin,
8,wind turbin,8: wind turbin,
8,wind turbin,8: wind turbin,
8,wind turbin,8: wind turbin,
8,wind turbin,8: wind turbin,
8,wind turbin,8: wind turbin,
8,wind turbin,8: wind turbin,
8,wind turbin,8: wind turbin,
8,wind turbin,8: wind turbin,
8,wind turbin,8: wind turbin,
8,wind turbin,8: wind turbin,
8,wind turbin,8: wind turbin,
8,wind turbin,8: wind turbin,
8,wind turbin,8: wind turbin,
8,wind turbin,8: wind turbin,
8,wind turbin,8: wind turbin,
8,wind turbin,8: wind turbin,
0,energi island,0: energi island,
0,energi island,0: energi island,
0,energi island,0: energi island,
0,energi island,0: energi island,
0,energi island,0: energi island,
0,energi island,0: energi island,
0,energi island,0: energi island,
0,energi island,0: energi island,
0,energi island,0: energi island,
0,energi island,0: energi island,
0,energi island,0: energi island,
0,energi island,0: energi island,
0,energi island,0: energi island,
0,energi island,0: energi island,
0,energi island,0: energi island,
0,energi island,0: energi island,
0,energi island,0: energi island,
0,energi island,0: energi island,
0,energi island,0: energi island,
0,energi island,0: energi island,
0,energi island,0: energi island,
0,energi island,0: energi island,
0,energi island,0: energi island,
0,energi island,0: energi island,
0,energi island,0: energi island,
0,energi island,0: energi island,
0,energi island,0: energi island,
0,energi island,0: energi island,
0,energi island,0: energi island,
0,energi island,0: energi island,
0,energi island,0: energi island,
0,energi island,0: energi island,
0,energi island,0: energi island,
0,energi island,0: energi island,
0,energi island,0: energi island,
0,energi island,0: energi island,
0,energi island,0: energi island,
0,energi island,0: energi island,
0,energi island,0: energi island,
0,energi island,0: energi island,
0,energi island,0: energi island,
0,energi island,0: energi island,
0,energi island,0: energi island,
0,energi island,0: energi island,
0,energi island,0: energi island,
0,energi island,0: energi island,
0,energi island,0: energi island,
0,energi island,0: energi island,
0,energi island,0: energi island,
0,energi island,0: energi island,
0,energi island,0: energi island,
0,energi island,0: energi island,
0,energi island,0: energi island,
0,energi island,0: energi island,
0,energi island,0: energi island,
0,energi island,0: energi island,
0,energi island,0: energi island,
0,energi island,0: energi island,
0,energi island,0: energi island,
0,energi island,0: energi island,
0,energi island,0: energi island,
0,energi island,0: energi island,
0,energi island,0: energi island,
0,energi island,0: energi island,
0,energi island,0: energi island,
0,energi island,0: energi island,
0,energi island,0: energi island,
0,energi island,0: energi island,
0,energi island,0: energi island,
0,energi island,0: energi island,
0,energi island,0: energi island,
0,energi island,0: energi island,
0,energi island,0: energi island,
0,energi island,0: energi island,
0,energi island,0: energi island,
0,energi island,0: energi island,
0,energi island,0: energi island,
0,energi island,0: energi island,
0,energi island,0: energi island,
0,energi island,0: energi island,
0,energi island,0: energi island,
0,energi island,0: energi island,
0,energi island,0: energi island,
0,energi island,0: energi island,
0,energi island,0: energi island,
0,energi island,0: energi island,
0,energi island,0: energi island,
0,energi island,0: energi island,
0,energi island,0: energi island,
0,energi island,0: energi island,
0,energi island,0: energi island,
0,energi island,0: energi island,
0,energi island,0: energi island,
0,energi island,0: energi island,
0,energi island,0: energi island,
0,energi island,0: energi island,
0,energi island,0: energi island,
0,energi island,0: energi island,
0,energi island,0: energi island,
0,energi island,0: energi island,
0,energi island,0: energi island,
0,energi island,0: energi island,
0,energi island,0: energi island,
0,energi island,0: energi island,
0,energi island,0: energi island,
0,energi island,0: energi island,
0,energi island,0: energi island,
0,energi island,0: energi island,
0,energi island,0: energi island,
0,energi island,0: energi island,
0,energi island,0: energi island,
0,energi island,0: energi island,
0,energi island,0: energi island,
0,energi island,0: energi island,
0,energi island,0: energi island,
0,energi island,0: energi island,
0,energi island,0: energi island,
0,energi island,0: energi island,
0,energi island,0: energi island,
0,energi island,0: energi island,
0,energi island,0: energi island,
0,energi island,0: energi island,
0,energi island,0: energi island,
0,energi island,0: energi island,
0,energi island,0: energi island,
0,energi island,0: energi island,
0,energi island,0: energi island,
0,energi island,0: energi island,
0,energi island,0: energi island,
0,energi island,0: energi island,
0,energi island,0: energi island,
0,energi island,0: energi island,
0,energi island,0: energi island,
0,energi island,0: energi island,
0,energi island,0: energi island,
0,energi island,0: energi island,
0,energi island,0: energi island,
0,energi island,0: energi island,
0,energi island,0: energi island,
0,energi island,0: energi island,
0,energi island,0: energi island,
0,energi island,0: energi island,
0,energi island,0: energi island,
0,energi island,0: energi island,
0,energi island,0: energi island,
0,energi island,0: energi island,
0,energi island,0: energi island,
0,energi island,0: energi island,
0,energi island,0: energi island,
0,energi island,0: energi island,
0,energi island,0: energi island,
0,energi island,0: energi island,
0,energi island,0: energi island,
0,energi island,0: energi island,
0,energi island,0: energi island,
0,energi island,0: energi island,
0,energi island,0: energi island,
2,municip council,2: municip council,
2,municip council,2: municip council,
2,municip council,2: municip council,
2,municip council,2: municip council,
2,municip council,2: municip council,
2,municip council,2: municip council,
2,municip council,2: municip council,
2,municip council,2: municip council,
2,municip council,2: municip council,
2,municip council,2: municip council,
2,municip council,2: municip council,
2,municip council,2: municip council,
2,municip council,2: municip council,
2,municip council,2: municip council,
2,municip council,2: municip council,
2,municip council,2: municip council,
2,municip council,2: municip council,
2,municip council,2: municip council,
2,municip council,2: municip council,
2,municip council,2: municip council,
2,municip council,2: municip council,
2,municip council,2: municip council,
2,municip council,2: municip council,
2,municip council,2: municip council,
2,municip council,2: municip council,
2,municip council,2: municip council,
2,municip council,2: municip council,
2,municip council,2: municip council,
2,municip council,2: municip council,
2,municip council,2: municip council,
2,municip council,2: municip council,
2,municip council,2: municip council,
2,municip council,2: municip council,
2,municip council,2: municip council,
2,municip council,2: municip council,
2,municip council,2: municip council,
2,municip council,2: municip council,
2,municip council,2: municip council,
2,municip council,2: municip council,
2,municip council,2: municip council,
2,municip council,2: municip council,
2,municip council,2: municip council,
2,municip council,2: municip council,
2,municip council,2: municip council,
2,municip council,2: municip council,
2,municip council,2: municip council,
2,municip council,2: municip council,
2,municip council,2: municip council,
2,municip council,2: municip council,
2,municip council,2: municip council,
2,municip council,2: municip council,
2,municip council,2: municip council,
2,municip council,2: municip council,
2,municip council,2: municip council,
2,municip council,2: municip council,
2,municip council,2: municip council,
2,municip council,2: municip council,
2,municip council,2: municip council,
2,municip council,2: municip council,
2,municip council,2: municip council,
2,municip council,2: municip council,
2,municip council,2: municip council,
2,municip council,2: municip council,
2,municip council,2: municip council,
2,municip council,2: municip council,
2,municip council,2: municip council,
2,municip council,2: municip council,
2,municip council,2: municip council,
2,municip council,2: municip council,
2,municip council,2: municip council,
2,municip council,2: municip council,
2,municip council,2: municip council,
2,municip council,2: municip council,
2,municip council,2: municip council,
2,municip council,2: municip council,
2,municip council,2: municip council,
2,municip council,2: municip council,
2,municip council,2: municip council,
2,municip council,2: municip council,
2,municip council,2: municip council,
2,municip council,2: municip council,
2,municip council,2: municip council,
2,municip council,2: municip council,
2,municip council,2: municip council,
2,municip council,2: municip council,
2,municip council,2: municip council,
2,municip council,2: municip council,
2,municip council,2: municip council,
2,municip council,2: municip council,
2,municip council,2: municip council,
2,municip council,2: municip council,
2,municip council,2: municip council,
2,municip council,2: municip council,
2,municip council,2: municip council,
2,municip council,2: municip council,
2,municip council,2: municip council,
2,municip council,2: municip council,
2,municip council,2: municip council,
2,municip council,2: municip council,
2,municip council,2: municip council,
2,municip council,2: municip council,
2,municip council,2: municip council,
2,municip council,2: municip council,
2,municip council,2: municip council,
2,municip council,2: municip council,
2,municip council,2: municip council,
2,municip council,2: municip council,
2,municip council,2: municip council,
2,municip council,2: municip council,
2,municip council,2: municip council,
2,municip council,2: municip council,
2,municip council,2: municip council,
2,municip council,2: municip council,
2,municip council,2: municip council,
2,municip council,2: municip council,
2,municip council,2: municip council,
2,municip council,2: municip council,
2,municip council,2: municip council,
2,municip council,2: municip council,
2,municip council,2: municip council,
2,municip council,2: municip council,
2,municip council,2: municip council,
2,municip council,2: municip council,
2,municip council,2: municip council,
2,municip council,2: municip council,
2,municip council,2: municip council,
2,municip council,2: municip council,
2,municip council,2: municip council,
2,municip council,2: municip council,
2,municip council,2: municip council,
2,municip council,2: municip council,
2,municip council,2: municip council,
2,municip council,2: municip council,
2,municip council,2: municip council,
2,municip council,2: municip council,
2,municip council,2: municip council,
2,municip council,2: municip council,
2,municip council,2: municip council,
2,municip council,2: municip council,
2,municip council,2: municip council,
2,municip council,2: municip council,
2,municip council,2: municip council,
2,municip council,2: municip council,
2,municip council,2: municip council,
2,municip council,2: municip council,
2,municip council,2: municip council,
2,municip council,2: municip council,
2,municip council,2: municip council,
2,municip council,2: municip council,
2,municip council,2: municip council,
2,municip council,2: municip council,
2,municip council,2: municip council,
2,municip council,2: municip council,
2,municip council,2: municip council,
2,municip council,2: municip council,
2,municip council,2: municip council,
8,wind turbin,8: wind turbin,
8,wind turbin,8: wind turbin,
8,wind turbin,8: wind turbin,
8,wind turbin,8: wind turbin,
8,wind turbin,8: wind turbin,
8,wind turbin,8: wind turbin,
8,wind turbin,8: wind turbin,
8,wind turbin,8: wind turbin,
8,wind turbin,8: wind turbin,
8,wind turbin,8: wind turbin,
8,wind turbin,8: wind turbin,
8,wind turbin,8: wind turbin,
8,wind turbin,8: wind turbin,
8,wind turbin,8: wind turbin,
8,wind turbin,8: wind turbin,
8,wind turbin,8: wind turbin,
8,wind turbin,8: wind turbin,
8,wind turbin,8: wind turbin,
8,wind turbin,8: wind turbin,
8,wind turbin,8: wind turbin,
8,wind turbin,8: wind turbin,
8,wind turbin,8: wind turbin,
8,wind turbin,8: wind turbin,
8,wind turbin,8: wind turbin,
8,wind turbin,8: wind turbin,
8,wind turbin,8: wind turbin,
8,wind turbin,8: wind turbin,
8,wind turbin,8: wind turbin,
8,wind turbin,8: wind turbin,
8,wind turbin,8: wind turbin,
8,wind turbin,8: wind turbin,
8,wind turbin,8: wind turbin,
8,wind turbin,8: wind turbin,
8,wind turbin,8: wind turbin,
8,wind turbin,8: wind turbin,
8,wind turbin,8: wind turbin,
8,wind turbin,8: wind turbin,
8,wind turbin,8: wind turbin,
8,wind turbin,8: wind turbin,
8,wind turbin,8: wind turbin,
8,wind turbin,8: wind turbin,
8,wind turbin,8: wind turbin,
8,wind turbin,8: wind turbin,
8,wind turbin,8: wind turbin,
8,wind turbin,8: wind turbin,
8,wind turbin,8: wind turbin,
8,wind turbin,8: wind turbin,
8,wind turbin,8: wind turbin,
8,wind turbin,8: wind turbin,
8,wind turbin,8: wind turbin,
8,wind turbin,8: wind turbin,
8,wind turbin,8: wind turbin,
8,wind turbin,8: wind turbin,
8,wind turbin,8: wind turbin,
8,wind turbin,8: wind turbin,
8,wind turbin,8: wind turbin,
8,wind turbin,8: wind turbin,
8,wind turbin,8: wind turbin,
8,wind turbin,8: wind turbin,
8,wind turbin,8: wind turbin,
8,wind turbin,8: wind turbin,
8,wind turbin,8: wind turbin,
8,wind turbin,8: wind turbin,
8,wind turbin,8: wind turbin,
8,wind turbin,8: wind turbin,
8,wind turbin,8: wind turbin,
8,wind turbin,8: wind turbin,
8,wind turbin,8: wind turbin,
8,wind turbin,8: wind turbin,
8,wind turbin,8: wind turbin,
8,wind turbin,8: wind turbin,
8,wind turbin,8: wind turbin,
8,wind turbin,8: wind turbin,
8,wind turbin,8: wind turbin,
8,wind turbin,8: wind turbin,
8,wind turbin,8: wind turbin,
8,wind turbin,8: wind turbin,
8,wind turbin,8: wind turbin,
8,wind turbin,8: wind turbin,
8,wind turbin,8: wind turbin,
8,wind turbin,8: wind turbin,
8,wind turbin,8: wind turbin,
8,wind turbin,8: wind turbin,
8,wind turbin,8: wind turbin,
8,wind turbin,8: wind turbin,
8,wind turbin,8: wind turbin,
8,wind turbin,8: wind turbin,
8,wind turbin,8: wind turbin,
8,wind turbin,8: wind turbin,
8,wind turbin,8: wind turbin,
8,wind turbin,8: wind turbin,
8,wind turbin,8: wind turbin,
8,wind turbin,8: wind turbin,
8,wind turbin,8: wind turbin,
8,wind turbin,8: wind turbin,
8,wind turbin,8: wind turbin,
8,wind turbin,8: wind turbin,
8,wind turbin,8: wind turbin,
8,wind turbin,8: wind turbin,
8,wind turbin,8: wind turbin,
8,wind turbin,8: wind turbin,
8,wind turbin,8: wind turbin,
8,wind turbin,8: wind turbin,
8,wind turbin,8: wind turbin,
8,wind turbin,8: wind turbin,
8,wind turbin,8: wind turbin,
8,wind turbin,8: wind turbin,
8,wind turbin,8: wind turbin,
8,wind turbin,8: wind turbin,
8,wind turbin,8: wind turbin,
8,wind turbin,8: wind turbin,
8,wind turbin,8: wind turbin,
8,wind turbin,8: wind turbin,
8,wind turbin,8: wind turbin,
8,wind turbin,8: wind turbin,
8,wind turbin,8: wind turbin,
8,wind turbin,8: wind turbin,
8,wind turbin,8: wind turbin,
8,wind turbin,8: wind turbin,
8,wind turbin,8: wind turbin,
8,wind turbin,8: wind turbin,
8,wind turbin,8: wind turbin,
8,wind turbin,8: wind turbin,
8,wind turbin,8: wind turbin,
8,wind turbin,8: wind turbin,
8,wind turbin,8: wind turbin,
8,wind turbin,8: wind turbin,
8,wind turbin,8: wind turbin,
8,wind turbin,8: wind turbin,
8,wind turbin,8: wind turbin,
8,wind turbin,8: wind turbin,
8,wind turbin,8: wind turbin,
8,wind turbin,8: wind turbin,
8,wind turbin,8: wind turbin,
8,wind turbin,8: wind turbin,
8,wind turbin,8: wind turbin,
8,wind turbin,8: wind turbin,
8,wind turbin,8: wind turbin,
8,wind turbin,8: wind turbin,
8,wind turbin,8: wind turbin,
8,wind turbin,8: wind turbin,
8,wind turbin,8: wind turbin,
8,wind turbin,8: wind turbin,
8,wind turbin,8: wind turbin,
8,wind turbin,8: wind turbin,
8,wind turbin,8: wind turbin,
8,wind turbin,8: wind turbin,
8,wind turbin,8: wind turbin,
8,wind turbin,8: wind turbin,
8,wind turbin,8: wind turbin,
8,wind turbin,8: wind turbin,
8,wind turbin,8: wind turbin,
8,wind turbin,8: wind turbin,
8,wind turbin,8: wind turbin,
8,wind turbin,8: wind turbin,
8,wind turbin,8: wind turbin,
8,wind turbin,8: wind turbin,
8,wind turbin,8: wind turbin,
8,wind turbin,8: wind turbin,
8,wind turbin,8: wind turbin,
8,wind turbin,8: wind turbin,
8,wind turbin,8: wind turbin,
8,wind turbin,8: wind turbin,
8,wind turbin,8: wind turbin,
8,wind turbin,8: wind turbin,
8,wind turbin,8: wind turbin,
8,wind turbin,8: wind turbin,
8,wind turbin,8: wind turbin,
8,wind turbin,8: wind turbin,
8,wind turbin,8: wind turbin,
8,wind turbin,8: wind turbin,
8,wind turbin,8: wind turbin,
8,wind turbin,8: wind turbin,
8,wind turbin,8: wind turbin,
8,wind turbin,8: wind turbin,
8,wind turbin,8: wind turbin,
8,wind turbin,8: wind turbin,
8,wind turbin,8: wind turbin,
8,wind turbin,8: wind turbin,
8,wind turbin,8: wind turbin,
8,wind turbin,8: wind turbin,
8,wind turbin,8: wind turbin,
8,wind turbin,8: wind turbin,
8,wind turbin,8: wind turbin,
8,wind turbin,8: wind turbin,
8,wind turbin,8: wind turbin,
8,wind turbin,8: wind turbin,
8,wind turbin,8: wind turbin,
8,wind turbin,8: wind turbin,
8,wind turbin,8: wind turbin,
8,wind turbin,8: wind turbin,
8,wind turbin,8: wind turbin,
8,wind turbin,8: wind turbin,
8,wind turbin,8: wind turbin,
8,wind turbin,8: wind turbin,
8,wind turbin,8: wind turbin,
8,wind turbin,8: wind turbin,
8,wind turbin,8: wind turbin,
8,wind turbin,8: wind turbin,
8,wind turbin,8: wind turbin,
8,wind turbin,8: wind turbin,
8,wind turbin,8: wind turbin,
8,wind turbin,8: wind turbin,
8,wind turbin,8: wind turbin,
8,wind turbin,8: wind turbin,
8,wind turbin,8: wind turbin,
8,wind turbin,8: wind turbin,
8,wind turbin,8: wind turbin,
8,wind turbin,8: wind turbin,
8,wind turbin,8: wind turbin,
8,wind turbin,8: wind turbin,
8,wind turbin,8: wind turbin,
8,wind turbin,8: wind turbin,
8,wind turbin,8: wind turbin,
8,wind turbin,8: wind turbin,
8,wind turbin,8: wind turbin,
8,wind turbin,8: wind turbin,
8,wind turbin,8: wind turbin,
8,wind turbin,8: wind turbin,
8,wind turbin,8: wind turbin,
8,wind turbin,8: wind turbin,
8,wind turbin,8: wind turbin,
8,wind turbin,8: wind turbin,
8,wind turbin,8: wind turbin,
8,wind turbin,8: wind turbin,
8,wind turbin,8: wind turbin,
8,wind turbin,8: wind turbin,
8,wind turbin,8: wind turbin,
8,wind turbin,8: wind turbin,
8,wind turbin,8: wind turbin,
8,wind turbin,8: wind turbin,
8,wind turbin,8: wind turbin,
8,wind turbin,8: wind turbin,
8,wind turbin,8: wind turbin,
8,wind turbin,8: wind turbin,
8,wind turbin,8: wind turbin,
8,wind turbin,8: wind turbin,
8,wind turbin,8: wind turbin,
8,wind turbin,8: wind turbin,
8,wind turbin,8: wind turbin,
8,wind turbin,8: wind turbin,
8,wind turbin,8: wind turbin,
8,wind turbin,8: wind turbin,
8,wind turbin,8: wind turbin,
8,wind turbin,8: wind turbin,
8,wind turbin,8: wind turbin,
8,wind turbin,8: wind turbin,
8,wind turbin,8: wind turbin,
8,wind turbin,8: wind turbin,
8,wind turbin,8: wind turbin,
8,wind turbin,8: wind turbin,
8,wind turbin,8: wind turbin,
8,wind turbin,8: wind turbin,
8,wind turbin,8: wind turbin,
8,wind turbin,8: wind turbin,
8,wind turbin,8: wind turbin,
8,wind turbin,8: wind turbin,
8,wind turbin,8: wind turbin,
8,wind turbin,8: wind turbin,
8,wind turbin,8: wind turbin,
2,municip council,2: municip council,
2,municip council,2: municip council,
2,municip council,2: municip council,
2,municip council,2: municip council,
2,municip council,2: municip council,
2,municip council,2: municip council,
2,municip council,2: municip council,
2,municip council,2: municip council,
2,municip council,2: municip council,
2,municip council,2: municip council,
2,municip council,2: municip council,
2,municip council,2: municip council,
2,municip council,2: municip council,
2,municip council,2: municip council,
2,municip council,2: municip council,
2,municip council,2: municip council,
2,municip council,2: municip council,
2,municip council,2: municip council,
2,municip council,2: municip council,
2,municip council,2: municip council,
2,municip council,2: municip council,
2,municip council,2: municip council,
2,municip council,2: municip council,
2,municip council,2: municip council,
2,municip council,2: municip council,
2,municip council,2: municip council,
2,municip council,2: municip council,
2,municip council,2: municip council,
2,municip council,2: municip council,
2,municip council,2: municip council,
2,municip council,2: municip council,
2,municip council,2: municip council,
2,municip council,2: municip council,
2,municip council,2: municip council,
2,municip council,2: municip council,
2,municip council,2: municip council,
2,municip council,2: municip council,
2,municip council,2: municip council,
2,municip council,2: municip council,
2,municip council,2: municip council,
2,municip council,2: municip council,
2,municip council,2: municip council,
2,municip council,2: municip council,
2,municip council,2: municip council,
2,municip council,2: municip council,
2,municip council,2: municip council,
2,municip council,2: municip council,
2,municip council,2: municip council,
2,municip council,2: municip council,
2,municip council,2: municip council,
2,municip council,2: municip council,
2,municip council,2: municip council,
2,municip council,2: municip council,
2,municip council,2: municip council,
2,municip council,2: municip council,
2,municip council,2: municip council,
2,municip council,2: municip council,
2,municip council,2: municip council,
2,municip council,2: municip council,
2,municip council,2: municip council,
2,municip council,2: municip council,
2,municip council,2: municip council,
2,municip council,2: municip council,
2,municip council,2: municip council,
2,municip council,2: municip council,
2,municip council,2: municip council,
2,municip council,2: municip council,
2,municip council,2: municip council,
2,municip council,2: municip council,
2,municip council,2: municip council,
2,municip council,2: municip council,
2,municip council,2: municip council,
2,municip council,2: municip council,
2,municip council,2: municip council,
2,municip council,2: municip council,
2,municip council,2: municip council,
2,municip council,2: municip council,
2,municip council,2: municip council,
2,municip council,2: municip council,
2,municip council,2: municip council,
2,municip council,2: municip council,
2,municip council,2: municip council,
2,municip council,2: municip council,
2,municip council,2: municip council,
2,municip council,2: municip council,
2,municip council,2: municip council,
2,municip council,2: municip council,
2,municip council,2: municip council,
2,municip council,2: municip council,
2,municip council,2: municip council,
2,municip council,2: municip council,
2,municip council,2: municip council,
2,municip council,2: municip council,
2,municip council,2: municip council,
2,municip council,2: municip council,
2,municip council,2: municip council,
2,municip council,2: municip council,
2,municip council,2: municip council,
2,municip council,2: municip council,
2,municip council,2: municip council,
2,municip council,2: municip council,
2,municip council,2: municip council,
2,municip council,2: municip council,
2,municip council,2: municip council,
2,municip council,2: municip council,
2,municip council,2: municip council,
2,municip council,2: municip council,
2,municip council,2: municip council,
2,municip council,2: municip council,
2,municip council,2: municip council,
2,municip council,2: municip council,
2,municip council,2: municip council,
2,municip council,2: municip council,
2,municip council,2: municip council,
2,municip council,2: municip council,
2,municip council,2: municip council,
2,municip council,2: municip council,
2,municip council,2: municip council,
2,municip council,2: municip council,
2,municip council,2: municip council,
2,municip council,2: municip council,
2,municip council,2: municip council,
2,municip council,2: municip council,
2,municip council,2: municip council,
2,municip council,2: municip council,
2,municip council,2: municip council,
2,municip council,2: municip council,
2,municip council,2: municip council,
2,municip council,2: municip council,
2,municip council,2: municip council,
2,municip council,2: municip council,
2,municip council,2: municip council,
2,municip council,2: municip council,
2,municip council,2: municip council,
2,municip council,2: municip council,
2,municip council,2: municip council,
2,municip council,2: municip council,
2,municip council,2: municip council,
2,municip council,2: municip council,
2,municip council,2: municip council,
2,municip council,2: municip council,
2,municip council,2: municip council,
2,municip council,2: municip council,
2,municip council,2: municip council,
2,municip council,2: municip council,
2,municip council,2: municip council,
2,municip council,2: municip council,
2,municip council,2: municip council,
2,municip council,2: municip council,
2,municip council,2: municip council,
2,municip council,2: municip council,
2,municip council,2: municip council,
2,municip council,2: municip council,
2,municip council,2: municip council,
2,municip council,2: municip council,
2,municip council,2: municip council,
8,wind turbin,8: wind turbin,
8,wind turbin,8: wind turbin,
8,wind turbin,8: wind turbin,
8,wind turbin,8: wind turbin,
8,wind turbin,8: wind turbin,
8,wind turbin,8: wind turbin,
8,wind turbin,8: wind turbin,
8,wind turbin,8: wind turbin,
8,wind turbin,8: wind turbin,
8,wind turbin,8: wind turbin,
8,wind turbin,8: wind turbin,
8,wind turbin,8: wind turbin,
8,wind turbin,8: wind turbin,
8,wind turbin,8: wind turbin,
8,wind turbin,8: wind turbin,
8,wind turbin,8: wind turbin,
8,wind turbin,8: wind turbin,
8,wind turbin,8: wind turbin,
8,wind turbin,8: wind turbin,
8,wind turbin,8: wind turbin,
8,wind turbin,8: wind turbin,
8,wind turbin,8: wind turbin,
8,wind turbin,8: wind turbin,
8,wind turbin,8: wind turbin,
8,wind turbin,8: wind turbin,
8,wind turbin,8: wind turbin,
8,wind turbin,8: wind turbin,
8,wind turbin,8: wind turbin,
8,wind turbin,8: wind turbin,
8,wind turbin,8: wind turbin,
8,wind turbin,8: wind turbin,
8,wind turbin,8: wind turbin,
8,wind turbin,8: wind turbin,
8,wind turbin,8: wind turbin,
8,wind turbin,8: wind turbin,
8,wind turbin,8: wind turbin,
8,wind turbin,8: wind turbin,
8,wind turbin,8: wind turbin,
8,wind turbin,8: wind turbin,
8,wind turbin,8: wind turbin,
8,wind turbin,8: wind turbin,
8,wind turbin,8: wind turbin,
8,wind turbin,8: wind turbin,
8,wind turbin,8: wind turbin,
8,wind turbin,8: wind turbin,
8,wind turbin,8: wind turbin,
8,wind turbin,8: wind turbin,
8,wind turbin,8: wind turbin,
8,wind turbin,8: wind turbin,
8,wind turbin,8: wind turbin,
8,wind turbin,8: wind turbin,
8,wind turbin,8: wind turbin,
8,wind turbin,8: wind turbin,
8,wind turbin,8: wind turbin,
8,wind turbin,8: wind turbin,
8,wind turbin,8: wind turbin,
8,wind turbin,8: wind turbin,
8,wind turbin,8: wind turbin,
8,wind turbin,8: wind turbin,
8,wind turbin,8: wind turbin,
8,wind turbin,8: wind turbin,
8,wind turbin,8: wind turbin,
8,wind turbin,8: wind turbin,
8,wind turbin,8: wind turbin,
8,wind turbin,8: wind turbin,
8,wind turbin,8: wind turbin,
8,wind turbin,8: wind turbin,
8,wind turbin,8: wind turbin,
8,wind turbin,8: wind turbin,
8,wind turbin,8: wind turbin,
8,wind turbin,8: wind turbin,
8,wind turbin,8: wind turbin,
8,wind turbin,8: wind turbin,
8,wind turbin,8: wind turbin,
8,wind turbin,8: wind turbin,
8,wind turbin,8: wind turbin,
8,wind turbin,8: wind turbin,
8,wind turbin,8: wind turbin,
8,wind turbin,8: wind turbin,
8,wind turbin,8: wind turbin,
8,wind turbin,8: wind turbin,
8,wind turbin,8: wind turbin,
8,wind turbin,8: wind turbin,
8,wind turbin,8: wind turbin,
8,wind turbin,8: wind turbin,
8,wind turbin,8: wind turbin,
8,wind turbin,8: wind turbin,
8,wind turbin,8: wind turbin,
8,wind turbin,8: wind turbin,
8,wind turbin,8: wind turbin,
8,wind turbin,8: wind turbin,
8,wind turbin,8: wind turbin,
8,wind turbin,8: wind turbin,
8,wind turbin,8: wind turbin,
8,wind turbin,8: wind turbin,
8,wind turbin,8: wind turbin,
8,wind turbin,8: wind turbin,
8,wind turbin,8: wind turbin,
8,wind turbin,8: wind turbin,
8,wind turbin,8: wind turbin,
8,wind turbin,8: wind turbin,
8,wind turbin,8: wind turbin,
8,wind turbin,8: wind turbin,
8,wind turbin,8: wind turbin,
8,wind turbin,8: wind turbin,
8,wind turbin,8: wind turbin,
8,wind turbin,8: wind turbin,
8,wind turbin,8: wind turbin,
8,wind turbin,8: wind turbin,
8,wind turbin,8: wind turbin,
8,wind turbin,8: wind turbin,
8,wind turbin,8: wind turbin,
8,wind turbin,8: wind turbin,
8,wind turbin,8: wind turbin,
8,wind turbin,8: wind turbin,
8,wind turbin,8: wind turbin,
8,wind turbin,8: wind turbin,
8,wind turbin,8: wind turbin,
8,wind turbin,8: wind turbin,
8,wind turbin,8: wind turbin,
8,wind turbin,8: wind turbin,
8,wind turbin,8: wind turbin,
8,wind turbin,8: wind turbin,
8,wind turbin,8: wind turbin,
8,wind turbin,8: wind turbin,
8,wind turbin,8: wind turbin,
8,wind turbin,8: wind turbin,
8,wind turbin,8: wind turbin,
8,wind turbin,8: wind turbin,
8,wind turbin,8: wind turbin,
6,energiø bornholm,6: energiø bornholm,
6,energiø bornholm,6: energiø bornholm,
6,energiø bornholm,6: energiø bornholm,
6,energiø bornholm,6: energiø bornholm,
6,energiø bornholm,6: energiø bornholm,
6,energiø bornholm,6: energiø bornholm,
6,energiø bornholm,6: energiø bornholm,
6,energiø bornholm,6: energiø bornholm,
6,energiø bornholm,6: energiø bornholm,
6,energiø bornholm,6: energiø bornholm,
6,energiø bornholm,6: energiø bornholm,
6,energiø bornholm,6: energiø bornholm,
6,energiø bornholm,6: energiø bornholm,
6,energiø bornholm,6: energiø bornholm,
6,energiø bornholm,6: energiø bornholm,
6,energiø bornholm,6: energiø bornholm,
6,energiø bornholm,6: energiø bornholm,
6,energiø bornholm,6: energiø bornholm,
6,energiø bornholm,6: energiø bornholm,
6,energiø bornholm,6: energiø bornholm,
6,energiø bornholm,6: energiø bornholm,
6,energiø bornholm,6: energiø bornholm,
6,energiø bornholm,6: energiø bornholm,
6,energiø bornholm,6: energiø bornholm,
6,energiø bornholm,6: energiø bornholm,
6,energiø bornholm,6: energiø bornholm,
6,energiø bornholm,6: energiø bornholm,
6,energiø bornholm,6: energiø bornholm,
6,energiø bornholm,6: energiø bornholm,
6,energiø bornholm,6: energiø bornholm,
6,energiø bornholm,6: energiø bornholm,
6,energiø bornholm,6: energiø bornholm,
6,energiø bornholm,6: energiø bornholm,
6,energiø bornholm,6: energiø bornholm,
6,energiø bornholm,6: energiø bornholm,
6,energiø bornholm,6: energiø bornholm,
6,energiø bornholm,6: energiø bornholm,
6,energiø bornholm,6: energiø bornholm,
6,energiø bornholm,6: energiø bornholm,
6,energiø bornholm,6: energiø bornholm,
6,energiø bornholm,6: energiø bornholm,
6,energiø bornholm,6: energiø bornholm,
6,energiø bornholm,6: energiø bornholm,
6,energiø bornholm,6: energiø bornholm,
6,energiø bornholm,6: energiø bornholm,
6,energiø bornholm,6: energiø bornholm,
6,energiø bornholm,6: energiø bornholm,
6,energiø bornholm,6: energiø bornholm,
6,energiø bornholm,6: energiø bornholm,
6,energiø bornholm,6: energiø bornholm,
6,energiø bornholm,6: energiø bornholm,
6,energiø bornholm,6: energiø bornholm,
6,energiø bornholm,6: energiø bornholm,
6,energiø bornholm,6: energiø bornholm,
6,energiø bornholm,6: energiø bornholm,
6,energiø bornholm,6: energiø bornholm,
6,energiø bornholm,6: energiø bornholm,
6,energiø bornholm,6: energiø bornholm,
6,energiø bornholm,6: energiø bornholm,
6,energiø bornholm,6: energiø bornholm,
6,energiø bornholm,6: energiø bornholm,
6,energiø bornholm,6: energiø bornholm,
6,energiø bornholm,6: energiø bornholm,
6,energiø bornholm,6: energiø bornholm,
6,energiø bornholm,6: energiø bornholm,
6,energiø bornholm,6: energiø bornholm,
6,energiø bornholm,6: energiø bornholm,
6,energiø bornholm,6: energiø bornholm,
6,energiø bornholm,6: energiø bornholm,
6,energiø bornholm,6: energiø bornholm,
6,energiø bornholm,6: energiø bornholm,
6,energiø bornholm,6: energiø bornholm,
6,energiø bornholm,6: energiø bornholm,
6,energiø bornholm,6: energiø bornholm,
6,energiø bornholm,6: energiø bornholm,
6,energiø bornholm,6: energiø bornholm,
6,energiø bornholm,6: energiø bornholm,
6,energiø bornholm,6: energiø bornholm,
6,energiø bornholm,6: energiø bornholm,
6,energiø bornholm,6: energiø bornholm,
6,energiø bornholm,6: energiø bornholm,
6,energiø bornholm,6: energiø bornholm,
6,energiø bornholm,6: energiø bornholm,
6,energiø bornholm,6: energiø bornholm,
6,energiø bornholm,6: energiø bornholm,
6,energiø bornholm,6: energiø bornholm,
6,energiø bornholm,6: energiø bornholm,
6,energiø bornholm,6: energiø bornholm,
6,energiø bornholm,6: energiø bornholm,
6,energiø bornholm,6: energiø bornholm,
6,energiø bornholm,6: energiø bornholm,
6,energiø bornholm,6: energiø bornholm,
6,energiø bornholm,6: energiø bornholm,
6,energiø bornholm,6: energiø bornholm,
6,energiø bornholm,6: energiø bornholm,
6,energiø bornholm,6: energiø bornholm,
6,energiø bornholm,6: energiø bornholm,
6,energiø bornholm,6: energiø bornholm,
6,energiø bornholm,6: energiø bornholm,
6,energiø bornholm,6: energiø bornholm,
6,energiø bornholm,6: energiø bornholm,
6,energiø bornholm,6: energiø bornholm,
6,energiø bornholm,6: energiø bornholm,
6,energiø bornholm,6: energiø bornholm,
6,energiø bornholm,6: energiø bornholm,
6,energiø bornholm,6: energiø bornholm,
6,energiø bornholm,6: energiø bornholm,
6,energiø bornholm,6: energiø bornholm,
6,energiø bornholm,6: energiø bornholm,
6,energiø bornholm,6: energiø bornholm,
6,energiø bornholm,6: energiø bornholm,
6,energiø bornholm,6: energiø bornholm,
6,energiø bornholm,6: energiø bornholm,
6,energiø bornholm,6: energiø bornholm,
6,energiø bornholm,6: energiø bornholm,
6,energiø bornholm,6: energiø bornholm,
6,energiø bornholm,6: energiø bornholm,
6,energiø bornholm,6: energiø bornholm,
6,energiø bornholm,6: energiø bornholm,
6,energiø bornholm,6: energiø bornholm,
6,energiø bornholm,6: energiø bornholm,
6,energiø bornholm,6: energiø bornholm,
6,energiø bornholm,6: energiø bornholm,
6,energiø bornholm,6: energiø bornholm,
6,energiø bornholm,6: energiø bornholm,
6,energiø bornholm,6: energiø bornholm,
6,energiø bornholm,6: energiø bornholm,
6,energiø bornholm,6: energiø bornholm,
6,energiø bornholm,6: energiø bornholm,
6,energiø bornholm,6: energiø bornholm,
6,energiø bornholm,6: energiø bornholm,
6,energiø bornholm,6: energiø bornholm,
6,energiø bornholm,6: energiø bornholm,
6,energiø bornholm,6: energiø bornholm,
6,energiø bornholm,6: energiø bornholm,
6,energiø bornholm,6: energiø bornholm,
6,energiø bornholm,6: energiø bornholm,
6,energiø bornholm,6: energiø bornholm,
6,energiø bornholm,6: energiø bornholm,
6,energiø bornholm,6: energiø bornholm,
6,energiø bornholm,6: energiø bornholm,
6,energiø bornholm,6: energiø bornholm,
6,energiø bornholm,6: energiø bornholm,
6,energiø bornholm,6: energiø bornholm,
6,energiø bornholm,6: energiø bornholm,
6,energiø bornholm,6: energiø bornholm,
6,energiø bornholm,6: energiø bornholm,
6,energiø bornholm,6: energiø bornholm,
6,energiø bornholm,6: energiø bornholm,
6,energiø bornholm,6: energiø bornholm,
6,energiø bornholm,6: energiø bornholm,
6,energiø bornholm,6: energiø bornholm,
6,energiø bornholm,6: energiø bornholm,
6,energiø bornholm,6: energiø bornholm,
6,energiø bornholm,6: energiø bornholm,
6,energiø bornholm,6: energiø bornholm,
6,energiø bornholm,6: energiø bornholm,
6,energiø bornholm,6: energiø bornholm,
6,energiø bornholm,6: energiø bornholm,
6,energiø bornholm,6: energiø bornholm,
6,energiø bornholm,6: energiø bornholm,
6,energiø bornholm,6: energiø bornholm,
6,energiø bornholm,6: energiø bornholm,
6,energiø bornholm,6: energiø bornholm,
6,energiø bornholm,6: energiø bornholm,
6,energiø bornholm,6: energiø bornholm,
6,energiø bornholm,6: energiø bornholm,
6,energiø bornholm,6: energiø bornholm,
6,energiø bornholm,6: energiø bornholm,
6,energiø bornholm,6: energiø bornholm,
6,energiø bornholm,6: energiø bornholm,
8,wind turbin,8: wind turbin,
8,wind turbin,8: wind turbin,
8,wind turbin,8: wind turbin,
8,wind turbin,8: wind turbin,
8,wind turbin,8: wind turbin,
8,wind turbin,8: wind turbin,
8,wind turbin,8: wind turbin,
8,wind turbin,8: wind turbin,
8,wind turbin,8: wind turbin,
8,wind turbin,8: wind turbin,
8,wind turbin,8: wind turbin,
8,wind turbin,8: wind turbin,
8,wind turbin,8: wind turbin,
8,wind turbin,8: wind turbin,
8,wind turbin,8: wind turbin,
8,wind turbin,8: wind turbin,
8,wind turbin,8: wind turbin,
8,wind turbin,8: wind turbin,
8,wind turbin,8: wind turbin,
8,wind turbin,8: wind turbin,
8,wind turbin,8: wind turbin,
8,wind turbin,8: wind turbin,
8,wind turbin,8: wind turbin,
8,wind turbin,8: wind turbin,
8,wind turbin,8: wind turbin,
8,wind turbin,8: wind turbin,
8,wind turbin,8: wind turbin,
8,wind turbin,8: wind turbin,
8,wind turbin,8: wind turbin,
8,wind turbin,8: wind turbin,
8,wind turbin,8: wind turbin,
8,wind turbin,8: wind turbin,
8,wind turbin,8: wind turbin,
8,wind turbin,8: wind turbin,
8,wind turbin,8: wind turbin,
8,wind turbin,8: wind turbin,
8,wind turbin,8: wind turbin,
8,wind turbin,8: wind turbin,
8,wind turbin,8: wind turbin,
8,wind turbin,8: wind turbin,
8,wind turbin,8: wind turbin,
8,wind turbin,8: wind turbin,
8,wind turbin,8: wind turbin,
8,wind turbin,8: wind turbin,
8,wind turbin,8: wind turbin,
8,wind turbin,8: wind turbin,
8,wind turbin,8: wind turbin,
8,wind turbin,8: wind turbin,
8,wind turbin,8: wind turbin,
8,wind turbin,8: wind turbin,
8,wind turbin,8: wind turbin,
8,wind turbin,8: wind turbin,
8,wind turbin,8: wind turbin,
8,wind turbin,8: wind turbin,
8,wind turbin,8: wind turbin,
8,wind turbin,8: wind turbin,
8,wind turbin,8: wind turbin,
8,wind turbin,8: wind turbin,
8,wind turbin,8: wind turbin,
8,wind turbin,8: wind turbin,
8,wind turbin,8: wind turbin,
8,wind turbin,8: wind turbin,
8,wind turbin,8: wind turbin,
8,wind turbin,8: wind turbin,
8,wind turbin,8: wind turbin,
8,wind turbin,8: wind turbin,
8,wind turbin,8: wind turbin,
8,wind turbin,8: wind turbin,
8,wind turbin,8: wind turbin,
8,wind turbin,8: wind turbin,
8,wind turbin,8: wind turbin,
8,wind turbin,8: wind turbin,
8,wind turbin,8: wind turbin,
8,wind turbin,8: wind turbin,
8,wind turbin,8: wind turbin,
8,wind turbin,8: wind turbin,
8,wind turbin,8: wind turbin,
8,wind turbin,8: wind turbin,
8,wind turbin,8: wind turbin,
8,wind turbin,8: wind turbin,
8,wind turbin,8: wind turbin,
8,wind turbin,8: wind turbin,
8,wind turbin,8: wind turbin,
8,wind turbin,8: wind turbin,
8,wind turbin,8: wind turbin,
8,wind turbin,8: wind turbin,
8,wind turbin,8: wind turbin,
8,wind turbin,8: wind turbin,
8,wind turbin,8: wind turbin,
8,wind turbin,8: wind turbin,
8,wind turbin,8: wind turbin,
8,wind turbin,8: wind turbin,
8,wind turbin,8: wind turbin,
8,wind turbin,8: wind turbin,
8,wind turbin,8: wind turbin,
8,wind turbin,8: wind turbin,
8,wind turbin,8: wind turbin,
8,wind turbin,8: wind turbin,
8,wind turbin,8: wind turbin,
8,wind turbin,8: wind turbin,
8,wind turbin,8: wind turbin,
8,wind turbin,8: wind turbin,
8,wind turbin,8: wind turbin,
8,wind turbin,8: wind turbin,
8,wind turbin,8: wind turbin,
8,wind turbin,8: wind turbin,
8,wind turbin,8: wind turbin,
8,wind turbin,8: wind turbin,
8,wind turbin,8: wind turbin,
8,wind turbin,8: wind turbin,
8,wind turbin,8: wind turbin,
8,wind turbin,8: wind turbin,
8,wind turbin,8: wind turbin,
8,wind turbin,8: wind turbin,
8,wind turbin,8: wind turbin,
8,wind turbin,8: wind turbin,
8,wind turbin,8: wind turbin,
8,wind turbin,8: wind turbin,
8,wind turbin,8: wind turbin,
8,wind turbin,8: wind turbin,
8,wind turbin,8: wind turbin,
8,wind turbin,8: wind turbin,
8,wind turbin,8: wind turbin,
8,wind turbin,8: wind turbin,
8,wind turbin,8: wind turbin,
8,wind turbin,8: wind turbin,
8,wind turbin,8: wind turbin,
8,wind turbin,8: wind turbin,
8,wind turbin,8: wind turbin,
8,wind turbin,8: wind turbin,
7,renew energi,7: renew energi,
7,renew energi,7: renew energi,
7,renew energi,7: renew energi,
7,renew energi,7: renew energi,
7,renew energi,7: renew energi,
7,renew energi,7: renew energi,
7,renew energi,7: renew energi,
7,renew energi,7: renew energi,
7,renew energi,7: renew energi,
7,renew energi,7: renew energi,
7,renew energi,7: renew energi,
7,renew energi,7: renew energi,
7,renew energi,7: renew energi,
7,renew energi,7: renew energi,
7,renew energi,7: renew energi,
7,renew energi,7: renew energi,
7,renew energi,7: renew energi,
7,renew energi,7: renew energi,
7,renew energi,7: renew energi,
7,renew energi,7: renew energi,
7,renew energi,7: renew energi,
7,renew energi,7: renew energi,
7,renew energi,7: renew energi,
7,renew energi,7: renew energi,
7,renew energi,7: renew energi,
7,renew energi,7: renew energi,
7,renew energi,7: renew energi,
7,renew energi,7: renew energi,
7,renew energi,7: renew energi,
7,renew energi,7: renew energi,
7,renew energi,7: renew energi,
7,renew energi,7: renew energi,
7,renew energi,7: renew energi,
7,renew energi,7: renew energi,
7,renew energi,7: renew energi,
7,renew energi,7: renew energi,
7,renew energi,7: renew energi,
7,renew energi,7: renew energi,
7,renew energi,7: renew energi,
7,renew energi,7: renew energi,
7,renew energi,7: renew energi,
7,renew energi,7: renew energi,
7,renew energi,7: renew energi,
7,renew energi,7: renew energi,
7,renew energi,7: renew energi,
7,renew energi,7: renew energi,
7,renew energi,7: renew energi,
7,renew energi,7: renew energi,
7,renew energi,7: renew energi,
7,renew energi,7: renew energi,
7,renew energi,7: renew energi,
7,renew energi,7: renew energi,
7,renew energi,7: renew energi,
7,renew energi,7: renew energi,
7,renew energi,7: renew energi,
7,renew energi,7: renew energi,
7,renew energi,7: renew energi,
7,renew energi,7: renew energi,
7,renew energi,7: renew energi,
7,renew energi,7: renew energi,
7,renew energi,7: renew energi,
7,renew energi,7: renew energi,
7,renew energi,7: renew energi,
7,renew energi,7: renew energi,
7,renew energi,7: renew energi,
7,renew energi,7: renew energi,
7,renew energi,7: renew energi,
7,renew energi,7: renew energi,
7,renew energi,7: renew energi,
7,renew energi,7: renew energi,
7,renew energi,7: renew energi,
7,renew energi,7: renew energi,
7,renew energi,7: renew energi,
7,renew energi,7: renew energi,
7,renew energi,7: renew energi,
7,renew energi,7: renew energi,
7,renew energi,7: renew energi,
7,renew energi,7: renew energi,
7,renew energi,7: renew energi,
7,renew energi,7: renew energi,
7,renew energi,7: renew energi,
7,renew energi,7: renew energi,
7,renew energi,7: renew energi,
7,renew energi,7: renew energi,
7,renew energi,7: renew energi,
7,renew energi,7: renew energi,
7,renew energi,7: renew energi,
7,renew energi,7: renew energi,
7,renew energi,7: renew energi,
7,renew energi,7: renew energi,
7,renew energi,7: renew energi,
7,renew energi,7: renew energi,
7,renew energi,7: renew energi,
7,renew energi,7: renew energi,
7,renew energi,7: renew energi,
7,renew energi,7: renew energi,
7,renew energi,7: renew energi,
7,renew energi,7: renew energi,
7,renew energi,7: renew energi,
7,renew energi,7: renew energi,
7,renew energi,7: renew energi,
7,renew energi,7: renew energi,
7,renew energi,7: renew energi,
7,renew energi,7: renew energi,
7,renew energi,7: renew energi,
7,renew energi,7: renew energi,
7,renew energi,7: renew energi,
7,renew energi,7: renew energi,
7,renew energi,7: renew energi,
7,renew energi,7: renew energi,
7,renew energi,7: renew energi,
7,renew energi,7: renew energi,
7,renew energi,7: renew energi,
7,renew energi,7: renew energi,
7,renew energi,7: renew energi,
7,renew energi,7: renew energi,
7,renew energi,7: renew energi,
7,renew energi,7: renew energi,
7,renew energi,7: renew energi,
7,renew energi,7: renew energi,
7,renew energi,7: renew energi,
7,renew energi,7: renew energi,
7,renew energi,7: renew energi,
7,renew energi,7: renew energi,
7,renew energi,7: renew energi,
7,renew energi,7: renew energi,
7,renew energi,7: renew energi,
7,renew energi,7: renew energi,
7,renew energi,7: renew energi,
7,renew energi,7: renew energi,
7,renew energi,7: renew energi,
7,renew energi,7: renew energi,
7,renew energi,7: renew energi,
7,renew energi,7: renew energi,
7,renew energi,7: renew energi,
7,renew energi,7: renew energi,
7,renew energi,7: renew energi,
7,renew energi,7: renew energi,
7,renew energi,7: renew energi,
7,renew energi,7: renew energi,
7,renew energi,7: renew energi,
7,renew energi,7: renew energi,
7,renew energi,7: renew energi,
7,renew energi,7: renew energi,
7,renew energi,7: renew energi,
7,renew energi,7: renew energi,
4,baltic sea,4: baltic sea,
4,baltic sea,4: baltic sea,
4,baltic sea,4: baltic sea,
4,baltic sea,4: baltic sea,
4,baltic sea,4: baltic sea,
4,baltic sea,4: baltic sea,
4,baltic sea,4: baltic sea,
4,baltic sea,4: baltic sea,
4,baltic sea,4: baltic sea,
4,baltic sea,4: baltic sea,
4,baltic sea,4: baltic sea,
4,baltic sea,4: baltic sea,
4,baltic sea,4: baltic sea,
4,baltic sea,4: baltic sea,
4,baltic sea,4: baltic sea,
4,baltic sea,4: baltic sea,
4,baltic sea,4: baltic sea,
4,baltic sea,4: baltic sea,
4,baltic sea,4: baltic sea,
4,baltic sea,4: baltic sea,
4,baltic sea,4: baltic sea,
4,baltic sea,4: baltic sea,
4,baltic sea,4: baltic sea,
4,baltic sea,4: baltic sea,
4,baltic sea,4: baltic sea,
4,baltic sea,4: baltic sea,
4,baltic sea,4: baltic sea,
4,baltic sea,4: baltic sea,
4,baltic sea,4: baltic sea,
4,baltic sea,4: baltic sea,
4,baltic sea,4: baltic sea,
4,baltic sea,4: baltic sea,
4,baltic sea,4: baltic sea,
4,baltic sea,4: baltic sea,
4,baltic sea,4: baltic sea,
4,baltic sea,4: baltic sea,
4,baltic sea,4: baltic sea,
4,baltic sea,4: baltic sea,
4,baltic sea,4: baltic sea,
4,baltic sea,4: baltic sea,
4,baltic sea,4: baltic sea,
4,baltic sea,4: baltic sea,
4,baltic sea,4: baltic sea,
4,baltic sea,4: baltic sea,
4,baltic sea,4: baltic sea,
4,baltic sea,4: baltic sea,
4,baltic sea,4: baltic sea,
4,baltic sea,4: baltic sea,
4,baltic sea,4: baltic sea,
4,baltic sea,4: baltic sea,
4,baltic sea,4: baltic sea,
4,baltic sea,4: baltic sea,
4,baltic sea,4: baltic sea,
4,baltic sea,4: baltic sea,
4,baltic sea,4: baltic sea,
4,baltic sea,4: baltic sea,
4,baltic sea,4: baltic sea,
4,baltic sea,4: baltic sea,
4,baltic sea,4: baltic sea,
4,baltic sea,4: baltic sea,
4,baltic sea,4: baltic sea,
4,baltic sea,4: baltic sea,
4,baltic sea,4: baltic sea,
4,baltic sea,4: baltic sea,
4,baltic sea,4: baltic sea,
4,baltic sea,4: baltic sea,
4,baltic sea,4: baltic sea,
4,baltic sea,4: baltic sea,
4,baltic sea,4: baltic sea,
4,baltic sea,4: baltic sea,
4,baltic sea,4: baltic sea,
4,baltic sea,4: baltic sea,
4,baltic sea,4: baltic sea,
4,baltic sea,4: baltic sea,
4,baltic sea,4: baltic sea,
4,baltic sea,4: baltic sea,
4,baltic sea,4: baltic sea,
4,baltic sea,4: baltic sea,
4,baltic sea,4: baltic sea,
4,baltic sea,4: baltic sea,
4,baltic sea,4: baltic sea,
4,baltic sea,4: baltic sea,
4,baltic sea,4: baltic sea,
4,baltic sea,4: baltic sea,
4,baltic sea,4: baltic sea,
4,baltic sea,4: baltic sea,
4,baltic sea,4: baltic sea,
4,baltic sea,4: baltic sea,
4,baltic sea,4: baltic sea,
4,baltic sea,4: baltic sea,
4,baltic sea,4: baltic sea,
4,baltic sea,4: baltic sea,
4,baltic sea,4: baltic sea,
4,baltic sea,4: baltic sea,
4,baltic sea,4: baltic sea,
4,baltic sea,4: baltic sea,
4,baltic sea,4: baltic sea,
4,baltic sea,4: baltic sea,
4,baltic sea,4: baltic sea,
4,baltic sea,4: baltic sea,
4,baltic sea,4: baltic sea,
4,baltic sea,4: baltic sea,
4,baltic sea,4: baltic sea,
4,baltic sea,4: baltic sea,
4,baltic sea,4: baltic sea,
4,baltic sea,4: baltic sea,
4,baltic sea,4: baltic sea,
4,baltic sea,4: baltic sea,
4,baltic sea,4: baltic sea,
4,baltic sea,4: baltic sea,
4,baltic sea,4: baltic sea,
4,baltic sea,4: baltic sea,
4,baltic sea,4: baltic sea,
4,baltic sea,4: baltic sea,
4,baltic sea,4: baltic sea,
4,baltic sea,4: baltic sea,
4,baltic sea,4: baltic sea,
4,baltic sea,4: baltic sea,
4,baltic sea,4: baltic sea,
4,baltic sea,4: baltic sea,
4,baltic sea,4: baltic sea,
4,baltic sea,4: baltic sea,
4,baltic sea,4: baltic sea,
4,baltic sea,4: baltic sea,
4,baltic sea,4: baltic sea,
4,baltic sea,4: baltic sea,
4,baltic sea,4: baltic sea,
4,baltic sea,4: baltic sea,
4,baltic sea,4: baltic sea,
4,baltic sea,4: baltic sea,
4,baltic sea,4: baltic sea,
4,baltic sea,4: baltic sea,
4,baltic sea,4: baltic sea,
4,baltic sea,4: baltic sea,
4,baltic sea,4: baltic sea,
4,baltic sea,4: baltic sea,
4,baltic sea,4: baltic sea,
4,baltic sea,4: baltic sea,
6,energiø bornholm,6: energiø bornholm,
6,energiø bornholm,6: energiø bornholm,
6,energiø bornholm,6: energiø bornholm,
6,energiø bornholm,6: energiø bornholm,
6,energiø bornholm,6: energiø bornholm,
6,energiø bornholm,6: energiø bornholm,
6,energiø bornholm,6: energiø bornholm,
6,energiø bornholm,6: energiø bornholm,
6,energiø bornholm,6: energiø bornholm,
6,energiø bornholm,6: energiø bornholm,
6,energiø bornholm,6: energiø bornholm,
6,energiø bornholm,6: energiø bornholm,
6,energiø bornholm,6: energiø bornholm,
6,energiø bornholm,6: energiø bornholm,
6,energiø bornholm,6: energiø bornholm,
6,energiø bornholm,6: energiø bornholm,
6,energiø bornholm,6: energiø bornholm,
6,energiø bornholm,6: energiø bornholm,
6,energiø bornholm,6: energiø bornholm,
6,energiø bornholm,6: energiø bornholm,
6,energiø bornholm,6: energiø bornholm,
6,energiø bornholm,6: energiø bornholm,
6,energiø bornholm,6: energiø bornholm,
6,energiø bornholm,6: energiø bornholm,
6,energiø bornholm,6: energiø bornholm,
6,energiø bornholm,6: energiø bornholm,
6,energiø bornholm,6: energiø bornholm,
6,energiø bornholm,6: energiø bornholm,
6,energiø bornholm,6: energiø bornholm,
6,energiø bornholm,6: energiø bornholm,
6,energiø bornholm,6: energiø bornholm,
6,energiø bornholm,6: energiø bornholm,
6,energiø bornholm,6: energiø bornholm,
6,energiø bornholm,6: energiø bornholm,
6,energiø bornholm,6: energiø bornholm,
6,energiø bornholm,6: energiø bornholm,
6,energiø bornholm,6: energiø bornholm,
6,energiø bornholm,6: energiø bornholm,
6,energiø bornholm,6: energiø bornholm,
6,energiø bornholm,6: energiø bornholm,
6,energiø bornholm,6: energiø bornholm,
6,energiø bornholm,6: energiø bornholm,
6,energiø bornholm,6: energiø bornholm,
6,energiø bornholm,6: energiø bornholm,
6,energiø bornholm,6: energiø bornholm,
6,energiø bornholm,6: energiø bornholm,
6,energiø bornholm,6: energiø bornholm,
6,energiø bornholm,6: energiø bornholm,
6,energiø bornholm,6: energiø bornholm,
6,energiø bornholm,6: energiø bornholm,
6,energiø bornholm,6: energiø bornholm,
6,energiø bornholm,6: energiø bornholm,
6,energiø bornholm,6: energiø bornholm,
6,energiø bornholm,6: energiø bornholm,
6,energiø bornholm,6: energiø bornholm,
6,energiø bornholm,6: energiø bornholm,
6,energiø bornholm,6: energiø bornholm,
6,energiø bornholm,6: energiø bornholm,
6,energiø bornholm,6: energiø bornholm,
6,energiø bornholm,6: energiø bornholm,
6,energiø bornholm,6: energiø bornholm,
6,energiø bornholm,6: energiø bornholm,
6,energiø bornholm,6: energiø bornholm,
6,energiø bornholm,6: energiø bornholm,
6,energiø bornholm,6: energiø bornholm,
6,energiø bornholm,6: energiø bornholm,
6,energiø bornholm,6: energiø bornholm,
6,energiø bornholm,6: energiø bornholm,
6,energiø bornholm,6: energiø bornholm,
6,energiø bornholm,6: energiø bornholm,
6,energiø bornholm,6: energiø bornholm,
6,energiø bornholm,6: energiø bornholm,
6,energiø bornholm,6: energiø bornholm,
6,energiø bornholm,6: energiø bornholm,
6,energiø bornholm,6: energiø bornholm,
6,energiø bornholm,6: energiø bornholm,
6,energiø bornholm,6: energiø bornholm,
6,energiø bornholm,6: energiø bornholm,
6,energiø bornholm,6: energiø bornholm,
6,energiø bornholm,6: energiø bornholm,
6,energiø bornholm,6: energiø bornholm,
6,energiø bornholm,6: energiø bornholm,
6,energiø bornholm,6: energiø bornholm,
6,energiø bornholm,6: energiø bornholm,
6,energiø bornholm,6: energiø bornholm,
6,energiø bornholm,6: energiø bornholm,
6,energiø bornholm,6: energiø bornholm,
6,energiø bornholm,6: energiø bornholm,
6,energiø bornholm,6: energiø bornholm,
6,energiø bornholm,6: energiø bornholm,
6,energiø bornholm,6: energiø bornholm,
6,energiø bornholm,6: energiø bornholm,
6,energiø bornholm,6: energiø bornholm,
6,energiø bornholm,6: energiø bornholm,
6,energiø bornholm,6: energiø bornholm,
6,energiø bornholm,6: energiø bornholm,
6,energiø bornholm,6: energiø bornholm,
6,energiø bornholm,6: energiø bornholm,
6,energiø bornholm,6: energiø bornholm,
6,energiø bornholm,6: energiø bornholm,
6,energiø bornholm,6: energiø bornholm,
6,energiø bornholm,6: energiø bornholm,
6,energiø bornholm,6: energiø bornholm,
6,energiø bornholm,6: energiø bornholm,
6,energiø bornholm,6: energiø bornholm,
6,energiø bornholm,6: energiø bornholm,
6,energiø bornholm,6: energiø bornholm,
6,energiø bornholm,6: energiø bornholm,
6,energiø bornholm,6: energiø bornholm,
6,energiø bornholm,6: energiø bornholm,
6,energiø bornholm,6: energiø bornholm,
6,energiø bornholm,6: energiø bornholm,
6,energiø bornholm,6: energiø bornholm,
6,energiø bornholm,6: energiø bornholm,
6,energiø bornholm,6: energiø bornholm,
6,energiø bornholm,6: energiø bornholm,
6,energiø bornholm,6: energiø bornholm,
6,energiø bornholm,6: energiø bornholm,
6,energiø bornholm,6: energiø bornholm,
6,energiø bornholm,6: energiø bornholm,
6,energiø bornholm,6: energiø bornholm,
6,energiø bornholm,6: energiø bornholm,
6,energiø bornholm,6: energiø bornholm,
6,energiø bornholm,6: energiø bornholm,
6,energiø bornholm,6: energiø bornholm,
6,energiø bornholm,6: energiø bornholm,
6,energiø bornholm,6: energiø bornholm,
6,energiø bornholm,6: energiø bornholm,
6,energiø bornholm,6: energiø bornholm,
6,energiø bornholm,6: energiø bornholm,
6,energiø bornholm,6: energiø bornholm,
6,energiø bornholm,6: energiø bornholm,
6,energiø bornholm,6: energiø bornholm,
6,energiø bornholm,6: energiø bornholm,
6,energiø bornholm,6: energiø bornholm,
6,energiø bornholm,6: energiø bornholm,
6,energiø bornholm,6: energiø bornholm,
6,energiø bornholm,6: energiø bornholm,
6,energiø bornholm,6: energiø bornholm,
6,energiø bornholm,6: energiø bornholm,
6,energiø bornholm,6: energiø bornholm,
6,energiø bornholm,6: energiø bornholm,
6,energiø bornholm,6: energiø bornholm,
6,energiø bornholm,6: energiø bornholm,
6,energiø bornholm,6: energiø bornholm,
6,energiø bornholm,6: energiø bornholm,
6,energiø bornholm,6: energiø bornholm,
6,energiø bornholm,6: energiø bornholm,
6,energiø bornholm,6: energiø bornholm,
6,energiø bornholm,6: energiø bornholm,
6,energiø bornholm,6: energiø bornholm,
6,energiø bornholm,6: energiø bornholm,
6,energiø bornholm,6: energiø bornholm,
6,energiø bornholm,6: energiø bornholm,
6,energiø bornholm,6: energiø bornholm,
6,energiø bornholm,6: energiø bornholm,
6,energiø bornholm,6: energiø bornholm,
6,energiø bornholm,6: energiø bornholm,
6,energiø bornholm,6: energiø bornholm,
6,energiø bornholm,6: energiø bornholm,
6,energiø bornholm,6: energiø bornholm,
6,energiø bornholm,6: energiø bornholm,
6,energiø bornholm,6: energiø bornholm,
6,energiø bornholm,6: energiø bornholm,
6,energiø bornholm,6: energiø bornholm,
6,energiø bornholm,6: energiø bornholm,
6,energiø bornholm,6: energiø bornholm,
6,energiø bornholm,6: energiø bornholm,
6,energiø bornholm,6: energiø bornholm,
6,energiø bornholm,6: energiø bornholm,
6,energiø bornholm,6: energiø bornholm,
6,energiø bornholm,6: energiø bornholm,
6,energiø bornholm,6: energiø bornholm,
6,energiø bornholm,6: energiø bornholm,
6,energiø bornholm,6: energiø bornholm,
6,energiø bornholm,6: energiø bornholm,
6,energiø bornholm,6: energiø bornholm,
6,energiø bornholm,6: energiø bornholm,
6,energiø bornholm,6: energiø bornholm,
6,energiø bornholm,6: energiø bornholm,
6,energiø bornholm,6: energiø bornholm,
6,energiø bornholm,6: energiø bornholm,
6,energiø bornholm,6: energiø bornholm,
6,energiø bornholm,6: energiø bornholm,
6,energiø bornholm,6: energiø bornholm,
6,energiø bornholm,6: energiø bornholm,
6,energiø bornholm,6: energiø bornholm,
6,energiø bornholm,6: energiø bornholm,
6,energiø bornholm,6: energiø bornholm,
6,energiø bornholm,6: energiø bornholm,
6,energiø bornholm,6: energiø bornholm,
6,energiø bornholm,6: energiø bornholm,
6,energiø bornholm,6: energiø bornholm,
6,energiø bornholm,6: energiø bornholm,
6,energiø bornholm,6: energiø bornholm,
6,energiø bornholm,6: energiø bornholm,
6,energiø bornholm,6: energiø bornholm,
6,energiø bornholm,6: energiø bornholm,
6,energiø bornholm,6: energiø bornholm,
6,energiø bornholm,6: energiø bornholm,
6,energiø bornholm,6: energiø bornholm,
6,energiø bornholm,6: energiø bornholm,
6,energiø bornholm,6: energiø bornholm,
6,energiø bornholm,6: energiø bornholm,
6,energiø bornholm,6: energiø bornholm,
6,energiø bornholm,6: energiø bornholm,
6,energiø bornholm,6: energiø bornholm,
6,energiø bornholm,6: energiø bornholm,
6,energiø bornholm,6: energiø bornholm,
6,energiø bornholm,6: energiø bornholm,
6,energiø bornholm,6: energiø bornholm,
6,energiø bornholm,6: energiø bornholm,
6,energiø bornholm,6: energiø bornholm,
6,energiø bornholm,6: energiø bornholm,
6,energiø bornholm,6: energiø bornholm,
6,energiø bornholm,6: energiø bornholm,
6,energiø bornholm,6: energiø bornholm,
6,energiø bornholm,6: energiø bornholm,
6,energiø bornholm,6: energiø bornholm,
6,energiø bornholm,6: energiø bornholm,
6,energiø bornholm,6: energiø bornholm,
6,energiø bornholm,6: energiø bornholm,
6,energiø bornholm,6: energiø bornholm,
6,energiø bornholm,6: energiø bornholm,
6,energiø bornholm,6: energiø bornholm,
6,energiø bornholm,6: energiø bornholm,
6,energiø bornholm,6: energiø bornholm,
6,energiø bornholm,6: energiø bornholm,
6,energiø bornholm,6: energiø bornholm,
6,energiø bornholm,6: energiø bornholm,
6,energiø bornholm,6: energiø bornholm,
6,energiø bornholm,6: energiø bornholm,
6,energiø bornholm,6: energiø bornholm,
6,energiø bornholm,6: energiø bornholm,
6,energiø bornholm,6: energiø bornholm,
6,energiø bornholm,6: energiø bornholm,
6,energiø bornholm,6: energiø bornholm,
6,energiø bornholm,6: energiø bornholm,
6,energiø bornholm,6: energiø bornholm,
6,energiø bornholm,6: energiø bornholm,
6,energiø bornholm,6: energiø bornholm,
6,energiø bornholm,6: energiø bornholm,
6,energiø bornholm,6: energiø bornholm,
6,energiø bornholm,6: energiø bornholm,
6,energiø bornholm,6: energiø bornholm,
6,energiø bornholm,6: energiø bornholm,
6,energiø bornholm,6: energiø bornholm,
6,energiø bornholm,6: energiø bornholm,
6,energiø bornholm,6: energiø bornholm,
6,energiø bornholm,6: energiø bornholm,
6,energiø bornholm,6: energiø bornholm,
6,energiø bornholm,6: energiø bornholm,
6,energiø bornholm,6: energiø bornholm,
6,energiø bornholm,6: energiø bornholm,
6,energiø bornholm,6: energiø bornholm,
6,energiø bornholm,6: energiø bornholm,
6,energiø bornholm,6: energiø bornholm,
6,energiø bornholm,6: energiø bornholm,
6,energiø bornholm,6: energiø bornholm,
6,energiø bornholm,6: energiø bornholm,
6,energiø bornholm,6: energiø bornholm,
6,energiø bornholm,6: energiø bornholm,
6,energiø bornholm,6: energiø bornholm,
6,energiø bornholm,6: energiø bornholm,
6,energiø bornholm,6: energiø bornholm,
6,energiø bornholm,6: energiø bornholm,
6,energiø bornholm,6: energiø bornholm,
6,energiø bornholm,6: energiø bornholm,
6,energiø bornholm,6: energiø bornholm,
6,energiø bornholm,6: energiø bornholm,
6,energiø bornholm,6: energiø bornholm,
6,energiø bornholm,6: energiø bornholm,
6,energiø bornholm,6: energiø bornholm,
6,energiø bornholm,6: energiø bornholm,
6,energiø bornholm,6: energiø bornholm,
6,energiø bornholm,6: energiø bornholm,
6,energiø bornholm,6: energiø bornholm,
6,energiø bornholm,6: energiø bornholm,
6,energiø bornholm,6: energiø bornholm,
6,energiø bornholm,6: energiø bornholm,
6,energiø bornholm,6: energiø bornholm,
6,energiø bornholm,6: energiø bornholm,
6,energiø bornholm,6: energiø bornholm,
6,energiø bornholm,6: energiø bornholm,
6,energiø bornholm,6: energiø bornholm,
6,energiø bornholm,6: energiø bornholm,
6,energiø bornholm,6: energiø bornholm,
6,energiø bornholm,6: energiø bornholm,
6,energiø bornholm,6: energiø bornholm,
6,energiø bornholm,6: energiø bornholm,
6,energiø bornholm,6: energiø bornholm,
6,energiø bornholm,6: energiø bornholm,
6,energiø bornholm,6: energiø bornholm,
6,energiø bornholm,6: energiø bornholm,
6,energiø bornholm,6: energiø bornholm,
6,energiø bornholm,6: energiø bornholm,
6,energiø bornholm,6: energiø bornholm,
6,energiø bornholm,6: energiø bornholm,
6,energiø bornholm,6: energiø bornholm,
6,energiø bornholm,6: energiø bornholm,
6,energiø bornholm,6: energiø bornholm,
6,energiø bornholm,6: energiø bornholm,
6,energiø bornholm,6: energiø bornholm,
6,energiø bornholm,6: energiø bornholm,
6,energiø bornholm,6: energiø bornholm,
6,energiø bornholm,6: energiø bornholm,
6,energiø bornholm,6: energiø bornholm,
6,energiø bornholm,6: energiø bornholm,
6,energiø bornholm,6: energiø bornholm,
6,energiø bornholm,6: energiø bornholm,
6,energiø bornholm,6: energiø bornholm,
6,energiø bornholm,6: energiø bornholm,
6,energiø bornholm,6: energiø bornholm,
6,energiø bornholm,6: energiø bornholm,
6,energiø bornholm,6: energiø bornholm,
6,energiø bornholm,6: energiø bornholm,
6,energiø bornholm,6: energiø bornholm,
6,energiø bornholm,6: energiø bornholm,
6,energiø bornholm,6: energiø bornholm,
6,energiø bornholm,6: energiø bornholm,
6,energiø bornholm,6: energiø bornholm,
6,energiø bornholm,6: energiø bornholm,
6,energiø bornholm,6: energiø bornholm,
6,energiø bornholm,6: energiø bornholm,
6,energiø bornholm,6: energiø bornholm,
6,energiø bornholm,6: energiø bornholm,
6,energiø bornholm,6: energiø bornholm,
6,energiø bornholm,6: energiø bornholm,
6,energiø bornholm,6: energiø bornholm,
6,energiø bornholm,6: energiø bornholm,
6,energiø bornholm,6: energiø bornholm,
6,energiø bornholm,6: energiø bornholm,
6,energiø bornholm,6: energiø bornholm,
6,energiø bornholm,6: energiø bornholm,
6,energiø bornholm,6: energiø bornholm,
6,energiø bornholm,6: energiø bornholm,
6,energiø bornholm,6: energiø bornholm,
6,energiø bornholm,6: energiø bornholm,
6,energiø bornholm,6: energiø bornholm,
6,energiø bornholm,6: energiø bornholm,
6,energiø bornholm,6: energiø bornholm,
6,energiø bornholm,6: energiø bornholm,
2,municip council,2: municip council,
2,municip council,2: municip council,
2,municip council,2: municip council,
2,municip council,2: municip council,
2,municip council,2: municip council,
2,municip council,2: municip council,
2,municip council,2: municip council,
2,municip council,2: municip council,
2,municip council,2: municip council,
2,municip council,2: municip council,
2,municip council,2: municip council,
2,municip council,2: municip council,
2,municip council,2: municip council,
2,municip council,2: municip council,
2,municip council,2: municip council,
2,municip council,2: municip council,
2,municip council,2: municip council,
2,municip council,2: municip council,
2,municip council,2: municip council,
2,municip council,2: municip council,
2,municip council,2: municip council,
2,municip council,2: municip council,
2,municip council,2: municip council,
2,municip council,2: municip council,
2,municip council,2: municip council,
2,municip council,2: municip council,
2,municip council,2: municip council,
2,municip council,2: municip council,
2,municip council,2: municip council,
2,municip council,2: municip council,
2,municip council,2: municip council,
2,municip council,2: municip council,
2,municip council,2: municip council,
2,municip council,2: municip council,
2,municip council,2: municip council,
2,municip council,2: municip council,
2,municip council,2: municip council,
2,municip council,2: municip council,
2,municip council,2: municip council,
2,municip council,2: municip council,
2,municip council,2: municip council,
2,municip council,2: municip council,
2,municip council,2: municip council,
2,municip council,2: municip council,
2,municip council,2: municip council,
2,municip council,2: municip council,
2,municip council,2: municip council,
2,municip council,2: municip council,
2,municip council,2: municip council,
2,municip council,2: municip council,
2,municip council,2: municip council,
2,municip council,2: municip council,
2,municip council,2: municip council,
2,municip council,2: municip council,
2,municip council,2: municip council,
2,municip council,2: municip council,
2,municip council,2: municip council,
2,municip council,2: municip council,
2,municip council,2: municip council,
2,municip council,2: municip council,
2,municip council,2: municip council,
2,municip council,2: municip council,
2,municip council,2: municip council,
2,municip council,2: municip council,
2,municip council,2: municip council,
2,municip council,2: municip council,
2,municip council,2: municip council,
2,municip council,2: municip council,
2,municip council,2: municip council,
2,municip council,2: municip council,
2,municip council,2: municip council,
2,municip council,2: municip council,
2,municip council,2: municip council,
2,municip council,2: municip council,
2,municip council,2: municip council,
2,municip council,2: municip council,
2,municip council,2: municip council,
2,municip council,2: municip council,
2,municip council,2: municip council,
2,municip council,2: municip council,
2,municip council,2: municip council,
2,municip council,2: municip council,
2,municip council,2: municip council,
2,municip council,2: municip council,
2,municip council,2: municip council,
2,municip council,2: municip council,
2,municip council,2: municip council,
2,municip council,2: municip council,
2,municip council,2: municip council,
2,municip council,2: municip council,
2,municip council,2: municip council,
2,municip council,2: municip council,
2,municip council,2: municip council,
2,municip council,2: municip council,
2,municip council,2: municip council,
2,municip council,2: municip council,
2,municip council,2: municip council,
2,municip council,2: municip council,
2,municip council,2: municip council,
2,municip council,2: municip council,
2,municip council,2: municip council,
2,municip council,2: municip council,
2,municip council,2: municip council,
2,municip council,2: municip council,
2,municip council,2: municip council,
2,municip council,2: municip council,
2,municip council,2: municip council,
2,municip council,2: municip council,
2,municip council,2: municip council,
2,municip council,2: municip council,
2,municip council,2: municip council,
2,municip council,2: municip council,
2,municip council,2: municip council,
2,municip council,2: municip council,
2,municip council,2: municip council,
2,municip council,2: municip council,
2,municip council,2: municip council,
2,municip council,2: municip council,
2,municip council,2: municip council,
2,municip council,2: municip council,
2,municip council,2: municip council,
2,municip council,2: municip council,
2,municip council,2: municip council,
2,municip council,2: municip council,
2,municip council,2: municip council,
2,municip council,2: municip council,
2,municip council,2: municip council,
2,municip council,2: municip council,
2,municip council,2: municip council,
2,municip council,2: municip council,
2,municip council,2: municip council,
2,municip council,2: municip council,
2,municip council,2: municip council,
2,municip council,2: municip council,
2,municip council,2: municip council,
2,municip council,2: municip council,
2,municip council,2: municip council,
2,municip council,2: municip council,
2,municip council,2: municip council,
2,municip council,2: municip council,
2,municip council,2: municip council,
2,municip council,2: municip council,
2,municip council,2: municip council,
2,municip council,2: municip council,
2,municip council,2: municip council,
2,municip council,2: municip council,
2,municip council,2: municip council,
2,municip council,2: municip council,
2,municip council,2: municip council,
2,municip council,2: municip council,
2,municip council,2: municip council,
2,municip council,2: municip council,
2,municip council,2: municip council,
2,municip council,2: municip council,
2,municip council,2: municip council,
2,municip council,2: municip council,
4,baltic sea,4: baltic sea,
4,baltic sea,4: baltic sea,
4,baltic sea,4: baltic sea,
4,baltic sea,4: baltic sea,
4,baltic sea,4: baltic sea,
4,baltic sea,4: baltic sea,
4,baltic sea,4: baltic sea,
4,baltic sea,4: baltic sea,
4,baltic sea,4: baltic sea,
4,baltic sea,4: baltic sea,
4,baltic sea,4: baltic sea,
4,baltic sea,4: baltic sea,
4,baltic sea,4: baltic sea,
4,baltic sea,4: baltic sea,
4,baltic sea,4: baltic sea,
4,baltic sea,4: baltic sea,
4,baltic sea,4: baltic sea,
4,baltic sea,4: baltic sea,
4,baltic sea,4: baltic sea,
4,baltic sea,4: baltic sea,
4,baltic sea,4: baltic sea,
4,baltic sea,4: baltic sea,
4,baltic sea,4: baltic sea,
4,baltic sea,4: baltic sea,
4,baltic sea,4: baltic sea,
4,baltic sea,4: baltic sea,
4,baltic sea,4: baltic sea,
4,baltic sea,4: baltic sea,
4,baltic sea,4: baltic sea,
4,baltic sea,4: baltic sea,
4,baltic sea,4: baltic sea,
4,baltic sea,4: baltic sea,
4,baltic sea,4: baltic sea,
4,baltic sea,4: baltic sea,
4,baltic sea,4: baltic sea,
4,baltic sea,4: baltic sea,
4,baltic sea,4: baltic sea,
4,baltic sea,4: baltic sea,
4,baltic sea,4: baltic sea,
4,baltic sea,4: baltic sea,
4,baltic sea,4: baltic sea,
4,baltic sea,4: baltic sea,
4,baltic sea,4: baltic sea,
4,baltic sea,4: baltic sea,
4,baltic sea,4: baltic sea,
4,baltic sea,4: baltic sea,
4,baltic sea,4: baltic sea,
4,baltic sea,4: baltic sea,
4,baltic sea,4: baltic sea,
4,baltic sea,4: baltic sea,
4,baltic sea,4: baltic sea,
4,baltic sea,4: baltic sea,
4,baltic sea,4: baltic sea,
4,baltic sea,4: baltic sea,
4,baltic sea,4: baltic sea,
4,baltic sea,4: baltic sea,
4,baltic sea,4: baltic sea,
4,baltic sea,4: baltic sea,
4,baltic sea,4: baltic sea,
4,baltic sea,4: baltic sea,
4,baltic sea,4: baltic sea,
4,baltic sea,4: baltic sea,
4,baltic sea,4: baltic sea,
4,baltic sea,4: baltic sea,
4,baltic sea,4: baltic sea,
4,baltic sea,4: baltic sea,
4,baltic sea,4: baltic sea,
4,baltic sea,4: baltic sea,
4,baltic sea,4: baltic sea,
4,baltic sea,4: baltic sea,
4,baltic sea,4: baltic sea,
4,baltic sea,4: baltic sea,
4,baltic sea,4: baltic sea,
4,baltic sea,4: baltic sea,
4,baltic sea,4: baltic sea,
4,baltic sea,4: baltic sea,
4,baltic sea,4: baltic sea,
4,baltic sea,4: baltic sea,
4,baltic sea,4: baltic sea,
4,baltic sea,4: baltic sea,
4,baltic sea,4: baltic sea,
4,baltic sea,4: baltic sea,
4,baltic sea,4: baltic sea,
4,baltic sea,4: baltic sea,
4,baltic sea,4: baltic sea,
4,baltic sea,4: baltic sea,
4,baltic sea,4: baltic sea,
4,baltic sea,4: baltic sea,
4,baltic sea,4: baltic sea,
4,baltic sea,4: baltic sea,
4,baltic sea,4: baltic sea,
4,baltic sea,4: baltic sea,
4,baltic sea,4: baltic sea,
4,baltic sea,4: baltic sea,
4,baltic sea,4: baltic sea,
4,baltic sea,4: baltic sea,
4,baltic sea,4: baltic sea,
4,baltic sea,4: baltic sea,
4,baltic sea,4: baltic sea,
4,baltic sea,4: baltic sea,
4,baltic sea,4: baltic sea,
4,baltic sea,4: baltic sea,
4,baltic sea,4: baltic sea,
4,baltic sea,4: baltic sea,
4,baltic sea,4: baltic sea,
4,baltic sea,4: baltic sea,
4,baltic sea,4: baltic sea,
4,baltic sea,4: baltic sea,
4,baltic sea,4: baltic sea,
4,baltic sea,4: baltic sea,
4,baltic sea,4: baltic sea,
4,baltic sea,4: baltic sea,
4,baltic sea,4: baltic sea,
4,baltic sea,4: baltic sea,
4,baltic sea,4: baltic sea,
4,baltic sea,4: baltic sea,
4,baltic sea,4: baltic sea,
4,baltic sea,4: baltic sea,
4,baltic sea,4: baltic sea,
4,baltic sea,4: baltic sea,
4,baltic sea,4: baltic sea,
4,baltic sea,4: baltic sea,
4,baltic sea,4: baltic sea,
4,baltic sea,4: baltic sea,
4,baltic sea,4: baltic sea,
4,baltic sea,4: baltic sea,
4,baltic sea,4: baltic sea,
4,baltic sea,4: baltic sea,
4,baltic sea,4: baltic sea,
4,baltic sea,4: baltic sea,
4,baltic sea,4: baltic sea,
4,baltic sea,4: baltic sea,
4,baltic sea,4: baltic sea,
4,baltic sea,4: baltic sea,
4,baltic sea,4: baltic sea,
4,baltic sea,4: baltic sea,
4,baltic sea,4: baltic sea,
4,baltic sea,4: baltic sea,
0,energi island,0: energi island,
0,energi island,0: energi island,
0,energi island,0: energi island,
0,energi island,0: energi island,
0,energi island,0: energi island,
0,energi island,0: energi island,
0,energi island,0: energi island,
0,energi island,0: energi island,
0,energi island,0: energi island,
0,energi island,0: energi island,
0,energi island,0: energi island,
0,energi island,0: energi island,
0,energi island,0: energi island,
0,energi island,0: energi island,
0,energi island,0: energi island,
0,energi island,0: energi island,
0,energi island,0: energi island,
0,energi island,0: energi island,
0,energi island,0: energi island,
0,energi island,0: energi island,
0,energi island,0: energi island,
0,energi island,0: energi island,
0,energi island,0: energi island,
0,energi island,0: energi island,
0,energi island,0: energi island,
0,energi island,0: energi island,
0,energi island,0: energi island,
0,energi island,0: energi island,
0,energi island,0: energi island,
0,energi island,0: energi island,
0,energi island,0: energi island,
0,energi island,0: energi island,
0,energi island,0: energi island,
0,energi island,0: energi island,
0,energi island,0: energi island,
0,energi island,0: energi island,
0,energi island,0: energi island,
0,energi island,0: energi island,
0,energi island,0: energi island,
0,energi island,0: energi island,
0,energi island,0: energi island,
0,energi island,0: energi island,
0,energi island,0: energi island,
0,energi island,0: energi island,
0,energi island,0: energi island,
0,energi island,0: energi island,
0,energi island,0: energi island,
0,energi island,0: energi island,
0,energi island,0: energi island,
0,energi island,0: energi island,
0,energi island,0: energi island,
0,energi island,0: energi island,
0,energi island,0: energi island,
0,energi island,0: energi island,
0,energi island,0: energi island,
0,energi island,0: energi island,
0,energi island,0: energi island,
0,energi island,0: energi island,
0,energi island,0: energi island,
0,energi island,0: energi island,
0,energi island,0: energi island,
0,energi island,0: energi island,
0,energi island,0: energi island,
0,energi island,0: energi island,
0,energi island,0: energi island,
0,energi island,0: energi island,
0,energi island,0: energi island,
0,energi island,0: energi island,
0,energi island,0: energi island,
0,energi island,0: energi island,
0,energi island,0: energi island,
0,energi island,0: energi island,
0,energi island,0: energi island,
0,energi island,0: energi island,
0,energi island,0: energi island,
0,energi island,0: energi island,
0,energi island,0: energi island,
0,energi island,0: energi island,
0,energi island,0: energi island,
0,energi island,0: energi island,
0,energi island,0: energi island,
0,energi island,0: energi island,
0,energi island,0: energi island,
0,energi island,0: energi island,
0,energi island,0: energi island,
0,energi island,0: energi island,
0,energi island,0: energi island,
0,energi island,0: energi island,
0,energi island,0: energi island,
0,energi island,0: energi island,
0,energi island,0: energi island,
0,energi island,0: energi island,
0,energi island,0: energi island,
0,energi island,0: energi island,
0,energi island,0: energi island,
0,energi island,0: energi island,
0,energi island,0: energi island,
0,energi island,0: energi island,
0,energi island,0: energi island,
0,energi island,0: energi island,
0,energi island,0: energi island,
0,energi island,0: energi island,
0,energi island,0: energi island,
0,energi island,0: energi island,
0,energi island,0: energi island,
0,energi island,0: energi island,
0,energi island,0: energi island,
0,energi island,0: energi island,
0,energi island,0: energi island,
0,energi island,0: energi island,
0,energi island,0: energi island,
0,energi island,0: energi island,
0,energi island,0: energi island,
0,energi island,0: energi island,
0,energi island,0: energi island,
0,energi island,0: energi island,
0,energi island,0: energi island,
0,energi island,0: energi island,
0,energi island,0: energi island,
0,energi island,0: energi island,
0,energi island,0: energi island,
0,energi island,0: energi island,
0,energi island,0: energi island,
0,energi island,0: energi island,
0,energi island,0: energi island,
0,energi island,0: energi island,
0,energi island,0: energi island,
0,energi island,0: energi island,
0,energi island,0: energi island,
0,energi island,0: energi island,
0,energi island,0: energi island,
0,energi island,0: energi island,
0,energi island,0: energi island,
0,energi island,0: energi island,
0,energi island,0: energi island,
0,energi island,0: energi island,
0,energi island,0: energi island,
0,energi island,0: energi island,
0,energi island,0: energi island,
0,energi island,0: energi island,
0,energi island,0: energi island,
0,energi island,0: energi island,
0,energi island,0: energi island,
0,energi island,0: energi island,
0,energi island,0: energi island,
0,energi island,0: energi island,
0,energi island,0: energi island,
0,energi island,0: energi island,
0,energi island,0: energi island,
0,energi island,0: energi island,
0,energi island,0: energi island,
0,energi island,0: energi island,
0,energi island,0: energi island,
0,energi island,0: energi island,
0,energi island,0: energi island,
0,energi island,0: energi island,
0,energi island,0: energi island,
6,energiø bornholm,6: energiø bornholm,
6,energiø bornholm,6: energiø bornholm,
6,energiø bornholm,6: energiø bornholm,
6,energiø bornholm,6: energiø bornholm,
6,energiø bornholm,6: energiø bornholm,
6,energiø bornholm,6: energiø bornholm,
6,energiø bornholm,6: energiø bornholm,
6,energiø bornholm,6: energiø bornholm,
6,energiø bornholm,6: energiø bornholm,
6,energiø bornholm,6: energiø bornholm,
6,energiø bornholm,6: energiø bornholm,
6,energiø bornholm,6: energiø bornholm,
6,energiø bornholm,6: energiø bornholm,
6,energiø bornholm,6: energiø bornholm,
6,energiø bornholm,6: energiø bornholm,
6,energiø bornholm,6: energiø bornholm,
6,energiø bornholm,6: energiø bornholm,
6,energiø bornholm,6: energiø bornholm,
6,energiø bornholm,6: energiø bornholm,
6,energiø bornholm,6: energiø bornholm,
6,energiø bornholm,6: energiø bornholm,
6,energiø bornholm,6: energiø bornholm,
6,energiø bornholm,6: energiø bornholm,
6,energiø bornholm,6: energiø bornholm,
6,energiø bornholm,6: energiø bornholm,
6,energiø bornholm,6: energiø bornholm,
6,energiø bornholm,6: energiø bornholm,
6,energiø bornholm,6: energiø bornholm,
6,energiø bornholm,6: energiø bornholm,
6,energiø bornholm,6: energiø bornholm,
6,energiø bornholm,6: energiø bornholm,
6,energiø bornholm,6: energiø bornholm,
6,energiø bornholm,6: energiø bornholm,
6,energiø bornholm,6: energiø bornholm,
6,energiø bornholm,6: energiø bornholm,
6,energiø bornholm,6: energiø bornholm,
6,energiø bornholm,6: energiø bornholm,
6,energiø bornholm,6: energiø bornholm,
6,energiø bornholm,6: energiø bornholm,
6,energiø bornholm,6: energiø bornholm,
6,energiø bornholm,6: energiø bornholm,
6,energiø bornholm,6: energiø bornholm,
6,energiø bornholm,6: energiø bornholm,
6,energiø bornholm,6: energiø bornholm,
6,energiø bornholm,6: energiø bornholm,
6,energiø bornholm,6: energiø bornholm,
6,energiø bornholm,6: energiø bornholm,
6,energiø bornholm,6: energiø bornholm,
6,energiø bornholm,6: energiø bornholm,
6,energiø bornholm,6: energiø bornholm,
6,energiø bornholm,6: energiø bornholm,
6,energiø bornholm,6: energiø bornholm,
6,energiø bornholm,6: energiø bornholm,
6,energiø bornholm,6: energiø bornholm,
6,energiø bornholm,6: energiø bornholm,
6,energiø bornholm,6: energiø bornholm,
6,energiø bornholm,6: energiø bornholm,
6,energiø bornholm,6: energiø bornholm,
6,energiø bornholm,6: energiø bornholm,
6,energiø bornholm,6: energiø bornholm,
6,energiø bornholm,6: energiø bornholm,
6,energiø bornholm,6: energiø bornholm,
6,energiø bornholm,6: energiø bornholm,
6,energiø bornholm,6: energiø bornholm,
6,energiø bornholm,6: energiø bornholm,
6,energiø bornholm,6: energiø bornholm,
6,energiø bornholm,6: energiø bornholm,
6,energiø bornholm,6: energiø bornholm,
6,energiø bornholm,6: energiø bornholm,
6,energiø bornholm,6: energiø bornholm,
6,energiø bornholm,6: energiø bornholm,
6,energiø bornholm,6: energiø bornholm,
6,energiø bornholm,6: energiø bornholm,
6,energiø bornholm,6: energiø bornholm,
6,energiø bornholm,6: energiø bornholm,
6,energiø bornholm,6: energiø bornholm,
6,energiø bornholm,6: energiø bornholm,
6,energiø bornholm,6: energiø bornholm,
6,energiø bornholm,6: energiø bornholm,
6,energiø bornholm,6: energiø bornholm,
6,energiø bornholm,6: energiø bornholm,
6,energiø bornholm,6: energiø bornholm,
6,energiø bornholm,6: energiø bornholm,
6,energiø bornholm,6: energiø bornholm,
6,energiø bornholm,6: energiø bornholm,
6,energiø bornholm,6: energiø bornholm,
6,energiø bornholm,6: energiø bornholm,
6,energiø bornholm,6: energiø bornholm,
6,energiø bornholm,6: energiø bornholm,
6,energiø bornholm,6: energiø bornholm,
6,energiø bornholm,6: energiø bornholm,
6,energiø bornholm,6: energiø bornholm,
6,energiø bornholm,6: energiø bornholm,
6,energiø bornholm,6: energiø bornholm,
6,energiø bornholm,6: energiø bornholm,
6,energiø bornholm,6: energiø bornholm,
6,energiø bornholm,6: energiø bornholm,
6,energiø bornholm,6: energiø bornholm,
6,energiø bornholm,6: energiø bornholm,
6,energiø bornholm,6: energiø bornholm,
6,energiø bornholm,6: energiø bornholm,
6,energiø bornholm,6: energiø bornholm,
6,energiø bornholm,6: energiø bornholm,
6,energiø bornholm,6: energiø bornholm,
6,energiø bornholm,6: energiø bornholm,
6,energiø bornholm,6: energiø bornholm,
6,energiø bornholm,6: energiø bornholm,
6,energiø bornholm,6: energiø bornholm,
6,energiø bornholm,6: energiø bornholm,
6,energiø bornholm,6: energiø bornholm,
6,energiø bornholm,6: energiø bornholm,
6,energiø bornholm,6: energiø bornholm,
6,energiø bornholm,6: energiø bornholm,
6,energiø bornholm,6: energiø bornholm,
6,energiø bornholm,6: energiø bornholm,
6,energiø bornholm,6: energiø bornholm,
6,energiø bornholm,6: energiø bornholm,
6,energiø bornholm,6: energiø bornholm,
6,energiø bornholm,6: energiø bornholm,
6,energiø bornholm,6: energiø bornholm,
6,energiø bornholm,6: energiø bornholm,
6,energiø bornholm,6: energiø bornholm,
6,energiø bornholm,6: energiø bornholm,
6,energiø bornholm,6: energiø bornholm,
6,energiø bornholm,6: energiø bornholm,
6,energiø bornholm,6: energiø bornholm,
6,energiø bornholm,6: energiø bornholm,
6,energiø bornholm,6: energiø bornholm,
6,energiø bornholm,6: energiø bornholm,
6,energiø bornholm,6: energiø bornholm,
6,energiø bornholm,6: energiø bornholm,
6,energiø bornholm,6: energiø bornholm,
6,energiø bornholm,6: energiø bornholm,
6,energiø bornholm,6: energiø bornholm,
6,energiø bornholm,6: energiø bornholm,
6,energiø bornholm,6: energiø bornholm,
6,energiø bornholm,6: energiø bornholm,
6,energiø bornholm,6: energiø bornholm,
6,energiø bornholm,6: energiø bornholm,
6,energiø bornholm,6: energiø bornholm,
6,energiø bornholm,6: energiø bornholm,
6,energiø bornholm,6: energiø bornholm,
6,energiø bornholm,6: energiø bornholm,
6,energiø bornholm,6: energiø bornholm,
6,energiø bornholm,6: energiø bornholm,
6,energiø bornholm,6: energiø bornholm,
6,energiø bornholm,6: energiø bornholm,
6,energiø bornholm,6: energiø bornholm,
6,energiø bornholm,6: energiø bornholm,
6,energiø bornholm,6: energiø bornholm,
6,energiø bornholm,6: energiø bornholm,
6,energiø bornholm,6: energiø bornholm,
6,energiø bornholm,6: energiø bornholm,
6,energiø bornholm,6: energiø bornholm,
6,energiø bornholm,6: energiø bornholm,
6,energiø bornholm,6: energiø bornholm,
6,energiø bornholm,6: energiø bornholm,
6,energiø bornholm,6: energiø bornholm,
6,energiø bornholm,6: energiø bornholm,
6,energiø bornholm,6: energiø bornholm,
6,energiø bornholm,6: energiø bornholm,
6,energiø bornholm,6: energiø bornholm,
6,energiø bornholm,6: energiø bornholm,
6,energiø bornholm,6: energiø bornholm,
6,energiø bornholm,6: energiø bornholm,
6,energiø bornholm,6: energiø bornholm,
6,energiø bornholm,6: energiø bornholm,
6,energiø bornholm,6: energiø bornholm,
6,energiø bornholm,6: energiø bornholm,
6,energiø bornholm,6: energiø bornholm,
6,energiø bornholm,6: energiø bornholm,
2,municip council,2: municip council,
2,municip council,2: municip council,
2,municip council,2: municip council,
2,municip council,2: municip council,
2,municip council,2: municip council,
2,municip council,2: municip council,
2,municip council,2: municip council,
2,municip council,2: municip council,
2,municip council,2: municip council,
2,municip council,2: municip council,
2,municip council,2: municip council,
2,municip council,2: municip council,
2,municip council,2: municip council,
2,municip council,2: municip council,
2,municip council,2: municip council,
2,municip council,2: municip council,
2,municip council,2: municip council,
2,municip council,2: municip council,
2,municip council,2: municip council,
2,municip council,2: municip council,
2,municip council,2: municip council,
2,municip council,2: municip council,
2,municip council,2: municip council,
2,municip council,2: municip council,
2,municip council,2: municip council,
2,municip council,2: municip council,
2,municip council,2: municip council,
2,municip council,2: municip council,
2,municip council,2: municip council,
2,municip council,2: municip council,
2,municip council,2: municip council,
2,municip council,2: municip council,
2,municip council,2: municip council,
2,municip council,2: municip council,
2,municip council,2: municip council,
2,municip council,2: municip council,
2,municip council,2: municip council,
2,municip council,2: municip council,
2,municip council,2: municip council,
2,municip council,2: municip council,
2,municip council,2: municip council,
2,municip council,2: municip council,
2,municip council,2: municip council,
2,municip council,2: municip council,
2,municip council,2: municip council,
2,municip council,2: municip council,
2,municip council,2: municip council,
2,municip council,2: municip council,
2,municip council,2: municip council,
2,municip council,2: municip council,
2,municip council,2: municip council,
2,municip council,2: municip council,
2,municip council,2: municip council,
2,municip council,2: municip council,
2,municip council,2: municip council,
2,municip council,2: municip council,
2,municip council,2: municip council,
2,municip council,2: municip council,
2,municip council,2: municip council,
2,municip council,2: municip council,
2,municip council,2: municip council,
2,municip council,2: municip council,
2,municip council,2: municip council,
2,municip council,2: municip council,
2,municip council,2: municip council,
2,municip council,2: municip council,
2,municip council,2: municip council,
2,municip council,2: municip council,
2,municip council,2: municip council,
2,municip council,2: municip council,
2,municip council,2: municip council,
2,municip council,2: municip council,
2,municip council,2: municip council,
2,municip council,2: municip council,
2,municip council,2: municip council,
2,municip council,2: municip council,
2,municip council,2: municip council,
2,municip council,2: municip council,
2,municip council,2: municip council,
2,municip council,2: municip council,
2,municip council,2: municip council,
2,municip council,2: municip council,
2,municip council,2: municip council,
2,municip council,2: municip council,
2,municip council,2: municip council,
2,municip council,2: municip council,
2,municip council,2: municip council,
2,municip council,2: municip council,
2,municip council,2: municip council,
2,municip council,2: municip council,
2,municip council,2: municip council,
2,municip council,2: municip council,
2,municip council,2: municip council,
2,municip council,2: municip council,
2,municip council,2: municip council,
2,municip council,2: municip council,
2,municip council,2: municip council,
2,municip council,2: municip council,
2,municip council,2: municip council,
2,municip council,2: municip council,
2,municip council,2: municip council,
2,municip council,2: municip council,
2,municip council,2: municip council,
2,municip council,2: municip council,
2,municip council,2: municip council,
2,municip council,2: municip council,
2,municip council,2: municip council,
2,municip council,2: municip council,
2,municip council,2: municip council,
2,municip council,2: municip council,
2,municip council,2: municip council,
2,municip council,2: municip council,
2,municip council,2: municip council,
2,municip council,2: municip council,
2,municip council,2: municip council,
2,municip council,2: municip council,
2,municip council,2: municip council,
2,municip council,2: municip council,
2,municip council,2: municip council,
2,municip council,2: municip council,
2,municip council,2: municip council,
2,municip council,2: municip council,
2,municip council,2: municip council,
2,municip council,2: municip council,
2,municip council,2: municip council,
2,municip council,2: municip council,
2,municip council,2: municip council,
2,municip council,2: municip council,
2,municip council,2: municip council,
2,municip council,2: municip council,
2,municip council,2: municip council,
2,municip council,2: municip council,
2,municip council,2: municip council,
2,municip council,2: municip council,
2,municip council,2: municip council,
2,municip council,2: municip council,
2,municip council,2: municip council,
2,municip council,2: municip council,
2,municip council,2: municip council,
2,municip council,2: municip council,
2,municip council,2: municip council,
2,municip council,2: municip council,
2,municip council,2: municip council,
2,municip council,2: municip council,
2,municip council,2: municip council,
2,municip council,2: municip council,
2,municip council,2: municip council,
2,municip council,2: municip council,
2,municip council,2: municip council,
2,municip council,2: municip council,
2,municip council,2: municip council,
2,municip council,2: municip council,
2,municip council,2: municip council,
2,municip council,2: municip council,
2,municip council,2: municip council,
2,municip council,2: municip council,
6,energiø bornholm,6: energiø bornholm,
6,energiø bornholm,6: energiø bornholm,
6,energiø bornholm,6: energiø bornholm,
6,energiø bornholm,6: energiø bornholm,
6,energiø bornholm,6: energiø bornholm,
6,energiø bornholm,6: energiø bornholm,
6,energiø bornholm,6: energiø bornholm,
6,energiø bornholm,6: energiø bornholm,
6,energiø bornholm,6: energiø bornholm,
6,energiø bornholm,6: energiø bornholm,
6,energiø bornholm,6: energiø bornholm,
6,energiø bornholm,6: energiø bornholm,
6,energiø bornholm,6: energiø bornholm,
6,energiø bornholm,6: energiø bornholm,
6,energiø bornholm,6: energiø bornholm,
6,energiø bornholm,6: energiø bornholm,
6,energiø bornholm,6: energiø bornholm,
6,energiø bornholm,6: energiø bornholm,
6,energiø bornholm,6: energiø bornholm,
6,energiø bornholm,6: energiø bornholm,
6,energiø bornholm,6: energiø bornholm,
6,energiø bornholm,6: energiø bornholm,
6,energiø bornholm,6: energiø bornholm,
6,energiø bornholm,6: energiø bornholm,
6,energiø bornholm,6: energiø bornholm,
6,energiø bornholm,6: energiø bornholm,
6,energiø bornholm,6: energiø bornholm,
6,energiø bornholm,6: energiø bornholm,
6,energiø bornholm,6: energiø bornholm,
6,energiø bornholm,6: energiø bornholm,
6,energiø bornholm,6: energiø bornholm,
6,energiø bornholm,6: energiø bornholm,
6,energiø bornholm,6: energiø bornholm,
6,energiø bornholm,6: energiø bornholm,
6,energiø bornholm,6: energiø bornholm,
6,energiø bornholm,6: energiø bornholm,
6,energiø bornholm,6: energiø bornholm,
6,energiø bornholm,6: energiø bornholm,
6,energiø bornholm,6: energiø bornholm,
6,energiø bornholm,6: energiø bornholm,
6,energiø bornholm,6: energiø bornholm,
6,energiø bornholm,6: energiø bornholm,
6,energiø bornholm,6: energiø bornholm,
6,energiø bornholm,6: energiø bornholm,
6,energiø bornholm,6: energiø bornholm,
6,energiø bornholm,6: energiø bornholm,
6,energiø bornholm,6: energiø bornholm,
6,energiø bornholm,6: energiø bornholm,
6,energiø bornholm,6: energiø bornholm,
6,energiø bornholm,6: energiø bornholm,
6,energiø bornholm,6: energiø bornholm,
6,energiø bornholm,6: energiø bornholm,
6,energiø bornholm,6: energiø bornholm,
6,energiø bornholm,6: energiø bornholm,
6,energiø bornholm,6: energiø bornholm,
6,energiø bornholm,6: energiø bornholm,
6,energiø bornholm,6: energiø bornholm,
6,energiø bornholm,6: energiø bornholm,
6,energiø bornholm,6: energiø bornholm,
6,energiø bornholm,6: energiø bornholm,
6,energiø bornholm,6: energiø bornholm,
6,energiø bornholm,6: energiø bornholm,
6,energiø bornholm,6: energiø bornholm,
6,energiø bornholm,6: energiø bornholm,
6,energiø bornholm,6: energiø bornholm,
6,energiø bornholm,6: energiø bornholm,
6,energiø bornholm,6: energiø bornholm,
6,energiø bornholm,6: energiø bornholm,
6,energiø bornholm,6: energiø bornholm,
6,energiø bornholm,6: energiø bornholm,
6,energiø bornholm,6: energiø bornholm,
6,energiø bornholm,6: energiø bornholm,
6,energiø bornholm,6: energiø bornholm,
6,energiø bornholm,6: energiø bornholm,
6,energiø bornholm,6: energiø bornholm,
6,energiø bornholm,6: energiø bornholm,
6,energiø bornholm,6: energiø bornholm,
6,energiø bornholm,6: energiø bornholm,
6,energiø bornholm,6: energiø bornholm,
6,energiø bornholm,6: energiø bornholm,
6,energiø bornholm,6: energiø bornholm,
6,energiø bornholm,6: energiø bornholm,
6,energiø bornholm,6: energiø bornholm,
6,energiø bornholm,6: energiø bornholm,
6,energiø bornholm,6: energiø bornholm,
6,energiø bornholm,6: energiø bornholm,
6,energiø bornholm,6: energiø bornholm,
6,energiø bornholm,6: energiø bornholm,
6,energiø bornholm,6: energiø bornholm,
6,energiø bornholm,6: energiø bornholm,
6,energiø bornholm,6: energiø bornholm,
6,energiø bornholm,6: energiø bornholm,
6,energiø bornholm,6: energiø bornholm,
6,energiø bornholm,6: energiø bornholm,
6,energiø bornholm,6: energiø bornholm,
6,energiø bornholm,6: energiø bornholm,
6,energiø bornholm,6: energiø bornholm,
6,energiø bornholm,6: energiø bornholm,
6,energiø bornholm,6: energiø bornholm,
6,energiø bornholm,6: energiø bornholm,
6,energiø bornholm,6: energiø bornholm,
6,energiø bornholm,6: energiø bornholm,
6,energiø bornholm,6: energiø bornholm,
6,energiø bornholm,6: energiø bornholm,
6,energiø bornholm,6: energiø bornholm,
6,energiø bornholm,6: energiø bornholm,
6,energiø bornholm,6: energiø bornholm,
6,energiø bornholm,6: energiø bornholm,
6,energiø bornholm,6: energiø bornholm,
6,energiø bornholm,6: energiø bornholm,
6,energiø bornholm,6: energiø bornholm,
6,energiø bornholm,6: energiø bornholm,
6,energiø bornholm,6: energiø bornholm,
6,energiø bornholm,6: energiø bornholm,
6,energiø bornholm,6: energiø bornholm,
6,energiø bornholm,6: energiø bornholm,
6,energiø bornholm,6: energiø bornholm,
6,energiø bornholm,6: energiø bornholm,
6,energiø bornholm,6: energiø bornholm,
6,energiø bornholm,6: energiø bornholm,
6,energiø bornholm,6: energiø bornholm,
6,energiø bornholm,6: energiø bornholm,
6,energiø bornholm,6: energiø bornholm,
6,energiø bornholm,6: energiø bornholm,
6,energiø bornholm,6: energiø bornholm,
6,energiø bornholm,6: energiø bornholm,
6,energiø bornholm,6: energiø bornholm,
6,energiø bornholm,6: energiø bornholm,
6,energiø bornholm,6: energiø bornholm,
6,energiø bornholm,6: energiø bornholm,
6,energiø bornholm,6: energiø bornholm,
6,energiø bornholm,6: energiø bornholm,
6,energiø bornholm,6: energiø bornholm,
6,energiø bornholm,6: energiø bornholm,
6,energiø bornholm,6: energiø bornholm,
6,energiø bornholm,6: energiø bornholm,
6,energiø bornholm,6: energiø bornholm,
6,energiø bornholm,6: energiø bornholm,
6,energiø bornholm,6: energiø bornholm,
6,energiø bornholm,6: energiø bornholm,
6,energiø bornholm,6: energiø bornholm,
6,energiø bornholm,6: energiø bornholm,
6,energiø bornholm,6: energiø bornholm,
6,energiø bornholm,6: energiø bornholm,
6,energiø bornholm,6: energiø bornholm,
6,energiø bornholm,6: energiø bornholm,
6,energiø bornholm,6: energiø bornholm,
6,energiø bornholm,6: energiø bornholm,
6,energiø bornholm,6: energiø bornholm,
6,energiø bornholm,6: energiø bornholm,
6,energiø bornholm,6: energiø bornholm,
6,energiø bornholm,6: energiø bornholm,
6,energiø bornholm,6: energiø bornholm,
6,energiø bornholm,6: energiø bornholm,
6,energiø bornholm,6: energiø bornholm,
6,energiø bornholm,6: energiø bornholm,
6,energiø bornholm,6: energiø bornholm,
6,energiø bornholm,6: energiø bornholm,
6,energiø bornholm,6: energiø bornholm,
6,energiø bornholm,6: energiø bornholm,
6,energiø bornholm,6: energiø bornholm,
6,energiø bornholm,6: energiø bornholm,
6,energiø bornholm,6: energiø bornholm,
6,energiø bornholm,6: energiø bornholm,
6,energiø bornholm,6: energiø bornholm,
6,energiø bornholm,6: energiø bornholm,
6,energiø bornholm,6: energiø bornholm,
6,energiø bornholm,6: energiø bornholm,
6,energiø bornholm,6: energiø bornholm,
6,energiø bornholm,6: energiø bornholm,
6,energiø bornholm,6: energiø bornholm,
3,offshor wind,3: offshor wind,
3,offshor wind,3: offshor wind,
3,offshor wind,3: offshor wind,
3,offshor wind,3: offshor wind,
3,offshor wind,3: offshor wind,
3,offshor wind,3: offshor wind,
3,offshor wind,3: offshor wind,
3,offshor wind,3: offshor wind,
3,offshor wind,3: offshor wind,
3,offshor wind,3: offshor wind,
3,offshor wind,3: offshor wind,
3,offshor wind,3: offshor wind,
3,offshor wind,3: offshor wind,
3,offshor wind,3: offshor wind,
3,offshor wind,3: offshor wind,
3,offshor wind,3: offshor wind,
3,offshor wind,3: offshor wind,
3,offshor wind,3: offshor wind,
3,offshor wind,3: offshor wind,
3,offshor wind,3: offshor wind,
3,offshor wind,3: offshor wind,
3,offshor wind,3: offshor wind,
3,offshor wind,3: offshor wind,
3,offshor wind,3: offshor wind,
3,offshor wind,3: offshor wind,
3,offshor wind,3: offshor wind,
3,offshor wind,3: offshor wind,
3,offshor wind,3: offshor wind,
3,offshor wind,3: offshor wind,
3,offshor wind,3: offshor wind,
3,offshor wind,3: offshor wind,
3,offshor wind,3: offshor wind,
3,offshor wind,3: offshor wind,
3,offshor wind,3: offshor wind,
3,offshor wind,3: offshor wind,
3,offshor wind,3: offshor wind,
3,offshor wind,3: offshor wind,
3,offshor wind,3: offshor wind,
3,offshor wind,3: offshor wind,
3,offshor wind,3: offshor wind,
3,offshor wind,3: offshor wind,
3,offshor wind,3: offshor wind,
3,offshor wind,3: offshor wind,
3,offshor wind,3: offshor wind,
3,offshor wind,3: offshor wind,
3,offshor wind,3: offshor wind,
3,offshor wind,3: offshor wind,
3,offshor wind,3: offshor wind,
3,offshor wind,3: offshor wind,
3,offshor wind,3: offshor wind,
3,offshor wind,3: offshor wind,
3,offshor wind,3: offshor wind,
3,offshor wind,3: offshor wind,
3,offshor wind,3: offshor wind,
3,offshor wind,3: offshor wind,
3,offshor wind,3: offshor wind,
3,offshor wind,3: offshor wind,
3,offshor wind,3: offshor wind,
3,offshor wind,3: offshor wind,
3,offshor wind,3: offshor wind,
3,offshor wind,3: offshor wind,
3,offshor wind,3: offshor wind,
3,offshor wind,3: offshor wind,
3,offshor wind,3: offshor wind,
3,offshor wind,3: offshor wind,
3,offshor wind,3: offshor wind,
3,offshor wind,3: offshor wind,
3,offshor wind,3: offshor wind,
3,offshor wind,3: offshor wind,
3,offshor wind,3: offshor wind,
3,offshor wind,3: offshor wind,
3,offshor wind,3: offshor wind,
3,offshor wind,3: offshor wind,
3,offshor wind,3: offshor wind,
3,offshor wind,3: offshor wind,
3,offshor wind,3: offshor wind,
3,offshor wind,3: offshor wind,
3,offshor wind,3: offshor wind,
3,offshor wind,3: offshor wind,
3,offshor wind,3: offshor wind,
3,offshor wind,3: offshor wind,
3,offshor wind,3: offshor wind,
3,offshor wind,3: offshor wind,
3,offshor wind,3: offshor wind,
3,offshor wind,3: offshor wind,
3,offshor wind,3: offshor wind,
3,offshor wind,3: offshor wind,
3,offshor wind,3: offshor wind,
3,offshor wind,3: offshor wind,
3,offshor wind,3: offshor wind,
3,offshor wind,3: offshor wind,
3,offshor wind,3: offshor wind,
3,offshor wind,3: offshor wind,
3,offshor wind,3: offshor wind,
3,offshor wind,3: offshor wind,
3,offshor wind,3: offshor wind,
3,offshor wind,3: offshor wind,
3,offshor wind,3: offshor wind,
3,offshor wind,3: offshor wind,
3,offshor wind,3: offshor wind,
3,offshor wind,3: offshor wind,
3,offshor wind,3: offshor wind,
3,offshor wind,3: offshor wind,
3,offshor wind,3: offshor wind,
3,offshor wind,3: offshor wind,
3,offshor wind,3: offshor wind,
3,offshor wind,3: offshor wind,
3,offshor wind,3: offshor wind,
3,offshor wind,3: offshor wind,
3,offshor wind,3: offshor wind,
3,offshor wind,3: offshor wind,
3,offshor wind,3: offshor wind,
3,offshor wind,3: offshor wind,
6,energiø bornholm,6: energiø bornholm,
6,energiø bornholm,6: energiø bornholm,
6,energiø bornholm,6: energiø bornholm,
6,energiø bornholm,6: energiø bornholm,
6,energiø bornholm,6: energiø bornholm,
6,energiø bornholm,6: energiø bornholm,
6,energiø bornholm,6: energiø bornholm,
6,energiø bornholm,6: energiø bornholm,
6,energiø bornholm,6: energiø bornholm,
6,energiø bornholm,6: energiø bornholm,
6,energiø bornholm,6: energiø bornholm,
6,energiø bornholm,6: energiø bornholm,
6,energiø bornholm,6: energiø bornholm,
6,energiø bornholm,6: energiø bornholm,
6,energiø bornholm,6: energiø bornholm,
6,energiø bornholm,6: energiø bornholm,
6,energiø bornholm,6: energiø bornholm,
6,energiø bornholm,6: energiø bornholm,
6,energiø bornholm,6: energiø bornholm,
6,energiø bornholm,6: energiø bornholm,
6,energiø bornholm,6: energiø bornholm,
6,energiø bornholm,6: energiø bornholm,
6,energiø bornholm,6: energiø bornholm,
6,energiø bornholm,6: energiø bornholm,
6,energiø bornholm,6: energiø bornholm,
6,energiø bornholm,6: energiø bornholm,
6,energiø bornholm,6: energiø bornholm,
6,energiø bornholm,6: energiø bornholm,
6,energiø bornholm,6: energiø bornholm,
6,energiø bornholm,6: energiø bornholm,
6,energiø bornholm,6: energiø bornholm,
6,energiø bornholm,6: energiø bornholm,
6,energiø bornholm,6: energiø bornholm,
6,energiø bornholm,6: energiø bornholm,
6,energiø bornholm,6: energiø bornholm,
6,energiø bornholm,6: energiø bornholm,
6,energiø bornholm,6: energiø bornholm,
6,energiø bornholm,6: energiø bornholm,
6,energiø bornholm,6: energiø bornholm,
6,energiø bornholm,6: energiø bornholm,
6,energiø bornholm,6: energiø bornholm,
6,energiø bornholm,6: energiø bornholm,
6,energiø bornholm,6: energiø bornholm,
6,energiø bornholm,6: energiø bornholm,
6,energiø bornholm,6: energiø bornholm,
6,energiø bornholm,6: energiø bornholm,
6,energiø bornholm,6: energiø bornholm,
6,energiø bornholm,6: energiø bornholm,
6,energiø bornholm,6: energiø bornholm,
6,energiø bornholm,6: energiø bornholm,
6,energiø bornholm,6: energiø bornholm,
6,energiø bornholm,6: energiø bornholm,
6,energiø bornholm,6: energiø bornholm,
6,energiø bornholm,6: energiø bornholm,
6,energiø bornholm,6: energiø bornholm,
6,energiø bornholm,6: energiø bornholm,
6,energiø bornholm,6: energiø bornholm,
6,energiø bornholm,6: energiø bornholm,
6,energiø bornholm,6: energiø bornholm,
6,energiø bornholm,6: energiø bornholm,
6,energiø bornholm,6: energiø bornholm,
6,energiø bornholm,6: energiø bornholm,
6,energiø bornholm,6: energiø bornholm,
6,energiø bornholm,6: energiø bornholm,
6,energiø bornholm,6: energiø bornholm,
6,energiø bornholm,6: energiø bornholm,
6,energiø bornholm,6: energiø bornholm,
6,energiø bornholm,6: energiø bornholm,
6,energiø bornholm,6: energiø bornholm,
6,energiø bornholm,6: energiø bornholm,
6,energiø bornholm,6: energiø bornholm,
6,energiø bornholm,6: energiø bornholm,
6,energiø bornholm,6: energiø bornholm,
6,energiø bornholm,6: energiø bornholm,
6,energiø bornholm,6: energiø bornholm,
6,energiø bornholm,6: energiø bornholm,
6,energiø bornholm,6: energiø bornholm,
6,energiø bornholm,6: energiø bornholm,
6,energiø bornholm,6: energiø bornholm,
6,energiø bornholm,6: energiø bornholm,
6,energiø bornholm,6: energiø bornholm,
6,energiø bornholm,6: energiø bornholm,
6,energiø bornholm,6: energiø bornholm,
6,energiø bornholm,6: energiø bornholm,
6,energiø bornholm,6: energiø bornholm,
6,energiø bornholm,6: energiø bornholm,
6,energiø bornholm,6: energiø bornholm,
6,energiø bornholm,6: energiø bornholm,
6,energiø bornholm,6: energiø bornholm,
6,energiø bornholm,6: energiø bornholm,
6,energiø bornholm,6: energiø bornholm,
6,energiø bornholm,6: energiø bornholm,
6,energiø bornholm,6: energiø bornholm,
6,energiø bornholm,6: energiø bornholm,
6,energiø bornholm,6: energiø bornholm,
6,energiø bornholm,6: energiø bornholm,
6,energiø bornholm,6: energiø bornholm,
6,energiø bornholm,6: energiø bornholm,
6,energiø bornholm,6: energiø bornholm,
6,energiø bornholm,6: energiø bornholm,
6,energiø bornholm,6: energiø bornholm,
6,energiø bornholm,6: energiø bornholm,
6,energiø bornholm,6: energiø bornholm,
6,energiø bornholm,6: energiø bornholm,
6,energiø bornholm,6: energiø bornholm,
6,energiø bornholm,6: energiø bornholm,
6,energiø bornholm,6: energiø bornholm,
6,energiø bornholm,6: energiø bornholm,
6,energiø bornholm,6: energiø bornholm,
6,energiø bornholm,6: energiø bornholm,
6,energiø bornholm,6: energiø bornholm,
6,energiø bornholm,6: energiø bornholm,
6,energiø bornholm,6: energiø bornholm,
6,energiø bornholm,6: energiø bornholm,
6,energiø bornholm,6: energiø bornholm,
6,energiø bornholm,6: energiø bornholm,
6,energiø bornholm,6: energiø bornholm,
6,energiø bornholm,6: energiø bornholm,
6,energiø bornholm,6: energiø bornholm,
6,energiø bornholm,6: energiø bornholm,
6,energiø bornholm,6: energiø bornholm,
6,energiø bornholm,6: energiø bornholm,
6,energiø bornholm,6: energiø bornholm,
6,energiø bornholm,6: energiø bornholm,
6,energiø bornholm,6: energiø bornholm,
6,energiø bornholm,6: energiø bornholm,
6,energiø bornholm,6: energiø bornholm,
6,energiø bornholm,6: energiø bornholm,
6,energiø bornholm,6: energiø bornholm,
6,energiø bornholm,6: energiø bornholm,
6,energiø bornholm,6: energiø bornholm,
6,energiø bornholm,6: energiø bornholm,
6,energiø bornholm,6: energiø bornholm,
6,energiø bornholm,6: energiø bornholm,
6,energiø bornholm,6: energiø bornholm,
6,energiø bornholm,6: energiø bornholm,
6,energiø bornholm,6: energiø bornholm,
6,energiø bornholm,6: energiø bornholm,
6,energiø bornholm,6: energiø bornholm,
6,energiø bornholm,6: energiø bornholm,
6,energiø bornholm,6: energiø bornholm,
6,energiø bornholm,6: energiø bornholm,
6,energiø bornholm,6: energiø bornholm,
6,energiø bornholm,6: energiø bornholm,
6,energiø bornholm,6: energiø bornholm,
6,energiø bornholm,6: energiø bornholm,
6,energiø bornholm,6: energiø bornholm,
6,energiø bornholm,6: energiø bornholm,
6,energiø bornholm,6: energiø bornholm,
6,energiø bornholm,6: energiø bornholm,
6,energiø bornholm,6: energiø bornholm,
6,energiø bornholm,6: energiø bornholm,
6,energiø bornholm,6: energiø bornholm,
6,energiø bornholm,6: energiø bornholm,
6,energiø bornholm,6: energiø bornholm,
6,energiø bornholm,6: energiø bornholm,
6,energiø bornholm,6: energiø bornholm,
6,energiø bornholm,6: energiø bornholm,
6,energiø bornholm,6: energiø bornholm,
6,energiø bornholm,6: energiø bornholm,
6,energiø bornholm,6: energiø bornholm,
6,energiø bornholm,6: energiø bornholm,
6,energiø bornholm,6: energiø bornholm,
6,energiø bornholm,6: energiø bornholm,
6,energiø bornholm,6: energiø bornholm,
6,energiø bornholm,6: energiø bornholm,
6,energiø bornholm,6: energiø bornholm,
6,energiø bornholm,6: energiø bornholm,
6,energiø bornholm,6: energiø bornholm,
6,energiø bornholm,6: energiø bornholm,
6,energiø bornholm,6: energiø bornholm,
2,municip council,2: municip council,
2,municip council,2: municip council,
2,municip council,2: municip council,
2,municip council,2: municip council,
2,municip council,2: municip council,
2,municip council,2: municip council,
2,municip council,2: municip council,
2,municip council,2: municip council,
2,municip council,2: municip council,
2,municip council,2: municip council,
2,municip council,2: municip council,
2,municip council,2: municip council,
2,municip council,2: municip council,
2,municip council,2: municip council,
2,municip council,2: municip council,
2,municip council,2: municip council,
2,municip council,2: municip council,
2,municip council,2: municip council,
2,municip council,2: municip council,
2,municip council,2: municip council,
2,municip council,2: municip council,
2,municip council,2: municip council,
2,municip council,2: municip council,
2,municip council,2: municip council,
2,municip council,2: municip council,
2,municip council,2: municip council,
2,municip council,2: municip council,
2,municip council,2: municip council,
2,municip council,2: municip council,
2,municip council,2: municip council,
2,municip council,2: municip council,
2,municip council,2: municip council,
2,municip council,2: municip council,
2,municip council,2: municip council,
2,municip council,2: municip council,
2,municip council,2: municip council,
2,municip council,2: municip council,
2,municip council,2: municip council,
2,municip council,2: municip council,
2,municip council,2: municip council,
2,municip council,2: municip council,
2,municip council,2: municip council,
2,municip council,2: municip council,
2,municip council,2: municip council,
2,municip council,2: municip council,
2,municip council,2: municip council,
2,municip council,2: municip council,
2,municip council,2: municip council,
2,municip council,2: municip council,
2,municip council,2: municip council,
2,municip council,2: municip council,
2,municip council,2: municip council,
2,municip council,2: municip council,
2,municip council,2: municip council,
2,municip council,2: municip council,
2,municip council,2: municip council,
2,municip council,2: municip council,
2,municip council,2: municip council,
2,municip council,2: municip council,
2,municip council,2: municip council,
2,municip council,2: municip council,
2,municip council,2: municip council,
2,municip council,2: municip council,
2,municip council,2: municip council,
2,municip council,2: municip council,
2,municip council,2: municip council,
2,municip council,2: municip council,
2,municip council,2: municip council,
2,municip council,2: municip council,
2,municip council,2: municip council,
2,municip council,2: municip council,
2,municip council,2: municip council,
2,municip council,2: municip council,
2,municip council,2: municip council,
2,municip council,2: municip council,
2,municip council,2: municip council,
2,municip council,2: municip council,
2,municip council,2: municip council,
2,municip council,2: municip council,
2,municip council,2: municip council,
2,municip council,2: municip council,
2,municip council,2: municip council,
2,municip council,2: municip council,
2,municip council,2: municip council,
2,municip council,2: municip council,
2,municip council,2: municip council,
2,municip council,2: municip council,
2,municip council,2: municip council,
2,municip council,2: municip council,
2,municip council,2: municip council,
2,municip council,2: municip council,
2,municip council,2: municip council,
2,municip council,2: municip council,
2,municip council,2: municip council,
2,municip council,2: municip council,
2,municip council,2: municip council,
2,municip council,2: municip council,
2,municip council,2: municip council,
2,municip council,2: municip council,
2,municip council,2: municip council,
2,municip council,2: municip council,
2,municip council,2: municip council,
2,municip council,2: municip council,
2,municip council,2: municip council,
2,municip council,2: municip council,
2,municip council,2: municip council,
2,municip council,2: municip council,
2,municip council,2: municip council,
2,municip council,2: municip council,
2,municip council,2: municip council,
2,municip council,2: municip council,
2,municip council,2: municip council,
2,municip council,2: municip council,
2,municip council,2: municip council,
2,municip council,2: municip council,
2,municip council,2: municip council,
2,municip council,2: municip council,
2,municip council,2: municip council,
2,municip council,2: municip council,
2,municip council,2: municip council,
2,municip council,2: municip council,
2,municip council,2: municip council,
2,municip council,2: municip council,
2,municip council,2: municip council,
2,municip council,2: municip council,
2,municip council,2: municip council,
2,municip council,2: municip council,
2,municip council,2: municip council,
2,municip council,2: municip council,
2,municip council,2: municip council,
2,municip council,2: municip council,
2,municip council,2: municip council,
2,municip council,2: municip council,
2,municip council,2: municip council,
2,municip council,2: municip council,
2,municip council,2: municip council,
2,municip council,2: municip council,
2,municip council,2: municip council,
2,municip council,2: municip council,
2,municip council,2: municip council,
2,municip council,2: municip council,
2,municip council,2: municip council,
2,municip council,2: municip council,
2,municip council,2: municip council,
2,municip council,2: municip council,
2,municip council,2: municip council,
2,municip council,2: municip council,
2,municip council,2: municip council,
2,municip council,2: municip council,
2,municip council,2: municip council,
2,municip council,2: municip council,
2,municip council,2: municip council,
2,municip council,2: municip council,
2,municip council,2: municip council,
2,municip council,2: municip council,
2,municip council,2: municip council,
4,baltic sea,4: baltic sea,
4,baltic sea,4: baltic sea,
4,baltic sea,4: baltic sea,
4,baltic sea,4: baltic sea,
4,baltic sea,4: baltic sea,
4,baltic sea,4: baltic sea,
4,baltic sea,4: baltic sea,
4,baltic sea,4: baltic sea,
4,baltic sea,4: baltic sea,
4,baltic sea,4: baltic sea,
4,baltic sea,4: baltic sea,
4,baltic sea,4: baltic sea,
4,baltic sea,4: baltic sea,
4,baltic sea,4: baltic sea,
4,baltic sea,4: baltic sea,
4,baltic sea,4: baltic sea,
4,baltic sea,4: baltic sea,
4,baltic sea,4: baltic sea,
4,baltic sea,4: baltic sea,
4,baltic sea,4: baltic sea,
4,baltic sea,4: baltic sea,
4,baltic sea,4: baltic sea,
4,baltic sea,4: baltic sea,
4,baltic sea,4: baltic sea,
4,baltic sea,4: baltic sea,
4,baltic sea,4: baltic sea,
4,baltic sea,4: baltic sea,
4,baltic sea,4: baltic sea,
4,baltic sea,4: baltic sea,
4,baltic sea,4: baltic sea,
4,baltic sea,4: baltic sea,
4,baltic sea,4: baltic sea,
4,baltic sea,4: baltic sea,
4,baltic sea,4: baltic sea,
4,baltic sea,4: baltic sea,
4,baltic sea,4: baltic sea,
4,baltic sea,4: baltic sea,
4,baltic sea,4: baltic sea,
4,baltic sea,4: baltic sea,
4,baltic sea,4: baltic sea,
4,baltic sea,4: baltic sea,
4,baltic sea,4: baltic sea,
4,baltic sea,4: baltic sea,
4,baltic sea,4: baltic sea,
4,baltic sea,4: baltic sea,
4,baltic sea,4: baltic sea,
4,baltic sea,4: baltic sea,
4,baltic sea,4: baltic sea,
4,baltic sea,4: baltic sea,
4,baltic sea,4: baltic sea,
4,baltic sea,4: baltic sea,
4,baltic sea,4: baltic sea,
4,baltic sea,4: baltic sea,
4,baltic sea,4: baltic sea,
4,baltic sea,4: baltic sea,
4,baltic sea,4: baltic sea,
4,baltic sea,4: baltic sea,
4,baltic sea,4: baltic sea,
4,baltic sea,4: baltic sea,
4,baltic sea,4: baltic sea,
4,baltic sea,4: baltic sea,
4,baltic sea,4: baltic sea,
4,baltic sea,4: baltic sea,
4,baltic sea,4: baltic sea,
4,baltic sea,4: baltic sea,
4,baltic sea,4: baltic sea,
4,baltic sea,4: baltic sea,
4,baltic sea,4: baltic sea,
4,baltic sea,4: baltic sea,
4,baltic sea,4: baltic sea,
4,baltic sea,4: baltic sea,
4,baltic sea,4: baltic sea,
4,baltic sea,4: baltic sea,
4,baltic sea,4: baltic sea,
4,baltic sea,4: baltic sea,
4,baltic sea,4: baltic sea,
4,baltic sea,4: baltic sea,
4,baltic sea,4: baltic sea,
4,baltic sea,4: baltic sea,
4,baltic sea,4: baltic sea,
4,baltic sea,4: baltic sea,
4,baltic sea,4: baltic sea,
4,baltic sea,4: baltic sea,
4,baltic sea,4: baltic sea,
4,baltic sea,4: baltic sea,
4,baltic sea,4: baltic sea,
4,baltic sea,4: baltic sea,
4,baltic sea,4: baltic sea,
4,baltic sea,4: baltic sea,
4,baltic sea,4: baltic sea,
4,baltic sea,4: baltic sea,
4,baltic sea,4: baltic sea,
4,baltic sea,4: baltic sea,
4,baltic sea,4: baltic sea,
4,baltic sea,4: baltic sea,
4,baltic sea,4: baltic sea,
4,baltic sea,4: baltic sea,
4,baltic sea,4: baltic sea,
4,baltic sea,4: baltic sea,
4,baltic sea,4: baltic sea,
4,baltic sea,4: baltic sea,
4,baltic sea,4: baltic sea,
4,baltic sea,4: baltic sea,
4,baltic sea,4: baltic sea,
4,baltic sea,4: baltic sea,
4,baltic sea,4: baltic sea,
4,baltic sea,4: baltic sea,
4,baltic sea,4: baltic sea,
4,baltic sea,4: baltic sea,
4,baltic sea,4: baltic sea,
4,baltic sea,4: baltic sea,
4,baltic sea,4: baltic sea,
4,baltic sea,4: baltic sea,
4,baltic sea,4: baltic sea,
4,baltic sea,4: baltic sea,
4,baltic sea,4: baltic sea,
4,baltic sea,4: baltic sea,
4,baltic sea,4: baltic sea,
4,baltic sea,4: baltic sea,
4,baltic sea,4: baltic sea,
4,baltic sea,4: baltic sea,
4,baltic sea,4: baltic sea,
4,baltic sea,4: baltic sea,
4,baltic sea,4: baltic sea,
4,baltic sea,4: baltic sea,
4,baltic sea,4: baltic sea,
4,baltic sea,4: baltic sea,
4,baltic sea,4: baltic sea,
4,baltic sea,4: baltic sea,
4,baltic sea,4: baltic sea,
4,baltic sea,4: baltic sea,
4,baltic sea,4: baltic sea,
4,baltic sea,4: baltic sea,
4,baltic sea,4: baltic sea,
4,baltic sea,4: baltic sea,
4,baltic sea,4: baltic sea,
4,baltic sea,4: baltic sea,
4,baltic sea,4: baltic sea,
0,energi island,0: energi island,
0,energi island,0: energi island,
0,energi island,0: energi island,
0,energi island,0: energi island,
0,energi island,0: energi island,
0,energi island,0: energi island,
0,energi island,0: energi island,
0,energi island,0: energi island,
0,energi island,0: energi island,
0,energi island,0: energi island,
0,energi island,0: energi island,
0,energi island,0: energi island,
0,energi island,0: energi island,
0,energi island,0: energi island,
0,energi island,0: energi island,
0,energi island,0: energi island,
0,energi island,0: energi island,
0,energi island,0: energi island,
0,energi island,0: energi island,
0,energi island,0: energi island,
0,energi island,0: energi island,
0,energi island,0: energi island,
0,energi island,0: energi island,
0,energi island,0: energi island,
0,energi island,0: energi island,
0,energi island,0: energi island,
0,energi island,0: energi island,
0,energi island,0: energi island,
0,energi island,0: energi island,
0,energi island,0: energi island,
0,energi island,0: energi island,
0,energi island,0: energi island,
0,energi island,0: energi island,
0,energi island,0: energi island,
0,energi island,0: energi island,
0,energi island,0: energi island,
0,energi island,0: energi island,
0,energi island,0: energi island,
0,energi island,0: energi island,
0,energi island,0: energi island,
0,energi island,0: energi island,
0,energi island,0: energi island,
0,energi island,0: energi island,
0,energi island,0: energi island,
0,energi island,0: energi island,
0,energi island,0: energi island,
0,energi island,0: energi island,
0,energi island,0: energi island,
0,energi island,0: energi island,
0,energi island,0: energi island,
0,energi island,0: energi island,
0,energi island,0: energi island,
0,energi island,0: energi island,
0,energi island,0: energi island,
0,energi island,0: energi island,
0,energi island,0: energi island,
0,energi island,0: energi island,
0,energi island,0: energi island,
0,energi island,0: energi island,
0,energi island,0: energi island,
0,energi island,0: energi island,
0,energi island,0: energi island,
0,energi island,0: energi island,
0,energi island,0: energi island,
0,energi island,0: energi island,
0,energi island,0: energi island,
0,energi island,0: energi island,
0,energi island,0: energi island,
0,energi island,0: energi island,
0,energi island,0: energi island,
0,energi island,0: energi island,
0,energi island,0: energi island,
0,energi island,0: energi island,
0,energi island,0: energi island,
0,energi island,0: energi island,
0,energi island,0: energi island,
0,energi island,0: energi island,
0,energi island,0: energi island,
0,energi island,0: energi island,
0,energi island,0: energi island,
0,energi island,0: energi island,
0,energi island,0: energi island,
0,energi island,0: energi island,
0,energi island,0: energi island,
0,energi island,0: energi island,
0,energi island,0: energi island,
0,energi island,0: energi island,
0,energi island,0: energi island,
0,energi island,0: energi island,
0,energi island,0: energi island,
0,energi island,0: energi island,
0,energi island,0: energi island,
0,energi island,0: energi island,
0,energi island,0: energi island,
0,energi island,0: energi island,
0,energi island,0: energi island,
0,energi island,0: energi island,
0,energi island,0: energi island,
0,energi island,0: energi island,
0,energi island,0: energi island,
0,energi island,0: energi island,
0,energi island,0: energi island,
0,energi island,0: energi island,
0,energi island,0: energi island,
0,energi island,0: energi island,
0,energi island,0: energi island,
0,energi island,0: energi island,
0,energi island,0: energi island,
0,energi island,0: energi island,
0,energi island,0: energi island,
0,energi island,0: energi island,
0,energi island,0: energi island,
0,energi island,0: energi island,
0,energi island,0: energi island,
0,energi island,0: energi island,
0,energi island,0: energi island,
0,energi island,0: energi island,
0,energi island,0: energi island,
0,energi island,0: energi island,
0,energi island,0: energi island,
0,energi island,0: energi island,
0,energi island,0: energi island,
0,energi island,0: energi island,
0,energi island,0: energi island,
0,energi island,0: energi island,
0,energi island,0: energi island,
0,energi island,0: energi island,
0,energi island,0: energi island,
0,energi island,0: energi island,
0,energi island,0: energi island,
0,energi island,0: energi island,
0,energi island,0: energi island,
0,energi island,0: energi island,
0,energi island,0: energi island,
0,energi island,0: energi island,
0,energi island,0: energi island,
0,energi island,0: energi island,
0,energi island,0: energi island,
0,energi island,0: energi island,
0,energi island,0: energi island,
0,energi island,0: energi island,
0,energi island,0: energi island,
0,energi island,0: energi island,
0,energi island,0: energi island,
0,energi island,0: energi island,
0,energi island,0: energi island,
0,energi island,0: energi island,
0,energi island,0: energi island,
0,energi island,0: energi island,
0,energi island,0: energi island,
0,energi island,0: energi island,
0,energi island,0: energi island,
0,energi island,0: energi island,
0,energi island,0: energi island,
0,energi island,0: energi island,
0,energi island,0: energi island,
0,energi island,0: energi island,
0,energi island,0: energi island,
0,energi island,0: energi island,
0,energi island,0: energi island,
0,energi island,0: energi island,
0,energi island,0: energi island,
0,energi island,0: energi island,
0,energi island,0: energi island,
0,energi island,0: energi island,
0,energi island,0: energi island,
0,energi island,0: energi island,
0,energi island,0: energi island,
0,energi island,0: energi island,
0,energi island,0: energi island,
0,energi island,0: energi island,
0,energi island,0: energi island,
0,energi island,0: energi island,
0,energi island,0: energi island,
0,energi island,0: energi island,
0,energi island,0: energi island,
0,energi island,0: energi island,
0,energi island,0: energi island,
0,energi island,0: energi island,
0,energi island,0: energi island,
0,energi island,0: energi island,
0,energi island,0: energi island,
0,energi island,0: energi island,
0,energi island,0: energi island,
0,energi island,0: energi island,
0,energi island,0: energi island,
0,energi island,0: energi island,
0,energi island,0: energi island,
0,energi island,0: energi island,
0,energi island,0: energi island,
0,energi island,0: energi island,
0,energi island,0: energi island,
0,energi island,0: energi island,
0,energi island,0: energi island,
0,energi island,0: energi island,
0,energi island,0: energi island,
0,energi island,0: energi island,
0,energi island,0: energi island,
0,energi island,0: energi island,
0,energi island,0: energi island,
0,energi island,0: energi island,
0,energi island,0: energi island,
0,energi island,0: energi island,
0,energi island,0: energi island,
0,energi island,0: energi island,
0,energi island,0: energi island,
0,energi island,0: energi island,
0,energi island,0: energi island,
0,energi island,0: energi island,
0,energi island,0: energi island,
0,energi island,0: energi island,
0,energi island,0: energi island,
0,energi island,0: energi island,
0,energi island,0: energi island,
0,energi island,0: energi island,
0,energi island,0: energi island,
0,energi island,0: energi island,
0,energi island,0: energi island,
0,energi island,0: energi island,
0,energi island,0: energi island,
0,energi island,0: energi island,
0,energi island,0: energi island,
0,energi island,0: energi island,
0,energi island,0: energi island,
0,energi island,0: energi island,
0,energi island,0: energi island,
0,energi island,0: energi island,
0,energi island,0: energi island,
0,energi island,0: energi island,
0,energi island,0: energi island,
0,energi island,0: energi island,
0,energi island,0: energi island,
0,energi island,0: energi island,
0,energi island,0: energi island,
0,energi island,0: energi island,
0,energi island,0: energi island,
0,energi island,0: energi island,
0,energi island,0: energi island,
0,energi island,0: energi island,
0,energi island,0: energi island,
0,energi island,0: energi island,
0,energi island,0: energi island,
0,energi island,0: energi island,
0,energi island,0: energi island,
0,energi island,0: energi island,
0,energi island,0: energi island,
0,energi island,0: energi island,
0,energi island,0: energi island,
0,energi island,0: energi island,
0,energi island,0: energi island,
0,energi island,0: energi island,
0,energi island,0: energi island,
0,energi island,0: energi island,
0,energi island,0: energi island,
0,energi island,0: energi island,
0,energi island,0: energi island,
0,energi island,0: energi island,
0,energi island,0: energi island,
0,energi island,0: energi island,
0,energi island,0: energi island,
0,energi island,0: energi island,
0,energi island,0: energi island,
0,energi island,0: energi island,
0,energi island,0: energi island,
0,energi island,0: energi island,
0,energi island,0: energi island,
0,energi island,0: energi island,
0,energi island,0: energi island,
0,energi island,0: energi island,
0,energi island,0: energi island,
0,energi island,0: energi island,
0,energi island,0: energi island,
0,energi island,0: energi island,
0,energi island,0: energi island,
0,energi island,0: energi island,
0,energi island,0: energi island,
0,energi island,0: energi island,
0,energi island,0: energi island,
0,energi island,0: energi island,
0,energi island,0: energi island,
0,energi island,0: energi island,
0,energi island,0: energi island,
0,energi island,0: energi island,
0,energi island,0: energi island,
0,energi island,0: energi island,
0,energi island,0: energi island,
0,energi island,0: energi island,
0,energi island,0: energi island,
0,energi island,0: energi island,
0,energi island,0: energi island,
0,energi island,0: energi island,
0,energi island,0: energi island,
0,energi island,0: energi island,
0,energi island,0: energi island,
0,energi island,0: energi island,
0,energi island,0: energi island,
0,energi island,0: energi island,
0,energi island,0: energi island,
0,energi island,0: energi island,
0,energi island,0: energi island,
0,energi island,0: energi island,
0,energi island,0: energi island,
0,energi island,0: energi island,
0,energi island,0: energi island,
0,energi island,0: energi island,
0,energi island,0: energi island,
0,energi island,0: energi island,
0,energi island,0: energi island,
0,energi island,0: energi island,
0,energi island,0: energi island,
0,energi island,0: energi island,
0,energi island,0: energi island,
0,energi island,0: energi island,
0,energi island,0: energi island,
6,energiø bornholm,6: energiø bornholm,
6,energiø bornholm,6: energiø bornholm,
6,energiø bornholm,6: energiø bornholm,
6,energiø bornholm,6: energiø bornholm,
6,energiø bornholm,6: energiø bornholm,
6,energiø bornholm,6: energiø bornholm,
6,energiø bornholm,6: energiø bornholm,
6,energiø bornholm,6: energiø bornholm,
6,energiø bornholm,6: energiø bornholm,
6,energiø bornholm,6: energiø bornholm,
6,energiø bornholm,6: energiø bornholm,
6,energiø bornholm,6: energiø bornholm,
6,energiø bornholm,6: energiø bornholm,
6,energiø bornholm,6: energiø bornholm,
6,energiø bornholm,6: energiø bornholm,
6,energiø bornholm,6: energiø bornholm,
6,energiø bornholm,6: energiø bornholm,
6,energiø bornholm,6: energiø bornholm,
6,energiø bornholm,6: energiø bornholm,
6,energiø bornholm,6: energiø bornholm,
6,energiø bornholm,6: energiø bornholm,
6,energiø bornholm,6: energiø bornholm,
6,energiø bornholm,6: energiø bornholm,
6,energiø bornholm,6: energiø bornholm,
6,energiø bornholm,6: energiø bornholm,
6,energiø bornholm,6: energiø bornholm,
6,energiø bornholm,6: energiø bornholm,
6,energiø bornholm,6: energiø bornholm,
6,energiø bornholm,6: energiø bornholm,
6,energiø bornholm,6: energiø bornholm,
6,energiø bornholm,6: energiø bornholm,
6,energiø bornholm,6: energiø bornholm,
6,energiø bornholm,6: energiø bornholm,
6,energiø bornholm,6: energiø bornholm,
6,energiø bornholm,6: energiø bornholm,
6,energiø bornholm,6: energiø bornholm,
6,energiø bornholm,6: energiø bornholm,
6,energiø bornholm,6: energiø bornholm,
6,energiø bornholm,6: energiø bornholm,
6,energiø bornholm,6: energiø bornholm,
6,energiø bornholm,6: energiø bornholm,
6,energiø bornholm,6: energiø bornholm,
6,energiø bornholm,6: energiø bornholm,
6,energiø bornholm,6: energiø bornholm,
6,energiø bornholm,6: energiø bornholm,
6,energiø bornholm,6: energiø bornholm,
6,energiø bornholm,6: energiø bornholm,
6,energiø bornholm,6: energiø bornholm,
6,energiø bornholm,6: energiø bornholm,
6,energiø bornholm,6: energiø bornholm,
6,energiø bornholm,6: energiø bornholm,
6,energiø bornholm,6: energiø bornholm,
6,energiø bornholm,6: energiø bornholm,
6,energiø bornholm,6: energiø bornholm,
6,energiø bornholm,6: energiø bornholm,
6,energiø bornholm,6: energiø bornholm,
6,energiø bornholm,6: energiø bornholm,
6,energiø bornholm,6: energiø bornholm,
6,energiø bornholm,6: energiø bornholm,
6,energiø bornholm,6: energiø bornholm,
6,energiø bornholm,6: energiø bornholm,
6,energiø bornholm,6: energiø bornholm,
6,energiø bornholm,6: energiø bornholm,
6,energiø bornholm,6: energiø bornholm,
6,energiø bornholm,6: energiø bornholm,
6,energiø bornholm,6: energiø bornholm,
6,energiø bornholm,6: energiø bornholm,
6,energiø bornholm,6: energiø bornholm,
6,energiø bornholm,6: energiø bornholm,
6,energiø bornholm,6: energiø bornholm,
6,energiø bornholm,6: energiø bornholm,
6,energiø bornholm,6: energiø bornholm,
6,energiø bornholm,6: energiø bornholm,
6,energiø bornholm,6: energiø bornholm,
6,energiø bornholm,6: energiø bornholm,
6,energiø bornholm,6: energiø bornholm,
6,energiø bornholm,6: energiø bornholm,
6,energiø bornholm,6: energiø bornholm,
6,energiø bornholm,6: energiø bornholm,
6,energiø bornholm,6: energiø bornholm,
6,energiø bornholm,6: energiø bornholm,
6,energiø bornholm,6: energiø bornholm,
6,energiø bornholm,6: energiø bornholm,
6,energiø bornholm,6: energiø bornholm,
6,energiø bornholm,6: energiø bornholm,
6,energiø bornholm,6: energiø bornholm,
6,energiø bornholm,6: energiø bornholm,
6,energiø bornholm,6: energiø bornholm,
6,energiø bornholm,6: energiø bornholm,
6,energiø bornholm,6: energiø bornholm,
6,energiø bornholm,6: energiø bornholm,
6,energiø bornholm,6: energiø bornholm,
6,energiø bornholm,6: energiø bornholm,
6,energiø bornholm,6: energiø bornholm,
6,energiø bornholm,6: energiø bornholm,
6,energiø bornholm,6: energiø bornholm,
6,energiø bornholm,6: energiø bornholm,
6,energiø bornholm,6: energiø bornholm,
6,energiø bornholm,6: energiø bornholm,
6,energiø bornholm,6: energiø bornholm,
6,energiø bornholm,6: energiø bornholm,
6,energiø bornholm,6: energiø bornholm,
6,energiø bornholm,6: energiø bornholm,
6,energiø bornholm,6: energiø bornholm,
6,energiø bornholm,6: energiø bornholm,
6,energiø bornholm,6: energiø bornholm,
6,energiø bornholm,6: energiø bornholm,
6,energiø bornholm,6: energiø bornholm,
6,energiø bornholm,6: energiø bornholm,
6,energiø bornholm,6: energiø bornholm,
6,energiø bornholm,6: energiø bornholm,
6,energiø bornholm,6: energiø bornholm,
6,energiø bornholm,6: energiø bornholm,
6,energiø bornholm,6: energiø bornholm,
6,energiø bornholm,6: energiø bornholm,
6,energiø bornholm,6: energiø bornholm,
6,energiø bornholm,6: energiø bornholm,
6,energiø bornholm,6: energiø bornholm,
6,energiø bornholm,6: energiø bornholm,
6,energiø bornholm,6: energiø bornholm,
6,energiø bornholm,6: energiø bornholm,
6,energiø bornholm,6: energiø bornholm,
6,energiø bornholm,6: energiø bornholm,
6,energiø bornholm,6: energiø bornholm,
6,energiø bornholm,6: energiø bornholm,
6,energiø bornholm,6: energiø bornholm,
6,energiø bornholm,6: energiø bornholm,
6,energiø bornholm,6: energiø bornholm,
6,energiø bornholm,6: energiø bornholm,
6,energiø bornholm,6: energiø bornholm,
6,energiø bornholm,6: energiø bornholm,
6,energiø bornholm,6: energiø bornholm,
6,energiø bornholm,6: energiø bornholm,
6,energiø bornholm,6: energiø bornholm,
6,energiø bornholm,6: energiø bornholm,
6,energiø bornholm,6: energiø bornholm,
6,energiø bornholm,6: energiø bornholm,
6,energiø bornholm,6: energiø bornholm,
6,energiø bornholm,6: energiø bornholm,
6,energiø bornholm,6: energiø bornholm,
6,energiø bornholm,6: energiø bornholm,
6,energiø bornholm,6: energiø bornholm,
6,energiø bornholm,6: energiø bornholm,
6,energiø bornholm,6: energiø bornholm,
6,energiø bornholm,6: energiø bornholm,
6,energiø bornholm,6: energiø bornholm,
6,energiø bornholm,6: energiø bornholm,
6,energiø bornholm,6: energiø bornholm,
6,energiø bornholm,6: energiø bornholm,
6,energiø bornholm,6: energiø bornholm,
6,energiø bornholm,6: energiø bornholm,
6,energiø bornholm,6: energiø bornholm,
6,energiø bornholm,6: energiø bornholm,
6,energiø bornholm,6: energiø bornholm,
6,energiø bornholm,6: energiø bornholm,
6,energiø bornholm,6: energiø bornholm,
6,energiø bornholm,6: energiø bornholm,
6,energiø bornholm,6: energiø bornholm,
6,energiø bornholm,6: energiø bornholm,
6,energiø bornholm,6: energiø bornholm,
6,energiø bornholm,6: energiø bornholm,
6,energiø bornholm,6: energiø bornholm,
6,energiø bornholm,6: energiø bornholm,
6,energiø bornholm,6: energiø bornholm,
6,energiø bornholm,6: energiø bornholm,
6,energiø bornholm,6: energiø bornholm,
6,energiø bornholm,6: energiø bornholm,
6,energiø bornholm,6: energiø bornholm,
6,energiø bornholm,6: energiø bornholm,
6,energiø bornholm,6: energiø bornholm,
6,energiø bornholm,6: energiø bornholm,
3,offshor wind,3: offshor wind,
3,offshor wind,3: offshor wind,
3,offshor wind,3: offshor wind,
3,offshor wind,3: offshor wind,
3,offshor wind,3: offshor wind,
3,offshor wind,3: offshor wind,
3,offshor wind,3: offshor wind,
3,offshor wind,3: offshor wind,
3,offshor wind,3: offshor wind,
3,offshor wind,3: offshor wind,
3,offshor wind,3: offshor wind,
3,offshor wind,3: offshor wind,
3,offshor wind,3: offshor wind,
3,offshor wind,3: offshor wind,
3,offshor wind,3: offshor wind,
3,offshor wind,3: offshor wind,
3,offshor wind,3: offshor wind,
3,offshor wind,3: offshor wind,
3,offshor wind,3: offshor wind,
3,offshor wind,3: offshor wind,
3,offshor wind,3: offshor wind,
3,offshor wind,3: offshor wind,
3,offshor wind,3: offshor wind,
3,offshor wind,3: offshor wind,
3,offshor wind,3: offshor wind,
3,offshor wind,3: offshor wind,
3,offshor wind,3: offshor wind,
3,offshor wind,3: offshor wind,
3,offshor wind,3: offshor wind,
3,offshor wind,3: offshor wind,
3,offshor wind,3: offshor wind,
3,offshor wind,3: offshor wind,
3,offshor wind,3: offshor wind,
3,offshor wind,3: offshor wind,
3,offshor wind,3: offshor wind,
3,offshor wind,3: offshor wind,
3,offshor wind,3: offshor wind,
3,offshor wind,3: offshor wind,
3,offshor wind,3: offshor wind,
3,offshor wind,3: offshor wind,
3,offshor wind,3: offshor wind,
3,offshor wind,3: offshor wind,
3,offshor wind,3: offshor wind,
3,offshor wind,3: offshor wind,
3,offshor wind,3: offshor wind,
3,offshor wind,3: offshor wind,
3,offshor wind,3: offshor wind,
3,offshor wind,3: offshor wind,
3,offshor wind,3: offshor wind,
3,offshor wind,3: offshor wind,
3,offshor wind,3: offshor wind,
3,offshor wind,3: offshor wind,
3,offshor wind,3: offshor wind,
3,offshor wind,3: offshor wind,
3,offshor wind,3: offshor wind,
3,offshor wind,3: offshor wind,
3,offshor wind,3: offshor wind,
3,offshor wind,3: offshor wind,
3,offshor wind,3: offshor wind,
3,offshor wind,3: offshor wind,
3,offshor wind,3: offshor wind,
3,offshor wind,3: offshor wind,
3,offshor wind,3: offshor wind,
3,offshor wind,3: offshor wind,
3,offshor wind,3: offshor wind,
3,offshor wind,3: offshor wind,
3,offshor wind,3: offshor wind,
3,offshor wind,3: offshor wind,
3,offshor wind,3: offshor wind,
3,offshor wind,3: offshor wind,
3,offshor wind,3: offshor wind,
3,offshor wind,3: offshor wind,
3,offshor wind,3: offshor wind,
3,offshor wind,3: offshor wind,
3,offshor wind,3: offshor wind,
3,offshor wind,3: offshor wind,
3,offshor wind,3: offshor wind,
3,offshor wind,3: offshor wind,
3,offshor wind,3: offshor wind,
3,offshor wind,3: offshor wind,
3,offshor wind,3: offshor wind,
3,offshor wind,3: offshor wind,
3,offshor wind,3: offshor wind,
3,offshor wind,3: offshor wind,
3,offshor wind,3: offshor wind,
3,offshor wind,3: offshor wind,
3,offshor wind,3: offshor wind,
3,offshor wind,3: offshor wind,
3,offshor wind,3: offshor wind,
3,offshor wind,3: offshor wind,
3,offshor wind,3: offshor wind,
3,offshor wind,3: offshor wind,
3,offshor wind,3: offshor wind,
3,offshor wind,3: offshor wind,
3,offshor wind,3: offshor wind,
3,offshor wind,3: offshor wind,
3,offshor wind,3: offshor wind,
3,offshor wind,3: offshor wind,
3,offshor wind,3: offshor wind,
3,offshor wind,3: offshor wind,
3,offshor wind,3: offshor wind,
3,offshor wind,3: offshor wind,
3,offshor wind,3: offshor wind,
3,offshor wind,3: offshor wind,
3,offshor wind,3: offshor wind,
3,offshor wind,3: offshor wind,
3,offshor wind,3: offshor wind,
3,offshor wind,3: offshor wind,
3,offshor wind,3: offshor wind,
3,offshor wind,3: offshor wind,
3,offshor wind,3: offshor wind,
3,offshor wind,3: offshor wind,
3,offshor wind,3: offshor wind,
5,offshor grid,5: offshor grid,
5,offshor grid,5: offshor grid,
5,offshor grid,5: offshor grid,
5,offshor grid,5: offshor grid,
5,offshor grid,5: offshor grid,
5,offshor grid,5: offshor grid,
5,offshor grid,5: offshor grid,
5,offshor grid,5: offshor grid,
5,offshor grid,5: offshor grid,
5,offshor grid,5: offshor grid,
5,offshor grid,5: offshor grid,
5,offshor grid,5: offshor grid,
5,offshor grid,5: offshor grid,
5,offshor grid,5: offshor grid,
5,offshor grid,5: offshor grid,
5,offshor grid,5: offshor grid,
5,offshor grid,5: offshor grid,
5,offshor grid,5: offshor grid,
5,offshor grid,5: offshor grid,
5,offshor grid,5: offshor grid,
5,offshor grid,5: offshor grid,
5,offshor grid,5: offshor grid,
5,offshor grid,5: offshor grid,
5,offshor grid,5: offshor grid,
5,offshor grid,5: offshor grid,
5,offshor grid,5: offshor grid,
5,offshor grid,5: offshor grid,
5,offshor grid,5: offshor grid,
5,offshor grid,5: offshor grid,
5,offshor grid,5: offshor grid,
5,offshor grid,5: offshor grid,
5,offshor grid,5: offshor grid,
5,offshor grid,5: offshor grid,
5,offshor grid,5: offshor grid,
5,offshor grid,5: offshor grid,
5,offshor grid,5: offshor grid,
5,offshor grid,5: offshor grid,
5,offshor grid,5: offshor grid,
5,offshor grid,5: offshor grid,
5,offshor grid,5: offshor grid,
5,offshor grid,5: offshor grid,
5,offshor grid,5: offshor grid,
5,offshor grid,5: offshor grid,
5,offshor grid,5: offshor grid,
5,offshor grid,5: offshor grid,
5,offshor grid,5: offshor grid,
5,offshor grid,5: offshor grid,
5,offshor grid,5: offshor grid,
5,offshor grid,5: offshor grid,
5,offshor grid,5: offshor grid,
5,offshor grid,5: offshor grid,
5,offshor grid,5: offshor grid,
5,offshor grid,5: offshor grid,
5,offshor grid,5: offshor grid,
5,offshor grid,5: offshor grid,
5,offshor grid,5: offshor grid,
5,offshor grid,5: offshor grid,
5,offshor grid,5: offshor grid,
5,offshor grid,5: offshor grid,
5,offshor grid,5: offshor grid,
5,offshor grid,5: offshor grid,
5,offshor grid,5: offshor grid,
5,offshor grid,5: offshor grid,
5,offshor grid,5: offshor grid,
5,offshor grid,5: offshor grid,
5,offshor grid,5: offshor grid,
5,offshor grid,5: offshor grid,
5,offshor grid,5: offshor grid,
5,offshor grid,5: offshor grid,
5,offshor grid,5: offshor grid,
5,offshor grid,5: offshor grid,
5,offshor grid,5: offshor grid,
5,offshor grid,5: offshor grid,
5,offshor grid,5: offshor grid,
5,offshor grid,5: offshor grid,
5,offshor grid,5: offshor grid,
5,offshor grid,5: offshor grid,
5,offshor grid,5: offshor grid,
5,offshor grid,5: offshor grid,
5,offshor grid,5: offshor grid,
5,offshor grid,5: offshor grid,
5,offshor grid,5: offshor grid,
5,offshor grid,5: offshor grid,
5,offshor grid,5: offshor grid,
5,offshor grid,5: offshor grid,
5,offshor grid,5: offshor grid,
5,offshor grid,5: offshor grid,
5,offshor grid,5: offshor grid,
5,offshor grid,5: offshor grid,
5,offshor grid,5: offshor grid,
5,offshor grid,5: offshor grid,
5,offshor grid,5: offshor grid,
5,offshor grid,5: offshor grid,
5,offshor grid,5: offshor grid,
5,offshor grid,5: offshor grid,
5,offshor grid,5: offshor grid,
5,offshor grid,5: offshor grid,
5,offshor grid,5: offshor grid,
5,offshor grid,5: offshor grid,
5,offshor grid,5: offshor grid,
5,offshor grid,5: offshor grid,
5,offshor grid,5: offshor grid,
5,offshor grid,5: offshor grid,
5,offshor grid,5: offshor grid,
5,offshor grid,5: offshor grid,
5,offshor grid,5: offshor grid,
5,offshor grid,5: offshor grid,
5,offshor grid,5: offshor grid,
5,offshor grid,5: offshor grid,
5,offshor grid,5: offshor grid,
5,offshor grid,5: offshor grid,
5,offshor grid,5: offshor grid,
5,offshor grid,5: offshor grid,
5,offshor grid,5: offshor grid,
5,offshor grid,5: offshor grid,
5,offshor grid,5: offshor grid,
5,offshor grid,5: offshor grid,
5,offshor grid,5: offshor grid,
5,offshor grid,5: offshor grid,
5,offshor grid,5: offshor grid,
5,offshor grid,5: offshor grid,
5,offshor grid,5: offshor grid,
5,offshor grid,5: offshor grid,
5,offshor grid,5: offshor grid,
5,offshor grid,5: offshor grid,
5,offshor grid,5: offshor grid,
5,offshor grid,5: offshor grid,
5,offshor grid,5: offshor grid,
5,offshor grid,5: offshor grid,
5,offshor grid,5: offshor grid,
5,offshor grid,5: offshor grid,
5,offshor grid,5: offshor grid,
5,offshor grid,5: offshor grid,
5,offshor grid,5: offshor grid,
5,offshor grid,5: offshor grid,
5,offshor grid,5: offshor grid,
5,offshor grid,5: offshor grid,
5,offshor grid,5: offshor grid,
5,offshor grid,5: offshor grid,
5,offshor grid,5: offshor grid,
5,offshor grid,5: offshor grid,
5,offshor grid,5: offshor grid,
5,offshor grid,5: offshor grid,
5,offshor grid,5: offshor grid,
5,offshor grid,5: offshor grid,
5,offshor grid,5: offshor grid,
5,offshor grid,5: offshor grid,
5,offshor grid,5: offshor grid,
5,offshor grid,5: offshor grid,
5,offshor grid,5: offshor grid,
5,offshor grid,5: offshor grid,
5,offshor grid,5: offshor grid,
5,offshor grid,5: offshor grid,
5,offshor grid,5: offshor grid,
5,offshor grid,5: offshor grid,
5,offshor grid,5: offshor grid,
5,offshor grid,5: offshor grid,
5,offshor grid,5: offshor grid,
5,offshor grid,5: offshor grid,
5,offshor grid,5: offshor grid,
5,offshor grid,5: offshor grid,
5,offshor grid,5: offshor grid,
5,offshor grid,5: offshor grid,
5,offshor grid,5: offshor grid,
5,offshor grid,5: offshor grid,
5,offshor grid,5: offshor grid,
5,offshor grid,5: offshor grid,
5,offshor grid,5: offshor grid,
5,offshor grid,5: offshor grid,
5,offshor grid,5: offshor grid,
5,offshor grid,5: offshor grid,
5,offshor grid,5: offshor grid,
5,offshor grid,5: offshor grid,
5,offshor grid,5: offshor grid,
5,offshor grid,5: offshor grid,
8,wind turbin,8: wind turbin,
8,wind turbin,8: wind turbin,
8,wind turbin,8: wind turbin,
8,wind turbin,8: wind turbin,
8,wind turbin,8: wind turbin,
8,wind turbin,8: wind turbin,
8,wind turbin,8: wind turbin,
8,wind turbin,8: wind turbin,
8,wind turbin,8: wind turbin,
8,wind turbin,8: wind turbin,
8,wind turbin,8: wind turbin,
8,wind turbin,8: wind turbin,
8,wind turbin,8: wind turbin,
8,wind turbin,8: wind turbin,
8,wind turbin,8: wind turbin,
8,wind turbin,8: wind turbin,
8,wind turbin,8: wind turbin,
8,wind turbin,8: wind turbin,
8,wind turbin,8: wind turbin,
8,wind turbin,8: wind turbin,
8,wind turbin,8: wind turbin,
8,wind turbin,8: wind turbin,
8,wind turbin,8: wind turbin,
8,wind turbin,8: wind turbin,
8,wind turbin,8: wind turbin,
8,wind turbin,8: wind turbin,
8,wind turbin,8: wind turbin,
8,wind turbin,8: wind turbin,
8,wind turbin,8: wind turbin,
8,wind turbin,8: wind turbin,
8,wind turbin,8: wind turbin,
8,wind turbin,8: wind turbin,
8,wind turbin,8: wind turbin,
8,wind turbin,8: wind turbin,
8,wind turbin,8: wind turbin,
8,wind turbin,8: wind turbin,
8,wind turbin,8: wind turbin,
8,wind turbin,8: wind turbin,
8,wind turbin,8: wind turbin,
8,wind turbin,8: wind turbin,
8,wind turbin,8: wind turbin,
8,wind turbin,8: wind turbin,
8,wind turbin,8: wind turbin,
8,wind turbin,8: wind turbin,
8,wind turbin,8: wind turbin,
8,wind turbin,8: wind turbin,
8,wind turbin,8: wind turbin,
8,wind turbin,8: wind turbin,
8,wind turbin,8: wind turbin,
8,wind turbin,8: wind turbin,
8,wind turbin,8: wind turbin,
8,wind turbin,8: wind turbin,
8,wind turbin,8: wind turbin,
8,wind turbin,8: wind turbin,
8,wind turbin,8: wind turbin,
8,wind turbin,8: wind turbin,
8,wind turbin,8: wind turbin,
8,wind turbin,8: wind turbin,
8,wind turbin,8: wind turbin,
8,wind turbin,8: wind turbin,
8,wind turbin,8: wind turbin,
8,wind turbin,8: wind turbin,
8,wind turbin,8: wind turbin,
8,wind turbin,8: wind turbin,
8,wind turbin,8: wind turbin,
8,wind turbin,8: wind turbin,
8,wind turbin,8: wind turbin,
8,wind turbin,8: wind turbin,
8,wind turbin,8: wind turbin,
8,wind turbin,8: wind turbin,
8,wind turbin,8: wind turbin,
8,wind turbin,8: wind turbin,
8,wind turbin,8: wind turbin,
8,wind turbin,8: wind turbin,
8,wind turbin,8: wind turbin,
8,wind turbin,8: wind turbin,
8,wind turbin,8: wind turbin,
8,wind turbin,8: wind turbin,
8,wind turbin,8: wind turbin,
8,wind turbin,8: wind turbin,
8,wind turbin,8: wind turbin,
8,wind turbin,8: wind turbin,
8,wind turbin,8: wind turbin,
8,wind turbin,8: wind turbin,
8,wind turbin,8: wind turbin,
8,wind turbin,8: wind turbin,
8,wind turbin,8: wind turbin,
8,wind turbin,8: wind turbin,
8,wind turbin,8: wind turbin,
8,wind turbin,8: wind turbin,
8,wind turbin,8: wind turbin,
8,wind turbin,8: wind turbin,
8,wind turbin,8: wind turbin,
8,wind turbin,8: wind turbin,
8,wind turbin,8: wind turbin,
8,wind turbin,8: wind turbin,
8,wind turbin,8: wind turbin,
8,wind turbin,8: wind turbin,
8,wind turbin,8: wind turbin,
8,wind turbin,8: wind turbin,
8,wind turbin,8: wind turbin,
8,wind turbin,8: wind turbin,
8,wind turbin,8: wind turbin,
8,wind turbin,8: wind turbin,
8,wind turbin,8: wind turbin,
8,wind turbin,8: wind turbin,
8,wind turbin,8: wind turbin,
8,wind turbin,8: wind turbin,
8,wind turbin,8: wind turbin,
8,wind turbin,8: wind turbin,
8,wind turbin,8: wind turbin,
8,wind turbin,8: wind turbin,
8,wind turbin,8: wind turbin,
8,wind turbin,8: wind turbin,
8,wind turbin,8: wind turbin,
8,wind turbin,8: wind turbin,
8,wind turbin,8: wind turbin,
8,wind turbin,8: wind turbin,
8,wind turbin,8: wind turbin,
8,wind turbin,8: wind turbin,
8,wind turbin,8: wind turbin,
8,wind turbin,8: wind turbin,
8,wind turbin,8: wind turbin,
8,wind turbin,8: wind turbin,
8,wind turbin,8: wind turbin,
8,wind turbin,8: wind turbin,
8,wind turbin,8: wind turbin,
8,wind turbin,8: wind turbin,
8,wind turbin,8: wind turbin,
8,wind turbin,8: wind turbin,
6,energiø bornholm,6: energiø bornholm,
6,energiø bornholm,6: energiø bornholm,
6,energiø bornholm,6: energiø bornholm,
6,energiø bornholm,6: energiø bornholm,
6,energiø bornholm,6: energiø bornholm,
6,energiø bornholm,6: energiø bornholm,
6,energiø bornholm,6: energiø bornholm,
6,energiø bornholm,6: energiø bornholm,
6,energiø bornholm,6: energiø bornholm,
6,energiø bornholm,6: energiø bornholm,
6,energiø bornholm,6: energiø bornholm,
6,energiø bornholm,6: energiø bornholm,
6,energiø bornholm,6: energiø bornholm,
6,energiø bornholm,6: energiø bornholm,
6,energiø bornholm,6: energiø bornholm,
6,energiø bornholm,6: energiø bornholm,
6,energiø bornholm,6: energiø bornholm,
6,energiø bornholm,6: energiø bornholm,
6,energiø bornholm,6: energiø bornholm,
6,energiø bornholm,6: energiø bornholm,
6,energiø bornholm,6: energiø bornholm,
6,energiø bornholm,6: energiø bornholm,
6,energiø bornholm,6: energiø bornholm,
6,energiø bornholm,6: energiø bornholm,
6,energiø bornholm,6: energiø bornholm,
6,energiø bornholm,6: energiø bornholm,
6,energiø bornholm,6: energiø bornholm,
6,energiø bornholm,6: energiø bornholm,
6,energiø bornholm,6: energiø bornholm,
6,energiø bornholm,6: energiø bornholm,
6,energiø bornholm,6: energiø bornholm,
6,energiø bornholm,6: energiø bornholm,
6,energiø bornholm,6: energiø bornholm,
6,energiø bornholm,6: energiø bornholm,
6,energiø bornholm,6: energiø bornholm,
6,energiø bornholm,6: energiø bornholm,
6,energiø bornholm,6: energiø bornholm,
6,energiø bornholm,6: energiø bornholm,
6,energiø bornholm,6: energiø bornholm,
6,energiø bornholm,6: energiø bornholm,
6,energiø bornholm,6: energiø bornholm,
6,energiø bornholm,6: energiø bornholm,
6,energiø bornholm,6: energiø bornholm,
6,energiø bornholm,6: energiø bornholm,
6,energiø bornholm,6: energiø bornholm,
6,energiø bornholm,6: energiø bornholm,
6,energiø bornholm,6: energiø bornholm,
6,energiø bornholm,6: energiø bornholm,
6,energiø bornholm,6: energiø bornholm,
6,energiø bornholm,6: energiø bornholm,
6,energiø bornholm,6: energiø bornholm,
6,energiø bornholm,6: energiø bornholm,
6,energiø bornholm,6: energiø bornholm,
6,energiø bornholm,6: energiø bornholm,
6,energiø bornholm,6: energiø bornholm,
6,energiø bornholm,6: energiø bornholm,
6,energiø bornholm,6: energiø bornholm,
6,energiø bornholm,6: energiø bornholm,
6,energiø bornholm,6: energiø bornholm,
6,energiø bornholm,6: energiø bornholm,
6,energiø bornholm,6: energiø bornholm,
6,energiø bornholm,6: energiø bornholm,
6,energiø bornholm,6: energiø bornholm,
6,energiø bornholm,6: energiø bornholm,
6,energiø bornholm,6: energiø bornholm,
6,energiø bornholm,6: energiø bornholm,
6,energiø bornholm,6: energiø bornholm,
6,energiø bornholm,6: energiø bornholm,
6,energiø bornholm,6: energiø bornholm,
6,energiø bornholm,6: energiø bornholm,
6,energiø bornholm,6: energiø bornholm,
6,energiø bornholm,6: energiø bornholm,
6,energiø bornholm,6: energiø bornholm,
6,energiø bornholm,6: energiø bornholm,
6,energiø bornholm,6: energiø bornholm,
6,energiø bornholm,6: energiø bornholm,
6,energiø bornholm,6: energiø bornholm,
6,energiø bornholm,6: energiø bornholm,
6,energiø bornholm,6: energiø bornholm,
6,energiø bornholm,6: energiø bornholm,
6,energiø bornholm,6: energiø bornholm,
6,energiø bornholm,6: energiø bornholm,
6,energiø bornholm,6: energiø bornholm,
6,energiø bornholm,6: energiø bornholm,
6,energiø bornholm,6: energiø bornholm,
6,energiø bornholm,6: energiø bornholm,
6,energiø bornholm,6: energiø bornholm,
6,energiø bornholm,6: energiø bornholm,
6,energiø bornholm,6: energiø bornholm,
6,energiø bornholm,6: energiø bornholm,
6,energiø bornholm,6: energiø bornholm,
6,energiø bornholm,6: energiø bornholm,
6,energiø bornholm,6: energiø bornholm,
6,energiø bornholm,6: energiø bornholm,
6,energiø bornholm,6: energiø bornholm,
6,energiø bornholm,6: energiø bornholm,
6,energiø bornholm,6: energiø bornholm,
6,energiø bornholm,6: energiø bornholm,
6,energiø bornholm,6: energiø bornholm,
6,energiø bornholm,6: energiø bornholm,
6,energiø bornholm,6: energiø bornholm,
6,energiø bornholm,6: energiø bornholm,
6,energiø bornholm,6: energiø bornholm,
6,energiø bornholm,6: energiø bornholm,
6,energiø bornholm,6: energiø bornholm,
6,energiø bornholm,6: energiø bornholm,
6,energiø bornholm,6: energiø bornholm,
6,energiø bornholm,6: energiø bornholm,
6,energiø bornholm,6: energiø bornholm,
6,energiø bornholm,6: energiø bornholm,
6,energiø bornholm,6: energiø bornholm,
6,energiø bornholm,6: energiø bornholm,
6,energiø bornholm,6: energiø bornholm,
6,energiø bornholm,6: energiø bornholm,
6,energiø bornholm,6: energiø bornholm,
6,energiø bornholm,6: energiø bornholm,
6,energiø bornholm,6: energiø bornholm,
6,energiø bornholm,6: energiø bornholm,
6,energiø bornholm,6: energiø bornholm,
6,energiø bornholm,6: energiø bornholm,
6,energiø bornholm,6: energiø bornholm,
6,energiø bornholm,6: energiø bornholm,
6,energiø bornholm,6: energiø bornholm,
6,energiø bornholm,6: energiø bornholm,
6,energiø bornholm,6: energiø bornholm,
6,energiø bornholm,6: energiø bornholm,
6,energiø bornholm,6: energiø bornholm,
6,energiø bornholm,6: energiø bornholm,
6,energiø bornholm,6: energiø bornholm,
6,energiø bornholm,6: energiø bornholm,
6,energiø bornholm,6: energiø bornholm,
6,energiø bornholm,6: energiø bornholm,
6,energiø bornholm,6: energiø bornholm,
6,energiø bornholm,6: energiø bornholm,
6,energiø bornholm,6: energiø bornholm,
6,energiø bornholm,6: energiø bornholm,
6,energiø bornholm,6: energiø bornholm,
6,energiø bornholm,6: energiø bornholm,
6,energiø bornholm,6: energiø bornholm,
6,energiø bornholm,6: energiø bornholm,
6,energiø bornholm,6: energiø bornholm,
6,energiø bornholm,6: energiø bornholm,
6,energiø bornholm,6: energiø bornholm,
6,energiø bornholm,6: energiø bornholm,
6,energiø bornholm,6: energiø bornholm,
6,energiø bornholm,6: energiø bornholm,
6,energiø bornholm,6: energiø bornholm,
6,energiø bornholm,6: energiø bornholm,
6,energiø bornholm,6: energiø bornholm,
6,energiø bornholm,6: energiø bornholm,
6,energiø bornholm,6: energiø bornholm,
6,energiø bornholm,6: energiø bornholm,
6,energiø bornholm,6: energiø bornholm,
6,energiø bornholm,6: energiø bornholm,
6,energiø bornholm,6: energiø bornholm,
6,energiø bornholm,6: energiø bornholm,
6,energiø bornholm,6: energiø bornholm,
6,energiø bornholm,6: energiø bornholm,
6,energiø bornholm,6: energiø bornholm,
6,energiø bornholm,6: energiø bornholm,
6,energiø bornholm,6: energiø bornholm,
6,energiø bornholm,6: energiø bornholm,
6,energiø bornholm,6: energiø bornholm,
6,energiø bornholm,6: energiø bornholm,
6,energiø bornholm,6: energiø bornholm,
6,energiø bornholm,6: energiø bornholm,
6,energiø bornholm,6: energiø bornholm,
6,energiø bornholm,6: energiø bornholm,
6,energiø bornholm,6: energiø bornholm,
6,energiø bornholm,6: energiø bornholm,
6,energiø bornholm,6: energiø bornholm,
4,baltic sea,4: baltic sea,
4,baltic sea,4: baltic sea,
4,baltic sea,4: baltic sea,
4,baltic sea,4: baltic sea,
4,baltic sea,4: baltic sea,
4,baltic sea,4: baltic sea,
4,baltic sea,4: baltic sea,
4,baltic sea,4: baltic sea,
4,baltic sea,4: baltic sea,
4,baltic sea,4: baltic sea,
4,baltic sea,4: baltic sea,
4,baltic sea,4: baltic sea,
4,baltic sea,4: baltic sea,
4,baltic sea,4: baltic sea,
4,baltic sea,4: baltic sea,
4,baltic sea,4: baltic sea,
4,baltic sea,4: baltic sea,
4,baltic sea,4: baltic sea,
4,baltic sea,4: baltic sea,
4,baltic sea,4: baltic sea,
4,baltic sea,4: baltic sea,
4,baltic sea,4: baltic sea,
4,baltic sea,4: baltic sea,
4,baltic sea,4: baltic sea,
4,baltic sea,4: baltic sea,
4,baltic sea,4: baltic sea,
4,baltic sea,4: baltic sea,
4,baltic sea,4: baltic sea,
4,baltic sea,4: baltic sea,
4,baltic sea,4: baltic sea,
4,baltic sea,4: baltic sea,
4,baltic sea,4: baltic sea,
4,baltic sea,4: baltic sea,
4,baltic sea,4: baltic sea,
4,baltic sea,4: baltic sea,
4,baltic sea,4: baltic sea,
4,baltic sea,4: baltic sea,
4,baltic sea,4: baltic sea,
4,baltic sea,4: baltic sea,
4,baltic sea,4: baltic sea,
4,baltic sea,4: baltic sea,
4,baltic sea,4: baltic sea,
4,baltic sea,4: baltic sea,
4,baltic sea,4: baltic sea,
4,baltic sea,4: baltic sea,
4,baltic sea,4: baltic sea,
4,baltic sea,4: baltic sea,
4,baltic sea,4: baltic sea,
4,baltic sea,4: baltic sea,
4,baltic sea,4: baltic sea,
4,baltic sea,4: baltic sea,
4,baltic sea,4: baltic sea,
4,baltic sea,4: baltic sea,
4,baltic sea,4: baltic sea,
4,baltic sea,4: baltic sea,
4,baltic sea,4: baltic sea,
4,baltic sea,4: baltic sea,
4,baltic sea,4: baltic sea,
4,baltic sea,4: baltic sea,
4,baltic sea,4: baltic sea,
4,baltic sea,4: baltic sea,
4,baltic sea,4: baltic sea,
4,baltic sea,4: baltic sea,
4,baltic sea,4: baltic sea,
4,baltic sea,4: baltic sea,
4,baltic sea,4: baltic sea,
4,baltic sea,4: baltic sea,
4,baltic sea,4: baltic sea,
4,baltic sea,4: baltic sea,
4,baltic sea,4: baltic sea,
4,baltic sea,4: baltic sea,
4,baltic sea,4: baltic sea,
4,baltic sea,4: baltic sea,
4,baltic sea,4: baltic sea,
4,baltic sea,4: baltic sea,
4,baltic sea,4: baltic sea,
4,baltic sea,4: baltic sea,
4,baltic sea,4: baltic sea,
4,baltic sea,4: baltic sea,
4,baltic sea,4: baltic sea,
4,baltic sea,4: baltic sea,
4,baltic sea,4: baltic sea,
4,baltic sea,4: baltic sea,
4,baltic sea,4: baltic sea,
4,baltic sea,4: baltic sea,
4,baltic sea,4: baltic sea,
4,baltic sea,4: baltic sea,
4,baltic sea,4: baltic sea,
4,baltic sea,4: baltic sea,
4,baltic sea,4: baltic sea,
4,baltic sea,4: baltic sea,
4,baltic sea,4: baltic sea,
4,baltic sea,4: baltic sea,
4,baltic sea,4: baltic sea,
4,baltic sea,4: baltic sea,
4,baltic sea,4: baltic sea,
4,baltic sea,4: baltic sea,
4,baltic sea,4: baltic sea,
4,baltic sea,4: baltic sea,
4,baltic sea,4: baltic sea,
4,baltic sea,4: baltic sea,
4,baltic sea,4: baltic sea,
4,baltic sea,4: baltic sea,
4,baltic sea,4: baltic sea,
4,baltic sea,4: baltic sea,
4,baltic sea,4: baltic sea,
4,baltic sea,4: baltic sea,
4,baltic sea,4: baltic sea,
4,baltic sea,4: baltic sea,
4,baltic sea,4: baltic sea,
4,baltic sea,4: baltic sea,
4,baltic sea,4: baltic sea,
4,baltic sea,4: baltic sea,
4,baltic sea,4: baltic sea,
4,baltic sea,4: baltic sea,
4,baltic sea,4: baltic sea,
4,baltic sea,4: baltic sea,
4,baltic sea,4: baltic sea,
4,baltic sea,4: baltic sea,
4,baltic sea,4: baltic sea,
4,baltic sea,4: baltic sea,
4,baltic sea,4: baltic sea,
4,baltic sea,4: baltic sea,
4,baltic sea,4: baltic sea,
4,baltic sea,4: baltic sea,
4,baltic sea,4: baltic sea,
4,baltic sea,4: baltic sea,
4,baltic sea,4: baltic sea,
4,baltic sea,4: baltic sea,
4,baltic sea,4: baltic sea,
4,baltic sea,4: baltic sea,
4,baltic sea,4: baltic sea,
4,baltic sea,4: baltic sea,
4,baltic sea,4: baltic sea,
4,baltic sea,4: baltic sea,
4,baltic sea,4: baltic sea,
4,baltic sea,4: baltic sea,
4,baltic sea,4: baltic sea,
0,energi island,0: energi island,
0,energi island,0: energi island,
0,energi island,0: energi island,
0,energi island,0: energi island,
0,energi island,0: energi island,
0,energi island,0: energi island,
0,energi island,0: energi island,
0,energi island,0: energi island,
0,energi island,0: energi island,
0,energi island,0: energi island,
0,energi island,0: energi island,
0,energi island,0: energi island,
0,energi island,0: energi island,
0,energi island,0: energi island,
0,energi island,0: energi island,
0,energi island,0: energi island,
0,energi island,0: energi island,
0,energi island,0: energi island,
0,energi island,0: energi island,
0,energi island,0: energi island,
0,energi island,0: energi island,
0,energi island,0: energi island,
0,energi island,0: energi island,
0,energi island,0: energi island,
0,energi island,0: energi island,
0,energi island,0: energi island,
0,energi island,0: energi island,
0,energi island,0: energi island,
0,energi island,0: energi island,
0,energi island,0: energi island,
0,energi island,0: energi island,
0,energi island,0: energi island,
0,energi island,0: energi island,
0,energi island,0: energi island,
0,energi island,0: energi island,
0,energi island,0: energi island,
0,energi island,0: energi island,
0,energi island,0: energi island,
0,energi island,0: energi island,
0,energi island,0: energi island,
0,energi island,0: energi island,
0,energi island,0: energi island,
0,energi island,0: energi island,
0,energi island,0: energi island,
0,energi island,0: energi island,
0,energi island,0: energi island,
0,energi island,0: energi island,
0,energi island,0: energi island,
0,energi island,0: energi island,
0,energi island,0: energi island,
0,energi island,0: energi island,
0,energi island,0: energi island,
0,energi island,0: energi island,
0,energi island,0: energi island,
0,energi island,0: energi island,
0,energi island,0: energi island,
0,energi island,0: energi island,
0,energi island,0: energi island,
0,energi island,0: energi island,
0,energi island,0: energi island,
0,energi island,0: energi island,
0,energi island,0: energi island,
0,energi island,0: energi island,
0,energi island,0: energi island,
0,energi island,0: energi island,
0,energi island,0: energi island,
0,energi island,0: energi island,
0,energi island,0: energi island,
0,energi island,0: energi island,
0,energi island,0: energi island,
0,energi island,0: energi island,
0,energi island,0: energi island,
0,energi island,0: energi island,
0,energi island,0: energi island,
0,energi island,0: energi island,
0,energi island,0: energi island,
0,energi island,0: energi island,
0,energi island,0: energi island,
0,energi island,0: energi island,
0,energi island,0: energi island,
0,energi island,0: energi island,
0,energi island,0: energi island,
0,energi island,0: energi island,
0,energi island,0: energi island,
0,energi island,0: energi island,
0,energi island,0: energi island,
0,energi island,0: energi island,
0,energi island,0: energi island,
0,energi island,0: energi island,
0,energi island,0: energi island,
0,energi island,0: energi island,
0,energi island,0: energi island,
0,energi island,0: energi island,
0,energi island,0: energi island,
0,energi island,0: energi island,
0,energi island,0: energi island,
0,energi island,0: energi island,
0,energi island,0: energi island,
0,energi island,0: energi island,
0,energi island,0: energi island,
0,energi island,0: energi island,
0,energi island,0: energi island,
0,energi island,0: energi island,
0,energi island,0: energi island,
0,energi island,0: energi island,
0,energi island,0: energi island,
0,energi island,0: energi island,
0,energi island,0: energi island,
0,energi island,0: energi island,
0,energi island,0: energi island,
0,energi island,0: energi island,
0,energi island,0: energi island,
0,energi island,0: energi island,
0,energi island,0: energi island,
0,energi island,0: energi island,
0,energi island,0: energi island,
0,energi island,0: energi island,
0,energi island,0: energi island,
0,energi island,0: energi island,
0,energi island,0: energi island,
0,energi island,0: energi island,
0,energi island,0: energi island,
0,energi island,0: energi island,
0,energi island,0: energi island,
0,energi island,0: energi island,
0,energi island,0: energi island,
0,energi island,0: energi island,
0,energi island,0: energi island,
0,energi island,0: energi island,
0,energi island,0: energi island,
0,energi island,0: energi island,
0,energi island,0: energi island,
0,energi island,0: energi island,
0,energi island,0: energi island,
0,energi island,0: energi island,
0,energi island,0: energi island,
0,energi island,0: energi island,
0,energi island,0: energi island,
0,energi island,0: energi island,
0,energi island,0: energi island,
0,energi island,0: energi island,
0,energi island,0: energi island,
0,energi island,0: energi island,
0,energi island,0: energi island,
0,energi island,0: energi island,
0,energi island,0: energi island,
0,energi island,0: energi island,
0,energi island,0: energi island,
0,energi island,0: energi island,
0,energi island,0: energi island,
0,energi island,0: energi island,
0,energi island,0: energi island,
0,energi island,0: energi island,
0,energi island,0: energi island,
0,energi island,0: energi island,
0,energi island,0: energi island,
0,energi island,0: energi island,
8,wind turbin,8: wind turbin,
8,wind turbin,8: wind turbin,
8,wind turbin,8: wind turbin,
8,wind turbin,8: wind turbin,
8,wind turbin,8: wind turbin,
8,wind turbin,8: wind turbin,
8,wind turbin,8: wind turbin,
8,wind turbin,8: wind turbin,
8,wind turbin,8: wind turbin,
8,wind turbin,8: wind turbin,
8,wind turbin,8: wind turbin,
8,wind turbin,8: wind turbin,
8,wind turbin,8: wind turbin,
8,wind turbin,8: wind turbin,
8,wind turbin,8: wind turbin,
8,wind turbin,8: wind turbin,
8,wind turbin,8: wind turbin,
8,wind turbin,8: wind turbin,
8,wind turbin,8: wind turbin,
8,wind turbin,8: wind turbin,
8,wind turbin,8: wind turbin,
8,wind turbin,8: wind turbin,
8,wind turbin,8: wind turbin,
8,wind turbin,8: wind turbin,
8,wind turbin,8: wind turbin,
8,wind turbin,8: wind turbin,
8,wind turbin,8: wind turbin,
8,wind turbin,8: wind turbin,
8,wind turbin,8: wind turbin,
8,wind turbin,8: wind turbin,
8,wind turbin,8: wind turbin,
8,wind turbin,8: wind turbin,
8,wind turbin,8: wind turbin,
8,wind turbin,8: wind turbin,
8,wind turbin,8: wind turbin,
8,wind turbin,8: wind turbin,
8,wind turbin,8: wind turbin,
8,wind turbin,8: wind turbin,
8,wind turbin,8: wind turbin,
8,wind turbin,8: wind turbin,
8,wind turbin,8: wind turbin,
8,wind turbin,8: wind turbin,
8,wind turbin,8: wind turbin,
8,wind turbin,8: wind turbin,
8,wind turbin,8: wind turbin,
8,wind turbin,8: wind turbin,
8,wind turbin,8: wind turbin,
8,wind turbin,8: wind turbin,
8,wind turbin,8: wind turbin,
8,wind turbin,8: wind turbin,
8,wind turbin,8: wind turbin,
8,wind turbin,8: wind turbin,
8,wind turbin,8: wind turbin,
8,wind turbin,8: wind turbin,
8,wind turbin,8: wind turbin,
8,wind turbin,8: wind turbin,
8,wind turbin,8: wind turbin,
8,wind turbin,8: wind turbin,
8,wind turbin,8: wind turbin,
8,wind turbin,8: wind turbin,
8,wind turbin,8: wind turbin,
8,wind turbin,8: wind turbin,
8,wind turbin,8: wind turbin,
8,wind turbin,8: wind turbin,
8,wind turbin,8: wind turbin,
8,wind turbin,8: wind turbin,
8,wind turbin,8: wind turbin,
8,wind turbin,8: wind turbin,
8,wind turbin,8: wind turbin,
8,wind turbin,8: wind turbin,
8,wind turbin,8: wind turbin,
8,wind turbin,8: wind turbin,
8,wind turbin,8: wind turbin,
8,wind turbin,8: wind turbin,
8,wind turbin,8: wind turbin,
8,wind turbin,8: wind turbin,
8,wind turbin,8: wind turbin,
8,wind turbin,8: wind turbin,
8,wind turbin,8: wind turbin,
8,wind turbin,8: wind turbin,
8,wind turbin,8: wind turbin,
8,wind turbin,8: wind turbin,
8,wind turbin,8: wind turbin,
8,wind turbin,8: wind turbin,
8,wind turbin,8: wind turbin,
8,wind turbin,8: wind turbin,
8,wind turbin,8: wind turbin,
8,wind turbin,8: wind turbin,
8,wind turbin,8: wind turbin,
8,wind turbin,8: wind turbin,
8,wind turbin,8: wind turbin,
8,wind turbin,8: wind turbin,
8,wind turbin,8: wind turbin,
8,wind turbin,8: wind turbin,
8,wind turbin,8: wind turbin,
8,wind turbin,8: wind turbin,
8,wind turbin,8: wind turbin,
8,wind turbin,8: wind turbin,
8,wind turbin,8: wind turbin,
8,wind turbin,8: wind turbin,
8,wind turbin,8: wind turbin,
8,wind turbin,8: wind turbin,
8,wind turbin,8: wind turbin,
8,wind turbin,8: wind turbin,
8,wind turbin,8: wind turbin,
8,wind turbin,8: wind turbin,
8,wind turbin,8: wind turbin,
8,wind turbin,8: wind turbin,
8,wind turbin,8: wind turbin,
8,wind turbin,8: wind turbin,
8,wind turbin,8: wind turbin,
8,wind turbin,8: wind turbin,
8,wind turbin,8: wind turbin,
8,wind turbin,8: wind turbin,
8,wind turbin,8: wind turbin,
8,wind turbin,8: wind turbin,
8,wind turbin,8: wind turbin,
8,wind turbin,8: wind turbin,
8,wind turbin,8: wind turbin,
8,wind turbin,8: wind turbin,
8,wind turbin,8: wind turbin,
8,wind turbin,8: wind turbin,
8,wind turbin,8: wind turbin,
8,wind turbin,8: wind turbin,
8,wind turbin,8: wind turbin,
8,wind turbin,8: wind turbin,
8,wind turbin,8: wind turbin,
8,wind turbin,8: wind turbin,
8,wind turbin,8: wind turbin,
8,wind turbin,8: wind turbin,
8,wind turbin,8: wind turbin,
8,wind turbin,8: wind turbin,
8,wind turbin,8: wind turbin,
8,wind turbin,8: wind turbin,
8,wind turbin,8: wind turbin,
8,wind turbin,8: wind turbin,
8,wind turbin,8: wind turbin,
8,wind turbin,8: wind turbin,
8,wind turbin,8: wind turbin,
8,wind turbin,8: wind turbin,
8,wind turbin,8: wind turbin,
8,wind turbin,8: wind turbin,
8,wind turbin,8: wind turbin,
8,wind turbin,8: wind turbin,
8,wind turbin,8: wind turbin,
8,wind turbin,8: wind turbin,
8,wind turbin,8: wind turbin,
8,wind turbin,8: wind turbin,
8,wind turbin,8: wind turbin,
8,wind turbin,8: wind turbin,
8,wind turbin,8: wind turbin,
8,wind turbin,8: wind turbin,
8,wind turbin,8: wind turbin,
8,wind turbin,8: wind turbin,
8,wind turbin,8: wind turbin,
8,wind turbin,8: wind turbin,
8,wind turbin,8: wind turbin,
8,wind turbin,8: wind turbin,
8,wind turbin,8: wind turbin,
8,wind turbin,8: wind turbin,
8,wind turbin,8: wind turbin,
8,wind turbin,8: wind turbin,
8,wind turbin,8: wind turbin,
8,wind turbin,8: wind turbin,
8,wind turbin,8: wind turbin,
8,wind turbin,8: wind turbin,
8,wind turbin,8: wind turbin,
8,wind turbin,8: wind turbin,
8,wind turbin,8: wind turbin,
8,wind turbin,8: wind turbin,
8,wind turbin,8: wind turbin,
8,wind turbin,8: wind turbin,
8,wind turbin,8: wind turbin,
8,wind turbin,8: wind turbin,
8,wind turbin,8: wind turbin,
8,wind turbin,8: wind turbin,
8,wind turbin,8: wind turbin,
8,wind turbin,8: wind turbin,
8,wind turbin,8: wind turbin,
8,wind turbin,8: wind turbin,
8,wind turbin,8: wind turbin,
8,wind turbin,8: wind turbin,
8,wind turbin,8: wind turbin,
8,wind turbin,8: wind turbin,
8,wind turbin,8: wind turbin,
8,wind turbin,8: wind turbin,
8,wind turbin,8: wind turbin,
8,wind turbin,8: wind turbin,
8,wind turbin,8: wind turbin,
8,wind turbin,8: wind turbin,
8,wind turbin,8: wind turbin,
8,wind turbin,8: wind turbin,
8,wind turbin,8: wind turbin,
8,wind turbin,8: wind turbin,
8,wind turbin,8: wind turbin,
8,wind turbin,8: wind turbin,
8,wind turbin,8: wind turbin,
8,wind turbin,8: wind turbin,
8,wind turbin,8: wind turbin,
8,wind turbin,8: wind turbin,
8,wind turbin,8: wind turbin,
8,wind turbin,8: wind turbin,
8,wind turbin,8: wind turbin,
8,wind turbin,8: wind turbin,
8,wind turbin,8: wind turbin,
8,wind turbin,8: wind turbin,
8,wind turbin,8: wind turbin,
8,wind turbin,8: wind turbin,
8,wind turbin,8: wind turbin,
8,wind turbin,8: wind turbin,
8,wind turbin,8: wind turbin,
8,wind turbin,8: wind turbin,
8,wind turbin,8: wind turbin,
8,wind turbin,8: wind turbin,
8,wind turbin,8: wind turbin,
8,wind turbin,8: wind turbin,
8,wind turbin,8: wind turbin,
8,wind turbin,8: wind turbin,
8,wind turbin,8: wind turbin,
8,wind turbin,8: wind turbin,
8,wind turbin,8: wind turbin,
8,wind turbin,8: wind turbin,
8,wind turbin,8: wind turbin,
8,wind turbin,8: wind turbin,
8,wind turbin,8: wind turbin,
8,wind turbin,8: wind turbin,
8,wind turbin,8: wind turbin,
8,wind turbin,8: wind turbin,
8,wind turbin,8: wind turbin,
8,wind turbin,8: wind turbin,
8,wind turbin,8: wind turbin,
8,wind turbin,8: wind turbin,
8,wind turbin,8: wind turbin,
8,wind turbin,8: wind turbin,
8,wind turbin,8: wind turbin,
8,wind turbin,8: wind turbin,
8,wind turbin,8: wind turbin,
8,wind turbin,8: wind turbin,
8,wind turbin,8: wind turbin,
8,wind turbin,8: wind turbin,
8,wind turbin,8: wind turbin,
8,wind turbin,8: wind turbin,
8,wind turbin,8: wind turbin,
8,wind turbin,8: wind turbin,
8,wind turbin,8: wind turbin,
8,wind turbin,8: wind turbin,
8,wind turbin,8: wind turbin,
8,wind turbin,8: wind turbin,
8,wind turbin,8: wind turbin,
8,wind turbin,8: wind turbin,
8,wind turbin,8: wind turbin,
8,wind turbin,8: wind turbin,
8,wind turbin,8: wind turbin,
8,wind turbin,8: wind turbin,
8,wind turbin,8: wind turbin,
8,wind turbin,8: wind turbin,
8,wind turbin,8: wind turbin,
8,wind turbin,8: wind turbin,
8,wind turbin,8: wind turbin,
8,wind turbin,8: wind turbin,
4,baltic sea,4: baltic sea,
4,baltic sea,4: baltic sea,
4,baltic sea,4: baltic sea,
4,baltic sea,4: baltic sea,
4,baltic sea,4: baltic sea,
4,baltic sea,4: baltic sea,
4,baltic sea,4: baltic sea,
4,baltic sea,4: baltic sea,
4,baltic sea,4: baltic sea,
4,baltic sea,4: baltic sea,
4,baltic sea,4: baltic sea,
4,baltic sea,4: baltic sea,
4,baltic sea,4: baltic sea,
4,baltic sea,4: baltic sea,
4,baltic sea,4: baltic sea,
4,baltic sea,4: baltic sea,
4,baltic sea,4: baltic sea,
4,baltic sea,4: baltic sea,
4,baltic sea,4: baltic sea,
4,baltic sea,4: baltic sea,
4,baltic sea,4: baltic sea,
4,baltic sea,4: baltic sea,
4,baltic sea,4: baltic sea,
4,baltic sea,4: baltic sea,
4,baltic sea,4: baltic sea,
4,baltic sea,4: baltic sea,
4,baltic sea,4: baltic sea,
4,baltic sea,4: baltic sea,
4,baltic sea,4: baltic sea,
4,baltic sea,4: baltic sea,
4,baltic sea,4: baltic sea,
4,baltic sea,4: baltic sea,
4,baltic sea,4: baltic sea,
4,baltic sea,4: baltic sea,
4,baltic sea,4: baltic sea,
4,baltic sea,4: baltic sea,
4,baltic sea,4: baltic sea,
4,baltic sea,4: baltic sea,
4,baltic sea,4: baltic sea,
4,baltic sea,4: baltic sea,
4,baltic sea,4: baltic sea,
4,baltic sea,4: baltic sea,
4,baltic sea,4: baltic sea,
4,baltic sea,4: baltic sea,
4,baltic sea,4: baltic sea,
4,baltic sea,4: baltic sea,
4,baltic sea,4: baltic sea,
4,baltic sea,4: baltic sea,
4,baltic sea,4: baltic sea,
4,baltic sea,4: baltic sea,
4,baltic sea,4: baltic sea,
4,baltic sea,4: baltic sea,
4,baltic sea,4: baltic sea,
4,baltic sea,4: baltic sea,
4,baltic sea,4: baltic sea,
4,baltic sea,4: baltic sea,
4,baltic sea,4: baltic sea,
4,baltic sea,4: baltic sea,
4,baltic sea,4: baltic sea,
4,baltic sea,4: baltic sea,
4,baltic sea,4: baltic sea,
4,baltic sea,4: baltic sea,
4,baltic sea,4: baltic sea,
4,baltic sea,4: baltic sea,
4,baltic sea,4: baltic sea,
4,baltic sea,4: baltic sea,
4,baltic sea,4: baltic sea,
4,baltic sea,4: baltic sea,
4,baltic sea,4: baltic sea,
4,baltic sea,4: baltic sea,
4,baltic sea,4: baltic sea,
4,baltic sea,4: baltic sea,
4,baltic sea,4: baltic sea,
4,baltic sea,4: baltic sea,
4,baltic sea,4: baltic sea,
4,baltic sea,4: baltic sea,
4,baltic sea,4: baltic sea,
4,baltic sea,4: baltic sea,
4,baltic sea,4: baltic sea,
4,baltic sea,4: baltic sea,
4,baltic sea,4: baltic sea,
4,baltic sea,4: baltic sea,
4,baltic sea,4: baltic sea,
4,baltic sea,4: baltic sea,
4,baltic sea,4: baltic sea,
4,baltic sea,4: baltic sea,
4,baltic sea,4: baltic sea,
4,baltic sea,4: baltic sea,
4,baltic sea,4: baltic sea,
4,baltic sea,4: baltic sea,
4,baltic sea,4: baltic sea,
4,baltic sea,4: baltic sea,
4,baltic sea,4: baltic sea,
4,baltic sea,4: baltic sea,
4,baltic sea,4: baltic sea,
4,baltic sea,4: baltic sea,
4,baltic sea,4: baltic sea,
4,baltic sea,4: baltic sea,
4,baltic sea,4: baltic sea,
4,baltic sea,4: baltic sea,
4,baltic sea,4: baltic sea,
4,baltic sea,4: baltic sea,
4,baltic sea,4: baltic sea,
4,baltic sea,4: baltic sea,
4,baltic sea,4: baltic sea,
4,baltic sea,4: baltic sea,
4,baltic sea,4: baltic sea,
4,baltic sea,4: baltic sea,
4,baltic sea,4: baltic sea,
4,baltic sea,4: baltic sea,
4,baltic sea,4: baltic sea,
4,baltic sea,4: baltic sea,
4,baltic sea,4: baltic sea,
4,baltic sea,4: baltic sea,
4,baltic sea,4: baltic sea,
4,baltic sea,4: baltic sea,
4,baltic sea,4: baltic sea,
4,baltic sea,4: baltic sea,
4,baltic sea,4: baltic sea,
4,baltic sea,4: baltic sea,
4,baltic sea,4: baltic sea,
4,baltic sea,4: baltic sea,
4,baltic sea,4: baltic sea,
4,baltic sea,4: baltic sea,
4,baltic sea,4: baltic sea,
4,baltic sea,4: baltic sea,
4,baltic sea,4: baltic sea,
4,baltic sea,4: baltic sea,
4,baltic sea,4: baltic sea,
4,baltic sea,4: baltic sea,
4,baltic sea,4: baltic sea,
4,baltic sea,4: baltic sea,
4,baltic sea,4: baltic sea,
4,baltic sea,4: baltic sea,
4,baltic sea,4: baltic sea,
4,baltic sea,4: baltic sea,
4,baltic sea,4: baltic sea,
4,baltic sea,4: baltic sea,
2,municip council,2: municip council,
2,municip council,2: municip council,
2,municip council,2: municip council,
2,municip council,2: municip council,
2,municip council,2: municip council,
2,municip council,2: municip council,
2,municip council,2: municip council,
2,municip council,2: municip council,
2,municip council,2: municip council,
2,municip council,2: municip council,
2,municip council,2: municip council,
2,municip council,2: municip council,
2,municip council,2: municip council,
2,municip council,2: municip council,
2,municip council,2: municip council,
2,municip council,2: municip council,
2,municip council,2: municip council,
2,municip council,2: municip council,
2,municip council,2: municip council,
2,municip council,2: municip council,
2,municip council,2: municip council,
2,municip council,2: municip council,
2,municip council,2: municip council,
2,municip council,2: municip council,
2,municip council,2: municip council,
2,municip council,2: municip council,
2,municip council,2: municip council,
2,municip council,2: municip council,
2,municip council,2: municip council,
2,municip council,2: municip council,
2,municip council,2: municip council,
2,municip council,2: municip council,
2,municip council,2: municip council,
2,municip council,2: municip council,
2,municip council,2: municip council,
2,municip council,2: municip council,
2,municip council,2: municip council,
2,municip council,2: municip council,
2,municip council,2: municip council,
2,municip council,2: municip council,
2,municip council,2: municip council,
2,municip council,2: municip council,
2,municip council,2: municip council,
2,municip council,2: municip council,
2,municip council,2: municip council,
2,municip council,2: municip council,
2,municip council,2: municip council,
2,municip council,2: municip council,
2,municip council,2: municip council,
2,municip council,2: municip council,
2,municip council,2: municip council,
2,municip council,2: municip council,
2,municip council,2: municip council,
2,municip council,2: municip council,
2,municip council,2: municip council,
2,municip council,2: municip council,
2,municip council,2: municip council,
2,municip council,2: municip council,
2,municip council,2: municip council,
2,municip council,2: municip council,
2,municip council,2: municip council,
2,municip council,2: municip council,
2,municip council,2: municip council,
2,municip council,2: municip council,
2,municip council,2: municip council,
2,municip council,2: municip council,
2,municip council,2: municip council,
2,municip council,2: municip council,
2,municip council,2: municip council,
2,municip council,2: municip council,
2,municip council,2: municip council,
2,municip council,2: municip council,
2,municip council,2: municip council,
2,municip council,2: municip council,
2,municip council,2: municip council,
2,municip council,2: municip council,
2,municip council,2: municip council,
2,municip council,2: municip council,
2,municip council,2: municip council,
2,municip council,2: municip council,
2,municip council,2: municip council,
2,municip council,2: municip council,
2,municip council,2: municip council,
2,municip council,2: municip council,
2,municip council,2: municip council,
2,municip council,2: municip council,
2,municip council,2: municip council,
2,municip council,2: municip council,
2,municip council,2: municip council,
2,municip council,2: municip council,
2,municip council,2: municip council,
2,municip council,2: municip council,
2,municip council,2: municip council,
2,municip council,2: municip council,
2,municip council,2: municip council,
2,municip council,2: municip council,
2,municip council,2: municip council,
2,municip council,2: municip council,
2,municip council,2: municip council,
2,municip council,2: municip council,
2,municip council,2: municip council,
2,municip council,2: municip council,
2,municip council,2: municip council,
2,municip council,2: municip council,
2,municip council,2: municip council,
2,municip council,2: municip council,
2,municip council,2: municip council,
2,municip council,2: municip council,
2,municip council,2: municip council,
2,municip council,2: municip council,
2,municip council,2: municip council,
2,municip council,2: municip council,
2,municip council,2: municip council,
2,municip council,2: municip council,
2,municip council,2: municip council,
2,municip council,2: municip council,
2,municip council,2: municip council,
2,municip council,2: municip council,
2,municip council,2: municip council,
2,municip council,2: municip council,
2,municip council,2: municip council,
2,municip council,2: municip council,
2,municip council,2: municip council,
2,municip council,2: municip council,
2,municip council,2: municip council,
2,municip council,2: municip council,
2,municip council,2: municip council,
2,municip council,2: municip council,
2,municip council,2: municip council,
2,municip council,2: municip council,
2,municip council,2: municip council,
2,municip council,2: municip council,
2,municip council,2: municip council,
2,municip council,2: municip council,
2,municip council,2: municip council,
2,municip council,2: municip council,
2,municip council,2: municip council,
2,municip council,2: municip council,
2,municip council,2: municip council,
2,municip council,2: municip council,
2,municip council,2: municip council,
2,municip council,2: municip council,
2,municip council,2: municip council,
2,municip council,2: municip council,
2,municip council,2: municip council,
2,municip council,2: municip council,
2,municip council,2: municip council,
2,municip council,2: municip council,
2,municip council,2: municip council,
2,municip council,2: municip council,
2,municip council,2: municip council,
2,municip council,2: municip council,
2,municip council,2: municip council,
2,municip council,2: municip council,
2,municip council,2: municip council,
2,municip council,2: municip council,
4,baltic sea,4: baltic sea,
4,baltic sea,4: baltic sea,
4,baltic sea,4: baltic sea,
4,baltic sea,4: baltic sea,
4,baltic sea,4: baltic sea,
4,baltic sea,4: baltic sea,
4,baltic sea,4: baltic sea,
4,baltic sea,4: baltic sea,
4,baltic sea,4: baltic sea,
4,baltic sea,4: baltic sea,
4,baltic sea,4: baltic sea,
4,baltic sea,4: baltic sea,
4,baltic sea,4: baltic sea,
4,baltic sea,4: baltic sea,
4,baltic sea,4: baltic sea,
4,baltic sea,4: baltic sea,
4,baltic sea,4: baltic sea,
4,baltic sea,4: baltic sea,
4,baltic sea,4: baltic sea,
4,baltic sea,4: baltic sea,
4,baltic sea,4: baltic sea,
4,baltic sea,4: baltic sea,
4,baltic sea,4: baltic sea,
4,baltic sea,4: baltic sea,
4,baltic sea,4: baltic sea,
4,baltic sea,4: baltic sea,
4,baltic sea,4: baltic sea,
4,baltic sea,4: baltic sea,
4,baltic sea,4: baltic sea,
4,baltic sea,4: baltic sea,
4,baltic sea,4: baltic sea,
4,baltic sea,4: baltic sea,
4,baltic sea,4: baltic sea,
4,baltic sea,4: baltic sea,
4,baltic sea,4: baltic sea,
4,baltic sea,4: baltic sea,
4,baltic sea,4: baltic sea,
4,baltic sea,4: baltic sea,
4,baltic sea,4: baltic sea,
4,baltic sea,4: baltic sea,
4,baltic sea,4: baltic sea,
4,baltic sea,4: baltic sea,
4,baltic sea,4: baltic sea,
4,baltic sea,4: baltic sea,
4,baltic sea,4: baltic sea,
4,baltic sea,4: baltic sea,
4,baltic sea,4: baltic sea,
4,baltic sea,4: baltic sea,
4,baltic sea,4: baltic sea,
4,baltic sea,4: baltic sea,
4,baltic sea,4: baltic sea,
4,baltic sea,4: baltic sea,
4,baltic sea,4: baltic sea,
4,baltic sea,4: baltic sea,
4,baltic sea,4: baltic sea,
4,baltic sea,4: baltic sea,
4,baltic sea,4: baltic sea,
4,baltic sea,4: baltic sea,
4,baltic sea,4: baltic sea,
4,baltic sea,4: baltic sea,
4,baltic sea,4: baltic sea,
4,baltic sea,4: baltic sea,
4,baltic sea,4: baltic sea,
4,baltic sea,4: baltic sea,
4,baltic sea,4: baltic sea,
4,baltic sea,4: baltic sea,
4,baltic sea,4: baltic sea,
4,baltic sea,4: baltic sea,
4,baltic sea,4: baltic sea,
4,baltic sea,4: baltic sea,
4,baltic sea,4: baltic sea,
4,baltic sea,4: baltic sea,
4,baltic sea,4: baltic sea,
4,baltic sea,4: baltic sea,
4,baltic sea,4: baltic sea,
4,baltic sea,4: baltic sea,
4,baltic sea,4: baltic sea,
4,baltic sea,4: baltic sea,
4,baltic sea,4: baltic sea,
4,baltic sea,4: baltic sea,
4,baltic sea,4: baltic sea,
4,baltic sea,4: baltic sea,
4,baltic sea,4: baltic sea,
4,baltic sea,4: baltic sea,
4,baltic sea,4: baltic sea,
4,baltic sea,4: baltic sea,
4,baltic sea,4: baltic sea,
4,baltic sea,4: baltic sea,
4,baltic sea,4: baltic sea,
4,baltic sea,4: baltic sea,
4,baltic sea,4: baltic sea,
4,baltic sea,4: baltic sea,
4,baltic sea,4: baltic sea,
4,baltic sea,4: baltic sea,
4,baltic sea,4: baltic sea,
4,baltic sea,4: baltic sea,
4,baltic sea,4: baltic sea,
4,baltic sea,4: baltic sea,
4,baltic sea,4: baltic sea,
4,baltic sea,4: baltic sea,
4,baltic sea,4: baltic sea,
4,baltic sea,4: baltic sea,
4,baltic sea,4: baltic sea,
4,baltic sea,4: baltic sea,
4,baltic sea,4: baltic sea,
4,baltic sea,4: baltic sea,
4,baltic sea,4: baltic sea,
4,baltic sea,4: baltic sea,
4,baltic sea,4: baltic sea,
4,baltic sea,4: baltic sea,
4,baltic sea,4: baltic sea,
4,baltic sea,4: baltic sea,
4,baltic sea,4: baltic sea,
4,baltic sea,4: baltic sea,
4,baltic sea,4: baltic sea,
4,baltic sea,4: baltic sea,
4,baltic sea,4: baltic sea,
4,baltic sea,4: baltic sea,
4,baltic sea,4: baltic sea,
4,baltic sea,4: baltic sea,
4,baltic sea,4: baltic sea,
4,baltic sea,4: baltic sea,
4,baltic sea,4: baltic sea,
4,baltic sea,4: baltic sea,
4,baltic sea,4: baltic sea,
4,baltic sea,4: baltic sea,
4,baltic sea,4: baltic sea,
4,baltic sea,4: baltic sea,
4,baltic sea,4: baltic sea,
4,baltic sea,4: baltic sea,
4,baltic sea,4: baltic sea,
4,baltic sea,4: baltic sea,
4,baltic sea,4: baltic sea,
4,baltic sea,4: baltic sea,
4,baltic sea,4: baltic sea,
4,baltic sea,4: baltic sea,
4,baltic sea,4: baltic sea,
4,baltic sea,4: baltic sea,
6,energiø bornholm,6: energiø bornholm,
6,energiø bornholm,6: energiø bornholm,
6,energiø bornholm,6: energiø bornholm,
6,energiø bornholm,6: energiø bornholm,
6,energiø bornholm,6: energiø bornholm,
6,energiø bornholm,6: energiø bornholm,
6,energiø bornholm,6: energiø bornholm,
6,energiø bornholm,6: energiø bornholm,
6,energiø bornholm,6: energiø bornholm,
6,energiø bornholm,6: energiø bornholm,
6,energiø bornholm,6: energiø bornholm,
6,energiø bornholm,6: energiø bornholm,
6,energiø bornholm,6: energiø bornholm,
6,energiø bornholm,6: energiø bornholm,
6,energiø bornholm,6: energiø bornholm,
6,energiø bornholm,6: energiø bornholm,
6,energiø bornholm,6: energiø bornholm,
6,energiø bornholm,6: energiø bornholm,
6,energiø bornholm,6: energiø bornholm,
6,energiø bornholm,6: energiø bornholm,
6,energiø bornholm,6: energiø bornholm,
6,energiø bornholm,6: energiø bornholm,
6,energiø bornholm,6: energiø bornholm,
6,energiø bornholm,6: energiø bornholm,
6,energiø bornholm,6: energiø bornholm,
6,energiø bornholm,6: energiø bornholm,
6,energiø bornholm,6: energiø bornholm,
6,energiø bornholm,6: energiø bornholm,
6,energiø bornholm,6: energiø bornholm,
6,energiø bornholm,6: energiø bornholm,
6,energiø bornholm,6: energiø bornholm,
6,energiø bornholm,6: energiø bornholm,
6,energiø bornholm,6: energiø bornholm,
6,energiø bornholm,6: energiø bornholm,
6,energiø bornholm,6: energiø bornholm,
6,energiø bornholm,6: energiø bornholm,
6,energiø bornholm,6: energiø bornholm,
6,energiø bornholm,6: energiø bornholm,
6,energiø bornholm,6: energiø bornholm,
6,energiø bornholm,6: energiø bornholm,
6,energiø bornholm,6: energiø bornholm,
6,energiø bornholm,6: energiø bornholm,
6,energiø bornholm,6: energiø bornholm,
6,energiø bornholm,6: energiø bornholm,
6,energiø bornholm,6: energiø bornholm,
6,energiø bornholm,6: energiø bornholm,
6,energiø bornholm,6: energiø bornholm,
6,energiø bornholm,6: energiø bornholm,
6,energiø bornholm,6: energiø bornholm,
6,energiø bornholm,6: energiø bornholm,
6,energiø bornholm,6: energiø bornholm,
6,energiø bornholm,6: energiø bornholm,
6,energiø bornholm,6: energiø bornholm,
6,energiø bornholm,6: energiø bornholm,
6,energiø bornholm,6: energiø bornholm,
6,energiø bornholm,6: energiø bornholm,
6,energiø bornholm,6: energiø bornholm,
6,energiø bornholm,6: energiø bornholm,
6,energiø bornholm,6: energiø bornholm,
6,energiø bornholm,6: energiø bornholm,
6,energiø bornholm,6: energiø bornholm,
6,energiø bornholm,6: energiø bornholm,
6,energiø bornholm,6: energiø bornholm,
6,energiø bornholm,6: energiø bornholm,
6,energiø bornholm,6: energiø bornholm,
6,energiø bornholm,6: energiø bornholm,
6,energiø bornholm,6: energiø bornholm,
6,energiø bornholm,6: energiø bornholm,
6,energiø bornholm,6: energiø bornholm,
6,energiø bornholm,6: energiø bornholm,
6,energiø bornholm,6: energiø bornholm,
6,energiø bornholm,6: energiø bornholm,
6,energiø bornholm,6: energiø bornholm,
6,energiø bornholm,6: energiø bornholm,
6,energiø bornholm,6: energiø bornholm,
6,energiø bornholm,6: energiø bornholm,
6,energiø bornholm,6: energiø bornholm,
6,energiø bornholm,6: energiø bornholm,
6,energiø bornholm,6: energiø bornholm,
6,energiø bornholm,6: energiø bornholm,
6,energiø bornholm,6: energiø bornholm,
6,energiø bornholm,6: energiø bornholm,
6,energiø bornholm,6: energiø bornholm,
6,energiø bornholm,6: energiø bornholm,
6,energiø bornholm,6: energiø bornholm,
6,energiø bornholm,6: energiø bornholm,
6,energiø bornholm,6: energiø bornholm,
6,energiø bornholm,6: energiø bornholm,
6,energiø bornholm,6: energiø bornholm,
6,energiø bornholm,6: energiø bornholm,
6,energiø bornholm,6: energiø bornholm,
6,energiø bornholm,6: energiø bornholm,
6,energiø bornholm,6: energiø bornholm,
6,energiø bornholm,6: energiø bornholm,
6,energiø bornholm,6: energiø bornholm,
6,energiø bornholm,6: energiø bornholm,
6,energiø bornholm,6: energiø bornholm,
6,energiø bornholm,6: energiø bornholm,
6,energiø bornholm,6: energiø bornholm,
6,energiø bornholm,6: energiø bornholm,
6,energiø bornholm,6: energiø bornholm,
6,energiø bornholm,6: energiø bornholm,
6,energiø bornholm,6: energiø bornholm,
6,energiø bornholm,6: energiø bornholm,
6,energiø bornholm,6: energiø bornholm,
6,energiø bornholm,6: energiø bornholm,
6,energiø bornholm,6: energiø bornholm,
6,energiø bornholm,6: energiø bornholm,
6,energiø bornholm,6: energiø bornholm,
6,energiø bornholm,6: energiø bornholm,
6,energiø bornholm,6: energiø bornholm,
6,energiø bornholm,6: energiø bornholm,
6,energiø bornholm,6: energiø bornholm,
6,energiø bornholm,6: energiø bornholm,
6,energiø bornholm,6: energiø bornholm,
6,energiø bornholm,6: energiø bornholm,
6,energiø bornholm,6: energiø bornholm,
6,energiø bornholm,6: energiø bornholm,
6,energiø bornholm,6: energiø bornholm,
6,energiø bornholm,6: energiø bornholm,
6,energiø bornholm,6: energiø bornholm,
6,energiø bornholm,6: energiø bornholm,
6,energiø bornholm,6: energiø bornholm,
6,energiø bornholm,6: energiø bornholm,
6,energiø bornholm,6: energiø bornholm,
6,energiø bornholm,6: energiø bornholm,
6,energiø bornholm,6: energiø bornholm,
6,energiø bornholm,6: energiø bornholm,
6,energiø bornholm,6: energiø bornholm,
6,energiø bornholm,6: energiø bornholm,
6,energiø bornholm,6: energiø bornholm,
6,energiø bornholm,6: energiø bornholm,
6,energiø bornholm,6: energiø bornholm,
6,energiø bornholm,6: energiø bornholm,
6,energiø bornholm,6: energiø bornholm,
6,energiø bornholm,6: energiø bornholm,
6,energiø bornholm,6: energiø bornholm,
6,energiø bornholm,6: energiø bornholm,
6,energiø bornholm,6: energiø bornholm,
6,energiø bornholm,6: energiø bornholm,
6,energiø bornholm,6: energiø bornholm,
6,energiø bornholm,6: energiø bornholm,
6,energiø bornholm,6: energiø bornholm,
6,energiø bornholm,6: energiø bornholm,
6,energiø bornholm,6: energiø bornholm,
6,energiø bornholm,6: energiø bornholm,
6,energiø bornholm,6: energiø bornholm,
6,energiø bornholm,6: energiø bornholm,
6,energiø bornholm,6: energiø bornholm,
6,energiø bornholm,6: energiø bornholm,
6,energiø bornholm,6: energiø bornholm,
6,energiø bornholm,6: energiø bornholm,
6,energiø bornholm,6: energiø bornholm,
6,energiø bornholm,6: energiø bornholm,
6,energiø bornholm,6: energiø bornholm,
6,energiø bornholm,6: energiø bornholm,
6,energiø bornholm,6: energiø bornholm,
6,energiø bornholm,6: energiø bornholm,
6,energiø bornholm,6: energiø bornholm,
6,energiø bornholm,6: energiø bornholm,
6,energiø bornholm,6: energiø bornholm,
6,energiø bornholm,6: energiø bornholm,
6,energiø bornholm,6: energiø bornholm,
6,energiø bornholm,6: energiø bornholm,
6,energiø bornholm,6: energiø bornholm,
6,energiø bornholm,6: energiø bornholm,
6,energiø bornholm,6: energiø bornholm,
6,energiø bornholm,6: energiø bornholm,
6,energiø bornholm,6: energiø bornholm,
6,energiø bornholm,6: energiø bornholm,
6,energiø bornholm,6: energiø bornholm,
0,energi island,0: energi island,
0,energi island,0: energi island,
0,energi island,0: energi island,
0,energi island,0: energi island,
0,energi island,0: energi island,
0,energi island,0: energi island,
0,energi island,0: energi island,
0,energi island,0: energi island,
0,energi island,0: energi island,
0,energi island,0: energi island,
0,energi island,0: energi island,
0,energi island,0: energi island,
0,energi island,0: energi island,
0,energi island,0: energi island,
0,energi island,0: energi island,
0,energi island,0: energi island,
0,energi island,0: energi island,
0,energi island,0: energi island,
0,energi island,0: energi island,
0,energi island,0: energi island,
0,energi island,0: energi island,
0,energi island,0: energi island,
0,energi island,0: energi island,
0,energi island,0: energi island,
0,energi island,0: energi island,
0,energi island,0: energi island,
0,energi island,0: energi island,
0,energi island,0: energi island,
0,energi island,0: energi island,
0,energi island,0: energi island,
0,energi island,0: energi island,
0,energi island,0: energi island,
0,energi island,0: energi island,
0,energi island,0: energi island,
0,energi island,0: energi island,
0,energi island,0: energi island,
0,energi island,0: energi island,
0,energi island,0: energi island,
0,energi island,0: energi island,
0,energi island,0: energi island,
0,energi island,0: energi island,
0,energi island,0: energi island,
0,energi island,0: energi island,
0,energi island,0: energi island,
0,energi island,0: energi island,
0,energi island,0: energi island,
0,energi island,0: energi island,
0,energi island,0: energi island,
0,energi island,0: energi island,
0,energi island,0: energi island,
0,energi island,0: energi island,
0,energi island,0: energi island,
0,energi island,0: energi island,
0,energi island,0: energi island,
0,energi island,0: energi island,
0,energi island,0: energi island,
0,energi island,0: energi island,
0,energi island,0: energi island,
0,energi island,0: energi island,
0,energi island,0: energi island,
0,energi island,0: energi island,
0,energi island,0: energi island,
0,energi island,0: energi island,
0,energi island,0: energi island,
0,energi island,0: energi island,
0,energi island,0: energi island,
0,energi island,0: energi island,
0,energi island,0: energi island,
0,energi island,0: energi island,
0,energi island,0: energi island,
0,energi island,0: energi island,
0,energi island,0: energi island,
0,energi island,0: energi island,
0,energi island,0: energi island,
0,energi island,0: energi island,
0,energi island,0: energi island,
0,energi island,0: energi island,
0,energi island,0: energi island,
0,energi island,0: energi island,
0,energi island,0: energi island,
0,energi island,0: energi island,
0,energi island,0: energi island,
0,energi island,0: energi island,
0,energi island,0: energi island,
0,energi island,0: energi island,
0,energi island,0: energi island,
0,energi island,0: energi island,
0,energi island,0: energi island,
0,energi island,0: energi island,
0,energi island,0: energi island,
0,energi island,0: energi island,
0,energi island,0: energi island,
0,energi island,0: energi island,
0,energi island,0: energi island,
0,energi island,0: energi island,
0,energi island,0: energi island,
0,energi island,0: energi island,
0,energi island,0: energi island,
0,energi island,0: energi island,
0,energi island,0: energi island,
0,energi island,0: energi island,
0,energi island,0: energi island,
0,energi island,0: energi island,
0,energi island,0: energi island,
0,energi island,0: energi island,
0,energi island,0: energi island,
0,energi island,0: energi island,
0,energi island,0: energi island,
0,energi island,0: energi island,
0,energi island,0: energi island,
0,energi island,0: energi island,
0,energi island,0: energi island,
0,energi island,0: energi island,
0,energi island,0: energi island,
0,energi island,0: energi island,
0,energi island,0: energi island,
0,energi island,0: energi island,
0,energi island,0: energi island,
0,energi island,0: energi island,
0,energi island,0: energi island,
0,energi island,0: energi island,
0,energi island,0: energi island,
0,energi island,0: energi island,
0,energi island,0: energi island,
0,energi island,0: energi island,
0,energi island,0: energi island,
0,energi island,0: energi island,
0,energi island,0: energi island,
0,energi island,0: energi island,
0,energi island,0: energi island,
0,energi island,0: energi island,
0,energi island,0: energi island,
0,energi island,0: energi island,
0,energi island,0: energi island,
0,energi island,0: energi island,
0,energi island,0: energi island,
0,energi island,0: energi island,
0,energi island,0: energi island,
0,energi island,0: energi island,
0,energi island,0: energi island,
0,energi island,0: energi island,
0,energi island,0: energi island,
0,energi island,0: energi island,
0,energi island,0: energi island,
0,energi island,0: energi island,
0,energi island,0: energi island,
0,energi island,0: energi island,
0,energi island,0: energi island,
0,energi island,0: energi island,
0,energi island,0: energi island,
0,energi island,0: energi island,
0,energi island,0: energi island,
0,energi island,0: energi island,
0,energi island,0: energi island,
0,energi island,0: energi island,
0,energi island,0: energi island,
0,energi island,0: energi island,
4,baltic sea,4: baltic sea,
4,baltic sea,4: baltic sea,
4,baltic sea,4: baltic sea,
4,baltic sea,4: baltic sea,
4,baltic sea,4: baltic sea,
4,baltic sea,4: baltic sea,
4,baltic sea,4: baltic sea,
4,baltic sea,4: baltic sea,
4,baltic sea,4: baltic sea,
4,baltic sea,4: baltic sea,
4,baltic sea,4: baltic sea,
4,baltic sea,4: baltic sea,
4,baltic sea,4: baltic sea,
4,baltic sea,4: baltic sea,
4,baltic sea,4: baltic sea,
4,baltic sea,4: baltic sea,
4,baltic sea,4: baltic sea,
4,baltic sea,4: baltic sea,
4,baltic sea,4: baltic sea,
4,baltic sea,4: baltic sea,
4,baltic sea,4: baltic sea,
4,baltic sea,4: baltic sea,
4,baltic sea,4: baltic sea,
4,baltic sea,4: baltic sea,
4,baltic sea,4: baltic sea,
4,baltic sea,4: baltic sea,
4,baltic sea,4: baltic sea,
4,baltic sea,4: baltic sea,
4,baltic sea,4: baltic sea,
4,baltic sea,4: baltic sea,
4,baltic sea,4: baltic sea,
4,baltic sea,4: baltic sea,
4,baltic sea,4: baltic sea,
4,baltic sea,4: baltic sea,
4,baltic sea,4: baltic sea,
4,baltic sea,4: baltic sea,
4,baltic sea,4: baltic sea,
4,baltic sea,4: baltic sea,
4,baltic sea,4: baltic sea,
4,baltic sea,4: baltic sea,
4,baltic sea,4: baltic sea,
4,baltic sea,4: baltic sea,
4,baltic sea,4: baltic sea,
4,baltic sea,4: baltic sea,
4,baltic sea,4: baltic sea,
4,baltic sea,4: baltic sea,
4,baltic sea,4: baltic sea,
4,baltic sea,4: baltic sea,
4,baltic sea,4: baltic sea,
4,baltic sea,4: baltic sea,
4,baltic sea,4: baltic sea,
4,baltic sea,4: baltic sea,
4,baltic sea,4: baltic sea,
4,baltic sea,4: baltic sea,
4,baltic sea,4: baltic sea,
4,baltic sea,4: baltic sea,
4,baltic sea,4: baltic sea,
4,baltic sea,4: baltic sea,
4,baltic sea,4: baltic sea,
4,baltic sea,4: baltic sea,
4,baltic sea,4: baltic sea,
4,baltic sea,4: baltic sea,
4,baltic sea,4: baltic sea,
4,baltic sea,4: baltic sea,
4,baltic sea,4: baltic sea,
4,baltic sea,4: baltic sea,
4,baltic sea,4: baltic sea,
4,baltic sea,4: baltic sea,
4,baltic sea,4: baltic sea,
4,baltic sea,4: baltic sea,
4,baltic sea,4: baltic sea,
4,baltic sea,4: baltic sea,
4,baltic sea,4: baltic sea,
4,baltic sea,4: baltic sea,
4,baltic sea,4: baltic sea,
4,baltic sea,4: baltic sea,
4,baltic sea,4: baltic sea,
4,baltic sea,4: baltic sea,
4,baltic sea,4: baltic sea,
4,baltic sea,4: baltic sea,
4,baltic sea,4: baltic sea,
4,baltic sea,4: baltic sea,
4,baltic sea,4: baltic sea,
4,baltic sea,4: baltic sea,
4,baltic sea,4: baltic sea,
4,baltic sea,4: baltic sea,
4,baltic sea,4: baltic sea,
4,baltic sea,4: baltic sea,
4,baltic sea,4: baltic sea,
4,baltic sea,4: baltic sea,
4,baltic sea,4: baltic sea,
4,baltic sea,4: baltic sea,
4,baltic sea,4: baltic sea,
4,baltic sea,4: baltic sea,
4,baltic sea,4: baltic sea,
4,baltic sea,4: baltic sea,
4,baltic sea,4: baltic sea,
4,baltic sea,4: baltic sea,
4,baltic sea,4: baltic sea,
4,baltic sea,4: baltic sea,
4,baltic sea,4: baltic sea,
4,baltic sea,4: baltic sea,
4,baltic sea,4: baltic sea,
4,baltic sea,4: baltic sea,
4,baltic sea,4: baltic sea,
4,baltic sea,4: baltic sea,
4,baltic sea,4: baltic sea,
4,baltic sea,4: baltic sea,
4,baltic sea,4: baltic sea,
4,baltic sea,4: baltic sea,
4,baltic sea,4: baltic sea,
4,baltic sea,4: baltic sea,
4,baltic sea,4: baltic sea,
4,baltic sea,4: baltic sea,
4,baltic sea,4: baltic sea,
4,baltic sea,4: baltic sea,
4,baltic sea,4: baltic sea,
4,baltic sea,4: baltic sea,
4,baltic sea,4: baltic sea,
4,baltic sea,4: baltic sea,
4,baltic sea,4: baltic sea,
4,baltic sea,4: baltic sea,
4,baltic sea,4: baltic sea,
4,baltic sea,4: baltic sea,
4,baltic sea,4: baltic sea,
4,baltic sea,4: baltic sea,
4,baltic sea,4: baltic sea,
4,baltic sea,4: baltic sea,
4,baltic sea,4: baltic sea,
4,baltic sea,4: baltic sea,
4,baltic sea,4: baltic sea,
4,baltic sea,4: baltic sea,
4,baltic sea,4: baltic sea,
4,baltic sea,4: baltic sea,
4,baltic sea,4: baltic sea,
4,baltic sea,4: baltic sea,
4,baltic sea,4: baltic sea,
4,baltic sea,4: baltic sea,
8,wind turbin,8: wind turbin,
8,wind turbin,8: wind turbin,
8,wind turbin,8: wind turbin,
8,wind turbin,8: wind turbin,
8,wind turbin,8: wind turbin,
8,wind turbin,8: wind turbin,
8,wind turbin,8: wind turbin,
8,wind turbin,8: wind turbin,
8,wind turbin,8: wind turbin,
8,wind turbin,8: wind turbin,
8,wind turbin,8: wind turbin,
8,wind turbin,8: wind turbin,
8,wind turbin,8: wind turbin,
8,wind turbin,8: wind turbin,
8,wind turbin,8: wind turbin,
8,wind turbin,8: wind turbin,
8,wind turbin,8: wind turbin,
8,wind turbin,8: wind turbin,
8,wind turbin,8: wind turbin,
8,wind turbin,8: wind turbin,
8,wind turbin,8: wind turbin,
8,wind turbin,8: wind turbin,
8,wind turbin,8: wind turbin,
8,wind turbin,8: wind turbin,
8,wind turbin,8: wind turbin,
8,wind turbin,8: wind turbin,
8,wind turbin,8: wind turbin,
8,wind turbin,8: wind turbin,
8,wind turbin,8: wind turbin,
8,wind turbin,8: wind turbin,
8,wind turbin,8: wind turbin,
8,wind turbin,8: wind turbin,
8,wind turbin,8: wind turbin,
8,wind turbin,8: wind turbin,
8,wind turbin,8: wind turbin,
8,wind turbin,8: wind turbin,
8,wind turbin,8: wind turbin,
8,wind turbin,8: wind turbin,
8,wind turbin,8: wind turbin,
8,wind turbin,8: wind turbin,
8,wind turbin,8: wind turbin,
8,wind turbin,8: wind turbin,
8,wind turbin,8: wind turbin,
8,wind turbin,8: wind turbin,
8,wind turbin,8: wind turbin,
8,wind turbin,8: wind turbin,
8,wind turbin,8: wind turbin,
8,wind turbin,8: wind turbin,
8,wind turbin,8: wind turbin,
8,wind turbin,8: wind turbin,
8,wind turbin,8: wind turbin,
8,wind turbin,8: wind turbin,
8,wind turbin,8: wind turbin,
8,wind turbin,8: wind turbin,
8,wind turbin,8: wind turbin,
8,wind turbin,8: wind turbin,
8,wind turbin,8: wind turbin,
8,wind turbin,8: wind turbin,
8,wind turbin,8: wind turbin,
8,wind turbin,8: wind turbin,
8,wind turbin,8: wind turbin,
8,wind turbin,8: wind turbin,
8,wind turbin,8: wind turbin,
8,wind turbin,8: wind turbin,
8,wind turbin,8: wind turbin,
8,wind turbin,8: wind turbin,
8,wind turbin,8: wind turbin,
8,wind turbin,8: wind turbin,
8,wind turbin,8: wind turbin,
8,wind turbin,8: wind turbin,
8,wind turbin,8: wind turbin,
8,wind turbin,8: wind turbin,
8,wind turbin,8: wind turbin,
8,wind turbin,8: wind turbin,
8,wind turbin,8: wind turbin,
8,wind turbin,8: wind turbin,
8,wind turbin,8: wind turbin,
8,wind turbin,8: wind turbin,
8,wind turbin,8: wind turbin,
8,wind turbin,8: wind turbin,
8,wind turbin,8: wind turbin,
8,wind turbin,8: wind turbin,
8,wind turbin,8: wind turbin,
8,wind turbin,8: wind turbin,
8,wind turbin,8: wind turbin,
8,wind turbin,8: wind turbin,
8,wind turbin,8: wind turbin,
8,wind turbin,8: wind turbin,
8,wind turbin,8: wind turbin,
8,wind turbin,8: wind turbin,
8,wind turbin,8: wind turbin,
8,wind turbin,8: wind turbin,
8,wind turbin,8: wind turbin,
8,wind turbin,8: wind turbin,
8,wind turbin,8: wind turbin,
8,wind turbin,8: wind turbin,
8,wind turbin,8: wind turbin,
8,wind turbin,8: wind turbin,
8,wind turbin,8: wind turbin,
8,wind turbin,8: wind turbin,
8,wind turbin,8: wind turbin,
8,wind turbin,8: wind turbin,
8,wind turbin,8: wind turbin,
8,wind turbin,8: wind turbin,
8,wind turbin,8: wind turbin,
8,wind turbin,8: wind turbin,
8,wind turbin,8: wind turbin,
8,wind turbin,8: wind turbin,
8,wind turbin,8: wind turbin,
8,wind turbin,8: wind turbin,
8,wind turbin,8: wind turbin,
8,wind turbin,8: wind turbin,
8,wind turbin,8: wind turbin,
8,wind turbin,8: wind turbin,
8,wind turbin,8: wind turbin,
8,wind turbin,8: wind turbin,
8,wind turbin,8: wind turbin,
8,wind turbin,8: wind turbin,
8,wind turbin,8: wind turbin,
8,wind turbin,8: wind turbin,
8,wind turbin,8: wind turbin,
8,wind turbin,8: wind turbin,
8,wind turbin,8: wind turbin,
8,wind turbin,8: wind turbin,
8,wind turbin,8: wind turbin,
8,wind turbin,8: wind turbin,
8,wind turbin,8: wind turbin,
8,wind turbin,8: wind turbin,
8,wind turbin,8: wind turbin,
8,wind turbin,8: wind turbin,
4,baltic sea,4: baltic sea,
4,baltic sea,4: baltic sea,
4,baltic sea,4: baltic sea,
4,baltic sea,4: baltic sea,
4,baltic sea,4: baltic sea,
4,baltic sea,4: baltic sea,
4,baltic sea,4: baltic sea,
4,baltic sea,4: baltic sea,
4,baltic sea,4: baltic sea,
4,baltic sea,4: baltic sea,
4,baltic sea,4: baltic sea,
4,baltic sea,4: baltic sea,
4,baltic sea,4: baltic sea,
4,baltic sea,4: baltic sea,
4,baltic sea,4: baltic sea,
4,baltic sea,4: baltic sea,
4,baltic sea,4: baltic sea,
4,baltic sea,4: baltic sea,
4,baltic sea,4: baltic sea,
4,baltic sea,4: baltic sea,
4,baltic sea,4: baltic sea,
4,baltic sea,4: baltic sea,
4,baltic sea,4: baltic sea,
4,baltic sea,4: baltic sea,
4,baltic sea,4: baltic sea,
4,baltic sea,4: baltic sea,
4,baltic sea,4: baltic sea,
4,baltic sea,4: baltic sea,
4,baltic sea,4: baltic sea,
4,baltic sea,4: baltic sea,
4,baltic sea,4: baltic sea,
4,baltic sea,4: baltic sea,
4,baltic sea,4: baltic sea,
4,baltic sea,4: baltic sea,
4,baltic sea,4: baltic sea,
4,baltic sea,4: baltic sea,
4,baltic sea,4: baltic sea,
4,baltic sea,4: baltic sea,
4,baltic sea,4: baltic sea,
4,baltic sea,4: baltic sea,
4,baltic sea,4: baltic sea,
4,baltic sea,4: baltic sea,
4,baltic sea,4: baltic sea,
4,baltic sea,4: baltic sea,
4,baltic sea,4: baltic sea,
4,baltic sea,4: baltic sea,
4,baltic sea,4: baltic sea,
4,baltic sea,4: baltic sea,
4,baltic sea,4: baltic sea,
4,baltic sea,4: baltic sea,
4,baltic sea,4: baltic sea,
4,baltic sea,4: baltic sea,
4,baltic sea,4: baltic sea,
4,baltic sea,4: baltic sea,
4,baltic sea,4: baltic sea,
4,baltic sea,4: baltic sea,
4,baltic sea,4: baltic sea,
4,baltic sea,4: baltic sea,
4,baltic sea,4: baltic sea,
4,baltic sea,4: baltic sea,
4,baltic sea,4: baltic sea,
4,baltic sea,4: baltic sea,
4,baltic sea,4: baltic sea,
4,baltic sea,4: baltic sea,
4,baltic sea,4: baltic sea,
4,baltic sea,4: baltic sea,
4,baltic sea,4: baltic sea,
4,baltic sea,4: baltic sea,
4,baltic sea,4: baltic sea,
4,baltic sea,4: baltic sea,
4,baltic sea,4: baltic sea,
4,baltic sea,4: baltic sea,
4,baltic sea,4: baltic sea,
4,baltic sea,4: baltic sea,
4,baltic sea,4: baltic sea,
4,baltic sea,4: baltic sea,
4,baltic sea,4: baltic sea,
4,baltic sea,4: baltic sea,
4,baltic sea,4: baltic sea,
4,baltic sea,4: baltic sea,
4,baltic sea,4: baltic sea,
4,baltic sea,4: baltic sea,
4,baltic sea,4: baltic sea,
4,baltic sea,4: baltic sea,
4,baltic sea,4: baltic sea,
4,baltic sea,4: baltic sea,
4,baltic sea,4: baltic sea,
4,baltic sea,4: baltic sea,
4,baltic sea,4: baltic sea,
4,baltic sea,4: baltic sea,
4,baltic sea,4: baltic sea,
4,baltic sea,4: baltic sea,
4,baltic sea,4: baltic sea,
4,baltic sea,4: baltic sea,
4,baltic sea,4: baltic sea,
4,baltic sea,4: baltic sea,
4,baltic sea,4: baltic sea,
4,baltic sea,4: baltic sea,
4,baltic sea,4: baltic sea,
4,baltic sea,4: baltic sea,
4,baltic sea,4: baltic sea,
4,baltic sea,4: baltic sea,
4,baltic sea,4: baltic sea,
4,baltic sea,4: baltic sea,
4,baltic sea,4: baltic sea,
4,baltic sea,4: baltic sea,
4,baltic sea,4: baltic sea,
4,baltic sea,4: baltic sea,
4,baltic sea,4: baltic sea,
4,baltic sea,4: baltic sea,
4,baltic sea,4: baltic sea,
4,baltic sea,4: baltic sea,
4,baltic sea,4: baltic sea,
4,baltic sea,4: baltic sea,
4,baltic sea,4: baltic sea,
4,baltic sea,4: baltic sea,
4,baltic sea,4: baltic sea,
4,baltic sea,4: baltic sea,
4,baltic sea,4: baltic sea,
4,baltic sea,4: baltic sea,
4,baltic sea,4: baltic sea,
4,baltic sea,4: baltic sea,
4,baltic sea,4: baltic sea,
4,baltic sea,4: baltic sea,
4,baltic sea,4: baltic sea,
4,baltic sea,4: baltic sea,
4,baltic sea,4: baltic sea,
4,baltic sea,4: baltic sea,
4,baltic sea,4: baltic sea,
4,baltic sea,4: baltic sea,
4,baltic sea,4: baltic sea,
4,baltic sea,4: baltic sea,
4,baltic sea,4: baltic sea,
4,baltic sea,4: baltic sea,
4,baltic sea,4: baltic sea,
4,baltic sea,4: baltic sea,
4,baltic sea,4: baltic sea,
4,baltic sea,4: baltic sea,
6,energiø bornholm,6: energiø bornholm,
6,energiø bornholm,6: energiø bornholm,
6,energiø bornholm,6: energiø bornholm,
6,energiø bornholm,6: energiø bornholm,
6,energiø bornholm,6: energiø bornholm,
6,energiø bornholm,6: energiø bornholm,
6,energiø bornholm,6: energiø bornholm,
6,energiø bornholm,6: energiø bornholm,
6,energiø bornholm,6: energiø bornholm,
6,energiø bornholm,6: energiø bornholm,
6,energiø bornholm,6: energiø bornholm,
6,energiø bornholm,6: energiø bornholm,
6,energiø bornholm,6: energiø bornholm,
6,energiø bornholm,6: energiø bornholm,
6,energiø bornholm,6: energiø bornholm,
6,energiø bornholm,6: energiø bornholm,
6,energiø bornholm,6: energiø bornholm,
6,energiø bornholm,6: energiø bornholm,
6,energiø bornholm,6: energiø bornholm,
6,energiø bornholm,6: energiø bornholm,
6,energiø bornholm,6: energiø bornholm,
6,energiø bornholm,6: energiø bornholm,
6,energiø bornholm,6: energiø bornholm,
6,energiø bornholm,6: energiø bornholm,
6,energiø bornholm,6: energiø bornholm,
6,energiø bornholm,6: energiø bornholm,
6,energiø bornholm,6: energiø bornholm,
6,energiø bornholm,6: energiø bornholm,
6,energiø bornholm,6: energiø bornholm,
6,energiø bornholm,6: energiø bornholm,
6,energiø bornholm,6: energiø bornholm,
6,energiø bornholm,6: energiø bornholm,
6,energiø bornholm,6: energiø bornholm,
6,energiø bornholm,6: energiø bornholm,
6,energiø bornholm,6: energiø bornholm,
6,energiø bornholm,6: energiø bornholm,
6,energiø bornholm,6: energiø bornholm,
6,energiø bornholm,6: energiø bornholm,
6,energiø bornholm,6: energiø bornholm,
6,energiø bornholm,6: energiø bornholm,
6,energiø bornholm,6: energiø bornholm,
6,energiø bornholm,6: energiø bornholm,
6,energiø bornholm,6: energiø bornholm,
6,energiø bornholm,6: energiø bornholm,
6,energiø bornholm,6: energiø bornholm,
6,energiø bornholm,6: energiø bornholm,
6,energiø bornholm,6: energiø bornholm,
6,energiø bornholm,6: energiø bornholm,
6,energiø bornholm,6: energiø bornholm,
6,energiø bornholm,6: energiø bornholm,
6,energiø bornholm,6: energiø bornholm,
6,energiø bornholm,6: energiø bornholm,
6,energiø bornholm,6: energiø bornholm,
6,energiø bornholm,6: energiø bornholm,
6,energiø bornholm,6: energiø bornholm,
6,energiø bornholm,6: energiø bornholm,
6,energiø bornholm,6: energiø bornholm,
6,energiø bornholm,6: energiø bornholm,
6,energiø bornholm,6: energiø bornholm,
6,energiø bornholm,6: energiø bornholm,
6,energiø bornholm,6: energiø bornholm,
6,energiø bornholm,6: energiø bornholm,
6,energiø bornholm,6: energiø bornholm,
6,energiø bornholm,6: energiø bornholm,
6,energiø bornholm,6: energiø bornholm,
6,energiø bornholm,6: energiø bornholm,
6,energiø bornholm,6: energiø bornholm,
6,energiø bornholm,6: energiø bornholm,
6,energiø bornholm,6: energiø bornholm,
6,energiø bornholm,6: energiø bornholm,
6,energiø bornholm,6: energiø bornholm,
6,energiø bornholm,6: energiø bornholm,
6,energiø bornholm,6: energiø bornholm,
6,energiø bornholm,6: energiø bornholm,
6,energiø bornholm,6: energiø bornholm,
6,energiø bornholm,6: energiø bornholm,
6,energiø bornholm,6: energiø bornholm,
6,energiø bornholm,6: energiø bornholm,
6,energiø bornholm,6: energiø bornholm,
6,energiø bornholm,6: energiø bornholm,
6,energiø bornholm,6: energiø bornholm,
6,energiø bornholm,6: energiø bornholm,
6,energiø bornholm,6: energiø bornholm,
6,energiø bornholm,6: energiø bornholm,
6,energiø bornholm,6: energiø bornholm,
6,energiø bornholm,6: energiø bornholm,
6,energiø bornholm,6: energiø bornholm,
6,energiø bornholm,6: energiø bornholm,
6,energiø bornholm,6: energiø bornholm,
6,energiø bornholm,6: energiø bornholm,
6,energiø bornholm,6: energiø bornholm,
6,energiø bornholm,6: energiø bornholm,
6,energiø bornholm,6: energiø bornholm,
6,energiø bornholm,6: energiø bornholm,
6,energiø bornholm,6: energiø bornholm,
6,energiø bornholm,6: energiø bornholm,
6,energiø bornholm,6: energiø bornholm,
6,energiø bornholm,6: energiø bornholm,
6,energiø bornholm,6: energiø bornholm,
6,energiø bornholm,6: energiø bornholm,
6,energiø bornholm,6: energiø bornholm,
6,energiø bornholm,6: energiø bornholm,
6,energiø bornholm,6: energiø bornholm,
6,energiø bornholm,6: energiø bornholm,
6,energiø bornholm,6: energiø bornholm,
6,energiø bornholm,6: energiø bornholm,
6,energiø bornholm,6: energiø bornholm,
6,energiø bornholm,6: energiø bornholm,
6,energiø bornholm,6: energiø bornholm,
6,energiø bornholm,6: energiø bornholm,
6,energiø bornholm,6: energiø bornholm,
6,energiø bornholm,6: energiø bornholm,
6,energiø bornholm,6: energiø bornholm,
6,energiø bornholm,6: energiø bornholm,
6,energiø bornholm,6: energiø bornholm,
6,energiø bornholm,6: energiø bornholm,
6,energiø bornholm,6: energiø bornholm,
6,energiø bornholm,6: energiø bornholm,
6,energiø bornholm,6: energiø bornholm,
6,energiø bornholm,6: energiø bornholm,
6,energiø bornholm,6: energiø bornholm,
6,energiø bornholm,6: energiø bornholm,
6,energiø bornholm,6: energiø bornholm,
6,energiø bornholm,6: energiø bornholm,
6,energiø bornholm,6: energiø bornholm,
6,energiø bornholm,6: energiø bornholm,
6,energiø bornholm,6: energiø bornholm,
6,energiø bornholm,6: energiø bornholm,
6,energiø bornholm,6: energiø bornholm,
6,energiø bornholm,6: energiø bornholm,
6,energiø bornholm,6: energiø bornholm,
6,energiø bornholm,6: energiø bornholm,
6,energiø bornholm,6: energiø bornholm,
6,energiø bornholm,6: energiø bornholm,
6,energiø bornholm,6: energiø bornholm,
6,energiø bornholm,6: energiø bornholm,
6,energiø bornholm,6: energiø bornholm,
6,energiø bornholm,6: energiø bornholm,
6,energiø bornholm,6: energiø bornholm,
6,energiø bornholm,6: energiø bornholm,
6,energiø bornholm,6: energiø bornholm,
6,energiø bornholm,6: energiø bornholm,
6,energiø bornholm,6: energiø bornholm,
6,energiø bornholm,6: energiø bornholm,
6,energiø bornholm,6: energiø bornholm,
6,energiø bornholm,6: energiø bornholm,
6,energiø bornholm,6: energiø bornholm,
6,energiø bornholm,6: energiø bornholm,
6,energiø bornholm,6: energiø bornholm,
6,energiø bornholm,6: energiø bornholm,
6,energiø bornholm,6: energiø bornholm,
6,energiø bornholm,6: energiø bornholm,
6,energiø bornholm,6: energiø bornholm,
6,energiø bornholm,6: energiø bornholm,
6,energiø bornholm,6: energiø bornholm,
6,energiø bornholm,6: energiø bornholm,
6,energiø bornholm,6: energiø bornholm,
6,energiø bornholm,6: energiø bornholm,
6,energiø bornholm,6: energiø bornholm,
6,energiø bornholm,6: energiø bornholm,
6,energiø bornholm,6: energiø bornholm,
6,energiø bornholm,6: energiø bornholm,
6,energiø bornholm,6: energiø bornholm,
6,energiø bornholm,6: energiø bornholm,
6,energiø bornholm,6: energiø bornholm,
6,energiø bornholm,6: energiø bornholm,
6,energiø bornholm,6: energiø bornholm,
6,energiø bornholm,6: energiø bornholm,
6,energiø bornholm,6: energiø bornholm,
6,energiø bornholm,6: energiø bornholm,
6,energiø bornholm,6: energiø bornholm,
4,baltic sea,4: baltic sea,
4,baltic sea,4: baltic sea,
4,baltic sea,4: baltic sea,
4,baltic sea,4: baltic sea,
4,baltic sea,4: baltic sea,
4,baltic sea,4: baltic sea,
4,baltic sea,4: baltic sea,
4,baltic sea,4: baltic sea,
4,baltic sea,4: baltic sea,
4,baltic sea,4: baltic sea,
4,baltic sea,4: baltic sea,
4,baltic sea,4: baltic sea,
4,baltic sea,4: baltic sea,
4,baltic sea,4: baltic sea,
4,baltic sea,4: baltic sea,
4,baltic sea,4: baltic sea,
4,baltic sea,4: baltic sea,
4,baltic sea,4: baltic sea,
4,baltic sea,4: baltic sea,
4,baltic sea,4: baltic sea,
4,baltic sea,4: baltic sea,
4,baltic sea,4: baltic sea,
4,baltic sea,4: baltic sea,
4,baltic sea,4: baltic sea,
4,baltic sea,4: baltic sea,
4,baltic sea,4: baltic sea,
4,baltic sea,4: baltic sea,
4,baltic sea,4: baltic sea,
4,baltic sea,4: baltic sea,
4,baltic sea,4: baltic sea,
4,baltic sea,4: baltic sea,
4,baltic sea,4: baltic sea,
4,baltic sea,4: baltic sea,
4,baltic sea,4: baltic sea,
4,baltic sea,4: baltic sea,
4,baltic sea,4: baltic sea,
4,baltic sea,4: baltic sea,
4,baltic sea,4: baltic sea,
4,baltic sea,4: baltic sea,
4,baltic sea,4: baltic sea,
4,baltic sea,4: baltic sea,
4,baltic sea,4: baltic sea,
4,baltic sea,4: baltic sea,
4,baltic sea,4: baltic sea,
4,baltic sea,4: baltic sea,
4,baltic sea,4: baltic sea,
4,baltic sea,4: baltic sea,
4,baltic sea,4: baltic sea,
4,baltic sea,4: baltic sea,
4,baltic sea,4: baltic sea,
4,baltic sea,4: baltic sea,
4,baltic sea,4: baltic sea,
4,baltic sea,4: baltic sea,
4,baltic sea,4: baltic sea,
4,baltic sea,4: baltic sea,
4,baltic sea,4: baltic sea,
4,baltic sea,4: baltic sea,
4,baltic sea,4: baltic sea,
4,baltic sea,4: baltic sea,
4,baltic sea,4: baltic sea,
4,baltic sea,4: baltic sea,
4,baltic sea,4: baltic sea,
4,baltic sea,4: baltic sea,
4,baltic sea,4: baltic sea,
4,baltic sea,4: baltic sea,
4,baltic sea,4: baltic sea,
4,baltic sea,4: baltic sea,
4,baltic sea,4: baltic sea,
4,baltic sea,4: baltic sea,
4,baltic sea,4: baltic sea,
4,baltic sea,4: baltic sea,
4,baltic sea,4: baltic sea,
4,baltic sea,4: baltic sea,
4,baltic sea,4: baltic sea,
4,baltic sea,4: baltic sea,
4,baltic sea,4: baltic sea,
4,baltic sea,4: baltic sea,
4,baltic sea,4: baltic sea,
4,baltic sea,4: baltic sea,
4,baltic sea,4: baltic sea,
4,baltic sea,4: baltic sea,
4,baltic sea,4: baltic sea,
4,baltic sea,4: baltic sea,
4,baltic sea,4: baltic sea,
4,baltic sea,4: baltic sea,
4,baltic sea,4: baltic sea,
4,baltic sea,4: baltic sea,
4,baltic sea,4: baltic sea,
4,baltic sea,4: baltic sea,
4,baltic sea,4: baltic sea,
4,baltic sea,4: baltic sea,
4,baltic sea,4: baltic sea,
4,baltic sea,4: baltic sea,
4,baltic sea,4: baltic sea,
4,baltic sea,4: baltic sea,
4,baltic sea,4: baltic sea,
4,baltic sea,4: baltic sea,
4,baltic sea,4: baltic sea,
4,baltic sea,4: baltic sea,
4,baltic sea,4: baltic sea,
4,baltic sea,4: baltic sea,
4,baltic sea,4: baltic sea,
4,baltic sea,4: baltic sea,
4,baltic sea,4: baltic sea,
4,baltic sea,4: baltic sea,
4,baltic sea,4: baltic sea,
4,baltic sea,4: baltic sea,
4,baltic sea,4: baltic sea,
4,baltic sea,4: baltic sea,
4,baltic sea,4: baltic sea,
4,baltic sea,4: baltic sea,
4,baltic sea,4: baltic sea,
4,baltic sea,4: baltic sea,
4,baltic sea,4: baltic sea,
4,baltic sea,4: baltic sea,
4,baltic sea,4: baltic sea,
4,baltic sea,4: baltic sea,
4,baltic sea,4: baltic sea,
4,baltic sea,4: baltic sea,
4,baltic sea,4: baltic sea,
4,baltic sea,4: baltic sea,
4,baltic sea,4: baltic sea,
4,baltic sea,4: baltic sea,
4,baltic sea,4: baltic sea,
4,baltic sea,4: baltic sea,
4,baltic sea,4: baltic sea,
4,baltic sea,4: baltic sea,
4,baltic sea,4: baltic sea,
4,baltic sea,4: baltic sea,
4,baltic sea,4: baltic sea,
4,baltic sea,4: baltic sea,
4,baltic sea,4: baltic sea,
4,baltic sea,4: baltic sea,
4,baltic sea,4: baltic sea,
4,baltic sea,4: baltic sea,
4,baltic sea,4: baltic sea,
4,baltic sea,4: baltic sea,
4,baltic sea,4: baltic sea,
4,baltic sea,4: baltic sea,
4,baltic sea,4: baltic sea,
4,baltic sea,4: baltic sea,
4,baltic sea,4: baltic sea,
4,baltic sea,4: baltic sea,
4,baltic sea,4: baltic sea,
4,baltic sea,4: baltic sea,
4,baltic sea,4: baltic sea,
4,baltic sea,4: baltic sea,
4,baltic sea,4: baltic sea,
4,baltic sea,4: baltic sea,
4,baltic sea,4: baltic sea,
4,baltic sea,4: baltic sea,
4,baltic sea,4: baltic sea,
4,baltic sea,4: baltic sea,
4,baltic sea,4: baltic sea,
4,baltic sea,4: baltic sea,
4,baltic sea,4: baltic sea,
4,baltic sea,4: baltic sea,
4,baltic sea,4: baltic sea,
4,baltic sea,4: baltic sea,
4,baltic sea,4: baltic sea,
4,baltic sea,4: baltic sea,
4,baltic sea,4: baltic sea,
4,baltic sea,4: baltic sea,
4,baltic sea,4: baltic sea,
4,baltic sea,4: baltic sea,
4,baltic sea,4: baltic sea,
4,baltic sea,4: baltic sea,
4,baltic sea,4: baltic sea,
4,baltic sea,4: baltic sea,
4,baltic sea,4: baltic sea,
4,baltic sea,4: baltic sea,
4,baltic sea,4: baltic sea,
4,baltic sea,4: baltic sea,
4,baltic sea,4: baltic sea,
4,baltic sea,4: baltic sea,
4,baltic sea,4: baltic sea,
4,baltic sea,4: baltic sea,
4,baltic sea,4: baltic sea,
4,baltic sea,4: baltic sea,
4,baltic sea,4: baltic sea,
4,baltic sea,4: baltic sea,
4,baltic sea,4: baltic sea,
4,baltic sea,4: baltic sea,
4,baltic sea,4: baltic sea,
4,baltic sea,4: baltic sea,
4,baltic sea,4: baltic sea,
4,baltic sea,4: baltic sea,
4,baltic sea,4: baltic sea,
4,baltic sea,4: baltic sea,
4,baltic sea,4: baltic sea,
4,baltic sea,4: baltic sea,
4,baltic sea,4: baltic sea,
4,baltic sea,4: baltic sea,
4,baltic sea,4: baltic sea,
4,baltic sea,4: baltic sea,
4,baltic sea,4: baltic sea,
4,baltic sea,4: baltic sea,
4,baltic sea,4: baltic sea,
4,baltic sea,4: baltic sea,
4,baltic sea,4: baltic sea,
4,baltic sea,4: baltic sea,
4,baltic sea,4: baltic sea,
4,baltic sea,4: baltic sea,
4,baltic sea,4: baltic sea,
4,baltic sea,4: baltic sea,
4,baltic sea,4: baltic sea,
4,baltic sea,4: baltic sea,
4,baltic sea,4: baltic sea,
4,baltic sea,4: baltic sea,
4,baltic sea,4: baltic sea,
4,baltic sea,4: baltic sea,
4,baltic sea,4: baltic sea,
4,baltic sea,4: baltic sea,
4,baltic sea,4: baltic sea,
4,baltic sea,4: baltic sea,
4,baltic sea,4: baltic sea,
4,baltic sea,4: baltic sea,
4,baltic sea,4: baltic sea,
4,baltic sea,4: baltic sea,
4,baltic sea,4: baltic sea,
4,baltic sea,4: baltic sea,
4,baltic sea,4: baltic sea,
4,baltic sea,4: baltic sea,
4,baltic sea,4: baltic sea,
4,baltic sea,4: baltic sea,
4,baltic sea,4: baltic sea,
4,baltic sea,4: baltic sea,
4,baltic sea,4: baltic sea,
4,baltic sea,4: baltic sea,
4,baltic sea,4: baltic sea,
4,baltic sea,4: baltic sea,
4,baltic sea,4: baltic sea,
4,baltic sea,4: baltic sea,
4,baltic sea,4: baltic sea,
4,baltic sea,4: baltic sea,
4,baltic sea,4: baltic sea,
4,baltic sea,4: baltic sea,
4,baltic sea,4: baltic sea,
4,baltic sea,4: baltic sea,
4,baltic sea,4: baltic sea,
4,baltic sea,4: baltic sea,
4,baltic sea,4: baltic sea,
4,baltic sea,4: baltic sea,
4,baltic sea,4: baltic sea,
4,baltic sea,4: baltic sea,
4,baltic sea,4: baltic sea,
4,baltic sea,4: baltic sea,
4,baltic sea,4: baltic sea,
4,baltic sea,4: baltic sea,
4,baltic sea,4: baltic sea,
4,baltic sea,4: baltic sea,
4,baltic sea,4: baltic sea,
4,baltic sea,4: baltic sea,
4,baltic sea,4: baltic sea,
4,baltic sea,4: baltic sea,
4,baltic sea,4: baltic sea,
4,baltic sea,4: baltic sea,
4,baltic sea,4: baltic sea,
4,baltic sea,4: baltic sea,
4,baltic sea,4: baltic sea,
4,baltic sea,4: baltic sea,
4,baltic sea,4: baltic sea,
4,baltic sea,4: baltic sea,
4,baltic sea,4: baltic sea,
4,baltic sea,4: baltic sea,
4,baltic sea,4: baltic sea,
4,baltic sea,4: baltic sea,
4,baltic sea,4: baltic sea,
4,baltic sea,4: baltic sea,
4,baltic sea,4: baltic sea,
4,baltic sea,4: baltic sea,
4,baltic sea,4: baltic sea,
4,baltic sea,4: baltic sea,
4,baltic sea,4: baltic sea,
4,baltic sea,4: baltic sea,
4,baltic sea,4: baltic sea,
0,energi island,0: energi island,
0,energi island,0: energi island,
0,energi island,0: energi island,
0,energi island,0: energi island,
0,energi island,0: energi island,
0,energi island,0: energi island,
0,energi island,0: energi island,
0,energi island,0: energi island,
0,energi island,0: energi island,
0,energi island,0: energi island,
0,energi island,0: energi island,
0,energi island,0: energi island,
0,energi island,0: energi island,
0,energi island,0: energi island,
0,energi island,0: energi island,
0,energi island,0: energi island,
0,energi island,0: energi island,
0,energi island,0: energi island,
0,energi island,0: energi island,
0,energi island,0: energi island,
0,energi island,0: energi island,
0,energi island,0: energi island,
0,energi island,0: energi island,
0,energi island,0: energi island,
0,energi island,0: energi island,
0,energi island,0: energi island,
0,energi island,0: energi island,
0,energi island,0: energi island,
0,energi island,0: energi island,
0,energi island,0: energi island,
0,energi island,0: energi island,
0,energi island,0: energi island,
0,energi island,0: energi island,
0,energi island,0: energi island,
0,energi island,0: energi island,
0,energi island,0: energi island,
0,energi island,0: energi island,
0,energi island,0: energi island,
0,energi island,0: energi island,
0,energi island,0: energi island,
0,energi island,0: energi island,
0,energi island,0: energi island,
0,energi island,0: energi island,
0,energi island,0: energi island,
0,energi island,0: energi island,
0,energi island,0: energi island,
0,energi island,0: energi island,
0,energi island,0: energi island,
0,energi island,0: energi island,
0,energi island,0: energi island,
0,energi island,0: energi island,
0,energi island,0: energi island,
0,energi island,0: energi island,
0,energi island,0: energi island,
0,energi island,0: energi island,
0,energi island,0: energi island,
0,energi island,0: energi island,
0,energi island,0: energi island,
0,energi island,0: energi island,
0,energi island,0: energi island,
0,energi island,0: energi island,
0,energi island,0: energi island,
0,energi island,0: energi island,
0,energi island,0: energi island,
0,energi island,0: energi island,
0,energi island,0: energi island,
0,energi island,0: energi island,
0,energi island,0: energi island,
0,energi island,0: energi island,
0,energi island,0: energi island,
0,energi island,0: energi island,
0,energi island,0: energi island,
0,energi island,0: energi island,
0,energi island,0: energi island,
0,energi island,0: energi island,
0,energi island,0: energi island,
0,energi island,0: energi island,
0,energi island,0: energi island,
0,energi island,0: energi island,
0,energi island,0: energi island,
0,energi island,0: energi island,
0,energi island,0: energi island,
0,energi island,0: energi island,
0,energi island,0: energi island,
0,energi island,0: energi island,
0,energi island,0: energi island,
0,energi island,0: energi island,
0,energi island,0: energi island,
0,energi island,0: energi island,
0,energi island,0: energi island,
0,energi island,0: energi island,
0,energi island,0: energi island,
0,energi island,0: energi island,
0,energi island,0: energi island,
0,energi island,0: energi island,
0,energi island,0: energi island,
0,energi island,0: energi island,
0,energi island,0: energi island,
0,energi island,0: energi island,
0,energi island,0: energi island,
0,energi island,0: energi island,
0,energi island,0: energi island,
0,energi island,0: energi island,
0,energi island,0: energi island,
0,energi island,0: energi island,
0,energi island,0: energi island,
0,energi island,0: energi island,
0,energi island,0: energi island,
0,energi island,0: energi island,
0,energi island,0: energi island,
0,energi island,0: energi island,
0,energi island,0: energi island,
0,energi island,0: energi island,
0,energi island,0: energi island,
0,energi island,0: energi island,
0,energi island,0: energi island,
0,energi island,0: energi island,
0,energi island,0: energi island,
0,energi island,0: energi island,
0,energi island,0: energi island,
0,energi island,0: energi island,
0,energi island,0: energi island,
0,energi island,0: energi island,
0,energi island,0: energi island,
0,energi island,0: energi island,
0,energi island,0: energi island,
0,energi island,0: energi island,
0,energi island,0: energi island,
0,energi island,0: energi island,
0,energi island,0: energi island,
0,energi island,0: energi island,
0,energi island,0: energi island,
0,energi island,0: energi island,
0,energi island,0: energi island,
0,energi island,0: energi island,
0,energi island,0: energi island,
0,energi island,0: energi island,
0,energi island,0: energi island,
0,energi island,0: energi island,
0,energi island,0: energi island,
0,energi island,0: energi island,
0,energi island,0: energi island,
0,energi island,0: energi island,
0,energi island,0: energi island,
0,energi island,0: energi island,
0,energi island,0: energi island,
0,energi island,0: energi island,
0,energi island,0: energi island,
0,energi island,0: energi island,
0,energi island,0: energi island,
0,energi island,0: energi island,
0,energi island,0: energi island,
0,energi island,0: energi island,
0,energi island,0: energi island,
0,energi island,0: energi island,
0,energi island,0: energi island,
0,energi island,0: energi island,
8,wind turbin,8: wind turbin,
8,wind turbin,8: wind turbin,
8,wind turbin,8: wind turbin,
8,wind turbin,8: wind turbin,
8,wind turbin,8: wind turbin,
8,wind turbin,8: wind turbin,
8,wind turbin,8: wind turbin,
8,wind turbin,8: wind turbin,
8,wind turbin,8: wind turbin,
8,wind turbin,8: wind turbin,
8,wind turbin,8: wind turbin,
8,wind turbin,8: wind turbin,
8,wind turbin,8: wind turbin,
8,wind turbin,8: wind turbin,
8,wind turbin,8: wind turbin,
8,wind turbin,8: wind turbin,
8,wind turbin,8: wind turbin,
8,wind turbin,8: wind turbin,
8,wind turbin,8: wind turbin,
8,wind turbin,8: wind turbin,
8,wind turbin,8: wind turbin,
8,wind turbin,8: wind turbin,
8,wind turbin,8: wind turbin,
8,wind turbin,8: wind turbin,
8,wind turbin,8: wind turbin,
8,wind turbin,8: wind turbin,
8,wind turbin,8: wind turbin,
8,wind turbin,8: wind turbin,
8,wind turbin,8: wind turbin,
8,wind turbin,8: wind turbin,
8,wind turbin,8: wind turbin,
8,wind turbin,8: wind turbin,
8,wind turbin,8: wind turbin,
8,wind turbin,8: wind turbin,
8,wind turbin,8: wind turbin,
8,wind turbin,8: wind turbin,
8,wind turbin,8: wind turbin,
8,wind turbin,8: wind turbin,
8,wind turbin,8: wind turbin,
8,wind turbin,8: wind turbin,
8,wind turbin,8: wind turbin,
8,wind turbin,8: wind turbin,
8,wind turbin,8: wind turbin,
8,wind turbin,8: wind turbin,
8,wind turbin,8: wind turbin,
8,wind turbin,8: wind turbin,
8,wind turbin,8: wind turbin,
8,wind turbin,8: wind turbin,
8,wind turbin,8: wind turbin,
8,wind turbin,8: wind turbin,
8,wind turbin,8: wind turbin,
8,wind turbin,8: wind turbin,
8,wind turbin,8: wind turbin,
8,wind turbin,8: wind turbin,
8,wind turbin,8: wind turbin,
8,wind turbin,8: wind turbin,
8,wind turbin,8: wind turbin,
8,wind turbin,8: wind turbin,
8,wind turbin,8: wind turbin,
8,wind turbin,8: wind turbin,
8,wind turbin,8: wind turbin,
8,wind turbin,8: wind turbin,
8,wind turbin,8: wind turbin,
8,wind turbin,8: wind turbin,
8,wind turbin,8: wind turbin,
8,wind turbin,8: wind turbin,
8,wind turbin,8: wind turbin,
8,wind turbin,8: wind turbin,
8,wind turbin,8: wind turbin,
8,wind turbin,8: wind turbin,
8,wind turbin,8: wind turbin,
8,wind turbin,8: wind turbin,
8,wind turbin,8: wind turbin,
8,wind turbin,8: wind turbin,
8,wind turbin,8: wind turbin,
8,wind turbin,8: wind turbin,
8,wind turbin,8: wind turbin,
8,wind turbin,8: wind turbin,
8,wind turbin,8: wind turbin,
8,wind turbin,8: wind turbin,
8,wind turbin,8: wind turbin,
8,wind turbin,8: wind turbin,
8,wind turbin,8: wind turbin,
8,wind turbin,8: wind turbin,
8,wind turbin,8: wind turbin,
8,wind turbin,8: wind turbin,
8,wind turbin,8: wind turbin,
8,wind turbin,8: wind turbin,
8,wind turbin,8: wind turbin,
8,wind turbin,8: wind turbin,
8,wind turbin,8: wind turbin,
8,wind turbin,8: wind turbin,
8,wind turbin,8: wind turbin,
8,wind turbin,8: wind turbin,
8,wind turbin,8: wind turbin,
8,wind turbin,8: wind turbin,
8,wind turbin,8: wind turbin,
8,wind turbin,8: wind turbin,
8,wind turbin,8: wind turbin,
8,wind turbin,8: wind turbin,
8,wind turbin,8: wind turbin,
8,wind turbin,8: wind turbin,
8,wind turbin,8: wind turbin,
8,wind turbin,8: wind turbin,
8,wind turbin,8: wind turbin,
8,wind turbin,8: wind turbin,
8,wind turbin,8: wind turbin,
8,wind turbin,8: wind turbin,
8,wind turbin,8: wind turbin,
8,wind turbin,8: wind turbin,
8,wind turbin,8: wind turbin,
8,wind turbin,8: wind turbin,
8,wind turbin,8: wind turbin,
8,wind turbin,8: wind turbin,
8,wind turbin,8: wind turbin,
8,wind turbin,8: wind turbin,
8,wind turbin,8: wind turbin,
8,wind turbin,8: wind turbin,
8,wind turbin,8: wind turbin,
8,wind turbin,8: wind turbin,
8,wind turbin,8: wind turbin,
8,wind turbin,8: wind turbin,
8,wind turbin,8: wind turbin,
8,wind turbin,8: wind turbin,
8,wind turbin,8: wind turbin,
8,wind turbin,8: wind turbin,
8,wind turbin,8: wind turbin,
8,wind turbin,8: wind turbin,
8,wind turbin,8: wind turbin,
8,wind turbin,8: wind turbin,
0,energi island,0: energi island,
0,energi island,0: energi island,
0,energi island,0: energi island,
0,energi island,0: energi island,
0,energi island,0: energi island,
0,energi island,0: energi island,
0,energi island,0: energi island,
0,energi island,0: energi island,
0,energi island,0: energi island,
0,energi island,0: energi island,
0,energi island,0: energi island,
0,energi island,0: energi island,
0,energi island,0: energi island,
0,energi island,0: energi island,
0,energi island,0: energi island,
0,energi island,0: energi island,
0,energi island,0: energi island,
0,energi island,0: energi island,
0,energi island,0: energi island,
0,energi island,0: energi island,
0,energi island,0: energi island,
0,energi island,0: energi island,
0,energi island,0: energi island,
0,energi island,0: energi island,
0,energi island,0: energi island,
0,energi island,0: energi island,
0,energi island,0: energi island,
0,energi island,0: energi island,
0,energi island,0: energi island,
0,energi island,0: energi island,
0,energi island,0: energi island,
0,energi island,0: energi island,
0,energi island,0: energi island,
0,energi island,0: energi island,
0,energi island,0: energi island,
0,energi island,0: energi island,
0,energi island,0: energi island,
0,energi island,0: energi island,
0,energi island,0: energi island,
0,energi island,0: energi island,
0,energi island,0: energi island,
0,energi island,0: energi island,
0,energi island,0: energi island,
0,energi island,0: energi island,
0,energi island,0: energi island,
0,energi island,0: energi island,
0,energi island,0: energi island,
0,energi island,0: energi island,
0,energi island,0: energi island,
0,energi island,0: energi island,
0,energi island,0: energi island,
0,energi island,0: energi island,
0,energi island,0: energi island,
0,energi island,0: energi island,
0,energi island,0: energi island,
0,energi island,0: energi island,
0,energi island,0: energi island,
0,energi island,0: energi island,
0,energi island,0: energi island,
0,energi island,0: energi island,
0,energi island,0: energi island,
0,energi island,0: energi island,
0,energi island,0: energi island,
0,energi island,0: energi island,
0,energi island,0: energi island,
0,energi island,0: energi island,
0,energi island,0: energi island,
0,energi island,0: energi island,
0,energi island,0: energi island,
0,energi island,0: energi island,
0,energi island,0: energi island,
0,energi island,0: energi island,
0,energi island,0: energi island,
0,energi island,0: energi island,
0,energi island,0: energi island,
0,energi island,0: energi island,
0,energi island,0: energi island,
0,energi island,0: energi island,
0,energi island,0: energi island,
0,energi island,0: energi island,
0,energi island,0: energi island,
0,energi island,0: energi island,
0,energi island,0: energi island,
0,energi island,0: energi island,
0,energi island,0: energi island,
0,energi island,0: energi island,
0,energi island,0: energi island,
0,energi island,0: energi island,
0,energi island,0: energi island,
0,energi island,0: energi island,
0,energi island,0: energi island,
0,energi island,0: energi island,
0,energi island,0: energi island,
0,energi island,0: energi island,
0,energi island,0: energi island,
0,energi island,0: energi island,
0,energi island,0: energi island,
0,energi island,0: energi island,
0,energi island,0: energi island,
0,energi island,0: energi island,
0,energi island,0: energi island,
0,energi island,0: energi island,
0,energi island,0: energi island,
0,energi island,0: energi island,
0,energi island,0: energi island,
0,energi island,0: energi island,
0,energi island,0: energi island,
0,energi island,0: energi island,
0,energi island,0: energi island,
0,energi island,0: energi island,
0,energi island,0: energi island,
0,energi island,0: energi island,
0,energi island,0: energi island,
0,energi island,0: energi island,
0,energi island,0: energi island,
0,energi island,0: energi island,
0,energi island,0: energi island,
0,energi island,0: energi island,
0,energi island,0: energi island,
0,energi island,0: energi island,
0,energi island,0: energi island,
0,energi island,0: energi island,
0,energi island,0: energi island,
0,energi island,0: energi island,
0,energi island,0: energi island,
0,energi island,0: energi island,
0,energi island,0: energi island,
0,energi island,0: energi island,
0,energi island,0: energi island,
0,energi island,0: energi island,
0,energi island,0: energi island,
0,energi island,0: energi island,
0,energi island,0: energi island,
0,energi island,0: energi island,
0,energi island,0: energi island,
0,energi island,0: energi island,
0,energi island,0: energi island,
0,energi island,0: energi island,
0,energi island,0: energi island,
0,energi island,0: energi island,
0,energi island,0: energi island,
0,energi island,0: energi island,
0,energi island,0: energi island,
0,energi island,0: energi island,
0,energi island,0: energi island,
0,energi island,0: energi island,
0,energi island,0: energi island,
0,energi island,0: energi island,
0,energi island,0: energi island,
0,energi island,0: energi island,
0,energi island,0: energi island,
0,energi island,0: energi island,
0,energi island,0: energi island,
0,energi island,0: energi island,
0,energi island,0: energi island,
0,energi island,0: energi island,
0,energi island,0: energi island,
6,energiø bornholm,6: energiø bornholm,
6,energiø bornholm,6: energiø bornholm,
6,energiø bornholm,6: energiø bornholm,
6,energiø bornholm,6: energiø bornholm,
6,energiø bornholm,6: energiø bornholm,
6,energiø bornholm,6: energiø bornholm,
6,energiø bornholm,6: energiø bornholm,
6,energiø bornholm,6: energiø bornholm,
6,energiø bornholm,6: energiø bornholm,
6,energiø bornholm,6: energiø bornholm,
6,energiø bornholm,6: energiø bornholm,
6,energiø bornholm,6: energiø bornholm,
6,energiø bornholm,6: energiø bornholm,
6,energiø bornholm,6: energiø bornholm,
6,energiø bornholm,6: energiø bornholm,
6,energiø bornholm,6: energiø bornholm,
6,energiø bornholm,6: energiø bornholm,
6,energiø bornholm,6: energiø bornholm,
6,energiø bornholm,6: energiø bornholm,
6,energiø bornholm,6: energiø bornholm,
6,energiø bornholm,6: energiø bornholm,
6,energiø bornholm,6: energiø bornholm,
6,energiø bornholm,6: energiø bornholm,
6,energiø bornholm,6: energiø bornholm,
6,energiø bornholm,6: energiø bornholm,
6,energiø bornholm,6: energiø bornholm,
6,energiø bornholm,6: energiø bornholm,
6,energiø bornholm,6: energiø bornholm,
6,energiø bornholm,6: energiø bornholm,
6,energiø bornholm,6: energiø bornholm,
6,energiø bornholm,6: energiø bornholm,
6,energiø bornholm,6: energiø bornholm,
6,energiø bornholm,6: energiø bornholm,
6,energiø bornholm,6: energiø bornholm,
6,energiø bornholm,6: energiø bornholm,
6,energiø bornholm,6: energiø bornholm,
6,energiø bornholm,6: energiø bornholm,
6,energiø bornholm,6: energiø bornholm,
6,energiø bornholm,6: energiø bornholm,
6,energiø bornholm,6: energiø bornholm,
6,energiø bornholm,6: energiø bornholm,
6,energiø bornholm,6: energiø bornholm,
6,energiø bornholm,6: energiø bornholm,
6,energiø bornholm,6: energiø bornholm,
6,energiø bornholm,6: energiø bornholm,
6,energiø bornholm,6: energiø bornholm,
6,energiø bornholm,6: energiø bornholm,
6,energiø bornholm,6: energiø bornholm,
6,energiø bornholm,6: energiø bornholm,
6,energiø bornholm,6: energiø bornholm,
6,energiø bornholm,6: energiø bornholm,
6,energiø bornholm,6: energiø bornholm,
6,energiø bornholm,6: energiø bornholm,
6,energiø bornholm,6: energiø bornholm,
6,energiø bornholm,6: energiø bornholm,
6,energiø bornholm,6: energiø bornholm,
6,energiø bornholm,6: energiø bornholm,
6,energiø bornholm,6: energiø bornholm,
6,energiø bornholm,6: energiø bornholm,
6,energiø bornholm,6: energiø bornholm,
6,energiø bornholm,6: energiø bornholm,
6,energiø bornholm,6: energiø bornholm,
6,energiø bornholm,6: energiø bornholm,
6,energiø bornholm,6: energiø bornholm,
6,energiø bornholm,6: energiø bornholm,
6,energiø bornholm,6: energiø bornholm,
6,energiø bornholm,6: energiø bornholm,
6,energiø bornholm,6: energiø bornholm,
6,energiø bornholm,6: energiø bornholm,
6,energiø bornholm,6: energiø bornholm,
6,energiø bornholm,6: energiø bornholm,
6,energiø bornholm,6: energiø bornholm,
6,energiø bornholm,6: energiø bornholm,
6,energiø bornholm,6: energiø bornholm,
6,energiø bornholm,6: energiø bornholm,
6,energiø bornholm,6: energiø bornholm,
6,energiø bornholm,6: energiø bornholm,
6,energiø bornholm,6: energiø bornholm,
6,energiø bornholm,6: energiø bornholm,
6,energiø bornholm,6: energiø bornholm,
6,energiø bornholm,6: energiø bornholm,
6,energiø bornholm,6: energiø bornholm,
6,energiø bornholm,6: energiø bornholm,
6,energiø bornholm,6: energiø bornholm,
6,energiø bornholm,6: energiø bornholm,
6,energiø bornholm,6: energiø bornholm,
6,energiø bornholm,6: energiø bornholm,
6,energiø bornholm,6: energiø bornholm,
6,energiø bornholm,6: energiø bornholm,
6,energiø bornholm,6: energiø bornholm,
6,energiø bornholm,6: energiø bornholm,
6,energiø bornholm,6: energiø bornholm,
6,energiø bornholm,6: energiø bornholm,
6,energiø bornholm,6: energiø bornholm,
6,energiø bornholm,6: energiø bornholm,
6,energiø bornholm,6: energiø bornholm,
6,energiø bornholm,6: energiø bornholm,
6,energiø bornholm,6: energiø bornholm,
6,energiø bornholm,6: energiø bornholm,
6,energiø bornholm,6: energiø bornholm,
6,energiø bornholm,6: energiø bornholm,
6,energiø bornholm,6: energiø bornholm,
6,energiø bornholm,6: energiø bornholm,
6,energiø bornholm,6: energiø bornholm,
6,energiø bornholm,6: energiø bornholm,
6,energiø bornholm,6: energiø bornholm,
6,energiø bornholm,6: energiø bornholm,
6,energiø bornholm,6: energiø bornholm,
6,energiø bornholm,6: energiø bornholm,
6,energiø bornholm,6: energiø bornholm,
6,energiø bornholm,6: energiø bornholm,
6,energiø bornholm,6: energiø bornholm,
6,energiø bornholm,6: energiø bornholm,
6,energiø bornholm,6: energiø bornholm,
6,energiø bornholm,6: energiø bornholm,
6,energiø bornholm,6: energiø bornholm,
6,energiø bornholm,6: energiø bornholm,
6,energiø bornholm,6: energiø bornholm,
6,energiø bornholm,6: energiø bornholm,
6,energiø bornholm,6: energiø bornholm,
6,energiø bornholm,6: energiø bornholm,
6,energiø bornholm,6: energiø bornholm,
6,energiø bornholm,6: energiø bornholm,
6,energiø bornholm,6: energiø bornholm,
6,energiø bornholm,6: energiø bornholm,
6,energiø bornholm,6: energiø bornholm,
6,energiø bornholm,6: energiø bornholm,
6,energiø bornholm,6: energiø bornholm,
6,energiø bornholm,6: energiø bornholm,
6,energiø bornholm,6: energiø bornholm,
6,energiø bornholm,6: energiø bornholm,
6,energiø bornholm,6: energiø bornholm,
6,energiø bornholm,6: energiø bornholm,
6,energiø bornholm,6: energiø bornholm,
6,energiø bornholm,6: energiø bornholm,
6,energiø bornholm,6: energiø bornholm,
6,energiø bornholm,6: energiø bornholm,
6,energiø bornholm,6: energiø bornholm,
6,energiø bornholm,6: energiø bornholm,
6,energiø bornholm,6: energiø bornholm,
6,energiø bornholm,6: energiø bornholm,
6,energiø bornholm,6: energiø bornholm,
6,energiø bornholm,6: energiø bornholm,
6,energiø bornholm,6: energiø bornholm,
6,energiø bornholm,6: energiø bornholm,
6,energiø bornholm,6: energiø bornholm,
6,energiø bornholm,6: energiø bornholm,
6,energiø bornholm,6: energiø bornholm,
6,energiø bornholm,6: energiø bornholm,
6,energiø bornholm,6: energiø bornholm,
6,energiø bornholm,6: energiø bornholm,
6,energiø bornholm,6: energiø bornholm,
6,energiø bornholm,6: energiø bornholm,
6,energiø bornholm,6: energiø bornholm,
6,energiø bornholm,6: energiø bornholm,
6,energiø bornholm,6: energiø bornholm,
6,energiø bornholm,6: energiø bornholm,
6,energiø bornholm,6: energiø bornholm,
6,energiø bornholm,6: energiø bornholm,
6,energiø bornholm,6: energiø bornholm,
6,energiø bornholm,6: energiø bornholm,
6,energiø bornholm,6: energiø bornholm,
6,energiø bornholm,6: energiø bornholm,
6,energiø bornholm,6: energiø bornholm,
6,energiø bornholm,6: energiø bornholm,
6,energiø bornholm,6: energiø bornholm,
6,energiø bornholm,6: energiø bornholm,
6,energiø bornholm,6: energiø bornholm,
6,energiø bornholm,6: energiø bornholm,
6,energiø bornholm,6: energiø bornholm,
6,energiø bornholm,6: energiø bornholm,
6,energiø bornholm,6: energiø bornholm,
6,energiø bornholm,6: energiø bornholm,
6,energiø bornholm,6: energiø bornholm,
6,energiø bornholm,6: energiø bornholm,
6,energiø bornholm,6: energiø bornholm,
6,energiø bornholm,6: energiø bornholm,
6,energiø bornholm,6: energiø bornholm,
6,energiø bornholm,6: energiø bornholm,
6,energiø bornholm,6: energiø bornholm,
6,energiø bornholm,6: energiø bornholm,
6,energiø bornholm,6: energiø bornholm,
6,energiø bornholm,6: energiø bornholm,
6,energiø bornholm,6: energiø bornholm,
6,energiø bornholm,6: energiø bornholm,
6,energiø bornholm,6: energiø bornholm,
6,energiø bornholm,6: energiø bornholm,
6,energiø bornholm,6: energiø bornholm,
6,energiø bornholm,6: energiø bornholm,
6,energiø bornholm,6: energiø bornholm,
6,energiø bornholm,6: energiø bornholm,
6,energiø bornholm,6: energiø bornholm,
6,energiø bornholm,6: energiø bornholm,
6,energiø bornholm,6: energiø bornholm,
6,energiø bornholm,6: energiø bornholm,
6,energiø bornholm,6: energiø bornholm,
6,energiø bornholm,6: energiø bornholm,
6,energiø bornholm,6: energiø bornholm,
6,energiø bornholm,6: energiø bornholm,
6,energiø bornholm,6: energiø bornholm,
6,energiø bornholm,6: energiø bornholm,
6,energiø bornholm,6: energiø bornholm,
6,energiø bornholm,6: energiø bornholm,
6,energiø bornholm,6: energiø bornholm,
6,energiø bornholm,6: energiø bornholm,
6,energiø bornholm,6: energiø bornholm,
6,energiø bornholm,6: energiø bornholm,
6,energiø bornholm,6: energiø bornholm,
6,energiø bornholm,6: energiø bornholm,
6,energiø bornholm,6: energiø bornholm,
6,energiø bornholm,6: energiø bornholm,
6,energiø bornholm,6: energiø bornholm,
6,energiø bornholm,6: energiø bornholm,
6,energiø bornholm,6: energiø bornholm,
6,energiø bornholm,6: energiø bornholm,
6,energiø bornholm,6: energiø bornholm,
6,energiø bornholm,6: energiø bornholm,
6,energiø bornholm,6: energiø bornholm,
6,energiø bornholm,6: energiø bornholm,
6,energiø bornholm,6: energiø bornholm,
6,energiø bornholm,6: energiø bornholm,
6,energiø bornholm,6: energiø bornholm,
6,energiø bornholm,6: energiø bornholm,
6,energiø bornholm,6: energiø bornholm,
6,energiø bornholm,6: energiø bornholm,
6,energiø bornholm,6: energiø bornholm,
6,energiø bornholm,6: energiø bornholm,
6,energiø bornholm,6: energiø bornholm,
6,energiø bornholm,6: energiø bornholm,
6,energiø bornholm,6: energiø bornholm,
6,energiø bornholm,6: energiø bornholm,
6,energiø bornholm,6: energiø bornholm,
6,energiø bornholm,6: energiø bornholm,
6,energiø bornholm,6: energiø bornholm,
6,energiø bornholm,6: energiø bornholm,
6,energiø bornholm,6: energiø bornholm,
6,energiø bornholm,6: energiø bornholm,
6,energiø bornholm,6: energiø bornholm,
6,energiø bornholm,6: energiø bornholm,
6,energiø bornholm,6: energiø bornholm,
6,energiø bornholm,6: energiø bornholm,
6,energiø bornholm,6: energiø bornholm,
6,energiø bornholm,6: energiø bornholm,
6,energiø bornholm,6: energiø bornholm,
6,energiø bornholm,6: energiø bornholm,
6,energiø bornholm,6: energiø bornholm,
6,energiø bornholm,6: energiø bornholm,
6,energiø bornholm,6: energiø bornholm,
6,energiø bornholm,6: energiø bornholm,
6,energiø bornholm,6: energiø bornholm,
6,energiø bornholm,6: energiø bornholm,
6,energiø bornholm,6: energiø bornholm,
6,energiø bornholm,6: energiø bornholm,
6,energiø bornholm,6: energiø bornholm,
6,energiø bornholm,6: energiø bornholm,
6,energiø bornholm,6: energiø bornholm,
6,energiø bornholm,6: energiø bornholm,
6,energiø bornholm,6: energiø bornholm,
6,energiø bornholm,6: energiø bornholm,
6,energiø bornholm,6: energiø bornholm,
6,energiø bornholm,6: energiø bornholm,
6,energiø bornholm,6: energiø bornholm,
6,energiø bornholm,6: energiø bornholm,
6,energiø bornholm,6: energiø bornholm,
6,energiø bornholm,6: energiø bornholm,
6,energiø bornholm,6: energiø bornholm,
6,energiø bornholm,6: energiø bornholm,
6,energiø bornholm,6: energiø bornholm,
6,energiø bornholm,6: energiø bornholm,
6,energiø bornholm,6: energiø bornholm,
6,energiø bornholm,6: energiø bornholm,
6,energiø bornholm,6: energiø bornholm,
6,energiø bornholm,6: energiø bornholm,
6,energiø bornholm,6: energiø bornholm,
6,energiø bornholm,6: energiø bornholm,
6,energiø bornholm,6: energiø bornholm,
6,energiø bornholm,6: energiø bornholm,
6,energiø bornholm,6: energiø bornholm,
6,energiø bornholm,6: energiø bornholm,
6,energiø bornholm,6: energiø bornholm,
6,energiø bornholm,6: energiø bornholm,
6,energiø bornholm,6: energiø bornholm,
6,energiø bornholm,6: energiø bornholm,
6,energiø bornholm,6: energiø bornholm,
6,energiø bornholm,6: energiø bornholm,
6,energiø bornholm,6: energiø bornholm,
6,energiø bornholm,6: energiø bornholm,
6,energiø bornholm,6: energiø bornholm,
6,energiø bornholm,6: energiø bornholm,
6,energiø bornholm,6: energiø bornholm,
6,energiø bornholm,6: energiø bornholm,
6,energiø bornholm,6: energiø bornholm,
6,energiø bornholm,6: energiø bornholm,
6,energiø bornholm,6: energiø bornholm,
6,energiø bornholm,6: energiø bornholm,
6,energiø bornholm,6: energiø bornholm,
6,energiø bornholm,6: energiø bornholm,
6,energiø bornholm,6: energiø bornholm,
6,energiø bornholm,6: energiø bornholm,
6,energiø bornholm,6: energiø bornholm,
6,energiø bornholm,6: energiø bornholm,
6,energiø bornholm,6: energiø bornholm,
6,energiø bornholm,6: energiø bornholm,
6,energiø bornholm,6: energiø bornholm,
6,energiø bornholm,6: energiø bornholm,
6,energiø bornholm,6: energiø bornholm,
6,energiø bornholm,6: energiø bornholm,
6,energiø bornholm,6: energiø bornholm,
6,energiø bornholm,6: energiø bornholm,
6,energiø bornholm,6: energiø bornholm,
6,energiø bornholm,6: energiø bornholm,
6,energiø bornholm,6: energiø bornholm,
6,energiø bornholm,6: energiø bornholm,
6,energiø bornholm,6: energiø bornholm,
6,energiø bornholm,6: energiø bornholm,
6,energiø bornholm,6: energiø bornholm,
6,energiø bornholm,6: energiø bornholm,
6,energiø bornholm,6: energiø bornholm,
6,energiø bornholm,6: energiø bornholm,
6,energiø bornholm,6: energiø bornholm,
6,energiø bornholm,6: energiø bornholm,
6,energiø bornholm,6: energiø bornholm,
6,energiø bornholm,6: energiø bornholm,
6,energiø bornholm,6: energiø bornholm,
6,energiø bornholm,6: energiø bornholm,
6,energiø bornholm,6: energiø bornholm,
6,energiø bornholm,6: energiø bornholm,
6,energiø bornholm,6: energiø bornholm,
6,energiø bornholm,6: energiø bornholm,
6,energiø bornholm,6: energiø bornholm,
6,energiø bornholm,6: energiø bornholm,
6,energiø bornholm,6: energiø bornholm,
6,energiø bornholm,6: energiø bornholm,
6,energiø bornholm,6: energiø bornholm,
6,energiø bornholm,6: energiø bornholm,
6,energiø bornholm,6: energiø bornholm,
6,energiø bornholm,6: energiø bornholm,
6,energiø bornholm,6: energiø bornholm,
6,energiø bornholm,6: energiø bornholm,
6,energiø bornholm,6: energiø bornholm,
6,energiø bornholm,6: energiø bornholm,
6,energiø bornholm,6: energiø bornholm,
6,energiø bornholm,6: energiø bornholm,
6,energiø bornholm,6: energiø bornholm,
6,energiø bornholm,6: energiø bornholm,
6,energiø bornholm,6: energiø bornholm,
6,energiø bornholm,6: energiø bornholm,
6,energiø bornholm,6: energiø bornholm,
6,energiø bornholm,6: energiø bornholm,
6,energiø bornholm,6: energiø bornholm,
6,energiø bornholm,6: energiø bornholm,
6,energiø bornholm,6: energiø bornholm,
6,energiø bornholm,6: energiø bornholm,
6,energiø bornholm,6: energiø bornholm,
6,energiø bornholm,6: energiø bornholm,
6,energiø bornholm,6: energiø bornholm,
6,energiø bornholm,6: energiø bornholm,
6,energiø bornholm,6: energiø bornholm,
6,energiø bornholm,6: energiø bornholm,
6,energiø bornholm,6: energiø bornholm,
6,energiø bornholm,6: energiø bornholm,
6,energiø bornholm,6: energiø bornholm,
6,energiø bornholm,6: energiø bornholm,
6,energiø bornholm,6: energiø bornholm,
6,energiø bornholm,6: energiø bornholm,
6,energiø bornholm,6: energiø bornholm,
6,energiø bornholm,6: energiø bornholm,
6,energiø bornholm,6: energiø bornholm,
6,energiø bornholm,6: energiø bornholm,
6,energiø bornholm,6: energiø bornholm,
6,energiø bornholm,6: energiø bornholm,
6,energiø bornholm,6: energiø bornholm,
6,energiø bornholm,6: energiø bornholm,
6,energiø bornholm,6: energiø bornholm,
6,energiø bornholm,6: energiø bornholm,
6,energiø bornholm,6: energiø bornholm,
6,energiø bornholm,6: energiø bornholm,
6,energiø bornholm,6: energiø bornholm,
6,energiø bornholm,6: energiø bornholm,
6,energiø bornholm,6: energiø bornholm,
6,energiø bornholm,6: energiø bornholm,
6,energiø bornholm,6: energiø bornholm,
6,energiø bornholm,6: energiø bornholm,
6,energiø bornholm,6: energiø bornholm,
6,energiø bornholm,6: energiø bornholm,
6,energiø bornholm,6: energiø bornholm,
6,energiø bornholm,6: energiø bornholm,
6,energiø bornholm,6: energiø bornholm,
6,energiø bornholm,6: energiø bornholm,
6,energiø bornholm,6: energiø bornholm,
6,energiø bornholm,6: energiø bornholm,
6,energiø bornholm,6: energiø bornholm,
6,energiø bornholm,6: energiø bornholm,
6,energiø bornholm,6: energiø bornholm,
6,energiø bornholm,6: energiø bornholm,
6,energiø bornholm,6: energiø bornholm,
6,energiø bornholm,6: energiø bornholm,
6,energiø bornholm,6: energiø bornholm,
6,energiø bornholm,6: energiø bornholm,
6,energiø bornholm,6: energiø bornholm,
6,energiø bornholm,6: energiø bornholm,
6,energiø bornholm,6: energiø bornholm,
6,energiø bornholm,6: energiø bornholm,
6,energiø bornholm,6: energiø bornholm,
6,energiø bornholm,6: energiø bornholm,
6,energiø bornholm,6: energiø bornholm,
6,energiø bornholm,6: energiø bornholm,
6,energiø bornholm,6: energiø bornholm,
6,energiø bornholm,6: energiø bornholm,
6,energiø bornholm,6: energiø bornholm,
6,energiø bornholm,6: energiø bornholm,
6,energiø bornholm,6: energiø bornholm,
6,energiø bornholm,6: energiø bornholm,
6,energiø bornholm,6: energiø bornholm,
6,energiø bornholm,6: energiø bornholm,
6,energiø bornholm,6: energiø bornholm,
6,energiø bornholm,6: energiø bornholm,
6,energiø bornholm,6: energiø bornholm,
6,energiø bornholm,6: energiø bornholm,
6,energiø bornholm,6: energiø bornholm,
6,energiø bornholm,6: energiø bornholm,
6,energiø bornholm,6: energiø bornholm,
6,energiø bornholm,6: energiø bornholm,
6,energiø bornholm,6: energiø bornholm,
6,energiø bornholm,6: energiø bornholm,
6,energiø bornholm,6: energiø bornholm,
6,energiø bornholm,6: energiø bornholm,
6,energiø bornholm,6: energiø bornholm,
6,energiø bornholm,6: energiø bornholm,
6,energiø bornholm,6: energiø bornholm,
6,energiø bornholm,6: energiø bornholm,
6,energiø bornholm,6: energiø bornholm,
6,energiø bornholm,6: energiø bornholm,
6,energiø bornholm,6: energiø bornholm,
6,energiø bornholm,6: energiø bornholm,
6,energiø bornholm,6: energiø bornholm,
6,energiø bornholm,6: energiø bornholm,
6,energiø bornholm,6: energiø bornholm,
6,energiø bornholm,6: energiø bornholm,
6,energiø bornholm,6: energiø bornholm,
6,energiø bornholm,6: energiø bornholm,
6,energiø bornholm,6: energiø bornholm,
6,energiø bornholm,6: energiø bornholm,
6,energiø bornholm,6: energiø bornholm,
6,energiø bornholm,6: energiø bornholm,
6,energiø bornholm,6: energiø bornholm,
6,energiø bornholm,6: energiø bornholm,
6,energiø bornholm,6: energiø bornholm,
6,energiø bornholm,6: energiø bornholm,
6,energiø bornholm,6: energiø bornholm,
6,energiø bornholm,6: energiø bornholm,
6,energiø bornholm,6: energiø bornholm,
6,energiø bornholm,6: energiø bornholm,
6,energiø bornholm,6: energiø bornholm,
6,energiø bornholm,6: energiø bornholm,
6,energiø bornholm,6: energiø bornholm,
6,energiø bornholm,6: energiø bornholm,
6,energiø bornholm,6: energiø bornholm,
6,energiø bornholm,6: energiø bornholm,
6,energiø bornholm,6: energiø bornholm,
6,energiø bornholm,6: energiø bornholm,
6,energiø bornholm,6: energiø bornholm,
6,energiø bornholm,6: energiø bornholm,
6,energiø bornholm,6: energiø bornholm,
6,energiø bornholm,6: energiø bornholm,
6,energiø bornholm,6: energiø bornholm,
6,energiø bornholm,6: energiø bornholm,
6,energiø bornholm,6: energiø bornholm,
6,energiø bornholm,6: energiø bornholm,
6,energiø bornholm,6: energiø bornholm,
6,energiø bornholm,6: energiø bornholm,
6,energiø bornholm,6: energiø bornholm,
6,energiø bornholm,6: energiø bornholm,
6,energiø bornholm,6: energiø bornholm,
6,energiø bornholm,6: energiø bornholm,
6,energiø bornholm,6: energiø bornholm,
6,energiø bornholm,6: energiø bornholm,
6,energiø bornholm,6: energiø bornholm,
6,energiø bornholm,6: energiø bornholm,
6,energiø bornholm,6: energiø bornholm,
6,energiø bornholm,6: energiø bornholm,
6,energiø bornholm,6: energiø bornholm,
6,energiø bornholm,6: energiø bornholm,
6,energiø bornholm,6: energiø bornholm,
6,energiø bornholm,6: energiø bornholm,
6,energiø bornholm,6: energiø bornholm,
6,energiø bornholm,6: energiø bornholm,
6,energiø bornholm,6: energiø bornholm,
6,energiø bornholm,6: energiø bornholm,
6,energiø bornholm,6: energiø bornholm,
6,energiø bornholm,6: energiø bornholm,
6,energiø bornholm,6: energiø bornholm,
6,energiø bornholm,6: energiø bornholm,
6,energiø bornholm,6: energiø bornholm,
6,energiø bornholm,6: energiø bornholm,
6,energiø bornholm,6: energiø bornholm,
6,energiø bornholm,6: energiø bornholm,
6,energiø bornholm,6: energiø bornholm,
6,energiø bornholm,6: energiø bornholm,
6,energiø bornholm,6: energiø bornholm,
6,energiø bornholm,6: energiø bornholm,
6,energiø bornholm,6: energiø bornholm,
6,energiø bornholm,6: energiø bornholm,
6,energiø bornholm,6: energiø bornholm,
6,energiø bornholm,6: energiø bornholm,
6,energiø bornholm,6: energiø bornholm,
6,energiø bornholm,6: energiø bornholm,
6,energiø bornholm,6: energiø bornholm,
6,energiø bornholm,6: energiø bornholm,
6,energiø bornholm,6: energiø bornholm,
6,energiø bornholm,6: energiø bornholm,
6,energiø bornholm,6: energiø bornholm,
6,energiø bornholm,6: energiø bornholm,
6,energiø bornholm,6: energiø bornholm,
6,energiø bornholm,6: energiø bornholm,
6,energiø bornholm,6: energiø bornholm,
6,energiø bornholm,6: energiø bornholm,
6,energiø bornholm,6: energiø bornholm,
6,energiø bornholm,6: energiø bornholm,
6,energiø bornholm,6: energiø bornholm,
6,energiø bornholm,6: energiø bornholm,
6,energiø bornholm,6: energiø bornholm,
6,energiø bornholm,6: energiø bornholm,
6,energiø bornholm,6: energiø bornholm,
6,energiø bornholm,6: energiø bornholm,
6,energiø bornholm,6: energiø bornholm,
6,energiø bornholm,6: energiø bornholm,
6,energiø bornholm,6: energiø bornholm,
6,energiø bornholm,6: energiø bornholm,
6,energiø bornholm,6: energiø bornholm,
6,energiø bornholm,6: energiø bornholm,
6,energiø bornholm,6: energiø bornholm,
6,energiø bornholm,6: energiø bornholm,
6,energiø bornholm,6: energiø bornholm,
6,energiø bornholm,6: energiø bornholm,
6,energiø bornholm,6: energiø bornholm,
6,energiø bornholm,6: energiø bornholm,
6,energiø bornholm,6: energiø bornholm,
6,energiø bornholm,6: energiø bornholm,
6,energiø bornholm,6: energiø bornholm,
6,energiø bornholm,6: energiø bornholm,
6,energiø bornholm,6: energiø bornholm,
6,energiø bornholm,6: energiø bornholm,
6,energiø bornholm,6: energiø bornholm,
6,energiø bornholm,6: energiø bornholm,
6,energiø bornholm,6: energiø bornholm,
6,energiø bornholm,6: energiø bornholm,
6,energiø bornholm,6: energiø bornholm,
6,energiø bornholm,6: energiø bornholm,
6,energiø bornholm,6: energiø bornholm,
6,energiø bornholm,6: energiø bornholm,
6,energiø bornholm,6: energiø bornholm,
6,energiø bornholm,6: energiø bornholm,
6,energiø bornholm,6: energiø bornholm,
6,energiø bornholm,6: energiø bornholm,
6,energiø bornholm,6: energiø bornholm,
6,energiø bornholm,6: energiø bornholm,
6,energiø bornholm,6: energiø bornholm,
6,energiø bornholm,6: energiø bornholm,
6,energiø bornholm,6: energiø bornholm,
6,energiø bornholm,6: energiø bornholm,
6,energiø bornholm,6: energiø bornholm,
6,energiø bornholm,6: energiø bornholm,
6,energiø bornholm,6: energiø bornholm,
6,energiø bornholm,6: energiø bornholm,
6,energiø bornholm,6: energiø bornholm,
6,energiø bornholm,6: energiø bornholm,
6,energiø bornholm,6: energiø bornholm,
6,energiø bornholm,6: energiø bornholm,
6,energiø bornholm,6: energiø bornholm,
6,energiø bornholm,6: energiø bornholm,
6,energiø bornholm,6: energiø bornholm,
6,energiø bornholm,6: energiø bornholm,
6,energiø bornholm,6: energiø bornholm,
6,energiø bornholm,6: energiø bornholm,
6,energiø bornholm,6: energiø bornholm,
6,energiø bornholm,6: energiø bornholm,
6,energiø bornholm,6: energiø bornholm,
6,energiø bornholm,6: energiø bornholm,
6,energiø bornholm,6: energiø bornholm,
6,energiø bornholm,6: energiø bornholm,
6,energiø bornholm,6: energiø bornholm,
6,energiø bornholm,6: energiø bornholm,
6,energiø bornholm,6: energiø bornholm,
6,energiø bornholm,6: energiø bornholm,
6,energiø bornholm,6: energiø bornholm,
6,energiø bornholm,6: energiø bornholm,
6,energiø bornholm,6: energiø bornholm,
6,energiø bornholm,6: energiø bornholm,
6,energiø bornholm,6: energiø bornholm,
6,energiø bornholm,6: energiø bornholm,
6,energiø bornholm,6: energiø bornholm,
6,energiø bornholm,6: energiø bornholm,
6,energiø bornholm,6: energiø bornholm,
6,energiø bornholm,6: energiø bornholm,
6,energiø bornholm,6: energiø bornholm,
6,energiø bornholm,6: energiø bornholm,
6,energiø bornholm,6: energiø bornholm,
6,energiø bornholm,6: energiø bornholm,
6,energiø bornholm,6: energiø bornholm,
6,energiø bornholm,6: energiø bornholm,
6,energiø bornholm,6: energiø bornholm,
6,energiø bornholm,6: energiø bornholm,
6,energiø bornholm,6: energiø bornholm,
6,energiø bornholm,6: energiø bornholm,
6,energiø bornholm,6: energiø bornholm,
6,energiø bornholm,6: energiø bornholm,
6,energiø bornholm,6: energiø bornholm,
6,energiø bornholm,6: energiø bornholm,
6,energiø bornholm,6: energiø bornholm,
6,energiø bornholm,6: energiø bornholm,
6,energiø bornholm,6: energiø bornholm,
6,energiø bornholm,6: energiø bornholm,
6,energiø bornholm,6: energiø bornholm,
6,energiø bornholm,6: energiø bornholm,
6,energiø bornholm,6: energiø bornholm,
6,energiø bornholm,6: energiø bornholm,
6,energiø bornholm,6: energiø bornholm,
6,energiø bornholm,6: energiø bornholm,
6,energiø bornholm,6: energiø bornholm,
6,energiø bornholm,6: energiø bornholm,
6,energiø bornholm,6: energiø bornholm,
6,energiø bornholm,6: energiø bornholm,
6,energiø bornholm,6: energiø bornholm,
6,energiø bornholm,6: energiø bornholm,
6,energiø bornholm,6: energiø bornholm,
6,energiø bornholm,6: energiø bornholm,
6,energiø bornholm,6: energiø bornholm,
6,energiø bornholm,6: energiø bornholm,
6,energiø bornholm,6: energiø bornholm,
6,energiø bornholm,6: energiø bornholm,
6,energiø bornholm,6: energiø bornholm,
6,energiø bornholm,6: energiø bornholm,
6,energiø bornholm,6: energiø bornholm,
6,energiø bornholm,6: energiø bornholm,
6,energiø bornholm,6: energiø bornholm,
6,energiø bornholm,6: energiø bornholm,
6,energiø bornholm,6: energiø bornholm,
6,energiø bornholm,6: energiø bornholm,
6,energiø bornholm,6: energiø bornholm,
6,energiø bornholm,6: energiø bornholm,
6,energiø bornholm,6: energiø bornholm,
6,energiø bornholm,6: energiø bornholm,
6,energiø bornholm,6: energiø bornholm,
6,energiø bornholm,6: energiø bornholm,
6,energiø bornholm,6: energiø bornholm,
6,energiø bornholm,6: energiø bornholm,
6,energiø bornholm,6: energiø bornholm,
6,energiø bornholm,6: energiø bornholm,
6,energiø bornholm,6: energiø bornholm,
6,energiø bornholm,6: energiø bornholm,
6,energiø bornholm,6: energiø bornholm,
6,energiø bornholm,6: energiø bornholm,
6,energiø bornholm,6: energiø bornholm,
6,energiø bornholm,6: energiø bornholm,
6,energiø bornholm,6: energiø bornholm,
6,energiø bornholm,6: energiø bornholm,
6,energiø bornholm,6: energiø bornholm,
6,energiø bornholm,6: energiø bornholm,
6,energiø bornholm,6: energiø bornholm,
6,energiø bornholm,6: energiø bornholm,
6,energiø bornholm,6: energiø bornholm,
6,energiø bornholm,6: energiø bornholm,
6,energiø bornholm,6: energiø bornholm,
6,energiø bornholm,6: energiø bornholm,
6,energiø bornholm,6: energiø bornholm,
6,energiø bornholm,6: energiø bornholm,
6,energiø bornholm,6: energiø bornholm,
6,energiø bornholm,6: energiø bornholm,
6,energiø bornholm,6: energiø bornholm,
6,energiø bornholm,6: energiø bornholm,
6,energiø bornholm,6: energiø bornholm,
6,energiø bornholm,6: energiø bornholm,
6,energiø bornholm,6: energiø bornholm,
6,energiø bornholm,6: energiø bornholm,
6,energiø bornholm,6: energiø bornholm,
6,energiø bornholm,6: energiø bornholm,
6,energiø bornholm,6: energiø bornholm,
6,energiø bornholm,6: energiø bornholm,
6,energiø bornholm,6: energiø bornholm,
6,energiø bornholm,6: energiø bornholm,
6,energiø bornholm,6: energiø bornholm,
6,energiø bornholm,6: energiø bornholm,
6,energiø bornholm,6: energiø bornholm,
8,wind turbin,8: wind turbin,
8,wind turbin,8: wind turbin,
8,wind turbin,8: wind turbin,
8,wind turbin,8: wind turbin,
8,wind turbin,8: wind turbin,
8,wind turbin,8: wind turbin,
8,wind turbin,8: wind turbin,
8,wind turbin,8: wind turbin,
8,wind turbin,8: wind turbin,
8,wind turbin,8: wind turbin,
8,wind turbin,8: wind turbin,
8,wind turbin,8: wind turbin,
8,wind turbin,8: wind turbin,
8,wind turbin,8: wind turbin,
8,wind turbin,8: wind turbin,
8,wind turbin,8: wind turbin,
8,wind turbin,8: wind turbin,
8,wind turbin,8: wind turbin,
8,wind turbin,8: wind turbin,
8,wind turbin,8: wind turbin,
8,wind turbin,8: wind turbin,
8,wind turbin,8: wind turbin,
8,wind turbin,8: wind turbin,
8,wind turbin,8: wind turbin,
8,wind turbin,8: wind turbin,
8,wind turbin,8: wind turbin,
8,wind turbin,8: wind turbin,
8,wind turbin,8: wind turbin,
8,wind turbin,8: wind turbin,
8,wind turbin,8: wind turbin,
8,wind turbin,8: wind turbin,
8,wind turbin,8: wind turbin,
8,wind turbin,8: wind turbin,
8,wind turbin,8: wind turbin,
8,wind turbin,8: wind turbin,
8,wind turbin,8: wind turbin,
8,wind turbin,8: wind turbin,
8,wind turbin,8: wind turbin,
8,wind turbin,8: wind turbin,
8,wind turbin,8: wind turbin,
8,wind turbin,8: wind turbin,
8,wind turbin,8: wind turbin,
8,wind turbin,8: wind turbin,
8,wind turbin,8: wind turbin,
8,wind turbin,8: wind turbin,
8,wind turbin,8: wind turbin,
8,wind turbin,8: wind turbin,
8,wind turbin,8: wind turbin,
8,wind turbin,8: wind turbin,
8,wind turbin,8: wind turbin,
8,wind turbin,8: wind turbin,
8,wind turbin,8: wind turbin,
8,wind turbin,8: wind turbin,
8,wind turbin,8: wind turbin,
8,wind turbin,8: wind turbin,
8,wind turbin,8: wind turbin,
8,wind turbin,8: wind turbin,
8,wind turbin,8: wind turbin,
8,wind turbin,8: wind turbin,
8,wind turbin,8: wind turbin,
8,wind turbin,8: wind turbin,
8,wind turbin,8: wind turbin,
8,wind turbin,8: wind turbin,
8,wind turbin,8: wind turbin,
8,wind turbin,8: wind turbin,
8,wind turbin,8: wind turbin,
8,wind turbin,8: wind turbin,
8,wind turbin,8: wind turbin,
8,wind turbin,8: wind turbin,
8,wind turbin,8: wind turbin,
8,wind turbin,8: wind turbin,
8,wind turbin,8: wind turbin,
8,wind turbin,8: wind turbin,
8,wind turbin,8: wind turbin,
8,wind turbin,8: wind turbin,
8,wind turbin,8: wind turbin,
8,wind turbin,8: wind turbin,
8,wind turbin,8: wind turbin,
8,wind turbin,8: wind turbin,
8,wind turbin,8: wind turbin,
8,wind turbin,8: wind turbin,
8,wind turbin,8: wind turbin,
8,wind turbin,8: wind turbin,
8,wind turbin,8: wind turbin,
8,wind turbin,8: wind turbin,
8,wind turbin,8: wind turbin,
8,wind turbin,8: wind turbin,
8,wind turbin,8: wind turbin,
8,wind turbin,8: wind turbin,
8,wind turbin,8: wind turbin,
8,wind turbin,8: wind turbin,
8,wind turbin,8: wind turbin,
8,wind turbin,8: wind turbin,
8,wind turbin,8: wind turbin,
8,wind turbin,8: wind turbin,
8,wind turbin,8: wind turbin,
8,wind turbin,8: wind turbin,
8,wind turbin,8: wind turbin,
8,wind turbin,8: wind turbin,
8,wind turbin,8: wind turbin,
8,wind turbin,8: wind turbin,
8,wind turbin,8: wind turbin,
8,wind turbin,8: wind turbin,
8,wind turbin,8: wind turbin,
8,wind turbin,8: wind turbin,
8,wind turbin,8: wind turbin,
8,wind turbin,8: wind turbin,
8,wind turbin,8: wind turbin,
8,wind turbin,8: wind turbin,
8,wind turbin,8: wind turbin,
8,wind turbin,8: wind turbin,
8,wind turbin,8: wind turbin,
8,wind turbin,8: wind turbin,
8,wind turbin,8: wind turbin,
8,wind turbin,8: wind turbin,
8,wind turbin,8: wind turbin,
8,wind turbin,8: wind turbin,
8,wind turbin,8: wind turbin,
8,wind turbin,8: wind turbin,
8,wind turbin,8: wind turbin,
8,wind turbin,8: wind turbin,
8,wind turbin,8: wind turbin,
8,wind turbin,8: wind turbin,
8,wind turbin,8: wind turbin,
8,wind turbin,8: wind turbin,
8,wind turbin,8: wind turbin,
8,wind turbin,8: wind turbin,
8,wind turbin,8: wind turbin,
8,wind turbin,8: wind turbin,
8,wind turbin,8: wind turbin,
2,municip council,2: municip council,
2,municip council,2: municip council,
2,municip council,2: municip council,
2,municip council,2: municip council,
2,municip council,2: municip council,
2,municip council,2: municip council,
2,municip council,2: municip council,
2,municip council,2: municip council,
2,municip council,2: municip council,
2,municip council,2: municip council,
2,municip council,2: municip council,
2,municip council,2: municip council,
2,municip council,2: municip council,
2,municip council,2: municip council,
2,municip council,2: municip council,
2,municip council,2: municip council,
2,municip council,2: municip council,
2,municip council,2: municip council,
2,municip council,2: municip council,
2,municip council,2: municip council,
2,municip council,2: municip council,
2,municip council,2: municip council,
2,municip council,2: municip council,
2,municip council,2: municip council,
2,municip council,2: municip council,
2,municip council,2: municip council,
2,municip council,2: municip council,
2,municip council,2: municip council,
2,municip council,2: municip council,
2,municip council,2: municip council,
2,municip council,2: municip council,
2,municip council,2: municip council,
2,municip council,2: municip council,
2,municip council,2: municip council,
2,municip council,2: municip council,
2,municip council,2: municip council,
2,municip council,2: municip council,
2,municip council,2: municip council,
2,municip council,2: municip council,
2,municip council,2: municip council,
2,municip council,2: municip council,
2,municip council,2: municip council,
2,municip council,2: municip council,
2,municip council,2: municip council,
2,municip council,2: municip council,
2,municip council,2: municip council,
2,municip council,2: municip council,
2,municip council,2: municip council,
2,municip council,2: municip council,
2,municip council,2: municip council,
2,municip council,2: municip council,
2,municip council,2: municip council,
2,municip council,2: municip council,
2,municip council,2: municip council,
2,municip council,2: municip council,
2,municip council,2: municip council,
2,municip council,2: municip council,
2,municip council,2: municip council,
2,municip council,2: municip council,
2,municip council,2: municip council,
2,municip council,2: municip council,
2,municip council,2: municip council,
2,municip council,2: municip council,
2,municip council,2: municip council,
2,municip council,2: municip council,
2,municip council,2: municip council,
2,municip council,2: municip council,
2,municip council,2: municip council,
2,municip council,2: municip council,
2,municip council,2: municip council,
2,municip council,2: municip council,
2,municip council,2: municip council,
2,municip council,2: municip council,
2,municip council,2: municip council,
2,municip council,2: municip council,
2,municip council,2: municip council,
2,municip council,2: municip council,
2,municip council,2: municip council,
2,municip council,2: municip council,
2,municip council,2: municip council,
2,municip council,2: municip council,
2,municip council,2: municip council,
2,municip council,2: municip council,
2,municip council,2: municip council,
2,municip council,2: municip council,
2,municip council,2: municip council,
2,municip council,2: municip council,
2,municip council,2: municip council,
2,municip council,2: municip council,
2,municip council,2: municip council,
2,municip council,2: municip council,
2,municip council,2: municip council,
2,municip council,2: municip council,
2,municip council,2: municip council,
2,municip council,2: municip council,
2,municip council,2: municip council,
2,municip council,2: municip council,
2,municip council,2: municip council,
2,municip council,2: municip council,
2,municip council,2: municip council,
2,municip council,2: municip council,
2,municip council,2: municip council,
2,municip council,2: municip council,
2,municip council,2: municip council,
2,municip council,2: municip council,
2,municip council,2: municip council,
2,municip council,2: municip council,
2,municip council,2: municip council,
2,municip council,2: municip council,
2,municip council,2: municip council,
2,municip council,2: municip council,
2,municip council,2: municip council,
2,municip council,2: municip council,
2,municip council,2: municip council,
2,municip council,2: municip council,
2,municip council,2: municip council,
2,municip council,2: municip council,
2,municip council,2: municip council,
2,municip council,2: municip council,
2,municip council,2: municip council,
2,municip council,2: municip council,
2,municip council,2: municip council,
2,municip council,2: municip council,
2,municip council,2: municip council,
2,municip council,2: municip council,
2,municip council,2: municip council,
2,municip council,2: municip council,
2,municip council,2: municip council,
2,municip council,2: municip council,
2,municip council,2: municip council,
2,municip council,2: municip council,
2,municip council,2: municip council,
2,municip council,2: municip council,
2,municip council,2: municip council,
2,municip council,2: municip council,
2,municip council,2: municip council,
2,municip council,2: municip council,
2,municip council,2: municip council,
2,municip council,2: municip council,
2,municip council,2: municip council,
2,municip council,2: municip council,
2,municip council,2: municip council,
2,municip council,2: municip council,
2,municip council,2: municip council,
2,municip council,2: municip council,
2,municip council,2: municip council,
2,municip council,2: municip council,
2,municip council,2: municip council,
2,municip council,2: municip council,
2,municip council,2: municip council,
2,municip council,2: municip council,
2,municip council,2: municip council,
2,municip council,2: municip council,
2,municip council,2: municip council,
2,municip council,2: municip council,
2,municip council,2: municip council,
8,wind turbin,8: wind turbin,
8,wind turbin,8: wind turbin,
8,wind turbin,8: wind turbin,
8,wind turbin,8: wind turbin,
8,wind turbin,8: wind turbin,
8,wind turbin,8: wind turbin,
8,wind turbin,8: wind turbin,
8,wind turbin,8: wind turbin,
8,wind turbin,8: wind turbin,
8,wind turbin,8: wind turbin,
8,wind turbin,8: wind turbin,
8,wind turbin,8: wind turbin,
8,wind turbin,8: wind turbin,
8,wind turbin,8: wind turbin,
8,wind turbin,8: wind turbin,
8,wind turbin,8: wind turbin,
8,wind turbin,8: wind turbin,
8,wind turbin,8: wind turbin,
8,wind turbin,8: wind turbin,
8,wind turbin,8: wind turbin,
8,wind turbin,8: wind turbin,
8,wind turbin,8: wind turbin,
8,wind turbin,8: wind turbin,
8,wind turbin,8: wind turbin,
8,wind turbin,8: wind turbin,
8,wind turbin,8: wind turbin,
8,wind turbin,8: wind turbin,
8,wind turbin,8: wind turbin,
8,wind turbin,8: wind turbin,
8,wind turbin,8: wind turbin,
8,wind turbin,8: wind turbin,
8,wind turbin,8: wind turbin,
8,wind turbin,8: wind turbin,
8,wind turbin,8: wind turbin,
8,wind turbin,8: wind turbin,
8,wind turbin,8: wind turbin,
8,wind turbin,8: wind turbin,
8,wind turbin,8: wind turbin,
8,wind turbin,8: wind turbin,
8,wind turbin,8: wind turbin,
8,wind turbin,8: wind turbin,
8,wind turbin,8: wind turbin,
8,wind turbin,8: wind turbin,
8,wind turbin,8: wind turbin,
8,wind turbin,8: wind turbin,
8,wind turbin,8: wind turbin,
8,wind turbin,8: wind turbin,
8,wind turbin,8: wind turbin,
8,wind turbin,8: wind turbin,
8,wind turbin,8: wind turbin,
8,wind turbin,8: wind turbin,
8,wind turbin,8: wind turbin,
8,wind turbin,8: wind turbin,
8,wind turbin,8: wind turbin,
8,wind turbin,8: wind turbin,
8,wind turbin,8: wind turbin,
8,wind turbin,8: wind turbin,
8,wind turbin,8: wind turbin,
8,wind turbin,8: wind turbin,
8,wind turbin,8: wind turbin,
8,wind turbin,8: wind turbin,
8,wind turbin,8: wind turbin,
8,wind turbin,8: wind turbin,
8,wind turbin,8: wind turbin,
8,wind turbin,8: wind turbin,
8,wind turbin,8: wind turbin,
8,wind turbin,8: wind turbin,
8,wind turbin,8: wind turbin,
8,wind turbin,8: wind turbin,
8,wind turbin,8: wind turbin,
8,wind turbin,8: wind turbin,
8,wind turbin,8: wind turbin,
8,wind turbin,8: wind turbin,
8,wind turbin,8: wind turbin,
8,wind turbin,8: wind turbin,
8,wind turbin,8: wind turbin,
8,wind turbin,8: wind turbin,
8,wind turbin,8: wind turbin,
8,wind turbin,8: wind turbin,
8,wind turbin,8: wind turbin,
8,wind turbin,8: wind turbin,
8,wind turbin,8: wind turbin,
8,wind turbin,8: wind turbin,
8,wind turbin,8: wind turbin,
8,wind turbin,8: wind turbin,
8,wind turbin,8: wind turbin,
8,wind turbin,8: wind turbin,
8,wind turbin,8: wind turbin,
8,wind turbin,8: wind turbin,
8,wind turbin,8: wind turbin,
8,wind turbin,8: wind turbin,
8,wind turbin,8: wind turbin,
8,wind turbin,8: wind turbin,
8,wind turbin,8: wind turbin,
8,wind turbin,8: wind turbin,
8,wind turbin,8: wind turbin,
8,wind turbin,8: wind turbin,
8,wind turbin,8: wind turbin,
8,wind turbin,8: wind turbin,
8,wind turbin,8: wind turbin,
8,wind turbin,8: wind turbin,
8,wind turbin,8: wind turbin,
8,wind turbin,8: wind turbin,
8,wind turbin,8: wind turbin,
8,wind turbin,8: wind turbin,
8,wind turbin,8: wind turbin,
8,wind turbin,8: wind turbin,
8,wind turbin,8: wind turbin,
8,wind turbin,8: wind turbin,
8,wind turbin,8: wind turbin,
8,wind turbin,8: wind turbin,
8,wind turbin,8: wind turbin,
8,wind turbin,8: wind turbin,
8,wind turbin,8: wind turbin,
8,wind turbin,8: wind turbin,
8,wind turbin,8: wind turbin,
8,wind turbin,8: wind turbin,
8,wind turbin,8: wind turbin,
8,wind turbin,8: wind turbin,
8,wind turbin,8: wind turbin,
8,wind turbin,8: wind turbin,
8,wind turbin,8: wind turbin,
8,wind turbin,8: wind turbin,
8,wind turbin,8: wind turbin,
8,wind turbin,8: wind turbin,
8,wind turbin,8: wind turbin,
8,wind turbin,8: wind turbin,
8,wind turbin,8: wind turbin,
8,wind turbin,8: wind turbin,
8,wind turbin,8: wind turbin,
2,municip council,2: municip council,
2,municip council,2: municip council,
2,municip council,2: municip council,
2,municip council,2: municip council,
2,municip council,2: municip council,
2,municip council,2: municip council,
2,municip council,2: municip council,
2,municip council,2: municip council,
2,municip council,2: municip council,
2,municip council,2: municip council,
2,municip council,2: municip council,
2,municip council,2: municip council,
2,municip council,2: municip council,
2,municip council,2: municip council,
2,municip council,2: municip council,
2,municip council,2: municip council,
2,municip council,2: municip council,
2,municip council,2: municip council,
2,municip council,2: municip council,
2,municip council,2: municip council,
2,municip council,2: municip council,
2,municip council,2: municip council,
2,municip council,2: municip council,
2,municip council,2: municip council,
2,municip council,2: municip council,
2,municip council,2: municip council,
2,municip council,2: municip council,
2,municip council,2: municip council,
2,municip council,2: municip council,
2,municip council,2: municip council,
2,municip council,2: municip council,
2,municip council,2: municip council,
2,municip council,2: municip council,
2,municip council,2: municip council,
2,municip council,2: municip council,
2,municip council,2: municip council,
2,municip council,2: municip council,
2,municip council,2: municip council,
2,municip council,2: municip council,
2,municip council,2: municip council,
2,municip council,2: municip council,
2,municip council,2: municip council,
2,municip council,2: municip council,
2,municip council,2: municip council,
2,municip council,2: municip council,
2,municip council,2: municip council,
2,municip council,2: municip council,
2,municip council,2: municip council,
2,municip council,2: municip council,
2,municip council,2: municip council,
2,municip council,2: municip council,
2,municip council,2: municip council,
2,municip council,2: municip council,
2,municip council,2: municip council,
2,municip council,2: municip council,
2,municip council,2: municip council,
2,municip council,2: municip council,
2,municip council,2: municip council,
2,municip council,2: municip council,
2,municip council,2: municip council,
2,municip council,2: municip council,
2,municip council,2: municip council,
2,municip council,2: municip council,
2,municip council,2: municip council,
2,municip council,2: municip council,
2,municip council,2: municip council,
2,municip council,2: municip council,
2,municip council,2: municip council,
2,municip council,2: municip council,
2,municip council,2: municip council,
2,municip council,2: municip council,
2,municip council,2: municip council,
2,municip council,2: municip council,
2,municip council,2: municip council,
2,municip council,2: municip council,
2,municip council,2: municip council,
2,municip council,2: municip council,
2,municip council,2: municip council,
2,municip council,2: municip council,
2,municip council,2: municip council,
2,municip council,2: municip council,
2,municip council,2: municip council,
2,municip council,2: municip council,
2,municip council,2: municip council,
2,municip council,2: municip council,
2,municip council,2: municip council,
2,municip council,2: municip council,
2,municip council,2: municip council,
2,municip council,2: municip council,
2,municip council,2: municip council,
2,municip council,2: municip council,
2,municip council,2: municip council,
2,municip council,2: municip council,
2,municip council,2: municip council,
2,municip council,2: municip council,
2,municip council,2: municip council,
2,municip council,2: municip council,
2,municip council,2: municip council,
2,municip council,2: municip council,
2,municip council,2: municip council,
2,municip council,2: municip council,
2,municip council,2: municip council,
2,municip council,2: municip council,
2,municip council,2: municip council,
2,municip council,2: municip council,
2,municip council,2: municip council,
2,municip council,2: municip council,
2,municip council,2: municip council,
2,municip council,2: municip council,
2,municip council,2: municip council,
2,municip council,2: municip council,
2,municip council,2: municip council,
2,municip council,2: municip council,
2,municip council,2: municip council,
2,municip council,2: municip council,
2,municip council,2: municip council,
2,municip council,2: municip council,
2,municip council,2: municip council,
2,municip council,2: municip council,
2,municip council,2: municip council,
2,municip council,2: municip council,
2,municip council,2: municip council,
2,municip council,2: municip council,
2,municip council,2: municip council,
2,municip council,2: municip council,
2,municip council,2: municip council,
2,municip council,2: municip council,
2,municip council,2: municip council,
2,municip council,2: municip council,
2,municip council,2: municip council,
2,municip council,2: municip council,
2,municip council,2: municip council,
2,municip council,2: municip council,
2,municip council,2: municip council,
2,municip council,2: municip council,
2,municip council,2: municip council,
2,municip council,2: municip council,
2,municip council,2: municip council,
2,municip council,2: municip council,
2,municip council,2: municip council,
2,municip council,2: municip council,
2,municip council,2: municip council,
2,municip council,2: municip council,
2,municip council,2: municip council,
2,municip council,2: municip council,
2,municip council,2: municip council,
2,municip council,2: municip council,
2,municip council,2: municip council,
2,municip council,2: municip council,
2,municip council,2: municip council,
2,municip council,2: municip council,
2,municip council,2: municip council,
2,municip council,2: municip council,
2,municip council,2: municip council,
2,municip council,2: municip council,
2,municip council,2: municip council,
0,energi island,0: energi island,
0,energi island,0: energi island,
0,energi island,0: energi island,
0,energi island,0: energi island,
0,energi island,0: energi island,
0,energi island,0: energi island,
0,energi island,0: energi island,
0,energi island,0: energi island,
0,energi island,0: energi island,
0,energi island,0: energi island,
0,energi island,0: energi island,
0,energi island,0: energi island,
0,energi island,0: energi island,
0,energi island,0: energi island,
0,energi island,0: energi island,
0,energi island,0: energi island,
0,energi island,0: energi island,
0,energi island,0: energi island,
0,energi island,0: energi island,
0,energi island,0: energi island,
0,energi island,0: energi island,
0,energi island,0: energi island,
0,energi island,0: energi island,
0,energi island,0: energi island,
0,energi island,0: energi island,
0,energi island,0: energi island,
0,energi island,0: energi island,
0,energi island,0: energi island,
0,energi island,0: energi island,
0,energi island,0: energi island,
0,energi island,0: energi island,
0,energi island,0: energi island,
0,energi island,0: energi island,
0,energi island,0: energi island,
0,energi island,0: energi island,
0,energi island,0: energi island,
0,energi island,0: energi island,
0,energi island,0: energi island,
0,energi island,0: energi island,
0,energi island,0: energi island,
0,energi island,0: energi island,
0,energi island,0: energi island,
0,energi island,0: energi island,
0,energi island,0: energi island,
0,energi island,0: energi island,
0,energi island,0: energi island,
0,energi island,0: energi island,
0,energi island,0: energi island,
0,energi island,0: energi island,
0,energi island,0: energi island,
0,energi island,0: energi island,
0,energi island,0: energi island,
0,energi island,0: energi island,
0,energi island,0: energi island,
0,energi island,0: energi island,
0,energi island,0: energi island,
0,energi island,0: energi island,
0,energi island,0: energi island,
0,energi island,0: energi island,
0,energi island,0: energi island,
0,energi island,0: energi island,
0,energi island,0: energi island,
0,energi island,0: energi island,
0,energi island,0: energi island,
0,energi island,0: energi island,
0,energi island,0: energi island,
0,energi island,0: energi island,
0,energi island,0: energi island,
0,energi island,0: energi island,
0,energi island,0: energi island,
0,energi island,0: energi island,
0,energi island,0: energi island,
0,energi island,0: energi island,
0,energi island,0: energi island,
0,energi island,0: energi island,
0,energi island,0: energi island,
0,energi island,0: energi island,
0,energi island,0: energi island,
0,energi island,0: energi island,
0,energi island,0: energi island,
0,energi island,0: energi island,
0,energi island,0: energi island,
0,energi island,0: energi island,
0,energi island,0: energi island,
0,energi island,0: energi island,
0,energi island,0: energi island,
0,energi island,0: energi island,
0,energi island,0: energi island,
0,energi island,0: energi island,
0,energi island,0: energi island,
0,energi island,0: energi island,
0,energi island,0: energi island,
0,energi island,0: energi island,
0,energi island,0: energi island,
0,energi island,0: energi island,
0,energi island,0: energi island,
0,energi island,0: energi island,
0,energi island,0: energi island,
0,energi island,0: energi island,
0,energi island,0: energi island,
0,energi island,0: energi island,
0,energi island,0: energi island,
0,energi island,0: energi island,
0,energi island,0: energi island,
0,energi island,0: energi island,
0,energi island,0: energi island,
0,energi island,0: energi island,
0,energi island,0: energi island,
0,energi island,0: energi island,
0,energi island,0: energi island,
0,energi island,0: energi island,
0,energi island,0: energi island,
0,energi island,0: energi island,
0,energi island,0: energi island,
0,energi island,0: energi island,
0,energi island,0: energi island,
0,energi island,0: energi island,
0,energi island,0: energi island,
0,energi island,0: energi island,
0,energi island,0: energi island,
0,energi island,0: energi island,
0,energi island,0: energi island,
0,energi island,0: energi island,
0,energi island,0: energi island,
0,energi island,0: energi island,
0,energi island,0: energi island,
0,energi island,0: energi island,
0,energi island,0: energi island,
0,energi island,0: energi island,
0,energi island,0: energi island,
0,energi island,0: energi island,
0,energi island,0: energi island,
0,energi island,0: energi island,
0,energi island,0: energi island,
0,energi island,0: energi island,
0,energi island,0: energi island,
0,energi island,0: energi island,
0,energi island,0: energi island,
0,energi island,0: energi island,
0,energi island,0: energi island,
0,energi island,0: energi island,
0,energi island,0: energi island,
0,energi island,0: energi island,
0,energi island,0: energi island,
0,energi island,0: energi island,
0,energi island,0: energi island,
0,energi island,0: energi island,
0,energi island,0: energi island,
0,energi island,0: energi island,
0,energi island,0: energi island,
0,energi island,0: energi island,
0,energi island,0: energi island,
0,energi island,0: energi island,
0,energi island,0: energi island,
0,energi island,0: energi island,
0,energi island,0: energi island,
0,energi island,0: energi island,
2,municip council,2: municip council,
2,municip council,2: municip council,
2,municip council,2: municip council,
2,municip council,2: municip council,
2,municip council,2: municip council,
2,municip council,2: municip council,
2,municip council,2: municip council,
2,municip council,2: municip council,
2,municip council,2: municip council,
2,municip council,2: municip council,
2,municip council,2: municip council,
2,municip council,2: municip council,
2,municip council,2: municip council,
2,municip council,2: municip council,
2,municip council,2: municip council,
2,municip council,2: municip council,
2,municip council,2: municip council,
2,municip council,2: municip council,
2,municip council,2: municip council,
2,municip council,2: municip council,
2,municip council,2: municip council,
2,municip council,2: municip council,
2,municip council,2: municip council,
2,municip council,2: municip council,
2,municip council,2: municip council,
2,municip council,2: municip council,
2,municip council,2: municip council,
2,municip council,2: municip council,
2,municip council,2: municip council,
2,municip council,2: municip council,
2,municip council,2: municip council,
2,municip council,2: municip council,
2,municip council,2: municip council,
2,municip council,2: municip council,
2,municip council,2: municip council,
2,municip council,2: municip council,
2,municip council,2: municip council,
2,municip council,2: municip council,
2,municip council,2: municip council,
2,municip council,2: municip council,
2,municip council,2: municip council,
2,municip council,2: municip council,
2,municip council,2: municip council,
2,municip council,2: municip council,
2,municip council,2: municip council,
2,municip council,2: municip council,
2,municip council,2: municip council,
2,municip council,2: municip council,
2,municip council,2: municip council,
2,municip council,2: municip council,
2,municip council,2: municip council,
2,municip council,2: municip council,
2,municip council,2: municip council,
2,municip council,2: municip council,
2,municip council,2: municip council,
2,municip council,2: municip council,
2,municip council,2: municip council,
2,municip council,2: municip council,
2,municip council,2: municip council,
2,municip council,2: municip council,
2,municip council,2: municip council,
2,municip council,2: municip council,
2,municip council,2: municip council,
2,municip council,2: municip council,
2,municip council,2: municip council,
2,municip council,2: municip council,
2,municip council,2: municip council,
2,municip council,2: municip council,
2,municip council,2: municip council,
2,municip council,2: municip council,
2,municip council,2: municip council,
2,municip council,2: municip council,
2,municip council,2: municip council,
2,municip council,2: municip council,
2,municip council,2: municip council,
2,municip council,2: municip council,
2,municip council,2: municip council,
2,municip council,2: municip council,
2,municip council,2: municip council,
2,municip council,2: municip council,
2,municip council,2: municip council,
2,municip council,2: municip council,
2,municip council,2: municip council,
2,municip council,2: municip council,
2,municip council,2: municip council,
2,municip council,2: municip council,
2,municip council,2: municip council,
2,municip council,2: municip council,
2,municip council,2: municip council,
2,municip council,2: municip council,
2,municip council,2: municip council,
2,municip council,2: municip council,
2,municip council,2: municip council,
2,municip council,2: municip council,
2,municip council,2: municip council,
2,municip council,2: municip council,
2,municip council,2: municip council,
2,municip council,2: municip council,
2,municip council,2: municip council,
2,municip council,2: municip council,
2,municip council,2: municip council,
2,municip council,2: municip council,
2,municip council,2: municip council,
2,municip council,2: municip council,
2,municip council,2: municip council,
2,municip council,2: municip council,
2,municip council,2: municip council,
2,municip council,2: municip council,
2,municip council,2: municip council,
2,municip council,2: municip council,
2,municip council,2: municip council,
2,municip council,2: municip council,
2,municip council,2: municip council,
2,municip council,2: municip council,
2,municip council,2: municip council,
2,municip council,2: municip council,
2,municip council,2: municip council,
2,municip council,2: municip council,
2,municip council,2: municip council,
2,municip council,2: municip council,
2,municip council,2: municip council,
2,municip council,2: municip council,
2,municip council,2: municip council,
2,municip council,2: municip council,
2,municip council,2: municip council,
2,municip council,2: municip council,
2,municip council,2: municip council,
2,municip council,2: municip council,
2,municip council,2: municip council,
2,municip council,2: municip council,
2,municip council,2: municip council,
2,municip council,2: municip council,
2,municip council,2: municip council,
2,municip council,2: municip council,
2,municip council,2: municip council,
2,municip council,2: municip council,
2,municip council,2: municip council,
2,municip council,2: municip council,
2,municip council,2: municip council,
2,municip council,2: municip council,
2,municip council,2: municip council,
2,municip council,2: municip council,
2,municip council,2: municip council,
2,municip council,2: municip council,
2,municip council,2: municip council,
2,municip council,2: municip council,
2,municip council,2: municip council,
2,municip council,2: municip council,
2,municip council,2: municip council,
2,municip council,2: municip council,
2,municip council,2: municip council,
2,municip council,2: municip council,
2,municip council,2: municip council,
2,municip council,2: municip council,
2,municip council,2: municip council,
2,municip council,2: municip council,
2,municip council,2: municip council,
2,municip council,2: municip council,
2,municip council,2: municip council,
2,municip council,2: municip council,
2,municip council,2: municip council,
2,municip council,2: municip council,
2,municip council,2: municip council,
2,municip council,2: municip council,
2,municip council,2: municip council,
2,municip council,2: municip council,
2,municip council,2: municip council,
2,municip council,2: municip council,
2,municip council,2: municip council,
2,municip council,2: municip council,
2,municip council,2: municip council,
2,municip council,2: municip council,
2,municip council,2: municip council,
2,municip council,2: municip council,
2,municip council,2: municip council,
2,municip council,2: municip council,
2,municip council,2: municip council,
2,municip council,2: municip council,
2,municip council,2: municip council,
2,municip council,2: municip council,
2,municip council,2: municip council,
2,municip council,2: municip council,
2,municip council,2: municip council,
2,municip council,2: municip council,
2,municip council,2: municip council,
2,municip council,2: municip council,
2,municip council,2: municip council,
2,municip council,2: municip council,
2,municip council,2: municip council,
2,municip council,2: municip council,
2,municip council,2: municip council,
2,municip council,2: municip council,
2,municip council,2: municip council,
2,municip council,2: municip council,
2,municip council,2: municip council,
2,municip council,2: municip council,
2,municip council,2: municip council,
2,municip council,2: municip council,
2,municip council,2: municip council,
2,municip council,2: municip council,
2,municip council,2: municip council,
2,municip council,2: municip council,
2,municip council,2: municip council,
2,municip council,2: municip council,
2,municip council,2: municip council,
2,municip council,2: municip council,
2,municip council,2: municip council,
2,municip council,2: municip council,
2,municip council,2: municip council,
2,municip council,2: municip council,
2,municip council,2: municip council,
2,municip council,2: municip council,
2,municip council,2: municip council,
2,municip council,2: municip council,
2,municip council,2: municip council,
2,municip council,2: municip council,
2,municip council,2: municip council,
2,municip council,2: municip council,
2,municip council,2: municip council,
2,municip council,2: municip council,
2,municip council,2: municip council,
2,municip council,2: municip council,
2,municip council,2: municip council,
2,municip council,2: municip council,
2,municip council,2: municip council,
2,municip council,2: municip council,
2,municip council,2: municip council,
2,municip council,2: municip council,
2,municip council,2: municip council,
2,municip council,2: municip council,
2,municip council,2: municip council,
2,municip council,2: municip council,
2,municip council,2: municip council,
2,municip council,2: municip council,
2,municip council,2: municip council,
2,municip council,2: municip council,
2,municip council,2: municip council,
2,municip council,2: municip council,
2,municip council,2: municip council,
2,municip council,2: municip council,
2,municip council,2: municip council,
2,municip council,2: municip council,
2,municip council,2: municip council,
2,municip council,2: municip council,
2,municip council,2: municip council,
2,municip council,2: municip council,
2,municip council,2: municip council,
2,municip council,2: municip council,
2,municip council,2: municip council,
2,municip council,2: municip council,
2,municip council,2: municip council,
2,municip council,2: municip council,
2,municip council,2: municip council,
2,municip council,2: municip council,
2,municip council,2: municip council,
2,municip council,2: municip council,
2,municip council,2: municip council,
2,municip council,2: municip council,
2,municip council,2: municip council,
2,municip council,2: municip council,
2,municip council,2: municip council,
2,municip council,2: municip council,
2,municip council,2: municip council,
2,municip council,2: municip council,
2,municip council,2: municip council,
2,municip council,2: municip council,
2,municip council,2: municip council,
2,municip council,2: municip council,
2,municip council,2: municip council,
2,municip council,2: municip council,
2,municip council,2: municip council,
2,municip council,2: municip council,
2,municip council,2: municip council,
2,municip council,2: municip council,
2,municip council,2: municip council,
2,municip council,2: municip council,
2,municip council,2: municip council,
2,municip council,2: municip council,
2,municip council,2: municip council,
2,municip council,2: municip council,
2,municip council,2: municip council,
2,municip council,2: municip council,
2,municip council,2: municip council,
2,municip council,2: municip council,
2,municip council,2: municip council,
2,municip council,2: municip council,
2,municip council,2: municip council,
2,municip council,2: municip council,
2,municip council,2: municip council,
2,municip council,2: municip council,
2,municip council,2: municip council,
2,municip council,2: municip council,
2,municip council,2: municip council,
2,municip council,2: municip council,
2,municip council,2: municip council,
2,municip council,2: municip council,
2,municip council,2: municip council,
2,municip council,2: municip council,
2,municip council,2: municip council,
2,municip council,2: municip council,
2,municip council,2: municip council,
2,municip council,2: municip council,
2,municip council,2: municip council,
2,municip council,2: municip council,
2,municip council,2: municip council,
2,municip council,2: municip council,
2,municip council,2: municip council,
2,municip council,2: municip council,
2,municip council,2: municip council,
2,municip council,2: municip council,
2,municip council,2: municip council,
2,municip council,2: municip council,
8,wind turbin,8: wind turbin,
8,wind turbin,8: wind turbin,
8,wind turbin,8: wind turbin,
8,wind turbin,8: wind turbin,
8,wind turbin,8: wind turbin,
8,wind turbin,8: wind turbin,
8,wind turbin,8: wind turbin,
8,wind turbin,8: wind turbin,
8,wind turbin,8: wind turbin,
8,wind turbin,8: wind turbin,
8,wind turbin,8: wind turbin,
8,wind turbin,8: wind turbin,
8,wind turbin,8: wind turbin,
8,wind turbin,8: wind turbin,
8,wind turbin,8: wind turbin,
8,wind turbin,8: wind turbin,
8,wind turbin,8: wind turbin,
8,wind turbin,8: wind turbin,
8,wind turbin,8: wind turbin,
8,wind turbin,8: wind turbin,
8,wind turbin,8: wind turbin,
8,wind turbin,8: wind turbin,
8,wind turbin,8: wind turbin,
8,wind turbin,8: wind turbin,
8,wind turbin,8: wind turbin,
8,wind turbin,8: wind turbin,
8,wind turbin,8: wind turbin,
8,wind turbin,8: wind turbin,
8,wind turbin,8: wind turbin,
8,wind turbin,8: wind turbin,
8,wind turbin,8: wind turbin,
8,wind turbin,8: wind turbin,
8,wind turbin,8: wind turbin,
8,wind turbin,8: wind turbin,
8,wind turbin,8: wind turbin,
8,wind turbin,8: wind turbin,
8,wind turbin,8: wind turbin,
8,wind turbin,8: wind turbin,
8,wind turbin,8: wind turbin,
8,wind turbin,8: wind turbin,
8,wind turbin,8: wind turbin,
8,wind turbin,8: wind turbin,
8,wind turbin,8: wind turbin,
8,wind turbin,8: wind turbin,
8,wind turbin,8: wind turbin,
8,wind turbin,8: wind turbin,
8,wind turbin,8: wind turbin,
8,wind turbin,8: wind turbin,
8,wind turbin,8: wind turbin,
8,wind turbin,8: wind turbin,
8,wind turbin,8: wind turbin,
8,wind turbin,8: wind turbin,
8,wind turbin,8: wind turbin,
8,wind turbin,8: wind turbin,
8,wind turbin,8: wind turbin,
8,wind turbin,8: wind turbin,
8,wind turbin,8: wind turbin,
8,wind turbin,8: wind turbin,
8,wind turbin,8: wind turbin,
8,wind turbin,8: wind turbin,
8,wind turbin,8: wind turbin,
8,wind turbin,8: wind turbin,
8,wind turbin,8: wind turbin,
8,wind turbin,8: wind turbin,
8,wind turbin,8: wind turbin,
8,wind turbin,8: wind turbin,
8,wind turbin,8: wind turbin,
8,wind turbin,8: wind turbin,
8,wind turbin,8: wind turbin,
8,wind turbin,8: wind turbin,
8,wind turbin,8: wind turbin,
8,wind turbin,8: wind turbin,
8,wind turbin,8: wind turbin,
8,wind turbin,8: wind turbin,
8,wind turbin,8: wind turbin,
8,wind turbin,8: wind turbin,
8,wind turbin,8: wind turbin,
8,wind turbin,8: wind turbin,
8,wind turbin,8: wind turbin,
8,wind turbin,8: wind turbin,
8,wind turbin,8: wind turbin,
8,wind turbin,8: wind turbin,
8,wind turbin,8: wind turbin,
8,wind turbin,8: wind turbin,
8,wind turbin,8: wind turbin,
8,wind turbin,8: wind turbin,
8,wind turbin,8: wind turbin,
8,wind turbin,8: wind turbin,
8,wind turbin,8: wind turbin,
8,wind turbin,8: wind turbin,
8,wind turbin,8: wind turbin,
8,wind turbin,8: wind turbin,
8,wind turbin,8: wind turbin,
8,wind turbin,8: wind turbin,
8,wind turbin,8: wind turbin,
8,wind turbin,8: wind turbin,
8,wind turbin,8: wind turbin,
8,wind turbin,8: wind turbin,
8,wind turbin,8: wind turbin,
8,wind turbin,8: wind turbin,
8,wind turbin,8: wind turbin,
8,wind turbin,8: wind turbin,
8,wind turbin,8: wind turbin,
8,wind turbin,8: wind turbin,
8,wind turbin,8: wind turbin,
8,wind turbin,8: wind turbin,
8,wind turbin,8: wind turbin,
8,wind turbin,8: wind turbin,
8,wind turbin,8: wind turbin,
8,wind turbin,8: wind turbin,
8,wind turbin,8: wind turbin,
8,wind turbin,8: wind turbin,
8,wind turbin,8: wind turbin,
8,wind turbin,8: wind turbin,
8,wind turbin,8: wind turbin,
8,wind turbin,8: wind turbin,
8,wind turbin,8: wind turbin,
8,wind turbin,8: wind turbin,
8,wind turbin,8: wind turbin,
8,wind turbin,8: wind turbin,
8,wind turbin,8: wind turbin,
8,wind turbin,8: wind turbin,
8,wind turbin,8: wind turbin,
8,wind turbin,8: wind turbin,
8,wind turbin,8: wind turbin,
8,wind turbin,8: wind turbin,
8,wind turbin,8: wind turbin,
8,wind turbin,8: wind turbin,
8,wind turbin,8: wind turbin,
8,wind turbin,8: wind turbin,
0,energi island,0: energi island,
0,energi island,0: energi island,
0,energi island,0: energi island,
0,energi island,0: energi island,
0,energi island,0: energi island,
0,energi island,0: energi island,
0,energi island,0: energi island,
0,energi island,0: energi island,
0,energi island,0: energi island,
0,energi island,0: energi island,
0,energi island,0: energi island,
0,energi island,0: energi island,
0,energi island,0: energi island,
0,energi island,0: energi island,
0,energi island,0: energi island,
0,energi island,0: energi island,
0,energi island,0: energi island,
0,energi island,0: energi island,
0,energi island,0: energi island,
0,energi island,0: energi island,
0,energi island,0: energi island,
0,energi island,0: energi island,
0,energi island,0: energi island,
0,energi island,0: energi island,
0,energi island,0: energi island,
0,energi island,0: energi island,
0,energi island,0: energi island,
0,energi island,0: energi island,
0,energi island,0: energi island,
0,energi island,0: energi island,
0,energi island,0: energi island,
0,energi island,0: energi island,
0,energi island,0: energi island,
0,energi island,0: energi island,
0,energi island,0: energi island,
0,energi island,0: energi island,
0,energi island,0: energi island,
0,energi island,0: energi island,
0,energi island,0: energi island,
0,energi island,0: energi island,
0,energi island,0: energi island,
0,energi island,0: energi island,
0,energi island,0: energi island,
0,energi island,0: energi island,
0,energi island,0: energi island,
0,energi island,0: energi island,
0,energi island,0: energi island,
0,energi island,0: energi island,
0,energi island,0: energi island,
0,energi island,0: energi island,
0,energi island,0: energi island,
0,energi island,0: energi island,
0,energi island,0: energi island,
0,energi island,0: energi island,
0,energi island,0: energi island,
0,energi island,0: energi island,
0,energi island,0: energi island,
0,energi island,0: energi island,
0,energi island,0: energi island,
0,energi island,0: energi island,
0,energi island,0: energi island,
0,energi island,0: energi island,
0,energi island,0: energi island,
0,energi island,0: energi island,
0,energi island,0: energi island,
0,energi island,0: energi island,
0,energi island,0: energi island,
0,energi island,0: energi island,
0,energi island,0: energi island,
0,energi island,0: energi island,
0,energi island,0: energi island,
0,energi island,0: energi island,
0,energi island,0: energi island,
0,energi island,0: energi island,
0,energi island,0: energi island,
0,energi island,0: energi island,
0,energi island,0: energi island,
0,energi island,0: energi island,
0,energi island,0: energi island,
0,energi island,0: energi island,
0,energi island,0: energi island,
0,energi island,0: energi island,
0,energi island,0: energi island,
0,energi island,0: energi island,
0,energi island,0: energi island,
0,energi island,0: energi island,
0,energi island,0: energi island,
0,energi island,0: energi island,
0,energi island,0: energi island,
0,energi island,0: energi island,
0,energi island,0: energi island,
0,energi island,0: energi island,
0,energi island,0: energi island,
0,energi island,0: energi island,
0,energi island,0: energi island,
0,energi island,0: energi island,
0,energi island,0: energi island,
0,energi island,0: energi island,
0,energi island,0: energi island,
0,energi island,0: energi island,
0,energi island,0: energi island,
0,energi island,0: energi island,
0,energi island,0: energi island,
0,energi island,0: energi island,
0,energi island,0: energi island,
0,energi island,0: energi island,
0,energi island,0: energi island,
0,energi island,0: energi island,
0,energi island,0: energi island,
0,energi island,0: energi island,
0,energi island,0: energi island,
0,energi island,0: energi island,
0,energi island,0: energi island,
0,energi island,0: energi island,
0,energi island,0: energi island,
0,energi island,0: energi island,
0,energi island,0: energi island,
0,energi island,0: energi island,
0,energi island,0: energi island,
0,energi island,0: energi island,
0,energi island,0: energi island,
0,energi island,0: energi island,
0,energi island,0: energi island,
0,energi island,0: energi island,
0,energi island,0: energi island,
0,energi island,0: energi island,
0,energi island,0: energi island,
0,energi island,0: energi island,
0,energi island,0: energi island,
0,energi island,0: energi island,
0,energi island,0: energi island,
0,energi island,0: energi island,
0,energi island,0: energi island,
0,energi island,0: energi island,
0,energi island,0: energi island,
0,energi island,0: energi island,
0,energi island,0: energi island,
0,energi island,0: energi island,
0,energi island,0: energi island,
0,energi island,0: energi island,
0,energi island,0: energi island,
0,energi island,0: energi island,
0,energi island,0: energi island,
0,energi island,0: energi island,
0,energi island,0: energi island,
0,energi island,0: energi island,
0,energi island,0: energi island,
0,energi island,0: energi island,
0,energi island,0: energi island,
0,energi island,0: energi island,
0,energi island,0: energi island,
0,energi island,0: energi island,
0,energi island,0: energi island,
0,energi island,0: energi island,
0,energi island,0: energi island,
0,energi island,0: energi island,
0,energi island,0: energi island,
2,municip council,2: municip council,
2,municip council,2: municip council,
2,municip council,2: municip council,
2,municip council,2: municip council,
2,municip council,2: municip council,
2,municip council,2: municip council,
2,municip council,2: municip council,
2,municip council,2: municip council,
2,municip council,2: municip council,
2,municip council,2: municip council,
2,municip council,2: municip council,
2,municip council,2: municip council,
2,municip council,2: municip council,
2,municip council,2: municip council,
2,municip council,2: municip council,
2,municip council,2: municip council,
2,municip council,2: municip council,
2,municip council,2: municip council,
2,municip council,2: municip council,
2,municip council,2: municip council,
2,municip council,2: municip council,
2,municip council,2: municip council,
2,municip council,2: municip council,
2,municip council,2: municip council,
2,municip council,2: municip council,
2,municip council,2: municip council,
2,municip council,2: municip council,
2,municip council,2: municip council,
2,municip council,2: municip council,
2,municip council,2: municip council,
2,municip council,2: municip council,
2,municip council,2: municip council,
2,municip council,2: municip council,
2,municip council,2: municip council,
2,municip council,2: municip council,
2,municip council,2: municip council,
2,municip council,2: municip council,
2,municip council,2: municip council,
2,municip council,2: municip council,
2,municip council,2: municip council,
2,municip council,2: municip council,
2,municip council,2: municip council,
2,municip council,2: municip council,
2,municip council,2: municip council,
2,municip council,2: municip council,
2,municip council,2: municip council,
2,municip council,2: municip council,
2,municip council,2: municip council,
2,municip council,2: municip council,
2,municip council,2: municip council,
2,municip council,2: municip council,
2,municip council,2: municip council,
2,municip council,2: municip council,
2,municip council,2: municip council,
2,municip council,2: municip council,
2,municip council,2: municip council,
2,municip council,2: municip council,
2,municip council,2: municip council,
2,municip council,2: municip council,
2,municip council,2: municip council,
2,municip council,2: municip council,
2,municip council,2: municip council,
2,municip council,2: municip council,
2,municip council,2: municip council,
2,municip council,2: municip council,
2,municip council,2: municip council,
2,municip council,2: municip council,
2,municip council,2: municip council,
2,municip council,2: municip council,
2,municip council,2: municip council,
2,municip council,2: municip council,
2,municip council,2: municip council,
2,municip council,2: municip council,
2,municip council,2: municip council,
2,municip council,2: municip council,
2,municip council,2: municip council,
2,municip council,2: municip council,
2,municip council,2: municip council,
2,municip council,2: municip council,
2,municip council,2: municip council,
2,municip council,2: municip council,
2,municip council,2: municip council,
2,municip council,2: municip council,
2,municip council,2: municip council,
2,municip council,2: municip council,
2,municip council,2: municip council,
2,municip council,2: municip council,
2,municip council,2: municip council,
2,municip council,2: municip council,
2,municip council,2: municip council,
2,municip council,2: municip council,
2,municip council,2: municip council,
2,municip council,2: municip council,
2,municip council,2: municip council,
2,municip council,2: municip council,
2,municip council,2: municip council,
2,municip council,2: municip council,
2,municip council,2: municip council,
2,municip council,2: municip council,
2,municip council,2: municip council,
2,municip council,2: municip council,
2,municip council,2: municip council,
2,municip council,2: municip council,
2,municip council,2: municip council,
2,municip council,2: municip council,
2,municip council,2: municip council,
2,municip council,2: municip council,
2,municip council,2: municip council,
2,municip council,2: municip council,
2,municip council,2: municip council,
2,municip council,2: municip council,
2,municip council,2: municip council,
2,municip council,2: municip council,
2,municip council,2: municip council,
2,municip council,2: municip council,
2,municip council,2: municip council,
2,municip council,2: municip council,
2,municip council,2: municip council,
2,municip council,2: municip council,
2,municip council,2: municip council,
2,municip council,2: municip council,
2,municip council,2: municip council,
2,municip council,2: municip council,
2,municip council,2: municip council,
2,municip council,2: municip council,
2,municip council,2: municip council,
2,municip council,2: municip council,
2,municip council,2: municip council,
2,municip council,2: municip council,
2,municip council,2: municip council,
2,municip council,2: municip council,
2,municip council,2: municip council,
2,municip council,2: municip council,
2,municip council,2: municip council,
2,municip council,2: municip council,
2,municip council,2: municip council,
2,municip council,2: municip council,
2,municip council,2: municip council,
2,municip council,2: municip council,
2,municip council,2: municip council,
2,municip council,2: municip council,
2,municip council,2: municip council,
2,municip council,2: municip council,
2,municip council,2: municip council,
2,municip council,2: municip council,
2,municip council,2: municip council,
2,municip council,2: municip council,
2,municip council,2: municip council,
2,municip council,2: municip council,
2,municip council,2: municip council,
2,municip council,2: municip council,
2,municip council,2: municip council,
2,municip council,2: municip council,
2,municip council,2: municip council,
2,municip council,2: municip council,
2,municip council,2: municip council,
2,municip council,2: municip council,
2,municip council,2: municip council,
2,municip council,2: municip council,
2,municip council,2: municip council,
2,municip council,2: municip council,
2,municip council,2: municip council,
2,municip council,2: municip council,
2,municip council,2: municip council,
2,municip council,2: municip council,
2,municip council,2: municip council,
2,municip council,2: municip council,
2,municip council,2: municip council,
2,municip council,2: municip council,
2,municip council,2: municip council,
2,municip council,2: municip council,
2,municip council,2: municip council,
2,municip council,2: municip council,
2,municip council,2: municip council,
2,municip council,2: municip council,
2,municip council,2: municip council,
2,municip council,2: municip council,
2,municip council,2: municip council,
2,municip council,2: municip council,
2,municip council,2: municip council,
2,municip council,2: municip council,
2,municip council,2: municip council,
2,municip council,2: municip council,
2,municip council,2: municip council,
2,municip council,2: municip council,
2,municip council,2: municip council,
2,municip council,2: municip council,
2,municip council,2: municip council,
2,municip council,2: municip council,
2,municip council,2: municip council,
2,municip council,2: municip council,
2,municip council,2: municip council,
2,municip council,2: municip council,
2,municip council,2: municip council,
2,municip council,2: municip council,
2,municip council,2: municip council,
2,municip council,2: municip council,
2,municip council,2: municip council,
2,municip council,2: municip council,
2,municip council,2: municip council,
2,municip council,2: municip council,
2,municip council,2: municip council,
2,municip council,2: municip council,
2,municip council,2: municip council,
2,municip council,2: municip council,
2,municip council,2: municip council,
2,municip council,2: municip council,
2,municip council,2: municip council,
2,municip council,2: municip council,
2,municip council,2: municip council,
2,municip council,2: municip council,
2,municip council,2: municip council,
2,municip council,2: municip council,
2,municip council,2: municip council,
2,municip council,2: municip council,
2,municip council,2: municip council,
2,municip council,2: municip council,
2,municip council,2: municip council,
2,municip council,2: municip council,
2,municip council,2: municip council,
2,municip council,2: municip council,
2,municip council,2: municip council,
2,municip council,2: municip council,
2,municip council,2: municip council,
2,municip council,2: municip council,
2,municip council,2: municip council,
2,municip council,2: municip council,
2,municip council,2: municip council,
2,municip council,2: municip council,
2,municip council,2: municip council,
2,municip council,2: municip council,
2,municip council,2: municip council,
2,municip council,2: municip council,
2,municip council,2: municip council,
2,municip council,2: municip council,
2,municip council,2: municip council,
2,municip council,2: municip council,
2,municip council,2: municip council,
2,municip council,2: municip council,
2,municip council,2: municip council,
2,municip council,2: municip council,
2,municip council,2: municip council,
2,municip council,2: municip council,
2,municip council,2: municip council,
2,municip council,2: municip council,
2,municip council,2: municip council,
2,municip council,2: municip council,
2,municip council,2: municip council,
2,municip council,2: municip council,
2,municip council,2: municip council,
2,municip council,2: municip council,
2,municip council,2: municip council,
2,municip council,2: municip council,
2,municip council,2: municip council,
2,municip council,2: municip council,
2,municip council,2: municip council,
2,municip council,2: municip council,
2,municip council,2: municip council,
2,municip council,2: municip council,
2,municip council,2: municip council,
2,municip council,2: municip council,
2,municip council,2: municip council,
2,municip council,2: municip council,
2,municip council,2: municip council,
2,municip council,2: municip council,
2,municip council,2: municip council,
2,municip council,2: municip council,
2,municip council,2: municip council,
2,municip council,2: municip council,
2,municip council,2: municip council,
2,municip council,2: municip council,
2,municip council,2: municip council,
2,municip council,2: municip council,
2,municip council,2: municip council,
2,municip council,2: municip council,
2,municip council,2: municip council,
2,municip council,2: municip council,
2,municip council,2: municip council,
2,municip council,2: municip council,
2,municip council,2: municip council,
2,municip council,2: municip council,
2,municip council,2: municip council,
2,municip council,2: municip council,
2,municip council,2: municip council,
2,municip council,2: municip council,
2,municip council,2: municip council,
2,municip council,2: municip council,
2,municip council,2: municip council,
2,municip council,2: municip council,
2,municip council,2: municip council,
2,municip council,2: municip council,
2,municip council,2: municip council,
2,municip council,2: municip council,
2,municip council,2: municip council,
2,municip council,2: municip council,
2,municip council,2: municip council,
2,municip council,2: municip council,
2,municip council,2: municip council,
2,municip council,2: municip council,
2,municip council,2: municip council,
2,municip council,2: municip council,
2,municip council,2: municip council,
2,municip council,2: municip council,
2,municip council,2: municip council,
2,municip council,2: municip council,
2,municip council,2: municip council,
2,municip council,2: municip council,
2,municip council,2: municip council,
2,municip council,2: municip council,
2,municip council,2: municip council,
2,municip council,2: municip council,
2,municip council,2: municip council,
8,wind turbin,8: wind turbin,
8,wind turbin,8: wind turbin,
8,wind turbin,8: wind turbin,
8,wind turbin,8: wind turbin,
8,wind turbin,8: wind turbin,
8,wind turbin,8: wind turbin,
8,wind turbin,8: wind turbin,
8,wind turbin,8: wind turbin,
8,wind turbin,8: wind turbin,
8,wind turbin,8: wind turbin,
8,wind turbin,8: wind turbin,
8,wind turbin,8: wind turbin,
8,wind turbin,8: wind turbin,
8,wind turbin,8: wind turbin,
8,wind turbin,8: wind turbin,
8,wind turbin,8: wind turbin,
8,wind turbin,8: wind turbin,
8,wind turbin,8: wind turbin,
8,wind turbin,8: wind turbin,
8,wind turbin,8: wind turbin,
8,wind turbin,8: wind turbin,
8,wind turbin,8: wind turbin,
8,wind turbin,8: wind turbin,
8,wind turbin,8: wind turbin,
8,wind turbin,8: wind turbin,
8,wind turbin,8: wind turbin,
8,wind turbin,8: wind turbin,
8,wind turbin,8: wind turbin,
8,wind turbin,8: wind turbin,
8,wind turbin,8: wind turbin,
8,wind turbin,8: wind turbin,
8,wind turbin,8: wind turbin,
8,wind turbin,8: wind turbin,
8,wind turbin,8: wind turbin,
8,wind turbin,8: wind turbin,
8,wind turbin,8: wind turbin,
8,wind turbin,8: wind turbin,
8,wind turbin,8: wind turbin,
8,wind turbin,8: wind turbin,
8,wind turbin,8: wind turbin,
8,wind turbin,8: wind turbin,
8,wind turbin,8: wind turbin,
8,wind turbin,8: wind turbin,
8,wind turbin,8: wind turbin,
8,wind turbin,8: wind turbin,
8,wind turbin,8: wind turbin,
8,wind turbin,8: wind turbin,
8,wind turbin,8: wind turbin,
8,wind turbin,8: wind turbin,
8,wind turbin,8: wind turbin,
8,wind turbin,8: wind turbin,
8,wind turbin,8: wind turbin,
8,wind turbin,8: wind turbin,
8,wind turbin,8: wind turbin,
8,wind turbin,8: wind turbin,
8,wind turbin,8: wind turbin,
8,wind turbin,8: wind turbin,
8,wind turbin,8: wind turbin,
8,wind turbin,8: wind turbin,
8,wind turbin,8: wind turbin,
8,wind turbin,8: wind turbin,
8,wind turbin,8: wind turbin,
8,wind turbin,8: wind turbin,
8,wind turbin,8: wind turbin,
8,wind turbin,8: wind turbin,
8,wind turbin,8: wind turbin,
8,wind turbin,8: wind turbin,
8,wind turbin,8: wind turbin,
8,wind turbin,8: wind turbin,
8,wind turbin,8: wind turbin,
8,wind turbin,8: wind turbin,
8,wind turbin,8: wind turbin,
8,wind turbin,8: wind turbin,
8,wind turbin,8: wind turbin,
8,wind turbin,8: wind turbin,
8,wind turbin,8: wind turbin,
8,wind turbin,8: wind turbin,
8,wind turbin,8: wind turbin,
8,wind turbin,8: wind turbin,
8,wind turbin,8: wind turbin,
8,wind turbin,8: wind turbin,
8,wind turbin,8: wind turbin,
8,wind turbin,8: wind turbin,
8,wind turbin,8: wind turbin,
8,wind turbin,8: wind turbin,
8,wind turbin,8: wind turbin,
8,wind turbin,8: wind turbin,
8,wind turbin,8: wind turbin,
8,wind turbin,8: wind turbin,
8,wind turbin,8: wind turbin,
8,wind turbin,8: wind turbin,
8,wind turbin,8: wind turbin,
8,wind turbin,8: wind turbin,
8,wind turbin,8: wind turbin,
8,wind turbin,8: wind turbin,
8,wind turbin,8: wind turbin,
8,wind turbin,8: wind turbin,
8,wind turbin,8: wind turbin,
8,wind turbin,8: wind turbin,
8,wind turbin,8: wind turbin,
8,wind turbin,8: wind turbin,
8,wind turbin,8: wind turbin,
8,wind turbin,8: wind turbin,
8,wind turbin,8: wind turbin,
8,wind turbin,8: wind turbin,
8,wind turbin,8: wind turbin,
8,wind turbin,8: wind turbin,
8,wind turbin,8: wind turbin,
8,wind turbin,8: wind turbin,
8,wind turbin,8: wind turbin,
8,wind turbin,8: wind turbin,
8,wind turbin,8: wind turbin,
8,wind turbin,8: wind turbin,
8,wind turbin,8: wind turbin,
8,wind turbin,8: wind turbin,
8,wind turbin,8: wind turbin,
8,wind turbin,8: wind turbin,
8,wind turbin,8: wind turbin,
8,wind turbin,8: wind turbin,
8,wind turbin,8: wind turbin,
8,wind turbin,8: wind turbin,
8,wind turbin,8: wind turbin,
8,wind turbin,8: wind turbin,
8,wind turbin,8: wind turbin,
8,wind turbin,8: wind turbin,
8,wind turbin,8: wind turbin,
8,wind turbin,8: wind turbin,
8,wind turbin,8: wind turbin,
8,wind turbin,8: wind turbin,
8,wind turbin,8: wind turbin,
2,municip council,2: municip council,
2,municip council,2: municip council,
2,municip council,2: municip council,
2,municip council,2: municip council,
2,municip council,2: municip council,
2,municip council,2: municip council,
2,municip council,2: municip council,
2,municip council,2: municip council,
2,municip council,2: municip council,
2,municip council,2: municip council,
2,municip council,2: municip council,
2,municip council,2: municip council,
2,municip council,2: municip council,
2,municip council,2: municip council,
2,municip council,2: municip council,
2,municip council,2: municip council,
2,municip council,2: municip council,
2,municip council,2: municip council,
2,municip council,2: municip council,
2,municip council,2: municip council,
2,municip council,2: municip council,
2,municip council,2: municip council,
2,municip council,2: municip council,
2,municip council,2: municip council,
2,municip council,2: municip council,
2,municip council,2: municip council,
2,municip council,2: municip council,
2,municip council,2: municip council,
2,municip council,2: municip council,
2,municip council,2: municip council,
2,municip council,2: municip council,
2,municip council,2: municip council,
2,municip council,2: municip council,
2,municip council,2: municip council,
2,municip council,2: municip council,
2,municip council,2: municip council,
2,municip council,2: municip council,
2,municip council,2: municip council,
2,municip council,2: municip council,
2,municip council,2: municip council,
2,municip council,2: municip council,
2,municip council,2: municip council,
2,municip council,2: municip council,
2,municip council,2: municip council,
2,municip council,2: municip council,
2,municip council,2: municip council,
2,municip council,2: municip council,
2,municip council,2: municip council,
2,municip council,2: municip council,
2,municip council,2: municip council,
2,municip council,2: municip council,
2,municip council,2: municip council,
2,municip council,2: municip council,
2,municip council,2: municip council,
2,municip council,2: municip council,
2,municip council,2: municip council,
2,municip council,2: municip council,
2,municip council,2: municip council,
2,municip council,2: municip council,
2,municip council,2: municip council,
2,municip council,2: municip council,
2,municip council,2: municip council,
2,municip council,2: municip council,
2,municip council,2: municip council,
2,municip council,2: municip council,
2,municip council,2: municip council,
2,municip council,2: municip council,
2,municip council,2: municip council,
2,municip council,2: municip council,
2,municip council,2: municip council,
2,municip council,2: municip council,
2,municip council,2: municip council,
2,municip council,2: municip council,
2,municip council,2: municip council,
2,municip council,2: municip council,
2,municip council,2: municip council,
2,municip council,2: municip council,
2,municip council,2: municip council,
2,municip council,2: municip council,
2,municip council,2: municip council,
2,municip council,2: municip council,
2,municip council,2: municip council,
2,municip council,2: municip council,
2,municip council,2: municip council,
2,municip council,2: municip council,
2,municip council,2: municip council,
2,municip council,2: municip council,
2,municip council,2: municip council,
2,municip council,2: municip council,
2,municip council,2: municip council,
2,municip council,2: municip council,
2,municip council,2: municip council,
2,municip council,2: municip council,
2,municip council,2: municip council,
2,municip council,2: municip council,
2,municip council,2: municip council,
2,municip council,2: municip council,
2,municip council,2: municip council,
2,municip council,2: municip council,
2,municip council,2: municip council,
2,municip council,2: municip council,
2,municip council,2: municip council,
2,municip council,2: municip council,
2,municip council,2: municip council,
2,municip council,2: municip council,
2,municip council,2: municip council,
2,municip council,2: municip council,
2,municip council,2: municip council,
2,municip council,2: municip council,
2,municip council,2: municip council,
2,municip council,2: municip council,
2,municip council,2: municip council,
2,municip council,2: municip council,
2,municip council,2: municip council,
2,municip council,2: municip council,
2,municip council,2: municip council,
2,municip council,2: municip council,
2,municip council,2: municip council,
2,municip council,2: municip council,
2,municip council,2: municip council,
2,municip council,2: municip council,
2,municip council,2: municip council,
2,municip council,2: municip council,
2,municip council,2: municip council,
2,municip council,2: municip council,
2,municip council,2: municip council,
2,municip council,2: municip council,
2,municip council,2: municip council,
2,municip council,2: municip council,
2,municip council,2: municip council,
2,municip council,2: municip council,
2,municip council,2: municip council,
2,municip council,2: municip council,
2,municip council,2: municip council,
2,municip council,2: municip council,
2,municip council,2: municip council,
2,municip council,2: municip council,
2,municip council,2: municip council,
2,municip council,2: municip council,
2,municip council,2: municip council,
2,municip council,2: municip council,
2,municip council,2: municip council,
2,municip council,2: municip council,
2,municip council,2: municip council,
2,municip council,2: municip council,
2,municip council,2: municip council,
2,municip council,2: municip council,
2,municip council,2: municip council,
2,municip council,2: municip council,
2,municip council,2: municip council,
2,municip council,2: municip council,
2,municip council,2: municip council,
2,municip council,2: municip council,
2,municip council,2: municip council,
2,municip council,2: municip council,
2,municip council,2: municip council,
2,municip council,2: municip council,
2,municip council,2: municip council,
2,municip council,2: municip council,
2,municip council,2: municip council,
2,municip council,2: municip council,
2,municip council,2: municip council,
2,municip council,2: municip council,
2,municip council,2: municip council,
2,municip council,2: municip council,
2,municip council,2: municip council,
2,municip council,2: municip council,
2,municip council,2: municip council,
2,municip council,2: municip council,
2,municip council,2: municip council,
2,municip council,2: municip council,
2,municip council,2: municip council,
2,municip council,2: municip council,
2,municip council,2: municip council,
2,municip council,2: municip council,
2,municip council,2: municip council,
2,municip council,2: municip council,
2,municip council,2: municip council,
2,municip council,2: municip council,
2,municip council,2: municip council,
2,municip council,2: municip council,
2,municip council,2: municip council,
2,municip council,2: municip council,
2,municip council,2: municip council,
2,municip council,2: municip council,
2,municip council,2: municip council,
2,municip council,2: municip council,
2,municip council,2: municip council,
2,municip council,2: municip council,
2,municip council,2: municip council,
2,municip council,2: municip council,
2,municip council,2: municip council,
2,municip council,2: municip council,
2,municip council,2: municip council,
2,municip council,2: municip council,
2,municip council,2: municip council,
2,municip council,2: municip council,
2,municip council,2: municip council,
2,municip council,2: municip council,
2,municip council,2: municip council,
2,municip council,2: municip council,
2,municip council,2: municip council,
2,municip council,2: municip council,
2,municip council,2: municip council,
2,municip council,2: municip council,
2,municip council,2: municip council,
2,municip council,2: municip council,
2,municip council,2: municip council,
2,municip council,2: municip council,
2,municip council,2: municip council,
2,municip council,2: municip council,
2,municip council,2: municip council,
2,municip council,2: municip council,
2,municip council,2: municip council,
2,municip council,2: municip council,
2,municip council,2: municip council,
2,municip council,2: municip council,
2,municip council,2: municip council,
2,municip council,2: municip council,
2,municip council,2: municip council,
2,municip council,2: municip council,
2,municip council,2: municip council,
2,municip council,2: municip council,
2,municip council,2: municip council,
2,municip council,2: municip council,
2,municip council,2: municip council,
2,municip council,2: municip council,
2,municip council,2: municip council,
2,municip council,2: municip council,
2,municip council,2: municip council,
2,municip council,2: municip council,
2,municip council,2: municip council,
2,municip council,2: municip council,
2,municip council,2: municip council,
2,municip council,2: municip council,
2,municip council,2: municip council,
2,municip council,2: municip council,
2,municip council,2: municip council,
2,municip council,2: municip council,
2,municip council,2: municip council,
2,municip council,2: municip council,
2,municip council,2: municip council,
2,municip council,2: municip council,
2,municip council,2: municip council,
2,municip council,2: municip council,
2,municip council,2: municip council,
2,municip council,2: municip council,
2,municip council,2: municip council,
2,municip council,2: municip council,
2,municip council,2: municip council,
2,municip council,2: municip council,
2,municip council,2: municip council,
2,municip council,2: municip council,
2,municip council,2: municip council,
2,municip council,2: municip council,
2,municip council,2: municip council,
2,municip council,2: municip council,
2,municip council,2: municip council,
2,municip council,2: municip council,
2,municip council,2: municip council,
2,municip council,2: municip council,
2,municip council,2: municip council,
2,municip council,2: municip council,
2,municip council,2: municip council,
2,municip council,2: municip council,
2,municip council,2: municip council,
2,municip council,2: municip council,
2,municip council,2: municip council,
2,municip council,2: municip council,
2,municip council,2: municip council,
2,municip council,2: municip council,
2,municip council,2: municip council,
2,municip council,2: municip council,
2,municip council,2: municip council,
2,municip council,2: municip council,
2,municip council,2: municip council,
2,municip council,2: municip council,
2,municip council,2: municip council,
2,municip council,2: municip council,
2,municip council,2: municip council,
2,municip council,2: municip council,
2,municip council,2: municip council,
2,municip council,2: municip council,
2,municip council,2: municip council,
2,municip council,2: municip council,
2,municip council,2: municip council,
2,municip council,2: municip council,
2,municip council,2: municip council,
2,municip council,2: municip council,
2,municip council,2: municip council,
2,municip council,2: municip council,
2,municip council,2: municip council,
2,municip council,2: municip council,
2,municip council,2: municip council,
2,municip council,2: municip council,
2,municip council,2: municip council,
2,municip council,2: municip council,
2,municip council,2: municip council,
2,municip council,2: municip council,
2,municip council,2: municip council,
2,municip council,2: municip council,
2,municip council,2: municip council,
2,municip council,2: municip council,
2,municip council,2: municip council,
2,municip council,2: municip council,
2,municip council,2: municip council,
2,municip council,2: municip council,
2,municip council,2: municip council,
2,municip council,2: municip council,
2,municip council,2: municip council,
2,municip council,2: municip council,
2,municip council,2: municip council,
4,baltic sea,4: baltic sea,
4,baltic sea,4: baltic sea,
4,baltic sea,4: baltic sea,
4,baltic sea,4: baltic sea,
4,baltic sea,4: baltic sea,
4,baltic sea,4: baltic sea,
4,baltic sea,4: baltic sea,
4,baltic sea,4: baltic sea,
4,baltic sea,4: baltic sea,
4,baltic sea,4: baltic sea,
4,baltic sea,4: baltic sea,
4,baltic sea,4: baltic sea,
4,baltic sea,4: baltic sea,
4,baltic sea,4: baltic sea,
4,baltic sea,4: baltic sea,
4,baltic sea,4: baltic sea,
4,baltic sea,4: baltic sea,
4,baltic sea,4: baltic sea,
4,baltic sea,4: baltic sea,
4,baltic sea,4: baltic sea,
4,baltic sea,4: baltic sea,
4,baltic sea,4: baltic sea,
4,baltic sea,4: baltic sea,
4,baltic sea,4: baltic sea,
4,baltic sea,4: baltic sea,
4,baltic sea,4: baltic sea,
4,baltic sea,4: baltic sea,
4,baltic sea,4: baltic sea,
4,baltic sea,4: baltic sea,
4,baltic sea,4: baltic sea,
4,baltic sea,4: baltic sea,
4,baltic sea,4: baltic sea,
4,baltic sea,4: baltic sea,
4,baltic sea,4: baltic sea,
4,baltic sea,4: baltic sea,
4,baltic sea,4: baltic sea,
4,baltic sea,4: baltic sea,
4,baltic sea,4: baltic sea,
4,baltic sea,4: baltic sea,
4,baltic sea,4: baltic sea,
4,baltic sea,4: baltic sea,
4,baltic sea,4: baltic sea,
4,baltic sea,4: baltic sea,
4,baltic sea,4: baltic sea,
4,baltic sea,4: baltic sea,
4,baltic sea,4: baltic sea,
4,baltic sea,4: baltic sea,
4,baltic sea,4: baltic sea,
4,baltic sea,4: baltic sea,
4,baltic sea,4: baltic sea,
4,baltic sea,4: baltic sea,
4,baltic sea,4: baltic sea,
4,baltic sea,4: baltic sea,
4,baltic sea,4: baltic sea,
4,baltic sea,4: baltic sea,
4,baltic sea,4: baltic sea,
4,baltic sea,4: baltic sea,
4,baltic sea,4: baltic sea,
4,baltic sea,4: baltic sea,
4,baltic sea,4: baltic sea,
4,baltic sea,4: baltic sea,
4,baltic sea,4: baltic sea,
4,baltic sea,4: baltic sea,
4,baltic sea,4: baltic sea,
4,baltic sea,4: baltic sea,
4,baltic sea,4: baltic sea,
4,baltic sea,4: baltic sea,
4,baltic sea,4: baltic sea,
4,baltic sea,4: baltic sea,
4,baltic sea,4: baltic sea,
4,baltic sea,4: baltic sea,
4,baltic sea,4: baltic sea,
4,baltic sea,4: baltic sea,
4,baltic sea,4: baltic sea,
4,baltic sea,4: baltic sea,
4,baltic sea,4: baltic sea,
4,baltic sea,4: baltic sea,
4,baltic sea,4: baltic sea,
4,baltic sea,4: baltic sea,
4,baltic sea,4: baltic sea,
4,baltic sea,4: baltic sea,
4,baltic sea,4: baltic sea,
4,baltic sea,4: baltic sea,
4,baltic sea,4: baltic sea,
4,baltic sea,4: baltic sea,
4,baltic sea,4: baltic sea,
4,baltic sea,4: baltic sea,
4,baltic sea,4: baltic sea,
4,baltic sea,4: baltic sea,
4,baltic sea,4: baltic sea,
4,baltic sea,4: baltic sea,
4,baltic sea,4: baltic sea,
4,baltic sea,4: baltic sea,
4,baltic sea,4: baltic sea,
4,baltic sea,4: baltic sea,
4,baltic sea,4: baltic sea,
4,baltic sea,4: baltic sea,
4,baltic sea,4: baltic sea,
4,baltic sea,4: baltic sea,
4,baltic sea,4: baltic sea,
4,baltic sea,4: baltic sea,
4,baltic sea,4: baltic sea,
4,baltic sea,4: baltic sea,
4,baltic sea,4: baltic sea,
4,baltic sea,4: baltic sea,
4,baltic sea,4: baltic sea,
4,baltic sea,4: baltic sea,
4,baltic sea,4: baltic sea,
4,baltic sea,4: baltic sea,
4,baltic sea,4: baltic sea,
4,baltic sea,4: baltic sea,
4,baltic sea,4: baltic sea,
4,baltic sea,4: baltic sea,
4,baltic sea,4: baltic sea,
4,baltic sea,4: baltic sea,
4,baltic sea,4: baltic sea,
4,baltic sea,4: baltic sea,
4,baltic sea,4: baltic sea,
4,baltic sea,4: baltic sea,
4,baltic sea,4: baltic sea,
4,baltic sea,4: baltic sea,
4,baltic sea,4: baltic sea,
4,baltic sea,4: baltic sea,
4,baltic sea,4: baltic sea,
4,baltic sea,4: baltic sea,
4,baltic sea,4: baltic sea,
4,baltic sea,4: baltic sea,
4,baltic sea,4: baltic sea,
4,baltic sea,4: baltic sea,
4,baltic sea,4: baltic sea,
4,baltic sea,4: baltic sea,
4,baltic sea,4: baltic sea,
4,baltic sea,4: baltic sea,
4,baltic sea,4: baltic sea,
4,baltic sea,4: baltic sea,
4,baltic sea,4: baltic sea,
4,baltic sea,4: baltic sea,
4,baltic sea,4: baltic sea,
0,energi island,0: energi island,
0,energi island,0: energi island,
0,energi island,0: energi island,
0,energi island,0: energi island,
0,energi island,0: energi island,
0,energi island,0: energi island,
0,energi island,0: energi island,
0,energi island,0: energi island,
0,energi island,0: energi island,
0,energi island,0: energi island,
0,energi island,0: energi island,
0,energi island,0: energi island,
0,energi island,0: energi island,
0,energi island,0: energi island,
0,energi island,0: energi island,
0,energi island,0: energi island,
0,energi island,0: energi island,
0,energi island,0: energi island,
0,energi island,0: energi island,
0,energi island,0: energi island,
0,energi island,0: energi island,
0,energi island,0: energi island,
0,energi island,0: energi island,
0,energi island,0: energi island,
0,energi island,0: energi island,
0,energi island,0: energi island,
0,energi island,0: energi island,
0,energi island,0: energi island,
0,energi island,0: energi island,
0,energi island,0: energi island,
0,energi island,0: energi island,
0,energi island,0: energi island,
0,energi island,0: energi island,
0,energi island,0: energi island,
0,energi island,0: energi island,
0,energi island,0: energi island,
0,energi island,0: energi island,
0,energi island,0: energi island,
0,energi island,0: energi island,
0,energi island,0: energi island,
0,energi island,0: energi island,
0,energi island,0: energi island,
0,energi island,0: energi island,
0,energi island,0: energi island,
0,energi island,0: energi island,
0,energi island,0: energi island,
0,energi island,0: energi island,
0,energi island,0: energi island,
0,energi island,0: energi island,
0,energi island,0: energi island,
0,energi island,0: energi island,
0,energi island,0: energi island,
0,energi island,0: energi island,
0,energi island,0: energi island,
0,energi island,0: energi island,
0,energi island,0: energi island,
0,energi island,0: energi island,
0,energi island,0: energi island,
0,energi island,0: energi island,
0,energi island,0: energi island,
0,energi island,0: energi island,
0,energi island,0: energi island,
0,energi island,0: energi island,
0,energi island,0: energi island,
0,energi island,0: energi island,
0,energi island,0: energi island,
0,energi island,0: energi island,
0,energi island,0: energi island,
0,energi island,0: energi island,
0,energi island,0: energi island,
0,energi island,0: energi island,
0,energi island,0: energi island,
0,energi island,0: energi island,
0,energi island,0: energi island,
0,energi island,0: energi island,
0,energi island,0: energi island,
0,energi island,0: energi island,
0,energi island,0: energi island,
0,energi island,0: energi island,
0,energi island,0: energi island,
0,energi island,0: energi island,
0,energi island,0: energi island,
0,energi island,0: energi island,
0,energi island,0: energi island,
0,energi island,0: energi island,
0,energi island,0: energi island,
0,energi island,0: energi island,
0,energi island,0: energi island,
0,energi island,0: energi island,
0,energi island,0: energi island,
0,energi island,0: energi island,
0,energi island,0: energi island,
0,energi island,0: energi island,
0,energi island,0: energi island,
0,energi island,0: energi island,
0,energi island,0: energi island,
0,energi island,0: energi island,
0,energi island,0: energi island,
0,energi island,0: energi island,
0,energi island,0: energi island,
0,energi island,0: energi island,
0,energi island,0: energi island,
0,energi island,0: energi island,
0,energi island,0: energi island,
0,energi island,0: energi island,
0,energi island,0: energi island,
0,energi island,0: energi island,
0,energi island,0: energi island,
0,energi island,0: energi island,
0,energi island,0: energi island,
0,energi island,0: energi island,
0,energi island,0: energi island,
0,energi island,0: energi island,
0,energi island,0: energi island,
0,energi island,0: energi island,
0,energi island,0: energi island,
0,energi island,0: energi island,
0,energi island,0: energi island,
0,energi island,0: energi island,
0,energi island,0: energi island,
0,energi island,0: energi island,
0,energi island,0: energi island,
0,energi island,0: energi island,
0,energi island,0: energi island,
0,energi island,0: energi island,
0,energi island,0: energi island,
0,energi island,0: energi island,
0,energi island,0: energi island,
0,energi island,0: energi island,
0,energi island,0: energi island,
0,energi island,0: energi island,
0,energi island,0: energi island,
0,energi island,0: energi island,
0,energi island,0: energi island,
0,energi island,0: energi island,
0,energi island,0: energi island,
0,energi island,0: energi island,
0,energi island,0: energi island,
0,energi island,0: energi island,
0,energi island,0: energi island,
0,energi island,0: energi island,
0,energi island,0: energi island,
0,energi island,0: energi island,
0,energi island,0: energi island,
0,energi island,0: energi island,
0,energi island,0: energi island,
0,energi island,0: energi island,
0,energi island,0: energi island,
0,energi island,0: energi island,
0,energi island,0: energi island,
0,energi island,0: energi island,
0,energi island,0: energi island,
0,energi island,0: energi island,
0,energi island,0: energi island,
0,energi island,0: energi island,
0,energi island,0: energi island,
0,energi island,0: energi island,
0,energi island,0: energi island,
0,energi island,0: energi island,
0,energi island,0: energi island,
0,energi island,0: energi island,
0,energi island,0: energi island,
0,energi island,0: energi island,
0,energi island,0: energi island,
0,energi island,0: energi island,
0,energi island,0: energi island,
0,energi island,0: energi island,
0,energi island,0: energi island,
0,energi island,0: energi island,
0,energi island,0: energi island,
0,energi island,0: energi island,
0,energi island,0: energi island,
0,energi island,0: energi island,
0,energi island,0: energi island,
0,energi island,0: energi island,
0,energi island,0: energi island,
0,energi island,0: energi island,
0,energi island,0: energi island,
0,energi island,0: energi island,
0,energi island,0: energi island,
0,energi island,0: energi island,
0,energi island,0: energi island,
0,energi island,0: energi island,
0,energi island,0: energi island,
0,energi island,0: energi island,
0,energi island,0: energi island,
0,energi island,0: energi island,
0,energi island,0: energi island,
0,energi island,0: energi island,
0,energi island,0: energi island,
0,energi island,0: energi island,
0,energi island,0: energi island,
0,energi island,0: energi island,
0,energi island,0: energi island,
0,energi island,0: energi island,
0,energi island,0: energi island,
0,energi island,0: energi island,
0,energi island,0: energi island,
0,energi island,0: energi island,
0,energi island,0: energi island,
0,energi island,0: energi island,
0,energi island,0: energi island,
0,energi island,0: energi island,
0,energi island,0: energi island,
0,energi island,0: energi island,
0,energi island,0: energi island,
0,energi island,0: energi island,
0,energi island,0: energi island,
0,energi island,0: energi island,
0,energi island,0: energi island,
0,energi island,0: energi island,
0,energi island,0: energi island,
0,energi island,0: energi island,
0,energi island,0: energi island,
0,energi island,0: energi island,
0,energi island,0: energi island,
0,energi island,0: energi island,
0,energi island,0: energi island,
0,energi island,0: energi island,
0,energi island,0: energi island,
0,energi island,0: energi island,
0,energi island,0: energi island,
0,energi island,0: energi island,
0,energi island,0: energi island,
0,energi island,0: energi island,
0,energi island,0: energi island,
0,energi island,0: energi island,
0,energi island,0: energi island,
0,energi island,0: energi island,
0,energi island,0: energi island,
0,energi island,0: energi island,
0,energi island,0: energi island,
0,energi island,0: energi island,
0,energi island,0: energi island,
0,energi island,0: energi island,
0,energi island,0: energi island,
0,energi island,0: energi island,
0,energi island,0: energi island,
0,energi island,0: energi island,
0,energi island,0: energi island,
0,energi island,0: energi island,
0,energi island,0: energi island,
0,energi island,0: energi island,
0,energi island,0: energi island,
0,energi island,0: energi island,
0,energi island,0: energi island,
0,energi island,0: energi island,
0,energi island,0: energi island,
0,energi island,0: energi island,
0,energi island,0: energi island,
0,energi island,0: energi island,
0,energi island,0: energi island,
0,energi island,0: energi island,
0,energi island,0: energi island,
0,energi island,0: energi island,
0,energi island,0: energi island,
0,energi island,0: energi island,
0,energi island,0: energi island,
0,energi island,0: energi island,
0,energi island,0: energi island,
0,energi island,0: energi island,
0,energi island,0: energi island,
0,energi island,0: energi island,
0,energi island,0: energi island,
0,energi island,0: energi island,
0,energi island,0: energi island,
0,energi island,0: energi island,
0,energi island,0: energi island,
0,energi island,0: energi island,
0,energi island,0: energi island,
0,energi island,0: energi island,
0,energi island,0: energi island,
0,energi island,0: energi island,
0,energi island,0: energi island,
0,energi island,0: energi island,
0,energi island,0: energi island,
0,energi island,0: energi island,
0,energi island,0: energi island,
0,energi island,0: energi island,
0,energi island,0: energi island,
0,energi island,0: energi island,
0,energi island,0: energi island,
0,energi island,0: energi island,
0,energi island,0: energi island,
0,energi island,0: energi island,
0,energi island,0: energi island,
0,energi island,0: energi island,
0,energi island,0: energi island,
0,energi island,0: energi island,
0,energi island,0: energi island,
0,energi island,0: energi island,
0,energi island,0: energi island,
0,energi island,0: energi island,
0,energi island,0: energi island,
0,energi island,0: energi island,
0,energi island,0: energi island,
0,energi island,0: energi island,
0,energi island,0: energi island,
0,energi island,0: energi island,
0,energi island,0: energi island,
0,energi island,0: energi island,
0,energi island,0: energi island,
0,energi island,0: energi island,
0,energi island,0: energi island,
0,energi island,0: energi island,
0,energi island,0: energi island,
0,energi island,0: energi island,
0,energi island,0: energi island,
0,energi island,0: energi island,
0,energi island,0: energi island,
0,energi island,0: energi island,
0,energi island,0: energi island,
0,energi island,0: energi island,
0,energi island,0: energi island,
8,wind turbin,8: wind turbin,
8,wind turbin,8: wind turbin,
8,wind turbin,8: wind turbin,
8,wind turbin,8: wind turbin,
8,wind turbin,8: wind turbin,
8,wind turbin,8: wind turbin,
8,wind turbin,8: wind turbin,
8,wind turbin,8: wind turbin,
8,wind turbin,8: wind turbin,
8,wind turbin,8: wind turbin,
8,wind turbin,8: wind turbin,
8,wind turbin,8: wind turbin,
8,wind turbin,8: wind turbin,
8,wind turbin,8: wind turbin,
8,wind turbin,8: wind turbin,
8,wind turbin,8: wind turbin,
8,wind turbin,8: wind turbin,
8,wind turbin,8: wind turbin,
8,wind turbin,8: wind turbin,
8,wind turbin,8: wind turbin,
8,wind turbin,8: wind turbin,
8,wind turbin,8: wind turbin,
8,wind turbin,8: wind turbin,
8,wind turbin,8: wind turbin,
8,wind turbin,8: wind turbin,
8,wind turbin,8: wind turbin,
8,wind turbin,8: wind turbin,
8,wind turbin,8: wind turbin,
8,wind turbin,8: wind turbin,
8,wind turbin,8: wind turbin,
8,wind turbin,8: wind turbin,
8,wind turbin,8: wind turbin,
8,wind turbin,8: wind turbin,
8,wind turbin,8: wind turbin,
8,wind turbin,8: wind turbin,
8,wind turbin,8: wind turbin,
8,wind turbin,8: wind turbin,
8,wind turbin,8: wind turbin,
8,wind turbin,8: wind turbin,
8,wind turbin,8: wind turbin,
8,wind turbin,8: wind turbin,
8,wind turbin,8: wind turbin,
8,wind turbin,8: wind turbin,
8,wind turbin,8: wind turbin,
8,wind turbin,8: wind turbin,
8,wind turbin,8: wind turbin,
8,wind turbin,8: wind turbin,
8,wind turbin,8: wind turbin,
8,wind turbin,8: wind turbin,
8,wind turbin,8: wind turbin,
8,wind turbin,8: wind turbin,
8,wind turbin,8: wind turbin,
8,wind turbin,8: wind turbin,
8,wind turbin,8: wind turbin,
8,wind turbin,8: wind turbin,
8,wind turbin,8: wind turbin,
8,wind turbin,8: wind turbin,
8,wind turbin,8: wind turbin,
8,wind turbin,8: wind turbin,
8,wind turbin,8: wind turbin,
8,wind turbin,8: wind turbin,
8,wind turbin,8: wind turbin,
8,wind turbin,8: wind turbin,
8,wind turbin,8: wind turbin,
8,wind turbin,8: wind turbin,
8,wind turbin,8: wind turbin,
8,wind turbin,8: wind turbin,
8,wind turbin,8: wind turbin,
8,wind turbin,8: wind turbin,
8,wind turbin,8: wind turbin,
8,wind turbin,8: wind turbin,
8,wind turbin,8: wind turbin,
8,wind turbin,8: wind turbin,
8,wind turbin,8: wind turbin,
8,wind turbin,8: wind turbin,
8,wind turbin,8: wind turbin,
8,wind turbin,8: wind turbin,
8,wind turbin,8: wind turbin,
8,wind turbin,8: wind turbin,
8,wind turbin,8: wind turbin,
8,wind turbin,8: wind turbin,
8,wind turbin,8: wind turbin,
8,wind turbin,8: wind turbin,
8,wind turbin,8: wind turbin,
8,wind turbin,8: wind turbin,
8,wind turbin,8: wind turbin,
8,wind turbin,8: wind turbin,
8,wind turbin,8: wind turbin,
8,wind turbin,8: wind turbin,
8,wind turbin,8: wind turbin,
8,wind turbin,8: wind turbin,
8,wind turbin,8: wind turbin,
8,wind turbin,8: wind turbin,
8,wind turbin,8: wind turbin,
8,wind turbin,8: wind turbin,
8,wind turbin,8: wind turbin,
8,wind turbin,8: wind turbin,
8,wind turbin,8: wind turbin,
8,wind turbin,8: wind turbin,
8,wind turbin,8: wind turbin,
8,wind turbin,8: wind turbin,
8,wind turbin,8: wind turbin,
8,wind turbin,8: wind turbin,
8,wind turbin,8: wind turbin,
8,wind turbin,8: wind turbin,
8,wind turbin,8: wind turbin,
8,wind turbin,8: wind turbin,
8,wind turbin,8: wind turbin,
8,wind turbin,8: wind turbin,
8,wind turbin,8: wind turbin,
8,wind turbin,8: wind turbin,
8,wind turbin,8: wind turbin,
8,wind turbin,8: wind turbin,
8,wind turbin,8: wind turbin,
8,wind turbin,8: wind turbin,
8,wind turbin,8: wind turbin,
8,wind turbin,8: wind turbin,
8,wind turbin,8: wind turbin,
8,wind turbin,8: wind turbin,
8,wind turbin,8: wind turbin,
8,wind turbin,8: wind turbin,
8,wind turbin,8: wind turbin,
8,wind turbin,8: wind turbin,
8,wind turbin,8: wind turbin,
8,wind turbin,8: wind turbin,
8,wind turbin,8: wind turbin,
8,wind turbin,8: wind turbin,
8,wind turbin,8: wind turbin,
8,wind turbin,8: wind turbin,
8,wind turbin,8: wind turbin,
2,municip council,2: municip council,
2,municip council,2: municip council,
2,municip council,2: municip council,
2,municip council,2: municip council,
2,municip council,2: municip council,
2,municip council,2: municip council,
2,municip council,2: municip council,
2,municip council,2: municip council,
2,municip council,2: municip council,
2,municip council,2: municip council,
2,municip council,2: municip council,
2,municip council,2: municip council,
2,municip council,2: municip council,
2,municip council,2: municip council,
2,municip council,2: municip council,
2,municip council,2: municip council,
2,municip council,2: municip council,
2,municip council,2: municip council,
2,municip council,2: municip council,
2,municip council,2: municip council,
2,municip council,2: municip council,
2,municip council,2: municip council,
2,municip council,2: municip council,
2,municip council,2: municip council,
2,municip council,2: municip council,
2,municip council,2: municip council,
2,municip council,2: municip council,
2,municip council,2: municip council,
2,municip council,2: municip council,
2,municip council,2: municip council,
2,municip council,2: municip council,
2,municip council,2: municip council,
2,municip council,2: municip council,
2,municip council,2: municip council,
2,municip council,2: municip council,
2,municip council,2: municip council,
2,municip council,2: municip council,
2,municip council,2: municip council,
2,municip council,2: municip council,
2,municip council,2: municip council,
2,municip council,2: municip council,
2,municip council,2: municip council,
2,municip council,2: municip council,
2,municip council,2: municip council,
2,municip council,2: municip council,
2,municip council,2: municip council,
2,municip council,2: municip council,
2,municip council,2: municip council,
2,municip council,2: municip council,
2,municip council,2: municip council,
2,municip council,2: municip council,
2,municip council,2: municip council,
2,municip council,2: municip council,
2,municip council,2: municip council,
2,municip council,2: municip council,
2,municip council,2: municip council,
2,municip council,2: municip council,
2,municip council,2: municip council,
2,municip council,2: municip council,
2,municip council,2: municip council,
2,municip council,2: municip council,
2,municip council,2: municip council,
2,municip council,2: municip council,
2,municip council,2: municip council,
2,municip council,2: municip council,
2,municip council,2: municip council,
2,municip council,2: municip council,
2,municip council,2: municip council,
2,municip council,2: municip council,
2,municip council,2: municip council,
2,municip council,2: municip council,
2,municip council,2: municip council,
2,municip council,2: municip council,
2,municip council,2: municip council,
2,municip council,2: municip council,
2,municip council,2: municip council,
2,municip council,2: municip council,
2,municip council,2: municip council,
2,municip council,2: municip council,
2,municip council,2: municip council,
2,municip council,2: municip council,
2,municip council,2: municip council,
2,municip council,2: municip council,
2,municip council,2: municip council,
2,municip council,2: municip council,
2,municip council,2: municip council,
2,municip council,2: municip council,
2,municip council,2: municip council,
2,municip council,2: municip council,
2,municip council,2: municip council,
2,municip council,2: municip council,
2,municip council,2: municip council,
2,municip council,2: municip council,
2,municip council,2: municip council,
2,municip council,2: municip council,
2,municip council,2: municip council,
2,municip council,2: municip council,
2,municip council,2: municip council,
2,municip council,2: municip council,
2,municip council,2: municip council,
2,municip council,2: municip council,
2,municip council,2: municip council,
2,municip council,2: municip council,
2,municip council,2: municip council,
2,municip council,2: municip council,
2,municip council,2: municip council,
2,municip council,2: municip council,
2,municip council,2: municip council,
2,municip council,2: municip council,
2,municip council,2: municip council,
2,municip council,2: municip council,
2,municip council,2: municip council,
2,municip council,2: municip council,
2,municip council,2: municip council,
2,municip council,2: municip council,
2,municip council,2: municip council,
2,municip council,2: municip council,
2,municip council,2: municip council,
2,municip council,2: municip council,
2,municip council,2: municip council,
2,municip council,2: municip council,
2,municip council,2: municip council,
2,municip council,2: municip council,
2,municip council,2: municip council,
2,municip council,2: municip council,
2,municip council,2: municip council,
2,municip council,2: municip council,
2,municip council,2: municip council,
2,municip council,2: municip council,
2,municip council,2: municip council,
2,municip council,2: municip council,
2,municip council,2: municip council,
2,municip council,2: municip council,
2,municip council,2: municip council,
2,municip council,2: municip council,
2,municip council,2: municip council,
2,municip council,2: municip council,
2,municip council,2: municip council,
2,municip council,2: municip council,
2,municip council,2: municip council,
2,municip council,2: municip council,
2,municip council,2: municip council,
2,municip council,2: municip council,
2,municip council,2: municip council,
2,municip council,2: municip council,
2,municip council,2: municip council,
2,municip council,2: municip council,
2,municip council,2: municip council,
2,municip council,2: municip council,
2,municip council,2: municip council,
2,municip council,2: municip council,
2,municip council,2: municip council,
2,municip council,2: municip council,
2,municip council,2: municip council,
2,municip council,2: municip council,
2,municip council,2: municip council,
4,baltic sea,4: baltic sea,
4,baltic sea,4: baltic sea,
4,baltic sea,4: baltic sea,
4,baltic sea,4: baltic sea,
4,baltic sea,4: baltic sea,
4,baltic sea,4: baltic sea,
4,baltic sea,4: baltic sea,
4,baltic sea,4: baltic sea,
4,baltic sea,4: baltic sea,
4,baltic sea,4: baltic sea,
4,baltic sea,4: baltic sea,
4,baltic sea,4: baltic sea,
4,baltic sea,4: baltic sea,
4,baltic sea,4: baltic sea,
4,baltic sea,4: baltic sea,
4,baltic sea,4: baltic sea,
4,baltic sea,4: baltic sea,
4,baltic sea,4: baltic sea,
4,baltic sea,4: baltic sea,
4,baltic sea,4: baltic sea,
4,baltic sea,4: baltic sea,
4,baltic sea,4: baltic sea,
4,baltic sea,4: baltic sea,
4,baltic sea,4: baltic sea,
4,baltic sea,4: baltic sea,
4,baltic sea,4: baltic sea,
4,baltic sea,4: baltic sea,
4,baltic sea,4: baltic sea,
4,baltic sea,4: baltic sea,
4,baltic sea,4: baltic sea,
4,baltic sea,4: baltic sea,
4,baltic sea,4: baltic sea,
4,baltic sea,4: baltic sea,
4,baltic sea,4: baltic sea,
4,baltic sea,4: baltic sea,
4,baltic sea,4: baltic sea,
4,baltic sea,4: baltic sea,
4,baltic sea,4: baltic sea,
4,baltic sea,4: baltic sea,
4,baltic sea,4: baltic sea,
4,baltic sea,4: baltic sea,
4,baltic sea,4: baltic sea,
4,baltic sea,4: baltic sea,
4,baltic sea,4: baltic sea,
4,baltic sea,4: baltic sea,
4,baltic sea,4: baltic sea,
4,baltic sea,4: baltic sea,
4,baltic sea,4: baltic sea,
4,baltic sea,4: baltic sea,
4,baltic sea,4: baltic sea,
4,baltic sea,4: baltic sea,
4,baltic sea,4: baltic sea,
4,baltic sea,4: baltic sea,
4,baltic sea,4: baltic sea,
4,baltic sea,4: baltic sea,
4,baltic sea,4: baltic sea,
4,baltic sea,4: baltic sea,
4,baltic sea,4: baltic sea,
4,baltic sea,4: baltic sea,
4,baltic sea,4: baltic sea,
4,baltic sea,4: baltic sea,
4,baltic sea,4: baltic sea,
4,baltic sea,4: baltic sea,
4,baltic sea,4: baltic sea,
4,baltic sea,4: baltic sea,
4,baltic sea,4: baltic sea,
4,baltic sea,4: baltic sea,
4,baltic sea,4: baltic sea,
4,baltic sea,4: baltic sea,
4,baltic sea,4: baltic sea,
4,baltic sea,4: baltic sea,
4,baltic sea,4: baltic sea,
4,baltic sea,4: baltic sea,
4,baltic sea,4: baltic sea,
4,baltic sea,4: baltic sea,
4,baltic sea,4: baltic sea,
4,baltic sea,4: baltic sea,
4,baltic sea,4: baltic sea,
4,baltic sea,4: baltic sea,
4,baltic sea,4: baltic sea,
4,baltic sea,4: baltic sea,
4,baltic sea,4: baltic sea,
4,baltic sea,4: baltic sea,
4,baltic sea,4: baltic sea,
4,baltic sea,4: baltic sea,
4,baltic sea,4: baltic sea,
4,baltic sea,4: baltic sea,
4,baltic sea,4: baltic sea,
4,baltic sea,4: baltic sea,
4,baltic sea,4: baltic sea,
4,baltic sea,4: baltic sea,
4,baltic sea,4: baltic sea,
4,baltic sea,4: baltic sea,
4,baltic sea,4: baltic sea,
4,baltic sea,4: baltic sea,
4,baltic sea,4: baltic sea,
4,baltic sea,4: baltic sea,
4,baltic sea,4: baltic sea,
4,baltic sea,4: baltic sea,
4,baltic sea,4: baltic sea,
4,baltic sea,4: baltic sea,
4,baltic sea,4: baltic sea,
4,baltic sea,4: baltic sea,
4,baltic sea,4: baltic sea,
4,baltic sea,4: baltic sea,
4,baltic sea,4: baltic sea,
4,baltic sea,4: baltic sea,
4,baltic sea,4: baltic sea,
4,baltic sea,4: baltic sea,
4,baltic sea,4: baltic sea,
4,baltic sea,4: baltic sea,
4,baltic sea,4: baltic sea,
4,baltic sea,4: baltic sea,
4,baltic sea,4: baltic sea,
4,baltic sea,4: baltic sea,
4,baltic sea,4: baltic sea,
4,baltic sea,4: baltic sea,
4,baltic sea,4: baltic sea,
4,baltic sea,4: baltic sea,
4,baltic sea,4: baltic sea,
4,baltic sea,4: baltic sea,
4,baltic sea,4: baltic sea,
4,baltic sea,4: baltic sea,
4,baltic sea,4: baltic sea,
4,baltic sea,4: baltic sea,
4,baltic sea,4: baltic sea,
4,baltic sea,4: baltic sea,
4,baltic sea,4: baltic sea,
4,baltic sea,4: baltic sea,
4,baltic sea,4: baltic sea,
4,baltic sea,4: baltic sea,
4,baltic sea,4: baltic sea,
4,baltic sea,4: baltic sea,
4,baltic sea,4: baltic sea,
4,baltic sea,4: baltic sea,
4,baltic sea,4: baltic sea,
4,baltic sea,4: baltic sea,
4,baltic sea,4: baltic sea,
2,municip council,2: municip council,
2,municip council,2: municip council,
2,municip council,2: municip council,
2,municip council,2: municip council,
2,municip council,2: municip council,
2,municip council,2: municip council,
2,municip council,2: municip council,
2,municip council,2: municip council,
2,municip council,2: municip council,
2,municip council,2: municip council,
2,municip council,2: municip council,
2,municip council,2: municip council,
2,municip council,2: municip council,
2,municip council,2: municip council,
2,municip council,2: municip council,
2,municip council,2: municip council,
2,municip council,2: municip council,
2,municip council,2: municip council,
2,municip council,2: municip council,
2,municip council,2: municip council,
2,municip council,2: municip council,
2,municip council,2: municip council,
2,municip council,2: municip council,
2,municip council,2: municip council,
2,municip council,2: municip council,
2,municip council,2: municip council,
2,municip council,2: municip council,
2,municip council,2: municip council,
2,municip council,2: municip council,
2,municip council,2: municip council,
2,municip council,2: municip council,
2,municip council,2: municip council,
2,municip council,2: municip council,
2,municip council,2: municip council,
2,municip council,2: municip council,
2,municip council,2: municip council,
2,municip council,2: municip council,
2,municip council,2: municip council,
2,municip council,2: municip council,
2,municip council,2: municip council,
2,municip council,2: municip council,
2,municip council,2: municip council,
2,municip council,2: municip council,
2,municip council,2: municip council,
2,municip council,2: municip council,
2,municip council,2: municip council,
2,municip council,2: municip council,
2,municip council,2: municip council,
2,municip council,2: municip council,
2,municip council,2: municip council,
2,municip council,2: municip council,
2,municip council,2: municip council,
2,municip council,2: municip council,
2,municip council,2: municip council,
2,municip council,2: municip council,
2,municip council,2: municip council,
2,municip council,2: municip council,
2,municip council,2: municip council,
2,municip council,2: municip council,
2,municip council,2: municip council,
2,municip council,2: municip council,
2,municip council,2: municip council,
2,municip council,2: municip council,
2,municip council,2: municip council,
2,municip council,2: municip council,
2,municip council,2: municip council,
2,municip council,2: municip council,
2,municip council,2: municip council,
2,municip council,2: municip council,
2,municip council,2: municip council,
2,municip council,2: municip council,
2,municip council,2: municip council,
2,municip council,2: municip council,
2,municip council,2: municip council,
2,municip council,2: municip council,
2,municip council,2: municip council,
2,municip council,2: municip council,
2,municip council,2: municip council,
2,municip council,2: municip council,
2,municip council,2: municip council,
2,municip council,2: municip council,
2,municip council,2: municip council,
2,municip council,2: municip council,
2,municip council,2: municip council,
2,municip council,2: municip council,
2,municip council,2: municip council,
2,municip council,2: municip council,
2,municip council,2: municip council,
2,municip council,2: municip council,
2,municip council,2: municip council,
2,municip council,2: municip council,
2,municip council,2: municip council,
2,municip council,2: municip council,
2,municip council,2: municip council,
2,municip council,2: municip council,
2,municip council,2: municip council,
2,municip council,2: municip council,
2,municip council,2: municip council,
2,municip council,2: municip council,
2,municip council,2: municip council,
2,municip council,2: municip council,
2,municip council,2: municip council,
2,municip council,2: municip council,
2,municip council,2: municip council,
2,municip council,2: municip council,
2,municip council,2: municip council,
2,municip council,2: municip council,
2,municip council,2: municip council,
2,municip council,2: municip council,
2,municip council,2: municip council,
2,municip council,2: municip council,
2,municip council,2: municip council,
2,municip council,2: municip council,
2,municip council,2: municip council,
2,municip council,2: municip council,
2,municip council,2: municip council,
2,municip council,2: municip council,
2,municip council,2: municip council,
2,municip council,2: municip council,
2,municip council,2: municip council,
2,municip council,2: municip council,
2,municip council,2: municip council,
2,municip council,2: municip council,
2,municip council,2: municip council,
2,municip council,2: municip council,
2,municip council,2: municip council,
2,municip council,2: municip council,
2,municip council,2: municip council,
2,municip council,2: municip council,
2,municip council,2: municip council,
2,municip council,2: municip council,
2,municip council,2: municip council,
2,municip council,2: municip council,
2,municip council,2: municip council,
2,municip council,2: municip council,
2,municip council,2: municip council,
2,municip council,2: municip council,
2,municip council,2: municip council,
2,municip council,2: municip council,
2,municip council,2: municip council,
2,municip council,2: municip council,
2,municip council,2: municip council,
2,municip council,2: municip council,
2,municip council,2: municip council,
2,municip council,2: municip council,
2,municip council,2: municip council,
2,municip council,2: municip council,
2,municip council,2: municip council,
2,municip council,2: municip council,
2,municip council,2: municip council,
2,municip council,2: municip council,
2,municip council,2: municip council,
2,municip council,2: municip council,
2,municip council,2: municip council,
2,municip council,2: municip council,
2,municip council,2: municip council,
6,energiø bornholm,6: energiø bornholm,
6,energiø bornholm,6: energiø bornholm,
6,energiø bornholm,6: energiø bornholm,
6,energiø bornholm,6: energiø bornholm,
6,energiø bornholm,6: energiø bornholm,
6,energiø bornholm,6: energiø bornholm,
6,energiø bornholm,6: energiø bornholm,
6,energiø bornholm,6: energiø bornholm,
6,energiø bornholm,6: energiø bornholm,
6,energiø bornholm,6: energiø bornholm,
6,energiø bornholm,6: energiø bornholm,
6,energiø bornholm,6: energiø bornholm,
6,energiø bornholm,6: energiø bornholm,
6,energiø bornholm,6: energiø bornholm,
6,energiø bornholm,6: energiø bornholm,
6,energiø bornholm,6: energiø bornholm,
6,energiø bornholm,6: energiø bornholm,
6,energiø bornholm,6: energiø bornholm,
6,energiø bornholm,6: energiø bornholm,
6,energiø bornholm,6: energiø bornholm,
6,energiø bornholm,6: energiø bornholm,
6,energiø bornholm,6: energiø bornholm,
6,energiø bornholm,6: energiø bornholm,
6,energiø bornholm,6: energiø bornholm,
6,energiø bornholm,6: energiø bornholm,
6,energiø bornholm,6: energiø bornholm,
6,energiø bornholm,6: energiø bornholm,
6,energiø bornholm,6: energiø bornholm,
6,energiø bornholm,6: energiø bornholm,
6,energiø bornholm,6: energiø bornholm,
6,energiø bornholm,6: energiø bornholm,
6,energiø bornholm,6: energiø bornholm,
6,energiø bornholm,6: energiø bornholm,
6,energiø bornholm,6: energiø bornholm,
6,energiø bornholm,6: energiø bornholm,
6,energiø bornholm,6: energiø bornholm,
6,energiø bornholm,6: energiø bornholm,
6,energiø bornholm,6: energiø bornholm,
6,energiø bornholm,6: energiø bornholm,
6,energiø bornholm,6: energiø bornholm,
6,energiø bornholm,6: energiø bornholm,
6,energiø bornholm,6: energiø bornholm,
6,energiø bornholm,6: energiø bornholm,
6,energiø bornholm,6: energiø bornholm,
6,energiø bornholm,6: energiø bornholm,
6,energiø bornholm,6: energiø bornholm,
6,energiø bornholm,6: energiø bornholm,
6,energiø bornholm,6: energiø bornholm,
6,energiø bornholm,6: energiø bornholm,
6,energiø bornholm,6: energiø bornholm,
6,energiø bornholm,6: energiø bornholm,
6,energiø bornholm,6: energiø bornholm,
6,energiø bornholm,6: energiø bornholm,
6,energiø bornholm,6: energiø bornholm,
6,energiø bornholm,6: energiø bornholm,
6,energiø bornholm,6: energiø bornholm,
6,energiø bornholm,6: energiø bornholm,
6,energiø bornholm,6: energiø bornholm,
6,energiø bornholm,6: energiø bornholm,
6,energiø bornholm,6: energiø bornholm,
6,energiø bornholm,6: energiø bornholm,
6,energiø bornholm,6: energiø bornholm,
6,energiø bornholm,6: energiø bornholm,
6,energiø bornholm,6: energiø bornholm,
6,energiø bornholm,6: energiø bornholm,
6,energiø bornholm,6: energiø bornholm,
6,energiø bornholm,6: energiø bornholm,
6,energiø bornholm,6: energiø bornholm,
6,energiø bornholm,6: energiø bornholm,
6,energiø bornholm,6: energiø bornholm,
6,energiø bornholm,6: energiø bornholm,
6,energiø bornholm,6: energiø bornholm,
6,energiø bornholm,6: energiø bornholm,
6,energiø bornholm,6: energiø bornholm,
6,energiø bornholm,6: energiø bornholm,
6,energiø bornholm,6: energiø bornholm,
6,energiø bornholm,6: energiø bornholm,
6,energiø bornholm,6: energiø bornholm,
6,energiø bornholm,6: energiø bornholm,
6,energiø bornholm,6: energiø bornholm,
6,energiø bornholm,6: energiø bornholm,
6,energiø bornholm,6: energiø bornholm,
6,energiø bornholm,6: energiø bornholm,
6,energiø bornholm,6: energiø bornholm,
6,energiø bornholm,6: energiø bornholm,
6,energiø bornholm,6: energiø bornholm,
6,energiø bornholm,6: energiø bornholm,
6,energiø bornholm,6: energiø bornholm,
6,energiø bornholm,6: energiø bornholm,
6,energiø bornholm,6: energiø bornholm,
6,energiø bornholm,6: energiø bornholm,
6,energiø bornholm,6: energiø bornholm,
6,energiø bornholm,6: energiø bornholm,
6,energiø bornholm,6: energiø bornholm,
6,energiø bornholm,6: energiø bornholm,
6,energiø bornholm,6: energiø bornholm,
6,energiø bornholm,6: energiø bornholm,
6,energiø bornholm,6: energiø bornholm,
6,energiø bornholm,6: energiø bornholm,
6,energiø bornholm,6: energiø bornholm,
6,energiø bornholm,6: energiø bornholm,
6,energiø bornholm,6: energiø bornholm,
6,energiø bornholm,6: energiø bornholm,
6,energiø bornholm,6: energiø bornholm,
6,energiø bornholm,6: energiø bornholm,
6,energiø bornholm,6: energiø bornholm,
6,energiø bornholm,6: energiø bornholm,
6,energiø bornholm,6: energiø bornholm,
6,energiø bornholm,6: energiø bornholm,
6,energiø bornholm,6: energiø bornholm,
6,energiø bornholm,6: energiø bornholm,
6,energiø bornholm,6: energiø bornholm,
6,energiø bornholm,6: energiø bornholm,
6,energiø bornholm,6: energiø bornholm,
6,energiø bornholm,6: energiø bornholm,
6,energiø bornholm,6: energiø bornholm,
6,energiø bornholm,6: energiø bornholm,
6,energiø bornholm,6: energiø bornholm,
6,energiø bornholm,6: energiø bornholm,
6,energiø bornholm,6: energiø bornholm,
6,energiø bornholm,6: energiø bornholm,
6,energiø bornholm,6: energiø bornholm,
6,energiø bornholm,6: energiø bornholm,
6,energiø bornholm,6: energiø bornholm,
6,energiø bornholm,6: energiø bornholm,
6,energiø bornholm,6: energiø bornholm,
6,energiø bornholm,6: energiø bornholm,
6,energiø bornholm,6: energiø bornholm,
6,energiø bornholm,6: energiø bornholm,
6,energiø bornholm,6: energiø bornholm,
6,energiø bornholm,6: energiø bornholm,
6,energiø bornholm,6: energiø bornholm,
6,energiø bornholm,6: energiø bornholm,
6,energiø bornholm,6: energiø bornholm,
6,energiø bornholm,6: energiø bornholm,
6,energiø bornholm,6: energiø bornholm,
6,energiø bornholm,6: energiø bornholm,
6,energiø bornholm,6: energiø bornholm,
6,energiø bornholm,6: energiø bornholm,
6,energiø bornholm,6: energiø bornholm,
6,energiø bornholm,6: energiø bornholm,
6,energiø bornholm,6: energiø bornholm,
6,energiø bornholm,6: energiø bornholm,
6,energiø bornholm,6: energiø bornholm,
6,energiø bornholm,6: energiø bornholm,
6,energiø bornholm,6: energiø bornholm,
6,energiø bornholm,6: energiø bornholm,
6,energiø bornholm,6: energiø bornholm,
6,energiø bornholm,6: energiø bornholm,
6,energiø bornholm,6: energiø bornholm,
6,energiø bornholm,6: energiø bornholm,
6,energiø bornholm,6: energiø bornholm,
6,energiø bornholm,6: energiø bornholm,
6,energiø bornholm,6: energiø bornholm,
6,energiø bornholm,6: energiø bornholm,
6,energiø bornholm,6: energiø bornholm,
6,energiø bornholm,6: energiø bornholm,
6,energiø bornholm,6: energiø bornholm,
6,energiø bornholm,6: energiø bornholm,
6,energiø bornholm,6: energiø bornholm,
6,energiø bornholm,6: energiø bornholm,
6,energiø bornholm,6: energiø bornholm,
6,energiø bornholm,6: energiø bornholm,
6,energiø bornholm,6: energiø bornholm,
6,energiø bornholm,6: energiø bornholm,
6,energiø bornholm,6: energiø bornholm,
6,energiø bornholm,6: energiø bornholm,
6,energiø bornholm,6: energiø bornholm,
6,energiø bornholm,6: energiø bornholm,
6,energiø bornholm,6: energiø bornholm,
6,energiø bornholm,6: energiø bornholm,
4,baltic sea,4: baltic sea,
4,baltic sea,4: baltic sea,
4,baltic sea,4: baltic sea,
4,baltic sea,4: baltic sea,
4,baltic sea,4: baltic sea,
4,baltic sea,4: baltic sea,
4,baltic sea,4: baltic sea,
4,baltic sea,4: baltic sea,
4,baltic sea,4: baltic sea,
4,baltic sea,4: baltic sea,
4,baltic sea,4: baltic sea,
4,baltic sea,4: baltic sea,
4,baltic sea,4: baltic sea,
4,baltic sea,4: baltic sea,
4,baltic sea,4: baltic sea,
4,baltic sea,4: baltic sea,
4,baltic sea,4: baltic sea,
4,baltic sea,4: baltic sea,
4,baltic sea,4: baltic sea,
4,baltic sea,4: baltic sea,
4,baltic sea,4: baltic sea,
4,baltic sea,4: baltic sea,
4,baltic sea,4: baltic sea,
4,baltic sea,4: baltic sea,
4,baltic sea,4: baltic sea,
4,baltic sea,4: baltic sea,
4,baltic sea,4: baltic sea,
4,baltic sea,4: baltic sea,
4,baltic sea,4: baltic sea,
4,baltic sea,4: baltic sea,
4,baltic sea,4: baltic sea,
4,baltic sea,4: baltic sea,
4,baltic sea,4: baltic sea,
4,baltic sea,4: baltic sea,
4,baltic sea,4: baltic sea,
4,baltic sea,4: baltic sea,
4,baltic sea,4: baltic sea,
4,baltic sea,4: baltic sea,
4,baltic sea,4: baltic sea,
4,baltic sea,4: baltic sea,
4,baltic sea,4: baltic sea,
4,baltic sea,4: baltic sea,
4,baltic sea,4: baltic sea,
4,baltic sea,4: baltic sea,
4,baltic sea,4: baltic sea,
4,baltic sea,4: baltic sea,
4,baltic sea,4: baltic sea,
4,baltic sea,4: baltic sea,
4,baltic sea,4: baltic sea,
4,baltic sea,4: baltic sea,
4,baltic sea,4: baltic sea,
4,baltic sea,4: baltic sea,
4,baltic sea,4: baltic sea,
4,baltic sea,4: baltic sea,
4,baltic sea,4: baltic sea,
4,baltic sea,4: baltic sea,
4,baltic sea,4: baltic sea,
4,baltic sea,4: baltic sea,
4,baltic sea,4: baltic sea,
4,baltic sea,4: baltic sea,
4,baltic sea,4: baltic sea,
4,baltic sea,4: baltic sea,
4,baltic sea,4: baltic sea,
4,baltic sea,4: baltic sea,
4,baltic sea,4: baltic sea,
4,baltic sea,4: baltic sea,
4,baltic sea,4: baltic sea,
4,baltic sea,4: baltic sea,
4,baltic sea,4: baltic sea,
4,baltic sea,4: baltic sea,
4,baltic sea,4: baltic sea,
4,baltic sea,4: baltic sea,
4,baltic sea,4: baltic sea,
4,baltic sea,4: baltic sea,
4,baltic sea,4: baltic sea,
4,baltic sea,4: baltic sea,
4,baltic sea,4: baltic sea,
4,baltic sea,4: baltic sea,
4,baltic sea,4: baltic sea,
4,baltic sea,4: baltic sea,
4,baltic sea,4: baltic sea,
4,baltic sea,4: baltic sea,
4,baltic sea,4: baltic sea,
4,baltic sea,4: baltic sea,
4,baltic sea,4: baltic sea,
4,baltic sea,4: baltic sea,
4,baltic sea,4: baltic sea,
4,baltic sea,4: baltic sea,
4,baltic sea,4: baltic sea,
4,baltic sea,4: baltic sea,
4,baltic sea,4: baltic sea,
4,baltic sea,4: baltic sea,
4,baltic sea,4: baltic sea,
4,baltic sea,4: baltic sea,
4,baltic sea,4: baltic sea,
4,baltic sea,4: baltic sea,
4,baltic sea,4: baltic sea,
4,baltic sea,4: baltic sea,
4,baltic sea,4: baltic sea,
4,baltic sea,4: baltic sea,
4,baltic sea,4: baltic sea,
4,baltic sea,4: baltic sea,
4,baltic sea,4: baltic sea,
4,baltic sea,4: baltic sea,
4,baltic sea,4: baltic sea,
4,baltic sea,4: baltic sea,
4,baltic sea,4: baltic sea,
4,baltic sea,4: baltic sea,
4,baltic sea,4: baltic sea,
4,baltic sea,4: baltic sea,
4,baltic sea,4: baltic sea,
4,baltic sea,4: baltic sea,
4,baltic sea,4: baltic sea,
4,baltic sea,4: baltic sea,
4,baltic sea,4: baltic sea,
4,baltic sea,4: baltic sea,
4,baltic sea,4: baltic sea,
4,baltic sea,4: baltic sea,
4,baltic sea,4: baltic sea,
4,baltic sea,4: baltic sea,
4,baltic sea,4: baltic sea,
4,baltic sea,4: baltic sea,
4,baltic sea,4: baltic sea,
4,baltic sea,4: baltic sea,
4,baltic sea,4: baltic sea,
4,baltic sea,4: baltic sea,
4,baltic sea,4: baltic sea,
4,baltic sea,4: baltic sea,
4,baltic sea,4: baltic sea,
4,baltic sea,4: baltic sea,
4,baltic sea,4: baltic sea,
4,baltic sea,4: baltic sea,
4,baltic sea,4: baltic sea,
4,baltic sea,4: baltic sea,
4,baltic sea,4: baltic sea,
4,baltic sea,4: baltic sea,
4,baltic sea,4: baltic sea,
4,baltic sea,4: baltic sea,
5,offshor grid,5: offshor grid,
5,offshor grid,5: offshor grid,
5,offshor grid,5: offshor grid,
5,offshor grid,5: offshor grid,
5,offshor grid,5: offshor grid,
5,offshor grid,5: offshor grid,
5,offshor grid,5: offshor grid,
5,offshor grid,5: offshor grid,
5,offshor grid,5: offshor grid,
5,offshor grid,5: offshor grid,
5,offshor grid,5: offshor grid,
5,offshor grid,5: offshor grid,
5,offshor grid,5: offshor grid,
5,offshor grid,5: offshor grid,
5,offshor grid,5: offshor grid,
5,offshor grid,5: offshor grid,
5,offshor grid,5: offshor grid,
5,offshor grid,5: offshor grid,
5,offshor grid,5: offshor grid,
5,offshor grid,5: offshor grid,
5,offshor grid,5: offshor grid,
5,offshor grid,5: offshor grid,
5,offshor grid,5: offshor grid,
5,offshor grid,5: offshor grid,
5,offshor grid,5: offshor grid,
5,offshor grid,5: offshor grid,
5,offshor grid,5: offshor grid,
5,offshor grid,5: offshor grid,
5,offshor grid,5: offshor grid,
5,offshor grid,5: offshor grid,
5,offshor grid,5: offshor grid,
5,offshor grid,5: offshor grid,
5,offshor grid,5: offshor grid,
5,offshor grid,5: offshor grid,
5,offshor grid,5: offshor grid,
5,offshor grid,5: offshor grid,
5,offshor grid,5: offshor grid,
5,offshor grid,5: offshor grid,
5,offshor grid,5: offshor grid,
5,offshor grid,5: offshor grid,
5,offshor grid,5: offshor grid,
5,offshor grid,5: offshor grid,
5,offshor grid,5: offshor grid,
5,offshor grid,5: offshor grid,
5,offshor grid,5: offshor grid,
5,offshor grid,5: offshor grid,
5,offshor grid,5: offshor grid,
5,offshor grid,5: offshor grid,
5,offshor grid,5: offshor grid,
5,offshor grid,5: offshor grid,
5,offshor grid,5: offshor grid,
5,offshor grid,5: offshor grid,
5,offshor grid,5: offshor grid,
5,offshor grid,5: offshor grid,
5,offshor grid,5: offshor grid,
5,offshor grid,5: offshor grid,
5,offshor grid,5: offshor grid,
5,offshor grid,5: offshor grid,
5,offshor grid,5: offshor grid,
5,offshor grid,5: offshor grid,
5,offshor grid,5: offshor grid,
5,offshor grid,5: offshor grid,
5,offshor grid,5: offshor grid,
5,offshor grid,5: offshor grid,
5,offshor grid,5: offshor grid,
5,offshor grid,5: offshor grid,
5,offshor grid,5: offshor grid,
5,offshor grid,5: offshor grid,
5,offshor grid,5: offshor grid,
5,offshor grid,5: offshor grid,
5,offshor grid,5: offshor grid,
5,offshor grid,5: offshor grid,
5,offshor grid,5: offshor grid,
5,offshor grid,5: offshor grid,
5,offshor grid,5: offshor grid,
5,offshor grid,5: offshor grid,
5,offshor grid,5: offshor grid,
5,offshor grid,5: offshor grid,
5,offshor grid,5: offshor grid,
5,offshor grid,5: offshor grid,
5,offshor grid,5: offshor grid,
5,offshor grid,5: offshor grid,
5,offshor grid,5: offshor grid,
5,offshor grid,5: offshor grid,
5,offshor grid,5: offshor grid,
5,offshor grid,5: offshor grid,
5,offshor grid,5: offshor grid,
5,offshor grid,5: offshor grid,
5,offshor grid,5: offshor grid,
5,offshor grid,5: offshor grid,
5,offshor grid,5: offshor grid,
5,offshor grid,5: offshor grid,
5,offshor grid,5: offshor grid,
5,offshor grid,5: offshor grid,
5,offshor grid,5: offshor grid,
5,offshor grid,5: offshor grid,
5,offshor grid,5: offshor grid,
5,offshor grid,5: offshor grid,
5,offshor grid,5: offshor grid,
5,offshor grid,5: offshor grid,
5,offshor grid,5: offshor grid,
5,offshor grid,5: offshor grid,
5,offshor grid,5: offshor grid,
5,offshor grid,5: offshor grid,
5,offshor grid,5: offshor grid,
5,offshor grid,5: offshor grid,
5,offshor grid,5: offshor grid,
5,offshor grid,5: offshor grid,
5,offshor grid,5: offshor grid,
5,offshor grid,5: offshor grid,
5,offshor grid,5: offshor grid,
5,offshor grid,5: offshor grid,
5,offshor grid,5: offshor grid,
5,offshor grid,5: offshor grid,
5,offshor grid,5: offshor grid,
5,offshor grid,5: offshor grid,
5,offshor grid,5: offshor grid,
5,offshor grid,5: offshor grid,
5,offshor grid,5: offshor grid,
5,offshor grid,5: offshor grid,
5,offshor grid,5: offshor grid,
5,offshor grid,5: offshor grid,
5,offshor grid,5: offshor grid,
5,offshor grid,5: offshor grid,
5,offshor grid,5: offshor grid,
5,offshor grid,5: offshor grid,
5,offshor grid,5: offshor grid,
5,offshor grid,5: offshor grid,
5,offshor grid,5: offshor grid,
5,offshor grid,5: offshor grid,
5,offshor grid,5: offshor grid,
5,offshor grid,5: offshor grid,
5,offshor grid,5: offshor grid,
5,offshor grid,5: offshor grid,
5,offshor grid,5: offshor grid,
5,offshor grid,5: offshor grid,
5,offshor grid,5: offshor grid,
5,offshor grid,5: offshor grid,
5,offshor grid,5: offshor grid,
5,offshor grid,5: offshor grid,
5,offshor grid,5: offshor grid,
5,offshor grid,5: offshor grid,
5,offshor grid,5: offshor grid,
5,offshor grid,5: offshor grid,
5,offshor grid,5: offshor grid,
5,offshor grid,5: offshor grid,
5,offshor grid,5: offshor grid,
5,offshor grid,5: offshor grid,
5,offshor grid,5: offshor grid,
5,offshor grid,5: offshor grid,
5,offshor grid,5: offshor grid,
5,offshor grid,5: offshor grid,
5,offshor grid,5: offshor grid,
5,offshor grid,5: offshor grid,
5,offshor grid,5: offshor grid,
5,offshor grid,5: offshor grid,
5,offshor grid,5: offshor grid,
5,offshor grid,5: offshor grid,
5,offshor grid,5: offshor grid,
5,offshor grid,5: offshor grid,
5,offshor grid,5: offshor grid,
5,offshor grid,5: offshor grid,
5,offshor grid,5: offshor grid,
5,offshor grid,5: offshor grid,
5,offshor grid,5: offshor grid,
5,offshor grid,5: offshor grid,
5,offshor grid,5: offshor grid,
5,offshor grid,5: offshor grid,
5,offshor grid,5: offshor grid,
5,offshor grid,5: offshor grid,
5,offshor grid,5: offshor grid,
5,offshor grid,5: offshor grid,
5,offshor grid,5: offshor grid,
5,offshor grid,5: offshor grid,
5,offshor grid,5: offshor grid,
6,energiø bornholm,6: energiø bornholm,
6,energiø bornholm,6: energiø bornholm,
6,energiø bornholm,6: energiø bornholm,
6,energiø bornholm,6: energiø bornholm,
6,energiø bornholm,6: energiø bornholm,
6,energiø bornholm,6: energiø bornholm,
6,energiø bornholm,6: energiø bornholm,
6,energiø bornholm,6: energiø bornholm,
6,energiø bornholm,6: energiø bornholm,
6,energiø bornholm,6: energiø bornholm,
6,energiø bornholm,6: energiø bornholm,
6,energiø bornholm,6: energiø bornholm,
6,energiø bornholm,6: energiø bornholm,
6,energiø bornholm,6: energiø bornholm,
6,energiø bornholm,6: energiø bornholm,
6,energiø bornholm,6: energiø bornholm,
6,energiø bornholm,6: energiø bornholm,
6,energiø bornholm,6: energiø bornholm,
6,energiø bornholm,6: energiø bornholm,
6,energiø bornholm,6: energiø bornholm,
6,energiø bornholm,6: energiø bornholm,
6,energiø bornholm,6: energiø bornholm,
6,energiø bornholm,6: energiø bornholm,
6,energiø bornholm,6: energiø bornholm,
6,energiø bornholm,6: energiø bornholm,
6,energiø bornholm,6: energiø bornholm,
6,energiø bornholm,6: energiø bornholm,
6,energiø bornholm,6: energiø bornholm,
6,energiø bornholm,6: energiø bornholm,
6,energiø bornholm,6: energiø bornholm,
6,energiø bornholm,6: energiø bornholm,
6,energiø bornholm,6: energiø bornholm,
6,energiø bornholm,6: energiø bornholm,
6,energiø bornholm,6: energiø bornholm,
6,energiø bornholm,6: energiø bornholm,
6,energiø bornholm,6: energiø bornholm,
6,energiø bornholm,6: energiø bornholm,
6,energiø bornholm,6: energiø bornholm,
6,energiø bornholm,6: energiø bornholm,
6,energiø bornholm,6: energiø bornholm,
6,energiø bornholm,6: energiø bornholm,
6,energiø bornholm,6: energiø bornholm,
6,energiø bornholm,6: energiø bornholm,
6,energiø bornholm,6: energiø bornholm,
6,energiø bornholm,6: energiø bornholm,
6,energiø bornholm,6: energiø bornholm,
6,energiø bornholm,6: energiø bornholm,
6,energiø bornholm,6: energiø bornholm,
6,energiø bornholm,6: energiø bornholm,
6,energiø bornholm,6: energiø bornholm,
6,energiø bornholm,6: energiø bornholm,
6,energiø bornholm,6: energiø bornholm,
6,energiø bornholm,6: energiø bornholm,
6,energiø bornholm,6: energiø bornholm,
6,energiø bornholm,6: energiø bornholm,
6,energiø bornholm,6: energiø bornholm,
6,energiø bornholm,6: energiø bornholm,
6,energiø bornholm,6: energiø bornholm,
6,energiø bornholm,6: energiø bornholm,
6,energiø bornholm,6: energiø bornholm,
6,energiø bornholm,6: energiø bornholm,
6,energiø bornholm,6: energiø bornholm,
6,energiø bornholm,6: energiø bornholm,
6,energiø bornholm,6: energiø bornholm,
6,energiø bornholm,6: energiø bornholm,
6,energiø bornholm,6: energiø bornholm,
6,energiø bornholm,6: energiø bornholm,
6,energiø bornholm,6: energiø bornholm,
6,energiø bornholm,6: energiø bornholm,
6,energiø bornholm,6: energiø bornholm,
6,energiø bornholm,6: energiø bornholm,
6,energiø bornholm,6: energiø bornholm,
6,energiø bornholm,6: energiø bornholm,
6,energiø bornholm,6: energiø bornholm,
6,energiø bornholm,6: energiø bornholm,
6,energiø bornholm,6: energiø bornholm,
6,energiø bornholm,6: energiø bornholm,
6,energiø bornholm,6: energiø bornholm,
6,energiø bornholm,6: energiø bornholm,
6,energiø bornholm,6: energiø bornholm,
6,energiø bornholm,6: energiø bornholm,
6,energiø bornholm,6: energiø bornholm,
6,energiø bornholm,6: energiø bornholm,
6,energiø bornholm,6: energiø bornholm,
6,energiø bornholm,6: energiø bornholm,
6,energiø bornholm,6: energiø bornholm,
6,energiø bornholm,6: energiø bornholm,
6,energiø bornholm,6: energiø bornholm,
6,energiø bornholm,6: energiø bornholm,
6,energiø bornholm,6: energiø bornholm,
6,energiø bornholm,6: energiø bornholm,
6,energiø bornholm,6: energiø bornholm,
6,energiø bornholm,6: energiø bornholm,
6,energiø bornholm,6: energiø bornholm,
6,energiø bornholm,6: energiø bornholm,
6,energiø bornholm,6: energiø bornholm,
6,energiø bornholm,6: energiø bornholm,
6,energiø bornholm,6: energiø bornholm,
6,energiø bornholm,6: energiø bornholm,
6,energiø bornholm,6: energiø bornholm,
6,energiø bornholm,6: energiø bornholm,
6,energiø bornholm,6: energiø bornholm,
6,energiø bornholm,6: energiø bornholm,
6,energiø bornholm,6: energiø bornholm,
6,energiø bornholm,6: energiø bornholm,
6,energiø bornholm,6: energiø bornholm,
6,energiø bornholm,6: energiø bornholm,
6,energiø bornholm,6: energiø bornholm,
6,energiø bornholm,6: energiø bornholm,
6,energiø bornholm,6: energiø bornholm,
6,energiø bornholm,6: energiø bornholm,
6,energiø bornholm,6: energiø bornholm,
6,energiø bornholm,6: energiø bornholm,
6,energiø bornholm,6: energiø bornholm,
6,energiø bornholm,6: energiø bornholm,
6,energiø bornholm,6: energiø bornholm,
6,energiø bornholm,6: energiø bornholm,
6,energiø bornholm,6: energiø bornholm,
6,energiø bornholm,6: energiø bornholm,
6,energiø bornholm,6: energiø bornholm,
6,energiø bornholm,6: energiø bornholm,
6,energiø bornholm,6: energiø bornholm,
6,energiø bornholm,6: energiø bornholm,
6,energiø bornholm,6: energiø bornholm,
6,energiø bornholm,6: energiø bornholm,
6,energiø bornholm,6: energiø bornholm,
6,energiø bornholm,6: energiø bornholm,
6,energiø bornholm,6: energiø bornholm,
6,energiø bornholm,6: energiø bornholm,
6,energiø bornholm,6: energiø bornholm,
6,energiø bornholm,6: energiø bornholm,
6,energiø bornholm,6: energiø bornholm,
6,energiø bornholm,6: energiø bornholm,
6,energiø bornholm,6: energiø bornholm,
6,energiø bornholm,6: energiø bornholm,
6,energiø bornholm,6: energiø bornholm,
6,energiø bornholm,6: energiø bornholm,
6,energiø bornholm,6: energiø bornholm,
6,energiø bornholm,6: energiø bornholm,
6,energiø bornholm,6: energiø bornholm,
6,energiø bornholm,6: energiø bornholm,
6,energiø bornholm,6: energiø bornholm,
6,energiø bornholm,6: energiø bornholm,
6,energiø bornholm,6: energiø bornholm,
6,energiø bornholm,6: energiø bornholm,
6,energiø bornholm,6: energiø bornholm,
6,energiø bornholm,6: energiø bornholm,
6,energiø bornholm,6: energiø bornholm,
6,energiø bornholm,6: energiø bornholm,
6,energiø bornholm,6: energiø bornholm,
6,energiø bornholm,6: energiø bornholm,
6,energiø bornholm,6: energiø bornholm,
6,energiø bornholm,6: energiø bornholm,
6,energiø bornholm,6: energiø bornholm,
6,energiø bornholm,6: energiø bornholm,
6,energiø bornholm,6: energiø bornholm,
6,energiø bornholm,6: energiø bornholm,
6,energiø bornholm,6: energiø bornholm,
6,energiø bornholm,6: energiø bornholm,
6,energiø bornholm,6: energiø bornholm,
6,energiø bornholm,6: energiø bornholm,
6,energiø bornholm,6: energiø bornholm,
6,energiø bornholm,6: energiø bornholm,
6,energiø bornholm,6: energiø bornholm,
6,energiø bornholm,6: energiø bornholm,
6,energiø bornholm,6: energiø bornholm,
6,energiø bornholm,6: energiø bornholm,
6,energiø bornholm,6: energiø bornholm,
6,energiø bornholm,6: energiø bornholm,
6,energiø bornholm,6: energiø bornholm,
6,energiø bornholm,6: energiø bornholm,
0,energi island,0: energi island,
0,energi island,0: energi island,
0,energi island,0: energi island,
0,energi island,0: energi island,
0,energi island,0: energi island,
0,energi island,0: energi island,
0,energi island,0: energi island,
0,energi island,0: energi island,
0,energi island,0: energi island,
0,energi island,0: energi island,
0,energi island,0: energi island,
0,energi island,0: energi island,
0,energi island,0: energi island,
0,energi island,0: energi island,
0,energi island,0: energi island,
0,energi island,0: energi island,
0,energi island,0: energi island,
0,energi island,0: energi island,
0,energi island,0: energi island,
0,energi island,0: energi island,
0,energi island,0: energi island,
0,energi island,0: energi island,
0,energi island,0: energi island,
0,energi island,0: energi island,
0,energi island,0: energi island,
0,energi island,0: energi island,
0,energi island,0: energi island,
0,energi island,0: energi island,
0,energi island,0: energi island,
0,energi island,0: energi island,
0,energi island,0: energi island,
0,energi island,0: energi island,
0,energi island,0: energi island,
0,energi island,0: energi island,
0,energi island,0: energi island,
0,energi island,0: energi island,
0,energi island,0: energi island,
0,energi island,0: energi island,
0,energi island,0: energi island,
0,energi island,0: energi island,
0,energi island,0: energi island,
0,energi island,0: energi island,
0,energi island,0: energi island,
0,energi island,0: energi island,
0,energi island,0: energi island,
0,energi island,0: energi island,
0,energi island,0: energi island,
0,energi island,0: energi island,
0,energi island,0: energi island,
0,energi island,0: energi island,
0,energi island,0: energi island,
0,energi island,0: energi island,
0,energi island,0: energi island,
0,energi island,0: energi island,
0,energi island,0: energi island,
0,energi island,0: energi island,
0,energi island,0: energi island,
0,energi island,0: energi island,
0,energi island,0: energi island,
0,energi island,0: energi island,
0,energi island,0: energi island,
0,energi island,0: energi island,
0,energi island,0: energi island,
0,energi island,0: energi island,
0,energi island,0: energi island,
0,energi island,0: energi island,
0,energi island,0: energi island,
0,energi island,0: energi island,
0,energi island,0: energi island,
0,energi island,0: energi island,
0,energi island,0: energi island,
0,energi island,0: energi island,
0,energi island,0: energi island,
0,energi island,0: energi island,
0,energi island,0: energi island,
0,energi island,0: energi island,
0,energi island,0: energi island,
0,energi island,0: energi island,
0,energi island,0: energi island,
0,energi island,0: energi island,
0,energi island,0: energi island,
0,energi island,0: energi island,
0,energi island,0: energi island,
0,energi island,0: energi island,
0,energi island,0: energi island,
0,energi island,0: energi island,
0,energi island,0: energi island,
0,energi island,0: energi island,
0,energi island,0: energi island,
0,energi island,0: energi island,
0,energi island,0: energi island,
0,energi island,0: energi island,
0,energi island,0: energi island,
0,energi island,0: energi island,
0,energi island,0: energi island,
0,energi island,0: energi island,
0,energi island,0: energi island,
0,energi island,0: energi island,
0,energi island,0: energi island,
0,energi island,0: energi island,
0,energi island,0: energi island,
0,energi island,0: energi island,
0,energi island,0: energi island,
0,energi island,0: energi island,
0,energi island,0: energi island,
0,energi island,0: energi island,
0,energi island,0: energi island,
0,energi island,0: energi island,
0,energi island,0: energi island,
0,energi island,0: energi island,
0,energi island,0: energi island,
0,energi island,0: energi island,
0,energi island,0: energi island,
0,energi island,0: energi island,
0,energi island,0: energi island,
0,energi island,0: energi island,
0,energi island,0: energi island,
0,energi island,0: energi island,
0,energi island,0: energi island,
0,energi island,0: energi island,
0,energi island,0: energi island,
0,energi island,0: energi island,
0,energi island,0: energi island,
0,energi island,0: energi island,
0,energi island,0: energi island,
0,energi island,0: energi island,
0,energi island,0: energi island,
0,energi island,0: energi island,
0,energi island,0: energi island,
0,energi island,0: energi island,
0,energi island,0: energi island,
0,energi island,0: energi island,
0,energi island,0: energi island,
0,energi island,0: energi island,
0,energi island,0: energi island,
0,energi island,0: energi island,
0,energi island,0: energi island,
0,energi island,0: energi island,
0,energi island,0: energi island,
0,energi island,0: energi island,
0,energi island,0: energi island,
0,energi island,0: energi island,
0,energi island,0: energi island,
0,energi island,0: energi island,
0,energi island,0: energi island,
0,energi island,0: energi island,
0,energi island,0: energi island,
0,energi island,0: energi island,
0,energi island,0: energi island,
0,energi island,0: energi island,
0,energi island,0: energi island,
0,energi island,0: energi island,
0,energi island,0: energi island,
0,energi island,0: energi island,
0,energi island,0: energi island,
0,energi island,0: energi island,
0,energi island,0: energi island,
8,wind turbin,8: wind turbin,
8,wind turbin,8: wind turbin,
8,wind turbin,8: wind turbin,
8,wind turbin,8: wind turbin,
8,wind turbin,8: wind turbin,
8,wind turbin,8: wind turbin,
8,wind turbin,8: wind turbin,
8,wind turbin,8: wind turbin,
8,wind turbin,8: wind turbin,
8,wind turbin,8: wind turbin,
8,wind turbin,8: wind turbin,
8,wind turbin,8: wind turbin,
8,wind turbin,8: wind turbin,
8,wind turbin,8: wind turbin,
8,wind turbin,8: wind turbin,
8,wind turbin,8: wind turbin,
8,wind turbin,8: wind turbin,
8,wind turbin,8: wind turbin,
8,wind turbin,8: wind turbin,
8,wind turbin,8: wind turbin,
8,wind turbin,8: wind turbin,
8,wind turbin,8: wind turbin,
8,wind turbin,8: wind turbin,
8,wind turbin,8: wind turbin,
8,wind turbin,8: wind turbin,
8,wind turbin,8: wind turbin,
8,wind turbin,8: wind turbin,
8,wind turbin,8: wind turbin,
8,wind turbin,8: wind turbin,
8,wind turbin,8: wind turbin,
8,wind turbin,8: wind turbin,
8,wind turbin,8: wind turbin,
8,wind turbin,8: wind turbin,
8,wind turbin,8: wind turbin,
8,wind turbin,8: wind turbin,
8,wind turbin,8: wind turbin,
8,wind turbin,8: wind turbin,
8,wind turbin,8: wind turbin,
8,wind turbin,8: wind turbin,
8,wind turbin,8: wind turbin,
8,wind turbin,8: wind turbin,
8,wind turbin,8: wind turbin,
8,wind turbin,8: wind turbin,
8,wind turbin,8: wind turbin,
8,wind turbin,8: wind turbin,
8,wind turbin,8: wind turbin,
8,wind turbin,8: wind turbin,
8,wind turbin,8: wind turbin,
8,wind turbin,8: wind turbin,
8,wind turbin,8: wind turbin,
8,wind turbin,8: wind turbin,
8,wind turbin,8: wind turbin,
8,wind turbin,8: wind turbin,
8,wind turbin,8: wind turbin,
8,wind turbin,8: wind turbin,
8,wind turbin,8: wind turbin,
8,wind turbin,8: wind turbin,
8,wind turbin,8: wind turbin,
8,wind turbin,8: wind turbin,
8,wind turbin,8: wind turbin,
8,wind turbin,8: wind turbin,
8,wind turbin,8: wind turbin,
8,wind turbin,8: wind turbin,
8,wind turbin,8: wind turbin,
8,wind turbin,8: wind turbin,
8,wind turbin,8: wind turbin,
8,wind turbin,8: wind turbin,
8,wind turbin,8: wind turbin,
8,wind turbin,8: wind turbin,
8,wind turbin,8: wind turbin,
8,wind turbin,8: wind turbin,
8,wind turbin,8: wind turbin,
8,wind turbin,8: wind turbin,
8,wind turbin,8: wind turbin,
8,wind turbin,8: wind turbin,
8,wind turbin,8: wind turbin,
8,wind turbin,8: wind turbin,
8,wind turbin,8: wind turbin,
8,wind turbin,8: wind turbin,
8,wind turbin,8: wind turbin,
8,wind turbin,8: wind turbin,
8,wind turbin,8: wind turbin,
8,wind turbin,8: wind turbin,
8,wind turbin,8: wind turbin,
8,wind turbin,8: wind turbin,
8,wind turbin,8: wind turbin,
8,wind turbin,8: wind turbin,
8,wind turbin,8: wind turbin,
8,wind turbin,8: wind turbin,
8,wind turbin,8: wind turbin,
8,wind turbin,8: wind turbin,
8,wind turbin,8: wind turbin,
8,wind turbin,8: wind turbin,
8,wind turbin,8: wind turbin,
8,wind turbin,8: wind turbin,
8,wind turbin,8: wind turbin,
8,wind turbin,8: wind turbin,
8,wind turbin,8: wind turbin,
8,wind turbin,8: wind turbin,
8,wind turbin,8: wind turbin,
8,wind turbin,8: wind turbin,
8,wind turbin,8: wind turbin,
8,wind turbin,8: wind turbin,
8,wind turbin,8: wind turbin,
8,wind turbin,8: wind turbin,
8,wind turbin,8: wind turbin,
8,wind turbin,8: wind turbin,
8,wind turbin,8: wind turbin,
8,wind turbin,8: wind turbin,
8,wind turbin,8: wind turbin,
8,wind turbin,8: wind turbin,
8,wind turbin,8: wind turbin,
8,wind turbin,8: wind turbin,
8,wind turbin,8: wind turbin,
8,wind turbin,8: wind turbin,
8,wind turbin,8: wind turbin,
8,wind turbin,8: wind turbin,
8,wind turbin,8: wind turbin,
8,wind turbin,8: wind turbin,
8,wind turbin,8: wind turbin,
8,wind turbin,8: wind turbin,
8,wind turbin,8: wind turbin,
8,wind turbin,8: wind turbin,
8,wind turbin,8: wind turbin,
8,wind turbin,8: wind turbin,
8,wind turbin,8: wind turbin,
8,wind turbin,8: wind turbin,
8,wind turbin,8: wind turbin,
8,wind turbin,8: wind turbin,
8,wind turbin,8: wind turbin,
0,energi island,0: energi island,
0,energi island,0: energi island,
0,energi island,0: energi island,
0,energi island,0: energi island,
0,energi island,0: energi island,
0,energi island,0: energi island,
0,energi island,0: energi island,
0,energi island,0: energi island,
0,energi island,0: energi island,
0,energi island,0: energi island,
0,energi island,0: energi island,
0,energi island,0: energi island,
0,energi island,0: energi island,
0,energi island,0: energi island,
0,energi island,0: energi island,
0,energi island,0: energi island,
0,energi island,0: energi island,
0,energi island,0: energi island,
0,energi island,0: energi island,
0,energi island,0: energi island,
0,energi island,0: energi island,
0,energi island,0: energi island,
0,energi island,0: energi island,
0,energi island,0: energi island,
0,energi island,0: energi island,
0,energi island,0: energi island,
0,energi island,0: energi island,
0,energi island,0: energi island,
0,energi island,0: energi island,
0,energi island,0: energi island,
0,energi island,0: energi island,
0,energi island,0: energi island,
0,energi island,0: energi island,
0,energi island,0: energi island,
0,energi island,0: energi island,
0,energi island,0: energi island,
0,energi island,0: energi island,
0,energi island,0: energi island,
0,energi island,0: energi island,
0,energi island,0: energi island,
0,energi island,0: energi island,
0,energi island,0: energi island,
0,energi island,0: energi island,
0,energi island,0: energi island,
0,energi island,0: energi island,
0,energi island,0: energi island,
0,energi island,0: energi island,
0,energi island,0: energi island,
0,energi island,0: energi island,
0,energi island,0: energi island,
0,energi island,0: energi island,
0,energi island,0: energi island,
0,energi island,0: energi island,
0,energi island,0: energi island,
0,energi island,0: energi island,
0,energi island,0: energi island,
0,energi island,0: energi island,
0,energi island,0: energi island,
0,energi island,0: energi island,
0,energi island,0: energi island,
0,energi island,0: energi island,
0,energi island,0: energi island,
0,energi island,0: energi island,
0,energi island,0: energi island,
0,energi island,0: energi island,
0,energi island,0: energi island,
0,energi island,0: energi island,
0,energi island,0: energi island,
0,energi island,0: energi island,
0,energi island,0: energi island,
0,energi island,0: energi island,
0,energi island,0: energi island,
0,energi island,0: energi island,
0,energi island,0: energi island,
0,energi island,0: energi island,
0,energi island,0: energi island,
0,energi island,0: energi island,
0,energi island,0: energi island,
0,energi island,0: energi island,
0,energi island,0: energi island,
0,energi island,0: energi island,
0,energi island,0: energi island,
0,energi island,0: energi island,
0,energi island,0: energi island,
0,energi island,0: energi island,
0,energi island,0: energi island,
0,energi island,0: energi island,
0,energi island,0: energi island,
0,energi island,0: energi island,
0,energi island,0: energi island,
0,energi island,0: energi island,
0,energi island,0: energi island,
0,energi island,0: energi island,
0,energi island,0: energi island,
0,energi island,0: energi island,
0,energi island,0: energi island,
0,energi island,0: energi island,
0,energi island,0: energi island,
0,energi island,0: energi island,
0,energi island,0: energi island,
0,energi island,0: energi island,
0,energi island,0: energi island,
0,energi island,0: energi island,
0,energi island,0: energi island,
0,energi island,0: energi island,
0,energi island,0: energi island,
0,energi island,0: energi island,
0,energi island,0: energi island,
0,energi island,0: energi island,
0,energi island,0: energi island,
0,energi island,0: energi island,
0,energi island,0: energi island,
0,energi island,0: energi island,
0,energi island,0: energi island,
0,energi island,0: energi island,
0,energi island,0: energi island,
0,energi island,0: energi island,
0,energi island,0: energi island,
0,energi island,0: energi island,
0,energi island,0: energi island,
0,energi island,0: energi island,
0,energi island,0: energi island,
0,energi island,0: energi island,
0,energi island,0: energi island,
0,energi island,0: energi island,
0,energi island,0: energi island,
0,energi island,0: energi island,
0,energi island,0: energi island,
0,energi island,0: energi island,
0,energi island,0: energi island,
0,energi island,0: energi island,
0,energi island,0: energi island,
0,energi island,0: energi island,
0,energi island,0: energi island,
0,energi island,0: energi island,
0,energi island,0: energi island,
0,energi island,0: energi island,
0,energi island,0: energi island,
0,energi island,0: energi island,
0,energi island,0: energi island,
0,energi island,0: energi island,
0,energi island,0: energi island,
0,energi island,0: energi island,
0,energi island,0: energi island,
0,energi island,0: energi island,
0,energi island,0: energi island,
0,energi island,0: energi island,
0,energi island,0: energi island,
0,energi island,0: energi island,
0,energi island,0: energi island,
0,energi island,0: energi island,
0,energi island,0: energi island,
0,energi island,0: energi island,
0,energi island,0: energi island,
0,energi island,0: energi island,
0,energi island,0: energi island,
0,energi island,0: energi island,
2,municip council,2: municip council,
2,municip council,2: municip council,
2,municip council,2: municip council,
2,municip council,2: municip council,
2,municip council,2: municip council,
2,municip council,2: municip council,
2,municip council,2: municip council,
2,municip council,2: municip council,
2,municip council,2: municip council,
2,municip council,2: municip council,
2,municip council,2: municip council,
2,municip council,2: municip council,
2,municip council,2: municip council,
2,municip council,2: municip council,
2,municip council,2: municip council,
2,municip council,2: municip council,
2,municip council,2: municip council,
2,municip council,2: municip council,
2,municip council,2: municip council,
2,municip council,2: municip council,
2,municip council,2: municip council,
2,municip council,2: municip council,
2,municip council,2: municip council,
2,municip council,2: municip council,
2,municip council,2: municip council,
2,municip council,2: municip council,
2,municip council,2: municip council,
2,municip council,2: municip council,
2,municip council,2: municip council,
2,municip council,2: municip council,
2,municip council,2: municip council,
2,municip council,2: municip council,
2,municip council,2: municip council,
2,municip council,2: municip council,
2,municip council,2: municip council,
2,municip council,2: municip council,
2,municip council,2: municip council,
2,municip council,2: municip council,
2,municip council,2: municip council,
2,municip council,2: municip council,
2,municip council,2: municip council,
2,municip council,2: municip council,
2,municip council,2: municip council,
2,municip council,2: municip council,
2,municip council,2: municip council,
2,municip council,2: municip council,
2,municip council,2: municip council,
2,municip council,2: municip council,
2,municip council,2: municip council,
2,municip council,2: municip council,
2,municip council,2: municip council,
2,municip council,2: municip council,
2,municip council,2: municip council,
2,municip council,2: municip council,
2,municip council,2: municip council,
2,municip council,2: municip council,
2,municip council,2: municip council,
2,municip council,2: municip council,
2,municip council,2: municip council,
2,municip council,2: municip council,
2,municip council,2: municip council,
2,municip council,2: municip council,
2,municip council,2: municip council,
2,municip council,2: municip council,
2,municip council,2: municip council,
2,municip council,2: municip council,
2,municip council,2: municip council,
2,municip council,2: municip council,
2,municip council,2: municip council,
2,municip council,2: municip council,
2,municip council,2: municip council,
2,municip council,2: municip council,
2,municip council,2: municip council,
2,municip council,2: municip council,
2,municip council,2: municip council,
2,municip council,2: municip council,
2,municip council,2: municip council,
2,municip council,2: municip council,
2,municip council,2: municip council,
2,municip council,2: municip council,
2,municip council,2: municip council,
2,municip council,2: municip council,
2,municip council,2: municip council,
2,municip council,2: municip council,
2,municip council,2: municip council,
2,municip council,2: municip council,
2,municip council,2: municip council,
2,municip council,2: municip council,
2,municip council,2: municip council,
2,municip council,2: municip council,
2,municip council,2: municip council,
2,municip council,2: municip council,
2,municip council,2: municip council,
2,municip council,2: municip council,
2,municip council,2: municip council,
2,municip council,2: municip council,
2,municip council,2: municip council,
2,municip council,2: municip council,
2,municip council,2: municip council,
2,municip council,2: municip council,
2,municip council,2: municip council,
2,municip council,2: municip council,
2,municip council,2: municip council,
2,municip council,2: municip council,
2,municip council,2: municip council,
2,municip council,2: municip council,
2,municip council,2: municip council,
2,municip council,2: municip council,
2,municip council,2: municip council,
2,municip council,2: municip council,
2,municip council,2: municip council,
2,municip council,2: municip council,
2,municip council,2: municip council,
2,municip council,2: municip council,
2,municip council,2: municip council,
2,municip council,2: municip council,
2,municip council,2: municip council,
2,municip council,2: municip council,
2,municip council,2: municip council,
2,municip council,2: municip council,
2,municip council,2: municip council,
2,municip council,2: municip council,
2,municip council,2: municip council,
2,municip council,2: municip council,
2,municip council,2: municip council,
2,municip council,2: municip council,
2,municip council,2: municip council,
2,municip council,2: municip council,
2,municip council,2: municip council,
2,municip council,2: municip council,
2,municip council,2: municip council,
2,municip council,2: municip council,
2,municip council,2: municip council,
2,municip council,2: municip council,
2,municip council,2: municip council,
2,municip council,2: municip council,
2,municip council,2: municip council,
2,municip council,2: municip council,
2,municip council,2: municip council,
2,municip council,2: municip council,
2,municip council,2: municip council,
2,municip council,2: municip council,
2,municip council,2: municip council,
2,municip council,2: municip council,
2,municip council,2: municip council,
2,municip council,2: municip council,
2,municip council,2: municip council,
2,municip council,2: municip council,
2,municip council,2: municip council,
2,municip council,2: municip council,
2,municip council,2: municip council,
2,municip council,2: municip council,
2,municip council,2: municip council,
2,municip council,2: municip council,
2,municip council,2: municip council,
2,municip council,2: municip council,
2,municip council,2: municip council,
2,municip council,2: municip council,
2,municip council,2: municip council,
2,municip council,2: municip council,
2,municip council,2: municip council,
2,municip council,2: municip council,
2,municip council,2: municip council,
2,municip council,2: municip council,
2,municip council,2: municip council,
2,municip council,2: municip council,
2,municip council,2: municip council,
2,municip council,2: municip council,
2,municip council,2: municip council,
2,municip council,2: municip council,
2,municip council,2: municip council,
2,municip council,2: municip council,
2,municip council,2: municip council,
2,municip council,2: municip council,
2,municip council,2: municip council,
2,municip council,2: municip council,
2,municip council,2: municip council,
2,municip council,2: municip council,
2,municip council,2: municip council,
2,municip council,2: municip council,
2,municip council,2: municip council,
2,municip council,2: municip council,
2,municip council,2: municip council,
2,municip council,2: municip council,
2,municip council,2: municip council,
2,municip council,2: municip council,
2,municip council,2: municip council,
2,municip council,2: municip council,
2,municip council,2: municip council,
2,municip council,2: municip council,
2,municip council,2: municip council,
2,municip council,2: municip council,
2,municip council,2: municip council,
2,municip council,2: municip council,
2,municip council,2: municip council,
2,municip council,2: municip council,
2,municip council,2: municip council,
2,municip council,2: municip council,
2,municip council,2: municip council,
2,municip council,2: municip council,
2,municip council,2: municip council,
2,municip council,2: municip council,
2,municip council,2: municip council,
2,municip council,2: municip council,
2,municip council,2: municip council,
2,municip council,2: municip council,
2,municip council,2: municip council,
2,municip council,2: municip council,
2,municip council,2: municip council,
2,municip council,2: municip council,
2,municip council,2: municip council,
2,municip council,2: municip council,
2,municip council,2: municip council,
2,municip council,2: municip council,
2,municip council,2: municip council,
2,municip council,2: municip council,
2,municip council,2: municip council,
2,municip council,2: municip council,
2,municip council,2: municip council,
2,municip council,2: municip council,
2,municip council,2: municip council,
2,municip council,2: municip council,
2,municip council,2: municip council,
2,municip council,2: municip council,
2,municip council,2: municip council,
2,municip council,2: municip council,
2,municip council,2: municip council,
2,municip council,2: municip council,
2,municip council,2: municip council,
2,municip council,2: municip council,
2,municip council,2: municip council,
2,municip council,2: municip council,
2,municip council,2: municip council,
2,municip council,2: municip council,
2,municip council,2: municip council,
2,municip council,2: municip council,
2,municip council,2: municip council,
2,municip council,2: municip council,
2,municip council,2: municip council,
2,municip council,2: municip council,
2,municip council,2: municip council,
2,municip council,2: municip council,
2,municip council,2: municip council,
2,municip council,2: municip council,
2,municip council,2: municip council,
2,municip council,2: municip council,
2,municip council,2: municip council,
2,municip council,2: municip council,
2,municip council,2: municip council,
2,municip council,2: municip council,
2,municip council,2: municip council,
2,municip council,2: municip council,
2,municip council,2: municip council,
2,municip council,2: municip council,
2,municip council,2: municip council,
2,municip council,2: municip council,
2,municip council,2: municip council,
2,municip council,2: municip council,
2,municip council,2: municip council,
2,municip council,2: municip council,
2,municip council,2: municip council,
2,municip council,2: municip council,
2,municip council,2: municip council,
2,municip council,2: municip council,
2,municip council,2: municip council,
2,municip council,2: municip council,
2,municip council,2: municip council,
2,municip council,2: municip council,
2,municip council,2: municip council,
2,municip council,2: municip council,
2,municip council,2: municip council,
2,municip council,2: municip council,
2,municip council,2: municip council,
2,municip council,2: municip council,
2,municip council,2: municip council,
2,municip council,2: municip council,
2,municip council,2: municip council,
2,municip council,2: municip council,
2,municip council,2: municip council,
2,municip council,2: municip council,
2,municip council,2: municip council,
2,municip council,2: municip council,
2,municip council,2: municip council,
2,municip council,2: municip council,
2,municip council,2: municip council,
2,municip council,2: municip council,
2,municip council,2: municip council,
2,municip council,2: municip council,
2,municip council,2: municip council,
2,municip council,2: municip council,
2,municip council,2: municip council,
2,municip council,2: municip council,
2,municip council,2: municip council,
2,municip council,2: municip council,
2,municip council,2: municip council,
2,municip council,2: municip council,
2,municip council,2: municip council,
2,municip council,2: municip council,
2,municip council,2: municip council,
2,municip council,2: municip council,
2,municip council,2: municip council,
2,municip council,2: municip council,
2,municip council,2: municip council,
2,municip council,2: municip council,
2,municip council,2: municip council,
2,municip council,2: municip council,
2,municip council,2: municip council,
2,municip council,2: municip council,
2,municip council,2: municip council,
2,municip council,2: municip council,
2,municip council,2: municip council,
2,municip council,2: municip council,
0,energi island,0: energi island,
0,energi island,0: energi island,
0,energi island,0: energi island,
0,energi island,0: energi island,
0,energi island,0: energi island,
0,energi island,0: energi island,
0,energi island,0: energi island,
0,energi island,0: energi island,
0,energi island,0: energi island,
0,energi island,0: energi island,
0,energi island,0: energi island,
0,energi island,0: energi island,
0,energi island,0: energi island,
0,energi island,0: energi island,
0,energi island,0: energi island,
0,energi island,0: energi island,
0,energi island,0: energi island,
0,energi island,0: energi island,
0,energi island,0: energi island,
0,energi island,0: energi island,
0,energi island,0: energi island,
0,energi island,0: energi island,
0,energi island,0: energi island,
0,energi island,0: energi island,
0,energi island,0: energi island,
0,energi island,0: energi island,
0,energi island,0: energi island,
0,energi island,0: energi island,
0,energi island,0: energi island,
0,energi island,0: energi island,
0,energi island,0: energi island,
0,energi island,0: energi island,
0,energi island,0: energi island,
0,energi island,0: energi island,
0,energi island,0: energi island,
0,energi island,0: energi island,
0,energi island,0: energi island,
0,energi island,0: energi island,
0,energi island,0: energi island,
0,energi island,0: energi island,
0,energi island,0: energi island,
0,energi island,0: energi island,
0,energi island,0: energi island,
0,energi island,0: energi island,
0,energi island,0: energi island,
0,energi island,0: energi island,
0,energi island,0: energi island,
0,energi island,0: energi island,
0,energi island,0: energi island,
0,energi island,0: energi island,
0,energi island,0: energi island,
0,energi island,0: energi island,
0,energi island,0: energi island,
0,energi island,0: energi island,
0,energi island,0: energi island,
0,energi island,0: energi island,
0,energi island,0: energi island,
0,energi island,0: energi island,
0,energi island,0: energi island,
0,energi island,0: energi island,
0,energi island,0: energi island,
0,energi island,0: energi island,
0,energi island,0: energi island,
0,energi island,0: energi island,
0,energi island,0: energi island,
0,energi island,0: energi island,
0,energi island,0: energi island,
0,energi island,0: energi island,
0,energi island,0: energi island,
0,energi island,0: energi island,
0,energi island,0: energi island,
0,energi island,0: energi island,
0,energi island,0: energi island,
0,energi island,0: energi island,
0,energi island,0: energi island,
0,energi island,0: energi island,
0,energi island,0: energi island,
0,energi island,0: energi island,
0,energi island,0: energi island,
0,energi island,0: energi island,
0,energi island,0: energi island,
0,energi island,0: energi island,
0,energi island,0: energi island,
0,energi island,0: energi island,
0,energi island,0: energi island,
0,energi island,0: energi island,
0,energi island,0: energi island,
0,energi island,0: energi island,
0,energi island,0: energi island,
0,energi island,0: energi island,
0,energi island,0: energi island,
0,energi island,0: energi island,
0,energi island,0: energi island,
0,energi island,0: energi island,
0,energi island,0: energi island,
0,energi island,0: energi island,
0,energi island,0: energi island,
0,energi island,0: energi island,
0,energi island,0: energi island,
0,energi island,0: energi island,
0,energi island,0: energi island,
0,energi island,0: energi island,
0,energi island,0: energi island,
0,energi island,0: energi island,
0,energi island,0: energi island,
0,energi island,0: energi island,
0,energi island,0: energi island,
0,energi island,0: energi island,
0,energi island,0: energi island,
0,energi island,0: energi island,
0,energi island,0: energi island,
0,energi island,0: energi island,
0,energi island,0: energi island,
0,energi island,0: energi island,
0,energi island,0: energi island,
0,energi island,0: energi island,
0,energi island,0: energi island,
0,energi island,0: energi island,
0,energi island,0: energi island,
0,energi island,0: energi island,
0,energi island,0: energi island,
0,energi island,0: energi island,
0,energi island,0: energi island,
0,energi island,0: energi island,
0,energi island,0: energi island,
0,energi island,0: energi island,
0,energi island,0: energi island,
0,energi island,0: energi island,
0,energi island,0: energi island,
0,energi island,0: energi island,
0,energi island,0: energi island,
0,energi island,0: energi island,
0,energi island,0: energi island,
0,energi island,0: energi island,
0,energi island,0: energi island,
0,energi island,0: energi island,
0,energi island,0: energi island,
0,energi island,0: energi island,
0,energi island,0: energi island,
0,energi island,0: energi island,
0,energi island,0: energi island,
0,energi island,0: energi island,
0,energi island,0: energi island,
0,energi island,0: energi island,
0,energi island,0: energi island,
0,energi island,0: energi island,
0,energi island,0: energi island,
0,energi island,0: energi island,
0,energi island,0: energi island,
0,energi island,0: energi island,
0,energi island,0: energi island,
0,energi island,0: energi island,
0,energi island,0: energi island,
0,energi island,0: energi island,
0,energi island,0: energi island,
0,energi island,0: energi island,
0,energi island,0: energi island,
6,energiø bornholm,6: energiø bornholm,
6,energiø bornholm,6: energiø bornholm,
6,energiø bornholm,6: energiø bornholm,
6,energiø bornholm,6: energiø bornholm,
6,energiø bornholm,6: energiø bornholm,
6,energiø bornholm,6: energiø bornholm,
6,energiø bornholm,6: energiø bornholm,
6,energiø bornholm,6: energiø bornholm,
6,energiø bornholm,6: energiø bornholm,
6,energiø bornholm,6: energiø bornholm,
6,energiø bornholm,6: energiø bornholm,
6,energiø bornholm,6: energiø bornholm,
6,energiø bornholm,6: energiø bornholm,
6,energiø bornholm,6: energiø bornholm,
6,energiø bornholm,6: energiø bornholm,
6,energiø bornholm,6: energiø bornholm,
6,energiø bornholm,6: energiø bornholm,
6,energiø bornholm,6: energiø bornholm,
6,energiø bornholm,6: energiø bornholm,
6,energiø bornholm,6: energiø bornholm,
6,energiø bornholm,6: energiø bornholm,
6,energiø bornholm,6: energiø bornholm,
6,energiø bornholm,6: energiø bornholm,
6,energiø bornholm,6: energiø bornholm,
6,energiø bornholm,6: energiø bornholm,
6,energiø bornholm,6: energiø bornholm,
6,energiø bornholm,6: energiø bornholm,
6,energiø bornholm,6: energiø bornholm,
6,energiø bornholm,6: energiø bornholm,
6,energiø bornholm,6: energiø bornholm,
6,energiø bornholm,6: energiø bornholm,
6,energiø bornholm,6: energiø bornholm,
6,energiø bornholm,6: energiø bornholm,
6,energiø bornholm,6: energiø bornholm,
6,energiø bornholm,6: energiø bornholm,
6,energiø bornholm,6: energiø bornholm,
6,energiø bornholm,6: energiø bornholm,
6,energiø bornholm,6: energiø bornholm,
6,energiø bornholm,6: energiø bornholm,
6,energiø bornholm,6: energiø bornholm,
6,energiø bornholm,6: energiø bornholm,
6,energiø bornholm,6: energiø bornholm,
6,energiø bornholm,6: energiø bornholm,
6,energiø bornholm,6: energiø bornholm,
6,energiø bornholm,6: energiø bornholm,
6,energiø bornholm,6: energiø bornholm,
6,energiø bornholm,6: energiø bornholm,
6,energiø bornholm,6: energiø bornholm,
6,energiø bornholm,6: energiø bornholm,
6,energiø bornholm,6: energiø bornholm,
6,energiø bornholm,6: energiø bornholm,
6,energiø bornholm,6: energiø bornholm,
6,energiø bornholm,6: energiø bornholm,
6,energiø bornholm,6: energiø bornholm,
6,energiø bornholm,6: energiø bornholm,
6,energiø bornholm,6: energiø bornholm,
6,energiø bornholm,6: energiø bornholm,
6,energiø bornholm,6: energiø bornholm,
6,energiø bornholm,6: energiø bornholm,
6,energiø bornholm,6: energiø bornholm,
6,energiø bornholm,6: energiø bornholm,
6,energiø bornholm,6: energiø bornholm,
6,energiø bornholm,6: energiø bornholm,
6,energiø bornholm,6: energiø bornholm,
6,energiø bornholm,6: energiø bornholm,
6,energiø bornholm,6: energiø bornholm,
6,energiø bornholm,6: energiø bornholm,
6,energiø bornholm,6: energiø bornholm,
6,energiø bornholm,6: energiø bornholm,
6,energiø bornholm,6: energiø bornholm,
6,energiø bornholm,6: energiø bornholm,
6,energiø bornholm,6: energiø bornholm,
6,energiø bornholm,6: energiø bornholm,
6,energiø bornholm,6: energiø bornholm,
6,energiø bornholm,6: energiø bornholm,
6,energiø bornholm,6: energiø bornholm,
6,energiø bornholm,6: energiø bornholm,
6,energiø bornholm,6: energiø bornholm,
6,energiø bornholm,6: energiø bornholm,
6,energiø bornholm,6: energiø bornholm,
6,energiø bornholm,6: energiø bornholm,
6,energiø bornholm,6: energiø bornholm,
6,energiø bornholm,6: energiø bornholm,
6,energiø bornholm,6: energiø bornholm,
6,energiø bornholm,6: energiø bornholm,
6,energiø bornholm,6: energiø bornholm,
6,energiø bornholm,6: energiø bornholm,
6,energiø bornholm,6: energiø bornholm,
6,energiø bornholm,6: energiø bornholm,
6,energiø bornholm,6: energiø bornholm,
6,energiø bornholm,6: energiø bornholm,
6,energiø bornholm,6: energiø bornholm,
6,energiø bornholm,6: energiø bornholm,
6,energiø bornholm,6: energiø bornholm,
6,energiø bornholm,6: energiø bornholm,
6,energiø bornholm,6: energiø bornholm,
6,energiø bornholm,6: energiø bornholm,
6,energiø bornholm,6: energiø bornholm,
6,energiø bornholm,6: energiø bornholm,
6,energiø bornholm,6: energiø bornholm,
6,energiø bornholm,6: energiø bornholm,
6,energiø bornholm,6: energiø bornholm,
6,energiø bornholm,6: energiø bornholm,
6,energiø bornholm,6: energiø bornholm,
6,energiø bornholm,6: energiø bornholm,
6,energiø bornholm,6: energiø bornholm,
6,energiø bornholm,6: energiø bornholm,
6,energiø bornholm,6: energiø bornholm,
6,energiø bornholm,6: energiø bornholm,
6,energiø bornholm,6: energiø bornholm,
6,energiø bornholm,6: energiø bornholm,
6,energiø bornholm,6: energiø bornholm,
6,energiø bornholm,6: energiø bornholm,
6,energiø bornholm,6: energiø bornholm,
6,energiø bornholm,6: energiø bornholm,
6,energiø bornholm,6: energiø bornholm,
6,energiø bornholm,6: energiø bornholm,
6,energiø bornholm,6: energiø bornholm,
6,energiø bornholm,6: energiø bornholm,
6,energiø bornholm,6: energiø bornholm,
6,energiø bornholm,6: energiø bornholm,
6,energiø bornholm,6: energiø bornholm,
6,energiø bornholm,6: energiø bornholm,
6,energiø bornholm,6: energiø bornholm,
6,energiø bornholm,6: energiø bornholm,
6,energiø bornholm,6: energiø bornholm,
6,energiø bornholm,6: energiø bornholm,
6,energiø bornholm,6: energiø bornholm,
6,energiø bornholm,6: energiø bornholm,
6,energiø bornholm,6: energiø bornholm,
6,energiø bornholm,6: energiø bornholm,
6,energiø bornholm,6: energiø bornholm,
6,energiø bornholm,6: energiø bornholm,
6,energiø bornholm,6: energiø bornholm,
6,energiø bornholm,6: energiø bornholm,
6,energiø bornholm,6: energiø bornholm,
6,energiø bornholm,6: energiø bornholm,
6,energiø bornholm,6: energiø bornholm,
6,energiø bornholm,6: energiø bornholm,
6,energiø bornholm,6: energiø bornholm,
6,energiø bornholm,6: energiø bornholm,
6,energiø bornholm,6: energiø bornholm,
6,energiø bornholm,6: energiø bornholm,
6,energiø bornholm,6: energiø bornholm,
6,energiø bornholm,6: energiø bornholm,
6,energiø bornholm,6: energiø bornholm,
6,energiø bornholm,6: energiø bornholm,
6,energiø bornholm,6: energiø bornholm,
6,energiø bornholm,6: energiø bornholm,
6,energiø bornholm,6: energiø bornholm,
6,energiø bornholm,6: energiø bornholm,
6,energiø bornholm,6: energiø bornholm,
6,energiø bornholm,6: energiø bornholm,
6,energiø bornholm,6: energiø bornholm,
6,energiø bornholm,6: energiø bornholm,
6,energiø bornholm,6: energiø bornholm,
6,energiø bornholm,6: energiø bornholm,
6,energiø bornholm,6: energiø bornholm,
6,energiø bornholm,6: energiø bornholm,
6,energiø bornholm,6: energiø bornholm,
6,energiø bornholm,6: energiø bornholm,
6,energiø bornholm,6: energiø bornholm,
6,energiø bornholm,6: energiø bornholm,
6,energiø bornholm,6: energiø bornholm,
6,energiø bornholm,6: energiø bornholm,
6,energiø bornholm,6: energiø bornholm,
6,energiø bornholm,6: energiø bornholm,
6,energiø bornholm,6: energiø bornholm,
6,energiø bornholm,6: energiø bornholm,
6,energiø bornholm,6: energiø bornholm,
6,energiø bornholm,6: energiø bornholm,
6,energiø bornholm,6: energiø bornholm,
6,energiø bornholm,6: energiø bornholm,
6,energiø bornholm,6: energiø bornholm,
6,energiø bornholm,6: energiø bornholm,
6,energiø bornholm,6: energiø bornholm,
6,energiø bornholm,6: energiø bornholm,
6,energiø bornholm,6: energiø bornholm,
6,energiø bornholm,6: energiø bornholm,
6,energiø bornholm,6: energiø bornholm,
6,energiø bornholm,6: energiø bornholm,
6,energiø bornholm,6: energiø bornholm,
6,energiø bornholm,6: energiø bornholm,
6,energiø bornholm,6: energiø bornholm,
6,energiø bornholm,6: energiø bornholm,
6,energiø bornholm,6: energiø bornholm,
6,energiø bornholm,6: energiø bornholm,
6,energiø bornholm,6: energiø bornholm,
6,energiø bornholm,6: energiø bornholm,
6,energiø bornholm,6: energiø bornholm,
6,energiø bornholm,6: energiø bornholm,
6,energiø bornholm,6: energiø bornholm,
6,energiø bornholm,6: energiø bornholm,
6,energiø bornholm,6: energiø bornholm,
6,energiø bornholm,6: energiø bornholm,
6,energiø bornholm,6: energiø bornholm,
6,energiø bornholm,6: energiø bornholm,
6,energiø bornholm,6: energiø bornholm,
6,energiø bornholm,6: energiø bornholm,
6,energiø bornholm,6: energiø bornholm,
6,energiø bornholm,6: energiø bornholm,
6,energiø bornholm,6: energiø bornholm,
6,energiø bornholm,6: energiø bornholm,
6,energiø bornholm,6: energiø bornholm,
6,energiø bornholm,6: energiø bornholm,
6,energiø bornholm,6: energiø bornholm,
6,energiø bornholm,6: energiø bornholm,
6,energiø bornholm,6: energiø bornholm,
6,energiø bornholm,6: energiø bornholm,
6,energiø bornholm,6: energiø bornholm,
6,energiø bornholm,6: energiø bornholm,
6,energiø bornholm,6: energiø bornholm,
6,energiø bornholm,6: energiø bornholm,
6,energiø bornholm,6: energiø bornholm,
6,energiø bornholm,6: energiø bornholm,
6,energiø bornholm,6: energiø bornholm,
6,energiø bornholm,6: energiø bornholm,
6,energiø bornholm,6: energiø bornholm,
6,energiø bornholm,6: energiø bornholm,
6,energiø bornholm,6: energiø bornholm,
6,energiø bornholm,6: energiø bornholm,
6,energiø bornholm,6: energiø bornholm,
6,energiø bornholm,6: energiø bornholm,
6,energiø bornholm,6: energiø bornholm,
6,energiø bornholm,6: energiø bornholm,
6,energiø bornholm,6: energiø bornholm,
6,energiø bornholm,6: energiø bornholm,
6,energiø bornholm,6: energiø bornholm,
6,energiø bornholm,6: energiø bornholm,
6,energiø bornholm,6: energiø bornholm,
6,energiø bornholm,6: energiø bornholm,
6,energiø bornholm,6: energiø bornholm,
6,energiø bornholm,6: energiø bornholm,
6,energiø bornholm,6: energiø bornholm,
6,energiø bornholm,6: energiø bornholm,
6,energiø bornholm,6: energiø bornholm,
6,energiø bornholm,6: energiø bornholm,
6,energiø bornholm,6: energiø bornholm,
6,energiø bornholm,6: energiø bornholm,
6,energiø bornholm,6: energiø bornholm,
6,energiø bornholm,6: energiø bornholm,
6,energiø bornholm,6: energiø bornholm,
6,energiø bornholm,6: energiø bornholm,
6,energiø bornholm,6: energiø bornholm,
6,energiø bornholm,6: energiø bornholm,
6,energiø bornholm,6: energiø bornholm,
6,energiø bornholm,6: energiø bornholm,
6,energiø bornholm,6: energiø bornholm,
6,energiø bornholm,6: energiø bornholm,
6,energiø bornholm,6: energiø bornholm,
6,energiø bornholm,6: energiø bornholm,
6,energiø bornholm,6: energiø bornholm,
6,energiø bornholm,6: energiø bornholm,
6,energiø bornholm,6: energiø bornholm,
6,energiø bornholm,6: energiø bornholm,
6,energiø bornholm,6: energiø bornholm,
6,energiø bornholm,6: energiø bornholm,
6,energiø bornholm,6: energiø bornholm,
6,energiø bornholm,6: energiø bornholm,
6,energiø bornholm,6: energiø bornholm,
6,energiø bornholm,6: energiø bornholm,
6,energiø bornholm,6: energiø bornholm,
6,energiø bornholm,6: energiø bornholm,
6,energiø bornholm,6: energiø bornholm,
6,energiø bornholm,6: energiø bornholm,
6,energiø bornholm,6: energiø bornholm,
6,energiø bornholm,6: energiø bornholm,
6,energiø bornholm,6: energiø bornholm,
6,energiø bornholm,6: energiø bornholm,
6,energiø bornholm,6: energiø bornholm,
6,energiø bornholm,6: energiø bornholm,
6,energiø bornholm,6: energiø bornholm,
6,energiø bornholm,6: energiø bornholm,
6,energiø bornholm,6: energiø bornholm,
6,energiø bornholm,6: energiø bornholm,
6,energiø bornholm,6: energiø bornholm,
6,energiø bornholm,6: energiø bornholm,
6,energiø bornholm,6: energiø bornholm,
6,energiø bornholm,6: energiø bornholm,
6,energiø bornholm,6: energiø bornholm,
6,energiø bornholm,6: energiø bornholm,
6,energiø bornholm,6: energiø bornholm,
6,energiø bornholm,6: energiø bornholm,
6,energiø bornholm,6: energiø bornholm,
6,energiø bornholm,6: energiø bornholm,
6,energiø bornholm,6: energiø bornholm,
6,energiø bornholm,6: energiø bornholm,
6,energiø bornholm,6: energiø bornholm,
6,energiø bornholm,6: energiø bornholm,
6,energiø bornholm,6: energiø bornholm,
6,energiø bornholm,6: energiø bornholm,
6,energiø bornholm,6: energiø bornholm,
6,energiø bornholm,6: energiø bornholm,
6,energiø bornholm,6: energiø bornholm,
6,energiø bornholm,6: energiø bornholm,
6,energiø bornholm,6: energiø bornholm,
6,energiø bornholm,6: energiø bornholm,
6,energiø bornholm,6: energiø bornholm,
6,energiø bornholm,6: energiø bornholm,
6,energiø bornholm,6: energiø bornholm,
6,energiø bornholm,6: energiø bornholm,
6,energiø bornholm,6: energiø bornholm,
6,energiø bornholm,6: energiø bornholm,
6,energiø bornholm,6: energiø bornholm,
6,energiø bornholm,6: energiø bornholm,
6,energiø bornholm,6: energiø bornholm,
6,energiø bornholm,6: energiø bornholm,
6,energiø bornholm,6: energiø bornholm,
6,energiø bornholm,6: energiø bornholm,
6,energiø bornholm,6: energiø bornholm,
6,energiø bornholm,6: energiø bornholm,
6,energiø bornholm,6: energiø bornholm,
6,energiø bornholm,6: energiø bornholm,
6,energiø bornholm,6: energiø bornholm,
6,energiø bornholm,6: energiø bornholm,
6,energiø bornholm,6: energiø bornholm,
6,energiø bornholm,6: energiø bornholm,
6,energiø bornholm,6: energiø bornholm,
6,energiø bornholm,6: energiø bornholm,
6,energiø bornholm,6: energiø bornholm,
6,energiø bornholm,6: energiø bornholm,
6,energiø bornholm,6: energiø bornholm,
6,energiø bornholm,6: energiø bornholm,
6,energiø bornholm,6: energiø bornholm,
6,energiø bornholm,6: energiø bornholm,
6,energiø bornholm,6: energiø bornholm,
6,energiø bornholm,6: energiø bornholm,
6,energiø bornholm,6: energiø bornholm,
6,energiø bornholm,6: energiø bornholm,
6,energiø bornholm,6: energiø bornholm,
6,energiø bornholm,6: energiø bornholm,
6,energiø bornholm,6: energiø bornholm,
6,energiø bornholm,6: energiø bornholm,
6,energiø bornholm,6: energiø bornholm,
6,energiø bornholm,6: energiø bornholm,
6,energiø bornholm,6: energiø bornholm,
6,energiø bornholm,6: energiø bornholm,
6,energiø bornholm,6: energiø bornholm,
6,energiø bornholm,6: energiø bornholm,
6,energiø bornholm,6: energiø bornholm,
6,energiø bornholm,6: energiø bornholm,
6,energiø bornholm,6: energiø bornholm,
2,municip council,2: municip council,
2,municip council,2: municip council,
2,municip council,2: municip council,
2,municip council,2: municip council,
2,municip council,2: municip council,
2,municip council,2: municip council,
2,municip council,2: municip council,
2,municip council,2: municip council,
2,municip council,2: municip council,
2,municip council,2: municip council,
2,municip council,2: municip council,
2,municip council,2: municip council,
2,municip council,2: municip council,
2,municip council,2: municip council,
2,municip council,2: municip council,
2,municip council,2: municip council,
2,municip council,2: municip council,
2,municip council,2: municip council,
2,municip council,2: municip council,
2,municip council,2: municip council,
2,municip council,2: municip council,
2,municip council,2: municip council,
2,municip council,2: municip council,
2,municip council,2: municip council,
2,municip council,2: municip council,
2,municip council,2: municip council,
2,municip council,2: municip council,
2,municip council,2: municip council,
2,municip council,2: municip council,
2,municip council,2: municip council,
2,municip council,2: municip council,
2,municip council,2: municip council,
2,municip council,2: municip council,
2,municip council,2: municip council,
2,municip council,2: municip council,
2,municip council,2: municip council,
2,municip council,2: municip council,
2,municip council,2: municip council,
2,municip council,2: municip council,
2,municip council,2: municip council,
2,municip council,2: municip council,
2,municip council,2: municip council,
2,municip council,2: municip council,
2,municip council,2: municip council,
2,municip council,2: municip council,
2,municip council,2: municip council,
2,municip council,2: municip council,
2,municip council,2: municip council,
2,municip council,2: municip council,
2,municip council,2: municip council,
2,municip council,2: municip council,
2,municip council,2: municip council,
2,municip council,2: municip council,
2,municip council,2: municip council,
2,municip council,2: municip council,
2,municip council,2: municip council,
2,municip council,2: municip council,
2,municip council,2: municip council,
2,municip council,2: municip council,
2,municip council,2: municip council,
2,municip council,2: municip council,
2,municip council,2: municip council,
2,municip council,2: municip council,
2,municip council,2: municip council,
2,municip council,2: municip council,
2,municip council,2: municip council,
2,municip council,2: municip council,
2,municip council,2: municip council,
2,municip council,2: municip council,
2,municip council,2: municip council,
2,municip council,2: municip council,
2,municip council,2: municip council,
2,municip council,2: municip council,
2,municip council,2: municip council,
2,municip council,2: municip council,
2,municip council,2: municip council,
2,municip council,2: municip council,
2,municip council,2: municip council,
2,municip council,2: municip council,
2,municip council,2: municip council,
2,municip council,2: municip council,
2,municip council,2: municip council,
2,municip council,2: municip council,
2,municip council,2: municip council,
2,municip council,2: municip council,
2,municip council,2: municip council,
2,municip council,2: municip council,
2,municip council,2: municip council,
2,municip council,2: municip council,
2,municip council,2: municip council,
2,municip council,2: municip council,
2,municip council,2: municip council,
2,municip council,2: municip council,
2,municip council,2: municip council,
2,municip council,2: municip council,
2,municip council,2: municip council,
2,municip council,2: municip council,
2,municip council,2: municip council,
2,municip council,2: municip council,
2,municip council,2: municip council,
2,municip council,2: municip council,
2,municip council,2: municip council,
2,municip council,2: municip council,
2,municip council,2: municip council,
2,municip council,2: municip council,
2,municip council,2: municip council,
2,municip council,2: municip council,
2,municip council,2: municip council,
2,municip council,2: municip council,
2,municip council,2: municip council,
2,municip council,2: municip council,
2,municip council,2: municip council,
2,municip council,2: municip council,
2,municip council,2: municip council,
2,municip council,2: municip council,
2,municip council,2: municip council,
2,municip council,2: municip council,
2,municip council,2: municip council,
2,municip council,2: municip council,
2,municip council,2: municip council,
2,municip council,2: municip council,
2,municip council,2: municip council,
2,municip council,2: municip council,
2,municip council,2: municip council,
2,municip council,2: municip council,
2,municip council,2: municip council,
2,municip council,2: municip council,
2,municip council,2: municip council,
2,municip council,2: municip council,
2,municip council,2: municip council,
2,municip council,2: municip council,
2,municip council,2: municip council,
2,municip council,2: municip council,
2,municip council,2: municip council,
2,municip council,2: municip council,
2,municip council,2: municip council,
2,municip council,2: municip council,
2,municip council,2: municip council,
2,municip council,2: municip council,
2,municip council,2: municip council,
2,municip council,2: municip council,
2,municip council,2: municip council,
2,municip council,2: municip council,
2,municip council,2: municip council,
2,municip council,2: municip council,
2,municip council,2: municip council,
2,municip council,2: municip council,
2,municip council,2: municip council,
2,municip council,2: municip council,
2,municip council,2: municip council,
2,municip council,2: municip council,
2,municip council,2: municip council,
2,municip council,2: municip council,
2,municip council,2: municip council,
2,municip council,2: municip council,
2,municip council,2: municip council,
7,renew energi,7: renew energi,
7,renew energi,7: renew energi,
7,renew energi,7: renew energi,
7,renew energi,7: renew energi,
7,renew energi,7: renew energi,
7,renew energi,7: renew energi,
7,renew energi,7: renew energi,
7,renew energi,7: renew energi,
7,renew energi,7: renew energi,
7,renew energi,7: renew energi,
7,renew energi,7: renew energi,
7,renew energi,7: renew energi,
7,renew energi,7: renew energi,
7,renew energi,7: renew energi,
7,renew energi,7: renew energi,
7,renew energi,7: renew energi,
7,renew energi,7: renew energi,
7,renew energi,7: renew energi,
7,renew energi,7: renew energi,
7,renew energi,7: renew energi,
7,renew energi,7: renew energi,
7,renew energi,7: renew energi,
7,renew energi,7: renew energi,
7,renew energi,7: renew energi,
7,renew energi,7: renew energi,
7,renew energi,7: renew energi,
7,renew energi,7: renew energi,
7,renew energi,7: renew energi,
7,renew energi,7: renew energi,
7,renew energi,7: renew energi,
7,renew energi,7: renew energi,
7,renew energi,7: renew energi,
7,renew energi,7: renew energi,
7,renew energi,7: renew energi,
7,renew energi,7: renew energi,
7,renew energi,7: renew energi,
7,renew energi,7: renew energi,
7,renew energi,7: renew energi,
7,renew energi,7: renew energi,
7,renew energi,7: renew energi,
7,renew energi,7: renew energi,
7,renew energi,7: renew energi,
7,renew energi,7: renew energi,
7,renew energi,7: renew energi,
7,renew energi,7: renew energi,
7,renew energi,7: renew energi,
7,renew energi,7: renew energi,
7,renew energi,7: renew energi,
7,renew energi,7: renew energi,
7,renew energi,7: renew energi,
7,renew energi,7: renew energi,
7,renew energi,7: renew energi,
7,renew energi,7: renew energi,
7,renew energi,7: renew energi,
7,renew energi,7: renew energi,
7,renew energi,7: renew energi,
7,renew energi,7: renew energi,
7,renew energi,7: renew energi,
7,renew energi,7: renew energi,
7,renew energi,7: renew energi,
7,renew energi,7: renew energi,
7,renew energi,7: renew energi,
7,renew energi,7: renew energi,
7,renew energi,7: renew energi,
7,renew energi,7: renew energi,
7,renew energi,7: renew energi,
7,renew energi,7: renew energi,
7,renew energi,7: renew energi,
7,renew energi,7: renew energi,
7,renew energi,7: renew energi,
7,renew energi,7: renew energi,
7,renew energi,7: renew energi,
7,renew energi,7: renew energi,
7,renew energi,7: renew energi,
7,renew energi,7: renew energi,
7,renew energi,7: renew energi,
7,renew energi,7: renew energi,
7,renew energi,7: renew energi,
7,renew energi,7: renew energi,
7,renew energi,7: renew energi,
7,renew energi,7: renew energi,
7,renew energi,7: renew energi,
7,renew energi,7: renew energi,
7,renew energi,7: renew energi,
7,renew energi,7: renew energi,
7,renew energi,7: renew energi,
7,renew energi,7: renew energi,
7,renew energi,7: renew energi,
7,renew energi,7: renew energi,
7,renew energi,7: renew energi,
7,renew energi,7: renew energi,
7,renew energi,7: renew energi,
7,renew energi,7: renew energi,
7,renew energi,7: renew energi,
7,renew energi,7: renew energi,
7,renew energi,7: renew energi,
7,renew energi,7: renew energi,
7,renew energi,7: renew energi,
7,renew energi,7: renew energi,
7,renew energi,7: renew energi,
7,renew energi,7: renew energi,
7,renew energi,7: renew energi,
7,renew energi,7: renew energi,
7,renew energi,7: renew energi,
7,renew energi,7: renew energi,
7,renew energi,7: renew energi,
7,renew energi,7: renew energi,
7,renew energi,7: renew energi,
7,renew energi,7: renew energi,
7,renew energi,7: renew energi,
7,renew energi,7: renew energi,
7,renew energi,7: renew energi,
7,renew energi,7: renew energi,
7,renew energi,7: renew energi,
7,renew energi,7: renew energi,
7,renew energi,7: renew energi,
7,renew energi,7: renew energi,
7,renew energi,7: renew energi,
7,renew energi,7: renew energi,
7,renew energi,7: renew energi,
7,renew energi,7: renew energi,
7,renew energi,7: renew energi,
7,renew energi,7: renew energi,
7,renew energi,7: renew energi,
7,renew energi,7: renew energi,
7,renew energi,7: renew energi,
7,renew energi,7: renew energi,
7,renew energi,7: renew energi,
7,renew energi,7: renew energi,
7,renew energi,7: renew energi,
7,renew energi,7: renew energi,
7,renew energi,7: renew energi,
7,renew energi,7: renew energi,
7,renew energi,7: renew energi,
7,renew energi,7: renew energi,
7,renew energi,7: renew energi,
7,renew energi,7: renew energi,
7,renew energi,7: renew energi,
7,renew energi,7: renew energi,
7,renew energi,7: renew energi,
7,renew energi,7: renew energi,
7,renew energi,7: renew energi,
7,renew energi,7: renew energi,
7,renew energi,7: renew energi,
7,renew energi,7: renew energi,
7,renew energi,7: renew energi,
6,energiø bornholm,6: energiø bornholm,
6,energiø bornholm,6: energiø bornholm,
6,energiø bornholm,6: energiø bornholm,
6,energiø bornholm,6: energiø bornholm,
6,energiø bornholm,6: energiø bornholm,
6,energiø bornholm,6: energiø bornholm,
6,energiø bornholm,6: energiø bornholm,
6,energiø bornholm,6: energiø bornholm,
6,energiø bornholm,6: energiø bornholm,
6,energiø bornholm,6: energiø bornholm,
6,energiø bornholm,6: energiø bornholm,
6,energiø bornholm,6: energiø bornholm,
6,energiø bornholm,6: energiø bornholm,
6,energiø bornholm,6: energiø bornholm,
6,energiø bornholm,6: energiø bornholm,
6,energiø bornholm,6: energiø bornholm,
6,energiø bornholm,6: energiø bornholm,
6,energiø bornholm,6: energiø bornholm,
6,energiø bornholm,6: energiø bornholm,
6,energiø bornholm,6: energiø bornholm,
6,energiø bornholm,6: energiø bornholm,
6,energiø bornholm,6: energiø bornholm,
6,energiø bornholm,6: energiø bornholm,
6,energiø bornholm,6: energiø bornholm,
6,energiø bornholm,6: energiø bornholm,
6,energiø bornholm,6: energiø bornholm,
6,energiø bornholm,6: energiø bornholm,
6,energiø bornholm,6: energiø bornholm,
6,energiø bornholm,6: energiø bornholm,
6,energiø bornholm,6: energiø bornholm,
6,energiø bornholm,6: energiø bornholm,
6,energiø bornholm,6: energiø bornholm,
6,energiø bornholm,6: energiø bornholm,
6,energiø bornholm,6: energiø bornholm,
6,energiø bornholm,6: energiø bornholm,
6,energiø bornholm,6: energiø bornholm,
6,energiø bornholm,6: energiø bornholm,
6,energiø bornholm,6: energiø bornholm,
6,energiø bornholm,6: energiø bornholm,
6,energiø bornholm,6: energiø bornholm,
6,energiø bornholm,6: energiø bornholm,
6,energiø bornholm,6: energiø bornholm,
6,energiø bornholm,6: energiø bornholm,
6,energiø bornholm,6: energiø bornholm,
6,energiø bornholm,6: energiø bornholm,
6,energiø bornholm,6: energiø bornholm,
6,energiø bornholm,6: energiø bornholm,
6,energiø bornholm,6: energiø bornholm,
6,energiø bornholm,6: energiø bornholm,
6,energiø bornholm,6: energiø bornholm,
6,energiø bornholm,6: energiø bornholm,
6,energiø bornholm,6: energiø bornholm,
6,energiø bornholm,6: energiø bornholm,
6,energiø bornholm,6: energiø bornholm,
6,energiø bornholm,6: energiø bornholm,
6,energiø bornholm,6: energiø bornholm,
6,energiø bornholm,6: energiø bornholm,
6,energiø bornholm,6: energiø bornholm,
6,energiø bornholm,6: energiø bornholm,
6,energiø bornholm,6: energiø bornholm,
6,energiø bornholm,6: energiø bornholm,
6,energiø bornholm,6: energiø bornholm,
6,energiø bornholm,6: energiø bornholm,
6,energiø bornholm,6: energiø bornholm,
6,energiø bornholm,6: energiø bornholm,
6,energiø bornholm,6: energiø bornholm,
6,energiø bornholm,6: energiø bornholm,
6,energiø bornholm,6: energiø bornholm,
6,energiø bornholm,6: energiø bornholm,
6,energiø bornholm,6: energiø bornholm,
6,energiø bornholm,6: energiø bornholm,
6,energiø bornholm,6: energiø bornholm,
6,energiø bornholm,6: energiø bornholm,
6,energiø bornholm,6: energiø bornholm,
6,energiø bornholm,6: energiø bornholm,
6,energiø bornholm,6: energiø bornholm,
6,energiø bornholm,6: energiø bornholm,
6,energiø bornholm,6: energiø bornholm,
6,energiø bornholm,6: energiø bornholm,
6,energiø bornholm,6: energiø bornholm,
6,energiø bornholm,6: energiø bornholm,
6,energiø bornholm,6: energiø bornholm,
6,energiø bornholm,6: energiø bornholm,
6,energiø bornholm,6: energiø bornholm,
6,energiø bornholm,6: energiø bornholm,
6,energiø bornholm,6: energiø bornholm,
6,energiø bornholm,6: energiø bornholm,
6,energiø bornholm,6: energiø bornholm,
6,energiø bornholm,6: energiø bornholm,
6,energiø bornholm,6: energiø bornholm,
6,energiø bornholm,6: energiø bornholm,
6,energiø bornholm,6: energiø bornholm,
6,energiø bornholm,6: energiø bornholm,
6,energiø bornholm,6: energiø bornholm,
6,energiø bornholm,6: energiø bornholm,
6,energiø bornholm,6: energiø bornholm,
6,energiø bornholm,6: energiø bornholm,
6,energiø bornholm,6: energiø bornholm,
6,energiø bornholm,6: energiø bornholm,
6,energiø bornholm,6: energiø bornholm,
6,energiø bornholm,6: energiø bornholm,
6,energiø bornholm,6: energiø bornholm,
6,energiø bornholm,6: energiø bornholm,
6,energiø bornholm,6: energiø bornholm,
6,energiø bornholm,6: energiø bornholm,
6,energiø bornholm,6: energiø bornholm,
6,energiø bornholm,6: energiø bornholm,
6,energiø bornholm,6: energiø bornholm,
6,energiø bornholm,6: energiø bornholm,
6,energiø bornholm,6: energiø bornholm,
6,energiø bornholm,6: energiø bornholm,
6,energiø bornholm,6: energiø bornholm,
6,energiø bornholm,6: energiø bornholm,
6,energiø bornholm,6: energiø bornholm,
6,energiø bornholm,6: energiø bornholm,
6,energiø bornholm,6: energiø bornholm,
6,energiø bornholm,6: energiø bornholm,
6,energiø bornholm,6: energiø bornholm,
6,energiø bornholm,6: energiø bornholm,
6,energiø bornholm,6: energiø bornholm,
6,energiø bornholm,6: energiø bornholm,
6,energiø bornholm,6: energiø bornholm,
6,energiø bornholm,6: energiø bornholm,
6,energiø bornholm,6: energiø bornholm,
6,energiø bornholm,6: energiø bornholm,
6,energiø bornholm,6: energiø bornholm,
6,energiø bornholm,6: energiø bornholm,
6,energiø bornholm,6: energiø bornholm,
6,energiø bornholm,6: energiø bornholm,
6,energiø bornholm,6: energiø bornholm,
6,energiø bornholm,6: energiø bornholm,
6,energiø bornholm,6: energiø bornholm,
6,energiø bornholm,6: energiø bornholm,
6,energiø bornholm,6: energiø bornholm,
6,energiø bornholm,6: energiø bornholm,
6,energiø bornholm,6: energiø bornholm,
6,energiø bornholm,6: energiø bornholm,
6,energiø bornholm,6: energiø bornholm,
6,energiø bornholm,6: energiø bornholm,
6,energiø bornholm,6: energiø bornholm,
6,energiø bornholm,6: energiø bornholm,
6,energiø bornholm,6: energiø bornholm,
6,energiø bornholm,6: energiø bornholm,
6,energiø bornholm,6: energiø bornholm,
6,energiø bornholm,6: energiø bornholm,
6,energiø bornholm,6: energiø bornholm,
6,energiø bornholm,6: energiø bornholm,
6,energiø bornholm,6: energiø bornholm,
6,energiø bornholm,6: energiø bornholm,
6,energiø bornholm,6: energiø bornholm,
6,energiø bornholm,6: energiø bornholm,
6,energiø bornholm,6: energiø bornholm,
6,energiø bornholm,6: energiø bornholm,
6,energiø bornholm,6: energiø bornholm,
6,energiø bornholm,6: energiø bornholm,
6,energiø bornholm,6: energiø bornholm,
6,energiø bornholm,6: energiø bornholm,
6,energiø bornholm,6: energiø bornholm,
6,energiø bornholm,6: energiø bornholm,
6,energiø bornholm,6: energiø bornholm,
6,energiø bornholm,6: energiø bornholm,
6,energiø bornholm,6: energiø bornholm,
6,energiø bornholm,6: energiø bornholm,
6,energiø bornholm,6: energiø bornholm,
6,energiø bornholm,6: energiø bornholm,
6,energiø bornholm,6: energiø bornholm,
6,energiø bornholm,6: energiø bornholm,
6,energiø bornholm,6: energiø bornholm,
6,energiø bornholm,6: energiø bornholm,
6,energiø bornholm,6: energiø bornholm,
6,energiø bornholm,6: energiø bornholm,
6,energiø bornholm,6: energiø bornholm,
6,energiø bornholm,6: energiø bornholm,
6,energiø bornholm,6: energiø bornholm,
6,energiø bornholm,6: energiø bornholm,
6,energiø bornholm,6: energiø bornholm,
6,energiø bornholm,6: energiø bornholm,
6,energiø bornholm,6: energiø bornholm,
6,energiø bornholm,6: energiø bornholm,
6,energiø bornholm,6: energiø bornholm,
6,energiø bornholm,6: energiø bornholm,
6,energiø bornholm,6: energiø bornholm,
6,energiø bornholm,6: energiø bornholm,
6,energiø bornholm,6: energiø bornholm,
6,energiø bornholm,6: energiø bornholm,
6,energiø bornholm,6: energiø bornholm,
6,energiø bornholm,6: energiø bornholm,
6,energiø bornholm,6: energiø bornholm,
6,energiø bornholm,6: energiø bornholm,
6,energiø bornholm,6: energiø bornholm,
6,energiø bornholm,6: energiø bornholm,
6,energiø bornholm,6: energiø bornholm,
6,energiø bornholm,6: energiø bornholm,
6,energiø bornholm,6: energiø bornholm,
6,energiø bornholm,6: energiø bornholm,
6,energiø bornholm,6: energiø bornholm,
6,energiø bornholm,6: energiø bornholm,
6,energiø bornholm,6: energiø bornholm,
6,energiø bornholm,6: energiø bornholm,
6,energiø bornholm,6: energiø bornholm,
6,energiø bornholm,6: energiø bornholm,
6,energiø bornholm,6: energiø bornholm,
6,energiø bornholm,6: energiø bornholm,
6,energiø bornholm,6: energiø bornholm,
6,energiø bornholm,6: energiø bornholm,
6,energiø bornholm,6: energiø bornholm,
6,energiø bornholm,6: energiø bornholm,
6,energiø bornholm,6: energiø bornholm,
6,energiø bornholm,6: energiø bornholm,
6,energiø bornholm,6: energiø bornholm,
6,energiø bornholm,6: energiø bornholm,
6,energiø bornholm,6: energiø bornholm,
6,energiø bornholm,6: energiø bornholm,
6,energiø bornholm,6: energiø bornholm,
6,energiø bornholm,6: energiø bornholm,
6,energiø bornholm,6: energiø bornholm,
6,energiø bornholm,6: energiø bornholm,
6,energiø bornholm,6: energiø bornholm,
6,energiø bornholm,6: energiø bornholm,
6,energiø bornholm,6: energiø bornholm,
6,energiø bornholm,6: energiø bornholm,
6,energiø bornholm,6: energiø bornholm,
6,energiø bornholm,6: energiø bornholm,
6,energiø bornholm,6: energiø bornholm,
6,energiø bornholm,6: energiø bornholm,
6,energiø bornholm,6: energiø bornholm,
6,energiø bornholm,6: energiø bornholm,
6,energiø bornholm,6: energiø bornholm,
6,energiø bornholm,6: energiø bornholm,
6,energiø bornholm,6: energiø bornholm,
6,energiø bornholm,6: energiø bornholm,
6,energiø bornholm,6: energiø bornholm,
6,energiø bornholm,6: energiø bornholm,
6,energiø bornholm,6: energiø bornholm,
6,energiø bornholm,6: energiø bornholm,
6,energiø bornholm,6: energiø bornholm,
6,energiø bornholm,6: energiø bornholm,
6,energiø bornholm,6: energiø bornholm,
6,energiø bornholm,6: energiø bornholm,
6,energiø bornholm,6: energiø bornholm,
6,energiø bornholm,6: energiø bornholm,
6,energiø bornholm,6: energiø bornholm,
6,energiø bornholm,6: energiø bornholm,
6,energiø bornholm,6: energiø bornholm,
6,energiø bornholm,6: energiø bornholm,
6,energiø bornholm,6: energiø bornholm,
6,energiø bornholm,6: energiø bornholm,
6,energiø bornholm,6: energiø bornholm,
6,energiø bornholm,6: energiø bornholm,
6,energiø bornholm,6: energiø bornholm,
6,energiø bornholm,6: energiø bornholm,
6,energiø bornholm,6: energiø bornholm,
6,energiø bornholm,6: energiø bornholm,
6,energiø bornholm,6: energiø bornholm,
6,energiø bornholm,6: energiø bornholm,
6,energiø bornholm,6: energiø bornholm,
6,energiø bornholm,6: energiø bornholm,
6,energiø bornholm,6: energiø bornholm,
6,energiø bornholm,6: energiø bornholm,
6,energiø bornholm,6: energiø bornholm,
6,energiø bornholm,6: energiø bornholm,
6,energiø bornholm,6: energiø bornholm,
6,energiø bornholm,6: energiø bornholm,
6,energiø bornholm,6: energiø bornholm,
6,energiø bornholm,6: energiø bornholm,
6,energiø bornholm,6: energiø bornholm,
6,energiø bornholm,6: energiø bornholm,
6,energiø bornholm,6: energiø bornholm,
6,energiø bornholm,6: energiø bornholm,
6,energiø bornholm,6: energiø bornholm,
6,energiø bornholm,6: energiø bornholm,
6,energiø bornholm,6: energiø bornholm,
6,energiø bornholm,6: energiø bornholm,
6,energiø bornholm,6: energiø bornholm,
6,energiø bornholm,6: energiø bornholm,
6,energiø bornholm,6: energiø bornholm,
6,energiø bornholm,6: energiø bornholm,
6,energiø bornholm,6: energiø bornholm,
6,energiø bornholm,6: energiø bornholm,
6,energiø bornholm,6: energiø bornholm,
6,energiø bornholm,6: energiø bornholm,
6,energiø bornholm,6: energiø bornholm,
6,energiø bornholm,6: energiø bornholm,
6,energiø bornholm,6: energiø bornholm,
6,energiø bornholm,6: energiø bornholm,
6,energiø bornholm,6: energiø bornholm,
6,energiø bornholm,6: energiø bornholm,
6,energiø bornholm,6: energiø bornholm,
6,energiø bornholm,6: energiø bornholm,
6,energiø bornholm,6: energiø bornholm,
6,energiø bornholm,6: energiø bornholm,
6,energiø bornholm,6: energiø bornholm,
6,energiø bornholm,6: energiø bornholm,
6,energiø bornholm,6: energiø bornholm,
6,energiø bornholm,6: energiø bornholm,
6,energiø bornholm,6: energiø bornholm,
6,energiø bornholm,6: energiø bornholm,
6,energiø bornholm,6: energiø bornholm,
6,energiø bornholm,6: energiø bornholm,
6,energiø bornholm,6: energiø bornholm,
6,energiø bornholm,6: energiø bornholm,
6,energiø bornholm,6: energiø bornholm,
6,energiø bornholm,6: energiø bornholm,
6,energiø bornholm,6: energiø bornholm,
6,energiø bornholm,6: energiø bornholm,
6,energiø bornholm,6: energiø bornholm,
6,energiø bornholm,6: energiø bornholm,
6,energiø bornholm,6: energiø bornholm,
6,energiø bornholm,6: energiø bornholm,
6,energiø bornholm,6: energiø bornholm,
6,energiø bornholm,6: energiø bornholm,
6,energiø bornholm,6: energiø bornholm,
6,energiø bornholm,6: energiø bornholm,
6,energiø bornholm,6: energiø bornholm,
6,energiø bornholm,6: energiø bornholm,
6,energiø bornholm,6: energiø bornholm,
6,energiø bornholm,6: energiø bornholm,
6,energiø bornholm,6: energiø bornholm,
6,energiø bornholm,6: energiø bornholm,
6,energiø bornholm,6: energiø bornholm,
6,energiø bornholm,6: energiø bornholm,
6,energiø bornholm,6: energiø bornholm,
6,energiø bornholm,6: energiø bornholm,
6,energiø bornholm,6: energiø bornholm,
6,energiø bornholm,6: energiø bornholm,
6,energiø bornholm,6: energiø bornholm,
6,energiø bornholm,6: energiø bornholm,
6,energiø bornholm,6: energiø bornholm,
6,energiø bornholm,6: energiø bornholm,
6,energiø bornholm,6: energiø bornholm,
6,energiø bornholm,6: energiø bornholm,
6,energiø bornholm,6: energiø bornholm,
6,energiø bornholm,6: energiø bornholm,
6,energiø bornholm,6: energiø bornholm,
6,energiø bornholm,6: energiø bornholm,
6,energiø bornholm,6: energiø bornholm,
6,energiø bornholm,6: energiø bornholm,
6,energiø bornholm,6: energiø bornholm,
6,energiø bornholm,6: energiø bornholm,
6,energiø bornholm,6: energiø bornholm,
6,energiø bornholm,6: energiø bornholm,
6,energiø bornholm,6: energiø bornholm,
4,baltic sea,4: baltic sea,
4,baltic sea,4: baltic sea,
4,baltic sea,4: baltic sea,
4,baltic sea,4: baltic sea,
4,baltic sea,4: baltic sea,
4,baltic sea,4: baltic sea,
4,baltic sea,4: baltic sea,
4,baltic sea,4: baltic sea,
4,baltic sea,4: baltic sea,
4,baltic sea,4: baltic sea,
4,baltic sea,4: baltic sea,
4,baltic sea,4: baltic sea,
4,baltic sea,4: baltic sea,
4,baltic sea,4: baltic sea,
4,baltic sea,4: baltic sea,
4,baltic sea,4: baltic sea,
4,baltic sea,4: baltic sea,
4,baltic sea,4: baltic sea,
4,baltic sea,4: baltic sea,
4,baltic sea,4: baltic sea,
4,baltic sea,4: baltic sea,
4,baltic sea,4: baltic sea,
4,baltic sea,4: baltic sea,
4,baltic sea,4: baltic sea,
4,baltic sea,4: baltic sea,
4,baltic sea,4: baltic sea,
4,baltic sea,4: baltic sea,
4,baltic sea,4: baltic sea,
4,baltic sea,4: baltic sea,
4,baltic sea,4: baltic sea,
4,baltic sea,4: baltic sea,
4,baltic sea,4: baltic sea,
4,baltic sea,4: baltic sea,
4,baltic sea,4: baltic sea,
4,baltic sea,4: baltic sea,
4,baltic sea,4: baltic sea,
4,baltic sea,4: baltic sea,
4,baltic sea,4: baltic sea,
4,baltic sea,4: baltic sea,
4,baltic sea,4: baltic sea,
4,baltic sea,4: baltic sea,
4,baltic sea,4: baltic sea,
4,baltic sea,4: baltic sea,
4,baltic sea,4: baltic sea,
4,baltic sea,4: baltic sea,
4,baltic sea,4: baltic sea,
4,baltic sea,4: baltic sea,
4,baltic sea,4: baltic sea,
4,baltic sea,4: baltic sea,
4,baltic sea,4: baltic sea,
4,baltic sea,4: baltic sea,
4,baltic sea,4: baltic sea,
4,baltic sea,4: baltic sea,
4,baltic sea,4: baltic sea,
4,baltic sea,4: baltic sea,
4,baltic sea,4: baltic sea,
4,baltic sea,4: baltic sea,
4,baltic sea,4: baltic sea,
4,baltic sea,4: baltic sea,
4,baltic sea,4: baltic sea,
4,baltic sea,4: baltic sea,
4,baltic sea,4: baltic sea,
4,baltic sea,4: baltic sea,
4,baltic sea,4: baltic sea,
4,baltic sea,4: baltic sea,
4,baltic sea,4: baltic sea,
4,baltic sea,4: baltic sea,
4,baltic sea,4: baltic sea,
4,baltic sea,4: baltic sea,
4,baltic sea,4: baltic sea,
4,baltic sea,4: baltic sea,
4,baltic sea,4: baltic sea,
4,baltic sea,4: baltic sea,
4,baltic sea,4: baltic sea,
4,baltic sea,4: baltic sea,
4,baltic sea,4: baltic sea,
4,baltic sea,4: baltic sea,
4,baltic sea,4: baltic sea,
4,baltic sea,4: baltic sea,
4,baltic sea,4: baltic sea,
4,baltic sea,4: baltic sea,
4,baltic sea,4: baltic sea,
4,baltic sea,4: baltic sea,
4,baltic sea,4: baltic sea,
4,baltic sea,4: baltic sea,
4,baltic sea,4: baltic sea,
4,baltic sea,4: baltic sea,
4,baltic sea,4: baltic sea,
4,baltic sea,4: baltic sea,
4,baltic sea,4: baltic sea,
4,baltic sea,4: baltic sea,
4,baltic sea,4: baltic sea,
4,baltic sea,4: baltic sea,
4,baltic sea,4: baltic sea,
4,baltic sea,4: baltic sea,
4,baltic sea,4: baltic sea,
4,baltic sea,4: baltic sea,
4,baltic sea,4: baltic sea,
4,baltic sea,4: baltic sea,
4,baltic sea,4: baltic sea,
4,baltic sea,4: baltic sea,
4,baltic sea,4: baltic sea,
4,baltic sea,4: baltic sea,
4,baltic sea,4: baltic sea,
4,baltic sea,4: baltic sea,
4,baltic sea,4: baltic sea,
4,baltic sea,4: baltic sea,
4,baltic sea,4: baltic sea,
4,baltic sea,4: baltic sea,
4,baltic sea,4: baltic sea,
4,baltic sea,4: baltic sea,
4,baltic sea,4: baltic sea,
4,baltic sea,4: baltic sea,
4,baltic sea,4: baltic sea,
4,baltic sea,4: baltic sea,
4,baltic sea,4: baltic sea,
4,baltic sea,4: baltic sea,
4,baltic sea,4: baltic sea,
4,baltic sea,4: baltic sea,
4,baltic sea,4: baltic sea,
4,baltic sea,4: baltic sea,
4,baltic sea,4: baltic sea,
4,baltic sea,4: baltic sea,
4,baltic sea,4: baltic sea,
4,baltic sea,4: baltic sea,
4,baltic sea,4: baltic sea,
4,baltic sea,4: baltic sea,
4,baltic sea,4: baltic sea,
4,baltic sea,4: baltic sea,
4,baltic sea,4: baltic sea,
4,baltic sea,4: baltic sea,
4,baltic sea,4: baltic sea,
4,baltic sea,4: baltic sea,
4,baltic sea,4: baltic sea,
4,baltic sea,4: baltic sea,
4,baltic sea,4: baltic sea,
4,baltic sea,4: baltic sea,
4,baltic sea,4: baltic sea,
6,energiø bornholm,6: energiø bornholm,
6,energiø bornholm,6: energiø bornholm,
6,energiø bornholm,6: energiø bornholm,
6,energiø bornholm,6: energiø bornholm,
6,energiø bornholm,6: energiø bornholm,
6,energiø bornholm,6: energiø bornholm,
6,energiø bornholm,6: energiø bornholm,
6,energiø bornholm,6: energiø bornholm,
6,energiø bornholm,6: energiø bornholm,
6,energiø bornholm,6: energiø bornholm,
6,energiø bornholm,6: energiø bornholm,
6,energiø bornholm,6: energiø bornholm,
6,energiø bornholm,6: energiø bornholm,
6,energiø bornholm,6: energiø bornholm,
6,energiø bornholm,6: energiø bornholm,
6,energiø bornholm,6: energiø bornholm,
6,energiø bornholm,6: energiø bornholm,
6,energiø bornholm,6: energiø bornholm,
6,energiø bornholm,6: energiø bornholm,
6,energiø bornholm,6: energiø bornholm,
6,energiø bornholm,6: energiø bornholm,
6,energiø bornholm,6: energiø bornholm,
6,energiø bornholm,6: energiø bornholm,
6,energiø bornholm,6: energiø bornholm,
6,energiø bornholm,6: energiø bornholm,
6,energiø bornholm,6: energiø bornholm,
6,energiø bornholm,6: energiø bornholm,
6,energiø bornholm,6: energiø bornholm,
6,energiø bornholm,6: energiø bornholm,
6,energiø bornholm,6: energiø bornholm,
6,energiø bornholm,6: energiø bornholm,
6,energiø bornholm,6: energiø bornholm,
6,energiø bornholm,6: energiø bornholm,
6,energiø bornholm,6: energiø bornholm,
6,energiø bornholm,6: energiø bornholm,
6,energiø bornholm,6: energiø bornholm,
6,energiø bornholm,6: energiø bornholm,
6,energiø bornholm,6: energiø bornholm,
6,energiø bornholm,6: energiø bornholm,
6,energiø bornholm,6: energiø bornholm,
6,energiø bornholm,6: energiø bornholm,
6,energiø bornholm,6: energiø bornholm,
6,energiø bornholm,6: energiø bornholm,
6,energiø bornholm,6: energiø bornholm,
6,energiø bornholm,6: energiø bornholm,
6,energiø bornholm,6: energiø bornholm,
6,energiø bornholm,6: energiø bornholm,
6,energiø bornholm,6: energiø bornholm,
6,energiø bornholm,6: energiø bornholm,
6,energiø bornholm,6: energiø bornholm,
6,energiø bornholm,6: energiø bornholm,
6,energiø bornholm,6: energiø bornholm,
6,energiø bornholm,6: energiø bornholm,
6,energiø bornholm,6: energiø bornholm,
6,energiø bornholm,6: energiø bornholm,
6,energiø bornholm,6: energiø bornholm,
6,energiø bornholm,6: energiø bornholm,
6,energiø bornholm,6: energiø bornholm,
6,energiø bornholm,6: energiø bornholm,
6,energiø bornholm,6: energiø bornholm,
6,energiø bornholm,6: energiø bornholm,
6,energiø bornholm,6: energiø bornholm,
6,energiø bornholm,6: energiø bornholm,
6,energiø bornholm,6: energiø bornholm,
6,energiø bornholm,6: energiø bornholm,
6,energiø bornholm,6: energiø bornholm,
6,energiø bornholm,6: energiø bornholm,
6,energiø bornholm,6: energiø bornholm,
6,energiø bornholm,6: energiø bornholm,
6,energiø bornholm,6: energiø bornholm,
6,energiø bornholm,6: energiø bornholm,
6,energiø bornholm,6: energiø bornholm,
6,energiø bornholm,6: energiø bornholm,
6,energiø bornholm,6: energiø bornholm,
6,energiø bornholm,6: energiø bornholm,
6,energiø bornholm,6: energiø bornholm,
6,energiø bornholm,6: energiø bornholm,
6,energiø bornholm,6: energiø bornholm,
6,energiø bornholm,6: energiø bornholm,
6,energiø bornholm,6: energiø bornholm,
6,energiø bornholm,6: energiø bornholm,
6,energiø bornholm,6: energiø bornholm,
6,energiø bornholm,6: energiø bornholm,
6,energiø bornholm,6: energiø bornholm,
6,energiø bornholm,6: energiø bornholm,
6,energiø bornholm,6: energiø bornholm,
6,energiø bornholm,6: energiø bornholm,
6,energiø bornholm,6: energiø bornholm,
6,energiø bornholm,6: energiø bornholm,
6,energiø bornholm,6: energiø bornholm,
6,energiø bornholm,6: energiø bornholm,
6,energiø bornholm,6: energiø bornholm,
6,energiø bornholm,6: energiø bornholm,
6,energiø bornholm,6: energiø bornholm,
6,energiø bornholm,6: energiø bornholm,
6,energiø bornholm,6: energiø bornholm,
6,energiø bornholm,6: energiø bornholm,
6,energiø bornholm,6: energiø bornholm,
6,energiø bornholm,6: energiø bornholm,
6,energiø bornholm,6: energiø bornholm,
6,energiø bornholm,6: energiø bornholm,
6,energiø bornholm,6: energiø bornholm,
6,energiø bornholm,6: energiø bornholm,
6,energiø bornholm,6: energiø bornholm,
6,energiø bornholm,6: energiø bornholm,
6,energiø bornholm,6: energiø bornholm,
6,energiø bornholm,6: energiø bornholm,
6,energiø bornholm,6: energiø bornholm,
6,energiø bornholm,6: energiø bornholm,
6,energiø bornholm,6: energiø bornholm,
6,energiø bornholm,6: energiø bornholm,
6,energiø bornholm,6: energiø bornholm,
6,energiø bornholm,6: energiø bornholm,
6,energiø bornholm,6: energiø bornholm,
6,energiø bornholm,6: energiø bornholm,
6,energiø bornholm,6: energiø bornholm,
6,energiø bornholm,6: energiø bornholm,
6,energiø bornholm,6: energiø bornholm,
6,energiø bornholm,6: energiø bornholm,
6,energiø bornholm,6: energiø bornholm,
6,energiø bornholm,6: energiø bornholm,
6,energiø bornholm,6: energiø bornholm,
6,energiø bornholm,6: energiø bornholm,
6,energiø bornholm,6: energiø bornholm,
6,energiø bornholm,6: energiø bornholm,
6,energiø bornholm,6: energiø bornholm,
6,energiø bornholm,6: energiø bornholm,
6,energiø bornholm,6: energiø bornholm,
6,energiø bornholm,6: energiø bornholm,
6,energiø bornholm,6: energiø bornholm,
6,energiø bornholm,6: energiø bornholm,
6,energiø bornholm,6: energiø bornholm,
6,energiø bornholm,6: energiø bornholm,
6,energiø bornholm,6: energiø bornholm,
6,energiø bornholm,6: energiø bornholm,
6,energiø bornholm,6: energiø bornholm,
6,energiø bornholm,6: energiø bornholm,
6,energiø bornholm,6: energiø bornholm,
6,energiø bornholm,6: energiø bornholm,
6,energiø bornholm,6: energiø bornholm,
6,energiø bornholm,6: energiø bornholm,
6,energiø bornholm,6: energiø bornholm,
6,energiø bornholm,6: energiø bornholm,
6,energiø bornholm,6: energiø bornholm,
6,energiø bornholm,6: energiø bornholm,
6,energiø bornholm,6: energiø bornholm,
6,energiø bornholm,6: energiø bornholm,
6,energiø bornholm,6: energiø bornholm,
6,energiø bornholm,6: energiø bornholm,
6,energiø bornholm,6: energiø bornholm,
6,energiø bornholm,6: energiø bornholm,
6,energiø bornholm,6: energiø bornholm,
6,energiø bornholm,6: energiø bornholm,
6,energiø bornholm,6: energiø bornholm,
6,energiø bornholm,6: energiø bornholm,
6,energiø bornholm,6: energiø bornholm,
6,energiø bornholm,6: energiø bornholm,
6,energiø bornholm,6: energiø bornholm,
6,energiø bornholm,6: energiø bornholm,
6,energiø bornholm,6: energiø bornholm,
6,energiø bornholm,6: energiø bornholm,
6,energiø bornholm,6: energiø bornholm,
6,energiø bornholm,6: energiø bornholm,
6,energiø bornholm,6: energiø bornholm,
6,energiø bornholm,6: energiø bornholm,
6,energiø bornholm,6: energiø bornholm,
6,energiø bornholm,6: energiø bornholm,
6,energiø bornholm,6: energiø bornholm,
6,energiø bornholm,6: energiø bornholm,
6,energiø bornholm,6: energiø bornholm,
6,energiø bornholm,6: energiø bornholm,
6,energiø bornholm,6: energiø bornholm,
6,energiø bornholm,6: energiø bornholm,
6,energiø bornholm,6: energiø bornholm,
6,energiø bornholm,6: energiø bornholm,
6,energiø bornholm,6: energiø bornholm,
6,energiø bornholm,6: energiø bornholm,
6,energiø bornholm,6: energiø bornholm,
6,energiø bornholm,6: energiø bornholm,
6,energiø bornholm,6: energiø bornholm,
6,energiø bornholm,6: energiø bornholm,
6,energiø bornholm,6: energiø bornholm,
6,energiø bornholm,6: energiø bornholm,
6,energiø bornholm,6: energiø bornholm,
6,energiø bornholm,6: energiø bornholm,
6,energiø bornholm,6: energiø bornholm,
6,energiø bornholm,6: energiø bornholm,
6,energiø bornholm,6: energiø bornholm,
6,energiø bornholm,6: energiø bornholm,
6,energiø bornholm,6: energiø bornholm,
6,energiø bornholm,6: energiø bornholm,
6,energiø bornholm,6: energiø bornholm,
6,energiø bornholm,6: energiø bornholm,
6,energiø bornholm,6: energiø bornholm,
6,energiø bornholm,6: energiø bornholm,
6,energiø bornholm,6: energiø bornholm,
6,energiø bornholm,6: energiø bornholm,
6,energiø bornholm,6: energiø bornholm,
6,energiø bornholm,6: energiø bornholm,
6,energiø bornholm,6: energiø bornholm,
6,energiø bornholm,6: energiø bornholm,
6,energiø bornholm,6: energiø bornholm,
6,energiø bornholm,6: energiø bornholm,
6,energiø bornholm,6: energiø bornholm,
6,energiø bornholm,6: energiø bornholm,
6,energiø bornholm,6: energiø bornholm,
6,energiø bornholm,6: energiø bornholm,
6,energiø bornholm,6: energiø bornholm,
6,energiø bornholm,6: energiø bornholm,
6,energiø bornholm,6: energiø bornholm,
6,energiø bornholm,6: energiø bornholm,
6,energiø bornholm,6: energiø bornholm,
6,energiø bornholm,6: energiø bornholm,
6,energiø bornholm,6: energiø bornholm,
6,energiø bornholm,6: energiø bornholm,
6,energiø bornholm,6: energiø bornholm,
6,energiø bornholm,6: energiø bornholm,
6,energiø bornholm,6: energiø bornholm,
6,energiø bornholm,6: energiø bornholm,
6,energiø bornholm,6: energiø bornholm,
6,energiø bornholm,6: energiø bornholm,
6,energiø bornholm,6: energiø bornholm,
6,energiø bornholm,6: energiø bornholm,
6,energiø bornholm,6: energiø bornholm,
6,energiø bornholm,6: energiø bornholm,
6,energiø bornholm,6: energiø bornholm,
6,energiø bornholm,6: energiø bornholm,
6,energiø bornholm,6: energiø bornholm,
6,energiø bornholm,6: energiø bornholm,
6,energiø bornholm,6: energiø bornholm,
6,energiø bornholm,6: energiø bornholm,
6,energiø bornholm,6: energiø bornholm,
6,energiø bornholm,6: energiø bornholm,
6,energiø bornholm,6: energiø bornholm,
6,energiø bornholm,6: energiø bornholm,
6,energiø bornholm,6: energiø bornholm,
6,energiø bornholm,6: energiø bornholm,
6,energiø bornholm,6: energiø bornholm,
6,energiø bornholm,6: energiø bornholm,
6,energiø bornholm,6: energiø bornholm,
6,energiø bornholm,6: energiø bornholm,
6,energiø bornholm,6: energiø bornholm,
6,energiø bornholm,6: energiø bornholm,
6,energiø bornholm,6: energiø bornholm,
6,energiø bornholm,6: energiø bornholm,
6,energiø bornholm,6: energiø bornholm,
6,energiø bornholm,6: energiø bornholm,
6,energiø bornholm,6: energiø bornholm,
6,energiø bornholm,6: energiø bornholm,
6,energiø bornholm,6: energiø bornholm,
6,energiø bornholm,6: energiø bornholm,
6,energiø bornholm,6: energiø bornholm,
6,energiø bornholm,6: energiø bornholm,
6,energiø bornholm,6: energiø bornholm,
6,energiø bornholm,6: energiø bornholm,
6,energiø bornholm,6: energiø bornholm,
6,energiø bornholm,6: energiø bornholm,
6,energiø bornholm,6: energiø bornholm,
6,energiø bornholm,6: energiø bornholm,
6,energiø bornholm,6: energiø bornholm,
6,energiø bornholm,6: energiø bornholm,
6,energiø bornholm,6: energiø bornholm,
6,energiø bornholm,6: energiø bornholm,
6,energiø bornholm,6: energiø bornholm,
6,energiø bornholm,6: energiø bornholm,
6,energiø bornholm,6: energiø bornholm,
6,energiø bornholm,6: energiø bornholm,
6,energiø bornholm,6: energiø bornholm,
6,energiø bornholm,6: energiø bornholm,
6,energiø bornholm,6: energiø bornholm,
6,energiø bornholm,6: energiø bornholm,
6,energiø bornholm,6: energiø bornholm,
6,energiø bornholm,6: energiø bornholm,
6,energiø bornholm,6: energiø bornholm,
6,energiø bornholm,6: energiø bornholm,
6,energiø bornholm,6: energiø bornholm,
6,energiø bornholm,6: energiø bornholm,
6,energiø bornholm,6: energiø bornholm,
6,energiø bornholm,6: energiø bornholm,
6,energiø bornholm,6: energiø bornholm,
6,energiø bornholm,6: energiø bornholm,
6,energiø bornholm,6: energiø bornholm,
6,energiø bornholm,6: energiø bornholm,
6,energiø bornholm,6: energiø bornholm,
6,energiø bornholm,6: energiø bornholm,
6,energiø bornholm,6: energiø bornholm,
6,energiø bornholm,6: energiø bornholm,
6,energiø bornholm,6: energiø bornholm,
6,energiø bornholm,6: energiø bornholm,
6,energiø bornholm,6: energiø bornholm,
6,energiø bornholm,6: energiø bornholm,
6,energiø bornholm,6: energiø bornholm,
6,energiø bornholm,6: energiø bornholm,
6,energiø bornholm,6: energiø bornholm,
6,energiø bornholm,6: energiø bornholm,
6,energiø bornholm,6: energiø bornholm,
6,energiø bornholm,6: energiø bornholm,
6,energiø bornholm,6: energiø bornholm,
6,energiø bornholm,6: energiø bornholm,
6,energiø bornholm,6: energiø bornholm,
6,energiø bornholm,6: energiø bornholm,
6,energiø bornholm,6: energiø bornholm,
6,energiø bornholm,6: energiø bornholm,
6,energiø bornholm,6: energiø bornholm,
6,energiø bornholm,6: energiø bornholm,
6,energiø bornholm,6: energiø bornholm,
6,energiø bornholm,6: energiø bornholm,
6,energiø bornholm,6: energiø bornholm,
6,energiø bornholm,6: energiø bornholm,
6,energiø bornholm,6: energiø bornholm,
6,energiø bornholm,6: energiø bornholm,
6,energiø bornholm,6: energiø bornholm,
6,energiø bornholm,6: energiø bornholm,
6,energiø bornholm,6: energiø bornholm,
6,energiø bornholm,6: energiø bornholm,
6,energiø bornholm,6: energiø bornholm,
6,energiø bornholm,6: energiø bornholm,
6,energiø bornholm,6: energiø bornholm,
6,energiø bornholm,6: energiø bornholm,
6,energiø bornholm,6: energiø bornholm,
6,energiø bornholm,6: energiø bornholm,
6,energiø bornholm,6: energiø bornholm,
6,energiø bornholm,6: energiø bornholm,
6,energiø bornholm,6: energiø bornholm,
6,energiø bornholm,6: energiø bornholm,
6,energiø bornholm,6: energiø bornholm,
6,energiø bornholm,6: energiø bornholm,
6,energiø bornholm,6: energiø bornholm,
6,energiø bornholm,6: energiø bornholm,
6,energiø bornholm,6: energiø bornholm,
6,energiø bornholm,6: energiø bornholm,
6,energiø bornholm,6: energiø bornholm,
6,energiø bornholm,6: energiø bornholm,
6,energiø bornholm,6: energiø bornholm,
6,energiø bornholm,6: energiø bornholm,
6,energiø bornholm,6: energiø bornholm,
6,energiø bornholm,6: energiø bornholm,
6,energiø bornholm,6: energiø bornholm,
6,energiø bornholm,6: energiø bornholm,
6,energiø bornholm,6: energiø bornholm,
6,energiø bornholm,6: energiø bornholm,
6,energiø bornholm,6: energiø bornholm,
4,baltic sea,4: baltic sea,
4,baltic sea,4: baltic sea,
4,baltic sea,4: baltic sea,
4,baltic sea,4: baltic sea,
4,baltic sea,4: baltic sea,
4,baltic sea,4: baltic sea,
4,baltic sea,4: baltic sea,
4,baltic sea,4: baltic sea,
4,baltic sea,4: baltic sea,
4,baltic sea,4: baltic sea,
4,baltic sea,4: baltic sea,
4,baltic sea,4: baltic sea,
4,baltic sea,4: baltic sea,
4,baltic sea,4: baltic sea,
4,baltic sea,4: baltic sea,
4,baltic sea,4: baltic sea,
4,baltic sea,4: baltic sea,
4,baltic sea,4: baltic sea,
4,baltic sea,4: baltic sea,
4,baltic sea,4: baltic sea,
4,baltic sea,4: baltic sea,
4,baltic sea,4: baltic sea,
4,baltic sea,4: baltic sea,
4,baltic sea,4: baltic sea,
4,baltic sea,4: baltic sea,
4,baltic sea,4: baltic sea,
4,baltic sea,4: baltic sea,
4,baltic sea,4: baltic sea,
4,baltic sea,4: baltic sea,
4,baltic sea,4: baltic sea,
4,baltic sea,4: baltic sea,
4,baltic sea,4: baltic sea,
4,baltic sea,4: baltic sea,
4,baltic sea,4: baltic sea,
4,baltic sea,4: baltic sea,
4,baltic sea,4: baltic sea,
4,baltic sea,4: baltic sea,
4,baltic sea,4: baltic sea,
4,baltic sea,4: baltic sea,
4,baltic sea,4: baltic sea,
4,baltic sea,4: baltic sea,
4,baltic sea,4: baltic sea,
4,baltic sea,4: baltic sea,
4,baltic sea,4: baltic sea,
4,baltic sea,4: baltic sea,
4,baltic sea,4: baltic sea,
4,baltic sea,4: baltic sea,
4,baltic sea,4: baltic sea,
4,baltic sea,4: baltic sea,
4,baltic sea,4: baltic sea,
4,baltic sea,4: baltic sea,
4,baltic sea,4: baltic sea,
4,baltic sea,4: baltic sea,
4,baltic sea,4: baltic sea,
4,baltic sea,4: baltic sea,
4,baltic sea,4: baltic sea,
4,baltic sea,4: baltic sea,
4,baltic sea,4: baltic sea,
4,baltic sea,4: baltic sea,
4,baltic sea,4: baltic sea,
4,baltic sea,4: baltic sea,
4,baltic sea,4: baltic sea,
4,baltic sea,4: baltic sea,
4,baltic sea,4: baltic sea,
4,baltic sea,4: baltic sea,
4,baltic sea,4: baltic sea,
4,baltic sea,4: baltic sea,
4,baltic sea,4: baltic sea,
4,baltic sea,4: baltic sea,
4,baltic sea,4: baltic sea,
4,baltic sea,4: baltic sea,
4,baltic sea,4: baltic sea,
4,baltic sea,4: baltic sea,
4,baltic sea,4: baltic sea,
4,baltic sea,4: baltic sea,
4,baltic sea,4: baltic sea,
4,baltic sea,4: baltic sea,
4,baltic sea,4: baltic sea,
4,baltic sea,4: baltic sea,
4,baltic sea,4: baltic sea,
4,baltic sea,4: baltic sea,
4,baltic sea,4: baltic sea,
4,baltic sea,4: baltic sea,
4,baltic sea,4: baltic sea,
4,baltic sea,4: baltic sea,
4,baltic sea,4: baltic sea,
4,baltic sea,4: baltic sea,
4,baltic sea,4: baltic sea,
4,baltic sea,4: baltic sea,
4,baltic sea,4: baltic sea,
4,baltic sea,4: baltic sea,
4,baltic sea,4: baltic sea,
4,baltic sea,4: baltic sea,
4,baltic sea,4: baltic sea,
4,baltic sea,4: baltic sea,
4,baltic sea,4: baltic sea,
4,baltic sea,4: baltic sea,
4,baltic sea,4: baltic sea,
4,baltic sea,4: baltic sea,
4,baltic sea,4: baltic sea,
4,baltic sea,4: baltic sea,
4,baltic sea,4: baltic sea,
4,baltic sea,4: baltic sea,
4,baltic sea,4: baltic sea,
4,baltic sea,4: baltic sea,
4,baltic sea,4: baltic sea,
4,baltic sea,4: baltic sea,
4,baltic sea,4: baltic sea,
4,baltic sea,4: baltic sea,
4,baltic sea,4: baltic sea,
4,baltic sea,4: baltic sea,
4,baltic sea,4: baltic sea,
4,baltic sea,4: baltic sea,
4,baltic sea,4: baltic sea,
4,baltic sea,4: baltic sea,
4,baltic sea,4: baltic sea,
4,baltic sea,4: baltic sea,
4,baltic sea,4: baltic sea,
4,baltic sea,4: baltic sea,
4,baltic sea,4: baltic sea,
4,baltic sea,4: baltic sea,
4,baltic sea,4: baltic sea,
4,baltic sea,4: baltic sea,
4,baltic sea,4: baltic sea,
4,baltic sea,4: baltic sea,
4,baltic sea,4: baltic sea,
4,baltic sea,4: baltic sea,
4,baltic sea,4: baltic sea,
4,baltic sea,4: baltic sea,
4,baltic sea,4: baltic sea,
4,baltic sea,4: baltic sea,
4,baltic sea,4: baltic sea,
4,baltic sea,4: baltic sea,
4,baltic sea,4: baltic sea,
4,baltic sea,4: baltic sea,
4,baltic sea,4: baltic sea,
4,baltic sea,4: baltic sea,
4,baltic sea,4: baltic sea,
6,energiø bornholm,6: energiø bornholm,
6,energiø bornholm,6: energiø bornholm,
6,energiø bornholm,6: energiø bornholm,
6,energiø bornholm,6: energiø bornholm,
6,energiø bornholm,6: energiø bornholm,
6,energiø bornholm,6: energiø bornholm,
6,energiø bornholm,6: energiø bornholm,
6,energiø bornholm,6: energiø bornholm,
6,energiø bornholm,6: energiø bornholm,
6,energiø bornholm,6: energiø bornholm,
6,energiø bornholm,6: energiø bornholm,
6,energiø bornholm,6: energiø bornholm,
6,energiø bornholm,6: energiø bornholm,
6,energiø bornholm,6: energiø bornholm,
6,energiø bornholm,6: energiø bornholm,
6,energiø bornholm,6: energiø bornholm,
6,energiø bornholm,6: energiø bornholm,
6,energiø bornholm,6: energiø bornholm,
6,energiø bornholm,6: energiø bornholm,
6,energiø bornholm,6: energiø bornholm,
6,energiø bornholm,6: energiø bornholm,
6,energiø bornholm,6: energiø bornholm,
6,energiø bornholm,6: energiø bornholm,
6,energiø bornholm,6: energiø bornholm,
6,energiø bornholm,6: energiø bornholm,
6,energiø bornholm,6: energiø bornholm,
6,energiø bornholm,6: energiø bornholm,
6,energiø bornholm,6: energiø bornholm,
6,energiø bornholm,6: energiø bornholm,
6,energiø bornholm,6: energiø bornholm,
6,energiø bornholm,6: energiø bornholm,
6,energiø bornholm,6: energiø bornholm,
6,energiø bornholm,6: energiø bornholm,
6,energiø bornholm,6: energiø bornholm,
6,energiø bornholm,6: energiø bornholm,
6,energiø bornholm,6: energiø bornholm,
6,energiø bornholm,6: energiø bornholm,
6,energiø bornholm,6: energiø bornholm,
6,energiø bornholm,6: energiø bornholm,
6,energiø bornholm,6: energiø bornholm,
6,energiø bornholm,6: energiø bornholm,
6,energiø bornholm,6: energiø bornholm,
6,energiø bornholm,6: energiø bornholm,
6,energiø bornholm,6: energiø bornholm,
6,energiø bornholm,6: energiø bornholm,
6,energiø bornholm,6: energiø bornholm,
6,energiø bornholm,6: energiø bornholm,
6,energiø bornholm,6: energiø bornholm,
6,energiø bornholm,6: energiø bornholm,
6,energiø bornholm,6: energiø bornholm,
6,energiø bornholm,6: energiø bornholm,
6,energiø bornholm,6: energiø bornholm,
6,energiø bornholm,6: energiø bornholm,
6,energiø bornholm,6: energiø bornholm,
6,energiø bornholm,6: energiø bornholm,
6,energiø bornholm,6: energiø bornholm,
6,energiø bornholm,6: energiø bornholm,
6,energiø bornholm,6: energiø bornholm,
6,energiø bornholm,6: energiø bornholm,
6,energiø bornholm,6: energiø bornholm,
6,energiø bornholm,6: energiø bornholm,
6,energiø bornholm,6: energiø bornholm,
6,energiø bornholm,6: energiø bornholm,
6,energiø bornholm,6: energiø bornholm,
6,energiø bornholm,6: energiø bornholm,
6,energiø bornholm,6: energiø bornholm,
6,energiø bornholm,6: energiø bornholm,
6,energiø bornholm,6: energiø bornholm,
6,energiø bornholm,6: energiø bornholm,
6,energiø bornholm,6: energiø bornholm,
6,energiø bornholm,6: energiø bornholm,
6,energiø bornholm,6: energiø bornholm,
6,energiø bornholm,6: energiø bornholm,
6,energiø bornholm,6: energiø bornholm,
6,energiø bornholm,6: energiø bornholm,
6,energiø bornholm,6: energiø bornholm,
6,energiø bornholm,6: energiø bornholm,
6,energiø bornholm,6: energiø bornholm,
6,energiø bornholm,6: energiø bornholm,
6,energiø bornholm,6: energiø bornholm,
6,energiø bornholm,6: energiø bornholm,
6,energiø bornholm,6: energiø bornholm,
6,energiø bornholm,6: energiø bornholm,
6,energiø bornholm,6: energiø bornholm,
6,energiø bornholm,6: energiø bornholm,
6,energiø bornholm,6: energiø bornholm,
6,energiø bornholm,6: energiø bornholm,
6,energiø bornholm,6: energiø bornholm,
6,energiø bornholm,6: energiø bornholm,
6,energiø bornholm,6: energiø bornholm,
6,energiø bornholm,6: energiø bornholm,
6,energiø bornholm,6: energiø bornholm,
6,energiø bornholm,6: energiø bornholm,
6,energiø bornholm,6: energiø bornholm,
6,energiø bornholm,6: energiø bornholm,
6,energiø bornholm,6: energiø bornholm,
6,energiø bornholm,6: energiø bornholm,
6,energiø bornholm,6: energiø bornholm,
6,energiø bornholm,6: energiø bornholm,
6,energiø bornholm,6: energiø bornholm,
6,energiø bornholm,6: energiø bornholm,
6,energiø bornholm,6: energiø bornholm,
6,energiø bornholm,6: energiø bornholm,
6,energiø bornholm,6: energiø bornholm,
6,energiø bornholm,6: energiø bornholm,
6,energiø bornholm,6: energiø bornholm,
6,energiø bornholm,6: energiø bornholm,
6,energiø bornholm,6: energiø bornholm,
6,energiø bornholm,6: energiø bornholm,
6,energiø bornholm,6: energiø bornholm,
6,energiø bornholm,6: energiø bornholm,
6,energiø bornholm,6: energiø bornholm,
6,energiø bornholm,6: energiø bornholm,
6,energiø bornholm,6: energiø bornholm,
6,energiø bornholm,6: energiø bornholm,
6,energiø bornholm,6: energiø bornholm,
6,energiø bornholm,6: energiø bornholm,
6,energiø bornholm,6: energiø bornholm,
6,energiø bornholm,6: energiø bornholm,
6,energiø bornholm,6: energiø bornholm,
6,energiø bornholm,6: energiø bornholm,
6,energiø bornholm,6: energiø bornholm,
6,energiø bornholm,6: energiø bornholm,
6,energiø bornholm,6: energiø bornholm,
6,energiø bornholm,6: energiø bornholm,
6,energiø bornholm,6: energiø bornholm,
6,energiø bornholm,6: energiø bornholm,
6,energiø bornholm,6: energiø bornholm,
6,energiø bornholm,6: energiø bornholm,
6,energiø bornholm,6: energiø bornholm,
6,energiø bornholm,6: energiø bornholm,
6,energiø bornholm,6: energiø bornholm,
6,energiø bornholm,6: energiø bornholm,
6,energiø bornholm,6: energiø bornholm,
6,energiø bornholm,6: energiø bornholm,
6,energiø bornholm,6: energiø bornholm,
6,energiø bornholm,6: energiø bornholm,
6,energiø bornholm,6: energiø bornholm,
6,energiø bornholm,6: energiø bornholm,
6,energiø bornholm,6: energiø bornholm,
6,energiø bornholm,6: energiø bornholm,
6,energiø bornholm,6: energiø bornholm,
6,energiø bornholm,6: energiø bornholm,
6,energiø bornholm,6: energiø bornholm,
6,energiø bornholm,6: energiø bornholm,
6,energiø bornholm,6: energiø bornholm,
6,energiø bornholm,6: energiø bornholm,
6,energiø bornholm,6: energiø bornholm,
6,energiø bornholm,6: energiø bornholm,
6,energiø bornholm,6: energiø bornholm,
6,energiø bornholm,6: energiø bornholm,
6,energiø bornholm,6: energiø bornholm,
6,energiø bornholm,6: energiø bornholm,
6,energiø bornholm,6: energiø bornholm,
6,energiø bornholm,6: energiø bornholm,
6,energiø bornholm,6: energiø bornholm,
6,energiø bornholm,6: energiø bornholm,
6,energiø bornholm,6: energiø bornholm,
6,energiø bornholm,6: energiø bornholm,
6,energiø bornholm,6: energiø bornholm,
6,energiø bornholm,6: energiø bornholm,
6,energiø bornholm,6: energiø bornholm,
6,energiø bornholm,6: energiø bornholm,
6,energiø bornholm,6: energiø bornholm,
6,energiø bornholm,6: energiø bornholm,
6,energiø bornholm,6: energiø bornholm,
6,energiø bornholm,6: energiø bornholm,
6,energiø bornholm,6: energiø bornholm,
6,energiø bornholm,6: energiø bornholm,
6,energiø bornholm,6: energiø bornholm,
6,energiø bornholm,6: energiø bornholm,
6,energiø bornholm,6: energiø bornholm,
6,energiø bornholm,6: energiø bornholm,
6,energiø bornholm,6: energiø bornholm,
6,energiø bornholm,6: energiø bornholm,
6,energiø bornholm,6: energiø bornholm,
6,energiø bornholm,6: energiø bornholm,
6,energiø bornholm,6: energiø bornholm,
6,energiø bornholm,6: energiø bornholm,
6,energiø bornholm,6: energiø bornholm,
6,energiø bornholm,6: energiø bornholm,
6,energiø bornholm,6: energiø bornholm,
6,energiø bornholm,6: energiø bornholm,
6,energiø bornholm,6: energiø bornholm,
6,energiø bornholm,6: energiø bornholm,
6,energiø bornholm,6: energiø bornholm,
6,energiø bornholm,6: energiø bornholm,
6,energiø bornholm,6: energiø bornholm,
6,energiø bornholm,6: energiø bornholm,
6,energiø bornholm,6: energiø bornholm,
6,energiø bornholm,6: energiø bornholm,
6,energiø bornholm,6: energiø bornholm,
6,energiø bornholm,6: energiø bornholm,
6,energiø bornholm,6: energiø bornholm,
6,energiø bornholm,6: energiø bornholm,
6,energiø bornholm,6: energiø bornholm,
6,energiø bornholm,6: energiø bornholm,
6,energiø bornholm,6: energiø bornholm,
6,energiø bornholm,6: energiø bornholm,
6,energiø bornholm,6: energiø bornholm,
6,energiø bornholm,6: energiø bornholm,
6,energiø bornholm,6: energiø bornholm,
6,energiø bornholm,6: energiø bornholm,
6,energiø bornholm,6: energiø bornholm,
6,energiø bornholm,6: energiø bornholm,
6,energiø bornholm,6: energiø bornholm,
6,energiø bornholm,6: energiø bornholm,
6,energiø bornholm,6: energiø bornholm,
6,energiø bornholm,6: energiø bornholm,
6,energiø bornholm,6: energiø bornholm,
6,energiø bornholm,6: energiø bornholm,
6,energiø bornholm,6: energiø bornholm,
6,energiø bornholm,6: energiø bornholm,
6,energiø bornholm,6: energiø bornholm,
6,energiø bornholm,6: energiø bornholm,
6,energiø bornholm,6: energiø bornholm,
6,energiø bornholm,6: energiø bornholm,
6,energiø bornholm,6: energiø bornholm,
6,energiø bornholm,6: energiø bornholm,
6,energiø bornholm,6: energiø bornholm,
6,energiø bornholm,6: energiø bornholm,
6,energiø bornholm,6: energiø bornholm,
6,energiø bornholm,6: energiø bornholm,
6,energiø bornholm,6: energiø bornholm,
6,energiø bornholm,6: energiø bornholm,
6,energiø bornholm,6: energiø bornholm,
6,energiø bornholm,6: energiø bornholm,
6,energiø bornholm,6: energiø bornholm,
6,energiø bornholm,6: energiø bornholm,
6,energiø bornholm,6: energiø bornholm,
6,energiø bornholm,6: energiø bornholm,
6,energiø bornholm,6: energiø bornholm,
6,energiø bornholm,6: energiø bornholm,
6,energiø bornholm,6: energiø bornholm,
6,energiø bornholm,6: energiø bornholm,
6,energiø bornholm,6: energiø bornholm,
6,energiø bornholm,6: energiø bornholm,
6,energiø bornholm,6: energiø bornholm,
6,energiø bornholm,6: energiø bornholm,
6,energiø bornholm,6: energiø bornholm,
6,energiø bornholm,6: energiø bornholm,
6,energiø bornholm,6: energiø bornholm,
6,energiø bornholm,6: energiø bornholm,
6,energiø bornholm,6: energiø bornholm,
6,energiø bornholm,6: energiø bornholm,
6,energiø bornholm,6: energiø bornholm,
6,energiø bornholm,6: energiø bornholm,
6,energiø bornholm,6: energiø bornholm,
6,energiø bornholm,6: energiø bornholm,
6,energiø bornholm,6: energiø bornholm,
6,energiø bornholm,6: energiø bornholm,
6,energiø bornholm,6: energiø bornholm,
6,energiø bornholm,6: energiø bornholm,
6,energiø bornholm,6: energiø bornholm,
6,energiø bornholm,6: energiø bornholm,
6,energiø bornholm,6: energiø bornholm,
6,energiø bornholm,6: energiø bornholm,
6,energiø bornholm,6: energiø bornholm,
6,energiø bornholm,6: energiø bornholm,
6,energiø bornholm,6: energiø bornholm,
6,energiø bornholm,6: energiø bornholm,
6,energiø bornholm,6: energiø bornholm,
6,energiø bornholm,6: energiø bornholm,
6,energiø bornholm,6: energiø bornholm,
6,energiø bornholm,6: energiø bornholm,
6,energiø bornholm,6: energiø bornholm,
6,energiø bornholm,6: energiø bornholm,
6,energiø bornholm,6: energiø bornholm,
6,energiø bornholm,6: energiø bornholm,
6,energiø bornholm,6: energiø bornholm,
6,energiø bornholm,6: energiø bornholm,
6,energiø bornholm,6: energiø bornholm,
6,energiø bornholm,6: energiø bornholm,
6,energiø bornholm,6: energiø bornholm,
6,energiø bornholm,6: energiø bornholm,
6,energiø bornholm,6: energiø bornholm,
6,energiø bornholm,6: energiø bornholm,
6,energiø bornholm,6: energiø bornholm,
6,energiø bornholm,6: energiø bornholm,
6,energiø bornholm,6: energiø bornholm,
6,energiø bornholm,6: energiø bornholm,
6,energiø bornholm,6: energiø bornholm,
6,energiø bornholm,6: energiø bornholm,
6,energiø bornholm,6: energiø bornholm,
6,energiø bornholm,6: energiø bornholm,
6,energiø bornholm,6: energiø bornholm,
6,energiø bornholm,6: energiø bornholm,
6,energiø bornholm,6: energiø bornholm,
6,energiø bornholm,6: energiø bornholm,
6,energiø bornholm,6: energiø bornholm,
6,energiø bornholm,6: energiø bornholm,
6,energiø bornholm,6: energiø bornholm,
6,energiø bornholm,6: energiø bornholm,
6,energiø bornholm,6: energiø bornholm,
6,energiø bornholm,6: energiø bornholm,
6,energiø bornholm,6: energiø bornholm,
6,energiø bornholm,6: energiø bornholm,
6,energiø bornholm,6: energiø bornholm,
6,energiø bornholm,6: energiø bornholm,
6,energiø bornholm,6: energiø bornholm,
6,energiø bornholm,6: energiø bornholm,
6,energiø bornholm,6: energiø bornholm,
6,energiø bornholm,6: energiø bornholm,
6,energiø bornholm,6: energiø bornholm,
6,energiø bornholm,6: energiø bornholm,
6,energiø bornholm,6: energiø bornholm,
6,energiø bornholm,6: energiø bornholm,
6,energiø bornholm,6: energiø bornholm,
6,energiø bornholm,6: energiø bornholm,
6,energiø bornholm,6: energiø bornholm,
6,energiø bornholm,6: energiø bornholm,
6,energiø bornholm,6: energiø bornholm,
6,energiø bornholm,6: energiø bornholm,
6,energiø bornholm,6: energiø bornholm,
6,energiø bornholm,6: energiø bornholm,
6,energiø bornholm,6: energiø bornholm,
6,energiø bornholm,6: energiø bornholm,
6,energiø bornholm,6: energiø bornholm,
6,energiø bornholm,6: energiø bornholm,
6,energiø bornholm,6: energiø bornholm,
6,energiø bornholm,6: energiø bornholm,
6,energiø bornholm,6: energiø bornholm,
6,energiø bornholm,6: energiø bornholm,
6,energiø bornholm,6: energiø bornholm,
6,energiø bornholm,6: energiø bornholm,
6,energiø bornholm,6: energiø bornholm,
6,energiø bornholm,6: energiø bornholm,
6,energiø bornholm,6: energiø bornholm,
6,energiø bornholm,6: energiø bornholm,
6,energiø bornholm,6: energiø bornholm,
6,energiø bornholm,6: energiø bornholm,
6,energiø bornholm,6: energiø bornholm,
6,energiø bornholm,6: energiø bornholm,
6,energiø bornholm,6: energiø bornholm,
6,energiø bornholm,6: energiø bornholm,
6,energiø bornholm,6: energiø bornholm,
6,energiø bornholm,6: energiø bornholm,
6,energiø bornholm,6: energiø bornholm,
6,energiø bornholm,6: energiø bornholm,
6,energiø bornholm,6: energiø bornholm,
6,energiø bornholm,6: energiø bornholm,
6,energiø bornholm,6: energiø bornholm,
6,energiø bornholm,6: energiø bornholm,
6,energiø bornholm,6: energiø bornholm,
6,energiø bornholm,6: energiø bornholm,
6,energiø bornholm,6: energiø bornholm,
6,energiø bornholm,6: energiø bornholm,
6,energiø bornholm,6: energiø bornholm,
6,energiø bornholm,6: energiø bornholm,
6,energiø bornholm,6: energiø bornholm,
6,energiø bornholm,6: energiø bornholm,
6,energiø bornholm,6: energiø bornholm,
6,energiø bornholm,6: energiø bornholm,
6,energiø bornholm,6: energiø bornholm,
6,energiø bornholm,6: energiø bornholm,
6,energiø bornholm,6: energiø bornholm,
6,energiø bornholm,6: energiø bornholm,
6,energiø bornholm,6: energiø bornholm,
6,energiø bornholm,6: energiø bornholm,
6,energiø bornholm,6: energiø bornholm,
6,energiø bornholm,6: energiø bornholm,
6,energiø bornholm,6: energiø bornholm,
6,energiø bornholm,6: energiø bornholm,
6,energiø bornholm,6: energiø bornholm,
6,energiø bornholm,6: energiø bornholm,
6,energiø bornholm,6: energiø bornholm,
6,energiø bornholm,6: energiø bornholm,
6,energiø bornholm,6: energiø bornholm,
6,energiø bornholm,6: energiø bornholm,
6,energiø bornholm,6: energiø bornholm,
6,energiø bornholm,6: energiø bornholm,
6,energiø bornholm,6: energiø bornholm,
6,energiø bornholm,6: energiø bornholm,
6,energiø bornholm,6: energiø bornholm,
6,energiø bornholm,6: energiø bornholm,
6,energiø bornholm,6: energiø bornholm,
6,energiø bornholm,6: energiø bornholm,
6,energiø bornholm,6: energiø bornholm,
6,energiø bornholm,6: energiø bornholm,
6,energiø bornholm,6: energiø bornholm,
6,energiø bornholm,6: energiø bornholm,
6,energiø bornholm,6: energiø bornholm,
6,energiø bornholm,6: energiø bornholm,
6,energiø bornholm,6: energiø bornholm,
6,energiø bornholm,6: energiø bornholm,
6,energiø bornholm,6: energiø bornholm,
6,energiø bornholm,6: energiø bornholm,
6,energiø bornholm,6: energiø bornholm,
6,energiø bornholm,6: energiø bornholm,
6,energiø bornholm,6: energiø bornholm,
6,energiø bornholm,6: energiø bornholm,
6,energiø bornholm,6: energiø bornholm,
6,energiø bornholm,6: energiø bornholm,
6,energiø bornholm,6: energiø bornholm,
6,energiø bornholm,6: energiø bornholm,
6,energiø bornholm,6: energiø bornholm,
6,energiø bornholm,6: energiø bornholm,
6,energiø bornholm,6: energiø bornholm,
6,energiø bornholm,6: energiø bornholm,
6,energiø bornholm,6: energiø bornholm,
6,energiø bornholm,6: energiø bornholm,
6,energiø bornholm,6: energiø bornholm,
6,energiø bornholm,6: energiø bornholm,
6,energiø bornholm,6: energiø bornholm,
6,energiø bornholm,6: energiø bornholm,
6,energiø bornholm,6: energiø bornholm,
6,energiø bornholm,6: energiø bornholm,
6,energiø bornholm,6: energiø bornholm,
6,energiø bornholm,6: energiø bornholm,
6,energiø bornholm,6: energiø bornholm,
6,energiø bornholm,6: energiø bornholm,
6,energiø bornholm,6: energiø bornholm,
6,energiø bornholm,6: energiø bornholm,
6,energiø bornholm,6: energiø bornholm,
6,energiø bornholm,6: energiø bornholm,
6,energiø bornholm,6: energiø bornholm,
6,energiø bornholm,6: energiø bornholm,
6,energiø bornholm,6: energiø bornholm,
6,energiø bornholm,6: energiø bornholm,
6,energiø bornholm,6: energiø bornholm,
6,energiø bornholm,6: energiø bornholm,
6,energiø bornholm,6: energiø bornholm,
6,energiø bornholm,6: energiø bornholm,
6,energiø bornholm,6: energiø bornholm,
6,energiø bornholm,6: energiø bornholm,
6,energiø bornholm,6: energiø bornholm,
6,energiø bornholm,6: energiø bornholm,
6,energiø bornholm,6: energiø bornholm,
6,energiø bornholm,6: energiø bornholm,
6,energiø bornholm,6: energiø bornholm,
6,energiø bornholm,6: energiø bornholm,
6,energiø bornholm,6: energiø bornholm,
6,energiø bornholm,6: energiø bornholm,
6,energiø bornholm,6: energiø bornholm,
6,energiø bornholm,6: energiø bornholm,
6,energiø bornholm,6: energiø bornholm,
6,energiø bornholm,6: energiø bornholm,
6,energiø bornholm,6: energiø bornholm,
6,energiø bornholm,6: energiø bornholm,
6,energiø bornholm,6: energiø bornholm,
6,energiø bornholm,6: energiø bornholm,
6,energiø bornholm,6: energiø bornholm,
6,energiø bornholm,6: energiø bornholm,
6,energiø bornholm,6: energiø bornholm,
6,energiø bornholm,6: energiø bornholm,
6,energiø bornholm,6: energiø bornholm,
6,energiø bornholm,6: energiø bornholm,
6,energiø bornholm,6: energiø bornholm,
6,energiø bornholm,6: energiø bornholm,
6,energiø bornholm,6: energiø bornholm,
6,energiø bornholm,6: energiø bornholm,
6,energiø bornholm,6: energiø bornholm,
6,energiø bornholm,6: energiø bornholm,
6,energiø bornholm,6: energiø bornholm,
6,energiø bornholm,6: energiø bornholm,
6,energiø bornholm,6: energiø bornholm,
6,energiø bornholm,6: energiø bornholm,
6,energiø bornholm,6: energiø bornholm,
6,energiø bornholm,6: energiø bornholm,
6,energiø bornholm,6: energiø bornholm,
6,energiø bornholm,6: energiø bornholm,
6,energiø bornholm,6: energiø bornholm,
6,energiø bornholm,6: energiø bornholm,
6,energiø bornholm,6: energiø bornholm,
6,energiø bornholm,6: energiø bornholm,
6,energiø bornholm,6: energiø bornholm,
6,energiø bornholm,6: energiø bornholm,
6,energiø bornholm,6: energiø bornholm,
6,energiø bornholm,6: energiø bornholm,
6,energiø bornholm,6: energiø bornholm,
6,energiø bornholm,6: energiø bornholm,
6,energiø bornholm,6: energiø bornholm,
6,energiø bornholm,6: energiø bornholm,
6,energiø bornholm,6: energiø bornholm,
6,energiø bornholm,6: energiø bornholm,
6,energiø bornholm,6: energiø bornholm,
6,energiø bornholm,6: energiø bornholm,
6,energiø bornholm,6: energiø bornholm,
6,energiø bornholm,6: energiø bornholm,
6,energiø bornholm,6: energiø bornholm,
6,energiø bornholm,6: energiø bornholm,
6,energiø bornholm,6: energiø bornholm,
6,energiø bornholm,6: energiø bornholm,
6,energiø bornholm,6: energiø bornholm,
6,energiø bornholm,6: energiø bornholm,
6,energiø bornholm,6: energiø bornholm,
6,energiø bornholm,6: energiø bornholm,
6,energiø bornholm,6: energiø bornholm,
6,energiø bornholm,6: energiø bornholm,
6,energiø bornholm,6: energiø bornholm,
6,energiø bornholm,6: energiø bornholm,
6,energiø bornholm,6: energiø bornholm,
6,energiø bornholm,6: energiø bornholm,
6,energiø bornholm,6: energiø bornholm,
6,energiø bornholm,6: energiø bornholm,
6,energiø bornholm,6: energiø bornholm,
6,energiø bornholm,6: energiø bornholm,
6,energiø bornholm,6: energiø bornholm,
6,energiø bornholm,6: energiø bornholm,
6,energiø bornholm,6: energiø bornholm,
6,energiø bornholm,6: energiø bornholm,
6,energiø bornholm,6: energiø bornholm,
6,energiø bornholm,6: energiø bornholm,
6,energiø bornholm,6: energiø bornholm,
6,energiø bornholm,6: energiø bornholm,
6,energiø bornholm,6: energiø bornholm,
6,energiø bornholm,6: energiø bornholm,
6,energiø bornholm,6: energiø bornholm,
6,energiø bornholm,6: energiø bornholm,
6,energiø bornholm,6: energiø bornholm,
6,energiø bornholm,6: energiø bornholm,
6,energiø bornholm,6: energiø bornholm,
6,energiø bornholm,6: energiø bornholm,
8,wind turbin,8: wind turbin,
8,wind turbin,8: wind turbin,
8,wind turbin,8: wind turbin,
8,wind turbin,8: wind turbin,
8,wind turbin,8: wind turbin,
8,wind turbin,8: wind turbin,
8,wind turbin,8: wind turbin,
8,wind turbin,8: wind turbin,
8,wind turbin,8: wind turbin,
8,wind turbin,8: wind turbin,
8,wind turbin,8: wind turbin,
8,wind turbin,8: wind turbin,
8,wind turbin,8: wind turbin,
8,wind turbin,8: wind turbin,
8,wind turbin,8: wind turbin,
8,wind turbin,8: wind turbin,
8,wind turbin,8: wind turbin,
8,wind turbin,8: wind turbin,
8,wind turbin,8: wind turbin,
8,wind turbin,8: wind turbin,
8,wind turbin,8: wind turbin,
8,wind turbin,8: wind turbin,
8,wind turbin,8: wind turbin,
8,wind turbin,8: wind turbin,
8,wind turbin,8: wind turbin,
8,wind turbin,8: wind turbin,
8,wind turbin,8: wind turbin,
8,wind turbin,8: wind turbin,
8,wind turbin,8: wind turbin,
8,wind turbin,8: wind turbin,
8,wind turbin,8: wind turbin,
8,wind turbin,8: wind turbin,
8,wind turbin,8: wind turbin,
8,wind turbin,8: wind turbin,
8,wind turbin,8: wind turbin,
8,wind turbin,8: wind turbin,
8,wind turbin,8: wind turbin,
8,wind turbin,8: wind turbin,
8,wind turbin,8: wind turbin,
8,wind turbin,8: wind turbin,
8,wind turbin,8: wind turbin,
8,wind turbin,8: wind turbin,
8,wind turbin,8: wind turbin,
8,wind turbin,8: wind turbin,
8,wind turbin,8: wind turbin,
8,wind turbin,8: wind turbin,
8,wind turbin,8: wind turbin,
8,wind turbin,8: wind turbin,
8,wind turbin,8: wind turbin,
8,wind turbin,8: wind turbin,
8,wind turbin,8: wind turbin,
8,wind turbin,8: wind turbin,
8,wind turbin,8: wind turbin,
8,wind turbin,8: wind turbin,
8,wind turbin,8: wind turbin,
8,wind turbin,8: wind turbin,
8,wind turbin,8: wind turbin,
8,wind turbin,8: wind turbin,
8,wind turbin,8: wind turbin,
8,wind turbin,8: wind turbin,
8,wind turbin,8: wind turbin,
8,wind turbin,8: wind turbin,
8,wind turbin,8: wind turbin,
8,wind turbin,8: wind turbin,
8,wind turbin,8: wind turbin,
8,wind turbin,8: wind turbin,
8,wind turbin,8: wind turbin,
8,wind turbin,8: wind turbin,
8,wind turbin,8: wind turbin,
8,wind turbin,8: wind turbin,
8,wind turbin,8: wind turbin,
8,wind turbin,8: wind turbin,
8,wind turbin,8: wind turbin,
8,wind turbin,8: wind turbin,
8,wind turbin,8: wind turbin,
8,wind turbin,8: wind turbin,
8,wind turbin,8: wind turbin,
8,wind turbin,8: wind turbin,
8,wind turbin,8: wind turbin,
8,wind turbin,8: wind turbin,
8,wind turbin,8: wind turbin,
8,wind turbin,8: wind turbin,
8,wind turbin,8: wind turbin,
8,wind turbin,8: wind turbin,
8,wind turbin,8: wind turbin,
8,wind turbin,8: wind turbin,
8,wind turbin,8: wind turbin,
8,wind turbin,8: wind turbin,
8,wind turbin,8: wind turbin,
8,wind turbin,8: wind turbin,
8,wind turbin,8: wind turbin,
8,wind turbin,8: wind turbin,
8,wind turbin,8: wind turbin,
8,wind turbin,8: wind turbin,
8,wind turbin,8: wind turbin,
8,wind turbin,8: wind turbin,
8,wind turbin,8: wind turbin,
8,wind turbin,8: wind turbin,
8,wind turbin,8: wind turbin,
8,wind turbin,8: wind turbin,
8,wind turbin,8: wind turbin,
8,wind turbin,8: wind turbin,
8,wind turbin,8: wind turbin,
8,wind turbin,8: wind turbin,
8,wind turbin,8: wind turbin,
8,wind turbin,8: wind turbin,
8,wind turbin,8: wind turbin,
8,wind turbin,8: wind turbin,
8,wind turbin,8: wind turbin,
8,wind turbin,8: wind turbin,
8,wind turbin,8: wind turbin,
8,wind turbin,8: wind turbin,
8,wind turbin,8: wind turbin,
8,wind turbin,8: wind turbin,
8,wind turbin,8: wind turbin,
8,wind turbin,8: wind turbin,
8,wind turbin,8: wind turbin,
8,wind turbin,8: wind turbin,
8,wind turbin,8: wind turbin,
8,wind turbin,8: wind turbin,
8,wind turbin,8: wind turbin,
8,wind turbin,8: wind turbin,
8,wind turbin,8: wind turbin,
8,wind turbin,8: wind turbin,
8,wind turbin,8: wind turbin,
8,wind turbin,8: wind turbin,
8,wind turbin,8: wind turbin,
8,wind turbin,8: wind turbin,
8,wind turbin,8: wind turbin,
8,wind turbin,8: wind turbin,
3,offshor wind,3: offshor wind,
3,offshor wind,3: offshor wind,
3,offshor wind,3: offshor wind,
3,offshor wind,3: offshor wind,
3,offshor wind,3: offshor wind,
3,offshor wind,3: offshor wind,
3,offshor wind,3: offshor wind,
3,offshor wind,3: offshor wind,
3,offshor wind,3: offshor wind,
3,offshor wind,3: offshor wind,
3,offshor wind,3: offshor wind,
3,offshor wind,3: offshor wind,
3,offshor wind,3: offshor wind,
3,offshor wind,3: offshor wind,
3,offshor wind,3: offshor wind,
3,offshor wind,3: offshor wind,
3,offshor wind,3: offshor wind,
3,offshor wind,3: offshor wind,
3,offshor wind,3: offshor wind,
3,offshor wind,3: offshor wind,
3,offshor wind,3: offshor wind,
3,offshor wind,3: offshor wind,
3,offshor wind,3: offshor wind,
3,offshor wind,3: offshor wind,
3,offshor wind,3: offshor wind,
3,offshor wind,3: offshor wind,
3,offshor wind,3: offshor wind,
3,offshor wind,3: offshor wind,
3,offshor wind,3: offshor wind,
3,offshor wind,3: offshor wind,
3,offshor wind,3: offshor wind,
3,offshor wind,3: offshor wind,
3,offshor wind,3: offshor wind,
3,offshor wind,3: offshor wind,
3,offshor wind,3: offshor wind,
3,offshor wind,3: offshor wind,
3,offshor wind,3: offshor wind,
3,offshor wind,3: offshor wind,
3,offshor wind,3: offshor wind,
3,offshor wind,3: offshor wind,
3,offshor wind,3: offshor wind,
3,offshor wind,3: offshor wind,
3,offshor wind,3: offshor wind,
3,offshor wind,3: offshor wind,
3,offshor wind,3: offshor wind,
3,offshor wind,3: offshor wind,
3,offshor wind,3: offshor wind,
3,offshor wind,3: offshor wind,
3,offshor wind,3: offshor wind,
3,offshor wind,3: offshor wind,
3,offshor wind,3: offshor wind,
3,offshor wind,3: offshor wind,
3,offshor wind,3: offshor wind,
3,offshor wind,3: offshor wind,
3,offshor wind,3: offshor wind,
3,offshor wind,3: offshor wind,
3,offshor wind,3: offshor wind,
3,offshor wind,3: offshor wind,
3,offshor wind,3: offshor wind,
3,offshor wind,3: offshor wind,
3,offshor wind,3: offshor wind,
3,offshor wind,3: offshor wind,
3,offshor wind,3: offshor wind,
3,offshor wind,3: offshor wind,
3,offshor wind,3: offshor wind,
3,offshor wind,3: offshor wind,
3,offshor wind,3: offshor wind,
3,offshor wind,3: offshor wind,
3,offshor wind,3: offshor wind,
3,offshor wind,3: offshor wind,
3,offshor wind,3: offshor wind,
3,offshor wind,3: offshor wind,
3,offshor wind,3: offshor wind,
3,offshor wind,3: offshor wind,
3,offshor wind,3: offshor wind,
3,offshor wind,3: offshor wind,
3,offshor wind,3: offshor wind,
3,offshor wind,3: offshor wind,
3,offshor wind,3: offshor wind,
3,offshor wind,3: offshor wind,
3,offshor wind,3: offshor wind,
3,offshor wind,3: offshor wind,
3,offshor wind,3: offshor wind,
3,offshor wind,3: offshor wind,
3,offshor wind,3: offshor wind,
3,offshor wind,3: offshor wind,
3,offshor wind,3: offshor wind,
3,offshor wind,3: offshor wind,
3,offshor wind,3: offshor wind,
3,offshor wind,3: offshor wind,
3,offshor wind,3: offshor wind,
3,offshor wind,3: offshor wind,
3,offshor wind,3: offshor wind,
3,offshor wind,3: offshor wind,
3,offshor wind,3: offshor wind,
3,offshor wind,3: offshor wind,
3,offshor wind,3: offshor wind,
3,offshor wind,3: offshor wind,
3,offshor wind,3: offshor wind,
3,offshor wind,3: offshor wind,
3,offshor wind,3: offshor wind,
3,offshor wind,3: offshor wind,
3,offshor wind,3: offshor wind,
3,offshor wind,3: offshor wind,
3,offshor wind,3: offshor wind,
3,offshor wind,3: offshor wind,
3,offshor wind,3: offshor wind,
3,offshor wind,3: offshor wind,
3,offshor wind,3: offshor wind,
3,offshor wind,3: offshor wind,
3,offshor wind,3: offshor wind,
3,offshor wind,3: offshor wind,
3,offshor wind,3: offshor wind,
6,energiø bornholm,6: energiø bornholm,
6,energiø bornholm,6: energiø bornholm,
6,energiø bornholm,6: energiø bornholm,
6,energiø bornholm,6: energiø bornholm,
6,energiø bornholm,6: energiø bornholm,
6,energiø bornholm,6: energiø bornholm,
6,energiø bornholm,6: energiø bornholm,
6,energiø bornholm,6: energiø bornholm,
6,energiø bornholm,6: energiø bornholm,
6,energiø bornholm,6: energiø bornholm,
6,energiø bornholm,6: energiø bornholm,
6,energiø bornholm,6: energiø bornholm,
6,energiø bornholm,6: energiø bornholm,
6,energiø bornholm,6: energiø bornholm,
6,energiø bornholm,6: energiø bornholm,
6,energiø bornholm,6: energiø bornholm,
6,energiø bornholm,6: energiø bornholm,
6,energiø bornholm,6: energiø bornholm,
6,energiø bornholm,6: energiø bornholm,
6,energiø bornholm,6: energiø bornholm,
6,energiø bornholm,6: energiø bornholm,
6,energiø bornholm,6: energiø bornholm,
6,energiø bornholm,6: energiø bornholm,
6,energiø bornholm,6: energiø bornholm,
6,energiø bornholm,6: energiø bornholm,
6,energiø bornholm,6: energiø bornholm,
6,energiø bornholm,6: energiø bornholm,
6,energiø bornholm,6: energiø bornholm,
6,energiø bornholm,6: energiø bornholm,
6,energiø bornholm,6: energiø bornholm,
6,energiø bornholm,6: energiø bornholm,
6,energiø bornholm,6: energiø bornholm,
6,energiø bornholm,6: energiø bornholm,
6,energiø bornholm,6: energiø bornholm,
6,energiø bornholm,6: energiø bornholm,
6,energiø bornholm,6: energiø bornholm,
6,energiø bornholm,6: energiø bornholm,
6,energiø bornholm,6: energiø bornholm,
6,energiø bornholm,6: energiø bornholm,
6,energiø bornholm,6: energiø bornholm,
6,energiø bornholm,6: energiø bornholm,
6,energiø bornholm,6: energiø bornholm,
6,energiø bornholm,6: energiø bornholm,
6,energiø bornholm,6: energiø bornholm,
6,energiø bornholm,6: energiø bornholm,
6,energiø bornholm,6: energiø bornholm,
6,energiø bornholm,6: energiø bornholm,
6,energiø bornholm,6: energiø bornholm,
6,energiø bornholm,6: energiø bornholm,
6,energiø bornholm,6: energiø bornholm,
6,energiø bornholm,6: energiø bornholm,
6,energiø bornholm,6: energiø bornholm,
6,energiø bornholm,6: energiø bornholm,
6,energiø bornholm,6: energiø bornholm,
6,energiø bornholm,6: energiø bornholm,
6,energiø bornholm,6: energiø bornholm,
6,energiø bornholm,6: energiø bornholm,
6,energiø bornholm,6: energiø bornholm,
6,energiø bornholm,6: energiø bornholm,
6,energiø bornholm,6: energiø bornholm,
6,energiø bornholm,6: energiø bornholm,
6,energiø bornholm,6: energiø bornholm,
6,energiø bornholm,6: energiø bornholm,
6,energiø bornholm,6: energiø bornholm,
6,energiø bornholm,6: energiø bornholm,
6,energiø bornholm,6: energiø bornholm,
6,energiø bornholm,6: energiø bornholm,
6,energiø bornholm,6: energiø bornholm,
6,energiø bornholm,6: energiø bornholm,
6,energiø bornholm,6: energiø bornholm,
6,energiø bornholm,6: energiø bornholm,
6,energiø bornholm,6: energiø bornholm,
6,energiø bornholm,6: energiø bornholm,
6,energiø bornholm,6: energiø bornholm,
6,energiø bornholm,6: energiø bornholm,
6,energiø bornholm,6: energiø bornholm,
6,energiø bornholm,6: energiø bornholm,
6,energiø bornholm,6: energiø bornholm,
6,energiø bornholm,6: energiø bornholm,
6,energiø bornholm,6: energiø bornholm,
6,energiø bornholm,6: energiø bornholm,
6,energiø bornholm,6: energiø bornholm,
6,energiø bornholm,6: energiø bornholm,
6,energiø bornholm,6: energiø bornholm,
6,energiø bornholm,6: energiø bornholm,
6,energiø bornholm,6: energiø bornholm,
6,energiø bornholm,6: energiø bornholm,
6,energiø bornholm,6: energiø bornholm,
6,energiø bornholm,6: energiø bornholm,
6,energiø bornholm,6: energiø bornholm,
6,energiø bornholm,6: energiø bornholm,
6,energiø bornholm,6: energiø bornholm,
6,energiø bornholm,6: energiø bornholm,
6,energiø bornholm,6: energiø bornholm,
6,energiø bornholm,6: energiø bornholm,
6,energiø bornholm,6: energiø bornholm,
6,energiø bornholm,6: energiø bornholm,
6,energiø bornholm,6: energiø bornholm,
6,energiø bornholm,6: energiø bornholm,
6,energiø bornholm,6: energiø bornholm,
6,energiø bornholm,6: energiø bornholm,
6,energiø bornholm,6: energiø bornholm,
6,energiø bornholm,6: energiø bornholm,
6,energiø bornholm,6: energiø bornholm,
6,energiø bornholm,6: energiø bornholm,
6,energiø bornholm,6: energiø bornholm,
6,energiø bornholm,6: energiø bornholm,
6,energiø bornholm,6: energiø bornholm,
6,energiø bornholm,6: energiø bornholm,
6,energiø bornholm,6: energiø bornholm,
6,energiø bornholm,6: energiø bornholm,
6,energiø bornholm,6: energiø bornholm,
6,energiø bornholm,6: energiø bornholm,
6,energiø bornholm,6: energiø bornholm,
6,energiø bornholm,6: energiø bornholm,
6,energiø bornholm,6: energiø bornholm,
6,energiø bornholm,6: energiø bornholm,
6,energiø bornholm,6: energiø bornholm,
6,energiø bornholm,6: energiø bornholm,
6,energiø bornholm,6: energiø bornholm,
6,energiø bornholm,6: energiø bornholm,
6,energiø bornholm,6: energiø bornholm,
6,energiø bornholm,6: energiø bornholm,
6,energiø bornholm,6: energiø bornholm,
6,energiø bornholm,6: energiø bornholm,
6,energiø bornholm,6: energiø bornholm,
6,energiø bornholm,6: energiø bornholm,
6,energiø bornholm,6: energiø bornholm,
6,energiø bornholm,6: energiø bornholm,
6,energiø bornholm,6: energiø bornholm,
6,energiø bornholm,6: energiø bornholm,
6,energiø bornholm,6: energiø bornholm,
6,energiø bornholm,6: energiø bornholm,
6,energiø bornholm,6: energiø bornholm,
6,energiø bornholm,6: energiø bornholm,
6,energiø bornholm,6: energiø bornholm,
6,energiø bornholm,6: energiø bornholm,
6,energiø bornholm,6: energiø bornholm,
6,energiø bornholm,6: energiø bornholm,
6,energiø bornholm,6: energiø bornholm,
6,energiø bornholm,6: energiø bornholm,
6,energiø bornholm,6: energiø bornholm,
6,energiø bornholm,6: energiø bornholm,
6,energiø bornholm,6: energiø bornholm,
6,energiø bornholm,6: energiø bornholm,
6,energiø bornholm,6: energiø bornholm,
6,energiø bornholm,6: energiø bornholm,
6,energiø bornholm,6: energiø bornholm,
6,energiø bornholm,6: energiø bornholm,
6,energiø bornholm,6: energiø bornholm,
6,energiø bornholm,6: energiø bornholm,
6,energiø bornholm,6: energiø bornholm,
6,energiø bornholm,6: energiø bornholm,
6,energiø bornholm,6: energiø bornholm,
6,energiø bornholm,6: energiø bornholm,
6,energiø bornholm,6: energiø bornholm,
6,energiø bornholm,6: energiø bornholm,
6,energiø bornholm,6: energiø bornholm,
6,energiø bornholm,6: energiø bornholm,
6,energiø bornholm,6: energiø bornholm,
6,energiø bornholm,6: energiø bornholm,
6,energiø bornholm,6: energiø bornholm,
6,energiø bornholm,6: energiø bornholm,
6,energiø bornholm,6: energiø bornholm,
6,energiø bornholm,6: energiø bornholm,
6,energiø bornholm,6: energiø bornholm,
6,energiø bornholm,6: energiø bornholm,
6,energiø bornholm,6: energiø bornholm,
6,energiø bornholm,6: energiø bornholm,
6,energiø bornholm,6: energiø bornholm,
6,energiø bornholm,6: energiø bornholm,
2,municip council,2: municip council,
2,municip council,2: municip council,
2,municip council,2: municip council,
2,municip council,2: municip council,
2,municip council,2: municip council,
2,municip council,2: municip council,
2,municip council,2: municip council,
2,municip council,2: municip council,
2,municip council,2: municip council,
2,municip council,2: municip council,
2,municip council,2: municip council,
2,municip council,2: municip council,
2,municip council,2: municip council,
2,municip council,2: municip council,
2,municip council,2: municip council,
2,municip council,2: municip council,
2,municip council,2: municip council,
2,municip council,2: municip council,
2,municip council,2: municip council,
2,municip council,2: municip council,
2,municip council,2: municip council,
2,municip council,2: municip council,
2,municip council,2: municip council,
2,municip council,2: municip council,
2,municip council,2: municip council,
2,municip council,2: municip council,
2,municip council,2: municip council,
2,municip council,2: municip council,
2,municip council,2: municip council,
2,municip council,2: municip council,
2,municip council,2: municip council,
2,municip council,2: municip council,
2,municip council,2: municip council,
2,municip council,2: municip council,
2,municip council,2: municip council,
2,municip council,2: municip council,
2,municip council,2: municip council,
2,municip council,2: municip council,
2,municip council,2: municip council,
2,municip council,2: municip council,
2,municip council,2: municip council,
2,municip council,2: municip council,
2,municip council,2: municip council,
2,municip council,2: municip council,
2,municip council,2: municip council,
2,municip council,2: municip council,
2,municip council,2: municip council,
2,municip council,2: municip council,
2,municip council,2: municip council,
2,municip council,2: municip council,
2,municip council,2: municip council,
2,municip council,2: municip council,
2,municip council,2: municip council,
2,municip council,2: municip council,
2,municip council,2: municip council,
2,municip council,2: municip council,
2,municip council,2: municip council,
2,municip council,2: municip council,
2,municip council,2: municip council,
2,municip council,2: municip council,
2,municip council,2: municip council,
2,municip council,2: municip council,
2,municip council,2: municip council,
2,municip council,2: municip council,
2,municip council,2: municip council,
2,municip council,2: municip council,
2,municip council,2: municip council,
2,municip council,2: municip council,
2,municip council,2: municip council,
2,municip council,2: municip council,
2,municip council,2: municip council,
2,municip council,2: municip council,
2,municip council,2: municip council,
2,municip council,2: municip council,
2,municip council,2: municip council,
2,municip council,2: municip council,
2,municip council,2: municip council,
2,municip council,2: municip council,
2,municip council,2: municip council,
2,municip council,2: municip council,
2,municip council,2: municip council,
2,municip council,2: municip council,
2,municip council,2: municip council,
2,municip council,2: municip council,
2,municip council,2: municip council,
2,municip council,2: municip council,
2,municip council,2: municip council,
2,municip council,2: municip council,
2,municip council,2: municip council,
2,municip council,2: municip council,
2,municip council,2: municip council,
2,municip council,2: municip council,
2,municip council,2: municip council,
2,municip council,2: municip council,
2,municip council,2: municip council,
2,municip council,2: municip council,
2,municip council,2: municip council,
2,municip council,2: municip council,
2,municip council,2: municip council,
2,municip council,2: municip council,
2,municip council,2: municip council,
2,municip council,2: municip council,
2,municip council,2: municip council,
2,municip council,2: municip council,
2,municip council,2: municip council,
2,municip council,2: municip council,
2,municip council,2: municip council,
2,municip council,2: municip council,
2,municip council,2: municip council,
2,municip council,2: municip council,
2,municip council,2: municip council,
2,municip council,2: municip council,
2,municip council,2: municip council,
2,municip council,2: municip council,
2,municip council,2: municip council,
2,municip council,2: municip council,
2,municip council,2: municip council,
2,municip council,2: municip council,
2,municip council,2: municip council,
2,municip council,2: municip council,
2,municip council,2: municip council,
2,municip council,2: municip council,
2,municip council,2: municip council,
2,municip council,2: municip council,
2,municip council,2: municip council,
2,municip council,2: municip council,
2,municip council,2: municip council,
2,municip council,2: municip council,
2,municip council,2: municip council,
2,municip council,2: municip council,
2,municip council,2: municip council,
2,municip council,2: municip council,
2,municip council,2: municip council,
2,municip council,2: municip council,
2,municip council,2: municip council,
2,municip council,2: municip council,
2,municip council,2: municip council,
2,municip council,2: municip council,
2,municip council,2: municip council,
2,municip council,2: municip council,
2,municip council,2: municip council,
2,municip council,2: municip council,
2,municip council,2: municip council,
2,municip council,2: municip council,
2,municip council,2: municip council,
2,municip council,2: municip council,
2,municip council,2: municip council,
2,municip council,2: municip council,
2,municip council,2: municip council,
2,municip council,2: municip council,
2,municip council,2: municip council,
2,municip council,2: municip council,
2,municip council,2: municip council,
2,municip council,2: municip council,
2,municip council,2: municip council,
2,municip council,2: municip council,
7,renew energi,7: renew energi,
7,renew energi,7: renew energi,
7,renew energi,7: renew energi,
7,renew energi,7: renew energi,
7,renew energi,7: renew energi,
7,renew energi,7: renew energi,
7,renew energi,7: renew energi,
7,renew energi,7: renew energi,
7,renew energi,7: renew energi,
7,renew energi,7: renew energi,
7,renew energi,7: renew energi,
7,renew energi,7: renew energi,
7,renew energi,7: renew energi,
7,renew energi,7: renew energi,
7,renew energi,7: renew energi,
7,renew energi,7: renew energi,
7,renew energi,7: renew energi,
7,renew energi,7: renew energi,
7,renew energi,7: renew energi,
7,renew energi,7: renew energi,
7,renew energi,7: renew energi,
7,renew energi,7: renew energi,
7,renew energi,7: renew energi,
7,renew energi,7: renew energi,
7,renew energi,7: renew energi,
7,renew energi,7: renew energi,
7,renew energi,7: renew energi,
7,renew energi,7: renew energi,
7,renew energi,7: renew energi,
7,renew energi,7: renew energi,
7,renew energi,7: renew energi,
7,renew energi,7: renew energi,
7,renew energi,7: renew energi,
7,renew energi,7: renew energi,
7,renew energi,7: renew energi,
7,renew energi,7: renew energi,
7,renew energi,7: renew energi,
7,renew energi,7: renew energi,
7,renew energi,7: renew energi,
7,renew energi,7: renew energi,
7,renew energi,7: renew energi,
7,renew energi,7: renew energi,
7,renew energi,7: renew energi,
7,renew energi,7: renew energi,
7,renew energi,7: renew energi,
7,renew energi,7: renew energi,
7,renew energi,7: renew energi,
7,renew energi,7: renew energi,
7,renew energi,7: renew energi,
7,renew energi,7: renew energi,
7,renew energi,7: renew energi,
7,renew energi,7: renew energi,
7,renew energi,7: renew energi,
7,renew energi,7: renew energi,
7,renew energi,7: renew energi,
7,renew energi,7: renew energi,
7,renew energi,7: renew energi,
7,renew energi,7: renew energi,
7,renew energi,7: renew energi,
7,renew energi,7: renew energi,
7,renew energi,7: renew energi,
7,renew energi,7: renew energi,
7,renew energi,7: renew energi,
7,renew energi,7: renew energi,
7,renew energi,7: renew energi,
7,renew energi,7: renew energi,
7,renew energi,7: renew energi,
7,renew energi,7: renew energi,
7,renew energi,7: renew energi,
7,renew energi,7: renew energi,
7,renew energi,7: renew energi,
7,renew energi,7: renew energi,
7,renew energi,7: renew energi,
7,renew energi,7: renew energi,
7,renew energi,7: renew energi,
7,renew energi,7: renew energi,
7,renew energi,7: renew energi,
7,renew energi,7: renew energi,
7,renew energi,7: renew energi,
7,renew energi,7: renew energi,
7,renew energi,7: renew energi,
7,renew energi,7: renew energi,
7,renew energi,7: renew energi,
7,renew energi,7: renew energi,
7,renew energi,7: renew energi,
7,renew energi,7: renew energi,
7,renew energi,7: renew energi,
7,renew energi,7: renew energi,
7,renew energi,7: renew energi,
7,renew energi,7: renew energi,
7,renew energi,7: renew energi,
7,renew energi,7: renew energi,
7,renew energi,7: renew energi,
7,renew energi,7: renew energi,
7,renew energi,7: renew energi,
7,renew energi,7: renew energi,
7,renew energi,7: renew energi,
7,renew energi,7: renew energi,
7,renew energi,7: renew energi,
7,renew energi,7: renew energi,
7,renew energi,7: renew energi,
7,renew energi,7: renew energi,
7,renew energi,7: renew energi,
7,renew energi,7: renew energi,
7,renew energi,7: renew energi,
7,renew energi,7: renew energi,
7,renew energi,7: renew energi,
7,renew energi,7: renew energi,
7,renew energi,7: renew energi,
7,renew energi,7: renew energi,
7,renew energi,7: renew energi,
7,renew energi,7: renew energi,
7,renew energi,7: renew energi,
7,renew energi,7: renew energi,
7,renew energi,7: renew energi,
7,renew energi,7: renew energi,
7,renew energi,7: renew energi,
7,renew energi,7: renew energi,
7,renew energi,7: renew energi,
7,renew energi,7: renew energi,
7,renew energi,7: renew energi,
7,renew energi,7: renew energi,
7,renew energi,7: renew energi,
7,renew energi,7: renew energi,
7,renew energi,7: renew energi,
7,renew energi,7: renew energi,
7,renew energi,7: renew energi,
7,renew energi,7: renew energi,
7,renew energi,7: renew energi,
7,renew energi,7: renew energi,
7,renew energi,7: renew energi,
7,renew energi,7: renew energi,
7,renew energi,7: renew energi,
7,renew energi,7: renew energi,
7,renew energi,7: renew energi,
7,renew energi,7: renew energi,
7,renew energi,7: renew energi,
7,renew energi,7: renew energi,
7,renew energi,7: renew energi,
7,renew energi,7: renew energi,
7,renew energi,7: renew energi,
7,renew energi,7: renew energi,
7,renew energi,7: renew energi,
7,renew energi,7: renew energi,
7,renew energi,7: renew energi,
7,renew energi,7: renew energi,
2,municip council,2: municip council,
2,municip council,2: municip council,
2,municip council,2: municip council,
2,municip council,2: municip council,
2,municip council,2: municip council,
2,municip council,2: municip council,
2,municip council,2: municip council,
2,municip council,2: municip council,
2,municip council,2: municip council,
2,municip council,2: municip council,
2,municip council,2: municip council,
2,municip council,2: municip council,
2,municip council,2: municip council,
2,municip council,2: municip council,
2,municip council,2: municip council,
2,municip council,2: municip council,
2,municip council,2: municip council,
2,municip council,2: municip council,
2,municip council,2: municip council,
2,municip council,2: municip council,
2,municip council,2: municip council,
2,municip council,2: municip council,
2,municip council,2: municip council,
2,municip council,2: municip council,
2,municip council,2: municip council,
2,municip council,2: municip council,
2,municip council,2: municip council,
2,municip council,2: municip council,
2,municip council,2: municip council,
2,municip council,2: municip council,
2,municip council,2: municip council,
2,municip council,2: municip council,
2,municip council,2: municip council,
2,municip council,2: municip council,
2,municip council,2: municip council,
2,municip council,2: municip council,
2,municip council,2: municip council,
2,municip council,2: municip council,
2,municip council,2: municip council,
2,municip council,2: municip council,
2,municip council,2: municip council,
2,municip council,2: municip council,
2,municip council,2: municip council,
2,municip council,2: municip council,
2,municip council,2: municip council,
2,municip council,2: municip council,
2,municip council,2: municip council,
2,municip council,2: municip council,
2,municip council,2: municip council,
2,municip council,2: municip council,
2,municip council,2: municip council,
2,municip council,2: municip council,
2,municip council,2: municip council,
2,municip council,2: municip council,
2,municip council,2: municip council,
2,municip council,2: municip council,
2,municip council,2: municip council,
2,municip council,2: municip council,
2,municip council,2: municip council,
2,municip council,2: municip council,
2,municip council,2: municip council,
2,municip council,2: municip council,
2,municip council,2: municip council,
2,municip council,2: municip council,
2,municip council,2: municip council,
2,municip council,2: municip council,
2,municip council,2: municip council,
2,municip council,2: municip council,
2,municip council,2: municip council,
2,municip council,2: municip council,
2,municip council,2: municip council,
2,municip council,2: municip council,
2,municip council,2: municip council,
2,municip council,2: municip council,
2,municip council,2: municip council,
2,municip council,2: municip council,
2,municip council,2: municip council,
2,municip council,2: municip council,
2,municip council,2: municip council,
2,municip council,2: municip council,
2,municip council,2: municip council,
2,municip council,2: municip council,
2,municip council,2: municip council,
2,municip council,2: municip council,
2,municip council,2: municip council,
2,municip council,2: municip council,
2,municip council,2: municip council,
2,municip council,2: municip council,
2,municip council,2: municip council,
2,municip council,2: municip council,
2,municip council,2: municip council,
2,municip council,2: municip council,
2,municip council,2: municip council,
2,municip council,2: municip council,
2,municip council,2: municip council,
2,municip council,2: municip council,
2,municip council,2: municip council,
2,municip council,2: municip council,
2,municip council,2: municip council,
2,municip council,2: municip council,
2,municip council,2: municip council,
2,municip council,2: municip council,
2,municip council,2: municip council,
2,municip council,2: municip council,
2,municip council,2: municip council,
2,municip council,2: municip council,
2,municip council,2: municip council,
2,municip council,2: municip council,
2,municip council,2: municip council,
2,municip council,2: municip council,
2,municip council,2: municip council,
2,municip council,2: municip council,
2,municip council,2: municip council,
2,municip council,2: municip council,
2,municip council,2: municip council,
2,municip council,2: municip council,
2,municip council,2: municip council,
2,municip council,2: municip council,
2,municip council,2: municip council,
2,municip council,2: municip council,
2,municip council,2: municip council,
2,municip council,2: municip council,
2,municip council,2: municip council,
2,municip council,2: municip council,
2,municip council,2: municip council,
2,municip council,2: municip council,
2,municip council,2: municip council,
2,municip council,2: municip council,
2,municip council,2: municip council,
2,municip council,2: municip council,
2,municip council,2: municip council,
2,municip council,2: municip council,
2,municip council,2: municip council,
2,municip council,2: municip council,
2,municip council,2: municip council,
2,municip council,2: municip council,
2,municip council,2: municip council,
2,municip council,2: municip council,
2,municip council,2: municip council,
2,municip council,2: municip council,
2,municip council,2: municip council,
2,municip council,2: municip council,
2,municip council,2: municip council,
2,municip council,2: municip council,
2,municip council,2: municip council,
2,municip council,2: municip council,
2,municip council,2: municip council,
2,municip council,2: municip council,
2,municip council,2: municip council,
2,municip council,2: municip council,
2,municip council,2: municip council,
2,municip council,2: municip council,
2,municip council,2: municip council,
2,municip council,2: municip council,
2,municip council,2: municip council,
2,municip council,2: municip council,
6,energiø bornholm,6: energiø bornholm,
6,energiø bornholm,6: energiø bornholm,
6,energiø bornholm,6: energiø bornholm,
6,energiø bornholm,6: energiø bornholm,
6,energiø bornholm,6: energiø bornholm,
6,energiø bornholm,6: energiø bornholm,
6,energiø bornholm,6: energiø bornholm,
6,energiø bornholm,6: energiø bornholm,
6,energiø bornholm,6: energiø bornholm,
6,energiø bornholm,6: energiø bornholm,
6,energiø bornholm,6: energiø bornholm,
6,energiø bornholm,6: energiø bornholm,
6,energiø bornholm,6: energiø bornholm,
6,energiø bornholm,6: energiø bornholm,
6,energiø bornholm,6: energiø bornholm,
6,energiø bornholm,6: energiø bornholm,
6,energiø bornholm,6: energiø bornholm,
6,energiø bornholm,6: energiø bornholm,
6,energiø bornholm,6: energiø bornholm,
6,energiø bornholm,6: energiø bornholm,
6,energiø bornholm,6: energiø bornholm,
6,energiø bornholm,6: energiø bornholm,
6,energiø bornholm,6: energiø bornholm,
6,energiø bornholm,6: energiø bornholm,
6,energiø bornholm,6: energiø bornholm,
6,energiø bornholm,6: energiø bornholm,
6,energiø bornholm,6: energiø bornholm,
6,energiø bornholm,6: energiø bornholm,
6,energiø bornholm,6: energiø bornholm,
6,energiø bornholm,6: energiø bornholm,
6,energiø bornholm,6: energiø bornholm,
6,energiø bornholm,6: energiø bornholm,
6,energiø bornholm,6: energiø bornholm,
6,energiø bornholm,6: energiø bornholm,
6,energiø bornholm,6: energiø bornholm,
6,energiø bornholm,6: energiø bornholm,
6,energiø bornholm,6: energiø bornholm,
6,energiø bornholm,6: energiø bornholm,
6,energiø bornholm,6: energiø bornholm,
6,energiø bornholm,6: energiø bornholm,
6,energiø bornholm,6: energiø bornholm,
6,energiø bornholm,6: energiø bornholm,
6,energiø bornholm,6: energiø bornholm,
6,energiø bornholm,6: energiø bornholm,
6,energiø bornholm,6: energiø bornholm,
6,energiø bornholm,6: energiø bornholm,
6,energiø bornholm,6: energiø bornholm,
6,energiø bornholm,6: energiø bornholm,
6,energiø bornholm,6: energiø bornholm,
6,energiø bornholm,6: energiø bornholm,
6,energiø bornholm,6: energiø bornholm,
6,energiø bornholm,6: energiø bornholm,
6,energiø bornholm,6: energiø bornholm,
6,energiø bornholm,6: energiø bornholm,
6,energiø bornholm,6: energiø bornholm,
6,energiø bornholm,6: energiø bornholm,
6,energiø bornholm,6: energiø bornholm,
6,energiø bornholm,6: energiø bornholm,
6,energiø bornholm,6: energiø bornholm,
6,energiø bornholm,6: energiø bornholm,
6,energiø bornholm,6: energiø bornholm,
6,energiø bornholm,6: energiø bornholm,
6,energiø bornholm,6: energiø bornholm,
6,energiø bornholm,6: energiø bornholm,
6,energiø bornholm,6: energiø bornholm,
6,energiø bornholm,6: energiø bornholm,
6,energiø bornholm,6: energiø bornholm,
6,energiø bornholm,6: energiø bornholm,
6,energiø bornholm,6: energiø bornholm,
6,energiø bornholm,6: energiø bornholm,
6,energiø bornholm,6: energiø bornholm,
6,energiø bornholm,6: energiø bornholm,
6,energiø bornholm,6: energiø bornholm,
6,energiø bornholm,6: energiø bornholm,
6,energiø bornholm,6: energiø bornholm,
6,energiø bornholm,6: energiø bornholm,
6,energiø bornholm,6: energiø bornholm,
6,energiø bornholm,6: energiø bornholm,
6,energiø bornholm,6: energiø bornholm,
6,energiø bornholm,6: energiø bornholm,
6,energiø bornholm,6: energiø bornholm,
6,energiø bornholm,6: energiø bornholm,
6,energiø bornholm,6: energiø bornholm,
6,energiø bornholm,6: energiø bornholm,
6,energiø bornholm,6: energiø bornholm,
6,energiø bornholm,6: energiø bornholm,
6,energiø bornholm,6: energiø bornholm,
6,energiø bornholm,6: energiø bornholm,
6,energiø bornholm,6: energiø bornholm,
6,energiø bornholm,6: energiø bornholm,
6,energiø bornholm,6: energiø bornholm,
6,energiø bornholm,6: energiø bornholm,
6,energiø bornholm,6: energiø bornholm,
6,energiø bornholm,6: energiø bornholm,
6,energiø bornholm,6: energiø bornholm,
6,energiø bornholm,6: energiø bornholm,
6,energiø bornholm,6: energiø bornholm,
6,energiø bornholm,6: energiø bornholm,
6,energiø bornholm,6: energiø bornholm,
6,energiø bornholm,6: energiø bornholm,
6,energiø bornholm,6: energiø bornholm,
6,energiø bornholm,6: energiø bornholm,
6,energiø bornholm,6: energiø bornholm,
6,energiø bornholm,6: energiø bornholm,
6,energiø bornholm,6: energiø bornholm,
6,energiø bornholm,6: energiø bornholm,
6,energiø bornholm,6: energiø bornholm,
6,energiø bornholm,6: energiø bornholm,
6,energiø bornholm,6: energiø bornholm,
6,energiø bornholm,6: energiø bornholm,
6,energiø bornholm,6: energiø bornholm,
6,energiø bornholm,6: energiø bornholm,
6,energiø bornholm,6: energiø bornholm,
6,energiø bornholm,6: energiø bornholm,
6,energiø bornholm,6: energiø bornholm,
6,energiø bornholm,6: energiø bornholm,
6,energiø bornholm,6: energiø bornholm,
6,energiø bornholm,6: energiø bornholm,
6,energiø bornholm,6: energiø bornholm,
6,energiø bornholm,6: energiø bornholm,
6,energiø bornholm,6: energiø bornholm,
6,energiø bornholm,6: energiø bornholm,
6,energiø bornholm,6: energiø bornholm,
6,energiø bornholm,6: energiø bornholm,
6,energiø bornholm,6: energiø bornholm,
6,energiø bornholm,6: energiø bornholm,
6,energiø bornholm,6: energiø bornholm,
6,energiø bornholm,6: energiø bornholm,
6,energiø bornholm,6: energiø bornholm,
6,energiø bornholm,6: energiø bornholm,
6,energiø bornholm,6: energiø bornholm,
6,energiø bornholm,6: energiø bornholm,
6,energiø bornholm,6: energiø bornholm,
6,energiø bornholm,6: energiø bornholm,
6,energiø bornholm,6: energiø bornholm,
6,energiø bornholm,6: energiø bornholm,
6,energiø bornholm,6: energiø bornholm,
6,energiø bornholm,6: energiø bornholm,
6,energiø bornholm,6: energiø bornholm,
6,energiø bornholm,6: energiø bornholm,
6,energiø bornholm,6: energiø bornholm,
6,energiø bornholm,6: energiø bornholm,
6,energiø bornholm,6: energiø bornholm,
6,energiø bornholm,6: energiø bornholm,
6,energiø bornholm,6: energiø bornholm,
6,energiø bornholm,6: energiø bornholm,
6,energiø bornholm,6: energiø bornholm,
6,energiø bornholm,6: energiø bornholm,
6,energiø bornholm,6: energiø bornholm,
6,energiø bornholm,6: energiø bornholm,
6,energiø bornholm,6: energiø bornholm,
6,energiø bornholm,6: energiø bornholm,
6,energiø bornholm,6: energiø bornholm,
6,energiø bornholm,6: energiø bornholm,
6,energiø bornholm,6: energiø bornholm,
6,energiø bornholm,6: energiø bornholm,
6,energiø bornholm,6: energiø bornholm,
6,energiø bornholm,6: energiø bornholm,
6,energiø bornholm,6: energiø bornholm,
6,energiø bornholm,6: energiø bornholm,
6,energiø bornholm,6: energiø bornholm,
6,energiø bornholm,6: energiø bornholm,
6,energiø bornholm,6: energiø bornholm,
6,energiø bornholm,6: energiø bornholm,
6,energiø bornholm,6: energiø bornholm,
6,energiø bornholm,6: energiø bornholm,
6,energiø bornholm,6: energiø bornholm,
6,energiø bornholm,6: energiø bornholm,
6,energiø bornholm,6: energiø bornholm,
6,energiø bornholm,6: energiø bornholm,
6,energiø bornholm,6: energiø bornholm,
6,energiø bornholm,6: energiø bornholm,
6,energiø bornholm,6: energiø bornholm,
6,energiø bornholm,6: energiø bornholm,
6,energiø bornholm,6: energiø bornholm,
6,energiø bornholm,6: energiø bornholm,
6,energiø bornholm,6: energiø bornholm,
6,energiø bornholm,6: energiø bornholm,
6,energiø bornholm,6: energiø bornholm,
6,energiø bornholm,6: energiø bornholm,
6,energiø bornholm,6: energiø bornholm,
6,energiø bornholm,6: energiø bornholm,
6,energiø bornholm,6: energiø bornholm,
6,energiø bornholm,6: energiø bornholm,
6,energiø bornholm,6: energiø bornholm,
6,energiø bornholm,6: energiø bornholm,
6,energiø bornholm,6: energiø bornholm,
6,energiø bornholm,6: energiø bornholm,
6,energiø bornholm,6: energiø bornholm,
6,energiø bornholm,6: energiø bornholm,
6,energiø bornholm,6: energiø bornholm,
6,energiø bornholm,6: energiø bornholm,
6,energiø bornholm,6: energiø bornholm,
6,energiø bornholm,6: energiø bornholm,
6,energiø bornholm,6: energiø bornholm,
6,energiø bornholm,6: energiø bornholm,
6,energiø bornholm,6: energiø bornholm,
6,energiø bornholm,6: energiø bornholm,
6,energiø bornholm,6: energiø bornholm,
6,energiø bornholm,6: energiø bornholm,
6,energiø bornholm,6: energiø bornholm,
6,energiø bornholm,6: energiø bornholm,
6,energiø bornholm,6: energiø bornholm,
6,energiø bornholm,6: energiø bornholm,
6,energiø bornholm,6: energiø bornholm,
6,energiø bornholm,6: energiø bornholm,
6,energiø bornholm,6: energiø bornholm,
6,energiø bornholm,6: energiø bornholm,
6,energiø bornholm,6: energiø bornholm,
6,energiø bornholm,6: energiø bornholm,
6,energiø bornholm,6: energiø bornholm,
6,energiø bornholm,6: energiø bornholm,
6,energiø bornholm,6: energiø bornholm,
6,energiø bornholm,6: energiø bornholm,
6,energiø bornholm,6: energiø bornholm,
6,energiø bornholm,6: energiø bornholm,
6,energiø bornholm,6: energiø bornholm,
6,energiø bornholm,6: energiø bornholm,
6,energiø bornholm,6: energiø bornholm,
6,energiø bornholm,6: energiø bornholm,
6,energiø bornholm,6: energiø bornholm,
6,energiø bornholm,6: energiø bornholm,
6,energiø bornholm,6: energiø bornholm,
6,energiø bornholm,6: energiø bornholm,
6,energiø bornholm,6: energiø bornholm,
6,energiø bornholm,6: energiø bornholm,
6,energiø bornholm,6: energiø bornholm,
6,energiø bornholm,6: energiø bornholm,
6,energiø bornholm,6: energiø bornholm,
6,energiø bornholm,6: energiø bornholm,
6,energiø bornholm,6: energiø bornholm,
6,energiø bornholm,6: energiø bornholm,
6,energiø bornholm,6: energiø bornholm,
6,energiø bornholm,6: energiø bornholm,
6,energiø bornholm,6: energiø bornholm,
6,energiø bornholm,6: energiø bornholm,
6,energiø bornholm,6: energiø bornholm,
6,energiø bornholm,6: energiø bornholm,
6,energiø bornholm,6: energiø bornholm,
6,energiø bornholm,6: energiø bornholm,
6,energiø bornholm,6: energiø bornholm,
6,energiø bornholm,6: energiø bornholm,
6,energiø bornholm,6: energiø bornholm,
6,energiø bornholm,6: energiø bornholm,
6,energiø bornholm,6: energiø bornholm,
6,energiø bornholm,6: energiø bornholm,
6,energiø bornholm,6: energiø bornholm,
6,energiø bornholm,6: energiø bornholm,
6,energiø bornholm,6: energiø bornholm,
6,energiø bornholm,6: energiø bornholm,
6,energiø bornholm,6: energiø bornholm,
6,energiø bornholm,6: energiø bornholm,
6,energiø bornholm,6: energiø bornholm,
6,energiø bornholm,6: energiø bornholm,
6,energiø bornholm,6: energiø bornholm,
6,energiø bornholm,6: energiø bornholm,
6,energiø bornholm,6: energiø bornholm,
6,energiø bornholm,6: energiø bornholm,
6,energiø bornholm,6: energiø bornholm,
6,energiø bornholm,6: energiø bornholm,
6,energiø bornholm,6: energiø bornholm,
6,energiø bornholm,6: energiø bornholm,
6,energiø bornholm,6: energiø bornholm,
6,energiø bornholm,6: energiø bornholm,
6,energiø bornholm,6: energiø bornholm,
6,energiø bornholm,6: energiø bornholm,
6,energiø bornholm,6: energiø bornholm,
6,energiø bornholm,6: energiø bornholm,
6,energiø bornholm,6: energiø bornholm,
6,energiø bornholm,6: energiø bornholm,
6,energiø bornholm,6: energiø bornholm,
6,energiø bornholm,6: energiø bornholm,
6,energiø bornholm,6: energiø bornholm,
6,energiø bornholm,6: energiø bornholm,
6,energiø bornholm,6: energiø bornholm,
6,energiø bornholm,6: energiø bornholm,
6,energiø bornholm,6: energiø bornholm,
6,energiø bornholm,6: energiø bornholm,
6,energiø bornholm,6: energiø bornholm,
6,energiø bornholm,6: energiø bornholm,
6,energiø bornholm,6: energiø bornholm,
6,energiø bornholm,6: energiø bornholm,
6,energiø bornholm,6: energiø bornholm,
6,energiø bornholm,6: energiø bornholm,
6,energiø bornholm,6: energiø bornholm,
6,energiø bornholm,6: energiø bornholm,
6,energiø bornholm,6: energiø bornholm,
6,energiø bornholm,6: energiø bornholm,
6,energiø bornholm,6: energiø bornholm,
6,energiø bornholm,6: energiø bornholm,
6,energiø bornholm,6: energiø bornholm,
6,energiø bornholm,6: energiø bornholm,
6,energiø bornholm,6: energiø bornholm,
6,energiø bornholm,6: energiø bornholm,
6,energiø bornholm,6: energiø bornholm,
6,energiø bornholm,6: energiø bornholm,
6,energiø bornholm,6: energiø bornholm,
6,energiø bornholm,6: energiø bornholm,
6,energiø bornholm,6: energiø bornholm,
6,energiø bornholm,6: energiø bornholm,
6,energiø bornholm,6: energiø bornholm,
6,energiø bornholm,6: energiø bornholm,
6,energiø bornholm,6: energiø bornholm,
6,energiø bornholm,6: energiø bornholm,
6,energiø bornholm,6: energiø bornholm,
6,energiø bornholm,6: energiø bornholm,
6,energiø bornholm,6: energiø bornholm,
6,energiø bornholm,6: energiø bornholm,
6,energiø bornholm,6: energiø bornholm,
6,energiø bornholm,6: energiø bornholm,
6,energiø bornholm,6: energiø bornholm,
6,energiø bornholm,6: energiø bornholm,
6,energiø bornholm,6: energiø bornholm,
6,energiø bornholm,6: energiø bornholm,
6,energiø bornholm,6: energiø bornholm,
6,energiø bornholm,6: energiø bornholm,
6,energiø bornholm,6: energiø bornholm,
6,energiø bornholm,6: energiø bornholm,
6,energiø bornholm,6: energiø bornholm,
6,energiø bornholm,6: energiø bornholm,
6,energiø bornholm,6: energiø bornholm,
6,energiø bornholm,6: energiø bornholm,
6,energiø bornholm,6: energiø bornholm,
6,energiø bornholm,6: energiø bornholm,
6,energiø bornholm,6: energiø bornholm,
6,energiø bornholm,6: energiø bornholm,
6,energiø bornholm,6: energiø bornholm,
6,energiø bornholm,6: energiø bornholm,
6,energiø bornholm,6: energiø bornholm,
6,energiø bornholm,6: energiø bornholm,
6,energiø bornholm,6: energiø bornholm,
6,energiø bornholm,6: energiø bornholm,
6,energiø bornholm,6: energiø bornholm,
6,energiø bornholm,6: energiø bornholm,
6,energiø bornholm,6: energiø bornholm,
6,energiø bornholm,6: energiø bornholm,
6,energiø bornholm,6: energiø bornholm,
6,energiø bornholm,6: energiø bornholm,
6,energiø bornholm,6: energiø bornholm,
6,energiø bornholm,6: energiø bornholm,
6,energiø bornholm,6: energiø bornholm,
6,energiø bornholm,6: energiø bornholm,
2,municip council,2: municip council,
2,municip council,2: municip council,
2,municip council,2: municip council,
2,municip council,2: municip council,
2,municip council,2: municip council,
2,municip council,2: municip council,
2,municip council,2: municip council,
2,municip council,2: municip council,
2,municip council,2: municip council,
2,municip council,2: municip council,
2,municip council,2: municip council,
2,municip council,2: municip council,
2,municip council,2: municip council,
2,municip council,2: municip council,
2,municip council,2: municip council,
2,municip council,2: municip council,
2,municip council,2: municip council,
2,municip council,2: municip council,
2,municip council,2: municip council,
2,municip council,2: municip council,
2,municip council,2: municip council,
2,municip council,2: municip council,
2,municip council,2: municip council,
2,municip council,2: municip council,
2,municip council,2: municip council,
2,municip council,2: municip council,
2,municip council,2: municip council,
2,municip council,2: municip council,
2,municip council,2: municip council,
2,municip council,2: municip council,
2,municip council,2: municip council,
2,municip council,2: municip council,
2,municip council,2: municip council,
2,municip council,2: municip council,
2,municip council,2: municip council,
2,municip council,2: municip council,
2,municip council,2: municip council,
2,municip council,2: municip council,
2,municip council,2: municip council,
2,municip council,2: municip council,
2,municip council,2: municip council,
2,municip council,2: municip council,
2,municip council,2: municip council,
2,municip council,2: municip council,
2,municip council,2: municip council,
2,municip council,2: municip council,
2,municip council,2: municip council,
2,municip council,2: municip council,
2,municip council,2: municip council,
2,municip council,2: municip council,
2,municip council,2: municip council,
2,municip council,2: municip council,
2,municip council,2: municip council,
2,municip council,2: municip council,
2,municip council,2: municip council,
2,municip council,2: municip council,
2,municip council,2: municip council,
2,municip council,2: municip council,
2,municip council,2: municip council,
2,municip council,2: municip council,
2,municip council,2: municip council,
2,municip council,2: municip council,
2,municip council,2: municip council,
2,municip council,2: municip council,
2,municip council,2: municip council,
2,municip council,2: municip council,
2,municip council,2: municip council,
2,municip council,2: municip council,
2,municip council,2: municip council,
2,municip council,2: municip council,
2,municip council,2: municip council,
2,municip council,2: municip council,
2,municip council,2: municip council,
2,municip council,2: municip council,
2,municip council,2: municip council,
2,municip council,2: municip council,
2,municip council,2: municip council,
2,municip council,2: municip council,
2,municip council,2: municip council,
2,municip council,2: municip council,
2,municip council,2: municip council,
2,municip council,2: municip council,
2,municip council,2: municip council,
2,municip council,2: municip council,
2,municip council,2: municip council,
2,municip council,2: municip council,
2,municip council,2: municip council,
2,municip council,2: municip council,
2,municip council,2: municip council,
2,municip council,2: municip council,
2,municip council,2: municip council,
2,municip council,2: municip council,
2,municip council,2: municip council,
2,municip council,2: municip council,
2,municip council,2: municip council,
2,municip council,2: municip council,
2,municip council,2: municip council,
2,municip council,2: municip council,
2,municip council,2: municip council,
2,municip council,2: municip council,
2,municip council,2: municip council,
2,municip council,2: municip council,
2,municip council,2: municip council,
2,municip council,2: municip council,
2,municip council,2: municip council,
2,municip council,2: municip council,
2,municip council,2: municip council,
2,municip council,2: municip council,
2,municip council,2: municip council,
2,municip council,2: municip council,
2,municip council,2: municip council,
2,municip council,2: municip council,
2,municip council,2: municip council,
2,municip council,2: municip council,
2,municip council,2: municip council,
2,municip council,2: municip council,
2,municip council,2: municip council,
2,municip council,2: municip council,
2,municip council,2: municip council,
2,municip council,2: municip council,
2,municip council,2: municip council,
2,municip council,2: municip council,
2,municip council,2: municip council,
2,municip council,2: municip council,
2,municip council,2: municip council,
2,municip council,2: municip council,
2,municip council,2: municip council,
2,municip council,2: municip council,
2,municip council,2: municip council,
2,municip council,2: municip council,
2,municip council,2: municip council,
2,municip council,2: municip council,
2,municip council,2: municip council,
2,municip council,2: municip council,
2,municip council,2: municip council,
2,municip council,2: municip council,
2,municip council,2: municip council,
2,municip council,2: municip council,
2,municip council,2: municip council,
2,municip council,2: municip council,
2,municip council,2: municip council,
2,municip council,2: municip council,
2,municip council,2: municip council,
2,municip council,2: municip council,
2,municip council,2: municip council,
2,municip council,2: municip council,
2,municip council,2: municip council,
2,municip council,2: municip council,
2,municip council,2: municip council,
2,municip council,2: municip council,
2,municip council,2: municip council,
2,municip council,2: municip council,
2,municip council,2: municip council,
2,municip council,2: municip council,
2,municip council,2: municip council,
2,municip council,2: municip council,
6,energiø bornholm,6: energiø bornholm,
6,energiø bornholm,6: energiø bornholm,
6,energiø bornholm,6: energiø bornholm,
6,energiø bornholm,6: energiø bornholm,
6,energiø bornholm,6: energiø bornholm,
6,energiø bornholm,6: energiø bornholm,
6,energiø bornholm,6: energiø bornholm,
6,energiø bornholm,6: energiø bornholm,
6,energiø bornholm,6: energiø bornholm,
6,energiø bornholm,6: energiø bornholm,
6,energiø bornholm,6: energiø bornholm,
6,energiø bornholm,6: energiø bornholm,
6,energiø bornholm,6: energiø bornholm,
6,energiø bornholm,6: energiø bornholm,
6,energiø bornholm,6: energiø bornholm,
6,energiø bornholm,6: energiø bornholm,
6,energiø bornholm,6: energiø bornholm,
6,energiø bornholm,6: energiø bornholm,
6,energiø bornholm,6: energiø bornholm,
6,energiø bornholm,6: energiø bornholm,
6,energiø bornholm,6: energiø bornholm,
6,energiø bornholm,6: energiø bornholm,
6,energiø bornholm,6: energiø bornholm,
6,energiø bornholm,6: energiø bornholm,
6,energiø bornholm,6: energiø bornholm,
6,energiø bornholm,6: energiø bornholm,
6,energiø bornholm,6: energiø bornholm,
6,energiø bornholm,6: energiø bornholm,
6,energiø bornholm,6: energiø bornholm,
6,energiø bornholm,6: energiø bornholm,
6,energiø bornholm,6: energiø bornholm,
6,energiø bornholm,6: energiø bornholm,
6,energiø bornholm,6: energiø bornholm,
6,energiø bornholm,6: energiø bornholm,
6,energiø bornholm,6: energiø bornholm,
6,energiø bornholm,6: energiø bornholm,
6,energiø bornholm,6: energiø bornholm,
6,energiø bornholm,6: energiø bornholm,
6,energiø bornholm,6: energiø bornholm,
6,energiø bornholm,6: energiø bornholm,
6,energiø bornholm,6: energiø bornholm,
6,energiø bornholm,6: energiø bornholm,
6,energiø bornholm,6: energiø bornholm,
6,energiø bornholm,6: energiø bornholm,
6,energiø bornholm,6: energiø bornholm,
6,energiø bornholm,6: energiø bornholm,
6,energiø bornholm,6: energiø bornholm,
6,energiø bornholm,6: energiø bornholm,
6,energiø bornholm,6: energiø bornholm,
6,energiø bornholm,6: energiø bornholm,
6,energiø bornholm,6: energiø bornholm,
6,energiø bornholm,6: energiø bornholm,
6,energiø bornholm,6: energiø bornholm,
6,energiø bornholm,6: energiø bornholm,
6,energiø bornholm,6: energiø bornholm,
6,energiø bornholm,6: energiø bornholm,
6,energiø bornholm,6: energiø bornholm,
6,energiø bornholm,6: energiø bornholm,
6,energiø bornholm,6: energiø bornholm,
6,energiø bornholm,6: energiø bornholm,
6,energiø bornholm,6: energiø bornholm,
6,energiø bornholm,6: energiø bornholm,
6,energiø bornholm,6: energiø bornholm,
6,energiø bornholm,6: energiø bornholm,
6,energiø bornholm,6: energiø bornholm,
6,energiø bornholm,6: energiø bornholm,
6,energiø bornholm,6: energiø bornholm,
6,energiø bornholm,6: energiø bornholm,
6,energiø bornholm,6: energiø bornholm,
6,energiø bornholm,6: energiø bornholm,
6,energiø bornholm,6: energiø bornholm,
6,energiø bornholm,6: energiø bornholm,
6,energiø bornholm,6: energiø bornholm,
6,energiø bornholm,6: energiø bornholm,
6,energiø bornholm,6: energiø bornholm,
6,energiø bornholm,6: energiø bornholm,
6,energiø bornholm,6: energiø bornholm,
6,energiø bornholm,6: energiø bornholm,
6,energiø bornholm,6: energiø bornholm,
6,energiø bornholm,6: energiø bornholm,
6,energiø bornholm,6: energiø bornholm,
6,energiø bornholm,6: energiø bornholm,
6,energiø bornholm,6: energiø bornholm,
6,energiø bornholm,6: energiø bornholm,
6,energiø bornholm,6: energiø bornholm,
6,energiø bornholm,6: energiø bornholm,
6,energiø bornholm,6: energiø bornholm,
6,energiø bornholm,6: energiø bornholm,
6,energiø bornholm,6: energiø bornholm,
6,energiø bornholm,6: energiø bornholm,
6,energiø bornholm,6: energiø bornholm,
6,energiø bornholm,6: energiø bornholm,
6,energiø bornholm,6: energiø bornholm,
6,energiø bornholm,6: energiø bornholm,
6,energiø bornholm,6: energiø bornholm,
6,energiø bornholm,6: energiø bornholm,
6,energiø bornholm,6: energiø bornholm,
6,energiø bornholm,6: energiø bornholm,
6,energiø bornholm,6: energiø bornholm,
6,energiø bornholm,6: energiø bornholm,
6,energiø bornholm,6: energiø bornholm,
6,energiø bornholm,6: energiø bornholm,
6,energiø bornholm,6: energiø bornholm,
6,energiø bornholm,6: energiø bornholm,
6,energiø bornholm,6: energiø bornholm,
6,energiø bornholm,6: energiø bornholm,
6,energiø bornholm,6: energiø bornholm,
6,energiø bornholm,6: energiø bornholm,
6,energiø bornholm,6: energiø bornholm,
6,energiø bornholm,6: energiø bornholm,
6,energiø bornholm,6: energiø bornholm,
6,energiø bornholm,6: energiø bornholm,
6,energiø bornholm,6: energiø bornholm,
6,energiø bornholm,6: energiø bornholm,
6,energiø bornholm,6: energiø bornholm,
6,energiø bornholm,6: energiø bornholm,
6,energiø bornholm,6: energiø bornholm,
6,energiø bornholm,6: energiø bornholm,
6,energiø bornholm,6: energiø bornholm,
6,energiø bornholm,6: energiø bornholm,
6,energiø bornholm,6: energiø bornholm,
6,energiø bornholm,6: energiø bornholm,
6,energiø bornholm,6: energiø bornholm,
6,energiø bornholm,6: energiø bornholm,
6,energiø bornholm,6: energiø bornholm,
6,energiø bornholm,6: energiø bornholm,
6,energiø bornholm,6: energiø bornholm,
6,energiø bornholm,6: energiø bornholm,
6,energiø bornholm,6: energiø bornholm,
6,energiø bornholm,6: energiø bornholm,
6,energiø bornholm,6: energiø bornholm,
6,energiø bornholm,6: energiø bornholm,
6,energiø bornholm,6: energiø bornholm,
6,energiø bornholm,6: energiø bornholm,
6,energiø bornholm,6: energiø bornholm,
6,energiø bornholm,6: energiø bornholm,
6,energiø bornholm,6: energiø bornholm,
6,energiø bornholm,6: energiø bornholm,
6,energiø bornholm,6: energiø bornholm,
6,energiø bornholm,6: energiø bornholm,
6,energiø bornholm,6: energiø bornholm,
6,energiø bornholm,6: energiø bornholm,
6,energiø bornholm,6: energiø bornholm,
6,energiø bornholm,6: energiø bornholm,
6,energiø bornholm,6: energiø bornholm,
6,energiø bornholm,6: energiø bornholm,
6,energiø bornholm,6: energiø bornholm,
6,energiø bornholm,6: energiø bornholm,
6,energiø bornholm,6: energiø bornholm,
6,energiø bornholm,6: energiø bornholm,
6,energiø bornholm,6: energiø bornholm,
6,energiø bornholm,6: energiø bornholm,
6,energiø bornholm,6: energiø bornholm,
6,energiø bornholm,6: energiø bornholm,
6,energiø bornholm,6: energiø bornholm,
6,energiø bornholm,6: energiø bornholm,
6,energiø bornholm,6: energiø bornholm,
6,energiø bornholm,6: energiø bornholm,
6,energiø bornholm,6: energiø bornholm,
6,energiø bornholm,6: energiø bornholm,
6,energiø bornholm,6: energiø bornholm,
6,energiø bornholm,6: energiø bornholm,
6,energiø bornholm,6: energiø bornholm,
6,energiø bornholm,6: energiø bornholm,
6,energiø bornholm,6: energiø bornholm,
6,energiø bornholm,6: energiø bornholm,
6,energiø bornholm,6: energiø bornholm,
6,energiø bornholm,6: energiø bornholm,
6,energiø bornholm,6: energiø bornholm,
6,energiø bornholm,6: energiø bornholm,
6,energiø bornholm,6: energiø bornholm,
0,energi island,0: energi island,
0,energi island,0: energi island,
0,energi island,0: energi island,
0,energi island,0: energi island,
0,energi island,0: energi island,
0,energi island,0: energi island,
0,energi island,0: energi island,
0,energi island,0: energi island,
0,energi island,0: energi island,
0,energi island,0: energi island,
0,energi island,0: energi island,
0,energi island,0: energi island,
0,energi island,0: energi island,
0,energi island,0: energi island,
0,energi island,0: energi island,
0,energi island,0: energi island,
0,energi island,0: energi island,
0,energi island,0: energi island,
0,energi island,0: energi island,
0,energi island,0: energi island,
0,energi island,0: energi island,
0,energi island,0: energi island,
0,energi island,0: energi island,
0,energi island,0: energi island,
0,energi island,0: energi island,
0,energi island,0: energi island,
0,energi island,0: energi island,
0,energi island,0: energi island,
0,energi island,0: energi island,
0,energi island,0: energi island,
0,energi island,0: energi island,
0,energi island,0: energi island,
0,energi island,0: energi island,
0,energi island,0: energi island,
0,energi island,0: energi island,
0,energi island,0: energi island,
0,energi island,0: energi island,
0,energi island,0: energi island,
0,energi island,0: energi island,
0,energi island,0: energi island,
0,energi island,0: energi island,
0,energi island,0: energi island,
0,energi island,0: energi island,
0,energi island,0: energi island,
0,energi island,0: energi island,
0,energi island,0: energi island,
0,energi island,0: energi island,
0,energi island,0: energi island,
0,energi island,0: energi island,
0,energi island,0: energi island,
0,energi island,0: energi island,
0,energi island,0: energi island,
0,energi island,0: energi island,
0,energi island,0: energi island,
0,energi island,0: energi island,
0,energi island,0: energi island,
0,energi island,0: energi island,
0,energi island,0: energi island,
0,energi island,0: energi island,
0,energi island,0: energi island,
0,energi island,0: energi island,
0,energi island,0: energi island,
0,energi island,0: energi island,
0,energi island,0: energi island,
0,energi island,0: energi island,
0,energi island,0: energi island,
0,energi island,0: energi island,
0,energi island,0: energi island,
0,energi island,0: energi island,
0,energi island,0: energi island,
0,energi island,0: energi island,
0,energi island,0: energi island,
0,energi island,0: energi island,
0,energi island,0: energi island,
0,energi island,0: energi island,
0,energi island,0: energi island,
0,energi island,0: energi island,
0,energi island,0: energi island,
0,energi island,0: energi island,
0,energi island,0: energi island,
0,energi island,0: energi island,
0,energi island,0: energi island,
0,energi island,0: energi island,
0,energi island,0: energi island,
0,energi island,0: energi island,
0,energi island,0: energi island,
0,energi island,0: energi island,
0,energi island,0: energi island,
0,energi island,0: energi island,
0,energi island,0: energi island,
0,energi island,0: energi island,
0,energi island,0: energi island,
0,energi island,0: energi island,
0,energi island,0: energi island,
0,energi island,0: energi island,
0,energi island,0: energi island,
0,energi island,0: energi island,
0,energi island,0: energi island,
0,energi island,0: energi island,
0,energi island,0: energi island,
0,energi island,0: energi island,
0,energi island,0: energi island,
0,energi island,0: energi island,
0,energi island,0: energi island,
0,energi island,0: energi island,
0,energi island,0: energi island,
0,energi island,0: energi island,
0,energi island,0: energi island,
0,energi island,0: energi island,
0,energi island,0: energi island,
0,energi island,0: energi island,
0,energi island,0: energi island,
0,energi island,0: energi island,
0,energi island,0: energi island,
0,energi island,0: energi island,
0,energi island,0: energi island,
0,energi island,0: energi island,
0,energi island,0: energi island,
0,energi island,0: energi island,
0,energi island,0: energi island,
0,energi island,0: energi island,
0,energi island,0: energi island,
0,energi island,0: energi island,
0,energi island,0: energi island,
0,energi island,0: energi island,
0,energi island,0: energi island,
0,energi island,0: energi island,
0,energi island,0: energi island,
0,energi island,0: energi island,
0,energi island,0: energi island,
0,energi island,0: energi island,
0,energi island,0: energi island,
0,energi island,0: energi island,
0,energi island,0: energi island,
0,energi island,0: energi island,
0,energi island,0: energi island,
0,energi island,0: energi island,
0,energi island,0: energi island,
0,energi island,0: energi island,
0,energi island,0: energi island,
0,energi island,0: energi island,
0,energi island,0: energi island,
0,energi island,0: energi island,
0,energi island,0: energi island,
0,energi island,0: energi island,
0,energi island,0: energi island,
0,energi island,0: energi island,
0,energi island,0: energi island,
0,energi island,0: energi island,
0,energi island,0: energi island,
0,energi island,0: energi island,
0,energi island,0: energi island,
0,energi island,0: energi island,
0,energi island,0: energi island,
0,energi island,0: energi island,
0,energi island,0: energi island,
0,energi island,0: energi island,
0,energi island,0: energi island,
0,energi island,0: energi island,
0,energi island,0: energi island,
0,energi island,0: energi island,
0,energi island,0: energi island,
0,energi island,0: energi island,
0,energi island,0: energi island,
0,energi island,0: energi island,
0,energi island,0: energi island,
0,energi island,0: energi island,
0,energi island,0: energi island,
0,energi island,0: energi island,
0,energi island,0: energi island,
0,energi island,0: energi island,
0,energi island,0: energi island,
0,energi island,0: energi island,
0,energi island,0: energi island,
0,energi island,0: energi island,
0,energi island,0: energi island,
0,energi island,0: energi island,
0,energi island,0: energi island,
0,energi island,0: energi island,
0,energi island,0: energi island,
0,energi island,0: energi island,
0,energi island,0: energi island,
0,energi island,0: energi island,
0,energi island,0: energi island,
0,energi island,0: energi island,
0,energi island,0: energi island,
0,energi island,0: energi island,
0,energi island,0: energi island,
0,energi island,0: energi island,
0,energi island,0: energi island,
0,energi island,0: energi island,
0,energi island,0: energi island,
0,energi island,0: energi island,
0,energi island,0: energi island,
0,energi island,0: energi island,
0,energi island,0: energi island,
0,energi island,0: energi island,
0,energi island,0: energi island,
0,energi island,0: energi island,
0,energi island,0: energi island,
0,energi island,0: energi island,
0,energi island,0: energi island,
0,energi island,0: energi island,
0,energi island,0: energi island,
0,energi island,0: energi island,
0,energi island,0: energi island,
0,energi island,0: energi island,
0,energi island,0: energi island,
0,energi island,0: energi island,
0,energi island,0: energi island,
0,energi island,0: energi island,
0,energi island,0: energi island,
0,energi island,0: energi island,
0,energi island,0: energi island,
0,energi island,0: energi island,
0,energi island,0: energi island,
0,energi island,0: energi island,
0,energi island,0: energi island,
0,energi island,0: energi island,
0,energi island,0: energi island,
0,energi island,0: energi island,
0,energi island,0: energi island,
0,energi island,0: energi island,
0,energi island,0: energi island,
0,energi island,0: energi island,
0,energi island,0: energi island,
0,energi island,0: energi island,
0,energi island,0: energi island,
0,energi island,0: energi island,
0,energi island,0: energi island,
0,energi island,0: energi island,
0,energi island,0: energi island,
0,energi island,0: energi island,
0,energi island,0: energi island,
0,energi island,0: energi island,
0,energi island,0: energi island,
0,energi island,0: energi island,
0,energi island,0: energi island,
0,energi island,0: energi island,
0,energi island,0: energi island,
0,energi island,0: energi island,
0,energi island,0: energi island,
0,energi island,0: energi island,
0,energi island,0: energi island,
0,energi island,0: energi island,
0,energi island,0: energi island,
0,energi island,0: energi island,
0,energi island,0: energi island,
0,energi island,0: energi island,
0,energi island,0: energi island,
0,energi island,0: energi island,
0,energi island,0: energi island,
0,energi island,0: energi island,
0,energi island,0: energi island,
0,energi island,0: energi island,
0,energi island,0: energi island,
0,energi island,0: energi island,
0,energi island,0: energi island,
0,energi island,0: energi island,
0,energi island,0: energi island,
0,energi island,0: energi island,
0,energi island,0: energi island,
0,energi island,0: energi island,
0,energi island,0: energi island,
0,energi island,0: energi island,
0,energi island,0: energi island,
0,energi island,0: energi island,
0,energi island,0: energi island,
0,energi island,0: energi island,
0,energi island,0: energi island,
0,energi island,0: energi island,
0,energi island,0: energi island,
0,energi island,0: energi island,
0,energi island,0: energi island,
0,energi island,0: energi island,
0,energi island,0: energi island,
0,energi island,0: energi island,
0,energi island,0: energi island,
0,energi island,0: energi island,
0,energi island,0: energi island,
0,energi island,0: energi island,
0,energi island,0: energi island,
0,energi island,0: energi island,
0,energi island,0: energi island,
0,energi island,0: energi island,
0,energi island,0: energi island,
0,energi island,0: energi island,
0,energi island,0: energi island,
0,energi island,0: energi island,
0,energi island,0: energi island,
0,energi island,0: energi island,
0,energi island,0: energi island,
0,energi island,0: energi island,
0,energi island,0: energi island,
0,energi island,0: energi island,
0,energi island,0: energi island,
0,energi island,0: energi island,
0,energi island,0: energi island,
0,energi island,0: energi island,
0,energi island,0: energi island,
0,energi island,0: energi island,
0,energi island,0: energi island,
0,energi island,0: energi island,
0,energi island,0: energi island,
0,energi island,0: energi island,
0,energi island,0: energi island,
0,energi island,0: energi island,
0,energi island,0: energi island,
0,energi island,0: energi island,
0,energi island,0: energi island,
0,energi island,0: energi island,
0,energi island,0: energi island,
0,energi island,0: energi island,
0,energi island,0: energi island,
6,energiø bornholm,6: energiø bornholm,
6,energiø bornholm,6: energiø bornholm,
6,energiø bornholm,6: energiø bornholm,
6,energiø bornholm,6: energiø bornholm,
6,energiø bornholm,6: energiø bornholm,
6,energiø bornholm,6: energiø bornholm,
6,energiø bornholm,6: energiø bornholm,
6,energiø bornholm,6: energiø bornholm,
6,energiø bornholm,6: energiø bornholm,
6,energiø bornholm,6: energiø bornholm,
6,energiø bornholm,6: energiø bornholm,
6,energiø bornholm,6: energiø bornholm,
6,energiø bornholm,6: energiø bornholm,
6,energiø bornholm,6: energiø bornholm,
6,energiø bornholm,6: energiø bornholm,
6,energiø bornholm,6: energiø bornholm,
6,energiø bornholm,6: energiø bornholm,
6,energiø bornholm,6: energiø bornholm,
6,energiø bornholm,6: energiø bornholm,
6,energiø bornholm,6: energiø bornholm,
6,energiø bornholm,6: energiø bornholm,
6,energiø bornholm,6: energiø bornholm,
6,energiø bornholm,6: energiø bornholm,
6,energiø bornholm,6: energiø bornholm,
6,energiø bornholm,6: energiø bornholm,
6,energiø bornholm,6: energiø bornholm,
6,energiø bornholm,6: energiø bornholm,
6,energiø bornholm,6: energiø bornholm,
6,energiø bornholm,6: energiø bornholm,
6,energiø bornholm,6: energiø bornholm,
6,energiø bornholm,6: energiø bornholm,
6,energiø bornholm,6: energiø bornholm,
6,energiø bornholm,6: energiø bornholm,
6,energiø bornholm,6: energiø bornholm,
6,energiø bornholm,6: energiø bornholm,
6,energiø bornholm,6: energiø bornholm,
6,energiø bornholm,6: energiø bornholm,
6,energiø bornholm,6: energiø bornholm,
6,energiø bornholm,6: energiø bornholm,
6,energiø bornholm,6: energiø bornholm,
6,energiø bornholm,6: energiø bornholm,
6,energiø bornholm,6: energiø bornholm,
6,energiø bornholm,6: energiø bornholm,
6,energiø bornholm,6: energiø bornholm,
6,energiø bornholm,6: energiø bornholm,
6,energiø bornholm,6: energiø bornholm,
6,energiø bornholm,6: energiø bornholm,
6,energiø bornholm,6: energiø bornholm,
6,energiø bornholm,6: energiø bornholm,
6,energiø bornholm,6: energiø bornholm,
6,energiø bornholm,6: energiø bornholm,
6,energiø bornholm,6: energiø bornholm,
6,energiø bornholm,6: energiø bornholm,
6,energiø bornholm,6: energiø bornholm,
6,energiø bornholm,6: energiø bornholm,
6,energiø bornholm,6: energiø bornholm,
6,energiø bornholm,6: energiø bornholm,
6,energiø bornholm,6: energiø bornholm,
6,energiø bornholm,6: energiø bornholm,
6,energiø bornholm,6: energiø bornholm,
6,energiø bornholm,6: energiø bornholm,
6,energiø bornholm,6: energiø bornholm,
6,energiø bornholm,6: energiø bornholm,
6,energiø bornholm,6: energiø bornholm,
6,energiø bornholm,6: energiø bornholm,
6,energiø bornholm,6: energiø bornholm,
6,energiø bornholm,6: energiø bornholm,
6,energiø bornholm,6: energiø bornholm,
6,energiø bornholm,6: energiø bornholm,
6,energiø bornholm,6: energiø bornholm,
6,energiø bornholm,6: energiø bornholm,
6,energiø bornholm,6: energiø bornholm,
6,energiø bornholm,6: energiø bornholm,
6,energiø bornholm,6: energiø bornholm,
6,energiø bornholm,6: energiø bornholm,
6,energiø bornholm,6: energiø bornholm,
6,energiø bornholm,6: energiø bornholm,
6,energiø bornholm,6: energiø bornholm,
6,energiø bornholm,6: energiø bornholm,
6,energiø bornholm,6: energiø bornholm,
6,energiø bornholm,6: energiø bornholm,
6,energiø bornholm,6: energiø bornholm,
6,energiø bornholm,6: energiø bornholm,
6,energiø bornholm,6: energiø bornholm,
6,energiø bornholm,6: energiø bornholm,
6,energiø bornholm,6: energiø bornholm,
6,energiø bornholm,6: energiø bornholm,
6,energiø bornholm,6: energiø bornholm,
6,energiø bornholm,6: energiø bornholm,
6,energiø bornholm,6: energiø bornholm,
6,energiø bornholm,6: energiø bornholm,
6,energiø bornholm,6: energiø bornholm,
6,energiø bornholm,6: energiø bornholm,
6,energiø bornholm,6: energiø bornholm,
6,energiø bornholm,6: energiø bornholm,
6,energiø bornholm,6: energiø bornholm,
6,energiø bornholm,6: energiø bornholm,
6,energiø bornholm,6: energiø bornholm,
6,energiø bornholm,6: energiø bornholm,
6,energiø bornholm,6: energiø bornholm,
6,energiø bornholm,6: energiø bornholm,
6,energiø bornholm,6: energiø bornholm,
6,energiø bornholm,6: energiø bornholm,
6,energiø bornholm,6: energiø bornholm,
6,energiø bornholm,6: energiø bornholm,
6,energiø bornholm,6: energiø bornholm,
6,energiø bornholm,6: energiø bornholm,
6,energiø bornholm,6: energiø bornholm,
6,energiø bornholm,6: energiø bornholm,
6,energiø bornholm,6: energiø bornholm,
6,energiø bornholm,6: energiø bornholm,
6,energiø bornholm,6: energiø bornholm,
6,energiø bornholm,6: energiø bornholm,
6,energiø bornholm,6: energiø bornholm,
6,energiø bornholm,6: energiø bornholm,
6,energiø bornholm,6: energiø bornholm,
6,energiø bornholm,6: energiø bornholm,
6,energiø bornholm,6: energiø bornholm,
6,energiø bornholm,6: energiø bornholm,
6,energiø bornholm,6: energiø bornholm,
6,energiø bornholm,6: energiø bornholm,
6,energiø bornholm,6: energiø bornholm,
6,energiø bornholm,6: energiø bornholm,
6,energiø bornholm,6: energiø bornholm,
6,energiø bornholm,6: energiø bornholm,
6,energiø bornholm,6: energiø bornholm,
6,energiø bornholm,6: energiø bornholm,
6,energiø bornholm,6: energiø bornholm,
6,energiø bornholm,6: energiø bornholm,
6,energiø bornholm,6: energiø bornholm,
6,energiø bornholm,6: energiø bornholm,
6,energiø bornholm,6: energiø bornholm,
6,energiø bornholm,6: energiø bornholm,
6,energiø bornholm,6: energiø bornholm,
6,energiø bornholm,6: energiø bornholm,
6,energiø bornholm,6: energiø bornholm,
6,energiø bornholm,6: energiø bornholm,
6,energiø bornholm,6: energiø bornholm,
6,energiø bornholm,6: energiø bornholm,
6,energiø bornholm,6: energiø bornholm,
6,energiø bornholm,6: energiø bornholm,
6,energiø bornholm,6: energiø bornholm,
6,energiø bornholm,6: energiø bornholm,
6,energiø bornholm,6: energiø bornholm,
6,energiø bornholm,6: energiø bornholm,
6,energiø bornholm,6: energiø bornholm,
6,energiø bornholm,6: energiø bornholm,
6,energiø bornholm,6: energiø bornholm,
6,energiø bornholm,6: energiø bornholm,
6,energiø bornholm,6: energiø bornholm,
6,energiø bornholm,6: energiø bornholm,
6,energiø bornholm,6: energiø bornholm,
6,energiø bornholm,6: energiø bornholm,
6,energiø bornholm,6: energiø bornholm,
6,energiø bornholm,6: energiø bornholm,
6,energiø bornholm,6: energiø bornholm,
6,energiø bornholm,6: energiø bornholm,
6,energiø bornholm,6: energiø bornholm,
6,energiø bornholm,6: energiø bornholm,
6,energiø bornholm,6: energiø bornholm,
6,energiø bornholm,6: energiø bornholm,
6,energiø bornholm,6: energiø bornholm,
6,energiø bornholm,6: energiø bornholm,
6,energiø bornholm,6: energiø bornholm,
6,energiø bornholm,6: energiø bornholm,
6,energiø bornholm,6: energiø bornholm,
6,energiø bornholm,6: energiø bornholm,
6,energiø bornholm,6: energiø bornholm,
6,energiø bornholm,6: energiø bornholm,
6,energiø bornholm,6: energiø bornholm,
6,energiø bornholm,6: energiø bornholm,
4,baltic sea,4: baltic sea,
4,baltic sea,4: baltic sea,
4,baltic sea,4: baltic sea,
4,baltic sea,4: baltic sea,
4,baltic sea,4: baltic sea,
4,baltic sea,4: baltic sea,
4,baltic sea,4: baltic sea,
4,baltic sea,4: baltic sea,
4,baltic sea,4: baltic sea,
4,baltic sea,4: baltic sea,
4,baltic sea,4: baltic sea,
4,baltic sea,4: baltic sea,
4,baltic sea,4: baltic sea,
4,baltic sea,4: baltic sea,
4,baltic sea,4: baltic sea,
4,baltic sea,4: baltic sea,
4,baltic sea,4: baltic sea,
4,baltic sea,4: baltic sea,
4,baltic sea,4: baltic sea,
4,baltic sea,4: baltic sea,
4,baltic sea,4: baltic sea,
4,baltic sea,4: baltic sea,
4,baltic sea,4: baltic sea,
4,baltic sea,4: baltic sea,
4,baltic sea,4: baltic sea,
4,baltic sea,4: baltic sea,
4,baltic sea,4: baltic sea,
4,baltic sea,4: baltic sea,
4,baltic sea,4: baltic sea,
4,baltic sea,4: baltic sea,
4,baltic sea,4: baltic sea,
4,baltic sea,4: baltic sea,
4,baltic sea,4: baltic sea,
4,baltic sea,4: baltic sea,
4,baltic sea,4: baltic sea,
4,baltic sea,4: baltic sea,
4,baltic sea,4: baltic sea,
4,baltic sea,4: baltic sea,
4,baltic sea,4: baltic sea,
4,baltic sea,4: baltic sea,
4,baltic sea,4: baltic sea,
4,baltic sea,4: baltic sea,
4,baltic sea,4: baltic sea,
4,baltic sea,4: baltic sea,
4,baltic sea,4: baltic sea,
4,baltic sea,4: baltic sea,
4,baltic sea,4: baltic sea,
4,baltic sea,4: baltic sea,
4,baltic sea,4: baltic sea,
4,baltic sea,4: baltic sea,
4,baltic sea,4: baltic sea,
4,baltic sea,4: baltic sea,
4,baltic sea,4: baltic sea,
4,baltic sea,4: baltic sea,
4,baltic sea,4: baltic sea,
4,baltic sea,4: baltic sea,
4,baltic sea,4: baltic sea,
4,baltic sea,4: baltic sea,
4,baltic sea,4: baltic sea,
4,baltic sea,4: baltic sea,
4,baltic sea,4: baltic sea,
4,baltic sea,4: baltic sea,
4,baltic sea,4: baltic sea,
4,baltic sea,4: baltic sea,
4,baltic sea,4: baltic sea,
4,baltic sea,4: baltic sea,
4,baltic sea,4: baltic sea,
4,baltic sea,4: baltic sea,
4,baltic sea,4: baltic sea,
4,baltic sea,4: baltic sea,
4,baltic sea,4: baltic sea,
4,baltic sea,4: baltic sea,
4,baltic sea,4: baltic sea,
4,baltic sea,4: baltic sea,
4,baltic sea,4: baltic sea,
4,baltic sea,4: baltic sea,
4,baltic sea,4: baltic sea,
4,baltic sea,4: baltic sea,
4,baltic sea,4: baltic sea,
4,baltic sea,4: baltic sea,
4,baltic sea,4: baltic sea,
4,baltic sea,4: baltic sea,
4,baltic sea,4: baltic sea,
4,baltic sea,4: baltic sea,
4,baltic sea,4: baltic sea,
4,baltic sea,4: baltic sea,
4,baltic sea,4: baltic sea,
4,baltic sea,4: baltic sea,
4,baltic sea,4: baltic sea,
4,baltic sea,4: baltic sea,
4,baltic sea,4: baltic sea,
4,baltic sea,4: baltic sea,
4,baltic sea,4: baltic sea,
4,baltic sea,4: baltic sea,
4,baltic sea,4: baltic sea,
4,baltic sea,4: baltic sea,
4,baltic sea,4: baltic sea,
4,baltic sea,4: baltic sea,
4,baltic sea,4: baltic sea,
4,baltic sea,4: baltic sea,
4,baltic sea,4: baltic sea,
4,baltic sea,4: baltic sea,
4,baltic sea,4: baltic sea,
4,baltic sea,4: baltic sea,
4,baltic sea,4: baltic sea,
4,baltic sea,4: baltic sea,
4,baltic sea,4: baltic sea,
4,baltic sea,4: baltic sea,
4,baltic sea,4: baltic sea,
4,baltic sea,4: baltic sea,
4,baltic sea,4: baltic sea,
4,baltic sea,4: baltic sea,
4,baltic sea,4: baltic sea,
4,baltic sea,4: baltic sea,
4,baltic sea,4: baltic sea,
4,baltic sea,4: baltic sea,
4,baltic sea,4: baltic sea,
4,baltic sea,4: baltic sea,
4,baltic sea,4: baltic sea,
4,baltic sea,4: baltic sea,
4,baltic sea,4: baltic sea,
4,baltic sea,4: baltic sea,
4,baltic sea,4: baltic sea,
4,baltic sea,4: baltic sea,
4,baltic sea,4: baltic sea,
4,baltic sea,4: baltic sea,
4,baltic sea,4: baltic sea,
4,baltic sea,4: baltic sea,
4,baltic sea,4: baltic sea,
4,baltic sea,4: baltic sea,
4,baltic sea,4: baltic sea,
4,baltic sea,4: baltic sea,
4,baltic sea,4: baltic sea,
4,baltic sea,4: baltic sea,
4,baltic sea,4: baltic sea,
4,baltic sea,4: baltic sea,
4,baltic sea,4: baltic sea,
4,baltic sea,4: baltic sea,
6,energiø bornholm,6: energiø bornholm,
6,energiø bornholm,6: energiø bornholm,
6,energiø bornholm,6: energiø bornholm,
6,energiø bornholm,6: energiø bornholm,
6,energiø bornholm,6: energiø bornholm,
6,energiø bornholm,6: energiø bornholm,
6,energiø bornholm,6: energiø bornholm,
6,energiø bornholm,6: energiø bornholm,
6,energiø bornholm,6: energiø bornholm,
6,energiø bornholm,6: energiø bornholm,
6,energiø bornholm,6: energiø bornholm,
6,energiø bornholm,6: energiø bornholm,
6,energiø bornholm,6: energiø bornholm,
6,energiø bornholm,6: energiø bornholm,
6,energiø bornholm,6: energiø bornholm,
6,energiø bornholm,6: energiø bornholm,
6,energiø bornholm,6: energiø bornholm,
6,energiø bornholm,6: energiø bornholm,
6,energiø bornholm,6: energiø bornholm,
6,energiø bornholm,6: energiø bornholm,
6,energiø bornholm,6: energiø bornholm,
6,energiø bornholm,6: energiø bornholm,
6,energiø bornholm,6: energiø bornholm,
6,energiø bornholm,6: energiø bornholm,
6,energiø bornholm,6: energiø bornholm,
6,energiø bornholm,6: energiø bornholm,
6,energiø bornholm,6: energiø bornholm,
6,energiø bornholm,6: energiø bornholm,
6,energiø bornholm,6: energiø bornholm,
6,energiø bornholm,6: energiø bornholm,
6,energiø bornholm,6: energiø bornholm,
6,energiø bornholm,6: energiø bornholm,
6,energiø bornholm,6: energiø bornholm,
6,energiø bornholm,6: energiø bornholm,
6,energiø bornholm,6: energiø bornholm,
6,energiø bornholm,6: energiø bornholm,
6,energiø bornholm,6: energiø bornholm,
6,energiø bornholm,6: energiø bornholm,
6,energiø bornholm,6: energiø bornholm,
6,energiø bornholm,6: energiø bornholm,
6,energiø bornholm,6: energiø bornholm,
6,energiø bornholm,6: energiø bornholm,
6,energiø bornholm,6: energiø bornholm,
6,energiø bornholm,6: energiø bornholm,
6,energiø bornholm,6: energiø bornholm,
6,energiø bornholm,6: energiø bornholm,
6,energiø bornholm,6: energiø bornholm,
6,energiø bornholm,6: energiø bornholm,
6,energiø bornholm,6: energiø bornholm,
6,energiø bornholm,6: energiø bornholm,
6,energiø bornholm,6: energiø bornholm,
6,energiø bornholm,6: energiø bornholm,
6,energiø bornholm,6: energiø bornholm,
6,energiø bornholm,6: energiø bornholm,
6,energiø bornholm,6: energiø bornholm,
6,energiø bornholm,6: energiø bornholm,
6,energiø bornholm,6: energiø bornholm,
6,energiø bornholm,6: energiø bornholm,
6,energiø bornholm,6: energiø bornholm,
6,energiø bornholm,6: energiø bornholm,
6,energiø bornholm,6: energiø bornholm,
6,energiø bornholm,6: energiø bornholm,
6,energiø bornholm,6: energiø bornholm,
6,energiø bornholm,6: energiø bornholm,
6,energiø bornholm,6: energiø bornholm,
6,energiø bornholm,6: energiø bornholm,
6,energiø bornholm,6: energiø bornholm,
6,energiø bornholm,6: energiø bornholm,
6,energiø bornholm,6: energiø bornholm,
6,energiø bornholm,6: energiø bornholm,
6,energiø bornholm,6: energiø bornholm,
6,energiø bornholm,6: energiø bornholm,
6,energiø bornholm,6: energiø bornholm,
6,energiø bornholm,6: energiø bornholm,
6,energiø bornholm,6: energiø bornholm,
6,energiø bornholm,6: energiø bornholm,
6,energiø bornholm,6: energiø bornholm,
6,energiø bornholm,6: energiø bornholm,
6,energiø bornholm,6: energiø bornholm,
6,energiø bornholm,6: energiø bornholm,
6,energiø bornholm,6: energiø bornholm,
6,energiø bornholm,6: energiø bornholm,
6,energiø bornholm,6: energiø bornholm,
6,energiø bornholm,6: energiø bornholm,
6,energiø bornholm,6: energiø bornholm,
6,energiø bornholm,6: energiø bornholm,
6,energiø bornholm,6: energiø bornholm,
6,energiø bornholm,6: energiø bornholm,
6,energiø bornholm,6: energiø bornholm,
6,energiø bornholm,6: energiø bornholm,
6,energiø bornholm,6: energiø bornholm,
6,energiø bornholm,6: energiø bornholm,
6,energiø bornholm,6: energiø bornholm,
6,energiø bornholm,6: energiø bornholm,
6,energiø bornholm,6: energiø bornholm,
6,energiø bornholm,6: energiø bornholm,
6,energiø bornholm,6: energiø bornholm,
6,energiø bornholm,6: energiø bornholm,
6,energiø bornholm,6: energiø bornholm,
6,energiø bornholm,6: energiø bornholm,
6,energiø bornholm,6: energiø bornholm,
6,energiø bornholm,6: energiø bornholm,
6,energiø bornholm,6: energiø bornholm,
6,energiø bornholm,6: energiø bornholm,
6,energiø bornholm,6: energiø bornholm,
6,energiø bornholm,6: energiø bornholm,
6,energiø bornholm,6: energiø bornholm,
6,energiø bornholm,6: energiø bornholm,
6,energiø bornholm,6: energiø bornholm,
6,energiø bornholm,6: energiø bornholm,
6,energiø bornholm,6: energiø bornholm,
6,energiø bornholm,6: energiø bornholm,
6,energiø bornholm,6: energiø bornholm,
6,energiø bornholm,6: energiø bornholm,
6,energiø bornholm,6: energiø bornholm,
6,energiø bornholm,6: energiø bornholm,
6,energiø bornholm,6: energiø bornholm,
6,energiø bornholm,6: energiø bornholm,
6,energiø bornholm,6: energiø bornholm,
6,energiø bornholm,6: energiø bornholm,
6,energiø bornholm,6: energiø bornholm,
6,energiø bornholm,6: energiø bornholm,
6,energiø bornholm,6: energiø bornholm,
6,energiø bornholm,6: energiø bornholm,
6,energiø bornholm,6: energiø bornholm,
6,energiø bornholm,6: energiø bornholm,
6,energiø bornholm,6: energiø bornholm,
6,energiø bornholm,6: energiø bornholm,
6,energiø bornholm,6: energiø bornholm,
6,energiø bornholm,6: energiø bornholm,
6,energiø bornholm,6: energiø bornholm,
6,energiø bornholm,6: energiø bornholm,
6,energiø bornholm,6: energiø bornholm,
6,energiø bornholm,6: energiø bornholm,
6,energiø bornholm,6: energiø bornholm,
6,energiø bornholm,6: energiø bornholm,
6,energiø bornholm,6: energiø bornholm,
6,energiø bornholm,6: energiø bornholm,
6,energiø bornholm,6: energiø bornholm,
6,energiø bornholm,6: energiø bornholm,
6,energiø bornholm,6: energiø bornholm,
6,energiø bornholm,6: energiø bornholm,
6,energiø bornholm,6: energiø bornholm,
6,energiø bornholm,6: energiø bornholm,
6,energiø bornholm,6: energiø bornholm,
6,energiø bornholm,6: energiø bornholm,
6,energiø bornholm,6: energiø bornholm,
6,energiø bornholm,6: energiø bornholm,
6,energiø bornholm,6: energiø bornholm,
6,energiø bornholm,6: energiø bornholm,
6,energiø bornholm,6: energiø bornholm,
6,energiø bornholm,6: energiø bornholm,
6,energiø bornholm,6: energiø bornholm,
6,energiø bornholm,6: energiø bornholm,
6,energiø bornholm,6: energiø bornholm,
6,energiø bornholm,6: energiø bornholm,
6,energiø bornholm,6: energiø bornholm,
6,energiø bornholm,6: energiø bornholm,
6,energiø bornholm,6: energiø bornholm,
6,energiø bornholm,6: energiø bornholm,
6,energiø bornholm,6: energiø bornholm,
6,energiø bornholm,6: energiø bornholm,
6,energiø bornholm,6: energiø bornholm,
6,energiø bornholm,6: energiø bornholm,
6,energiø bornholm,6: energiø bornholm,
6,energiø bornholm,6: energiø bornholm,
6,energiø bornholm,6: energiø bornholm,
6,energiø bornholm,6: energiø bornholm,
6,energiø bornholm,6: energiø bornholm,
6,energiø bornholm,6: energiø bornholm,
6,energiø bornholm,6: energiø bornholm,
2,municip council,2: municip council,
2,municip council,2: municip council,
2,municip council,2: municip council,
2,municip council,2: municip council,
2,municip council,2: municip council,
2,municip council,2: municip council,
2,municip council,2: municip council,
2,municip council,2: municip council,
2,municip council,2: municip council,
2,municip council,2: municip council,
2,municip council,2: municip council,
2,municip council,2: municip council,
2,municip council,2: municip council,
2,municip council,2: municip council,
2,municip council,2: municip council,
2,municip council,2: municip council,
2,municip council,2: municip council,
2,municip council,2: municip council,
2,municip council,2: municip council,
2,municip council,2: municip council,
2,municip council,2: municip council,
2,municip council,2: municip council,
2,municip council,2: municip council,
2,municip council,2: municip council,
2,municip council,2: municip council,
2,municip council,2: municip council,
2,municip council,2: municip council,
2,municip council,2: municip council,
2,municip council,2: municip council,
2,municip council,2: municip council,
2,municip council,2: municip council,
2,municip council,2: municip council,
2,municip council,2: municip council,
2,municip council,2: municip council,
2,municip council,2: municip council,
2,municip council,2: municip council,
2,municip council,2: municip council,
2,municip council,2: municip council,
2,municip council,2: municip council,
2,municip council,2: municip council,
2,municip council,2: municip council,
2,municip council,2: municip council,
2,municip council,2: municip council,
2,municip council,2: municip council,
2,municip council,2: municip council,
2,municip council,2: municip council,
2,municip council,2: municip council,
2,municip council,2: municip council,
2,municip council,2: municip council,
2,municip council,2: municip council,
2,municip council,2: municip council,
2,municip council,2: municip council,
2,municip council,2: municip council,
2,municip council,2: municip council,
2,municip council,2: municip council,
2,municip council,2: municip council,
2,municip council,2: municip council,
2,municip council,2: municip council,
2,municip council,2: municip council,
2,municip council,2: municip council,
2,municip council,2: municip council,
2,municip council,2: municip council,
2,municip council,2: municip council,
2,municip council,2: municip council,
2,municip council,2: municip council,
2,municip council,2: municip council,
2,municip council,2: municip council,
2,municip council,2: municip council,
2,municip council,2: municip council,
2,municip council,2: municip council,
2,municip council,2: municip council,
2,municip council,2: municip council,
2,municip council,2: municip council,
2,municip council,2: municip council,
2,municip council,2: municip council,
2,municip council,2: municip council,
2,municip council,2: municip council,
2,municip council,2: municip council,
2,municip council,2: municip council,
2,municip council,2: municip council,
2,municip council,2: municip council,
2,municip council,2: municip council,
2,municip council,2: municip council,
2,municip council,2: municip council,
2,municip council,2: municip council,
2,municip council,2: municip council,
2,municip council,2: municip council,
2,municip council,2: municip council,
2,municip council,2: municip council,
2,municip council,2: municip council,
2,municip council,2: municip council,
2,municip council,2: municip council,
2,municip council,2: municip council,
2,municip council,2: municip council,
2,municip council,2: municip council,
2,municip council,2: municip council,
2,municip council,2: municip council,
2,municip council,2: municip council,
2,municip council,2: municip council,
2,municip council,2: municip council,
2,municip council,2: municip council,
2,municip council,2: municip council,
2,municip council,2: municip council,
2,municip council,2: municip council,
2,municip council,2: municip council,
2,municip council,2: municip council,
2,municip council,2: municip council,
2,municip council,2: municip council,
2,municip council,2: municip council,
2,municip council,2: municip council,
2,municip council,2: municip council,
2,municip council,2: municip council,
2,municip council,2: municip council,
2,municip council,2: municip council,
2,municip council,2: municip council,
2,municip council,2: municip council,
2,municip council,2: municip council,
2,municip council,2: municip council,
2,municip council,2: municip council,
2,municip council,2: municip council,
2,municip council,2: municip council,
2,municip council,2: municip council,
2,municip council,2: municip council,
2,municip council,2: municip council,
2,municip council,2: municip council,
2,municip council,2: municip council,
2,municip council,2: municip council,
2,municip council,2: municip council,
2,municip council,2: municip council,
2,municip council,2: municip council,
2,municip council,2: municip council,
2,municip council,2: municip council,
2,municip council,2: municip council,
2,municip council,2: municip council,
2,municip council,2: municip council,
2,municip council,2: municip council,
2,municip council,2: municip council,
2,municip council,2: municip council,
2,municip council,2: municip council,
2,municip council,2: municip council,
2,municip council,2: municip council,
2,municip council,2: municip council,
2,municip council,2: municip council,
2,municip council,2: municip council,
2,municip council,2: municip council,
2,municip council,2: municip council,
2,municip council,2: municip council,
2,municip council,2: municip council,
2,municip council,2: municip council,
2,municip council,2: municip council,
2,municip council,2: municip council,
2,municip council,2: municip council,
2,municip council,2: municip council,
2,municip council,2: municip council,
2,municip council,2: municip council,
2,municip council,2: municip council,
4,baltic sea,4: baltic sea,
4,baltic sea,4: baltic sea,
4,baltic sea,4: baltic sea,
4,baltic sea,4: baltic sea,
4,baltic sea,4: baltic sea,
4,baltic sea,4: baltic sea,
4,baltic sea,4: baltic sea,
4,baltic sea,4: baltic sea,
4,baltic sea,4: baltic sea,
4,baltic sea,4: baltic sea,
4,baltic sea,4: baltic sea,
4,baltic sea,4: baltic sea,
4,baltic sea,4: baltic sea,
4,baltic sea,4: baltic sea,
4,baltic sea,4: baltic sea,
4,baltic sea,4: baltic sea,
4,baltic sea,4: baltic sea,
4,baltic sea,4: baltic sea,
4,baltic sea,4: baltic sea,
4,baltic sea,4: baltic sea,
4,baltic sea,4: baltic sea,
4,baltic sea,4: baltic sea,
4,baltic sea,4: baltic sea,
4,baltic sea,4: baltic sea,
4,baltic sea,4: baltic sea,
4,baltic sea,4: baltic sea,
4,baltic sea,4: baltic sea,
4,baltic sea,4: baltic sea,
4,baltic sea,4: baltic sea,
4,baltic sea,4: baltic sea,
4,baltic sea,4: baltic sea,
4,baltic sea,4: baltic sea,
4,baltic sea,4: baltic sea,
4,baltic sea,4: baltic sea,
4,baltic sea,4: baltic sea,
4,baltic sea,4: baltic sea,
4,baltic sea,4: baltic sea,
4,baltic sea,4: baltic sea,
4,baltic sea,4: baltic sea,
4,baltic sea,4: baltic sea,
4,baltic sea,4: baltic sea,
4,baltic sea,4: baltic sea,
4,baltic sea,4: baltic sea,
4,baltic sea,4: baltic sea,
4,baltic sea,4: baltic sea,
4,baltic sea,4: baltic sea,
4,baltic sea,4: baltic sea,
4,baltic sea,4: baltic sea,
4,baltic sea,4: baltic sea,
4,baltic sea,4: baltic sea,
4,baltic sea,4: baltic sea,
4,baltic sea,4: baltic sea,
4,baltic sea,4: baltic sea,
4,baltic sea,4: baltic sea,
4,baltic sea,4: baltic sea,
4,baltic sea,4: baltic sea,
4,baltic sea,4: baltic sea,
4,baltic sea,4: baltic sea,
4,baltic sea,4: baltic sea,
4,baltic sea,4: baltic sea,
4,baltic sea,4: baltic sea,
4,baltic sea,4: baltic sea,
4,baltic sea,4: baltic sea,
4,baltic sea,4: baltic sea,
4,baltic sea,4: baltic sea,
4,baltic sea,4: baltic sea,
4,baltic sea,4: baltic sea,
4,baltic sea,4: baltic sea,
4,baltic sea,4: baltic sea,
4,baltic sea,4: baltic sea,
4,baltic sea,4: baltic sea,
4,baltic sea,4: baltic sea,
4,baltic sea,4: baltic sea,
4,baltic sea,4: baltic sea,
4,baltic sea,4: baltic sea,
4,baltic sea,4: baltic sea,
4,baltic sea,4: baltic sea,
4,baltic sea,4: baltic sea,
4,baltic sea,4: baltic sea,
4,baltic sea,4: baltic sea,
4,baltic sea,4: baltic sea,
4,baltic sea,4: baltic sea,
4,baltic sea,4: baltic sea,
4,baltic sea,4: baltic sea,
4,baltic sea,4: baltic sea,
4,baltic sea,4: baltic sea,
4,baltic sea,4: baltic sea,
4,baltic sea,4: baltic sea,
4,baltic sea,4: baltic sea,
4,baltic sea,4: baltic sea,
4,baltic sea,4: baltic sea,
4,baltic sea,4: baltic sea,
4,baltic sea,4: baltic sea,
4,baltic sea,4: baltic sea,
4,baltic sea,4: baltic sea,
4,baltic sea,4: baltic sea,
4,baltic sea,4: baltic sea,
4,baltic sea,4: baltic sea,
4,baltic sea,4: baltic sea,
4,baltic sea,4: baltic sea,
4,baltic sea,4: baltic sea,
4,baltic sea,4: baltic sea,
4,baltic sea,4: baltic sea,
4,baltic sea,4: baltic sea,
4,baltic sea,4: baltic sea,
4,baltic sea,4: baltic sea,
4,baltic sea,4: baltic sea,
4,baltic sea,4: baltic sea,
4,baltic sea,4: baltic sea,
4,baltic sea,4: baltic sea,
4,baltic sea,4: baltic sea,
4,baltic sea,4: baltic sea,
4,baltic sea,4: baltic sea,
4,baltic sea,4: baltic sea,
4,baltic sea,4: baltic sea,
4,baltic sea,4: baltic sea,
4,baltic sea,4: baltic sea,
4,baltic sea,4: baltic sea,
4,baltic sea,4: baltic sea,
4,baltic sea,4: baltic sea,
4,baltic sea,4: baltic sea,
4,baltic sea,4: baltic sea,
4,baltic sea,4: baltic sea,
4,baltic sea,4: baltic sea,
4,baltic sea,4: baltic sea,
4,baltic sea,4: baltic sea,
4,baltic sea,4: baltic sea,
4,baltic sea,4: baltic sea,
4,baltic sea,4: baltic sea,
4,baltic sea,4: baltic sea,
4,baltic sea,4: baltic sea,
4,baltic sea,4: baltic sea,
4,baltic sea,4: baltic sea,
4,baltic sea,4: baltic sea,
4,baltic sea,4: baltic sea,
4,baltic sea,4: baltic sea,
4,baltic sea,4: baltic sea,
4,baltic sea,4: baltic sea,
8,wind turbin,8: wind turbin,
8,wind turbin,8: wind turbin,
8,wind turbin,8: wind turbin,
8,wind turbin,8: wind turbin,
8,wind turbin,8: wind turbin,
8,wind turbin,8: wind turbin,
8,wind turbin,8: wind turbin,
8,wind turbin,8: wind turbin,
8,wind turbin,8: wind turbin,
8,wind turbin,8: wind turbin,
8,wind turbin,8: wind turbin,
8,wind turbin,8: wind turbin,
8,wind turbin,8: wind turbin,
8,wind turbin,8: wind turbin,
8,wind turbin,8: wind turbin,
8,wind turbin,8: wind turbin,
8,wind turbin,8: wind turbin,
8,wind turbin,8: wind turbin,
8,wind turbin,8: wind turbin,
8,wind turbin,8: wind turbin,
8,wind turbin,8: wind turbin,
8,wind turbin,8: wind turbin,
8,wind turbin,8: wind turbin,
8,wind turbin,8: wind turbin,
8,wind turbin,8: wind turbin,
8,wind turbin,8: wind turbin,
8,wind turbin,8: wind turbin,
8,wind turbin,8: wind turbin,
8,wind turbin,8: wind turbin,
8,wind turbin,8: wind turbin,
8,wind turbin,8: wind turbin,
8,wind turbin,8: wind turbin,
8,wind turbin,8: wind turbin,
8,wind turbin,8: wind turbin,
8,wind turbin,8: wind turbin,
8,wind turbin,8: wind turbin,
8,wind turbin,8: wind turbin,
8,wind turbin,8: wind turbin,
8,wind turbin,8: wind turbin,
8,wind turbin,8: wind turbin,
8,wind turbin,8: wind turbin,
8,wind turbin,8: wind turbin,
8,wind turbin,8: wind turbin,
8,wind turbin,8: wind turbin,
8,wind turbin,8: wind turbin,
8,wind turbin,8: wind turbin,
8,wind turbin,8: wind turbin,
8,wind turbin,8: wind turbin,
8,wind turbin,8: wind turbin,
8,wind turbin,8: wind turbin,
8,wind turbin,8: wind turbin,
8,wind turbin,8: wind turbin,
8,wind turbin,8: wind turbin,
8,wind turbin,8: wind turbin,
8,wind turbin,8: wind turbin,
8,wind turbin,8: wind turbin,
8,wind turbin,8: wind turbin,
8,wind turbin,8: wind turbin,
8,wind turbin,8: wind turbin,
8,wind turbin,8: wind turbin,
8,wind turbin,8: wind turbin,
8,wind turbin,8: wind turbin,
8,wind turbin,8: wind turbin,
8,wind turbin,8: wind turbin,
8,wind turbin,8: wind turbin,
8,wind turbin,8: wind turbin,
8,wind turbin,8: wind turbin,
8,wind turbin,8: wind turbin,
8,wind turbin,8: wind turbin,
8,wind turbin,8: wind turbin,
8,wind turbin,8: wind turbin,
8,wind turbin,8: wind turbin,
8,wind turbin,8: wind turbin,
8,wind turbin,8: wind turbin,
8,wind turbin,8: wind turbin,
8,wind turbin,8: wind turbin,
8,wind turbin,8: wind turbin,
8,wind turbin,8: wind turbin,
8,wind turbin,8: wind turbin,
8,wind turbin,8: wind turbin,
8,wind turbin,8: wind turbin,
8,wind turbin,8: wind turbin,
8,wind turbin,8: wind turbin,
8,wind turbin,8: wind turbin,
8,wind turbin,8: wind turbin,
8,wind turbin,8: wind turbin,
8,wind turbin,8: wind turbin,
8,wind turbin,8: wind turbin,
8,wind turbin,8: wind turbin,
8,wind turbin,8: wind turbin,
8,wind turbin,8: wind turbin,
8,wind turbin,8: wind turbin,
8,wind turbin,8: wind turbin,
8,wind turbin,8: wind turbin,
8,wind turbin,8: wind turbin,
8,wind turbin,8: wind turbin,
8,wind turbin,8: wind turbin,
8,wind turbin,8: wind turbin,
8,wind turbin,8: wind turbin,
8,wind turbin,8: wind turbin,
8,wind turbin,8: wind turbin,
8,wind turbin,8: wind turbin,
8,wind turbin,8: wind turbin,
8,wind turbin,8: wind turbin,
8,wind turbin,8: wind turbin,
8,wind turbin,8: wind turbin,
8,wind turbin,8: wind turbin,
8,wind turbin,8: wind turbin,
8,wind turbin,8: wind turbin,
8,wind turbin,8: wind turbin,
8,wind turbin,8: wind turbin,
8,wind turbin,8: wind turbin,
8,wind turbin,8: wind turbin,
8,wind turbin,8: wind turbin,
8,wind turbin,8: wind turbin,
8,wind turbin,8: wind turbin,
8,wind turbin,8: wind turbin,
8,wind turbin,8: wind turbin,
8,wind turbin,8: wind turbin,
8,wind turbin,8: wind turbin,
8,wind turbin,8: wind turbin,
8,wind turbin,8: wind turbin,
8,wind turbin,8: wind turbin,
8,wind turbin,8: wind turbin,
8,wind turbin,8: wind turbin,
8,wind turbin,8: wind turbin,
8,wind turbin,8: wind turbin,
8,wind turbin,8: wind turbin,
8,wind turbin,8: wind turbin,
8,wind turbin,8: wind turbin,
3,offshor wind,3: offshor wind,
3,offshor wind,3: offshor wind,
3,offshor wind,3: offshor wind,
3,offshor wind,3: offshor wind,
3,offshor wind,3: offshor wind,
3,offshor wind,3: offshor wind,
3,offshor wind,3: offshor wind,
3,offshor wind,3: offshor wind,
3,offshor wind,3: offshor wind,
3,offshor wind,3: offshor wind,
3,offshor wind,3: offshor wind,
3,offshor wind,3: offshor wind,
3,offshor wind,3: offshor wind,
3,offshor wind,3: offshor wind,
3,offshor wind,3: offshor wind,
3,offshor wind,3: offshor wind,
3,offshor wind,3: offshor wind,
3,offshor wind,3: offshor wind,
3,offshor wind,3: offshor wind,
3,offshor wind,3: offshor wind,
3,offshor wind,3: offshor wind,
3,offshor wind,3: offshor wind,
3,offshor wind,3: offshor wind,
3,offshor wind,3: offshor wind,
3,offshor wind,3: offshor wind,
3,offshor wind,3: offshor wind,
3,offshor wind,3: offshor wind,
3,offshor wind,3: offshor wind,
3,offshor wind,3: offshor wind,
3,offshor wind,3: offshor wind,
3,offshor wind,3: offshor wind,
3,offshor wind,3: offshor wind,
3,offshor wind,3: offshor wind,
3,offshor wind,3: offshor wind,
3,offshor wind,3: offshor wind,
3,offshor wind,3: offshor wind,
3,offshor wind,3: offshor wind,
3,offshor wind,3: offshor wind,
3,offshor wind,3: offshor wind,
3,offshor wind,3: offshor wind,
3,offshor wind,3: offshor wind,
3,offshor wind,3: offshor wind,
3,offshor wind,3: offshor wind,
3,offshor wind,3: offshor wind,
3,offshor wind,3: offshor wind,
3,offshor wind,3: offshor wind,
3,offshor wind,3: offshor wind,
3,offshor wind,3: offshor wind,
3,offshor wind,3: offshor wind,
3,offshor wind,3: offshor wind,
3,offshor wind,3: offshor wind,
3,offshor wind,3: offshor wind,
3,offshor wind,3: offshor wind,
3,offshor wind,3: offshor wind,
3,offshor wind,3: offshor wind,
3,offshor wind,3: offshor wind,
3,offshor wind,3: offshor wind,
3,offshor wind,3: offshor wind,
3,offshor wind,3: offshor wind,
3,offshor wind,3: offshor wind,
3,offshor wind,3: offshor wind,
3,offshor wind,3: offshor wind,
3,offshor wind,3: offshor wind,
3,offshor wind,3: offshor wind,
3,offshor wind,3: offshor wind,
3,offshor wind,3: offshor wind,
3,offshor wind,3: offshor wind,
3,offshor wind,3: offshor wind,
3,offshor wind,3: offshor wind,
3,offshor wind,3: offshor wind,
3,offshor wind,3: offshor wind,
3,offshor wind,3: offshor wind,
3,offshor wind,3: offshor wind,
3,offshor wind,3: offshor wind,
3,offshor wind,3: offshor wind,
3,offshor wind,3: offshor wind,
3,offshor wind,3: offshor wind,
3,offshor wind,3: offshor wind,
3,offshor wind,3: offshor wind,
3,offshor wind,3: offshor wind,
3,offshor wind,3: offshor wind,
3,offshor wind,3: offshor wind,
3,offshor wind,3: offshor wind,
3,offshor wind,3: offshor wind,
3,offshor wind,3: offshor wind,
3,offshor wind,3: offshor wind,
3,offshor wind,3: offshor wind,
3,offshor wind,3: offshor wind,
3,offshor wind,3: offshor wind,
3,offshor wind,3: offshor wind,
3,offshor wind,3: offshor wind,
3,offshor wind,3: offshor wind,
3,offshor wind,3: offshor wind,
3,offshor wind,3: offshor wind,
3,offshor wind,3: offshor wind,
3,offshor wind,3: offshor wind,
3,offshor wind,3: offshor wind,
3,offshor wind,3: offshor wind,
3,offshor wind,3: offshor wind,
3,offshor wind,3: offshor wind,
3,offshor wind,3: offshor wind,
3,offshor wind,3: offshor wind,
3,offshor wind,3: offshor wind,
3,offshor wind,3: offshor wind,
3,offshor wind,3: offshor wind,
3,offshor wind,3: offshor wind,
3,offshor wind,3: offshor wind,
3,offshor wind,3: offshor wind,
3,offshor wind,3: offshor wind,
3,offshor wind,3: offshor wind,
3,offshor wind,3: offshor wind,
3,offshor wind,3: offshor wind,
3,offshor wind,3: offshor wind,
6,energiø bornholm,6: energiø bornholm,
6,energiø bornholm,6: energiø bornholm,
6,energiø bornholm,6: energiø bornholm,
6,energiø bornholm,6: energiø bornholm,
6,energiø bornholm,6: energiø bornholm,
6,energiø bornholm,6: energiø bornholm,
6,energiø bornholm,6: energiø bornholm,
6,energiø bornholm,6: energiø bornholm,
6,energiø bornholm,6: energiø bornholm,
6,energiø bornholm,6: energiø bornholm,
6,energiø bornholm,6: energiø bornholm,
6,energiø bornholm,6: energiø bornholm,
6,energiø bornholm,6: energiø bornholm,
6,energiø bornholm,6: energiø bornholm,
6,energiø bornholm,6: energiø bornholm,
6,energiø bornholm,6: energiø bornholm,
6,energiø bornholm,6: energiø bornholm,
6,energiø bornholm,6: energiø bornholm,
6,energiø bornholm,6: energiø bornholm,
6,energiø bornholm,6: energiø bornholm,
6,energiø bornholm,6: energiø bornholm,
6,energiø bornholm,6: energiø bornholm,
6,energiø bornholm,6: energiø bornholm,
6,energiø bornholm,6: energiø bornholm,
6,energiø bornholm,6: energiø bornholm,
6,energiø bornholm,6: energiø bornholm,
6,energiø bornholm,6: energiø bornholm,
6,energiø bornholm,6: energiø bornholm,
6,energiø bornholm,6: energiø bornholm,
6,energiø bornholm,6: energiø bornholm,
6,energiø bornholm,6: energiø bornholm,
6,energiø bornholm,6: energiø bornholm,
6,energiø bornholm,6: energiø bornholm,
6,energiø bornholm,6: energiø bornholm,
6,energiø bornholm,6: energiø bornholm,
6,energiø bornholm,6: energiø bornholm,
6,energiø bornholm,6: energiø bornholm,
6,energiø bornholm,6: energiø bornholm,
6,energiø bornholm,6: energiø bornholm,
6,energiø bornholm,6: energiø bornholm,
6,energiø bornholm,6: energiø bornholm,
6,energiø bornholm,6: energiø bornholm,
6,energiø bornholm,6: energiø bornholm,
6,energiø bornholm,6: energiø bornholm,
6,energiø bornholm,6: energiø bornholm,
6,energiø bornholm,6: energiø bornholm,
6,energiø bornholm,6: energiø bornholm,
6,energiø bornholm,6: energiø bornholm,
6,energiø bornholm,6: energiø bornholm,
6,energiø bornholm,6: energiø bornholm,
6,energiø bornholm,6: energiø bornholm,
6,energiø bornholm,6: energiø bornholm,
6,energiø bornholm,6: energiø bornholm,
6,energiø bornholm,6: energiø bornholm,
6,energiø bornholm,6: energiø bornholm,
6,energiø bornholm,6: energiø bornholm,
6,energiø bornholm,6: energiø bornholm,
6,energiø bornholm,6: energiø bornholm,
6,energiø bornholm,6: energiø bornholm,
6,energiø bornholm,6: energiø bornholm,
6,energiø bornholm,6: energiø bornholm,
6,energiø bornholm,6: energiø bornholm,
6,energiø bornholm,6: energiø bornholm,
6,energiø bornholm,6: energiø bornholm,
6,energiø bornholm,6: energiø bornholm,
6,energiø bornholm,6: energiø bornholm,
6,energiø bornholm,6: energiø bornholm,
6,energiø bornholm,6: energiø bornholm,
6,energiø bornholm,6: energiø bornholm,
6,energiø bornholm,6: energiø bornholm,
6,energiø bornholm,6: energiø bornholm,
6,energiø bornholm,6: energiø bornholm,
6,energiø bornholm,6: energiø bornholm,
6,energiø bornholm,6: energiø bornholm,
6,energiø bornholm,6: energiø bornholm,
6,energiø bornholm,6: energiø bornholm,
6,energiø bornholm,6: energiø bornholm,
6,energiø bornholm,6: energiø bornholm,
6,energiø bornholm,6: energiø bornholm,
6,energiø bornholm,6: energiø bornholm,
6,energiø bornholm,6: energiø bornholm,
6,energiø bornholm,6: energiø bornholm,
6,energiø bornholm,6: energiø bornholm,
6,energiø bornholm,6: energiø bornholm,
6,energiø bornholm,6: energiø bornholm,
6,energiø bornholm,6: energiø bornholm,
6,energiø bornholm,6: energiø bornholm,
6,energiø bornholm,6: energiø bornholm,
6,energiø bornholm,6: energiø bornholm,
6,energiø bornholm,6: energiø bornholm,
6,energiø bornholm,6: energiø bornholm,
6,energiø bornholm,6: energiø bornholm,
6,energiø bornholm,6: energiø bornholm,
6,energiø bornholm,6: energiø bornholm,
6,energiø bornholm,6: energiø bornholm,
6,energiø bornholm,6: energiø bornholm,
6,energiø bornholm,6: energiø bornholm,
6,energiø bornholm,6: energiø bornholm,
6,energiø bornholm,6: energiø bornholm,
6,energiø bornholm,6: energiø bornholm,
6,energiø bornholm,6: energiø bornholm,
6,energiø bornholm,6: energiø bornholm,
6,energiø bornholm,6: energiø bornholm,
6,energiø bornholm,6: energiø bornholm,
6,energiø bornholm,6: energiø bornholm,
6,energiø bornholm,6: energiø bornholm,
6,energiø bornholm,6: energiø bornholm,
6,energiø bornholm,6: energiø bornholm,
6,energiø bornholm,6: energiø bornholm,
6,energiø bornholm,6: energiø bornholm,
6,energiø bornholm,6: energiø bornholm,
6,energiø bornholm,6: energiø bornholm,
6,energiø bornholm,6: energiø bornholm,
6,energiø bornholm,6: energiø bornholm,
6,energiø bornholm,6: energiø bornholm,
6,energiø bornholm,6: energiø bornholm,
6,energiø bornholm,6: energiø bornholm,
6,energiø bornholm,6: energiø bornholm,
6,energiø bornholm,6: energiø bornholm,
6,energiø bornholm,6: energiø bornholm,
6,energiø bornholm,6: energiø bornholm,
6,energiø bornholm,6: energiø bornholm,
6,energiø bornholm,6: energiø bornholm,
6,energiø bornholm,6: energiø bornholm,
6,energiø bornholm,6: energiø bornholm,
6,energiø bornholm,6: energiø bornholm,
6,energiø bornholm,6: energiø bornholm,
6,energiø bornholm,6: energiø bornholm,
6,energiø bornholm,6: energiø bornholm,
6,energiø bornholm,6: energiø bornholm,
6,energiø bornholm,6: energiø bornholm,
6,energiø bornholm,6: energiø bornholm,
6,energiø bornholm,6: energiø bornholm,
6,energiø bornholm,6: energiø bornholm,
6,energiø bornholm,6: energiø bornholm,
6,energiø bornholm,6: energiø bornholm,
6,energiø bornholm,6: energiø bornholm,
6,energiø bornholm,6: energiø bornholm,
6,energiø bornholm,6: energiø bornholm,
6,energiø bornholm,6: energiø bornholm,
6,energiø bornholm,6: energiø bornholm,
6,energiø bornholm,6: energiø bornholm,
6,energiø bornholm,6: energiø bornholm,
6,energiø bornholm,6: energiø bornholm,
6,energiø bornholm,6: energiø bornholm,
6,energiø bornholm,6: energiø bornholm,
6,energiø bornholm,6: energiø bornholm,
6,energiø bornholm,6: energiø bornholm,
6,energiø bornholm,6: energiø bornholm,
6,energiø bornholm,6: energiø bornholm,
6,energiø bornholm,6: energiø bornholm,
6,energiø bornholm,6: energiø bornholm,
6,energiø bornholm,6: energiø bornholm,
6,energiø bornholm,6: energiø bornholm,
6,energiø bornholm,6: energiø bornholm,
6,energiø bornholm,6: energiø bornholm,
6,energiø bornholm,6: energiø bornholm,
6,energiø bornholm,6: energiø bornholm,
6,energiø bornholm,6: energiø bornholm,
6,energiø bornholm,6: energiø bornholm,
6,energiø bornholm,6: energiø bornholm,
6,energiø bornholm,6: energiø bornholm,
6,energiø bornholm,6: energiø bornholm,
6,energiø bornholm,6: energiø bornholm,
6,energiø bornholm,6: energiø bornholm,
6,energiø bornholm,6: energiø bornholm,
6,energiø bornholm,6: energiø bornholm,
6,energiø bornholm,6: energiø bornholm,
6,energiø bornholm,6: energiø bornholm,
6,energiø bornholm,6: energiø bornholm,
6,energiø bornholm,6: energiø bornholm,
6,energiø bornholm,6: energiø bornholm,
6,energiø bornholm,6: energiø bornholm,
6,energiø bornholm,6: energiø bornholm,
6,energiø bornholm,6: energiø bornholm,
6,energiø bornholm,6: energiø bornholm,
6,energiø bornholm,6: energiø bornholm,
6,energiø bornholm,6: energiø bornholm,
6,energiø bornholm,6: energiø bornholm,
6,energiø bornholm,6: energiø bornholm,
6,energiø bornholm,6: energiø bornholm,
6,energiø bornholm,6: energiø bornholm,
6,energiø bornholm,6: energiø bornholm,
6,energiø bornholm,6: energiø bornholm,
6,energiø bornholm,6: energiø bornholm,
6,energiø bornholm,6: energiø bornholm,
6,energiø bornholm,6: energiø bornholm,
6,energiø bornholm,6: energiø bornholm,
6,energiø bornholm,6: energiø bornholm,
6,energiø bornholm,6: energiø bornholm,
6,energiø bornholm,6: energiø bornholm,
6,energiø bornholm,6: energiø bornholm,
6,energiø bornholm,6: energiø bornholm,
6,energiø bornholm,6: energiø bornholm,
6,energiø bornholm,6: energiø bornholm,
6,energiø bornholm,6: energiø bornholm,
6,energiø bornholm,6: energiø bornholm,
6,energiø bornholm,6: energiø bornholm,
6,energiø bornholm,6: energiø bornholm,
6,energiø bornholm,6: energiø bornholm,
6,energiø bornholm,6: energiø bornholm,
6,energiø bornholm,6: energiø bornholm,
6,energiø bornholm,6: energiø bornholm,
6,energiø bornholm,6: energiø bornholm,
6,energiø bornholm,6: energiø bornholm,
6,energiø bornholm,6: energiø bornholm,
6,energiø bornholm,6: energiø bornholm,
6,energiø bornholm,6: energiø bornholm,
6,energiø bornholm,6: energiø bornholm,
6,energiø bornholm,6: energiø bornholm,
6,energiø bornholm,6: energiø bornholm,
6,energiø bornholm,6: energiø bornholm,
6,energiø bornholm,6: energiø bornholm,
6,energiø bornholm,6: energiø bornholm,
6,energiø bornholm,6: energiø bornholm,
6,energiø bornholm,6: energiø bornholm,
6,energiø bornholm,6: energiø bornholm,
6,energiø bornholm,6: energiø bornholm,
6,energiø bornholm,6: energiø bornholm,
6,energiø bornholm,6: energiø bornholm,
6,energiø bornholm,6: energiø bornholm,
6,energiø bornholm,6: energiø bornholm,
6,energiø bornholm,6: energiø bornholm,
6,energiø bornholm,6: energiø bornholm,
6,energiø bornholm,6: energiø bornholm,
6,energiø bornholm,6: energiø bornholm,
6,energiø bornholm,6: energiø bornholm,
6,energiø bornholm,6: energiø bornholm,
6,energiø bornholm,6: energiø bornholm,
6,energiø bornholm,6: energiø bornholm,
6,energiø bornholm,6: energiø bornholm,
6,energiø bornholm,6: energiø bornholm,
6,energiø bornholm,6: energiø bornholm,
6,energiø bornholm,6: energiø bornholm,
6,energiø bornholm,6: energiø bornholm,
6,energiø bornholm,6: energiø bornholm,
6,energiø bornholm,6: energiø bornholm,
6,energiø bornholm,6: energiø bornholm,
6,energiø bornholm,6: energiø bornholm,
6,energiø bornholm,6: energiø bornholm,
6,energiø bornholm,6: energiø bornholm,
6,energiø bornholm,6: energiø bornholm,
6,energiø bornholm,6: energiø bornholm,
6,energiø bornholm,6: energiø bornholm,
6,energiø bornholm,6: energiø bornholm,
6,energiø bornholm,6: energiø bornholm,
6,energiø bornholm,6: energiø bornholm,
6,energiø bornholm,6: energiø bornholm,
6,energiø bornholm,6: energiø bornholm,
6,energiø bornholm,6: energiø bornholm,
6,energiø bornholm,6: energiø bornholm,
6,energiø bornholm,6: energiø bornholm,
6,energiø bornholm,6: energiø bornholm,
6,energiø bornholm,6: energiø bornholm,
6,energiø bornholm,6: energiø bornholm,
6,energiø bornholm,6: energiø bornholm,
6,energiø bornholm,6: energiø bornholm,
6,energiø bornholm,6: energiø bornholm,
6,energiø bornholm,6: energiø bornholm,
6,energiø bornholm,6: energiø bornholm,
6,energiø bornholm,6: energiø bornholm,
6,energiø bornholm,6: energiø bornholm,
6,energiø bornholm,6: energiø bornholm,
6,energiø bornholm,6: energiø bornholm,
6,energiø bornholm,6: energiø bornholm,
6,energiø bornholm,6: energiø bornholm,
6,energiø bornholm,6: energiø bornholm,
6,energiø bornholm,6: energiø bornholm,
6,energiø bornholm,6: energiø bornholm,
6,energiø bornholm,6: energiø bornholm,
6,energiø bornholm,6: energiø bornholm,
6,energiø bornholm,6: energiø bornholm,
6,energiø bornholm,6: energiø bornholm,
6,energiø bornholm,6: energiø bornholm,
6,energiø bornholm,6: energiø bornholm,
6,energiø bornholm,6: energiø bornholm,
6,energiø bornholm,6: energiø bornholm,
6,energiø bornholm,6: energiø bornholm,
6,energiø bornholm,6: energiø bornholm,
6,energiø bornholm,6: energiø bornholm,
6,energiø bornholm,6: energiø bornholm,
6,energiø bornholm,6: energiø bornholm,
6,energiø bornholm,6: energiø bornholm,
6,energiø bornholm,6: energiø bornholm,
6,energiø bornholm,6: energiø bornholm,
6,energiø bornholm,6: energiø bornholm,
6,energiø bornholm,6: energiø bornholm,
6,energiø bornholm,6: energiø bornholm,
6,energiø bornholm,6: energiø bornholm,
6,energiø bornholm,6: energiø bornholm,
6,energiø bornholm,6: energiø bornholm,
6,energiø bornholm,6: energiø bornholm,
6,energiø bornholm,6: energiø bornholm,
6,energiø bornholm,6: energiø bornholm,
6,energiø bornholm,6: energiø bornholm,
6,energiø bornholm,6: energiø bornholm,
6,energiø bornholm,6: energiø bornholm,
6,energiø bornholm,6: energiø bornholm,
6,energiø bornholm,6: energiø bornholm,
6,energiø bornholm,6: energiø bornholm,
6,energiø bornholm,6: energiø bornholm,
6,energiø bornholm,6: energiø bornholm,
6,energiø bornholm,6: energiø bornholm,
6,energiø bornholm,6: energiø bornholm,
6,energiø bornholm,6: energiø bornholm,
6,energiø bornholm,6: energiø bornholm,
6,energiø bornholm,6: energiø bornholm,
6,energiø bornholm,6: energiø bornholm,
6,energiø bornholm,6: energiø bornholm,
6,energiø bornholm,6: energiø bornholm,
6,energiø bornholm,6: energiø bornholm,
6,energiø bornholm,6: energiø bornholm,
6,energiø bornholm,6: energiø bornholm,
6,energiø bornholm,6: energiø bornholm,
6,energiø bornholm,6: energiø bornholm,
6,energiø bornholm,6: energiø bornholm,
6,energiø bornholm,6: energiø bornholm,
6,energiø bornholm,6: energiø bornholm,
6,energiø bornholm,6: energiø bornholm,
6,energiø bornholm,6: energiø bornholm,
6,energiø bornholm,6: energiø bornholm,
6,energiø bornholm,6: energiø bornholm,
6,energiø bornholm,6: energiø bornholm,
6,energiø bornholm,6: energiø bornholm,
6,energiø bornholm,6: energiø bornholm,
6,energiø bornholm,6: energiø bornholm,
6,energiø bornholm,6: energiø bornholm,
6,energiø bornholm,6: energiø bornholm,
6,energiø bornholm,6: energiø bornholm,
6,energiø bornholm,6: energiø bornholm,
6,energiø bornholm,6: energiø bornholm,
6,energiø bornholm,6: energiø bornholm,
6,energiø bornholm,6: energiø bornholm,
6,energiø bornholm,6: energiø bornholm,
6,energiø bornholm,6: energiø bornholm,
6,energiø bornholm,6: energiø bornholm,
6,energiø bornholm,6: energiø bornholm,
6,energiø bornholm,6: energiø bornholm,
6,energiø bornholm,6: energiø bornholm,
6,energiø bornholm,6: energiø bornholm,
6,energiø bornholm,6: energiø bornholm,
6,energiø bornholm,6: energiø bornholm,
2,municip council,2: municip council,
2,municip council,2: municip council,
2,municip council,2: municip council,
2,municip council,2: municip council,
2,municip council,2: municip council,
2,municip council,2: municip council,
2,municip council,2: municip council,
2,municip council,2: municip council,
2,municip council,2: municip council,
2,municip council,2: municip council,
2,municip council,2: municip council,
2,municip council,2: municip council,
2,municip council,2: municip council,
2,municip council,2: municip council,
2,municip council,2: municip council,
2,municip council,2: municip council,
2,municip council,2: municip council,
2,municip council,2: municip council,
2,municip council,2: municip council,
2,municip council,2: municip council,
2,municip council,2: municip council,
2,municip council,2: municip council,
2,municip council,2: municip council,
2,municip council,2: municip council,
2,municip council,2: municip council,
2,municip council,2: municip council,
2,municip council,2: municip council,
2,municip council,2: municip council,
2,municip council,2: municip council,
2,municip council,2: municip council,
2,municip council,2: municip council,
2,municip council,2: municip council,
2,municip council,2: municip council,
2,municip council,2: municip council,
2,municip council,2: municip council,
2,municip council,2: municip council,
2,municip council,2: municip council,
2,municip council,2: municip council,
2,municip council,2: municip council,
2,municip council,2: municip council,
2,municip council,2: municip council,
2,municip council,2: municip council,
2,municip council,2: municip council,
2,municip council,2: municip council,
2,municip council,2: municip council,
2,municip council,2: municip council,
2,municip council,2: municip council,
2,municip council,2: municip council,
2,municip council,2: municip council,
2,municip council,2: municip council,
2,municip council,2: municip council,
2,municip council,2: municip council,
2,municip council,2: municip council,
2,municip council,2: municip council,
2,municip council,2: municip council,
2,municip council,2: municip council,
2,municip council,2: municip council,
2,municip council,2: municip council,
2,municip council,2: municip council,
2,municip council,2: municip council,
2,municip council,2: municip council,
2,municip council,2: municip council,
2,municip council,2: municip council,
2,municip council,2: municip council,
2,municip council,2: municip council,
2,municip council,2: municip council,
2,municip council,2: municip council,
2,municip council,2: municip council,
2,municip council,2: municip council,
2,municip council,2: municip council,
2,municip council,2: municip council,
2,municip council,2: municip council,
2,municip council,2: municip council,
2,municip council,2: municip council,
2,municip council,2: municip council,
2,municip council,2: municip council,
2,municip council,2: municip council,
2,municip council,2: municip council,
2,municip council,2: municip council,
2,municip council,2: municip council,
2,municip council,2: municip council,
2,municip council,2: municip council,
2,municip council,2: municip council,
2,municip council,2: municip council,
2,municip council,2: municip council,
2,municip council,2: municip council,
2,municip council,2: municip council,
2,municip council,2: municip council,
2,municip council,2: municip council,
2,municip council,2: municip council,
2,municip council,2: municip council,
2,municip council,2: municip council,
2,municip council,2: municip council,
2,municip council,2: municip council,
2,municip council,2: municip council,
2,municip council,2: municip council,
2,municip council,2: municip council,
2,municip council,2: municip council,
2,municip council,2: municip council,
2,municip council,2: municip council,
2,municip council,2: municip council,
2,municip council,2: municip council,
2,municip council,2: municip council,
2,municip council,2: municip council,
2,municip council,2: municip council,
2,municip council,2: municip council,
2,municip council,2: municip council,
2,municip council,2: municip council,
2,municip council,2: municip council,
2,municip council,2: municip council,
2,municip council,2: municip council,
2,municip council,2: municip council,
2,municip council,2: municip council,
2,municip council,2: municip council,
2,municip council,2: municip council,
2,municip council,2: municip council,
2,municip council,2: municip council,
2,municip council,2: municip council,
2,municip council,2: municip council,
2,municip council,2: municip council,
2,municip council,2: municip council,
2,municip council,2: municip council,
2,municip council,2: municip council,
2,municip council,2: municip council,
2,municip council,2: municip council,
2,municip council,2: municip council,
2,municip council,2: municip council,
2,municip council,2: municip council,
2,municip council,2: municip council,
2,municip council,2: municip council,
2,municip council,2: municip council,
2,municip council,2: municip council,
2,municip council,2: municip council,
2,municip council,2: municip council,
2,municip council,2: municip council,
2,municip council,2: municip council,
2,municip council,2: municip council,
2,municip council,2: municip council,
2,municip council,2: municip council,
2,municip council,2: municip council,
2,municip council,2: municip council,
2,municip council,2: municip council,
2,municip council,2: municip council,
2,municip council,2: municip council,
2,municip council,2: municip council,
2,municip council,2: municip council,
2,municip council,2: municip council,
2,municip council,2: municip council,
2,municip council,2: municip council,
2,municip council,2: municip council,
2,municip council,2: municip council,
2,municip council,2: municip council,
2,municip council,2: municip council,
2,municip council,2: municip council,
2,municip council,2: municip council,
2,municip council,2: municip council,
6,energiø bornholm,6: energiø bornholm,
6,energiø bornholm,6: energiø bornholm,
6,energiø bornholm,6: energiø bornholm,
6,energiø bornholm,6: energiø bornholm,
6,energiø bornholm,6: energiø bornholm,
6,energiø bornholm,6: energiø bornholm,
6,energiø bornholm,6: energiø bornholm,
6,energiø bornholm,6: energiø bornholm,
6,energiø bornholm,6: energiø bornholm,
6,energiø bornholm,6: energiø bornholm,
6,energiø bornholm,6: energiø bornholm,
6,energiø bornholm,6: energiø bornholm,
6,energiø bornholm,6: energiø bornholm,
6,energiø bornholm,6: energiø bornholm,
6,energiø bornholm,6: energiø bornholm,
6,energiø bornholm,6: energiø bornholm,
6,energiø bornholm,6: energiø bornholm,
6,energiø bornholm,6: energiø bornholm,
6,energiø bornholm,6: energiø bornholm,
6,energiø bornholm,6: energiø bornholm,
6,energiø bornholm,6: energiø bornholm,
6,energiø bornholm,6: energiø bornholm,
6,energiø bornholm,6: energiø bornholm,
6,energiø bornholm,6: energiø bornholm,
6,energiø bornholm,6: energiø bornholm,
6,energiø bornholm,6: energiø bornholm,
6,energiø bornholm,6: energiø bornholm,
6,energiø bornholm,6: energiø bornholm,
6,energiø bornholm,6: energiø bornholm,
6,energiø bornholm,6: energiø bornholm,
6,energiø bornholm,6: energiø bornholm,
6,energiø bornholm,6: energiø bornholm,
6,energiø bornholm,6: energiø bornholm,
6,energiø bornholm,6: energiø bornholm,
6,energiø bornholm,6: energiø bornholm,
6,energiø bornholm,6: energiø bornholm,
6,energiø bornholm,6: energiø bornholm,
6,energiø bornholm,6: energiø bornholm,
6,energiø bornholm,6: energiø bornholm,
6,energiø bornholm,6: energiø bornholm,
6,energiø bornholm,6: energiø bornholm,
6,energiø bornholm,6: energiø bornholm,
6,energiø bornholm,6: energiø bornholm,
6,energiø bornholm,6: energiø bornholm,
6,energiø bornholm,6: energiø bornholm,
6,energiø bornholm,6: energiø bornholm,
6,energiø bornholm,6: energiø bornholm,
6,energiø bornholm,6: energiø bornholm,
6,energiø bornholm,6: energiø bornholm,
6,energiø bornholm,6: energiø bornholm,
6,energiø bornholm,6: energiø bornholm,
6,energiø bornholm,6: energiø bornholm,
6,energiø bornholm,6: energiø bornholm,
6,energiø bornholm,6: energiø bornholm,
6,energiø bornholm,6: energiø bornholm,
6,energiø bornholm,6: energiø bornholm,
6,energiø bornholm,6: energiø bornholm,
6,energiø bornholm,6: energiø bornholm,
6,energiø bornholm,6: energiø bornholm,
6,energiø bornholm,6: energiø bornholm,
6,energiø bornholm,6: energiø bornholm,
6,energiø bornholm,6: energiø bornholm,
6,energiø bornholm,6: energiø bornholm,
6,energiø bornholm,6: energiø bornholm,
6,energiø bornholm,6: energiø bornholm,
6,energiø bornholm,6: energiø bornholm,
6,energiø bornholm,6: energiø bornholm,
6,energiø bornholm,6: energiø bornholm,
6,energiø bornholm,6: energiø bornholm,
6,energiø bornholm,6: energiø bornholm,
6,energiø bornholm,6: energiø bornholm,
6,energiø bornholm,6: energiø bornholm,
6,energiø bornholm,6: energiø bornholm,
6,energiø bornholm,6: energiø bornholm,
6,energiø bornholm,6: energiø bornholm,
6,energiø bornholm,6: energiø bornholm,
6,energiø bornholm,6: energiø bornholm,
6,energiø bornholm,6: energiø bornholm,
6,energiø bornholm,6: energiø bornholm,
6,energiø bornholm,6: energiø bornholm,
6,energiø bornholm,6: energiø bornholm,
6,energiø bornholm,6: energiø bornholm,
6,energiø bornholm,6: energiø bornholm,
6,energiø bornholm,6: energiø bornholm,
6,energiø bornholm,6: energiø bornholm,
6,energiø bornholm,6: energiø bornholm,
6,energiø bornholm,6: energiø bornholm,
6,energiø bornholm,6: energiø bornholm,
6,energiø bornholm,6: energiø bornholm,
6,energiø bornholm,6: energiø bornholm,
6,energiø bornholm,6: energiø bornholm,
6,energiø bornholm,6: energiø bornholm,
6,energiø bornholm,6: energiø bornholm,
6,energiø bornholm,6: energiø bornholm,
6,energiø bornholm,6: energiø bornholm,
6,energiø bornholm,6: energiø bornholm,
6,energiø bornholm,6: energiø bornholm,
6,energiø bornholm,6: energiø bornholm,
6,energiø bornholm,6: energiø bornholm,
6,energiø bornholm,6: energiø bornholm,
6,energiø bornholm,6: energiø bornholm,
6,energiø bornholm,6: energiø bornholm,
6,energiø bornholm,6: energiø bornholm,
6,energiø bornholm,6: energiø bornholm,
6,energiø bornholm,6: energiø bornholm,
6,energiø bornholm,6: energiø bornholm,
6,energiø bornholm,6: energiø bornholm,
6,energiø bornholm,6: energiø bornholm,
6,energiø bornholm,6: energiø bornholm,
6,energiø bornholm,6: energiø bornholm,
6,energiø bornholm,6: energiø bornholm,
6,energiø bornholm,6: energiø bornholm,
6,energiø bornholm,6: energiø bornholm,
6,energiø bornholm,6: energiø bornholm,
6,energiø bornholm,6: energiø bornholm,
6,energiø bornholm,6: energiø bornholm,
6,energiø bornholm,6: energiø bornholm,
6,energiø bornholm,6: energiø bornholm,
6,energiø bornholm,6: energiø bornholm,
6,energiø bornholm,6: energiø bornholm,
6,energiø bornholm,6: energiø bornholm,
6,energiø bornholm,6: energiø bornholm,
6,energiø bornholm,6: energiø bornholm,
6,energiø bornholm,6: energiø bornholm,
6,energiø bornholm,6: energiø bornholm,
6,energiø bornholm,6: energiø bornholm,
6,energiø bornholm,6: energiø bornholm,
6,energiø bornholm,6: energiø bornholm,
6,energiø bornholm,6: energiø bornholm,
6,energiø bornholm,6: energiø bornholm,
6,energiø bornholm,6: energiø bornholm,
6,energiø bornholm,6: energiø bornholm,
6,energiø bornholm,6: energiø bornholm,
6,energiø bornholm,6: energiø bornholm,
6,energiø bornholm,6: energiø bornholm,
6,energiø bornholm,6: energiø bornholm,
6,energiø bornholm,6: energiø bornholm,
6,energiø bornholm,6: energiø bornholm,
6,energiø bornholm,6: energiø bornholm,
6,energiø bornholm,6: energiø bornholm,
6,energiø bornholm,6: energiø bornholm,
6,energiø bornholm,6: energiø bornholm,
6,energiø bornholm,6: energiø bornholm,
6,energiø bornholm,6: energiø bornholm,
6,energiø bornholm,6: energiø bornholm,
6,energiø bornholm,6: energiø bornholm,
6,energiø bornholm,6: energiø bornholm,
6,energiø bornholm,6: energiø bornholm,
6,energiø bornholm,6: energiø bornholm,
6,energiø bornholm,6: energiø bornholm,
6,energiø bornholm,6: energiø bornholm,
6,energiø bornholm,6: energiø bornholm,
6,energiø bornholm,6: energiø bornholm,
6,energiø bornholm,6: energiø bornholm,
6,energiø bornholm,6: energiø bornholm,
6,energiø bornholm,6: energiø bornholm,
6,energiø bornholm,6: energiø bornholm,
6,energiø bornholm,6: energiø bornholm,
6,energiø bornholm,6: energiø bornholm,
6,energiø bornholm,6: energiø bornholm,
6,energiø bornholm,6: energiø bornholm,
6,energiø bornholm,6: energiø bornholm,
6,energiø bornholm,6: energiø bornholm,
6,energiø bornholm,6: energiø bornholm,
6,energiø bornholm,6: energiø bornholm,
6,energiø bornholm,6: energiø bornholm,
6,energiø bornholm,6: energiø bornholm,
6,energiø bornholm,6: energiø bornholm,
6,energiø bornholm,6: energiø bornholm,
6,energiø bornholm,6: energiø bornholm,
6,energiø bornholm,6: energiø bornholm,
6,energiø bornholm,6: energiø bornholm,
6,energiø bornholm,6: energiø bornholm,
6,energiø bornholm,6: energiø bornholm,
6,energiø bornholm,6: energiø bornholm,
6,energiø bornholm,6: energiø bornholm,
6,energiø bornholm,6: energiø bornholm,
6,energiø bornholm,6: energiø bornholm,
6,energiø bornholm,6: energiø bornholm,
6,energiø bornholm,6: energiø bornholm,
6,energiø bornholm,6: energiø bornholm,
6,energiø bornholm,6: energiø bornholm,
6,energiø bornholm,6: energiø bornholm,
6,energiø bornholm,6: energiø bornholm,
6,energiø bornholm,6: energiø bornholm,
6,energiø bornholm,6: energiø bornholm,
6,energiø bornholm,6: energiø bornholm,
6,energiø bornholm,6: energiø bornholm,
6,energiø bornholm,6: energiø bornholm,
6,energiø bornholm,6: energiø bornholm,
6,energiø bornholm,6: energiø bornholm,
6,energiø bornholm,6: energiø bornholm,
6,energiø bornholm,6: energiø bornholm,
6,energiø bornholm,6: energiø bornholm,
6,energiø bornholm,6: energiø bornholm,
6,energiø bornholm,6: energiø bornholm,
6,energiø bornholm,6: energiø bornholm,
6,energiø bornholm,6: energiø bornholm,
6,energiø bornholm,6: energiø bornholm,
6,energiø bornholm,6: energiø bornholm,
6,energiø bornholm,6: energiø bornholm,
6,energiø bornholm,6: energiø bornholm,
6,energiø bornholm,6: energiø bornholm,
6,energiø bornholm,6: energiø bornholm,
6,energiø bornholm,6: energiø bornholm,
6,energiø bornholm,6: energiø bornholm,
6,energiø bornholm,6: energiø bornholm,
6,energiø bornholm,6: energiø bornholm,
6,energiø bornholm,6: energiø bornholm,
6,energiø bornholm,6: energiø bornholm,
6,energiø bornholm,6: energiø bornholm,
6,energiø bornholm,6: energiø bornholm,
6,energiø bornholm,6: energiø bornholm,
6,energiø bornholm,6: energiø bornholm,
6,energiø bornholm,6: energiø bornholm,
6,energiø bornholm,6: energiø bornholm,
6,energiø bornholm,6: energiø bornholm,
6,energiø bornholm,6: energiø bornholm,
6,energiø bornholm,6: energiø bornholm,
6,energiø bornholm,6: energiø bornholm,
6,energiø bornholm,6: energiø bornholm,
6,energiø bornholm,6: energiø bornholm,
6,energiø bornholm,6: energiø bornholm,
6,energiø bornholm,6: energiø bornholm,
6,energiø bornholm,6: energiø bornholm,
6,energiø bornholm,6: energiø bornholm,
6,energiø bornholm,6: energiø bornholm,
6,energiø bornholm,6: energiø bornholm,
6,energiø bornholm,6: energiø bornholm,
6,energiø bornholm,6: energiø bornholm,
6,energiø bornholm,6: energiø bornholm,
6,energiø bornholm,6: energiø bornholm,
6,energiø bornholm,6: energiø bornholm,
6,energiø bornholm,6: energiø bornholm,
6,energiø bornholm,6: energiø bornholm,
6,energiø bornholm,6: energiø bornholm,
6,energiø bornholm,6: energiø bornholm,
6,energiø bornholm,6: energiø bornholm,
6,energiø bornholm,6: energiø bornholm,
6,energiø bornholm,6: energiø bornholm,
6,energiø bornholm,6: energiø bornholm,
6,energiø bornholm,6: energiø bornholm,
6,energiø bornholm,6: energiø bornholm,
6,energiø bornholm,6: energiø bornholm,
6,energiø bornholm,6: energiø bornholm,
6,energiø bornholm,6: energiø bornholm,
6,energiø bornholm,6: energiø bornholm,
6,energiø bornholm,6: energiø bornholm,
6,energiø bornholm,6: energiø bornholm,
6,energiø bornholm,6: energiø bornholm,
6,energiø bornholm,6: energiø bornholm,
6,energiø bornholm,6: energiø bornholm,
6,energiø bornholm,6: energiø bornholm,
6,energiø bornholm,6: energiø bornholm,
6,energiø bornholm,6: energiø bornholm,
6,energiø bornholm,6: energiø bornholm,
6,energiø bornholm,6: energiø bornholm,
6,energiø bornholm,6: energiø bornholm,
6,energiø bornholm,6: energiø bornholm,
6,energiø bornholm,6: energiø bornholm,
6,energiø bornholm,6: energiø bornholm,
6,energiø bornholm,6: energiø bornholm,
6,energiø bornholm,6: energiø bornholm,
6,energiø bornholm,6: energiø bornholm,
6,energiø bornholm,6: energiø bornholm,
6,energiø bornholm,6: energiø bornholm,
6,energiø bornholm,6: energiø bornholm,
6,energiø bornholm,6: energiø bornholm,
6,energiø bornholm,6: energiø bornholm,
6,energiø bornholm,6: energiø bornholm,
6,energiø bornholm,6: energiø bornholm,
6,energiø bornholm,6: energiø bornholm,
6,energiø bornholm,6: energiø bornholm,
6,energiø bornholm,6: energiø bornholm,
6,energiø bornholm,6: energiø bornholm,
6,energiø bornholm,6: energiø bornholm,
6,energiø bornholm,6: energiø bornholm,
6,energiø bornholm,6: energiø bornholm,
6,energiø bornholm,6: energiø bornholm,
6,energiø bornholm,6: energiø bornholm,
6,energiø bornholm,6: energiø bornholm,
6,energiø bornholm,6: energiø bornholm,
6,energiø bornholm,6: energiø bornholm,
6,energiø bornholm,6: energiø bornholm,
6,energiø bornholm,6: energiø bornholm,
6,energiø bornholm,6: energiø bornholm,
6,energiø bornholm,6: energiø bornholm,
6,energiø bornholm,6: energiø bornholm,
6,energiø bornholm,6: energiø bornholm,
6,energiø bornholm,6: energiø bornholm,
6,energiø bornholm,6: energiø bornholm,
6,energiø bornholm,6: energiø bornholm,
6,energiø bornholm,6: energiø bornholm,
6,energiø bornholm,6: energiø bornholm,
6,energiø bornholm,6: energiø bornholm,
6,energiø bornholm,6: energiø bornholm,
6,energiø bornholm,6: energiø bornholm,
6,energiø bornholm,6: energiø bornholm,
6,energiø bornholm,6: energiø bornholm,
6,energiø bornholm,6: energiø bornholm,
6,energiø bornholm,6: energiø bornholm,
6,energiø bornholm,6: energiø bornholm,
6,energiø bornholm,6: energiø bornholm,
6,energiø bornholm,6: energiø bornholm,
6,energiø bornholm,6: energiø bornholm,
6,energiø bornholm,6: energiø bornholm,
6,energiø bornholm,6: energiø bornholm,
6,energiø bornholm,6: energiø bornholm,
6,energiø bornholm,6: energiø bornholm,
6,energiø bornholm,6: energiø bornholm,
6,energiø bornholm,6: energiø bornholm,
6,energiø bornholm,6: energiø bornholm,
6,energiø bornholm,6: energiø bornholm,
6,energiø bornholm,6: energiø bornholm,
6,energiø bornholm,6: energiø bornholm,
6,energiø bornholm,6: energiø bornholm,
6,energiø bornholm,6: energiø bornholm,
6,energiø bornholm,6: energiø bornholm,
6,energiø bornholm,6: energiø bornholm,
6,energiø bornholm,6: energiø bornholm,
6,energiø bornholm,6: energiø bornholm,
6,energiø bornholm,6: energiø bornholm,
6,energiø bornholm,6: energiø bornholm,
6,energiø bornholm,6: energiø bornholm,
6,energiø bornholm,6: energiø bornholm,
6,energiø bornholm,6: energiø bornholm,
6,energiø bornholm,6: energiø bornholm,
6,energiø bornholm,6: energiø bornholm,
6,energiø bornholm,6: energiø bornholm,
6,energiø bornholm,6: energiø bornholm,
6,energiø bornholm,6: energiø bornholm,
6,energiø bornholm,6: energiø bornholm,
6,energiø bornholm,6: energiø bornholm,
6,energiø bornholm,6: energiø bornholm,
6,energiø bornholm,6: energiø bornholm,
6,energiø bornholm,6: energiø bornholm,
6,energiø bornholm,6: energiø bornholm,
6,energiø bornholm,6: energiø bornholm,
6,energiø bornholm,6: energiø bornholm,
6,energiø bornholm,6: energiø bornholm,
6,energiø bornholm,6: energiø bornholm,
6,energiø bornholm,6: energiø bornholm,
6,energiø bornholm,6: energiø bornholm,
6,energiø bornholm,6: energiø bornholm,
6,energiø bornholm,6: energiø bornholm,
6,energiø bornholm,6: energiø bornholm,
6,energiø bornholm,6: energiø bornholm,
6,energiø bornholm,6: energiø bornholm,
6,energiø bornholm,6: energiø bornholm,
6,energiø bornholm,6: energiø bornholm,
6,energiø bornholm,6: energiø bornholm,
6,energiø bornholm,6: energiø bornholm,
6,energiø bornholm,6: energiø bornholm,
6,energiø bornholm,6: energiø bornholm,
6,energiø bornholm,6: energiø bornholm,
6,energiø bornholm,6: energiø bornholm,
6,energiø bornholm,6: energiø bornholm,
6,energiø bornholm,6: energiø bornholm,
6,energiø bornholm,6: energiø bornholm,
6,energiø bornholm,6: energiø bornholm,
6,energiø bornholm,6: energiø bornholm,
6,energiø bornholm,6: energiø bornholm,
6,energiø bornholm,6: energiø bornholm,
6,energiø bornholm,6: energiø bornholm,
6,energiø bornholm,6: energiø bornholm,
6,energiø bornholm,6: energiø bornholm,
6,energiø bornholm,6: energiø bornholm,
6,energiø bornholm,6: energiø bornholm,
6,energiø bornholm,6: energiø bornholm,
6,energiø bornholm,6: energiø bornholm,
6,energiø bornholm,6: energiø bornholm,
6,energiø bornholm,6: energiø bornholm,
6,energiø bornholm,6: energiø bornholm,
6,energiø bornholm,6: energiø bornholm,
6,energiø bornholm,6: energiø bornholm,
6,energiø bornholm,6: energiø bornholm,
6,energiø bornholm,6: energiø bornholm,
6,energiø bornholm,6: energiø bornholm,
6,energiø bornholm,6: energiø bornholm,
6,energiø bornholm,6: energiø bornholm,
6,energiø bornholm,6: energiø bornholm,
6,energiø bornholm,6: energiø bornholm,
6,energiø bornholm,6: energiø bornholm,
6,energiø bornholm,6: energiø bornholm,
6,energiø bornholm,6: energiø bornholm,
6,energiø bornholm,6: energiø bornholm,
6,energiø bornholm,6: energiø bornholm,
6,energiø bornholm,6: energiø bornholm,
6,energiø bornholm,6: energiø bornholm,
6,energiø bornholm,6: energiø bornholm,
6,energiø bornholm,6: energiø bornholm,
6,energiø bornholm,6: energiø bornholm,
6,energiø bornholm,6: energiø bornholm,
6,energiø bornholm,6: energiø bornholm,
6,energiø bornholm,6: energiø bornholm,
6,energiø bornholm,6: energiø bornholm,
6,energiø bornholm,6: energiø bornholm,
6,energiø bornholm,6: energiø bornholm,
6,energiø bornholm,6: energiø bornholm,
6,energiø bornholm,6: energiø bornholm,
6,energiø bornholm,6: energiø bornholm,
6,energiø bornholm,6: energiø bornholm,
6,energiø bornholm,6: energiø bornholm,
6,energiø bornholm,6: energiø bornholm,
6,energiø bornholm,6: energiø bornholm,
6,energiø bornholm,6: energiø bornholm,
6,energiø bornholm,6: energiø bornholm,
6,energiø bornholm,6: energiø bornholm,
6,energiø bornholm,6: energiø bornholm,
6,energiø bornholm,6: energiø bornholm,
6,energiø bornholm,6: energiø bornholm,
6,energiø bornholm,6: energiø bornholm,
6,energiø bornholm,6: energiø bornholm,
6,energiø bornholm,6: energiø bornholm,
6,energiø bornholm,6: energiø bornholm,
6,energiø bornholm,6: energiø bornholm,
6,energiø bornholm,6: energiø bornholm,
6,energiø bornholm,6: energiø bornholm,
6,energiø bornholm,6: energiø bornholm,
6,energiø bornholm,6: energiø bornholm,
6,energiø bornholm,6: energiø bornholm,
6,energiø bornholm,6: energiø bornholm,
6,energiø bornholm,6: energiø bornholm,
6,energiø bornholm,6: energiø bornholm,
6,energiø bornholm,6: energiø bornholm,
6,energiø bornholm,6: energiø bornholm,
6,energiø bornholm,6: energiø bornholm,
6,energiø bornholm,6: energiø bornholm,
6,energiø bornholm,6: energiø bornholm,
6,energiø bornholm,6: energiø bornholm,
6,energiø bornholm,6: energiø bornholm,
6,energiø bornholm,6: energiø bornholm,
6,energiø bornholm,6: energiø bornholm,
6,energiø bornholm,6: energiø bornholm,
6,energiø bornholm,6: energiø bornholm,
6,energiø bornholm,6: energiø bornholm,
6,energiø bornholm,6: energiø bornholm,
6,energiø bornholm,6: energiø bornholm,
6,energiø bornholm,6: energiø bornholm,
6,energiø bornholm,6: energiø bornholm,
6,energiø bornholm,6: energiø bornholm,
6,energiø bornholm,6: energiø bornholm,
6,energiø bornholm,6: energiø bornholm,
6,energiø bornholm,6: energiø bornholm,
6,energiø bornholm,6: energiø bornholm,
6,energiø bornholm,6: energiø bornholm,
6,energiø bornholm,6: energiø bornholm,
6,energiø bornholm,6: energiø bornholm,
6,energiø bornholm,6: energiø bornholm,
6,energiø bornholm,6: energiø bornholm,
6,energiø bornholm,6: energiø bornholm,
6,energiø bornholm,6: energiø bornholm,
6,energiø bornholm,6: energiø bornholm,
6,energiø bornholm,6: energiø bornholm,
6,energiø bornholm,6: energiø bornholm,
6,energiø bornholm,6: energiø bornholm,
6,energiø bornholm,6: energiø bornholm,
6,energiø bornholm,6: energiø bornholm,
6,energiø bornholm,6: energiø bornholm,
6,energiø bornholm,6: energiø bornholm,
6,energiø bornholm,6: energiø bornholm,
6,energiø bornholm,6: energiø bornholm,
6,energiø bornholm,6: energiø bornholm,
6,energiø bornholm,6: energiø bornholm,
6,energiø bornholm,6: energiø bornholm,
6,energiø bornholm,6: energiø bornholm,
6,energiø bornholm,6: energiø bornholm,
6,energiø bornholm,6: energiø bornholm,
6,energiø bornholm,6: energiø bornholm,
6,energiø bornholm,6: energiø bornholm,
6,energiø bornholm,6: energiø bornholm,
6,energiø bornholm,6: energiø bornholm,
6,energiø bornholm,6: energiø bornholm,
6,energiø bornholm,6: energiø bornholm,
6,energiø bornholm,6: energiø bornholm,
6,energiø bornholm,6: energiø bornholm,
6,energiø bornholm,6: energiø bornholm,
6,energiø bornholm,6: energiø bornholm,
6,energiø bornholm,6: energiø bornholm,
6,energiø bornholm,6: energiø bornholm,
6,energiø bornholm,6: energiø bornholm,
6,energiø bornholm,6: energiø bornholm,
6,energiø bornholm,6: energiø bornholm,
6,energiø bornholm,6: energiø bornholm,
6,energiø bornholm,6: energiø bornholm,
6,energiø bornholm,6: energiø bornholm,
6,energiø bornholm,6: energiø bornholm,
6,energiø bornholm,6: energiø bornholm,
6,energiø bornholm,6: energiø bornholm,
6,energiø bornholm,6: energiø bornholm,
6,energiø bornholm,6: energiø bornholm,
6,energiø bornholm,6: energiø bornholm,
6,energiø bornholm,6: energiø bornholm,
6,energiø bornholm,6: energiø bornholm,
6,energiø bornholm,6: energiø bornholm,
6,energiø bornholm,6: energiø bornholm,
6,energiø bornholm,6: energiø bornholm,
6,energiø bornholm,6: energiø bornholm,
6,energiø bornholm,6: energiø bornholm,
6,energiø bornholm,6: energiø bornholm,
6,energiø bornholm,6: energiø bornholm,
6,energiø bornholm,6: energiø bornholm,
6,energiø bornholm,6: energiø bornholm,
6,energiø bornholm,6: energiø bornholm,
6,energiø bornholm,6: energiø bornholm,
6,energiø bornholm,6: energiø bornholm,
6,energiø bornholm,6: energiø bornholm,
6,energiø bornholm,6: energiø bornholm,
6,energiø bornholm,6: energiø bornholm,
6,energiø bornholm,6: energiø bornholm,
6,energiø bornholm,6: energiø bornholm,
6,energiø bornholm,6: energiø bornholm,
6,energiø bornholm,6: energiø bornholm,
6,energiø bornholm,6: energiø bornholm,
6,energiø bornholm,6: energiø bornholm,
6,energiø bornholm,6: energiø bornholm,
6,energiø bornholm,6: energiø bornholm,
6,energiø bornholm,6: energiø bornholm,
6,energiø bornholm,6: energiø bornholm,
6,energiø bornholm,6: energiø bornholm,
6,energiø bornholm,6: energiø bornholm,
6,energiø bornholm,6: energiø bornholm,
6,energiø bornholm,6: energiø bornholm,
6,energiø bornholm,6: energiø bornholm,
6,energiø bornholm,6: energiø bornholm,
6,energiø bornholm,6: energiø bornholm,
6,energiø bornholm,6: energiø bornholm,
6,energiø bornholm,6: energiø bornholm,
6,energiø bornholm,6: energiø bornholm,
6,energiø bornholm,6: energiø bornholm,
6,energiø bornholm,6: energiø bornholm,
6,energiø bornholm,6: energiø bornholm,
6,energiø bornholm,6: energiø bornholm,
6,energiø bornholm,6: energiø bornholm,
6,energiø bornholm,6: energiø bornholm,
6,energiø bornholm,6: energiø bornholm,
6,energiø bornholm,6: energiø bornholm,
6,energiø bornholm,6: energiø bornholm,
6,energiø bornholm,6: energiø bornholm,
6,energiø bornholm,6: energiø bornholm,
6,energiø bornholm,6: energiø bornholm,
6,energiø bornholm,6: energiø bornholm,
6,energiø bornholm,6: energiø bornholm,
6,energiø bornholm,6: energiø bornholm,
6,energiø bornholm,6: energiø bornholm,
6,energiø bornholm,6: energiø bornholm,
6,energiø bornholm,6: energiø bornholm,
6,energiø bornholm,6: energiø bornholm,
6,energiø bornholm,6: energiø bornholm,
6,energiø bornholm,6: energiø bornholm,
6,energiø bornholm,6: energiø bornholm,
6,energiø bornholm,6: energiø bornholm,
6,energiø bornholm,6: energiø bornholm,
6,energiø bornholm,6: energiø bornholm,
6,energiø bornholm,6: energiø bornholm,
6,energiø bornholm,6: energiø bornholm,
6,energiø bornholm,6: energiø bornholm,
6,energiø bornholm,6: energiø bornholm,
6,energiø bornholm,6: energiø bornholm,
6,energiø bornholm,6: energiø bornholm,
6,energiø bornholm,6: energiø bornholm,
6,energiø bornholm,6: energiø bornholm,
6,energiø bornholm,6: energiø bornholm,
6,energiø bornholm,6: energiø bornholm,
6,energiø bornholm,6: energiø bornholm,
6,energiø bornholm,6: energiø bornholm,
6,energiø bornholm,6: energiø bornholm,
6,energiø bornholm,6: energiø bornholm,
6,energiø bornholm,6: energiø bornholm,
6,energiø bornholm,6: energiø bornholm,
6,energiø bornholm,6: energiø bornholm,
6,energiø bornholm,6: energiø bornholm,
6,energiø bornholm,6: energiø bornholm,
6,energiø bornholm,6: energiø bornholm,
6,energiø bornholm,6: energiø bornholm,
6,energiø bornholm,6: energiø bornholm,
6,energiø bornholm,6: energiø bornholm,
6,energiø bornholm,6: energiø bornholm,
6,energiø bornholm,6: energiø bornholm,
6,energiø bornholm,6: energiø bornholm,
6,energiø bornholm,6: energiø bornholm,
6,energiø bornholm,6: energiø bornholm,
6,energiø bornholm,6: energiø bornholm,
6,energiø bornholm,6: energiø bornholm,
6,energiø bornholm,6: energiø bornholm,
6,energiø bornholm,6: energiø bornholm,
6,energiø bornholm,6: energiø bornholm,
6,energiø bornholm,6: energiø bornholm,
6,energiø bornholm,6: energiø bornholm,
6,energiø bornholm,6: energiø bornholm,
6,energiø bornholm,6: energiø bornholm,
6,energiø bornholm,6: energiø bornholm,
6,energiø bornholm,6: energiø bornholm,
6,energiø bornholm,6: energiø bornholm,
6,energiø bornholm,6: energiø bornholm,
6,energiø bornholm,6: energiø bornholm,
6,energiø bornholm,6: energiø bornholm,
6,energiø bornholm,6: energiø bornholm,
6,energiø bornholm,6: energiø bornholm,
6,energiø bornholm,6: energiø bornholm,
6,energiø bornholm,6: energiø bornholm,
6,energiø bornholm,6: energiø bornholm,
6,energiø bornholm,6: energiø bornholm,
6,energiø bornholm,6: energiø bornholm,
6,energiø bornholm,6: energiø bornholm,
6,energiø bornholm,6: energiø bornholm,
6,energiø bornholm,6: energiø bornholm,
6,energiø bornholm,6: energiø bornholm,
6,energiø bornholm,6: energiø bornholm,
6,energiø bornholm,6: energiø bornholm,
6,energiø bornholm,6: energiø bornholm,
6,energiø bornholm,6: energiø bornholm,
6,energiø bornholm,6: energiø bornholm,
6,energiø bornholm,6: energiø bornholm,
6,energiø bornholm,6: energiø bornholm,
6,energiø bornholm,6: energiø bornholm,
6,energiø bornholm,6: energiø bornholm,
6,energiø bornholm,6: energiø bornholm,
6,energiø bornholm,6: energiø bornholm,
6,energiø bornholm,6: energiø bornholm,
6,energiø bornholm,6: energiø bornholm,
6,energiø bornholm,6: energiø bornholm,
6,energiø bornholm,6: energiø bornholm,
6,energiø bornholm,6: energiø bornholm,
6,energiø bornholm,6: energiø bornholm,
6,energiø bornholm,6: energiø bornholm,
6,energiø bornholm,6: energiø bornholm,
6,energiø bornholm,6: energiø bornholm,
6,energiø bornholm,6: energiø bornholm,
6,energiø bornholm,6: energiø bornholm,
6,energiø bornholm,6: energiø bornholm,
6,energiø bornholm,6: energiø bornholm,
6,energiø bornholm,6: energiø bornholm,
6,energiø bornholm,6: energiø bornholm,
6,energiø bornholm,6: energiø bornholm,
6,energiø bornholm,6: energiø bornholm,
6,energiø bornholm,6: energiø bornholm,
6,energiø bornholm,6: energiø bornholm,
6,energiø bornholm,6: energiø bornholm,
6,energiø bornholm,6: energiø bornholm,
6,energiø bornholm,6: energiø bornholm,
6,energiø bornholm,6: energiø bornholm,
6,energiø bornholm,6: energiø bornholm,
6,energiø bornholm,6: energiø bornholm,
6,energiø bornholm,6: energiø bornholm,
6,energiø bornholm,6: energiø bornholm,
6,energiø bornholm,6: energiø bornholm,
6,energiø bornholm,6: energiø bornholm,
6,energiø bornholm,6: energiø bornholm,
6,energiø bornholm,6: energiø bornholm,
6,energiø bornholm,6: energiø bornholm,
6,energiø bornholm,6: energiø bornholm,
6,energiø bornholm,6: energiø bornholm,
6,energiø bornholm,6: energiø bornholm,
6,energiø bornholm,6: energiø bornholm,
6,energiø bornholm,6: energiø bornholm,
6,energiø bornholm,6: energiø bornholm,
6,energiø bornholm,6: energiø bornholm,
6,energiø bornholm,6: energiø bornholm,
6,energiø bornholm,6: energiø bornholm,
6,energiø bornholm,6: energiø bornholm,
6,energiø bornholm,6: energiø bornholm,
6,energiø bornholm,6: energiø bornholm,
6,energiø bornholm,6: energiø bornholm,
6,energiø bornholm,6: energiø bornholm,
6,energiø bornholm,6: energiø bornholm,
6,energiø bornholm,6: energiø bornholm,
6,energiø bornholm,6: energiø bornholm,
6,energiø bornholm,6: energiø bornholm,
6,energiø bornholm,6: energiø bornholm,
6,energiø bornholm,6: energiø bornholm,
6,energiø bornholm,6: energiø bornholm,
6,energiø bornholm,6: energiø bornholm,
6,energiø bornholm,6: energiø bornholm,
6,energiø bornholm,6: energiø bornholm,
6,energiø bornholm,6: energiø bornholm,
6,energiø bornholm,6: energiø bornholm,
6,energiø bornholm,6: energiø bornholm,
6,energiø bornholm,6: energiø bornholm,
6,energiø bornholm,6: energiø bornholm,
6,energiø bornholm,6: energiø bornholm,
6,energiø bornholm,6: energiø bornholm,
6,energiø bornholm,6: energiø bornholm,
6,energiø bornholm,6: energiø bornholm,
0,energi island,0: energi island,
0,energi island,0: energi island,
0,energi island,0: energi island,
0,energi island,0: energi island,
0,energi island,0: energi island,
0,energi island,0: energi island,
0,energi island,0: energi island,
0,energi island,0: energi island,
0,energi island,0: energi island,
0,energi island,0: energi island,
0,energi island,0: energi island,
0,energi island,0: energi island,
0,energi island,0: energi island,
0,energi island,0: energi island,
0,energi island,0: energi island,
0,energi island,0: energi island,
0,energi island,0: energi island,
0,energi island,0: energi island,
0,energi island,0: energi island,
0,energi island,0: energi island,
0,energi island,0: energi island,
0,energi island,0: energi island,
0,energi island,0: energi island,
0,energi island,0: energi island,
0,energi island,0: energi island,
0,energi island,0: energi island,
0,energi island,0: energi island,
0,energi island,0: energi island,
0,energi island,0: energi island,
0,energi island,0: energi island,
0,energi island,0: energi island,
0,energi island,0: energi island,
0,energi island,0: energi island,
0,energi island,0: energi island,
0,energi island,0: energi island,
0,energi island,0: energi island,
0,energi island,0: energi island,
0,energi island,0: energi island,
0,energi island,0: energi island,
0,energi island,0: energi island,
0,energi island,0: energi island,
0,energi island,0: energi island,
0,energi island,0: energi island,
0,energi island,0: energi island,
0,energi island,0: energi island,
0,energi island,0: energi island,
0,energi island,0: energi island,
0,energi island,0: energi island,
0,energi island,0: energi island,
0,energi island,0: energi island,
0,energi island,0: energi island,
0,energi island,0: energi island,
0,energi island,0: energi island,
0,energi island,0: energi island,
0,energi island,0: energi island,
0,energi island,0: energi island,
0,energi island,0: energi island,
0,energi island,0: energi island,
0,energi island,0: energi island,
0,energi island,0: energi island,
0,energi island,0: energi island,
0,energi island,0: energi island,
0,energi island,0: energi island,
0,energi island,0: energi island,
0,energi island,0: energi island,
0,energi island,0: energi island,
0,energi island,0: energi island,
0,energi island,0: energi island,
0,energi island,0: energi island,
0,energi island,0: energi island,
0,energi island,0: energi island,
0,energi island,0: energi island,
0,energi island,0: energi island,
0,energi island,0: energi island,
0,energi island,0: energi island,
0,energi island,0: energi island,
0,energi island,0: energi island,
0,energi island,0: energi island,
0,energi island,0: energi island,
0,energi island,0: energi island,
0,energi island,0: energi island,
0,energi island,0: energi island,
0,energi island,0: energi island,
0,energi island,0: energi island,
0,energi island,0: energi island,
0,energi island,0: energi island,
0,energi island,0: energi island,
0,energi island,0: energi island,
0,energi island,0: energi island,
0,energi island,0: energi island,
0,energi island,0: energi island,
0,energi island,0: energi island,
0,energi island,0: energi island,
0,energi island,0: energi island,
0,energi island,0: energi island,
0,energi island,0: energi island,
0,energi island,0: energi island,
0,energi island,0: energi island,
0,energi island,0: energi island,
0,energi island,0: energi island,
0,energi island,0: energi island,
0,energi island,0: energi island,
0,energi island,0: energi island,
0,energi island,0: energi island,
0,energi island,0: energi island,
0,energi island,0: energi island,
0,energi island,0: energi island,
0,energi island,0: energi island,
0,energi island,0: energi island,
0,energi island,0: energi island,
0,energi island,0: energi island,
0,energi island,0: energi island,
0,energi island,0: energi island,
0,energi island,0: energi island,
0,energi island,0: energi island,
0,energi island,0: energi island,
0,energi island,0: energi island,
0,energi island,0: energi island,
0,energi island,0: energi island,
0,energi island,0: energi island,
0,energi island,0: energi island,
0,energi island,0: energi island,
0,energi island,0: energi island,
0,energi island,0: energi island,
0,energi island,0: energi island,
0,energi island,0: energi island,
0,energi island,0: energi island,
0,energi island,0: energi island,
0,energi island,0: energi island,
0,energi island,0: energi island,
0,energi island,0: energi island,
0,energi island,0: energi island,
0,energi island,0: energi island,
0,energi island,0: energi island,
0,energi island,0: energi island,
0,energi island,0: energi island,
0,energi island,0: energi island,
0,energi island,0: energi island,
0,energi island,0: energi island,
0,energi island,0: energi island,
0,energi island,0: energi island,
0,energi island,0: energi island,
0,energi island,0: energi island,
0,energi island,0: energi island,
0,energi island,0: energi island,
0,energi island,0: energi island,
0,energi island,0: energi island,
0,energi island,0: energi island,
0,energi island,0: energi island,
0,energi island,0: energi island,
0,energi island,0: energi island,
0,energi island,0: energi island,
0,energi island,0: energi island,
0,energi island,0: energi island,
0,energi island,0: energi island,
0,energi island,0: energi island,
0,energi island,0: energi island,
6,energiø bornholm,6: energiø bornholm,
6,energiø bornholm,6: energiø bornholm,
6,energiø bornholm,6: energiø bornholm,
6,energiø bornholm,6: energiø bornholm,
6,energiø bornholm,6: energiø bornholm,
6,energiø bornholm,6: energiø bornholm,
6,energiø bornholm,6: energiø bornholm,
6,energiø bornholm,6: energiø bornholm,
6,energiø bornholm,6: energiø bornholm,
6,energiø bornholm,6: energiø bornholm,
6,energiø bornholm,6: energiø bornholm,
6,energiø bornholm,6: energiø bornholm,
6,energiø bornholm,6: energiø bornholm,
6,energiø bornholm,6: energiø bornholm,
6,energiø bornholm,6: energiø bornholm,
6,energiø bornholm,6: energiø bornholm,
6,energiø bornholm,6: energiø bornholm,
6,energiø bornholm,6: energiø bornholm,
6,energiø bornholm,6: energiø bornholm,
6,energiø bornholm,6: energiø bornholm,
6,energiø bornholm,6: energiø bornholm,
6,energiø bornholm,6: energiø bornholm,
6,energiø bornholm,6: energiø bornholm,
6,energiø bornholm,6: energiø bornholm,
6,energiø bornholm,6: energiø bornholm,
6,energiø bornholm,6: energiø bornholm,
6,energiø bornholm,6: energiø bornholm,
6,energiø bornholm,6: energiø bornholm,
6,energiø bornholm,6: energiø bornholm,
6,energiø bornholm,6: energiø bornholm,
6,energiø bornholm,6: energiø bornholm,
6,energiø bornholm,6: energiø bornholm,
6,energiø bornholm,6: energiø bornholm,
6,energiø bornholm,6: energiø bornholm,
6,energiø bornholm,6: energiø bornholm,
6,energiø bornholm,6: energiø bornholm,
6,energiø bornholm,6: energiø bornholm,
6,energiø bornholm,6: energiø bornholm,
6,energiø bornholm,6: energiø bornholm,
6,energiø bornholm,6: energiø bornholm,
6,energiø bornholm,6: energiø bornholm,
6,energiø bornholm,6: energiø bornholm,
6,energiø bornholm,6: energiø bornholm,
6,energiø bornholm,6: energiø bornholm,
6,energiø bornholm,6: energiø bornholm,
6,energiø bornholm,6: energiø bornholm,
6,energiø bornholm,6: energiø bornholm,
6,energiø bornholm,6: energiø bornholm,
6,energiø bornholm,6: energiø bornholm,
6,energiø bornholm,6: energiø bornholm,
6,energiø bornholm,6: energiø bornholm,
6,energiø bornholm,6: energiø bornholm,
6,energiø bornholm,6: energiø bornholm,
6,energiø bornholm,6: energiø bornholm,
6,energiø bornholm,6: energiø bornholm,
6,energiø bornholm,6: energiø bornholm,
6,energiø bornholm,6: energiø bornholm,
6,energiø bornholm,6: energiø bornholm,
6,energiø bornholm,6: energiø bornholm,
6,energiø bornholm,6: energiø bornholm,
6,energiø bornholm,6: energiø bornholm,
6,energiø bornholm,6: energiø bornholm,
6,energiø bornholm,6: energiø bornholm,
6,energiø bornholm,6: energiø bornholm,
6,energiø bornholm,6: energiø bornholm,
6,energiø bornholm,6: energiø bornholm,
6,energiø bornholm,6: energiø bornholm,
6,energiø bornholm,6: energiø bornholm,
6,energiø bornholm,6: energiø bornholm,
6,energiø bornholm,6: energiø bornholm,
6,energiø bornholm,6: energiø bornholm,
6,energiø bornholm,6: energiø bornholm,
6,energiø bornholm,6: energiø bornholm,
6,energiø bornholm,6: energiø bornholm,
6,energiø bornholm,6: energiø bornholm,
6,energiø bornholm,6: energiø bornholm,
6,energiø bornholm,6: energiø bornholm,
6,energiø bornholm,6: energiø bornholm,
6,energiø bornholm,6: energiø bornholm,
6,energiø bornholm,6: energiø bornholm,
6,energiø bornholm,6: energiø bornholm,
6,energiø bornholm,6: energiø bornholm,
6,energiø bornholm,6: energiø bornholm,
6,energiø bornholm,6: energiø bornholm,
6,energiø bornholm,6: energiø bornholm,
6,energiø bornholm,6: energiø bornholm,
6,energiø bornholm,6: energiø bornholm,
6,energiø bornholm,6: energiø bornholm,
6,energiø bornholm,6: energiø bornholm,
6,energiø bornholm,6: energiø bornholm,
6,energiø bornholm,6: energiø bornholm,
6,energiø bornholm,6: energiø bornholm,
6,energiø bornholm,6: energiø bornholm,
6,energiø bornholm,6: energiø bornholm,
6,energiø bornholm,6: energiø bornholm,
6,energiø bornholm,6: energiø bornholm,
6,energiø bornholm,6: energiø bornholm,
6,energiø bornholm,6: energiø bornholm,
6,energiø bornholm,6: energiø bornholm,
6,energiø bornholm,6: energiø bornholm,
6,energiø bornholm,6: energiø bornholm,
6,energiø bornholm,6: energiø bornholm,
6,energiø bornholm,6: energiø bornholm,
6,energiø bornholm,6: energiø bornholm,
6,energiø bornholm,6: energiø bornholm,
6,energiø bornholm,6: energiø bornholm,
6,energiø bornholm,6: energiø bornholm,
6,energiø bornholm,6: energiø bornholm,
6,energiø bornholm,6: energiø bornholm,
6,energiø bornholm,6: energiø bornholm,
6,energiø bornholm,6: energiø bornholm,
6,energiø bornholm,6: energiø bornholm,
6,energiø bornholm,6: energiø bornholm,
6,energiø bornholm,6: energiø bornholm,
6,energiø bornholm,6: energiø bornholm,
6,energiø bornholm,6: energiø bornholm,
6,energiø bornholm,6: energiø bornholm,
6,energiø bornholm,6: energiø bornholm,
6,energiø bornholm,6: energiø bornholm,
6,energiø bornholm,6: energiø bornholm,
6,energiø bornholm,6: energiø bornholm,
6,energiø bornholm,6: energiø bornholm,
6,energiø bornholm,6: energiø bornholm,
6,energiø bornholm,6: energiø bornholm,
6,energiø bornholm,6: energiø bornholm,
6,energiø bornholm,6: energiø bornholm,
6,energiø bornholm,6: energiø bornholm,
6,energiø bornholm,6: energiø bornholm,
6,energiø bornholm,6: energiø bornholm,
6,energiø bornholm,6: energiø bornholm,
6,energiø bornholm,6: energiø bornholm,
6,energiø bornholm,6: energiø bornholm,
6,energiø bornholm,6: energiø bornholm,
6,energiø bornholm,6: energiø bornholm,
6,energiø bornholm,6: energiø bornholm,
6,energiø bornholm,6: energiø bornholm,
6,energiø bornholm,6: energiø bornholm,
6,energiø bornholm,6: energiø bornholm,
6,energiø bornholm,6: energiø bornholm,
6,energiø bornholm,6: energiø bornholm,
6,energiø bornholm,6: energiø bornholm,
6,energiø bornholm,6: energiø bornholm,
6,energiø bornholm,6: energiø bornholm,
6,energiø bornholm,6: energiø bornholm,
6,energiø bornholm,6: energiø bornholm,
6,energiø bornholm,6: energiø bornholm,
6,energiø bornholm,6: energiø bornholm,
6,energiø bornholm,6: energiø bornholm,
6,energiø bornholm,6: energiø bornholm,
6,energiø bornholm,6: energiø bornholm,
6,energiø bornholm,6: energiø bornholm,
6,energiø bornholm,6: energiø bornholm,
6,energiø bornholm,6: energiø bornholm,
6,energiø bornholm,6: energiø bornholm,
6,energiø bornholm,6: energiø bornholm,
6,energiø bornholm,6: energiø bornholm,
6,energiø bornholm,6: energiø bornholm,
6,energiø bornholm,6: energiø bornholm,
6,energiø bornholm,6: energiø bornholm,
6,energiø bornholm,6: energiø bornholm,
6,energiø bornholm,6: energiø bornholm,
6,energiø bornholm,6: energiø bornholm,
6,energiø bornholm,6: energiø bornholm,
6,energiø bornholm,6: energiø bornholm,
6,energiø bornholm,6: energiø bornholm,
6,energiø bornholm,6: energiø bornholm,
6,energiø bornholm,6: energiø bornholm,
6,energiø bornholm,6: energiø bornholm,
6,energiø bornholm,6: energiø bornholm,
6,energiø bornholm,6: energiø bornholm,
6,energiø bornholm,6: energiø bornholm,
6,energiø bornholm,6: energiø bornholm,
6,energiø bornholm,6: energiø bornholm,
6,energiø bornholm,6: energiø bornholm,
6,energiø bornholm,6: energiø bornholm,
6,energiø bornholm,6: energiø bornholm,
6,energiø bornholm,6: energiø bornholm,
6,energiø bornholm,6: energiø bornholm,
6,energiø bornholm,6: energiø bornholm,
6,energiø bornholm,6: energiø bornholm,
6,energiø bornholm,6: energiø bornholm,
6,energiø bornholm,6: energiø bornholm,
6,energiø bornholm,6: energiø bornholm,
6,energiø bornholm,6: energiø bornholm,
6,energiø bornholm,6: energiø bornholm,
6,energiø bornholm,6: energiø bornholm,
6,energiø bornholm,6: energiø bornholm,
6,energiø bornholm,6: energiø bornholm,
6,energiø bornholm,6: energiø bornholm,
6,energiø bornholm,6: energiø bornholm,
6,energiø bornholm,6: energiø bornholm,
6,energiø bornholm,6: energiø bornholm,
6,energiø bornholm,6: energiø bornholm,
6,energiø bornholm,6: energiø bornholm,
6,energiø bornholm,6: energiø bornholm,
6,energiø bornholm,6: energiø bornholm,
6,energiø bornholm,6: energiø bornholm,
6,energiø bornholm,6: energiø bornholm,
6,energiø bornholm,6: energiø bornholm,
6,energiø bornholm,6: energiø bornholm,
6,energiø bornholm,6: energiø bornholm,
6,energiø bornholm,6: energiø bornholm,
6,energiø bornholm,6: energiø bornholm,
6,energiø bornholm,6: energiø bornholm,
6,energiø bornholm,6: energiø bornholm,
6,energiø bornholm,6: energiø bornholm,
6,energiø bornholm,6: energiø bornholm,
6,energiø bornholm,6: energiø bornholm,
6,energiø bornholm,6: energiø bornholm,
6,energiø bornholm,6: energiø bornholm,
6,energiø bornholm,6: energiø bornholm,
6,energiø bornholm,6: energiø bornholm,
6,energiø bornholm,6: energiø bornholm,
6,energiø bornholm,6: energiø bornholm,
6,energiø bornholm,6: energiø bornholm,
6,energiø bornholm,6: energiø bornholm,
6,energiø bornholm,6: energiø bornholm,
6,energiø bornholm,6: energiø bornholm,
6,energiø bornholm,6: energiø bornholm,
6,energiø bornholm,6: energiø bornholm,
6,energiø bornholm,6: energiø bornholm,
6,energiø bornholm,6: energiø bornholm,
6,energiø bornholm,6: energiø bornholm,
6,energiø bornholm,6: energiø bornholm,
6,energiø bornholm,6: energiø bornholm,
6,energiø bornholm,6: energiø bornholm,
6,energiø bornholm,6: energiø bornholm,
6,energiø bornholm,6: energiø bornholm,
6,energiø bornholm,6: energiø bornholm,
6,energiø bornholm,6: energiø bornholm,
6,energiø bornholm,6: energiø bornholm,
6,energiø bornholm,6: energiø bornholm,
6,energiø bornholm,6: energiø bornholm,
6,energiø bornholm,6: energiø bornholm,
6,energiø bornholm,6: energiø bornholm,
6,energiø bornholm,6: energiø bornholm,
6,energiø bornholm,6: energiø bornholm,
6,energiø bornholm,6: energiø bornholm,
6,energiø bornholm,6: energiø bornholm,
6,energiø bornholm,6: energiø bornholm,
6,energiø bornholm,6: energiø bornholm,
6,energiø bornholm,6: energiø bornholm,
6,energiø bornholm,6: energiø bornholm,
6,energiø bornholm,6: energiø bornholm,
6,energiø bornholm,6: energiø bornholm,
6,energiø bornholm,6: energiø bornholm,
6,energiø bornholm,6: energiø bornholm,
6,energiø bornholm,6: energiø bornholm,
6,energiø bornholm,6: energiø bornholm,
6,energiø bornholm,6: energiø bornholm,
6,energiø bornholm,6: energiø bornholm,
6,energiø bornholm,6: energiø bornholm,
6,energiø bornholm,6: energiø bornholm,
6,energiø bornholm,6: energiø bornholm,
6,energiø bornholm,6: energiø bornholm,
6,energiø bornholm,6: energiø bornholm,
6,energiø bornholm,6: energiø bornholm,
6,energiø bornholm,6: energiø bornholm,
6,energiø bornholm,6: energiø bornholm,
6,energiø bornholm,6: energiø bornholm,
6,energiø bornholm,6: energiø bornholm,
6,energiø bornholm,6: energiø bornholm,
6,energiø bornholm,6: energiø bornholm,
6,energiø bornholm,6: energiø bornholm,
6,energiø bornholm,6: energiø bornholm,
6,energiø bornholm,6: energiø bornholm,
6,energiø bornholm,6: energiø bornholm,
6,energiø bornholm,6: energiø bornholm,
6,energiø bornholm,6: energiø bornholm,
6,energiø bornholm,6: energiø bornholm,
6,energiø bornholm,6: energiø bornholm,
6,energiø bornholm,6: energiø bornholm,
6,energiø bornholm,6: energiø bornholm,
6,energiø bornholm,6: energiø bornholm,
6,energiø bornholm,6: energiø bornholm,
6,energiø bornholm,6: energiø bornholm,
6,energiø bornholm,6: energiø bornholm,
6,energiø bornholm,6: energiø bornholm,
6,energiø bornholm,6: energiø bornholm,
6,energiø bornholm,6: energiø bornholm,
6,energiø bornholm,6: energiø bornholm,
6,energiø bornholm,6: energiø bornholm,
6,energiø bornholm,6: energiø bornholm,
6,energiø bornholm,6: energiø bornholm,
6,energiø bornholm,6: energiø bornholm,
6,energiø bornholm,6: energiø bornholm,
6,energiø bornholm,6: energiø bornholm,
6,energiø bornholm,6: energiø bornholm,
6,energiø bornholm,6: energiø bornholm,
6,energiø bornholm,6: energiø bornholm,
6,energiø bornholm,6: energiø bornholm,
6,energiø bornholm,6: energiø bornholm,
6,energiø bornholm,6: energiø bornholm,
6,energiø bornholm,6: energiø bornholm,
6,energiø bornholm,6: energiø bornholm,
6,energiø bornholm,6: energiø bornholm,
6,energiø bornholm,6: energiø bornholm,
6,energiø bornholm,6: energiø bornholm,
6,energiø bornholm,6: energiø bornholm,
6,energiø bornholm,6: energiø bornholm,
6,energiø bornholm,6: energiø bornholm,
6,energiø bornholm,6: energiø bornholm,
6,energiø bornholm,6: energiø bornholm,
6,energiø bornholm,6: energiø bornholm,
6,energiø bornholm,6: energiø bornholm,
6,energiø bornholm,6: energiø bornholm,
6,energiø bornholm,6: energiø bornholm,
6,energiø bornholm,6: energiø bornholm,
6,energiø bornholm,6: energiø bornholm,
6,energiø bornholm,6: energiø bornholm,
6,energiø bornholm,6: energiø bornholm,
6,energiø bornholm,6: energiø bornholm,
6,energiø bornholm,6: energiø bornholm,
6,energiø bornholm,6: energiø bornholm,
6,energiø bornholm,6: energiø bornholm,
6,energiø bornholm,6: energiø bornholm,
6,energiø bornholm,6: energiø bornholm,
6,energiø bornholm,6: energiø bornholm,
6,energiø bornholm,6: energiø bornholm,
6,energiø bornholm,6: energiø bornholm,
6,energiø bornholm,6: energiø bornholm,
6,energiø bornholm,6: energiø bornholm,
6,energiø bornholm,6: energiø bornholm,
6,energiø bornholm,6: energiø bornholm,
6,energiø bornholm,6: energiø bornholm,
6,energiø bornholm,6: energiø bornholm,
6,energiø bornholm,6: energiø bornholm,
6,energiø bornholm,6: energiø bornholm,
6,energiø bornholm,6: energiø bornholm,
6,energiø bornholm,6: energiø bornholm,
6,energiø bornholm,6: energiø bornholm,
6,energiø bornholm,6: energiø bornholm,
6,energiø bornholm,6: energiø bornholm,
6,energiø bornholm,6: energiø bornholm,
6,energiø bornholm,6: energiø bornholm,
6,energiø bornholm,6: energiø bornholm,
6,energiø bornholm,6: energiø bornholm,
6,energiø bornholm,6: energiø bornholm,
6,energiø bornholm,6: energiø bornholm,
6,energiø bornholm,6: energiø bornholm,
6,energiø bornholm,6: energiø bornholm,
6,energiø bornholm,6: energiø bornholm,
6,energiø bornholm,6: energiø bornholm,
6,energiø bornholm,6: energiø bornholm,
6,energiø bornholm,6: energiø bornholm,
6,energiø bornholm,6: energiø bornholm,
6,energiø bornholm,6: energiø bornholm,
6,energiø bornholm,6: energiø bornholm,
6,energiø bornholm,6: energiø bornholm,
6,energiø bornholm,6: energiø bornholm,
6,energiø bornholm,6: energiø bornholm,
6,energiø bornholm,6: energiø bornholm,
6,energiø bornholm,6: energiø bornholm,
6,energiø bornholm,6: energiø bornholm,
6,energiø bornholm,6: energiø bornholm,
6,energiø bornholm,6: energiø bornholm,
6,energiø bornholm,6: energiø bornholm,
6,energiø bornholm,6: energiø bornholm,
6,energiø bornholm,6: energiø bornholm,
6,energiø bornholm,6: energiø bornholm,
6,energiø bornholm,6: energiø bornholm,
6,energiø bornholm,6: energiø bornholm,
6,energiø bornholm,6: energiø bornholm,
6,energiø bornholm,6: energiø bornholm,
6,energiø bornholm,6: energiø bornholm,
6,energiø bornholm,6: energiø bornholm,
6,energiø bornholm,6: energiø bornholm,
6,energiø bornholm,6: energiø bornholm,
6,energiø bornholm,6: energiø bornholm,
6,energiø bornholm,6: energiø bornholm,
6,energiø bornholm,6: energiø bornholm,
6,energiø bornholm,6: energiø bornholm,
6,energiø bornholm,6: energiø bornholm,
6,energiø bornholm,6: energiø bornholm,
6,energiø bornholm,6: energiø bornholm,
6,energiø bornholm,6: energiø bornholm,
6,energiø bornholm,6: energiø bornholm,
6,energiø bornholm,6: energiø bornholm,
6,energiø bornholm,6: energiø bornholm,
6,energiø bornholm,6: energiø bornholm,
6,energiø bornholm,6: energiø bornholm,
6,energiø bornholm,6: energiø bornholm,
6,energiø bornholm,6: energiø bornholm,
6,energiø bornholm,6: energiø bornholm,
6,energiø bornholm,6: energiø bornholm,
6,energiø bornholm,6: energiø bornholm,
6,energiø bornholm,6: energiø bornholm,
6,energiø bornholm,6: energiø bornholm,
6,energiø bornholm,6: energiø bornholm,
6,energiø bornholm,6: energiø bornholm,
6,energiø bornholm,6: energiø bornholm,
6,energiø bornholm,6: energiø bornholm,
6,energiø bornholm,6: energiø bornholm,
6,energiø bornholm,6: energiø bornholm,
6,energiø bornholm,6: energiø bornholm,
6,energiø bornholm,6: energiø bornholm,
6,energiø bornholm,6: energiø bornholm,
6,energiø bornholm,6: energiø bornholm,
6,energiø bornholm,6: energiø bornholm,
6,energiø bornholm,6: energiø bornholm,
6,energiø bornholm,6: energiø bornholm,
6,energiø bornholm,6: energiø bornholm,
6,energiø bornholm,6: energiø bornholm,
6,energiø bornholm,6: energiø bornholm,
6,energiø bornholm,6: energiø bornholm,
6,energiø bornholm,6: energiø bornholm,
6,energiø bornholm,6: energiø bornholm,
6,energiø bornholm,6: energiø bornholm,
6,energiø bornholm,6: energiø bornholm,
6,energiø bornholm,6: energiø bornholm,
6,energiø bornholm,6: energiø bornholm,
6,energiø bornholm,6: energiø bornholm,
6,energiø bornholm,6: energiø bornholm,
6,energiø bornholm,6: energiø bornholm,
6,energiø bornholm,6: energiø bornholm,
6,energiø bornholm,6: energiø bornholm,
6,energiø bornholm,6: energiø bornholm,
6,energiø bornholm,6: energiø bornholm,
6,energiø bornholm,6: energiø bornholm,
6,energiø bornholm,6: energiø bornholm,
6,energiø bornholm,6: energiø bornholm,
6,energiø bornholm,6: energiø bornholm,
6,energiø bornholm,6: energiø bornholm,
6,energiø bornholm,6: energiø bornholm,
6,energiø bornholm,6: energiø bornholm,
6,energiø bornholm,6: energiø bornholm,
6,energiø bornholm,6: energiø bornholm,
6,energiø bornholm,6: energiø bornholm,
6,energiø bornholm,6: energiø bornholm,
6,energiø bornholm,6: energiø bornholm,
6,energiø bornholm,6: energiø bornholm,
6,energiø bornholm,6: energiø bornholm,
6,energiø bornholm,6: energiø bornholm,
6,energiø bornholm,6: energiø bornholm,
6,energiø bornholm,6: energiø bornholm,
6,energiø bornholm,6: energiø bornholm,
6,energiø bornholm,6: energiø bornholm,
6,energiø bornholm,6: energiø bornholm,
6,energiø bornholm,6: energiø bornholm,
6,energiø bornholm,6: energiø bornholm,
6,energiø bornholm,6: energiø bornholm,
6,energiø bornholm,6: energiø bornholm,
6,energiø bornholm,6: energiø bornholm,
6,energiø bornholm,6: energiø bornholm,
6,energiø bornholm,6: energiø bornholm,
6,energiø bornholm,6: energiø bornholm,
6,energiø bornholm,6: energiø bornholm,
6,energiø bornholm,6: energiø bornholm,
6,energiø bornholm,6: energiø bornholm,
6,energiø bornholm,6: energiø bornholm,
6,energiø bornholm,6: energiø bornholm,
6,energiø bornholm,6: energiø bornholm,
6,energiø bornholm,6: energiø bornholm,
6,energiø bornholm,6: energiø bornholm,
6,energiø bornholm,6: energiø bornholm,
6,energiø bornholm,6: energiø bornholm,
6,energiø bornholm,6: energiø bornholm,
6,energiø bornholm,6: energiø bornholm,
6,energiø bornholm,6: energiø bornholm,
6,energiø bornholm,6: energiø bornholm,
6,energiø bornholm,6: energiø bornholm,
6,energiø bornholm,6: energiø bornholm,
6,energiø bornholm,6: energiø bornholm,
6,energiø bornholm,6: energiø bornholm,
6,energiø bornholm,6: energiø bornholm,
6,energiø bornholm,6: energiø bornholm,
6,energiø bornholm,6: energiø bornholm,
6,energiø bornholm,6: energiø bornholm,
6,energiø bornholm,6: energiø bornholm,
6,energiø bornholm,6: energiø bornholm,
6,energiø bornholm,6: energiø bornholm,
6,energiø bornholm,6: energiø bornholm,
6,energiø bornholm,6: energiø bornholm,
6,energiø bornholm,6: energiø bornholm,
6,energiø bornholm,6: energiø bornholm,
6,energiø bornholm,6: energiø bornholm,
6,energiø bornholm,6: energiø bornholm,
6,energiø bornholm,6: energiø bornholm,
6,energiø bornholm,6: energiø bornholm,
6,energiø bornholm,6: energiø bornholm,
6,energiø bornholm,6: energiø bornholm,
6,energiø bornholm,6: energiø bornholm,
6,energiø bornholm,6: energiø bornholm,
6,energiø bornholm,6: energiø bornholm,
6,energiø bornholm,6: energiø bornholm,
6,energiø bornholm,6: energiø bornholm,
6,energiø bornholm,6: energiø bornholm,
6,energiø bornholm,6: energiø bornholm,
6,energiø bornholm,6: energiø bornholm,
6,energiø bornholm,6: energiø bornholm,
6,energiø bornholm,6: energiø bornholm,
6,energiø bornholm,6: energiø bornholm,
6,energiø bornholm,6: energiø bornholm,
6,energiø bornholm,6: energiø bornholm,
6,energiø bornholm,6: energiø bornholm,
6,energiø bornholm,6: energiø bornholm,
6,energiø bornholm,6: energiø bornholm,
6,energiø bornholm,6: energiø bornholm,
6,energiø bornholm,6: energiø bornholm,
6,energiø bornholm,6: energiø bornholm,
6,energiø bornholm,6: energiø bornholm,
6,energiø bornholm,6: energiø bornholm,
6,energiø bornholm,6: energiø bornholm,
6,energiø bornholm,6: energiø bornholm,
6,energiø bornholm,6: energiø bornholm,
6,energiø bornholm,6: energiø bornholm,
6,energiø bornholm,6: energiø bornholm,
6,energiø bornholm,6: energiø bornholm,
6,energiø bornholm,6: energiø bornholm,
6,energiø bornholm,6: energiø bornholm,
6,energiø bornholm,6: energiø bornholm,
6,energiø bornholm,6: energiø bornholm,
6,energiø bornholm,6: energiø bornholm,
6,energiø bornholm,6: energiø bornholm,
6,energiø bornholm,6: energiø bornholm,
6,energiø bornholm,6: energiø bornholm,
6,energiø bornholm,6: energiø bornholm,
6,energiø bornholm,6: energiø bornholm,
6,energiø bornholm,6: energiø bornholm,
6,energiø bornholm,6: energiø bornholm,
6,energiø bornholm,6: energiø bornholm,
6,energiø bornholm,6: energiø bornholm,
6,energiø bornholm,6: energiø bornholm,
6,energiø bornholm,6: energiø bornholm,
6,energiø bornholm,6: energiø bornholm,
6,energiø bornholm,6: energiø bornholm,
6,energiø bornholm,6: energiø bornholm,
6,energiø bornholm,6: energiø bornholm,
6,energiø bornholm,6: energiø bornholm,
6,energiø bornholm,6: energiø bornholm,
6,energiø bornholm,6: energiø bornholm,
6,energiø bornholm,6: energiø bornholm,
6,energiø bornholm,6: energiø bornholm,
6,energiø bornholm,6: energiø bornholm,
6,energiø bornholm,6: energiø bornholm,
6,energiø bornholm,6: energiø bornholm,
6,energiø bornholm,6: energiø bornholm,
6,energiø bornholm,6: energiø bornholm,
6,energiø bornholm,6: energiø bornholm,
6,energiø bornholm,6: energiø bornholm,
6,energiø bornholm,6: energiø bornholm,
6,energiø bornholm,6: energiø bornholm,
6,energiø bornholm,6: energiø bornholm,
6,energiø bornholm,6: energiø bornholm,
6,energiø bornholm,6: energiø bornholm,
6,energiø bornholm,6: energiø bornholm,
6,energiø bornholm,6: energiø bornholm,
6,energiø bornholm,6: energiø bornholm,
6,energiø bornholm,6: energiø bornholm,
6,energiø bornholm,6: energiø bornholm,
6,energiø bornholm,6: energiø bornholm,
6,energiø bornholm,6: energiø bornholm,
6,energiø bornholm,6: energiø bornholm,
6,energiø bornholm,6: energiø bornholm,
6,energiø bornholm,6: energiø bornholm,
6,energiø bornholm,6: energiø bornholm,
6,energiø bornholm,6: energiø bornholm,
6,energiø bornholm,6: energiø bornholm,
6,energiø bornholm,6: energiø bornholm,
6,energiø bornholm,6: energiø bornholm,
6,energiø bornholm,6: energiø bornholm,
6,energiø bornholm,6: energiø bornholm,
6,energiø bornholm,6: energiø bornholm,
6,energiø bornholm,6: energiø bornholm,
6,energiø bornholm,6: energiø bornholm,
6,energiø bornholm,6: energiø bornholm,
6,energiø bornholm,6: energiø bornholm,
6,energiø bornholm,6: energiø bornholm,
6,energiø bornholm,6: energiø bornholm,
6,energiø bornholm,6: energiø bornholm,
6,energiø bornholm,6: energiø bornholm,
6,energiø bornholm,6: energiø bornholm,
6,energiø bornholm,6: energiø bornholm,
6,energiø bornholm,6: energiø bornholm,
6,energiø bornholm,6: energiø bornholm,
6,energiø bornholm,6: energiø bornholm,
6,energiø bornholm,6: energiø bornholm,
6,energiø bornholm,6: energiø bornholm,
6,energiø bornholm,6: energiø bornholm,
6,energiø bornholm,6: energiø bornholm,
6,energiø bornholm,6: energiø bornholm,
6,energiø bornholm,6: energiø bornholm,
6,energiø bornholm,6: energiø bornholm,
6,energiø bornholm,6: energiø bornholm,
6,energiø bornholm,6: energiø bornholm,
6,energiø bornholm,6: energiø bornholm,
6,energiø bornholm,6: energiø bornholm,
6,energiø bornholm,6: energiø bornholm,
6,energiø bornholm,6: energiø bornholm,
6,energiø bornholm,6: energiø bornholm,
6,energiø bornholm,6: energiø bornholm,
6,energiø bornholm,6: energiø bornholm,
6,energiø bornholm,6: energiø bornholm,
6,energiø bornholm,6: energiø bornholm,
6,energiø bornholm,6: energiø bornholm,
6,energiø bornholm,6: energiø bornholm,
6,energiø bornholm,6: energiø bornholm,
6,energiø bornholm,6: energiø bornholm,
6,energiø bornholm,6: energiø bornholm,
6,energiø bornholm,6: energiø bornholm,
6,energiø bornholm,6: energiø bornholm,
6,energiø bornholm,6: energiø bornholm,
6,energiø bornholm,6: energiø bornholm,
6,energiø bornholm,6: energiø bornholm,
6,energiø bornholm,6: energiø bornholm,
6,energiø bornholm,6: energiø bornholm,
6,energiø bornholm,6: energiø bornholm,
6,energiø bornholm,6: energiø bornholm,
6,energiø bornholm,6: energiø bornholm,
6,energiø bornholm,6: energiø bornholm,
6,energiø bornholm,6: energiø bornholm,
6,energiø bornholm,6: energiø bornholm,
6,energiø bornholm,6: energiø bornholm,
6,energiø bornholm,6: energiø bornholm,
6,energiø bornholm,6: energiø bornholm,
6,energiø bornholm,6: energiø bornholm,
6,energiø bornholm,6: energiø bornholm,
6,energiø bornholm,6: energiø bornholm,
6,energiø bornholm,6: energiø bornholm,
6,energiø bornholm,6: energiø bornholm,
6,energiø bornholm,6: energiø bornholm,
6,energiø bornholm,6: energiø bornholm,
6,energiø bornholm,6: energiø bornholm,
6,energiø bornholm,6: energiø bornholm,
6,energiø bornholm,6: energiø bornholm,
6,energiø bornholm,6: energiø bornholm,
6,energiø bornholm,6: energiø bornholm,
6,energiø bornholm,6: energiø bornholm,
6,energiø bornholm,6: energiø bornholm,
6,energiø bornholm,6: energiø bornholm,
6,energiø bornholm,6: energiø bornholm,
6,energiø bornholm,6: energiø bornholm,
6,energiø bornholm,6: energiø bornholm,
6,energiø bornholm,6: energiø bornholm,
6,energiø bornholm,6: energiø bornholm,
6,energiø bornholm,6: energiø bornholm,
6,energiø bornholm,6: energiø bornholm,
6,energiø bornholm,6: energiø bornholm,
6,energiø bornholm,6: energiø bornholm,
6,energiø bornholm,6: energiø bornholm,
6,energiø bornholm,6: energiø bornholm,
6,energiø bornholm,6: energiø bornholm,
6,energiø bornholm,6: energiø bornholm,
6,energiø bornholm,6: energiø bornholm,
6,energiø bornholm,6: energiø bornholm,
6,energiø bornholm,6: energiø bornholm,
6,energiø bornholm,6: energiø bornholm,
6,energiø bornholm,6: energiø bornholm,
6,energiø bornholm,6: energiø bornholm,
6,energiø bornholm,6: energiø bornholm,
6,energiø bornholm,6: energiø bornholm,
6,energiø bornholm,6: energiø bornholm,
6,energiø bornholm,6: energiø bornholm,
6,energiø bornholm,6: energiø bornholm,
6,energiø bornholm,6: energiø bornholm,
6,energiø bornholm,6: energiø bornholm,
6,energiø bornholm,6: energiø bornholm,
6,energiø bornholm,6: energiø bornholm,
6,energiø bornholm,6: energiø bornholm,
6,energiø bornholm,6: energiø bornholm,
6,energiø bornholm,6: energiø bornholm,
6,energiø bornholm,6: energiø bornholm,
6,energiø bornholm,6: energiø bornholm,
6,energiø bornholm,6: energiø bornholm,
6,energiø bornholm,6: energiø bornholm,
6,energiø bornholm,6: energiø bornholm,
6,energiø bornholm,6: energiø bornholm,
6,energiø bornholm,6: energiø bornholm,
6,energiø bornholm,6: energiø bornholm,
6,energiø bornholm,6: energiø bornholm,
6,energiø bornholm,6: energiø bornholm,
6,energiø bornholm,6: energiø bornholm,
6,energiø bornholm,6: energiø bornholm,
6,energiø bornholm,6: energiø bornholm,
6,energiø bornholm,6: energiø bornholm,
6,energiø bornholm,6: energiø bornholm,
6,energiø bornholm,6: energiø bornholm,
6,energiø bornholm,6: energiø bornholm,
6,energiø bornholm,6: energiø bornholm,
6,energiø bornholm,6: energiø bornholm,
6,energiø bornholm,6: energiø bornholm,
6,energiø bornholm,6: energiø bornholm,
6,energiø bornholm,6: energiø bornholm,
6,energiø bornholm,6: energiø bornholm,
6,energiø bornholm,6: energiø bornholm,
6,energiø bornholm,6: energiø bornholm,
6,energiø bornholm,6: energiø bornholm,
6,energiø bornholm,6: energiø bornholm,
6,energiø bornholm,6: energiø bornholm,
6,energiø bornholm,6: energiø bornholm,
6,energiø bornholm,6: energiø bornholm,
6,energiø bornholm,6: energiø bornholm,
6,energiø bornholm,6: energiø bornholm,
6,energiø bornholm,6: energiø bornholm,
6,energiø bornholm,6: energiø bornholm,
6,energiø bornholm,6: energiø bornholm,
6,energiø bornholm,6: energiø bornholm,
6,energiø bornholm,6: energiø bornholm,
6,energiø bornholm,6: energiø bornholm,
6,energiø bornholm,6: energiø bornholm,
6,energiø bornholm,6: energiø bornholm,
6,energiø bornholm,6: energiø bornholm,
6,energiø bornholm,6: energiø bornholm,
6,energiø bornholm,6: energiø bornholm,
6,energiø bornholm,6: energiø bornholm,
6,energiø bornholm,6: energiø bornholm,
6,energiø bornholm,6: energiø bornholm,
6,energiø bornholm,6: energiø bornholm,
6,energiø bornholm,6: energiø bornholm,
6,energiø bornholm,6: energiø bornholm,
6,energiø bornholm,6: energiø bornholm,
6,energiø bornholm,6: energiø bornholm,
6,energiø bornholm,6: energiø bornholm,
6,energiø bornholm,6: energiø bornholm,
6,energiø bornholm,6: energiø bornholm,
6,energiø bornholm,6: energiø bornholm,
6,energiø bornholm,6: energiø bornholm,
6,energiø bornholm,6: energiø bornholm,
6,energiø bornholm,6: energiø bornholm,
6,energiø bornholm,6: energiø bornholm,
6,energiø bornholm,6: energiø bornholm,
6,energiø bornholm,6: energiø bornholm,
6,energiø bornholm,6: energiø bornholm,
6,energiø bornholm,6: energiø bornholm,
6,energiø bornholm,6: energiø bornholm,
6,energiø bornholm,6: energiø bornholm,
6,energiø bornholm,6: energiø bornholm,
6,energiø bornholm,6: energiø bornholm,
6,energiø bornholm,6: energiø bornholm,
6,energiø bornholm,6: energiø bornholm,
6,energiø bornholm,6: energiø bornholm,
6,energiø bornholm,6: energiø bornholm,
6,energiø bornholm,6: energiø bornholm,
6,energiø bornholm,6: energiø bornholm,
6,energiø bornholm,6: energiø bornholm,
6,energiø bornholm,6: energiø bornholm,
6,energiø bornholm,6: energiø bornholm,
6,energiø bornholm,6: energiø bornholm,
6,energiø bornholm,6: energiø bornholm,
6,energiø bornholm,6: energiø bornholm,
6,energiø bornholm,6: energiø bornholm,
6,energiø bornholm,6: energiø bornholm,
6,energiø bornholm,6: energiø bornholm,
6,energiø bornholm,6: energiø bornholm,
6,energiø bornholm,6: energiø bornholm,
6,energiø bornholm,6: energiø bornholm,
6,energiø bornholm,6: energiø bornholm,
6,energiø bornholm,6: energiø bornholm,
6,energiø bornholm,6: energiø bornholm,
6,energiø bornholm,6: energiø bornholm,
6,energiø bornholm,6: energiø bornholm,
6,energiø bornholm,6: energiø bornholm,
6,energiø bornholm,6: energiø bornholm,
6,energiø bornholm,6: energiø bornholm,
6,energiø bornholm,6: energiø bornholm,
6,energiø bornholm,6: energiø bornholm,
6,energiø bornholm,6: energiø bornholm,
6,energiø bornholm,6: energiø bornholm,
6,energiø bornholm,6: energiø bornholm,
6,energiø bornholm,6: energiø bornholm,
6,energiø bornholm,6: energiø bornholm,
6,energiø bornholm,6: energiø bornholm,
6,energiø bornholm,6: energiø bornholm,
6,energiø bornholm,6: energiø bornholm,
6,energiø bornholm,6: energiø bornholm,
6,energiø bornholm,6: energiø bornholm,
6,energiø bornholm,6: energiø bornholm,
6,energiø bornholm,6: energiø bornholm,
6,energiø bornholm,6: energiø bornholm,
6,energiø bornholm,6: energiø bornholm,
6,energiø bornholm,6: energiø bornholm,
6,energiø bornholm,6: energiø bornholm,
6,energiø bornholm,6: energiø bornholm,
6,energiø bornholm,6: energiø bornholm,
6,energiø bornholm,6: energiø bornholm,
6,energiø bornholm,6: energiø bornholm,
6,energiø bornholm,6: energiø bornholm,
6,energiø bornholm,6: energiø bornholm,
6,energiø bornholm,6: energiø bornholm,
6,energiø bornholm,6: energiø bornholm,
6,energiø bornholm,6: energiø bornholm,
6,energiø bornholm,6: energiø bornholm,
6,energiø bornholm,6: energiø bornholm,
6,energiø bornholm,6: energiø bornholm,
6,energiø bornholm,6: energiø bornholm,
6,energiø bornholm,6: energiø bornholm,
6,energiø bornholm,6: energiø bornholm,
6,energiø bornholm,6: energiø bornholm,
6,energiø bornholm,6: energiø bornholm,
6,energiø bornholm,6: energiø bornholm,
6,energiø bornholm,6: energiø bornholm,
6,energiø bornholm,6: energiø bornholm,
6,energiø bornholm,6: energiø bornholm,
6,energiø bornholm,6: energiø bornholm,
6,energiø bornholm,6: energiø bornholm,
6,energiø bornholm,6: energiø bornholm,
6,energiø bornholm,6: energiø bornholm,
6,energiø bornholm,6: energiø bornholm,
6,energiø bornholm,6: energiø bornholm,
6,energiø bornholm,6: energiø bornholm,
6,energiø bornholm,6: energiø bornholm,
6,energiø bornholm,6: energiø bornholm,
6,energiø bornholm,6: energiø bornholm,
6,energiø bornholm,6: energiø bornholm,
6,energiø bornholm,6: energiø bornholm,
6,energiø bornholm,6: energiø bornholm,
6,energiø bornholm,6: energiø bornholm,
6,energiø bornholm,6: energiø bornholm,
6,energiø bornholm,6: energiø bornholm,
6,energiø bornholm,6: energiø bornholm,
6,energiø bornholm,6: energiø bornholm,
6,energiø bornholm,6: energiø bornholm,
6,energiø bornholm,6: energiø bornholm,
6,energiø bornholm,6: energiø bornholm,
6,energiø bornholm,6: energiø bornholm,
6,energiø bornholm,6: energiø bornholm,
6,energiø bornholm,6: energiø bornholm,
6,energiø bornholm,6: energiø bornholm,
6,energiø bornholm,6: energiø bornholm,
6,energiø bornholm,6: energiø bornholm,
6,energiø bornholm,6: energiø bornholm,
6,energiø bornholm,6: energiø bornholm,
6,energiø bornholm,6: energiø bornholm,
6,energiø bornholm,6: energiø bornholm,
6,energiø bornholm,6: energiø bornholm,
6,energiø bornholm,6: energiø bornholm,
6,energiø bornholm,6: energiø bornholm,
6,energiø bornholm,6: energiø bornholm,
6,energiø bornholm,6: energiø bornholm,
6,energiø bornholm,6: energiø bornholm,
6,energiø bornholm,6: energiø bornholm,
6,energiø bornholm,6: energiø bornholm,
6,energiø bornholm,6: energiø bornholm,
6,energiø bornholm,6: energiø bornholm,
6,energiø bornholm,6: energiø bornholm,
6,energiø bornholm,6: energiø bornholm,
6,energiø bornholm,6: energiø bornholm,
6,energiø bornholm,6: energiø bornholm,
6,energiø bornholm,6: energiø bornholm,
6,energiø bornholm,6: energiø bornholm,
6,energiø bornholm,6: energiø bornholm,
6,energiø bornholm,6: energiø bornholm,
6,energiø bornholm,6: energiø bornholm,
6,energiø bornholm,6: energiø bornholm,
6,energiø bornholm,6: energiø bornholm,
6,energiø bornholm,6: energiø bornholm,
6,energiø bornholm,6: energiø bornholm,
6,energiø bornholm,6: energiø bornholm,
6,energiø bornholm,6: energiø bornholm,
6,energiø bornholm,6: energiø bornholm,
6,energiø bornholm,6: energiø bornholm,
6,energiø bornholm,6: energiø bornholm,
6,energiø bornholm,6: energiø bornholm,
6,energiø bornholm,6: energiø bornholm,
6,energiø bornholm,6: energiø bornholm,
8,wind turbin,8: wind turbin,
8,wind turbin,8: wind turbin,
8,wind turbin,8: wind turbin,
8,wind turbin,8: wind turbin,
8,wind turbin,8: wind turbin,
8,wind turbin,8: wind turbin,
8,wind turbin,8: wind turbin,
8,wind turbin,8: wind turbin,
8,wind turbin,8: wind turbin,
8,wind turbin,8: wind turbin,
8,wind turbin,8: wind turbin,
8,wind turbin,8: wind turbin,
8,wind turbin,8: wind turbin,
8,wind turbin,8: wind turbin,
8,wind turbin,8: wind turbin,
8,wind turbin,8: wind turbin,
8,wind turbin,8: wind turbin,
8,wind turbin,8: wind turbin,
8,wind turbin,8: wind turbin,
8,wind turbin,8: wind turbin,
8,wind turbin,8: wind turbin,
8,wind turbin,8: wind turbin,
8,wind turbin,8: wind turbin,
8,wind turbin,8: wind turbin,
8,wind turbin,8: wind turbin,
8,wind turbin,8: wind turbin,
8,wind turbin,8: wind turbin,
8,wind turbin,8: wind turbin,
8,wind turbin,8: wind turbin,
8,wind turbin,8: wind turbin,
8,wind turbin,8: wind turbin,
8,wind turbin,8: wind turbin,
8,wind turbin,8: wind turbin,
8,wind turbin,8: wind turbin,
8,wind turbin,8: wind turbin,
8,wind turbin,8: wind turbin,
8,wind turbin,8: wind turbin,
8,wind turbin,8: wind turbin,
8,wind turbin,8: wind turbin,
8,wind turbin,8: wind turbin,
8,wind turbin,8: wind turbin,
8,wind turbin,8: wind turbin,
8,wind turbin,8: wind turbin,
8,wind turbin,8: wind turbin,
8,wind turbin,8: wind turbin,
8,wind turbin,8: wind turbin,
8,wind turbin,8: wind turbin,
8,wind turbin,8: wind turbin,
8,wind turbin,8: wind turbin,
8,wind turbin,8: wind turbin,
8,wind turbin,8: wind turbin,
8,wind turbin,8: wind turbin,
8,wind turbin,8: wind turbin,
8,wind turbin,8: wind turbin,
8,wind turbin,8: wind turbin,
8,wind turbin,8: wind turbin,
8,wind turbin,8: wind turbin,
8,wind turbin,8: wind turbin,
8,wind turbin,8: wind turbin,
8,wind turbin,8: wind turbin,
8,wind turbin,8: wind turbin,
8,wind turbin,8: wind turbin,
8,wind turbin,8: wind turbin,
8,wind turbin,8: wind turbin,
8,wind turbin,8: wind turbin,
8,wind turbin,8: wind turbin,
8,wind turbin,8: wind turbin,
8,wind turbin,8: wind turbin,
8,wind turbin,8: wind turbin,
8,wind turbin,8: wind turbin,
8,wind turbin,8: wind turbin,
8,wind turbin,8: wind turbin,
8,wind turbin,8: wind turbin,
8,wind turbin,8: wind turbin,
8,wind turbin,8: wind turbin,
8,wind turbin,8: wind turbin,
8,wind turbin,8: wind turbin,
8,wind turbin,8: wind turbin,
8,wind turbin,8: wind turbin,
8,wind turbin,8: wind turbin,
8,wind turbin,8: wind turbin,
8,wind turbin,8: wind turbin,
8,wind turbin,8: wind turbin,
8,wind turbin,8: wind turbin,
8,wind turbin,8: wind turbin,
8,wind turbin,8: wind turbin,
8,wind turbin,8: wind turbin,
8,wind turbin,8: wind turbin,
8,wind turbin,8: wind turbin,
8,wind turbin,8: wind turbin,
8,wind turbin,8: wind turbin,
8,wind turbin,8: wind turbin,
8,wind turbin,8: wind turbin,
8,wind turbin,8: wind turbin,
8,wind turbin,8: wind turbin,
8,wind turbin,8: wind turbin,
8,wind turbin,8: wind turbin,
8,wind turbin,8: wind turbin,
8,wind turbin,8: wind turbin,
8,wind turbin,8: wind turbin,
8,wind turbin,8: wind turbin,
8,wind turbin,8: wind turbin,
8,wind turbin,8: wind turbin,
8,wind turbin,8: wind turbin,
8,wind turbin,8: wind turbin,
8,wind turbin,8: wind turbin,
8,wind turbin,8: wind turbin,
8,wind turbin,8: wind turbin,
8,wind turbin,8: wind turbin,
8,wind turbin,8: wind turbin,
8,wind turbin,8: wind turbin,
8,wind turbin,8: wind turbin,
8,wind turbin,8: wind turbin,
8,wind turbin,8: wind turbin,
8,wind turbin,8: wind turbin,
8,wind turbin,8: wind turbin,
8,wind turbin,8: wind turbin,
8,wind turbin,8: wind turbin,
8,wind turbin,8: wind turbin,
8,wind turbin,8: wind turbin,
8,wind turbin,8: wind turbin,
8,wind turbin,8: wind turbin,
8,wind turbin,8: wind turbin,
8,wind turbin,8: wind turbin,
8,wind turbin,8: wind turbin,
8,wind turbin,8: wind turbin,
8,wind turbin,8: wind turbin,
8,wind turbin,8: wind turbin,
8,wind turbin,8: wind turbin,
8,wind turbin,8: wind turbin,
2,municip council,2: municip council,
2,municip council,2: municip council,
2,municip council,2: municip council,
2,municip council,2: municip council,
2,municip council,2: municip council,
2,municip council,2: municip council,
2,municip council,2: municip council,
2,municip council,2: municip council,
2,municip council,2: municip council,
2,municip council,2: municip council,
2,municip council,2: municip council,
2,municip council,2: municip council,
2,municip council,2: municip council,
2,municip council,2: municip council,
2,municip council,2: municip council,
2,municip council,2: municip council,
2,municip council,2: municip council,
2,municip council,2: municip council,
2,municip council,2: municip council,
2,municip council,2: municip council,
2,municip council,2: municip council,
2,municip council,2: municip council,
2,municip council,2: municip council,
2,municip council,2: municip council,
2,municip council,2: municip council,
2,municip council,2: municip council,
2,municip council,2: municip council,
2,municip council,2: municip council,
2,municip council,2: municip council,
2,municip council,2: municip council,
2,municip council,2: municip council,
2,municip council,2: municip council,
2,municip council,2: municip council,
2,municip council,2: municip council,
2,municip council,2: municip council,
2,municip council,2: municip council,
2,municip council,2: municip council,
2,municip council,2: municip council,
2,municip council,2: municip council,
2,municip council,2: municip council,
2,municip council,2: municip council,
2,municip council,2: municip council,
2,municip council,2: municip council,
2,municip council,2: municip council,
2,municip council,2: municip council,
2,municip council,2: municip council,
2,municip council,2: municip council,
2,municip council,2: municip council,
2,municip council,2: municip council,
2,municip council,2: municip council,
2,municip council,2: municip council,
2,municip council,2: municip council,
2,municip council,2: municip council,
2,municip council,2: municip council,
2,municip council,2: municip council,
2,municip council,2: municip council,
2,municip council,2: municip council,
2,municip council,2: municip council,
2,municip council,2: municip council,
2,municip council,2: municip council,
2,municip council,2: municip council,
2,municip council,2: municip council,
2,municip council,2: municip council,
2,municip council,2: municip council,
2,municip council,2: municip council,
2,municip council,2: municip council,
2,municip council,2: municip council,
2,municip council,2: municip council,
2,municip council,2: municip council,
2,municip council,2: municip council,
2,municip council,2: municip council,
2,municip council,2: municip council,
2,municip council,2: municip council,
2,municip council,2: municip council,
2,municip council,2: municip council,
2,municip council,2: municip council,
2,municip council,2: municip council,
2,municip council,2: municip council,
2,municip council,2: municip council,
2,municip council,2: municip council,
2,municip council,2: municip council,
2,municip council,2: municip council,
2,municip council,2: municip council,
2,municip council,2: municip council,
2,municip council,2: municip council,
2,municip council,2: municip council,
2,municip council,2: municip council,
2,municip council,2: municip council,
2,municip council,2: municip council,
2,municip council,2: municip council,
2,municip council,2: municip council,
2,municip council,2: municip council,
2,municip council,2: municip council,
2,municip council,2: municip council,
2,municip council,2: municip council,
2,municip council,2: municip council,
2,municip council,2: municip council,
2,municip council,2: municip council,
2,municip council,2: municip council,
2,municip council,2: municip council,
2,municip council,2: municip council,
2,municip council,2: municip council,
2,municip council,2: municip council,
2,municip council,2: municip council,
2,municip council,2: municip council,
2,municip council,2: municip council,
2,municip council,2: municip council,
2,municip council,2: municip council,
2,municip council,2: municip council,
2,municip council,2: municip council,
2,municip council,2: municip council,
2,municip council,2: municip council,
2,municip council,2: municip council,
2,municip council,2: municip council,
2,municip council,2: municip council,
2,municip council,2: municip council,
2,municip council,2: municip council,
2,municip council,2: municip council,
2,municip council,2: municip council,
2,municip council,2: municip council,
2,municip council,2: municip council,
2,municip council,2: municip council,
2,municip council,2: municip council,
2,municip council,2: municip council,
2,municip council,2: municip council,
2,municip council,2: municip council,
2,municip council,2: municip council,
2,municip council,2: municip council,
2,municip council,2: municip council,
2,municip council,2: municip council,
2,municip council,2: municip council,
2,municip council,2: municip council,
2,municip council,2: municip council,
2,municip council,2: municip council,
2,municip council,2: municip council,
2,municip council,2: municip council,
2,municip council,2: municip council,
2,municip council,2: municip council,
2,municip council,2: municip council,
2,municip council,2: municip council,
2,municip council,2: municip council,
2,municip council,2: municip council,
2,municip council,2: municip council,
2,municip council,2: municip council,
2,municip council,2: municip council,
2,municip council,2: municip council,
2,municip council,2: municip council,
2,municip council,2: municip council,
2,municip council,2: municip council,
2,municip council,2: municip council,
2,municip council,2: municip council,
2,municip council,2: municip council,
2,municip council,2: municip council,
2,municip council,2: municip council,
2,municip council,2: municip council,
2,municip council,2: municip council,
6,energiø bornholm,6: energiø bornholm,
6,energiø bornholm,6: energiø bornholm,
6,energiø bornholm,6: energiø bornholm,
6,energiø bornholm,6: energiø bornholm,
6,energiø bornholm,6: energiø bornholm,
6,energiø bornholm,6: energiø bornholm,
6,energiø bornholm,6: energiø bornholm,
6,energiø bornholm,6: energiø bornholm,
6,energiø bornholm,6: energiø bornholm,
6,energiø bornholm,6: energiø bornholm,
6,energiø bornholm,6: energiø bornholm,
6,energiø bornholm,6: energiø bornholm,
6,energiø bornholm,6: energiø bornholm,
6,energiø bornholm,6: energiø bornholm,
6,energiø bornholm,6: energiø bornholm,
6,energiø bornholm,6: energiø bornholm,
6,energiø bornholm,6: energiø bornholm,
6,energiø bornholm,6: energiø bornholm,
6,energiø bornholm,6: energiø bornholm,
6,energiø bornholm,6: energiø bornholm,
6,energiø bornholm,6: energiø bornholm,
6,energiø bornholm,6: energiø bornholm,
6,energiø bornholm,6: energiø bornholm,
6,energiø bornholm,6: energiø bornholm,
6,energiø bornholm,6: energiø bornholm,
6,energiø bornholm,6: energiø bornholm,
6,energiø bornholm,6: energiø bornholm,
6,energiø bornholm,6: energiø bornholm,
6,energiø bornholm,6: energiø bornholm,
6,energiø bornholm,6: energiø bornholm,
6,energiø bornholm,6: energiø bornholm,
6,energiø bornholm,6: energiø bornholm,
6,energiø bornholm,6: energiø bornholm,
6,energiø bornholm,6: energiø bornholm,
6,energiø bornholm,6: energiø bornholm,
6,energiø bornholm,6: energiø bornholm,
6,energiø bornholm,6: energiø bornholm,
6,energiø bornholm,6: energiø bornholm,
6,energiø bornholm,6: energiø bornholm,
6,energiø bornholm,6: energiø bornholm,
6,energiø bornholm,6: energiø bornholm,
6,energiø bornholm,6: energiø bornholm,
6,energiø bornholm,6: energiø bornholm,
6,energiø bornholm,6: energiø bornholm,
6,energiø bornholm,6: energiø bornholm,
6,energiø bornholm,6: energiø bornholm,
6,energiø bornholm,6: energiø bornholm,
6,energiø bornholm,6: energiø bornholm,
6,energiø bornholm,6: energiø bornholm,
6,energiø bornholm,6: energiø bornholm,
6,energiø bornholm,6: energiø bornholm,
6,energiø bornholm,6: energiø bornholm,
6,energiø bornholm,6: energiø bornholm,
6,energiø bornholm,6: energiø bornholm,
6,energiø bornholm,6: energiø bornholm,
6,energiø bornholm,6: energiø bornholm,
6,energiø bornholm,6: energiø bornholm,
6,energiø bornholm,6: energiø bornholm,
6,energiø bornholm,6: energiø bornholm,
6,energiø bornholm,6: energiø bornholm,
6,energiø bornholm,6: energiø bornholm,
6,energiø bornholm,6: energiø bornholm,
6,energiø bornholm,6: energiø bornholm,
6,energiø bornholm,6: energiø bornholm,
6,energiø bornholm,6: energiø bornholm,
6,energiø bornholm,6: energiø bornholm,
6,energiø bornholm,6: energiø bornholm,
6,energiø bornholm,6: energiø bornholm,
6,energiø bornholm,6: energiø bornholm,
6,energiø bornholm,6: energiø bornholm,
6,energiø bornholm,6: energiø bornholm,
6,energiø bornholm,6: energiø bornholm,
6,energiø bornholm,6: energiø bornholm,
6,energiø bornholm,6: energiø bornholm,
6,energiø bornholm,6: energiø bornholm,
6,energiø bornholm,6: energiø bornholm,
6,energiø bornholm,6: energiø bornholm,
6,energiø bornholm,6: energiø bornholm,
6,energiø bornholm,6: energiø bornholm,
6,energiø bornholm,6: energiø bornholm,
6,energiø bornholm,6: energiø bornholm,
6,energiø bornholm,6: energiø bornholm,
6,energiø bornholm,6: energiø bornholm,
6,energiø bornholm,6: energiø bornholm,
6,energiø bornholm,6: energiø bornholm,
6,energiø bornholm,6: energiø bornholm,
6,energiø bornholm,6: energiø bornholm,
6,energiø bornholm,6: energiø bornholm,
6,energiø bornholm,6: energiø bornholm,
6,energiø bornholm,6: energiø bornholm,
6,energiø bornholm,6: energiø bornholm,
6,energiø bornholm,6: energiø bornholm,
6,energiø bornholm,6: energiø bornholm,
6,energiø bornholm,6: energiø bornholm,
6,energiø bornholm,6: energiø bornholm,
6,energiø bornholm,6: energiø bornholm,
6,energiø bornholm,6: energiø bornholm,
6,energiø bornholm,6: energiø bornholm,
6,energiø bornholm,6: energiø bornholm,
6,energiø bornholm,6: energiø bornholm,
6,energiø bornholm,6: energiø bornholm,
6,energiø bornholm,6: energiø bornholm,
6,energiø bornholm,6: energiø bornholm,
6,energiø bornholm,6: energiø bornholm,
6,energiø bornholm,6: energiø bornholm,
6,energiø bornholm,6: energiø bornholm,
6,energiø bornholm,6: energiø bornholm,
6,energiø bornholm,6: energiø bornholm,
6,energiø bornholm,6: energiø bornholm,
6,energiø bornholm,6: energiø bornholm,
6,energiø bornholm,6: energiø bornholm,
6,energiø bornholm,6: energiø bornholm,
6,energiø bornholm,6: energiø bornholm,
6,energiø bornholm,6: energiø bornholm,
6,energiø bornholm,6: energiø bornholm,
6,energiø bornholm,6: energiø bornholm,
6,energiø bornholm,6: energiø bornholm,
6,energiø bornholm,6: energiø bornholm,
6,energiø bornholm,6: energiø bornholm,
6,energiø bornholm,6: energiø bornholm,
6,energiø bornholm,6: energiø bornholm,
6,energiø bornholm,6: energiø bornholm,
6,energiø bornholm,6: energiø bornholm,
6,energiø bornholm,6: energiø bornholm,
6,energiø bornholm,6: energiø bornholm,
6,energiø bornholm,6: energiø bornholm,
6,energiø bornholm,6: energiø bornholm,
6,energiø bornholm,6: energiø bornholm,
6,energiø bornholm,6: energiø bornholm,
6,energiø bornholm,6: energiø bornholm,
6,energiø bornholm,6: energiø bornholm,
6,energiø bornholm,6: energiø bornholm,
6,energiø bornholm,6: energiø bornholm,
6,energiø bornholm,6: energiø bornholm,
6,energiø bornholm,6: energiø bornholm,
6,energiø bornholm,6: energiø bornholm,
6,energiø bornholm,6: energiø bornholm,
6,energiø bornholm,6: energiø bornholm,
6,energiø bornholm,6: energiø bornholm,
6,energiø bornholm,6: energiø bornholm,
6,energiø bornholm,6: energiø bornholm,
6,energiø bornholm,6: energiø bornholm,
6,energiø bornholm,6: energiø bornholm,
6,energiø bornholm,6: energiø bornholm,
6,energiø bornholm,6: energiø bornholm,
6,energiø bornholm,6: energiø bornholm,
6,energiø bornholm,6: energiø bornholm,
6,energiø bornholm,6: energiø bornholm,
6,energiø bornholm,6: energiø bornholm,
6,energiø bornholm,6: energiø bornholm,
6,energiø bornholm,6: energiø bornholm,
6,energiø bornholm,6: energiø bornholm,
6,energiø bornholm,6: energiø bornholm,
6,energiø bornholm,6: energiø bornholm,
6,energiø bornholm,6: energiø bornholm,
6,energiø bornholm,6: energiø bornholm,
6,energiø bornholm,6: energiø bornholm,
6,energiø bornholm,6: energiø bornholm,
6,energiø bornholm,6: energiø bornholm,
6,energiø bornholm,6: energiø bornholm,
6,energiø bornholm,6: energiø bornholm,
6,energiø bornholm,6: energiø bornholm,
6,energiø bornholm,6: energiø bornholm,
6,energiø bornholm,6: energiø bornholm,
6,energiø bornholm,6: energiø bornholm,
6,energiø bornholm,6: energiø bornholm,
6,energiø bornholm,6: energiø bornholm,
6,energiø bornholm,6: energiø bornholm,
6,energiø bornholm,6: energiø bornholm,
6,energiø bornholm,6: energiø bornholm,
6,energiø bornholm,6: energiø bornholm,
8,wind turbin,8: wind turbin,
8,wind turbin,8: wind turbin,
8,wind turbin,8: wind turbin,
8,wind turbin,8: wind turbin,
8,wind turbin,8: wind turbin,
8,wind turbin,8: wind turbin,
8,wind turbin,8: wind turbin,
8,wind turbin,8: wind turbin,
8,wind turbin,8: wind turbin,
8,wind turbin,8: wind turbin,
8,wind turbin,8: wind turbin,
8,wind turbin,8: wind turbin,
8,wind turbin,8: wind turbin,
8,wind turbin,8: wind turbin,
8,wind turbin,8: wind turbin,
8,wind turbin,8: wind turbin,
8,wind turbin,8: wind turbin,
8,wind turbin,8: wind turbin,
8,wind turbin,8: wind turbin,
8,wind turbin,8: wind turbin,
8,wind turbin,8: wind turbin,
8,wind turbin,8: wind turbin,
8,wind turbin,8: wind turbin,
8,wind turbin,8: wind turbin,
8,wind turbin,8: wind turbin,
8,wind turbin,8: wind turbin,
8,wind turbin,8: wind turbin,
8,wind turbin,8: wind turbin,
8,wind turbin,8: wind turbin,
8,wind turbin,8: wind turbin,
8,wind turbin,8: wind turbin,
8,wind turbin,8: wind turbin,
8,wind turbin,8: wind turbin,
8,wind turbin,8: wind turbin,
8,wind turbin,8: wind turbin,
8,wind turbin,8: wind turbin,
8,wind turbin,8: wind turbin,
8,wind turbin,8: wind turbin,
8,wind turbin,8: wind turbin,
8,wind turbin,8: wind turbin,
8,wind turbin,8: wind turbin,
8,wind turbin,8: wind turbin,
8,wind turbin,8: wind turbin,
8,wind turbin,8: wind turbin,
8,wind turbin,8: wind turbin,
8,wind turbin,8: wind turbin,
8,wind turbin,8: wind turbin,
8,wind turbin,8: wind turbin,
8,wind turbin,8: wind turbin,
8,wind turbin,8: wind turbin,
8,wind turbin,8: wind turbin,
8,wind turbin,8: wind turbin,
8,wind turbin,8: wind turbin,
8,wind turbin,8: wind turbin,
8,wind turbin,8: wind turbin,
8,wind turbin,8: wind turbin,
8,wind turbin,8: wind turbin,
8,wind turbin,8: wind turbin,
8,wind turbin,8: wind turbin,
8,wind turbin,8: wind turbin,
8,wind turbin,8: wind turbin,
8,wind turbin,8: wind turbin,
8,wind turbin,8: wind turbin,
8,wind turbin,8: wind turbin,
8,wind turbin,8: wind turbin,
8,wind turbin,8: wind turbin,
8,wind turbin,8: wind turbin,
8,wind turbin,8: wind turbin,
8,wind turbin,8: wind turbin,
8,wind turbin,8: wind turbin,
8,wind turbin,8: wind turbin,
8,wind turbin,8: wind turbin,
8,wind turbin,8: wind turbin,
8,wind turbin,8: wind turbin,
8,wind turbin,8: wind turbin,
8,wind turbin,8: wind turbin,
8,wind turbin,8: wind turbin,
8,wind turbin,8: wind turbin,
8,wind turbin,8: wind turbin,
8,wind turbin,8: wind turbin,
8,wind turbin,8: wind turbin,
8,wind turbin,8: wind turbin,
8,wind turbin,8: wind turbin,
8,wind turbin,8: wind turbin,
8,wind turbin,8: wind turbin,
8,wind turbin,8: wind turbin,
8,wind turbin,8: wind turbin,
8,wind turbin,8: wind turbin,
8,wind turbin,8: wind turbin,
8,wind turbin,8: wind turbin,
8,wind turbin,8: wind turbin,
8,wind turbin,8: wind turbin,
8,wind turbin,8: wind turbin,
8,wind turbin,8: wind turbin,
8,wind turbin,8: wind turbin,
8,wind turbin,8: wind turbin,
8,wind turbin,8: wind turbin,
8,wind turbin,8: wind turbin,
8,wind turbin,8: wind turbin,
8,wind turbin,8: wind turbin,
8,wind turbin,8: wind turbin,
8,wind turbin,8: wind turbin,
8,wind turbin,8: wind turbin,
8,wind turbin,8: wind turbin,
8,wind turbin,8: wind turbin,
8,wind turbin,8: wind turbin,
8,wind turbin,8: wind turbin,
8,wind turbin,8: wind turbin,
8,wind turbin,8: wind turbin,
8,wind turbin,8: wind turbin,
8,wind turbin,8: wind turbin,
8,wind turbin,8: wind turbin,
8,wind turbin,8: wind turbin,
8,wind turbin,8: wind turbin,
8,wind turbin,8: wind turbin,
8,wind turbin,8: wind turbin,
8,wind turbin,8: wind turbin,
8,wind turbin,8: wind turbin,
8,wind turbin,8: wind turbin,
8,wind turbin,8: wind turbin,
8,wind turbin,8: wind turbin,
8,wind turbin,8: wind turbin,
8,wind turbin,8: wind turbin,
8,wind turbin,8: wind turbin,
8,wind turbin,8: wind turbin,
8,wind turbin,8: wind turbin,
8,wind turbin,8: wind turbin,
8,wind turbin,8: wind turbin,
8,wind turbin,8: wind turbin,
8,wind turbin,8: wind turbin,
0,energi island,0: energi island,
0,energi island,0: energi island,
0,energi island,0: energi island,
0,energi island,0: energi island,
0,energi island,0: energi island,
0,energi island,0: energi island,
0,energi island,0: energi island,
0,energi island,0: energi island,
0,energi island,0: energi island,
0,energi island,0: energi island,
0,energi island,0: energi island,
0,energi island,0: energi island,
0,energi island,0: energi island,
0,energi island,0: energi island,
0,energi island,0: energi island,
0,energi island,0: energi island,
0,energi island,0: energi island,
0,energi island,0: energi island,
0,energi island,0: energi island,
0,energi island,0: energi island,
0,energi island,0: energi island,
0,energi island,0: energi island,
0,energi island,0: energi island,
0,energi island,0: energi island,
0,energi island,0: energi island,
0,energi island,0: energi island,
0,energi island,0: energi island,
0,energi island,0: energi island,
0,energi island,0: energi island,
0,energi island,0: energi island,
0,energi island,0: energi island,
0,energi island,0: energi island,
0,energi island,0: energi island,
0,energi island,0: energi island,
0,energi island,0: energi island,
0,energi island,0: energi island,
0,energi island,0: energi island,
0,energi island,0: energi island,
0,energi island,0: energi island,
0,energi island,0: energi island,
0,energi island,0: energi island,
0,energi island,0: energi island,
0,energi island,0: energi island,
0,energi island,0: energi island,
0,energi island,0: energi island,
0,energi island,0: energi island,
0,energi island,0: energi island,
0,energi island,0: energi island,
0,energi island,0: energi island,
0,energi island,0: energi island,
0,energi island,0: energi island,
0,energi island,0: energi island,
0,energi island,0: energi island,
0,energi island,0: energi island,
0,energi island,0: energi island,
0,energi island,0: energi island,
0,energi island,0: energi island,
0,energi island,0: energi island,
0,energi island,0: energi island,
0,energi island,0: energi island,
0,energi island,0: energi island,
0,energi island,0: energi island,
0,energi island,0: energi island,
0,energi island,0: energi island,
0,energi island,0: energi island,
0,energi island,0: energi island,
0,energi island,0: energi island,
0,energi island,0: energi island,
0,energi island,0: energi island,
0,energi island,0: energi island,
0,energi island,0: energi island,
0,energi island,0: energi island,
0,energi island,0: energi island,
0,energi island,0: energi island,
0,energi island,0: energi island,
0,energi island,0: energi island,
0,energi island,0: energi island,
0,energi island,0: energi island,
0,energi island,0: energi island,
0,energi island,0: energi island,
0,energi island,0: energi island,
0,energi island,0: energi island,
0,energi island,0: energi island,
0,energi island,0: energi island,
0,energi island,0: energi island,
0,energi island,0: energi island,
0,energi island,0: energi island,
0,energi island,0: energi island,
0,energi island,0: energi island,
0,energi island,0: energi island,
0,energi island,0: energi island,
0,energi island,0: energi island,
0,energi island,0: energi island,
0,energi island,0: energi island,
0,energi island,0: energi island,
0,energi island,0: energi island,
0,energi island,0: energi island,
0,energi island,0: energi island,
0,energi island,0: energi island,
0,energi island,0: energi island,
0,energi island,0: energi island,
0,energi island,0: energi island,
0,energi island,0: energi island,
0,energi island,0: energi island,
0,energi island,0: energi island,
0,energi island,0: energi island,
0,energi island,0: energi island,
0,energi island,0: energi island,
0,energi island,0: energi island,
0,energi island,0: energi island,
0,energi island,0: energi island,
0,energi island,0: energi island,
0,energi island,0: energi island,
0,energi island,0: energi island,
0,energi island,0: energi island,
0,energi island,0: energi island,
0,energi island,0: energi island,
0,energi island,0: energi island,
0,energi island,0: energi island,
0,energi island,0: energi island,
0,energi island,0: energi island,
0,energi island,0: energi island,
0,energi island,0: energi island,
0,energi island,0: energi island,
0,energi island,0: energi island,
0,energi island,0: energi island,
0,energi island,0: energi island,
0,energi island,0: energi island,
0,energi island,0: energi island,
0,energi island,0: energi island,
0,energi island,0: energi island,
0,energi island,0: energi island,
0,energi island,0: energi island,
0,energi island,0: energi island,
0,energi island,0: energi island,
0,energi island,0: energi island,
0,energi island,0: energi island,
0,energi island,0: energi island,
0,energi island,0: energi island,
0,energi island,0: energi island,
0,energi island,0: energi island,
0,energi island,0: energi island,
0,energi island,0: energi island,
0,energi island,0: energi island,
0,energi island,0: energi island,
0,energi island,0: energi island,
0,energi island,0: energi island,
0,energi island,0: energi island,
0,energi island,0: energi island,
0,energi island,0: energi island,
0,energi island,0: energi island,
0,energi island,0: energi island,
0,energi island,0: energi island,
0,energi island,0: energi island,
0,energi island,0: energi island,
0,energi island,0: energi island,
0,energi island,0: energi island,
8,wind turbin,8: wind turbin,
8,wind turbin,8: wind turbin,
8,wind turbin,8: wind turbin,
8,wind turbin,8: wind turbin,
8,wind turbin,8: wind turbin,
8,wind turbin,8: wind turbin,
8,wind turbin,8: wind turbin,
8,wind turbin,8: wind turbin,
8,wind turbin,8: wind turbin,
8,wind turbin,8: wind turbin,
8,wind turbin,8: wind turbin,
8,wind turbin,8: wind turbin,
8,wind turbin,8: wind turbin,
8,wind turbin,8: wind turbin,
8,wind turbin,8: wind turbin,
8,wind turbin,8: wind turbin,
8,wind turbin,8: wind turbin,
8,wind turbin,8: wind turbin,
8,wind turbin,8: wind turbin,
8,wind turbin,8: wind turbin,
8,wind turbin,8: wind turbin,
8,wind turbin,8: wind turbin,
8,wind turbin,8: wind turbin,
8,wind turbin,8: wind turbin,
8,wind turbin,8: wind turbin,
8,wind turbin,8: wind turbin,
8,wind turbin,8: wind turbin,
8,wind turbin,8: wind turbin,
8,wind turbin,8: wind turbin,
8,wind turbin,8: wind turbin,
8,wind turbin,8: wind turbin,
8,wind turbin,8: wind turbin,
8,wind turbin,8: wind turbin,
8,wind turbin,8: wind turbin,
8,wind turbin,8: wind turbin,
8,wind turbin,8: wind turbin,
8,wind turbin,8: wind turbin,
8,wind turbin,8: wind turbin,
8,wind turbin,8: wind turbin,
8,wind turbin,8: wind turbin,
8,wind turbin,8: wind turbin,
8,wind turbin,8: wind turbin,
8,wind turbin,8: wind turbin,
8,wind turbin,8: wind turbin,
8,wind turbin,8: wind turbin,
8,wind turbin,8: wind turbin,
8,wind turbin,8: wind turbin,
8,wind turbin,8: wind turbin,
8,wind turbin,8: wind turbin,
8,wind turbin,8: wind turbin,
8,wind turbin,8: wind turbin,
8,wind turbin,8: wind turbin,
8,wind turbin,8: wind turbin,
8,wind turbin,8: wind turbin,
8,wind turbin,8: wind turbin,
8,wind turbin,8: wind turbin,
8,wind turbin,8: wind turbin,
8,wind turbin,8: wind turbin,
8,wind turbin,8: wind turbin,
8,wind turbin,8: wind turbin,
8,wind turbin,8: wind turbin,
8,wind turbin,8: wind turbin,
8,wind turbin,8: wind turbin,
8,wind turbin,8: wind turbin,
8,wind turbin,8: wind turbin,
8,wind turbin,8: wind turbin,
8,wind turbin,8: wind turbin,
8,wind turbin,8: wind turbin,
8,wind turbin,8: wind turbin,
8,wind turbin,8: wind turbin,
8,wind turbin,8: wind turbin,
8,wind turbin,8: wind turbin,
8,wind turbin,8: wind turbin,
8,wind turbin,8: wind turbin,
8,wind turbin,8: wind turbin,
8,wind turbin,8: wind turbin,
8,wind turbin,8: wind turbin,
8,wind turbin,8: wind turbin,
8,wind turbin,8: wind turbin,
8,wind turbin,8: wind turbin,
8,wind turbin,8: wind turbin,
8,wind turbin,8: wind turbin,
8,wind turbin,8: wind turbin,
8,wind turbin,8: wind turbin,
8,wind turbin,8: wind turbin,
8,wind turbin,8: wind turbin,
8,wind turbin,8: wind turbin,
8,wind turbin,8: wind turbin,
8,wind turbin,8: wind turbin,
8,wind turbin,8: wind turbin,
8,wind turbin,8: wind turbin,
8,wind turbin,8: wind turbin,
8,wind turbin,8: wind turbin,
8,wind turbin,8: wind turbin,
8,wind turbin,8: wind turbin,
8,wind turbin,8: wind turbin,
8,wind turbin,8: wind turbin,
8,wind turbin,8: wind turbin,
8,wind turbin,8: wind turbin,
8,wind turbin,8: wind turbin,
8,wind turbin,8: wind turbin,
8,wind turbin,8: wind turbin,
8,wind turbin,8: wind turbin,
8,wind turbin,8: wind turbin,
8,wind turbin,8: wind turbin,
8,wind turbin,8: wind turbin,
8,wind turbin,8: wind turbin,
8,wind turbin,8: wind turbin,
8,wind turbin,8: wind turbin,
8,wind turbin,8: wind turbin,
8,wind turbin,8: wind turbin,
8,wind turbin,8: wind turbin,
8,wind turbin,8: wind turbin,
8,wind turbin,8: wind turbin,
8,wind turbin,8: wind turbin,
8,wind turbin,8: wind turbin,
8,wind turbin,8: wind turbin,
8,wind turbin,8: wind turbin,
8,wind turbin,8: wind turbin,
8,wind turbin,8: wind turbin,
8,wind turbin,8: wind turbin,
8,wind turbin,8: wind turbin,
8,wind turbin,8: wind turbin,
8,wind turbin,8: wind turbin,
8,wind turbin,8: wind turbin,
8,wind turbin,8: wind turbin,
8,wind turbin,8: wind turbin,
8,wind turbin,8: wind turbin,
8,wind turbin,8: wind turbin,
8,wind turbin,8: wind turbin,
2,municip council,2: municip council,
2,municip council,2: municip council,
2,municip council,2: municip council,
2,municip council,2: municip council,
2,municip council,2: municip council,
2,municip council,2: municip council,
2,municip council,2: municip council,
2,municip council,2: municip council,
2,municip council,2: municip council,
2,municip council,2: municip council,
2,municip council,2: municip council,
2,municip council,2: municip council,
2,municip council,2: municip council,
2,municip council,2: municip council,
2,municip council,2: municip council,
2,municip council,2: municip council,
2,municip council,2: municip council,
2,municip council,2: municip council,
2,municip council,2: municip council,
2,municip council,2: municip council,
2,municip council,2: municip council,
2,municip council,2: municip council,
2,municip council,2: municip council,
2,municip council,2: municip council,
2,municip council,2: municip council,
2,municip council,2: municip council,
2,municip council,2: municip council,
2,municip council,2: municip council,
2,municip council,2: municip council,
2,municip council,2: municip council,
2,municip council,2: municip council,
2,municip council,2: municip council,
2,municip council,2: municip council,
2,municip council,2: municip council,
2,municip council,2: municip council,
2,municip council,2: municip council,
2,municip council,2: municip council,
2,municip council,2: municip council,
2,municip council,2: municip council,
2,municip council,2: municip council,
2,municip council,2: municip council,
2,municip council,2: municip council,
2,municip council,2: municip council,
2,municip council,2: municip council,
2,municip council,2: municip council,
2,municip council,2: municip council,
2,municip council,2: municip council,
2,municip council,2: municip council,
2,municip council,2: municip council,
2,municip council,2: municip council,
2,municip council,2: municip council,
2,municip council,2: municip council,
2,municip council,2: municip council,
2,municip council,2: municip council,
2,municip council,2: municip council,
2,municip council,2: municip council,
2,municip council,2: municip council,
2,municip council,2: municip council,
2,municip council,2: municip council,
2,municip council,2: municip council,
2,municip council,2: municip council,
2,municip council,2: municip council,
2,municip council,2: municip council,
2,municip council,2: municip council,
2,municip council,2: municip council,
2,municip council,2: municip council,
2,municip council,2: municip council,
2,municip council,2: municip council,
2,municip council,2: municip council,
2,municip council,2: municip council,
2,municip council,2: municip council,
2,municip council,2: municip council,
2,municip council,2: municip council,
2,municip council,2: municip council,
2,municip council,2: municip council,
2,municip council,2: municip council,
2,municip council,2: municip council,
2,municip council,2: municip council,
2,municip council,2: municip council,
2,municip council,2: municip council,
2,municip council,2: municip council,
2,municip council,2: municip council,
2,municip council,2: municip council,
2,municip council,2: municip council,
2,municip council,2: municip council,
2,municip council,2: municip council,
2,municip council,2: municip council,
2,municip council,2: municip council,
2,municip council,2: municip council,
2,municip council,2: municip council,
2,municip council,2: municip council,
2,municip council,2: municip council,
2,municip council,2: municip council,
2,municip council,2: municip council,
2,municip council,2: municip council,
2,municip council,2: municip council,
2,municip council,2: municip council,
2,municip council,2: municip council,
2,municip council,2: municip council,
2,municip council,2: municip council,
2,municip council,2: municip council,
2,municip council,2: municip council,
2,municip council,2: municip council,
2,municip council,2: municip council,
2,municip council,2: municip council,
2,municip council,2: municip council,
2,municip council,2: municip council,
2,municip council,2: municip council,
2,municip council,2: municip council,
2,municip council,2: municip council,
2,municip council,2: municip council,
2,municip council,2: municip council,
2,municip council,2: municip council,
2,municip council,2: municip council,
2,municip council,2: municip council,
2,municip council,2: municip council,
2,municip council,2: municip council,
2,municip council,2: municip council,
2,municip council,2: municip council,
2,municip council,2: municip council,
2,municip council,2: municip council,
2,municip council,2: municip council,
2,municip council,2: municip council,
2,municip council,2: municip council,
2,municip council,2: municip council,
2,municip council,2: municip council,
2,municip council,2: municip council,
2,municip council,2: municip council,
2,municip council,2: municip council,
2,municip council,2: municip council,
2,municip council,2: municip council,
2,municip council,2: municip council,
2,municip council,2: municip council,
2,municip council,2: municip council,
2,municip council,2: municip council,
2,municip council,2: municip council,
2,municip council,2: municip council,
2,municip council,2: municip council,
2,municip council,2: municip council,
2,municip council,2: municip council,
2,municip council,2: municip council,
2,municip council,2: municip council,
2,municip council,2: municip council,
2,municip council,2: municip council,
2,municip council,2: municip council,
2,municip council,2: municip council,
2,municip council,2: municip council,
2,municip council,2: municip council,
2,municip council,2: municip council,
2,municip council,2: municip council,
2,municip council,2: municip council,
2,municip council,2: municip council,
2,municip council,2: municip council,
2,municip council,2: municip council,
2,municip council,2: municip council,
2,municip council,2: municip council,
4,baltic sea,4: baltic sea,
4,baltic sea,4: baltic sea,
4,baltic sea,4: baltic sea,
4,baltic sea,4: baltic sea,
4,baltic sea,4: baltic sea,
4,baltic sea,4: baltic sea,
4,baltic sea,4: baltic sea,
4,baltic sea,4: baltic sea,
4,baltic sea,4: baltic sea,
4,baltic sea,4: baltic sea,
4,baltic sea,4: baltic sea,
4,baltic sea,4: baltic sea,
4,baltic sea,4: baltic sea,
4,baltic sea,4: baltic sea,
4,baltic sea,4: baltic sea,
4,baltic sea,4: baltic sea,
4,baltic sea,4: baltic sea,
4,baltic sea,4: baltic sea,
4,baltic sea,4: baltic sea,
4,baltic sea,4: baltic sea,
4,baltic sea,4: baltic sea,
4,baltic sea,4: baltic sea,
4,baltic sea,4: baltic sea,
4,baltic sea,4: baltic sea,
4,baltic sea,4: baltic sea,
4,baltic sea,4: baltic sea,
4,baltic sea,4: baltic sea,
4,baltic sea,4: baltic sea,
4,baltic sea,4: baltic sea,
4,baltic sea,4: baltic sea,
4,baltic sea,4: baltic sea,
4,baltic sea,4: baltic sea,
4,baltic sea,4: baltic sea,
4,baltic sea,4: baltic sea,
4,baltic sea,4: baltic sea,
4,baltic sea,4: baltic sea,
4,baltic sea,4: baltic sea,
4,baltic sea,4: baltic sea,
4,baltic sea,4: baltic sea,
4,baltic sea,4: baltic sea,
4,baltic sea,4: baltic sea,
4,baltic sea,4: baltic sea,
4,baltic sea,4: baltic sea,
4,baltic sea,4: baltic sea,
4,baltic sea,4: baltic sea,
4,baltic sea,4: baltic sea,
4,baltic sea,4: baltic sea,
4,baltic sea,4: baltic sea,
4,baltic sea,4: baltic sea,
4,baltic sea,4: baltic sea,
4,baltic sea,4: baltic sea,
4,baltic sea,4: baltic sea,
4,baltic sea,4: baltic sea,
4,baltic sea,4: baltic sea,
4,baltic sea,4: baltic sea,
4,baltic sea,4: baltic sea,
4,baltic sea,4: baltic sea,
4,baltic sea,4: baltic sea,
4,baltic sea,4: baltic sea,
4,baltic sea,4: baltic sea,
4,baltic sea,4: baltic sea,
4,baltic sea,4: baltic sea,
4,baltic sea,4: baltic sea,
4,baltic sea,4: baltic sea,
4,baltic sea,4: baltic sea,
4,baltic sea,4: baltic sea,
4,baltic sea,4: baltic sea,
4,baltic sea,4: baltic sea,
4,baltic sea,4: baltic sea,
4,baltic sea,4: baltic sea,
4,baltic sea,4: baltic sea,
4,baltic sea,4: baltic sea,
4,baltic sea,4: baltic sea,
4,baltic sea,4: baltic sea,
4,baltic sea,4: baltic sea,
4,baltic sea,4: baltic sea,
4,baltic sea,4: baltic sea,
4,baltic sea,4: baltic sea,
4,baltic sea,4: baltic sea,
4,baltic sea,4: baltic sea,
4,baltic sea,4: baltic sea,
4,baltic sea,4: baltic sea,
4,baltic sea,4: baltic sea,
4,baltic sea,4: baltic sea,
4,baltic sea,4: baltic sea,
4,baltic sea,4: baltic sea,
4,baltic sea,4: baltic sea,
4,baltic sea,4: baltic sea,
4,baltic sea,4: baltic sea,
4,baltic sea,4: baltic sea,
4,baltic sea,4: baltic sea,
4,baltic sea,4: baltic sea,
4,baltic sea,4: baltic sea,
4,baltic sea,4: baltic sea,
4,baltic sea,4: baltic sea,
4,baltic sea,4: baltic sea,
4,baltic sea,4: baltic sea,
4,baltic sea,4: baltic sea,
4,baltic sea,4: baltic sea,
4,baltic sea,4: baltic sea,
4,baltic sea,4: baltic sea,
4,baltic sea,4: baltic sea,
4,baltic sea,4: baltic sea,
4,baltic sea,4: baltic sea,
4,baltic sea,4: baltic sea,
4,baltic sea,4: baltic sea,
4,baltic sea,4: baltic sea,
4,baltic sea,4: baltic sea,
4,baltic sea,4: baltic sea,
4,baltic sea,4: baltic sea,
4,baltic sea,4: baltic sea,
4,baltic sea,4: baltic sea,
4,baltic sea,4: baltic sea,
4,baltic sea,4: baltic sea,
4,baltic sea,4: baltic sea,
4,baltic sea,4: baltic sea,
4,baltic sea,4: baltic sea,
4,baltic sea,4: baltic sea,
4,baltic sea,4: baltic sea,
4,baltic sea,4: baltic sea,
4,baltic sea,4: baltic sea,
4,baltic sea,4: baltic sea,
4,baltic sea,4: baltic sea,
4,baltic sea,4: baltic sea,
4,baltic sea,4: baltic sea,
4,baltic sea,4: baltic sea,
4,baltic sea,4: baltic sea,
4,baltic sea,4: baltic sea,
4,baltic sea,4: baltic sea,
4,baltic sea,4: baltic sea,
4,baltic sea,4: baltic sea,
4,baltic sea,4: baltic sea,
4,baltic sea,4: baltic sea,
4,baltic sea,4: baltic sea,
4,baltic sea,4: baltic sea,
4,baltic sea,4: baltic sea,
4,baltic sea,4: baltic sea,
4,baltic sea,4: baltic sea,
8,wind turbin,8: wind turbin,
8,wind turbin,8: wind turbin,
8,wind turbin,8: wind turbin,
8,wind turbin,8: wind turbin,
8,wind turbin,8: wind turbin,
8,wind turbin,8: wind turbin,
8,wind turbin,8: wind turbin,
8,wind turbin,8: wind turbin,
8,wind turbin,8: wind turbin,
8,wind turbin,8: wind turbin,
8,wind turbin,8: wind turbin,
8,wind turbin,8: wind turbin,
8,wind turbin,8: wind turbin,
8,wind turbin,8: wind turbin,
8,wind turbin,8: wind turbin,
8,wind turbin,8: wind turbin,
8,wind turbin,8: wind turbin,
8,wind turbin,8: wind turbin,
8,wind turbin,8: wind turbin,
8,wind turbin,8: wind turbin,
8,wind turbin,8: wind turbin,
8,wind turbin,8: wind turbin,
8,wind turbin,8: wind turbin,
8,wind turbin,8: wind turbin,
8,wind turbin,8: wind turbin,
8,wind turbin,8: wind turbin,
8,wind turbin,8: wind turbin,
8,wind turbin,8: wind turbin,
8,wind turbin,8: wind turbin,
8,wind turbin,8: wind turbin,
8,wind turbin,8: wind turbin,
8,wind turbin,8: wind turbin,
8,wind turbin,8: wind turbin,
8,wind turbin,8: wind turbin,
8,wind turbin,8: wind turbin,
8,wind turbin,8: wind turbin,
8,wind turbin,8: wind turbin,
8,wind turbin,8: wind turbin,
8,wind turbin,8: wind turbin,
8,wind turbin,8: wind turbin,
8,wind turbin,8: wind turbin,
8,wind turbin,8: wind turbin,
8,wind turbin,8: wind turbin,
8,wind turbin,8: wind turbin,
8,wind turbin,8: wind turbin,
8,wind turbin,8: wind turbin,
8,wind turbin,8: wind turbin,
8,wind turbin,8: wind turbin,
8,wind turbin,8: wind turbin,
8,wind turbin,8: wind turbin,
8,wind turbin,8: wind turbin,
8,wind turbin,8: wind turbin,
8,wind turbin,8: wind turbin,
8,wind turbin,8: wind turbin,
8,wind turbin,8: wind turbin,
8,wind turbin,8: wind turbin,
8,wind turbin,8: wind turbin,
8,wind turbin,8: wind turbin,
8,wind turbin,8: wind turbin,
8,wind turbin,8: wind turbin,
8,wind turbin,8: wind turbin,
8,wind turbin,8: wind turbin,
8,wind turbin,8: wind turbin,
8,wind turbin,8: wind turbin,
8,wind turbin,8: wind turbin,
8,wind turbin,8: wind turbin,
8,wind turbin,8: wind turbin,
8,wind turbin,8: wind turbin,
8,wind turbin,8: wind turbin,
8,wind turbin,8: wind turbin,
8,wind turbin,8: wind turbin,
8,wind turbin,8: wind turbin,
8,wind turbin,8: wind turbin,
8,wind turbin,8: wind turbin,
8,wind turbin,8: wind turbin,
8,wind turbin,8: wind turbin,
8,wind turbin,8: wind turbin,
8,wind turbin,8: wind turbin,
8,wind turbin,8: wind turbin,
8,wind turbin,8: wind turbin,
8,wind turbin,8: wind turbin,
8,wind turbin,8: wind turbin,
8,wind turbin,8: wind turbin,
8,wind turbin,8: wind turbin,
8,wind turbin,8: wind turbin,
8,wind turbin,8: wind turbin,
8,wind turbin,8: wind turbin,
8,wind turbin,8: wind turbin,
8,wind turbin,8: wind turbin,
8,wind turbin,8: wind turbin,
8,wind turbin,8: wind turbin,
8,wind turbin,8: wind turbin,
8,wind turbin,8: wind turbin,
8,wind turbin,8: wind turbin,
8,wind turbin,8: wind turbin,
8,wind turbin,8: wind turbin,
8,wind turbin,8: wind turbin,
8,wind turbin,8: wind turbin,
8,wind turbin,8: wind turbin,
8,wind turbin,8: wind turbin,
8,wind turbin,8: wind turbin,
8,wind turbin,8: wind turbin,
8,wind turbin,8: wind turbin,
8,wind turbin,8: wind turbin,
8,wind turbin,8: wind turbin,
8,wind turbin,8: wind turbin,
8,wind turbin,8: wind turbin,
8,wind turbin,8: wind turbin,
8,wind turbin,8: wind turbin,
8,wind turbin,8: wind turbin,
8,wind turbin,8: wind turbin,
8,wind turbin,8: wind turbin,
8,wind turbin,8: wind turbin,
8,wind turbin,8: wind turbin,
8,wind turbin,8: wind turbin,
8,wind turbin,8: wind turbin,
8,wind turbin,8: wind turbin,
8,wind turbin,8: wind turbin,
8,wind turbin,8: wind turbin,
8,wind turbin,8: wind turbin,
8,wind turbin,8: wind turbin,
8,wind turbin,8: wind turbin,
8,wind turbin,8: wind turbin,
8,wind turbin,8: wind turbin,
8,wind turbin,8: wind turbin,
8,wind turbin,8: wind turbin,
8,wind turbin,8: wind turbin,
8,wind turbin,8: wind turbin,
8,wind turbin,8: wind turbin,
8,wind turbin,8: wind turbin,
3,offshor wind,3: offshor wind,
3,offshor wind,3: offshor wind,
3,offshor wind,3: offshor wind,
3,offshor wind,3: offshor wind,
3,offshor wind,3: offshor wind,
3,offshor wind,3: offshor wind,
3,offshor wind,3: offshor wind,
3,offshor wind,3: offshor wind,
3,offshor wind,3: offshor wind,
3,offshor wind,3: offshor wind,
3,offshor wind,3: offshor wind,
3,offshor wind,3: offshor wind,
3,offshor wind,3: offshor wind,
3,offshor wind,3: offshor wind,
3,offshor wind,3: offshor wind,
3,offshor wind,3: offshor wind,
3,offshor wind,3: offshor wind,
3,offshor wind,3: offshor wind,
3,offshor wind,3: offshor wind,
3,offshor wind,3: offshor wind,
3,offshor wind,3: offshor wind,
3,offshor wind,3: offshor wind,
3,offshor wind,3: offshor wind,
3,offshor wind,3: offshor wind,
3,offshor wind,3: offshor wind,
3,offshor wind,3: offshor wind,
3,offshor wind,3: offshor wind,
3,offshor wind,3: offshor wind,
3,offshor wind,3: offshor wind,
3,offshor wind,3: offshor wind,
3,offshor wind,3: offshor wind,
3,offshor wind,3: offshor wind,
3,offshor wind,3: offshor wind,
3,offshor wind,3: offshor wind,
3,offshor wind,3: offshor wind,
3,offshor wind,3: offshor wind,
3,offshor wind,3: offshor wind,
3,offshor wind,3: offshor wind,
3,offshor wind,3: offshor wind,
3,offshor wind,3: offshor wind,
3,offshor wind,3: offshor wind,
3,offshor wind,3: offshor wind,
3,offshor wind,3: offshor wind,
3,offshor wind,3: offshor wind,
3,offshor wind,3: offshor wind,
3,offshor wind,3: offshor wind,
3,offshor wind,3: offshor wind,
3,offshor wind,3: offshor wind,
3,offshor wind,3: offshor wind,
3,offshor wind,3: offshor wind,
3,offshor wind,3: offshor wind,
3,offshor wind,3: offshor wind,
3,offshor wind,3: offshor wind,
3,offshor wind,3: offshor wind,
3,offshor wind,3: offshor wind,
3,offshor wind,3: offshor wind,
3,offshor wind,3: offshor wind,
3,offshor wind,3: offshor wind,
3,offshor wind,3: offshor wind,
3,offshor wind,3: offshor wind,
3,offshor wind,3: offshor wind,
3,offshor wind,3: offshor wind,
3,offshor wind,3: offshor wind,
3,offshor wind,3: offshor wind,
3,offshor wind,3: offshor wind,
3,offshor wind,3: offshor wind,
3,offshor wind,3: offshor wind,
3,offshor wind,3: offshor wind,
3,offshor wind,3: offshor wind,
3,offshor wind,3: offshor wind,
3,offshor wind,3: offshor wind,
3,offshor wind,3: offshor wind,
3,offshor wind,3: offshor wind,
3,offshor wind,3: offshor wind,
3,offshor wind,3: offshor wind,
3,offshor wind,3: offshor wind,
3,offshor wind,3: offshor wind,
3,offshor wind,3: offshor wind,
3,offshor wind,3: offshor wind,
3,offshor wind,3: offshor wind,
3,offshor wind,3: offshor wind,
3,offshor wind,3: offshor wind,
3,offshor wind,3: offshor wind,
3,offshor wind,3: offshor wind,
3,offshor wind,3: offshor wind,
3,offshor wind,3: offshor wind,
3,offshor wind,3: offshor wind,
3,offshor wind,3: offshor wind,
3,offshor wind,3: offshor wind,
3,offshor wind,3: offshor wind,
3,offshor wind,3: offshor wind,
3,offshor wind,3: offshor wind,
3,offshor wind,3: offshor wind,
3,offshor wind,3: offshor wind,
3,offshor wind,3: offshor wind,
3,offshor wind,3: offshor wind,
3,offshor wind,3: offshor wind,
3,offshor wind,3: offshor wind,
3,offshor wind,3: offshor wind,
3,offshor wind,3: offshor wind,
3,offshor wind,3: offshor wind,
3,offshor wind,3: offshor wind,
3,offshor wind,3: offshor wind,
3,offshor wind,3: offshor wind,
3,offshor wind,3: offshor wind,
3,offshor wind,3: offshor wind,
3,offshor wind,3: offshor wind,
3,offshor wind,3: offshor wind,
3,offshor wind,3: offshor wind,
3,offshor wind,3: offshor wind,
3,offshor wind,3: offshor wind,
3,offshor wind,3: offshor wind,
3,offshor wind,3: offshor wind,
6,energiø bornholm,6: energiø bornholm,
6,energiø bornholm,6: energiø bornholm,
6,energiø bornholm,6: energiø bornholm,
6,energiø bornholm,6: energiø bornholm,
6,energiø bornholm,6: energiø bornholm,
6,energiø bornholm,6: energiø bornholm,
6,energiø bornholm,6: energiø bornholm,
6,energiø bornholm,6: energiø bornholm,
6,energiø bornholm,6: energiø bornholm,
6,energiø bornholm,6: energiø bornholm,
6,energiø bornholm,6: energiø bornholm,
6,energiø bornholm,6: energiø bornholm,
6,energiø bornholm,6: energiø bornholm,
6,energiø bornholm,6: energiø bornholm,
6,energiø bornholm,6: energiø bornholm,
6,energiø bornholm,6: energiø bornholm,
6,energiø bornholm,6: energiø bornholm,
6,energiø bornholm,6: energiø bornholm,
6,energiø bornholm,6: energiø bornholm,
6,energiø bornholm,6: energiø bornholm,
6,energiø bornholm,6: energiø bornholm,
6,energiø bornholm,6: energiø bornholm,
6,energiø bornholm,6: energiø bornholm,
6,energiø bornholm,6: energiø bornholm,
6,energiø bornholm,6: energiø bornholm,
6,energiø bornholm,6: energiø bornholm,
6,energiø bornholm,6: energiø bornholm,
6,energiø bornholm,6: energiø bornholm,
6,energiø bornholm,6: energiø bornholm,
6,energiø bornholm,6: energiø bornholm,
6,energiø bornholm,6: energiø bornholm,
6,energiø bornholm,6: energiø bornholm,
6,energiø bornholm,6: energiø bornholm,
6,energiø bornholm,6: energiø bornholm,
6,energiø bornholm,6: energiø bornholm,
6,energiø bornholm,6: energiø bornholm,
6,energiø bornholm,6: energiø bornholm,
6,energiø bornholm,6: energiø bornholm,
6,energiø bornholm,6: energiø bornholm,
6,energiø bornholm,6: energiø bornholm,
6,energiø bornholm,6: energiø bornholm,
6,energiø bornholm,6: energiø bornholm,
6,energiø bornholm,6: energiø bornholm,
6,energiø bornholm,6: energiø bornholm,
6,energiø bornholm,6: energiø bornholm,
6,energiø bornholm,6: energiø bornholm,
6,energiø bornholm,6: energiø bornholm,
6,energiø bornholm,6: energiø bornholm,
6,energiø bornholm,6: energiø bornholm,
6,energiø bornholm,6: energiø bornholm,
6,energiø bornholm,6: energiø bornholm,
6,energiø bornholm,6: energiø bornholm,
6,energiø bornholm,6: energiø bornholm,
6,energiø bornholm,6: energiø bornholm,
6,energiø bornholm,6: energiø bornholm,
6,energiø bornholm,6: energiø bornholm,
6,energiø bornholm,6: energiø bornholm,
6,energiø bornholm,6: energiø bornholm,
6,energiø bornholm,6: energiø bornholm,
6,energiø bornholm,6: energiø bornholm,
6,energiø bornholm,6: energiø bornholm,
6,energiø bornholm,6: energiø bornholm,
6,energiø bornholm,6: energiø bornholm,
6,energiø bornholm,6: energiø bornholm,
6,energiø bornholm,6: energiø bornholm,
6,energiø bornholm,6: energiø bornholm,
6,energiø bornholm,6: energiø bornholm,
6,energiø bornholm,6: energiø bornholm,
6,energiø bornholm,6: energiø bornholm,
6,energiø bornholm,6: energiø bornholm,
6,energiø bornholm,6: energiø bornholm,
6,energiø bornholm,6: energiø bornholm,
6,energiø bornholm,6: energiø bornholm,
6,energiø bornholm,6: energiø bornholm,
6,energiø bornholm,6: energiø bornholm,
6,energiø bornholm,6: energiø bornholm,
6,energiø bornholm,6: energiø bornholm,
6,energiø bornholm,6: energiø bornholm,
6,energiø bornholm,6: energiø bornholm,
6,energiø bornholm,6: energiø bornholm,
6,energiø bornholm,6: energiø bornholm,
6,energiø bornholm,6: energiø bornholm,
6,energiø bornholm,6: energiø bornholm,
6,energiø bornholm,6: energiø bornholm,
6,energiø bornholm,6: energiø bornholm,
6,energiø bornholm,6: energiø bornholm,
6,energiø bornholm,6: energiø bornholm,
6,energiø bornholm,6: energiø bornholm,
6,energiø bornholm,6: energiø bornholm,
6,energiø bornholm,6: energiø bornholm,
6,energiø bornholm,6: energiø bornholm,
6,energiø bornholm,6: energiø bornholm,
6,energiø bornholm,6: energiø bornholm,
6,energiø bornholm,6: energiø bornholm,
6,energiø bornholm,6: energiø bornholm,
6,energiø bornholm,6: energiø bornholm,
6,energiø bornholm,6: energiø bornholm,
6,energiø bornholm,6: energiø bornholm,
6,energiø bornholm,6: energiø bornholm,
6,energiø bornholm,6: energiø bornholm,
6,energiø bornholm,6: energiø bornholm,
6,energiø bornholm,6: energiø bornholm,
6,energiø bornholm,6: energiø bornholm,
6,energiø bornholm,6: energiø bornholm,
6,energiø bornholm,6: energiø bornholm,
6,energiø bornholm,6: energiø bornholm,
6,energiø bornholm,6: energiø bornholm,
6,energiø bornholm,6: energiø bornholm,
6,energiø bornholm,6: energiø bornholm,
6,energiø bornholm,6: energiø bornholm,
6,energiø bornholm,6: energiø bornholm,
6,energiø bornholm,6: energiø bornholm,
6,energiø bornholm,6: energiø bornholm,
6,energiø bornholm,6: energiø bornholm,
6,energiø bornholm,6: energiø bornholm,
6,energiø bornholm,6: energiø bornholm,
6,energiø bornholm,6: energiø bornholm,
6,energiø bornholm,6: energiø bornholm,
6,energiø bornholm,6: energiø bornholm,
6,energiø bornholm,6: energiø bornholm,
6,energiø bornholm,6: energiø bornholm,
6,energiø bornholm,6: energiø bornholm,
6,energiø bornholm,6: energiø bornholm,
6,energiø bornholm,6: energiø bornholm,
6,energiø bornholm,6: energiø bornholm,
6,energiø bornholm,6: energiø bornholm,
6,energiø bornholm,6: energiø bornholm,
6,energiø bornholm,6: energiø bornholm,
6,energiø bornholm,6: energiø bornholm,
6,energiø bornholm,6: energiø bornholm,
6,energiø bornholm,6: energiø bornholm,
6,energiø bornholm,6: energiø bornholm,
6,energiø bornholm,6: energiø bornholm,
6,energiø bornholm,6: energiø bornholm,
6,energiø bornholm,6: energiø bornholm,
6,energiø bornholm,6: energiø bornholm,
6,energiø bornholm,6: energiø bornholm,
6,energiø bornholm,6: energiø bornholm,
6,energiø bornholm,6: energiø bornholm,
6,energiø bornholm,6: energiø bornholm,
6,energiø bornholm,6: energiø bornholm,
6,energiø bornholm,6: energiø bornholm,
6,energiø bornholm,6: energiø bornholm,
6,energiø bornholm,6: energiø bornholm,
6,energiø bornholm,6: energiø bornholm,
6,energiø bornholm,6: energiø bornholm,
6,energiø bornholm,6: energiø bornholm,
6,energiø bornholm,6: energiø bornholm,
6,energiø bornholm,6: energiø bornholm,
6,energiø bornholm,6: energiø bornholm,
6,energiø bornholm,6: energiø bornholm,
6,energiø bornholm,6: energiø bornholm,
6,energiø bornholm,6: energiø bornholm,
6,energiø bornholm,6: energiø bornholm,
6,energiø bornholm,6: energiø bornholm,
6,energiø bornholm,6: energiø bornholm,
6,energiø bornholm,6: energiø bornholm,
6,energiø bornholm,6: energiø bornholm,
6,energiø bornholm,6: energiø bornholm,
6,energiø bornholm,6: energiø bornholm,
6,energiø bornholm,6: energiø bornholm,
6,energiø bornholm,6: energiø bornholm,
6,energiø bornholm,6: energiø bornholm,
6,energiø bornholm,6: energiø bornholm,
6,energiø bornholm,6: energiø bornholm,
6,energiø bornholm,6: energiø bornholm,
6,energiø bornholm,6: energiø bornholm,
6,energiø bornholm,6: energiø bornholm,
6,energiø bornholm,6: energiø bornholm,
6,energiø bornholm,6: energiø bornholm,
6,energiø bornholm,6: energiø bornholm,
2,municip council,2: municip council,
2,municip council,2: municip council,
2,municip council,2: municip council,
2,municip council,2: municip council,
2,municip council,2: municip council,
2,municip council,2: municip council,
2,municip council,2: municip council,
2,municip council,2: municip council,
2,municip council,2: municip council,
2,municip council,2: municip council,
2,municip council,2: municip council,
2,municip council,2: municip council,
2,municip council,2: municip council,
2,municip council,2: municip council,
2,municip council,2: municip council,
2,municip council,2: municip council,
2,municip council,2: municip council,
2,municip council,2: municip council,
2,municip council,2: municip council,
2,municip council,2: municip council,
2,municip council,2: municip council,
2,municip council,2: municip council,
2,municip council,2: municip council,
2,municip council,2: municip council,
2,municip council,2: municip council,
2,municip council,2: municip council,
2,municip council,2: municip council,
2,municip council,2: municip council,
2,municip council,2: municip council,
2,municip council,2: municip council,
2,municip council,2: municip council,
2,municip council,2: municip council,
2,municip council,2: municip council,
2,municip council,2: municip council,
2,municip council,2: municip council,
2,municip council,2: municip council,
2,municip council,2: municip council,
2,municip council,2: municip council,
2,municip council,2: municip council,
2,municip council,2: municip council,
2,municip council,2: municip council,
2,municip council,2: municip council,
2,municip council,2: municip council,
2,municip council,2: municip council,
2,municip council,2: municip council,
2,municip council,2: municip council,
2,municip council,2: municip council,
2,municip council,2: municip council,
2,municip council,2: municip council,
2,municip council,2: municip council,
2,municip council,2: municip council,
2,municip council,2: municip council,
2,municip council,2: municip council,
2,municip council,2: municip council,
2,municip council,2: municip council,
2,municip council,2: municip council,
2,municip council,2: municip council,
2,municip council,2: municip council,
2,municip council,2: municip council,
2,municip council,2: municip council,
2,municip council,2: municip council,
2,municip council,2: municip council,
2,municip council,2: municip council,
2,municip council,2: municip council,
2,municip council,2: municip council,
2,municip council,2: municip council,
2,municip council,2: municip council,
2,municip council,2: municip council,
2,municip council,2: municip council,
2,municip council,2: municip council,
2,municip council,2: municip council,
2,municip council,2: municip council,
2,municip council,2: municip council,
2,municip council,2: municip council,
2,municip council,2: municip council,
2,municip council,2: municip council,
2,municip council,2: municip council,
2,municip council,2: municip council,
2,municip council,2: municip council,
2,municip council,2: municip council,
2,municip council,2: municip council,
2,municip council,2: municip council,
2,municip council,2: municip council,
2,municip council,2: municip council,
2,municip council,2: municip council,
2,municip council,2: municip council,
2,municip council,2: municip council,
2,municip council,2: municip council,
2,municip council,2: municip council,
2,municip council,2: municip council,
2,municip council,2: municip council,
2,municip council,2: municip council,
2,municip council,2: municip council,
2,municip council,2: municip council,
2,municip council,2: municip council,
2,municip council,2: municip council,
2,municip council,2: municip council,
2,municip council,2: municip council,
2,municip council,2: municip council,
2,municip council,2: municip council,
2,municip council,2: municip council,
2,municip council,2: municip council,
2,municip council,2: municip council,
2,municip council,2: municip council,
2,municip council,2: municip council,
2,municip council,2: municip council,
2,municip council,2: municip council,
2,municip council,2: municip council,
2,municip council,2: municip council,
2,municip council,2: municip council,
2,municip council,2: municip council,
2,municip council,2: municip council,
2,municip council,2: municip council,
2,municip council,2: municip council,
2,municip council,2: municip council,
2,municip council,2: municip council,
2,municip council,2: municip council,
2,municip council,2: municip council,
2,municip council,2: municip council,
2,municip council,2: municip council,
2,municip council,2: municip council,
2,municip council,2: municip council,
2,municip council,2: municip council,
2,municip council,2: municip council,
2,municip council,2: municip council,
2,municip council,2: municip council,
2,municip council,2: municip council,
2,municip council,2: municip council,
2,municip council,2: municip council,
2,municip council,2: municip council,
2,municip council,2: municip council,
2,municip council,2: municip council,
2,municip council,2: municip council,
2,municip council,2: municip council,
2,municip council,2: municip council,
2,municip council,2: municip council,
2,municip council,2: municip council,
2,municip council,2: municip council,
2,municip council,2: municip council,
2,municip council,2: municip council,
2,municip council,2: municip council,
2,municip council,2: municip council,
2,municip council,2: municip council,
2,municip council,2: municip council,
2,municip council,2: municip council,
2,municip council,2: municip council,
2,municip council,2: municip council,
2,municip council,2: municip council,
2,municip council,2: municip council,
2,municip council,2: municip council,
2,municip council,2: municip council,
2,municip council,2: municip council,
2,municip council,2: municip council,
2,municip council,2: municip council,
2,municip council,2: municip council,
2,municip council,2: municip council,
2,municip council,2: municip council,
2,municip council,2: municip council,
2,municip council,2: municip council,
2,municip council,2: municip council,
2,municip council,2: municip council,
2,municip council,2: municip council,
2,municip council,2: municip council,
2,municip council,2: municip council,
2,municip council,2: municip council,
2,municip council,2: municip council,
2,municip council,2: municip council,
2,municip council,2: municip council,
2,municip council,2: municip council,
2,municip council,2: municip council,
2,municip council,2: municip council,
2,municip council,2: municip council,
2,municip council,2: municip council,
2,municip council,2: municip council,
2,municip council,2: municip council,
2,municip council,2: municip council,
2,municip council,2: municip council,
2,municip council,2: municip council,
2,municip council,2: municip council,
2,municip council,2: municip council,
2,municip council,2: municip council,
2,municip council,2: municip council,
2,municip council,2: municip council,
2,municip council,2: municip council,
2,municip council,2: municip council,
2,municip council,2: municip council,
2,municip council,2: municip council,
2,municip council,2: municip council,
2,municip council,2: municip council,
2,municip council,2: municip council,
2,municip council,2: municip council,
2,municip council,2: municip council,
2,municip council,2: municip council,
2,municip council,2: municip council,
2,municip council,2: municip council,
2,municip council,2: municip council,
2,municip council,2: municip council,
2,municip council,2: municip council,
2,municip council,2: municip council,
2,municip council,2: municip council,
2,municip council,2: municip council,
2,municip council,2: municip council,
2,municip council,2: municip council,
2,municip council,2: municip council,
2,municip council,2: municip council,
2,municip council,2: municip council,
2,municip council,2: municip council,
2,municip council,2: municip council,
2,municip council,2: municip council,
2,municip council,2: municip council,
2,municip council,2: municip council,
2,municip council,2: municip council,
2,municip council,2: municip council,
2,municip council,2: municip council,
2,municip council,2: municip council,
2,municip council,2: municip council,
2,municip council,2: municip council,
2,municip council,2: municip council,
2,municip council,2: municip council,
2,municip council,2: municip council,
2,municip council,2: municip council,
2,municip council,2: municip council,
2,municip council,2: municip council,
2,municip council,2: municip council,
2,municip council,2: municip council,
2,municip council,2: municip council,
2,municip council,2: municip council,
2,municip council,2: municip council,
2,municip council,2: municip council,
2,municip council,2: municip council,
2,municip council,2: municip council,
2,municip council,2: municip council,
2,municip council,2: municip council,
2,municip council,2: municip council,
2,municip council,2: municip council,
2,municip council,2: municip council,
2,municip council,2: municip council,
2,municip council,2: municip council,
2,municip council,2: municip council,
2,municip council,2: municip council,
2,municip council,2: municip council,
2,municip council,2: municip council,
2,municip council,2: municip council,
2,municip council,2: municip council,
2,municip council,2: municip council,
2,municip council,2: municip council,
2,municip council,2: municip council,
2,municip council,2: municip council,
2,municip council,2: municip council,
2,municip council,2: municip council,
2,municip council,2: municip council,
2,municip council,2: municip council,
2,municip council,2: municip council,
2,municip council,2: municip council,
2,municip council,2: municip council,
2,municip council,2: municip council,
2,municip council,2: municip council,
2,municip council,2: municip council,
2,municip council,2: municip council,
2,municip council,2: municip council,
2,municip council,2: municip council,
2,municip council,2: municip council,
2,municip council,2: municip council,
2,municip council,2: municip council,
2,municip council,2: municip council,
2,municip council,2: municip council,
2,municip council,2: municip council,
2,municip council,2: municip council,
2,municip council,2: municip council,
2,municip council,2: municip council,
2,municip council,2: municip council,
2,municip council,2: municip council,
2,municip council,2: municip council,
2,municip council,2: municip council,
2,municip council,2: municip council,
2,municip council,2: municip council,
2,municip council,2: municip council,
2,municip council,2: municip council,
2,municip council,2: municip council,
2,municip council,2: municip council,
2,municip council,2: municip council,
2,municip council,2: municip council,
2,municip council,2: municip council,
2,municip council,2: municip council,
2,municip council,2: municip council,
2,municip council,2: municip council,
2,municip council,2: municip council,
2,municip council,2: municip council,
2,municip council,2: municip council,
2,municip council,2: municip council,
2,municip council,2: municip council,
2,municip council,2: municip council,
2,municip council,2: municip council,
2,municip council,2: municip council,
2,municip council,2: municip council,
2,municip council,2: municip council,
2,municip council,2: municip council,
2,municip council,2: municip council,
2,municip council,2: municip council,
2,municip council,2: municip council,
2,municip council,2: municip council,
2,municip council,2: municip council,
2,municip council,2: municip council,
2,municip council,2: municip council,
2,municip council,2: municip council,
2,municip council,2: municip council,
2,municip council,2: municip council,
2,municip council,2: municip council,
2,municip council,2: municip council,
2,municip council,2: municip council,
2,municip council,2: municip council,
2,municip council,2: municip council,
8,wind turbin,8: wind turbin,
8,wind turbin,8: wind turbin,
8,wind turbin,8: wind turbin,
8,wind turbin,8: wind turbin,
8,wind turbin,8: wind turbin,
8,wind turbin,8: wind turbin,
8,wind turbin,8: wind turbin,
8,wind turbin,8: wind turbin,
8,wind turbin,8: wind turbin,
8,wind turbin,8: wind turbin,
8,wind turbin,8: wind turbin,
8,wind turbin,8: wind turbin,
8,wind turbin,8: wind turbin,
8,wind turbin,8: wind turbin,
8,wind turbin,8: wind turbin,
8,wind turbin,8: wind turbin,
8,wind turbin,8: wind turbin,
8,wind turbin,8: wind turbin,
8,wind turbin,8: wind turbin,
8,wind turbin,8: wind turbin,
8,wind turbin,8: wind turbin,
8,wind turbin,8: wind turbin,
8,wind turbin,8: wind turbin,
8,wind turbin,8: wind turbin,
8,wind turbin,8: wind turbin,
8,wind turbin,8: wind turbin,
8,wind turbin,8: wind turbin,
8,wind turbin,8: wind turbin,
8,wind turbin,8: wind turbin,
8,wind turbin,8: wind turbin,
8,wind turbin,8: wind turbin,
8,wind turbin,8: wind turbin,
8,wind turbin,8: wind turbin,
8,wind turbin,8: wind turbin,
8,wind turbin,8: wind turbin,
8,wind turbin,8: wind turbin,
8,wind turbin,8: wind turbin,
8,wind turbin,8: wind turbin,
8,wind turbin,8: wind turbin,
8,wind turbin,8: wind turbin,
8,wind turbin,8: wind turbin,
8,wind turbin,8: wind turbin,
8,wind turbin,8: wind turbin,
8,wind turbin,8: wind turbin,
8,wind turbin,8: wind turbin,
8,wind turbin,8: wind turbin,
8,wind turbin,8: wind turbin,
8,wind turbin,8: wind turbin,
8,wind turbin,8: wind turbin,
8,wind turbin,8: wind turbin,
8,wind turbin,8: wind turbin,
8,wind turbin,8: wind turbin,
8,wind turbin,8: wind turbin,
8,wind turbin,8: wind turbin,
8,wind turbin,8: wind turbin,
8,wind turbin,8: wind turbin,
8,wind turbin,8: wind turbin,
8,wind turbin,8: wind turbin,
8,wind turbin,8: wind turbin,
8,wind turbin,8: wind turbin,
8,wind turbin,8: wind turbin,
8,wind turbin,8: wind turbin,
8,wind turbin,8: wind turbin,
8,wind turbin,8: wind turbin,
8,wind turbin,8: wind turbin,
8,wind turbin,8: wind turbin,
8,wind turbin,8: wind turbin,
8,wind turbin,8: wind turbin,
8,wind turbin,8: wind turbin,
8,wind turbin,8: wind turbin,
8,wind turbin,8: wind turbin,
8,wind turbin,8: wind turbin,
8,wind turbin,8: wind turbin,
8,wind turbin,8: wind turbin,
8,wind turbin,8: wind turbin,
8,wind turbin,8: wind turbin,
8,wind turbin,8: wind turbin,
8,wind turbin,8: wind turbin,
8,wind turbin,8: wind turbin,
8,wind turbin,8: wind turbin,
8,wind turbin,8: wind turbin,
8,wind turbin,8: wind turbin,
8,wind turbin,8: wind turbin,
8,wind turbin,8: wind turbin,
8,wind turbin,8: wind turbin,
8,wind turbin,8: wind turbin,
8,wind turbin,8: wind turbin,
8,wind turbin,8: wind turbin,
8,wind turbin,8: wind turbin,
8,wind turbin,8: wind turbin,
8,wind turbin,8: wind turbin,
8,wind turbin,8: wind turbin,
8,wind turbin,8: wind turbin,
8,wind turbin,8: wind turbin,
8,wind turbin,8: wind turbin,
8,wind turbin,8: wind turbin,
8,wind turbin,8: wind turbin,
8,wind turbin,8: wind turbin,
8,wind turbin,8: wind turbin,
8,wind turbin,8: wind turbin,
8,wind turbin,8: wind turbin,
8,wind turbin,8: wind turbin,
8,wind turbin,8: wind turbin,
8,wind turbin,8: wind turbin,
8,wind turbin,8: wind turbin,
8,wind turbin,8: wind turbin,
8,wind turbin,8: wind turbin,
8,wind turbin,8: wind turbin,
8,wind turbin,8: wind turbin,
8,wind turbin,8: wind turbin,
8,wind turbin,8: wind turbin,
8,wind turbin,8: wind turbin,
8,wind turbin,8: wind turbin,
8,wind turbin,8: wind turbin,
8,wind turbin,8: wind turbin,
8,wind turbin,8: wind turbin,
8,wind turbin,8: wind turbin,
8,wind turbin,8: wind turbin,
8,wind turbin,8: wind turbin,
8,wind turbin,8: wind turbin,
8,wind turbin,8: wind turbin,
8,wind turbin,8: wind turbin,
8,wind turbin,8: wind turbin,
8,wind turbin,8: wind turbin,
8,wind turbin,8: wind turbin,
8,wind turbin,8: wind turbin,
8,wind turbin,8: wind turbin,
8,wind turbin,8: wind turbin,
8,wind turbin,8: wind turbin,
8,wind turbin,8: wind turbin,
8,wind turbin,8: wind turbin,
8,wind turbin,8: wind turbin,
8,wind turbin,8: wind turbin,
8,wind turbin,8: wind turbin,
8,wind turbin,8: wind turbin,
8,wind turbin,8: wind turbin,
8,wind turbin,8: wind turbin,
8,wind turbin,8: wind turbin,
8,wind turbin,8: wind turbin,
8,wind turbin,8: wind turbin,
8,wind turbin,8: wind turbin,
8,wind turbin,8: wind turbin,
8,wind turbin,8: wind turbin,
8,wind turbin,8: wind turbin,
8,wind turbin,8: wind turbin,
8,wind turbin,8: wind turbin,
8,wind turbin,8: wind turbin,
8,wind turbin,8: wind turbin,
8,wind turbin,8: wind turbin,
8,wind turbin,8: wind turbin,
8,wind turbin,8: wind turbin,
8,wind turbin,8: wind turbin,
8,wind turbin,8: wind turbin,
8,wind turbin,8: wind turbin,
8,wind turbin,8: wind turbin,
8,wind turbin,8: wind turbin,
8,wind turbin,8: wind turbin,
8,wind turbin,8: wind turbin,
8,wind turbin,8: wind turbin,
8,wind turbin,8: wind turbin,
8,wind turbin,8: wind turbin,
8,wind turbin,8: wind turbin,
8,wind turbin,8: wind turbin,
8,wind turbin,8: wind turbin,
8,wind turbin,8: wind turbin,
8,wind turbin,8: wind turbin,
8,wind turbin,8: wind turbin,
8,wind turbin,8: wind turbin,
8,wind turbin,8: wind turbin,
8,wind turbin,8: wind turbin,
8,wind turbin,8: wind turbin,
8,wind turbin,8: wind turbin,
8,wind turbin,8: wind turbin,
8,wind turbin,8: wind turbin,
8,wind turbin,8: wind turbin,
8,wind turbin,8: wind turbin,
8,wind turbin,8: wind turbin,
8,wind turbin,8: wind turbin,
8,wind turbin,8: wind turbin,
8,wind turbin,8: wind turbin,
8,wind turbin,8: wind turbin,
8,wind turbin,8: wind turbin,
8,wind turbin,8: wind turbin,
8,wind turbin,8: wind turbin,
8,wind turbin,8: wind turbin,
8,wind turbin,8: wind turbin,
8,wind turbin,8: wind turbin,
8,wind turbin,8: wind turbin,
8,wind turbin,8: wind turbin,
8,wind turbin,8: wind turbin,
8,wind turbin,8: wind turbin,
8,wind turbin,8: wind turbin,
8,wind turbin,8: wind turbin,
8,wind turbin,8: wind turbin,
8,wind turbin,8: wind turbin,
8,wind turbin,8: wind turbin,
8,wind turbin,8: wind turbin,
8,wind turbin,8: wind turbin,
8,wind turbin,8: wind turbin,
8,wind turbin,8: wind turbin,
8,wind turbin,8: wind turbin,
8,wind turbin,8: wind turbin,
8,wind turbin,8: wind turbin,
8,wind turbin,8: wind turbin,
8,wind turbin,8: wind turbin,
8,wind turbin,8: wind turbin,
8,wind turbin,8: wind turbin,
8,wind turbin,8: wind turbin,
8,wind turbin,8: wind turbin,
8,wind turbin,8: wind turbin,
8,wind turbin,8: wind turbin,
8,wind turbin,8: wind turbin,
8,wind turbin,8: wind turbin,
8,wind turbin,8: wind turbin,
8,wind turbin,8: wind turbin,
8,wind turbin,8: wind turbin,
8,wind turbin,8: wind turbin,
8,wind turbin,8: wind turbin,
8,wind turbin,8: wind turbin,
8,wind turbin,8: wind turbin,
8,wind turbin,8: wind turbin,
8,wind turbin,8: wind turbin,
8,wind turbin,8: wind turbin,
8,wind turbin,8: wind turbin,
8,wind turbin,8: wind turbin,
8,wind turbin,8: wind turbin,
8,wind turbin,8: wind turbin,
8,wind turbin,8: wind turbin,
8,wind turbin,8: wind turbin,
8,wind turbin,8: wind turbin,
8,wind turbin,8: wind turbin,
8,wind turbin,8: wind turbin,
8,wind turbin,8: wind turbin,
8,wind turbin,8: wind turbin,
8,wind turbin,8: wind turbin,
8,wind turbin,8: wind turbin,
8,wind turbin,8: wind turbin,
8,wind turbin,8: wind turbin,
8,wind turbin,8: wind turbin,
8,wind turbin,8: wind turbin,
8,wind turbin,8: wind turbin,
8,wind turbin,8: wind turbin,
8,wind turbin,8: wind turbin,
8,wind turbin,8: wind turbin,
8,wind turbin,8: wind turbin,
8,wind turbin,8: wind turbin,
8,wind turbin,8: wind turbin,
8,wind turbin,8: wind turbin,
8,wind turbin,8: wind turbin,
8,wind turbin,8: wind turbin,
8,wind turbin,8: wind turbin,
8,wind turbin,8: wind turbin,
8,wind turbin,8: wind turbin,
8,wind turbin,8: wind turbin,
8,wind turbin,8: wind turbin,
8,wind turbin,8: wind turbin,
8,wind turbin,8: wind turbin,
8,wind turbin,8: wind turbin,
8,wind turbin,8: wind turbin,
8,wind turbin,8: wind turbin,
2,municip council,2: municip council,
2,municip council,2: municip council,
2,municip council,2: municip council,
2,municip council,2: municip council,
2,municip council,2: municip council,
2,municip council,2: municip council,
2,municip council,2: municip council,
2,municip council,2: municip council,
2,municip council,2: municip council,
2,municip council,2: municip council,
2,municip council,2: municip council,
2,municip council,2: municip council,
2,municip council,2: municip council,
2,municip council,2: municip council,
2,municip council,2: municip council,
2,municip council,2: municip council,
2,municip council,2: municip council,
2,municip council,2: municip council,
2,municip council,2: municip council,
2,municip council,2: municip council,
2,municip council,2: municip council,
2,municip council,2: municip council,
2,municip council,2: municip council,
2,municip council,2: municip council,
2,municip council,2: municip council,
2,municip council,2: municip council,
2,municip council,2: municip council,
2,municip council,2: municip council,
2,municip council,2: municip council,
2,municip council,2: municip council,
2,municip council,2: municip council,
2,municip council,2: municip council,
2,municip council,2: municip council,
2,municip council,2: municip council,
2,municip council,2: municip council,
2,municip council,2: municip council,
2,municip council,2: municip council,
2,municip council,2: municip council,
2,municip council,2: municip council,
2,municip council,2: municip council,
2,municip council,2: municip council,
2,municip council,2: municip council,
2,municip council,2: municip council,
2,municip council,2: municip council,
2,municip council,2: municip council,
2,municip council,2: municip council,
2,municip council,2: municip council,
2,municip council,2: municip council,
2,municip council,2: municip council,
2,municip council,2: municip council,
2,municip council,2: municip council,
2,municip council,2: municip council,
2,municip council,2: municip council,
2,municip council,2: municip council,
2,municip council,2: municip council,
2,municip council,2: municip council,
2,municip council,2: municip council,
2,municip council,2: municip council,
2,municip council,2: municip council,
2,municip council,2: municip council,
2,municip council,2: municip council,
2,municip council,2: municip council,
2,municip council,2: municip council,
2,municip council,2: municip council,
2,municip council,2: municip council,
2,municip council,2: municip council,
2,municip council,2: municip council,
2,municip council,2: municip council,
2,municip council,2: municip council,
2,municip council,2: municip council,
2,municip council,2: municip council,
2,municip council,2: municip council,
2,municip council,2: municip council,
2,municip council,2: municip council,
2,municip council,2: municip council,
2,municip council,2: municip council,
2,municip council,2: municip council,
2,municip council,2: municip council,
2,municip council,2: municip council,
2,municip council,2: municip council,
2,municip council,2: municip council,
2,municip council,2: municip council,
2,municip council,2: municip council,
2,municip council,2: municip council,
2,municip council,2: municip council,
2,municip council,2: municip council,
2,municip council,2: municip council,
2,municip council,2: municip council,
2,municip council,2: municip council,
2,municip council,2: municip council,
2,municip council,2: municip council,
2,municip council,2: municip council,
2,municip council,2: municip council,
2,municip council,2: municip council,
2,municip council,2: municip council,
2,municip council,2: municip council,
2,municip council,2: municip council,
2,municip council,2: municip council,
2,municip council,2: municip council,
2,municip council,2: municip council,
2,municip council,2: municip council,
2,municip council,2: municip council,
2,municip council,2: municip council,
2,municip council,2: municip council,
2,municip council,2: municip council,
2,municip council,2: municip council,
2,municip council,2: municip council,
2,municip council,2: municip council,
2,municip council,2: municip council,
2,municip council,2: municip council,
2,municip council,2: municip council,
2,municip council,2: municip council,
2,municip council,2: municip council,
2,municip council,2: municip council,
2,municip council,2: municip council,
2,municip council,2: municip council,
2,municip council,2: municip council,
2,municip council,2: municip council,
2,municip council,2: municip council,
2,municip council,2: municip council,
2,municip council,2: municip council,
2,municip council,2: municip council,
2,municip council,2: municip council,
2,municip council,2: municip council,
2,municip council,2: municip council,
2,municip council,2: municip council,
2,municip council,2: municip council,
2,municip council,2: municip council,
2,municip council,2: municip council,
2,municip council,2: municip council,
2,municip council,2: municip council,
2,municip council,2: municip council,
2,municip council,2: municip council,
2,municip council,2: municip council,
2,municip council,2: municip council,
2,municip council,2: municip council,
2,municip council,2: municip council,
2,municip council,2: municip council,
2,municip council,2: municip council,
2,municip council,2: municip council,
2,municip council,2: municip council,
2,municip council,2: municip council,
2,municip council,2: municip council,
2,municip council,2: municip council,
2,municip council,2: municip council,
2,municip council,2: municip council,
2,municip council,2: municip council,
2,municip council,2: municip council,
2,municip council,2: municip council,
2,municip council,2: municip council,
2,municip council,2: municip council,
2,municip council,2: municip council,
2,municip council,2: municip council,
2,municip council,2: municip council,
2,municip council,2: municip council,
2,municip council,2: municip council,
4,baltic sea,4: baltic sea,
4,baltic sea,4: baltic sea,
4,baltic sea,4: baltic sea,
4,baltic sea,4: baltic sea,
4,baltic sea,4: baltic sea,
4,baltic sea,4: baltic sea,
4,baltic sea,4: baltic sea,
4,baltic sea,4: baltic sea,
4,baltic sea,4: baltic sea,
4,baltic sea,4: baltic sea,
4,baltic sea,4: baltic sea,
4,baltic sea,4: baltic sea,
4,baltic sea,4: baltic sea,
4,baltic sea,4: baltic sea,
4,baltic sea,4: baltic sea,
4,baltic sea,4: baltic sea,
4,baltic sea,4: baltic sea,
4,baltic sea,4: baltic sea,
4,baltic sea,4: baltic sea,
4,baltic sea,4: baltic sea,
4,baltic sea,4: baltic sea,
4,baltic sea,4: baltic sea,
4,baltic sea,4: baltic sea,
4,baltic sea,4: baltic sea,
4,baltic sea,4: baltic sea,
4,baltic sea,4: baltic sea,
4,baltic sea,4: baltic sea,
4,baltic sea,4: baltic sea,
4,baltic sea,4: baltic sea,
4,baltic sea,4: baltic sea,
4,baltic sea,4: baltic sea,
4,baltic sea,4: baltic sea,
4,baltic sea,4: baltic sea,
4,baltic sea,4: baltic sea,
4,baltic sea,4: baltic sea,
4,baltic sea,4: baltic sea,
4,baltic sea,4: baltic sea,
4,baltic sea,4: baltic sea,
4,baltic sea,4: baltic sea,
4,baltic sea,4: baltic sea,
4,baltic sea,4: baltic sea,
4,baltic sea,4: baltic sea,
4,baltic sea,4: baltic sea,
4,baltic sea,4: baltic sea,
4,baltic sea,4: baltic sea,
4,baltic sea,4: baltic sea,
4,baltic sea,4: baltic sea,
4,baltic sea,4: baltic sea,
4,baltic sea,4: baltic sea,
4,baltic sea,4: baltic sea,
4,baltic sea,4: baltic sea,
4,baltic sea,4: baltic sea,
4,baltic sea,4: baltic sea,
4,baltic sea,4: baltic sea,
4,baltic sea,4: baltic sea,
4,baltic sea,4: baltic sea,
4,baltic sea,4: baltic sea,
4,baltic sea,4: baltic sea,
4,baltic sea,4: baltic sea,
4,baltic sea,4: baltic sea,
4,baltic sea,4: baltic sea,
4,baltic sea,4: baltic sea,
4,baltic sea,4: baltic sea,
4,baltic sea,4: baltic sea,
4,baltic sea,4: baltic sea,
4,baltic sea,4: baltic sea,
4,baltic sea,4: baltic sea,
4,baltic sea,4: baltic sea,
4,baltic sea,4: baltic sea,
4,baltic sea,4: baltic sea,
4,baltic sea,4: baltic sea,
4,baltic sea,4: baltic sea,
4,baltic sea,4: baltic sea,
4,baltic sea,4: baltic sea,
4,baltic sea,4: baltic sea,
4,baltic sea,4: baltic sea,
4,baltic sea,4: baltic sea,
4,baltic sea,4: baltic sea,
4,baltic sea,4: baltic sea,
4,baltic sea,4: baltic sea,
4,baltic sea,4: baltic sea,
4,baltic sea,4: baltic sea,
4,baltic sea,4: baltic sea,
4,baltic sea,4: baltic sea,
4,baltic sea,4: baltic sea,
4,baltic sea,4: baltic sea,
4,baltic sea,4: baltic sea,
4,baltic sea,4: baltic sea,
4,baltic sea,4: baltic sea,
4,baltic sea,4: baltic sea,
4,baltic sea,4: baltic sea,
4,baltic sea,4: baltic sea,
4,baltic sea,4: baltic sea,
4,baltic sea,4: baltic sea,
4,baltic sea,4: baltic sea,
4,baltic sea,4: baltic sea,
4,baltic sea,4: baltic sea,
4,baltic sea,4: baltic sea,
4,baltic sea,4: baltic sea,
4,baltic sea,4: baltic sea,
4,baltic sea,4: baltic sea,
4,baltic sea,4: baltic sea,
4,baltic sea,4: baltic sea,
4,baltic sea,4: baltic sea,
4,baltic sea,4: baltic sea,
4,baltic sea,4: baltic sea,
4,baltic sea,4: baltic sea,
4,baltic sea,4: baltic sea,
4,baltic sea,4: baltic sea,
4,baltic sea,4: baltic sea,
4,baltic sea,4: baltic sea,
4,baltic sea,4: baltic sea,
4,baltic sea,4: baltic sea,
4,baltic sea,4: baltic sea,
4,baltic sea,4: baltic sea,
4,baltic sea,4: baltic sea,
4,baltic sea,4: baltic sea,
4,baltic sea,4: baltic sea,
4,baltic sea,4: baltic sea,
4,baltic sea,4: baltic sea,
4,baltic sea,4: baltic sea,
4,baltic sea,4: baltic sea,
4,baltic sea,4: baltic sea,
4,baltic sea,4: baltic sea,
4,baltic sea,4: baltic sea,
4,baltic sea,4: baltic sea,
4,baltic sea,4: baltic sea,
4,baltic sea,4: baltic sea,
4,baltic sea,4: baltic sea,
4,baltic sea,4: baltic sea,
4,baltic sea,4: baltic sea,
4,baltic sea,4: baltic sea,
4,baltic sea,4: baltic sea,
4,baltic sea,4: baltic sea,
4,baltic sea,4: baltic sea,
4,baltic sea,4: baltic sea,
4,baltic sea,4: baltic sea,
4,baltic sea,4: baltic sea,
2,municip council,2: municip council,
2,municip council,2: municip council,
2,municip council,2: municip council,
2,municip council,2: municip council,
2,municip council,2: municip council,
2,municip council,2: municip council,
2,municip council,2: municip council,
2,municip council,2: municip council,
2,municip council,2: municip council,
2,municip council,2: municip council,
2,municip council,2: municip council,
2,municip council,2: municip council,
2,municip council,2: municip council,
2,municip council,2: municip council,
2,municip council,2: municip council,
2,municip council,2: municip council,
2,municip council,2: municip council,
2,municip council,2: municip council,
2,municip council,2: municip council,
2,municip council,2: municip council,
2,municip council,2: municip council,
2,municip council,2: municip council,
2,municip council,2: municip council,
2,municip council,2: municip council,
2,municip council,2: municip council,
2,municip council,2: municip council,
2,municip council,2: municip council,
2,municip council,2: municip council,
2,municip council,2: municip council,
2,municip council,2: municip council,
2,municip council,2: municip council,
2,municip council,2: municip council,
2,municip council,2: municip council,
2,municip council,2: municip council,
2,municip council,2: municip council,
2,municip council,2: municip council,
2,municip council,2: municip council,
2,municip council,2: municip council,
2,municip council,2: municip council,
2,municip council,2: municip council,
2,municip council,2: municip council,
2,municip council,2: municip council,
2,municip council,2: municip council,
2,municip council,2: municip council,
2,municip council,2: municip council,
2,municip council,2: municip council,
2,municip council,2: municip council,
2,municip council,2: municip council,
2,municip council,2: municip council,
2,municip council,2: municip council,
2,municip council,2: municip council,
2,municip council,2: municip council,
2,municip council,2: municip council,
2,municip council,2: municip council,
2,municip council,2: municip council,
2,municip council,2: municip council,
2,municip council,2: municip council,
2,municip council,2: municip council,
2,municip council,2: municip council,
2,municip council,2: municip council,
2,municip council,2: municip council,
2,municip council,2: municip council,
2,municip council,2: municip council,
2,municip council,2: municip council,
2,municip council,2: municip council,
2,municip council,2: municip council,
2,municip council,2: municip council,
2,municip council,2: municip council,
2,municip council,2: municip council,
2,municip council,2: municip council,
2,municip council,2: municip council,
2,municip council,2: municip council,
2,municip council,2: municip council,
2,municip council,2: municip council,
2,municip council,2: municip council,
2,municip council,2: municip council,
2,municip council,2: municip council,
2,municip council,2: municip council,
2,municip council,2: municip council,
2,municip council,2: municip council,
2,municip council,2: municip council,
2,municip council,2: municip council,
2,municip council,2: municip council,
2,municip council,2: municip council,
2,municip council,2: municip council,
2,municip council,2: municip council,
2,municip council,2: municip council,
2,municip council,2: municip council,
2,municip council,2: municip council,
2,municip council,2: municip council,
2,municip council,2: municip council,
2,municip council,2: municip council,
2,municip council,2: municip council,
2,municip council,2: municip council,
2,municip council,2: municip council,
2,municip council,2: municip council,
2,municip council,2: municip council,
2,municip council,2: municip council,
2,municip council,2: municip council,
2,municip council,2: municip council,
2,municip council,2: municip council,
2,municip council,2: municip council,
2,municip council,2: municip council,
2,municip council,2: municip council,
2,municip council,2: municip council,
2,municip council,2: municip council,
2,municip council,2: municip council,
2,municip council,2: municip council,
2,municip council,2: municip council,
2,municip council,2: municip council,
2,municip council,2: municip council,
2,municip council,2: municip council,
2,municip council,2: municip council,
2,municip council,2: municip council,
2,municip council,2: municip council,
2,municip council,2: municip council,
2,municip council,2: municip council,
2,municip council,2: municip council,
2,municip council,2: municip council,
2,municip council,2: municip council,
2,municip council,2: municip council,
2,municip council,2: municip council,
2,municip council,2: municip council,
2,municip council,2: municip council,
2,municip council,2: municip council,
2,municip council,2: municip council,
2,municip council,2: municip council,
2,municip council,2: municip council,
2,municip council,2: municip council,
2,municip council,2: municip council,
2,municip council,2: municip council,
2,municip council,2: municip council,
2,municip council,2: municip council,
2,municip council,2: municip council,
2,municip council,2: municip council,
2,municip council,2: municip council,
2,municip council,2: municip council,
2,municip council,2: municip council,
2,municip council,2: municip council,
2,municip council,2: municip council,
2,municip council,2: municip council,
2,municip council,2: municip council,
2,municip council,2: municip council,
2,municip council,2: municip council,
2,municip council,2: municip council,
2,municip council,2: municip council,
2,municip council,2: municip council,
2,municip council,2: municip council,
2,municip council,2: municip council,
2,municip council,2: municip council,
2,municip council,2: municip council,
2,municip council,2: municip council,
2,municip council,2: municip council,
2,municip council,2: municip council,
2,municip council,2: municip council,
2,municip council,2: municip council,
2,municip council,2: municip council,
2,municip council,2: municip council,
2,municip council,2: municip council,
2,municip council,2: municip council,
2,municip council,2: municip council,
2,municip council,2: municip council,
2,municip council,2: municip council,
2,municip council,2: municip council,
2,municip council,2: municip council,
2,municip council,2: municip council,
2,municip council,2: municip council,
2,municip council,2: municip council,
2,municip council,2: municip council,
2,municip council,2: municip council,
2,municip council,2: municip council,
2,municip council,2: municip council,
2,municip council,2: municip council,
2,municip council,2: municip council,
2,municip council,2: municip council,
2,municip council,2: municip council,
2,municip council,2: municip council,
2,municip council,2: municip council,
2,municip council,2: municip council,
2,municip council,2: municip council,
2,municip council,2: municip council,
2,municip council,2: municip council,
2,municip council,2: municip council,
2,municip council,2: municip council,
2,municip council,2: municip council,
2,municip council,2: municip council,
2,municip council,2: municip council,
2,municip council,2: municip council,
2,municip council,2: municip council,
2,municip council,2: municip council,
2,municip council,2: municip council,
2,municip council,2: municip council,
2,municip council,2: municip council,
2,municip council,2: municip council,
2,municip council,2: municip council,
2,municip council,2: municip council,
2,municip council,2: municip council,
2,municip council,2: municip council,
2,municip council,2: municip council,
2,municip council,2: municip council,
2,municip council,2: municip council,
2,municip council,2: municip council,
2,municip council,2: municip council,
2,municip council,2: municip council,
2,municip council,2: municip council,
2,municip council,2: municip council,
2,municip council,2: municip council,
2,municip council,2: municip council,
2,municip council,2: municip council,
2,municip council,2: municip council,
2,municip council,2: municip council,
2,municip council,2: municip council,
2,municip council,2: municip council,
2,municip council,2: municip council,
2,municip council,2: municip council,
2,municip council,2: municip council,
2,municip council,2: municip council,
2,municip council,2: municip council,
2,municip council,2: municip council,
2,municip council,2: municip council,
2,municip council,2: municip council,
2,municip council,2: municip council,
2,municip council,2: municip council,
2,municip council,2: municip council,
2,municip council,2: municip council,
2,municip council,2: municip council,
2,municip council,2: municip council,
2,municip council,2: municip council,
2,municip council,2: municip council,
2,municip council,2: municip council,
2,municip council,2: municip council,
2,municip council,2: municip council,
2,municip council,2: municip council,
2,municip council,2: municip council,
2,municip council,2: municip council,
2,municip council,2: municip council,
2,municip council,2: municip council,
2,municip council,2: municip council,
2,municip council,2: municip council,
2,municip council,2: municip council,
2,municip council,2: municip council,
2,municip council,2: municip council,
2,municip council,2: municip council,
2,municip council,2: municip council,
2,municip council,2: municip council,
2,municip council,2: municip council,
2,municip council,2: municip council,
2,municip council,2: municip council,
2,municip council,2: municip council,
2,municip council,2: municip council,
2,municip council,2: municip council,
2,municip council,2: municip council,
2,municip council,2: municip council,
2,municip council,2: municip council,
2,municip council,2: municip council,
2,municip council,2: municip council,
2,municip council,2: municip council,
2,municip council,2: municip council,
2,municip council,2: municip council,
2,municip council,2: municip council,
2,municip council,2: municip council,
2,municip council,2: municip council,
2,municip council,2: municip council,
2,municip council,2: municip council,
2,municip council,2: municip council,
2,municip council,2: municip council,
2,municip council,2: municip council,
2,municip council,2: municip council,
2,municip council,2: municip council,
2,municip council,2: municip council,
2,municip council,2: municip council,
2,municip council,2: municip council,
2,municip council,2: municip council,
2,municip council,2: municip council,
2,municip council,2: municip council,
2,municip council,2: municip council,
2,municip council,2: municip council,
2,municip council,2: municip council,
2,municip council,2: municip council,
2,municip council,2: municip council,
2,municip council,2: municip council,
2,municip council,2: municip council,
2,municip council,2: municip council,
2,municip council,2: municip council,
2,municip council,2: municip council,
2,municip council,2: municip council,
2,municip council,2: municip council,
2,municip council,2: municip council,
2,municip council,2: municip council,
2,municip council,2: municip council,
2,municip council,2: municip council,
2,municip council,2: municip council,
2,municip council,2: municip council,
2,municip council,2: municip council,
2,municip council,2: municip council,
2,municip council,2: municip council,
2,municip council,2: municip council,
2,municip council,2: municip council,
2,municip council,2: municip council,
2,municip council,2: municip council,
2,municip council,2: municip council,
2,municip council,2: municip council,
2,municip council,2: municip council,
2,municip council,2: municip council,
2,municip council,2: municip council,
2,municip council,2: municip council,
2,municip council,2: municip council,
2,municip council,2: municip council,
2,municip council,2: municip council,
2,municip council,2: municip council,
2,municip council,2: municip council,
2,municip council,2: municip council,
4,baltic sea,4: baltic sea,
4,baltic sea,4: baltic sea,
4,baltic sea,4: baltic sea,
4,baltic sea,4: baltic sea,
4,baltic sea,4: baltic sea,
4,baltic sea,4: baltic sea,
4,baltic sea,4: baltic sea,
4,baltic sea,4: baltic sea,
4,baltic sea,4: baltic sea,
4,baltic sea,4: baltic sea,
4,baltic sea,4: baltic sea,
4,baltic sea,4: baltic sea,
4,baltic sea,4: baltic sea,
4,baltic sea,4: baltic sea,
4,baltic sea,4: baltic sea,
4,baltic sea,4: baltic sea,
4,baltic sea,4: baltic sea,
4,baltic sea,4: baltic sea,
4,baltic sea,4: baltic sea,
4,baltic sea,4: baltic sea,
4,baltic sea,4: baltic sea,
4,baltic sea,4: baltic sea,
4,baltic sea,4: baltic sea,
4,baltic sea,4: baltic sea,
4,baltic sea,4: baltic sea,
4,baltic sea,4: baltic sea,
4,baltic sea,4: baltic sea,
4,baltic sea,4: baltic sea,
4,baltic sea,4: baltic sea,
4,baltic sea,4: baltic sea,
4,baltic sea,4: baltic sea,
4,baltic sea,4: baltic sea,
4,baltic sea,4: baltic sea,
4,baltic sea,4: baltic sea,
4,baltic sea,4: baltic sea,
4,baltic sea,4: baltic sea,
4,baltic sea,4: baltic sea,
4,baltic sea,4: baltic sea,
4,baltic sea,4: baltic sea,
4,baltic sea,4: baltic sea,
4,baltic sea,4: baltic sea,
4,baltic sea,4: baltic sea,
4,baltic sea,4: baltic sea,
4,baltic sea,4: baltic sea,
4,baltic sea,4: baltic sea,
4,baltic sea,4: baltic sea,
4,baltic sea,4: baltic sea,
4,baltic sea,4: baltic sea,
4,baltic sea,4: baltic sea,
4,baltic sea,4: baltic sea,
4,baltic sea,4: baltic sea,
4,baltic sea,4: baltic sea,
4,baltic sea,4: baltic sea,
4,baltic sea,4: baltic sea,
4,baltic sea,4: baltic sea,
4,baltic sea,4: baltic sea,
4,baltic sea,4: baltic sea,
4,baltic sea,4: baltic sea,
4,baltic sea,4: baltic sea,
4,baltic sea,4: baltic sea,
4,baltic sea,4: baltic sea,
4,baltic sea,4: baltic sea,
4,baltic sea,4: baltic sea,
4,baltic sea,4: baltic sea,
4,baltic sea,4: baltic sea,
4,baltic sea,4: baltic sea,
4,baltic sea,4: baltic sea,
4,baltic sea,4: baltic sea,
4,baltic sea,4: baltic sea,
4,baltic sea,4: baltic sea,
4,baltic sea,4: baltic sea,
4,baltic sea,4: baltic sea,
4,baltic sea,4: baltic sea,
4,baltic sea,4: baltic sea,
4,baltic sea,4: baltic sea,
4,baltic sea,4: baltic sea,
4,baltic sea,4: baltic sea,
4,baltic sea,4: baltic sea,
4,baltic sea,4: baltic sea,
4,baltic sea,4: baltic sea,
4,baltic sea,4: baltic sea,
4,baltic sea,4: baltic sea,
4,baltic sea,4: baltic sea,
4,baltic sea,4: baltic sea,
4,baltic sea,4: baltic sea,
4,baltic sea,4: baltic sea,
4,baltic sea,4: baltic sea,
4,baltic sea,4: baltic sea,
4,baltic sea,4: baltic sea,
4,baltic sea,4: baltic sea,
4,baltic sea,4: baltic sea,
4,baltic sea,4: baltic sea,
4,baltic sea,4: baltic sea,
4,baltic sea,4: baltic sea,
4,baltic sea,4: baltic sea,
4,baltic sea,4: baltic sea,
4,baltic sea,4: baltic sea,
4,baltic sea,4: baltic sea,
4,baltic sea,4: baltic sea,
4,baltic sea,4: baltic sea,
4,baltic sea,4: baltic sea,
4,baltic sea,4: baltic sea,
4,baltic sea,4: baltic sea,
4,baltic sea,4: baltic sea,
4,baltic sea,4: baltic sea,
4,baltic sea,4: baltic sea,
4,baltic sea,4: baltic sea,
4,baltic sea,4: baltic sea,
4,baltic sea,4: baltic sea,
4,baltic sea,4: baltic sea,
4,baltic sea,4: baltic sea,
4,baltic sea,4: baltic sea,
4,baltic sea,4: baltic sea,
4,baltic sea,4: baltic sea,
4,baltic sea,4: baltic sea,
4,baltic sea,4: baltic sea,
4,baltic sea,4: baltic sea,
4,baltic sea,4: baltic sea,
4,baltic sea,4: baltic sea,
4,baltic sea,4: baltic sea,
4,baltic sea,4: baltic sea,
4,baltic sea,4: baltic sea,
4,baltic sea,4: baltic sea,
4,baltic sea,4: baltic sea,
4,baltic sea,4: baltic sea,
4,baltic sea,4: baltic sea,
4,baltic sea,4: baltic sea,
4,baltic sea,4: baltic sea,
4,baltic sea,4: baltic sea,
4,baltic sea,4: baltic sea,
4,baltic sea,4: baltic sea,
4,baltic sea,4: baltic sea,
4,baltic sea,4: baltic sea,
4,baltic sea,4: baltic sea,
4,baltic sea,4: baltic sea,
4,baltic sea,4: baltic sea,
4,baltic sea,4: baltic sea,
4,baltic sea,4: baltic sea,
6,energiø bornholm,6: energiø bornholm,
6,energiø bornholm,6: energiø bornholm,
6,energiø bornholm,6: energiø bornholm,
6,energiø bornholm,6: energiø bornholm,
6,energiø bornholm,6: energiø bornholm,
6,energiø bornholm,6: energiø bornholm,
6,energiø bornholm,6: energiø bornholm,
6,energiø bornholm,6: energiø bornholm,
6,energiø bornholm,6: energiø bornholm,
6,energiø bornholm,6: energiø bornholm,
6,energiø bornholm,6: energiø bornholm,
6,energiø bornholm,6: energiø bornholm,
6,energiø bornholm,6: energiø bornholm,
6,energiø bornholm,6: energiø bornholm,
6,energiø bornholm,6: energiø bornholm,
6,energiø bornholm,6: energiø bornholm,
6,energiø bornholm,6: energiø bornholm,
6,energiø bornholm,6: energiø bornholm,
6,energiø bornholm,6: energiø bornholm,
6,energiø bornholm,6: energiø bornholm,
6,energiø bornholm,6: energiø bornholm,
6,energiø bornholm,6: energiø bornholm,
6,energiø bornholm,6: energiø bornholm,
6,energiø bornholm,6: energiø bornholm,
6,energiø bornholm,6: energiø bornholm,
6,energiø bornholm,6: energiø bornholm,
6,energiø bornholm,6: energiø bornholm,
6,energiø bornholm,6: energiø bornholm,
6,energiø bornholm,6: energiø bornholm,
6,energiø bornholm,6: energiø bornholm,
6,energiø bornholm,6: energiø bornholm,
6,energiø bornholm,6: energiø bornholm,
6,energiø bornholm,6: energiø bornholm,
6,energiø bornholm,6: energiø bornholm,
6,energiø bornholm,6: energiø bornholm,
6,energiø bornholm,6: energiø bornholm,
6,energiø bornholm,6: energiø bornholm,
6,energiø bornholm,6: energiø bornholm,
6,energiø bornholm,6: energiø bornholm,
6,energiø bornholm,6: energiø bornholm,
6,energiø bornholm,6: energiø bornholm,
6,energiø bornholm,6: energiø bornholm,
6,energiø bornholm,6: energiø bornholm,
6,energiø bornholm,6: energiø bornholm,
6,energiø bornholm,6: energiø bornholm,
6,energiø bornholm,6: energiø bornholm,
6,energiø bornholm,6: energiø bornholm,
6,energiø bornholm,6: energiø bornholm,
6,energiø bornholm,6: energiø bornholm,
6,energiø bornholm,6: energiø bornholm,
6,energiø bornholm,6: energiø bornholm,
6,energiø bornholm,6: energiø bornholm,
6,energiø bornholm,6: energiø bornholm,
6,energiø bornholm,6: energiø bornholm,
6,energiø bornholm,6: energiø bornholm,
6,energiø bornholm,6: energiø bornholm,
6,energiø bornholm,6: energiø bornholm,
6,energiø bornholm,6: energiø bornholm,
6,energiø bornholm,6: energiø bornholm,
6,energiø bornholm,6: energiø bornholm,
6,energiø bornholm,6: energiø bornholm,
6,energiø bornholm,6: energiø bornholm,
6,energiø bornholm,6: energiø bornholm,
6,energiø bornholm,6: energiø bornholm,
6,energiø bornholm,6: energiø bornholm,
6,energiø bornholm,6: energiø bornholm,
6,energiø bornholm,6: energiø bornholm,
6,energiø bornholm,6: energiø bornholm,
6,energiø bornholm,6: energiø bornholm,
6,energiø bornholm,6: energiø bornholm,
6,energiø bornholm,6: energiø bornholm,
6,energiø bornholm,6: energiø bornholm,
6,energiø bornholm,6: energiø bornholm,
6,energiø bornholm,6: energiø bornholm,
6,energiø bornholm,6: energiø bornholm,
6,energiø bornholm,6: energiø bornholm,
6,energiø bornholm,6: energiø bornholm,
6,energiø bornholm,6: energiø bornholm,
6,energiø bornholm,6: energiø bornholm,
6,energiø bornholm,6: energiø bornholm,
6,energiø bornholm,6: energiø bornholm,
6,energiø bornholm,6: energiø bornholm,
6,energiø bornholm,6: energiø bornholm,
6,energiø bornholm,6: energiø bornholm,
6,energiø bornholm,6: energiø bornholm,
6,energiø bornholm,6: energiø bornholm,
6,energiø bornholm,6: energiø bornholm,
6,energiø bornholm,6: energiø bornholm,
6,energiø bornholm,6: energiø bornholm,
6,energiø bornholm,6: energiø bornholm,
6,energiø bornholm,6: energiø bornholm,
6,energiø bornholm,6: energiø bornholm,
6,energiø bornholm,6: energiø bornholm,
6,energiø bornholm,6: energiø bornholm,
6,energiø bornholm,6: energiø bornholm,
6,energiø bornholm,6: energiø bornholm,
6,energiø bornholm,6: energiø bornholm,
6,energiø bornholm,6: energiø bornholm,
6,energiø bornholm,6: energiø bornholm,
6,energiø bornholm,6: energiø bornholm,
6,energiø bornholm,6: energiø bornholm,
6,energiø bornholm,6: energiø bornholm,
6,energiø bornholm,6: energiø bornholm,
6,energiø bornholm,6: energiø bornholm,
6,energiø bornholm,6: energiø bornholm,
6,energiø bornholm,6: energiø bornholm,
6,energiø bornholm,6: energiø bornholm,
6,energiø bornholm,6: energiø bornholm,
6,energiø bornholm,6: energiø bornholm,
6,energiø bornholm,6: energiø bornholm,
6,energiø bornholm,6: energiø bornholm,
6,energiø bornholm,6: energiø bornholm,
6,energiø bornholm,6: energiø bornholm,
6,energiø bornholm,6: energiø bornholm,
6,energiø bornholm,6: energiø bornholm,
6,energiø bornholm,6: energiø bornholm,
6,energiø bornholm,6: energiø bornholm,
6,energiø bornholm,6: energiø bornholm,
6,energiø bornholm,6: energiø bornholm,
6,energiø bornholm,6: energiø bornholm,
6,energiø bornholm,6: energiø bornholm,
6,energiø bornholm,6: energiø bornholm,
6,energiø bornholm,6: energiø bornholm,
6,energiø bornholm,6: energiø bornholm,
6,energiø bornholm,6: energiø bornholm,
6,energiø bornholm,6: energiø bornholm,
6,energiø bornholm,6: energiø bornholm,
6,energiø bornholm,6: energiø bornholm,
6,energiø bornholm,6: energiø bornholm,
6,energiø bornholm,6: energiø bornholm,
6,energiø bornholm,6: energiø bornholm,
6,energiø bornholm,6: energiø bornholm,
6,energiø bornholm,6: energiø bornholm,
6,energiø bornholm,6: energiø bornholm,
6,energiø bornholm,6: energiø bornholm,
6,energiø bornholm,6: energiø bornholm,
6,energiø bornholm,6: energiø bornholm,
6,energiø bornholm,6: energiø bornholm,
6,energiø bornholm,6: energiø bornholm,
6,energiø bornholm,6: energiø bornholm,
6,energiø bornholm,6: energiø bornholm,
6,energiø bornholm,6: energiø bornholm,
6,energiø bornholm,6: energiø bornholm,
6,energiø bornholm,6: energiø bornholm,
6,energiø bornholm,6: energiø bornholm,
6,energiø bornholm,6: energiø bornholm,
6,energiø bornholm,6: energiø bornholm,
6,energiø bornholm,6: energiø bornholm,
6,energiø bornholm,6: energiø bornholm,
6,energiø bornholm,6: energiø bornholm,
6,energiø bornholm,6: energiø bornholm,
6,energiø bornholm,6: energiø bornholm,
6,energiø bornholm,6: energiø bornholm,
6,energiø bornholm,6: energiø bornholm,
6,energiø bornholm,6: energiø bornholm,
6,energiø bornholm,6: energiø bornholm,
6,energiø bornholm,6: energiø bornholm,
6,energiø bornholm,6: energiø bornholm,
6,energiø bornholm,6: energiø bornholm,
6,energiø bornholm,6: energiø bornholm,
6,energiø bornholm,6: energiø bornholm,
6,energiø bornholm,6: energiø bornholm,
6,energiø bornholm,6: energiø bornholm,
6,energiø bornholm,6: energiø bornholm,
6,energiø bornholm,6: energiø bornholm,
6,energiø bornholm,6: energiø bornholm,
6,energiø bornholm,6: energiø bornholm,
6,energiø bornholm,6: energiø bornholm,
6,energiø bornholm,6: energiø bornholm,
6,energiø bornholm,6: energiø bornholm,
6,energiø bornholm,6: energiø bornholm,
2,municip council,2: municip council,
2,municip council,2: municip council,
2,municip council,2: municip council,
2,municip council,2: municip council,
2,municip council,2: municip council,
2,municip council,2: municip council,
2,municip council,2: municip council,
2,municip council,2: municip council,
2,municip council,2: municip council,
2,municip council,2: municip council,
2,municip council,2: municip council,
2,municip council,2: municip council,
2,municip council,2: municip council,
2,municip council,2: municip council,
2,municip council,2: municip council,
2,municip council,2: municip council,
2,municip council,2: municip council,
2,municip council,2: municip council,
2,municip council,2: municip council,
2,municip council,2: municip council,
2,municip council,2: municip council,
2,municip council,2: municip council,
2,municip council,2: municip council,
2,municip council,2: municip council,
2,municip council,2: municip council,
2,municip council,2: municip council,
2,municip council,2: municip council,
2,municip council,2: municip council,
2,municip council,2: municip council,
2,municip council,2: municip council,
2,municip council,2: municip council,
2,municip council,2: municip council,
2,municip council,2: municip council,
2,municip council,2: municip council,
2,municip council,2: municip council,
2,municip council,2: municip council,
2,municip council,2: municip council,
2,municip council,2: municip council,
2,municip council,2: municip council,
2,municip council,2: municip council,
2,municip council,2: municip council,
2,municip council,2: municip council,
2,municip council,2: municip council,
2,municip council,2: municip council,
2,municip council,2: municip council,
2,municip council,2: municip council,
2,municip council,2: municip council,
2,municip council,2: municip council,
2,municip council,2: municip council,
2,municip council,2: municip council,
2,municip council,2: municip council,
2,municip council,2: municip council,
2,municip council,2: municip council,
2,municip council,2: municip council,
2,municip council,2: municip council,
2,municip council,2: municip council,
2,municip council,2: municip council,
2,municip council,2: municip council,
2,municip council,2: municip council,
2,municip council,2: municip council,
2,municip council,2: municip council,
2,municip council,2: municip council,
2,municip council,2: municip council,
2,municip council,2: municip council,
2,municip council,2: municip council,
2,municip council,2: municip council,
2,municip council,2: municip council,
2,municip council,2: municip council,
2,municip council,2: municip council,
2,municip council,2: municip council,
2,municip council,2: municip council,
2,municip council,2: municip council,
2,municip council,2: municip council,
2,municip council,2: municip council,
2,municip council,2: municip council,
2,municip council,2: municip council,
2,municip council,2: municip council,
2,municip council,2: municip council,
2,municip council,2: municip council,
2,municip council,2: municip council,
2,municip council,2: municip council,
2,municip council,2: municip council,
2,municip council,2: municip council,
2,municip council,2: municip council,
2,municip council,2: municip council,
2,municip council,2: municip council,
2,municip council,2: municip council,
2,municip council,2: municip council,
2,municip council,2: municip council,
2,municip council,2: municip council,
2,municip council,2: municip council,
2,municip council,2: municip council,
2,municip council,2: municip council,
2,municip council,2: municip council,
2,municip council,2: municip council,
2,municip council,2: municip council,
2,municip council,2: municip council,
2,municip council,2: municip council,
2,municip council,2: municip council,
2,municip council,2: municip council,
2,municip council,2: municip council,
2,municip council,2: municip council,
2,municip council,2: municip council,
2,municip council,2: municip council,
2,municip council,2: municip council,
2,municip council,2: municip council,
2,municip council,2: municip council,
2,municip council,2: municip council,
2,municip council,2: municip council,
2,municip council,2: municip council,
2,municip council,2: municip council,
2,municip council,2: municip council,
2,municip council,2: municip council,
2,municip council,2: municip council,
2,municip council,2: municip council,
2,municip council,2: municip council,
2,municip council,2: municip council,
2,municip council,2: municip council,
2,municip council,2: municip council,
2,municip council,2: municip council,
2,municip council,2: municip council,
2,municip council,2: municip council,
2,municip council,2: municip council,
2,municip council,2: municip council,
2,municip council,2: municip council,
2,municip council,2: municip council,
2,municip council,2: municip council,
2,municip council,2: municip council,
2,municip council,2: municip council,
2,municip council,2: municip council,
2,municip council,2: municip council,
2,municip council,2: municip council,
2,municip council,2: municip council,
2,municip council,2: municip council,
2,municip council,2: municip council,
2,municip council,2: municip council,
2,municip council,2: municip council,
2,municip council,2: municip council,
2,municip council,2: municip council,
2,municip council,2: municip council,
2,municip council,2: municip council,
2,municip council,2: municip council,
2,municip council,2: municip council,
2,municip council,2: municip council,
2,municip council,2: municip council,
2,municip council,2: municip council,
2,municip council,2: municip council,
2,municip council,2: municip council,
2,municip council,2: municip council,
2,municip council,2: municip council,
2,municip council,2: municip council,
2,municip council,2: municip council,
2,municip council,2: municip council,
2,municip council,2: municip council,
2,municip council,2: municip council,
2,municip council,2: municip council,
4,baltic sea,4: baltic sea,
4,baltic sea,4: baltic sea,
4,baltic sea,4: baltic sea,
4,baltic sea,4: baltic sea,
4,baltic sea,4: baltic sea,
4,baltic sea,4: baltic sea,
4,baltic sea,4: baltic sea,
4,baltic sea,4: baltic sea,
4,baltic sea,4: baltic sea,
4,baltic sea,4: baltic sea,
4,baltic sea,4: baltic sea,
4,baltic sea,4: baltic sea,
4,baltic sea,4: baltic sea,
4,baltic sea,4: baltic sea,
4,baltic sea,4: baltic sea,
4,baltic sea,4: baltic sea,
4,baltic sea,4: baltic sea,
4,baltic sea,4: baltic sea,
4,baltic sea,4: baltic sea,
4,baltic sea,4: baltic sea,
4,baltic sea,4: baltic sea,
4,baltic sea,4: baltic sea,
4,baltic sea,4: baltic sea,
4,baltic sea,4: baltic sea,
4,baltic sea,4: baltic sea,
4,baltic sea,4: baltic sea,
4,baltic sea,4: baltic sea,
4,baltic sea,4: baltic sea,
4,baltic sea,4: baltic sea,
4,baltic sea,4: baltic sea,
4,baltic sea,4: baltic sea,
4,baltic sea,4: baltic sea,
4,baltic sea,4: baltic sea,
4,baltic sea,4: baltic sea,
4,baltic sea,4: baltic sea,
4,baltic sea,4: baltic sea,
4,baltic sea,4: baltic sea,
4,baltic sea,4: baltic sea,
4,baltic sea,4: baltic sea,
4,baltic sea,4: baltic sea,
4,baltic sea,4: baltic sea,
4,baltic sea,4: baltic sea,
4,baltic sea,4: baltic sea,
4,baltic sea,4: baltic sea,
4,baltic sea,4: baltic sea,
4,baltic sea,4: baltic sea,
4,baltic sea,4: baltic sea,
4,baltic sea,4: baltic sea,
4,baltic sea,4: baltic sea,
4,baltic sea,4: baltic sea,
4,baltic sea,4: baltic sea,
4,baltic sea,4: baltic sea,
4,baltic sea,4: baltic sea,
4,baltic sea,4: baltic sea,
4,baltic sea,4: baltic sea,
4,baltic sea,4: baltic sea,
4,baltic sea,4: baltic sea,
4,baltic sea,4: baltic sea,
4,baltic sea,4: baltic sea,
4,baltic sea,4: baltic sea,
4,baltic sea,4: baltic sea,
4,baltic sea,4: baltic sea,
4,baltic sea,4: baltic sea,
4,baltic sea,4: baltic sea,
4,baltic sea,4: baltic sea,
4,baltic sea,4: baltic sea,
4,baltic sea,4: baltic sea,
4,baltic sea,4: baltic sea,
4,baltic sea,4: baltic sea,
4,baltic sea,4: baltic sea,
4,baltic sea,4: baltic sea,
4,baltic sea,4: baltic sea,
4,baltic sea,4: baltic sea,
4,baltic sea,4: baltic sea,
4,baltic sea,4: baltic sea,
4,baltic sea,4: baltic sea,
4,baltic sea,4: baltic sea,
4,baltic sea,4: baltic sea,
4,baltic sea,4: baltic sea,
4,baltic sea,4: baltic sea,
4,baltic sea,4: baltic sea,
4,baltic sea,4: baltic sea,
4,baltic sea,4: baltic sea,
4,baltic sea,4: baltic sea,
4,baltic sea,4: baltic sea,
4,baltic sea,4: baltic sea,
4,baltic sea,4: baltic sea,
4,baltic sea,4: baltic sea,
4,baltic sea,4: baltic sea,
4,baltic sea,4: baltic sea,
4,baltic sea,4: baltic sea,
4,baltic sea,4: baltic sea,
4,baltic sea,4: baltic sea,
4,baltic sea,4: baltic sea,
4,baltic sea,4: baltic sea,
4,baltic sea,4: baltic sea,
4,baltic sea,4: baltic sea,
4,baltic sea,4: baltic sea,
4,baltic sea,4: baltic sea,
4,baltic sea,4: baltic sea,
4,baltic sea,4: baltic sea,
4,baltic sea,4: baltic sea,
4,baltic sea,4: baltic sea,
4,baltic sea,4: baltic sea,
4,baltic sea,4: baltic sea,
4,baltic sea,4: baltic sea,
4,baltic sea,4: baltic sea,
4,baltic sea,4: baltic sea,
4,baltic sea,4: baltic sea,
4,baltic sea,4: baltic sea,
4,baltic sea,4: baltic sea,
4,baltic sea,4: baltic sea,
4,baltic sea,4: baltic sea,
4,baltic sea,4: baltic sea,
4,baltic sea,4: baltic sea,
4,baltic sea,4: baltic sea,
4,baltic sea,4: baltic sea,
4,baltic sea,4: baltic sea,
4,baltic sea,4: baltic sea,
4,baltic sea,4: baltic sea,
4,baltic sea,4: baltic sea,
4,baltic sea,4: baltic sea,
4,baltic sea,4: baltic sea,
4,baltic sea,4: baltic sea,
4,baltic sea,4: baltic sea,
4,baltic sea,4: baltic sea,
4,baltic sea,4: baltic sea,
4,baltic sea,4: baltic sea,
4,baltic sea,4: baltic sea,
4,baltic sea,4: baltic sea,
4,baltic sea,4: baltic sea,
4,baltic sea,4: baltic sea,
4,baltic sea,4: baltic sea,
4,baltic sea,4: baltic sea,
4,baltic sea,4: baltic sea,
4,baltic sea,4: baltic sea,
4,baltic sea,4: baltic sea,
4,baltic sea,4: baltic sea,
2,municip council,2: municip council,
2,municip council,2: municip council,
2,municip council,2: municip council,
2,municip council,2: municip council,
2,municip council,2: municip council,
2,municip council,2: municip council,
2,municip council,2: municip council,
2,municip council,2: municip council,
2,municip council,2: municip council,
2,municip council,2: municip council,
2,municip council,2: municip council,
2,municip council,2: municip council,
2,municip council,2: municip council,
2,municip council,2: municip council,
2,municip council,2: municip council,
2,municip council,2: municip council,
2,municip council,2: municip council,
2,municip council,2: municip council,
2,municip council,2: municip council,
2,municip council,2: municip council,
2,municip council,2: municip council,
2,municip council,2: municip council,
2,municip council,2: municip council,
2,municip council,2: municip council,
2,municip council,2: municip council,
2,municip council,2: municip council,
2,municip council,2: municip council,
2,municip council,2: municip council,
2,municip council,2: municip council,
2,municip council,2: municip council,
2,municip council,2: municip council,
2,municip council,2: municip council,
2,municip council,2: municip council,
2,municip council,2: municip council,
2,municip council,2: municip council,
2,municip council,2: municip council,
2,municip council,2: municip council,
2,municip council,2: municip council,
2,municip council,2: municip council,
2,municip council,2: municip council,
2,municip council,2: municip council,
2,municip council,2: municip council,
2,municip council,2: municip council,
2,municip council,2: municip council,
2,municip council,2: municip council,
2,municip council,2: municip council,
2,municip council,2: municip council,
2,municip council,2: municip council,
2,municip council,2: municip council,
2,municip council,2: municip council,
2,municip council,2: municip council,
2,municip council,2: municip council,
2,municip council,2: municip council,
2,municip council,2: municip council,
2,municip council,2: municip council,
2,municip council,2: municip council,
2,municip council,2: municip council,
2,municip council,2: municip council,
2,municip council,2: municip council,
2,municip council,2: municip council,
2,municip council,2: municip council,
2,municip council,2: municip council,
2,municip council,2: municip council,
2,municip council,2: municip council,
2,municip council,2: municip council,
2,municip council,2: municip council,
2,municip council,2: municip council,
2,municip council,2: municip council,
2,municip council,2: municip council,
2,municip council,2: municip council,
2,municip council,2: municip council,
2,municip council,2: municip council,
2,municip council,2: municip council,
2,municip council,2: municip council,
2,municip council,2: municip council,
2,municip council,2: municip council,
2,municip council,2: municip council,
2,municip council,2: municip council,
2,municip council,2: municip council,
2,municip council,2: municip council,
2,municip council,2: municip council,
2,municip council,2: municip council,
2,municip council,2: municip council,
2,municip council,2: municip council,
2,municip council,2: municip council,
2,municip council,2: municip council,
2,municip council,2: municip council,
2,municip council,2: municip council,
2,municip council,2: municip council,
2,municip council,2: municip council,
2,municip council,2: municip council,
2,municip council,2: municip council,
2,municip council,2: municip council,
2,municip council,2: municip council,
2,municip council,2: municip council,
2,municip council,2: municip council,
2,municip council,2: municip council,
2,municip council,2: municip council,
2,municip council,2: municip council,
2,municip council,2: municip council,
2,municip council,2: municip council,
2,municip council,2: municip council,
2,municip council,2: municip council,
2,municip council,2: municip council,
2,municip council,2: municip council,
2,municip council,2: municip council,
2,municip council,2: municip council,
2,municip council,2: municip council,
2,municip council,2: municip council,
2,municip council,2: municip council,
2,municip council,2: municip council,
2,municip council,2: municip council,
2,municip council,2: municip council,
2,municip council,2: municip council,
2,municip council,2: municip council,
2,municip council,2: municip council,
2,municip council,2: municip council,
2,municip council,2: municip council,
2,municip council,2: municip council,
2,municip council,2: municip council,
2,municip council,2: municip council,
2,municip council,2: municip council,
2,municip council,2: municip council,
2,municip council,2: municip council,
2,municip council,2: municip council,
2,municip council,2: municip council,
2,municip council,2: municip council,
2,municip council,2: municip council,
2,municip council,2: municip council,
2,municip council,2: municip council,
2,municip council,2: municip council,
2,municip council,2: municip council,
2,municip council,2: municip council,
2,municip council,2: municip council,
2,municip council,2: municip council,
2,municip council,2: municip council,
2,municip council,2: municip council,
2,municip council,2: municip council,
2,municip council,2: municip council,
2,municip council,2: municip council,
2,municip council,2: municip council,
2,municip council,2: municip council,
2,municip council,2: municip council,
2,municip council,2: municip council,
2,municip council,2: municip council,
2,municip council,2: municip council,
2,municip council,2: municip council,
2,municip council,2: municip council,
2,municip council,2: municip council,
2,municip council,2: municip council,
2,municip council,2: municip council,
2,municip council,2: municip council,
2,municip council,2: municip council,
2,municip council,2: municip council,
2,municip council,2: municip council,
2,municip council,2: municip council,
2,municip council,2: municip council,
2,municip council,2: municip council,
2,municip council,2: municip council,
2,municip council,2: municip council,
2,municip council,2: municip council,
2,municip council,2: municip council,
2,municip council,2: municip council,
2,municip council,2: municip council,
2,municip council,2: municip council,
2,municip council,2: municip council,
2,municip council,2: municip council,
2,municip council,2: municip council,
2,municip council,2: municip council,
2,municip council,2: municip council,
2,municip council,2: municip council,
2,municip council,2: municip council,
2,municip council,2: municip council,
2,municip council,2: municip council,
2,municip council,2: municip council,
2,municip council,2: municip council,
2,municip council,2: municip council,
2,municip council,2: municip council,
2,municip council,2: municip council,
2,municip council,2: municip council,
2,municip council,2: municip council,
2,municip council,2: municip council,
2,municip council,2: municip council,
2,municip council,2: municip council,
2,municip council,2: municip council,
2,municip council,2: municip council,
2,municip council,2: municip council,
2,municip council,2: municip council,
2,municip council,2: municip council,
2,municip council,2: municip council,
2,municip council,2: municip council,
2,municip council,2: municip council,
2,municip council,2: municip council,
2,municip council,2: municip council,
2,municip council,2: municip council,
2,municip council,2: municip council,
2,municip council,2: municip council,
2,municip council,2: municip council,
2,municip council,2: municip council,
2,municip council,2: municip council,
2,municip council,2: municip council,
2,municip council,2: municip council,
2,municip council,2: municip council,
2,municip council,2: municip council,
2,municip council,2: municip council,
2,municip council,2: municip council,
2,municip council,2: municip council,
2,municip council,2: municip council,
2,municip council,2: municip council,
2,municip council,2: municip council,
2,municip council,2: municip council,
2,municip council,2: municip council,
2,municip council,2: municip council,
2,municip council,2: municip council,
2,municip council,2: municip council,
2,municip council,2: municip council,
2,municip council,2: municip council,
2,municip council,2: municip council,
2,municip council,2: municip council,
2,municip council,2: municip council,
2,municip council,2: municip council,
2,municip council,2: municip council,
2,municip council,2: municip council,
2,municip council,2: municip council,
2,municip council,2: municip council,
2,municip council,2: municip council,
2,municip council,2: municip council,
2,municip council,2: municip council,
2,municip council,2: municip council,
2,municip council,2: municip council,
2,municip council,2: municip council,
2,municip council,2: municip council,
2,municip council,2: municip council,
2,municip council,2: municip council,
2,municip council,2: municip council,
2,municip council,2: municip council,
2,municip council,2: municip council,
2,municip council,2: municip council,
2,municip council,2: municip council,
2,municip council,2: municip council,
2,municip council,2: municip council,
2,municip council,2: municip council,
2,municip council,2: municip council,
2,municip council,2: municip council,
2,municip council,2: municip council,
2,municip council,2: municip council,
2,municip council,2: municip council,
2,municip council,2: municip council,
2,municip council,2: municip council,
2,municip council,2: municip council,
2,municip council,2: municip council,
2,municip council,2: municip council,
2,municip council,2: municip council,
2,municip council,2: municip council,
2,municip council,2: municip council,
2,municip council,2: municip council,
2,municip council,2: municip council,
2,municip council,2: municip council,
2,municip council,2: municip council,
2,municip council,2: municip council,
2,municip council,2: municip council,
2,municip council,2: municip council,
2,municip council,2: municip council,
2,municip council,2: municip council,
2,municip council,2: municip council,
2,municip council,2: municip council,
2,municip council,2: municip council,
2,municip council,2: municip council,
2,municip council,2: municip council,
2,municip council,2: municip council,
2,municip council,2: municip council,
2,municip council,2: municip council,
2,municip council,2: municip council,
2,municip council,2: municip council,
2,municip council,2: municip council,
2,municip council,2: municip council,
2,municip council,2: municip council,
2,municip council,2: municip council,
2,municip council,2: municip council,
2,municip council,2: municip council,
2,municip council,2: municip council,
2,municip council,2: municip council,
2,municip council,2: municip council,
2,municip council,2: municip council,
2,municip council,2: municip council,
2,municip council,2: municip council,
2,municip council,2: municip council,
2,municip council,2: municip council,
2,municip council,2: municip council,
2,municip council,2: municip council,
2,municip council,2: municip council,
2,municip council,2: municip council,
2,municip council,2: municip council,
2,municip council,2: municip council,
2,municip council,2: municip council,
2,municip council,2: municip council,
2,municip council,2: municip council,
2,municip council,2: municip council,
2,municip council,2: municip council,
2,municip council,2: municip council,
2,municip council,2: municip council,
2,municip council,2: municip council,
2,municip council,2: municip council,
2,municip council,2: municip council,
2,municip council,2: municip council,
2,municip council,2: municip council,
2,municip council,2: municip council,
2,municip council,2: municip council,
2,municip council,2: municip council,
2,municip council,2: municip council,
2,municip council,2: municip council,
2,municip council,2: municip council,
2,municip council,2: municip council,
2,municip council,2: municip council,
2,municip council,2: municip council,
2,municip council,2: municip council,
2,municip council,2: municip council,
2,municip council,2: municip council,
2,municip council,2: municip council,
2,municip council,2: municip council,
2,municip council,2: municip council,
2,municip council,2: municip council,
2,municip council,2: municip council,
2,municip council,2: municip council,
2,municip council,2: municip council,
2,municip council,2: municip council,
2,municip council,2: municip council,
2,municip council,2: municip council,
2,municip council,2: municip council,
2,municip council,2: municip council,
2,municip council,2: municip council,
2,municip council,2: municip council,
2,municip council,2: municip council,
2,municip council,2: municip council,
2,municip council,2: municip council,
2,municip council,2: municip council,
2,municip council,2: municip council,
2,municip council,2: municip council,
2,municip council,2: municip council,
2,municip council,2: municip council,
2,municip council,2: municip council,
2,municip council,2: municip council,
2,municip council,2: municip council,
2,municip council,2: municip council,
2,municip council,2: municip council,
2,municip council,2: municip council,
2,municip council,2: municip council,
2,municip council,2: municip council,
2,municip council,2: municip council,
2,municip council,2: municip council,
2,municip council,2: municip council,
2,municip council,2: municip council,
2,municip council,2: municip council,
2,municip council,2: municip council,
2,municip council,2: municip council,
2,municip council,2: municip council,
2,municip council,2: municip council,
2,municip council,2: municip council,
2,municip council,2: municip council,
2,municip council,2: municip council,
2,municip council,2: municip council,
2,municip council,2: municip council,
2,municip council,2: municip council,
2,municip council,2: municip council,
2,municip council,2: municip council,
2,municip council,2: municip council,
2,municip council,2: municip council,
2,municip council,2: municip council,
2,municip council,2: municip council,
2,municip council,2: municip council,
2,municip council,2: municip council,
2,municip council,2: municip council,
2,municip council,2: municip council,
2,municip council,2: municip council,
2,municip council,2: municip council,
2,municip council,2: municip council,
2,municip council,2: municip council,
2,municip council,2: municip council,
2,municip council,2: municip council,
2,municip council,2: municip council,
2,municip council,2: municip council,
2,municip council,2: municip council,
2,municip council,2: municip council,
2,municip council,2: municip council,
2,municip council,2: municip council,
2,municip council,2: municip council,
2,municip council,2: municip council,
2,municip council,2: municip council,
2,municip council,2: municip council,
2,municip council,2: municip council,
2,municip council,2: municip council,
2,municip council,2: municip council,
2,municip council,2: municip council,
2,municip council,2: municip council,
2,municip council,2: municip council,
2,municip council,2: municip council,
2,municip council,2: municip council,
2,municip council,2: municip council,
2,municip council,2: municip council,
2,municip council,2: municip council,
2,municip council,2: municip council,
2,municip council,2: municip council,
2,municip council,2: municip council,
2,municip council,2: municip council,
2,municip council,2: municip council,
2,municip council,2: municip council,
2,municip council,2: municip council,
2,municip council,2: municip council,
2,municip council,2: municip council,
2,municip council,2: municip council,
2,municip council,2: municip council,
2,municip council,2: municip council,
2,municip council,2: municip council,
2,municip council,2: municip council,
2,municip council,2: municip council,
2,municip council,2: municip council,
2,municip council,2: municip council,
2,municip council,2: municip council,
2,municip council,2: municip council,
2,municip council,2: municip council,
2,municip council,2: municip council,
2,municip council,2: municip council,
2,municip council,2: municip council,
2,municip council,2: municip council,
2,municip council,2: municip council,
2,municip council,2: municip council,
2,municip council,2: municip council,
2,municip council,2: municip council,
2,municip council,2: municip council,
2,municip council,2: municip council,
2,municip council,2: municip council,
2,municip council,2: municip council,
2,municip council,2: municip council,
2,municip council,2: municip council,
2,municip council,2: municip council,
2,municip council,2: municip council,
2,municip council,2: municip council,
2,municip council,2: municip council,
2,municip council,2: municip council,
2,municip council,2: municip council,
2,municip council,2: municip council,
2,municip council,2: municip council,
2,municip council,2: municip council,
2,municip council,2: municip council,
2,municip council,2: municip council,
2,municip council,2: municip council,
2,municip council,2: municip council,
2,municip council,2: municip council,
2,municip council,2: municip council,
2,municip council,2: municip council,
2,municip council,2: municip council,
2,municip council,2: municip council,
2,municip council,2: municip council,
2,municip council,2: municip council,
2,municip council,2: municip council,
2,municip council,2: municip council,
2,municip council,2: municip council,
2,municip council,2: municip council,
2,municip council,2: municip council,
2,municip council,2: municip council,
2,municip council,2: municip council,
2,municip council,2: municip council,
2,municip council,2: municip council,
2,municip council,2: municip council,
2,municip council,2: municip council,
2,municip council,2: municip council,
2,municip council,2: municip council,
2,municip council,2: municip council,
3,offshor wind,3: offshor wind,
3,offshor wind,3: offshor wind,
3,offshor wind,3: offshor wind,
3,offshor wind,3: offshor wind,
3,offshor wind,3: offshor wind,
3,offshor wind,3: offshor wind,
3,offshor wind,3: offshor wind,
3,offshor wind,3: offshor wind,
3,offshor wind,3: offshor wind,
3,offshor wind,3: offshor wind,
3,offshor wind,3: offshor wind,
3,offshor wind,3: offshor wind,
3,offshor wind,3: offshor wind,
3,offshor wind,3: offshor wind,
3,offshor wind,3: offshor wind,
3,offshor wind,3: offshor wind,
3,offshor wind,3: offshor wind,
3,offshor wind,3: offshor wind,
3,offshor wind,3: offshor wind,
3,offshor wind,3: offshor wind,
3,offshor wind,3: offshor wind,
3,offshor wind,3: offshor wind,
3,offshor wind,3: offshor wind,
3,offshor wind,3: offshor wind,
3,offshor wind,3: offshor wind,
3,offshor wind,3: offshor wind,
3,offshor wind,3: offshor wind,
3,offshor wind,3: offshor wind,
3,offshor wind,3: offshor wind,
3,offshor wind,3: offshor wind,
3,offshor wind,3: offshor wind,
3,offshor wind,3: offshor wind,
3,offshor wind,3: offshor wind,
3,offshor wind,3: offshor wind,
3,offshor wind,3: offshor wind,
3,offshor wind,3: offshor wind,
3,offshor wind,3: offshor wind,
3,offshor wind,3: offshor wind,
3,offshor wind,3: offshor wind,
3,offshor wind,3: offshor wind,
3,offshor wind,3: offshor wind,
3,offshor wind,3: offshor wind,
3,offshor wind,3: offshor wind,
3,offshor wind,3: offshor wind,
3,offshor wind,3: offshor wind,
3,offshor wind,3: offshor wind,
3,offshor wind,3: offshor wind,
3,offshor wind,3: offshor wind,
3,offshor wind,3: offshor wind,
3,offshor wind,3: offshor wind,
3,offshor wind,3: offshor wind,
3,offshor wind,3: offshor wind,
3,offshor wind,3: offshor wind,
3,offshor wind,3: offshor wind,
3,offshor wind,3: offshor wind,
3,offshor wind,3: offshor wind,
3,offshor wind,3: offshor wind,
3,offshor wind,3: offshor wind,
3,offshor wind,3: offshor wind,
3,offshor wind,3: offshor wind,
3,offshor wind,3: offshor wind,
3,offshor wind,3: offshor wind,
3,offshor wind,3: offshor wind,
3,offshor wind,3: offshor wind,
3,offshor wind,3: offshor wind,
3,offshor wind,3: offshor wind,
3,offshor wind,3: offshor wind,
3,offshor wind,3: offshor wind,
3,offshor wind,3: offshor wind,
3,offshor wind,3: offshor wind,
3,offshor wind,3: offshor wind,
3,offshor wind,3: offshor wind,
3,offshor wind,3: offshor wind,
3,offshor wind,3: offshor wind,
3,offshor wind,3: offshor wind,
3,offshor wind,3: offshor wind,
3,offshor wind,3: offshor wind,
3,offshor wind,3: offshor wind,
3,offshor wind,3: offshor wind,
3,offshor wind,3: offshor wind,
3,offshor wind,3: offshor wind,
3,offshor wind,3: offshor wind,
3,offshor wind,3: offshor wind,
3,offshor wind,3: offshor wind,
3,offshor wind,3: offshor wind,
3,offshor wind,3: offshor wind,
3,offshor wind,3: offshor wind,
3,offshor wind,3: offshor wind,
3,offshor wind,3: offshor wind,
3,offshor wind,3: offshor wind,
3,offshor wind,3: offshor wind,
3,offshor wind,3: offshor wind,
3,offshor wind,3: offshor wind,
3,offshor wind,3: offshor wind,
3,offshor wind,3: offshor wind,
3,offshor wind,3: offshor wind,
3,offshor wind,3: offshor wind,
3,offshor wind,3: offshor wind,
3,offshor wind,3: offshor wind,
3,offshor wind,3: offshor wind,
3,offshor wind,3: offshor wind,
3,offshor wind,3: offshor wind,
3,offshor wind,3: offshor wind,
3,offshor wind,3: offshor wind,
3,offshor wind,3: offshor wind,
3,offshor wind,3: offshor wind,
3,offshor wind,3: offshor wind,
3,offshor wind,3: offshor wind,
3,offshor wind,3: offshor wind,
3,offshor wind,3: offshor wind,
3,offshor wind,3: offshor wind,
3,offshor wind,3: offshor wind,
3,offshor wind,3: offshor wind,
2,municip council,2: municip council,
2,municip council,2: municip council,
2,municip council,2: municip council,
2,municip council,2: municip council,
2,municip council,2: municip council,
2,municip council,2: municip council,
2,municip council,2: municip council,
2,municip council,2: municip council,
2,municip council,2: municip council,
2,municip council,2: municip council,
2,municip council,2: municip council,
2,municip council,2: municip council,
2,municip council,2: municip council,
2,municip council,2: municip council,
2,municip council,2: municip council,
2,municip council,2: municip council,
2,municip council,2: municip council,
2,municip council,2: municip council,
2,municip council,2: municip council,
2,municip council,2: municip council,
2,municip council,2: municip council,
2,municip council,2: municip council,
2,municip council,2: municip council,
2,municip council,2: municip council,
2,municip council,2: municip council,
2,municip council,2: municip council,
2,municip council,2: municip council,
2,municip council,2: municip council,
2,municip council,2: municip council,
2,municip council,2: municip council,
2,municip council,2: municip council,
2,municip council,2: municip council,
2,municip council,2: municip council,
2,municip council,2: municip council,
2,municip council,2: municip council,
2,municip council,2: municip council,
2,municip council,2: municip council,
2,municip council,2: municip council,
2,municip council,2: municip council,
2,municip council,2: municip council,
2,municip council,2: municip council,
2,municip council,2: municip council,
2,municip council,2: municip council,
2,municip council,2: municip council,
2,municip council,2: municip council,
2,municip council,2: municip council,
2,municip council,2: municip council,
2,municip council,2: municip council,
2,municip council,2: municip council,
2,municip council,2: municip council,
2,municip council,2: municip council,
2,municip council,2: municip council,
2,municip council,2: municip council,
2,municip council,2: municip council,
2,municip council,2: municip council,
2,municip council,2: municip council,
2,municip council,2: municip council,
2,municip council,2: municip council,
2,municip council,2: municip council,
2,municip council,2: municip council,
2,municip council,2: municip council,
2,municip council,2: municip council,
2,municip council,2: municip council,
2,municip council,2: municip council,
2,municip council,2: municip council,
2,municip council,2: municip council,
2,municip council,2: municip council,
2,municip council,2: municip council,
2,municip council,2: municip council,
2,municip council,2: municip council,
2,municip council,2: municip council,
2,municip council,2: municip council,
2,municip council,2: municip council,
2,municip council,2: municip council,
2,municip council,2: municip council,
2,municip council,2: municip council,
2,municip council,2: municip council,
2,municip council,2: municip council,
2,municip council,2: municip council,
2,municip council,2: municip council,
2,municip council,2: municip council,
2,municip council,2: municip council,
2,municip council,2: municip council,
2,municip council,2: municip council,
2,municip council,2: municip council,
2,municip council,2: municip council,
2,municip council,2: municip council,
2,municip council,2: municip council,
2,municip council,2: municip council,
2,municip council,2: municip council,
2,municip council,2: municip council,
2,municip council,2: municip council,
2,municip council,2: municip council,
2,municip council,2: municip council,
2,municip council,2: municip council,
2,municip council,2: municip council,
2,municip council,2: municip council,
2,municip council,2: municip council,
2,municip council,2: municip council,
2,municip council,2: municip council,
2,municip council,2: municip council,
2,municip council,2: municip council,
2,municip council,2: municip council,
2,municip council,2: municip council,
2,municip council,2: municip council,
2,municip council,2: municip council,
2,municip council,2: municip council,
2,municip council,2: municip council,
2,municip council,2: municip council,
2,municip council,2: municip council,
2,municip council,2: municip council,
2,municip council,2: municip council,
2,municip council,2: municip council,
2,municip council,2: municip council,
2,municip council,2: municip council,
2,municip council,2: municip council,
2,municip council,2: municip council,
2,municip council,2: municip council,
2,municip council,2: municip council,
2,municip council,2: municip council,
2,municip council,2: municip council,
2,municip council,2: municip council,
2,municip council,2: municip council,
2,municip council,2: municip council,
2,municip council,2: municip council,
2,municip council,2: municip council,
2,municip council,2: municip council,
2,municip council,2: municip council,
2,municip council,2: municip council,
2,municip council,2: municip council,
2,municip council,2: municip council,
2,municip council,2: municip council,
2,municip council,2: municip council,
2,municip council,2: municip council,
2,municip council,2: municip council,
2,municip council,2: municip council,
2,municip council,2: municip council,
2,municip council,2: municip council,
2,municip council,2: municip council,
2,municip council,2: municip council,
2,municip council,2: municip council,
2,municip council,2: municip council,
2,municip council,2: municip council,
2,municip council,2: municip council,
2,municip council,2: municip council,
2,municip council,2: municip council,
2,municip council,2: municip council,
2,municip council,2: municip council,
2,municip council,2: municip council,
2,municip council,2: municip council,
2,municip council,2: municip council,
2,municip council,2: municip council,
2,municip council,2: municip council,
2,municip council,2: municip council,
2,municip council,2: municip council,
2,municip council,2: municip council,
2,municip council,2: municip council,
2,municip council,2: municip council,
2,municip council,2: municip council,
2,municip council,2: municip council,
2,municip council,2: municip council,
2,municip council,2: municip council,
2,municip council,2: municip council,
2,municip council,2: municip council,
2,municip council,2: municip council,
2,municip council,2: municip council,
2,municip council,2: municip council,
2,municip council,2: municip council,
2,municip council,2: municip council,
2,municip council,2: municip council,
2,municip council,2: municip council,
2,municip council,2: municip council,
2,municip council,2: municip council,
2,municip council,2: municip council,
2,municip council,2: municip council,
2,municip council,2: municip council,
2,municip council,2: municip council,
2,municip council,2: municip council,
2,municip council,2: municip council,
2,municip council,2: municip council,
2,municip council,2: municip council,
2,municip council,2: municip council,
2,municip council,2: municip council,
2,municip council,2: municip council,
2,municip council,2: municip council,
2,municip council,2: municip council,
2,municip council,2: municip council,
2,municip council,2: municip council,
2,municip council,2: municip council,
2,municip council,2: municip council,
2,municip council,2: municip council,
2,municip council,2: municip council,
2,municip council,2: municip council,
2,municip council,2: municip council,
2,municip council,2: municip council,
2,municip council,2: municip council,
2,municip council,2: municip council,
2,municip council,2: municip council,
2,municip council,2: municip council,
2,municip council,2: municip council,
2,municip council,2: municip council,
2,municip council,2: municip council,
2,municip council,2: municip council,
2,municip council,2: municip council,
2,municip council,2: municip council,
2,municip council,2: municip council,
2,municip council,2: municip council,
2,municip council,2: municip council,
2,municip council,2: municip council,
2,municip council,2: municip council,
2,municip council,2: municip council,
2,municip council,2: municip council,
2,municip council,2: municip council,
2,municip council,2: municip council,
2,municip council,2: municip council,
2,municip council,2: municip council,
2,municip council,2: municip council,
2,municip council,2: municip council,
2,municip council,2: municip council,
2,municip council,2: municip council,
2,municip council,2: municip council,
2,municip council,2: municip council,
2,municip council,2: municip council,
2,municip council,2: municip council,
2,municip council,2: municip council,
2,municip council,2: municip council,
2,municip council,2: municip council,
2,municip council,2: municip council,
2,municip council,2: municip council,
2,municip council,2: municip council,
2,municip council,2: municip council,
2,municip council,2: municip council,
2,municip council,2: municip council,
2,municip council,2: municip council,
2,municip council,2: municip council,
2,municip council,2: municip council,
2,municip council,2: municip council,
2,municip council,2: municip council,
2,municip council,2: municip council,
2,municip council,2: municip council,
2,municip council,2: municip council,
2,municip council,2: municip council,
2,municip council,2: municip council,
2,municip council,2: municip council,
2,municip council,2: municip council,
2,municip council,2: municip council,
2,municip council,2: municip council,
2,municip council,2: municip council,
2,municip council,2: municip council,
2,municip council,2: municip council,
2,municip council,2: municip council,
2,municip council,2: municip council,
2,municip council,2: municip council,
2,municip council,2: municip council,
2,municip council,2: municip council,
2,municip council,2: municip council,
2,municip council,2: municip council,
2,municip council,2: municip council,
2,municip council,2: municip council,
2,municip council,2: municip council,
2,municip council,2: municip council,
2,municip council,2: municip council,
2,municip council,2: municip council,
2,municip council,2: municip council,
2,municip council,2: municip council,
2,municip council,2: municip council,
2,municip council,2: municip council,
2,municip council,2: municip council,
2,municip council,2: municip council,
2,municip council,2: municip council,
2,municip council,2: municip council,
2,municip council,2: municip council,
2,municip council,2: municip council,
2,municip council,2: municip council,
2,municip council,2: municip council,
2,municip council,2: municip council,
2,municip council,2: municip council,
2,municip council,2: municip council,
2,municip council,2: municip council,
2,municip council,2: municip council,
2,municip council,2: municip council,
2,municip council,2: municip council,
2,municip council,2: municip council,
2,municip council,2: municip council,
2,municip council,2: municip council,
2,municip council,2: municip council,
2,municip council,2: municip council,
2,municip council,2: municip council,
2,municip council,2: municip council,
2,municip council,2: municip council,
2,municip council,2: municip council,
2,municip council,2: municip council,
2,municip council,2: municip council,
2,municip council,2: municip council,
2,municip council,2: municip council,
2,municip council,2: municip council,
2,municip council,2: municip council,
2,municip council,2: municip council,
2,municip council,2: municip council,
2,municip council,2: municip council,
2,municip council,2: municip council,
2,municip council,2: municip council,
2,municip council,2: municip council,
2,municip council,2: municip council,
2,municip council,2: municip council,
2,municip council,2: municip council,
2,municip council,2: municip council,
2,municip council,2: municip council,
2,municip council,2: municip council,
2,municip council,2: municip council,
2,municip council,2: municip council,
2,municip council,2: municip council,
8,wind turbin,8: wind turbin,
8,wind turbin,8: wind turbin,
8,wind turbin,8: wind turbin,
8,wind turbin,8: wind turbin,
8,wind turbin,8: wind turbin,
8,wind turbin,8: wind turbin,
8,wind turbin,8: wind turbin,
8,wind turbin,8: wind turbin,
8,wind turbin,8: wind turbin,
8,wind turbin,8: wind turbin,
8,wind turbin,8: wind turbin,
8,wind turbin,8: wind turbin,
8,wind turbin,8: wind turbin,
8,wind turbin,8: wind turbin,
8,wind turbin,8: wind turbin,
8,wind turbin,8: wind turbin,
8,wind turbin,8: wind turbin,
8,wind turbin,8: wind turbin,
8,wind turbin,8: wind turbin,
8,wind turbin,8: wind turbin,
8,wind turbin,8: wind turbin,
8,wind turbin,8: wind turbin,
8,wind turbin,8: wind turbin,
8,wind turbin,8: wind turbin,
8,wind turbin,8: wind turbin,
8,wind turbin,8: wind turbin,
8,wind turbin,8: wind turbin,
8,wind turbin,8: wind turbin,
8,wind turbin,8: wind turbin,
8,wind turbin,8: wind turbin,
8,wind turbin,8: wind turbin,
8,wind turbin,8: wind turbin,
8,wind turbin,8: wind turbin,
8,wind turbin,8: wind turbin,
8,wind turbin,8: wind turbin,
8,wind turbin,8: wind turbin,
8,wind turbin,8: wind turbin,
8,wind turbin,8: wind turbin,
8,wind turbin,8: wind turbin,
8,wind turbin,8: wind turbin,
8,wind turbin,8: wind turbin,
8,wind turbin,8: wind turbin,
8,wind turbin,8: wind turbin,
8,wind turbin,8: wind turbin,
8,wind turbin,8: wind turbin,
8,wind turbin,8: wind turbin,
8,wind turbin,8: wind turbin,
8,wind turbin,8: wind turbin,
8,wind turbin,8: wind turbin,
8,wind turbin,8: wind turbin,
8,wind turbin,8: wind turbin,
8,wind turbin,8: wind turbin,
8,wind turbin,8: wind turbin,
8,wind turbin,8: wind turbin,
8,wind turbin,8: wind turbin,
8,wind turbin,8: wind turbin,
8,wind turbin,8: wind turbin,
8,wind turbin,8: wind turbin,
8,wind turbin,8: wind turbin,
8,wind turbin,8: wind turbin,
8,wind turbin,8: wind turbin,
8,wind turbin,8: wind turbin,
8,wind turbin,8: wind turbin,
8,wind turbin,8: wind turbin,
8,wind turbin,8: wind turbin,
8,wind turbin,8: wind turbin,
8,wind turbin,8: wind turbin,
8,wind turbin,8: wind turbin,
8,wind turbin,8: wind turbin,
8,wind turbin,8: wind turbin,
8,wind turbin,8: wind turbin,
8,wind turbin,8: wind turbin,
8,wind turbin,8: wind turbin,
8,wind turbin,8: wind turbin,
8,wind turbin,8: wind turbin,
8,wind turbin,8: wind turbin,
8,wind turbin,8: wind turbin,
8,wind turbin,8: wind turbin,
8,wind turbin,8: wind turbin,
8,wind turbin,8: wind turbin,
8,wind turbin,8: wind turbin,
8,wind turbin,8: wind turbin,
8,wind turbin,8: wind turbin,
8,wind turbin,8: wind turbin,
8,wind turbin,8: wind turbin,
8,wind turbin,8: wind turbin,
8,wind turbin,8: wind turbin,
8,wind turbin,8: wind turbin,
8,wind turbin,8: wind turbin,
8,wind turbin,8: wind turbin,
8,wind turbin,8: wind turbin,
8,wind turbin,8: wind turbin,
8,wind turbin,8: wind turbin,
8,wind turbin,8: wind turbin,
8,wind turbin,8: wind turbin,
8,wind turbin,8: wind turbin,
8,wind turbin,8: wind turbin,
8,wind turbin,8: wind turbin,
8,wind turbin,8: wind turbin,
8,wind turbin,8: wind turbin,
8,wind turbin,8: wind turbin,
8,wind turbin,8: wind turbin,
8,wind turbin,8: wind turbin,
8,wind turbin,8: wind turbin,
8,wind turbin,8: wind turbin,
8,wind turbin,8: wind turbin,
8,wind turbin,8: wind turbin,
8,wind turbin,8: wind turbin,
8,wind turbin,8: wind turbin,
8,wind turbin,8: wind turbin,
8,wind turbin,8: wind turbin,
8,wind turbin,8: wind turbin,
8,wind turbin,8: wind turbin,
8,wind turbin,8: wind turbin,
8,wind turbin,8: wind turbin,
8,wind turbin,8: wind turbin,
8,wind turbin,8: wind turbin,
8,wind turbin,8: wind turbin,
8,wind turbin,8: wind turbin,
8,wind turbin,8: wind turbin,
8,wind turbin,8: wind turbin,
8,wind turbin,8: wind turbin,
8,wind turbin,8: wind turbin,
8,wind turbin,8: wind turbin,
8,wind turbin,8: wind turbin,
8,wind turbin,8: wind turbin,
8,wind turbin,8: wind turbin,
8,wind turbin,8: wind turbin,
8,wind turbin,8: wind turbin,
8,wind turbin,8: wind turbin,
8,wind turbin,8: wind turbin,
8,wind turbin,8: wind turbin,
8,wind turbin,8: wind turbin,
8,wind turbin,8: wind turbin,
8,wind turbin,8: wind turbin,
8,wind turbin,8: wind turbin,
8,wind turbin,8: wind turbin,
8,wind turbin,8: wind turbin,
8,wind turbin,8: wind turbin,
8,wind turbin,8: wind turbin,
8,wind turbin,8: wind turbin,
8,wind turbin,8: wind turbin,
8,wind turbin,8: wind turbin,
8,wind turbin,8: wind turbin,
8,wind turbin,8: wind turbin,
8,wind turbin,8: wind turbin,
8,wind turbin,8: wind turbin,
8,wind turbin,8: wind turbin,
8,wind turbin,8: wind turbin,
8,wind turbin,8: wind turbin,
8,wind turbin,8: wind turbin,
8,wind turbin,8: wind turbin,
8,wind turbin,8: wind turbin,
8,wind turbin,8: wind turbin,
8,wind turbin,8: wind turbin,
8,wind turbin,8: wind turbin,
8,wind turbin,8: wind turbin,
8,wind turbin,8: wind turbin,
8,wind turbin,8: wind turbin,
8,wind turbin,8: wind turbin,
8,wind turbin,8: wind turbin,
8,wind turbin,8: wind turbin,
8,wind turbin,8: wind turbin,
8,wind turbin,8: wind turbin,
8,wind turbin,8: wind turbin,
8,wind turbin,8: wind turbin,
8,wind turbin,8: wind turbin,
8,wind turbin,8: wind turbin,
8,wind turbin,8: wind turbin,
8,wind turbin,8: wind turbin,
8,wind turbin,8: wind turbin,
8,wind turbin,8: wind turbin,
8,wind turbin,8: wind turbin,
8,wind turbin,8: wind turbin,
8,wind turbin,8: wind turbin,
8,wind turbin,8: wind turbin,
8,wind turbin,8: wind turbin,
8,wind turbin,8: wind turbin,
8,wind turbin,8: wind turbin,
8,wind turbin,8: wind turbin,
8,wind turbin,8: wind turbin,
8,wind turbin,8: wind turbin,
8,wind turbin,8: wind turbin,
8,wind turbin,8: wind turbin,
8,wind turbin,8: wind turbin,
8,wind turbin,8: wind turbin,
8,wind turbin,8: wind turbin,
8,wind turbin,8: wind turbin,
8,wind turbin,8: wind turbin,
8,wind turbin,8: wind turbin,
8,wind turbin,8: wind turbin,
8,wind turbin,8: wind turbin,
8,wind turbin,8: wind turbin,
8,wind turbin,8: wind turbin,
8,wind turbin,8: wind turbin,
8,wind turbin,8: wind turbin,
8,wind turbin,8: wind turbin,
8,wind turbin,8: wind turbin,
8,wind turbin,8: wind turbin,
8,wind turbin,8: wind turbin,
8,wind turbin,8: wind turbin,
8,wind turbin,8: wind turbin,
8,wind turbin,8: wind turbin,
8,wind turbin,8: wind turbin,
8,wind turbin,8: wind turbin,
8,wind turbin,8: wind turbin,
8,wind turbin,8: wind turbin,
8,wind turbin,8: wind turbin,
8,wind turbin,8: wind turbin,
8,wind turbin,8: wind turbin,
8,wind turbin,8: wind turbin,
8,wind turbin,8: wind turbin,
8,wind turbin,8: wind turbin,
8,wind turbin,8: wind turbin,
8,wind turbin,8: wind turbin,
8,wind turbin,8: wind turbin,
8,wind turbin,8: wind turbin,
8,wind turbin,8: wind turbin,
8,wind turbin,8: wind turbin,
8,wind turbin,8: wind turbin,
8,wind turbin,8: wind turbin,
8,wind turbin,8: wind turbin,
8,wind turbin,8: wind turbin,
8,wind turbin,8: wind turbin,
8,wind turbin,8: wind turbin,
8,wind turbin,8: wind turbin,
8,wind turbin,8: wind turbin,
8,wind turbin,8: wind turbin,
8,wind turbin,8: wind turbin,
8,wind turbin,8: wind turbin,
8,wind turbin,8: wind turbin,
8,wind turbin,8: wind turbin,
8,wind turbin,8: wind turbin,
8,wind turbin,8: wind turbin,
8,wind turbin,8: wind turbin,
8,wind turbin,8: wind turbin,
8,wind turbin,8: wind turbin,
8,wind turbin,8: wind turbin,
8,wind turbin,8: wind turbin,
8,wind turbin,8: wind turbin,
8,wind turbin,8: wind turbin,
8,wind turbin,8: wind turbin,
8,wind turbin,8: wind turbin,
8,wind turbin,8: wind turbin,
8,wind turbin,8: wind turbin,
8,wind turbin,8: wind turbin,
8,wind turbin,8: wind turbin,
8,wind turbin,8: wind turbin,
8,wind turbin,8: wind turbin,
8,wind turbin,8: wind turbin,
8,wind turbin,8: wind turbin,
8,wind turbin,8: wind turbin,
8,wind turbin,8: wind turbin,
8,wind turbin,8: wind turbin,
8,wind turbin,8: wind turbin,
8,wind turbin,8: wind turbin,
8,wind turbin,8: wind turbin,
8,wind turbin,8: wind turbin,
8,wind turbin,8: wind turbin,
8,wind turbin,8: wind turbin,
0,energi island,0: energi island,
0,energi island,0: energi island,
0,energi island,0: energi island,
0,energi island,0: energi island,
0,energi island,0: energi island,
0,energi island,0: energi island,
0,energi island,0: energi island,
0,energi island,0: energi island,
0,energi island,0: energi island,
0,energi island,0: energi island,
0,energi island,0: energi island,
0,energi island,0: energi island,
0,energi island,0: energi island,
0,energi island,0: energi island,
0,energi island,0: energi island,
0,energi island,0: energi island,
0,energi island,0: energi island,
0,energi island,0: energi island,
0,energi island,0: energi island,
0,energi island,0: energi island,
0,energi island,0: energi island,
0,energi island,0: energi island,
0,energi island,0: energi island,
0,energi island,0: energi island,
0,energi island,0: energi island,
0,energi island,0: energi island,
0,energi island,0: energi island,
0,energi island,0: energi island,
0,energi island,0: energi island,
0,energi island,0: energi island,
0,energi island,0: energi island,
0,energi island,0: energi island,
0,energi island,0: energi island,
0,energi island,0: energi island,
0,energi island,0: energi island,
0,energi island,0: energi island,
0,energi island,0: energi island,
0,energi island,0: energi island,
0,energi island,0: energi island,
0,energi island,0: energi island,
0,energi island,0: energi island,
0,energi island,0: energi island,
0,energi island,0: energi island,
0,energi island,0: energi island,
0,energi island,0: energi island,
0,energi island,0: energi island,
0,energi island,0: energi island,
0,energi island,0: energi island,
0,energi island,0: energi island,
0,energi island,0: energi island,
0,energi island,0: energi island,
0,energi island,0: energi island,
0,energi island,0: energi island,
0,energi island,0: energi island,
0,energi island,0: energi island,
0,energi island,0: energi island,
0,energi island,0: energi island,
0,energi island,0: energi island,
0,energi island,0: energi island,
0,energi island,0: energi island,
0,energi island,0: energi island,
0,energi island,0: energi island,
0,energi island,0: energi island,
0,energi island,0: energi island,
0,energi island,0: energi island,
0,energi island,0: energi island,
0,energi island,0: energi island,
0,energi island,0: energi island,
0,energi island,0: energi island,
0,energi island,0: energi island,
0,energi island,0: energi island,
0,energi island,0: energi island,
0,energi island,0: energi island,
0,energi island,0: energi island,
0,energi island,0: energi island,
0,energi island,0: energi island,
0,energi island,0: energi island,
0,energi island,0: energi island,
0,energi island,0: energi island,
0,energi island,0: energi island,
0,energi island,0: energi island,
0,energi island,0: energi island,
0,energi island,0: energi island,
0,energi island,0: energi island,
0,energi island,0: energi island,
0,energi island,0: energi island,
0,energi island,0: energi island,
0,energi island,0: energi island,
0,energi island,0: energi island,
0,energi island,0: energi island,
0,energi island,0: energi island,
0,energi island,0: energi island,
0,energi island,0: energi island,
0,energi island,0: energi island,
0,energi island,0: energi island,
0,energi island,0: energi island,
0,energi island,0: energi island,
0,energi island,0: energi island,
0,energi island,0: energi island,
0,energi island,0: energi island,
0,energi island,0: energi island,
0,energi island,0: energi island,
0,energi island,0: energi island,
0,energi island,0: energi island,
0,energi island,0: energi island,
0,energi island,0: energi island,
0,energi island,0: energi island,
0,energi island,0: energi island,
0,energi island,0: energi island,
0,energi island,0: energi island,
0,energi island,0: energi island,
0,energi island,0: energi island,
0,energi island,0: energi island,
0,energi island,0: energi island,
0,energi island,0: energi island,
0,energi island,0: energi island,
0,energi island,0: energi island,
0,energi island,0: energi island,
0,energi island,0: energi island,
0,energi island,0: energi island,
0,energi island,0: energi island,
0,energi island,0: energi island,
0,energi island,0: energi island,
0,energi island,0: energi island,
0,energi island,0: energi island,
0,energi island,0: energi island,
0,energi island,0: energi island,
0,energi island,0: energi island,
0,energi island,0: energi island,
0,energi island,0: energi island,
0,energi island,0: energi island,
0,energi island,0: energi island,
0,energi island,0: energi island,
0,energi island,0: energi island,
0,energi island,0: energi island,
0,energi island,0: energi island,
0,energi island,0: energi island,
0,energi island,0: energi island,
0,energi island,0: energi island,
0,energi island,0: energi island,
0,energi island,0: energi island,
0,energi island,0: energi island,
0,energi island,0: energi island,
0,energi island,0: energi island,
0,energi island,0: energi island,
0,energi island,0: energi island,
0,energi island,0: energi island,
0,energi island,0: energi island,
0,energi island,0: energi island,
0,energi island,0: energi island,
0,energi island,0: energi island,
0,energi island,0: energi island,
0,energi island,0: energi island,
0,energi island,0: energi island,
0,energi island,0: energi island,
0,energi island,0: energi island,
0,energi island,0: energi island,
2,municip council,2: municip council,
2,municip council,2: municip council,
2,municip council,2: municip council,
2,municip council,2: municip council,
2,municip council,2: municip council,
2,municip council,2: municip council,
2,municip council,2: municip council,
2,municip council,2: municip council,
2,municip council,2: municip council,
2,municip council,2: municip council,
2,municip council,2: municip council,
2,municip council,2: municip council,
2,municip council,2: municip council,
2,municip council,2: municip council,
2,municip council,2: municip council,
2,municip council,2: municip council,
2,municip council,2: municip council,
2,municip council,2: municip council,
2,municip council,2: municip council,
2,municip council,2: municip council,
2,municip council,2: municip council,
2,municip council,2: municip council,
2,municip council,2: municip council,
2,municip council,2: municip council,
2,municip council,2: municip council,
2,municip council,2: municip council,
2,municip council,2: municip council,
2,municip council,2: municip council,
2,municip council,2: municip council,
2,municip council,2: municip council,
2,municip council,2: municip council,
2,municip council,2: municip council,
2,municip council,2: municip council,
2,municip council,2: municip council,
2,municip council,2: municip council,
2,municip council,2: municip council,
2,municip council,2: municip council,
2,municip council,2: municip council,
2,municip council,2: municip council,
2,municip council,2: municip council,
2,municip council,2: municip council,
2,municip council,2: municip council,
2,municip council,2: municip council,
2,municip council,2: municip council,
2,municip council,2: municip council,
2,municip council,2: municip council,
2,municip council,2: municip council,
2,municip council,2: municip council,
2,municip council,2: municip council,
2,municip council,2: municip council,
2,municip council,2: municip council,
2,municip council,2: municip council,
2,municip council,2: municip council,
2,municip council,2: municip council,
2,municip council,2: municip council,
2,municip council,2: municip council,
2,municip council,2: municip council,
2,municip council,2: municip council,
2,municip council,2: municip council,
2,municip council,2: municip council,
2,municip council,2: municip council,
2,municip council,2: municip council,
2,municip council,2: municip council,
2,municip council,2: municip council,
2,municip council,2: municip council,
2,municip council,2: municip council,
2,municip council,2: municip council,
2,municip council,2: municip council,
2,municip council,2: municip council,
2,municip council,2: municip council,
2,municip council,2: municip council,
2,municip council,2: municip council,
2,municip council,2: municip council,
2,municip council,2: municip council,
2,municip council,2: municip council,
2,municip council,2: municip council,
2,municip council,2: municip council,
2,municip council,2: municip council,
2,municip council,2: municip council,
2,municip council,2: municip council,
2,municip council,2: municip council,
2,municip council,2: municip council,
2,municip council,2: municip council,
2,municip council,2: municip council,
2,municip council,2: municip council,
2,municip council,2: municip council,
2,municip council,2: municip council,
2,municip council,2: municip council,
2,municip council,2: municip council,
2,municip council,2: municip council,
2,municip council,2: municip council,
2,municip council,2: municip council,
2,municip council,2: municip council,
2,municip council,2: municip council,
2,municip council,2: municip council,
2,municip council,2: municip council,
2,municip council,2: municip council,
2,municip council,2: municip council,
2,municip council,2: municip council,
2,municip council,2: municip council,
2,municip council,2: municip council,
2,municip council,2: municip council,
2,municip council,2: municip council,
2,municip council,2: municip council,
2,municip council,2: municip council,
2,municip council,2: municip council,
2,municip council,2: municip council,
2,municip council,2: municip council,
2,municip council,2: municip council,
2,municip council,2: municip council,
2,municip council,2: municip council,
2,municip council,2: municip council,
2,municip council,2: municip council,
2,municip council,2: municip council,
2,municip council,2: municip council,
2,municip council,2: municip council,
2,municip council,2: municip council,
2,municip council,2: municip council,
2,municip council,2: municip council,
2,municip council,2: municip council,
2,municip council,2: municip council,
2,municip council,2: municip council,
2,municip council,2: municip council,
2,municip council,2: municip council,
2,municip council,2: municip council,
2,municip council,2: municip council,
2,municip council,2: municip council,
2,municip council,2: municip council,
2,municip council,2: municip council,
2,municip council,2: municip council,
2,municip council,2: municip council,
2,municip council,2: municip council,
2,municip council,2: municip council,
2,municip council,2: municip council,
2,municip council,2: municip council,
2,municip council,2: municip council,
2,municip council,2: municip council,
2,municip council,2: municip council,
2,municip council,2: municip council,
2,municip council,2: municip council,
2,municip council,2: municip council,
2,municip council,2: municip council,
2,municip council,2: municip council,
2,municip council,2: municip council,
2,municip council,2: municip council,
2,municip council,2: municip council,
2,municip council,2: municip council,
2,municip council,2: municip council,
2,municip council,2: municip council,
2,municip council,2: municip council,
2,municip council,2: municip council,
2,municip council,2: municip council,
2,municip council,2: municip council,
2,municip council,2: municip council,
2,municip council,2: municip council,
2,municip council,2: municip council,
6,energiø bornholm,6: energiø bornholm,
6,energiø bornholm,6: energiø bornholm,
6,energiø bornholm,6: energiø bornholm,
6,energiø bornholm,6: energiø bornholm,
6,energiø bornholm,6: energiø bornholm,
6,energiø bornholm,6: energiø bornholm,
6,energiø bornholm,6: energiø bornholm,
6,energiø bornholm,6: energiø bornholm,
6,energiø bornholm,6: energiø bornholm,
6,energiø bornholm,6: energiø bornholm,
6,energiø bornholm,6: energiø bornholm,
6,energiø bornholm,6: energiø bornholm,
6,energiø bornholm,6: energiø bornholm,
6,energiø bornholm,6: energiø bornholm,
6,energiø bornholm,6: energiø bornholm,
6,energiø bornholm,6: energiø bornholm,
6,energiø bornholm,6: energiø bornholm,
6,energiø bornholm,6: energiø bornholm,
6,energiø bornholm,6: energiø bornholm,
6,energiø bornholm,6: energiø bornholm,
6,energiø bornholm,6: energiø bornholm,
6,energiø bornholm,6: energiø bornholm,
6,energiø bornholm,6: energiø bornholm,
6,energiø bornholm,6: energiø bornholm,
6,energiø bornholm,6: energiø bornholm,
6,energiø bornholm,6: energiø bornholm,
6,energiø bornholm,6: energiø bornholm,
6,energiø bornholm,6: energiø bornholm,
6,energiø bornholm,6: energiø bornholm,
6,energiø bornholm,6: energiø bornholm,
6,energiø bornholm,6: energiø bornholm,
6,energiø bornholm,6: energiø bornholm,
6,energiø bornholm,6: energiø bornholm,
6,energiø bornholm,6: energiø bornholm,
6,energiø bornholm,6: energiø bornholm,
6,energiø bornholm,6: energiø bornholm,
6,energiø bornholm,6: energiø bornholm,
6,energiø bornholm,6: energiø bornholm,
6,energiø bornholm,6: energiø bornholm,
6,energiø bornholm,6: energiø bornholm,
6,energiø bornholm,6: energiø bornholm,
6,energiø bornholm,6: energiø bornholm,
6,energiø bornholm,6: energiø bornholm,
6,energiø bornholm,6: energiø bornholm,
6,energiø bornholm,6: energiø bornholm,
6,energiø bornholm,6: energiø bornholm,
6,energiø bornholm,6: energiø bornholm,
6,energiø bornholm,6: energiø bornholm,
6,energiø bornholm,6: energiø bornholm,
6,energiø bornholm,6: energiø bornholm,
6,energiø bornholm,6: energiø bornholm,
6,energiø bornholm,6: energiø bornholm,
6,energiø bornholm,6: energiø bornholm,
6,energiø bornholm,6: energiø bornholm,
6,energiø bornholm,6: energiø bornholm,
6,energiø bornholm,6: energiø bornholm,
6,energiø bornholm,6: energiø bornholm,
6,energiø bornholm,6: energiø bornholm,
6,energiø bornholm,6: energiø bornholm,
6,energiø bornholm,6: energiø bornholm,
6,energiø bornholm,6: energiø bornholm,
6,energiø bornholm,6: energiø bornholm,
6,energiø bornholm,6: energiø bornholm,
6,energiø bornholm,6: energiø bornholm,
6,energiø bornholm,6: energiø bornholm,
6,energiø bornholm,6: energiø bornholm,
6,energiø bornholm,6: energiø bornholm,
6,energiø bornholm,6: energiø bornholm,
6,energiø bornholm,6: energiø bornholm,
6,energiø bornholm,6: energiø bornholm,
6,energiø bornholm,6: energiø bornholm,
6,energiø bornholm,6: energiø bornholm,
6,energiø bornholm,6: energiø bornholm,
6,energiø bornholm,6: energiø bornholm,
6,energiø bornholm,6: energiø bornholm,
6,energiø bornholm,6: energiø bornholm,
6,energiø bornholm,6: energiø bornholm,
6,energiø bornholm,6: energiø bornholm,
6,energiø bornholm,6: energiø bornholm,
6,energiø bornholm,6: energiø bornholm,
6,energiø bornholm,6: energiø bornholm,
6,energiø bornholm,6: energiø bornholm,
6,energiø bornholm,6: energiø bornholm,
6,energiø bornholm,6: energiø bornholm,
6,energiø bornholm,6: energiø bornholm,
6,energiø bornholm,6: energiø bornholm,
6,energiø bornholm,6: energiø bornholm,
6,energiø bornholm,6: energiø bornholm,
6,energiø bornholm,6: energiø bornholm,
6,energiø bornholm,6: energiø bornholm,
6,energiø bornholm,6: energiø bornholm,
6,energiø bornholm,6: energiø bornholm,
6,energiø bornholm,6: energiø bornholm,
6,energiø bornholm,6: energiø bornholm,
6,energiø bornholm,6: energiø bornholm,
6,energiø bornholm,6: energiø bornholm,
6,energiø bornholm,6: energiø bornholm,
6,energiø bornholm,6: energiø bornholm,
6,energiø bornholm,6: energiø bornholm,
6,energiø bornholm,6: energiø bornholm,
6,energiø bornholm,6: energiø bornholm,
6,energiø bornholm,6: energiø bornholm,
6,energiø bornholm,6: energiø bornholm,
6,energiø bornholm,6: energiø bornholm,
6,energiø bornholm,6: energiø bornholm,
6,energiø bornholm,6: energiø bornholm,
6,energiø bornholm,6: energiø bornholm,
6,energiø bornholm,6: energiø bornholm,
6,energiø bornholm,6: energiø bornholm,
6,energiø bornholm,6: energiø bornholm,
6,energiø bornholm,6: energiø bornholm,
6,energiø bornholm,6: energiø bornholm,
6,energiø bornholm,6: energiø bornholm,
6,energiø bornholm,6: energiø bornholm,
6,energiø bornholm,6: energiø bornholm,
6,energiø bornholm,6: energiø bornholm,
6,energiø bornholm,6: energiø bornholm,
6,energiø bornholm,6: energiø bornholm,
6,energiø bornholm,6: energiø bornholm,
6,energiø bornholm,6: energiø bornholm,
6,energiø bornholm,6: energiø bornholm,
6,energiø bornholm,6: energiø bornholm,
6,energiø bornholm,6: energiø bornholm,
6,energiø bornholm,6: energiø bornholm,
6,energiø bornholm,6: energiø bornholm,
6,energiø bornholm,6: energiø bornholm,
6,energiø bornholm,6: energiø bornholm,
6,energiø bornholm,6: energiø bornholm,
6,energiø bornholm,6: energiø bornholm,
6,energiø bornholm,6: energiø bornholm,
6,energiø bornholm,6: energiø bornholm,
6,energiø bornholm,6: energiø bornholm,
6,energiø bornholm,6: energiø bornholm,
6,energiø bornholm,6: energiø bornholm,
6,energiø bornholm,6: energiø bornholm,
6,energiø bornholm,6: energiø bornholm,
6,energiø bornholm,6: energiø bornholm,
6,energiø bornholm,6: energiø bornholm,
6,energiø bornholm,6: energiø bornholm,
6,energiø bornholm,6: energiø bornholm,
6,energiø bornholm,6: energiø bornholm,
6,energiø bornholm,6: energiø bornholm,
6,energiø bornholm,6: energiø bornholm,
6,energiø bornholm,6: energiø bornholm,
6,energiø bornholm,6: energiø bornholm,
6,energiø bornholm,6: energiø bornholm,
6,energiø bornholm,6: energiø bornholm,
6,energiø bornholm,6: energiø bornholm,
6,energiø bornholm,6: energiø bornholm,
6,energiø bornholm,6: energiø bornholm,
6,energiø bornholm,6: energiø bornholm,
6,energiø bornholm,6: energiø bornholm,
6,energiø bornholm,6: energiø bornholm,
6,energiø bornholm,6: energiø bornholm,
6,energiø bornholm,6: energiø bornholm,
6,energiø bornholm,6: energiø bornholm,
6,energiø bornholm,6: energiø bornholm,
6,energiø bornholm,6: energiø bornholm,
6,energiø bornholm,6: energiø bornholm,
6,energiø bornholm,6: energiø bornholm,
6,energiø bornholm,6: energiø bornholm,
6,energiø bornholm,6: energiø bornholm,
6,energiø bornholm,6: energiø bornholm,
6,energiø bornholm,6: energiø bornholm,
6,energiø bornholm,6: energiø bornholm,
6,energiø bornholm,6: energiø bornholm,
6,energiø bornholm,6: energiø bornholm,
6,energiø bornholm,6: energiø bornholm,
6,energiø bornholm,6: energiø bornholm,
6,energiø bornholm,6: energiø bornholm,
6,energiø bornholm,6: energiø bornholm,
4,baltic sea,4: baltic sea,
4,baltic sea,4: baltic sea,
4,baltic sea,4: baltic sea,
4,baltic sea,4: baltic sea,
4,baltic sea,4: baltic sea,
4,baltic sea,4: baltic sea,
4,baltic sea,4: baltic sea,
4,baltic sea,4: baltic sea,
4,baltic sea,4: baltic sea,
4,baltic sea,4: baltic sea,
4,baltic sea,4: baltic sea,
4,baltic sea,4: baltic sea,
4,baltic sea,4: baltic sea,
4,baltic sea,4: baltic sea,
4,baltic sea,4: baltic sea,
4,baltic sea,4: baltic sea,
4,baltic sea,4: baltic sea,
4,baltic sea,4: baltic sea,
4,baltic sea,4: baltic sea,
4,baltic sea,4: baltic sea,
4,baltic sea,4: baltic sea,
4,baltic sea,4: baltic sea,
4,baltic sea,4: baltic sea,
4,baltic sea,4: baltic sea,
4,baltic sea,4: baltic sea,
4,baltic sea,4: baltic sea,
4,baltic sea,4: baltic sea,
4,baltic sea,4: baltic sea,
4,baltic sea,4: baltic sea,
4,baltic sea,4: baltic sea,
4,baltic sea,4: baltic sea,
4,baltic sea,4: baltic sea,
4,baltic sea,4: baltic sea,
4,baltic sea,4: baltic sea,
4,baltic sea,4: baltic sea,
4,baltic sea,4: baltic sea,
4,baltic sea,4: baltic sea,
4,baltic sea,4: baltic sea,
4,baltic sea,4: baltic sea,
4,baltic sea,4: baltic sea,
4,baltic sea,4: baltic sea,
4,baltic sea,4: baltic sea,
4,baltic sea,4: baltic sea,
4,baltic sea,4: baltic sea,
4,baltic sea,4: baltic sea,
4,baltic sea,4: baltic sea,
4,baltic sea,4: baltic sea,
4,baltic sea,4: baltic sea,
4,baltic sea,4: baltic sea,
4,baltic sea,4: baltic sea,
4,baltic sea,4: baltic sea,
4,baltic sea,4: baltic sea,
4,baltic sea,4: baltic sea,
4,baltic sea,4: baltic sea,
4,baltic sea,4: baltic sea,
4,baltic sea,4: baltic sea,
4,baltic sea,4: baltic sea,
4,baltic sea,4: baltic sea,
4,baltic sea,4: baltic sea,
4,baltic sea,4: baltic sea,
4,baltic sea,4: baltic sea,
4,baltic sea,4: baltic sea,
4,baltic sea,4: baltic sea,
4,baltic sea,4: baltic sea,
4,baltic sea,4: baltic sea,
4,baltic sea,4: baltic sea,
4,baltic sea,4: baltic sea,
4,baltic sea,4: baltic sea,
4,baltic sea,4: baltic sea,
4,baltic sea,4: baltic sea,
4,baltic sea,4: baltic sea,
4,baltic sea,4: baltic sea,
4,baltic sea,4: baltic sea,
4,baltic sea,4: baltic sea,
4,baltic sea,4: baltic sea,
4,baltic sea,4: baltic sea,
4,baltic sea,4: baltic sea,
4,baltic sea,4: baltic sea,
4,baltic sea,4: baltic sea,
4,baltic sea,4: baltic sea,
4,baltic sea,4: baltic sea,
4,baltic sea,4: baltic sea,
4,baltic sea,4: baltic sea,
4,baltic sea,4: baltic sea,
4,baltic sea,4: baltic sea,
4,baltic sea,4: baltic sea,
4,baltic sea,4: baltic sea,
4,baltic sea,4: baltic sea,
4,baltic sea,4: baltic sea,
4,baltic sea,4: baltic sea,
4,baltic sea,4: baltic sea,
4,baltic sea,4: baltic sea,
4,baltic sea,4: baltic sea,
4,baltic sea,4: baltic sea,
4,baltic sea,4: baltic sea,
4,baltic sea,4: baltic sea,
4,baltic sea,4: baltic sea,
4,baltic sea,4: baltic sea,
4,baltic sea,4: baltic sea,
4,baltic sea,4: baltic sea,
4,baltic sea,4: baltic sea,
4,baltic sea,4: baltic sea,
4,baltic sea,4: baltic sea,
4,baltic sea,4: baltic sea,
4,baltic sea,4: baltic sea,
4,baltic sea,4: baltic sea,
4,baltic sea,4: baltic sea,
4,baltic sea,4: baltic sea,
4,baltic sea,4: baltic sea,
4,baltic sea,4: baltic sea,
4,baltic sea,4: baltic sea,
4,baltic sea,4: baltic sea,
4,baltic sea,4: baltic sea,
4,baltic sea,4: baltic sea,
4,baltic sea,4: baltic sea,
4,baltic sea,4: baltic sea,
4,baltic sea,4: baltic sea,
4,baltic sea,4: baltic sea,
4,baltic sea,4: baltic sea,
4,baltic sea,4: baltic sea,
4,baltic sea,4: baltic sea,
4,baltic sea,4: baltic sea,
4,baltic sea,4: baltic sea,
4,baltic sea,4: baltic sea,
4,baltic sea,4: baltic sea,
4,baltic sea,4: baltic sea,
4,baltic sea,4: baltic sea,
4,baltic sea,4: baltic sea,
4,baltic sea,4: baltic sea,
4,baltic sea,4: baltic sea,
4,baltic sea,4: baltic sea,
4,baltic sea,4: baltic sea,
4,baltic sea,4: baltic sea,
4,baltic sea,4: baltic sea,
4,baltic sea,4: baltic sea,
4,baltic sea,4: baltic sea,
4,baltic sea,4: baltic sea,
4,baltic sea,4: baltic sea,
0,energi island,0: energi island,
0,energi island,0: energi island,
0,energi island,0: energi island,
0,energi island,0: energi island,
0,energi island,0: energi island,
0,energi island,0: energi island,
0,energi island,0: energi island,
0,energi island,0: energi island,
0,energi island,0: energi island,
0,energi island,0: energi island,
0,energi island,0: energi island,
0,energi island,0: energi island,
0,energi island,0: energi island,
0,energi island,0: energi island,
0,energi island,0: energi island,
0,energi island,0: energi island,
0,energi island,0: energi island,
0,energi island,0: energi island,
0,energi island,0: energi island,
0,energi island,0: energi island,
0,energi island,0: energi island,
0,energi island,0: energi island,
0,energi island,0: energi island,
0,energi island,0: energi island,
0,energi island,0: energi island,
0,energi island,0: energi island,
0,energi island,0: energi island,
0,energi island,0: energi island,
0,energi island,0: energi island,
0,energi island,0: energi island,
0,energi island,0: energi island,
0,energi island,0: energi island,
0,energi island,0: energi island,
0,energi island,0: energi island,
0,energi island,0: energi island,
0,energi island,0: energi island,
0,energi island,0: energi island,
0,energi island,0: energi island,
0,energi island,0: energi island,
0,energi island,0: energi island,
0,energi island,0: energi island,
0,energi island,0: energi island,
0,energi island,0: energi island,
0,energi island,0: energi island,
0,energi island,0: energi island,
0,energi island,0: energi island,
0,energi island,0: energi island,
0,energi island,0: energi island,
0,energi island,0: energi island,
0,energi island,0: energi island,
0,energi island,0: energi island,
0,energi island,0: energi island,
0,energi island,0: energi island,
0,energi island,0: energi island,
0,energi island,0: energi island,
0,energi island,0: energi island,
0,energi island,0: energi island,
0,energi island,0: energi island,
0,energi island,0: energi island,
0,energi island,0: energi island,
0,energi island,0: energi island,
0,energi island,0: energi island,
0,energi island,0: energi island,
0,energi island,0: energi island,
0,energi island,0: energi island,
0,energi island,0: energi island,
0,energi island,0: energi island,
0,energi island,0: energi island,
0,energi island,0: energi island,
0,energi island,0: energi island,
0,energi island,0: energi island,
0,energi island,0: energi island,
0,energi island,0: energi island,
0,energi island,0: energi island,
0,energi island,0: energi island,
0,energi island,0: energi island,
0,energi island,0: energi island,
0,energi island,0: energi island,
0,energi island,0: energi island,
0,energi island,0: energi island,
0,energi island,0: energi island,
0,energi island,0: energi island,
0,energi island,0: energi island,
0,energi island,0: energi island,
0,energi island,0: energi island,
0,energi island,0: energi island,
0,energi island,0: energi island,
0,energi island,0: energi island,
0,energi island,0: energi island,
0,energi island,0: energi island,
0,energi island,0: energi island,
0,energi island,0: energi island,
0,energi island,0: energi island,
0,energi island,0: energi island,
0,energi island,0: energi island,
0,energi island,0: energi island,
0,energi island,0: energi island,
0,energi island,0: energi island,
0,energi island,0: energi island,
0,energi island,0: energi island,
0,energi island,0: energi island,
0,energi island,0: energi island,
0,energi island,0: energi island,
0,energi island,0: energi island,
0,energi island,0: energi island,
0,energi island,0: energi island,
0,energi island,0: energi island,
0,energi island,0: energi island,
0,energi island,0: energi island,
0,energi island,0: energi island,
0,energi island,0: energi island,
0,energi island,0: energi island,
0,energi island,0: energi island,
0,energi island,0: energi island,
0,energi island,0: energi island,
0,energi island,0: energi island,
0,energi island,0: energi island,
0,energi island,0: energi island,
0,energi island,0: energi island,
0,energi island,0: energi island,
0,energi island,0: energi island,
0,energi island,0: energi island,
0,energi island,0: energi island,
0,energi island,0: energi island,
0,energi island,0: energi island,
0,energi island,0: energi island,
0,energi island,0: energi island,
0,energi island,0: energi island,
0,energi island,0: energi island,
0,energi island,0: energi island,
0,energi island,0: energi island,
0,energi island,0: energi island,
0,energi island,0: energi island,
0,energi island,0: energi island,
0,energi island,0: energi island,
0,energi island,0: energi island,
0,energi island,0: energi island,
0,energi island,0: energi island,
0,energi island,0: energi island,
0,energi island,0: energi island,
0,energi island,0: energi island,
0,energi island,0: energi island,
0,energi island,0: energi island,
0,energi island,0: energi island,
0,energi island,0: energi island,
0,energi island,0: energi island,
0,energi island,0: energi island,
0,energi island,0: energi island,
0,energi island,0: energi island,
0,energi island,0: energi island,
0,energi island,0: energi island,
0,energi island,0: energi island,
0,energi island,0: energi island,
0,energi island,0: energi island,
0,energi island,0: energi island,
0,energi island,0: energi island,
0,energi island,0: energi island,
6,energiø bornholm,6: energiø bornholm,
6,energiø bornholm,6: energiø bornholm,
6,energiø bornholm,6: energiø bornholm,
6,energiø bornholm,6: energiø bornholm,
6,energiø bornholm,6: energiø bornholm,
6,energiø bornholm,6: energiø bornholm,
6,energiø bornholm,6: energiø bornholm,
6,energiø bornholm,6: energiø bornholm,
6,energiø bornholm,6: energiø bornholm,
6,energiø bornholm,6: energiø bornholm,
6,energiø bornholm,6: energiø bornholm,
6,energiø bornholm,6: energiø bornholm,
6,energiø bornholm,6: energiø bornholm,
6,energiø bornholm,6: energiø bornholm,
6,energiø bornholm,6: energiø bornholm,
6,energiø bornholm,6: energiø bornholm,
6,energiø bornholm,6: energiø bornholm,
6,energiø bornholm,6: energiø bornholm,
6,energiø bornholm,6: energiø bornholm,
6,energiø bornholm,6: energiø bornholm,
6,energiø bornholm,6: energiø bornholm,
6,energiø bornholm,6: energiø bornholm,
6,energiø bornholm,6: energiø bornholm,
6,energiø bornholm,6: energiø bornholm,
6,energiø bornholm,6: energiø bornholm,
6,energiø bornholm,6: energiø bornholm,
6,energiø bornholm,6: energiø bornholm,
6,energiø bornholm,6: energiø bornholm,
6,energiø bornholm,6: energiø bornholm,
6,energiø bornholm,6: energiø bornholm,
6,energiø bornholm,6: energiø bornholm,
6,energiø bornholm,6: energiø bornholm,
6,energiø bornholm,6: energiø bornholm,
6,energiø bornholm,6: energiø bornholm,
6,energiø bornholm,6: energiø bornholm,
6,energiø bornholm,6: energiø bornholm,
6,energiø bornholm,6: energiø bornholm,
6,energiø bornholm,6: energiø bornholm,
6,energiø bornholm,6: energiø bornholm,
6,energiø bornholm,6: energiø bornholm,
6,energiø bornholm,6: energiø bornholm,
6,energiø bornholm,6: energiø bornholm,
6,energiø bornholm,6: energiø bornholm,
6,energiø bornholm,6: energiø bornholm,
6,energiø bornholm,6: energiø bornholm,
6,energiø bornholm,6: energiø bornholm,
6,energiø bornholm,6: energiø bornholm,
6,energiø bornholm,6: energiø bornholm,
6,energiø bornholm,6: energiø bornholm,
6,energiø bornholm,6: energiø bornholm,
6,energiø bornholm,6: energiø bornholm,
6,energiø bornholm,6: energiø bornholm,
6,energiø bornholm,6: energiø bornholm,
6,energiø bornholm,6: energiø bornholm,
6,energiø bornholm,6: energiø bornholm,
6,energiø bornholm,6: energiø bornholm,
6,energiø bornholm,6: energiø bornholm,
6,energiø bornholm,6: energiø bornholm,
6,energiø bornholm,6: energiø bornholm,
6,energiø bornholm,6: energiø bornholm,
6,energiø bornholm,6: energiø bornholm,
6,energiø bornholm,6: energiø bornholm,
6,energiø bornholm,6: energiø bornholm,
6,energiø bornholm,6: energiø bornholm,
6,energiø bornholm,6: energiø bornholm,
6,energiø bornholm,6: energiø bornholm,
6,energiø bornholm,6: energiø bornholm,
6,energiø bornholm,6: energiø bornholm,
6,energiø bornholm,6: energiø bornholm,
6,energiø bornholm,6: energiø bornholm,
6,energiø bornholm,6: energiø bornholm,
6,energiø bornholm,6: energiø bornholm,
6,energiø bornholm,6: energiø bornholm,
6,energiø bornholm,6: energiø bornholm,
6,energiø bornholm,6: energiø bornholm,
6,energiø bornholm,6: energiø bornholm,
6,energiø bornholm,6: energiø bornholm,
6,energiø bornholm,6: energiø bornholm,
6,energiø bornholm,6: energiø bornholm,
6,energiø bornholm,6: energiø bornholm,
6,energiø bornholm,6: energiø bornholm,
6,energiø bornholm,6: energiø bornholm,
6,energiø bornholm,6: energiø bornholm,
6,energiø bornholm,6: energiø bornholm,
6,energiø bornholm,6: energiø bornholm,
6,energiø bornholm,6: energiø bornholm,
6,energiø bornholm,6: energiø bornholm,
6,energiø bornholm,6: energiø bornholm,
6,energiø bornholm,6: energiø bornholm,
6,energiø bornholm,6: energiø bornholm,
6,energiø bornholm,6: energiø bornholm,
6,energiø bornholm,6: energiø bornholm,
6,energiø bornholm,6: energiø bornholm,
6,energiø bornholm,6: energiø bornholm,
6,energiø bornholm,6: energiø bornholm,
6,energiø bornholm,6: energiø bornholm,
6,energiø bornholm,6: energiø bornholm,
6,energiø bornholm,6: energiø bornholm,
6,energiø bornholm,6: energiø bornholm,
6,energiø bornholm,6: energiø bornholm,
6,energiø bornholm,6: energiø bornholm,
6,energiø bornholm,6: energiø bornholm,
6,energiø bornholm,6: energiø bornholm,
6,energiø bornholm,6: energiø bornholm,
6,energiø bornholm,6: energiø bornholm,
6,energiø bornholm,6: energiø bornholm,
6,energiø bornholm,6: energiø bornholm,
6,energiø bornholm,6: energiø bornholm,
6,energiø bornholm,6: energiø bornholm,
6,energiø bornholm,6: energiø bornholm,
6,energiø bornholm,6: energiø bornholm,
6,energiø bornholm,6: energiø bornholm,
6,energiø bornholm,6: energiø bornholm,
6,energiø bornholm,6: energiø bornholm,
6,energiø bornholm,6: energiø bornholm,
6,energiø bornholm,6: energiø bornholm,
6,energiø bornholm,6: energiø bornholm,
6,energiø bornholm,6: energiø bornholm,
6,energiø bornholm,6: energiø bornholm,
6,energiø bornholm,6: energiø bornholm,
6,energiø bornholm,6: energiø bornholm,
6,energiø bornholm,6: energiø bornholm,
6,energiø bornholm,6: energiø bornholm,
6,energiø bornholm,6: energiø bornholm,
6,energiø bornholm,6: energiø bornholm,
6,energiø bornholm,6: energiø bornholm,
6,energiø bornholm,6: energiø bornholm,
6,energiø bornholm,6: energiø bornholm,
6,energiø bornholm,6: energiø bornholm,
6,energiø bornholm,6: energiø bornholm,
6,energiø bornholm,6: energiø bornholm,
6,energiø bornholm,6: energiø bornholm,
6,energiø bornholm,6: energiø bornholm,
6,energiø bornholm,6: energiø bornholm,
6,energiø bornholm,6: energiø bornholm,
6,energiø bornholm,6: energiø bornholm,
6,energiø bornholm,6: energiø bornholm,
6,energiø bornholm,6: energiø bornholm,
6,energiø bornholm,6: energiø bornholm,
6,energiø bornholm,6: energiø bornholm,
6,energiø bornholm,6: energiø bornholm,
6,energiø bornholm,6: energiø bornholm,
6,energiø bornholm,6: energiø bornholm,
6,energiø bornholm,6: energiø bornholm,
6,energiø bornholm,6: energiø bornholm,
6,energiø bornholm,6: energiø bornholm,
6,energiø bornholm,6: energiø bornholm,
6,energiø bornholm,6: energiø bornholm,
6,energiø bornholm,6: energiø bornholm,
6,energiø bornholm,6: energiø bornholm,
6,energiø bornholm,6: energiø bornholm,
6,energiø bornholm,6: energiø bornholm,
6,energiø bornholm,6: energiø bornholm,
6,energiø bornholm,6: energiø bornholm,
6,energiø bornholm,6: energiø bornholm,
6,energiø bornholm,6: energiø bornholm,
6,energiø bornholm,6: energiø bornholm,
6,energiø bornholm,6: energiø bornholm,
6,energiø bornholm,6: energiø bornholm,
6,energiø bornholm,6: energiø bornholm,
6,energiø bornholm,6: energiø bornholm,
6,energiø bornholm,6: energiø bornholm,
6,energiø bornholm,6: energiø bornholm,
6,energiø bornholm,6: energiø bornholm,
6,energiø bornholm,6: energiø bornholm,
6,energiø bornholm,6: energiø bornholm,
6,energiø bornholm,6: energiø bornholm,
6,energiø bornholm,6: energiø bornholm,
6,energiø bornholm,6: energiø bornholm,
6,energiø bornholm,6: energiø bornholm,
6,energiø bornholm,6: energiø bornholm,
6,energiø bornholm,6: energiø bornholm,
6,energiø bornholm,6: energiø bornholm,
6,energiø bornholm,6: energiø bornholm,
6,energiø bornholm,6: energiø bornholm,
6,energiø bornholm,6: energiø bornholm,
6,energiø bornholm,6: energiø bornholm,
6,energiø bornholm,6: energiø bornholm,
6,energiø bornholm,6: energiø bornholm,
6,energiø bornholm,6: energiø bornholm,
6,energiø bornholm,6: energiø bornholm,
6,energiø bornholm,6: energiø bornholm,
6,energiø bornholm,6: energiø bornholm,
6,energiø bornholm,6: energiø bornholm,
6,energiø bornholm,6: energiø bornholm,
6,energiø bornholm,6: energiø bornholm,
6,energiø bornholm,6: energiø bornholm,
6,energiø bornholm,6: energiø bornholm,
6,energiø bornholm,6: energiø bornholm,
6,energiø bornholm,6: energiø bornholm,
6,energiø bornholm,6: energiø bornholm,
6,energiø bornholm,6: energiø bornholm,
6,energiø bornholm,6: energiø bornholm,
6,energiø bornholm,6: energiø bornholm,
6,energiø bornholm,6: energiø bornholm,
6,energiø bornholm,6: energiø bornholm,
6,energiø bornholm,6: energiø bornholm,
6,energiø bornholm,6: energiø bornholm,
6,energiø bornholm,6: energiø bornholm,
6,energiø bornholm,6: energiø bornholm,
6,energiø bornholm,6: energiø bornholm,
6,energiø bornholm,6: energiø bornholm,
6,energiø bornholm,6: energiø bornholm,
6,energiø bornholm,6: energiø bornholm,
6,energiø bornholm,6: energiø bornholm,
6,energiø bornholm,6: energiø bornholm,
6,energiø bornholm,6: energiø bornholm,
6,energiø bornholm,6: energiø bornholm,
6,energiø bornholm,6: energiø bornholm,
6,energiø bornholm,6: energiø bornholm,
6,energiø bornholm,6: energiø bornholm,
6,energiø bornholm,6: energiø bornholm,
6,energiø bornholm,6: energiø bornholm,
6,energiø bornholm,6: energiø bornholm,
6,energiø bornholm,6: energiø bornholm,
6,energiø bornholm,6: energiø bornholm,
6,energiø bornholm,6: energiø bornholm,
6,energiø bornholm,6: energiø bornholm,
6,energiø bornholm,6: energiø bornholm,
6,energiø bornholm,6: energiø bornholm,
6,energiø bornholm,6: energiø bornholm,
6,energiø bornholm,6: energiø bornholm,
6,energiø bornholm,6: energiø bornholm,
6,energiø bornholm,6: energiø bornholm,
6,energiø bornholm,6: energiø bornholm,
6,energiø bornholm,6: energiø bornholm,
6,energiø bornholm,6: energiø bornholm,
6,energiø bornholm,6: energiø bornholm,
6,energiø bornholm,6: energiø bornholm,
6,energiø bornholm,6: energiø bornholm,
6,energiø bornholm,6: energiø bornholm,
6,energiø bornholm,6: energiø bornholm,
6,energiø bornholm,6: energiø bornholm,
6,energiø bornholm,6: energiø bornholm,
6,energiø bornholm,6: energiø bornholm,
6,energiø bornholm,6: energiø bornholm,
6,energiø bornholm,6: energiø bornholm,
6,energiø bornholm,6: energiø bornholm,
6,energiø bornholm,6: energiø bornholm,
6,energiø bornholm,6: energiø bornholm,
6,energiø bornholm,6: energiø bornholm,
6,energiø bornholm,6: energiø bornholm,
6,energiø bornholm,6: energiø bornholm,
6,energiø bornholm,6: energiø bornholm,
6,energiø bornholm,6: energiø bornholm,
6,energiø bornholm,6: energiø bornholm,
6,energiø bornholm,6: energiø bornholm,
6,energiø bornholm,6: energiø bornholm,
6,energiø bornholm,6: energiø bornholm,
6,energiø bornholm,6: energiø bornholm,
6,energiø bornholm,6: energiø bornholm,
6,energiø bornholm,6: energiø bornholm,
6,energiø bornholm,6: energiø bornholm,
6,energiø bornholm,6: energiø bornholm,
6,energiø bornholm,6: energiø bornholm,
6,energiø bornholm,6: energiø bornholm,
6,energiø bornholm,6: energiø bornholm,
6,energiø bornholm,6: energiø bornholm,
6,energiø bornholm,6: energiø bornholm,
6,energiø bornholm,6: energiø bornholm,
6,energiø bornholm,6: energiø bornholm,
6,energiø bornholm,6: energiø bornholm,
6,energiø bornholm,6: energiø bornholm,
6,energiø bornholm,6: energiø bornholm,
6,energiø bornholm,6: energiø bornholm,
6,energiø bornholm,6: energiø bornholm,
6,energiø bornholm,6: energiø bornholm,
6,energiø bornholm,6: energiø bornholm,
6,energiø bornholm,6: energiø bornholm,
6,energiø bornholm,6: energiø bornholm,
6,energiø bornholm,6: energiø bornholm,
6,energiø bornholm,6: energiø bornholm,
6,energiø bornholm,6: energiø bornholm,
6,energiø bornholm,6: energiø bornholm,
6,energiø bornholm,6: energiø bornholm,
6,energiø bornholm,6: energiø bornholm,
6,energiø bornholm,6: energiø bornholm,
6,energiø bornholm,6: energiø bornholm,
6,energiø bornholm,6: energiø bornholm,
6,energiø bornholm,6: energiø bornholm,
6,energiø bornholm,6: energiø bornholm,
6,energiø bornholm,6: energiø bornholm,
6,energiø bornholm,6: energiø bornholm,
6,energiø bornholm,6: energiø bornholm,
6,energiø bornholm,6: energiø bornholm,
6,energiø bornholm,6: energiø bornholm,
6,energiø bornholm,6: energiø bornholm,
6,energiø bornholm,6: energiø bornholm,
6,energiø bornholm,6: energiø bornholm,
6,energiø bornholm,6: energiø bornholm,
6,energiø bornholm,6: energiø bornholm,
6,energiø bornholm,6: energiø bornholm,
6,energiø bornholm,6: energiø bornholm,
6,energiø bornholm,6: energiø bornholm,
6,energiø bornholm,6: energiø bornholm,
6,energiø bornholm,6: energiø bornholm,
6,energiø bornholm,6: energiø bornholm,
6,energiø bornholm,6: energiø bornholm,
6,energiø bornholm,6: energiø bornholm,
6,energiø bornholm,6: energiø bornholm,
6,energiø bornholm,6: energiø bornholm,
6,energiø bornholm,6: energiø bornholm,
6,energiø bornholm,6: energiø bornholm,
6,energiø bornholm,6: energiø bornholm,
6,energiø bornholm,6: energiø bornholm,
6,energiø bornholm,6: energiø bornholm,
6,energiø bornholm,6: energiø bornholm,
6,energiø bornholm,6: energiø bornholm,
6,energiø bornholm,6: energiø bornholm,
6,energiø bornholm,6: energiø bornholm,
6,energiø bornholm,6: energiø bornholm,
6,energiø bornholm,6: energiø bornholm,
6,energiø bornholm,6: energiø bornholm,
6,energiø bornholm,6: energiø bornholm,
6,energiø bornholm,6: energiø bornholm,
6,energiø bornholm,6: energiø bornholm,
6,energiø bornholm,6: energiø bornholm,
6,energiø bornholm,6: energiø bornholm,
6,energiø bornholm,6: energiø bornholm,
6,energiø bornholm,6: energiø bornholm,
6,energiø bornholm,6: energiø bornholm,
6,energiø bornholm,6: energiø bornholm,
6,energiø bornholm,6: energiø bornholm,
6,energiø bornholm,6: energiø bornholm,
6,energiø bornholm,6: energiø bornholm,
6,energiø bornholm,6: energiø bornholm,
6,energiø bornholm,6: energiø bornholm,
6,energiø bornholm,6: energiø bornholm,
6,energiø bornholm,6: energiø bornholm,
6,energiø bornholm,6: energiø bornholm,
6,energiø bornholm,6: energiø bornholm,
6,energiø bornholm,6: energiø bornholm,
6,energiø bornholm,6: energiø bornholm,
6,energiø bornholm,6: energiø bornholm,
6,energiø bornholm,6: energiø bornholm,
6,energiø bornholm,6: energiø bornholm,
6,energiø bornholm,6: energiø bornholm,
6,energiø bornholm,6: energiø bornholm,
6,energiø bornholm,6: energiø bornholm,
6,energiø bornholm,6: energiø bornholm,
6,energiø bornholm,6: energiø bornholm,
6,energiø bornholm,6: energiø bornholm,
6,energiø bornholm,6: energiø bornholm,
6,energiø bornholm,6: energiø bornholm,
6,energiø bornholm,6: energiø bornholm,
6,energiø bornholm,6: energiø bornholm,
6,energiø bornholm,6: energiø bornholm,
6,energiø bornholm,6: energiø bornholm,
6,energiø bornholm,6: energiø bornholm,
6,energiø bornholm,6: energiø bornholm,
6,energiø bornholm,6: energiø bornholm,
6,energiø bornholm,6: energiø bornholm,
6,energiø bornholm,6: energiø bornholm,
6,energiø bornholm,6: energiø bornholm,
6,energiø bornholm,6: energiø bornholm,
6,energiø bornholm,6: energiø bornholm,
6,energiø bornholm,6: energiø bornholm,
6,energiø bornholm,6: energiø bornholm,
6,energiø bornholm,6: energiø bornholm,
6,energiø bornholm,6: energiø bornholm,
6,energiø bornholm,6: energiø bornholm,
6,energiø bornholm,6: energiø bornholm,
6,energiø bornholm,6: energiø bornholm,
6,energiø bornholm,6: energiø bornholm,
6,energiø bornholm,6: energiø bornholm,
6,energiø bornholm,6: energiø bornholm,
6,energiø bornholm,6: energiø bornholm,
6,energiø bornholm,6: energiø bornholm,
6,energiø bornholm,6: energiø bornholm,
6,energiø bornholm,6: energiø bornholm,
6,energiø bornholm,6: energiø bornholm,
6,energiø bornholm,6: energiø bornholm,
6,energiø bornholm,6: energiø bornholm,
6,energiø bornholm,6: energiø bornholm,
6,energiø bornholm,6: energiø bornholm,
6,energiø bornholm,6: energiø bornholm,
6,energiø bornholm,6: energiø bornholm,
6,energiø bornholm,6: energiø bornholm,
6,energiø bornholm,6: energiø bornholm,
6,energiø bornholm,6: energiø bornholm,
6,energiø bornholm,6: energiø bornholm,
6,energiø bornholm,6: energiø bornholm,
6,energiø bornholm,6: energiø bornholm,
6,energiø bornholm,6: energiø bornholm,
6,energiø bornholm,6: energiø bornholm,
6,energiø bornholm,6: energiø bornholm,
6,energiø bornholm,6: energiø bornholm,
6,energiø bornholm,6: energiø bornholm,
6,energiø bornholm,6: energiø bornholm,
6,energiø bornholm,6: energiø bornholm,
6,energiø bornholm,6: energiø bornholm,
6,energiø bornholm,6: energiø bornholm,
6,energiø bornholm,6: energiø bornholm,
6,energiø bornholm,6: energiø bornholm,
6,energiø bornholm,6: energiø bornholm,
6,energiø bornholm,6: energiø bornholm,
6,energiø bornholm,6: energiø bornholm,
6,energiø bornholm,6: energiø bornholm,
6,energiø bornholm,6: energiø bornholm,
6,energiø bornholm,6: energiø bornholm,
6,energiø bornholm,6: energiø bornholm,
6,energiø bornholm,6: energiø bornholm,
6,energiø bornholm,6: energiø bornholm,
6,energiø bornholm,6: energiø bornholm,
6,energiø bornholm,6: energiø bornholm,
6,energiø bornholm,6: energiø bornholm,
6,energiø bornholm,6: energiø bornholm,
6,energiø bornholm,6: energiø bornholm,
6,energiø bornholm,6: energiø bornholm,
6,energiø bornholm,6: energiø bornholm,
6,energiø bornholm,6: energiø bornholm,
6,energiø bornholm,6: energiø bornholm,
6,energiø bornholm,6: energiø bornholm,
6,energiø bornholm,6: energiø bornholm,
6,energiø bornholm,6: energiø bornholm,
6,energiø bornholm,6: energiø bornholm,
6,energiø bornholm,6: energiø bornholm,
6,energiø bornholm,6: energiø bornholm,
6,energiø bornholm,6: energiø bornholm,
6,energiø bornholm,6: energiø bornholm,
6,energiø bornholm,6: energiø bornholm,
6,energiø bornholm,6: energiø bornholm,
6,energiø bornholm,6: energiø bornholm,
6,energiø bornholm,6: energiø bornholm,
6,energiø bornholm,6: energiø bornholm,
6,energiø bornholm,6: energiø bornholm,
6,energiø bornholm,6: energiø bornholm,
6,energiø bornholm,6: energiø bornholm,
6,energiø bornholm,6: energiø bornholm,
6,energiø bornholm,6: energiø bornholm,
6,energiø bornholm,6: energiø bornholm,
6,energiø bornholm,6: energiø bornholm,
6,energiø bornholm,6: energiø bornholm,
6,energiø bornholm,6: energiø bornholm,
6,energiø bornholm,6: energiø bornholm,
6,energiø bornholm,6: energiø bornholm,
6,energiø bornholm,6: energiø bornholm,
6,energiø bornholm,6: energiø bornholm,
6,energiø bornholm,6: energiø bornholm,
6,energiø bornholm,6: energiø bornholm,
6,energiø bornholm,6: energiø bornholm,
6,energiø bornholm,6: energiø bornholm,
6,energiø bornholm,6: energiø bornholm,
6,energiø bornholm,6: energiø bornholm,
6,energiø bornholm,6: energiø bornholm,
6,energiø bornholm,6: energiø bornholm,
6,energiø bornholm,6: energiø bornholm,
6,energiø bornholm,6: energiø bornholm,
6,energiø bornholm,6: energiø bornholm,
6,energiø bornholm,6: energiø bornholm,
6,energiø bornholm,6: energiø bornholm,
6,energiø bornholm,6: energiø bornholm,
6,energiø bornholm,6: energiø bornholm,
6,energiø bornholm,6: energiø bornholm,
6,energiø bornholm,6: energiø bornholm,
6,energiø bornholm,6: energiø bornholm,
6,energiø bornholm,6: energiø bornholm,
6,energiø bornholm,6: energiø bornholm,
6,energiø bornholm,6: energiø bornholm,
6,energiø bornholm,6: energiø bornholm,
6,energiø bornholm,6: energiø bornholm,
6,energiø bornholm,6: energiø bornholm,
6,energiø bornholm,6: energiø bornholm,
6,energiø bornholm,6: energiø bornholm,
6,energiø bornholm,6: energiø bornholm,
6,energiø bornholm,6: energiø bornholm,
6,energiø bornholm,6: energiø bornholm,
6,energiø bornholm,6: energiø bornholm,
6,energiø bornholm,6: energiø bornholm,
6,energiø bornholm,6: energiø bornholm,
6,energiø bornholm,6: energiø bornholm,
6,energiø bornholm,6: energiø bornholm,
6,energiø bornholm,6: energiø bornholm,
6,energiø bornholm,6: energiø bornholm,
6,energiø bornholm,6: energiø bornholm,
6,energiø bornholm,6: energiø bornholm,
6,energiø bornholm,6: energiø bornholm,
6,energiø bornholm,6: energiø bornholm,
6,energiø bornholm,6: energiø bornholm,
6,energiø bornholm,6: energiø bornholm,
6,energiø bornholm,6: energiø bornholm,
6,energiø bornholm,6: energiø bornholm,
6,energiø bornholm,6: energiø bornholm,
6,energiø bornholm,6: energiø bornholm,
6,energiø bornholm,6: energiø bornholm,
6,energiø bornholm,6: energiø bornholm,
6,energiø bornholm,6: energiø bornholm,
6,energiø bornholm,6: energiø bornholm,
6,energiø bornholm,6: energiø bornholm,
6,energiø bornholm,6: energiø bornholm,
6,energiø bornholm,6: energiø bornholm,
6,energiø bornholm,6: energiø bornholm,
6,energiø bornholm,6: energiø bornholm,
6,energiø bornholm,6: energiø bornholm,
6,energiø bornholm,6: energiø bornholm,
6,energiø bornholm,6: energiø bornholm,
6,energiø bornholm,6: energiø bornholm,
6,energiø bornholm,6: energiø bornholm,
6,energiø bornholm,6: energiø bornholm,
6,energiø bornholm,6: energiø bornholm,
6,energiø bornholm,6: energiø bornholm,
6,energiø bornholm,6: energiø bornholm,
6,energiø bornholm,6: energiø bornholm,
6,energiø bornholm,6: energiø bornholm,
6,energiø bornholm,6: energiø bornholm,
6,energiø bornholm,6: energiø bornholm,
6,energiø bornholm,6: energiø bornholm,
6,energiø bornholm,6: energiø bornholm,
6,energiø bornholm,6: energiø bornholm,
6,energiø bornholm,6: energiø bornholm,
6,energiø bornholm,6: energiø bornholm,
6,energiø bornholm,6: energiø bornholm,
6,energiø bornholm,6: energiø bornholm,
4,baltic sea,4: baltic sea,
4,baltic sea,4: baltic sea,
4,baltic sea,4: baltic sea,
4,baltic sea,4: baltic sea,
4,baltic sea,4: baltic sea,
4,baltic sea,4: baltic sea,
4,baltic sea,4: baltic sea,
4,baltic sea,4: baltic sea,
4,baltic sea,4: baltic sea,
4,baltic sea,4: baltic sea,
4,baltic sea,4: baltic sea,
4,baltic sea,4: baltic sea,
4,baltic sea,4: baltic sea,
4,baltic sea,4: baltic sea,
4,baltic sea,4: baltic sea,
4,baltic sea,4: baltic sea,
4,baltic sea,4: baltic sea,
4,baltic sea,4: baltic sea,
4,baltic sea,4: baltic sea,
4,baltic sea,4: baltic sea,
4,baltic sea,4: baltic sea,
4,baltic sea,4: baltic sea,
4,baltic sea,4: baltic sea,
4,baltic sea,4: baltic sea,
4,baltic sea,4: baltic sea,
4,baltic sea,4: baltic sea,
4,baltic sea,4: baltic sea,
4,baltic sea,4: baltic sea,
4,baltic sea,4: baltic sea,
4,baltic sea,4: baltic sea,
4,baltic sea,4: baltic sea,
4,baltic sea,4: baltic sea,
4,baltic sea,4: baltic sea,
4,baltic sea,4: baltic sea,
4,baltic sea,4: baltic sea,
4,baltic sea,4: baltic sea,
4,baltic sea,4: baltic sea,
4,baltic sea,4: baltic sea,
4,baltic sea,4: baltic sea,
4,baltic sea,4: baltic sea,
4,baltic sea,4: baltic sea,
4,baltic sea,4: baltic sea,
4,baltic sea,4: baltic sea,
4,baltic sea,4: baltic sea,
4,baltic sea,4: baltic sea,
4,baltic sea,4: baltic sea,
4,baltic sea,4: baltic sea,
4,baltic sea,4: baltic sea,
4,baltic sea,4: baltic sea,
4,baltic sea,4: baltic sea,
4,baltic sea,4: baltic sea,
4,baltic sea,4: baltic sea,
4,baltic sea,4: baltic sea,
4,baltic sea,4: baltic sea,
4,baltic sea,4: baltic sea,
4,baltic sea,4: baltic sea,
4,baltic sea,4: baltic sea,
4,baltic sea,4: baltic sea,
4,baltic sea,4: baltic sea,
4,baltic sea,4: baltic sea,
4,baltic sea,4: baltic sea,
4,baltic sea,4: baltic sea,
4,baltic sea,4: baltic sea,
4,baltic sea,4: baltic sea,
4,baltic sea,4: baltic sea,
4,baltic sea,4: baltic sea,
4,baltic sea,4: baltic sea,
4,baltic sea,4: baltic sea,
4,baltic sea,4: baltic sea,
4,baltic sea,4: baltic sea,
4,baltic sea,4: baltic sea,
4,baltic sea,4: baltic sea,
4,baltic sea,4: baltic sea,
4,baltic sea,4: baltic sea,
4,baltic sea,4: baltic sea,
4,baltic sea,4: baltic sea,
4,baltic sea,4: baltic sea,
4,baltic sea,4: baltic sea,
4,baltic sea,4: baltic sea,
4,baltic sea,4: baltic sea,
4,baltic sea,4: baltic sea,
4,baltic sea,4: baltic sea,
4,baltic sea,4: baltic sea,
4,baltic sea,4: baltic sea,
4,baltic sea,4: baltic sea,
4,baltic sea,4: baltic sea,
4,baltic sea,4: baltic sea,
4,baltic sea,4: baltic sea,
4,baltic sea,4: baltic sea,
4,baltic sea,4: baltic sea,
4,baltic sea,4: baltic sea,
4,baltic sea,4: baltic sea,
4,baltic sea,4: baltic sea,
4,baltic sea,4: baltic sea,
4,baltic sea,4: baltic sea,
4,baltic sea,4: baltic sea,
4,baltic sea,4: baltic sea,
4,baltic sea,4: baltic sea,
4,baltic sea,4: baltic sea,
4,baltic sea,4: baltic sea,
4,baltic sea,4: baltic sea,
4,baltic sea,4: baltic sea,
4,baltic sea,4: baltic sea,
4,baltic sea,4: baltic sea,
4,baltic sea,4: baltic sea,
4,baltic sea,4: baltic sea,
4,baltic sea,4: baltic sea,
4,baltic sea,4: baltic sea,
4,baltic sea,4: baltic sea,
4,baltic sea,4: baltic sea,
4,baltic sea,4: baltic sea,
4,baltic sea,4: baltic sea,
4,baltic sea,4: baltic sea,
4,baltic sea,4: baltic sea,
4,baltic sea,4: baltic sea,
4,baltic sea,4: baltic sea,
4,baltic sea,4: baltic sea,
4,baltic sea,4: baltic sea,
4,baltic sea,4: baltic sea,
4,baltic sea,4: baltic sea,
4,baltic sea,4: baltic sea,
4,baltic sea,4: baltic sea,
4,baltic sea,4: baltic sea,
4,baltic sea,4: baltic sea,
4,baltic sea,4: baltic sea,
4,baltic sea,4: baltic sea,
4,baltic sea,4: baltic sea,
4,baltic sea,4: baltic sea,
4,baltic sea,4: baltic sea,
4,baltic sea,4: baltic sea,
4,baltic sea,4: baltic sea,
4,baltic sea,4: baltic sea,
4,baltic sea,4: baltic sea,
4,baltic sea,4: baltic sea,
4,baltic sea,4: baltic sea,
4,baltic sea,4: baltic sea,
4,baltic sea,4: baltic sea,
4,baltic sea,4: baltic sea,
6,energiø bornholm,6: energiø bornholm,
6,energiø bornholm,6: energiø bornholm,
6,energiø bornholm,6: energiø bornholm,
6,energiø bornholm,6: energiø bornholm,
6,energiø bornholm,6: energiø bornholm,
6,energiø bornholm,6: energiø bornholm,
6,energiø bornholm,6: energiø bornholm,
6,energiø bornholm,6: energiø bornholm,
6,energiø bornholm,6: energiø bornholm,
6,energiø bornholm,6: energiø bornholm,
6,energiø bornholm,6: energiø bornholm,
6,energiø bornholm,6: energiø bornholm,
6,energiø bornholm,6: energiø bornholm,
6,energiø bornholm,6: energiø bornholm,
6,energiø bornholm,6: energiø bornholm,
6,energiø bornholm,6: energiø bornholm,
6,energiø bornholm,6: energiø bornholm,
6,energiø bornholm,6: energiø bornholm,
6,energiø bornholm,6: energiø bornholm,
6,energiø bornholm,6: energiø bornholm,
6,energiø bornholm,6: energiø bornholm,
6,energiø bornholm,6: energiø bornholm,
6,energiø bornholm,6: energiø bornholm,
6,energiø bornholm,6: energiø bornholm,
6,energiø bornholm,6: energiø bornholm,
6,energiø bornholm,6: energiø bornholm,
6,energiø bornholm,6: energiø bornholm,
6,energiø bornholm,6: energiø bornholm,
6,energiø bornholm,6: energiø bornholm,
6,energiø bornholm,6: energiø bornholm,
6,energiø bornholm,6: energiø bornholm,
6,energiø bornholm,6: energiø bornholm,
6,energiø bornholm,6: energiø bornholm,
6,energiø bornholm,6: energiø bornholm,
6,energiø bornholm,6: energiø bornholm,
6,energiø bornholm,6: energiø bornholm,
6,energiø bornholm,6: energiø bornholm,
6,energiø bornholm,6: energiø bornholm,
6,energiø bornholm,6: energiø bornholm,
6,energiø bornholm,6: energiø bornholm,
6,energiø bornholm,6: energiø bornholm,
6,energiø bornholm,6: energiø bornholm,
6,energiø bornholm,6: energiø bornholm,
6,energiø bornholm,6: energiø bornholm,
6,energiø bornholm,6: energiø bornholm,
6,energiø bornholm,6: energiø bornholm,
6,energiø bornholm,6: energiø bornholm,
6,energiø bornholm,6: energiø bornholm,
6,energiø bornholm,6: energiø bornholm,
6,energiø bornholm,6: energiø bornholm,
6,energiø bornholm,6: energiø bornholm,
6,energiø bornholm,6: energiø bornholm,
6,energiø bornholm,6: energiø bornholm,
6,energiø bornholm,6: energiø bornholm,
6,energiø bornholm,6: energiø bornholm,
6,energiø bornholm,6: energiø bornholm,
6,energiø bornholm,6: energiø bornholm,
6,energiø bornholm,6: energiø bornholm,
6,energiø bornholm,6: energiø bornholm,
6,energiø bornholm,6: energiø bornholm,
6,energiø bornholm,6: energiø bornholm,
6,energiø bornholm,6: energiø bornholm,
6,energiø bornholm,6: energiø bornholm,
6,energiø bornholm,6: energiø bornholm,
6,energiø bornholm,6: energiø bornholm,
6,energiø bornholm,6: energiø bornholm,
6,energiø bornholm,6: energiø bornholm,
6,energiø bornholm,6: energiø bornholm,
6,energiø bornholm,6: energiø bornholm,
6,energiø bornholm,6: energiø bornholm,
6,energiø bornholm,6: energiø bornholm,
6,energiø bornholm,6: energiø bornholm,
6,energiø bornholm,6: energiø bornholm,
6,energiø bornholm,6: energiø bornholm,
6,energiø bornholm,6: energiø bornholm,
6,energiø bornholm,6: energiø bornholm,
6,energiø bornholm,6: energiø bornholm,
6,energiø bornholm,6: energiø bornholm,
6,energiø bornholm,6: energiø bornholm,
6,energiø bornholm,6: energiø bornholm,
6,energiø bornholm,6: energiø bornholm,
6,energiø bornholm,6: energiø bornholm,
6,energiø bornholm,6: energiø bornholm,
6,energiø bornholm,6: energiø bornholm,
6,energiø bornholm,6: energiø bornholm,
6,energiø bornholm,6: energiø bornholm,
6,energiø bornholm,6: energiø bornholm,
6,energiø bornholm,6: energiø bornholm,
6,energiø bornholm,6: energiø bornholm,
6,energiø bornholm,6: energiø bornholm,
6,energiø bornholm,6: energiø bornholm,
6,energiø bornholm,6: energiø bornholm,
6,energiø bornholm,6: energiø bornholm,
6,energiø bornholm,6: energiø bornholm,
6,energiø bornholm,6: energiø bornholm,
6,energiø bornholm,6: energiø bornholm,
6,energiø bornholm,6: energiø bornholm,
6,energiø bornholm,6: energiø bornholm,
6,energiø bornholm,6: energiø bornholm,
6,energiø bornholm,6: energiø bornholm,
6,energiø bornholm,6: energiø bornholm,
6,energiø bornholm,6: energiø bornholm,
6,energiø bornholm,6: energiø bornholm,
6,energiø bornholm,6: energiø bornholm,
6,energiø bornholm,6: energiø bornholm,
6,energiø bornholm,6: energiø bornholm,
6,energiø bornholm,6: energiø bornholm,
6,energiø bornholm,6: energiø bornholm,
6,energiø bornholm,6: energiø bornholm,
6,energiø bornholm,6: energiø bornholm,
6,energiø bornholm,6: energiø bornholm,
6,energiø bornholm,6: energiø bornholm,
6,energiø bornholm,6: energiø bornholm,
6,energiø bornholm,6: energiø bornholm,
6,energiø bornholm,6: energiø bornholm,
6,energiø bornholm,6: energiø bornholm,
6,energiø bornholm,6: energiø bornholm,
6,energiø bornholm,6: energiø bornholm,
6,energiø bornholm,6: energiø bornholm,
6,energiø bornholm,6: energiø bornholm,
6,energiø bornholm,6: energiø bornholm,
6,energiø bornholm,6: energiø bornholm,
6,energiø bornholm,6: energiø bornholm,
6,energiø bornholm,6: energiø bornholm,
6,energiø bornholm,6: energiø bornholm,
6,energiø bornholm,6: energiø bornholm,
6,energiø bornholm,6: energiø bornholm,
6,energiø bornholm,6: energiø bornholm,
6,energiø bornholm,6: energiø bornholm,
6,energiø bornholm,6: energiø bornholm,
6,energiø bornholm,6: energiø bornholm,
6,energiø bornholm,6: energiø bornholm,
6,energiø bornholm,6: energiø bornholm,
6,energiø bornholm,6: energiø bornholm,
6,energiø bornholm,6: energiø bornholm,
6,energiø bornholm,6: energiø bornholm,
6,energiø bornholm,6: energiø bornholm,
6,energiø bornholm,6: energiø bornholm,
6,energiø bornholm,6: energiø bornholm,
6,energiø bornholm,6: energiø bornholm,
6,energiø bornholm,6: energiø bornholm,
6,energiø bornholm,6: energiø bornholm,
6,energiø bornholm,6: energiø bornholm,
6,energiø bornholm,6: energiø bornholm,
6,energiø bornholm,6: energiø bornholm,
6,energiø bornholm,6: energiø bornholm,
6,energiø bornholm,6: energiø bornholm,
6,energiø bornholm,6: energiø bornholm,
6,energiø bornholm,6: energiø bornholm,
6,energiø bornholm,6: energiø bornholm,
6,energiø bornholm,6: energiø bornholm,
6,energiø bornholm,6: energiø bornholm,
6,energiø bornholm,6: energiø bornholm,
6,energiø bornholm,6: energiø bornholm,
6,energiø bornholm,6: energiø bornholm,
6,energiø bornholm,6: energiø bornholm,
6,energiø bornholm,6: energiø bornholm,
6,energiø bornholm,6: energiø bornholm,
6,energiø bornholm,6: energiø bornholm,
6,energiø bornholm,6: energiø bornholm,
6,energiø bornholm,6: energiø bornholm,
6,energiø bornholm,6: energiø bornholm,
6,energiø bornholm,6: energiø bornholm,
6,energiø bornholm,6: energiø bornholm,
6,energiø bornholm,6: energiø bornholm,
6,energiø bornholm,6: energiø bornholm,
6,energiø bornholm,6: energiø bornholm,
6,energiø bornholm,6: energiø bornholm,
6,energiø bornholm,6: energiø bornholm,
6,energiø bornholm,6: energiø bornholm,
6,energiø bornholm,6: energiø bornholm,
6,energiø bornholm,6: energiø bornholm,
6,energiø bornholm,6: energiø bornholm,
6,energiø bornholm,6: energiø bornholm,
6,energiø bornholm,6: energiø bornholm,
6,energiø bornholm,6: energiø bornholm,
6,energiø bornholm,6: energiø bornholm,
6,energiø bornholm,6: energiø bornholm,
6,energiø bornholm,6: energiø bornholm,
6,energiø bornholm,6: energiø bornholm,
6,energiø bornholm,6: energiø bornholm,
6,energiø bornholm,6: energiø bornholm,
6,energiø bornholm,6: energiø bornholm,
6,energiø bornholm,6: energiø bornholm,
6,energiø bornholm,6: energiø bornholm,
6,energiø bornholm,6: energiø bornholm,
6,energiø bornholm,6: energiø bornholm,
6,energiø bornholm,6: energiø bornholm,
6,energiø bornholm,6: energiø bornholm,
6,energiø bornholm,6: energiø bornholm,
6,energiø bornholm,6: energiø bornholm,
6,energiø bornholm,6: energiø bornholm,
6,energiø bornholm,6: energiø bornholm,
6,energiø bornholm,6: energiø bornholm,
6,energiø bornholm,6: energiø bornholm,
6,energiø bornholm,6: energiø bornholm,
6,energiø bornholm,6: energiø bornholm,
6,energiø bornholm,6: energiø bornholm,
6,energiø bornholm,6: energiø bornholm,
6,energiø bornholm,6: energiø bornholm,
6,energiø bornholm,6: energiø bornholm,
6,energiø bornholm,6: energiø bornholm,
6,energiø bornholm,6: energiø bornholm,
6,energiø bornholm,6: energiø bornholm,
6,energiø bornholm,6: energiø bornholm,
6,energiø bornholm,6: energiø bornholm,
6,energiø bornholm,6: energiø bornholm,
6,energiø bornholm,6: energiø bornholm,
6,energiø bornholm,6: energiø bornholm,
6,energiø bornholm,6: energiø bornholm,
6,energiø bornholm,6: energiø bornholm,
6,energiø bornholm,6: energiø bornholm,
6,energiø bornholm,6: energiø bornholm,
6,energiø bornholm,6: energiø bornholm,
6,energiø bornholm,6: energiø bornholm,
6,energiø bornholm,6: energiø bornholm,
6,energiø bornholm,6: energiø bornholm,
6,energiø bornholm,6: energiø bornholm,
6,energiø bornholm,6: energiø bornholm,
6,energiø bornholm,6: energiø bornholm,
6,energiø bornholm,6: energiø bornholm,
6,energiø bornholm,6: energiø bornholm,
6,energiø bornholm,6: energiø bornholm,
6,energiø bornholm,6: energiø bornholm,
6,energiø bornholm,6: energiø bornholm,
6,energiø bornholm,6: energiø bornholm,
6,energiø bornholm,6: energiø bornholm,
6,energiø bornholm,6: energiø bornholm,
6,energiø bornholm,6: energiø bornholm,
6,energiø bornholm,6: energiø bornholm,
6,energiø bornholm,6: energiø bornholm,
6,energiø bornholm,6: energiø bornholm,
6,energiø bornholm,6: energiø bornholm,
6,energiø bornholm,6: energiø bornholm,
6,energiø bornholm,6: energiø bornholm,
6,energiø bornholm,6: energiø bornholm,
6,energiø bornholm,6: energiø bornholm,
6,energiø bornholm,6: energiø bornholm,
6,energiø bornholm,6: energiø bornholm,
6,energiø bornholm,6: energiø bornholm,
6,energiø bornholm,6: energiø bornholm,
6,energiø bornholm,6: energiø bornholm,
6,energiø bornholm,6: energiø bornholm,
6,energiø bornholm,6: energiø bornholm,
6,energiø bornholm,6: energiø bornholm,
6,energiø bornholm,6: energiø bornholm,
6,energiø bornholm,6: energiø bornholm,
6,energiø bornholm,6: energiø bornholm,
6,energiø bornholm,6: energiø bornholm,
6,energiø bornholm,6: energiø bornholm,
6,energiø bornholm,6: energiø bornholm,
6,energiø bornholm,6: energiø bornholm,
6,energiø bornholm,6: energiø bornholm,
6,energiø bornholm,6: energiø bornholm,
6,energiø bornholm,6: energiø bornholm,
6,energiø bornholm,6: energiø bornholm,
6,energiø bornholm,6: energiø bornholm,
6,energiø bornholm,6: energiø bornholm,
6,energiø bornholm,6: energiø bornholm,
6,energiø bornholm,6: energiø bornholm,
6,energiø bornholm,6: energiø bornholm,
6,energiø bornholm,6: energiø bornholm,
6,energiø bornholm,6: energiø bornholm,
6,energiø bornholm,6: energiø bornholm,
6,energiø bornholm,6: energiø bornholm,
6,energiø bornholm,6: energiø bornholm,
6,energiø bornholm,6: energiø bornholm,
6,energiø bornholm,6: energiø bornholm,
6,energiø bornholm,6: energiø bornholm,
6,energiø bornholm,6: energiø bornholm,
6,energiø bornholm,6: energiø bornholm,
6,energiø bornholm,6: energiø bornholm,
6,energiø bornholm,6: energiø bornholm,
6,energiø bornholm,6: energiø bornholm,
6,energiø bornholm,6: energiø bornholm,
6,energiø bornholm,6: energiø bornholm,
6,energiø bornholm,6: energiø bornholm,
6,energiø bornholm,6: energiø bornholm,
6,energiø bornholm,6: energiø bornholm,
6,energiø bornholm,6: energiø bornholm,
6,energiø bornholm,6: energiø bornholm,
6,energiø bornholm,6: energiø bornholm,
6,energiø bornholm,6: energiø bornholm,
6,energiø bornholm,6: energiø bornholm,
6,energiø bornholm,6: energiø bornholm,
6,energiø bornholm,6: energiø bornholm,
6,energiø bornholm,6: energiø bornholm,
6,energiø bornholm,6: energiø bornholm,
6,energiø bornholm,6: energiø bornholm,
6,energiø bornholm,6: energiø bornholm,
6,energiø bornholm,6: energiø bornholm,
6,energiø bornholm,6: energiø bornholm,
6,energiø bornholm,6: energiø bornholm,
6,energiø bornholm,6: energiø bornholm,
6,energiø bornholm,6: energiø bornholm,
6,energiø bornholm,6: energiø bornholm,
6,energiø bornholm,6: energiø bornholm,
6,energiø bornholm,6: energiø bornholm,
6,energiø bornholm,6: energiø bornholm,
6,energiø bornholm,6: energiø bornholm,
6,energiø bornholm,6: energiø bornholm,
6,energiø bornholm,6: energiø bornholm,
6,energiø bornholm,6: energiø bornholm,
6,energiø bornholm,6: energiø bornholm,
6,energiø bornholm,6: energiø bornholm,
6,energiø bornholm,6: energiø bornholm,
6,energiø bornholm,6: energiø bornholm,
6,energiø bornholm,6: energiø bornholm,
6,energiø bornholm,6: energiø bornholm,
6,energiø bornholm,6: energiø bornholm,
6,energiø bornholm,6: energiø bornholm,
6,energiø bornholm,6: energiø bornholm,
6,energiø bornholm,6: energiø bornholm,
6,energiø bornholm,6: energiø bornholm,
6,energiø bornholm,6: energiø bornholm,
6,energiø bornholm,6: energiø bornholm,
6,energiø bornholm,6: energiø bornholm,
6,energiø bornholm,6: energiø bornholm,
6,energiø bornholm,6: energiø bornholm,
6,energiø bornholm,6: energiø bornholm,
6,energiø bornholm,6: energiø bornholm,
6,energiø bornholm,6: energiø bornholm,
6,energiø bornholm,6: energiø bornholm,
6,energiø bornholm,6: energiø bornholm,
6,energiø bornholm,6: energiø bornholm,
6,energiø bornholm,6: energiø bornholm,
6,energiø bornholm,6: energiø bornholm,
6,energiø bornholm,6: energiø bornholm,
6,energiø bornholm,6: energiø bornholm,
6,energiø bornholm,6: energiø bornholm,
6,energiø bornholm,6: energiø bornholm,
6,energiø bornholm,6: energiø bornholm,
6,energiø bornholm,6: energiø bornholm,
6,energiø bornholm,6: energiø bornholm,
6,energiø bornholm,6: energiø bornholm,
6,energiø bornholm,6: energiø bornholm,
6,energiø bornholm,6: energiø bornholm,
6,energiø bornholm,6: energiø bornholm,
6,energiø bornholm,6: energiø bornholm,
6,energiø bornholm,6: energiø bornholm,
6,energiø bornholm,6: energiø bornholm,
6,energiø bornholm,6: energiø bornholm,
6,energiø bornholm,6: energiø bornholm,
6,energiø bornholm,6: energiø bornholm,
6,energiø bornholm,6: energiø bornholm,
6,energiø bornholm,6: energiø bornholm,
6,energiø bornholm,6: energiø bornholm,
6,energiø bornholm,6: energiø bornholm,
6,energiø bornholm,6: energiø bornholm,
6,energiø bornholm,6: energiø bornholm,
6,energiø bornholm,6: energiø bornholm,
6,energiø bornholm,6: energiø bornholm,
6,energiø bornholm,6: energiø bornholm,
6,energiø bornholm,6: energiø bornholm,
6,energiø bornholm,6: energiø bornholm,
6,energiø bornholm,6: energiø bornholm,
6,energiø bornholm,6: energiø bornholm,
6,energiø bornholm,6: energiø bornholm,
6,energiø bornholm,6: energiø bornholm,
6,energiø bornholm,6: energiø bornholm,
6,energiø bornholm,6: energiø bornholm,
6,energiø bornholm,6: energiø bornholm,
6,energiø bornholm,6: energiø bornholm,
6,energiø bornholm,6: energiø bornholm,
6,energiø bornholm,6: energiø bornholm,
6,energiø bornholm,6: energiø bornholm,
6,energiø bornholm,6: energiø bornholm,
6,energiø bornholm,6: energiø bornholm,
6,energiø bornholm,6: energiø bornholm,
6,energiø bornholm,6: energiø bornholm,
6,energiø bornholm,6: energiø bornholm,
6,energiø bornholm,6: energiø bornholm,
6,energiø bornholm,6: energiø bornholm,
6,energiø bornholm,6: energiø bornholm,
6,energiø bornholm,6: energiø bornholm,
6,energiø bornholm,6: energiø bornholm,
6,energiø bornholm,6: energiø bornholm,
6,energiø bornholm,6: energiø bornholm,
6,energiø bornholm,6: energiø bornholm,
6,energiø bornholm,6: energiø bornholm,
6,energiø bornholm,6: energiø bornholm,
6,energiø bornholm,6: energiø bornholm,
6,energiø bornholm,6: energiø bornholm,
6,energiø bornholm,6: energiø bornholm,
6,energiø bornholm,6: energiø bornholm,
6,energiø bornholm,6: energiø bornholm,
6,energiø bornholm,6: energiø bornholm,
6,energiø bornholm,6: energiø bornholm,
6,energiø bornholm,6: energiø bornholm,
6,energiø bornholm,6: energiø bornholm,
6,energiø bornholm,6: energiø bornholm,
6,energiø bornholm,6: energiø bornholm,
6,energiø bornholm,6: energiø bornholm,
6,energiø bornholm,6: energiø bornholm,
6,energiø bornholm,6: energiø bornholm,
6,energiø bornholm,6: energiø bornholm,
6,energiø bornholm,6: energiø bornholm,
6,energiø bornholm,6: energiø bornholm,
6,energiø bornholm,6: energiø bornholm,
6,energiø bornholm,6: energiø bornholm,
6,energiø bornholm,6: energiø bornholm,
6,energiø bornholm,6: energiø bornholm,
6,energiø bornholm,6: energiø bornholm,
6,energiø bornholm,6: energiø bornholm,
6,energiø bornholm,6: energiø bornholm,
6,energiø bornholm,6: energiø bornholm,
6,energiø bornholm,6: energiø bornholm,
6,energiø bornholm,6: energiø bornholm,
6,energiø bornholm,6: energiø bornholm,
6,energiø bornholm,6: energiø bornholm,
6,energiø bornholm,6: energiø bornholm,
6,energiø bornholm,6: energiø bornholm,
6,energiø bornholm,6: energiø bornholm,
6,energiø bornholm,6: energiø bornholm,
6,energiø bornholm,6: energiø bornholm,
6,energiø bornholm,6: energiø bornholm,
6,energiø bornholm,6: energiø bornholm,
6,energiø bornholm,6: energiø bornholm,
6,energiø bornholm,6: energiø bornholm,
6,energiø bornholm,6: energiø bornholm,
6,energiø bornholm,6: energiø bornholm,
6,energiø bornholm,6: energiø bornholm,
6,energiø bornholm,6: energiø bornholm,
6,energiø bornholm,6: energiø bornholm,
6,energiø bornholm,6: energiø bornholm,
6,energiø bornholm,6: energiø bornholm,
6,energiø bornholm,6: energiø bornholm,
6,energiø bornholm,6: energiø bornholm,
6,energiø bornholm,6: energiø bornholm,
6,energiø bornholm,6: energiø bornholm,
6,energiø bornholm,6: energiø bornholm,
6,energiø bornholm,6: energiø bornholm,
6,energiø bornholm,6: energiø bornholm,
6,energiø bornholm,6: energiø bornholm,
6,energiø bornholm,6: energiø bornholm,
6,energiø bornholm,6: energiø bornholm,
6,energiø bornholm,6: energiø bornholm,
6,energiø bornholm,6: energiø bornholm,
6,energiø bornholm,6: energiø bornholm,
6,energiø bornholm,6: energiø bornholm,
6,energiø bornholm,6: energiø bornholm,
6,energiø bornholm,6: energiø bornholm,
6,energiø bornholm,6: energiø bornholm,
6,energiø bornholm,6: energiø bornholm,
6,energiø bornholm,6: energiø bornholm,
6,energiø bornholm,6: energiø bornholm,
6,energiø bornholm,6: energiø bornholm,
6,energiø bornholm,6: energiø bornholm,
6,energiø bornholm,6: energiø bornholm,
6,energiø bornholm,6: energiø bornholm,
6,energiø bornholm,6: energiø bornholm,
6,energiø bornholm,6: energiø bornholm,
6,energiø bornholm,6: energiø bornholm,
6,energiø bornholm,6: energiø bornholm,
6,energiø bornholm,6: energiø bornholm,
6,energiø bornholm,6: energiø bornholm,
6,energiø bornholm,6: energiø bornholm,
6,energiø bornholm,6: energiø bornholm,
6,energiø bornholm,6: energiø bornholm,
6,energiø bornholm,6: energiø bornholm,
6,energiø bornholm,6: energiø bornholm,
6,energiø bornholm,6: energiø bornholm,
6,energiø bornholm,6: energiø bornholm,
6,energiø bornholm,6: energiø bornholm,
6,energiø bornholm,6: energiø bornholm,
6,energiø bornholm,6: energiø bornholm,
6,energiø bornholm,6: energiø bornholm,
6,energiø bornholm,6: energiø bornholm,
6,energiø bornholm,6: energiø bornholm,
6,energiø bornholm,6: energiø bornholm,
6,energiø bornholm,6: energiø bornholm,
6,energiø bornholm,6: energiø bornholm,
6,energiø bornholm,6: energiø bornholm,
6,energiø bornholm,6: energiø bornholm,
6,energiø bornholm,6: energiø bornholm,
6,energiø bornholm,6: energiø bornholm,
6,energiø bornholm,6: energiø bornholm,
6,energiø bornholm,6: energiø bornholm,
6,energiø bornholm,6: energiø bornholm,
6,energiø bornholm,6: energiø bornholm,
6,energiø bornholm,6: energiø bornholm,
6,energiø bornholm,6: energiø bornholm,
6,energiø bornholm,6: energiø bornholm,
6,energiø bornholm,6: energiø bornholm,
6,energiø bornholm,6: energiø bornholm,
6,energiø bornholm,6: energiø bornholm,
6,energiø bornholm,6: energiø bornholm,
6,energiø bornholm,6: energiø bornholm,
6,energiø bornholm,6: energiø bornholm,
6,energiø bornholm,6: energiø bornholm,
6,energiø bornholm,6: energiø bornholm,
6,energiø bornholm,6: energiø bornholm,
6,energiø bornholm,6: energiø bornholm,
6,energiø bornholm,6: energiø bornholm,
6,energiø bornholm,6: energiø bornholm,
6,energiø bornholm,6: energiø bornholm,
6,energiø bornholm,6: energiø bornholm,
6,energiø bornholm,6: energiø bornholm,
6,energiø bornholm,6: energiø bornholm,
6,energiø bornholm,6: energiø bornholm,
6,energiø bornholm,6: energiø bornholm,
6,energiø bornholm,6: energiø bornholm,
6,energiø bornholm,6: energiø bornholm,
6,energiø bornholm,6: energiø bornholm,
6,energiø bornholm,6: energiø bornholm,
6,energiø bornholm,6: energiø bornholm,
6,energiø bornholm,6: energiø bornholm,
6,energiø bornholm,6: energiø bornholm,
6,energiø bornholm,6: energiø bornholm,
6,energiø bornholm,6: energiø bornholm,
6,energiø bornholm,6: energiø bornholm,
6,energiø bornholm,6: energiø bornholm,
6,energiø bornholm,6: energiø bornholm,
6,energiø bornholm,6: energiø bornholm,
6,energiø bornholm,6: energiø bornholm,
6,energiø bornholm,6: energiø bornholm,
6,energiø bornholm,6: energiø bornholm,
6,energiø bornholm,6: energiø bornholm,
6,energiø bornholm,6: energiø bornholm,
6,energiø bornholm,6: energiø bornholm,
6,energiø bornholm,6: energiø bornholm,
6,energiø bornholm,6: energiø bornholm,
6,energiø bornholm,6: energiø bornholm,
6,energiø bornholm,6: energiø bornholm,
6,energiø bornholm,6: energiø bornholm,
6,energiø bornholm,6: energiø bornholm,
6,energiø bornholm,6: energiø bornholm,
6,energiø bornholm,6: energiø bornholm,
6,energiø bornholm,6: energiø bornholm,
6,energiø bornholm,6: energiø bornholm,
6,energiø bornholm,6: energiø bornholm,
6,energiø bornholm,6: energiø bornholm,
6,energiø bornholm,6: energiø bornholm,
6,energiø bornholm,6: energiø bornholm,
6,energiø bornholm,6: energiø bornholm,
6,energiø bornholm,6: energiø bornholm,
6,energiø bornholm,6: energiø bornholm,
6,energiø bornholm,6: energiø bornholm,
6,energiø bornholm,6: energiø bornholm,
6,energiø bornholm,6: energiø bornholm,
6,energiø bornholm,6: energiø bornholm,
6,energiø bornholm,6: energiø bornholm,
6,energiø bornholm,6: energiø bornholm,
6,energiø bornholm,6: energiø bornholm,
6,energiø bornholm,6: energiø bornholm,
6,energiø bornholm,6: energiø bornholm,
6,energiø bornholm,6: energiø bornholm,
6,energiø bornholm,6: energiø bornholm,
6,energiø bornholm,6: energiø bornholm,
6,energiø bornholm,6: energiø bornholm,
6,energiø bornholm,6: energiø bornholm,
6,energiø bornholm,6: energiø bornholm,
6,energiø bornholm,6: energiø bornholm,
6,energiø bornholm,6: energiø bornholm,
6,energiø bornholm,6: energiø bornholm,
6,energiø bornholm,6: energiø bornholm,
6,energiø bornholm,6: energiø bornholm,
6,energiø bornholm,6: energiø bornholm,
6,energiø bornholm,6: energiø bornholm,
6,energiø bornholm,6: energiø bornholm,
6,energiø bornholm,6: energiø bornholm,
6,energiø bornholm,6: energiø bornholm,
6,energiø bornholm,6: energiø bornholm,
6,energiø bornholm,6: energiø bornholm,
6,energiø bornholm,6: energiø bornholm,
6,energiø bornholm,6: energiø bornholm,
6,energiø bornholm,6: energiø bornholm,
6,energiø bornholm,6: energiø bornholm,
6,energiø bornholm,6: energiø bornholm,
6,energiø bornholm,6: energiø bornholm,
6,energiø bornholm,6: energiø bornholm,
6,energiø bornholm,6: energiø bornholm,
6,energiø bornholm,6: energiø bornholm,
6,energiø bornholm,6: energiø bornholm,
6,energiø bornholm,6: energiø bornholm,
6,energiø bornholm,6: energiø bornholm,
6,energiø bornholm,6: energiø bornholm,
6,energiø bornholm,6: energiø bornholm,
6,energiø bornholm,6: energiø bornholm,
6,energiø bornholm,6: energiø bornholm,
6,energiø bornholm,6: energiø bornholm,
6,energiø bornholm,6: energiø bornholm,
6,energiø bornholm,6: energiø bornholm,
6,energiø bornholm,6: energiø bornholm,
6,energiø bornholm,6: energiø bornholm,
6,energiø bornholm,6: energiø bornholm,
6,energiø bornholm,6: energiø bornholm,
6,energiø bornholm,6: energiø bornholm,
6,energiø bornholm,6: energiø bornholm,
6,energiø bornholm,6: energiø bornholm,
6,energiø bornholm,6: energiø bornholm,
6,energiø bornholm,6: energiø bornholm,
6,energiø bornholm,6: energiø bornholm,
6,energiø bornholm,6: energiø bornholm,
6,energiø bornholm,6: energiø bornholm,
6,energiø bornholm,6: energiø bornholm,
6,energiø bornholm,6: energiø bornholm,
6,energiø bornholm,6: energiø bornholm,
6,energiø bornholm,6: energiø bornholm,
6,energiø bornholm,6: energiø bornholm,
6,energiø bornholm,6: energiø bornholm,
6,energiø bornholm,6: energiø bornholm,
6,energiø bornholm,6: energiø bornholm,
6,energiø bornholm,6: energiø bornholm,
6,energiø bornholm,6: energiø bornholm,
6,energiø bornholm,6: energiø bornholm,
6,energiø bornholm,6: energiø bornholm,
6,energiø bornholm,6: energiø bornholm,
6,energiø bornholm,6: energiø bornholm,
6,energiø bornholm,6: energiø bornholm,
6,energiø bornholm,6: energiø bornholm,
6,energiø bornholm,6: energiø bornholm,
6,energiø bornholm,6: energiø bornholm,
6,energiø bornholm,6: energiø bornholm,
6,energiø bornholm,6: energiø bornholm,
6,energiø bornholm,6: energiø bornholm,
6,energiø bornholm,6: energiø bornholm,
6,energiø bornholm,6: energiø bornholm,
6,energiø bornholm,6: energiø bornholm,
6,energiø bornholm,6: energiø bornholm,
6,energiø bornholm,6: energiø bornholm,
6,energiø bornholm,6: energiø bornholm,
6,energiø bornholm,6: energiø bornholm,
6,energiø bornholm,6: energiø bornholm,
6,energiø bornholm,6: energiø bornholm,
6,energiø bornholm,6: energiø bornholm,
6,energiø bornholm,6: energiø bornholm,
6,energiø bornholm,6: energiø bornholm,
6,energiø bornholm,6: energiø bornholm,
6,energiø bornholm,6: energiø bornholm,
6,energiø bornholm,6: energiø bornholm,
6,energiø bornholm,6: energiø bornholm,
6,energiø bornholm,6: energiø bornholm,
6,energiø bornholm,6: energiø bornholm,
6,energiø bornholm,6: energiø bornholm,
6,energiø bornholm,6: energiø bornholm,
6,energiø bornholm,6: energiø bornholm,
6,energiø bornholm,6: energiø bornholm,
6,energiø bornholm,6: energiø bornholm,
6,energiø bornholm,6: energiø bornholm,
6,energiø bornholm,6: energiø bornholm,
6,energiø bornholm,6: energiø bornholm,
6,energiø bornholm,6: energiø bornholm,
6,energiø bornholm,6: energiø bornholm,
6,energiø bornholm,6: energiø bornholm,
6,energiø bornholm,6: energiø bornholm,
6,energiø bornholm,6: energiø bornholm,
6,energiø bornholm,6: energiø bornholm,
6,energiø bornholm,6: energiø bornholm,
6,energiø bornholm,6: energiø bornholm,
6,energiø bornholm,6: energiø bornholm,
6,energiø bornholm,6: energiø bornholm,
6,energiø bornholm,6: energiø bornholm,
6,energiø bornholm,6: energiø bornholm,
6,energiø bornholm,6: energiø bornholm,
6,energiø bornholm,6: energiø bornholm,
6,energiø bornholm,6: energiø bornholm,
6,energiø bornholm,6: energiø bornholm,
6,energiø bornholm,6: energiø bornholm,
6,energiø bornholm,6: energiø bornholm,
6,energiø bornholm,6: energiø bornholm,
6,energiø bornholm,6: energiø bornholm,
6,energiø bornholm,6: energiø bornholm,
6,energiø bornholm,6: energiø bornholm,
6,energiø bornholm,6: energiø bornholm,
6,energiø bornholm,6: energiø bornholm,
6,energiø bornholm,6: energiø bornholm,
6,energiø bornholm,6: energiø bornholm,
6,energiø bornholm,6: energiø bornholm,
6,energiø bornholm,6: energiø bornholm,
6,energiø bornholm,6: energiø bornholm,
6,energiø bornholm,6: energiø bornholm,
6,energiø bornholm,6: energiø bornholm,
6,energiø bornholm,6: energiø bornholm,
6,energiø bornholm,6: energiø bornholm,
6,energiø bornholm,6: energiø bornholm,
6,energiø bornholm,6: energiø bornholm,
6,energiø bornholm,6: energiø bornholm,
6,energiø bornholm,6: energiø bornholm,
6,energiø bornholm,6: energiø bornholm,
6,energiø bornholm,6: energiø bornholm,
6,energiø bornholm,6: energiø bornholm,
6,energiø bornholm,6: energiø bornholm,
6,energiø bornholm,6: energiø bornholm,
2,municip council,2: municip council,
2,municip council,2: municip council,
2,municip council,2: municip council,
2,municip council,2: municip council,
2,municip council,2: municip council,
2,municip council,2: municip council,
2,municip council,2: municip council,
2,municip council,2: municip council,
2,municip council,2: municip council,
2,municip council,2: municip council,
2,municip council,2: municip council,
2,municip council,2: municip council,
2,municip council,2: municip council,
2,municip council,2: municip council,
2,municip council,2: municip council,
2,municip council,2: municip council,
2,municip council,2: municip council,
2,municip council,2: municip council,
2,municip council,2: municip council,
2,municip council,2: municip council,
2,municip council,2: municip council,
2,municip council,2: municip council,
2,municip council,2: municip council,
2,municip council,2: municip council,
2,municip council,2: municip council,
2,municip council,2: municip council,
2,municip council,2: municip council,
2,municip council,2: municip council,
2,municip council,2: municip council,
2,municip council,2: municip council,
2,municip council,2: municip council,
2,municip council,2: municip council,
2,municip council,2: municip council,
2,municip council,2: municip council,
2,municip council,2: municip council,
2,municip council,2: municip council,
2,municip council,2: municip council,
2,municip council,2: municip council,
2,municip council,2: municip council,
2,municip council,2: municip council,
2,municip council,2: municip council,
2,municip council,2: municip council,
2,municip council,2: municip council,
2,municip council,2: municip council,
2,municip council,2: municip council,
2,municip council,2: municip council,
2,municip council,2: municip council,
2,municip council,2: municip council,
2,municip council,2: municip council,
2,municip council,2: municip council,
2,municip council,2: municip council,
2,municip council,2: municip council,
2,municip council,2: municip council,
2,municip council,2: municip council,
2,municip council,2: municip council,
2,municip council,2: municip council,
2,municip council,2: municip council,
2,municip council,2: municip council,
2,municip council,2: municip council,
2,municip council,2: municip council,
2,municip council,2: municip council,
2,municip council,2: municip council,
2,municip council,2: municip council,
2,municip council,2: municip council,
2,municip council,2: municip council,
2,municip council,2: municip council,
2,municip council,2: municip council,
2,municip council,2: municip council,
2,municip council,2: municip council,
2,municip council,2: municip council,
2,municip council,2: municip council,
2,municip council,2: municip council,
2,municip council,2: municip council,
2,municip council,2: municip council,
2,municip council,2: municip council,
2,municip council,2: municip council,
2,municip council,2: municip council,
2,municip council,2: municip council,
2,municip council,2: municip council,
2,municip council,2: municip council,
2,municip council,2: municip council,
2,municip council,2: municip council,
2,municip council,2: municip council,
2,municip council,2: municip council,
2,municip council,2: municip council,
2,municip council,2: municip council,
2,municip council,2: municip council,
2,municip council,2: municip council,
2,municip council,2: municip council,
2,municip council,2: municip council,
2,municip council,2: municip council,
2,municip council,2: municip council,
2,municip council,2: municip council,
2,municip council,2: municip council,
2,municip council,2: municip council,
2,municip council,2: municip council,
2,municip council,2: municip council,
2,municip council,2: municip council,
2,municip council,2: municip council,
2,municip council,2: municip council,
2,municip council,2: municip council,
2,municip council,2: municip council,
2,municip council,2: municip council,
2,municip council,2: municip council,
2,municip council,2: municip council,
2,municip council,2: municip council,
2,municip council,2: municip council,
2,municip council,2: municip council,
2,municip council,2: municip council,
2,municip council,2: municip council,
2,municip council,2: municip council,
2,municip council,2: municip council,
2,municip council,2: municip council,
2,municip council,2: municip council,
2,municip council,2: municip council,
2,municip council,2: municip council,
2,municip council,2: municip council,
2,municip council,2: municip council,
2,municip council,2: municip council,
2,municip council,2: municip council,
2,municip council,2: municip council,
2,municip council,2: municip council,
2,municip council,2: municip council,
2,municip council,2: municip council,
2,municip council,2: municip council,
2,municip council,2: municip council,
2,municip council,2: municip council,
2,municip council,2: municip council,
2,municip council,2: municip council,
2,municip council,2: municip council,
2,municip council,2: municip council,
2,municip council,2: municip council,
2,municip council,2: municip council,
2,municip council,2: municip council,
2,municip council,2: municip council,
2,municip council,2: municip council,
2,municip council,2: municip council,
2,municip council,2: municip council,
2,municip council,2: municip council,
2,municip council,2: municip council,
2,municip council,2: municip council,
2,municip council,2: municip council,
2,municip council,2: municip council,
2,municip council,2: municip council,
2,municip council,2: municip council,
2,municip council,2: municip council,
2,municip council,2: municip council,
2,municip council,2: municip council,
2,municip council,2: municip council,
2,municip council,2: municip council,
2,municip council,2: municip council,
2,municip council,2: municip council,
2,municip council,2: municip council,
2,municip council,2: municip council,
2,municip council,2: municip council,
2,municip council,2: municip council,
2,municip council,2: municip council,
2,municip council,2: municip council,
2,municip council,2: municip council,
2,municip council,2: municip council,
2,municip council,2: municip council,
2,municip council,2: municip council,
2,municip council,2: municip council,
2,municip council,2: municip council,
2,municip council,2: municip council,
2,municip council,2: municip council,
2,municip council,2: municip council,
2,municip council,2: municip council,
2,municip council,2: municip council,
2,municip council,2: municip council,
2,municip council,2: municip council,
2,municip council,2: municip council,
2,municip council,2: municip council,
2,municip council,2: municip council,
2,municip council,2: municip council,
2,municip council,2: municip council,
2,municip council,2: municip council,
2,municip council,2: municip council,
2,municip council,2: municip council,
2,municip council,2: municip council,
2,municip council,2: municip council,
2,municip council,2: municip council,
2,municip council,2: municip council,
2,municip council,2: municip council,
2,municip council,2: municip council,
2,municip council,2: municip council,
2,municip council,2: municip council,
2,municip council,2: municip council,
2,municip council,2: municip council,
2,municip council,2: municip council,
2,municip council,2: municip council,
2,municip council,2: municip council,
2,municip council,2: municip council,
2,municip council,2: municip council,
2,municip council,2: municip council,
2,municip council,2: municip council,
2,municip council,2: municip council,
2,municip council,2: municip council,
2,municip council,2: municip council,
2,municip council,2: municip council,
2,municip council,2: municip council,
2,municip council,2: municip council,
2,municip council,2: municip council,
2,municip council,2: municip council,
2,municip council,2: municip council,
2,municip council,2: municip council,
2,municip council,2: municip council,
2,municip council,2: municip council,
2,municip council,2: municip council,
2,municip council,2: municip council,
2,municip council,2: municip council,
2,municip council,2: municip council,
2,municip council,2: municip council,
2,municip council,2: municip council,
2,municip council,2: municip council,
2,municip council,2: municip council,
2,municip council,2: municip council,
2,municip council,2: municip council,
2,municip council,2: municip council,
2,municip council,2: municip council,
2,municip council,2: municip council,
2,municip council,2: municip council,
2,municip council,2: municip council,
2,municip council,2: municip council,
2,municip council,2: municip council,
2,municip council,2: municip council,
2,municip council,2: municip council,
2,municip council,2: municip council,
2,municip council,2: municip council,
2,municip council,2: municip council,
2,municip council,2: municip council,
2,municip council,2: municip council,
2,municip council,2: municip council,
2,municip council,2: municip council,
2,municip council,2: municip council,
2,municip council,2: municip council,
2,municip council,2: municip council,
2,municip council,2: municip council,
2,municip council,2: municip council,
2,municip council,2: municip council,
2,municip council,2: municip council,
2,municip council,2: municip council,
2,municip council,2: municip council,
2,municip council,2: municip council,
2,municip council,2: municip council,
2,municip council,2: municip council,
2,municip council,2: municip council,
2,municip council,2: municip council,
2,municip council,2: municip council,
2,municip council,2: municip council,
2,municip council,2: municip council,
2,municip council,2: municip council,
2,municip council,2: municip council,
2,municip council,2: municip council,
2,municip council,2: municip council,
2,municip council,2: municip council,
2,municip council,2: municip council,
2,municip council,2: municip council,
2,municip council,2: municip council,
2,municip council,2: municip council,
2,municip council,2: municip council,
2,municip council,2: municip council,
2,municip council,2: municip council,
2,municip council,2: municip council,
2,municip council,2: municip council,
2,municip council,2: municip council,
2,municip council,2: municip council,
2,municip council,2: municip council,
2,municip council,2: municip council,
2,municip council,2: municip council,
2,municip council,2: municip council,
2,municip council,2: municip council,
2,municip council,2: municip council,
2,municip council,2: municip council,
2,municip council,2: municip council,
2,municip council,2: municip council,
2,municip council,2: municip council,
2,municip council,2: municip council,
2,municip council,2: municip council,
2,municip council,2: municip council,
2,municip council,2: municip council,
2,municip council,2: municip council,
2,municip council,2: municip council,
2,municip council,2: municip council,
2,municip council,2: municip council,
2,municip council,2: municip council,
2,municip council,2: municip council,
2,municip council,2: municip council,
2,municip council,2: municip council,
2,municip council,2: municip council,
2,municip council,2: municip council,
2,municip council,2: municip council,
2,municip council,2: municip council,
2,municip council,2: municip council,
2,municip council,2: municip council,
2,municip council,2: municip council,
2,municip council,2: municip council,
2,municip council,2: municip council,
2,municip council,2: municip council,
2,municip council,2: municip council,
2,municip council,2: municip council,
2,municip council,2: municip council,
2,municip council,2: municip council,
2,municip council,2: municip council,
2,municip council,2: municip council,
2,municip council,2: municip council,
2,municip council,2: municip council,
2,municip council,2: municip council,
2,municip council,2: municip council,
2,municip council,2: municip council,
2,municip council,2: municip council,
2,municip council,2: municip council,
2,municip council,2: municip council,
2,municip council,2: municip council,
2,municip council,2: municip council,
2,municip council,2: municip council,
2,municip council,2: municip council,
2,municip council,2: municip council,
2,municip council,2: municip council,
2,municip council,2: municip council,
2,municip council,2: municip council,
2,municip council,2: municip council,
2,municip council,2: municip council,
2,municip council,2: municip council,
2,municip council,2: municip council,
2,municip council,2: municip council,
2,municip council,2: municip council,
2,municip council,2: municip council,
2,municip council,2: municip council,
2,municip council,2: municip council,
2,municip council,2: municip council,
2,municip council,2: municip council,
2,municip council,2: municip council,
2,municip council,2: municip council,
2,municip council,2: municip council,
2,municip council,2: municip council,
2,municip council,2: municip council,
2,municip council,2: municip council,
2,municip council,2: municip council,
2,municip council,2: municip council,
2,municip council,2: municip council,
2,municip council,2: municip council,
2,municip council,2: municip council,
2,municip council,2: municip council,
2,municip council,2: municip council,
2,municip council,2: municip council,
2,municip council,2: municip council,
2,municip council,2: municip council,
2,municip council,2: municip council,
2,municip council,2: municip council,
2,municip council,2: municip council,
2,municip council,2: municip council,
2,municip council,2: municip council,
2,municip council,2: municip council,
2,municip council,2: municip council,
2,municip council,2: municip council,
2,municip council,2: municip council,
2,municip council,2: municip council,
2,municip council,2: municip council,
2,municip council,2: municip council,
2,municip council,2: municip council,
2,municip council,2: municip council,
2,municip council,2: municip council,
2,municip council,2: municip council,
2,municip council,2: municip council,
2,municip council,2: municip council,
2,municip council,2: municip council,
2,municip council,2: municip council,
2,municip council,2: municip council,
2,municip council,2: municip council,
2,municip council,2: municip council,
2,municip council,2: municip council,
2,municip council,2: municip council,
2,municip council,2: municip council,
2,municip council,2: municip council,
2,municip council,2: municip council,
2,municip council,2: municip council,
2,municip council,2: municip council,
2,municip council,2: municip council,
2,municip council,2: municip council,
2,municip council,2: municip council,
2,municip council,2: municip council,
2,municip council,2: municip council,
2,municip council,2: municip council,
2,municip council,2: municip council,
2,municip council,2: municip council,
2,municip council,2: municip council,
2,municip council,2: municip council,
2,municip council,2: municip council,
2,municip council,2: municip council,
2,municip council,2: municip council,
2,municip council,2: municip council,
2,municip council,2: municip council,
2,municip council,2: municip council,
2,municip council,2: municip council,
2,municip council,2: municip council,
2,municip council,2: municip council,
2,municip council,2: municip council,
2,municip council,2: municip council,
2,municip council,2: municip council,
2,municip council,2: municip council,
2,municip council,2: municip council,
2,municip council,2: municip council,
2,municip council,2: municip council,
2,municip council,2: municip council,
2,municip council,2: municip council,
2,municip council,2: municip council,
2,municip council,2: municip council,
2,municip council,2: municip council,
2,municip council,2: municip council,
2,municip council,2: municip council,
2,municip council,2: municip council,
2,municip council,2: municip council,
2,municip council,2: municip council,
2,municip council,2: municip council,
2,municip council,2: municip council,
2,municip council,2: municip council,
2,municip council,2: municip council,
2,municip council,2: municip council,
2,municip council,2: municip council,
2,municip council,2: municip council,
2,municip council,2: municip council,
2,municip council,2: municip council,
2,municip council,2: municip council,
2,municip council,2: municip council,
2,municip council,2: municip council,
2,municip council,2: municip council,
2,municip council,2: municip council,
2,municip council,2: municip council,
2,municip council,2: municip council,
2,municip council,2: municip council,
2,municip council,2: municip council,
2,municip council,2: municip council,
2,municip council,2: municip council,
2,municip council,2: municip council,
2,municip council,2: municip council,
2,municip council,2: municip council,
2,municip council,2: municip council,
2,municip council,2: municip council,
2,municip council,2: municip council,
2,municip council,2: municip council,
2,municip council,2: municip council,
2,municip council,2: municip council,
2,municip council,2: municip council,
2,municip council,2: municip council,
2,municip council,2: municip council,
2,municip council,2: municip council,
2,municip council,2: municip council,
2,municip council,2: municip council,
2,municip council,2: municip council,
2,municip council,2: municip council,
2,municip council,2: municip council,
2,municip council,2: municip council,
2,municip council,2: municip council,
2,municip council,2: municip council,
2,municip council,2: municip council,
2,municip council,2: municip council,
2,municip council,2: municip council,
2,municip council,2: municip council,
2,municip council,2: municip council,
2,municip council,2: municip council,
2,municip council,2: municip council,
2,municip council,2: municip council,
2,municip council,2: municip council,
2,municip council,2: municip council,
2,municip council,2: municip council,
2,municip council,2: municip council,
2,municip council,2: municip council,
6,energiø bornholm,6: energiø bornholm,
6,energiø bornholm,6: energiø bornholm,
6,energiø bornholm,6: energiø bornholm,
6,energiø bornholm,6: energiø bornholm,
6,energiø bornholm,6: energiø bornholm,
6,energiø bornholm,6: energiø bornholm,
6,energiø bornholm,6: energiø bornholm,
6,energiø bornholm,6: energiø bornholm,
6,energiø bornholm,6: energiø bornholm,
6,energiø bornholm,6: energiø bornholm,
6,energiø bornholm,6: energiø bornholm,
6,energiø bornholm,6: energiø bornholm,
6,energiø bornholm,6: energiø bornholm,
6,energiø bornholm,6: energiø bornholm,
6,energiø bornholm,6: energiø bornholm,
6,energiø bornholm,6: energiø bornholm,
6,energiø bornholm,6: energiø bornholm,
6,energiø bornholm,6: energiø bornholm,
6,energiø bornholm,6: energiø bornholm,
6,energiø bornholm,6: energiø bornholm,
6,energiø bornholm,6: energiø bornholm,
6,energiø bornholm,6: energiø bornholm,
6,energiø bornholm,6: energiø bornholm,
6,energiø bornholm,6: energiø bornholm,
6,energiø bornholm,6: energiø bornholm,
6,energiø bornholm,6: energiø bornholm,
6,energiø bornholm,6: energiø bornholm,
6,energiø bornholm,6: energiø bornholm,
6,energiø bornholm,6: energiø bornholm,
6,energiø bornholm,6: energiø bornholm,
6,energiø bornholm,6: energiø bornholm,
6,energiø bornholm,6: energiø bornholm,
6,energiø bornholm,6: energiø bornholm,
6,energiø bornholm,6: energiø bornholm,
6,energiø bornholm,6: energiø bornholm,
6,energiø bornholm,6: energiø bornholm,
6,energiø bornholm,6: energiø bornholm,
6,energiø bornholm,6: energiø bornholm,
6,energiø bornholm,6: energiø bornholm,
6,energiø bornholm,6: energiø bornholm,
6,energiø bornholm,6: energiø bornholm,
6,energiø bornholm,6: energiø bornholm,
6,energiø bornholm,6: energiø bornholm,
6,energiø bornholm,6: energiø bornholm,
6,energiø bornholm,6: energiø bornholm,
6,energiø bornholm,6: energiø bornholm,
6,energiø bornholm,6: energiø bornholm,
6,energiø bornholm,6: energiø bornholm,
6,energiø bornholm,6: energiø bornholm,
6,energiø bornholm,6: energiø bornholm,
6,energiø bornholm,6: energiø bornholm,
6,energiø bornholm,6: energiø bornholm,
6,energiø bornholm,6: energiø bornholm,
6,energiø bornholm,6: energiø bornholm,
6,energiø bornholm,6: energiø bornholm,
6,energiø bornholm,6: energiø bornholm,
6,energiø bornholm,6: energiø bornholm,
6,energiø bornholm,6: energiø bornholm,
6,energiø bornholm,6: energiø bornholm,
6,energiø bornholm,6: energiø bornholm,
6,energiø bornholm,6: energiø bornholm,
6,energiø bornholm,6: energiø bornholm,
6,energiø bornholm,6: energiø bornholm,
6,energiø bornholm,6: energiø bornholm,
6,energiø bornholm,6: energiø bornholm,
6,energiø bornholm,6: energiø bornholm,
6,energiø bornholm,6: energiø bornholm,
6,energiø bornholm,6: energiø bornholm,
6,energiø bornholm,6: energiø bornholm,
6,energiø bornholm,6: energiø bornholm,
6,energiø bornholm,6: energiø bornholm,
6,energiø bornholm,6: energiø bornholm,
6,energiø bornholm,6: energiø bornholm,
6,energiø bornholm,6: energiø bornholm,
6,energiø bornholm,6: energiø bornholm,
6,energiø bornholm,6: energiø bornholm,
6,energiø bornholm,6: energiø bornholm,
6,energiø bornholm,6: energiø bornholm,
6,energiø bornholm,6: energiø bornholm,
6,energiø bornholm,6: energiø bornholm,
6,energiø bornholm,6: energiø bornholm,
6,energiø bornholm,6: energiø bornholm,
6,energiø bornholm,6: energiø bornholm,
6,energiø bornholm,6: energiø bornholm,
6,energiø bornholm,6: energiø bornholm,
6,energiø bornholm,6: energiø bornholm,
6,energiø bornholm,6: energiø bornholm,
6,energiø bornholm,6: energiø bornholm,
6,energiø bornholm,6: energiø bornholm,
6,energiø bornholm,6: energiø bornholm,
6,energiø bornholm,6: energiø bornholm,
6,energiø bornholm,6: energiø bornholm,
6,energiø bornholm,6: energiø bornholm,
6,energiø bornholm,6: energiø bornholm,
6,energiø bornholm,6: energiø bornholm,
6,energiø bornholm,6: energiø bornholm,
6,energiø bornholm,6: energiø bornholm,
6,energiø bornholm,6: energiø bornholm,
6,energiø bornholm,6: energiø bornholm,
6,energiø bornholm,6: energiø bornholm,
6,energiø bornholm,6: energiø bornholm,
6,energiø bornholm,6: energiø bornholm,
6,energiø bornholm,6: energiø bornholm,
6,energiø bornholm,6: energiø bornholm,
6,energiø bornholm,6: energiø bornholm,
6,energiø bornholm,6: energiø bornholm,
6,energiø bornholm,6: energiø bornholm,
6,energiø bornholm,6: energiø bornholm,
6,energiø bornholm,6: energiø bornholm,
6,energiø bornholm,6: energiø bornholm,
6,energiø bornholm,6: energiø bornholm,
6,energiø bornholm,6: energiø bornholm,
6,energiø bornholm,6: energiø bornholm,
6,energiø bornholm,6: energiø bornholm,
6,energiø bornholm,6: energiø bornholm,
6,energiø bornholm,6: energiø bornholm,
6,energiø bornholm,6: energiø bornholm,
6,energiø bornholm,6: energiø bornholm,
6,energiø bornholm,6: energiø bornholm,
6,energiø bornholm,6: energiø bornholm,
6,energiø bornholm,6: energiø bornholm,
6,energiø bornholm,6: energiø bornholm,
6,energiø bornholm,6: energiø bornholm,
6,energiø bornholm,6: energiø bornholm,
6,energiø bornholm,6: energiø bornholm,
6,energiø bornholm,6: energiø bornholm,
6,energiø bornholm,6: energiø bornholm,
6,energiø bornholm,6: energiø bornholm,
6,energiø bornholm,6: energiø bornholm,
6,energiø bornholm,6: energiø bornholm,
6,energiø bornholm,6: energiø bornholm,
6,energiø bornholm,6: energiø bornholm,
6,energiø bornholm,6: energiø bornholm,
6,energiø bornholm,6: energiø bornholm,
6,energiø bornholm,6: energiø bornholm,
6,energiø bornholm,6: energiø bornholm,
6,energiø bornholm,6: energiø bornholm,
6,energiø bornholm,6: energiø bornholm,
6,energiø bornholm,6: energiø bornholm,
6,energiø bornholm,6: energiø bornholm,
6,energiø bornholm,6: energiø bornholm,
6,energiø bornholm,6: energiø bornholm,
6,energiø bornholm,6: energiø bornholm,
6,energiø bornholm,6: energiø bornholm,
6,energiø bornholm,6: energiø bornholm,
6,energiø bornholm,6: energiø bornholm,
6,energiø bornholm,6: energiø bornholm,
6,energiø bornholm,6: energiø bornholm,
6,energiø bornholm,6: energiø bornholm,
6,energiø bornholm,6: energiø bornholm,
6,energiø bornholm,6: energiø bornholm,
6,energiø bornholm,6: energiø bornholm,
6,energiø bornholm,6: energiø bornholm,
6,energiø bornholm,6: energiø bornholm,
6,energiø bornholm,6: energiø bornholm,
6,energiø bornholm,6: energiø bornholm,
6,energiø bornholm,6: energiø bornholm,
6,energiø bornholm,6: energiø bornholm,
6,energiø bornholm,6: energiø bornholm,
6,energiø bornholm,6: energiø bornholm,
6,energiø bornholm,6: energiø bornholm,
6,energiø bornholm,6: energiø bornholm,
6,energiø bornholm,6: energiø bornholm,
6,energiø bornholm,6: energiø bornholm,
6,energiø bornholm,6: energiø bornholm,
6,energiø bornholm,6: energiø bornholm,
6,energiø bornholm,6: energiø bornholm,
6,energiø bornholm,6: energiø bornholm,
6,energiø bornholm,6: energiø bornholm,
6,energiø bornholm,6: energiø bornholm,
6,energiø bornholm,6: energiø bornholm,
2,municip council,2: municip council,
2,municip council,2: municip council,
2,municip council,2: municip council,
2,municip council,2: municip council,
2,municip council,2: municip council,
2,municip council,2: municip council,
2,municip council,2: municip council,
2,municip council,2: municip council,
2,municip council,2: municip council,
2,municip council,2: municip council,
2,municip council,2: municip council,
2,municip council,2: municip council,
2,municip council,2: municip council,
2,municip council,2: municip council,
2,municip council,2: municip council,
2,municip council,2: municip council,
2,municip council,2: municip council,
2,municip council,2: municip council,
2,municip council,2: municip council,
2,municip council,2: municip council,
2,municip council,2: municip council,
2,municip council,2: municip council,
2,municip council,2: municip council,
2,municip council,2: municip council,
2,municip council,2: municip council,
2,municip council,2: municip council,
2,municip council,2: municip council,
2,municip council,2: municip council,
2,municip council,2: municip council,
2,municip council,2: municip council,
2,municip council,2: municip council,
2,municip council,2: municip council,
2,municip council,2: municip council,
2,municip council,2: municip council,
2,municip council,2: municip council,
2,municip council,2: municip council,
2,municip council,2: municip council,
2,municip council,2: municip council,
2,municip council,2: municip council,
2,municip council,2: municip council,
2,municip council,2: municip council,
2,municip council,2: municip council,
2,municip council,2: municip council,
2,municip council,2: municip council,
2,municip council,2: municip council,
2,municip council,2: municip council,
2,municip council,2: municip council,
2,municip council,2: municip council,
2,municip council,2: municip council,
2,municip council,2: municip council,
2,municip council,2: municip council,
2,municip council,2: municip council,
2,municip council,2: municip council,
2,municip council,2: municip council,
2,municip council,2: municip council,
2,municip council,2: municip council,
2,municip council,2: municip council,
2,municip council,2: municip council,
2,municip council,2: municip council,
2,municip council,2: municip council,
2,municip council,2: municip council,
2,municip council,2: municip council,
2,municip council,2: municip council,
2,municip council,2: municip council,
2,municip council,2: municip council,
2,municip council,2: municip council,
2,municip council,2: municip council,
2,municip council,2: municip council,
2,municip council,2: municip council,
2,municip council,2: municip council,
2,municip council,2: municip council,
2,municip council,2: municip council,
2,municip council,2: municip council,
2,municip council,2: municip council,
2,municip council,2: municip council,
2,municip council,2: municip council,
2,municip council,2: municip council,
2,municip council,2: municip council,
2,municip council,2: municip council,
2,municip council,2: municip council,
2,municip council,2: municip council,
2,municip council,2: municip council,
2,municip council,2: municip council,
2,municip council,2: municip council,
2,municip council,2: municip council,
2,municip council,2: municip council,
2,municip council,2: municip council,
2,municip council,2: municip council,
2,municip council,2: municip council,
2,municip council,2: municip council,
2,municip council,2: municip council,
2,municip council,2: municip council,
2,municip council,2: municip council,
2,municip council,2: municip council,
2,municip council,2: municip council,
2,municip council,2: municip council,
2,municip council,2: municip council,
2,municip council,2: municip council,
2,municip council,2: municip council,
2,municip council,2: municip council,
2,municip council,2: municip council,
2,municip council,2: municip council,
2,municip council,2: municip council,
2,municip council,2: municip council,
2,municip council,2: municip council,
2,municip council,2: municip council,
2,municip council,2: municip council,
2,municip council,2: municip council,
2,municip council,2: municip council,
2,municip council,2: municip council,
2,municip council,2: municip council,
2,municip council,2: municip council,
2,municip council,2: municip council,
2,municip council,2: municip council,
2,municip council,2: municip council,
2,municip council,2: municip council,
2,municip council,2: municip council,
2,municip council,2: municip council,
2,municip council,2: municip council,
2,municip council,2: municip council,
2,municip council,2: municip council,
2,municip council,2: municip council,
2,municip council,2: municip council,
2,municip council,2: municip council,
2,municip council,2: municip council,
2,municip council,2: municip council,
2,municip council,2: municip council,
2,municip council,2: municip council,
2,municip council,2: municip council,
2,municip council,2: municip council,
2,municip council,2: municip council,
2,municip council,2: municip council,
2,municip council,2: municip council,
2,municip council,2: municip council,
2,municip council,2: municip council,
2,municip council,2: municip council,
2,municip council,2: municip council,
2,municip council,2: municip council,
2,municip council,2: municip council,
2,municip council,2: municip council,
2,municip council,2: municip council,
2,municip council,2: municip council,
2,municip council,2: municip council,
2,municip council,2: municip council,
2,municip council,2: municip council,
2,municip council,2: municip council,
2,municip council,2: municip council,
2,municip council,2: municip council,
2,municip council,2: municip council,
2,municip council,2: municip council,
2,municip council,2: municip council,
2,municip council,2: municip council,
2,municip council,2: municip council,
2,municip council,2: municip council,
2,municip council,2: municip council,
2,municip council,2: municip council,
3,offshor wind,3: offshor wind,
3,offshor wind,3: offshor wind,
3,offshor wind,3: offshor wind,
3,offshor wind,3: offshor wind,
3,offshor wind,3: offshor wind,
3,offshor wind,3: offshor wind,
3,offshor wind,3: offshor wind,
3,offshor wind,3: offshor wind,
3,offshor wind,3: offshor wind,
3,offshor wind,3: offshor wind,
3,offshor wind,3: offshor wind,
3,offshor wind,3: offshor wind,
3,offshor wind,3: offshor wind,
3,offshor wind,3: offshor wind,
3,offshor wind,3: offshor wind,
3,offshor wind,3: offshor wind,
3,offshor wind,3: offshor wind,
3,offshor wind,3: offshor wind,
3,offshor wind,3: offshor wind,
3,offshor wind,3: offshor wind,
3,offshor wind,3: offshor wind,
3,offshor wind,3: offshor wind,
3,offshor wind,3: offshor wind,
3,offshor wind,3: offshor wind,
3,offshor wind,3: offshor wind,
3,offshor wind,3: offshor wind,
3,offshor wind,3: offshor wind,
3,offshor wind,3: offshor wind,
3,offshor wind,3: offshor wind,
3,offshor wind,3: offshor wind,
3,offshor wind,3: offshor wind,
3,offshor wind,3: offshor wind,
3,offshor wind,3: offshor wind,
3,offshor wind,3: offshor wind,
3,offshor wind,3: offshor wind,
3,offshor wind,3: offshor wind,
3,offshor wind,3: offshor wind,
3,offshor wind,3: offshor wind,
3,offshor wind,3: offshor wind,
3,offshor wind,3: offshor wind,
3,offshor wind,3: offshor wind,
3,offshor wind,3: offshor wind,
3,offshor wind,3: offshor wind,
3,offshor wind,3: offshor wind,
3,offshor wind,3: offshor wind,
3,offshor wind,3: offshor wind,
3,offshor wind,3: offshor wind,
3,offshor wind,3: offshor wind,
3,offshor wind,3: offshor wind,
3,offshor wind,3: offshor wind,
3,offshor wind,3: offshor wind,
3,offshor wind,3: offshor wind,
3,offshor wind,3: offshor wind,
3,offshor wind,3: offshor wind,
3,offshor wind,3: offshor wind,
3,offshor wind,3: offshor wind,
3,offshor wind,3: offshor wind,
3,offshor wind,3: offshor wind,
3,offshor wind,3: offshor wind,
3,offshor wind,3: offshor wind,
3,offshor wind,3: offshor wind,
3,offshor wind,3: offshor wind,
3,offshor wind,3: offshor wind,
3,offshor wind,3: offshor wind,
3,offshor wind,3: offshor wind,
3,offshor wind,3: offshor wind,
3,offshor wind,3: offshor wind,
3,offshor wind,3: offshor wind,
3,offshor wind,3: offshor wind,
3,offshor wind,3: offshor wind,
3,offshor wind,3: offshor wind,
3,offshor wind,3: offshor wind,
3,offshor wind,3: offshor wind,
3,offshor wind,3: offshor wind,
3,offshor wind,3: offshor wind,
3,offshor wind,3: offshor wind,
3,offshor wind,3: offshor wind,
3,offshor wind,3: offshor wind,
3,offshor wind,3: offshor wind,
3,offshor wind,3: offshor wind,
3,offshor wind,3: offshor wind,
3,offshor wind,3: offshor wind,
3,offshor wind,3: offshor wind,
3,offshor wind,3: offshor wind,
3,offshor wind,3: offshor wind,
3,offshor wind,3: offshor wind,
3,offshor wind,3: offshor wind,
3,offshor wind,3: offshor wind,
3,offshor wind,3: offshor wind,
3,offshor wind,3: offshor wind,
3,offshor wind,3: offshor wind,
3,offshor wind,3: offshor wind,
3,offshor wind,3: offshor wind,
3,offshor wind,3: offshor wind,
3,offshor wind,3: offshor wind,
3,offshor wind,3: offshor wind,
3,offshor wind,3: offshor wind,
3,offshor wind,3: offshor wind,
3,offshor wind,3: offshor wind,
3,offshor wind,3: offshor wind,
3,offshor wind,3: offshor wind,
3,offshor wind,3: offshor wind,
3,offshor wind,3: offshor wind,
3,offshor wind,3: offshor wind,
3,offshor wind,3: offshor wind,
3,offshor wind,3: offshor wind,
3,offshor wind,3: offshor wind,
3,offshor wind,3: offshor wind,
3,offshor wind,3: offshor wind,
3,offshor wind,3: offshor wind,
3,offshor wind,3: offshor wind,
3,offshor wind,3: offshor wind,
3,offshor wind,3: offshor wind,
2,municip council,2: municip council,
2,municip council,2: municip council,
2,municip council,2: municip council,
2,municip council,2: municip council,
2,municip council,2: municip council,
2,municip council,2: municip council,
2,municip council,2: municip council,
2,municip council,2: municip council,
2,municip council,2: municip council,
2,municip council,2: municip council,
2,municip council,2: municip council,
2,municip council,2: municip council,
2,municip council,2: municip council,
2,municip council,2: municip council,
2,municip council,2: municip council,
2,municip council,2: municip council,
2,municip council,2: municip council,
2,municip council,2: municip council,
2,municip council,2: municip council,
2,municip council,2: municip council,
2,municip council,2: municip council,
2,municip council,2: municip council,
2,municip council,2: municip council,
2,municip council,2: municip council,
2,municip council,2: municip council,
2,municip council,2: municip council,
2,municip council,2: municip council,
2,municip council,2: municip council,
2,municip council,2: municip council,
2,municip council,2: municip council,
2,municip council,2: municip council,
2,municip council,2: municip council,
2,municip council,2: municip council,
2,municip council,2: municip council,
2,municip council,2: municip council,
2,municip council,2: municip council,
2,municip council,2: municip council,
2,municip council,2: municip council,
2,municip council,2: municip council,
2,municip council,2: municip council,
2,municip council,2: municip council,
2,municip council,2: municip council,
2,municip council,2: municip council,
2,municip council,2: municip council,
2,municip council,2: municip council,
2,municip council,2: municip council,
2,municip council,2: municip council,
2,municip council,2: municip council,
2,municip council,2: municip council,
2,municip council,2: municip council,
2,municip council,2: municip council,
2,municip council,2: municip council,
2,municip council,2: municip council,
2,municip council,2: municip council,
2,municip council,2: municip council,
2,municip council,2: municip council,
2,municip council,2: municip council,
2,municip council,2: municip council,
2,municip council,2: municip council,
2,municip council,2: municip council,
2,municip council,2: municip council,
2,municip council,2: municip council,
2,municip council,2: municip council,
2,municip council,2: municip council,
2,municip council,2: municip council,
2,municip council,2: municip council,
2,municip council,2: municip council,
2,municip council,2: municip council,
2,municip council,2: municip council,
2,municip council,2: municip council,
2,municip council,2: municip council,
2,municip council,2: municip council,
2,municip council,2: municip council,
2,municip council,2: municip council,
2,municip council,2: municip council,
2,municip council,2: municip council,
2,municip council,2: municip council,
2,municip council,2: municip council,
2,municip council,2: municip council,
2,municip council,2: municip council,
2,municip council,2: municip council,
2,municip council,2: municip council,
2,municip council,2: municip council,
2,municip council,2: municip council,
2,municip council,2: municip council,
2,municip council,2: municip council,
2,municip council,2: municip council,
2,municip council,2: municip council,
2,municip council,2: municip council,
2,municip council,2: municip council,
2,municip council,2: municip council,
2,municip council,2: municip council,
2,municip council,2: municip council,
2,municip council,2: municip council,
2,municip council,2: municip council,
2,municip council,2: municip council,
2,municip council,2: municip council,
2,municip council,2: municip council,
2,municip council,2: municip council,
2,municip council,2: municip council,
2,municip council,2: municip council,
2,municip council,2: municip council,
2,municip council,2: municip council,
2,municip council,2: municip council,
2,municip council,2: municip council,
2,municip council,2: municip council,
2,municip council,2: municip council,
2,municip council,2: municip council,
2,municip council,2: municip council,
2,municip council,2: municip council,
2,municip council,2: municip council,
2,municip council,2: municip council,
2,municip council,2: municip council,
2,municip council,2: municip council,
2,municip council,2: municip council,
2,municip council,2: municip council,
2,municip council,2: municip council,
2,municip council,2: municip council,
2,municip council,2: municip council,
2,municip council,2: municip council,
2,municip council,2: municip council,
2,municip council,2: municip council,
2,municip council,2: municip council,
2,municip council,2: municip council,
2,municip council,2: municip council,
2,municip council,2: municip council,
2,municip council,2: municip council,
2,municip council,2: municip council,
2,municip council,2: municip council,
2,municip council,2: municip council,
2,municip council,2: municip council,
2,municip council,2: municip council,
2,municip council,2: municip council,
2,municip council,2: municip council,
2,municip council,2: municip council,
2,municip council,2: municip council,
2,municip council,2: municip council,
2,municip council,2: municip council,
2,municip council,2: municip council,
2,municip council,2: municip council,
2,municip council,2: municip council,
2,municip council,2: municip council,
2,municip council,2: municip council,
2,municip council,2: municip council,
2,municip council,2: municip council,
2,municip council,2: municip council,
2,municip council,2: municip council,
2,municip council,2: municip council,
2,municip council,2: municip council,
2,municip council,2: municip council,
2,municip council,2: municip council,
2,municip council,2: municip council,
2,municip council,2: municip council,
2,municip council,2: municip council,
2,municip council,2: municip council,
2,municip council,2: municip council,
6,energiø bornholm,6: energiø bornholm,
6,energiø bornholm,6: energiø bornholm,
6,energiø bornholm,6: energiø bornholm,
6,energiø bornholm,6: energiø bornholm,
6,energiø bornholm,6: energiø bornholm,
6,energiø bornholm,6: energiø bornholm,
6,energiø bornholm,6: energiø bornholm,
6,energiø bornholm,6: energiø bornholm,
6,energiø bornholm,6: energiø bornholm,
6,energiø bornholm,6: energiø bornholm,
6,energiø bornholm,6: energiø bornholm,
6,energiø bornholm,6: energiø bornholm,
6,energiø bornholm,6: energiø bornholm,
6,energiø bornholm,6: energiø bornholm,
6,energiø bornholm,6: energiø bornholm,
6,energiø bornholm,6: energiø bornholm,
6,energiø bornholm,6: energiø bornholm,
6,energiø bornholm,6: energiø bornholm,
6,energiø bornholm,6: energiø bornholm,
6,energiø bornholm,6: energiø bornholm,
6,energiø bornholm,6: energiø bornholm,
6,energiø bornholm,6: energiø bornholm,
6,energiø bornholm,6: energiø bornholm,
6,energiø bornholm,6: energiø bornholm,
6,energiø bornholm,6: energiø bornholm,
6,energiø bornholm,6: energiø bornholm,
6,energiø bornholm,6: energiø bornholm,
6,energiø bornholm,6: energiø bornholm,
6,energiø bornholm,6: energiø bornholm,
6,energiø bornholm,6: energiø bornholm,
6,energiø bornholm,6: energiø bornholm,
6,energiø bornholm,6: energiø bornholm,
6,energiø bornholm,6: energiø bornholm,
6,energiø bornholm,6: energiø bornholm,
6,energiø bornholm,6: energiø bornholm,
6,energiø bornholm,6: energiø bornholm,
6,energiø bornholm,6: energiø bornholm,
6,energiø bornholm,6: energiø bornholm,
6,energiø bornholm,6: energiø bornholm,
6,energiø bornholm,6: energiø bornholm,
6,energiø bornholm,6: energiø bornholm,
6,energiø bornholm,6: energiø bornholm,
6,energiø bornholm,6: energiø bornholm,
6,energiø bornholm,6: energiø bornholm,
6,energiø bornholm,6: energiø bornholm,
6,energiø bornholm,6: energiø bornholm,
6,energiø bornholm,6: energiø bornholm,
6,energiø bornholm,6: energiø bornholm,
6,energiø bornholm,6: energiø bornholm,
6,energiø bornholm,6: energiø bornholm,
6,energiø bornholm,6: energiø bornholm,
6,energiø bornholm,6: energiø bornholm,
6,energiø bornholm,6: energiø bornholm,
6,energiø bornholm,6: energiø bornholm,
6,energiø bornholm,6: energiø bornholm,
6,energiø bornholm,6: energiø bornholm,
6,energiø bornholm,6: energiø bornholm,
6,energiø bornholm,6: energiø bornholm,
6,energiø bornholm,6: energiø bornholm,
6,energiø bornholm,6: energiø bornholm,
6,energiø bornholm,6: energiø bornholm,
6,energiø bornholm,6: energiø bornholm,
6,energiø bornholm,6: energiø bornholm,
6,energiø bornholm,6: energiø bornholm,
6,energiø bornholm,6: energiø bornholm,
6,energiø bornholm,6: energiø bornholm,
6,energiø bornholm,6: energiø bornholm,
6,energiø bornholm,6: energiø bornholm,
6,energiø bornholm,6: energiø bornholm,
6,energiø bornholm,6: energiø bornholm,
6,energiø bornholm,6: energiø bornholm,
6,energiø bornholm,6: energiø bornholm,
6,energiø bornholm,6: energiø bornholm,
6,energiø bornholm,6: energiø bornholm,
6,energiø bornholm,6: energiø bornholm,
6,energiø bornholm,6: energiø bornholm,
6,energiø bornholm,6: energiø bornholm,
6,energiø bornholm,6: energiø bornholm,
6,energiø bornholm,6: energiø bornholm,
6,energiø bornholm,6: energiø bornholm,
6,energiø bornholm,6: energiø bornholm,
6,energiø bornholm,6: energiø bornholm,
6,energiø bornholm,6: energiø bornholm,
6,energiø bornholm,6: energiø bornholm,
6,energiø bornholm,6: energiø bornholm,
6,energiø bornholm,6: energiø bornholm,
6,energiø bornholm,6: energiø bornholm,
6,energiø bornholm,6: energiø bornholm,
6,energiø bornholm,6: energiø bornholm,
6,energiø bornholm,6: energiø bornholm,
6,energiø bornholm,6: energiø bornholm,
6,energiø bornholm,6: energiø bornholm,
6,energiø bornholm,6: energiø bornholm,
6,energiø bornholm,6: energiø bornholm,
6,energiø bornholm,6: energiø bornholm,
6,energiø bornholm,6: energiø bornholm,
6,energiø bornholm,6: energiø bornholm,
6,energiø bornholm,6: energiø bornholm,
6,energiø bornholm,6: energiø bornholm,
6,energiø bornholm,6: energiø bornholm,
6,energiø bornholm,6: energiø bornholm,
6,energiø bornholm,6: energiø bornholm,
6,energiø bornholm,6: energiø bornholm,
6,energiø bornholm,6: energiø bornholm,
6,energiø bornholm,6: energiø bornholm,
6,energiø bornholm,6: energiø bornholm,
6,energiø bornholm,6: energiø bornholm,
6,energiø bornholm,6: energiø bornholm,
6,energiø bornholm,6: energiø bornholm,
6,energiø bornholm,6: energiø bornholm,
6,energiø bornholm,6: energiø bornholm,
6,energiø bornholm,6: energiø bornholm,
6,energiø bornholm,6: energiø bornholm,
6,energiø bornholm,6: energiø bornholm,
6,energiø bornholm,6: energiø bornholm,
6,energiø bornholm,6: energiø bornholm,
6,energiø bornholm,6: energiø bornholm,
6,energiø bornholm,6: energiø bornholm,
6,energiø bornholm,6: energiø bornholm,
6,energiø bornholm,6: energiø bornholm,
6,energiø bornholm,6: energiø bornholm,
6,energiø bornholm,6: energiø bornholm,
6,energiø bornholm,6: energiø bornholm,
6,energiø bornholm,6: energiø bornholm,
6,energiø bornholm,6: energiø bornholm,
6,energiø bornholm,6: energiø bornholm,
6,energiø bornholm,6: energiø bornholm,
6,energiø bornholm,6: energiø bornholm,
6,energiø bornholm,6: energiø bornholm,
6,energiø bornholm,6: energiø bornholm,
6,energiø bornholm,6: energiø bornholm,
6,energiø bornholm,6: energiø bornholm,
6,energiø bornholm,6: energiø bornholm,
6,energiø bornholm,6: energiø bornholm,
6,energiø bornholm,6: energiø bornholm,
6,energiø bornholm,6: energiø bornholm,
6,energiø bornholm,6: energiø bornholm,
6,energiø bornholm,6: energiø bornholm,
6,energiø bornholm,6: energiø bornholm,
6,energiø bornholm,6: energiø bornholm,
6,energiø bornholm,6: energiø bornholm,
6,energiø bornholm,6: energiø bornholm,
6,energiø bornholm,6: energiø bornholm,
6,energiø bornholm,6: energiø bornholm,
6,energiø bornholm,6: energiø bornholm,
6,energiø bornholm,6: energiø bornholm,
6,energiø bornholm,6: energiø bornholm,
6,energiø bornholm,6: energiø bornholm,
6,energiø bornholm,6: energiø bornholm,
6,energiø bornholm,6: energiø bornholm,
6,energiø bornholm,6: energiø bornholm,
6,energiø bornholm,6: energiø bornholm,
6,energiø bornholm,6: energiø bornholm,
6,energiø bornholm,6: energiø bornholm,
6,energiø bornholm,6: energiø bornholm,
6,energiø bornholm,6: energiø bornholm,
6,energiø bornholm,6: energiø bornholm,
6,energiø bornholm,6: energiø bornholm,
6,energiø bornholm,6: energiø bornholm,
6,energiø bornholm,6: energiø bornholm,
6,energiø bornholm,6: energiø bornholm,
6,energiø bornholm,6: energiø bornholm,
6,energiø bornholm,6: energiø bornholm,
6,energiø bornholm,6: energiø bornholm,
6,energiø bornholm,6: energiø bornholm,
6,energiø bornholm,6: energiø bornholm,
6,energiø bornholm,6: energiø bornholm,
6,energiø bornholm,6: energiø bornholm,
6,energiø bornholm,6: energiø bornholm,
6,energiø bornholm,6: energiø bornholm,
6,energiø bornholm,6: energiø bornholm,
6,energiø bornholm,6: energiø bornholm,
6,energiø bornholm,6: energiø bornholm,
6,energiø bornholm,6: energiø bornholm,
6,energiø bornholm,6: energiø bornholm,
6,energiø bornholm,6: energiø bornholm,
6,energiø bornholm,6: energiø bornholm,
6,energiø bornholm,6: energiø bornholm,
6,energiø bornholm,6: energiø bornholm,
6,energiø bornholm,6: energiø bornholm,
6,energiø bornholm,6: energiø bornholm,
6,energiø bornholm,6: energiø bornholm,
6,energiø bornholm,6: energiø bornholm,
6,energiø bornholm,6: energiø bornholm,
6,energiø bornholm,6: energiø bornholm,
6,energiø bornholm,6: energiø bornholm,
6,energiø bornholm,6: energiø bornholm,
6,energiø bornholm,6: energiø bornholm,
6,energiø bornholm,6: energiø bornholm,
6,energiø bornholm,6: energiø bornholm,
6,energiø bornholm,6: energiø bornholm,
6,energiø bornholm,6: energiø bornholm,
6,energiø bornholm,6: energiø bornholm,
6,energiø bornholm,6: energiø bornholm,
6,energiø bornholm,6: energiø bornholm,
6,energiø bornholm,6: energiø bornholm,
6,energiø bornholm,6: energiø bornholm,
6,energiø bornholm,6: energiø bornholm,
6,energiø bornholm,6: energiø bornholm,
6,energiø bornholm,6: energiø bornholm,
6,energiø bornholm,6: energiø bornholm,
6,energiø bornholm,6: energiø bornholm,
6,energiø bornholm,6: energiø bornholm,
6,energiø bornholm,6: energiø bornholm,
6,energiø bornholm,6: energiø bornholm,
6,energiø bornholm,6: energiø bornholm,
6,energiø bornholm,6: energiø bornholm,
6,energiø bornholm,6: energiø bornholm,
6,energiø bornholm,6: energiø bornholm,
6,energiø bornholm,6: energiø bornholm,
6,energiø bornholm,6: energiø bornholm,
6,energiø bornholm,6: energiø bornholm,
6,energiø bornholm,6: energiø bornholm,
6,energiø bornholm,6: energiø bornholm,
6,energiø bornholm,6: energiø bornholm,
6,energiø bornholm,6: energiø bornholm,
6,energiø bornholm,6: energiø bornholm,
6,energiø bornholm,6: energiø bornholm,
6,energiø bornholm,6: energiø bornholm,
6,energiø bornholm,6: energiø bornholm,
6,energiø bornholm,6: energiø bornholm,
6,energiø bornholm,6: energiø bornholm,
6,energiø bornholm,6: energiø bornholm,
6,energiø bornholm,6: energiø bornholm,
6,energiø bornholm,6: energiø bornholm,
6,energiø bornholm,6: energiø bornholm,
6,energiø bornholm,6: energiø bornholm,
6,energiø bornholm,6: energiø bornholm,
6,energiø bornholm,6: energiø bornholm,
6,energiø bornholm,6: energiø bornholm,
6,energiø bornholm,6: energiø bornholm,
6,energiø bornholm,6: energiø bornholm,
6,energiø bornholm,6: energiø bornholm,
6,energiø bornholm,6: energiø bornholm,
6,energiø bornholm,6: energiø bornholm,
6,energiø bornholm,6: energiø bornholm,
6,energiø bornholm,6: energiø bornholm,
6,energiø bornholm,6: energiø bornholm,
6,energiø bornholm,6: energiø bornholm,
6,energiø bornholm,6: energiø bornholm,
6,energiø bornholm,6: energiø bornholm,
6,energiø bornholm,6: energiø bornholm,
6,energiø bornholm,6: energiø bornholm,
6,energiø bornholm,6: energiø bornholm,
6,energiø bornholm,6: energiø bornholm,
6,energiø bornholm,6: energiø bornholm,
6,energiø bornholm,6: energiø bornholm,
6,energiø bornholm,6: energiø bornholm,
6,energiø bornholm,6: energiø bornholm,
6,energiø bornholm,6: energiø bornholm,
6,energiø bornholm,6: energiø bornholm,
6,energiø bornholm,6: energiø bornholm,
6,energiø bornholm,6: energiø bornholm,
6,energiø bornholm,6: energiø bornholm,
6,energiø bornholm,6: energiø bornholm,
6,energiø bornholm,6: energiø bornholm,
6,energiø bornholm,6: energiø bornholm,
6,energiø bornholm,6: energiø bornholm,
6,energiø bornholm,6: energiø bornholm,
6,energiø bornholm,6: energiø bornholm,
6,energiø bornholm,6: energiø bornholm,
6,energiø bornholm,6: energiø bornholm,
6,energiø bornholm,6: energiø bornholm,
6,energiø bornholm,6: energiø bornholm,
6,energiø bornholm,6: energiø bornholm,
6,energiø bornholm,6: energiø bornholm,
6,energiø bornholm,6: energiø bornholm,
6,energiø bornholm,6: energiø bornholm,
6,energiø bornholm,6: energiø bornholm,
6,energiø bornholm,6: energiø bornholm,
6,energiø bornholm,6: energiø bornholm,
6,energiø bornholm,6: energiø bornholm,
6,energiø bornholm,6: energiø bornholm,
6,energiø bornholm,6: energiø bornholm,
6,energiø bornholm,6: energiø bornholm,
6,energiø bornholm,6: energiø bornholm,
6,energiø bornholm,6: energiø bornholm,
6,energiø bornholm,6: energiø bornholm,
6,energiø bornholm,6: energiø bornholm,
6,energiø bornholm,6: energiø bornholm,
6,energiø bornholm,6: energiø bornholm,
6,energiø bornholm,6: energiø bornholm,
6,energiø bornholm,6: energiø bornholm,
6,energiø bornholm,6: energiø bornholm,
6,energiø bornholm,6: energiø bornholm,
6,energiø bornholm,6: energiø bornholm,
6,energiø bornholm,6: energiø bornholm,
6,energiø bornholm,6: energiø bornholm,
6,energiø bornholm,6: energiø bornholm,
6,energiø bornholm,6: energiø bornholm,
6,energiø bornholm,6: energiø bornholm,
6,energiø bornholm,6: energiø bornholm,
6,energiø bornholm,6: energiø bornholm,
6,energiø bornholm,6: energiø bornholm,
6,energiø bornholm,6: energiø bornholm,
6,energiø bornholm,6: energiø bornholm,
6,energiø bornholm,6: energiø bornholm,
6,energiø bornholm,6: energiø bornholm,
6,energiø bornholm,6: energiø bornholm,
6,energiø bornholm,6: energiø bornholm,
6,energiø bornholm,6: energiø bornholm,
6,energiø bornholm,6: energiø bornholm,
6,energiø bornholm,6: energiø bornholm,
6,energiø bornholm,6: energiø bornholm,
6,energiø bornholm,6: energiø bornholm,
6,energiø bornholm,6: energiø bornholm,
6,energiø bornholm,6: energiø bornholm,
6,energiø bornholm,6: energiø bornholm,
6,energiø bornholm,6: energiø bornholm,
6,energiø bornholm,6: energiø bornholm,
6,energiø bornholm,6: energiø bornholm,
6,energiø bornholm,6: energiø bornholm,
6,energiø bornholm,6: energiø bornholm,
6,energiø bornholm,6: energiø bornholm,
6,energiø bornholm,6: energiø bornholm,
6,energiø bornholm,6: energiø bornholm,
6,energiø bornholm,6: energiø bornholm,
6,energiø bornholm,6: energiø bornholm,
6,energiø bornholm,6: energiø bornholm,
6,energiø bornholm,6: energiø bornholm,
6,energiø bornholm,6: energiø bornholm,
6,energiø bornholm,6: energiø bornholm,
6,energiø bornholm,6: energiø bornholm,
6,energiø bornholm,6: energiø bornholm,
6,energiø bornholm,6: energiø bornholm,
6,energiø bornholm,6: energiø bornholm,
6,energiø bornholm,6: energiø bornholm,
6,energiø bornholm,6: energiø bornholm,
6,energiø bornholm,6: energiø bornholm,
6,energiø bornholm,6: energiø bornholm,
6,energiø bornholm,6: energiø bornholm,
6,energiø bornholm,6: energiø bornholm,
6,energiø bornholm,6: energiø bornholm,
6,energiø bornholm,6: energiø bornholm,
6,energiø bornholm,6: energiø bornholm,
6,energiø bornholm,6: energiø bornholm,
6,energiø bornholm,6: energiø bornholm,
6,energiø bornholm,6: energiø bornholm,
6,energiø bornholm,6: energiø bornholm,
6,energiø bornholm,6: energiø bornholm,
6,energiø bornholm,6: energiø bornholm,
6,energiø bornholm,6: energiø bornholm,
4,baltic sea,4: baltic sea,
4,baltic sea,4: baltic sea,
4,baltic sea,4: baltic sea,
4,baltic sea,4: baltic sea,
4,baltic sea,4: baltic sea,
4,baltic sea,4: baltic sea,
4,baltic sea,4: baltic sea,
4,baltic sea,4: baltic sea,
4,baltic sea,4: baltic sea,
4,baltic sea,4: baltic sea,
4,baltic sea,4: baltic sea,
4,baltic sea,4: baltic sea,
4,baltic sea,4: baltic sea,
4,baltic sea,4: baltic sea,
4,baltic sea,4: baltic sea,
4,baltic sea,4: baltic sea,
4,baltic sea,4: baltic sea,
4,baltic sea,4: baltic sea,
4,baltic sea,4: baltic sea,
4,baltic sea,4: baltic sea,
4,baltic sea,4: baltic sea,
4,baltic sea,4: baltic sea,
4,baltic sea,4: baltic sea,
4,baltic sea,4: baltic sea,
4,baltic sea,4: baltic sea,
4,baltic sea,4: baltic sea,
4,baltic sea,4: baltic sea,
4,baltic sea,4: baltic sea,
4,baltic sea,4: baltic sea,
4,baltic sea,4: baltic sea,
4,baltic sea,4: baltic sea,
4,baltic sea,4: baltic sea,
4,baltic sea,4: baltic sea,
4,baltic sea,4: baltic sea,
4,baltic sea,4: baltic sea,
4,baltic sea,4: baltic sea,
4,baltic sea,4: baltic sea,
4,baltic sea,4: baltic sea,
4,baltic sea,4: baltic sea,
4,baltic sea,4: baltic sea,
4,baltic sea,4: baltic sea,
4,baltic sea,4: baltic sea,
4,baltic sea,4: baltic sea,
4,baltic sea,4: baltic sea,
4,baltic sea,4: baltic sea,
4,baltic sea,4: baltic sea,
4,baltic sea,4: baltic sea,
4,baltic sea,4: baltic sea,
4,baltic sea,4: baltic sea,
4,baltic sea,4: baltic sea,
4,baltic sea,4: baltic sea,
4,baltic sea,4: baltic sea,
4,baltic sea,4: baltic sea,
4,baltic sea,4: baltic sea,
4,baltic sea,4: baltic sea,
4,baltic sea,4: baltic sea,
4,baltic sea,4: baltic sea,
4,baltic sea,4: baltic sea,
4,baltic sea,4: baltic sea,
4,baltic sea,4: baltic sea,
4,baltic sea,4: baltic sea,
4,baltic sea,4: baltic sea,
4,baltic sea,4: baltic sea,
4,baltic sea,4: baltic sea,
4,baltic sea,4: baltic sea,
4,baltic sea,4: baltic sea,
4,baltic sea,4: baltic sea,
4,baltic sea,4: baltic sea,
4,baltic sea,4: baltic sea,
4,baltic sea,4: baltic sea,
4,baltic sea,4: baltic sea,
4,baltic sea,4: baltic sea,
4,baltic sea,4: baltic sea,
4,baltic sea,4: baltic sea,
4,baltic sea,4: baltic sea,
4,baltic sea,4: baltic sea,
4,baltic sea,4: baltic sea,
4,baltic sea,4: baltic sea,
4,baltic sea,4: baltic sea,
4,baltic sea,4: baltic sea,
4,baltic sea,4: baltic sea,
4,baltic sea,4: baltic sea,
4,baltic sea,4: baltic sea,
4,baltic sea,4: baltic sea,
4,baltic sea,4: baltic sea,
4,baltic sea,4: baltic sea,
4,baltic sea,4: baltic sea,
4,baltic sea,4: baltic sea,
4,baltic sea,4: baltic sea,
4,baltic sea,4: baltic sea,
4,baltic sea,4: baltic sea,
4,baltic sea,4: baltic sea,
4,baltic sea,4: baltic sea,
4,baltic sea,4: baltic sea,
4,baltic sea,4: baltic sea,
4,baltic sea,4: baltic sea,
4,baltic sea,4: baltic sea,
4,baltic sea,4: baltic sea,
4,baltic sea,4: baltic sea,
4,baltic sea,4: baltic sea,
4,baltic sea,4: baltic sea,
4,baltic sea,4: baltic sea,
4,baltic sea,4: baltic sea,
4,baltic sea,4: baltic sea,
4,baltic sea,4: baltic sea,
4,baltic sea,4: baltic sea,
4,baltic sea,4: baltic sea,
4,baltic sea,4: baltic sea,
4,baltic sea,4: baltic sea,
4,baltic sea,4: baltic sea,
4,baltic sea,4: baltic sea,
4,baltic sea,4: baltic sea,
4,baltic sea,4: baltic sea,
4,baltic sea,4: baltic sea,
4,baltic sea,4: baltic sea,
4,baltic sea,4: baltic sea,
4,baltic sea,4: baltic sea,
4,baltic sea,4: baltic sea,
4,baltic sea,4: baltic sea,
4,baltic sea,4: baltic sea,
4,baltic sea,4: baltic sea,
4,baltic sea,4: baltic sea,
4,baltic sea,4: baltic sea,
4,baltic sea,4: baltic sea,
4,baltic sea,4: baltic sea,
4,baltic sea,4: baltic sea,
4,baltic sea,4: baltic sea,
4,baltic sea,4: baltic sea,
4,baltic sea,4: baltic sea,
4,baltic sea,4: baltic sea,
4,baltic sea,4: baltic sea,
4,baltic sea,4: baltic sea,
4,baltic sea,4: baltic sea,
4,baltic sea,4: baltic sea,
4,baltic sea,4: baltic sea,
4,baltic sea,4: baltic sea,
4,baltic sea,4: baltic sea,
4,baltic sea,4: baltic sea,
0,energi island,0: energi island,
0,energi island,0: energi island,
0,energi island,0: energi island,
0,energi island,0: energi island,
0,energi island,0: energi island,
0,energi island,0: energi island,
0,energi island,0: energi island,
0,energi island,0: energi island,
0,energi island,0: energi island,
0,energi island,0: energi island,
0,energi island,0: energi island,
0,energi island,0: energi island,
0,energi island,0: energi island,
0,energi island,0: energi island,
0,energi island,0: energi island,
0,energi island,0: energi island,
0,energi island,0: energi island,
0,energi island,0: energi island,
0,energi island,0: energi island,
0,energi island,0: energi island,
0,energi island,0: energi island,
0,energi island,0: energi island,
0,energi island,0: energi island,
0,energi island,0: energi island,
0,energi island,0: energi island,
0,energi island,0: energi island,
0,energi island,0: energi island,
0,energi island,0: energi island,
0,energi island,0: energi island,
0,energi island,0: energi island,
0,energi island,0: energi island,
0,energi island,0: energi island,
0,energi island,0: energi island,
0,energi island,0: energi island,
0,energi island,0: energi island,
0,energi island,0: energi island,
0,energi island,0: energi island,
0,energi island,0: energi island,
0,energi island,0: energi island,
0,energi island,0: energi island,
0,energi island,0: energi island,
0,energi island,0: energi island,
0,energi island,0: energi island,
0,energi island,0: energi island,
0,energi island,0: energi island,
0,energi island,0: energi island,
0,energi island,0: energi island,
0,energi island,0: energi island,
0,energi island,0: energi island,
0,energi island,0: energi island,
0,energi island,0: energi island,
0,energi island,0: energi island,
0,energi island,0: energi island,
0,energi island,0: energi island,
0,energi island,0: energi island,
0,energi island,0: energi island,
0,energi island,0: energi island,
0,energi island,0: energi island,
0,energi island,0: energi island,
0,energi island,0: energi island,
0,energi island,0: energi island,
0,energi island,0: energi island,
0,energi island,0: energi island,
0,energi island,0: energi island,
0,energi island,0: energi island,
0,energi island,0: energi island,
0,energi island,0: energi island,
0,energi island,0: energi island,
0,energi island,0: energi island,
0,energi island,0: energi island,
0,energi island,0: energi island,
0,energi island,0: energi island,
0,energi island,0: energi island,
0,energi island,0: energi island,
0,energi island,0: energi island,
0,energi island,0: energi island,
0,energi island,0: energi island,
0,energi island,0: energi island,
0,energi island,0: energi island,
0,energi island,0: energi island,
0,energi island,0: energi island,
0,energi island,0: energi island,
0,energi island,0: energi island,
0,energi island,0: energi island,
0,energi island,0: energi island,
0,energi island,0: energi island,
0,energi island,0: energi island,
0,energi island,0: energi island,
0,energi island,0: energi island,
0,energi island,0: energi island,
0,energi island,0: energi island,
0,energi island,0: energi island,
0,energi island,0: energi island,
0,energi island,0: energi island,
0,energi island,0: energi island,
0,energi island,0: energi island,
0,energi island,0: energi island,
0,energi island,0: energi island,
0,energi island,0: energi island,
0,energi island,0: energi island,
0,energi island,0: energi island,
0,energi island,0: energi island,
0,energi island,0: energi island,
0,energi island,0: energi island,
0,energi island,0: energi island,
0,energi island,0: energi island,
0,energi island,0: energi island,
0,energi island,0: energi island,
0,energi island,0: energi island,
0,energi island,0: energi island,
0,energi island,0: energi island,
0,energi island,0: energi island,
0,energi island,0: energi island,
0,energi island,0: energi island,
0,energi island,0: energi island,
0,energi island,0: energi island,
0,energi island,0: energi island,
0,energi island,0: energi island,
0,energi island,0: energi island,
0,energi island,0: energi island,
0,energi island,0: energi island,
0,energi island,0: energi island,
0,energi island,0: energi island,
0,energi island,0: energi island,
0,energi island,0: energi island,
0,energi island,0: energi island,
0,energi island,0: energi island,
0,energi island,0: energi island,
0,energi island,0: energi island,
0,energi island,0: energi island,
0,energi island,0: energi island,
0,energi island,0: energi island,
0,energi island,0: energi island,
0,energi island,0: energi island,
0,energi island,0: energi island,
0,energi island,0: energi island,
0,energi island,0: energi island,
0,energi island,0: energi island,
0,energi island,0: energi island,
0,energi island,0: energi island,
0,energi island,0: energi island,
0,energi island,0: energi island,
0,energi island,0: energi island,
0,energi island,0: energi island,
0,energi island,0: energi island,
0,energi island,0: energi island,
0,energi island,0: energi island,
0,energi island,0: energi island,
0,energi island,0: energi island,
0,energi island,0: energi island,
0,energi island,0: energi island,
0,energi island,0: energi island,
0,energi island,0: energi island,
0,energi island,0: energi island,
0,energi island,0: energi island,
0,energi island,0: energi island,
0,energi island,0: energi island,
6,energiø bornholm,6: energiø bornholm,
6,energiø bornholm,6: energiø bornholm,
6,energiø bornholm,6: energiø bornholm,
6,energiø bornholm,6: energiø bornholm,
6,energiø bornholm,6: energiø bornholm,
6,energiø bornholm,6: energiø bornholm,
6,energiø bornholm,6: energiø bornholm,
6,energiø bornholm,6: energiø bornholm,
6,energiø bornholm,6: energiø bornholm,
6,energiø bornholm,6: energiø bornholm,
6,energiø bornholm,6: energiø bornholm,
6,energiø bornholm,6: energiø bornholm,
6,energiø bornholm,6: energiø bornholm,
6,energiø bornholm,6: energiø bornholm,
6,energiø bornholm,6: energiø bornholm,
6,energiø bornholm,6: energiø bornholm,
6,energiø bornholm,6: energiø bornholm,
6,energiø bornholm,6: energiø bornholm,
6,energiø bornholm,6: energiø bornholm,
6,energiø bornholm,6: energiø bornholm,
6,energiø bornholm,6: energiø bornholm,
6,energiø bornholm,6: energiø bornholm,
6,energiø bornholm,6: energiø bornholm,
6,energiø bornholm,6: energiø bornholm,
6,energiø bornholm,6: energiø bornholm,
6,energiø bornholm,6: energiø bornholm,
6,energiø bornholm,6: energiø bornholm,
6,energiø bornholm,6: energiø bornholm,
6,energiø bornholm,6: energiø bornholm,
6,energiø bornholm,6: energiø bornholm,
6,energiø bornholm,6: energiø bornholm,
6,energiø bornholm,6: energiø bornholm,
6,energiø bornholm,6: energiø bornholm,
6,energiø bornholm,6: energiø bornholm,
6,energiø bornholm,6: energiø bornholm,
6,energiø bornholm,6: energiø bornholm,
6,energiø bornholm,6: energiø bornholm,
6,energiø bornholm,6: energiø bornholm,
6,energiø bornholm,6: energiø bornholm,
6,energiø bornholm,6: energiø bornholm,
6,energiø bornholm,6: energiø bornholm,
6,energiø bornholm,6: energiø bornholm,
6,energiø bornholm,6: energiø bornholm,
6,energiø bornholm,6: energiø bornholm,
6,energiø bornholm,6: energiø bornholm,
6,energiø bornholm,6: energiø bornholm,
6,energiø bornholm,6: energiø bornholm,
6,energiø bornholm,6: energiø bornholm,
6,energiø bornholm,6: energiø bornholm,
6,energiø bornholm,6: energiø bornholm,
6,energiø bornholm,6: energiø bornholm,
6,energiø bornholm,6: energiø bornholm,
6,energiø bornholm,6: energiø bornholm,
6,energiø bornholm,6: energiø bornholm,
6,energiø bornholm,6: energiø bornholm,
6,energiø bornholm,6: energiø bornholm,
6,energiø bornholm,6: energiø bornholm,
6,energiø bornholm,6: energiø bornholm,
6,energiø bornholm,6: energiø bornholm,
6,energiø bornholm,6: energiø bornholm,
6,energiø bornholm,6: energiø bornholm,
6,energiø bornholm,6: energiø bornholm,
6,energiø bornholm,6: energiø bornholm,
6,energiø bornholm,6: energiø bornholm,
6,energiø bornholm,6: energiø bornholm,
6,energiø bornholm,6: energiø bornholm,
6,energiø bornholm,6: energiø bornholm,
6,energiø bornholm,6: energiø bornholm,
6,energiø bornholm,6: energiø bornholm,
6,energiø bornholm,6: energiø bornholm,
6,energiø bornholm,6: energiø bornholm,
6,energiø bornholm,6: energiø bornholm,
6,energiø bornholm,6: energiø bornholm,
6,energiø bornholm,6: energiø bornholm,
6,energiø bornholm,6: energiø bornholm,
6,energiø bornholm,6: energiø bornholm,
6,energiø bornholm,6: energiø bornholm,
6,energiø bornholm,6: energiø bornholm,
6,energiø bornholm,6: energiø bornholm,
6,energiø bornholm,6: energiø bornholm,
6,energiø bornholm,6: energiø bornholm,
6,energiø bornholm,6: energiø bornholm,
6,energiø bornholm,6: energiø bornholm,
6,energiø bornholm,6: energiø bornholm,
6,energiø bornholm,6: energiø bornholm,
6,energiø bornholm,6: energiø bornholm,
6,energiø bornholm,6: energiø bornholm,
6,energiø bornholm,6: energiø bornholm,
6,energiø bornholm,6: energiø bornholm,
6,energiø bornholm,6: energiø bornholm,
6,energiø bornholm,6: energiø bornholm,
6,energiø bornholm,6: energiø bornholm,
6,energiø bornholm,6: energiø bornholm,
6,energiø bornholm,6: energiø bornholm,
6,energiø bornholm,6: energiø bornholm,
6,energiø bornholm,6: energiø bornholm,
6,energiø bornholm,6: energiø bornholm,
6,energiø bornholm,6: energiø bornholm,
6,energiø bornholm,6: energiø bornholm,
6,energiø bornholm,6: energiø bornholm,
6,energiø bornholm,6: energiø bornholm,
6,energiø bornholm,6: energiø bornholm,
6,energiø bornholm,6: energiø bornholm,
6,energiø bornholm,6: energiø bornholm,
6,energiø bornholm,6: energiø bornholm,
6,energiø bornholm,6: energiø bornholm,
6,energiø bornholm,6: energiø bornholm,
6,energiø bornholm,6: energiø bornholm,
6,energiø bornholm,6: energiø bornholm,
6,energiø bornholm,6: energiø bornholm,
6,energiø bornholm,6: energiø bornholm,
6,energiø bornholm,6: energiø bornholm,
6,energiø bornholm,6: energiø bornholm,
6,energiø bornholm,6: energiø bornholm,
6,energiø bornholm,6: energiø bornholm,
6,energiø bornholm,6: energiø bornholm,
6,energiø bornholm,6: energiø bornholm,
6,energiø bornholm,6: energiø bornholm,
6,energiø bornholm,6: energiø bornholm,
6,energiø bornholm,6: energiø bornholm,
6,energiø bornholm,6: energiø bornholm,
6,energiø bornholm,6: energiø bornholm,
6,energiø bornholm,6: energiø bornholm,
6,energiø bornholm,6: energiø bornholm,
6,energiø bornholm,6: energiø bornholm,
6,energiø bornholm,6: energiø bornholm,
6,energiø bornholm,6: energiø bornholm,
6,energiø bornholm,6: energiø bornholm,
6,energiø bornholm,6: energiø bornholm,
6,energiø bornholm,6: energiø bornholm,
6,energiø bornholm,6: energiø bornholm,
6,energiø bornholm,6: energiø bornholm,
6,energiø bornholm,6: energiø bornholm,
6,energiø bornholm,6: energiø bornholm,
6,energiø bornholm,6: energiø bornholm,
6,energiø bornholm,6: energiø bornholm,
6,energiø bornholm,6: energiø bornholm,
6,energiø bornholm,6: energiø bornholm,
6,energiø bornholm,6: energiø bornholm,
6,energiø bornholm,6: energiø bornholm,
6,energiø bornholm,6: energiø bornholm,
6,energiø bornholm,6: energiø bornholm,
6,energiø bornholm,6: energiø bornholm,
6,energiø bornholm,6: energiø bornholm,
6,energiø bornholm,6: energiø bornholm,
6,energiø bornholm,6: energiø bornholm,
6,energiø bornholm,6: energiø bornholm,
6,energiø bornholm,6: energiø bornholm,
6,energiø bornholm,6: energiø bornholm,
6,energiø bornholm,6: energiø bornholm,
6,energiø bornholm,6: energiø bornholm,
6,energiø bornholm,6: energiø bornholm,
6,energiø bornholm,6: energiø bornholm,
6,energiø bornholm,6: energiø bornholm,
6,energiø bornholm,6: energiø bornholm,
6,energiø bornholm,6: energiø bornholm,
6,energiø bornholm,6: energiø bornholm,
6,energiø bornholm,6: energiø bornholm,
6,energiø bornholm,6: energiø bornholm,
6,energiø bornholm,6: energiø bornholm,
6,energiø bornholm,6: energiø bornholm,
6,energiø bornholm,6: energiø bornholm,
6,energiø bornholm,6: energiø bornholm,
6,energiø bornholm,6: energiø bornholm,
6,energiø bornholm,6: energiø bornholm,
6,energiø bornholm,6: energiø bornholm,
6,energiø bornholm,6: energiø bornholm,
6,energiø bornholm,6: energiø bornholm,
6,energiø bornholm,6: energiø bornholm,
6,energiø bornholm,6: energiø bornholm,
6,energiø bornholm,6: energiø bornholm,
6,energiø bornholm,6: energiø bornholm,
6,energiø bornholm,6: energiø bornholm,
6,energiø bornholm,6: energiø bornholm,
6,energiø bornholm,6: energiø bornholm,
6,energiø bornholm,6: energiø bornholm,
6,energiø bornholm,6: energiø bornholm,
6,energiø bornholm,6: energiø bornholm,
6,energiø bornholm,6: energiø bornholm,
6,energiø bornholm,6: energiø bornholm,
6,energiø bornholm,6: energiø bornholm,
6,energiø bornholm,6: energiø bornholm,
6,energiø bornholm,6: energiø bornholm,
6,energiø bornholm,6: energiø bornholm,
6,energiø bornholm,6: energiø bornholm,
6,energiø bornholm,6: energiø bornholm,
6,energiø bornholm,6: energiø bornholm,
6,energiø bornholm,6: energiø bornholm,
6,energiø bornholm,6: energiø bornholm,
6,energiø bornholm,6: energiø bornholm,
6,energiø bornholm,6: energiø bornholm,
6,energiø bornholm,6: energiø bornholm,
6,energiø bornholm,6: energiø bornholm,
6,energiø bornholm,6: energiø bornholm,
6,energiø bornholm,6: energiø bornholm,
6,energiø bornholm,6: energiø bornholm,
6,energiø bornholm,6: energiø bornholm,
6,energiø bornholm,6: energiø bornholm,
6,energiø bornholm,6: energiø bornholm,
6,energiø bornholm,6: energiø bornholm,
6,energiø bornholm,6: energiø bornholm,
6,energiø bornholm,6: energiø bornholm,
6,energiø bornholm,6: energiø bornholm,
6,energiø bornholm,6: energiø bornholm,
6,energiø bornholm,6: energiø bornholm,
6,energiø bornholm,6: energiø bornholm,
6,energiø bornholm,6: energiø bornholm,
6,energiø bornholm,6: energiø bornholm,
6,energiø bornholm,6: energiø bornholm,
6,energiø bornholm,6: energiø bornholm,
6,energiø bornholm,6: energiø bornholm,
6,energiø bornholm,6: energiø bornholm,
6,energiø bornholm,6: energiø bornholm,
6,energiø bornholm,6: energiø bornholm,
6,energiø bornholm,6: energiø bornholm,
6,energiø bornholm,6: energiø bornholm,
6,energiø bornholm,6: energiø bornholm,
6,energiø bornholm,6: energiø bornholm,
6,energiø bornholm,6: energiø bornholm,
6,energiø bornholm,6: energiø bornholm,
6,energiø bornholm,6: energiø bornholm,
6,energiø bornholm,6: energiø bornholm,
6,energiø bornholm,6: energiø bornholm,
6,energiø bornholm,6: energiø bornholm,
6,energiø bornholm,6: energiø bornholm,
6,energiø bornholm,6: energiø bornholm,
6,energiø bornholm,6: energiø bornholm,
6,energiø bornholm,6: energiø bornholm,
6,energiø bornholm,6: energiø bornholm,
6,energiø bornholm,6: energiø bornholm,
6,energiø bornholm,6: energiø bornholm,
6,energiø bornholm,6: energiø bornholm,
6,energiø bornholm,6: energiø bornholm,
6,energiø bornholm,6: energiø bornholm,
6,energiø bornholm,6: energiø bornholm,
6,energiø bornholm,6: energiø bornholm,
6,energiø bornholm,6: energiø bornholm,
6,energiø bornholm,6: energiø bornholm,
6,energiø bornholm,6: energiø bornholm,
6,energiø bornholm,6: energiø bornholm,
6,energiø bornholm,6: energiø bornholm,
6,energiø bornholm,6: energiø bornholm,
6,energiø bornholm,6: energiø bornholm,
6,energiø bornholm,6: energiø bornholm,
6,energiø bornholm,6: energiø bornholm,
6,energiø bornholm,6: energiø bornholm,
6,energiø bornholm,6: energiø bornholm,
6,energiø bornholm,6: energiø bornholm,
6,energiø bornholm,6: energiø bornholm,
6,energiø bornholm,6: energiø bornholm,
6,energiø bornholm,6: energiø bornholm,
6,energiø bornholm,6: energiø bornholm,
6,energiø bornholm,6: energiø bornholm,
6,energiø bornholm,6: energiø bornholm,
6,energiø bornholm,6: energiø bornholm,
6,energiø bornholm,6: energiø bornholm,
6,energiø bornholm,6: energiø bornholm,
6,energiø bornholm,6: energiø bornholm,
6,energiø bornholm,6: energiø bornholm,
6,energiø bornholm,6: energiø bornholm,
6,energiø bornholm,6: energiø bornholm,
6,energiø bornholm,6: energiø bornholm,
6,energiø bornholm,6: energiø bornholm,
6,energiø bornholm,6: energiø bornholm,
6,energiø bornholm,6: energiø bornholm,
6,energiø bornholm,6: energiø bornholm,
6,energiø bornholm,6: energiø bornholm,
6,energiø bornholm,6: energiø bornholm,
6,energiø bornholm,6: energiø bornholm,
6,energiø bornholm,6: energiø bornholm,
6,energiø bornholm,6: energiø bornholm,
6,energiø bornholm,6: energiø bornholm,
6,energiø bornholm,6: energiø bornholm,
6,energiø bornholm,6: energiø bornholm,
6,energiø bornholm,6: energiø bornholm,
6,energiø bornholm,6: energiø bornholm,
6,energiø bornholm,6: energiø bornholm,
6,energiø bornholm,6: energiø bornholm,
6,energiø bornholm,6: energiø bornholm,
6,energiø bornholm,6: energiø bornholm,
6,energiø bornholm,6: energiø bornholm,
6,energiø bornholm,6: energiø bornholm,
6,energiø bornholm,6: energiø bornholm,
6,energiø bornholm,6: energiø bornholm,
6,energiø bornholm,6: energiø bornholm,
6,energiø bornholm,6: energiø bornholm,
6,energiø bornholm,6: energiø bornholm,
6,energiø bornholm,6: energiø bornholm,
6,energiø bornholm,6: energiø bornholm,
6,energiø bornholm,6: energiø bornholm,
6,energiø bornholm,6: energiø bornholm,
6,energiø bornholm,6: energiø bornholm,
6,energiø bornholm,6: energiø bornholm,
6,energiø bornholm,6: energiø bornholm,
6,energiø bornholm,6: energiø bornholm,
6,energiø bornholm,6: energiø bornholm,
6,energiø bornholm,6: energiø bornholm,
6,energiø bornholm,6: energiø bornholm,
6,energiø bornholm,6: energiø bornholm,
6,energiø bornholm,6: energiø bornholm,
6,energiø bornholm,6: energiø bornholm,
6,energiø bornholm,6: energiø bornholm,
6,energiø bornholm,6: energiø bornholm,
6,energiø bornholm,6: energiø bornholm,
6,energiø bornholm,6: energiø bornholm,
6,energiø bornholm,6: energiø bornholm,
6,energiø bornholm,6: energiø bornholm,
6,energiø bornholm,6: energiø bornholm,
6,energiø bornholm,6: energiø bornholm,
6,energiø bornholm,6: energiø bornholm,
6,energiø bornholm,6: energiø bornholm,
6,energiø bornholm,6: energiø bornholm,
6,energiø bornholm,6: energiø bornholm,
6,energiø bornholm,6: energiø bornholm,
6,energiø bornholm,6: energiø bornholm,
6,energiø bornholm,6: energiø bornholm,
6,energiø bornholm,6: energiø bornholm,
6,energiø bornholm,6: energiø bornholm,
6,energiø bornholm,6: energiø bornholm,
6,energiø bornholm,6: energiø bornholm,
6,energiø bornholm,6: energiø bornholm,
6,energiø bornholm,6: energiø bornholm,
6,energiø bornholm,6: energiø bornholm,
6,energiø bornholm,6: energiø bornholm,
6,energiø bornholm,6: energiø bornholm,
6,energiø bornholm,6: energiø bornholm,
6,energiø bornholm,6: energiø bornholm,
6,energiø bornholm,6: energiø bornholm,
6,energiø bornholm,6: energiø bornholm,
6,energiø bornholm,6: energiø bornholm,
6,energiø bornholm,6: energiø bornholm,
6,energiø bornholm,6: energiø bornholm,
6,energiø bornholm,6: energiø bornholm,
6,energiø bornholm,6: energiø bornholm,
6,energiø bornholm,6: energiø bornholm,
6,energiø bornholm,6: energiø bornholm,
6,energiø bornholm,6: energiø bornholm,
6,energiø bornholm,6: energiø bornholm,
6,energiø bornholm,6: energiø bornholm,
6,energiø bornholm,6: energiø bornholm,
6,energiø bornholm,6: energiø bornholm,
6,energiø bornholm,6: energiø bornholm,
2,municip council,2: municip council,
2,municip council,2: municip council,
2,municip council,2: municip council,
2,municip council,2: municip council,
2,municip council,2: municip council,
2,municip council,2: municip council,
2,municip council,2: municip council,
2,municip council,2: municip council,
2,municip council,2: municip council,
2,municip council,2: municip council,
2,municip council,2: municip council,
2,municip council,2: municip council,
2,municip council,2: municip council,
2,municip council,2: municip council,
2,municip council,2: municip council,
2,municip council,2: municip council,
2,municip council,2: municip council,
2,municip council,2: municip council,
2,municip council,2: municip council,
2,municip council,2: municip council,
2,municip council,2: municip council,
2,municip council,2: municip council,
2,municip council,2: municip council,
2,municip council,2: municip council,
2,municip council,2: municip council,
2,municip council,2: municip council,
2,municip council,2: municip council,
2,municip council,2: municip council,
2,municip council,2: municip council,
2,municip council,2: municip council,
2,municip council,2: municip council,
2,municip council,2: municip council,
2,municip council,2: municip council,
2,municip council,2: municip council,
2,municip council,2: municip council,
2,municip council,2: municip council,
2,municip council,2: municip council,
2,municip council,2: municip council,
2,municip council,2: municip council,
2,municip council,2: municip council,
2,municip council,2: municip council,
2,municip council,2: municip council,
2,municip council,2: municip council,
2,municip council,2: municip council,
2,municip council,2: municip council,
2,municip council,2: municip council,
2,municip council,2: municip council,
2,municip council,2: municip council,
2,municip council,2: municip council,
2,municip council,2: municip council,
2,municip council,2: municip council,
2,municip council,2: municip council,
2,municip council,2: municip council,
2,municip council,2: municip council,
2,municip council,2: municip council,
2,municip council,2: municip council,
2,municip council,2: municip council,
2,municip council,2: municip council,
2,municip council,2: municip council,
2,municip council,2: municip council,
2,municip council,2: municip council,
2,municip council,2: municip council,
2,municip council,2: municip council,
2,municip council,2: municip council,
2,municip council,2: municip council,
2,municip council,2: municip council,
2,municip council,2: municip council,
2,municip council,2: municip council,
2,municip council,2: municip council,
2,municip council,2: municip council,
2,municip council,2: municip council,
2,municip council,2: municip council,
2,municip council,2: municip council,
2,municip council,2: municip council,
2,municip council,2: municip council,
2,municip council,2: municip council,
2,municip council,2: municip council,
2,municip council,2: municip council,
2,municip council,2: municip council,
2,municip council,2: municip council,
2,municip council,2: municip council,
2,municip council,2: municip council,
2,municip council,2: municip council,
2,municip council,2: municip council,
2,municip council,2: municip council,
2,municip council,2: municip council,
2,municip council,2: municip council,
2,municip council,2: municip council,
2,municip council,2: municip council,
2,municip council,2: municip council,
2,municip council,2: municip council,
2,municip council,2: municip council,
2,municip council,2: municip council,
2,municip council,2: municip council,
2,municip council,2: municip council,
2,municip council,2: municip council,
2,municip council,2: municip council,
2,municip council,2: municip council,
2,municip council,2: municip council,
2,municip council,2: municip council,
2,municip council,2: municip council,
2,municip council,2: municip council,
2,municip council,2: municip council,
2,municip council,2: municip council,
2,municip council,2: municip council,
2,municip council,2: municip council,
2,municip council,2: municip council,
2,municip council,2: municip council,
2,municip council,2: municip council,
2,municip council,2: municip council,
2,municip council,2: municip council,
2,municip council,2: municip council,
2,municip council,2: municip council,
2,municip council,2: municip council,
2,municip council,2: municip council,
2,municip council,2: municip council,
2,municip council,2: municip council,
2,municip council,2: municip council,
2,municip council,2: municip council,
2,municip council,2: municip council,
2,municip council,2: municip council,
2,municip council,2: municip council,
2,municip council,2: municip council,
2,municip council,2: municip council,
2,municip council,2: municip council,
2,municip council,2: municip council,
2,municip council,2: municip council,
2,municip council,2: municip council,
2,municip council,2: municip council,
2,municip council,2: municip council,
2,municip council,2: municip council,
2,municip council,2: municip council,
2,municip council,2: municip council,
2,municip council,2: municip council,
2,municip council,2: municip council,
2,municip council,2: municip council,
2,municip council,2: municip council,
2,municip council,2: municip council,
2,municip council,2: municip council,
2,municip council,2: municip council,
2,municip council,2: municip council,
2,municip council,2: municip council,
2,municip council,2: municip council,
2,municip council,2: municip council,
2,municip council,2: municip council,
2,municip council,2: municip council,
2,municip council,2: municip council,
2,municip council,2: municip council,
2,municip council,2: municip council,
2,municip council,2: municip council,
2,municip council,2: municip council,
2,municip council,2: municip council,
2,municip council,2: municip council,
2,municip council,2: municip council,
2,municip council,2: municip council,
2,municip council,2: municip council,
6,energiø bornholm,6: energiø bornholm,
6,energiø bornholm,6: energiø bornholm,
6,energiø bornholm,6: energiø bornholm,
6,energiø bornholm,6: energiø bornholm,
6,energiø bornholm,6: energiø bornholm,
6,energiø bornholm,6: energiø bornholm,
6,energiø bornholm,6: energiø bornholm,
6,energiø bornholm,6: energiø bornholm,
6,energiø bornholm,6: energiø bornholm,
6,energiø bornholm,6: energiø bornholm,
6,energiø bornholm,6: energiø bornholm,
6,energiø bornholm,6: energiø bornholm,
6,energiø bornholm,6: energiø bornholm,
6,energiø bornholm,6: energiø bornholm,
6,energiø bornholm,6: energiø bornholm,
6,energiø bornholm,6: energiø bornholm,
6,energiø bornholm,6: energiø bornholm,
6,energiø bornholm,6: energiø bornholm,
6,energiø bornholm,6: energiø bornholm,
6,energiø bornholm,6: energiø bornholm,
6,energiø bornholm,6: energiø bornholm,
6,energiø bornholm,6: energiø bornholm,
6,energiø bornholm,6: energiø bornholm,
6,energiø bornholm,6: energiø bornholm,
6,energiø bornholm,6: energiø bornholm,
6,energiø bornholm,6: energiø bornholm,
6,energiø bornholm,6: energiø bornholm,
6,energiø bornholm,6: energiø bornholm,
6,energiø bornholm,6: energiø bornholm,
6,energiø bornholm,6: energiø bornholm,
6,energiø bornholm,6: energiø bornholm,
6,energiø bornholm,6: energiø bornholm,
6,energiø bornholm,6: energiø bornholm,
6,energiø bornholm,6: energiø bornholm,
6,energiø bornholm,6: energiø bornholm,
6,energiø bornholm,6: energiø bornholm,
6,energiø bornholm,6: energiø bornholm,
6,energiø bornholm,6: energiø bornholm,
6,energiø bornholm,6: energiø bornholm,
6,energiø bornholm,6: energiø bornholm,
6,energiø bornholm,6: energiø bornholm,
6,energiø bornholm,6: energiø bornholm,
6,energiø bornholm,6: energiø bornholm,
6,energiø bornholm,6: energiø bornholm,
6,energiø bornholm,6: energiø bornholm,
6,energiø bornholm,6: energiø bornholm,
6,energiø bornholm,6: energiø bornholm,
6,energiø bornholm,6: energiø bornholm,
6,energiø bornholm,6: energiø bornholm,
6,energiø bornholm,6: energiø bornholm,
6,energiø bornholm,6: energiø bornholm,
6,energiø bornholm,6: energiø bornholm,
6,energiø bornholm,6: energiø bornholm,
6,energiø bornholm,6: energiø bornholm,
6,energiø bornholm,6: energiø bornholm,
6,energiø bornholm,6: energiø bornholm,
6,energiø bornholm,6: energiø bornholm,
6,energiø bornholm,6: energiø bornholm,
6,energiø bornholm,6: energiø bornholm,
6,energiø bornholm,6: energiø bornholm,
6,energiø bornholm,6: energiø bornholm,
6,energiø bornholm,6: energiø bornholm,
6,energiø bornholm,6: energiø bornholm,
6,energiø bornholm,6: energiø bornholm,
6,energiø bornholm,6: energiø bornholm,
6,energiø bornholm,6: energiø bornholm,
6,energiø bornholm,6: energiø bornholm,
6,energiø bornholm,6: energiø bornholm,
6,energiø bornholm,6: energiø bornholm,
6,energiø bornholm,6: energiø bornholm,
6,energiø bornholm,6: energiø bornholm,
6,energiø bornholm,6: energiø bornholm,
6,energiø bornholm,6: energiø bornholm,
6,energiø bornholm,6: energiø bornholm,
6,energiø bornholm,6: energiø bornholm,
6,energiø bornholm,6: energiø bornholm,
6,energiø bornholm,6: energiø bornholm,
6,energiø bornholm,6: energiø bornholm,
6,energiø bornholm,6: energiø bornholm,
6,energiø bornholm,6: energiø bornholm,
6,energiø bornholm,6: energiø bornholm,
6,energiø bornholm,6: energiø bornholm,
6,energiø bornholm,6: energiø bornholm,
6,energiø bornholm,6: energiø bornholm,
6,energiø bornholm,6: energiø bornholm,
6,energiø bornholm,6: energiø bornholm,
6,energiø bornholm,6: energiø bornholm,
6,energiø bornholm,6: energiø bornholm,
6,energiø bornholm,6: energiø bornholm,
6,energiø bornholm,6: energiø bornholm,
6,energiø bornholm,6: energiø bornholm,
6,energiø bornholm,6: energiø bornholm,
6,energiø bornholm,6: energiø bornholm,
6,energiø bornholm,6: energiø bornholm,
6,energiø bornholm,6: energiø bornholm,
6,energiø bornholm,6: energiø bornholm,
6,energiø bornholm,6: energiø bornholm,
6,energiø bornholm,6: energiø bornholm,
6,energiø bornholm,6: energiø bornholm,
6,energiø bornholm,6: energiø bornholm,
6,energiø bornholm,6: energiø bornholm,
6,energiø bornholm,6: energiø bornholm,
6,energiø bornholm,6: energiø bornholm,
6,energiø bornholm,6: energiø bornholm,
6,energiø bornholm,6: energiø bornholm,
6,energiø bornholm,6: energiø bornholm,
6,energiø bornholm,6: energiø bornholm,
6,energiø bornholm,6: energiø bornholm,
6,energiø bornholm,6: energiø bornholm,
6,energiø bornholm,6: energiø bornholm,
6,energiø bornholm,6: energiø bornholm,
6,energiø bornholm,6: energiø bornholm,
6,energiø bornholm,6: energiø bornholm,
6,energiø bornholm,6: energiø bornholm,
6,energiø bornholm,6: energiø bornholm,
6,energiø bornholm,6: energiø bornholm,
6,energiø bornholm,6: energiø bornholm,
6,energiø bornholm,6: energiø bornholm,
6,energiø bornholm,6: energiø bornholm,
6,energiø bornholm,6: energiø bornholm,
6,energiø bornholm,6: energiø bornholm,
6,energiø bornholm,6: energiø bornholm,
6,energiø bornholm,6: energiø bornholm,
6,energiø bornholm,6: energiø bornholm,
6,energiø bornholm,6: energiø bornholm,
6,energiø bornholm,6: energiø bornholm,
6,energiø bornholm,6: energiø bornholm,
6,energiø bornholm,6: energiø bornholm,
6,energiø bornholm,6: energiø bornholm,
6,energiø bornholm,6: energiø bornholm,
6,energiø bornholm,6: energiø bornholm,
6,energiø bornholm,6: energiø bornholm,
6,energiø bornholm,6: energiø bornholm,
6,energiø bornholm,6: energiø bornholm,
6,energiø bornholm,6: energiø bornholm,
6,energiø bornholm,6: energiø bornholm,
6,energiø bornholm,6: energiø bornholm,
6,energiø bornholm,6: energiø bornholm,
6,energiø bornholm,6: energiø bornholm,
6,energiø bornholm,6: energiø bornholm,
6,energiø bornholm,6: energiø bornholm,
6,energiø bornholm,6: energiø bornholm,
6,energiø bornholm,6: energiø bornholm,
6,energiø bornholm,6: energiø bornholm,
6,energiø bornholm,6: energiø bornholm,
6,energiø bornholm,6: energiø bornholm,
6,energiø bornholm,6: energiø bornholm,
6,energiø bornholm,6: energiø bornholm,
6,energiø bornholm,6: energiø bornholm,
6,energiø bornholm,6: energiø bornholm,
6,energiø bornholm,6: energiø bornholm,
6,energiø bornholm,6: energiø bornholm,
6,energiø bornholm,6: energiø bornholm,
6,energiø bornholm,6: energiø bornholm,
6,energiø bornholm,6: energiø bornholm,
6,energiø bornholm,6: energiø bornholm,
6,energiø bornholm,6: energiø bornholm,
6,energiø bornholm,6: energiø bornholm,
6,energiø bornholm,6: energiø bornholm,
6,energiø bornholm,6: energiø bornholm,
6,energiø bornholm,6: energiø bornholm,
6,energiø bornholm,6: energiø bornholm,
6,energiø bornholm,6: energiø bornholm,
6,energiø bornholm,6: energiø bornholm,
6,energiø bornholm,6: energiø bornholm,
6,energiø bornholm,6: energiø bornholm,
6,energiø bornholm,6: energiø bornholm,
6,energiø bornholm,6: energiø bornholm,
6,energiø bornholm,6: energiø bornholm,
6,energiø bornholm,6: energiø bornholm,
6,energiø bornholm,6: energiø bornholm,
8,wind turbin,8: wind turbin,
8,wind turbin,8: wind turbin,
8,wind turbin,8: wind turbin,
8,wind turbin,8: wind turbin,
8,wind turbin,8: wind turbin,
8,wind turbin,8: wind turbin,
8,wind turbin,8: wind turbin,
8,wind turbin,8: wind turbin,
8,wind turbin,8: wind turbin,
8,wind turbin,8: wind turbin,
8,wind turbin,8: wind turbin,
8,wind turbin,8: wind turbin,
8,wind turbin,8: wind turbin,
8,wind turbin,8: wind turbin,
8,wind turbin,8: wind turbin,
8,wind turbin,8: wind turbin,
8,wind turbin,8: wind turbin,
8,wind turbin,8: wind turbin,
8,wind turbin,8: wind turbin,
8,wind turbin,8: wind turbin,
8,wind turbin,8: wind turbin,
8,wind turbin,8: wind turbin,
8,wind turbin,8: wind turbin,
8,wind turbin,8: wind turbin,
8,wind turbin,8: wind turbin,
8,wind turbin,8: wind turbin,
8,wind turbin,8: wind turbin,
8,wind turbin,8: wind turbin,
8,wind turbin,8: wind turbin,
8,wind turbin,8: wind turbin,
8,wind turbin,8: wind turbin,
8,wind turbin,8: wind turbin,
8,wind turbin,8: wind turbin,
8,wind turbin,8: wind turbin,
8,wind turbin,8: wind turbin,
8,wind turbin,8: wind turbin,
8,wind turbin,8: wind turbin,
8,wind turbin,8: wind turbin,
8,wind turbin,8: wind turbin,
8,wind turbin,8: wind turbin,
8,wind turbin,8: wind turbin,
8,wind turbin,8: wind turbin,
8,wind turbin,8: wind turbin,
8,wind turbin,8: wind turbin,
8,wind turbin,8: wind turbin,
8,wind turbin,8: wind turbin,
8,wind turbin,8: wind turbin,
8,wind turbin,8: wind turbin,
8,wind turbin,8: wind turbin,
8,wind turbin,8: wind turbin,
8,wind turbin,8: wind turbin,
8,wind turbin,8: wind turbin,
8,wind turbin,8: wind turbin,
8,wind turbin,8: wind turbin,
8,wind turbin,8: wind turbin,
8,wind turbin,8: wind turbin,
8,wind turbin,8: wind turbin,
8,wind turbin,8: wind turbin,
8,wind turbin,8: wind turbin,
8,wind turbin,8: wind turbin,
8,wind turbin,8: wind turbin,
8,wind turbin,8: wind turbin,
8,wind turbin,8: wind turbin,
8,wind turbin,8: wind turbin,
8,wind turbin,8: wind turbin,
8,wind turbin,8: wind turbin,
8,wind turbin,8: wind turbin,
8,wind turbin,8: wind turbin,
8,wind turbin,8: wind turbin,
8,wind turbin,8: wind turbin,
8,wind turbin,8: wind turbin,
8,wind turbin,8: wind turbin,
8,wind turbin,8: wind turbin,
8,wind turbin,8: wind turbin,
8,wind turbin,8: wind turbin,
8,wind turbin,8: wind turbin,
8,wind turbin,8: wind turbin,
8,wind turbin,8: wind turbin,
8,wind turbin,8: wind turbin,
8,wind turbin,8: wind turbin,
8,wind turbin,8: wind turbin,
8,wind turbin,8: wind turbin,
8,wind turbin,8: wind turbin,
8,wind turbin,8: wind turbin,
8,wind turbin,8: wind turbin,
8,wind turbin,8: wind turbin,
8,wind turbin,8: wind turbin,
8,wind turbin,8: wind turbin,
8,wind turbin,8: wind turbin,
8,wind turbin,8: wind turbin,
8,wind turbin,8: wind turbin,
8,wind turbin,8: wind turbin,
8,wind turbin,8: wind turbin,
8,wind turbin,8: wind turbin,
8,wind turbin,8: wind turbin,
8,wind turbin,8: wind turbin,
8,wind turbin,8: wind turbin,
8,wind turbin,8: wind turbin,
8,wind turbin,8: wind turbin,
8,wind turbin,8: wind turbin,
8,wind turbin,8: wind turbin,
8,wind turbin,8: wind turbin,
8,wind turbin,8: wind turbin,
8,wind turbin,8: wind turbin,
8,wind turbin,8: wind turbin,
8,wind turbin,8: wind turbin,
8,wind turbin,8: wind turbin,
8,wind turbin,8: wind turbin,
8,wind turbin,8: wind turbin,
8,wind turbin,8: wind turbin,
8,wind turbin,8: wind turbin,
8,wind turbin,8: wind turbin,
8,wind turbin,8: wind turbin,
8,wind turbin,8: wind turbin,
8,wind turbin,8: wind turbin,
8,wind turbin,8: wind turbin,
8,wind turbin,8: wind turbin,
8,wind turbin,8: wind turbin,
8,wind turbin,8: wind turbin,
8,wind turbin,8: wind turbin,
8,wind turbin,8: wind turbin,
8,wind turbin,8: wind turbin,
8,wind turbin,8: wind turbin,
8,wind turbin,8: wind turbin,
8,wind turbin,8: wind turbin,
8,wind turbin,8: wind turbin,
8,wind turbin,8: wind turbin,
8,wind turbin,8: wind turbin,
8,wind turbin,8: wind turbin,
8,wind turbin,8: wind turbin,
2,municip council,2: municip council,
2,municip council,2: municip council,
2,municip council,2: municip council,
2,municip council,2: municip council,
2,municip council,2: municip council,
2,municip council,2: municip council,
2,municip council,2: municip council,
2,municip council,2: municip council,
2,municip council,2: municip council,
2,municip council,2: municip council,
2,municip council,2: municip council,
2,municip council,2: municip council,
2,municip council,2: municip council,
2,municip council,2: municip council,
2,municip council,2: municip council,
2,municip council,2: municip council,
2,municip council,2: municip council,
2,municip council,2: municip council,
2,municip council,2: municip council,
2,municip council,2: municip council,
2,municip council,2: municip council,
2,municip council,2: municip council,
2,municip council,2: municip council,
2,municip council,2: municip council,
2,municip council,2: municip council,
2,municip council,2: municip council,
2,municip council,2: municip council,
2,municip council,2: municip council,
2,municip council,2: municip council,
2,municip council,2: municip council,
2,municip council,2: municip council,
2,municip council,2: municip council,
2,municip council,2: municip council,
2,municip council,2: municip council,
2,municip council,2: municip council,
2,municip council,2: municip council,
2,municip council,2: municip council,
2,municip council,2: municip council,
2,municip council,2: municip council,
2,municip council,2: municip council,
2,municip council,2: municip council,
2,municip council,2: municip council,
2,municip council,2: municip council,
2,municip council,2: municip council,
2,municip council,2: municip council,
2,municip council,2: municip council,
2,municip council,2: municip council,
2,municip council,2: municip council,
2,municip council,2: municip council,
2,municip council,2: municip council,
2,municip council,2: municip council,
2,municip council,2: municip council,
2,municip council,2: municip council,
2,municip council,2: municip council,
2,municip council,2: municip council,
2,municip council,2: municip council,
2,municip council,2: municip council,
2,municip council,2: municip council,
2,municip council,2: municip council,
2,municip council,2: municip council,
2,municip council,2: municip council,
2,municip council,2: municip council,
2,municip council,2: municip council,
2,municip council,2: municip council,
2,municip council,2: municip council,
2,municip council,2: municip council,
2,municip council,2: municip council,
2,municip council,2: municip council,
2,municip council,2: municip council,
2,municip council,2: municip council,
2,municip council,2: municip council,
2,municip council,2: municip council,
2,municip council,2: municip council,
2,municip council,2: municip council,
2,municip council,2: municip council,
2,municip council,2: municip council,
2,municip council,2: municip council,
2,municip council,2: municip council,
2,municip council,2: municip council,
2,municip council,2: municip council,
2,municip council,2: municip council,
2,municip council,2: municip council,
2,municip council,2: municip council,
2,municip council,2: municip council,
2,municip council,2: municip council,
2,municip council,2: municip council,
2,municip council,2: municip council,
2,municip council,2: municip council,
2,municip council,2: municip council,
2,municip council,2: municip council,
2,municip council,2: municip council,
2,municip council,2: municip council,
2,municip council,2: municip council,
2,municip council,2: municip council,
2,municip council,2: municip council,
2,municip council,2: municip council,
2,municip council,2: municip council,
2,municip council,2: municip council,
2,municip council,2: municip council,
2,municip council,2: municip council,
2,municip council,2: municip council,
2,municip council,2: municip council,
2,municip council,2: municip council,
2,municip council,2: municip council,
2,municip council,2: municip council,
2,municip council,2: municip council,
2,municip council,2: municip council,
2,municip council,2: municip council,
2,municip council,2: municip council,
2,municip council,2: municip council,
2,municip council,2: municip council,
2,municip council,2: municip council,
2,municip council,2: municip council,
2,municip council,2: municip council,
2,municip council,2: municip council,
2,municip council,2: municip council,
2,municip council,2: municip council,
2,municip council,2: municip council,
2,municip council,2: municip council,
2,municip council,2: municip council,
2,municip council,2: municip council,
2,municip council,2: municip council,
2,municip council,2: municip council,
2,municip council,2: municip council,
2,municip council,2: municip council,
2,municip council,2: municip council,
2,municip council,2: municip council,
2,municip council,2: municip council,
2,municip council,2: municip council,
2,municip council,2: municip council,
2,municip council,2: municip council,
2,municip council,2: municip council,
2,municip council,2: municip council,
2,municip council,2: municip council,
2,municip council,2: municip council,
2,municip council,2: municip council,
2,municip council,2: municip council,
2,municip council,2: municip council,
2,municip council,2: municip council,
2,municip council,2: municip council,
2,municip council,2: municip council,
2,municip council,2: municip council,
2,municip council,2: municip council,
2,municip council,2: municip council,
2,municip council,2: municip council,
2,municip council,2: municip council,
2,municip council,2: municip council,
2,municip council,2: municip council,
2,municip council,2: municip council,
2,municip council,2: municip council,
2,municip council,2: municip council,
2,municip council,2: municip council,
2,municip council,2: municip council,
2,municip council,2: municip council,
2,municip council,2: municip council,
2,municip council,2: municip council,
6,energiø bornholm,6: energiø bornholm,
6,energiø bornholm,6: energiø bornholm,
6,energiø bornholm,6: energiø bornholm,
6,energiø bornholm,6: energiø bornholm,
6,energiø bornholm,6: energiø bornholm,
6,energiø bornholm,6: energiø bornholm,
6,energiø bornholm,6: energiø bornholm,
6,energiø bornholm,6: energiø bornholm,
6,energiø bornholm,6: energiø bornholm,
6,energiø bornholm,6: energiø bornholm,
6,energiø bornholm,6: energiø bornholm,
6,energiø bornholm,6: energiø bornholm,
6,energiø bornholm,6: energiø bornholm,
6,energiø bornholm,6: energiø bornholm,
6,energiø bornholm,6: energiø bornholm,
6,energiø bornholm,6: energiø bornholm,
6,energiø bornholm,6: energiø bornholm,
6,energiø bornholm,6: energiø bornholm,
6,energiø bornholm,6: energiø bornholm,
6,energiø bornholm,6: energiø bornholm,
6,energiø bornholm,6: energiø bornholm,
6,energiø bornholm,6: energiø bornholm,
6,energiø bornholm,6: energiø bornholm,
6,energiø bornholm,6: energiø bornholm,
6,energiø bornholm,6: energiø bornholm,
6,energiø bornholm,6: energiø bornholm,
6,energiø bornholm,6: energiø bornholm,
6,energiø bornholm,6: energiø bornholm,
6,energiø bornholm,6: energiø bornholm,
6,energiø bornholm,6: energiø bornholm,
6,energiø bornholm,6: energiø bornholm,
6,energiø bornholm,6: energiø bornholm,
6,energiø bornholm,6: energiø bornholm,
6,energiø bornholm,6: energiø bornholm,
6,energiø bornholm,6: energiø bornholm,
6,energiø bornholm,6: energiø bornholm,
6,energiø bornholm,6: energiø bornholm,
6,energiø bornholm,6: energiø bornholm,
6,energiø bornholm,6: energiø bornholm,
6,energiø bornholm,6: energiø bornholm,
6,energiø bornholm,6: energiø bornholm,
6,energiø bornholm,6: energiø bornholm,
6,energiø bornholm,6: energiø bornholm,
6,energiø bornholm,6: energiø bornholm,
6,energiø bornholm,6: energiø bornholm,
6,energiø bornholm,6: energiø bornholm,
6,energiø bornholm,6: energiø bornholm,
6,energiø bornholm,6: energiø bornholm,
6,energiø bornholm,6: energiø bornholm,
6,energiø bornholm,6: energiø bornholm,
6,energiø bornholm,6: energiø bornholm,
6,energiø bornholm,6: energiø bornholm,
6,energiø bornholm,6: energiø bornholm,
6,energiø bornholm,6: energiø bornholm,
6,energiø bornholm,6: energiø bornholm,
6,energiø bornholm,6: energiø bornholm,
6,energiø bornholm,6: energiø bornholm,
6,energiø bornholm,6: energiø bornholm,
6,energiø bornholm,6: energiø bornholm,
6,energiø bornholm,6: energiø bornholm,
6,energiø bornholm,6: energiø bornholm,
6,energiø bornholm,6: energiø bornholm,
6,energiø bornholm,6: energiø bornholm,
6,energiø bornholm,6: energiø bornholm,
6,energiø bornholm,6: energiø bornholm,
6,energiø bornholm,6: energiø bornholm,
6,energiø bornholm,6: energiø bornholm,
6,energiø bornholm,6: energiø bornholm,
6,energiø bornholm,6: energiø bornholm,
6,energiø bornholm,6: energiø bornholm,
6,energiø bornholm,6: energiø bornholm,
6,energiø bornholm,6: energiø bornholm,
6,energiø bornholm,6: energiø bornholm,
6,energiø bornholm,6: energiø bornholm,
6,energiø bornholm,6: energiø bornholm,
6,energiø bornholm,6: energiø bornholm,
6,energiø bornholm,6: energiø bornholm,
6,energiø bornholm,6: energiø bornholm,
6,energiø bornholm,6: energiø bornholm,
6,energiø bornholm,6: energiø bornholm,
6,energiø bornholm,6: energiø bornholm,
6,energiø bornholm,6: energiø bornholm,
6,energiø bornholm,6: energiø bornholm,
6,energiø bornholm,6: energiø bornholm,
6,energiø bornholm,6: energiø bornholm,
6,energiø bornholm,6: energiø bornholm,
6,energiø bornholm,6: energiø bornholm,
6,energiø bornholm,6: energiø bornholm,
6,energiø bornholm,6: energiø bornholm,
6,energiø bornholm,6: energiø bornholm,
6,energiø bornholm,6: energiø bornholm,
6,energiø bornholm,6: energiø bornholm,
6,energiø bornholm,6: energiø bornholm,
6,energiø bornholm,6: energiø bornholm,
6,energiø bornholm,6: energiø bornholm,
6,energiø bornholm,6: energiø bornholm,
6,energiø bornholm,6: energiø bornholm,
6,energiø bornholm,6: energiø bornholm,
6,energiø bornholm,6: energiø bornholm,
6,energiø bornholm,6: energiø bornholm,
6,energiø bornholm,6: energiø bornholm,
6,energiø bornholm,6: energiø bornholm,
6,energiø bornholm,6: energiø bornholm,
6,energiø bornholm,6: energiø bornholm,
6,energiø bornholm,6: energiø bornholm,
6,energiø bornholm,6: energiø bornholm,
6,energiø bornholm,6: energiø bornholm,
6,energiø bornholm,6: energiø bornholm,
6,energiø bornholm,6: energiø bornholm,
6,energiø bornholm,6: energiø bornholm,
6,energiø bornholm,6: energiø bornholm,
6,energiø bornholm,6: energiø bornholm,
6,energiø bornholm,6: energiø bornholm,
6,energiø bornholm,6: energiø bornholm,
6,energiø bornholm,6: energiø bornholm,
6,energiø bornholm,6: energiø bornholm,
6,energiø bornholm,6: energiø bornholm,
6,energiø bornholm,6: energiø bornholm,
6,energiø bornholm,6: energiø bornholm,
6,energiø bornholm,6: energiø bornholm,
6,energiø bornholm,6: energiø bornholm,
6,energiø bornholm,6: energiø bornholm,
6,energiø bornholm,6: energiø bornholm,
6,energiø bornholm,6: energiø bornholm,
6,energiø bornholm,6: energiø bornholm,
6,energiø bornholm,6: energiø bornholm,
6,energiø bornholm,6: energiø bornholm,
6,energiø bornholm,6: energiø bornholm,
6,energiø bornholm,6: energiø bornholm,
6,energiø bornholm,6: energiø bornholm,
6,energiø bornholm,6: energiø bornholm,
6,energiø bornholm,6: energiø bornholm,
6,energiø bornholm,6: energiø bornholm,
6,energiø bornholm,6: energiø bornholm,
6,energiø bornholm,6: energiø bornholm,
6,energiø bornholm,6: energiø bornholm,
6,energiø bornholm,6: energiø bornholm,
6,energiø bornholm,6: energiø bornholm,
6,energiø bornholm,6: energiø bornholm,
6,energiø bornholm,6: energiø bornholm,
6,energiø bornholm,6: energiø bornholm,
6,energiø bornholm,6: energiø bornholm,
6,energiø bornholm,6: energiø bornholm,
6,energiø bornholm,6: energiø bornholm,
6,energiø bornholm,6: energiø bornholm,
6,energiø bornholm,6: energiø bornholm,
6,energiø bornholm,6: energiø bornholm,
6,energiø bornholm,6: energiø bornholm,
6,energiø bornholm,6: energiø bornholm,
6,energiø bornholm,6: energiø bornholm,
6,energiø bornholm,6: energiø bornholm,
6,energiø bornholm,6: energiø bornholm,
6,energiø bornholm,6: energiø bornholm,
6,energiø bornholm,6: energiø bornholm,
6,energiø bornholm,6: energiø bornholm,
6,energiø bornholm,6: energiø bornholm,
6,energiø bornholm,6: energiø bornholm,
6,energiø bornholm,6: energiø bornholm,
6,energiø bornholm,6: energiø bornholm,
6,energiø bornholm,6: energiø bornholm,
6,energiø bornholm,6: energiø bornholm,
6,energiø bornholm,6: energiø bornholm,
6,energiø bornholm,6: energiø bornholm,
6,energiø bornholm,6: energiø bornholm,
6,energiø bornholm,6: energiø bornholm,
6,energiø bornholm,6: energiø bornholm,
6,energiø bornholm,6: energiø bornholm,
6,energiø bornholm,6: energiø bornholm,
6,energiø bornholm,6: energiø bornholm,
6,energiø bornholm,6: energiø bornholm,
6,energiø bornholm,6: energiø bornholm,
6,energiø bornholm,6: energiø bornholm,
6,energiø bornholm,6: energiø bornholm,
6,energiø bornholm,6: energiø bornholm,
6,energiø bornholm,6: energiø bornholm,
6,energiø bornholm,6: energiø bornholm,
6,energiø bornholm,6: energiø bornholm,
6,energiø bornholm,6: energiø bornholm,
6,energiø bornholm,6: energiø bornholm,
6,energiø bornholm,6: energiø bornholm,
6,energiø bornholm,6: energiø bornholm,
6,energiø bornholm,6: energiø bornholm,
6,energiø bornholm,6: energiø bornholm,
6,energiø bornholm,6: energiø bornholm,
6,energiø bornholm,6: energiø bornholm,
6,energiø bornholm,6: energiø bornholm,
6,energiø bornholm,6: energiø bornholm,
6,energiø bornholm,6: energiø bornholm,
6,energiø bornholm,6: energiø bornholm,
6,energiø bornholm,6: energiø bornholm,
6,energiø bornholm,6: energiø bornholm,
6,energiø bornholm,6: energiø bornholm,
6,energiø bornholm,6: energiø bornholm,
6,energiø bornholm,6: energiø bornholm,
6,energiø bornholm,6: energiø bornholm,
6,energiø bornholm,6: energiø bornholm,
6,energiø bornholm,6: energiø bornholm,
6,energiø bornholm,6: energiø bornholm,
6,energiø bornholm,6: energiø bornholm,
6,energiø bornholm,6: energiø bornholm,
6,energiø bornholm,6: energiø bornholm,
6,energiø bornholm,6: energiø bornholm,
6,energiø bornholm,6: energiø bornholm,
6,energiø bornholm,6: energiø bornholm,
6,energiø bornholm,6: energiø bornholm,
6,energiø bornholm,6: energiø bornholm,
6,energiø bornholm,6: energiø bornholm,
6,energiø bornholm,6: energiø bornholm,
6,energiø bornholm,6: energiø bornholm,
6,energiø bornholm,6: energiø bornholm,
6,energiø bornholm,6: energiø bornholm,
6,energiø bornholm,6: energiø bornholm,
6,energiø bornholm,6: energiø bornholm,
6,energiø bornholm,6: energiø bornholm,
6,energiø bornholm,6: energiø bornholm,
6,energiø bornholm,6: energiø bornholm,
6,energiø bornholm,6: energiø bornholm,
6,energiø bornholm,6: energiø bornholm,
6,energiø bornholm,6: energiø bornholm,
6,energiø bornholm,6: energiø bornholm,
6,energiø bornholm,6: energiø bornholm,
6,energiø bornholm,6: energiø bornholm,
6,energiø bornholm,6: energiø bornholm,
6,energiø bornholm,6: energiø bornholm,
6,energiø bornholm,6: energiø bornholm,
6,energiø bornholm,6: energiø bornholm,
6,energiø bornholm,6: energiø bornholm,
6,energiø bornholm,6: energiø bornholm,
6,energiø bornholm,6: energiø bornholm,
6,energiø bornholm,6: energiø bornholm,
6,energiø bornholm,6: energiø bornholm,
6,energiø bornholm,6: energiø bornholm,
6,energiø bornholm,6: energiø bornholm,
6,energiø bornholm,6: energiø bornholm,
6,energiø bornholm,6: energiø bornholm,
6,energiø bornholm,6: energiø bornholm,
6,energiø bornholm,6: energiø bornholm,
6,energiø bornholm,6: energiø bornholm,
6,energiø bornholm,6: energiø bornholm,
6,energiø bornholm,6: energiø bornholm,
6,energiø bornholm,6: energiø bornholm,
6,energiø bornholm,6: energiø bornholm,
6,energiø bornholm,6: energiø bornholm,
6,energiø bornholm,6: energiø bornholm,
6,energiø bornholm,6: energiø bornholm,
6,energiø bornholm,6: energiø bornholm,
6,energiø bornholm,6: energiø bornholm,
6,energiø bornholm,6: energiø bornholm,
6,energiø bornholm,6: energiø bornholm,
6,energiø bornholm,6: energiø bornholm,
6,energiø bornholm,6: energiø bornholm,
6,energiø bornholm,6: energiø bornholm,
6,energiø bornholm,6: energiø bornholm,
6,energiø bornholm,6: energiø bornholm,
6,energiø bornholm,6: energiø bornholm,
6,energiø bornholm,6: energiø bornholm,
6,energiø bornholm,6: energiø bornholm,
6,energiø bornholm,6: energiø bornholm,
6,energiø bornholm,6: energiø bornholm,
6,energiø bornholm,6: energiø bornholm,
6,energiø bornholm,6: energiø bornholm,
6,energiø bornholm,6: energiø bornholm,
6,energiø bornholm,6: energiø bornholm,
6,energiø bornholm,6: energiø bornholm,
6,energiø bornholm,6: energiø bornholm,
6,energiø bornholm,6: energiø bornholm,
6,energiø bornholm,6: energiø bornholm,
6,energiø bornholm,6: energiø bornholm,
6,energiø bornholm,6: energiø bornholm,
6,energiø bornholm,6: energiø bornholm,
6,energiø bornholm,6: energiø bornholm,
6,energiø bornholm,6: energiø bornholm,
6,energiø bornholm,6: energiø bornholm,
6,energiø bornholm,6: energiø bornholm,
6,energiø bornholm,6: energiø bornholm,
6,energiø bornholm,6: energiø bornholm,
6,energiø bornholm,6: energiø bornholm,
6,energiø bornholm,6: energiø bornholm,
6,energiø bornholm,6: energiø bornholm,
6,energiø bornholm,6: energiø bornholm,
6,energiø bornholm,6: energiø bornholm,
6,energiø bornholm,6: energiø bornholm,
6,energiø bornholm,6: energiø bornholm,
6,energiø bornholm,6: energiø bornholm,
6,energiø bornholm,6: energiø bornholm,
6,energiø bornholm,6: energiø bornholm,
6,energiø bornholm,6: energiø bornholm,
6,energiø bornholm,6: energiø bornholm,
6,energiø bornholm,6: energiø bornholm,
6,energiø bornholm,6: energiø bornholm,
6,energiø bornholm,6: energiø bornholm,
6,energiø bornholm,6: energiø bornholm,
6,energiø bornholm,6: energiø bornholm,
6,energiø bornholm,6: energiø bornholm,
6,energiø bornholm,6: energiø bornholm,
6,energiø bornholm,6: energiø bornholm,
6,energiø bornholm,6: energiø bornholm,
6,energiø bornholm,6: energiø bornholm,
6,energiø bornholm,6: energiø bornholm,
6,energiø bornholm,6: energiø bornholm,
6,energiø bornholm,6: energiø bornholm,
6,energiø bornholm,6: energiø bornholm,
6,energiø bornholm,6: energiø bornholm,
6,energiø bornholm,6: energiø bornholm,
6,energiø bornholm,6: energiø bornholm,
6,energiø bornholm,6: energiø bornholm,
6,energiø bornholm,6: energiø bornholm,
6,energiø bornholm,6: energiø bornholm,
6,energiø bornholm,6: energiø bornholm,
6,energiø bornholm,6: energiø bornholm,
6,energiø bornholm,6: energiø bornholm,
6,energiø bornholm,6: energiø bornholm,
6,energiø bornholm,6: energiø bornholm,
6,energiø bornholm,6: energiø bornholm,
6,energiø bornholm,6: energiø bornholm,
6,energiø bornholm,6: energiø bornholm,
6,energiø bornholm,6: energiø bornholm,
6,energiø bornholm,6: energiø bornholm,
6,energiø bornholm,6: energiø bornholm,
6,energiø bornholm,6: energiø bornholm,
6,energiø bornholm,6: energiø bornholm,
6,energiø bornholm,6: energiø bornholm,
6,energiø bornholm,6: energiø bornholm,
6,energiø bornholm,6: energiø bornholm,
6,energiø bornholm,6: energiø bornholm,
6,energiø bornholm,6: energiø bornholm,
6,energiø bornholm,6: energiø bornholm,
6,energiø bornholm,6: energiø bornholm,
6,energiø bornholm,6: energiø bornholm,
6,energiø bornholm,6: energiø bornholm,
6,energiø bornholm,6: energiø bornholm,
6,energiø bornholm,6: energiø bornholm,
6,energiø bornholm,6: energiø bornholm,
6,energiø bornholm,6: energiø bornholm,
6,energiø bornholm,6: energiø bornholm,
6,energiø bornholm,6: energiø bornholm,
6,energiø bornholm,6: energiø bornholm,
6,energiø bornholm,6: energiø bornholm,
6,energiø bornholm,6: energiø bornholm,
6,energiø bornholm,6: energiø bornholm,
6,energiø bornholm,6: energiø bornholm,
6,energiø bornholm,6: energiø bornholm,
2,municip council,2: municip council,
2,municip council,2: municip council,
2,municip council,2: municip council,
2,municip council,2: municip council,
2,municip council,2: municip council,
2,municip council,2: municip council,
2,municip council,2: municip council,
2,municip council,2: municip council,
2,municip council,2: municip council,
2,municip council,2: municip council,
2,municip council,2: municip council,
2,municip council,2: municip council,
2,municip council,2: municip council,
2,municip council,2: municip council,
2,municip council,2: municip council,
2,municip council,2: municip council,
2,municip council,2: municip council,
2,municip council,2: municip council,
2,municip council,2: municip council,
2,municip council,2: municip council,
2,municip council,2: municip council,
2,municip council,2: municip council,
2,municip council,2: municip council,
2,municip council,2: municip council,
2,municip council,2: municip council,
2,municip council,2: municip council,
2,municip council,2: municip council,
2,municip council,2: municip council,
2,municip council,2: municip council,
2,municip council,2: municip council,
2,municip council,2: municip council,
2,municip council,2: municip council,
2,municip council,2: municip council,
2,municip council,2: municip council,
2,municip council,2: municip council,
2,municip council,2: municip council,
2,municip council,2: municip council,
2,municip council,2: municip council,
2,municip council,2: municip council,
2,municip council,2: municip council,
2,municip council,2: municip council,
2,municip council,2: municip council,
2,municip council,2: municip council,
2,municip council,2: municip council,
2,municip council,2: municip council,
2,municip council,2: municip council,
2,municip council,2: municip council,
2,municip council,2: municip council,
2,municip council,2: municip council,
2,municip council,2: municip council,
2,municip council,2: municip council,
2,municip council,2: municip council,
2,municip council,2: municip council,
2,municip council,2: municip council,
2,municip council,2: municip council,
2,municip council,2: municip council,
2,municip council,2: municip council,
2,municip council,2: municip council,
2,municip council,2: municip council,
2,municip council,2: municip council,
2,municip council,2: municip council,
2,municip council,2: municip council,
2,municip council,2: municip council,
2,municip council,2: municip council,
2,municip council,2: municip council,
2,municip council,2: municip council,
2,municip council,2: municip council,
2,municip council,2: municip council,
2,municip council,2: municip council,
2,municip council,2: municip council,
2,municip council,2: municip council,
2,municip council,2: municip council,
2,municip council,2: municip council,
2,municip council,2: municip council,
2,municip council,2: municip council,
2,municip council,2: municip council,
2,municip council,2: municip council,
2,municip council,2: municip council,
2,municip council,2: municip council,
2,municip council,2: municip council,
2,municip council,2: municip council,
2,municip council,2: municip council,
2,municip council,2: municip council,
2,municip council,2: municip council,
2,municip council,2: municip council,
2,municip council,2: municip council,
2,municip council,2: municip council,
2,municip council,2: municip council,
2,municip council,2: municip council,
2,municip council,2: municip council,
2,municip council,2: municip council,
2,municip council,2: municip council,
2,municip council,2: municip council,
2,municip council,2: municip council,
2,municip council,2: municip council,
2,municip council,2: municip council,
2,municip council,2: municip council,
2,municip council,2: municip council,
2,municip council,2: municip council,
2,municip council,2: municip council,
2,municip council,2: municip council,
2,municip council,2: municip council,
2,municip council,2: municip council,
2,municip council,2: municip council,
2,municip council,2: municip council,
2,municip council,2: municip council,
2,municip council,2: municip council,
2,municip council,2: municip council,
2,municip council,2: municip council,
2,municip council,2: municip council,
2,municip council,2: municip council,
2,municip council,2: municip council,
2,municip council,2: municip council,
2,municip council,2: municip council,
2,municip council,2: municip council,
2,municip council,2: municip council,
2,municip council,2: municip council,
2,municip council,2: municip council,
2,municip council,2: municip council,
2,municip council,2: municip council,
2,municip council,2: municip council,
2,municip council,2: municip council,
2,municip council,2: municip council,
2,municip council,2: municip council,
2,municip council,2: municip council,
2,municip council,2: municip council,
2,municip council,2: municip council,
2,municip council,2: municip council,
2,municip council,2: municip council,
2,municip council,2: municip council,
2,municip council,2: municip council,
2,municip council,2: municip council,
2,municip council,2: municip council,
2,municip council,2: municip council,
2,municip council,2: municip council,
2,municip council,2: municip council,
2,municip council,2: municip council,
2,municip council,2: municip council,
2,municip council,2: municip council,
2,municip council,2: municip council,
2,municip council,2: municip council,
2,municip council,2: municip council,
2,municip council,2: municip council,
2,municip council,2: municip council,
2,municip council,2: municip council,
2,municip council,2: municip council,
2,municip council,2: municip council,
2,municip council,2: municip council,
2,municip council,2: municip council,
2,municip council,2: municip council,
2,municip council,2: municip council,
2,municip council,2: municip council,
2,municip council,2: municip council,
2,municip council,2: municip council,
2,municip council,2: municip council,
2,municip council,2: municip council,
6,energiø bornholm,6: energiø bornholm,
6,energiø bornholm,6: energiø bornholm,
6,energiø bornholm,6: energiø bornholm,
6,energiø bornholm,6: energiø bornholm,
6,energiø bornholm,6: energiø bornholm,
6,energiø bornholm,6: energiø bornholm,
6,energiø bornholm,6: energiø bornholm,
6,energiø bornholm,6: energiø bornholm,
6,energiø bornholm,6: energiø bornholm,
6,energiø bornholm,6: energiø bornholm,
6,energiø bornholm,6: energiø bornholm,
6,energiø bornholm,6: energiø bornholm,
6,energiø bornholm,6: energiø bornholm,
6,energiø bornholm,6: energiø bornholm,
6,energiø bornholm,6: energiø bornholm,
6,energiø bornholm,6: energiø bornholm,
6,energiø bornholm,6: energiø bornholm,
6,energiø bornholm,6: energiø bornholm,
6,energiø bornholm,6: energiø bornholm,
6,energiø bornholm,6: energiø bornholm,
6,energiø bornholm,6: energiø bornholm,
6,energiø bornholm,6: energiø bornholm,
6,energiø bornholm,6: energiø bornholm,
6,energiø bornholm,6: energiø bornholm,
6,energiø bornholm,6: energiø bornholm,
6,energiø bornholm,6: energiø bornholm,
6,energiø bornholm,6: energiø bornholm,
6,energiø bornholm,6: energiø bornholm,
6,energiø bornholm,6: energiø bornholm,
6,energiø bornholm,6: energiø bornholm,
6,energiø bornholm,6: energiø bornholm,
6,energiø bornholm,6: energiø bornholm,
6,energiø bornholm,6: energiø bornholm,
6,energiø bornholm,6: energiø bornholm,
6,energiø bornholm,6: energiø bornholm,
6,energiø bornholm,6: energiø bornholm,
6,energiø bornholm,6: energiø bornholm,
6,energiø bornholm,6: energiø bornholm,
6,energiø bornholm,6: energiø bornholm,
6,energiø bornholm,6: energiø bornholm,
6,energiø bornholm,6: energiø bornholm,
6,energiø bornholm,6: energiø bornholm,
6,energiø bornholm,6: energiø bornholm,
6,energiø bornholm,6: energiø bornholm,
6,energiø bornholm,6: energiø bornholm,
6,energiø bornholm,6: energiø bornholm,
6,energiø bornholm,6: energiø bornholm,
6,energiø bornholm,6: energiø bornholm,
6,energiø bornholm,6: energiø bornholm,
6,energiø bornholm,6: energiø bornholm,
6,energiø bornholm,6: energiø bornholm,
6,energiø bornholm,6: energiø bornholm,
6,energiø bornholm,6: energiø bornholm,
6,energiø bornholm,6: energiø bornholm,
6,energiø bornholm,6: energiø bornholm,
6,energiø bornholm,6: energiø bornholm,
6,energiø bornholm,6: energiø bornholm,
6,energiø bornholm,6: energiø bornholm,
6,energiø bornholm,6: energiø bornholm,
6,energiø bornholm,6: energiø bornholm,
6,energiø bornholm,6: energiø bornholm,
6,energiø bornholm,6: energiø bornholm,
6,energiø bornholm,6: energiø bornholm,
6,energiø bornholm,6: energiø bornholm,
6,energiø bornholm,6: energiø bornholm,
6,energiø bornholm,6: energiø bornholm,
6,energiø bornholm,6: energiø bornholm,
6,energiø bornholm,6: energiø bornholm,
6,energiø bornholm,6: energiø bornholm,
6,energiø bornholm,6: energiø bornholm,
6,energiø bornholm,6: energiø bornholm,
6,energiø bornholm,6: energiø bornholm,
6,energiø bornholm,6: energiø bornholm,
6,energiø bornholm,6: energiø bornholm,
6,energiø bornholm,6: energiø bornholm,
6,energiø bornholm,6: energiø bornholm,
6,energiø bornholm,6: energiø bornholm,
6,energiø bornholm,6: energiø bornholm,
6,energiø bornholm,6: energiø bornholm,
6,energiø bornholm,6: energiø bornholm,
6,energiø bornholm,6: energiø bornholm,
6,energiø bornholm,6: energiø bornholm,
6,energiø bornholm,6: energiø bornholm,
6,energiø bornholm,6: energiø bornholm,
6,energiø bornholm,6: energiø bornholm,
6,energiø bornholm,6: energiø bornholm,
6,energiø bornholm,6: energiø bornholm,
6,energiø bornholm,6: energiø bornholm,
6,energiø bornholm,6: energiø bornholm,
6,energiø bornholm,6: energiø bornholm,
6,energiø bornholm,6: energiø bornholm,
6,energiø bornholm,6: energiø bornholm,
6,energiø bornholm,6: energiø bornholm,
6,energiø bornholm,6: energiø bornholm,
6,energiø bornholm,6: energiø bornholm,
6,energiø bornholm,6: energiø bornholm,
6,energiø bornholm,6: energiø bornholm,
6,energiø bornholm,6: energiø bornholm,
6,energiø bornholm,6: energiø bornholm,
6,energiø bornholm,6: energiø bornholm,
6,energiø bornholm,6: energiø bornholm,
6,energiø bornholm,6: energiø bornholm,
6,energiø bornholm,6: energiø bornholm,
6,energiø bornholm,6: energiø bornholm,
6,energiø bornholm,6: energiø bornholm,
6,energiø bornholm,6: energiø bornholm,
6,energiø bornholm,6: energiø bornholm,
6,energiø bornholm,6: energiø bornholm,
6,energiø bornholm,6: energiø bornholm,
6,energiø bornholm,6: energiø bornholm,
6,energiø bornholm,6: energiø bornholm,
6,energiø bornholm,6: energiø bornholm,
6,energiø bornholm,6: energiø bornholm,
6,energiø bornholm,6: energiø bornholm,
6,energiø bornholm,6: energiø bornholm,
6,energiø bornholm,6: energiø bornholm,
6,energiø bornholm,6: energiø bornholm,
6,energiø bornholm,6: energiø bornholm,
6,energiø bornholm,6: energiø bornholm,
6,energiø bornholm,6: energiø bornholm,
6,energiø bornholm,6: energiø bornholm,
6,energiø bornholm,6: energiø bornholm,
6,energiø bornholm,6: energiø bornholm,
6,energiø bornholm,6: energiø bornholm,
6,energiø bornholm,6: energiø bornholm,
6,energiø bornholm,6: energiø bornholm,
6,energiø bornholm,6: energiø bornholm,
6,energiø bornholm,6: energiø bornholm,
6,energiø bornholm,6: energiø bornholm,
6,energiø bornholm,6: energiø bornholm,
6,energiø bornholm,6: energiø bornholm,
6,energiø bornholm,6: energiø bornholm,
6,energiø bornholm,6: energiø bornholm,
6,energiø bornholm,6: energiø bornholm,
6,energiø bornholm,6: energiø bornholm,
6,energiø bornholm,6: energiø bornholm,
6,energiø bornholm,6: energiø bornholm,
6,energiø bornholm,6: energiø bornholm,
6,energiø bornholm,6: energiø bornholm,
6,energiø bornholm,6: energiø bornholm,
6,energiø bornholm,6: energiø bornholm,
6,energiø bornholm,6: energiø bornholm,
6,energiø bornholm,6: energiø bornholm,
6,energiø bornholm,6: energiø bornholm,
6,energiø bornholm,6: energiø bornholm,
6,energiø bornholm,6: energiø bornholm,
6,energiø bornholm,6: energiø bornholm,
6,energiø bornholm,6: energiø bornholm,
6,energiø bornholm,6: energiø bornholm,
6,energiø bornholm,6: energiø bornholm,
6,energiø bornholm,6: energiø bornholm,
6,energiø bornholm,6: energiø bornholm,
6,energiø bornholm,6: energiø bornholm,
6,energiø bornholm,6: energiø bornholm,
6,energiø bornholm,6: energiø bornholm,
6,energiø bornholm,6: energiø bornholm,
6,energiø bornholm,6: energiø bornholm,
6,energiø bornholm,6: energiø bornholm,
6,energiø bornholm,6: energiø bornholm,
6,energiø bornholm,6: energiø bornholm,
6,energiø bornholm,6: energiø bornholm,
6,energiø bornholm,6: energiø bornholm,
6,energiø bornholm,6: energiø bornholm,
6,energiø bornholm,6: energiø bornholm,
6,energiø bornholm,6: energiø bornholm,
6,energiø bornholm,6: energiø bornholm,
6,energiø bornholm,6: energiø bornholm,
6,energiø bornholm,6: energiø bornholm,
6,energiø bornholm,6: energiø bornholm,
6,energiø bornholm,6: energiø bornholm,
6,energiø bornholm,6: energiø bornholm,
2,municip council,2: municip council,
2,municip council,2: municip council,
2,municip council,2: municip council,
2,municip council,2: municip council,
2,municip council,2: municip council,
2,municip council,2: municip council,
2,municip council,2: municip council,
2,municip council,2: municip council,
2,municip council,2: municip council,
2,municip council,2: municip council,
2,municip council,2: municip council,
2,municip council,2: municip council,
2,municip council,2: municip council,
2,municip council,2: municip council,
2,municip council,2: municip council,
2,municip council,2: municip council,
2,municip council,2: municip council,
2,municip council,2: municip council,
2,municip council,2: municip council,
2,municip council,2: municip council,
2,municip council,2: municip council,
2,municip council,2: municip council,
2,municip council,2: municip council,
2,municip council,2: municip council,
2,municip council,2: municip council,
2,municip council,2: municip council,
2,municip council,2: municip council,
2,municip council,2: municip council,
2,municip council,2: municip council,
2,municip council,2: municip council,
2,municip council,2: municip council,
2,municip council,2: municip council,
2,municip council,2: municip council,
2,municip council,2: municip council,
2,municip council,2: municip council,
2,municip council,2: municip council,
2,municip council,2: municip council,
2,municip council,2: municip council,
2,municip council,2: municip council,
2,municip council,2: municip council,
2,municip council,2: municip council,
2,municip council,2: municip council,
2,municip council,2: municip council,
2,municip council,2: municip council,
2,municip council,2: municip council,
2,municip council,2: municip council,
2,municip council,2: municip council,
2,municip council,2: municip council,
2,municip council,2: municip council,
2,municip council,2: municip council,
2,municip council,2: municip council,
2,municip council,2: municip council,
2,municip council,2: municip council,
2,municip council,2: municip council,
2,municip council,2: municip council,
2,municip council,2: municip council,
2,municip council,2: municip council,
2,municip council,2: municip council,
2,municip council,2: municip council,
2,municip council,2: municip council,
2,municip council,2: municip council,
2,municip council,2: municip council,
2,municip council,2: municip council,
2,municip council,2: municip council,
2,municip council,2: municip council,
2,municip council,2: municip council,
2,municip council,2: municip council,
2,municip council,2: municip council,
2,municip council,2: municip council,
2,municip council,2: municip council,
2,municip council,2: municip council,
2,municip council,2: municip council,
2,municip council,2: municip council,
2,municip council,2: municip council,
2,municip council,2: municip council,
2,municip council,2: municip council,
2,municip council,2: municip council,
2,municip council,2: municip council,
2,municip council,2: municip council,
2,municip council,2: municip council,
2,municip council,2: municip council,
2,municip council,2: municip council,
2,municip council,2: municip council,
2,municip council,2: municip council,
2,municip council,2: municip council,
2,municip council,2: municip council,
2,municip council,2: municip council,
2,municip council,2: municip council,
2,municip council,2: municip council,
2,municip council,2: municip council,
2,municip council,2: municip council,
2,municip council,2: municip council,
2,municip council,2: municip council,
2,municip council,2: municip council,
2,municip council,2: municip council,
2,municip council,2: municip council,
2,municip council,2: municip council,
2,municip council,2: municip council,
2,municip council,2: municip council,
2,municip council,2: municip council,
2,municip council,2: municip council,
2,municip council,2: municip council,
2,municip council,2: municip council,
2,municip council,2: municip council,
2,municip council,2: municip council,
2,municip council,2: municip council,
2,municip council,2: municip council,
2,municip council,2: municip council,
2,municip council,2: municip council,
2,municip council,2: municip council,
2,municip council,2: municip council,
2,municip council,2: municip council,
2,municip council,2: municip council,
2,municip council,2: municip council,
2,municip council,2: municip council,
2,municip council,2: municip council,
2,municip council,2: municip council,
2,municip council,2: municip council,
2,municip council,2: municip council,
2,municip council,2: municip council,
2,municip council,2: municip council,
2,municip council,2: municip council,
2,municip council,2: municip council,
2,municip council,2: municip council,
2,municip council,2: municip council,
2,municip council,2: municip council,
2,municip council,2: municip council,
2,municip council,2: municip council,
2,municip council,2: municip council,
2,municip council,2: municip council,
2,municip council,2: municip council,
2,municip council,2: municip council,
2,municip council,2: municip council,
2,municip council,2: municip council,
2,municip council,2: municip council,
2,municip council,2: municip council,
2,municip council,2: municip council,
2,municip council,2: municip council,
2,municip council,2: municip council,
2,municip council,2: municip council,
2,municip council,2: municip council,
2,municip council,2: municip council,
2,municip council,2: municip council,
2,municip council,2: municip council,
2,municip council,2: municip council,
2,municip council,2: municip council,
2,municip council,2: municip council,
2,municip council,2: municip council,
2,municip council,2: municip council,
2,municip council,2: municip council,
2,municip council,2: municip council,
2,municip council,2: municip council,
2,municip council,2: municip council,
2,municip council,2: municip council,
2,municip council,2: municip council,
2,municip council,2: municip council,
4,baltic sea,4: baltic sea,
4,baltic sea,4: baltic sea,
4,baltic sea,4: baltic sea,
4,baltic sea,4: baltic sea,
4,baltic sea,4: baltic sea,
4,baltic sea,4: baltic sea,
4,baltic sea,4: baltic sea,
4,baltic sea,4: baltic sea,
4,baltic sea,4: baltic sea,
4,baltic sea,4: baltic sea,
4,baltic sea,4: baltic sea,
4,baltic sea,4: baltic sea,
4,baltic sea,4: baltic sea,
4,baltic sea,4: baltic sea,
4,baltic sea,4: baltic sea,
4,baltic sea,4: baltic sea,
4,baltic sea,4: baltic sea,
4,baltic sea,4: baltic sea,
4,baltic sea,4: baltic sea,
4,baltic sea,4: baltic sea,
4,baltic sea,4: baltic sea,
4,baltic sea,4: baltic sea,
4,baltic sea,4: baltic sea,
4,baltic sea,4: baltic sea,
4,baltic sea,4: baltic sea,
4,baltic sea,4: baltic sea,
4,baltic sea,4: baltic sea,
4,baltic sea,4: baltic sea,
4,baltic sea,4: baltic sea,
4,baltic sea,4: baltic sea,
4,baltic sea,4: baltic sea,
4,baltic sea,4: baltic sea,
4,baltic sea,4: baltic sea,
4,baltic sea,4: baltic sea,
4,baltic sea,4: baltic sea,
4,baltic sea,4: baltic sea,
4,baltic sea,4: baltic sea,
4,baltic sea,4: baltic sea,
4,baltic sea,4: baltic sea,
4,baltic sea,4: baltic sea,
4,baltic sea,4: baltic sea,
4,baltic sea,4: baltic sea,
4,baltic sea,4: baltic sea,
4,baltic sea,4: baltic sea,
4,baltic sea,4: baltic sea,
4,baltic sea,4: baltic sea,
4,baltic sea,4: baltic sea,
4,baltic sea,4: baltic sea,
4,baltic sea,4: baltic sea,
4,baltic sea,4: baltic sea,
4,baltic sea,4: baltic sea,
4,baltic sea,4: baltic sea,
4,baltic sea,4: baltic sea,
4,baltic sea,4: baltic sea,
4,baltic sea,4: baltic sea,
4,baltic sea,4: baltic sea,
4,baltic sea,4: baltic sea,
4,baltic sea,4: baltic sea,
4,baltic sea,4: baltic sea,
4,baltic sea,4: baltic sea,
4,baltic sea,4: baltic sea,
4,baltic sea,4: baltic sea,
4,baltic sea,4: baltic sea,
4,baltic sea,4: baltic sea,
4,baltic sea,4: baltic sea,
4,baltic sea,4: baltic sea,
4,baltic sea,4: baltic sea,
4,baltic sea,4: baltic sea,
4,baltic sea,4: baltic sea,
4,baltic sea,4: baltic sea,
4,baltic sea,4: baltic sea,
4,baltic sea,4: baltic sea,
4,baltic sea,4: baltic sea,
4,baltic sea,4: baltic sea,
4,baltic sea,4: baltic sea,
4,baltic sea,4: baltic sea,
4,baltic sea,4: baltic sea,
4,baltic sea,4: baltic sea,
4,baltic sea,4: baltic sea,
4,baltic sea,4: baltic sea,
4,baltic sea,4: baltic sea,
4,baltic sea,4: baltic sea,
4,baltic sea,4: baltic sea,
4,baltic sea,4: baltic sea,
4,baltic sea,4: baltic sea,
4,baltic sea,4: baltic sea,
4,baltic sea,4: baltic sea,
4,baltic sea,4: baltic sea,
4,baltic sea,4: baltic sea,
4,baltic sea,4: baltic sea,
4,baltic sea,4: baltic sea,
4,baltic sea,4: baltic sea,
4,baltic sea,4: baltic sea,
4,baltic sea,4: baltic sea,
4,baltic sea,4: baltic sea,
4,baltic sea,4: baltic sea,
4,baltic sea,4: baltic sea,
4,baltic sea,4: baltic sea,
4,baltic sea,4: baltic sea,
4,baltic sea,4: baltic sea,
4,baltic sea,4: baltic sea,
4,baltic sea,4: baltic sea,
4,baltic sea,4: baltic sea,
4,baltic sea,4: baltic sea,
4,baltic sea,4: baltic sea,
4,baltic sea,4: baltic sea,
4,baltic sea,4: baltic sea,
4,baltic sea,4: baltic sea,
4,baltic sea,4: baltic sea,
4,baltic sea,4: baltic sea,
4,baltic sea,4: baltic sea,
4,baltic sea,4: baltic sea,
4,baltic sea,4: baltic sea,
4,baltic sea,4: baltic sea,
4,baltic sea,4: baltic sea,
4,baltic sea,4: baltic sea,
4,baltic sea,4: baltic sea,
4,baltic sea,4: baltic sea,
4,baltic sea,4: baltic sea,
4,baltic sea,4: baltic sea,
4,baltic sea,4: baltic sea,
4,baltic sea,4: baltic sea,
4,baltic sea,4: baltic sea,
4,baltic sea,4: baltic sea,
4,baltic sea,4: baltic sea,
4,baltic sea,4: baltic sea,
4,baltic sea,4: baltic sea,
4,baltic sea,4: baltic sea,
4,baltic sea,4: baltic sea,
4,baltic sea,4: baltic sea,
4,baltic sea,4: baltic sea,
4,baltic sea,4: baltic sea,
4,baltic sea,4: baltic sea,
4,baltic sea,4: baltic sea,
4,baltic sea,4: baltic sea,
4,baltic sea,4: baltic sea,
4,baltic sea,4: baltic sea,
4,baltic sea,4: baltic sea,
8,wind turbin,8: wind turbin,
8,wind turbin,8: wind turbin,
8,wind turbin,8: wind turbin,
8,wind turbin,8: wind turbin,
8,wind turbin,8: wind turbin,
8,wind turbin,8: wind turbin,
8,wind turbin,8: wind turbin,
8,wind turbin,8: wind turbin,
8,wind turbin,8: wind turbin,
8,wind turbin,8: wind turbin,
8,wind turbin,8: wind turbin,
8,wind turbin,8: wind turbin,
8,wind turbin,8: wind turbin,
8,wind turbin,8: wind turbin,
8,wind turbin,8: wind turbin,
8,wind turbin,8: wind turbin,
8,wind turbin,8: wind turbin,
8,wind turbin,8: wind turbin,
8,wind turbin,8: wind turbin,
8,wind turbin,8: wind turbin,
8,wind turbin,8: wind turbin,
8,wind turbin,8: wind turbin,
8,wind turbin,8: wind turbin,
8,wind turbin,8: wind turbin,
8,wind turbin,8: wind turbin,
8,wind turbin,8: wind turbin,
8,wind turbin,8: wind turbin,
8,wind turbin,8: wind turbin,
8,wind turbin,8: wind turbin,
8,wind turbin,8: wind turbin,
8,wind turbin,8: wind turbin,
8,wind turbin,8: wind turbin,
8,wind turbin,8: wind turbin,
8,wind turbin,8: wind turbin,
8,wind turbin,8: wind turbin,
8,wind turbin,8: wind turbin,
8,wind turbin,8: wind turbin,
8,wind turbin,8: wind turbin,
8,wind turbin,8: wind turbin,
8,wind turbin,8: wind turbin,
8,wind turbin,8: wind turbin,
8,wind turbin,8: wind turbin,
8,wind turbin,8: wind turbin,
8,wind turbin,8: wind turbin,
8,wind turbin,8: wind turbin,
8,wind turbin,8: wind turbin,
8,wind turbin,8: wind turbin,
8,wind turbin,8: wind turbin,
8,wind turbin,8: wind turbin,
8,wind turbin,8: wind turbin,
8,wind turbin,8: wind turbin,
8,wind turbin,8: wind turbin,
8,wind turbin,8: wind turbin,
8,wind turbin,8: wind turbin,
8,wind turbin,8: wind turbin,
8,wind turbin,8: wind turbin,
8,wind turbin,8: wind turbin,
8,wind turbin,8: wind turbin,
8,wind turbin,8: wind turbin,
8,wind turbin,8: wind turbin,
8,wind turbin,8: wind turbin,
8,wind turbin,8: wind turbin,
8,wind turbin,8: wind turbin,
8,wind turbin,8: wind turbin,
8,wind turbin,8: wind turbin,
8,wind turbin,8: wind turbin,
8,wind turbin,8: wind turbin,
8,wind turbin,8: wind turbin,
8,wind turbin,8: wind turbin,
8,wind turbin,8: wind turbin,
8,wind turbin,8: wind turbin,
8,wind turbin,8: wind turbin,
8,wind turbin,8: wind turbin,
8,wind turbin,8: wind turbin,
8,wind turbin,8: wind turbin,
8,wind turbin,8: wind turbin,
8,wind turbin,8: wind turbin,
8,wind turbin,8: wind turbin,
8,wind turbin,8: wind turbin,
8,wind turbin,8: wind turbin,
8,wind turbin,8: wind turbin,
8,wind turbin,8: wind turbin,
8,wind turbin,8: wind turbin,
8,wind turbin,8: wind turbin,
8,wind turbin,8: wind turbin,
8,wind turbin,8: wind turbin,
8,wind turbin,8: wind turbin,
8,wind turbin,8: wind turbin,
8,wind turbin,8: wind turbin,
8,wind turbin,8: wind turbin,
8,wind turbin,8: wind turbin,
8,wind turbin,8: wind turbin,
8,wind turbin,8: wind turbin,
8,wind turbin,8: wind turbin,
8,wind turbin,8: wind turbin,
8,wind turbin,8: wind turbin,
8,wind turbin,8: wind turbin,
8,wind turbin,8: wind turbin,
8,wind turbin,8: wind turbin,
8,wind turbin,8: wind turbin,
8,wind turbin,8: wind turbin,
8,wind turbin,8: wind turbin,
8,wind turbin,8: wind turbin,
8,wind turbin,8: wind turbin,
8,wind turbin,8: wind turbin,
8,wind turbin,8: wind turbin,
8,wind turbin,8: wind turbin,
8,wind turbin,8: wind turbin,
8,wind turbin,8: wind turbin,
8,wind turbin,8: wind turbin,
8,wind turbin,8: wind turbin,
8,wind turbin,8: wind turbin,
8,wind turbin,8: wind turbin,
8,wind turbin,8: wind turbin,
8,wind turbin,8: wind turbin,
8,wind turbin,8: wind turbin,
8,wind turbin,8: wind turbin,
8,wind turbin,8: wind turbin,
8,wind turbin,8: wind turbin,
8,wind turbin,8: wind turbin,
8,wind turbin,8: wind turbin,
8,wind turbin,8: wind turbin,
8,wind turbin,8: wind turbin,
8,wind turbin,8: wind turbin,
8,wind turbin,8: wind turbin,
8,wind turbin,8: wind turbin,
8,wind turbin,8: wind turbin,
8,wind turbin,8: wind turbin,
8,wind turbin,8: wind turbin,
8,wind turbin,8: wind turbin,
4,baltic sea,4: baltic sea,
4,baltic sea,4: baltic sea,
4,baltic sea,4: baltic sea,
4,baltic sea,4: baltic sea,
4,baltic sea,4: baltic sea,
4,baltic sea,4: baltic sea,
4,baltic sea,4: baltic sea,
4,baltic sea,4: baltic sea,
4,baltic sea,4: baltic sea,
4,baltic sea,4: baltic sea,
4,baltic sea,4: baltic sea,
4,baltic sea,4: baltic sea,
4,baltic sea,4: baltic sea,
4,baltic sea,4: baltic sea,
4,baltic sea,4: baltic sea,
4,baltic sea,4: baltic sea,
4,baltic sea,4: baltic sea,
4,baltic sea,4: baltic sea,
4,baltic sea,4: baltic sea,
4,baltic sea,4: baltic sea,
4,baltic sea,4: baltic sea,
4,baltic sea,4: baltic sea,
4,baltic sea,4: baltic sea,
4,baltic sea,4: baltic sea,
4,baltic sea,4: baltic sea,
4,baltic sea,4: baltic sea,
4,baltic sea,4: baltic sea,
4,baltic sea,4: baltic sea,
4,baltic sea,4: baltic sea,
4,baltic sea,4: baltic sea,
4,baltic sea,4: baltic sea,
4,baltic sea,4: baltic sea,
4,baltic sea,4: baltic sea,
4,baltic sea,4: baltic sea,
4,baltic sea,4: baltic sea,
4,baltic sea,4: baltic sea,
4,baltic sea,4: baltic sea,
4,baltic sea,4: baltic sea,
4,baltic sea,4: baltic sea,
4,baltic sea,4: baltic sea,
4,baltic sea,4: baltic sea,
4,baltic sea,4: baltic sea,
4,baltic sea,4: baltic sea,
4,baltic sea,4: baltic sea,
4,baltic sea,4: baltic sea,
4,baltic sea,4: baltic sea,
4,baltic sea,4: baltic sea,
4,baltic sea,4: baltic sea,
4,baltic sea,4: baltic sea,
4,baltic sea,4: baltic sea,
4,baltic sea,4: baltic sea,
4,baltic sea,4: baltic sea,
4,baltic sea,4: baltic sea,
4,baltic sea,4: baltic sea,
4,baltic sea,4: baltic sea,
4,baltic sea,4: baltic sea,
4,baltic sea,4: baltic sea,
4,baltic sea,4: baltic sea,
4,baltic sea,4: baltic sea,
4,baltic sea,4: baltic sea,
4,baltic sea,4: baltic sea,
4,baltic sea,4: baltic sea,
4,baltic sea,4: baltic sea,
4,baltic sea,4: baltic sea,
4,baltic sea,4: baltic sea,
4,baltic sea,4: baltic sea,
4,baltic sea,4: baltic sea,
4,baltic sea,4: baltic sea,
4,baltic sea,4: baltic sea,
4,baltic sea,4: baltic sea,
4,baltic sea,4: baltic sea,
4,baltic sea,4: baltic sea,
4,baltic sea,4: baltic sea,
4,baltic sea,4: baltic sea,
4,baltic sea,4: baltic sea,
4,baltic sea,4: baltic sea,
4,baltic sea,4: baltic sea,
4,baltic sea,4: baltic sea,
4,baltic sea,4: baltic sea,
4,baltic sea,4: baltic sea,
4,baltic sea,4: baltic sea,
4,baltic sea,4: baltic sea,
4,baltic sea,4: baltic sea,
4,baltic sea,4: baltic sea,
4,baltic sea,4: baltic sea,
4,baltic sea,4: baltic sea,
4,baltic sea,4: baltic sea,
4,baltic sea,4: baltic sea,
4,baltic sea,4: baltic sea,
4,baltic sea,4: baltic sea,
4,baltic sea,4: baltic sea,
4,baltic sea,4: baltic sea,
4,baltic sea,4: baltic sea,
4,baltic sea,4: baltic sea,
4,baltic sea,4: baltic sea,
4,baltic sea,4: baltic sea,
4,baltic sea,4: baltic sea,
4,baltic sea,4: baltic sea,
4,baltic sea,4: baltic sea,
4,baltic sea,4: baltic sea,
4,baltic sea,4: baltic sea,
4,baltic sea,4: baltic sea,
4,baltic sea,4: baltic sea,
4,baltic sea,4: baltic sea,
4,baltic sea,4: baltic sea,
4,baltic sea,4: baltic sea,
4,baltic sea,4: baltic sea,
4,baltic sea,4: baltic sea,
4,baltic sea,4: baltic sea,
4,baltic sea,4: baltic sea,
4,baltic sea,4: baltic sea,
4,baltic sea,4: baltic sea,
4,baltic sea,4: baltic sea,
4,baltic sea,4: baltic sea,
4,baltic sea,4: baltic sea,
4,baltic sea,4: baltic sea,
4,baltic sea,4: baltic sea,
4,baltic sea,4: baltic sea,
4,baltic sea,4: baltic sea,
4,baltic sea,4: baltic sea,
4,baltic sea,4: baltic sea,
4,baltic sea,4: baltic sea,
4,baltic sea,4: baltic sea,
4,baltic sea,4: baltic sea,
4,baltic sea,4: baltic sea,
4,baltic sea,4: baltic sea,
4,baltic sea,4: baltic sea,
4,baltic sea,4: baltic sea,
4,baltic sea,4: baltic sea,
4,baltic sea,4: baltic sea,
4,baltic sea,4: baltic sea,
4,baltic sea,4: baltic sea,
4,baltic sea,4: baltic sea,
4,baltic sea,4: baltic sea,
4,baltic sea,4: baltic sea,
4,baltic sea,4: baltic sea,
4,baltic sea,4: baltic sea,
4,baltic sea,4: baltic sea,
6,energiø bornholm,6: energiø bornholm,
6,energiø bornholm,6: energiø bornholm,
6,energiø bornholm,6: energiø bornholm,
6,energiø bornholm,6: energiø bornholm,
6,energiø bornholm,6: energiø bornholm,
6,energiø bornholm,6: energiø bornholm,
6,energiø bornholm,6: energiø bornholm,
6,energiø bornholm,6: energiø bornholm,
6,energiø bornholm,6: energiø bornholm,
6,energiø bornholm,6: energiø bornholm,
6,energiø bornholm,6: energiø bornholm,
6,energiø bornholm,6: energiø bornholm,
6,energiø bornholm,6: energiø bornholm,
6,energiø bornholm,6: energiø bornholm,
6,energiø bornholm,6: energiø bornholm,
6,energiø bornholm,6: energiø bornholm,
6,energiø bornholm,6: energiø bornholm,
6,energiø bornholm,6: energiø bornholm,
6,energiø bornholm,6: energiø bornholm,
6,energiø bornholm,6: energiø bornholm,
6,energiø bornholm,6: energiø bornholm,
6,energiø bornholm,6: energiø bornholm,
6,energiø bornholm,6: energiø bornholm,
6,energiø bornholm,6: energiø bornholm,
6,energiø bornholm,6: energiø bornholm,
6,energiø bornholm,6: energiø bornholm,
6,energiø bornholm,6: energiø bornholm,
6,energiø bornholm,6: energiø bornholm,
6,energiø bornholm,6: energiø bornholm,
6,energiø bornholm,6: energiø bornholm,
6,energiø bornholm,6: energiø bornholm,
6,energiø bornholm,6: energiø bornholm,
6,energiø bornholm,6: energiø bornholm,
6,energiø bornholm,6: energiø bornholm,
6,energiø bornholm,6: energiø bornholm,
6,energiø bornholm,6: energiø bornholm,
6,energiø bornholm,6: energiø bornholm,
6,energiø bornholm,6: energiø bornholm,
6,energiø bornholm,6: energiø bornholm,
6,energiø bornholm,6: energiø bornholm,
6,energiø bornholm,6: energiø bornholm,
6,energiø bornholm,6: energiø bornholm,
6,energiø bornholm,6: energiø bornholm,
6,energiø bornholm,6: energiø bornholm,
6,energiø bornholm,6: energiø bornholm,
6,energiø bornholm,6: energiø bornholm,
6,energiø bornholm,6: energiø bornholm,
6,energiø bornholm,6: energiø bornholm,
6,energiø bornholm,6: energiø bornholm,
6,energiø bornholm,6: energiø bornholm,
6,energiø bornholm,6: energiø bornholm,
6,energiø bornholm,6: energiø bornholm,
6,energiø bornholm,6: energiø bornholm,
6,energiø bornholm,6: energiø bornholm,
6,energiø bornholm,6: energiø bornholm,
6,energiø bornholm,6: energiø bornholm,
6,energiø bornholm,6: energiø bornholm,
6,energiø bornholm,6: energiø bornholm,
6,energiø bornholm,6: energiø bornholm,
6,energiø bornholm,6: energiø bornholm,
6,energiø bornholm,6: energiø bornholm,
6,energiø bornholm,6: energiø bornholm,
6,energiø bornholm,6: energiø bornholm,
6,energiø bornholm,6: energiø bornholm,
6,energiø bornholm,6: energiø bornholm,
6,energiø bornholm,6: energiø bornholm,
6,energiø bornholm,6: energiø bornholm,
6,energiø bornholm,6: energiø bornholm,
6,energiø bornholm,6: energiø bornholm,
6,energiø bornholm,6: energiø bornholm,
6,energiø bornholm,6: energiø bornholm,
6,energiø bornholm,6: energiø bornholm,
6,energiø bornholm,6: energiø bornholm,
6,energiø bornholm,6: energiø bornholm,
6,energiø bornholm,6: energiø bornholm,
6,energiø bornholm,6: energiø bornholm,
6,energiø bornholm,6: energiø bornholm,
6,energiø bornholm,6: energiø bornholm,
6,energiø bornholm,6: energiø bornholm,
6,energiø bornholm,6: energiø bornholm,
6,energiø bornholm,6: energiø bornholm,
6,energiø bornholm,6: energiø bornholm,
6,energiø bornholm,6: energiø bornholm,
6,energiø bornholm,6: energiø bornholm,
6,energiø bornholm,6: energiø bornholm,
6,energiø bornholm,6: energiø bornholm,
6,energiø bornholm,6: energiø bornholm,
6,energiø bornholm,6: energiø bornholm,
6,energiø bornholm,6: energiø bornholm,
6,energiø bornholm,6: energiø bornholm,
6,energiø bornholm,6: energiø bornholm,
6,energiø bornholm,6: energiø bornholm,
6,energiø bornholm,6: energiø bornholm,
6,energiø bornholm,6: energiø bornholm,
6,energiø bornholm,6: energiø bornholm,
6,energiø bornholm,6: energiø bornholm,
6,energiø bornholm,6: energiø bornholm,
6,energiø bornholm,6: energiø bornholm,
6,energiø bornholm,6: energiø bornholm,
6,energiø bornholm,6: energiø bornholm,
6,energiø bornholm,6: energiø bornholm,
6,energiø bornholm,6: energiø bornholm,
6,energiø bornholm,6: energiø bornholm,
6,energiø bornholm,6: energiø bornholm,
6,energiø bornholm,6: energiø bornholm,
6,energiø bornholm,6: energiø bornholm,
6,energiø bornholm,6: energiø bornholm,
6,energiø bornholm,6: energiø bornholm,
6,energiø bornholm,6: energiø bornholm,
6,energiø bornholm,6: energiø bornholm,
6,energiø bornholm,6: energiø bornholm,
6,energiø bornholm,6: energiø bornholm,
6,energiø bornholm,6: energiø bornholm,
6,energiø bornholm,6: energiø bornholm,
6,energiø bornholm,6: energiø bornholm,
6,energiø bornholm,6: energiø bornholm,
6,energiø bornholm,6: energiø bornholm,
6,energiø bornholm,6: energiø bornholm,
6,energiø bornholm,6: energiø bornholm,
6,energiø bornholm,6: energiø bornholm,
6,energiø bornholm,6: energiø bornholm,
6,energiø bornholm,6: energiø bornholm,
6,energiø bornholm,6: energiø bornholm,
6,energiø bornholm,6: energiø bornholm,
6,energiø bornholm,6: energiø bornholm,
6,energiø bornholm,6: energiø bornholm,
6,energiø bornholm,6: energiø bornholm,
6,energiø bornholm,6: energiø bornholm,
6,energiø bornholm,6: energiø bornholm,
6,energiø bornholm,6: energiø bornholm,
6,energiø bornholm,6: energiø bornholm,
6,energiø bornholm,6: energiø bornholm,
6,energiø bornholm,6: energiø bornholm,
6,energiø bornholm,6: energiø bornholm,
6,energiø bornholm,6: energiø bornholm,
6,energiø bornholm,6: energiø bornholm,
6,energiø bornholm,6: energiø bornholm,
6,energiø bornholm,6: energiø bornholm,
6,energiø bornholm,6: energiø bornholm,
6,energiø bornholm,6: energiø bornholm,
6,energiø bornholm,6: energiø bornholm,
6,energiø bornholm,6: energiø bornholm,
6,energiø bornholm,6: energiø bornholm,
6,energiø bornholm,6: energiø bornholm,
6,energiø bornholm,6: energiø bornholm,
6,energiø bornholm,6: energiø bornholm,
6,energiø bornholm,6: energiø bornholm,
6,energiø bornholm,6: energiø bornholm,
6,energiø bornholm,6: energiø bornholm,
6,energiø bornholm,6: energiø bornholm,
6,energiø bornholm,6: energiø bornholm,
6,energiø bornholm,6: energiø bornholm,
6,energiø bornholm,6: energiø bornholm,
6,energiø bornholm,6: energiø bornholm,
6,energiø bornholm,6: energiø bornholm,
6,energiø bornholm,6: energiø bornholm,
6,energiø bornholm,6: energiø bornholm,
6,energiø bornholm,6: energiø bornholm,
6,energiø bornholm,6: energiø bornholm,
6,energiø bornholm,6: energiø bornholm,
6,energiø bornholm,6: energiø bornholm,
6,energiø bornholm,6: energiø bornholm,
6,energiø bornholm,6: energiø bornholm,
6,energiø bornholm,6: energiø bornholm,
6,energiø bornholm,6: energiø bornholm,
6,energiø bornholm,6: energiø bornholm,
6,energiø bornholm,6: energiø bornholm,
6,energiø bornholm,6: energiø bornholm,
6,energiø bornholm,6: energiø bornholm,
6,energiø bornholm,6: energiø bornholm,
6,energiø bornholm,6: energiø bornholm,
4,baltic sea,4: baltic sea,
4,baltic sea,4: baltic sea,
4,baltic sea,4: baltic sea,
4,baltic sea,4: baltic sea,
4,baltic sea,4: baltic sea,
4,baltic sea,4: baltic sea,
4,baltic sea,4: baltic sea,
4,baltic sea,4: baltic sea,
4,baltic sea,4: baltic sea,
4,baltic sea,4: baltic sea,
4,baltic sea,4: baltic sea,
4,baltic sea,4: baltic sea,
4,baltic sea,4: baltic sea,
4,baltic sea,4: baltic sea,
4,baltic sea,4: baltic sea,
4,baltic sea,4: baltic sea,
4,baltic sea,4: baltic sea,
4,baltic sea,4: baltic sea,
4,baltic sea,4: baltic sea,
4,baltic sea,4: baltic sea,
4,baltic sea,4: baltic sea,
4,baltic sea,4: baltic sea,
4,baltic sea,4: baltic sea,
4,baltic sea,4: baltic sea,
4,baltic sea,4: baltic sea,
4,baltic sea,4: baltic sea,
4,baltic sea,4: baltic sea,
4,baltic sea,4: baltic sea,
4,baltic sea,4: baltic sea,
4,baltic sea,4: baltic sea,
4,baltic sea,4: baltic sea,
4,baltic sea,4: baltic sea,
4,baltic sea,4: baltic sea,
4,baltic sea,4: baltic sea,
4,baltic sea,4: baltic sea,
4,baltic sea,4: baltic sea,
4,baltic sea,4: baltic sea,
4,baltic sea,4: baltic sea,
4,baltic sea,4: baltic sea,
4,baltic sea,4: baltic sea,
4,baltic sea,4: baltic sea,
4,baltic sea,4: baltic sea,
4,baltic sea,4: baltic sea,
4,baltic sea,4: baltic sea,
4,baltic sea,4: baltic sea,
4,baltic sea,4: baltic sea,
4,baltic sea,4: baltic sea,
4,baltic sea,4: baltic sea,
4,baltic sea,4: baltic sea,
4,baltic sea,4: baltic sea,
4,baltic sea,4: baltic sea,
4,baltic sea,4: baltic sea,
4,baltic sea,4: baltic sea,
4,baltic sea,4: baltic sea,
4,baltic sea,4: baltic sea,
4,baltic sea,4: baltic sea,
4,baltic sea,4: baltic sea,
4,baltic sea,4: baltic sea,
4,baltic sea,4: baltic sea,
4,baltic sea,4: baltic sea,
4,baltic sea,4: baltic sea,
4,baltic sea,4: baltic sea,
4,baltic sea,4: baltic sea,
4,baltic sea,4: baltic sea,
4,baltic sea,4: baltic sea,
4,baltic sea,4: baltic sea,
4,baltic sea,4: baltic sea,
4,baltic sea,4: baltic sea,
4,baltic sea,4: baltic sea,
4,baltic sea,4: baltic sea,
4,baltic sea,4: baltic sea,
4,baltic sea,4: baltic sea,
4,baltic sea,4: baltic sea,
4,baltic sea,4: baltic sea,
4,baltic sea,4: baltic sea,
4,baltic sea,4: baltic sea,
4,baltic sea,4: baltic sea,
4,baltic sea,4: baltic sea,
4,baltic sea,4: baltic sea,
4,baltic sea,4: baltic sea,
4,baltic sea,4: baltic sea,
4,baltic sea,4: baltic sea,
4,baltic sea,4: baltic sea,
4,baltic sea,4: baltic sea,
4,baltic sea,4: baltic sea,
4,baltic sea,4: baltic sea,
4,baltic sea,4: baltic sea,
4,baltic sea,4: baltic sea,
4,baltic sea,4: baltic sea,
4,baltic sea,4: baltic sea,
4,baltic sea,4: baltic sea,
4,baltic sea,4: baltic sea,
4,baltic sea,4: baltic sea,
4,baltic sea,4: baltic sea,
4,baltic sea,4: baltic sea,
4,baltic sea,4: baltic sea,
4,baltic sea,4: baltic sea,
4,baltic sea,4: baltic sea,
4,baltic sea,4: baltic sea,
4,baltic sea,4: baltic sea,
4,baltic sea,4: baltic sea,
4,baltic sea,4: baltic sea,
4,baltic sea,4: baltic sea,
4,baltic sea,4: baltic sea,
4,baltic sea,4: baltic sea,
4,baltic sea,4: baltic sea,
4,baltic sea,4: baltic sea,
4,baltic sea,4: baltic sea,
4,baltic sea,4: baltic sea,
4,baltic sea,4: baltic sea,
4,baltic sea,4: baltic sea,
4,baltic sea,4: baltic sea,
4,baltic sea,4: baltic sea,
4,baltic sea,4: baltic sea,
4,baltic sea,4: baltic sea,
4,baltic sea,4: baltic sea,
4,baltic sea,4: baltic sea,
4,baltic sea,4: baltic sea,
4,baltic sea,4: baltic sea,
4,baltic sea,4: baltic sea,
4,baltic sea,4: baltic sea,
4,baltic sea,4: baltic sea,
4,baltic sea,4: baltic sea,
4,baltic sea,4: baltic sea,
4,baltic sea,4: baltic sea,
4,baltic sea,4: baltic sea,
4,baltic sea,4: baltic sea,
4,baltic sea,4: baltic sea,
4,baltic sea,4: baltic sea,
4,baltic sea,4: baltic sea,
4,baltic sea,4: baltic sea,
4,baltic sea,4: baltic sea,
4,baltic sea,4: baltic sea,
4,baltic sea,4: baltic sea,
4,baltic sea,4: baltic sea,
4,baltic sea,4: baltic sea,
4,baltic sea,4: baltic sea,
4,baltic sea,4: baltic sea,
4,baltic sea,4: baltic sea,
4,baltic sea,4: baltic sea,
4,baltic sea,4: baltic sea,
4,baltic sea,4: baltic sea,
4,baltic sea,4: baltic sea,
4,baltic sea,4: baltic sea,
4,baltic sea,4: baltic sea,
4,baltic sea,4: baltic sea,
4,baltic sea,4: baltic sea,
4,baltic sea,4: baltic sea,
4,baltic sea,4: baltic sea,
4,baltic sea,4: baltic sea,
4,baltic sea,4: baltic sea,
4,baltic sea,4: baltic sea,
4,baltic sea,4: baltic sea,
4,baltic sea,4: baltic sea,
4,baltic sea,4: baltic sea,
4,baltic sea,4: baltic sea,
4,baltic sea,4: baltic sea,
4,baltic sea,4: baltic sea,
4,baltic sea,4: baltic sea,
4,baltic sea,4: baltic sea,
4,baltic sea,4: baltic sea,
4,baltic sea,4: baltic sea,
4,baltic sea,4: baltic sea,
4,baltic sea,4: baltic sea,
4,baltic sea,4: baltic sea,
4,baltic sea,4: baltic sea,
4,baltic sea,4: baltic sea,
4,baltic sea,4: baltic sea,
4,baltic sea,4: baltic sea,
4,baltic sea,4: baltic sea,
4,baltic sea,4: baltic sea,
4,baltic sea,4: baltic sea,
4,baltic sea,4: baltic sea,
4,baltic sea,4: baltic sea,
4,baltic sea,4: baltic sea,
4,baltic sea,4: baltic sea,
4,baltic sea,4: baltic sea,
4,baltic sea,4: baltic sea,
4,baltic sea,4: baltic sea,
4,baltic sea,4: baltic sea,
4,baltic sea,4: baltic sea,
4,baltic sea,4: baltic sea,
4,baltic sea,4: baltic sea,
4,baltic sea,4: baltic sea,
4,baltic sea,4: baltic sea,
4,baltic sea,4: baltic sea,
4,baltic sea,4: baltic sea,
4,baltic sea,4: baltic sea,
4,baltic sea,4: baltic sea,
4,baltic sea,4: baltic sea,
4,baltic sea,4: baltic sea,
4,baltic sea,4: baltic sea,
4,baltic sea,4: baltic sea,
4,baltic sea,4: baltic sea,
4,baltic sea,4: baltic sea,
4,baltic sea,4: baltic sea,
4,baltic sea,4: baltic sea,
4,baltic sea,4: baltic sea,
4,baltic sea,4: baltic sea,
4,baltic sea,4: baltic sea,
4,baltic sea,4: baltic sea,
4,baltic sea,4: baltic sea,
4,baltic sea,4: baltic sea,
4,baltic sea,4: baltic sea,
4,baltic sea,4: baltic sea,
4,baltic sea,4: baltic sea,
4,baltic sea,4: baltic sea,
4,baltic sea,4: baltic sea,
4,baltic sea,4: baltic sea,
4,baltic sea,4: baltic sea,
4,baltic sea,4: baltic sea,
4,baltic sea,4: baltic sea,
4,baltic sea,4: baltic sea,
4,baltic sea,4: baltic sea,
4,baltic sea,4: baltic sea,
4,baltic sea,4: baltic sea,
4,baltic sea,4: baltic sea,
4,baltic sea,4: baltic sea,
4,baltic sea,4: baltic sea,
4,baltic sea,4: baltic sea,
4,baltic sea,4: baltic sea,
4,baltic sea,4: baltic sea,
4,baltic sea,4: baltic sea,
4,baltic sea,4: baltic sea,
4,baltic sea,4: baltic sea,
4,baltic sea,4: baltic sea,
4,baltic sea,4: baltic sea,
4,baltic sea,4: baltic sea,
4,baltic sea,4: baltic sea,
4,baltic sea,4: baltic sea,
4,baltic sea,4: baltic sea,
4,baltic sea,4: baltic sea,
4,baltic sea,4: baltic sea,
4,baltic sea,4: baltic sea,
4,baltic sea,4: baltic sea,
4,baltic sea,4: baltic sea,
4,baltic sea,4: baltic sea,
4,baltic sea,4: baltic sea,
4,baltic sea,4: baltic sea,
4,baltic sea,4: baltic sea,
4,baltic sea,4: baltic sea,
4,baltic sea,4: baltic sea,
4,baltic sea,4: baltic sea,
4,baltic sea,4: baltic sea,
4,baltic sea,4: baltic sea,
4,baltic sea,4: baltic sea,
4,baltic sea,4: baltic sea,
4,baltic sea,4: baltic sea,
4,baltic sea,4: baltic sea,
4,baltic sea,4: baltic sea,
4,baltic sea,4: baltic sea,
4,baltic sea,4: baltic sea,
4,baltic sea,4: baltic sea,
4,baltic sea,4: baltic sea,
4,baltic sea,4: baltic sea,
4,baltic sea,4: baltic sea,
4,baltic sea,4: baltic sea,
4,baltic sea,4: baltic sea,
4,baltic sea,4: baltic sea,
4,baltic sea,4: baltic sea,
4,baltic sea,4: baltic sea,
4,baltic sea,4: baltic sea,
4,baltic sea,4: baltic sea,
4,baltic sea,4: baltic sea,
4,baltic sea,4: baltic sea,
4,baltic sea,4: baltic sea,
4,baltic sea,4: baltic sea,
4,baltic sea,4: baltic sea,
4,baltic sea,4: baltic sea,
4,baltic sea,4: baltic sea,
4,baltic sea,4: baltic sea,
4,baltic sea,4: baltic sea,
4,baltic sea,4: baltic sea,
4,baltic sea,4: baltic sea,
4,baltic sea,4: baltic sea,
4,baltic sea,4: baltic sea,
4,baltic sea,4: baltic sea,
4,baltic sea,4: baltic sea,
4,baltic sea,4: baltic sea,
4,baltic sea,4: baltic sea,
4,baltic sea,4: baltic sea,
4,baltic sea,4: baltic sea,
4,baltic sea,4: baltic sea,
4,baltic sea,4: baltic sea,
4,baltic sea,4: baltic sea,
4,baltic sea,4: baltic sea,
4,baltic sea,4: baltic sea,
4,baltic sea,4: baltic sea,
4,baltic sea,4: baltic sea,
4,baltic sea,4: baltic sea,
4,baltic sea,4: baltic sea,
4,baltic sea,4: baltic sea,
4,baltic sea,4: baltic sea,
4,baltic sea,4: baltic sea,
4,baltic sea,4: baltic sea,
4,baltic sea,4: baltic sea,
4,baltic sea,4: baltic sea,
4,baltic sea,4: baltic sea,
4,baltic sea,4: baltic sea,
4,baltic sea,4: baltic sea,
4,baltic sea,4: baltic sea,
4,baltic sea,4: baltic sea,
4,baltic sea,4: baltic sea,
4,baltic sea,4: baltic sea,
4,baltic sea,4: baltic sea,
4,baltic sea,4: baltic sea,
4,baltic sea,4: baltic sea,
4,baltic sea,4: baltic sea,
4,baltic sea,4: baltic sea,
4,baltic sea,4: baltic sea,
4,baltic sea,4: baltic sea,
4,baltic sea,4: baltic sea,
4,baltic sea,4: baltic sea,
4,baltic sea,4: baltic sea,
4,baltic sea,4: baltic sea,
4,baltic sea,4: baltic sea,
4,baltic sea,4: baltic sea,
4,baltic sea,4: baltic sea,
4,baltic sea,4: baltic sea,
4,baltic sea,4: baltic sea,
4,baltic sea,4: baltic sea,
4,baltic sea,4: baltic sea,
4,baltic sea,4: baltic sea,
4,baltic sea,4: baltic sea,
4,baltic sea,4: baltic sea,
4,baltic sea,4: baltic sea,
4,baltic sea,4: baltic sea,
4,baltic sea,4: baltic sea,
4,baltic sea,4: baltic sea,
4,baltic sea,4: baltic sea,
4,baltic sea,4: baltic sea,
4,baltic sea,4: baltic sea,
4,baltic sea,4: baltic sea,
4,baltic sea,4: baltic sea,
4,baltic sea,4: baltic sea,
4,baltic sea,4: baltic sea,
4,baltic sea,4: baltic sea,
4,baltic sea,4: baltic sea,
4,baltic sea,4: baltic sea,
4,baltic sea,4: baltic sea,
4,baltic sea,4: baltic sea,
4,baltic sea,4: baltic sea,
4,baltic sea,4: baltic sea,
4,baltic sea,4: baltic sea,
4,baltic sea,4: baltic sea,
4,baltic sea,4: baltic sea,
4,baltic sea,4: baltic sea,
4,baltic sea,4: baltic sea,
4,baltic sea,4: baltic sea,
4,baltic sea,4: baltic sea,
4,baltic sea,4: baltic sea,
4,baltic sea,4: baltic sea,
4,baltic sea,4: baltic sea,
4,baltic sea,4: baltic sea,
4,baltic sea,4: baltic sea,
4,baltic sea,4: baltic sea,
4,baltic sea,4: baltic sea,
4,baltic sea,4: baltic sea,
4,baltic sea,4: baltic sea,
4,baltic sea,4: baltic sea,
4,baltic sea,4: baltic sea,
4,baltic sea,4: baltic sea,
4,baltic sea,4: baltic sea,
4,baltic sea,4: baltic sea,
4,baltic sea,4: baltic sea,
4,baltic sea,4: baltic sea,
4,baltic sea,4: baltic sea,
4,baltic sea,4: baltic sea,
4,baltic sea,4: baltic sea,
4,baltic sea,4: baltic sea,
4,baltic sea,4: baltic sea,
4,baltic sea,4: baltic sea,
4,baltic sea,4: baltic sea,
4,baltic sea,4: baltic sea,
4,baltic sea,4: baltic sea,
4,baltic sea,4: baltic sea,
4,baltic sea,4: baltic sea,
4,baltic sea,4: baltic sea,
4,baltic sea,4: baltic sea,
4,baltic sea,4: baltic sea,
4,baltic sea,4: baltic sea,
4,baltic sea,4: baltic sea,
4,baltic sea,4: baltic sea,
4,baltic sea,4: baltic sea,
4,baltic sea,4: baltic sea,
4,baltic sea,4: baltic sea,
4,baltic sea,4: baltic sea,
4,baltic sea,4: baltic sea,
4,baltic sea,4: baltic sea,
4,baltic sea,4: baltic sea,
4,baltic sea,4: baltic sea,
4,baltic sea,4: baltic sea,
4,baltic sea,4: baltic sea,
4,baltic sea,4: baltic sea,
4,baltic sea,4: baltic sea,
4,baltic sea,4: baltic sea,
4,baltic sea,4: baltic sea,
4,baltic sea,4: baltic sea,
4,baltic sea,4: baltic sea,
4,baltic sea,4: baltic sea,
4,baltic sea,4: baltic sea,
4,baltic sea,4: baltic sea,
4,baltic sea,4: baltic sea,
4,baltic sea,4: baltic sea,
4,baltic sea,4: baltic sea,
4,baltic sea,4: baltic sea,
4,baltic sea,4: baltic sea,
4,baltic sea,4: baltic sea,
4,baltic sea,4: baltic sea,
4,baltic sea,4: baltic sea,
4,baltic sea,4: baltic sea,
4,baltic sea,4: baltic sea,
4,baltic sea,4: baltic sea,
4,baltic sea,4: baltic sea,
4,baltic sea,4: baltic sea,
4,baltic sea,4: baltic sea,
4,baltic sea,4: baltic sea,
4,baltic sea,4: baltic sea,
4,baltic sea,4: baltic sea,
4,baltic sea,4: baltic sea,
4,baltic sea,4: baltic sea,
4,baltic sea,4: baltic sea,
4,baltic sea,4: baltic sea,
4,baltic sea,4: baltic sea,
4,baltic sea,4: baltic sea,
4,baltic sea,4: baltic sea,
4,baltic sea,4: baltic sea,
4,baltic sea,4: baltic sea,
4,baltic sea,4: baltic sea,
4,baltic sea,4: baltic sea,
4,baltic sea,4: baltic sea,
4,baltic sea,4: baltic sea,
4,baltic sea,4: baltic sea,
4,baltic sea,4: baltic sea,
4,baltic sea,4: baltic sea,
4,baltic sea,4: baltic sea,
4,baltic sea,4: baltic sea,
4,baltic sea,4: baltic sea,
4,baltic sea,4: baltic sea,
4,baltic sea,4: baltic sea,
4,baltic sea,4: baltic sea,
4,baltic sea,4: baltic sea,
4,baltic sea,4: baltic sea,
4,baltic sea,4: baltic sea,
4,baltic sea,4: baltic sea,
4,baltic sea,4: baltic sea,
4,baltic sea,4: baltic sea,
4,baltic sea,4: baltic sea,
4,baltic sea,4: baltic sea,
4,baltic sea,4: baltic sea,
4,baltic sea,4: baltic sea,
4,baltic sea,4: baltic sea,
4,baltic sea,4: baltic sea,
4,baltic sea,4: baltic sea,
4,baltic sea,4: baltic sea,
4,baltic sea,4: baltic sea,
4,baltic sea,4: baltic sea,
4,baltic sea,4: baltic sea,
4,baltic sea,4: baltic sea,
4,baltic sea,4: baltic sea,
4,baltic sea,4: baltic sea,
4,baltic sea,4: baltic sea,
4,baltic sea,4: baltic sea,
4,baltic sea,4: baltic sea,
4,baltic sea,4: baltic sea,
4,baltic sea,4: baltic sea,
4,baltic sea,4: baltic sea,
4,baltic sea,4: baltic sea,
4,baltic sea,4: baltic sea,
4,baltic sea,4: baltic sea,
4,baltic sea,4: baltic sea,
4,baltic sea,4: baltic sea,
4,baltic sea,4: baltic sea,
4,baltic sea,4: baltic sea,
4,baltic sea,4: baltic sea,
4,baltic sea,4: baltic sea,
4,baltic sea,4: baltic sea,
4,baltic sea,4: baltic sea,
4,baltic sea,4: baltic sea,
4,baltic sea,4: baltic sea,
4,baltic sea,4: baltic sea,
4,baltic sea,4: baltic sea,
4,baltic sea,4: baltic sea,
4,baltic sea,4: baltic sea,
4,baltic sea,4: baltic sea,
4,baltic sea,4: baltic sea,
4,baltic sea,4: baltic sea,
4,baltic sea,4: baltic sea,
4,baltic sea,4: baltic sea,
4,baltic sea,4: baltic sea,
4,baltic sea,4: baltic sea,
4,baltic sea,4: baltic sea,
4,baltic sea,4: baltic sea,
4,baltic sea,4: baltic sea,
4,baltic sea,4: baltic sea,
4,baltic sea,4: baltic sea,
4,baltic sea,4: baltic sea,
4,baltic sea,4: baltic sea,
4,baltic sea,4: baltic sea,
4,baltic sea,4: baltic sea,
4,baltic sea,4: baltic sea,
4,baltic sea,4: baltic sea,
4,baltic sea,4: baltic sea,
4,baltic sea,4: baltic sea,
4,baltic sea,4: baltic sea,
4,baltic sea,4: baltic sea,
4,baltic sea,4: baltic sea,
4,baltic sea,4: baltic sea,
4,baltic sea,4: baltic sea,
4,baltic sea,4: baltic sea,
4,baltic sea,4: baltic sea,
4,baltic sea,4: baltic sea,
4,baltic sea,4: baltic sea,
4,baltic sea,4: baltic sea,
4,baltic sea,4: baltic sea,
4,baltic sea,4: baltic sea,
4,baltic sea,4: baltic sea,
4,baltic sea,4: baltic sea,
4,baltic sea,4: baltic sea,
4,baltic sea,4: baltic sea,
4,baltic sea,4: baltic sea,
4,baltic sea,4: baltic sea,
4,baltic sea,4: baltic sea,
4,baltic sea,4: baltic sea,
4,baltic sea,4: baltic sea,
4,baltic sea,4: baltic sea,
4,baltic sea,4: baltic sea,
4,baltic sea,4: baltic sea,
4,baltic sea,4: baltic sea,
4,baltic sea,4: baltic sea,
4,baltic sea,4: baltic sea,
4,baltic sea,4: baltic sea,
4,baltic sea,4: baltic sea,
4,baltic sea,4: baltic sea,
4,baltic sea,4: baltic sea,
4,baltic sea,4: baltic sea,
4,baltic sea,4: baltic sea,
4,baltic sea,4: baltic sea,
4,baltic sea,4: baltic sea,
4,baltic sea,4: baltic sea,
4,baltic sea,4: baltic sea,
4,baltic sea,4: baltic sea,
4,baltic sea,4: baltic sea,
4,baltic sea,4: baltic sea,
4,baltic sea,4: baltic sea,
4,baltic sea,4: baltic sea,
4,baltic sea,4: baltic sea,
4,baltic sea,4: baltic sea,
4,baltic sea,4: baltic sea,
4,baltic sea,4: baltic sea,
4,baltic sea,4: baltic sea,
4,baltic sea,4: baltic sea,
0,energi island,0: energi island,
0,energi island,0: energi island,
0,energi island,0: energi island,
0,energi island,0: energi island,
0,energi island,0: energi island,
0,energi island,0: energi island,
0,energi island,0: energi island,
0,energi island,0: energi island,
0,energi island,0: energi island,
0,energi island,0: energi island,
0,energi island,0: energi island,
0,energi island,0: energi island,
0,energi island,0: energi island,
0,energi island,0: energi island,
0,energi island,0: energi island,
0,energi island,0: energi island,
0,energi island,0: energi island,
0,energi island,0: energi island,
0,energi island,0: energi island,
0,energi island,0: energi island,
0,energi island,0: energi island,
0,energi island,0: energi island,
0,energi island,0: energi island,
0,energi island,0: energi island,
0,energi island,0: energi island,
0,energi island,0: energi island,
0,energi island,0: energi island,
0,energi island,0: energi island,
0,energi island,0: energi island,
0,energi island,0: energi island,
0,energi island,0: energi island,
0,energi island,0: energi island,
0,energi island,0: energi island,
0,energi island,0: energi island,
0,energi island,0: energi island,
0,energi island,0: energi island,
0,energi island,0: energi island,
0,energi island,0: energi island,
0,energi island,0: energi island,
0,energi island,0: energi island,
0,energi island,0: energi island,
0,energi island,0: energi island,
0,energi island,0: energi island,
0,energi island,0: energi island,
0,energi island,0: energi island,
0,energi island,0: energi island,
0,energi island,0: energi island,
0,energi island,0: energi island,
0,energi island,0: energi island,
0,energi island,0: energi island,
0,energi island,0: energi island,
0,energi island,0: energi island,
0,energi island,0: energi island,
0,energi island,0: energi island,
0,energi island,0: energi island,
0,energi island,0: energi island,
0,energi island,0: energi island,
0,energi island,0: energi island,
0,energi island,0: energi island,
0,energi island,0: energi island,
0,energi island,0: energi island,
0,energi island,0: energi island,
0,energi island,0: energi island,
0,energi island,0: energi island,
0,energi island,0: energi island,
0,energi island,0: energi island,
0,energi island,0: energi island,
0,energi island,0: energi island,
0,energi island,0: energi island,
0,energi island,0: energi island,
0,energi island,0: energi island,
0,energi island,0: energi island,
0,energi island,0: energi island,
0,energi island,0: energi island,
0,energi island,0: energi island,
0,energi island,0: energi island,
0,energi island,0: energi island,
0,energi island,0: energi island,
0,energi island,0: energi island,
0,energi island,0: energi island,
0,energi island,0: energi island,
0,energi island,0: energi island,
0,energi island,0: energi island,
0,energi island,0: energi island,
0,energi island,0: energi island,
0,energi island,0: energi island,
0,energi island,0: energi island,
0,energi island,0: energi island,
0,energi island,0: energi island,
0,energi island,0: energi island,
0,energi island,0: energi island,
0,energi island,0: energi island,
0,energi island,0: energi island,
0,energi island,0: energi island,
0,energi island,0: energi island,
0,energi island,0: energi island,
0,energi island,0: energi island,
0,energi island,0: energi island,
0,energi island,0: energi island,
0,energi island,0: energi island,
0,energi island,0: energi island,
0,energi island,0: energi island,
0,energi island,0: energi island,
0,energi island,0: energi island,
0,energi island,0: energi island,
0,energi island,0: energi island,
0,energi island,0: energi island,
0,energi island,0: energi island,
0,energi island,0: energi island,
0,energi island,0: energi island,
0,energi island,0: energi island,
0,energi island,0: energi island,
0,energi island,0: energi island,
0,energi island,0: energi island,
0,energi island,0: energi island,
0,energi island,0: energi island,
0,energi island,0: energi island,
0,energi island,0: energi island,
0,energi island,0: energi island,
0,energi island,0: energi island,
0,energi island,0: energi island,
0,energi island,0: energi island,
0,energi island,0: energi island,
0,energi island,0: energi island,
0,energi island,0: energi island,
0,energi island,0: energi island,
0,energi island,0: energi island,
0,energi island,0: energi island,
0,energi island,0: energi island,
0,energi island,0: energi island,
0,energi island,0: energi island,
0,energi island,0: energi island,
0,energi island,0: energi island,
0,energi island,0: energi island,
0,energi island,0: energi island,
0,energi island,0: energi island,
0,energi island,0: energi island,
0,energi island,0: energi island,
0,energi island,0: energi island,
0,energi island,0: energi island,
0,energi island,0: energi island,
0,energi island,0: energi island,
0,energi island,0: energi island,
0,energi island,0: energi island,
0,energi island,0: energi island,
0,energi island,0: energi island,
0,energi island,0: energi island,
0,energi island,0: energi island,
0,energi island,0: energi island,
0,energi island,0: energi island,
0,energi island,0: energi island,
0,energi island,0: energi island,
0,energi island,0: energi island,
0,energi island,0: energi island,
0,energi island,0: energi island,
0,energi island,0: energi island,
0,energi island,0: energi island,
2,municip council,2: municip council,
2,municip council,2: municip council,
2,municip council,2: municip council,
2,municip council,2: municip council,
2,municip council,2: municip council,
2,municip council,2: municip council,
2,municip council,2: municip council,
2,municip council,2: municip council,
2,municip council,2: municip council,
2,municip council,2: municip council,
2,municip council,2: municip council,
2,municip council,2: municip council,
2,municip council,2: municip council,
2,municip council,2: municip council,
2,municip council,2: municip council,
2,municip council,2: municip council,
2,municip council,2: municip council,
2,municip council,2: municip council,
2,municip council,2: municip council,
2,municip council,2: municip council,
2,municip council,2: municip council,
2,municip council,2: municip council,
2,municip council,2: municip council,
2,municip council,2: municip council,
2,municip council,2: municip council,
2,municip council,2: municip council,
2,municip council,2: municip council,
2,municip council,2: municip council,
2,municip council,2: municip council,
2,municip council,2: municip council,
2,municip council,2: municip council,
2,municip council,2: municip council,
2,municip council,2: municip council,
2,municip council,2: municip council,
2,municip council,2: municip council,
2,municip council,2: municip council,
2,municip council,2: municip council,
2,municip council,2: municip council,
2,municip council,2: municip council,
2,municip council,2: municip council,
2,municip council,2: municip council,
2,municip council,2: municip council,
2,municip council,2: municip council,
2,municip council,2: municip council,
2,municip council,2: municip council,
2,municip council,2: municip council,
2,municip council,2: municip council,
2,municip council,2: municip council,
2,municip council,2: municip council,
2,municip council,2: municip council,
2,municip council,2: municip council,
2,municip council,2: municip council,
2,municip council,2: municip council,
2,municip council,2: municip council,
2,municip council,2: municip council,
2,municip council,2: municip council,
2,municip council,2: municip council,
2,municip council,2: municip council,
2,municip council,2: municip council,
2,municip council,2: municip council,
2,municip council,2: municip council,
2,municip council,2: municip council,
2,municip council,2: municip council,
2,municip council,2: municip council,
2,municip council,2: municip council,
2,municip council,2: municip council,
2,municip council,2: municip council,
2,municip council,2: municip council,
2,municip council,2: municip council,
2,municip council,2: municip council,
2,municip council,2: municip council,
2,municip council,2: municip council,
2,municip council,2: municip council,
2,municip council,2: municip council,
2,municip council,2: municip council,
2,municip council,2: municip council,
2,municip council,2: municip council,
2,municip council,2: municip council,
2,municip council,2: municip council,
2,municip council,2: municip council,
2,municip council,2: municip council,
2,municip council,2: municip council,
2,municip council,2: municip council,
2,municip council,2: municip council,
2,municip council,2: municip council,
2,municip council,2: municip council,
2,municip council,2: municip council,
2,municip council,2: municip council,
2,municip council,2: municip council,
2,municip council,2: municip council,
2,municip council,2: municip council,
2,municip council,2: municip council,
2,municip council,2: municip council,
2,municip council,2: municip council,
2,municip council,2: municip council,
2,municip council,2: municip council,
2,municip council,2: municip council,
2,municip council,2: municip council,
2,municip council,2: municip council,
2,municip council,2: municip council,
2,municip council,2: municip council,
2,municip council,2: municip council,
2,municip council,2: municip council,
2,municip council,2: municip council,
2,municip council,2: municip council,
2,municip council,2: municip council,
2,municip council,2: municip council,
2,municip council,2: municip council,
2,municip council,2: municip council,
2,municip council,2: municip council,
2,municip council,2: municip council,
2,municip council,2: municip council,
2,municip council,2: municip council,
2,municip council,2: municip council,
2,municip council,2: municip council,
2,municip council,2: municip council,
2,municip council,2: municip council,
2,municip council,2: municip council,
2,municip council,2: municip council,
2,municip council,2: municip council,
2,municip council,2: municip council,
2,municip council,2: municip council,
2,municip council,2: municip council,
2,municip council,2: municip council,
2,municip council,2: municip council,
2,municip council,2: municip council,
2,municip council,2: municip council,
2,municip council,2: municip council,
2,municip council,2: municip council,
2,municip council,2: municip council,
2,municip council,2: municip council,
2,municip council,2: municip council,
2,municip council,2: municip council,
2,municip council,2: municip council,
2,municip council,2: municip council,
2,municip council,2: municip council,
2,municip council,2: municip council,
2,municip council,2: municip council,
2,municip council,2: municip council,
2,municip council,2: municip council,
2,municip council,2: municip council,
2,municip council,2: municip council,
2,municip council,2: municip council,
2,municip council,2: municip council,
2,municip council,2: municip council,
2,municip council,2: municip council,
2,municip council,2: municip council,
2,municip council,2: municip council,
2,municip council,2: municip council,
2,municip council,2: municip council,
2,municip council,2: municip council,
2,municip council,2: municip council,
2,municip council,2: municip council,
2,municip council,2: municip council,
2,municip council,2: municip council,
2,municip council,2: municip council,
8,wind turbin,8: wind turbin,
8,wind turbin,8: wind turbin,
8,wind turbin,8: wind turbin,
8,wind turbin,8: wind turbin,
8,wind turbin,8: wind turbin,
8,wind turbin,8: wind turbin,
8,wind turbin,8: wind turbin,
8,wind turbin,8: wind turbin,
8,wind turbin,8: wind turbin,
8,wind turbin,8: wind turbin,
8,wind turbin,8: wind turbin,
8,wind turbin,8: wind turbin,
8,wind turbin,8: wind turbin,
8,wind turbin,8: wind turbin,
8,wind turbin,8: wind turbin,
8,wind turbin,8: wind turbin,
8,wind turbin,8: wind turbin,
8,wind turbin,8: wind turbin,
8,wind turbin,8: wind turbin,
8,wind turbin,8: wind turbin,
8,wind turbin,8: wind turbin,
8,wind turbin,8: wind turbin,
8,wind turbin,8: wind turbin,
8,wind turbin,8: wind turbin,
8,wind turbin,8: wind turbin,
8,wind turbin,8: wind turbin,
8,wind turbin,8: wind turbin,
8,wind turbin,8: wind turbin,
8,wind turbin,8: wind turbin,
8,wind turbin,8: wind turbin,
8,wind turbin,8: wind turbin,
8,wind turbin,8: wind turbin,
8,wind turbin,8: wind turbin,
8,wind turbin,8: wind turbin,
8,wind turbin,8: wind turbin,
8,wind turbin,8: wind turbin,
8,wind turbin,8: wind turbin,
8,wind turbin,8: wind turbin,
8,wind turbin,8: wind turbin,
8,wind turbin,8: wind turbin,
8,wind turbin,8: wind turbin,
8,wind turbin,8: wind turbin,
8,wind turbin,8: wind turbin,
8,wind turbin,8: wind turbin,
8,wind turbin,8: wind turbin,
8,wind turbin,8: wind turbin,
8,wind turbin,8: wind turbin,
8,wind turbin,8: wind turbin,
8,wind turbin,8: wind turbin,
8,wind turbin,8: wind turbin,
8,wind turbin,8: wind turbin,
8,wind turbin,8: wind turbin,
8,wind turbin,8: wind turbin,
8,wind turbin,8: wind turbin,
8,wind turbin,8: wind turbin,
8,wind turbin,8: wind turbin,
8,wind turbin,8: wind turbin,
8,wind turbin,8: wind turbin,
8,wind turbin,8: wind turbin,
8,wind turbin,8: wind turbin,
8,wind turbin,8: wind turbin,
8,wind turbin,8: wind turbin,
8,wind turbin,8: wind turbin,
8,wind turbin,8: wind turbin,
8,wind turbin,8: wind turbin,
8,wind turbin,8: wind turbin,
8,wind turbin,8: wind turbin,
8,wind turbin,8: wind turbin,
8,wind turbin,8: wind turbin,
8,wind turbin,8: wind turbin,
8,wind turbin,8: wind turbin,
8,wind turbin,8: wind turbin,
8,wind turbin,8: wind turbin,
8,wind turbin,8: wind turbin,
8,wind turbin,8: wind turbin,
8,wind turbin,8: wind turbin,
8,wind turbin,8: wind turbin,
8,wind turbin,8: wind turbin,
8,wind turbin,8: wind turbin,
8,wind turbin,8: wind turbin,
8,wind turbin,8: wind turbin,
8,wind turbin,8: wind turbin,
8,wind turbin,8: wind turbin,
8,wind turbin,8: wind turbin,
8,wind turbin,8: wind turbin,
8,wind turbin,8: wind turbin,
8,wind turbin,8: wind turbin,
8,wind turbin,8: wind turbin,
8,wind turbin,8: wind turbin,
8,wind turbin,8: wind turbin,
8,wind turbin,8: wind turbin,
8,wind turbin,8: wind turbin,
8,wind turbin,8: wind turbin,
8,wind turbin,8: wind turbin,
8,wind turbin,8: wind turbin,
8,wind turbin,8: wind turbin,
8,wind turbin,8: wind turbin,
8,wind turbin,8: wind turbin,
8,wind turbin,8: wind turbin,
8,wind turbin,8: wind turbin,
8,wind turbin,8: wind turbin,
8,wind turbin,8: wind turbin,
8,wind turbin,8: wind turbin,
8,wind turbin,8: wind turbin,
8,wind turbin,8: wind turbin,
8,wind turbin,8: wind turbin,
8,wind turbin,8: wind turbin,
8,wind turbin,8: wind turbin,
8,wind turbin,8: wind turbin,
8,wind turbin,8: wind turbin,
8,wind turbin,8: wind turbin,
8,wind turbin,8: wind turbin,
8,wind turbin,8: wind turbin,
8,wind turbin,8: wind turbin,
8,wind turbin,8: wind turbin,
8,wind turbin,8: wind turbin,
8,wind turbin,8: wind turbin,
8,wind turbin,8: wind turbin,
8,wind turbin,8: wind turbin,
8,wind turbin,8: wind turbin,
8,wind turbin,8: wind turbin,
8,wind turbin,8: wind turbin,
8,wind turbin,8: wind turbin,
8,wind turbin,8: wind turbin,
8,wind turbin,8: wind turbin,
8,wind turbin,8: wind turbin,
8,wind turbin,8: wind turbin,
8,wind turbin,8: wind turbin,
8,wind turbin,8: wind turbin,
8,wind turbin,8: wind turbin,
3,offshor wind,3: offshor wind,
3,offshor wind,3: offshor wind,
3,offshor wind,3: offshor wind,
3,offshor wind,3: offshor wind,
3,offshor wind,3: offshor wind,
3,offshor wind,3: offshor wind,
3,offshor wind,3: offshor wind,
3,offshor wind,3: offshor wind,
3,offshor wind,3: offshor wind,
3,offshor wind,3: offshor wind,
3,offshor wind,3: offshor wind,
3,offshor wind,3: offshor wind,
3,offshor wind,3: offshor wind,
3,offshor wind,3: offshor wind,
3,offshor wind,3: offshor wind,
3,offshor wind,3: offshor wind,
3,offshor wind,3: offshor wind,
3,offshor wind,3: offshor wind,
3,offshor wind,3: offshor wind,
3,offshor wind,3: offshor wind,
3,offshor wind,3: offshor wind,
3,offshor wind,3: offshor wind,
3,offshor wind,3: offshor wind,
3,offshor wind,3: offshor wind,
3,offshor wind,3: offshor wind,
3,offshor wind,3: offshor wind,
3,offshor wind,3: offshor wind,
3,offshor wind,3: offshor wind,
3,offshor wind,3: offshor wind,
3,offshor wind,3: offshor wind,
3,offshor wind,3: offshor wind,
3,offshor wind,3: offshor wind,
3,offshor wind,3: offshor wind,
3,offshor wind,3: offshor wind,
3,offshor wind,3: offshor wind,
3,offshor wind,3: offshor wind,
3,offshor wind,3: offshor wind,
3,offshor wind,3: offshor wind,
3,offshor wind,3: offshor wind,
3,offshor wind,3: offshor wind,
3,offshor wind,3: offshor wind,
3,offshor wind,3: offshor wind,
3,offshor wind,3: offshor wind,
3,offshor wind,3: offshor wind,
3,offshor wind,3: offshor wind,
3,offshor wind,3: offshor wind,
3,offshor wind,3: offshor wind,
3,offshor wind,3: offshor wind,
3,offshor wind,3: offshor wind,
3,offshor wind,3: offshor wind,
3,offshor wind,3: offshor wind,
3,offshor wind,3: offshor wind,
3,offshor wind,3: offshor wind,
3,offshor wind,3: offshor wind,
3,offshor wind,3: offshor wind,
3,offshor wind,3: offshor wind,
3,offshor wind,3: offshor wind,
3,offshor wind,3: offshor wind,
3,offshor wind,3: offshor wind,
3,offshor wind,3: offshor wind,
3,offshor wind,3: offshor wind,
3,offshor wind,3: offshor wind,
3,offshor wind,3: offshor wind,
3,offshor wind,3: offshor wind,
3,offshor wind,3: offshor wind,
3,offshor wind,3: offshor wind,
3,offshor wind,3: offshor wind,
3,offshor wind,3: offshor wind,
3,offshor wind,3: offshor wind,
3,offshor wind,3: offshor wind,
3,offshor wind,3: offshor wind,
3,offshor wind,3: offshor wind,
3,offshor wind,3: offshor wind,
3,offshor wind,3: offshor wind,
3,offshor wind,3: offshor wind,
3,offshor wind,3: offshor wind,
3,offshor wind,3: offshor wind,
3,offshor wind,3: offshor wind,
3,offshor wind,3: offshor wind,
3,offshor wind,3: offshor wind,
3,offshor wind,3: offshor wind,
3,offshor wind,3: offshor wind,
3,offshor wind,3: offshor wind,
3,offshor wind,3: offshor wind,
3,offshor wind,3: offshor wind,
3,offshor wind,3: offshor wind,
3,offshor wind,3: offshor wind,
3,offshor wind,3: offshor wind,
3,offshor wind,3: offshor wind,
3,offshor wind,3: offshor wind,
3,offshor wind,3: offshor wind,
3,offshor wind,3: offshor wind,
3,offshor wind,3: offshor wind,
3,offshor wind,3: offshor wind,
3,offshor wind,3: offshor wind,
3,offshor wind,3: offshor wind,
3,offshor wind,3: offshor wind,
3,offshor wind,3: offshor wind,
3,offshor wind,3: offshor wind,
3,offshor wind,3: offshor wind,
3,offshor wind,3: offshor wind,
3,offshor wind,3: offshor wind,
3,offshor wind,3: offshor wind,
3,offshor wind,3: offshor wind,
3,offshor wind,3: offshor wind,
3,offshor wind,3: offshor wind,
3,offshor wind,3: offshor wind,
3,offshor wind,3: offshor wind,
3,offshor wind,3: offshor wind,
3,offshor wind,3: offshor wind,
3,offshor wind,3: offshor wind,
3,offshor wind,3: offshor wind,
3,offshor wind,3: offshor wind,
6,energiø bornholm,6: energiø bornholm,
6,energiø bornholm,6: energiø bornholm,
6,energiø bornholm,6: energiø bornholm,
6,energiø bornholm,6: energiø bornholm,
6,energiø bornholm,6: energiø bornholm,
6,energiø bornholm,6: energiø bornholm,
6,energiø bornholm,6: energiø bornholm,
6,energiø bornholm,6: energiø bornholm,
6,energiø bornholm,6: energiø bornholm,
6,energiø bornholm,6: energiø bornholm,
6,energiø bornholm,6: energiø bornholm,
6,energiø bornholm,6: energiø bornholm,
6,energiø bornholm,6: energiø bornholm,
6,energiø bornholm,6: energiø bornholm,
6,energiø bornholm,6: energiø bornholm,
6,energiø bornholm,6: energiø bornholm,
6,energiø bornholm,6: energiø bornholm,
6,energiø bornholm,6: energiø bornholm,
6,energiø bornholm,6: energiø bornholm,
6,energiø bornholm,6: energiø bornholm,
6,energiø bornholm,6: energiø bornholm,
6,energiø bornholm,6: energiø bornholm,
6,energiø bornholm,6: energiø bornholm,
6,energiø bornholm,6: energiø bornholm,
6,energiø bornholm,6: energiø bornholm,
6,energiø bornholm,6: energiø bornholm,
6,energiø bornholm,6: energiø bornholm,
6,energiø bornholm,6: energiø bornholm,
6,energiø bornholm,6: energiø bornholm,
6,energiø bornholm,6: energiø bornholm,
6,energiø bornholm,6: energiø bornholm,
6,energiø bornholm,6: energiø bornholm,
6,energiø bornholm,6: energiø bornholm,
6,energiø bornholm,6: energiø bornholm,
6,energiø bornholm,6: energiø bornholm,
6,energiø bornholm,6: energiø bornholm,
6,energiø bornholm,6: energiø bornholm,
6,energiø bornholm,6: energiø bornholm,
6,energiø bornholm,6: energiø bornholm,
6,energiø bornholm,6: energiø bornholm,
6,energiø bornholm,6: energiø bornholm,
6,energiø bornholm,6: energiø bornholm,
6,energiø bornholm,6: energiø bornholm,
6,energiø bornholm,6: energiø bornholm,
6,energiø bornholm,6: energiø bornholm,
6,energiø bornholm,6: energiø bornholm,
6,energiø bornholm,6: energiø bornholm,
6,energiø bornholm,6: energiø bornholm,
6,energiø bornholm,6: energiø bornholm,
6,energiø bornholm,6: energiø bornholm,
6,energiø bornholm,6: energiø bornholm,
6,energiø bornholm,6: energiø bornholm,
6,energiø bornholm,6: energiø bornholm,
6,energiø bornholm,6: energiø bornholm,
6,energiø bornholm,6: energiø bornholm,
6,energiø bornholm,6: energiø bornholm,
6,energiø bornholm,6: energiø bornholm,
6,energiø bornholm,6: energiø bornholm,
6,energiø bornholm,6: energiø bornholm,
6,energiø bornholm,6: energiø bornholm,
6,energiø bornholm,6: energiø bornholm,
6,energiø bornholm,6: energiø bornholm,
6,energiø bornholm,6: energiø bornholm,
6,energiø bornholm,6: energiø bornholm,
6,energiø bornholm,6: energiø bornholm,
6,energiø bornholm,6: energiø bornholm,
6,energiø bornholm,6: energiø bornholm,
6,energiø bornholm,6: energiø bornholm,
6,energiø bornholm,6: energiø bornholm,
6,energiø bornholm,6: energiø bornholm,
6,energiø bornholm,6: energiø bornholm,
6,energiø bornholm,6: energiø bornholm,
6,energiø bornholm,6: energiø bornholm,
6,energiø bornholm,6: energiø bornholm,
6,energiø bornholm,6: energiø bornholm,
6,energiø bornholm,6: energiø bornholm,
6,energiø bornholm,6: energiø bornholm,
6,energiø bornholm,6: energiø bornholm,
6,energiø bornholm,6: energiø bornholm,
6,energiø bornholm,6: energiø bornholm,
6,energiø bornholm,6: energiø bornholm,
6,energiø bornholm,6: energiø bornholm,
6,energiø bornholm,6: energiø bornholm,
6,energiø bornholm,6: energiø bornholm,
6,energiø bornholm,6: energiø bornholm,
6,energiø bornholm,6: energiø bornholm,
6,energiø bornholm,6: energiø bornholm,
6,energiø bornholm,6: energiø bornholm,
6,energiø bornholm,6: energiø bornholm,
6,energiø bornholm,6: energiø bornholm,
6,energiø bornholm,6: energiø bornholm,
6,energiø bornholm,6: energiø bornholm,
6,energiø bornholm,6: energiø bornholm,
6,energiø bornholm,6: energiø bornholm,
6,energiø bornholm,6: energiø bornholm,
6,energiø bornholm,6: energiø bornholm,
6,energiø bornholm,6: energiø bornholm,
6,energiø bornholm,6: energiø bornholm,
6,energiø bornholm,6: energiø bornholm,
6,energiø bornholm,6: energiø bornholm,
6,energiø bornholm,6: energiø bornholm,
6,energiø bornholm,6: energiø bornholm,
6,energiø bornholm,6: energiø bornholm,
6,energiø bornholm,6: energiø bornholm,
6,energiø bornholm,6: energiø bornholm,
6,energiø bornholm,6: energiø bornholm,
6,energiø bornholm,6: energiø bornholm,
6,energiø bornholm,6: energiø bornholm,
6,energiø bornholm,6: energiø bornholm,
6,energiø bornholm,6: energiø bornholm,
6,energiø bornholm,6: energiø bornholm,
6,energiø bornholm,6: energiø bornholm,
6,energiø bornholm,6: energiø bornholm,
6,energiø bornholm,6: energiø bornholm,
6,energiø bornholm,6: energiø bornholm,
6,energiø bornholm,6: energiø bornholm,
6,energiø bornholm,6: energiø bornholm,
6,energiø bornholm,6: energiø bornholm,
6,energiø bornholm,6: energiø bornholm,
6,energiø bornholm,6: energiø bornholm,
6,energiø bornholm,6: energiø bornholm,
6,energiø bornholm,6: energiø bornholm,
6,energiø bornholm,6: energiø bornholm,
6,energiø bornholm,6: energiø bornholm,
6,energiø bornholm,6: energiø bornholm,
6,energiø bornholm,6: energiø bornholm,
6,energiø bornholm,6: energiø bornholm,
6,energiø bornholm,6: energiø bornholm,
6,energiø bornholm,6: energiø bornholm,
6,energiø bornholm,6: energiø bornholm,
6,energiø bornholm,6: energiø bornholm,
6,energiø bornholm,6: energiø bornholm,
6,energiø bornholm,6: energiø bornholm,
6,energiø bornholm,6: energiø bornholm,
6,energiø bornholm,6: energiø bornholm,
6,energiø bornholm,6: energiø bornholm,
6,energiø bornholm,6: energiø bornholm,
6,energiø bornholm,6: energiø bornholm,
6,energiø bornholm,6: energiø bornholm,
6,energiø bornholm,6: energiø bornholm,
6,energiø bornholm,6: energiø bornholm,
6,energiø bornholm,6: energiø bornholm,
6,energiø bornholm,6: energiø bornholm,
6,energiø bornholm,6: energiø bornholm,
6,energiø bornholm,6: energiø bornholm,
6,energiø bornholm,6: energiø bornholm,
6,energiø bornholm,6: energiø bornholm,
6,energiø bornholm,6: energiø bornholm,
6,energiø bornholm,6: energiø bornholm,
6,energiø bornholm,6: energiø bornholm,
6,energiø bornholm,6: energiø bornholm,
6,energiø bornholm,6: energiø bornholm,
6,energiø bornholm,6: energiø bornholm,
6,energiø bornholm,6: energiø bornholm,
6,energiø bornholm,6: energiø bornholm,
6,energiø bornholm,6: energiø bornholm,
6,energiø bornholm,6: energiø bornholm,
6,energiø bornholm,6: energiø bornholm,
6,energiø bornholm,6: energiø bornholm,
6,energiø bornholm,6: energiø bornholm,
6,energiø bornholm,6: energiø bornholm,
6,energiø bornholm,6: energiø bornholm,
6,energiø bornholm,6: energiø bornholm,
6,energiø bornholm,6: energiø bornholm,
6,energiø bornholm,6: energiø bornholm,
6,energiø bornholm,6: energiø bornholm,
6,energiø bornholm,6: energiø bornholm,
6,energiø bornholm,6: energiø bornholm,
6,energiø bornholm,6: energiø bornholm,
6,energiø bornholm,6: energiø bornholm,
6,energiø bornholm,6: energiø bornholm,
0,energi island,0: energi island,
0,energi island,0: energi island,
0,energi island,0: energi island,
0,energi island,0: energi island,
0,energi island,0: energi island,
0,energi island,0: energi island,
0,energi island,0: energi island,
0,energi island,0: energi island,
0,energi island,0: energi island,
0,energi island,0: energi island,
0,energi island,0: energi island,
0,energi island,0: energi island,
0,energi island,0: energi island,
0,energi island,0: energi island,
0,energi island,0: energi island,
0,energi island,0: energi island,
0,energi island,0: energi island,
0,energi island,0: energi island,
0,energi island,0: energi island,
0,energi island,0: energi island,
0,energi island,0: energi island,
0,energi island,0: energi island,
0,energi island,0: energi island,
0,energi island,0: energi island,
0,energi island,0: energi island,
0,energi island,0: energi island,
0,energi island,0: energi island,
0,energi island,0: energi island,
0,energi island,0: energi island,
0,energi island,0: energi island,
0,energi island,0: energi island,
0,energi island,0: energi island,
0,energi island,0: energi island,
0,energi island,0: energi island,
0,energi island,0: energi island,
0,energi island,0: energi island,
0,energi island,0: energi island,
0,energi island,0: energi island,
0,energi island,0: energi island,
0,energi island,0: energi island,
0,energi island,0: energi island,
0,energi island,0: energi island,
0,energi island,0: energi island,
0,energi island,0: energi island,
0,energi island,0: energi island,
0,energi island,0: energi island,
0,energi island,0: energi island,
0,energi island,0: energi island,
0,energi island,0: energi island,
0,energi island,0: energi island,
0,energi island,0: energi island,
0,energi island,0: energi island,
0,energi island,0: energi island,
0,energi island,0: energi island,
0,energi island,0: energi island,
0,energi island,0: energi island,
0,energi island,0: energi island,
0,energi island,0: energi island,
0,energi island,0: energi island,
0,energi island,0: energi island,
0,energi island,0: energi island,
0,energi island,0: energi island,
0,energi island,0: energi island,
0,energi island,0: energi island,
0,energi island,0: energi island,
0,energi island,0: energi island,
0,energi island,0: energi island,
0,energi island,0: energi island,
0,energi island,0: energi island,
0,energi island,0: energi island,
0,energi island,0: energi island,
0,energi island,0: energi island,
0,energi island,0: energi island,
0,energi island,0: energi island,
0,energi island,0: energi island,
0,energi island,0: energi island,
0,energi island,0: energi island,
0,energi island,0: energi island,
0,energi island,0: energi island,
0,energi island,0: energi island,
0,energi island,0: energi island,
0,energi island,0: energi island,
0,energi island,0: energi island,
0,energi island,0: energi island,
0,energi island,0: energi island,
0,energi island,0: energi island,
0,energi island,0: energi island,
0,energi island,0: energi island,
0,energi island,0: energi island,
0,energi island,0: energi island,
0,energi island,0: energi island,
0,energi island,0: energi island,
0,energi island,0: energi island,
0,energi island,0: energi island,
0,energi island,0: energi island,
0,energi island,0: energi island,
0,energi island,0: energi island,
0,energi island,0: energi island,
0,energi island,0: energi island,
0,energi island,0: energi island,
0,energi island,0: energi island,
0,energi island,0: energi island,
0,energi island,0: energi island,
0,energi island,0: energi island,
0,energi island,0: energi island,
0,energi island,0: energi island,
0,energi island,0: energi island,
0,energi island,0: energi island,
0,energi island,0: energi island,
0,energi island,0: energi island,
0,energi island,0: energi island,
0,energi island,0: energi island,
0,energi island,0: energi island,
0,energi island,0: energi island,
0,energi island,0: energi island,
0,energi island,0: energi island,
0,energi island,0: energi island,
0,energi island,0: energi island,
0,energi island,0: energi island,
0,energi island,0: energi island,
0,energi island,0: energi island,
0,energi island,0: energi island,
0,energi island,0: energi island,
0,energi island,0: energi island,
0,energi island,0: energi island,
0,energi island,0: energi island,
0,energi island,0: energi island,
0,energi island,0: energi island,
0,energi island,0: energi island,
0,energi island,0: energi island,
0,energi island,0: energi island,
0,energi island,0: energi island,
0,energi island,0: energi island,
0,energi island,0: energi island,
0,energi island,0: energi island,
0,energi island,0: energi island,
0,energi island,0: energi island,
0,energi island,0: energi island,
0,energi island,0: energi island,
0,energi island,0: energi island,
0,energi island,0: energi island,
0,energi island,0: energi island,
0,energi island,0: energi island,
0,energi island,0: energi island,
0,energi island,0: energi island,
0,energi island,0: energi island,
0,energi island,0: energi island,
0,energi island,0: energi island,
0,energi island,0: energi island,
0,energi island,0: energi island,
0,energi island,0: energi island,
0,energi island,0: energi island,
0,energi island,0: energi island,
0,energi island,0: energi island,
0,energi island,0: energi island,
0,energi island,0: energi island,
0,energi island,0: energi island,
2,municip council,2: municip council,
2,municip council,2: municip council,
2,municip council,2: municip council,
2,municip council,2: municip council,
2,municip council,2: municip council,
2,municip council,2: municip council,
2,municip council,2: municip council,
2,municip council,2: municip council,
2,municip council,2: municip council,
2,municip council,2: municip council,
2,municip council,2: municip council,
2,municip council,2: municip council,
2,municip council,2: municip council,
2,municip council,2: municip council,
2,municip council,2: municip council,
2,municip council,2: municip council,
2,municip council,2: municip council,
2,municip council,2: municip council,
2,municip council,2: municip council,
2,municip council,2: municip council,
2,municip council,2: municip council,
2,municip council,2: municip council,
2,municip council,2: municip council,
2,municip council,2: municip council,
2,municip council,2: municip council,
2,municip council,2: municip council,
2,municip council,2: municip council,
2,municip council,2: municip council,
2,municip council,2: municip council,
2,municip council,2: municip council,
2,municip council,2: municip council,
2,municip council,2: municip council,
2,municip council,2: municip council,
2,municip council,2: municip council,
2,municip council,2: municip council,
2,municip council,2: municip council,
2,municip council,2: municip council,
2,municip council,2: municip council,
2,municip council,2: municip council,
2,municip council,2: municip council,
2,municip council,2: municip council,
2,municip council,2: municip council,
2,municip council,2: municip council,
2,municip council,2: municip council,
2,municip council,2: municip council,
2,municip council,2: municip council,
2,municip council,2: municip council,
2,municip council,2: municip council,
2,municip council,2: municip council,
2,municip council,2: municip council,
2,municip council,2: municip council,
2,municip council,2: municip council,
2,municip council,2: municip council,
2,municip council,2: municip council,
2,municip council,2: municip council,
2,municip council,2: municip council,
2,municip council,2: municip council,
2,municip council,2: municip council,
2,municip council,2: municip council,
2,municip council,2: municip council,
2,municip council,2: municip council,
2,municip council,2: municip council,
2,municip council,2: municip council,
2,municip council,2: municip council,
2,municip council,2: municip council,
2,municip council,2: municip council,
2,municip council,2: municip council,
2,municip council,2: municip council,
2,municip council,2: municip council,
2,municip council,2: municip council,
2,municip council,2: municip council,
2,municip council,2: municip council,
2,municip council,2: municip council,
2,municip council,2: municip council,
2,municip council,2: municip council,
2,municip council,2: municip council,
2,municip council,2: municip council,
2,municip council,2: municip council,
2,municip council,2: municip council,
2,municip council,2: municip council,
2,municip council,2: municip council,
2,municip council,2: municip council,
2,municip council,2: municip council,
2,municip council,2: municip council,
2,municip council,2: municip council,
2,municip council,2: municip council,
2,municip council,2: municip council,
2,municip council,2: municip council,
2,municip council,2: municip council,
2,municip council,2: municip council,
2,municip council,2: municip council,
2,municip council,2: municip council,
2,municip council,2: municip council,
2,municip council,2: municip council,
2,municip council,2: municip council,
2,municip council,2: municip council,
2,municip council,2: municip council,
2,municip council,2: municip council,
2,municip council,2: municip council,
2,municip council,2: municip council,
2,municip council,2: municip council,
2,municip council,2: municip council,
2,municip council,2: municip council,
2,municip council,2: municip council,
2,municip council,2: municip council,
2,municip council,2: municip council,
2,municip council,2: municip council,
2,municip council,2: municip council,
2,municip council,2: municip council,
2,municip council,2: municip council,
2,municip council,2: municip council,
2,municip council,2: municip council,
2,municip council,2: municip council,
2,municip council,2: municip council,
2,municip council,2: municip council,
2,municip council,2: municip council,
2,municip council,2: municip council,
2,municip council,2: municip council,
2,municip council,2: municip council,
2,municip council,2: municip council,
2,municip council,2: municip council,
2,municip council,2: municip council,
2,municip council,2: municip council,
2,municip council,2: municip council,
2,municip council,2: municip council,
2,municip council,2: municip council,
2,municip council,2: municip council,
2,municip council,2: municip council,
2,municip council,2: municip council,
2,municip council,2: municip council,
2,municip council,2: municip council,
2,municip council,2: municip council,
2,municip council,2: municip council,
2,municip council,2: municip council,
2,municip council,2: municip council,
2,municip council,2: municip council,
2,municip council,2: municip council,
2,municip council,2: municip council,
2,municip council,2: municip council,
2,municip council,2: municip council,
2,municip council,2: municip council,
2,municip council,2: municip council,
2,municip council,2: municip council,
2,municip council,2: municip council,
2,municip council,2: municip council,
2,municip council,2: municip council,
2,municip council,2: municip council,
2,municip council,2: municip council,
2,municip council,2: municip council,
2,municip council,2: municip council,
2,municip council,2: municip council,
2,municip council,2: municip council,
2,municip council,2: municip council,
2,municip council,2: municip council,
2,municip council,2: municip council,
2,municip council,2: municip council,
2,municip council,2: municip council,
2,municip council,2: municip council,
2,municip council,2: municip council,
2,municip council,2: municip council,
2,municip council,2: municip council,
2,municip council,2: municip council,
2,municip council,2: municip council,
2,municip council,2: municip council,
2,municip council,2: municip council,
2,municip council,2: municip council,
2,municip council,2: municip council,
2,municip council,2: municip council,
2,municip council,2: municip council,
2,municip council,2: municip council,
2,municip council,2: municip council,
2,municip council,2: municip council,
2,municip council,2: municip council,
2,municip council,2: municip council,
2,municip council,2: municip council,
2,municip council,2: municip council,
2,municip council,2: municip council,
2,municip council,2: municip council,
2,municip council,2: municip council,
2,municip council,2: municip council,
2,municip council,2: municip council,
2,municip council,2: municip council,
2,municip council,2: municip council,
2,municip council,2: municip council,
2,municip council,2: municip council,
2,municip council,2: municip council,
2,municip council,2: municip council,
2,municip council,2: municip council,
2,municip council,2: municip council,
2,municip council,2: municip council,
2,municip council,2: municip council,
2,municip council,2: municip council,
2,municip council,2: municip council,
2,municip council,2: municip council,
2,municip council,2: municip council,
2,municip council,2: municip council,
2,municip council,2: municip council,
2,municip council,2: municip council,
2,municip council,2: municip council,
2,municip council,2: municip council,
2,municip council,2: municip council,
2,municip council,2: municip council,
2,municip council,2: municip council,
2,municip council,2: municip council,
2,municip council,2: municip council,
2,municip council,2: municip council,
2,municip council,2: municip council,
2,municip council,2: municip council,
2,municip council,2: municip council,
2,municip council,2: municip council,
2,municip council,2: municip council,
2,municip council,2: municip council,
2,municip council,2: municip council,
2,municip council,2: municip council,
2,municip council,2: municip council,
2,municip council,2: municip council,
2,municip council,2: municip council,
2,municip council,2: municip council,
2,municip council,2: municip council,
2,municip council,2: municip council,
2,municip council,2: municip council,
2,municip council,2: municip council,
2,municip council,2: municip council,
2,municip council,2: municip council,
2,municip council,2: municip council,
2,municip council,2: municip council,
2,municip council,2: municip council,
2,municip council,2: municip council,
2,municip council,2: municip council,
2,municip council,2: municip council,
2,municip council,2: municip council,
2,municip council,2: municip council,
2,municip council,2: municip council,
2,municip council,2: municip council,
2,municip council,2: municip council,
2,municip council,2: municip council,
2,municip council,2: municip council,
2,municip council,2: municip council,
2,municip council,2: municip council,
2,municip council,2: municip council,
2,municip council,2: municip council,
2,municip council,2: municip council,
2,municip council,2: municip council,
2,municip council,2: municip council,
2,municip council,2: municip council,
2,municip council,2: municip council,
2,municip council,2: municip council,
2,municip council,2: municip council,
2,municip council,2: municip council,
2,municip council,2: municip council,
2,municip council,2: municip council,
2,municip council,2: municip council,
2,municip council,2: municip council,
2,municip council,2: municip council,
2,municip council,2: municip council,
2,municip council,2: municip council,
2,municip council,2: municip council,
2,municip council,2: municip council,
2,municip council,2: municip council,
2,municip council,2: municip council,
2,municip council,2: municip council,
2,municip council,2: municip council,
2,municip council,2: municip council,
2,municip council,2: municip council,
2,municip council,2: municip council,
2,municip council,2: municip council,
2,municip council,2: municip council,
2,municip council,2: municip council,
2,municip council,2: municip council,
2,municip council,2: municip council,
2,municip council,2: municip council,
2,municip council,2: municip council,
2,municip council,2: municip council,
2,municip council,2: municip council,
2,municip council,2: municip council,
2,municip council,2: municip council,
2,municip council,2: municip council,
2,municip council,2: municip council,
2,municip council,2: municip council,
2,municip council,2: municip council,
2,municip council,2: municip council,
2,municip council,2: municip council,
2,municip council,2: municip council,
2,municip council,2: municip council,
2,municip council,2: municip council,
2,municip council,2: municip council,
2,municip council,2: municip council,
2,municip council,2: municip council,
2,municip council,2: municip council,
2,municip council,2: municip council,
2,municip council,2: municip council,
2,municip council,2: municip council,
2,municip council,2: municip council,
2,municip council,2: municip council,
2,municip council,2: municip council,
2,municip council,2: municip council,
2,municip council,2: municip council,
2,municip council,2: municip council,
2,municip council,2: municip council,
2,municip council,2: municip council,
2,municip council,2: municip council,
2,municip council,2: municip council,
2,municip council,2: municip council,
2,municip council,2: municip council,
2,municip council,2: municip council,
2,municip council,2: municip council,
2,municip council,2: municip council,
2,municip council,2: municip council,
2,municip council,2: municip council,
2,municip council,2: municip council,
2,municip council,2: municip council,
2,municip council,2: municip council,
3,offshor wind,3: offshor wind,
3,offshor wind,3: offshor wind,
3,offshor wind,3: offshor wind,
3,offshor wind,3: offshor wind,
3,offshor wind,3: offshor wind,
3,offshor wind,3: offshor wind,
3,offshor wind,3: offshor wind,
3,offshor wind,3: offshor wind,
3,offshor wind,3: offshor wind,
3,offshor wind,3: offshor wind,
3,offshor wind,3: offshor wind,
3,offshor wind,3: offshor wind,
3,offshor wind,3: offshor wind,
3,offshor wind,3: offshor wind,
3,offshor wind,3: offshor wind,
3,offshor wind,3: offshor wind,
3,offshor wind,3: offshor wind,
3,offshor wind,3: offshor wind,
3,offshor wind,3: offshor wind,
3,offshor wind,3: offshor wind,
3,offshor wind,3: offshor wind,
3,offshor wind,3: offshor wind,
3,offshor wind,3: offshor wind,
3,offshor wind,3: offshor wind,
3,offshor wind,3: offshor wind,
3,offshor wind,3: offshor wind,
3,offshor wind,3: offshor wind,
3,offshor wind,3: offshor wind,
3,offshor wind,3: offshor wind,
3,offshor wind,3: offshor wind,
3,offshor wind,3: offshor wind,
3,offshor wind,3: offshor wind,
3,offshor wind,3: offshor wind,
3,offshor wind,3: offshor wind,
3,offshor wind,3: offshor wind,
3,offshor wind,3: offshor wind,
3,offshor wind,3: offshor wind,
3,offshor wind,3: offshor wind,
3,offshor wind,3: offshor wind,
3,offshor wind,3: offshor wind,
3,offshor wind,3: offshor wind,
3,offshor wind,3: offshor wind,
3,offshor wind,3: offshor wind,
3,offshor wind,3: offshor wind,
3,offshor wind,3: offshor wind,
3,offshor wind,3: offshor wind,
3,offshor wind,3: offshor wind,
3,offshor wind,3: offshor wind,
3,offshor wind,3: offshor wind,
3,offshor wind,3: offshor wind,
3,offshor wind,3: offshor wind,
3,offshor wind,3: offshor wind,
3,offshor wind,3: offshor wind,
3,offshor wind,3: offshor wind,
3,offshor wind,3: offshor wind,
3,offshor wind,3: offshor wind,
3,offshor wind,3: offshor wind,
3,offshor wind,3: offshor wind,
3,offshor wind,3: offshor wind,
3,offshor wind,3: offshor wind,
3,offshor wind,3: offshor wind,
3,offshor wind,3: offshor wind,
3,offshor wind,3: offshor wind,
3,offshor wind,3: offshor wind,
3,offshor wind,3: offshor wind,
3,offshor wind,3: offshor wind,
3,offshor wind,3: offshor wind,
3,offshor wind,3: offshor wind,
3,offshor wind,3: offshor wind,
3,offshor wind,3: offshor wind,
3,offshor wind,3: offshor wind,
3,offshor wind,3: offshor wind,
3,offshor wind,3: offshor wind,
3,offshor wind,3: offshor wind,
3,offshor wind,3: offshor wind,
3,offshor wind,3: offshor wind,
3,offshor wind,3: offshor wind,
3,offshor wind,3: offshor wind,
3,offshor wind,3: offshor wind,
3,offshor wind,3: offshor wind,
3,offshor wind,3: offshor wind,
3,offshor wind,3: offshor wind,
3,offshor wind,3: offshor wind,
3,offshor wind,3: offshor wind,
3,offshor wind,3: offshor wind,
3,offshor wind,3: offshor wind,
3,offshor wind,3: offshor wind,
3,offshor wind,3: offshor wind,
3,offshor wind,3: offshor wind,
3,offshor wind,3: offshor wind,
3,offshor wind,3: offshor wind,
3,offshor wind,3: offshor wind,
3,offshor wind,3: offshor wind,
3,offshor wind,3: offshor wind,
3,offshor wind,3: offshor wind,
3,offshor wind,3: offshor wind,
3,offshor wind,3: offshor wind,
3,offshor wind,3: offshor wind,
3,offshor wind,3: offshor wind,
3,offshor wind,3: offshor wind,
3,offshor wind,3: offshor wind,
3,offshor wind,3: offshor wind,
3,offshor wind,3: offshor wind,
3,offshor wind,3: offshor wind,
3,offshor wind,3: offshor wind,
3,offshor wind,3: offshor wind,
3,offshor wind,3: offshor wind,
3,offshor wind,3: offshor wind,
3,offshor wind,3: offshor wind,
3,offshor wind,3: offshor wind,
3,offshor wind,3: offshor wind,
3,offshor wind,3: offshor wind,
3,offshor wind,3: offshor wind,
3,offshor wind,3: offshor wind,
3,offshor wind,3: offshor wind,
3,offshor wind,3: offshor wind,
3,offshor wind,3: offshor wind,
3,offshor wind,3: offshor wind,
3,offshor wind,3: offshor wind,
3,offshor wind,3: offshor wind,
3,offshor wind,3: offshor wind,
3,offshor wind,3: offshor wind,
3,offshor wind,3: offshor wind,
3,offshor wind,3: offshor wind,
3,offshor wind,3: offshor wind,
3,offshor wind,3: offshor wind,
3,offshor wind,3: offshor wind,
3,offshor wind,3: offshor wind,
3,offshor wind,3: offshor wind,
3,offshor wind,3: offshor wind,
3,offshor wind,3: offshor wind,
3,offshor wind,3: offshor wind,
3,offshor wind,3: offshor wind,
3,offshor wind,3: offshor wind,
3,offshor wind,3: offshor wind,
3,offshor wind,3: offshor wind,
3,offshor wind,3: offshor wind,
3,offshor wind,3: offshor wind,
3,offshor wind,3: offshor wind,
3,offshor wind,3: offshor wind,
3,offshor wind,3: offshor wind,
3,offshor wind,3: offshor wind,
3,offshor wind,3: offshor wind,
3,offshor wind,3: offshor wind,
3,offshor wind,3: offshor wind,
3,offshor wind,3: offshor wind,
3,offshor wind,3: offshor wind,
3,offshor wind,3: offshor wind,
3,offshor wind,3: offshor wind,
3,offshor wind,3: offshor wind,
3,offshor wind,3: offshor wind,
3,offshor wind,3: offshor wind,
3,offshor wind,3: offshor wind,
3,offshor wind,3: offshor wind,
3,offshor wind,3: offshor wind,
3,offshor wind,3: offshor wind,
3,offshor wind,3: offshor wind,
3,offshor wind,3: offshor wind,
3,offshor wind,3: offshor wind,
3,offshor wind,3: offshor wind,
3,offshor wind,3: offshor wind,
3,offshor wind,3: offshor wind,
3,offshor wind,3: offshor wind,
3,offshor wind,3: offshor wind,
3,offshor wind,3: offshor wind,
3,offshor wind,3: offshor wind,
3,offshor wind,3: offshor wind,
3,offshor wind,3: offshor wind,
3,offshor wind,3: offshor wind,
3,offshor wind,3: offshor wind,
3,offshor wind,3: offshor wind,
3,offshor wind,3: offshor wind,
3,offshor wind,3: offshor wind,
3,offshor wind,3: offshor wind,
3,offshor wind,3: offshor wind,
3,offshor wind,3: offshor wind,
3,offshor wind,3: offshor wind,
3,offshor wind,3: offshor wind,
3,offshor wind,3: offshor wind,
3,offshor wind,3: offshor wind,
3,offshor wind,3: offshor wind,
3,offshor wind,3: offshor wind,
3,offshor wind,3: offshor wind,
3,offshor wind,3: offshor wind,
3,offshor wind,3: offshor wind,
3,offshor wind,3: offshor wind,
3,offshor wind,3: offshor wind,
3,offshor wind,3: offshor wind,
3,offshor wind,3: offshor wind,
3,offshor wind,3: offshor wind,
3,offshor wind,3: offshor wind,
3,offshor wind,3: offshor wind,
3,offshor wind,3: offshor wind,
3,offshor wind,3: offshor wind,
3,offshor wind,3: offshor wind,
3,offshor wind,3: offshor wind,
3,offshor wind,3: offshor wind,
3,offshor wind,3: offshor wind,
3,offshor wind,3: offshor wind,
3,offshor wind,3: offshor wind,
3,offshor wind,3: offshor wind,
3,offshor wind,3: offshor wind,
3,offshor wind,3: offshor wind,
3,offshor wind,3: offshor wind,
3,offshor wind,3: offshor wind,
3,offshor wind,3: offshor wind,
3,offshor wind,3: offshor wind,
3,offshor wind,3: offshor wind,
3,offshor wind,3: offshor wind,
3,offshor wind,3: offshor wind,
3,offshor wind,3: offshor wind,
3,offshor wind,3: offshor wind,
3,offshor wind,3: offshor wind,
3,offshor wind,3: offshor wind,
3,offshor wind,3: offshor wind,
3,offshor wind,3: offshor wind,
3,offshor wind,3: offshor wind,
3,offshor wind,3: offshor wind,
3,offshor wind,3: offshor wind,
3,offshor wind,3: offshor wind,
3,offshor wind,3: offshor wind,
3,offshor wind,3: offshor wind,
3,offshor wind,3: offshor wind,
3,offshor wind,3: offshor wind,
3,offshor wind,3: offshor wind,
3,offshor wind,3: offshor wind,
0,energi island,0: energi island,
0,energi island,0: energi island,
0,energi island,0: energi island,
0,energi island,0: energi island,
0,energi island,0: energi island,
0,energi island,0: energi island,
0,energi island,0: energi island,
0,energi island,0: energi island,
0,energi island,0: energi island,
0,energi island,0: energi island,
0,energi island,0: energi island,
0,energi island,0: energi island,
0,energi island,0: energi island,
0,energi island,0: energi island,
0,energi island,0: energi island,
0,energi island,0: energi island,
0,energi island,0: energi island,
0,energi island,0: energi island,
0,energi island,0: energi island,
0,energi island,0: energi island,
0,energi island,0: energi island,
0,energi island,0: energi island,
0,energi island,0: energi island,
0,energi island,0: energi island,
0,energi island,0: energi island,
0,energi island,0: energi island,
0,energi island,0: energi island,
0,energi island,0: energi island,
0,energi island,0: energi island,
0,energi island,0: energi island,
0,energi island,0: energi island,
0,energi island,0: energi island,
0,energi island,0: energi island,
0,energi island,0: energi island,
0,energi island,0: energi island,
0,energi island,0: energi island,
0,energi island,0: energi island,
0,energi island,0: energi island,
0,energi island,0: energi island,
0,energi island,0: energi island,
0,energi island,0: energi island,
0,energi island,0: energi island,
0,energi island,0: energi island,
0,energi island,0: energi island,
0,energi island,0: energi island,
0,energi island,0: energi island,
0,energi island,0: energi island,
0,energi island,0: energi island,
0,energi island,0: energi island,
0,energi island,0: energi island,
0,energi island,0: energi island,
0,energi island,0: energi island,
0,energi island,0: energi island,
0,energi island,0: energi island,
0,energi island,0: energi island,
0,energi island,0: energi island,
0,energi island,0: energi island,
0,energi island,0: energi island,
0,energi island,0: energi island,
0,energi island,0: energi island,
0,energi island,0: energi island,
0,energi island,0: energi island,
0,energi island,0: energi island,
0,energi island,0: energi island,
0,energi island,0: energi island,
0,energi island,0: energi island,
0,energi island,0: energi island,
0,energi island,0: energi island,
0,energi island,0: energi island,
0,energi island,0: energi island,
0,energi island,0: energi island,
0,energi island,0: energi island,
0,energi island,0: energi island,
0,energi island,0: energi island,
0,energi island,0: energi island,
0,energi island,0: energi island,
0,energi island,0: energi island,
0,energi island,0: energi island,
0,energi island,0: energi island,
0,energi island,0: energi island,
0,energi island,0: energi island,
0,energi island,0: energi island,
0,energi island,0: energi island,
0,energi island,0: energi island,
0,energi island,0: energi island,
0,energi island,0: energi island,
0,energi island,0: energi island,
0,energi island,0: energi island,
0,energi island,0: energi island,
0,energi island,0: energi island,
0,energi island,0: energi island,
0,energi island,0: energi island,
0,energi island,0: energi island,
0,energi island,0: energi island,
0,energi island,0: energi island,
0,energi island,0: energi island,
0,energi island,0: energi island,
0,energi island,0: energi island,
0,energi island,0: energi island,
0,energi island,0: energi island,
0,energi island,0: energi island,
0,energi island,0: energi island,
0,energi island,0: energi island,
0,energi island,0: energi island,
0,energi island,0: energi island,
0,energi island,0: energi island,
0,energi island,0: energi island,
0,energi island,0: energi island,
0,energi island,0: energi island,
0,energi island,0: energi island,
0,energi island,0: energi island,
0,energi island,0: energi island,
0,energi island,0: energi island,
0,energi island,0: energi island,
0,energi island,0: energi island,
0,energi island,0: energi island,
0,energi island,0: energi island,
0,energi island,0: energi island,
0,energi island,0: energi island,
0,energi island,0: energi island,
0,energi island,0: energi island,
0,energi island,0: energi island,
0,energi island,0: energi island,
0,energi island,0: energi island,
0,energi island,0: energi island,
0,energi island,0: energi island,
0,energi island,0: energi island,
0,energi island,0: energi island,
0,energi island,0: energi island,
0,energi island,0: energi island,
0,energi island,0: energi island,
0,energi island,0: energi island,
0,energi island,0: energi island,
0,energi island,0: energi island,
0,energi island,0: energi island,
0,energi island,0: energi island,
0,energi island,0: energi island,
0,energi island,0: energi island,
0,energi island,0: energi island,
0,energi island,0: energi island,
0,energi island,0: energi island,
0,energi island,0: energi island,
0,energi island,0: energi island,
0,energi island,0: energi island,
0,energi island,0: energi island,
0,energi island,0: energi island,
0,energi island,0: energi island,
0,energi island,0: energi island,
0,energi island,0: energi island,
0,energi island,0: energi island,
0,energi island,0: energi island,
0,energi island,0: energi island,
0,energi island,0: energi island,
0,energi island,0: energi island,
0,energi island,0: energi island,
0,energi island,0: energi island,
0,energi island,0: energi island,
6,energiø bornholm,6: energiø bornholm,
6,energiø bornholm,6: energiø bornholm,
6,energiø bornholm,6: energiø bornholm,
6,energiø bornholm,6: energiø bornholm,
6,energiø bornholm,6: energiø bornholm,
6,energiø bornholm,6: energiø bornholm,
6,energiø bornholm,6: energiø bornholm,
6,energiø bornholm,6: energiø bornholm,
6,energiø bornholm,6: energiø bornholm,
6,energiø bornholm,6: energiø bornholm,
6,energiø bornholm,6: energiø bornholm,
6,energiø bornholm,6: energiø bornholm,
6,energiø bornholm,6: energiø bornholm,
6,energiø bornholm,6: energiø bornholm,
6,energiø bornholm,6: energiø bornholm,
6,energiø bornholm,6: energiø bornholm,
6,energiø bornholm,6: energiø bornholm,
6,energiø bornholm,6: energiø bornholm,
6,energiø bornholm,6: energiø bornholm,
6,energiø bornholm,6: energiø bornholm,
6,energiø bornholm,6: energiø bornholm,
6,energiø bornholm,6: energiø bornholm,
6,energiø bornholm,6: energiø bornholm,
6,energiø bornholm,6: energiø bornholm,
6,energiø bornholm,6: energiø bornholm,
6,energiø bornholm,6: energiø bornholm,
6,energiø bornholm,6: energiø bornholm,
6,energiø bornholm,6: energiø bornholm,
6,energiø bornholm,6: energiø bornholm,
6,energiø bornholm,6: energiø bornholm,
6,energiø bornholm,6: energiø bornholm,
6,energiø bornholm,6: energiø bornholm,
6,energiø bornholm,6: energiø bornholm,
6,energiø bornholm,6: energiø bornholm,
6,energiø bornholm,6: energiø bornholm,
6,energiø bornholm,6: energiø bornholm,
6,energiø bornholm,6: energiø bornholm,
6,energiø bornholm,6: energiø bornholm,
6,energiø bornholm,6: energiø bornholm,
6,energiø bornholm,6: energiø bornholm,
6,energiø bornholm,6: energiø bornholm,
6,energiø bornholm,6: energiø bornholm,
6,energiø bornholm,6: energiø bornholm,
6,energiø bornholm,6: energiø bornholm,
6,energiø bornholm,6: energiø bornholm,
6,energiø bornholm,6: energiø bornholm,
6,energiø bornholm,6: energiø bornholm,
6,energiø bornholm,6: energiø bornholm,
6,energiø bornholm,6: energiø bornholm,
6,energiø bornholm,6: energiø bornholm,
6,energiø bornholm,6: energiø bornholm,
6,energiø bornholm,6: energiø bornholm,
6,energiø bornholm,6: energiø bornholm,
6,energiø bornholm,6: energiø bornholm,
6,energiø bornholm,6: energiø bornholm,
6,energiø bornholm,6: energiø bornholm,
6,energiø bornholm,6: energiø bornholm,
6,energiø bornholm,6: energiø bornholm,
6,energiø bornholm,6: energiø bornholm,
6,energiø bornholm,6: energiø bornholm,
6,energiø bornholm,6: energiø bornholm,
6,energiø bornholm,6: energiø bornholm,
6,energiø bornholm,6: energiø bornholm,
6,energiø bornholm,6: energiø bornholm,
6,energiø bornholm,6: energiø bornholm,
6,energiø bornholm,6: energiø bornholm,
6,energiø bornholm,6: energiø bornholm,
6,energiø bornholm,6: energiø bornholm,
6,energiø bornholm,6: energiø bornholm,
6,energiø bornholm,6: energiø bornholm,
6,energiø bornholm,6: energiø bornholm,
6,energiø bornholm,6: energiø bornholm,
6,energiø bornholm,6: energiø bornholm,
6,energiø bornholm,6: energiø bornholm,
6,energiø bornholm,6: energiø bornholm,
6,energiø bornholm,6: energiø bornholm,
6,energiø bornholm,6: energiø bornholm,
6,energiø bornholm,6: energiø bornholm,
6,energiø bornholm,6: energiø bornholm,
6,energiø bornholm,6: energiø bornholm,
6,energiø bornholm,6: energiø bornholm,
6,energiø bornholm,6: energiø bornholm,
6,energiø bornholm,6: energiø bornholm,
6,energiø bornholm,6: energiø bornholm,
6,energiø bornholm,6: energiø bornholm,
6,energiø bornholm,6: energiø bornholm,
6,energiø bornholm,6: energiø bornholm,
6,energiø bornholm,6: energiø bornholm,
6,energiø bornholm,6: energiø bornholm,
6,energiø bornholm,6: energiø bornholm,
6,energiø bornholm,6: energiø bornholm,
6,energiø bornholm,6: energiø bornholm,
6,energiø bornholm,6: energiø bornholm,
6,energiø bornholm,6: energiø bornholm,
6,energiø bornholm,6: energiø bornholm,
6,energiø bornholm,6: energiø bornholm,
6,energiø bornholm,6: energiø bornholm,
6,energiø bornholm,6: energiø bornholm,
6,energiø bornholm,6: energiø bornholm,
6,energiø bornholm,6: energiø bornholm,
6,energiø bornholm,6: energiø bornholm,
6,energiø bornholm,6: energiø bornholm,
6,energiø bornholm,6: energiø bornholm,
6,energiø bornholm,6: energiø bornholm,
6,energiø bornholm,6: energiø bornholm,
6,energiø bornholm,6: energiø bornholm,
6,energiø bornholm,6: energiø bornholm,
6,energiø bornholm,6: energiø bornholm,
6,energiø bornholm,6: energiø bornholm,
6,energiø bornholm,6: energiø bornholm,
6,energiø bornholm,6: energiø bornholm,
6,energiø bornholm,6: energiø bornholm,
6,energiø bornholm,6: energiø bornholm,
6,energiø bornholm,6: energiø bornholm,
6,energiø bornholm,6: energiø bornholm,
6,energiø bornholm,6: energiø bornholm,
6,energiø bornholm,6: energiø bornholm,
6,energiø bornholm,6: energiø bornholm,
6,energiø bornholm,6: energiø bornholm,
6,energiø bornholm,6: energiø bornholm,
6,energiø bornholm,6: energiø bornholm,
6,energiø bornholm,6: energiø bornholm,
6,energiø bornholm,6: energiø bornholm,
6,energiø bornholm,6: energiø bornholm,
6,energiø bornholm,6: energiø bornholm,
6,energiø bornholm,6: energiø bornholm,
6,energiø bornholm,6: energiø bornholm,
6,energiø bornholm,6: energiø bornholm,
6,energiø bornholm,6: energiø bornholm,
6,energiø bornholm,6: energiø bornholm,
6,energiø bornholm,6: energiø bornholm,
6,energiø bornholm,6: energiø bornholm,
6,energiø bornholm,6: energiø bornholm,
6,energiø bornholm,6: energiø bornholm,
6,energiø bornholm,6: energiø bornholm,
6,energiø bornholm,6: energiø bornholm,
6,energiø bornholm,6: energiø bornholm,
6,energiø bornholm,6: energiø bornholm,
6,energiø bornholm,6: energiø bornholm,
6,energiø bornholm,6: energiø bornholm,
6,energiø bornholm,6: energiø bornholm,
6,energiø bornholm,6: energiø bornholm,
6,energiø bornholm,6: energiø bornholm,
6,energiø bornholm,6: energiø bornholm,
6,energiø bornholm,6: energiø bornholm,
6,energiø bornholm,6: energiø bornholm,
6,energiø bornholm,6: energiø bornholm,
6,energiø bornholm,6: energiø bornholm,
6,energiø bornholm,6: energiø bornholm,
6,energiø bornholm,6: energiø bornholm,
6,energiø bornholm,6: energiø bornholm,
6,energiø bornholm,6: energiø bornholm,
6,energiø bornholm,6: energiø bornholm,
6,energiø bornholm,6: energiø bornholm,
6,energiø bornholm,6: energiø bornholm,
6,energiø bornholm,6: energiø bornholm,
6,energiø bornholm,6: energiø bornholm,
6,energiø bornholm,6: energiø bornholm,
6,energiø bornholm,6: energiø bornholm,
6,energiø bornholm,6: energiø bornholm,
6,energiø bornholm,6: energiø bornholm,
6,energiø bornholm,6: energiø bornholm,
6,energiø bornholm,6: energiø bornholm,
6,energiø bornholm,6: energiø bornholm,
6,energiø bornholm,6: energiø bornholm,
6,energiø bornholm,6: energiø bornholm,
6,energiø bornholm,6: energiø bornholm,
6,energiø bornholm,6: energiø bornholm,
6,energiø bornholm,6: energiø bornholm,
6,energiø bornholm,6: energiø bornholm,
6,energiø bornholm,6: energiø bornholm,
2,municip council,2: municip council,
2,municip council,2: municip council,
2,municip council,2: municip council,
2,municip council,2: municip council,
2,municip council,2: municip council,
2,municip council,2: municip council,
2,municip council,2: municip council,
2,municip council,2: municip council,
2,municip council,2: municip council,
2,municip council,2: municip council,
2,municip council,2: municip council,
2,municip council,2: municip council,
2,municip council,2: municip council,
2,municip council,2: municip council,
2,municip council,2: municip council,
2,municip council,2: municip council,
2,municip council,2: municip council,
2,municip council,2: municip council,
2,municip council,2: municip council,
2,municip council,2: municip council,
2,municip council,2: municip council,
2,municip council,2: municip council,
2,municip council,2: municip council,
2,municip council,2: municip council,
2,municip council,2: municip council,
2,municip council,2: municip council,
2,municip council,2: municip council,
2,municip council,2: municip council,
2,municip council,2: municip council,
2,municip council,2: municip council,
2,municip council,2: municip council,
2,municip council,2: municip council,
2,municip council,2: municip council,
2,municip council,2: municip council,
2,municip council,2: municip council,
2,municip council,2: municip council,
2,municip council,2: municip council,
2,municip council,2: municip council,
2,municip council,2: municip council,
2,municip council,2: municip council,
2,municip council,2: municip council,
2,municip council,2: municip council,
2,municip council,2: municip council,
2,municip council,2: municip council,
2,municip council,2: municip council,
2,municip council,2: municip council,
2,municip council,2: municip council,
2,municip council,2: municip council,
2,municip council,2: municip council,
2,municip council,2: municip council,
2,municip council,2: municip council,
2,municip council,2: municip council,
2,municip council,2: municip council,
2,municip council,2: municip council,
2,municip council,2: municip council,
2,municip council,2: municip council,
2,municip council,2: municip council,
2,municip council,2: municip council,
2,municip council,2: municip council,
2,municip council,2: municip council,
2,municip council,2: municip council,
2,municip council,2: municip council,
2,municip council,2: municip council,
2,municip council,2: municip council,
2,municip council,2: municip council,
2,municip council,2: municip council,
2,municip council,2: municip council,
2,municip council,2: municip council,
2,municip council,2: municip council,
2,municip council,2: municip council,
2,municip council,2: municip council,
2,municip council,2: municip council,
2,municip council,2: municip council,
2,municip council,2: municip council,
2,municip council,2: municip council,
2,municip council,2: municip council,
2,municip council,2: municip council,
2,municip council,2: municip council,
2,municip council,2: municip council,
2,municip council,2: municip council,
2,municip council,2: municip council,
2,municip council,2: municip council,
2,municip council,2: municip council,
2,municip council,2: municip council,
2,municip council,2: municip council,
2,municip council,2: municip council,
2,municip council,2: municip council,
2,municip council,2: municip council,
2,municip council,2: municip council,
2,municip council,2: municip council,
2,municip council,2: municip council,
2,municip council,2: municip council,
2,municip council,2: municip council,
2,municip council,2: municip council,
2,municip council,2: municip council,
2,municip council,2: municip council,
2,municip council,2: municip council,
2,municip council,2: municip council,
2,municip council,2: municip council,
2,municip council,2: municip council,
2,municip council,2: municip council,
2,municip council,2: municip council,
2,municip council,2: municip council,
2,municip council,2: municip council,
2,municip council,2: municip council,
2,municip council,2: municip council,
2,municip council,2: municip council,
2,municip council,2: municip council,
2,municip council,2: municip council,
2,municip council,2: municip council,
2,municip council,2: municip council,
2,municip council,2: municip council,
2,municip council,2: municip council,
2,municip council,2: municip council,
2,municip council,2: municip council,
2,municip council,2: municip council,
2,municip council,2: municip council,
2,municip council,2: municip council,
2,municip council,2: municip council,
2,municip council,2: municip council,
2,municip council,2: municip council,
2,municip council,2: municip council,
2,municip council,2: municip council,
2,municip council,2: municip council,
2,municip council,2: municip council,
2,municip council,2: municip council,
2,municip council,2: municip council,
2,municip council,2: municip council,
2,municip council,2: municip council,
2,municip council,2: municip council,
2,municip council,2: municip council,
2,municip council,2: municip council,
2,municip council,2: municip council,
2,municip council,2: municip council,
2,municip council,2: municip council,
2,municip council,2: municip council,
2,municip council,2: municip council,
2,municip council,2: municip council,
2,municip council,2: municip council,
2,municip council,2: municip council,
2,municip council,2: municip council,
2,municip council,2: municip council,
2,municip council,2: municip council,
2,municip council,2: municip council,
2,municip council,2: municip council,
2,municip council,2: municip council,
2,municip council,2: municip council,
2,municip council,2: municip council,
2,municip council,2: municip council,
2,municip council,2: municip council,
2,municip council,2: municip council,
2,municip council,2: municip council,
2,municip council,2: municip council,
2,municip council,2: municip council,
2,municip council,2: municip council,
2,municip council,2: municip council,
3,offshor wind,3: offshor wind,
3,offshor wind,3: offshor wind,
3,offshor wind,3: offshor wind,
3,offshor wind,3: offshor wind,
3,offshor wind,3: offshor wind,
3,offshor wind,3: offshor wind,
3,offshor wind,3: offshor wind,
3,offshor wind,3: offshor wind,
3,offshor wind,3: offshor wind,
3,offshor wind,3: offshor wind,
3,offshor wind,3: offshor wind,
3,offshor wind,3: offshor wind,
3,offshor wind,3: offshor wind,
3,offshor wind,3: offshor wind,
3,offshor wind,3: offshor wind,
3,offshor wind,3: offshor wind,
3,offshor wind,3: offshor wind,
3,offshor wind,3: offshor wind,
3,offshor wind,3: offshor wind,
3,offshor wind,3: offshor wind,
3,offshor wind,3: offshor wind,
3,offshor wind,3: offshor wind,
3,offshor wind,3: offshor wind,
3,offshor wind,3: offshor wind,
3,offshor wind,3: offshor wind,
3,offshor wind,3: offshor wind,
3,offshor wind,3: offshor wind,
3,offshor wind,3: offshor wind,
3,offshor wind,3: offshor wind,
3,offshor wind,3: offshor wind,
3,offshor wind,3: offshor wind,
3,offshor wind,3: offshor wind,
3,offshor wind,3: offshor wind,
3,offshor wind,3: offshor wind,
3,offshor wind,3: offshor wind,
3,offshor wind,3: offshor wind,
3,offshor wind,3: offshor wind,
3,offshor wind,3: offshor wind,
3,offshor wind,3: offshor wind,
3,offshor wind,3: offshor wind,
3,offshor wind,3: offshor wind,
3,offshor wind,3: offshor wind,
3,offshor wind,3: offshor wind,
3,offshor wind,3: offshor wind,
3,offshor wind,3: offshor wind,
3,offshor wind,3: offshor wind,
3,offshor wind,3: offshor wind,
3,offshor wind,3: offshor wind,
3,offshor wind,3: offshor wind,
3,offshor wind,3: offshor wind,
3,offshor wind,3: offshor wind,
3,offshor wind,3: offshor wind,
3,offshor wind,3: offshor wind,
3,offshor wind,3: offshor wind,
3,offshor wind,3: offshor wind,
3,offshor wind,3: offshor wind,
3,offshor wind,3: offshor wind,
3,offshor wind,3: offshor wind,
3,offshor wind,3: offshor wind,
3,offshor wind,3: offshor wind,
3,offshor wind,3: offshor wind,
3,offshor wind,3: offshor wind,
3,offshor wind,3: offshor wind,
3,offshor wind,3: offshor wind,
3,offshor wind,3: offshor wind,
3,offshor wind,3: offshor wind,
3,offshor wind,3: offshor wind,
3,offshor wind,3: offshor wind,
3,offshor wind,3: offshor wind,
3,offshor wind,3: offshor wind,
3,offshor wind,3: offshor wind,
3,offshor wind,3: offshor wind,
3,offshor wind,3: offshor wind,
3,offshor wind,3: offshor wind,
3,offshor wind,3: offshor wind,
3,offshor wind,3: offshor wind,
3,offshor wind,3: offshor wind,
3,offshor wind,3: offshor wind,
3,offshor wind,3: offshor wind,
3,offshor wind,3: offshor wind,
3,offshor wind,3: offshor wind,
3,offshor wind,3: offshor wind,
3,offshor wind,3: offshor wind,
3,offshor wind,3: offshor wind,
3,offshor wind,3: offshor wind,
3,offshor wind,3: offshor wind,
3,offshor wind,3: offshor wind,
3,offshor wind,3: offshor wind,
3,offshor wind,3: offshor wind,
3,offshor wind,3: offshor wind,
3,offshor wind,3: offshor wind,
3,offshor wind,3: offshor wind,
3,offshor wind,3: offshor wind,
3,offshor wind,3: offshor wind,
3,offshor wind,3: offshor wind,
3,offshor wind,3: offshor wind,
3,offshor wind,3: offshor wind,
3,offshor wind,3: offshor wind,
3,offshor wind,3: offshor wind,
3,offshor wind,3: offshor wind,
3,offshor wind,3: offshor wind,
3,offshor wind,3: offshor wind,
3,offshor wind,3: offshor wind,
3,offshor wind,3: offshor wind,
3,offshor wind,3: offshor wind,
3,offshor wind,3: offshor wind,
3,offshor wind,3: offshor wind,
3,offshor wind,3: offshor wind,
3,offshor wind,3: offshor wind,
3,offshor wind,3: offshor wind,
3,offshor wind,3: offshor wind,
3,offshor wind,3: offshor wind,
3,offshor wind,3: offshor wind,
2,municip council,2: municip council,
2,municip council,2: municip council,
2,municip council,2: municip council,
2,municip council,2: municip council,
2,municip council,2: municip council,
2,municip council,2: municip council,
2,municip council,2: municip council,
2,municip council,2: municip council,
2,municip council,2: municip council,
2,municip council,2: municip council,
2,municip council,2: municip council,
2,municip council,2: municip council,
2,municip council,2: municip council,
2,municip council,2: municip council,
2,municip council,2: municip council,
2,municip council,2: municip council,
2,municip council,2: municip council,
2,municip council,2: municip council,
2,municip council,2: municip council,
2,municip council,2: municip council,
2,municip council,2: municip council,
2,municip council,2: municip council,
2,municip council,2: municip council,
2,municip council,2: municip council,
2,municip council,2: municip council,
2,municip council,2: municip council,
2,municip council,2: municip council,
2,municip council,2: municip council,
2,municip council,2: municip council,
2,municip council,2: municip council,
2,municip council,2: municip council,
2,municip council,2: municip council,
2,municip council,2: municip council,
2,municip council,2: municip council,
2,municip council,2: municip council,
2,municip council,2: municip council,
2,municip council,2: municip council,
2,municip council,2: municip council,
2,municip council,2: municip council,
2,municip council,2: municip council,
2,municip council,2: municip council,
2,municip council,2: municip council,
2,municip council,2: municip council,
2,municip council,2: municip council,
2,municip council,2: municip council,
2,municip council,2: municip council,
2,municip council,2: municip council,
2,municip council,2: municip council,
2,municip council,2: municip council,
2,municip council,2: municip council,
2,municip council,2: municip council,
2,municip council,2: municip council,
2,municip council,2: municip council,
2,municip council,2: municip council,
2,municip council,2: municip council,
2,municip council,2: municip council,
2,municip council,2: municip council,
2,municip council,2: municip council,
2,municip council,2: municip council,
2,municip council,2: municip council,
2,municip council,2: municip council,
2,municip council,2: municip council,
2,municip council,2: municip council,
2,municip council,2: municip council,
2,municip council,2: municip council,
2,municip council,2: municip council,
2,municip council,2: municip council,
2,municip council,2: municip council,
2,municip council,2: municip council,
2,municip council,2: municip council,
2,municip council,2: municip council,
2,municip council,2: municip council,
2,municip council,2: municip council,
2,municip council,2: municip council,
2,municip council,2: municip council,
2,municip council,2: municip council,
2,municip council,2: municip council,
2,municip council,2: municip council,
2,municip council,2: municip council,
2,municip council,2: municip council,
2,municip council,2: municip council,
2,municip council,2: municip council,
2,municip council,2: municip council,
2,municip council,2: municip council,
2,municip council,2: municip council,
2,municip council,2: municip council,
2,municip council,2: municip council,
2,municip council,2: municip council,
2,municip council,2: municip council,
2,municip council,2: municip council,
2,municip council,2: municip council,
2,municip council,2: municip council,
2,municip council,2: municip council,
2,municip council,2: municip council,
2,municip council,2: municip council,
2,municip council,2: municip council,
2,municip council,2: municip council,
2,municip council,2: municip council,
2,municip council,2: municip council,
2,municip council,2: municip council,
2,municip council,2: municip council,
2,municip council,2: municip council,
2,municip council,2: municip council,
2,municip council,2: municip council,
2,municip council,2: municip council,
2,municip council,2: municip council,
2,municip council,2: municip council,
2,municip council,2: municip council,
2,municip council,2: municip council,
2,municip council,2: municip council,
2,municip council,2: municip council,
2,municip council,2: municip council,
2,municip council,2: municip council,
2,municip council,2: municip council,
2,municip council,2: municip council,
2,municip council,2: municip council,
2,municip council,2: municip council,
2,municip council,2: municip council,
2,municip council,2: municip council,
2,municip council,2: municip council,
2,municip council,2: municip council,
2,municip council,2: municip council,
2,municip council,2: municip council,
2,municip council,2: municip council,
2,municip council,2: municip council,
2,municip council,2: municip council,
2,municip council,2: municip council,
2,municip council,2: municip council,
2,municip council,2: municip council,
2,municip council,2: municip council,
2,municip council,2: municip council,
2,municip council,2: municip council,
2,municip council,2: municip council,
2,municip council,2: municip council,
2,municip council,2: municip council,
2,municip council,2: municip council,
2,municip council,2: municip council,
2,municip council,2: municip council,
2,municip council,2: municip council,
2,municip council,2: municip council,
2,municip council,2: municip council,
2,municip council,2: municip council,
2,municip council,2: municip council,
2,municip council,2: municip council,
2,municip council,2: municip council,
2,municip council,2: municip council,
2,municip council,2: municip council,
2,municip council,2: municip council,
2,municip council,2: municip council,
2,municip council,2: municip council,
2,municip council,2: municip council,
2,municip council,2: municip council,
2,municip council,2: municip council,
2,municip council,2: municip council,
2,municip council,2: municip council,
2,municip council,2: municip council,
4,baltic sea,4: baltic sea,
4,baltic sea,4: baltic sea,
4,baltic sea,4: baltic sea,
4,baltic sea,4: baltic sea,
4,baltic sea,4: baltic sea,
4,baltic sea,4: baltic sea,
4,baltic sea,4: baltic sea,
4,baltic sea,4: baltic sea,
4,baltic sea,4: baltic sea,
4,baltic sea,4: baltic sea,
4,baltic sea,4: baltic sea,
4,baltic sea,4: baltic sea,
4,baltic sea,4: baltic sea,
4,baltic sea,4: baltic sea,
4,baltic sea,4: baltic sea,
4,baltic sea,4: baltic sea,
4,baltic sea,4: baltic sea,
4,baltic sea,4: baltic sea,
4,baltic sea,4: baltic sea,
4,baltic sea,4: baltic sea,
4,baltic sea,4: baltic sea,
4,baltic sea,4: baltic sea,
4,baltic sea,4: baltic sea,
4,baltic sea,4: baltic sea,
4,baltic sea,4: baltic sea,
4,baltic sea,4: baltic sea,
4,baltic sea,4: baltic sea,
4,baltic sea,4: baltic sea,
4,baltic sea,4: baltic sea,
4,baltic sea,4: baltic sea,
4,baltic sea,4: baltic sea,
4,baltic sea,4: baltic sea,
4,baltic sea,4: baltic sea,
4,baltic sea,4: baltic sea,
4,baltic sea,4: baltic sea,
4,baltic sea,4: baltic sea,
4,baltic sea,4: baltic sea,
4,baltic sea,4: baltic sea,
4,baltic sea,4: baltic sea,
4,baltic sea,4: baltic sea,
4,baltic sea,4: baltic sea,
4,baltic sea,4: baltic sea,
4,baltic sea,4: baltic sea,
4,baltic sea,4: baltic sea,
4,baltic sea,4: baltic sea,
4,baltic sea,4: baltic sea,
4,baltic sea,4: baltic sea,
4,baltic sea,4: baltic sea,
4,baltic sea,4: baltic sea,
4,baltic sea,4: baltic sea,
4,baltic sea,4: baltic sea,
4,baltic sea,4: baltic sea,
4,baltic sea,4: baltic sea,
4,baltic sea,4: baltic sea,
4,baltic sea,4: baltic sea,
4,baltic sea,4: baltic sea,
4,baltic sea,4: baltic sea,
4,baltic sea,4: baltic sea,
4,baltic sea,4: baltic sea,
4,baltic sea,4: baltic sea,
4,baltic sea,4: baltic sea,
4,baltic sea,4: baltic sea,
4,baltic sea,4: baltic sea,
4,baltic sea,4: baltic sea,
4,baltic sea,4: baltic sea,
4,baltic sea,4: baltic sea,
4,baltic sea,4: baltic sea,
4,baltic sea,4: baltic sea,
4,baltic sea,4: baltic sea,
4,baltic sea,4: baltic sea,
4,baltic sea,4: baltic sea,
4,baltic sea,4: baltic sea,
4,baltic sea,4: baltic sea,
4,baltic sea,4: baltic sea,
4,baltic sea,4: baltic sea,
4,baltic sea,4: baltic sea,
4,baltic sea,4: baltic sea,
4,baltic sea,4: baltic sea,
4,baltic sea,4: baltic sea,
4,baltic sea,4: baltic sea,
4,baltic sea,4: baltic sea,
4,baltic sea,4: baltic sea,
4,baltic sea,4: baltic sea,
4,baltic sea,4: baltic sea,
4,baltic sea,4: baltic sea,
4,baltic sea,4: baltic sea,
4,baltic sea,4: baltic sea,
4,baltic sea,4: baltic sea,
4,baltic sea,4: baltic sea,
4,baltic sea,4: baltic sea,
4,baltic sea,4: baltic sea,
4,baltic sea,4: baltic sea,
4,baltic sea,4: baltic sea,
4,baltic sea,4: baltic sea,
4,baltic sea,4: baltic sea,
4,baltic sea,4: baltic sea,
4,baltic sea,4: baltic sea,
4,baltic sea,4: baltic sea,
4,baltic sea,4: baltic sea,
4,baltic sea,4: baltic sea,
4,baltic sea,4: baltic sea,
4,baltic sea,4: baltic sea,
4,baltic sea,4: baltic sea,
4,baltic sea,4: baltic sea,
4,baltic sea,4: baltic sea,
4,baltic sea,4: baltic sea,
4,baltic sea,4: baltic sea,
4,baltic sea,4: baltic sea,
4,baltic sea,4: baltic sea,
4,baltic sea,4: baltic sea,
4,baltic sea,4: baltic sea,
4,baltic sea,4: baltic sea,
4,baltic sea,4: baltic sea,
4,baltic sea,4: baltic sea,
4,baltic sea,4: baltic sea,
4,baltic sea,4: baltic sea,
4,baltic sea,4: baltic sea,
4,baltic sea,4: baltic sea,
4,baltic sea,4: baltic sea,
4,baltic sea,4: baltic sea,
4,baltic sea,4: baltic sea,
4,baltic sea,4: baltic sea,
4,baltic sea,4: baltic sea,
4,baltic sea,4: baltic sea,
4,baltic sea,4: baltic sea,
4,baltic sea,4: baltic sea,
4,baltic sea,4: baltic sea,
4,baltic sea,4: baltic sea,
4,baltic sea,4: baltic sea,
4,baltic sea,4: baltic sea,
4,baltic sea,4: baltic sea,
4,baltic sea,4: baltic sea,
4,baltic sea,4: baltic sea,
4,baltic sea,4: baltic sea,
4,baltic sea,4: baltic sea,
4,baltic sea,4: baltic sea,
4,baltic sea,4: baltic sea,
4,baltic sea,4: baltic sea,
6,energiø bornholm,6: energiø bornholm,
6,energiø bornholm,6: energiø bornholm,
6,energiø bornholm,6: energiø bornholm,
6,energiø bornholm,6: energiø bornholm,
6,energiø bornholm,6: energiø bornholm,
6,energiø bornholm,6: energiø bornholm,
6,energiø bornholm,6: energiø bornholm,
6,energiø bornholm,6: energiø bornholm,
6,energiø bornholm,6: energiø bornholm,
6,energiø bornholm,6: energiø bornholm,
6,energiø bornholm,6: energiø bornholm,
6,energiø bornholm,6: energiø bornholm,
6,energiø bornholm,6: energiø bornholm,
6,energiø bornholm,6: energiø bornholm,
6,energiø bornholm,6: energiø bornholm,
6,energiø bornholm,6: energiø bornholm,
6,energiø bornholm,6: energiø bornholm,
6,energiø bornholm,6: energiø bornholm,
6,energiø bornholm,6: energiø bornholm,
6,energiø bornholm,6: energiø bornholm,
6,energiø bornholm,6: energiø bornholm,
6,energiø bornholm,6: energiø bornholm,
6,energiø bornholm,6: energiø bornholm,
6,energiø bornholm,6: energiø bornholm,
6,energiø bornholm,6: energiø bornholm,
6,energiø bornholm,6: energiø bornholm,
6,energiø bornholm,6: energiø bornholm,
6,energiø bornholm,6: energiø bornholm,
6,energiø bornholm,6: energiø bornholm,
6,energiø bornholm,6: energiø bornholm,
6,energiø bornholm,6: energiø bornholm,
6,energiø bornholm,6: energiø bornholm,
6,energiø bornholm,6: energiø bornholm,
6,energiø bornholm,6: energiø bornholm,
6,energiø bornholm,6: energiø bornholm,
6,energiø bornholm,6: energiø bornholm,
6,energiø bornholm,6: energiø bornholm,
6,energiø bornholm,6: energiø bornholm,
6,energiø bornholm,6: energiø bornholm,
6,energiø bornholm,6: energiø bornholm,
6,energiø bornholm,6: energiø bornholm,
6,energiø bornholm,6: energiø bornholm,
6,energiø bornholm,6: energiø bornholm,
6,energiø bornholm,6: energiø bornholm,
6,energiø bornholm,6: energiø bornholm,
6,energiø bornholm,6: energiø bornholm,
6,energiø bornholm,6: energiø bornholm,
6,energiø bornholm,6: energiø bornholm,
6,energiø bornholm,6: energiø bornholm,
6,energiø bornholm,6: energiø bornholm,
6,energiø bornholm,6: energiø bornholm,
6,energiø bornholm,6: energiø bornholm,
6,energiø bornholm,6: energiø bornholm,
6,energiø bornholm,6: energiø bornholm,
6,energiø bornholm,6: energiø bornholm,
6,energiø bornholm,6: energiø bornholm,
6,energiø bornholm,6: energiø bornholm,
6,energiø bornholm,6: energiø bornholm,
6,energiø bornholm,6: energiø bornholm,
6,energiø bornholm,6: energiø bornholm,
6,energiø bornholm,6: energiø bornholm,
6,energiø bornholm,6: energiø bornholm,
6,energiø bornholm,6: energiø bornholm,
6,energiø bornholm,6: energiø bornholm,
6,energiø bornholm,6: energiø bornholm,
6,energiø bornholm,6: energiø bornholm,
6,energiø bornholm,6: energiø bornholm,
6,energiø bornholm,6: energiø bornholm,
6,energiø bornholm,6: energiø bornholm,
6,energiø bornholm,6: energiø bornholm,
6,energiø bornholm,6: energiø bornholm,
6,energiø bornholm,6: energiø bornholm,
6,energiø bornholm,6: energiø bornholm,
6,energiø bornholm,6: energiø bornholm,
6,energiø bornholm,6: energiø bornholm,
6,energiø bornholm,6: energiø bornholm,
6,energiø bornholm,6: energiø bornholm,
6,energiø bornholm,6: energiø bornholm,
6,energiø bornholm,6: energiø bornholm,
6,energiø bornholm,6: energiø bornholm,
6,energiø bornholm,6: energiø bornholm,
6,energiø bornholm,6: energiø bornholm,
6,energiø bornholm,6: energiø bornholm,
6,energiø bornholm,6: energiø bornholm,
6,energiø bornholm,6: energiø bornholm,
6,energiø bornholm,6: energiø bornholm,
6,energiø bornholm,6: energiø bornholm,
6,energiø bornholm,6: energiø bornholm,
6,energiø bornholm,6: energiø bornholm,
6,energiø bornholm,6: energiø bornholm,
6,energiø bornholm,6: energiø bornholm,
6,energiø bornholm,6: energiø bornholm,
6,energiø bornholm,6: energiø bornholm,
6,energiø bornholm,6: energiø bornholm,
6,energiø bornholm,6: energiø bornholm,
6,energiø bornholm,6: energiø bornholm,
6,energiø bornholm,6: energiø bornholm,
6,energiø bornholm,6: energiø bornholm,
6,energiø bornholm,6: energiø bornholm,
6,energiø bornholm,6: energiø bornholm,
6,energiø bornholm,6: energiø bornholm,
6,energiø bornholm,6: energiø bornholm,
6,energiø bornholm,6: energiø bornholm,
6,energiø bornholm,6: energiø bornholm,
6,energiø bornholm,6: energiø bornholm,
6,energiø bornholm,6: energiø bornholm,
6,energiø bornholm,6: energiø bornholm,
6,energiø bornholm,6: energiø bornholm,
6,energiø bornholm,6: energiø bornholm,
6,energiø bornholm,6: energiø bornholm,
6,energiø bornholm,6: energiø bornholm,
6,energiø bornholm,6: energiø bornholm,
6,energiø bornholm,6: energiø bornholm,
6,energiø bornholm,6: energiø bornholm,
6,energiø bornholm,6: energiø bornholm,
6,energiø bornholm,6: energiø bornholm,
6,energiø bornholm,6: energiø bornholm,
6,energiø bornholm,6: energiø bornholm,
6,energiø bornholm,6: energiø bornholm,
6,energiø bornholm,6: energiø bornholm,
6,energiø bornholm,6: energiø bornholm,
6,energiø bornholm,6: energiø bornholm,
6,energiø bornholm,6: energiø bornholm,
6,energiø bornholm,6: energiø bornholm,
6,energiø bornholm,6: energiø bornholm,
6,energiø bornholm,6: energiø bornholm,
6,energiø bornholm,6: energiø bornholm,
6,energiø bornholm,6: energiø bornholm,
6,energiø bornholm,6: energiø bornholm,
6,energiø bornholm,6: energiø bornholm,
6,energiø bornholm,6: energiø bornholm,
6,energiø bornholm,6: energiø bornholm,
6,energiø bornholm,6: energiø bornholm,
6,energiø bornholm,6: energiø bornholm,
6,energiø bornholm,6: energiø bornholm,
6,energiø bornholm,6: energiø bornholm,
6,energiø bornholm,6: energiø bornholm,
6,energiø bornholm,6: energiø bornholm,
6,energiø bornholm,6: energiø bornholm,
6,energiø bornholm,6: energiø bornholm,
6,energiø bornholm,6: energiø bornholm,
6,energiø bornholm,6: energiø bornholm,
6,energiø bornholm,6: energiø bornholm,
6,energiø bornholm,6: energiø bornholm,
6,energiø bornholm,6: energiø bornholm,
6,energiø bornholm,6: energiø bornholm,
6,energiø bornholm,6: energiø bornholm,
6,energiø bornholm,6: energiø bornholm,
6,energiø bornholm,6: energiø bornholm,
6,energiø bornholm,6: energiø bornholm,
6,energiø bornholm,6: energiø bornholm,
6,energiø bornholm,6: energiø bornholm,
6,energiø bornholm,6: energiø bornholm,
6,energiø bornholm,6: energiø bornholm,
6,energiø bornholm,6: energiø bornholm,
6,energiø bornholm,6: energiø bornholm,
6,energiø bornholm,6: energiø bornholm,
6,energiø bornholm,6: energiø bornholm,
6,energiø bornholm,6: energiø bornholm,
6,energiø bornholm,6: energiø bornholm,
6,energiø bornholm,6: energiø bornholm,
6,energiø bornholm,6: energiø bornholm,
6,energiø bornholm,6: energiø bornholm,
6,energiø bornholm,6: energiø bornholm,
6,energiø bornholm,6: energiø bornholm,
6,energiø bornholm,6: energiø bornholm,
6,energiø bornholm,6: energiø bornholm,
6,energiø bornholm,6: energiø bornholm,
6,energiø bornholm,6: energiø bornholm,
6,energiø bornholm,6: energiø bornholm,
6,energiø bornholm,6: energiø bornholm,
8,wind turbin,8: wind turbin,
8,wind turbin,8: wind turbin,
8,wind turbin,8: wind turbin,
8,wind turbin,8: wind turbin,
8,wind turbin,8: wind turbin,
8,wind turbin,8: wind turbin,
8,wind turbin,8: wind turbin,
8,wind turbin,8: wind turbin,
8,wind turbin,8: wind turbin,
8,wind turbin,8: wind turbin,
8,wind turbin,8: wind turbin,
8,wind turbin,8: wind turbin,
8,wind turbin,8: wind turbin,
8,wind turbin,8: wind turbin,
8,wind turbin,8: wind turbin,
8,wind turbin,8: wind turbin,
8,wind turbin,8: wind turbin,
8,wind turbin,8: wind turbin,
8,wind turbin,8: wind turbin,
8,wind turbin,8: wind turbin,
8,wind turbin,8: wind turbin,
8,wind turbin,8: wind turbin,
8,wind turbin,8: wind turbin,
8,wind turbin,8: wind turbin,
8,wind turbin,8: wind turbin,
8,wind turbin,8: wind turbin,
8,wind turbin,8: wind turbin,
8,wind turbin,8: wind turbin,
8,wind turbin,8: wind turbin,
8,wind turbin,8: wind turbin,
8,wind turbin,8: wind turbin,
8,wind turbin,8: wind turbin,
8,wind turbin,8: wind turbin,
8,wind turbin,8: wind turbin,
8,wind turbin,8: wind turbin,
8,wind turbin,8: wind turbin,
8,wind turbin,8: wind turbin,
8,wind turbin,8: wind turbin,
8,wind turbin,8: wind turbin,
8,wind turbin,8: wind turbin,
8,wind turbin,8: wind turbin,
8,wind turbin,8: wind turbin,
8,wind turbin,8: wind turbin,
8,wind turbin,8: wind turbin,
8,wind turbin,8: wind turbin,
8,wind turbin,8: wind turbin,
8,wind turbin,8: wind turbin,
8,wind turbin,8: wind turbin,
8,wind turbin,8: wind turbin,
8,wind turbin,8: wind turbin,
8,wind turbin,8: wind turbin,
8,wind turbin,8: wind turbin,
8,wind turbin,8: wind turbin,
8,wind turbin,8: wind turbin,
8,wind turbin,8: wind turbin,
8,wind turbin,8: wind turbin,
8,wind turbin,8: wind turbin,
8,wind turbin,8: wind turbin,
8,wind turbin,8: wind turbin,
8,wind turbin,8: wind turbin,
8,wind turbin,8: wind turbin,
8,wind turbin,8: wind turbin,
8,wind turbin,8: wind turbin,
8,wind turbin,8: wind turbin,
8,wind turbin,8: wind turbin,
8,wind turbin,8: wind turbin,
8,wind turbin,8: wind turbin,
8,wind turbin,8: wind turbin,
8,wind turbin,8: wind turbin,
8,wind turbin,8: wind turbin,
8,wind turbin,8: wind turbin,
8,wind turbin,8: wind turbin,
8,wind turbin,8: wind turbin,
8,wind turbin,8: wind turbin,
8,wind turbin,8: wind turbin,
8,wind turbin,8: wind turbin,
8,wind turbin,8: wind turbin,
8,wind turbin,8: wind turbin,
8,wind turbin,8: wind turbin,
8,wind turbin,8: wind turbin,
8,wind turbin,8: wind turbin,
8,wind turbin,8: wind turbin,
8,wind turbin,8: wind turbin,
8,wind turbin,8: wind turbin,
8,wind turbin,8: wind turbin,
8,wind turbin,8: wind turbin,
8,wind turbin,8: wind turbin,
8,wind turbin,8: wind turbin,
8,wind turbin,8: wind turbin,
8,wind turbin,8: wind turbin,
8,wind turbin,8: wind turbin,
8,wind turbin,8: wind turbin,
8,wind turbin,8: wind turbin,
8,wind turbin,8: wind turbin,
8,wind turbin,8: wind turbin,
8,wind turbin,8: wind turbin,
8,wind turbin,8: wind turbin,
8,wind turbin,8: wind turbin,
8,wind turbin,8: wind turbin,
8,wind turbin,8: wind turbin,
8,wind turbin,8: wind turbin,
8,wind turbin,8: wind turbin,
8,wind turbin,8: wind turbin,
8,wind turbin,8: wind turbin,
8,wind turbin,8: wind turbin,
8,wind turbin,8: wind turbin,
8,wind turbin,8: wind turbin,
8,wind turbin,8: wind turbin,
8,wind turbin,8: wind turbin,
8,wind turbin,8: wind turbin,
8,wind turbin,8: wind turbin,
8,wind turbin,8: wind turbin,
8,wind turbin,8: wind turbin,
8,wind turbin,8: wind turbin,
8,wind turbin,8: wind turbin,
8,wind turbin,8: wind turbin,
8,wind turbin,8: wind turbin,
8,wind turbin,8: wind turbin,
8,wind turbin,8: wind turbin,
8,wind turbin,8: wind turbin,
8,wind turbin,8: wind turbin,
8,wind turbin,8: wind turbin,
8,wind turbin,8: wind turbin,
8,wind turbin,8: wind turbin,
8,wind turbin,8: wind turbin,
8,wind turbin,8: wind turbin,
8,wind turbin,8: wind turbin,
8,wind turbin,8: wind turbin,
8,wind turbin,8: wind turbin,
8,wind turbin,8: wind turbin,
2,municip council,2: municip council,
2,municip council,2: municip council,
2,municip council,2: municip council,
2,municip council,2: municip council,
2,municip council,2: municip council,
2,municip council,2: municip council,
2,municip council,2: municip council,
2,municip council,2: municip council,
2,municip council,2: municip council,
2,municip council,2: municip council,
2,municip council,2: municip council,
2,municip council,2: municip council,
2,municip council,2: municip council,
2,municip council,2: municip council,
2,municip council,2: municip council,
2,municip council,2: municip council,
2,municip council,2: municip council,
2,municip council,2: municip council,
2,municip council,2: municip council,
2,municip council,2: municip council,
2,municip council,2: municip council,
2,municip council,2: municip council,
2,municip council,2: municip council,
2,municip council,2: municip council,
2,municip council,2: municip council,
2,municip council,2: municip council,
2,municip council,2: municip council,
2,municip council,2: municip council,
2,municip council,2: municip council,
2,municip council,2: municip council,
2,municip council,2: municip council,
2,municip council,2: municip council,
2,municip council,2: municip council,
2,municip council,2: municip council,
2,municip council,2: municip council,
2,municip council,2: municip council,
2,municip council,2: municip council,
2,municip council,2: municip council,
2,municip council,2: municip council,
2,municip council,2: municip council,
2,municip council,2: municip council,
2,municip council,2: municip council,
2,municip council,2: municip council,
2,municip council,2: municip council,
2,municip council,2: municip council,
2,municip council,2: municip council,
2,municip council,2: municip council,
2,municip council,2: municip council,
2,municip council,2: municip council,
2,municip council,2: municip council,
2,municip council,2: municip council,
2,municip council,2: municip council,
2,municip council,2: municip council,
2,municip council,2: municip council,
2,municip council,2: municip council,
2,municip council,2: municip council,
2,municip council,2: municip council,
2,municip council,2: municip council,
2,municip council,2: municip council,
2,municip council,2: municip council,
2,municip council,2: municip council,
2,municip council,2: municip council,
2,municip council,2: municip council,
2,municip council,2: municip council,
2,municip council,2: municip council,
2,municip council,2: municip council,
2,municip council,2: municip council,
2,municip council,2: municip council,
2,municip council,2: municip council,
2,municip council,2: municip council,
2,municip council,2: municip council,
2,municip council,2: municip council,
2,municip council,2: municip council,
2,municip council,2: municip council,
2,municip council,2: municip council,
2,municip council,2: municip council,
2,municip council,2: municip council,
2,municip council,2: municip council,
2,municip council,2: municip council,
2,municip council,2: municip council,
2,municip council,2: municip council,
2,municip council,2: municip council,
2,municip council,2: municip council,
2,municip council,2: municip council,
2,municip council,2: municip council,
2,municip council,2: municip council,
2,municip council,2: municip council,
2,municip council,2: municip council,
2,municip council,2: municip council,
2,municip council,2: municip council,
2,municip council,2: municip council,
2,municip council,2: municip council,
2,municip council,2: municip council,
2,municip council,2: municip council,
2,municip council,2: municip council,
2,municip council,2: municip council,
2,municip council,2: municip council,
2,municip council,2: municip council,
2,municip council,2: municip council,
2,municip council,2: municip council,
2,municip council,2: municip council,
2,municip council,2: municip council,
2,municip council,2: municip council,
2,municip council,2: municip council,
2,municip council,2: municip council,
2,municip council,2: municip council,
2,municip council,2: municip council,
2,municip council,2: municip council,
2,municip council,2: municip council,
2,municip council,2: municip council,
2,municip council,2: municip council,
2,municip council,2: municip council,
2,municip council,2: municip council,
2,municip council,2: municip council,
2,municip council,2: municip council,
2,municip council,2: municip council,
2,municip council,2: municip council,
2,municip council,2: municip council,
2,municip council,2: municip council,
2,municip council,2: municip council,
2,municip council,2: municip council,
2,municip council,2: municip council,
2,municip council,2: municip council,
2,municip council,2: municip council,
2,municip council,2: municip council,
2,municip council,2: municip council,
2,municip council,2: municip council,
2,municip council,2: municip council,
2,municip council,2: municip council,
2,municip council,2: municip council,
2,municip council,2: municip council,
2,municip council,2: municip council,
2,municip council,2: municip council,
2,municip council,2: municip council,
2,municip council,2: municip council,
2,municip council,2: municip council,
2,municip council,2: municip council,
2,municip council,2: municip council,
2,municip council,2: municip council,
2,municip council,2: municip council,
2,municip council,2: municip council,
2,municip council,2: municip council,
2,municip council,2: municip council,
2,municip council,2: municip council,
2,municip council,2: municip council,
2,municip council,2: municip council,
2,municip council,2: municip council,
2,municip council,2: municip council,
2,municip council,2: municip council,
2,municip council,2: municip council,
2,municip council,2: municip council,
2,municip council,2: municip council,
2,municip council,2: municip council,
2,municip council,2: municip council,
2,municip council,2: municip council,
2,municip council,2: municip council,
2,municip council,2: municip council,
2,municip council,2: municip council,
2,municip council,2: municip council,
2,municip council,2: municip council,
2,municip council,2: municip council,
2,municip council,2: municip council,
2,municip council,2: municip council,
2,municip council,2: municip council,
2,municip council,2: municip council,
2,municip council,2: municip council,
2,municip council,2: municip council,
2,municip council,2: municip council,
2,municip council,2: municip council,
2,municip council,2: municip council,
2,municip council,2: municip council,
2,municip council,2: municip council,
2,municip council,2: municip council,
2,municip council,2: municip council,
2,municip council,2: municip council,
2,municip council,2: municip council,
2,municip council,2: municip council,
2,municip council,2: municip council,
2,municip council,2: municip council,
2,municip council,2: municip council,
2,municip council,2: municip council,
2,municip council,2: municip council,
2,municip council,2: municip council,
2,municip council,2: municip council,
2,municip council,2: municip council,
2,municip council,2: municip council,
2,municip council,2: municip council,
2,municip council,2: municip council,
2,municip council,2: municip council,
2,municip council,2: municip council,
2,municip council,2: municip council,
2,municip council,2: municip council,
2,municip council,2: municip council,
2,municip council,2: municip council,
2,municip council,2: municip council,
2,municip council,2: municip council,
2,municip council,2: municip council,
2,municip council,2: municip council,
2,municip council,2: municip council,
2,municip council,2: municip council,
2,municip council,2: municip council,
2,municip council,2: municip council,
2,municip council,2: municip council,
2,municip council,2: municip council,
2,municip council,2: municip council,
2,municip council,2: municip council,
2,municip council,2: municip council,
2,municip council,2: municip council,
2,municip council,2: municip council,
2,municip council,2: municip council,
2,municip council,2: municip council,
2,municip council,2: municip council,
2,municip council,2: municip council,
2,municip council,2: municip council,
2,municip council,2: municip council,
2,municip council,2: municip council,
2,municip council,2: municip council,
2,municip council,2: municip council,
2,municip council,2: municip council,
2,municip council,2: municip council,
2,municip council,2: municip council,
2,municip council,2: municip council,
2,municip council,2: municip council,
2,municip council,2: municip council,
2,municip council,2: municip council,
2,municip council,2: municip council,
2,municip council,2: municip council,
2,municip council,2: municip council,
2,municip council,2: municip council,
2,municip council,2: municip council,
2,municip council,2: municip council,
2,municip council,2: municip council,
2,municip council,2: municip council,
2,municip council,2: municip council,
2,municip council,2: municip council,
2,municip council,2: municip council,
2,municip council,2: municip council,
2,municip council,2: municip council,
2,municip council,2: municip council,
2,municip council,2: municip council,
2,municip council,2: municip council,
2,municip council,2: municip council,
2,municip council,2: municip council,
2,municip council,2: municip council,
2,municip council,2: municip council,
2,municip council,2: municip council,
2,municip council,2: municip council,
2,municip council,2: municip council,
2,municip council,2: municip council,
2,municip council,2: municip council,
2,municip council,2: municip council,
2,municip council,2: municip council,
2,municip council,2: municip council,
2,municip council,2: municip council,
2,municip council,2: municip council,
2,municip council,2: municip council,
2,municip council,2: municip council,
2,municip council,2: municip council,
2,municip council,2: municip council,
2,municip council,2: municip council,
2,municip council,2: municip council,
2,municip council,2: municip council,
2,municip council,2: municip council,
2,municip council,2: municip council,
2,municip council,2: municip council,
2,municip council,2: municip council,
2,municip council,2: municip council,
2,municip council,2: municip council,
2,municip council,2: municip council,
2,municip council,2: municip council,
2,municip council,2: municip council,
2,municip council,2: municip council,
2,municip council,2: municip council,
2,municip council,2: municip council,
2,municip council,2: municip council,
2,municip council,2: municip council,
2,municip council,2: municip council,
2,municip council,2: municip council,
2,municip council,2: municip council,
2,municip council,2: municip council,
2,municip council,2: municip council,
2,municip council,2: municip council,
2,municip council,2: municip council,
2,municip council,2: municip council,
2,municip council,2: municip council,
2,municip council,2: municip council,
2,municip council,2: municip council,
2,municip council,2: municip council,
2,municip council,2: municip council,
2,municip council,2: municip council,
2,municip council,2: municip council,
2,municip council,2: municip council,
2,municip council,2: municip council,
2,municip council,2: municip council,
2,municip council,2: municip council,
2,municip council,2: municip council,
2,municip council,2: municip council,
2,municip council,2: municip council,
2,municip council,2: municip council,
2,municip council,2: municip council,
2,municip council,2: municip council,
2,municip council,2: municip council,
2,municip council,2: municip council,
2,municip council,2: municip council,
2,municip council,2: municip council,
2,municip council,2: municip council,
2,municip council,2: municip council,
2,municip council,2: municip council,
2,municip council,2: municip council,
2,municip council,2: municip council,
2,municip council,2: municip council,
2,municip council,2: municip council,
2,municip council,2: municip council,
2,municip council,2: municip council,
2,municip council,2: municip council,
2,municip council,2: municip council,
2,municip council,2: municip council,
2,municip council,2: municip council,
2,municip council,2: municip council,
2,municip council,2: municip council,
2,municip council,2: municip council,
2,municip council,2: municip council,
2,municip council,2: municip council,
2,municip council,2: municip council,
2,municip council,2: municip council,
2,municip council,2: municip council,
2,municip council,2: municip council,
2,municip council,2: municip council,
2,municip council,2: municip council,
2,municip council,2: municip council,
2,municip council,2: municip council,
2,municip council,2: municip council,
2,municip council,2: municip council,
2,municip council,2: municip council,
2,municip council,2: municip council,
2,municip council,2: municip council,
2,municip council,2: municip council,
2,municip council,2: municip council,
2,municip council,2: municip council,
2,municip council,2: municip council,
2,municip council,2: municip council,
2,municip council,2: municip council,
2,municip council,2: municip council,
2,municip council,2: municip council,
2,municip council,2: municip council,
2,municip council,2: municip council,
2,municip council,2: municip council,
2,municip council,2: municip council,
2,municip council,2: municip council,
2,municip council,2: municip council,
2,municip council,2: municip council,
2,municip council,2: municip council,
2,municip council,2: municip council,
2,municip council,2: municip council,
2,municip council,2: municip council,
2,municip council,2: municip council,
2,municip council,2: municip council,
2,municip council,2: municip council,
2,municip council,2: municip council,
2,municip council,2: municip council,
2,municip council,2: municip council,
2,municip council,2: municip council,
2,municip council,2: municip council,
2,municip council,2: municip council,
2,municip council,2: municip council,
2,municip council,2: municip council,
2,municip council,2: municip council,
2,municip council,2: municip council,
2,municip council,2: municip council,
2,municip council,2: municip council,
2,municip council,2: municip council,
2,municip council,2: municip council,
2,municip council,2: municip council,
2,municip council,2: municip council,
2,municip council,2: municip council,
2,municip council,2: municip council,
2,municip council,2: municip council,
2,municip council,2: municip council,
2,municip council,2: municip council,
2,municip council,2: municip council,
2,municip council,2: municip council,
2,municip council,2: municip council,
2,municip council,2: municip council,
2,municip council,2: municip council,
2,municip council,2: municip council,
2,municip council,2: municip council,
2,municip council,2: municip council,
2,municip council,2: municip council,
2,municip council,2: municip council,
2,municip council,2: municip council,
2,municip council,2: municip council,
2,municip council,2: municip council,
2,municip council,2: municip council,
2,municip council,2: municip council,
2,municip council,2: municip council,
2,municip council,2: municip council,
2,municip council,2: municip council,
2,municip council,2: municip council,
2,municip council,2: municip council,
2,municip council,2: municip council,
2,municip council,2: municip council,
2,municip council,2: municip council,
2,municip council,2: municip council,
2,municip council,2: municip council,
2,municip council,2: municip council,
2,municip council,2: municip council,
2,municip council,2: municip council,
2,municip council,2: municip council,
2,municip council,2: municip council,
2,municip council,2: municip council,
2,municip council,2: municip council,
2,municip council,2: municip council,
2,municip council,2: municip council,
2,municip council,2: municip council,
2,municip council,2: municip council,
2,municip council,2: municip council,
2,municip council,2: municip council,
2,municip council,2: municip council,
2,municip council,2: municip council,
2,municip council,2: municip council,
2,municip council,2: municip council,
2,municip council,2: municip council,
2,municip council,2: municip council,
2,municip council,2: municip council,
2,municip council,2: municip council,
2,municip council,2: municip council,
2,municip council,2: municip council,
2,municip council,2: municip council,
2,municip council,2: municip council,
2,municip council,2: municip council,
2,municip council,2: municip council,
2,municip council,2: municip council,
2,municip council,2: municip council,
2,municip council,2: municip council,
2,municip council,2: municip council,
2,municip council,2: municip council,
2,municip council,2: municip council,
2,municip council,2: municip council,
2,municip council,2: municip council,
2,municip council,2: municip council,
2,municip council,2: municip council,
2,municip council,2: municip council,
2,municip council,2: municip council,
2,municip council,2: municip council,
2,municip council,2: municip council,
2,municip council,2: municip council,
2,municip council,2: municip council,
2,municip council,2: municip council,
2,municip council,2: municip council,
2,municip council,2: municip council,
2,municip council,2: municip council,
2,municip council,2: municip council,
2,municip council,2: municip council,
2,municip council,2: municip council,
2,municip council,2: municip council,
2,municip council,2: municip council,
2,municip council,2: municip council,
2,municip council,2: municip council,
2,municip council,2: municip council,
2,municip council,2: municip council,
2,municip council,2: municip council,
2,municip council,2: municip council,
2,municip council,2: municip council,
2,municip council,2: municip council,
2,municip council,2: municip council,
2,municip council,2: municip council,
2,municip council,2: municip council,
2,municip council,2: municip council,
6,energiø bornholm,6: energiø bornholm,
6,energiø bornholm,6: energiø bornholm,
6,energiø bornholm,6: energiø bornholm,
6,energiø bornholm,6: energiø bornholm,
6,energiø bornholm,6: energiø bornholm,
6,energiø bornholm,6: energiø bornholm,
6,energiø bornholm,6: energiø bornholm,
6,energiø bornholm,6: energiø bornholm,
6,energiø bornholm,6: energiø bornholm,
6,energiø bornholm,6: energiø bornholm,
6,energiø bornholm,6: energiø bornholm,
6,energiø bornholm,6: energiø bornholm,
6,energiø bornholm,6: energiø bornholm,
6,energiø bornholm,6: energiø bornholm,
6,energiø bornholm,6: energiø bornholm,
6,energiø bornholm,6: energiø bornholm,
6,energiø bornholm,6: energiø bornholm,
6,energiø bornholm,6: energiø bornholm,
6,energiø bornholm,6: energiø bornholm,
6,energiø bornholm,6: energiø bornholm,
6,energiø bornholm,6: energiø bornholm,
6,energiø bornholm,6: energiø bornholm,
6,energiø bornholm,6: energiø bornholm,
6,energiø bornholm,6: energiø bornholm,
6,energiø bornholm,6: energiø bornholm,
6,energiø bornholm,6: energiø bornholm,
6,energiø bornholm,6: energiø bornholm,
6,energiø bornholm,6: energiø bornholm,
6,energiø bornholm,6: energiø bornholm,
6,energiø bornholm,6: energiø bornholm,
6,energiø bornholm,6: energiø bornholm,
6,energiø bornholm,6: energiø bornholm,
6,energiø bornholm,6: energiø bornholm,
6,energiø bornholm,6: energiø bornholm,
6,energiø bornholm,6: energiø bornholm,
6,energiø bornholm,6: energiø bornholm,
6,energiø bornholm,6: energiø bornholm,
6,energiø bornholm,6: energiø bornholm,
6,energiø bornholm,6: energiø bornholm,
6,energiø bornholm,6: energiø bornholm,
6,energiø bornholm,6: energiø bornholm,
6,energiø bornholm,6: energiø bornholm,
6,energiø bornholm,6: energiø bornholm,
6,energiø bornholm,6: energiø bornholm,
6,energiø bornholm,6: energiø bornholm,
6,energiø bornholm,6: energiø bornholm,
6,energiø bornholm,6: energiø bornholm,
6,energiø bornholm,6: energiø bornholm,
6,energiø bornholm,6: energiø bornholm,
6,energiø bornholm,6: energiø bornholm,
6,energiø bornholm,6: energiø bornholm,
6,energiø bornholm,6: energiø bornholm,
6,energiø bornholm,6: energiø bornholm,
6,energiø bornholm,6: energiø bornholm,
6,energiø bornholm,6: energiø bornholm,
6,energiø bornholm,6: energiø bornholm,
6,energiø bornholm,6: energiø bornholm,
6,energiø bornholm,6: energiø bornholm,
6,energiø bornholm,6: energiø bornholm,
6,energiø bornholm,6: energiø bornholm,
6,energiø bornholm,6: energiø bornholm,
6,energiø bornholm,6: energiø bornholm,
6,energiø bornholm,6: energiø bornholm,
6,energiø bornholm,6: energiø bornholm,
6,energiø bornholm,6: energiø bornholm,
6,energiø bornholm,6: energiø bornholm,
6,energiø bornholm,6: energiø bornholm,
6,energiø bornholm,6: energiø bornholm,
6,energiø bornholm,6: energiø bornholm,
6,energiø bornholm,6: energiø bornholm,
6,energiø bornholm,6: energiø bornholm,
6,energiø bornholm,6: energiø bornholm,
6,energiø bornholm,6: energiø bornholm,
6,energiø bornholm,6: energiø bornholm,
6,energiø bornholm,6: energiø bornholm,
6,energiø bornholm,6: energiø bornholm,
6,energiø bornholm,6: energiø bornholm,
6,energiø bornholm,6: energiø bornholm,
6,energiø bornholm,6: energiø bornholm,
6,energiø bornholm,6: energiø bornholm,
6,energiø bornholm,6: energiø bornholm,
6,energiø bornholm,6: energiø bornholm,
6,energiø bornholm,6: energiø bornholm,
6,energiø bornholm,6: energiø bornholm,
6,energiø bornholm,6: energiø bornholm,
6,energiø bornholm,6: energiø bornholm,
6,energiø bornholm,6: energiø bornholm,
6,energiø bornholm,6: energiø bornholm,
6,energiø bornholm,6: energiø bornholm,
6,energiø bornholm,6: energiø bornholm,
6,energiø bornholm,6: energiø bornholm,
6,energiø bornholm,6: energiø bornholm,
6,energiø bornholm,6: energiø bornholm,
6,energiø bornholm,6: energiø bornholm,
6,energiø bornholm,6: energiø bornholm,
6,energiø bornholm,6: energiø bornholm,
6,energiø bornholm,6: energiø bornholm,
6,energiø bornholm,6: energiø bornholm,
6,energiø bornholm,6: energiø bornholm,
6,energiø bornholm,6: energiø bornholm,
6,energiø bornholm,6: energiø bornholm,
6,energiø bornholm,6: energiø bornholm,
6,energiø bornholm,6: energiø bornholm,
6,energiø bornholm,6: energiø bornholm,
6,energiø bornholm,6: energiø bornholm,
6,energiø bornholm,6: energiø bornholm,
6,energiø bornholm,6: energiø bornholm,
6,energiø bornholm,6: energiø bornholm,
6,energiø bornholm,6: energiø bornholm,
6,energiø bornholm,6: energiø bornholm,
6,energiø bornholm,6: energiø bornholm,
6,energiø bornholm,6: energiø bornholm,
6,energiø bornholm,6: energiø bornholm,
6,energiø bornholm,6: energiø bornholm,
6,energiø bornholm,6: energiø bornholm,
6,energiø bornholm,6: energiø bornholm,
6,energiø bornholm,6: energiø bornholm,
6,energiø bornholm,6: energiø bornholm,
6,energiø bornholm,6: energiø bornholm,
6,energiø bornholm,6: energiø bornholm,
6,energiø bornholm,6: energiø bornholm,
6,energiø bornholm,6: energiø bornholm,
6,energiø bornholm,6: energiø bornholm,
6,energiø bornholm,6: energiø bornholm,
6,energiø bornholm,6: energiø bornholm,
6,energiø bornholm,6: energiø bornholm,
6,energiø bornholm,6: energiø bornholm,
6,energiø bornholm,6: energiø bornholm,
6,energiø bornholm,6: energiø bornholm,
6,energiø bornholm,6: energiø bornholm,
6,energiø bornholm,6: energiø bornholm,
6,energiø bornholm,6: energiø bornholm,
6,energiø bornholm,6: energiø bornholm,
6,energiø bornholm,6: energiø bornholm,
6,energiø bornholm,6: energiø bornholm,
6,energiø bornholm,6: energiø bornholm,
6,energiø bornholm,6: energiø bornholm,
6,energiø bornholm,6: energiø bornholm,
6,energiø bornholm,6: energiø bornholm,
6,energiø bornholm,6: energiø bornholm,
6,energiø bornholm,6: energiø bornholm,
6,energiø bornholm,6: energiø bornholm,
6,energiø bornholm,6: energiø bornholm,
6,energiø bornholm,6: energiø bornholm,
6,energiø bornholm,6: energiø bornholm,
6,energiø bornholm,6: energiø bornholm,
6,energiø bornholm,6: energiø bornholm,
6,energiø bornholm,6: energiø bornholm,
6,energiø bornholm,6: energiø bornholm,
6,energiø bornholm,6: energiø bornholm,
6,energiø bornholm,6: energiø bornholm,
6,energiø bornholm,6: energiø bornholm,
6,energiø bornholm,6: energiø bornholm,
6,energiø bornholm,6: energiø bornholm,
6,energiø bornholm,6: energiø bornholm,
6,energiø bornholm,6: energiø bornholm,
6,energiø bornholm,6: energiø bornholm,
6,energiø bornholm,6: energiø bornholm,
6,energiø bornholm,6: energiø bornholm,
6,energiø bornholm,6: energiø bornholm,
6,energiø bornholm,6: energiø bornholm,
6,energiø bornholm,6: energiø bornholm,
6,energiø bornholm,6: energiø bornholm,
6,energiø bornholm,6: energiø bornholm,
6,energiø bornholm,6: energiø bornholm,
6,energiø bornholm,6: energiø bornholm,
6,energiø bornholm,6: energiø bornholm,
6,energiø bornholm,6: energiø bornholm,
6,energiø bornholm,6: energiø bornholm,
6,energiø bornholm,6: energiø bornholm,
6,energiø bornholm,6: energiø bornholm,
2,municip council,2: municip council,
2,municip council,2: municip council,
2,municip council,2: municip council,
2,municip council,2: municip council,
2,municip council,2: municip council,
2,municip council,2: municip council,
2,municip council,2: municip council,
2,municip council,2: municip council,
2,municip council,2: municip council,
2,municip council,2: municip council,
2,municip council,2: municip council,
2,municip council,2: municip council,
2,municip council,2: municip council,
2,municip council,2: municip council,
2,municip council,2: municip council,
2,municip council,2: municip council,
2,municip council,2: municip council,
2,municip council,2: municip council,
2,municip council,2: municip council,
2,municip council,2: municip council,
2,municip council,2: municip council,
2,municip council,2: municip council,
2,municip council,2: municip council,
2,municip council,2: municip council,
2,municip council,2: municip council,
2,municip council,2: municip council,
2,municip council,2: municip council,
2,municip council,2: municip council,
2,municip council,2: municip council,
2,municip council,2: municip council,
2,municip council,2: municip council,
2,municip council,2: municip council,
2,municip council,2: municip council,
2,municip council,2: municip council,
2,municip council,2: municip council,
2,municip council,2: municip council,
2,municip council,2: municip council,
2,municip council,2: municip council,
2,municip council,2: municip council,
2,municip council,2: municip council,
2,municip council,2: municip council,
2,municip council,2: municip council,
2,municip council,2: municip council,
2,municip council,2: municip council,
2,municip council,2: municip council,
2,municip council,2: municip council,
2,municip council,2: municip council,
2,municip council,2: municip council,
2,municip council,2: municip council,
2,municip council,2: municip council,
2,municip council,2: municip council,
2,municip council,2: municip council,
2,municip council,2: municip council,
2,municip council,2: municip council,
2,municip council,2: municip council,
2,municip council,2: municip council,
2,municip council,2: municip council,
2,municip council,2: municip council,
2,municip council,2: municip council,
2,municip council,2: municip council,
2,municip council,2: municip council,
2,municip council,2: municip council,
2,municip council,2: municip council,
2,municip council,2: municip council,
2,municip council,2: municip council,
2,municip council,2: municip council,
2,municip council,2: municip council,
2,municip council,2: municip council,
2,municip council,2: municip council,
2,municip council,2: municip council,
2,municip council,2: municip council,
2,municip council,2: municip council,
2,municip council,2: municip council,
2,municip council,2: municip council,
2,municip council,2: municip council,
2,municip council,2: municip council,
2,municip council,2: municip council,
2,municip council,2: municip council,
2,municip council,2: municip council,
2,municip council,2: municip council,
2,municip council,2: municip council,
2,municip council,2: municip council,
2,municip council,2: municip council,
2,municip council,2: municip council,
2,municip council,2: municip council,
2,municip council,2: municip council,
2,municip council,2: municip council,
2,municip council,2: municip council,
2,municip council,2: municip council,
2,municip council,2: municip council,
2,municip council,2: municip council,
2,municip council,2: municip council,
2,municip council,2: municip council,
2,municip council,2: municip council,
2,municip council,2: municip council,
2,municip council,2: municip council,
2,municip council,2: municip council,
2,municip council,2: municip council,
2,municip council,2: municip council,
2,municip council,2: municip council,
2,municip council,2: municip council,
2,municip council,2: municip council,
2,municip council,2: municip council,
2,municip council,2: municip council,
2,municip council,2: municip council,
2,municip council,2: municip council,
2,municip council,2: municip council,
2,municip council,2: municip council,
2,municip council,2: municip council,
2,municip council,2: municip council,
2,municip council,2: municip council,
2,municip council,2: municip council,
2,municip council,2: municip council,
2,municip council,2: municip council,
2,municip council,2: municip council,
2,municip council,2: municip council,
2,municip council,2: municip council,
2,municip council,2: municip council,
2,municip council,2: municip council,
2,municip council,2: municip council,
2,municip council,2: municip council,
2,municip council,2: municip council,
2,municip council,2: municip council,
2,municip council,2: municip council,
2,municip council,2: municip council,
2,municip council,2: municip council,
2,municip council,2: municip council,
2,municip council,2: municip council,
2,municip council,2: municip council,
2,municip council,2: municip council,
2,municip council,2: municip council,
2,municip council,2: municip council,
2,municip council,2: municip council,
2,municip council,2: municip council,
2,municip council,2: municip council,
2,municip council,2: municip council,
2,municip council,2: municip council,
2,municip council,2: municip council,
2,municip council,2: municip council,
2,municip council,2: municip council,
2,municip council,2: municip council,
2,municip council,2: municip council,
2,municip council,2: municip council,
2,municip council,2: municip council,
2,municip council,2: municip council,
2,municip council,2: municip council,
2,municip council,2: municip council,
2,municip council,2: municip council,
2,municip council,2: municip council,
2,municip council,2: municip council,
2,municip council,2: municip council,
2,municip council,2: municip council,
2,municip council,2: municip council,
2,municip council,2: municip council,
2,municip council,2: municip council,
2,municip council,2: municip council,
0,energi island,0: energi island,
0,energi island,0: energi island,
0,energi island,0: energi island,
0,energi island,0: energi island,
0,energi island,0: energi island,
0,energi island,0: energi island,
0,energi island,0: energi island,
0,energi island,0: energi island,
0,energi island,0: energi island,
0,energi island,0: energi island,
0,energi island,0: energi island,
0,energi island,0: energi island,
0,energi island,0: energi island,
0,energi island,0: energi island,
0,energi island,0: energi island,
0,energi island,0: energi island,
0,energi island,0: energi island,
0,energi island,0: energi island,
0,energi island,0: energi island,
0,energi island,0: energi island,
0,energi island,0: energi island,
0,energi island,0: energi island,
0,energi island,0: energi island,
0,energi island,0: energi island,
0,energi island,0: energi island,
0,energi island,0: energi island,
0,energi island,0: energi island,
0,energi island,0: energi island,
0,energi island,0: energi island,
0,energi island,0: energi island,
0,energi island,0: energi island,
0,energi island,0: energi island,
0,energi island,0: energi island,
0,energi island,0: energi island,
0,energi island,0: energi island,
0,energi island,0: energi island,
0,energi island,0: energi island,
0,energi island,0: energi island,
0,energi island,0: energi island,
0,energi island,0: energi island,
0,energi island,0: energi island,
0,energi island,0: energi island,
0,energi island,0: energi island,
0,energi island,0: energi island,
0,energi island,0: energi island,
0,energi island,0: energi island,
0,energi island,0: energi island,
0,energi island,0: energi island,
0,energi island,0: energi island,
0,energi island,0: energi island,
0,energi island,0: energi island,
0,energi island,0: energi island,
0,energi island,0: energi island,
0,energi island,0: energi island,
0,energi island,0: energi island,
0,energi island,0: energi island,
0,energi island,0: energi island,
0,energi island,0: energi island,
0,energi island,0: energi island,
0,energi island,0: energi island,
0,energi island,0: energi island,
0,energi island,0: energi island,
0,energi island,0: energi island,
0,energi island,0: energi island,
0,energi island,0: energi island,
0,energi island,0: energi island,
0,energi island,0: energi island,
0,energi island,0: energi island,
0,energi island,0: energi island,
0,energi island,0: energi island,
0,energi island,0: energi island,
0,energi island,0: energi island,
0,energi island,0: energi island,
0,energi island,0: energi island,
0,energi island,0: energi island,
0,energi island,0: energi island,
0,energi island,0: energi island,
0,energi island,0: energi island,
0,energi island,0: energi island,
0,energi island,0: energi island,
0,energi island,0: energi island,
0,energi island,0: energi island,
0,energi island,0: energi island,
0,energi island,0: energi island,
0,energi island,0: energi island,
0,energi island,0: energi island,
0,energi island,0: energi island,
0,energi island,0: energi island,
0,energi island,0: energi island,
0,energi island,0: energi island,
0,energi island,0: energi island,
0,energi island,0: energi island,
0,energi island,0: energi island,
0,energi island,0: energi island,
0,energi island,0: energi island,
0,energi island,0: energi island,
0,energi island,0: energi island,
0,energi island,0: energi island,
0,energi island,0: energi island,
0,energi island,0: energi island,
0,energi island,0: energi island,
0,energi island,0: energi island,
0,energi island,0: energi island,
0,energi island,0: energi island,
0,energi island,0: energi island,
0,energi island,0: energi island,
0,energi island,0: energi island,
0,energi island,0: energi island,
0,energi island,0: energi island,
0,energi island,0: energi island,
0,energi island,0: energi island,
0,energi island,0: energi island,
0,energi island,0: energi island,
0,energi island,0: energi island,
0,energi island,0: energi island,
0,energi island,0: energi island,
0,energi island,0: energi island,
0,energi island,0: energi island,
0,energi island,0: energi island,
0,energi island,0: energi island,
0,energi island,0: energi island,
0,energi island,0: energi island,
0,energi island,0: energi island,
0,energi island,0: energi island,
0,energi island,0: energi island,
0,energi island,0: energi island,
0,energi island,0: energi island,
0,energi island,0: energi island,
0,energi island,0: energi island,
0,energi island,0: energi island,
0,energi island,0: energi island,
0,energi island,0: energi island,
0,energi island,0: energi island,
0,energi island,0: energi island,
0,energi island,0: energi island,
0,energi island,0: energi island,
0,energi island,0: energi island,
0,energi island,0: energi island,
0,energi island,0: energi island,
0,energi island,0: energi island,
0,energi island,0: energi island,
0,energi island,0: energi island,
0,energi island,0: energi island,
0,energi island,0: energi island,
0,energi island,0: energi island,
0,energi island,0: energi island,
0,energi island,0: energi island,
0,energi island,0: energi island,
0,energi island,0: energi island,
0,energi island,0: energi island,
0,energi island,0: energi island,
0,energi island,0: energi island,
0,energi island,0: energi island,
0,energi island,0: energi island,
0,energi island,0: energi island,
0,energi island,0: energi island,
0,energi island,0: energi island,
6,energiø bornholm,6: energiø bornholm,
6,energiø bornholm,6: energiø bornholm,
6,energiø bornholm,6: energiø bornholm,
6,energiø bornholm,6: energiø bornholm,
6,energiø bornholm,6: energiø bornholm,
6,energiø bornholm,6: energiø bornholm,
6,energiø bornholm,6: energiø bornholm,
6,energiø bornholm,6: energiø bornholm,
6,energiø bornholm,6: energiø bornholm,
6,energiø bornholm,6: energiø bornholm,
6,energiø bornholm,6: energiø bornholm,
6,energiø bornholm,6: energiø bornholm,
6,energiø bornholm,6: energiø bornholm,
6,energiø bornholm,6: energiø bornholm,
6,energiø bornholm,6: energiø bornholm,
6,energiø bornholm,6: energiø bornholm,
6,energiø bornholm,6: energiø bornholm,
6,energiø bornholm,6: energiø bornholm,
6,energiø bornholm,6: energiø bornholm,
6,energiø bornholm,6: energiø bornholm,
6,energiø bornholm,6: energiø bornholm,
6,energiø bornholm,6: energiø bornholm,
6,energiø bornholm,6: energiø bornholm,
6,energiø bornholm,6: energiø bornholm,
6,energiø bornholm,6: energiø bornholm,
6,energiø bornholm,6: energiø bornholm,
6,energiø bornholm,6: energiø bornholm,
6,energiø bornholm,6: energiø bornholm,
6,energiø bornholm,6: energiø bornholm,
6,energiø bornholm,6: energiø bornholm,
6,energiø bornholm,6: energiø bornholm,
6,energiø bornholm,6: energiø bornholm,
6,energiø bornholm,6: energiø bornholm,
6,energiø bornholm,6: energiø bornholm,
6,energiø bornholm,6: energiø bornholm,
6,energiø bornholm,6: energiø bornholm,
6,energiø bornholm,6: energiø bornholm,
6,energiø bornholm,6: energiø bornholm,
6,energiø bornholm,6: energiø bornholm,
6,energiø bornholm,6: energiø bornholm,
6,energiø bornholm,6: energiø bornholm,
6,energiø bornholm,6: energiø bornholm,
6,energiø bornholm,6: energiø bornholm,
6,energiø bornholm,6: energiø bornholm,
6,energiø bornholm,6: energiø bornholm,
6,energiø bornholm,6: energiø bornholm,
6,energiø bornholm,6: energiø bornholm,
6,energiø bornholm,6: energiø bornholm,
6,energiø bornholm,6: energiø bornholm,
6,energiø bornholm,6: energiø bornholm,
6,energiø bornholm,6: energiø bornholm,
6,energiø bornholm,6: energiø bornholm,
6,energiø bornholm,6: energiø bornholm,
6,energiø bornholm,6: energiø bornholm,
6,energiø bornholm,6: energiø bornholm,
6,energiø bornholm,6: energiø bornholm,
6,energiø bornholm,6: energiø bornholm,
6,energiø bornholm,6: energiø bornholm,
6,energiø bornholm,6: energiø bornholm,
6,energiø bornholm,6: energiø bornholm,
6,energiø bornholm,6: energiø bornholm,
6,energiø bornholm,6: energiø bornholm,
6,energiø bornholm,6: energiø bornholm,
6,energiø bornholm,6: energiø bornholm,
6,energiø bornholm,6: energiø bornholm,
6,energiø bornholm,6: energiø bornholm,
6,energiø bornholm,6: energiø bornholm,
6,energiø bornholm,6: energiø bornholm,
6,energiø bornholm,6: energiø bornholm,
6,energiø bornholm,6: energiø bornholm,
6,energiø bornholm,6: energiø bornholm,
6,energiø bornholm,6: energiø bornholm,
6,energiø bornholm,6: energiø bornholm,
6,energiø bornholm,6: energiø bornholm,
6,energiø bornholm,6: energiø bornholm,
6,energiø bornholm,6: energiø bornholm,
6,energiø bornholm,6: energiø bornholm,
6,energiø bornholm,6: energiø bornholm,
6,energiø bornholm,6: energiø bornholm,
6,energiø bornholm,6: energiø bornholm,
6,energiø bornholm,6: energiø bornholm,
6,energiø bornholm,6: energiø bornholm,
6,energiø bornholm,6: energiø bornholm,
6,energiø bornholm,6: energiø bornholm,
6,energiø bornholm,6: energiø bornholm,
6,energiø bornholm,6: energiø bornholm,
6,energiø bornholm,6: energiø bornholm,
6,energiø bornholm,6: energiø bornholm,
6,energiø bornholm,6: energiø bornholm,
6,energiø bornholm,6: energiø bornholm,
6,energiø bornholm,6: energiø bornholm,
6,energiø bornholm,6: energiø bornholm,
6,energiø bornholm,6: energiø bornholm,
6,energiø bornholm,6: energiø bornholm,
6,energiø bornholm,6: energiø bornholm,
6,energiø bornholm,6: energiø bornholm,
6,energiø bornholm,6: energiø bornholm,
6,energiø bornholm,6: energiø bornholm,
6,energiø bornholm,6: energiø bornholm,
6,energiø bornholm,6: energiø bornholm,
6,energiø bornholm,6: energiø bornholm,
6,energiø bornholm,6: energiø bornholm,
6,energiø bornholm,6: energiø bornholm,
6,energiø bornholm,6: energiø bornholm,
6,energiø bornholm,6: energiø bornholm,
6,energiø bornholm,6: energiø bornholm,
6,energiø bornholm,6: energiø bornholm,
6,energiø bornholm,6: energiø bornholm,
6,energiø bornholm,6: energiø bornholm,
6,energiø bornholm,6: energiø bornholm,
6,energiø bornholm,6: energiø bornholm,
6,energiø bornholm,6: energiø bornholm,
6,energiø bornholm,6: energiø bornholm,
6,energiø bornholm,6: energiø bornholm,
6,energiø bornholm,6: energiø bornholm,
6,energiø bornholm,6: energiø bornholm,
6,energiø bornholm,6: energiø bornholm,
6,energiø bornholm,6: energiø bornholm,
6,energiø bornholm,6: energiø bornholm,
6,energiø bornholm,6: energiø bornholm,
6,energiø bornholm,6: energiø bornholm,
6,energiø bornholm,6: energiø bornholm,
6,energiø bornholm,6: energiø bornholm,
6,energiø bornholm,6: energiø bornholm,
6,energiø bornholm,6: energiø bornholm,
6,energiø bornholm,6: energiø bornholm,
6,energiø bornholm,6: energiø bornholm,
6,energiø bornholm,6: energiø bornholm,
6,energiø bornholm,6: energiø bornholm,
6,energiø bornholm,6: energiø bornholm,
6,energiø bornholm,6: energiø bornholm,
6,energiø bornholm,6: energiø bornholm,
6,energiø bornholm,6: energiø bornholm,
6,energiø bornholm,6: energiø bornholm,
6,energiø bornholm,6: energiø bornholm,
6,energiø bornholm,6: energiø bornholm,
6,energiø bornholm,6: energiø bornholm,
6,energiø bornholm,6: energiø bornholm,
6,energiø bornholm,6: energiø bornholm,
6,energiø bornholm,6: energiø bornholm,
6,energiø bornholm,6: energiø bornholm,
6,energiø bornholm,6: energiø bornholm,
6,energiø bornholm,6: energiø bornholm,
6,energiø bornholm,6: energiø bornholm,
6,energiø bornholm,6: energiø bornholm,
6,energiø bornholm,6: energiø bornholm,
6,energiø bornholm,6: energiø bornholm,
6,energiø bornholm,6: energiø bornholm,
6,energiø bornholm,6: energiø bornholm,
6,energiø bornholm,6: energiø bornholm,
6,energiø bornholm,6: energiø bornholm,
6,energiø bornholm,6: energiø bornholm,
6,energiø bornholm,6: energiø bornholm,
6,energiø bornholm,6: energiø bornholm,
6,energiø bornholm,6: energiø bornholm,
6,energiø bornholm,6: energiø bornholm,
6,energiø bornholm,6: energiø bornholm,
6,energiø bornholm,6: energiø bornholm,
6,energiø bornholm,6: energiø bornholm,
6,energiø bornholm,6: energiø bornholm,
6,energiø bornholm,6: energiø bornholm,
6,energiø bornholm,6: energiø bornholm,
6,energiø bornholm,6: energiø bornholm,
6,energiø bornholm,6: energiø bornholm,
6,energiø bornholm,6: energiø bornholm,
6,energiø bornholm,6: energiø bornholm,
6,energiø bornholm,6: energiø bornholm,
6,energiø bornholm,6: energiø bornholm,
6,energiø bornholm,6: energiø bornholm,
6,energiø bornholm,6: energiø bornholm,
6,energiø bornholm,6: energiø bornholm,
0,energi island,0: energi island,
0,energi island,0: energi island,
0,energi island,0: energi island,
0,energi island,0: energi island,
0,energi island,0: energi island,
0,energi island,0: energi island,
0,energi island,0: energi island,
0,energi island,0: energi island,
0,energi island,0: energi island,
0,energi island,0: energi island,
0,energi island,0: energi island,
0,energi island,0: energi island,
0,energi island,0: energi island,
0,energi island,0: energi island,
0,energi island,0: energi island,
0,energi island,0: energi island,
0,energi island,0: energi island,
0,energi island,0: energi island,
0,energi island,0: energi island,
0,energi island,0: energi island,
0,energi island,0: energi island,
0,energi island,0: energi island,
0,energi island,0: energi island,
0,energi island,0: energi island,
0,energi island,0: energi island,
0,energi island,0: energi island,
0,energi island,0: energi island,
0,energi island,0: energi island,
0,energi island,0: energi island,
0,energi island,0: energi island,
0,energi island,0: energi island,
0,energi island,0: energi island,
0,energi island,0: energi island,
0,energi island,0: energi island,
0,energi island,0: energi island,
0,energi island,0: energi island,
0,energi island,0: energi island,
0,energi island,0: energi island,
0,energi island,0: energi island,
0,energi island,0: energi island,
0,energi island,0: energi island,
0,energi island,0: energi island,
0,energi island,0: energi island,
0,energi island,0: energi island,
0,energi island,0: energi island,
0,energi island,0: energi island,
0,energi island,0: energi island,
0,energi island,0: energi island,
0,energi island,0: energi island,
0,energi island,0: energi island,
0,energi island,0: energi island,
0,energi island,0: energi island,
0,energi island,0: energi island,
0,energi island,0: energi island,
0,energi island,0: energi island,
0,energi island,0: energi island,
0,energi island,0: energi island,
0,energi island,0: energi island,
0,energi island,0: energi island,
0,energi island,0: energi island,
0,energi island,0: energi island,
0,energi island,0: energi island,
0,energi island,0: energi island,
0,energi island,0: energi island,
0,energi island,0: energi island,
0,energi island,0: energi island,
0,energi island,0: energi island,
0,energi island,0: energi island,
0,energi island,0: energi island,
0,energi island,0: energi island,
0,energi island,0: energi island,
0,energi island,0: energi island,
0,energi island,0: energi island,
0,energi island,0: energi island,
0,energi island,0: energi island,
0,energi island,0: energi island,
0,energi island,0: energi island,
0,energi island,0: energi island,
0,energi island,0: energi island,
0,energi island,0: energi island,
0,energi island,0: energi island,
0,energi island,0: energi island,
0,energi island,0: energi island,
0,energi island,0: energi island,
0,energi island,0: energi island,
0,energi island,0: energi island,
0,energi island,0: energi island,
0,energi island,0: energi island,
0,energi island,0: energi island,
0,energi island,0: energi island,
0,energi island,0: energi island,
0,energi island,0: energi island,
0,energi island,0: energi island,
0,energi island,0: energi island,
0,energi island,0: energi island,
0,energi island,0: energi island,
0,energi island,0: energi island,
0,energi island,0: energi island,
0,energi island,0: energi island,
0,energi island,0: energi island,
0,energi island,0: energi island,
0,energi island,0: energi island,
0,energi island,0: energi island,
0,energi island,0: energi island,
0,energi island,0: energi island,
0,energi island,0: energi island,
0,energi island,0: energi island,
0,energi island,0: energi island,
0,energi island,0: energi island,
0,energi island,0: energi island,
0,energi island,0: energi island,
0,energi island,0: energi island,
0,energi island,0: energi island,
0,energi island,0: energi island,
0,energi island,0: energi island,
0,energi island,0: energi island,
0,energi island,0: energi island,
0,energi island,0: energi island,
0,energi island,0: energi island,
0,energi island,0: energi island,
0,energi island,0: energi island,
0,energi island,0: energi island,
0,energi island,0: energi island,
0,energi island,0: energi island,
0,energi island,0: energi island,
0,energi island,0: energi island,
0,energi island,0: energi island,
0,energi island,0: energi island,
0,energi island,0: energi island,
0,energi island,0: energi island,
0,energi island,0: energi island,
0,energi island,0: energi island,
0,energi island,0: energi island,
0,energi island,0: energi island,
0,energi island,0: energi island,
0,energi island,0: energi island,
0,energi island,0: energi island,
0,energi island,0: energi island,
0,energi island,0: energi island,
0,energi island,0: energi island,
0,energi island,0: energi island,
0,energi island,0: energi island,
0,energi island,0: energi island,
0,energi island,0: energi island,
0,energi island,0: energi island,
0,energi island,0: energi island,
0,energi island,0: energi island,
0,energi island,0: energi island,
0,energi island,0: energi island,
0,energi island,0: energi island,
0,energi island,0: energi island,
0,energi island,0: energi island,
0,energi island,0: energi island,
0,energi island,0: energi island,
0,energi island,0: energi island,
0,energi island,0: energi island,
0,energi island,0: energi island,
0,energi island,0: energi island,
0,energi island,0: energi island,
0,energi island,0: energi island,
0,energi island,0: energi island,
0,energi island,0: energi island,
0,energi island,0: energi island,
0,energi island,0: energi island,
0,energi island,0: energi island,
0,energi island,0: energi island,
0,energi island,0: energi island,
0,energi island,0: energi island,
0,energi island,0: energi island,
0,energi island,0: energi island,
0,energi island,0: energi island,
0,energi island,0: energi island,
0,energi island,0: energi island,
0,energi island,0: energi island,
0,energi island,0: energi island,
0,energi island,0: energi island,
0,energi island,0: energi island,
0,energi island,0: energi island,
0,energi island,0: energi island,
0,energi island,0: energi island,
0,energi island,0: energi island,
0,energi island,0: energi island,
0,energi island,0: energi island,
0,energi island,0: energi island,
0,energi island,0: energi island,
0,energi island,0: energi island,
0,energi island,0: energi island,
0,energi island,0: energi island,
0,energi island,0: energi island,
0,energi island,0: energi island,
0,energi island,0: energi island,
0,energi island,0: energi island,
0,energi island,0: energi island,
0,energi island,0: energi island,
0,energi island,0: energi island,
0,energi island,0: energi island,
0,energi island,0: energi island,
0,energi island,0: energi island,
0,energi island,0: energi island,
0,energi island,0: energi island,
0,energi island,0: energi island,
0,energi island,0: energi island,
0,energi island,0: energi island,
0,energi island,0: energi island,
0,energi island,0: energi island,
0,energi island,0: energi island,
0,energi island,0: energi island,
0,energi island,0: energi island,
0,energi island,0: energi island,
0,energi island,0: energi island,
0,energi island,0: energi island,
0,energi island,0: energi island,
0,energi island,0: energi island,
0,energi island,0: energi island,
0,energi island,0: energi island,
0,energi island,0: energi island,
0,energi island,0: energi island,
0,energi island,0: energi island,
0,energi island,0: energi island,
0,energi island,0: energi island,
0,energi island,0: energi island,
0,energi island,0: energi island,
0,energi island,0: energi island,
0,energi island,0: energi island,
0,energi island,0: energi island,
0,energi island,0: energi island,
0,energi island,0: energi island,
0,energi island,0: energi island,
0,energi island,0: energi island,
0,energi island,0: energi island,
0,energi island,0: energi island,
0,energi island,0: energi island,
0,energi island,0: energi island,
0,energi island,0: energi island,
0,energi island,0: energi island,
0,energi island,0: energi island,
0,energi island,0: energi island,
0,energi island,0: energi island,
0,energi island,0: energi island,
0,energi island,0: energi island,
0,energi island,0: energi island,
0,energi island,0: energi island,
0,energi island,0: energi island,
0,energi island,0: energi island,
0,energi island,0: energi island,
0,energi island,0: energi island,
0,energi island,0: energi island,
0,energi island,0: energi island,
0,energi island,0: energi island,
0,energi island,0: energi island,
0,energi island,0: energi island,
0,energi island,0: energi island,
0,energi island,0: energi island,
0,energi island,0: energi island,
0,energi island,0: energi island,
0,energi island,0: energi island,
0,energi island,0: energi island,
0,energi island,0: energi island,
0,energi island,0: energi island,
0,energi island,0: energi island,
0,energi island,0: energi island,
0,energi island,0: energi island,
0,energi island,0: energi island,
0,energi island,0: energi island,
0,energi island,0: energi island,
0,energi island,0: energi island,
0,energi island,0: energi island,
0,energi island,0: energi island,
0,energi island,0: energi island,
0,energi island,0: energi island,
0,energi island,0: energi island,
0,energi island,0: energi island,
0,energi island,0: energi island,
0,energi island,0: energi island,
0,energi island,0: energi island,
0,energi island,0: energi island,
0,energi island,0: energi island,
0,energi island,0: energi island,
0,energi island,0: energi island,
0,energi island,0: energi island,
0,energi island,0: energi island,
0,energi island,0: energi island,
0,energi island,0: energi island,
0,energi island,0: energi island,
0,energi island,0: energi island,
0,energi island,0: energi island,
0,energi island,0: energi island,
0,energi island,0: energi island,
0,energi island,0: energi island,
0,energi island,0: energi island,
0,energi island,0: energi island,
0,energi island,0: energi island,
0,energi island,0: energi island,
0,energi island,0: energi island,
0,energi island,0: energi island,
0,energi island,0: energi island,
0,energi island,0: energi island,
0,energi island,0: energi island,
0,energi island,0: energi island,
0,energi island,0: energi island,
0,energi island,0: energi island,
0,energi island,0: energi island,
0,energi island,0: energi island,
0,energi island,0: energi island,
0,energi island,0: energi island,
0,energi island,0: energi island,
0,energi island,0: energi island,
0,energi island,0: energi island,
0,energi island,0: energi island,
0,energi island,0: energi island,
0,energi island,0: energi island,
0,energi island,0: energi island,
0,energi island,0: energi island,
0,energi island,0: energi island,
0,energi island,0: energi island,
0,energi island,0: energi island,
0,energi island,0: energi island,
0,energi island,0: energi island,
0,energi island,0: energi island,
0,energi island,0: energi island,
0,energi island,0: energi island,
0,energi island,0: energi island,
0,energi island,0: energi island,
0,energi island,0: energi island,
0,energi island,0: energi island,
0,energi island,0: energi island,
0,energi island,0: energi island,
0,energi island,0: energi island,
0,energi island,0: energi island,
0,energi island,0: energi island,
0,energi island,0: energi island,
0,energi island,0: energi island,
0,energi island,0: energi island,
0,energi island,0: energi island,
0,energi island,0: energi island,
0,energi island,0: energi island,
0,energi island,0: energi island,
0,energi island,0: energi island,
0,energi island,0: energi island,
0,energi island,0: energi island,
0,energi island,0: energi island,
0,energi island,0: energi island,
0,energi island,0: energi island,
0,energi island,0: energi island,
0,energi island,0: energi island,
0,energi island,0: energi island,
0,energi island,0: energi island,
0,energi island,0: energi island,
0,energi island,0: energi island,
0,energi island,0: energi island,
0,energi island,0: energi island,
0,energi island,0: energi island,
0,energi island,0: energi island,
0,energi island,0: energi island,
0,energi island,0: energi island,
0,energi island,0: energi island,
0,energi island,0: energi island,
0,energi island,0: energi island,
0,energi island,0: energi island,
0,energi island,0: energi island,
0,energi island,0: energi island,
0,energi island,0: energi island,
0,energi island,0: energi island,
0,energi island,0: energi island,
0,energi island,0: energi island,
0,energi island,0: energi island,
0,energi island,0: energi island,
0,energi island,0: energi island,
0,energi island,0: energi island,
0,energi island,0: energi island,
0,energi island,0: energi island,
0,energi island,0: energi island,
0,energi island,0: energi island,
0,energi island,0: energi island,
0,energi island,0: energi island,
0,energi island,0: energi island,
0,energi island,0: energi island,
0,energi island,0: energi island,
0,energi island,0: energi island,
0,energi island,0: energi island,
0,energi island,0: energi island,
0,energi island,0: energi island,
0,energi island,0: energi island,
0,energi island,0: energi island,
0,energi island,0: energi island,
0,energi island,0: energi island,
0,energi island,0: energi island,
0,energi island,0: energi island,
0,energi island,0: energi island,
0,energi island,0: energi island,
0,energi island,0: energi island,
0,energi island,0: energi island,
0,energi island,0: energi island,
0,energi island,0: energi island,
0,energi island,0: energi island,
0,energi island,0: energi island,
0,energi island,0: energi island,
0,energi island,0: energi island,
0,energi island,0: energi island,
0,energi island,0: energi island,
0,energi island,0: energi island,
0,energi island,0: energi island,
0,energi island,0: energi island,
0,energi island,0: energi island,
0,energi island,0: energi island,
0,energi island,0: energi island,
0,energi island,0: energi island,
0,energi island,0: energi island,
0,energi island,0: energi island,
0,energi island,0: energi island,
0,energi island,0: energi island,
0,energi island,0: energi island,
0,energi island,0: energi island,
0,energi island,0: energi island,
0,energi island,0: energi island,
0,energi island,0: energi island,
0,energi island,0: energi island,
0,energi island,0: energi island,
0,energi island,0: energi island,
0,energi island,0: energi island,
0,energi island,0: energi island,
0,energi island,0: energi island,
0,energi island,0: energi island,
0,energi island,0: energi island,
0,energi island,0: energi island,
0,energi island,0: energi island,
0,energi island,0: energi island,
0,energi island,0: energi island,
0,energi island,0: energi island,
0,energi island,0: energi island,
0,energi island,0: energi island,
0,energi island,0: energi island,
0,energi island,0: energi island,
0,energi island,0: energi island,
0,energi island,0: energi island,
0,energi island,0: energi island,
0,energi island,0: energi island,
0,energi island,0: energi island,
0,energi island,0: energi island,
0,energi island,0: energi island,
0,energi island,0: energi island,
0,energi island,0: energi island,
0,energi island,0: energi island,
0,energi island,0: energi island,
0,energi island,0: energi island,
0,energi island,0: energi island,
0,energi island,0: energi island,
0,energi island,0: energi island,
0,energi island,0: energi island,
0,energi island,0: energi island,
0,energi island,0: energi island,
0,energi island,0: energi island,
0,energi island,0: energi island,
0,energi island,0: energi island,
0,energi island,0: energi island,
0,energi island,0: energi island,
0,energi island,0: energi island,
0,energi island,0: energi island,
0,energi island,0: energi island,
0,energi island,0: energi island,
0,energi island,0: energi island,
0,energi island,0: energi island,
0,energi island,0: energi island,
0,energi island,0: energi island,
0,energi island,0: energi island,
0,energi island,0: energi island,
0,energi island,0: energi island,
0,energi island,0: energi island,
0,energi island,0: energi island,
0,energi island,0: energi island,
0,energi island,0: energi island,
3,offshor wind,3: offshor wind,
3,offshor wind,3: offshor wind,
3,offshor wind,3: offshor wind,
3,offshor wind,3: offshor wind,
3,offshor wind,3: offshor wind,
3,offshor wind,3: offshor wind,
3,offshor wind,3: offshor wind,
3,offshor wind,3: offshor wind,
3,offshor wind,3: offshor wind,
3,offshor wind,3: offshor wind,
3,offshor wind,3: offshor wind,
3,offshor wind,3: offshor wind,
3,offshor wind,3: offshor wind,
3,offshor wind,3: offshor wind,
3,offshor wind,3: offshor wind,
3,offshor wind,3: offshor wind,
3,offshor wind,3: offshor wind,
3,offshor wind,3: offshor wind,
3,offshor wind,3: offshor wind,
3,offshor wind,3: offshor wind,
3,offshor wind,3: offshor wind,
3,offshor wind,3: offshor wind,
3,offshor wind,3: offshor wind,
3,offshor wind,3: offshor wind,
3,offshor wind,3: offshor wind,
3,offshor wind,3: offshor wind,
3,offshor wind,3: offshor wind,
3,offshor wind,3: offshor wind,
3,offshor wind,3: offshor wind,
3,offshor wind,3: offshor wind,
3,offshor wind,3: offshor wind,
3,offshor wind,3: offshor wind,
3,offshor wind,3: offshor wind,
3,offshor wind,3: offshor wind,
3,offshor wind,3: offshor wind,
3,offshor wind,3: offshor wind,
3,offshor wind,3: offshor wind,
3,offshor wind,3: offshor wind,
3,offshor wind,3: offshor wind,
3,offshor wind,3: offshor wind,
3,offshor wind,3: offshor wind,
3,offshor wind,3: offshor wind,
3,offshor wind,3: offshor wind,
3,offshor wind,3: offshor wind,
3,offshor wind,3: offshor wind,
3,offshor wind,3: offshor wind,
3,offshor wind,3: offshor wind,
3,offshor wind,3: offshor wind,
3,offshor wind,3: offshor wind,
3,offshor wind,3: offshor wind,
3,offshor wind,3: offshor wind,
3,offshor wind,3: offshor wind,
3,offshor wind,3: offshor wind,
3,offshor wind,3: offshor wind,
3,offshor wind,3: offshor wind,
3,offshor wind,3: offshor wind,
3,offshor wind,3: offshor wind,
3,offshor wind,3: offshor wind,
3,offshor wind,3: offshor wind,
3,offshor wind,3: offshor wind,
3,offshor wind,3: offshor wind,
3,offshor wind,3: offshor wind,
3,offshor wind,3: offshor wind,
3,offshor wind,3: offshor wind,
3,offshor wind,3: offshor wind,
3,offshor wind,3: offshor wind,
3,offshor wind,3: offshor wind,
3,offshor wind,3: offshor wind,
3,offshor wind,3: offshor wind,
3,offshor wind,3: offshor wind,
3,offshor wind,3: offshor wind,
3,offshor wind,3: offshor wind,
3,offshor wind,3: offshor wind,
3,offshor wind,3: offshor wind,
3,offshor wind,3: offshor wind,
3,offshor wind,3: offshor wind,
3,offshor wind,3: offshor wind,
3,offshor wind,3: offshor wind,
3,offshor wind,3: offshor wind,
3,offshor wind,3: offshor wind,
3,offshor wind,3: offshor wind,
3,offshor wind,3: offshor wind,
3,offshor wind,3: offshor wind,
3,offshor wind,3: offshor wind,
3,offshor wind,3: offshor wind,
3,offshor wind,3: offshor wind,
3,offshor wind,3: offshor wind,
3,offshor wind,3: offshor wind,
3,offshor wind,3: offshor wind,
3,offshor wind,3: offshor wind,
3,offshor wind,3: offshor wind,
3,offshor wind,3: offshor wind,
3,offshor wind,3: offshor wind,
3,offshor wind,3: offshor wind,
3,offshor wind,3: offshor wind,
3,offshor wind,3: offshor wind,
3,offshor wind,3: offshor wind,
3,offshor wind,3: offshor wind,
3,offshor wind,3: offshor wind,
3,offshor wind,3: offshor wind,
3,offshor wind,3: offshor wind,
3,offshor wind,3: offshor wind,
3,offshor wind,3: offshor wind,
3,offshor wind,3: offshor wind,
3,offshor wind,3: offshor wind,
3,offshor wind,3: offshor wind,
3,offshor wind,3: offshor wind,
3,offshor wind,3: offshor wind,
3,offshor wind,3: offshor wind,
3,offshor wind,3: offshor wind,
3,offshor wind,3: offshor wind,
3,offshor wind,3: offshor wind,
3,offshor wind,3: offshor wind,
0,energi island,0: energi island,
0,energi island,0: energi island,
0,energi island,0: energi island,
0,energi island,0: energi island,
0,energi island,0: energi island,
0,energi island,0: energi island,
0,energi island,0: energi island,
0,energi island,0: energi island,
0,energi island,0: energi island,
0,energi island,0: energi island,
0,energi island,0: energi island,
0,energi island,0: energi island,
0,energi island,0: energi island,
0,energi island,0: energi island,
0,energi island,0: energi island,
0,energi island,0: energi island,
0,energi island,0: energi island,
0,energi island,0: energi island,
0,energi island,0: energi island,
0,energi island,0: energi island,
0,energi island,0: energi island,
0,energi island,0: energi island,
0,energi island,0: energi island,
0,energi island,0: energi island,
0,energi island,0: energi island,
0,energi island,0: energi island,
0,energi island,0: energi island,
0,energi island,0: energi island,
0,energi island,0: energi island,
0,energi island,0: energi island,
0,energi island,0: energi island,
0,energi island,0: energi island,
0,energi island,0: energi island,
0,energi island,0: energi island,
0,energi island,0: energi island,
0,energi island,0: energi island,
0,energi island,0: energi island,
0,energi island,0: energi island,
0,energi island,0: energi island,
0,energi island,0: energi island,
0,energi island,0: energi island,
0,energi island,0: energi island,
0,energi island,0: energi island,
0,energi island,0: energi island,
0,energi island,0: energi island,
0,energi island,0: energi island,
0,energi island,0: energi island,
0,energi island,0: energi island,
0,energi island,0: energi island,
0,energi island,0: energi island,
0,energi island,0: energi island,
0,energi island,0: energi island,
0,energi island,0: energi island,
0,energi island,0: energi island,
0,energi island,0: energi island,
0,energi island,0: energi island,
0,energi island,0: energi island,
0,energi island,0: energi island,
0,energi island,0: energi island,
0,energi island,0: energi island,
0,energi island,0: energi island,
0,energi island,0: energi island,
0,energi island,0: energi island,
0,energi island,0: energi island,
0,energi island,0: energi island,
0,energi island,0: energi island,
0,energi island,0: energi island,
0,energi island,0: energi island,
0,energi island,0: energi island,
0,energi island,0: energi island,
0,energi island,0: energi island,
0,energi island,0: energi island,
0,energi island,0: energi island,
0,energi island,0: energi island,
0,energi island,0: energi island,
0,energi island,0: energi island,
0,energi island,0: energi island,
0,energi island,0: energi island,
0,energi island,0: energi island,
0,energi island,0: energi island,
0,energi island,0: energi island,
0,energi island,0: energi island,
0,energi island,0: energi island,
0,energi island,0: energi island,
0,energi island,0: energi island,
0,energi island,0: energi island,
0,energi island,0: energi island,
0,energi island,0: energi island,
0,energi island,0: energi island,
0,energi island,0: energi island,
0,energi island,0: energi island,
0,energi island,0: energi island,
0,energi island,0: energi island,
0,energi island,0: energi island,
0,energi island,0: energi island,
0,energi island,0: energi island,
0,energi island,0: energi island,
0,energi island,0: energi island,
0,energi island,0: energi island,
0,energi island,0: energi island,
0,energi island,0: energi island,
0,energi island,0: energi island,
0,energi island,0: energi island,
0,energi island,0: energi island,
0,energi island,0: energi island,
0,energi island,0: energi island,
0,energi island,0: energi island,
0,energi island,0: energi island,
0,energi island,0: energi island,
0,energi island,0: energi island,
0,energi island,0: energi island,
0,energi island,0: energi island,
0,energi island,0: energi island,
0,energi island,0: energi island,
0,energi island,0: energi island,
0,energi island,0: energi island,
0,energi island,0: energi island,
0,energi island,0: energi island,
0,energi island,0: energi island,
0,energi island,0: energi island,
0,energi island,0: energi island,
0,energi island,0: energi island,
0,energi island,0: energi island,
0,energi island,0: energi island,
0,energi island,0: energi island,
0,energi island,0: energi island,
0,energi island,0: energi island,
0,energi island,0: energi island,
0,energi island,0: energi island,
0,energi island,0: energi island,
0,energi island,0: energi island,
0,energi island,0: energi island,
0,energi island,0: energi island,
0,energi island,0: energi island,
0,energi island,0: energi island,
0,energi island,0: energi island,
0,energi island,0: energi island,
0,energi island,0: energi island,
0,energi island,0: energi island,
0,energi island,0: energi island,
0,energi island,0: energi island,
0,energi island,0: energi island,
0,energi island,0: energi island,
0,energi island,0: energi island,
0,energi island,0: energi island,
0,energi island,0: energi island,
0,energi island,0: energi island,
0,energi island,0: energi island,
0,energi island,0: energi island,
0,energi island,0: energi island,
0,energi island,0: energi island,
0,energi island,0: energi island,
0,energi island,0: energi island,
0,energi island,0: energi island,
0,energi island,0: energi island,
0,energi island,0: energi island,
0,energi island,0: energi island,
6,energiø bornholm,6: energiø bornholm,
6,energiø bornholm,6: energiø bornholm,
6,energiø bornholm,6: energiø bornholm,
6,energiø bornholm,6: energiø bornholm,
6,energiø bornholm,6: energiø bornholm,
6,energiø bornholm,6: energiø bornholm,
6,energiø bornholm,6: energiø bornholm,
6,energiø bornholm,6: energiø bornholm,
6,energiø bornholm,6: energiø bornholm,
6,energiø bornholm,6: energiø bornholm,
6,energiø bornholm,6: energiø bornholm,
6,energiø bornholm,6: energiø bornholm,
6,energiø bornholm,6: energiø bornholm,
6,energiø bornholm,6: energiø bornholm,
6,energiø bornholm,6: energiø bornholm,
6,energiø bornholm,6: energiø bornholm,
6,energiø bornholm,6: energiø bornholm,
6,energiø bornholm,6: energiø bornholm,
6,energiø bornholm,6: energiø bornholm,
6,energiø bornholm,6: energiø bornholm,
6,energiø bornholm,6: energiø bornholm,
6,energiø bornholm,6: energiø bornholm,
6,energiø bornholm,6: energiø bornholm,
6,energiø bornholm,6: energiø bornholm,
6,energiø bornholm,6: energiø bornholm,
6,energiø bornholm,6: energiø bornholm,
6,energiø bornholm,6: energiø bornholm,
6,energiø bornholm,6: energiø bornholm,
6,energiø bornholm,6: energiø bornholm,
6,energiø bornholm,6: energiø bornholm,
6,energiø bornholm,6: energiø bornholm,
6,energiø bornholm,6: energiø bornholm,
6,energiø bornholm,6: energiø bornholm,
6,energiø bornholm,6: energiø bornholm,
6,energiø bornholm,6: energiø bornholm,
6,energiø bornholm,6: energiø bornholm,
6,energiø bornholm,6: energiø bornholm,
6,energiø bornholm,6: energiø bornholm,
6,energiø bornholm,6: energiø bornholm,
6,energiø bornholm,6: energiø bornholm,
6,energiø bornholm,6: energiø bornholm,
6,energiø bornholm,6: energiø bornholm,
6,energiø bornholm,6: energiø bornholm,
6,energiø bornholm,6: energiø bornholm,
6,energiø bornholm,6: energiø bornholm,
6,energiø bornholm,6: energiø bornholm,
6,energiø bornholm,6: energiø bornholm,
6,energiø bornholm,6: energiø bornholm,
6,energiø bornholm,6: energiø bornholm,
6,energiø bornholm,6: energiø bornholm,
6,energiø bornholm,6: energiø bornholm,
6,energiø bornholm,6: energiø bornholm,
6,energiø bornholm,6: energiø bornholm,
6,energiø bornholm,6: energiø bornholm,
6,energiø bornholm,6: energiø bornholm,
6,energiø bornholm,6: energiø bornholm,
6,energiø bornholm,6: energiø bornholm,
6,energiø bornholm,6: energiø bornholm,
6,energiø bornholm,6: energiø bornholm,
6,energiø bornholm,6: energiø bornholm,
6,energiø bornholm,6: energiø bornholm,
6,energiø bornholm,6: energiø bornholm,
6,energiø bornholm,6: energiø bornholm,
6,energiø bornholm,6: energiø bornholm,
6,energiø bornholm,6: energiø bornholm,
6,energiø bornholm,6: energiø bornholm,
6,energiø bornholm,6: energiø bornholm,
6,energiø bornholm,6: energiø bornholm,
6,energiø bornholm,6: energiø bornholm,
6,energiø bornholm,6: energiø bornholm,
6,energiø bornholm,6: energiø bornholm,
6,energiø bornholm,6: energiø bornholm,
6,energiø bornholm,6: energiø bornholm,
6,energiø bornholm,6: energiø bornholm,
6,energiø bornholm,6: energiø bornholm,
6,energiø bornholm,6: energiø bornholm,
6,energiø bornholm,6: energiø bornholm,
6,energiø bornholm,6: energiø bornholm,
6,energiø bornholm,6: energiø bornholm,
6,energiø bornholm,6: energiø bornholm,
6,energiø bornholm,6: energiø bornholm,
6,energiø bornholm,6: energiø bornholm,
6,energiø bornholm,6: energiø bornholm,
6,energiø bornholm,6: energiø bornholm,
6,energiø bornholm,6: energiø bornholm,
6,energiø bornholm,6: energiø bornholm,
6,energiø bornholm,6: energiø bornholm,
6,energiø bornholm,6: energiø bornholm,
6,energiø bornholm,6: energiø bornholm,
6,energiø bornholm,6: energiø bornholm,
6,energiø bornholm,6: energiø bornholm,
6,energiø bornholm,6: energiø bornholm,
6,energiø bornholm,6: energiø bornholm,
6,energiø bornholm,6: energiø bornholm,
6,energiø bornholm,6: energiø bornholm,
6,energiø bornholm,6: energiø bornholm,
6,energiø bornholm,6: energiø bornholm,
6,energiø bornholm,6: energiø bornholm,
6,energiø bornholm,6: energiø bornholm,
6,energiø bornholm,6: energiø bornholm,
6,energiø bornholm,6: energiø bornholm,
6,energiø bornholm,6: energiø bornholm,
6,energiø bornholm,6: energiø bornholm,
6,energiø bornholm,6: energiø bornholm,
6,energiø bornholm,6: energiø bornholm,
6,energiø bornholm,6: energiø bornholm,
6,energiø bornholm,6: energiø bornholm,
6,energiø bornholm,6: energiø bornholm,
6,energiø bornholm,6: energiø bornholm,
6,energiø bornholm,6: energiø bornholm,
6,energiø bornholm,6: energiø bornholm,
6,energiø bornholm,6: energiø bornholm,
6,energiø bornholm,6: energiø bornholm,
6,energiø bornholm,6: energiø bornholm,
6,energiø bornholm,6: energiø bornholm,
6,energiø bornholm,6: energiø bornholm,
6,energiø bornholm,6: energiø bornholm,
6,energiø bornholm,6: energiø bornholm,
6,energiø bornholm,6: energiø bornholm,
6,energiø bornholm,6: energiø bornholm,
6,energiø bornholm,6: energiø bornholm,
6,energiø bornholm,6: energiø bornholm,
6,energiø bornholm,6: energiø bornholm,
6,energiø bornholm,6: energiø bornholm,
6,energiø bornholm,6: energiø bornholm,
6,energiø bornholm,6: energiø bornholm,
6,energiø bornholm,6: energiø bornholm,
6,energiø bornholm,6: energiø bornholm,
6,energiø bornholm,6: energiø bornholm,
6,energiø bornholm,6: energiø bornholm,
6,energiø bornholm,6: energiø bornholm,
6,energiø bornholm,6: energiø bornholm,
6,energiø bornholm,6: energiø bornholm,
6,energiø bornholm,6: energiø bornholm,
6,energiø bornholm,6: energiø bornholm,
6,energiø bornholm,6: energiø bornholm,
6,energiø bornholm,6: energiø bornholm,
6,energiø bornholm,6: energiø bornholm,
6,energiø bornholm,6: energiø bornholm,
6,energiø bornholm,6: energiø bornholm,
6,energiø bornholm,6: energiø bornholm,
6,energiø bornholm,6: energiø bornholm,
6,energiø bornholm,6: energiø bornholm,
6,energiø bornholm,6: energiø bornholm,
6,energiø bornholm,6: energiø bornholm,
6,energiø bornholm,6: energiø bornholm,
6,energiø bornholm,6: energiø bornholm,
6,energiø bornholm,6: energiø bornholm,
6,energiø bornholm,6: energiø bornholm,
6,energiø bornholm,6: energiø bornholm,
6,energiø bornholm,6: energiø bornholm,
6,energiø bornholm,6: energiø bornholm,
6,energiø bornholm,6: energiø bornholm,
6,energiø bornholm,6: energiø bornholm,
6,energiø bornholm,6: energiø bornholm,
6,energiø bornholm,6: energiø bornholm,
6,energiø bornholm,6: energiø bornholm,
6,energiø bornholm,6: energiø bornholm,
6,energiø bornholm,6: energiø bornholm,
6,energiø bornholm,6: energiø bornholm,
6,energiø bornholm,6: energiø bornholm,
6,energiø bornholm,6: energiø bornholm,
6,energiø bornholm,6: energiø bornholm,
6,energiø bornholm,6: energiø bornholm,
6,energiø bornholm,6: energiø bornholm,
6,energiø bornholm,6: energiø bornholm,
6,energiø bornholm,6: energiø bornholm,
6,energiø bornholm,6: energiø bornholm,
6,energiø bornholm,6: energiø bornholm,
6,energiø bornholm,6: energiø bornholm,
6,energiø bornholm,6: energiø bornholm,
0,energi island,0: energi island,
0,energi island,0: energi island,
0,energi island,0: energi island,
0,energi island,0: energi island,
0,energi island,0: energi island,
0,energi island,0: energi island,
0,energi island,0: energi island,
0,energi island,0: energi island,
0,energi island,0: energi island,
0,energi island,0: energi island,
0,energi island,0: energi island,
0,energi island,0: energi island,
0,energi island,0: energi island,
0,energi island,0: energi island,
0,energi island,0: energi island,
0,energi island,0: energi island,
0,energi island,0: energi island,
0,energi island,0: energi island,
0,energi island,0: energi island,
0,energi island,0: energi island,
0,energi island,0: energi island,
0,energi island,0: energi island,
0,energi island,0: energi island,
0,energi island,0: energi island,
0,energi island,0: energi island,
0,energi island,0: energi island,
0,energi island,0: energi island,
0,energi island,0: energi island,
0,energi island,0: energi island,
0,energi island,0: energi island,
0,energi island,0: energi island,
0,energi island,0: energi island,
0,energi island,0: energi island,
0,energi island,0: energi island,
0,energi island,0: energi island,
0,energi island,0: energi island,
0,energi island,0: energi island,
0,energi island,0: energi island,
0,energi island,0: energi island,
0,energi island,0: energi island,
0,energi island,0: energi island,
0,energi island,0: energi island,
0,energi island,0: energi island,
0,energi island,0: energi island,
0,energi island,0: energi island,
0,energi island,0: energi island,
0,energi island,0: energi island,
0,energi island,0: energi island,
0,energi island,0: energi island,
0,energi island,0: energi island,
0,energi island,0: energi island,
0,energi island,0: energi island,
0,energi island,0: energi island,
0,energi island,0: energi island,
0,energi island,0: energi island,
0,energi island,0: energi island,
0,energi island,0: energi island,
0,energi island,0: energi island,
0,energi island,0: energi island,
0,energi island,0: energi island,
0,energi island,0: energi island,
0,energi island,0: energi island,
0,energi island,0: energi island,
0,energi island,0: energi island,
0,energi island,0: energi island,
0,energi island,0: energi island,
0,energi island,0: energi island,
0,energi island,0: energi island,
0,energi island,0: energi island,
0,energi island,0: energi island,
0,energi island,0: energi island,
0,energi island,0: energi island,
0,energi island,0: energi island,
0,energi island,0: energi island,
0,energi island,0: energi island,
0,energi island,0: energi island,
0,energi island,0: energi island,
0,energi island,0: energi island,
0,energi island,0: energi island,
0,energi island,0: energi island,
0,energi island,0: energi island,
0,energi island,0: energi island,
0,energi island,0: energi island,
0,energi island,0: energi island,
0,energi island,0: energi island,
0,energi island,0: energi island,
0,energi island,0: energi island,
0,energi island,0: energi island,
0,energi island,0: energi island,
0,energi island,0: energi island,
0,energi island,0: energi island,
0,energi island,0: energi island,
0,energi island,0: energi island,
0,energi island,0: energi island,
0,energi island,0: energi island,
0,energi island,0: energi island,
0,energi island,0: energi island,
0,energi island,0: energi island,
0,energi island,0: energi island,
0,energi island,0: energi island,
0,energi island,0: energi island,
0,energi island,0: energi island,
0,energi island,0: energi island,
0,energi island,0: energi island,
0,energi island,0: energi island,
0,energi island,0: energi island,
0,energi island,0: energi island,
0,energi island,0: energi island,
0,energi island,0: energi island,
0,energi island,0: energi island,
0,energi island,0: energi island,
0,energi island,0: energi island,
0,energi island,0: energi island,
0,energi island,0: energi island,
0,energi island,0: energi island,
0,energi island,0: energi island,
0,energi island,0: energi island,
0,energi island,0: energi island,
0,energi island,0: energi island,
0,energi island,0: energi island,
0,energi island,0: energi island,
0,energi island,0: energi island,
0,energi island,0: energi island,
0,energi island,0: energi island,
0,energi island,0: energi island,
0,energi island,0: energi island,
0,energi island,0: energi island,
0,energi island,0: energi island,
0,energi island,0: energi island,
0,energi island,0: energi island,
0,energi island,0: energi island,
0,energi island,0: energi island,
0,energi island,0: energi island,
0,energi island,0: energi island,
0,energi island,0: energi island,
0,energi island,0: energi island,
0,energi island,0: energi island,
0,energi island,0: energi island,
0,energi island,0: energi island,
0,energi island,0: energi island,
0,energi island,0: energi island,
0,energi island,0: energi island,
0,energi island,0: energi island,
0,energi island,0: energi island,
0,energi island,0: energi island,
0,energi island,0: energi island,
0,energi island,0: energi island,
0,energi island,0: energi island,
0,energi island,0: energi island,
0,energi island,0: energi island,
0,energi island,0: energi island,
0,energi island,0: energi island,
0,energi island,0: energi island,
0,energi island,0: energi island,
0,energi island,0: energi island,
0,energi island,0: energi island,
0,energi island,0: energi island,
4,baltic sea,4: baltic sea,
4,baltic sea,4: baltic sea,
4,baltic sea,4: baltic sea,
4,baltic sea,4: baltic sea,
4,baltic sea,4: baltic sea,
4,baltic sea,4: baltic sea,
4,baltic sea,4: baltic sea,
4,baltic sea,4: baltic sea,
4,baltic sea,4: baltic sea,
4,baltic sea,4: baltic sea,
4,baltic sea,4: baltic sea,
4,baltic sea,4: baltic sea,
4,baltic sea,4: baltic sea,
4,baltic sea,4: baltic sea,
4,baltic sea,4: baltic sea,
4,baltic sea,4: baltic sea,
4,baltic sea,4: baltic sea,
4,baltic sea,4: baltic sea,
4,baltic sea,4: baltic sea,
4,baltic sea,4: baltic sea,
4,baltic sea,4: baltic sea,
4,baltic sea,4: baltic sea,
4,baltic sea,4: baltic sea,
4,baltic sea,4: baltic sea,
4,baltic sea,4: baltic sea,
4,baltic sea,4: baltic sea,
4,baltic sea,4: baltic sea,
4,baltic sea,4: baltic sea,
4,baltic sea,4: baltic sea,
4,baltic sea,4: baltic sea,
4,baltic sea,4: baltic sea,
4,baltic sea,4: baltic sea,
4,baltic sea,4: baltic sea,
4,baltic sea,4: baltic sea,
4,baltic sea,4: baltic sea,
4,baltic sea,4: baltic sea,
4,baltic sea,4: baltic sea,
4,baltic sea,4: baltic sea,
4,baltic sea,4: baltic sea,
4,baltic sea,4: baltic sea,
4,baltic sea,4: baltic sea,
4,baltic sea,4: baltic sea,
4,baltic sea,4: baltic sea,
4,baltic sea,4: baltic sea,
4,baltic sea,4: baltic sea,
4,baltic sea,4: baltic sea,
4,baltic sea,4: baltic sea,
4,baltic sea,4: baltic sea,
4,baltic sea,4: baltic sea,
4,baltic sea,4: baltic sea,
4,baltic sea,4: baltic sea,
4,baltic sea,4: baltic sea,
4,baltic sea,4: baltic sea,
4,baltic sea,4: baltic sea,
4,baltic sea,4: baltic sea,
4,baltic sea,4: baltic sea,
4,baltic sea,4: baltic sea,
4,baltic sea,4: baltic sea,
4,baltic sea,4: baltic sea,
4,baltic sea,4: baltic sea,
4,baltic sea,4: baltic sea,
4,baltic sea,4: baltic sea,
4,baltic sea,4: baltic sea,
4,baltic sea,4: baltic sea,
4,baltic sea,4: baltic sea,
4,baltic sea,4: baltic sea,
4,baltic sea,4: baltic sea,
4,baltic sea,4: baltic sea,
4,baltic sea,4: baltic sea,
4,baltic sea,4: baltic sea,
4,baltic sea,4: baltic sea,
4,baltic sea,4: baltic sea,
4,baltic sea,4: baltic sea,
4,baltic sea,4: baltic sea,
4,baltic sea,4: baltic sea,
4,baltic sea,4: baltic sea,
4,baltic sea,4: baltic sea,
4,baltic sea,4: baltic sea,
4,baltic sea,4: baltic sea,
4,baltic sea,4: baltic sea,
4,baltic sea,4: baltic sea,
4,baltic sea,4: baltic sea,
4,baltic sea,4: baltic sea,
4,baltic sea,4: baltic sea,
4,baltic sea,4: baltic sea,
4,baltic sea,4: baltic sea,
4,baltic sea,4: baltic sea,
4,baltic sea,4: baltic sea,
4,baltic sea,4: baltic sea,
4,baltic sea,4: baltic sea,
4,baltic sea,4: baltic sea,
4,baltic sea,4: baltic sea,
4,baltic sea,4: baltic sea,
4,baltic sea,4: baltic sea,
4,baltic sea,4: baltic sea,
4,baltic sea,4: baltic sea,
4,baltic sea,4: baltic sea,
4,baltic sea,4: baltic sea,
4,baltic sea,4: baltic sea,
4,baltic sea,4: baltic sea,
4,baltic sea,4: baltic sea,
4,baltic sea,4: baltic sea,
4,baltic sea,4: baltic sea,
4,baltic sea,4: baltic sea,
4,baltic sea,4: baltic sea,
4,baltic sea,4: baltic sea,
4,baltic sea,4: baltic sea,
4,baltic sea,4: baltic sea,
4,baltic sea,4: baltic sea,
4,baltic sea,4: baltic sea,
4,baltic sea,4: baltic sea,
4,baltic sea,4: baltic sea,
4,baltic sea,4: baltic sea,
4,baltic sea,4: baltic sea,
4,baltic sea,4: baltic sea,
4,baltic sea,4: baltic sea,
4,baltic sea,4: baltic sea,
4,baltic sea,4: baltic sea,
4,baltic sea,4: baltic sea,
4,baltic sea,4: baltic sea,
4,baltic sea,4: baltic sea,
4,baltic sea,4: baltic sea,
4,baltic sea,4: baltic sea,
4,baltic sea,4: baltic sea,
4,baltic sea,4: baltic sea,
4,baltic sea,4: baltic sea,
4,baltic sea,4: baltic sea,
4,baltic sea,4: baltic sea,
4,baltic sea,4: baltic sea,
4,baltic sea,4: baltic sea,
4,baltic sea,4: baltic sea,
4,baltic sea,4: baltic sea,
4,baltic sea,4: baltic sea,
4,baltic sea,4: baltic sea,
4,baltic sea,4: baltic sea,
4,baltic sea,4: baltic sea,
4,baltic sea,4: baltic sea,
4,baltic sea,4: baltic sea,
4,baltic sea,4: baltic sea,
4,baltic sea,4: baltic sea,
4,baltic sea,4: baltic sea,
4,baltic sea,4: baltic sea,
4,baltic sea,4: baltic sea,
4,baltic sea,4: baltic sea,
4,baltic sea,4: baltic sea,
4,baltic sea,4: baltic sea,
4,baltic sea,4: baltic sea,
4,baltic sea,4: baltic sea,
4,baltic sea,4: baltic sea,
4,baltic sea,4: baltic sea,
4,baltic sea,4: baltic sea,
4,baltic sea,4: baltic sea,
4,baltic sea,4: baltic sea,
4,baltic sea,4: baltic sea,
4,baltic sea,4: baltic sea,
4,baltic sea,4: baltic sea,
4,baltic sea,4: baltic sea,
4,baltic sea,4: baltic sea,
4,baltic sea,4: baltic sea,
4,baltic sea,4: baltic sea,
4,baltic sea,4: baltic sea,
4,baltic sea,4: baltic sea,
4,baltic sea,4: baltic sea,
4,baltic sea,4: baltic sea,
4,baltic sea,4: baltic sea,
4,baltic sea,4: baltic sea,
4,baltic sea,4: baltic sea,
4,baltic sea,4: baltic sea,
4,baltic sea,4: baltic sea,
4,baltic sea,4: baltic sea,
4,baltic sea,4: baltic sea,
4,baltic sea,4: baltic sea,
4,baltic sea,4: baltic sea,
4,baltic sea,4: baltic sea,
4,baltic sea,4: baltic sea,
4,baltic sea,4: baltic sea,
4,baltic sea,4: baltic sea,
4,baltic sea,4: baltic sea,
4,baltic sea,4: baltic sea,
4,baltic sea,4: baltic sea,
4,baltic sea,4: baltic sea,
4,baltic sea,4: baltic sea,
4,baltic sea,4: baltic sea,
4,baltic sea,4: baltic sea,
4,baltic sea,4: baltic sea,
4,baltic sea,4: baltic sea,
4,baltic sea,4: baltic sea,
4,baltic sea,4: baltic sea,
4,baltic sea,4: baltic sea,
4,baltic sea,4: baltic sea,
4,baltic sea,4: baltic sea,
4,baltic sea,4: baltic sea,
4,baltic sea,4: baltic sea,
4,baltic sea,4: baltic sea,
4,baltic sea,4: baltic sea,
4,baltic sea,4: baltic sea,
4,baltic sea,4: baltic sea,
4,baltic sea,4: baltic sea,
4,baltic sea,4: baltic sea,
4,baltic sea,4: baltic sea,
4,baltic sea,4: baltic sea,
4,baltic sea,4: baltic sea,
4,baltic sea,4: baltic sea,
4,baltic sea,4: baltic sea,
4,baltic sea,4: baltic sea,
4,baltic sea,4: baltic sea,
4,baltic sea,4: baltic sea,
4,baltic sea,4: baltic sea,
4,baltic sea,4: baltic sea,
4,baltic sea,4: baltic sea,
4,baltic sea,4: baltic sea,
4,baltic sea,4: baltic sea,
4,baltic sea,4: baltic sea,
4,baltic sea,4: baltic sea,
4,baltic sea,4: baltic sea,
4,baltic sea,4: baltic sea,
4,baltic sea,4: baltic sea,
4,baltic sea,4: baltic sea,
4,baltic sea,4: baltic sea,
4,baltic sea,4: baltic sea,
4,baltic sea,4: baltic sea,
4,baltic sea,4: baltic sea,
4,baltic sea,4: baltic sea,
4,baltic sea,4: baltic sea,
4,baltic sea,4: baltic sea,
4,baltic sea,4: baltic sea,
4,baltic sea,4: baltic sea,
4,baltic sea,4: baltic sea,
4,baltic sea,4: baltic sea,
4,baltic sea,4: baltic sea,
4,baltic sea,4: baltic sea,
4,baltic sea,4: baltic sea,
4,baltic sea,4: baltic sea,
4,baltic sea,4: baltic sea,
4,baltic sea,4: baltic sea,
4,baltic sea,4: baltic sea,
4,baltic sea,4: baltic sea,
4,baltic sea,4: baltic sea,
4,baltic sea,4: baltic sea,
4,baltic sea,4: baltic sea,
4,baltic sea,4: baltic sea,
4,baltic sea,4: baltic sea,
4,baltic sea,4: baltic sea,
4,baltic sea,4: baltic sea,
4,baltic sea,4: baltic sea,
4,baltic sea,4: baltic sea,
4,baltic sea,4: baltic sea,
4,baltic sea,4: baltic sea,
4,baltic sea,4: baltic sea,
4,baltic sea,4: baltic sea,
4,baltic sea,4: baltic sea,
4,baltic sea,4: baltic sea,
4,baltic sea,4: baltic sea,
4,baltic sea,4: baltic sea,
4,baltic sea,4: baltic sea,
4,baltic sea,4: baltic sea,
4,baltic sea,4: baltic sea,
4,baltic sea,4: baltic sea,
4,baltic sea,4: baltic sea,
4,baltic sea,4: baltic sea,
4,baltic sea,4: baltic sea,
4,baltic sea,4: baltic sea,
4,baltic sea,4: baltic sea,
4,baltic sea,4: baltic sea,
4,baltic sea,4: baltic sea,
4,baltic sea,4: baltic sea,
4,baltic sea,4: baltic sea,
4,baltic sea,4: baltic sea,
4,baltic sea,4: baltic sea,
4,baltic sea,4: baltic sea,
4,baltic sea,4: baltic sea,
4,baltic sea,4: baltic sea,
4,baltic sea,4: baltic sea,
4,baltic sea,4: baltic sea,
4,baltic sea,4: baltic sea,
4,baltic sea,4: baltic sea,
6,energiø bornholm,6: energiø bornholm,
6,energiø bornholm,6: energiø bornholm,
6,energiø bornholm,6: energiø bornholm,
6,energiø bornholm,6: energiø bornholm,
6,energiø bornholm,6: energiø bornholm,
6,energiø bornholm,6: energiø bornholm,
6,energiø bornholm,6: energiø bornholm,
6,energiø bornholm,6: energiø bornholm,
6,energiø bornholm,6: energiø bornholm,
6,energiø bornholm,6: energiø bornholm,
6,energiø bornholm,6: energiø bornholm,
6,energiø bornholm,6: energiø bornholm,
6,energiø bornholm,6: energiø bornholm,
6,energiø bornholm,6: energiø bornholm,
6,energiø bornholm,6: energiø bornholm,
6,energiø bornholm,6: energiø bornholm,
6,energiø bornholm,6: energiø bornholm,
6,energiø bornholm,6: energiø bornholm,
6,energiø bornholm,6: energiø bornholm,
6,energiø bornholm,6: energiø bornholm,
6,energiø bornholm,6: energiø bornholm,
6,energiø bornholm,6: energiø bornholm,
6,energiø bornholm,6: energiø bornholm,
6,energiø bornholm,6: energiø bornholm,
6,energiø bornholm,6: energiø bornholm,
6,energiø bornholm,6: energiø bornholm,
6,energiø bornholm,6: energiø bornholm,
6,energiø bornholm,6: energiø bornholm,
6,energiø bornholm,6: energiø bornholm,
6,energiø bornholm,6: energiø bornholm,
6,energiø bornholm,6: energiø bornholm,
6,energiø bornholm,6: energiø bornholm,
6,energiø bornholm,6: energiø bornholm,
6,energiø bornholm,6: energiø bornholm,
6,energiø bornholm,6: energiø bornholm,
6,energiø bornholm,6: energiø bornholm,
6,energiø bornholm,6: energiø bornholm,
6,energiø bornholm,6: energiø bornholm,
6,energiø bornholm,6: energiø bornholm,
6,energiø bornholm,6: energiø bornholm,
6,energiø bornholm,6: energiø bornholm,
6,energiø bornholm,6: energiø bornholm,
6,energiø bornholm,6: energiø bornholm,
6,energiø bornholm,6: energiø bornholm,
6,energiø bornholm,6: energiø bornholm,
6,energiø bornholm,6: energiø bornholm,
6,energiø bornholm,6: energiø bornholm,
6,energiø bornholm,6: energiø bornholm,
6,energiø bornholm,6: energiø bornholm,
6,energiø bornholm,6: energiø bornholm,
6,energiø bornholm,6: energiø bornholm,
6,energiø bornholm,6: energiø bornholm,
6,energiø bornholm,6: energiø bornholm,
6,energiø bornholm,6: energiø bornholm,
6,energiø bornholm,6: energiø bornholm,
6,energiø bornholm,6: energiø bornholm,
6,energiø bornholm,6: energiø bornholm,
6,energiø bornholm,6: energiø bornholm,
6,energiø bornholm,6: energiø bornholm,
6,energiø bornholm,6: energiø bornholm,
6,energiø bornholm,6: energiø bornholm,
6,energiø bornholm,6: energiø bornholm,
6,energiø bornholm,6: energiø bornholm,
6,energiø bornholm,6: energiø bornholm,
6,energiø bornholm,6: energiø bornholm,
6,energiø bornholm,6: energiø bornholm,
6,energiø bornholm,6: energiø bornholm,
6,energiø bornholm,6: energiø bornholm,
6,energiø bornholm,6: energiø bornholm,
6,energiø bornholm,6: energiø bornholm,
6,energiø bornholm,6: energiø bornholm,
6,energiø bornholm,6: energiø bornholm,
6,energiø bornholm,6: energiø bornholm,
6,energiø bornholm,6: energiø bornholm,
6,energiø bornholm,6: energiø bornholm,
6,energiø bornholm,6: energiø bornholm,
6,energiø bornholm,6: energiø bornholm,
6,energiø bornholm,6: energiø bornholm,
6,energiø bornholm,6: energiø bornholm,
6,energiø bornholm,6: energiø bornholm,
6,energiø bornholm,6: energiø bornholm,
6,energiø bornholm,6: energiø bornholm,
6,energiø bornholm,6: energiø bornholm,
6,energiø bornholm,6: energiø bornholm,
6,energiø bornholm,6: energiø bornholm,
6,energiø bornholm,6: energiø bornholm,
6,energiø bornholm,6: energiø bornholm,
6,energiø bornholm,6: energiø bornholm,
6,energiø bornholm,6: energiø bornholm,
6,energiø bornholm,6: energiø bornholm,
6,energiø bornholm,6: energiø bornholm,
6,energiø bornholm,6: energiø bornholm,
6,energiø bornholm,6: energiø bornholm,
6,energiø bornholm,6: energiø bornholm,
6,energiø bornholm,6: energiø bornholm,
6,energiø bornholm,6: energiø bornholm,
6,energiø bornholm,6: energiø bornholm,
6,energiø bornholm,6: energiø bornholm,
6,energiø bornholm,6: energiø bornholm,
6,energiø bornholm,6: energiø bornholm,
6,energiø bornholm,6: energiø bornholm,
6,energiø bornholm,6: energiø bornholm,
6,energiø bornholm,6: energiø bornholm,
6,energiø bornholm,6: energiø bornholm,
6,energiø bornholm,6: energiø bornholm,
6,energiø bornholm,6: energiø bornholm,
6,energiø bornholm,6: energiø bornholm,
6,energiø bornholm,6: energiø bornholm,
6,energiø bornholm,6: energiø bornholm,
6,energiø bornholm,6: energiø bornholm,
6,energiø bornholm,6: energiø bornholm,
6,energiø bornholm,6: energiø bornholm,
6,energiø bornholm,6: energiø bornholm,
6,energiø bornholm,6: energiø bornholm,
6,energiø bornholm,6: energiø bornholm,
6,energiø bornholm,6: energiø bornholm,
6,energiø bornholm,6: energiø bornholm,
6,energiø bornholm,6: energiø bornholm,
6,energiø bornholm,6: energiø bornholm,
6,energiø bornholm,6: energiø bornholm,
6,energiø bornholm,6: energiø bornholm,
6,energiø bornholm,6: energiø bornholm,
6,energiø bornholm,6: energiø bornholm,
6,energiø bornholm,6: energiø bornholm,
6,energiø bornholm,6: energiø bornholm,
6,energiø bornholm,6: energiø bornholm,
6,energiø bornholm,6: energiø bornholm,
6,energiø bornholm,6: energiø bornholm,
6,energiø bornholm,6: energiø bornholm,
6,energiø bornholm,6: energiø bornholm,
6,energiø bornholm,6: energiø bornholm,
6,energiø bornholm,6: energiø bornholm,
6,energiø bornholm,6: energiø bornholm,
6,energiø bornholm,6: energiø bornholm,
6,energiø bornholm,6: energiø bornholm,
6,energiø bornholm,6: energiø bornholm,
6,energiø bornholm,6: energiø bornholm,
6,energiø bornholm,6: energiø bornholm,
6,energiø bornholm,6: energiø bornholm,
6,energiø bornholm,6: energiø bornholm,
6,energiø bornholm,6: energiø bornholm,
6,energiø bornholm,6: energiø bornholm,
6,energiø bornholm,6: energiø bornholm,
6,energiø bornholm,6: energiø bornholm,
6,energiø bornholm,6: energiø bornholm,
6,energiø bornholm,6: energiø bornholm,
6,energiø bornholm,6: energiø bornholm,
6,energiø bornholm,6: energiø bornholm,
6,energiø bornholm,6: energiø bornholm,
6,energiø bornholm,6: energiø bornholm,
6,energiø bornholm,6: energiø bornholm,
6,energiø bornholm,6: energiø bornholm,
6,energiø bornholm,6: energiø bornholm,
6,energiø bornholm,6: energiø bornholm,
6,energiø bornholm,6: energiø bornholm,
6,energiø bornholm,6: energiø bornholm,
6,energiø bornholm,6: energiø bornholm,
6,energiø bornholm,6: energiø bornholm,
6,energiø bornholm,6: energiø bornholm,
6,energiø bornholm,6: energiø bornholm,
6,energiø bornholm,6: energiø bornholm,
6,energiø bornholm,6: energiø bornholm,
6,energiø bornholm,6: energiø bornholm,
6,energiø bornholm,6: energiø bornholm,
6,energiø bornholm,6: energiø bornholm,
6,energiø bornholm,6: energiø bornholm,
6,energiø bornholm,6: energiø bornholm,
6,energiø bornholm,6: energiø bornholm,
6,energiø bornholm,6: energiø bornholm,
6,energiø bornholm,6: energiø bornholm,
6,energiø bornholm,6: energiø bornholm,
4,baltic sea,4: baltic sea,
4,baltic sea,4: baltic sea,
4,baltic sea,4: baltic sea,
4,baltic sea,4: baltic sea,
4,baltic sea,4: baltic sea,
4,baltic sea,4: baltic sea,
4,baltic sea,4: baltic sea,
4,baltic sea,4: baltic sea,
4,baltic sea,4: baltic sea,
4,baltic sea,4: baltic sea,
4,baltic sea,4: baltic sea,
4,baltic sea,4: baltic sea,
4,baltic sea,4: baltic sea,
4,baltic sea,4: baltic sea,
4,baltic sea,4: baltic sea,
4,baltic sea,4: baltic sea,
4,baltic sea,4: baltic sea,
4,baltic sea,4: baltic sea,
4,baltic sea,4: baltic sea,
4,baltic sea,4: baltic sea,
4,baltic sea,4: baltic sea,
4,baltic sea,4: baltic sea,
4,baltic sea,4: baltic sea,
4,baltic sea,4: baltic sea,
4,baltic sea,4: baltic sea,
4,baltic sea,4: baltic sea,
4,baltic sea,4: baltic sea,
4,baltic sea,4: baltic sea,
4,baltic sea,4: baltic sea,
4,baltic sea,4: baltic sea,
4,baltic sea,4: baltic sea,
4,baltic sea,4: baltic sea,
4,baltic sea,4: baltic sea,
4,baltic sea,4: baltic sea,
4,baltic sea,4: baltic sea,
4,baltic sea,4: baltic sea,
4,baltic sea,4: baltic sea,
4,baltic sea,4: baltic sea,
4,baltic sea,4: baltic sea,
4,baltic sea,4: baltic sea,
4,baltic sea,4: baltic sea,
4,baltic sea,4: baltic sea,
4,baltic sea,4: baltic sea,
4,baltic sea,4: baltic sea,
4,baltic sea,4: baltic sea,
4,baltic sea,4: baltic sea,
4,baltic sea,4: baltic sea,
4,baltic sea,4: baltic sea,
4,baltic sea,4: baltic sea,
4,baltic sea,4: baltic sea,
4,baltic sea,4: baltic sea,
4,baltic sea,4: baltic sea,
4,baltic sea,4: baltic sea,
4,baltic sea,4: baltic sea,
4,baltic sea,4: baltic sea,
4,baltic sea,4: baltic sea,
4,baltic sea,4: baltic sea,
4,baltic sea,4: baltic sea,
4,baltic sea,4: baltic sea,
4,baltic sea,4: baltic sea,
4,baltic sea,4: baltic sea,
4,baltic sea,4: baltic sea,
4,baltic sea,4: baltic sea,
4,baltic sea,4: baltic sea,
4,baltic sea,4: baltic sea,
4,baltic sea,4: baltic sea,
4,baltic sea,4: baltic sea,
4,baltic sea,4: baltic sea,
4,baltic sea,4: baltic sea,
4,baltic sea,4: baltic sea,
4,baltic sea,4: baltic sea,
4,baltic sea,4: baltic sea,
4,baltic sea,4: baltic sea,
4,baltic sea,4: baltic sea,
4,baltic sea,4: baltic sea,
4,baltic sea,4: baltic sea,
4,baltic sea,4: baltic sea,
4,baltic sea,4: baltic sea,
4,baltic sea,4: baltic sea,
4,baltic sea,4: baltic sea,
4,baltic sea,4: baltic sea,
4,baltic sea,4: baltic sea,
4,baltic sea,4: baltic sea,
4,baltic sea,4: baltic sea,
4,baltic sea,4: baltic sea,
4,baltic sea,4: baltic sea,
4,baltic sea,4: baltic sea,
4,baltic sea,4: baltic sea,
4,baltic sea,4: baltic sea,
4,baltic sea,4: baltic sea,
4,baltic sea,4: baltic sea,
4,baltic sea,4: baltic sea,
4,baltic sea,4: baltic sea,
4,baltic sea,4: baltic sea,
4,baltic sea,4: baltic sea,
4,baltic sea,4: baltic sea,
4,baltic sea,4: baltic sea,
4,baltic sea,4: baltic sea,
4,baltic sea,4: baltic sea,
4,baltic sea,4: baltic sea,
4,baltic sea,4: baltic sea,
4,baltic sea,4: baltic sea,
4,baltic sea,4: baltic sea,
4,baltic sea,4: baltic sea,
4,baltic sea,4: baltic sea,
4,baltic sea,4: baltic sea,
4,baltic sea,4: baltic sea,
4,baltic sea,4: baltic sea,
4,baltic sea,4: baltic sea,
4,baltic sea,4: baltic sea,
4,baltic sea,4: baltic sea,
4,baltic sea,4: baltic sea,
4,baltic sea,4: baltic sea,
4,baltic sea,4: baltic sea,
4,baltic sea,4: baltic sea,
4,baltic sea,4: baltic sea,
4,baltic sea,4: baltic sea,
4,baltic sea,4: baltic sea,
4,baltic sea,4: baltic sea,
4,baltic sea,4: baltic sea,
4,baltic sea,4: baltic sea,
4,baltic sea,4: baltic sea,
4,baltic sea,4: baltic sea,
4,baltic sea,4: baltic sea,
4,baltic sea,4: baltic sea,
4,baltic sea,4: baltic sea,
4,baltic sea,4: baltic sea,
4,baltic sea,4: baltic sea,
4,baltic sea,4: baltic sea,
4,baltic sea,4: baltic sea,
4,baltic sea,4: baltic sea,
4,baltic sea,4: baltic sea,
4,baltic sea,4: baltic sea,
4,baltic sea,4: baltic sea,
4,baltic sea,4: baltic sea,
4,baltic sea,4: baltic sea,
4,baltic sea,4: baltic sea,
4,baltic sea,4: baltic sea,
2,municip council,2: municip council,
2,municip council,2: municip council,
2,municip council,2: municip council,
2,municip council,2: municip council,
2,municip council,2: municip council,
2,municip council,2: municip council,
2,municip council,2: municip council,
2,municip council,2: municip council,
2,municip council,2: municip council,
2,municip council,2: municip council,
2,municip council,2: municip council,
2,municip council,2: municip council,
2,municip council,2: municip council,
2,municip council,2: municip council,
2,municip council,2: municip council,
2,municip council,2: municip council,
2,municip council,2: municip council,
2,municip council,2: municip council,
2,municip council,2: municip council,
2,municip council,2: municip council,
2,municip council,2: municip council,
2,municip council,2: municip council,
2,municip council,2: municip council,
2,municip council,2: municip council,
2,municip council,2: municip council,
2,municip council,2: municip council,
2,municip council,2: municip council,
2,municip council,2: municip council,
2,municip council,2: municip council,
2,municip council,2: municip council,
2,municip council,2: municip council,
2,municip council,2: municip council,
2,municip council,2: municip council,
2,municip council,2: municip council,
2,municip council,2: municip council,
2,municip council,2: municip council,
2,municip council,2: municip council,
2,municip council,2: municip council,
2,municip council,2: municip council,
2,municip council,2: municip council,
2,municip council,2: municip council,
2,municip council,2: municip council,
2,municip council,2: municip council,
2,municip council,2: municip council,
2,municip council,2: municip council,
2,municip council,2: municip council,
2,municip council,2: municip council,
2,municip council,2: municip council,
2,municip council,2: municip council,
2,municip council,2: municip council,
2,municip council,2: municip council,
2,municip council,2: municip council,
2,municip council,2: municip council,
2,municip council,2: municip council,
2,municip council,2: municip council,
2,municip council,2: municip council,
2,municip council,2: municip council,
2,municip council,2: municip council,
2,municip council,2: municip council,
2,municip council,2: municip council,
2,municip council,2: municip council,
2,municip council,2: municip council,
2,municip council,2: municip council,
2,municip council,2: municip council,
2,municip council,2: municip council,
2,municip council,2: municip council,
2,municip council,2: municip council,
2,municip council,2: municip council,
2,municip council,2: municip council,
2,municip council,2: municip council,
2,municip council,2: municip council,
2,municip council,2: municip council,
2,municip council,2: municip council,
2,municip council,2: municip council,
2,municip council,2: municip council,
2,municip council,2: municip council,
2,municip council,2: municip council,
2,municip council,2: municip council,
2,municip council,2: municip council,
2,municip council,2: municip council,
2,municip council,2: municip council,
2,municip council,2: municip council,
2,municip council,2: municip council,
2,municip council,2: municip council,
2,municip council,2: municip council,
2,municip council,2: municip council,
2,municip council,2: municip council,
2,municip council,2: municip council,
2,municip council,2: municip council,
2,municip council,2: municip council,
2,municip council,2: municip council,
2,municip council,2: municip council,
2,municip council,2: municip council,
2,municip council,2: municip council,
2,municip council,2: municip council,
2,municip council,2: municip council,
2,municip council,2: municip council,
2,municip council,2: municip council,
2,municip council,2: municip council,
2,municip council,2: municip council,
2,municip council,2: municip council,
2,municip council,2: municip council,
2,municip council,2: municip council,
2,municip council,2: municip council,
2,municip council,2: municip council,
2,municip council,2: municip council,
2,municip council,2: municip council,
2,municip council,2: municip council,
2,municip council,2: municip council,
2,municip council,2: municip council,
2,municip council,2: municip council,
2,municip council,2: municip council,
2,municip council,2: municip council,
2,municip council,2: municip council,
2,municip council,2: municip council,
2,municip council,2: municip council,
2,municip council,2: municip council,
2,municip council,2: municip council,
2,municip council,2: municip council,
2,municip council,2: municip council,
2,municip council,2: municip council,
2,municip council,2: municip council,
2,municip council,2: municip council,
2,municip council,2: municip council,
2,municip council,2: municip council,
2,municip council,2: municip council,
2,municip council,2: municip council,
2,municip council,2: municip council,
2,municip council,2: municip council,
2,municip council,2: municip council,
2,municip council,2: municip council,
2,municip council,2: municip council,
2,municip council,2: municip council,
2,municip council,2: municip council,
2,municip council,2: municip council,
2,municip council,2: municip council,
2,municip council,2: municip council,
2,municip council,2: municip council,
2,municip council,2: municip council,
2,municip council,2: municip council,
2,municip council,2: municip council,
2,municip council,2: municip council,
2,municip council,2: municip council,
2,municip council,2: municip council,
2,municip council,2: municip council,
2,municip council,2: municip council,
2,municip council,2: municip council,
2,municip council,2: municip council,
2,municip council,2: municip council,
2,municip council,2: municip council,
2,municip council,2: municip council,
2,municip council,2: municip council,
2,municip council,2: municip council,
2,municip council,2: municip council,
2,municip council,2: municip council,
2,municip council,2: municip council,
4,baltic sea,4: baltic sea,
4,baltic sea,4: baltic sea,
4,baltic sea,4: baltic sea,
4,baltic sea,4: baltic sea,
4,baltic sea,4: baltic sea,
4,baltic sea,4: baltic sea,
4,baltic sea,4: baltic sea,
4,baltic sea,4: baltic sea,
4,baltic sea,4: baltic sea,
4,baltic sea,4: baltic sea,
4,baltic sea,4: baltic sea,
4,baltic sea,4: baltic sea,
4,baltic sea,4: baltic sea,
4,baltic sea,4: baltic sea,
4,baltic sea,4: baltic sea,
4,baltic sea,4: baltic sea,
4,baltic sea,4: baltic sea,
4,baltic sea,4: baltic sea,
4,baltic sea,4: baltic sea,
4,baltic sea,4: baltic sea,
4,baltic sea,4: baltic sea,
4,baltic sea,4: baltic sea,
4,baltic sea,4: baltic sea,
4,baltic sea,4: baltic sea,
4,baltic sea,4: baltic sea,
4,baltic sea,4: baltic sea,
4,baltic sea,4: baltic sea,
4,baltic sea,4: baltic sea,
4,baltic sea,4: baltic sea,
4,baltic sea,4: baltic sea,
4,baltic sea,4: baltic sea,
4,baltic sea,4: baltic sea,
4,baltic sea,4: baltic sea,
4,baltic sea,4: baltic sea,
4,baltic sea,4: baltic sea,
4,baltic sea,4: baltic sea,
4,baltic sea,4: baltic sea,
4,baltic sea,4: baltic sea,
4,baltic sea,4: baltic sea,
4,baltic sea,4: baltic sea,
4,baltic sea,4: baltic sea,
4,baltic sea,4: baltic sea,
4,baltic sea,4: baltic sea,
4,baltic sea,4: baltic sea,
4,baltic sea,4: baltic sea,
4,baltic sea,4: baltic sea,
4,baltic sea,4: baltic sea,
4,baltic sea,4: baltic sea,
4,baltic sea,4: baltic sea,
4,baltic sea,4: baltic sea,
4,baltic sea,4: baltic sea,
4,baltic sea,4: baltic sea,
4,baltic sea,4: baltic sea,
4,baltic sea,4: baltic sea,
4,baltic sea,4: baltic sea,
4,baltic sea,4: baltic sea,
4,baltic sea,4: baltic sea,
4,baltic sea,4: baltic sea,
4,baltic sea,4: baltic sea,
4,baltic sea,4: baltic sea,
4,baltic sea,4: baltic sea,
4,baltic sea,4: baltic sea,
4,baltic sea,4: baltic sea,
4,baltic sea,4: baltic sea,
4,baltic sea,4: baltic sea,
4,baltic sea,4: baltic sea,
4,baltic sea,4: baltic sea,
4,baltic sea,4: baltic sea,
4,baltic sea,4: baltic sea,
4,baltic sea,4: baltic sea,
4,baltic sea,4: baltic sea,
4,baltic sea,4: baltic sea,
4,baltic sea,4: baltic sea,
4,baltic sea,4: baltic sea,
4,baltic sea,4: baltic sea,
4,baltic sea,4: baltic sea,
4,baltic sea,4: baltic sea,
4,baltic sea,4: baltic sea,
4,baltic sea,4: baltic sea,
4,baltic sea,4: baltic sea,
4,baltic sea,4: baltic sea,
4,baltic sea,4: baltic sea,
4,baltic sea,4: baltic sea,
4,baltic sea,4: baltic sea,
4,baltic sea,4: baltic sea,
4,baltic sea,4: baltic sea,
4,baltic sea,4: baltic sea,
4,baltic sea,4: baltic sea,
4,baltic sea,4: baltic sea,
4,baltic sea,4: baltic sea,
4,baltic sea,4: baltic sea,
4,baltic sea,4: baltic sea,
4,baltic sea,4: baltic sea,
4,baltic sea,4: baltic sea,
4,baltic sea,4: baltic sea,
4,baltic sea,4: baltic sea,
4,baltic sea,4: baltic sea,
4,baltic sea,4: baltic sea,
4,baltic sea,4: baltic sea,
4,baltic sea,4: baltic sea,
4,baltic sea,4: baltic sea,
4,baltic sea,4: baltic sea,
4,baltic sea,4: baltic sea,
4,baltic sea,4: baltic sea,
4,baltic sea,4: baltic sea,
4,baltic sea,4: baltic sea,
4,baltic sea,4: baltic sea,
4,baltic sea,4: baltic sea,
4,baltic sea,4: baltic sea,
4,baltic sea,4: baltic sea,
4,baltic sea,4: baltic sea,
4,baltic sea,4: baltic sea,
4,baltic sea,4: baltic sea,
4,baltic sea,4: baltic sea,
4,baltic sea,4: baltic sea,
4,baltic sea,4: baltic sea,
4,baltic sea,4: baltic sea,
4,baltic sea,4: baltic sea,
4,baltic sea,4: baltic sea,
4,baltic sea,4: baltic sea,
4,baltic sea,4: baltic sea,
4,baltic sea,4: baltic sea,
4,baltic sea,4: baltic sea,
4,baltic sea,4: baltic sea,
4,baltic sea,4: baltic sea,
4,baltic sea,4: baltic sea,
4,baltic sea,4: baltic sea,
4,baltic sea,4: baltic sea,
4,baltic sea,4: baltic sea,
4,baltic sea,4: baltic sea,
4,baltic sea,4: baltic sea,
4,baltic sea,4: baltic sea,
4,baltic sea,4: baltic sea,
4,baltic sea,4: baltic sea,
4,baltic sea,4: baltic sea,
4,baltic sea,4: baltic sea,
4,baltic sea,4: baltic sea,
4,baltic sea,4: baltic sea,
7,renew energi,7: renew energi,
7,renew energi,7: renew energi,
7,renew energi,7: renew energi,
7,renew energi,7: renew energi,
7,renew energi,7: renew energi,
7,renew energi,7: renew energi,
7,renew energi,7: renew energi,
7,renew energi,7: renew energi,
7,renew energi,7: renew energi,
7,renew energi,7: renew energi,
7,renew energi,7: renew energi,
7,renew energi,7: renew energi,
7,renew energi,7: renew energi,
7,renew energi,7: renew energi,
7,renew energi,7: renew energi,
7,renew energi,7: renew energi,
7,renew energi,7: renew energi,
7,renew energi,7: renew energi,
7,renew energi,7: renew energi,
7,renew energi,7: renew energi,
7,renew energi,7: renew energi,
7,renew energi,7: renew energi,
7,renew energi,7: renew energi,
7,renew energi,7: renew energi,
7,renew energi,7: renew energi,
7,renew energi,7: renew energi,
7,renew energi,7: renew energi,
7,renew energi,7: renew energi,
7,renew energi,7: renew energi,
7,renew energi,7: renew energi,
7,renew energi,7: renew energi,
7,renew energi,7: renew energi,
7,renew energi,7: renew energi,
7,renew energi,7: renew energi,
7,renew energi,7: renew energi,
7,renew energi,7: renew energi,
7,renew energi,7: renew energi,
7,renew energi,7: renew energi,
7,renew energi,7: renew energi,
7,renew energi,7: renew energi,
7,renew energi,7: renew energi,
7,renew energi,7: renew energi,
7,renew energi,7: renew energi,
7,renew energi,7: renew energi,
7,renew energi,7: renew energi,
7,renew energi,7: renew energi,
7,renew energi,7: renew energi,
7,renew energi,7: renew energi,
7,renew energi,7: renew energi,
7,renew energi,7: renew energi,
7,renew energi,7: renew energi,
7,renew energi,7: renew energi,
7,renew energi,7: renew energi,
7,renew energi,7: renew energi,
7,renew energi,7: renew energi,
7,renew energi,7: renew energi,
7,renew energi,7: renew energi,
7,renew energi,7: renew energi,
7,renew energi,7: renew energi,
7,renew energi,7: renew energi,
7,renew energi,7: renew energi,
7,renew energi,7: renew energi,
7,renew energi,7: renew energi,
7,renew energi,7: renew energi,
7,renew energi,7: renew energi,
7,renew energi,7: renew energi,
7,renew energi,7: renew energi,
7,renew energi,7: renew energi,
7,renew energi,7: renew energi,
7,renew energi,7: renew energi,
7,renew energi,7: renew energi,
7,renew energi,7: renew energi,
7,renew energi,7: renew energi,
7,renew energi,7: renew energi,
7,renew energi,7: renew energi,
7,renew energi,7: renew energi,
7,renew energi,7: renew energi,
7,renew energi,7: renew energi,
7,renew energi,7: renew energi,
7,renew energi,7: renew energi,
7,renew energi,7: renew energi,
7,renew energi,7: renew energi,
7,renew energi,7: renew energi,
7,renew energi,7: renew energi,
7,renew energi,7: renew energi,
7,renew energi,7: renew energi,
7,renew energi,7: renew energi,
7,renew energi,7: renew energi,
7,renew energi,7: renew energi,
7,renew energi,7: renew energi,
7,renew energi,7: renew energi,
7,renew energi,7: renew energi,
7,renew energi,7: renew energi,
7,renew energi,7: renew energi,
7,renew energi,7: renew energi,
7,renew energi,7: renew energi,
7,renew energi,7: renew energi,
7,renew energi,7: renew energi,
7,renew energi,7: renew energi,
7,renew energi,7: renew energi,
7,renew energi,7: renew energi,
7,renew energi,7: renew energi,
7,renew energi,7: renew energi,
7,renew energi,7: renew energi,
7,renew energi,7: renew energi,
7,renew energi,7: renew energi,
7,renew energi,7: renew energi,
7,renew energi,7: renew energi,
7,renew energi,7: renew energi,
7,renew energi,7: renew energi,
7,renew energi,7: renew energi,
7,renew energi,7: renew energi,
7,renew energi,7: renew energi,
7,renew energi,7: renew energi,
7,renew energi,7: renew energi,
7,renew energi,7: renew energi,
7,renew energi,7: renew energi,
7,renew energi,7: renew energi,
7,renew energi,7: renew energi,
7,renew energi,7: renew energi,
7,renew energi,7: renew energi,
7,renew energi,7: renew energi,
7,renew energi,7: renew energi,
7,renew energi,7: renew energi,
7,renew energi,7: renew energi,
7,renew energi,7: renew energi,
7,renew energi,7: renew energi,
7,renew energi,7: renew energi,
7,renew energi,7: renew energi,
7,renew energi,7: renew energi,
7,renew energi,7: renew energi,
7,renew energi,7: renew energi,
7,renew energi,7: renew energi,
7,renew energi,7: renew energi,
7,renew energi,7: renew energi,
7,renew energi,7: renew energi,
7,renew energi,7: renew energi,
7,renew energi,7: renew energi,
7,renew energi,7: renew energi,
7,renew energi,7: renew energi,
7,renew energi,7: renew energi,
7,renew energi,7: renew energi,
7,renew energi,7: renew energi,
7,renew energi,7: renew energi,
7,renew energi,7: renew energi,
7,renew energi,7: renew energi,
6,energiø bornholm,6: energiø bornholm,
6,energiø bornholm,6: energiø bornholm,
6,energiø bornholm,6: energiø bornholm,
6,energiø bornholm,6: energiø bornholm,
6,energiø bornholm,6: energiø bornholm,
6,energiø bornholm,6: energiø bornholm,
6,energiø bornholm,6: energiø bornholm,
6,energiø bornholm,6: energiø bornholm,
6,energiø bornholm,6: energiø bornholm,
6,energiø bornholm,6: energiø bornholm,
6,energiø bornholm,6: energiø bornholm,
6,energiø bornholm,6: energiø bornholm,
6,energiø bornholm,6: energiø bornholm,
6,energiø bornholm,6: energiø bornholm,
6,energiø bornholm,6: energiø bornholm,
6,energiø bornholm,6: energiø bornholm,
6,energiø bornholm,6: energiø bornholm,
6,energiø bornholm,6: energiø bornholm,
6,energiø bornholm,6: energiø bornholm,
6,energiø bornholm,6: energiø bornholm,
6,energiø bornholm,6: energiø bornholm,
6,energiø bornholm,6: energiø bornholm,
6,energiø bornholm,6: energiø bornholm,
6,energiø bornholm,6: energiø bornholm,
6,energiø bornholm,6: energiø bornholm,
6,energiø bornholm,6: energiø bornholm,
6,energiø bornholm,6: energiø bornholm,
6,energiø bornholm,6: energiø bornholm,
6,energiø bornholm,6: energiø bornholm,
6,energiø bornholm,6: energiø bornholm,
6,energiø bornholm,6: energiø bornholm,
6,energiø bornholm,6: energiø bornholm,
6,energiø bornholm,6: energiø bornholm,
6,energiø bornholm,6: energiø bornholm,
6,energiø bornholm,6: energiø bornholm,
6,energiø bornholm,6: energiø bornholm,
6,energiø bornholm,6: energiø bornholm,
6,energiø bornholm,6: energiø bornholm,
6,energiø bornholm,6: energiø bornholm,
6,energiø bornholm,6: energiø bornholm,
6,energiø bornholm,6: energiø bornholm,
6,energiø bornholm,6: energiø bornholm,
6,energiø bornholm,6: energiø bornholm,
6,energiø bornholm,6: energiø bornholm,
6,energiø bornholm,6: energiø bornholm,
6,energiø bornholm,6: energiø bornholm,
6,energiø bornholm,6: energiø bornholm,
6,energiø bornholm,6: energiø bornholm,
6,energiø bornholm,6: energiø bornholm,
6,energiø bornholm,6: energiø bornholm,
6,energiø bornholm,6: energiø bornholm,
6,energiø bornholm,6: energiø bornholm,
6,energiø bornholm,6: energiø bornholm,
6,energiø bornholm,6: energiø bornholm,
6,energiø bornholm,6: energiø bornholm,
6,energiø bornholm,6: energiø bornholm,
6,energiø bornholm,6: energiø bornholm,
6,energiø bornholm,6: energiø bornholm,
6,energiø bornholm,6: energiø bornholm,
6,energiø bornholm,6: energiø bornholm,
6,energiø bornholm,6: energiø bornholm,
6,energiø bornholm,6: energiø bornholm,
6,energiø bornholm,6: energiø bornholm,
6,energiø bornholm,6: energiø bornholm,
6,energiø bornholm,6: energiø bornholm,
6,energiø bornholm,6: energiø bornholm,
6,energiø bornholm,6: energiø bornholm,
6,energiø bornholm,6: energiø bornholm,
6,energiø bornholm,6: energiø bornholm,
6,energiø bornholm,6: energiø bornholm,
6,energiø bornholm,6: energiø bornholm,
6,energiø bornholm,6: energiø bornholm,
6,energiø bornholm,6: energiø bornholm,
6,energiø bornholm,6: energiø bornholm,
6,energiø bornholm,6: energiø bornholm,
6,energiø bornholm,6: energiø bornholm,
6,energiø bornholm,6: energiø bornholm,
6,energiø bornholm,6: energiø bornholm,
6,energiø bornholm,6: energiø bornholm,
6,energiø bornholm,6: energiø bornholm,
6,energiø bornholm,6: energiø bornholm,
6,energiø bornholm,6: energiø bornholm,
6,energiø bornholm,6: energiø bornholm,
6,energiø bornholm,6: energiø bornholm,
6,energiø bornholm,6: energiø bornholm,
6,energiø bornholm,6: energiø bornholm,
6,energiø bornholm,6: energiø bornholm,
6,energiø bornholm,6: energiø bornholm,
6,energiø bornholm,6: energiø bornholm,
6,energiø bornholm,6: energiø bornholm,
6,energiø bornholm,6: energiø bornholm,
6,energiø bornholm,6: energiø bornholm,
6,energiø bornholm,6: energiø bornholm,
6,energiø bornholm,6: energiø bornholm,
6,energiø bornholm,6: energiø bornholm,
6,energiø bornholm,6: energiø bornholm,
6,energiø bornholm,6: energiø bornholm,
6,energiø bornholm,6: energiø bornholm,
6,energiø bornholm,6: energiø bornholm,
6,energiø bornholm,6: energiø bornholm,
6,energiø bornholm,6: energiø bornholm,
6,energiø bornholm,6: energiø bornholm,
6,energiø bornholm,6: energiø bornholm,
6,energiø bornholm,6: energiø bornholm,
6,energiø bornholm,6: energiø bornholm,
6,energiø bornholm,6: energiø bornholm,
6,energiø bornholm,6: energiø bornholm,
6,energiø bornholm,6: energiø bornholm,
6,energiø bornholm,6: energiø bornholm,
6,energiø bornholm,6: energiø bornholm,
6,energiø bornholm,6: energiø bornholm,
6,energiø bornholm,6: energiø bornholm,
6,energiø bornholm,6: energiø bornholm,
6,energiø bornholm,6: energiø bornholm,
6,energiø bornholm,6: energiø bornholm,
6,energiø bornholm,6: energiø bornholm,
6,energiø bornholm,6: energiø bornholm,
6,energiø bornholm,6: energiø bornholm,
6,energiø bornholm,6: energiø bornholm,
6,energiø bornholm,6: energiø bornholm,
6,energiø bornholm,6: energiø bornholm,
6,energiø bornholm,6: energiø bornholm,
6,energiø bornholm,6: energiø bornholm,
6,energiø bornholm,6: energiø bornholm,
6,energiø bornholm,6: energiø bornholm,
6,energiø bornholm,6: energiø bornholm,
6,energiø bornholm,6: energiø bornholm,
6,energiø bornholm,6: energiø bornholm,
6,energiø bornholm,6: energiø bornholm,
6,energiø bornholm,6: energiø bornholm,
6,energiø bornholm,6: energiø bornholm,
6,energiø bornholm,6: energiø bornholm,
6,energiø bornholm,6: energiø bornholm,
6,energiø bornholm,6: energiø bornholm,
6,energiø bornholm,6: energiø bornholm,
6,energiø bornholm,6: energiø bornholm,
6,energiø bornholm,6: energiø bornholm,
6,energiø bornholm,6: energiø bornholm,
6,energiø bornholm,6: energiø bornholm,
6,energiø bornholm,6: energiø bornholm,
6,energiø bornholm,6: energiø bornholm,
6,energiø bornholm,6: energiø bornholm,
6,energiø bornholm,6: energiø bornholm,
6,energiø bornholm,6: energiø bornholm,
6,energiø bornholm,6: energiø bornholm,
6,energiø bornholm,6: energiø bornholm,
6,energiø bornholm,6: energiø bornholm,
6,energiø bornholm,6: energiø bornholm,
6,energiø bornholm,6: energiø bornholm,
6,energiø bornholm,6: energiø bornholm,
6,energiø bornholm,6: energiø bornholm,
6,energiø bornholm,6: energiø bornholm,
6,energiø bornholm,6: energiø bornholm,
6,energiø bornholm,6: energiø bornholm,
6,energiø bornholm,6: energiø bornholm,
6,energiø bornholm,6: energiø bornholm,
6,energiø bornholm,6: energiø bornholm,
6,energiø bornholm,6: energiø bornholm,
6,energiø bornholm,6: energiø bornholm,
6,energiø bornholm,6: energiø bornholm,
6,energiø bornholm,6: energiø bornholm,
6,energiø bornholm,6: energiø bornholm,
6,energiø bornholm,6: energiø bornholm,
6,energiø bornholm,6: energiø bornholm,
6,energiø bornholm,6: energiø bornholm,
6,energiø bornholm,6: energiø bornholm,
6,energiø bornholm,6: energiø bornholm,
6,energiø bornholm,6: energiø bornholm,
6,energiø bornholm,6: energiø bornholm,
6,energiø bornholm,6: energiø bornholm,
6,energiø bornholm,6: energiø bornholm,
4,baltic sea,4: baltic sea,
4,baltic sea,4: baltic sea,
4,baltic sea,4: baltic sea,
4,baltic sea,4: baltic sea,
4,baltic sea,4: baltic sea,
4,baltic sea,4: baltic sea,
4,baltic sea,4: baltic sea,
4,baltic sea,4: baltic sea,
4,baltic sea,4: baltic sea,
4,baltic sea,4: baltic sea,
4,baltic sea,4: baltic sea,
4,baltic sea,4: baltic sea,
4,baltic sea,4: baltic sea,
4,baltic sea,4: baltic sea,
4,baltic sea,4: baltic sea,
4,baltic sea,4: baltic sea,
4,baltic sea,4: baltic sea,
4,baltic sea,4: baltic sea,
4,baltic sea,4: baltic sea,
4,baltic sea,4: baltic sea,
4,baltic sea,4: baltic sea,
4,baltic sea,4: baltic sea,
4,baltic sea,4: baltic sea,
4,baltic sea,4: baltic sea,
4,baltic sea,4: baltic sea,
4,baltic sea,4: baltic sea,
4,baltic sea,4: baltic sea,
4,baltic sea,4: baltic sea,
4,baltic sea,4: baltic sea,
4,baltic sea,4: baltic sea,
4,baltic sea,4: baltic sea,
4,baltic sea,4: baltic sea,
4,baltic sea,4: baltic sea,
4,baltic sea,4: baltic sea,
4,baltic sea,4: baltic sea,
4,baltic sea,4: baltic sea,
4,baltic sea,4: baltic sea,
4,baltic sea,4: baltic sea,
4,baltic sea,4: baltic sea,
4,baltic sea,4: baltic sea,
4,baltic sea,4: baltic sea,
4,baltic sea,4: baltic sea,
4,baltic sea,4: baltic sea,
4,baltic sea,4: baltic sea,
4,baltic sea,4: baltic sea,
4,baltic sea,4: baltic sea,
4,baltic sea,4: baltic sea,
4,baltic sea,4: baltic sea,
4,baltic sea,4: baltic sea,
4,baltic sea,4: baltic sea,
4,baltic sea,4: baltic sea,
4,baltic sea,4: baltic sea,
4,baltic sea,4: baltic sea,
4,baltic sea,4: baltic sea,
4,baltic sea,4: baltic sea,
4,baltic sea,4: baltic sea,
4,baltic sea,4: baltic sea,
4,baltic sea,4: baltic sea,
4,baltic sea,4: baltic sea,
4,baltic sea,4: baltic sea,
4,baltic sea,4: baltic sea,
4,baltic sea,4: baltic sea,
4,baltic sea,4: baltic sea,
4,baltic sea,4: baltic sea,
4,baltic sea,4: baltic sea,
4,baltic sea,4: baltic sea,
4,baltic sea,4: baltic sea,
4,baltic sea,4: baltic sea,
4,baltic sea,4: baltic sea,
4,baltic sea,4: baltic sea,
4,baltic sea,4: baltic sea,
4,baltic sea,4: baltic sea,
4,baltic sea,4: baltic sea,
4,baltic sea,4: baltic sea,
4,baltic sea,4: baltic sea,
4,baltic sea,4: baltic sea,
4,baltic sea,4: baltic sea,
4,baltic sea,4: baltic sea,
4,baltic sea,4: baltic sea,
4,baltic sea,4: baltic sea,
4,baltic sea,4: baltic sea,
4,baltic sea,4: baltic sea,
4,baltic sea,4: baltic sea,
4,baltic sea,4: baltic sea,
4,baltic sea,4: baltic sea,
4,baltic sea,4: baltic sea,
4,baltic sea,4: baltic sea,
4,baltic sea,4: baltic sea,
4,baltic sea,4: baltic sea,
4,baltic sea,4: baltic sea,
4,baltic sea,4: baltic sea,
4,baltic sea,4: baltic sea,
4,baltic sea,4: baltic sea,
4,baltic sea,4: baltic sea,
4,baltic sea,4: baltic sea,
4,baltic sea,4: baltic sea,
4,baltic sea,4: baltic sea,
4,baltic sea,4: baltic sea,
4,baltic sea,4: baltic sea,
4,baltic sea,4: baltic sea,
4,baltic sea,4: baltic sea,
4,baltic sea,4: baltic sea,
4,baltic sea,4: baltic sea,
4,baltic sea,4: baltic sea,
4,baltic sea,4: baltic sea,
4,baltic sea,4: baltic sea,
4,baltic sea,4: baltic sea,
4,baltic sea,4: baltic sea,
4,baltic sea,4: baltic sea,
4,baltic sea,4: baltic sea,
4,baltic sea,4: baltic sea,
4,baltic sea,4: baltic sea,
4,baltic sea,4: baltic sea,
4,baltic sea,4: baltic sea,
4,baltic sea,4: baltic sea,
4,baltic sea,4: baltic sea,
4,baltic sea,4: baltic sea,
4,baltic sea,4: baltic sea,
4,baltic sea,4: baltic sea,
4,baltic sea,4: baltic sea,
4,baltic sea,4: baltic sea,
4,baltic sea,4: baltic sea,
4,baltic sea,4: baltic sea,
4,baltic sea,4: baltic sea,
4,baltic sea,4: baltic sea,
4,baltic sea,4: baltic sea,
4,baltic sea,4: baltic sea,
4,baltic sea,4: baltic sea,
4,baltic sea,4: baltic sea,
4,baltic sea,4: baltic sea,
4,baltic sea,4: baltic sea,
4,baltic sea,4: baltic sea,
4,baltic sea,4: baltic sea,
4,baltic sea,4: baltic sea,
4,baltic sea,4: baltic sea,
4,baltic sea,4: baltic sea,
4,baltic sea,4: baltic sea,
4,baltic sea,4: baltic sea,
3,offshor wind,3: offshor wind,
3,offshor wind,3: offshor wind,
3,offshor wind,3: offshor wind,
3,offshor wind,3: offshor wind,
3,offshor wind,3: offshor wind,
3,offshor wind,3: offshor wind,
3,offshor wind,3: offshor wind,
3,offshor wind,3: offshor wind,
3,offshor wind,3: offshor wind,
3,offshor wind,3: offshor wind,
3,offshor wind,3: offshor wind,
3,offshor wind,3: offshor wind,
3,offshor wind,3: offshor wind,
3,offshor wind,3: offshor wind,
3,offshor wind,3: offshor wind,
3,offshor wind,3: offshor wind,
3,offshor wind,3: offshor wind,
3,offshor wind,3: offshor wind,
3,offshor wind,3: offshor wind,
3,offshor wind,3: offshor wind,
3,offshor wind,3: offshor wind,
3,offshor wind,3: offshor wind,
3,offshor wind,3: offshor wind,
3,offshor wind,3: offshor wind,
3,offshor wind,3: offshor wind,
3,offshor wind,3: offshor wind,
3,offshor wind,3: offshor wind,
3,offshor wind,3: offshor wind,
3,offshor wind,3: offshor wind,
3,offshor wind,3: offshor wind,
3,offshor wind,3: offshor wind,
3,offshor wind,3: offshor wind,
3,offshor wind,3: offshor wind,
3,offshor wind,3: offshor wind,
3,offshor wind,3: offshor wind,
3,offshor wind,3: offshor wind,
3,offshor wind,3: offshor wind,
3,offshor wind,3: offshor wind,
3,offshor wind,3: offshor wind,
3,offshor wind,3: offshor wind,
3,offshor wind,3: offshor wind,
3,offshor wind,3: offshor wind,
3,offshor wind,3: offshor wind,
3,offshor wind,3: offshor wind,
3,offshor wind,3: offshor wind,
3,offshor wind,3: offshor wind,
3,offshor wind,3: offshor wind,
3,offshor wind,3: offshor wind,
3,offshor wind,3: offshor wind,
3,offshor wind,3: offshor wind,
3,offshor wind,3: offshor wind,
3,offshor wind,3: offshor wind,
3,offshor wind,3: offshor wind,
3,offshor wind,3: offshor wind,
3,offshor wind,3: offshor wind,
3,offshor wind,3: offshor wind,
3,offshor wind,3: offshor wind,
3,offshor wind,3: offshor wind,
3,offshor wind,3: offshor wind,
3,offshor wind,3: offshor wind,
3,offshor wind,3: offshor wind,
3,offshor wind,3: offshor wind,
3,offshor wind,3: offshor wind,
3,offshor wind,3: offshor wind,
3,offshor wind,3: offshor wind,
3,offshor wind,3: offshor wind,
3,offshor wind,3: offshor wind,
3,offshor wind,3: offshor wind,
3,offshor wind,3: offshor wind,
3,offshor wind,3: offshor wind,
3,offshor wind,3: offshor wind,
3,offshor wind,3: offshor wind,
3,offshor wind,3: offshor wind,
3,offshor wind,3: offshor wind,
3,offshor wind,3: offshor wind,
3,offshor wind,3: offshor wind,
3,offshor wind,3: offshor wind,
3,offshor wind,3: offshor wind,
3,offshor wind,3: offshor wind,
3,offshor wind,3: offshor wind,
3,offshor wind,3: offshor wind,
3,offshor wind,3: offshor wind,
3,offshor wind,3: offshor wind,
3,offshor wind,3: offshor wind,
3,offshor wind,3: offshor wind,
3,offshor wind,3: offshor wind,
3,offshor wind,3: offshor wind,
3,offshor wind,3: offshor wind,
3,offshor wind,3: offshor wind,
3,offshor wind,3: offshor wind,
3,offshor wind,3: offshor wind,
3,offshor wind,3: offshor wind,
3,offshor wind,3: offshor wind,
3,offshor wind,3: offshor wind,
3,offshor wind,3: offshor wind,
3,offshor wind,3: offshor wind,
3,offshor wind,3: offshor wind,
3,offshor wind,3: offshor wind,
3,offshor wind,3: offshor wind,
3,offshor wind,3: offshor wind,
3,offshor wind,3: offshor wind,
3,offshor wind,3: offshor wind,
3,offshor wind,3: offshor wind,
3,offshor wind,3: offshor wind,
3,offshor wind,3: offshor wind,
3,offshor wind,3: offshor wind,
3,offshor wind,3: offshor wind,
3,offshor wind,3: offshor wind,
3,offshor wind,3: offshor wind,
3,offshor wind,3: offshor wind,
3,offshor wind,3: offshor wind,
3,offshor wind,3: offshor wind,
3,offshor wind,3: offshor wind,
6,energiø bornholm,6: energiø bornholm,
6,energiø bornholm,6: energiø bornholm,
6,energiø bornholm,6: energiø bornholm,
6,energiø bornholm,6: energiø bornholm,
6,energiø bornholm,6: energiø bornholm,
6,energiø bornholm,6: energiø bornholm,
6,energiø bornholm,6: energiø bornholm,
6,energiø bornholm,6: energiø bornholm,
6,energiø bornholm,6: energiø bornholm,
6,energiø bornholm,6: energiø bornholm,
6,energiø bornholm,6: energiø bornholm,
6,energiø bornholm,6: energiø bornholm,
6,energiø bornholm,6: energiø bornholm,
6,energiø bornholm,6: energiø bornholm,
6,energiø bornholm,6: energiø bornholm,
6,energiø bornholm,6: energiø bornholm,
6,energiø bornholm,6: energiø bornholm,
6,energiø bornholm,6: energiø bornholm,
6,energiø bornholm,6: energiø bornholm,
6,energiø bornholm,6: energiø bornholm,
6,energiø bornholm,6: energiø bornholm,
6,energiø bornholm,6: energiø bornholm,
6,energiø bornholm,6: energiø bornholm,
6,energiø bornholm,6: energiø bornholm,
6,energiø bornholm,6: energiø bornholm,
6,energiø bornholm,6: energiø bornholm,
6,energiø bornholm,6: energiø bornholm,
6,energiø bornholm,6: energiø bornholm,
6,energiø bornholm,6: energiø bornholm,
6,energiø bornholm,6: energiø bornholm,
6,energiø bornholm,6: energiø bornholm,
6,energiø bornholm,6: energiø bornholm,
6,energiø bornholm,6: energiø bornholm,
6,energiø bornholm,6: energiø bornholm,
6,energiø bornholm,6: energiø bornholm,
6,energiø bornholm,6: energiø bornholm,
6,energiø bornholm,6: energiø bornholm,
6,energiø bornholm,6: energiø bornholm,
6,energiø bornholm,6: energiø bornholm,
6,energiø bornholm,6: energiø bornholm,
6,energiø bornholm,6: energiø bornholm,
6,energiø bornholm,6: energiø bornholm,
6,energiø bornholm,6: energiø bornholm,
6,energiø bornholm,6: energiø bornholm,
6,energiø bornholm,6: energiø bornholm,
6,energiø bornholm,6: energiø bornholm,
6,energiø bornholm,6: energiø bornholm,
6,energiø bornholm,6: energiø bornholm,
6,energiø bornholm,6: energiø bornholm,
6,energiø bornholm,6: energiø bornholm,
6,energiø bornholm,6: energiø bornholm,
6,energiø bornholm,6: energiø bornholm,
6,energiø bornholm,6: energiø bornholm,
6,energiø bornholm,6: energiø bornholm,
6,energiø bornholm,6: energiø bornholm,
6,energiø bornholm,6: energiø bornholm,
6,energiø bornholm,6: energiø bornholm,
6,energiø bornholm,6: energiø bornholm,
6,energiø bornholm,6: energiø bornholm,
6,energiø bornholm,6: energiø bornholm,
6,energiø bornholm,6: energiø bornholm,
6,energiø bornholm,6: energiø bornholm,
6,energiø bornholm,6: energiø bornholm,
6,energiø bornholm,6: energiø bornholm,
6,energiø bornholm,6: energiø bornholm,
6,energiø bornholm,6: energiø bornholm,
6,energiø bornholm,6: energiø bornholm,
6,energiø bornholm,6: energiø bornholm,
6,energiø bornholm,6: energiø bornholm,
6,energiø bornholm,6: energiø bornholm,
6,energiø bornholm,6: energiø bornholm,
6,energiø bornholm,6: energiø bornholm,
6,energiø bornholm,6: energiø bornholm,
6,energiø bornholm,6: energiø bornholm,
6,energiø bornholm,6: energiø bornholm,
6,energiø bornholm,6: energiø bornholm,
6,energiø bornholm,6: energiø bornholm,
6,energiø bornholm,6: energiø bornholm,
6,energiø bornholm,6: energiø bornholm,
6,energiø bornholm,6: energiø bornholm,
6,energiø bornholm,6: energiø bornholm,
6,energiø bornholm,6: energiø bornholm,
6,energiø bornholm,6: energiø bornholm,
6,energiø bornholm,6: energiø bornholm,
6,energiø bornholm,6: energiø bornholm,
6,energiø bornholm,6: energiø bornholm,
6,energiø bornholm,6: energiø bornholm,
6,energiø bornholm,6: energiø bornholm,
6,energiø bornholm,6: energiø bornholm,
6,energiø bornholm,6: energiø bornholm,
6,energiø bornholm,6: energiø bornholm,
6,energiø bornholm,6: energiø bornholm,
6,energiø bornholm,6: energiø bornholm,
6,energiø bornholm,6: energiø bornholm,
6,energiø bornholm,6: energiø bornholm,
6,energiø bornholm,6: energiø bornholm,
6,energiø bornholm,6: energiø bornholm,
6,energiø bornholm,6: energiø bornholm,
6,energiø bornholm,6: energiø bornholm,
6,energiø bornholm,6: energiø bornholm,
6,energiø bornholm,6: energiø bornholm,
6,energiø bornholm,6: energiø bornholm,
6,energiø bornholm,6: energiø bornholm,
6,energiø bornholm,6: energiø bornholm,
6,energiø bornholm,6: energiø bornholm,
6,energiø bornholm,6: energiø bornholm,
6,energiø bornholm,6: energiø bornholm,
6,energiø bornholm,6: energiø bornholm,
6,energiø bornholm,6: energiø bornholm,
6,energiø bornholm,6: energiø bornholm,
6,energiø bornholm,6: energiø bornholm,
6,energiø bornholm,6: energiø bornholm,
6,energiø bornholm,6: energiø bornholm,
6,energiø bornholm,6: energiø bornholm,
6,energiø bornholm,6: energiø bornholm,
6,energiø bornholm,6: energiø bornholm,
6,energiø bornholm,6: energiø bornholm,
6,energiø bornholm,6: energiø bornholm,
6,energiø bornholm,6: energiø bornholm,
6,energiø bornholm,6: energiø bornholm,
6,energiø bornholm,6: energiø bornholm,
6,energiø bornholm,6: energiø bornholm,
6,energiø bornholm,6: energiø bornholm,
6,energiø bornholm,6: energiø bornholm,
6,energiø bornholm,6: energiø bornholm,
6,energiø bornholm,6: energiø bornholm,
6,energiø bornholm,6: energiø bornholm,
6,energiø bornholm,6: energiø bornholm,
6,energiø bornholm,6: energiø bornholm,
6,energiø bornholm,6: energiø bornholm,
6,energiø bornholm,6: energiø bornholm,
6,energiø bornholm,6: energiø bornholm,
6,energiø bornholm,6: energiø bornholm,
6,energiø bornholm,6: energiø bornholm,
6,energiø bornholm,6: energiø bornholm,
6,energiø bornholm,6: energiø bornholm,
6,energiø bornholm,6: energiø bornholm,
6,energiø bornholm,6: energiø bornholm,
6,energiø bornholm,6: energiø bornholm,
6,energiø bornholm,6: energiø bornholm,
6,energiø bornholm,6: energiø bornholm,
6,energiø bornholm,6: energiø bornholm,
6,energiø bornholm,6: energiø bornholm,
6,energiø bornholm,6: energiø bornholm,
6,energiø bornholm,6: energiø bornholm,
6,energiø bornholm,6: energiø bornholm,
6,energiø bornholm,6: energiø bornholm,
6,energiø bornholm,6: energiø bornholm,
6,energiø bornholm,6: energiø bornholm,
6,energiø bornholm,6: energiø bornholm,
6,energiø bornholm,6: energiø bornholm,
6,energiø bornholm,6: energiø bornholm,
6,energiø bornholm,6: energiø bornholm,
6,energiø bornholm,6: energiø bornholm,
6,energiø bornholm,6: energiø bornholm,
6,energiø bornholm,6: energiø bornholm,
6,energiø bornholm,6: energiø bornholm,
6,energiø bornholm,6: energiø bornholm,
6,energiø bornholm,6: energiø bornholm,
6,energiø bornholm,6: energiø bornholm,
6,energiø bornholm,6: energiø bornholm,
6,energiø bornholm,6: energiø bornholm,
6,energiø bornholm,6: energiø bornholm,
6,energiø bornholm,6: energiø bornholm,
6,energiø bornholm,6: energiø bornholm,
6,energiø bornholm,6: energiø bornholm,
6,energiø bornholm,6: energiø bornholm,
6,energiø bornholm,6: energiø bornholm,
6,energiø bornholm,6: energiø bornholm,
6,energiø bornholm,6: energiø bornholm,
6,energiø bornholm,6: energiø bornholm,
3,offshor wind,3: offshor wind,
3,offshor wind,3: offshor wind,
3,offshor wind,3: offshor wind,
3,offshor wind,3: offshor wind,
3,offshor wind,3: offshor wind,
3,offshor wind,3: offshor wind,
3,offshor wind,3: offshor wind,
3,offshor wind,3: offshor wind,
3,offshor wind,3: offshor wind,
3,offshor wind,3: offshor wind,
3,offshor wind,3: offshor wind,
3,offshor wind,3: offshor wind,
3,offshor wind,3: offshor wind,
3,offshor wind,3: offshor wind,
3,offshor wind,3: offshor wind,
3,offshor wind,3: offshor wind,
3,offshor wind,3: offshor wind,
3,offshor wind,3: offshor wind,
3,offshor wind,3: offshor wind,
3,offshor wind,3: offshor wind,
3,offshor wind,3: offshor wind,
3,offshor wind,3: offshor wind,
3,offshor wind,3: offshor wind,
3,offshor wind,3: offshor wind,
3,offshor wind,3: offshor wind,
3,offshor wind,3: offshor wind,
3,offshor wind,3: offshor wind,
3,offshor wind,3: offshor wind,
3,offshor wind,3: offshor wind,
3,offshor wind,3: offshor wind,
3,offshor wind,3: offshor wind,
3,offshor wind,3: offshor wind,
3,offshor wind,3: offshor wind,
3,offshor wind,3: offshor wind,
3,offshor wind,3: offshor wind,
3,offshor wind,3: offshor wind,
3,offshor wind,3: offshor wind,
3,offshor wind,3: offshor wind,
3,offshor wind,3: offshor wind,
3,offshor wind,3: offshor wind,
3,offshor wind,3: offshor wind,
3,offshor wind,3: offshor wind,
3,offshor wind,3: offshor wind,
3,offshor wind,3: offshor wind,
3,offshor wind,3: offshor wind,
3,offshor wind,3: offshor wind,
3,offshor wind,3: offshor wind,
3,offshor wind,3: offshor wind,
3,offshor wind,3: offshor wind,
3,offshor wind,3: offshor wind,
3,offshor wind,3: offshor wind,
3,offshor wind,3: offshor wind,
3,offshor wind,3: offshor wind,
3,offshor wind,3: offshor wind,
3,offshor wind,3: offshor wind,
3,offshor wind,3: offshor wind,
3,offshor wind,3: offshor wind,
3,offshor wind,3: offshor wind,
3,offshor wind,3: offshor wind,
3,offshor wind,3: offshor wind,
3,offshor wind,3: offshor wind,
3,offshor wind,3: offshor wind,
3,offshor wind,3: offshor wind,
3,offshor wind,3: offshor wind,
3,offshor wind,3: offshor wind,
3,offshor wind,3: offshor wind,
3,offshor wind,3: offshor wind,
3,offshor wind,3: offshor wind,
3,offshor wind,3: offshor wind,
3,offshor wind,3: offshor wind,
3,offshor wind,3: offshor wind,
3,offshor wind,3: offshor wind,
3,offshor wind,3: offshor wind,
3,offshor wind,3: offshor wind,
3,offshor wind,3: offshor wind,
3,offshor wind,3: offshor wind,
3,offshor wind,3: offshor wind,
3,offshor wind,3: offshor wind,
3,offshor wind,3: offshor wind,
3,offshor wind,3: offshor wind,
3,offshor wind,3: offshor wind,
3,offshor wind,3: offshor wind,
3,offshor wind,3: offshor wind,
3,offshor wind,3: offshor wind,
3,offshor wind,3: offshor wind,
3,offshor wind,3: offshor wind,
3,offshor wind,3: offshor wind,
3,offshor wind,3: offshor wind,
3,offshor wind,3: offshor wind,
3,offshor wind,3: offshor wind,
3,offshor wind,3: offshor wind,
3,offshor wind,3: offshor wind,
3,offshor wind,3: offshor wind,
3,offshor wind,3: offshor wind,
3,offshor wind,3: offshor wind,
3,offshor wind,3: offshor wind,
3,offshor wind,3: offshor wind,
3,offshor wind,3: offshor wind,
3,offshor wind,3: offshor wind,
3,offshor wind,3: offshor wind,
3,offshor wind,3: offshor wind,
3,offshor wind,3: offshor wind,
3,offshor wind,3: offshor wind,
3,offshor wind,3: offshor wind,
3,offshor wind,3: offshor wind,
3,offshor wind,3: offshor wind,
3,offshor wind,3: offshor wind,
3,offshor wind,3: offshor wind,
3,offshor wind,3: offshor wind,
3,offshor wind,3: offshor wind,
3,offshor wind,3: offshor wind,
3,offshor wind,3: offshor wind,
3,offshor wind,3: offshor wind,
4,baltic sea,4: baltic sea,
4,baltic sea,4: baltic sea,
4,baltic sea,4: baltic sea,
4,baltic sea,4: baltic sea,
4,baltic sea,4: baltic sea,
4,baltic sea,4: baltic sea,
4,baltic sea,4: baltic sea,
4,baltic sea,4: baltic sea,
4,baltic sea,4: baltic sea,
4,baltic sea,4: baltic sea,
4,baltic sea,4: baltic sea,
4,baltic sea,4: baltic sea,
4,baltic sea,4: baltic sea,
4,baltic sea,4: baltic sea,
4,baltic sea,4: baltic sea,
4,baltic sea,4: baltic sea,
4,baltic sea,4: baltic sea,
4,baltic sea,4: baltic sea,
4,baltic sea,4: baltic sea,
4,baltic sea,4: baltic sea,
4,baltic sea,4: baltic sea,
4,baltic sea,4: baltic sea,
4,baltic sea,4: baltic sea,
4,baltic sea,4: baltic sea,
4,baltic sea,4: baltic sea,
4,baltic sea,4: baltic sea,
4,baltic sea,4: baltic sea,
4,baltic sea,4: baltic sea,
4,baltic sea,4: baltic sea,
4,baltic sea,4: baltic sea,
4,baltic sea,4: baltic sea,
4,baltic sea,4: baltic sea,
4,baltic sea,4: baltic sea,
4,baltic sea,4: baltic sea,
4,baltic sea,4: baltic sea,
4,baltic sea,4: baltic sea,
4,baltic sea,4: baltic sea,
4,baltic sea,4: baltic sea,
4,baltic sea,4: baltic sea,
4,baltic sea,4: baltic sea,
4,baltic sea,4: baltic sea,
4,baltic sea,4: baltic sea,
4,baltic sea,4: baltic sea,
4,baltic sea,4: baltic sea,
4,baltic sea,4: baltic sea,
4,baltic sea,4: baltic sea,
4,baltic sea,4: baltic sea,
4,baltic sea,4: baltic sea,
4,baltic sea,4: baltic sea,
4,baltic sea,4: baltic sea,
4,baltic sea,4: baltic sea,
4,baltic sea,4: baltic sea,
4,baltic sea,4: baltic sea,
4,baltic sea,4: baltic sea,
4,baltic sea,4: baltic sea,
4,baltic sea,4: baltic sea,
4,baltic sea,4: baltic sea,
4,baltic sea,4: baltic sea,
4,baltic sea,4: baltic sea,
4,baltic sea,4: baltic sea,
4,baltic sea,4: baltic sea,
4,baltic sea,4: baltic sea,
4,baltic sea,4: baltic sea,
4,baltic sea,4: baltic sea,
4,baltic sea,4: baltic sea,
4,baltic sea,4: baltic sea,
4,baltic sea,4: baltic sea,
4,baltic sea,4: baltic sea,
4,baltic sea,4: baltic sea,
4,baltic sea,4: baltic sea,
4,baltic sea,4: baltic sea,
4,baltic sea,4: baltic sea,
4,baltic sea,4: baltic sea,
4,baltic sea,4: baltic sea,
4,baltic sea,4: baltic sea,
4,baltic sea,4: baltic sea,
4,baltic sea,4: baltic sea,
4,baltic sea,4: baltic sea,
4,baltic sea,4: baltic sea,
4,baltic sea,4: baltic sea,
4,baltic sea,4: baltic sea,
4,baltic sea,4: baltic sea,
4,baltic sea,4: baltic sea,
4,baltic sea,4: baltic sea,
4,baltic sea,4: baltic sea,
4,baltic sea,4: baltic sea,
4,baltic sea,4: baltic sea,
4,baltic sea,4: baltic sea,
4,baltic sea,4: baltic sea,
4,baltic sea,4: baltic sea,
4,baltic sea,4: baltic sea,
4,baltic sea,4: baltic sea,
4,baltic sea,4: baltic sea,
4,baltic sea,4: baltic sea,
4,baltic sea,4: baltic sea,
4,baltic sea,4: baltic sea,
4,baltic sea,4: baltic sea,
4,baltic sea,4: baltic sea,
4,baltic sea,4: baltic sea,
4,baltic sea,4: baltic sea,
4,baltic sea,4: baltic sea,
4,baltic sea,4: baltic sea,
4,baltic sea,4: baltic sea,
4,baltic sea,4: baltic sea,
4,baltic sea,4: baltic sea,
4,baltic sea,4: baltic sea,
4,baltic sea,4: baltic sea,
4,baltic sea,4: baltic sea,
4,baltic sea,4: baltic sea,
4,baltic sea,4: baltic sea,
4,baltic sea,4: baltic sea,
4,baltic sea,4: baltic sea,
4,baltic sea,4: baltic sea,
4,baltic sea,4: baltic sea,
4,baltic sea,4: baltic sea,
4,baltic sea,4: baltic sea,
4,baltic sea,4: baltic sea,
4,baltic sea,4: baltic sea,
4,baltic sea,4: baltic sea,
4,baltic sea,4: baltic sea,
4,baltic sea,4: baltic sea,
4,baltic sea,4: baltic sea,
4,baltic sea,4: baltic sea,
4,baltic sea,4: baltic sea,
4,baltic sea,4: baltic sea,
4,baltic sea,4: baltic sea,
4,baltic sea,4: baltic sea,
4,baltic sea,4: baltic sea,
4,baltic sea,4: baltic sea,
4,baltic sea,4: baltic sea,
4,baltic sea,4: baltic sea,
4,baltic sea,4: baltic sea,
4,baltic sea,4: baltic sea,
4,baltic sea,4: baltic sea,
4,baltic sea,4: baltic sea,
4,baltic sea,4: baltic sea,
4,baltic sea,4: baltic sea,
4,baltic sea,4: baltic sea,
2,municip council,2: municip council,
2,municip council,2: municip council,
2,municip council,2: municip council,
2,municip council,2: municip council,
2,municip council,2: municip council,
2,municip council,2: municip council,
2,municip council,2: municip council,
2,municip council,2: municip council,
2,municip council,2: municip council,
2,municip council,2: municip council,
2,municip council,2: municip council,
2,municip council,2: municip council,
2,municip council,2: municip council,
2,municip council,2: municip council,
2,municip council,2: municip council,
2,municip council,2: municip council,
2,municip council,2: municip council,
2,municip council,2: municip council,
2,municip council,2: municip council,
2,municip council,2: municip council,
2,municip council,2: municip council,
2,municip council,2: municip council,
2,municip council,2: municip council,
2,municip council,2: municip council,
2,municip council,2: municip council,
2,municip council,2: municip council,
2,municip council,2: municip council,
2,municip council,2: municip council,
2,municip council,2: municip council,
2,municip council,2: municip council,
2,municip council,2: municip council,
2,municip council,2: municip council,
2,municip council,2: municip council,
2,municip council,2: municip council,
2,municip council,2: municip council,
2,municip council,2: municip council,
2,municip council,2: municip council,
2,municip council,2: municip council,
2,municip council,2: municip council,
2,municip council,2: municip council,
2,municip council,2: municip council,
2,municip council,2: municip council,
2,municip council,2: municip council,
2,municip council,2: municip council,
2,municip council,2: municip council,
2,municip council,2: municip council,
2,municip council,2: municip council,
2,municip council,2: municip council,
2,municip council,2: municip council,
2,municip council,2: municip council,
2,municip council,2: municip council,
2,municip council,2: municip council,
2,municip council,2: municip council,
2,municip council,2: municip council,
2,municip council,2: municip council,
2,municip council,2: municip council,
2,municip council,2: municip council,
2,municip council,2: municip council,
2,municip council,2: municip council,
2,municip council,2: municip council,
2,municip council,2: municip council,
2,municip council,2: municip council,
2,municip council,2: municip council,
2,municip council,2: municip council,
2,municip council,2: municip council,
2,municip council,2: municip council,
2,municip council,2: municip council,
2,municip council,2: municip council,
2,municip council,2: municip council,
2,municip council,2: municip council,
2,municip council,2: municip council,
2,municip council,2: municip council,
2,municip council,2: municip council,
2,municip council,2: municip council,
2,municip council,2: municip council,
2,municip council,2: municip council,
2,municip council,2: municip council,
2,municip council,2: municip council,
2,municip council,2: municip council,
2,municip council,2: municip council,
2,municip council,2: municip council,
2,municip council,2: municip council,
2,municip council,2: municip council,
2,municip council,2: municip council,
2,municip council,2: municip council,
2,municip council,2: municip council,
2,municip council,2: municip council,
2,municip council,2: municip council,
2,municip council,2: municip council,
2,municip council,2: municip council,
2,municip council,2: municip council,
2,municip council,2: municip council,
2,municip council,2: municip council,
2,municip council,2: municip council,
2,municip council,2: municip council,
2,municip council,2: municip council,
2,municip council,2: municip council,
2,municip council,2: municip council,
2,municip council,2: municip council,
2,municip council,2: municip council,
2,municip council,2: municip council,
2,municip council,2: municip council,
2,municip council,2: municip council,
2,municip council,2: municip council,
2,municip council,2: municip council,
2,municip council,2: municip council,
2,municip council,2: municip council,
2,municip council,2: municip council,
2,municip council,2: municip council,
2,municip council,2: municip council,
2,municip council,2: municip council,
2,municip council,2: municip council,
2,municip council,2: municip council,
2,municip council,2: municip council,
2,municip council,2: municip council,
2,municip council,2: municip council,
2,municip council,2: municip council,
2,municip council,2: municip council,
2,municip council,2: municip council,
2,municip council,2: municip council,
2,municip council,2: municip council,
2,municip council,2: municip council,
2,municip council,2: municip council,
2,municip council,2: municip council,
2,municip council,2: municip council,
2,municip council,2: municip council,
2,municip council,2: municip council,
2,municip council,2: municip council,
2,municip council,2: municip council,
2,municip council,2: municip council,
2,municip council,2: municip council,
2,municip council,2: municip council,
2,municip council,2: municip council,
2,municip council,2: municip council,
2,municip council,2: municip council,
2,municip council,2: municip council,
2,municip council,2: municip council,
2,municip council,2: municip council,
2,municip council,2: municip council,
2,municip council,2: municip council,
2,municip council,2: municip council,
2,municip council,2: municip council,
2,municip council,2: municip council,
2,municip council,2: municip council,
2,municip council,2: municip council,
2,municip council,2: municip council,
2,municip council,2: municip council,
2,municip council,2: municip council,
2,municip council,2: municip council,
2,municip council,2: municip council,
2,municip council,2: municip council,
2,municip council,2: municip council,
2,municip council,2: municip council,
2,municip council,2: municip council,
2,municip council,2: municip council,
2,municip council,2: municip council,
6,energiø bornholm,6: energiø bornholm,
6,energiø bornholm,6: energiø bornholm,
6,energiø bornholm,6: energiø bornholm,
6,energiø bornholm,6: energiø bornholm,
6,energiø bornholm,6: energiø bornholm,
6,energiø bornholm,6: energiø bornholm,
6,energiø bornholm,6: energiø bornholm,
6,energiø bornholm,6: energiø bornholm,
6,energiø bornholm,6: energiø bornholm,
6,energiø bornholm,6: energiø bornholm,
6,energiø bornholm,6: energiø bornholm,
6,energiø bornholm,6: energiø bornholm,
6,energiø bornholm,6: energiø bornholm,
6,energiø bornholm,6: energiø bornholm,
6,energiø bornholm,6: energiø bornholm,
6,energiø bornholm,6: energiø bornholm,
6,energiø bornholm,6: energiø bornholm,
6,energiø bornholm,6: energiø bornholm,
6,energiø bornholm,6: energiø bornholm,
6,energiø bornholm,6: energiø bornholm,
6,energiø bornholm,6: energiø bornholm,
6,energiø bornholm,6: energiø bornholm,
6,energiø bornholm,6: energiø bornholm,
6,energiø bornholm,6: energiø bornholm,
6,energiø bornholm,6: energiø bornholm,
6,energiø bornholm,6: energiø bornholm,
6,energiø bornholm,6: energiø bornholm,
6,energiø bornholm,6: energiø bornholm,
6,energiø bornholm,6: energiø bornholm,
6,energiø bornholm,6: energiø bornholm,
6,energiø bornholm,6: energiø bornholm,
6,energiø bornholm,6: energiø bornholm,
6,energiø bornholm,6: energiø bornholm,
6,energiø bornholm,6: energiø bornholm,
6,energiø bornholm,6: energiø bornholm,
6,energiø bornholm,6: energiø bornholm,
6,energiø bornholm,6: energiø bornholm,
6,energiø bornholm,6: energiø bornholm,
6,energiø bornholm,6: energiø bornholm,
6,energiø bornholm,6: energiø bornholm,
6,energiø bornholm,6: energiø bornholm,
6,energiø bornholm,6: energiø bornholm,
6,energiø bornholm,6: energiø bornholm,
6,energiø bornholm,6: energiø bornholm,
6,energiø bornholm,6: energiø bornholm,
6,energiø bornholm,6: energiø bornholm,
6,energiø bornholm,6: energiø bornholm,
6,energiø bornholm,6: energiø bornholm,
6,energiø bornholm,6: energiø bornholm,
6,energiø bornholm,6: energiø bornholm,
6,energiø bornholm,6: energiø bornholm,
6,energiø bornholm,6: energiø bornholm,
6,energiø bornholm,6: energiø bornholm,
6,energiø bornholm,6: energiø bornholm,
6,energiø bornholm,6: energiø bornholm,
6,energiø bornholm,6: energiø bornholm,
6,energiø bornholm,6: energiø bornholm,
6,energiø bornholm,6: energiø bornholm,
6,energiø bornholm,6: energiø bornholm,
6,energiø bornholm,6: energiø bornholm,
6,energiø bornholm,6: energiø bornholm,
6,energiø bornholm,6: energiø bornholm,
6,energiø bornholm,6: energiø bornholm,
6,energiø bornholm,6: energiø bornholm,
6,energiø bornholm,6: energiø bornholm,
6,energiø bornholm,6: energiø bornholm,
6,energiø bornholm,6: energiø bornholm,
6,energiø bornholm,6: energiø bornholm,
6,energiø bornholm,6: energiø bornholm,
6,energiø bornholm,6: energiø bornholm,
6,energiø bornholm,6: energiø bornholm,
6,energiø bornholm,6: energiø bornholm,
6,energiø bornholm,6: energiø bornholm,
6,energiø bornholm,6: energiø bornholm,
6,energiø bornholm,6: energiø bornholm,
6,energiø bornholm,6: energiø bornholm,
6,energiø bornholm,6: energiø bornholm,
6,energiø bornholm,6: energiø bornholm,
6,energiø bornholm,6: energiø bornholm,
6,energiø bornholm,6: energiø bornholm,
6,energiø bornholm,6: energiø bornholm,
6,energiø bornholm,6: energiø bornholm,
6,energiø bornholm,6: energiø bornholm,
6,energiø bornholm,6: energiø bornholm,
6,energiø bornholm,6: energiø bornholm,
6,energiø bornholm,6: energiø bornholm,
6,energiø bornholm,6: energiø bornholm,
6,energiø bornholm,6: energiø bornholm,
6,energiø bornholm,6: energiø bornholm,
6,energiø bornholm,6: energiø bornholm,
6,energiø bornholm,6: energiø bornholm,
6,energiø bornholm,6: energiø bornholm,
6,energiø bornholm,6: energiø bornholm,
6,energiø bornholm,6: energiø bornholm,
6,energiø bornholm,6: energiø bornholm,
6,energiø bornholm,6: energiø bornholm,
6,energiø bornholm,6: energiø bornholm,
6,energiø bornholm,6: energiø bornholm,
6,energiø bornholm,6: energiø bornholm,
6,energiø bornholm,6: energiø bornholm,
6,energiø bornholm,6: energiø bornholm,
6,energiø bornholm,6: energiø bornholm,
6,energiø bornholm,6: energiø bornholm,
6,energiø bornholm,6: energiø bornholm,
6,energiø bornholm,6: energiø bornholm,
6,energiø bornholm,6: energiø bornholm,
6,energiø bornholm,6: energiø bornholm,
6,energiø bornholm,6: energiø bornholm,
6,energiø bornholm,6: energiø bornholm,
6,energiø bornholm,6: energiø bornholm,
6,energiø bornholm,6: energiø bornholm,
6,energiø bornholm,6: energiø bornholm,
6,energiø bornholm,6: energiø bornholm,
6,energiø bornholm,6: energiø bornholm,
6,energiø bornholm,6: energiø bornholm,
6,energiø bornholm,6: energiø bornholm,
6,energiø bornholm,6: energiø bornholm,
6,energiø bornholm,6: energiø bornholm,
6,energiø bornholm,6: energiø bornholm,
6,energiø bornholm,6: energiø bornholm,
6,energiø bornholm,6: energiø bornholm,
6,energiø bornholm,6: energiø bornholm,
6,energiø bornholm,6: energiø bornholm,
6,energiø bornholm,6: energiø bornholm,
6,energiø bornholm,6: energiø bornholm,
6,energiø bornholm,6: energiø bornholm,
6,energiø bornholm,6: energiø bornholm,
6,energiø bornholm,6: energiø bornholm,
6,energiø bornholm,6: energiø bornholm,
6,energiø bornholm,6: energiø bornholm,
6,energiø bornholm,6: energiø bornholm,
6,energiø bornholm,6: energiø bornholm,
6,energiø bornholm,6: energiø bornholm,
6,energiø bornholm,6: energiø bornholm,
6,energiø bornholm,6: energiø bornholm,
6,energiø bornholm,6: energiø bornholm,
6,energiø bornholm,6: energiø bornholm,
6,energiø bornholm,6: energiø bornholm,
6,energiø bornholm,6: energiø bornholm,
6,energiø bornholm,6: energiø bornholm,
6,energiø bornholm,6: energiø bornholm,
6,energiø bornholm,6: energiø bornholm,
6,energiø bornholm,6: energiø bornholm,
6,energiø bornholm,6: energiø bornholm,
6,energiø bornholm,6: energiø bornholm,
6,energiø bornholm,6: energiø bornholm,
6,energiø bornholm,6: energiø bornholm,
6,energiø bornholm,6: energiø bornholm,
6,energiø bornholm,6: energiø bornholm,
6,energiø bornholm,6: energiø bornholm,
6,energiø bornholm,6: energiø bornholm,
6,energiø bornholm,6: energiø bornholm,
6,energiø bornholm,6: energiø bornholm,
6,energiø bornholm,6: energiø bornholm,
6,energiø bornholm,6: energiø bornholm,
6,energiø bornholm,6: energiø bornholm,
6,energiø bornholm,6: energiø bornholm,
6,energiø bornholm,6: energiø bornholm,
6,energiø bornholm,6: energiø bornholm,
6,energiø bornholm,6: energiø bornholm,
6,energiø bornholm,6: energiø bornholm,
6,energiø bornholm,6: energiø bornholm,
6,energiø bornholm,6: energiø bornholm,
6,energiø bornholm,6: energiø bornholm,
6,energiø bornholm,6: energiø bornholm,
6,energiø bornholm,6: energiø bornholm,
6,energiø bornholm,6: energiø bornholm,
6,energiø bornholm,6: energiø bornholm,
6,energiø bornholm,6: energiø bornholm,
6,energiø bornholm,6: energiø bornholm,
6,energiø bornholm,6: energiø bornholm,
6,energiø bornholm,6: energiø bornholm,
6,energiø bornholm,6: energiø bornholm,
6,energiø bornholm,6: energiø bornholm,
6,energiø bornholm,6: energiø bornholm,
6,energiø bornholm,6: energiø bornholm,
6,energiø bornholm,6: energiø bornholm,
6,energiø bornholm,6: energiø bornholm,
6,energiø bornholm,6: energiø bornholm,
6,energiø bornholm,6: energiø bornholm,
6,energiø bornholm,6: energiø bornholm,
6,energiø bornholm,6: energiø bornholm,
6,energiø bornholm,6: energiø bornholm,
6,energiø bornholm,6: energiø bornholm,
6,energiø bornholm,6: energiø bornholm,
6,energiø bornholm,6: energiø bornholm,
6,energiø bornholm,6: energiø bornholm,
6,energiø bornholm,6: energiø bornholm,
6,energiø bornholm,6: energiø bornholm,
6,energiø bornholm,6: energiø bornholm,
6,energiø bornholm,6: energiø bornholm,
6,energiø bornholm,6: energiø bornholm,
6,energiø bornholm,6: energiø bornholm,
6,energiø bornholm,6: energiø bornholm,
6,energiø bornholm,6: energiø bornholm,
6,energiø bornholm,6: energiø bornholm,
6,energiø bornholm,6: energiø bornholm,
6,energiø bornholm,6: energiø bornholm,
6,energiø bornholm,6: energiø bornholm,
6,energiø bornholm,6: energiø bornholm,
6,energiø bornholm,6: energiø bornholm,
6,energiø bornholm,6: energiø bornholm,
6,energiø bornholm,6: energiø bornholm,
6,energiø bornholm,6: energiø bornholm,
6,energiø bornholm,6: energiø bornholm,
6,energiø bornholm,6: energiø bornholm,
6,energiø bornholm,6: energiø bornholm,
6,energiø bornholm,6: energiø bornholm,
6,energiø bornholm,6: energiø bornholm,
6,energiø bornholm,6: energiø bornholm,
6,energiø bornholm,6: energiø bornholm,
6,energiø bornholm,6: energiø bornholm,
6,energiø bornholm,6: energiø bornholm,
6,energiø bornholm,6: energiø bornholm,
6,energiø bornholm,6: energiø bornholm,
6,energiø bornholm,6: energiø bornholm,
6,energiø bornholm,6: energiø bornholm,
6,energiø bornholm,6: energiø bornholm,
6,energiø bornholm,6: energiø bornholm,
6,energiø bornholm,6: energiø bornholm,
6,energiø bornholm,6: energiø bornholm,
6,energiø bornholm,6: energiø bornholm,
6,energiø bornholm,6: energiø bornholm,
6,energiø bornholm,6: energiø bornholm,
6,energiø bornholm,6: energiø bornholm,
6,energiø bornholm,6: energiø bornholm,
6,energiø bornholm,6: energiø bornholm,
6,energiø bornholm,6: energiø bornholm,
6,energiø bornholm,6: energiø bornholm,
6,energiø bornholm,6: energiø bornholm,
6,energiø bornholm,6: energiø bornholm,
6,energiø bornholm,6: energiø bornholm,
6,energiø bornholm,6: energiø bornholm,
6,energiø bornholm,6: energiø bornholm,
6,energiø bornholm,6: energiø bornholm,
6,energiø bornholm,6: energiø bornholm,
6,energiø bornholm,6: energiø bornholm,
6,energiø bornholm,6: energiø bornholm,
6,energiø bornholm,6: energiø bornholm,
6,energiø bornholm,6: energiø bornholm,
6,energiø bornholm,6: energiø bornholm,
6,energiø bornholm,6: energiø bornholm,
6,energiø bornholm,6: energiø bornholm,
6,energiø bornholm,6: energiø bornholm,
6,energiø bornholm,6: energiø bornholm,
6,energiø bornholm,6: energiø bornholm,
6,energiø bornholm,6: energiø bornholm,
6,energiø bornholm,6: energiø bornholm,
6,energiø bornholm,6: energiø bornholm,
6,energiø bornholm,6: energiø bornholm,
6,energiø bornholm,6: energiø bornholm,
6,energiø bornholm,6: energiø bornholm,
6,energiø bornholm,6: energiø bornholm,
6,energiø bornholm,6: energiø bornholm,
6,energiø bornholm,6: energiø bornholm,
6,energiø bornholm,6: energiø bornholm,
6,energiø bornholm,6: energiø bornholm,
6,energiø bornholm,6: energiø bornholm,
6,energiø bornholm,6: energiø bornholm,
6,energiø bornholm,6: energiø bornholm,
6,energiø bornholm,6: energiø bornholm,
6,energiø bornholm,6: energiø bornholm,
6,energiø bornholm,6: energiø bornholm,
6,energiø bornholm,6: energiø bornholm,
6,energiø bornholm,6: energiø bornholm,
6,energiø bornholm,6: energiø bornholm,
6,energiø bornholm,6: energiø bornholm,
6,energiø bornholm,6: energiø bornholm,
6,energiø bornholm,6: energiø bornholm,
6,energiø bornholm,6: energiø bornholm,
6,energiø bornholm,6: energiø bornholm,
6,energiø bornholm,6: energiø bornholm,
6,energiø bornholm,6: energiø bornholm,
6,energiø bornholm,6: energiø bornholm,
6,energiø bornholm,6: energiø bornholm,
6,energiø bornholm,6: energiø bornholm,
6,energiø bornholm,6: energiø bornholm,
6,energiø bornholm,6: energiø bornholm,
6,energiø bornholm,6: energiø bornholm,
6,energiø bornholm,6: energiø bornholm,
6,energiø bornholm,6: energiø bornholm,
6,energiø bornholm,6: energiø bornholm,
6,energiø bornholm,6: energiø bornholm,
6,energiø bornholm,6: energiø bornholm,
6,energiø bornholm,6: energiø bornholm,
6,energiø bornholm,6: energiø bornholm,
6,energiø bornholm,6: energiø bornholm,
6,energiø bornholm,6: energiø bornholm,
6,energiø bornholm,6: energiø bornholm,
6,energiø bornholm,6: energiø bornholm,
6,energiø bornholm,6: energiø bornholm,
6,energiø bornholm,6: energiø bornholm,
6,energiø bornholm,6: energiø bornholm,
6,energiø bornholm,6: energiø bornholm,
6,energiø bornholm,6: energiø bornholm,
6,energiø bornholm,6: energiø bornholm,
6,energiø bornholm,6: energiø bornholm,
6,energiø bornholm,6: energiø bornholm,
6,energiø bornholm,6: energiø bornholm,
6,energiø bornholm,6: energiø bornholm,
6,energiø bornholm,6: energiø bornholm,
6,energiø bornholm,6: energiø bornholm,
6,energiø bornholm,6: energiø bornholm,
6,energiø bornholm,6: energiø bornholm,
6,energiø bornholm,6: energiø bornholm,
6,energiø bornholm,6: energiø bornholm,
6,energiø bornholm,6: energiø bornholm,
6,energiø bornholm,6: energiø bornholm,
6,energiø bornholm,6: energiø bornholm,
6,energiø bornholm,6: energiø bornholm,
6,energiø bornholm,6: energiø bornholm,
6,energiø bornholm,6: energiø bornholm,
6,energiø bornholm,6: energiø bornholm,
6,energiø bornholm,6: energiø bornholm,
6,energiø bornholm,6: energiø bornholm,
6,energiø bornholm,6: energiø bornholm,
6,energiø bornholm,6: energiø bornholm,
6,energiø bornholm,6: energiø bornholm,
6,energiø bornholm,6: energiø bornholm,
6,energiø bornholm,6: energiø bornholm,
6,energiø bornholm,6: energiø bornholm,
6,energiø bornholm,6: energiø bornholm,
6,energiø bornholm,6: energiø bornholm,
6,energiø bornholm,6: energiø bornholm,
6,energiø bornholm,6: energiø bornholm,
6,energiø bornholm,6: energiø bornholm,
6,energiø bornholm,6: energiø bornholm,
6,energiø bornholm,6: energiø bornholm,
6,energiø bornholm,6: energiø bornholm,
6,energiø bornholm,6: energiø bornholm,
6,energiø bornholm,6: energiø bornholm,
6,energiø bornholm,6: energiø bornholm,
6,energiø bornholm,6: energiø bornholm,
6,energiø bornholm,6: energiø bornholm,
6,energiø bornholm,6: energiø bornholm,
6,energiø bornholm,6: energiø bornholm,
6,energiø bornholm,6: energiø bornholm,
6,energiø bornholm,6: energiø bornholm,
6,energiø bornholm,6: energiø bornholm,
6,energiø bornholm,6: energiø bornholm,
6,energiø bornholm,6: energiø bornholm,
6,energiø bornholm,6: energiø bornholm,
4,baltic sea,4: baltic sea,
4,baltic sea,4: baltic sea,
4,baltic sea,4: baltic sea,
4,baltic sea,4: baltic sea,
4,baltic sea,4: baltic sea,
4,baltic sea,4: baltic sea,
4,baltic sea,4: baltic sea,
4,baltic sea,4: baltic sea,
4,baltic sea,4: baltic sea,
4,baltic sea,4: baltic sea,
4,baltic sea,4: baltic sea,
4,baltic sea,4: baltic sea,
4,baltic sea,4: baltic sea,
4,baltic sea,4: baltic sea,
4,baltic sea,4: baltic sea,
4,baltic sea,4: baltic sea,
4,baltic sea,4: baltic sea,
4,baltic sea,4: baltic sea,
4,baltic sea,4: baltic sea,
4,baltic sea,4: baltic sea,
4,baltic sea,4: baltic sea,
4,baltic sea,4: baltic sea,
4,baltic sea,4: baltic sea,
4,baltic sea,4: baltic sea,
4,baltic sea,4: baltic sea,
4,baltic sea,4: baltic sea,
4,baltic sea,4: baltic sea,
4,baltic sea,4: baltic sea,
4,baltic sea,4: baltic sea,
4,baltic sea,4: baltic sea,
4,baltic sea,4: baltic sea,
4,baltic sea,4: baltic sea,
4,baltic sea,4: baltic sea,
4,baltic sea,4: baltic sea,
4,baltic sea,4: baltic sea,
4,baltic sea,4: baltic sea,
4,baltic sea,4: baltic sea,
4,baltic sea,4: baltic sea,
4,baltic sea,4: baltic sea,
4,baltic sea,4: baltic sea,
4,baltic sea,4: baltic sea,
4,baltic sea,4: baltic sea,
4,baltic sea,4: baltic sea,
4,baltic sea,4: baltic sea,
4,baltic sea,4: baltic sea,
4,baltic sea,4: baltic sea,
4,baltic sea,4: baltic sea,
4,baltic sea,4: baltic sea,
4,baltic sea,4: baltic sea,
4,baltic sea,4: baltic sea,
4,baltic sea,4: baltic sea,
4,baltic sea,4: baltic sea,
4,baltic sea,4: baltic sea,
4,baltic sea,4: baltic sea,
4,baltic sea,4: baltic sea,
4,baltic sea,4: baltic sea,
4,baltic sea,4: baltic sea,
4,baltic sea,4: baltic sea,
4,baltic sea,4: baltic sea,
4,baltic sea,4: baltic sea,
4,baltic sea,4: baltic sea,
4,baltic sea,4: baltic sea,
4,baltic sea,4: baltic sea,
4,baltic sea,4: baltic sea,
4,baltic sea,4: baltic sea,
4,baltic sea,4: baltic sea,
4,baltic sea,4: baltic sea,
4,baltic sea,4: baltic sea,
4,baltic sea,4: baltic sea,
4,baltic sea,4: baltic sea,
4,baltic sea,4: baltic sea,
4,baltic sea,4: baltic sea,
4,baltic sea,4: baltic sea,
4,baltic sea,4: baltic sea,
4,baltic sea,4: baltic sea,
4,baltic sea,4: baltic sea,
4,baltic sea,4: baltic sea,
4,baltic sea,4: baltic sea,
4,baltic sea,4: baltic sea,
4,baltic sea,4: baltic sea,
4,baltic sea,4: baltic sea,
4,baltic sea,4: baltic sea,
4,baltic sea,4: baltic sea,
4,baltic sea,4: baltic sea,
4,baltic sea,4: baltic sea,
4,baltic sea,4: baltic sea,
4,baltic sea,4: baltic sea,
4,baltic sea,4: baltic sea,
4,baltic sea,4: baltic sea,
4,baltic sea,4: baltic sea,
4,baltic sea,4: baltic sea,
4,baltic sea,4: baltic sea,
4,baltic sea,4: baltic sea,
4,baltic sea,4: baltic sea,
4,baltic sea,4: baltic sea,
4,baltic sea,4: baltic sea,
4,baltic sea,4: baltic sea,
4,baltic sea,4: baltic sea,
4,baltic sea,4: baltic sea,
4,baltic sea,4: baltic sea,
4,baltic sea,4: baltic sea,
4,baltic sea,4: baltic sea,
4,baltic sea,4: baltic sea,
4,baltic sea,4: baltic sea,
4,baltic sea,4: baltic sea,
4,baltic sea,4: baltic sea,
4,baltic sea,4: baltic sea,
4,baltic sea,4: baltic sea,
4,baltic sea,4: baltic sea,
4,baltic sea,4: baltic sea,
4,baltic sea,4: baltic sea,
4,baltic sea,4: baltic sea,
4,baltic sea,4: baltic sea,
4,baltic sea,4: baltic sea,
4,baltic sea,4: baltic sea,
4,baltic sea,4: baltic sea,
4,baltic sea,4: baltic sea,
4,baltic sea,4: baltic sea,
4,baltic sea,4: baltic sea,
4,baltic sea,4: baltic sea,
4,baltic sea,4: baltic sea,
4,baltic sea,4: baltic sea,
4,baltic sea,4: baltic sea,
4,baltic sea,4: baltic sea,
4,baltic sea,4: baltic sea,
4,baltic sea,4: baltic sea,
4,baltic sea,4: baltic sea,
4,baltic sea,4: baltic sea,
4,baltic sea,4: baltic sea,
4,baltic sea,4: baltic sea,
4,baltic sea,4: baltic sea,
4,baltic sea,4: baltic sea,
4,baltic sea,4: baltic sea,
4,baltic sea,4: baltic sea,
4,baltic sea,4: baltic sea,
4,baltic sea,4: baltic sea,
4,baltic sea,4: baltic sea,
4,baltic sea,4: baltic sea,
6,energiø bornholm,6: energiø bornholm,
6,energiø bornholm,6: energiø bornholm,
6,energiø bornholm,6: energiø bornholm,
6,energiø bornholm,6: energiø bornholm,
6,energiø bornholm,6: energiø bornholm,
6,energiø bornholm,6: energiø bornholm,
6,energiø bornholm,6: energiø bornholm,
6,energiø bornholm,6: energiø bornholm,
6,energiø bornholm,6: energiø bornholm,
6,energiø bornholm,6: energiø bornholm,
6,energiø bornholm,6: energiø bornholm,
6,energiø bornholm,6: energiø bornholm,
6,energiø bornholm,6: energiø bornholm,
6,energiø bornholm,6: energiø bornholm,
6,energiø bornholm,6: energiø bornholm,
6,energiø bornholm,6: energiø bornholm,
6,energiø bornholm,6: energiø bornholm,
6,energiø bornholm,6: energiø bornholm,
6,energiø bornholm,6: energiø bornholm,
6,energiø bornholm,6: energiø bornholm,
6,energiø bornholm,6: energiø bornholm,
6,energiø bornholm,6: energiø bornholm,
6,energiø bornholm,6: energiø bornholm,
6,energiø bornholm,6: energiø bornholm,
6,energiø bornholm,6: energiø bornholm,
6,energiø bornholm,6: energiø bornholm,
6,energiø bornholm,6: energiø bornholm,
6,energiø bornholm,6: energiø bornholm,
6,energiø bornholm,6: energiø bornholm,
6,energiø bornholm,6: energiø bornholm,
6,energiø bornholm,6: energiø bornholm,
6,energiø bornholm,6: energiø bornholm,
6,energiø bornholm,6: energiø bornholm,
6,energiø bornholm,6: energiø bornholm,
6,energiø bornholm,6: energiø bornholm,
6,energiø bornholm,6: energiø bornholm,
6,energiø bornholm,6: energiø bornholm,
6,energiø bornholm,6: energiø bornholm,
6,energiø bornholm,6: energiø bornholm,
6,energiø bornholm,6: energiø bornholm,
6,energiø bornholm,6: energiø bornholm,
6,energiø bornholm,6: energiø bornholm,
6,energiø bornholm,6: energiø bornholm,
6,energiø bornholm,6: energiø bornholm,
6,energiø bornholm,6: energiø bornholm,
6,energiø bornholm,6: energiø bornholm,
6,energiø bornholm,6: energiø bornholm,
6,energiø bornholm,6: energiø bornholm,
6,energiø bornholm,6: energiø bornholm,
6,energiø bornholm,6: energiø bornholm,
6,energiø bornholm,6: energiø bornholm,
6,energiø bornholm,6: energiø bornholm,
6,energiø bornholm,6: energiø bornholm,
6,energiø bornholm,6: energiø bornholm,
6,energiø bornholm,6: energiø bornholm,
6,energiø bornholm,6: energiø bornholm,
6,energiø bornholm,6: energiø bornholm,
6,energiø bornholm,6: energiø bornholm,
6,energiø bornholm,6: energiø bornholm,
6,energiø bornholm,6: energiø bornholm,
6,energiø bornholm,6: energiø bornholm,
6,energiø bornholm,6: energiø bornholm,
6,energiø bornholm,6: energiø bornholm,
6,energiø bornholm,6: energiø bornholm,
6,energiø bornholm,6: energiø bornholm,
6,energiø bornholm,6: energiø bornholm,
6,energiø bornholm,6: energiø bornholm,
6,energiø bornholm,6: energiø bornholm,
6,energiø bornholm,6: energiø bornholm,
6,energiø bornholm,6: energiø bornholm,
6,energiø bornholm,6: energiø bornholm,
6,energiø bornholm,6: energiø bornholm,
6,energiø bornholm,6: energiø bornholm,
6,energiø bornholm,6: energiø bornholm,
6,energiø bornholm,6: energiø bornholm,
6,energiø bornholm,6: energiø bornholm,
6,energiø bornholm,6: energiø bornholm,
6,energiø bornholm,6: energiø bornholm,
6,energiø bornholm,6: energiø bornholm,
6,energiø bornholm,6: energiø bornholm,
6,energiø bornholm,6: energiø bornholm,
6,energiø bornholm,6: energiø bornholm,
6,energiø bornholm,6: energiø bornholm,
6,energiø bornholm,6: energiø bornholm,
6,energiø bornholm,6: energiø bornholm,
6,energiø bornholm,6: energiø bornholm,
6,energiø bornholm,6: energiø bornholm,
6,energiø bornholm,6: energiø bornholm,
6,energiø bornholm,6: energiø bornholm,
6,energiø bornholm,6: energiø bornholm,
6,energiø bornholm,6: energiø bornholm,
6,energiø bornholm,6: energiø bornholm,
6,energiø bornholm,6: energiø bornholm,
6,energiø bornholm,6: energiø bornholm,
6,energiø bornholm,6: energiø bornholm,
6,energiø bornholm,6: energiø bornholm,
6,energiø bornholm,6: energiø bornholm,
6,energiø bornholm,6: energiø bornholm,
6,energiø bornholm,6: energiø bornholm,
6,energiø bornholm,6: energiø bornholm,
6,energiø bornholm,6: energiø bornholm,
6,energiø bornholm,6: energiø bornholm,
6,energiø bornholm,6: energiø bornholm,
6,energiø bornholm,6: energiø bornholm,
6,energiø bornholm,6: energiø bornholm,
6,energiø bornholm,6: energiø bornholm,
6,energiø bornholm,6: energiø bornholm,
6,energiø bornholm,6: energiø bornholm,
6,energiø bornholm,6: energiø bornholm,
6,energiø bornholm,6: energiø bornholm,
6,energiø bornholm,6: energiø bornholm,
6,energiø bornholm,6: energiø bornholm,
6,energiø bornholm,6: energiø bornholm,
6,energiø bornholm,6: energiø bornholm,
6,energiø bornholm,6: energiø bornholm,
6,energiø bornholm,6: energiø bornholm,
6,energiø bornholm,6: energiø bornholm,
6,energiø bornholm,6: energiø bornholm,
6,energiø bornholm,6: energiø bornholm,
6,energiø bornholm,6: energiø bornholm,
6,energiø bornholm,6: energiø bornholm,
6,energiø bornholm,6: energiø bornholm,
6,energiø bornholm,6: energiø bornholm,
6,energiø bornholm,6: energiø bornholm,
6,energiø bornholm,6: energiø bornholm,
6,energiø bornholm,6: energiø bornholm,
6,energiø bornholm,6: energiø bornholm,
6,energiø bornholm,6: energiø bornholm,
6,energiø bornholm,6: energiø bornholm,
6,energiø bornholm,6: energiø bornholm,
6,energiø bornholm,6: energiø bornholm,
6,energiø bornholm,6: energiø bornholm,
6,energiø bornholm,6: energiø bornholm,
6,energiø bornholm,6: energiø bornholm,
6,energiø bornholm,6: energiø bornholm,
6,energiø bornholm,6: energiø bornholm,
6,energiø bornholm,6: energiø bornholm,
6,energiø bornholm,6: energiø bornholm,
6,energiø bornholm,6: energiø bornholm,
6,energiø bornholm,6: energiø bornholm,
6,energiø bornholm,6: energiø bornholm,
6,energiø bornholm,6: energiø bornholm,
6,energiø bornholm,6: energiø bornholm,
6,energiø bornholm,6: energiø bornholm,
6,energiø bornholm,6: energiø bornholm,
6,energiø bornholm,6: energiø bornholm,
6,energiø bornholm,6: energiø bornholm,
6,energiø bornholm,6: energiø bornholm,
6,energiø bornholm,6: energiø bornholm,
6,energiø bornholm,6: energiø bornholm,
6,energiø bornholm,6: energiø bornholm,
6,energiø bornholm,6: energiø bornholm,
6,energiø bornholm,6: energiø bornholm,
6,energiø bornholm,6: energiø bornholm,
6,energiø bornholm,6: energiø bornholm,
6,energiø bornholm,6: energiø bornholm,
6,energiø bornholm,6: energiø bornholm,
6,energiø bornholm,6: energiø bornholm,
6,energiø bornholm,6: energiø bornholm,
6,energiø bornholm,6: energiø bornholm,
6,energiø bornholm,6: energiø bornholm,
6,energiø bornholm,6: energiø bornholm,
6,energiø bornholm,6: energiø bornholm,
6,energiø bornholm,6: energiø bornholm,
6,energiø bornholm,6: energiø bornholm,
6,energiø bornholm,6: energiø bornholm,
6,energiø bornholm,6: energiø bornholm,
6,energiø bornholm,6: energiø bornholm,
6,energiø bornholm,6: energiø bornholm,
6,energiø bornholm,6: energiø bornholm,
6,energiø bornholm,6: energiø bornholm,
4,baltic sea,4: baltic sea,
4,baltic sea,4: baltic sea,
4,baltic sea,4: baltic sea,
4,baltic sea,4: baltic sea,
4,baltic sea,4: baltic sea,
4,baltic sea,4: baltic sea,
4,baltic sea,4: baltic sea,
4,baltic sea,4: baltic sea,
4,baltic sea,4: baltic sea,
4,baltic sea,4: baltic sea,
4,baltic sea,4: baltic sea,
4,baltic sea,4: baltic sea,
4,baltic sea,4: baltic sea,
4,baltic sea,4: baltic sea,
4,baltic sea,4: baltic sea,
4,baltic sea,4: baltic sea,
4,baltic sea,4: baltic sea,
4,baltic sea,4: baltic sea,
4,baltic sea,4: baltic sea,
4,baltic sea,4: baltic sea,
4,baltic sea,4: baltic sea,
4,baltic sea,4: baltic sea,
4,baltic sea,4: baltic sea,
4,baltic sea,4: baltic sea,
4,baltic sea,4: baltic sea,
4,baltic sea,4: baltic sea,
4,baltic sea,4: baltic sea,
4,baltic sea,4: baltic sea,
4,baltic sea,4: baltic sea,
4,baltic sea,4: baltic sea,
4,baltic sea,4: baltic sea,
4,baltic sea,4: baltic sea,
4,baltic sea,4: baltic sea,
4,baltic sea,4: baltic sea,
4,baltic sea,4: baltic sea,
4,baltic sea,4: baltic sea,
4,baltic sea,4: baltic sea,
4,baltic sea,4: baltic sea,
4,baltic sea,4: baltic sea,
4,baltic sea,4: baltic sea,
4,baltic sea,4: baltic sea,
4,baltic sea,4: baltic sea,
4,baltic sea,4: baltic sea,
4,baltic sea,4: baltic sea,
4,baltic sea,4: baltic sea,
4,baltic sea,4: baltic sea,
4,baltic sea,4: baltic sea,
4,baltic sea,4: baltic sea,
4,baltic sea,4: baltic sea,
4,baltic sea,4: baltic sea,
4,baltic sea,4: baltic sea,
4,baltic sea,4: baltic sea,
4,baltic sea,4: baltic sea,
4,baltic sea,4: baltic sea,
4,baltic sea,4: baltic sea,
4,baltic sea,4: baltic sea,
4,baltic sea,4: baltic sea,
4,baltic sea,4: baltic sea,
4,baltic sea,4: baltic sea,
4,baltic sea,4: baltic sea,
4,baltic sea,4: baltic sea,
4,baltic sea,4: baltic sea,
4,baltic sea,4: baltic sea,
4,baltic sea,4: baltic sea,
4,baltic sea,4: baltic sea,
4,baltic sea,4: baltic sea,
4,baltic sea,4: baltic sea,
4,baltic sea,4: baltic sea,
4,baltic sea,4: baltic sea,
4,baltic sea,4: baltic sea,
4,baltic sea,4: baltic sea,
4,baltic sea,4: baltic sea,
4,baltic sea,4: baltic sea,
4,baltic sea,4: baltic sea,
4,baltic sea,4: baltic sea,
4,baltic sea,4: baltic sea,
4,baltic sea,4: baltic sea,
4,baltic sea,4: baltic sea,
4,baltic sea,4: baltic sea,
4,baltic sea,4: baltic sea,
4,baltic sea,4: baltic sea,
4,baltic sea,4: baltic sea,
4,baltic sea,4: baltic sea,
4,baltic sea,4: baltic sea,
4,baltic sea,4: baltic sea,
4,baltic sea,4: baltic sea,
4,baltic sea,4: baltic sea,
4,baltic sea,4: baltic sea,
4,baltic sea,4: baltic sea,
4,baltic sea,4: baltic sea,
4,baltic sea,4: baltic sea,
4,baltic sea,4: baltic sea,
4,baltic sea,4: baltic sea,
4,baltic sea,4: baltic sea,
4,baltic sea,4: baltic sea,
4,baltic sea,4: baltic sea,
4,baltic sea,4: baltic sea,
4,baltic sea,4: baltic sea,
4,baltic sea,4: baltic sea,
4,baltic sea,4: baltic sea,
4,baltic sea,4: baltic sea,
4,baltic sea,4: baltic sea,
4,baltic sea,4: baltic sea,
4,baltic sea,4: baltic sea,
4,baltic sea,4: baltic sea,
4,baltic sea,4: baltic sea,
4,baltic sea,4: baltic sea,
4,baltic sea,4: baltic sea,
4,baltic sea,4: baltic sea,
4,baltic sea,4: baltic sea,
4,baltic sea,4: baltic sea,
4,baltic sea,4: baltic sea,
4,baltic sea,4: baltic sea,
4,baltic sea,4: baltic sea,
4,baltic sea,4: baltic sea,
4,baltic sea,4: baltic sea,
4,baltic sea,4: baltic sea,
4,baltic sea,4: baltic sea,
4,baltic sea,4: baltic sea,
4,baltic sea,4: baltic sea,
4,baltic sea,4: baltic sea,
4,baltic sea,4: baltic sea,
4,baltic sea,4: baltic sea,
4,baltic sea,4: baltic sea,
4,baltic sea,4: baltic sea,
4,baltic sea,4: baltic sea,
4,baltic sea,4: baltic sea,
4,baltic sea,4: baltic sea,
4,baltic sea,4: baltic sea,
4,baltic sea,4: baltic sea,
4,baltic sea,4: baltic sea,
4,baltic sea,4: baltic sea,
4,baltic sea,4: baltic sea,
4,baltic sea,4: baltic sea,
4,baltic sea,4: baltic sea,
4,baltic sea,4: baltic sea,
4,baltic sea,4: baltic sea,
4,baltic sea,4: baltic sea,
7,renew energi,7: renew energi,
7,renew energi,7: renew energi,
7,renew energi,7: renew energi,
7,renew energi,7: renew energi,
7,renew energi,7: renew energi,
7,renew energi,7: renew energi,
7,renew energi,7: renew energi,
7,renew energi,7: renew energi,
7,renew energi,7: renew energi,
7,renew energi,7: renew energi,
7,renew energi,7: renew energi,
7,renew energi,7: renew energi,
7,renew energi,7: renew energi,
7,renew energi,7: renew energi,
7,renew energi,7: renew energi,
7,renew energi,7: renew energi,
7,renew energi,7: renew energi,
7,renew energi,7: renew energi,
7,renew energi,7: renew energi,
7,renew energi,7: renew energi,
7,renew energi,7: renew energi,
7,renew energi,7: renew energi,
7,renew energi,7: renew energi,
7,renew energi,7: renew energi,
7,renew energi,7: renew energi,
7,renew energi,7: renew energi,
7,renew energi,7: renew energi,
7,renew energi,7: renew energi,
7,renew energi,7: renew energi,
7,renew energi,7: renew energi,
7,renew energi,7: renew energi,
7,renew energi,7: renew energi,
7,renew energi,7: renew energi,
7,renew energi,7: renew energi,
7,renew energi,7: renew energi,
7,renew energi,7: renew energi,
7,renew energi,7: renew energi,
7,renew energi,7: renew energi,
7,renew energi,7: renew energi,
7,renew energi,7: renew energi,
7,renew energi,7: renew energi,
7,renew energi,7: renew energi,
7,renew energi,7: renew energi,
7,renew energi,7: renew energi,
7,renew energi,7: renew energi,
7,renew energi,7: renew energi,
7,renew energi,7: renew energi,
7,renew energi,7: renew energi,
7,renew energi,7: renew energi,
7,renew energi,7: renew energi,
7,renew energi,7: renew energi,
7,renew energi,7: renew energi,
7,renew energi,7: renew energi,
7,renew energi,7: renew energi,
7,renew energi,7: renew energi,
7,renew energi,7: renew energi,
7,renew energi,7: renew energi,
7,renew energi,7: renew energi,
7,renew energi,7: renew energi,
7,renew energi,7: renew energi,
7,renew energi,7: renew energi,
7,renew energi,7: renew energi,
7,renew energi,7: renew energi,
7,renew energi,7: renew energi,
7,renew energi,7: renew energi,
7,renew energi,7: renew energi,
7,renew energi,7: renew energi,
7,renew energi,7: renew energi,
7,renew energi,7: renew energi,
7,renew energi,7: renew energi,
7,renew energi,7: renew energi,
7,renew energi,7: renew energi,
7,renew energi,7: renew energi,
7,renew energi,7: renew energi,
7,renew energi,7: renew energi,
7,renew energi,7: renew energi,
7,renew energi,7: renew energi,
7,renew energi,7: renew energi,
7,renew energi,7: renew energi,
7,renew energi,7: renew energi,
7,renew energi,7: renew energi,
7,renew energi,7: renew energi,
7,renew energi,7: renew energi,
7,renew energi,7: renew energi,
7,renew energi,7: renew energi,
7,renew energi,7: renew energi,
7,renew energi,7: renew energi,
7,renew energi,7: renew energi,
7,renew energi,7: renew energi,
7,renew energi,7: renew energi,
7,renew energi,7: renew energi,
7,renew energi,7: renew energi,
7,renew energi,7: renew energi,
7,renew energi,7: renew energi,
7,renew energi,7: renew energi,
7,renew energi,7: renew energi,
7,renew energi,7: renew energi,
7,renew energi,7: renew energi,
7,renew energi,7: renew energi,
7,renew energi,7: renew energi,
7,renew energi,7: renew energi,
7,renew energi,7: renew energi,
7,renew energi,7: renew energi,
7,renew energi,7: renew energi,
7,renew energi,7: renew energi,
7,renew energi,7: renew energi,
7,renew energi,7: renew energi,
7,renew energi,7: renew energi,
7,renew energi,7: renew energi,
7,renew energi,7: renew energi,
7,renew energi,7: renew energi,
7,renew energi,7: renew energi,
7,renew energi,7: renew energi,
7,renew energi,7: renew energi,
7,renew energi,7: renew energi,
7,renew energi,7: renew energi,
7,renew energi,7: renew energi,
7,renew energi,7: renew energi,
7,renew energi,7: renew energi,
7,renew energi,7: renew energi,
7,renew energi,7: renew energi,
7,renew energi,7: renew energi,
7,renew energi,7: renew energi,
7,renew energi,7: renew energi,
7,renew energi,7: renew energi,
7,renew energi,7: renew energi,
7,renew energi,7: renew energi,
7,renew energi,7: renew energi,
7,renew energi,7: renew energi,
7,renew energi,7: renew energi,
7,renew energi,7: renew energi,
7,renew energi,7: renew energi,
7,renew energi,7: renew energi,
7,renew energi,7: renew energi,
7,renew energi,7: renew energi,
7,renew energi,7: renew energi,
7,renew energi,7: renew energi,
7,renew energi,7: renew energi,
7,renew energi,7: renew energi,
7,renew energi,7: renew energi,
7,renew energi,7: renew energi,
7,renew energi,7: renew energi,
7,renew energi,7: renew energi,
7,renew energi,7: renew energi,
7,renew energi,7: renew energi,
7,renew energi,7: renew energi,
2,municip council,2: municip council,
2,municip council,2: municip council,
2,municip council,2: municip council,
2,municip council,2: municip council,
2,municip council,2: municip council,
2,municip council,2: municip council,
2,municip council,2: municip council,
2,municip council,2: municip council,
2,municip council,2: municip council,
2,municip council,2: municip council,
2,municip council,2: municip council,
2,municip council,2: municip council,
2,municip council,2: municip council,
2,municip council,2: municip council,
2,municip council,2: municip council,
2,municip council,2: municip council,
2,municip council,2: municip council,
2,municip council,2: municip council,
2,municip council,2: municip council,
2,municip council,2: municip council,
2,municip council,2: municip council,
2,municip council,2: municip council,
2,municip council,2: municip council,
2,municip council,2: municip council,
2,municip council,2: municip council,
2,municip council,2: municip council,
2,municip council,2: municip council,
2,municip council,2: municip council,
2,municip council,2: municip council,
2,municip council,2: municip council,
2,municip council,2: municip council,
2,municip council,2: municip council,
2,municip council,2: municip council,
2,municip council,2: municip council,
2,municip council,2: municip council,
2,municip council,2: municip council,
2,municip council,2: municip council,
2,municip council,2: municip council,
2,municip council,2: municip council,
2,municip council,2: municip council,
2,municip council,2: municip council,
2,municip council,2: municip council,
2,municip council,2: municip council,
2,municip council,2: municip council,
2,municip council,2: municip council,
2,municip council,2: municip council,
2,municip council,2: municip council,
2,municip council,2: municip council,
2,municip council,2: municip council,
2,municip council,2: municip council,
2,municip council,2: municip council,
2,municip council,2: municip council,
2,municip council,2: municip council,
2,municip council,2: municip council,
2,municip council,2: municip council,
2,municip council,2: municip council,
2,municip council,2: municip council,
2,municip council,2: municip council,
2,municip council,2: municip council,
2,municip council,2: municip council,
2,municip council,2: municip council,
2,municip council,2: municip council,
2,municip council,2: municip council,
2,municip council,2: municip council,
2,municip council,2: municip council,
2,municip council,2: municip council,
2,municip council,2: municip council,
2,municip council,2: municip council,
2,municip council,2: municip council,
2,municip council,2: municip council,
2,municip council,2: municip council,
2,municip council,2: municip council,
2,municip council,2: municip council,
2,municip council,2: municip council,
2,municip council,2: municip council,
2,municip council,2: municip council,
2,municip council,2: municip council,
2,municip council,2: municip council,
2,municip council,2: municip council,
2,municip council,2: municip council,
2,municip council,2: municip council,
2,municip council,2: municip council,
2,municip council,2: municip council,
2,municip council,2: municip council,
2,municip council,2: municip council,
2,municip council,2: municip council,
2,municip council,2: municip council,
2,municip council,2: municip council,
2,municip council,2: municip council,
2,municip council,2: municip council,
2,municip council,2: municip council,
2,municip council,2: municip council,
2,municip council,2: municip council,
2,municip council,2: municip council,
2,municip council,2: municip council,
2,municip council,2: municip council,
2,municip council,2: municip council,
2,municip council,2: municip council,
2,municip council,2: municip council,
2,municip council,2: municip council,
2,municip council,2: municip council,
2,municip council,2: municip council,
2,municip council,2: municip council,
2,municip council,2: municip council,
2,municip council,2: municip council,
2,municip council,2: municip council,
2,municip council,2: municip council,
2,municip council,2: municip council,
2,municip council,2: municip council,
2,municip council,2: municip council,
2,municip council,2: municip council,
2,municip council,2: municip council,
2,municip council,2: municip council,
2,municip council,2: municip council,
2,municip council,2: municip council,
2,municip council,2: municip council,
2,municip council,2: municip council,
2,municip council,2: municip council,
2,municip council,2: municip council,
2,municip council,2: municip council,
2,municip council,2: municip council,
2,municip council,2: municip council,
2,municip council,2: municip council,
2,municip council,2: municip council,
2,municip council,2: municip council,
2,municip council,2: municip council,
2,municip council,2: municip council,
2,municip council,2: municip council,
2,municip council,2: municip council,
2,municip council,2: municip council,
2,municip council,2: municip council,
2,municip council,2: municip council,
2,municip council,2: municip council,
2,municip council,2: municip council,
2,municip council,2: municip council,
2,municip council,2: municip council,
2,municip council,2: municip council,
2,municip council,2: municip council,
2,municip council,2: municip council,
2,municip council,2: municip council,
2,municip council,2: municip council,
2,municip council,2: municip council,
2,municip council,2: municip council,
2,municip council,2: municip council,
2,municip council,2: municip council,
2,municip council,2: municip council,
2,municip council,2: municip council,
2,municip council,2: municip council,
2,municip council,2: municip council,
2,municip council,2: municip council,
2,municip council,2: municip council,
2,municip council,2: municip council,
2,municip council,2: municip council,
2,municip council,2: municip council,
2,municip council,2: municip council,
2,municip council,2: municip council,
2,municip council,2: municip council,
2,municip council,2: municip council,
2,municip council,2: municip council,
2,municip council,2: municip council,
2,municip council,2: municip council,
2,municip council,2: municip council,
2,municip council,2: municip council,
2,municip council,2: municip council,
2,municip council,2: municip council,
2,municip council,2: municip council,
2,municip council,2: municip council,
2,municip council,2: municip council,
2,municip council,2: municip council,
2,municip council,2: municip council,
2,municip council,2: municip council,
2,municip council,2: municip council,
2,municip council,2: municip council,
2,municip council,2: municip council,
2,municip council,2: municip council,
2,municip council,2: municip council,
2,municip council,2: municip council,
2,municip council,2: municip council,
2,municip council,2: municip council,
2,municip council,2: municip council,
2,municip council,2: municip council,
2,municip council,2: municip council,
2,municip council,2: municip council,
2,municip council,2: municip council,
2,municip council,2: municip council,
2,municip council,2: municip council,
2,municip council,2: municip council,
2,municip council,2: municip council,
2,municip council,2: municip council,
2,municip council,2: municip council,
2,municip council,2: municip council,
2,municip council,2: municip council,
2,municip council,2: municip council,
2,municip council,2: municip council,
2,municip council,2: municip council,
2,municip council,2: municip council,
2,municip council,2: municip council,
2,municip council,2: municip council,
2,municip council,2: municip council,
2,municip council,2: municip council,
2,municip council,2: municip council,
2,municip council,2: municip council,
2,municip council,2: municip council,
2,municip council,2: municip council,
2,municip council,2: municip council,
2,municip council,2: municip council,
2,municip council,2: municip council,
2,municip council,2: municip council,
2,municip council,2: municip council,
2,municip council,2: municip council,
2,municip council,2: municip council,
2,municip council,2: municip council,
2,municip council,2: municip council,
2,municip council,2: municip council,
2,municip council,2: municip council,
2,municip council,2: municip council,
2,municip council,2: municip council,
2,municip council,2: municip council,
2,municip council,2: municip council,
2,municip council,2: municip council,
2,municip council,2: municip council,
2,municip council,2: municip council,
2,municip council,2: municip council,
2,municip council,2: municip council,
2,municip council,2: municip council,
2,municip council,2: municip council,
2,municip council,2: municip council,
2,municip council,2: municip council,
2,municip council,2: municip council,
2,municip council,2: municip council,
2,municip council,2: municip council,
2,municip council,2: municip council,
2,municip council,2: municip council,
2,municip council,2: municip council,
2,municip council,2: municip council,
2,municip council,2: municip council,
2,municip council,2: municip council,
2,municip council,2: municip council,
2,municip council,2: municip council,
2,municip council,2: municip council,
2,municip council,2: municip council,
2,municip council,2: municip council,
2,municip council,2: municip council,
2,municip council,2: municip council,
2,municip council,2: municip council,
2,municip council,2: municip council,
2,municip council,2: municip council,
2,municip council,2: municip council,
2,municip council,2: municip council,
2,municip council,2: municip council,
2,municip council,2: municip council,
2,municip council,2: municip council,
2,municip council,2: municip council,
2,municip council,2: municip council,
2,municip council,2: municip council,
2,municip council,2: municip council,
2,municip council,2: municip council,
2,municip council,2: municip council,
2,municip council,2: municip council,
2,municip council,2: municip council,
2,municip council,2: municip council,
2,municip council,2: municip council,
2,municip council,2: municip council,
2,municip council,2: municip council,
2,municip council,2: municip council,
2,municip council,2: municip council,
2,municip council,2: municip council,
2,municip council,2: municip council,
2,municip council,2: municip council,
2,municip council,2: municip council,
2,municip council,2: municip council,
2,municip council,2: municip council,
2,municip council,2: municip council,
2,municip council,2: municip council,
2,municip council,2: municip council,
2,municip council,2: municip council,
2,municip council,2: municip council,
2,municip council,2: municip council,
2,municip council,2: municip council,
2,municip council,2: municip council,
2,municip council,2: municip council,
2,municip council,2: municip council,
2,municip council,2: municip council,
2,municip council,2: municip council,
2,municip council,2: municip council,
2,municip council,2: municip council,
2,municip council,2: municip council,
2,municip council,2: municip council,
2,municip council,2: municip council,
2,municip council,2: municip council,
2,municip council,2: municip council,
2,municip council,2: municip council,
2,municip council,2: municip council,
2,municip council,2: municip council,
2,municip council,2: municip council,
2,municip council,2: municip council,
2,municip council,2: municip council,
2,municip council,2: municip council,
2,municip council,2: municip council,
2,municip council,2: municip council,
2,municip council,2: municip council,
2,municip council,2: municip council,
2,municip council,2: municip council,
2,municip council,2: municip council,
2,municip council,2: municip council,
2,municip council,2: municip council,
2,municip council,2: municip council,
2,municip council,2: municip council,
2,municip council,2: municip council,
2,municip council,2: municip council,
2,municip council,2: municip council,
2,municip council,2: municip council,
2,municip council,2: municip council,
2,municip council,2: municip council,
2,municip council,2: municip council,
2,municip council,2: municip council,
2,municip council,2: municip council,
2,municip council,2: municip council,
2,municip council,2: municip council,
2,municip council,2: municip council,
2,municip council,2: municip council,
2,municip council,2: municip council,
2,municip council,2: municip council,
2,municip council,2: municip council,
2,municip council,2: municip council,
2,municip council,2: municip council,
2,municip council,2: municip council,
2,municip council,2: municip council,
2,municip council,2: municip council,
2,municip council,2: municip council,
2,municip council,2: municip council,
2,municip council,2: municip council,
2,municip council,2: municip council,
2,municip council,2: municip council,
2,municip council,2: municip council,
2,municip council,2: municip council,
2,municip council,2: municip council,
2,municip council,2: municip council,
2,municip council,2: municip council,
2,municip council,2: municip council,
2,municip council,2: municip council,
2,municip council,2: municip council,
2,municip council,2: municip council,
2,municip council,2: municip council,
2,municip council,2: municip council,
2,municip council,2: municip council,
2,municip council,2: municip council,
2,municip council,2: municip council,
2,municip council,2: municip council,
2,municip council,2: municip council,
2,municip council,2: municip council,
2,municip council,2: municip council,
2,municip council,2: municip council,
2,municip council,2: municip council,
2,municip council,2: municip council,
2,municip council,2: municip council,
2,municip council,2: municip council,
2,municip council,2: municip council,
2,municip council,2: municip council,
2,municip council,2: municip council,
2,municip council,2: municip council,
2,municip council,2: municip council,
2,municip council,2: municip council,
2,municip council,2: municip council,
2,municip council,2: municip council,
2,municip council,2: municip council,
2,municip council,2: municip council,
2,municip council,2: municip council,
2,municip council,2: municip council,
2,municip council,2: municip council,
2,municip council,2: municip council,
2,municip council,2: municip council,
2,municip council,2: municip council,
2,municip council,2: municip council,
2,municip council,2: municip council,
2,municip council,2: municip council,
2,municip council,2: municip council,
2,municip council,2: municip council,
2,municip council,2: municip council,
2,municip council,2: municip council,
2,municip council,2: municip council,
2,municip council,2: municip council,
2,municip council,2: municip council,
2,municip council,2: municip council,
2,municip council,2: municip council,
2,municip council,2: municip council,
2,municip council,2: municip council,
2,municip council,2: municip council,
2,municip council,2: municip council,
2,municip council,2: municip council,
2,municip council,2: municip council,
2,municip council,2: municip council,
2,municip council,2: municip council,
2,municip council,2: municip council,
2,municip council,2: municip council,
2,municip council,2: municip council,
2,municip council,2: municip council,
2,municip council,2: municip council,
2,municip council,2: municip council,
2,municip council,2: municip council,
2,municip council,2: municip council,
2,municip council,2: municip council,
2,municip council,2: municip council,
2,municip council,2: municip council,
2,municip council,2: municip council,
2,municip council,2: municip council,
2,municip council,2: municip council,
2,municip council,2: municip council,
2,municip council,2: municip council,
2,municip council,2: municip council,
2,municip council,2: municip council,
2,municip council,2: municip council,
2,municip council,2: municip council,
2,municip council,2: municip council,
2,municip council,2: municip council,
2,municip council,2: municip council,
2,municip council,2: municip council,
2,municip council,2: municip council,
2,municip council,2: municip council,
2,municip council,2: municip council,
2,municip council,2: municip council,
2,municip council,2: municip council,
2,municip council,2: municip council,
2,municip council,2: municip council,
2,municip council,2: municip council,
2,municip council,2: municip council,
2,municip council,2: municip council,
2,municip council,2: municip council,
2,municip council,2: municip council,
2,municip council,2: municip council,
2,municip council,2: municip council,
2,municip council,2: municip council,
2,municip council,2: municip council,
2,municip council,2: municip council,
2,municip council,2: municip council,
2,municip council,2: municip council,
2,municip council,2: municip council,
2,municip council,2: municip council,
2,municip council,2: municip council,
2,municip council,2: municip council,
2,municip council,2: municip council,
2,municip council,2: municip council,
2,municip council,2: municip council,
2,municip council,2: municip council,
2,municip council,2: municip council,
2,municip council,2: municip council,
2,municip council,2: municip council,
2,municip council,2: municip council,
2,municip council,2: municip council,
2,municip council,2: municip council,
2,municip council,2: municip council,
2,municip council,2: municip council,
2,municip council,2: municip council,
2,municip council,2: municip council,
2,municip council,2: municip council,
2,municip council,2: municip council,
2,municip council,2: municip council,
2,municip council,2: municip council,
2,municip council,2: municip council,
2,municip council,2: municip council,
2,municip council,2: municip council,
2,municip council,2: municip council,
2,municip council,2: municip council,
2,municip council,2: municip council,
2,municip council,2: municip council,
2,municip council,2: municip council,
2,municip council,2: municip council,
2,municip council,2: municip council,
8,wind turbin,8: wind turbin,
8,wind turbin,8: wind turbin,
8,wind turbin,8: wind turbin,
8,wind turbin,8: wind turbin,
8,wind turbin,8: wind turbin,
8,wind turbin,8: wind turbin,
8,wind turbin,8: wind turbin,
8,wind turbin,8: wind turbin,
8,wind turbin,8: wind turbin,
8,wind turbin,8: wind turbin,
8,wind turbin,8: wind turbin,
8,wind turbin,8: wind turbin,
8,wind turbin,8: wind turbin,
8,wind turbin,8: wind turbin,
8,wind turbin,8: wind turbin,
8,wind turbin,8: wind turbin,
8,wind turbin,8: wind turbin,
8,wind turbin,8: wind turbin,
8,wind turbin,8: wind turbin,
8,wind turbin,8: wind turbin,
8,wind turbin,8: wind turbin,
8,wind turbin,8: wind turbin,
8,wind turbin,8: wind turbin,
8,wind turbin,8: wind turbin,
8,wind turbin,8: wind turbin,
8,wind turbin,8: wind turbin,
8,wind turbin,8: wind turbin,
8,wind turbin,8: wind turbin,
8,wind turbin,8: wind turbin,
8,wind turbin,8: wind turbin,
8,wind turbin,8: wind turbin,
8,wind turbin,8: wind turbin,
8,wind turbin,8: wind turbin,
8,wind turbin,8: wind turbin,
8,wind turbin,8: wind turbin,
8,wind turbin,8: wind turbin,
8,wind turbin,8: wind turbin,
8,wind turbin,8: wind turbin,
8,wind turbin,8: wind turbin,
8,wind turbin,8: wind turbin,
8,wind turbin,8: wind turbin,
8,wind turbin,8: wind turbin,
8,wind turbin,8: wind turbin,
8,wind turbin,8: wind turbin,
8,wind turbin,8: wind turbin,
8,wind turbin,8: wind turbin,
8,wind turbin,8: wind turbin,
8,wind turbin,8: wind turbin,
8,wind turbin,8: wind turbin,
8,wind turbin,8: wind turbin,
8,wind turbin,8: wind turbin,
8,wind turbin,8: wind turbin,
8,wind turbin,8: wind turbin,
8,wind turbin,8: wind turbin,
8,wind turbin,8: wind turbin,
8,wind turbin,8: wind turbin,
8,wind turbin,8: wind turbin,
8,wind turbin,8: wind turbin,
8,wind turbin,8: wind turbin,
8,wind turbin,8: wind turbin,
8,wind turbin,8: wind turbin,
8,wind turbin,8: wind turbin,
8,wind turbin,8: wind turbin,
8,wind turbin,8: wind turbin,
8,wind turbin,8: wind turbin,
8,wind turbin,8: wind turbin,
8,wind turbin,8: wind turbin,
8,wind turbin,8: wind turbin,
8,wind turbin,8: wind turbin,
8,wind turbin,8: wind turbin,
8,wind turbin,8: wind turbin,
8,wind turbin,8: wind turbin,
8,wind turbin,8: wind turbin,
8,wind turbin,8: wind turbin,
8,wind turbin,8: wind turbin,
8,wind turbin,8: wind turbin,
8,wind turbin,8: wind turbin,
8,wind turbin,8: wind turbin,
8,wind turbin,8: wind turbin,
8,wind turbin,8: wind turbin,
8,wind turbin,8: wind turbin,
8,wind turbin,8: wind turbin,
8,wind turbin,8: wind turbin,
8,wind turbin,8: wind turbin,
8,wind turbin,8: wind turbin,
8,wind turbin,8: wind turbin,
8,wind turbin,8: wind turbin,
8,wind turbin,8: wind turbin,
8,wind turbin,8: wind turbin,
8,wind turbin,8: wind turbin,
8,wind turbin,8: wind turbin,
8,wind turbin,8: wind turbin,
8,wind turbin,8: wind turbin,
8,wind turbin,8: wind turbin,
8,wind turbin,8: wind turbin,
8,wind turbin,8: wind turbin,
8,wind turbin,8: wind turbin,
8,wind turbin,8: wind turbin,
8,wind turbin,8: wind turbin,
8,wind turbin,8: wind turbin,
8,wind turbin,8: wind turbin,
8,wind turbin,8: wind turbin,
8,wind turbin,8: wind turbin,
8,wind turbin,8: wind turbin,
8,wind turbin,8: wind turbin,
8,wind turbin,8: wind turbin,
8,wind turbin,8: wind turbin,
8,wind turbin,8: wind turbin,
8,wind turbin,8: wind turbin,
8,wind turbin,8: wind turbin,
8,wind turbin,8: wind turbin,
8,wind turbin,8: wind turbin,
8,wind turbin,8: wind turbin,
8,wind turbin,8: wind turbin,
8,wind turbin,8: wind turbin,
8,wind turbin,8: wind turbin,
8,wind turbin,8: wind turbin,
8,wind turbin,8: wind turbin,
8,wind turbin,8: wind turbin,
8,wind turbin,8: wind turbin,
8,wind turbin,8: wind turbin,
8,wind turbin,8: wind turbin,
8,wind turbin,8: wind turbin,
8,wind turbin,8: wind turbin,
8,wind turbin,8: wind turbin,
8,wind turbin,8: wind turbin,
8,wind turbin,8: wind turbin,
8,wind turbin,8: wind turbin,
8,wind turbin,8: wind turbin,
8,wind turbin,8: wind turbin,
4,baltic sea,4: baltic sea,
4,baltic sea,4: baltic sea,
4,baltic sea,4: baltic sea,
4,baltic sea,4: baltic sea,
4,baltic sea,4: baltic sea,
4,baltic sea,4: baltic sea,
4,baltic sea,4: baltic sea,
4,baltic sea,4: baltic sea,
4,baltic sea,4: baltic sea,
4,baltic sea,4: baltic sea,
4,baltic sea,4: baltic sea,
4,baltic sea,4: baltic sea,
4,baltic sea,4: baltic sea,
4,baltic sea,4: baltic sea,
4,baltic sea,4: baltic sea,
4,baltic sea,4: baltic sea,
4,baltic sea,4: baltic sea,
4,baltic sea,4: baltic sea,
4,baltic sea,4: baltic sea,
4,baltic sea,4: baltic sea,
4,baltic sea,4: baltic sea,
4,baltic sea,4: baltic sea,
4,baltic sea,4: baltic sea,
4,baltic sea,4: baltic sea,
4,baltic sea,4: baltic sea,
4,baltic sea,4: baltic sea,
4,baltic sea,4: baltic sea,
4,baltic sea,4: baltic sea,
4,baltic sea,4: baltic sea,
4,baltic sea,4: baltic sea,
4,baltic sea,4: baltic sea,
4,baltic sea,4: baltic sea,
4,baltic sea,4: baltic sea,
4,baltic sea,4: baltic sea,
4,baltic sea,4: baltic sea,
4,baltic sea,4: baltic sea,
4,baltic sea,4: baltic sea,
4,baltic sea,4: baltic sea,
4,baltic sea,4: baltic sea,
4,baltic sea,4: baltic sea,
4,baltic sea,4: baltic sea,
4,baltic sea,4: baltic sea,
4,baltic sea,4: baltic sea,
4,baltic sea,4: baltic sea,
4,baltic sea,4: baltic sea,
4,baltic sea,4: baltic sea,
4,baltic sea,4: baltic sea,
4,baltic sea,4: baltic sea,
4,baltic sea,4: baltic sea,
4,baltic sea,4: baltic sea,
4,baltic sea,4: baltic sea,
4,baltic sea,4: baltic sea,
4,baltic sea,4: baltic sea,
4,baltic sea,4: baltic sea,
4,baltic sea,4: baltic sea,
4,baltic sea,4: baltic sea,
4,baltic sea,4: baltic sea,
4,baltic sea,4: baltic sea,
4,baltic sea,4: baltic sea,
4,baltic sea,4: baltic sea,
4,baltic sea,4: baltic sea,
4,baltic sea,4: baltic sea,
4,baltic sea,4: baltic sea,
4,baltic sea,4: baltic sea,
4,baltic sea,4: baltic sea,
4,baltic sea,4: baltic sea,
4,baltic sea,4: baltic sea,
4,baltic sea,4: baltic sea,
4,baltic sea,4: baltic sea,
4,baltic sea,4: baltic sea,
4,baltic sea,4: baltic sea,
4,baltic sea,4: baltic sea,
4,baltic sea,4: baltic sea,
4,baltic sea,4: baltic sea,
4,baltic sea,4: baltic sea,
4,baltic sea,4: baltic sea,
4,baltic sea,4: baltic sea,
4,baltic sea,4: baltic sea,
4,baltic sea,4: baltic sea,
4,baltic sea,4: baltic sea,
4,baltic sea,4: baltic sea,
4,baltic sea,4: baltic sea,
4,baltic sea,4: baltic sea,
4,baltic sea,4: baltic sea,
4,baltic sea,4: baltic sea,
4,baltic sea,4: baltic sea,
4,baltic sea,4: baltic sea,
4,baltic sea,4: baltic sea,
4,baltic sea,4: baltic sea,
4,baltic sea,4: baltic sea,
4,baltic sea,4: baltic sea,
4,baltic sea,4: baltic sea,
4,baltic sea,4: baltic sea,
4,baltic sea,4: baltic sea,
4,baltic sea,4: baltic sea,
4,baltic sea,4: baltic sea,
4,baltic sea,4: baltic sea,
4,baltic sea,4: baltic sea,
4,baltic sea,4: baltic sea,
4,baltic sea,4: baltic sea,
4,baltic sea,4: baltic sea,
4,baltic sea,4: baltic sea,
4,baltic sea,4: baltic sea,
4,baltic sea,4: baltic sea,
4,baltic sea,4: baltic sea,
4,baltic sea,4: baltic sea,
4,baltic sea,4: baltic sea,
4,baltic sea,4: baltic sea,
4,baltic sea,4: baltic sea,
4,baltic sea,4: baltic sea,
4,baltic sea,4: baltic sea,
4,baltic sea,4: baltic sea,
4,baltic sea,4: baltic sea,
4,baltic sea,4: baltic sea,
4,baltic sea,4: baltic sea,
4,baltic sea,4: baltic sea,
4,baltic sea,4: baltic sea,
4,baltic sea,4: baltic sea,
4,baltic sea,4: baltic sea,
4,baltic sea,4: baltic sea,
4,baltic sea,4: baltic sea,
4,baltic sea,4: baltic sea,
4,baltic sea,4: baltic sea,
4,baltic sea,4: baltic sea,
4,baltic sea,4: baltic sea,
4,baltic sea,4: baltic sea,
4,baltic sea,4: baltic sea,
4,baltic sea,4: baltic sea,
4,baltic sea,4: baltic sea,
4,baltic sea,4: baltic sea,
4,baltic sea,4: baltic sea,
4,baltic sea,4: baltic sea,
4,baltic sea,4: baltic sea,
4,baltic sea,4: baltic sea,
4,baltic sea,4: baltic sea,
4,baltic sea,4: baltic sea,
4,baltic sea,4: baltic sea,
4,baltic sea,4: baltic sea,
4,baltic sea,4: baltic sea,
4,baltic sea,4: baltic sea,
4,baltic sea,4: baltic sea,
4,baltic sea,4: baltic sea,
4,baltic sea,4: baltic sea,
4,baltic sea,4: baltic sea,
4,baltic sea,4: baltic sea,
4,baltic sea,4: baltic sea,
4,baltic sea,4: baltic sea,
4,baltic sea,4: baltic sea,
4,baltic sea,4: baltic sea,
4,baltic sea,4: baltic sea,
4,baltic sea,4: baltic sea,
4,baltic sea,4: baltic sea,
4,baltic sea,4: baltic sea,
4,baltic sea,4: baltic sea,
4,baltic sea,4: baltic sea,
4,baltic sea,4: baltic sea,
4,baltic sea,4: baltic sea,
4,baltic sea,4: baltic sea,
4,baltic sea,4: baltic sea,
4,baltic sea,4: baltic sea,
4,baltic sea,4: baltic sea,
4,baltic sea,4: baltic sea,
4,baltic sea,4: baltic sea,
4,baltic sea,4: baltic sea,
4,baltic sea,4: baltic sea,
4,baltic sea,4: baltic sea,
4,baltic sea,4: baltic sea,
4,baltic sea,4: baltic sea,
4,baltic sea,4: baltic sea,
4,baltic sea,4: baltic sea,
4,baltic sea,4: baltic sea,
4,baltic sea,4: baltic sea,
4,baltic sea,4: baltic sea,
4,baltic sea,4: baltic sea,
4,baltic sea,4: baltic sea,
4,baltic sea,4: baltic sea,
4,baltic sea,4: baltic sea,
4,baltic sea,4: baltic sea,
4,baltic sea,4: baltic sea,
4,baltic sea,4: baltic sea,
4,baltic sea,4: baltic sea,
4,baltic sea,4: baltic sea,
4,baltic sea,4: baltic sea,
4,baltic sea,4: baltic sea,
4,baltic sea,4: baltic sea,
4,baltic sea,4: baltic sea,
4,baltic sea,4: baltic sea,
4,baltic sea,4: baltic sea,
4,baltic sea,4: baltic sea,
4,baltic sea,4: baltic sea,
4,baltic sea,4: baltic sea,
4,baltic sea,4: baltic sea,
4,baltic sea,4: baltic sea,
4,baltic sea,4: baltic sea,
4,baltic sea,4: baltic sea,
4,baltic sea,4: baltic sea,
4,baltic sea,4: baltic sea,
4,baltic sea,4: baltic sea,
4,baltic sea,4: baltic sea,
4,baltic sea,4: baltic sea,
4,baltic sea,4: baltic sea,
4,baltic sea,4: baltic sea,
4,baltic sea,4: baltic sea,
4,baltic sea,4: baltic sea,
4,baltic sea,4: baltic sea,
4,baltic sea,4: baltic sea,
4,baltic sea,4: baltic sea,
4,baltic sea,4: baltic sea,
4,baltic sea,4: baltic sea,
4,baltic sea,4: baltic sea,
4,baltic sea,4: baltic sea,
4,baltic sea,4: baltic sea,
4,baltic sea,4: baltic sea,
4,baltic sea,4: baltic sea,
4,baltic sea,4: baltic sea,
4,baltic sea,4: baltic sea,
4,baltic sea,4: baltic sea,
4,baltic sea,4: baltic sea,
4,baltic sea,4: baltic sea,
4,baltic sea,4: baltic sea,
4,baltic sea,4: baltic sea,
4,baltic sea,4: baltic sea,
4,baltic sea,4: baltic sea,
4,baltic sea,4: baltic sea,
4,baltic sea,4: baltic sea,
4,baltic sea,4: baltic sea,
4,baltic sea,4: baltic sea,
4,baltic sea,4: baltic sea,
4,baltic sea,4: baltic sea,
4,baltic sea,4: baltic sea,
4,baltic sea,4: baltic sea,
4,baltic sea,4: baltic sea,
4,baltic sea,4: baltic sea,
4,baltic sea,4: baltic sea,
4,baltic sea,4: baltic sea,
4,baltic sea,4: baltic sea,
4,baltic sea,4: baltic sea,
4,baltic sea,4: baltic sea,
4,baltic sea,4: baltic sea,
4,baltic sea,4: baltic sea,
4,baltic sea,4: baltic sea,
4,baltic sea,4: baltic sea,
4,baltic sea,4: baltic sea,
4,baltic sea,4: baltic sea,
4,baltic sea,4: baltic sea,
4,baltic sea,4: baltic sea,
4,baltic sea,4: baltic sea,
4,baltic sea,4: baltic sea,
4,baltic sea,4: baltic sea,
4,baltic sea,4: baltic sea,
4,baltic sea,4: baltic sea,
4,baltic sea,4: baltic sea,
4,baltic sea,4: baltic sea,
4,baltic sea,4: baltic sea,
4,baltic sea,4: baltic sea,
4,baltic sea,4: baltic sea,
4,baltic sea,4: baltic sea,
4,baltic sea,4: baltic sea,
4,baltic sea,4: baltic sea,
4,baltic sea,4: baltic sea,
4,baltic sea,4: baltic sea,
4,baltic sea,4: baltic sea,
4,baltic sea,4: baltic sea,
4,baltic sea,4: baltic sea,
4,baltic sea,4: baltic sea,
4,baltic sea,4: baltic sea,
4,baltic sea,4: baltic sea,
4,baltic sea,4: baltic sea,
4,baltic sea,4: baltic sea,
4,baltic sea,4: baltic sea,
4,baltic sea,4: baltic sea,
4,baltic sea,4: baltic sea,
4,baltic sea,4: baltic sea,
4,baltic sea,4: baltic sea,
4,baltic sea,4: baltic sea,
4,baltic sea,4: baltic sea,
8,wind turbin,8: wind turbin,
8,wind turbin,8: wind turbin,
8,wind turbin,8: wind turbin,
8,wind turbin,8: wind turbin,
8,wind turbin,8: wind turbin,
8,wind turbin,8: wind turbin,
8,wind turbin,8: wind turbin,
8,wind turbin,8: wind turbin,
8,wind turbin,8: wind turbin,
8,wind turbin,8: wind turbin,
8,wind turbin,8: wind turbin,
8,wind turbin,8: wind turbin,
8,wind turbin,8: wind turbin,
8,wind turbin,8: wind turbin,
8,wind turbin,8: wind turbin,
8,wind turbin,8: wind turbin,
8,wind turbin,8: wind turbin,
8,wind turbin,8: wind turbin,
8,wind turbin,8: wind turbin,
8,wind turbin,8: wind turbin,
8,wind turbin,8: wind turbin,
8,wind turbin,8: wind turbin,
8,wind turbin,8: wind turbin,
8,wind turbin,8: wind turbin,
8,wind turbin,8: wind turbin,
8,wind turbin,8: wind turbin,
8,wind turbin,8: wind turbin,
8,wind turbin,8: wind turbin,
8,wind turbin,8: wind turbin,
8,wind turbin,8: wind turbin,
8,wind turbin,8: wind turbin,
8,wind turbin,8: wind turbin,
8,wind turbin,8: wind turbin,
8,wind turbin,8: wind turbin,
8,wind turbin,8: wind turbin,
8,wind turbin,8: wind turbin,
8,wind turbin,8: wind turbin,
8,wind turbin,8: wind turbin,
8,wind turbin,8: wind turbin,
8,wind turbin,8: wind turbin,
8,wind turbin,8: wind turbin,
8,wind turbin,8: wind turbin,
8,wind turbin,8: wind turbin,
8,wind turbin,8: wind turbin,
8,wind turbin,8: wind turbin,
8,wind turbin,8: wind turbin,
8,wind turbin,8: wind turbin,
8,wind turbin,8: wind turbin,
8,wind turbin,8: wind turbin,
8,wind turbin,8: wind turbin,
8,wind turbin,8: wind turbin,
8,wind turbin,8: wind turbin,
8,wind turbin,8: wind turbin,
8,wind turbin,8: wind turbin,
8,wind turbin,8: wind turbin,
8,wind turbin,8: wind turbin,
8,wind turbin,8: wind turbin,
8,wind turbin,8: wind turbin,
8,wind turbin,8: wind turbin,
8,wind turbin,8: wind turbin,
8,wind turbin,8: wind turbin,
8,wind turbin,8: wind turbin,
8,wind turbin,8: wind turbin,
8,wind turbin,8: wind turbin,
8,wind turbin,8: wind turbin,
8,wind turbin,8: wind turbin,
8,wind turbin,8: wind turbin,
8,wind turbin,8: wind turbin,
8,wind turbin,8: wind turbin,
8,wind turbin,8: wind turbin,
8,wind turbin,8: wind turbin,
8,wind turbin,8: wind turbin,
8,wind turbin,8: wind turbin,
8,wind turbin,8: wind turbin,
8,wind turbin,8: wind turbin,
8,wind turbin,8: wind turbin,
8,wind turbin,8: wind turbin,
8,wind turbin,8: wind turbin,
8,wind turbin,8: wind turbin,
8,wind turbin,8: wind turbin,
8,wind turbin,8: wind turbin,
8,wind turbin,8: wind turbin,
8,wind turbin,8: wind turbin,
8,wind turbin,8: wind turbin,
8,wind turbin,8: wind turbin,
8,wind turbin,8: wind turbin,
8,wind turbin,8: wind turbin,
8,wind turbin,8: wind turbin,
8,wind turbin,8: wind turbin,
8,wind turbin,8: wind turbin,
8,wind turbin,8: wind turbin,
8,wind turbin,8: wind turbin,
8,wind turbin,8: wind turbin,
8,wind turbin,8: wind turbin,
8,wind turbin,8: wind turbin,
8,wind turbin,8: wind turbin,
8,wind turbin,8: wind turbin,
8,wind turbin,8: wind turbin,
8,wind turbin,8: wind turbin,
8,wind turbin,8: wind turbin,
8,wind turbin,8: wind turbin,
8,wind turbin,8: wind turbin,
8,wind turbin,8: wind turbin,
8,wind turbin,8: wind turbin,
8,wind turbin,8: wind turbin,
8,wind turbin,8: wind turbin,
8,wind turbin,8: wind turbin,
8,wind turbin,8: wind turbin,
8,wind turbin,8: wind turbin,
8,wind turbin,8: wind turbin,
8,wind turbin,8: wind turbin,
8,wind turbin,8: wind turbin,
8,wind turbin,8: wind turbin,
8,wind turbin,8: wind turbin,
8,wind turbin,8: wind turbin,
8,wind turbin,8: wind turbin,
8,wind turbin,8: wind turbin,
8,wind turbin,8: wind turbin,
8,wind turbin,8: wind turbin,
8,wind turbin,8: wind turbin,
8,wind turbin,8: wind turbin,
8,wind turbin,8: wind turbin,
8,wind turbin,8: wind turbin,
8,wind turbin,8: wind turbin,
8,wind turbin,8: wind turbin,
8,wind turbin,8: wind turbin,
8,wind turbin,8: wind turbin,
8,wind turbin,8: wind turbin,
8,wind turbin,8: wind turbin,
8,wind turbin,8: wind turbin,
2,municip council,2: municip council,
2,municip council,2: municip council,
2,municip council,2: municip council,
2,municip council,2: municip council,
2,municip council,2: municip council,
2,municip council,2: municip council,
2,municip council,2: municip council,
2,municip council,2: municip council,
2,municip council,2: municip council,
2,municip council,2: municip council,
2,municip council,2: municip council,
2,municip council,2: municip council,
2,municip council,2: municip council,
2,municip council,2: municip council,
2,municip council,2: municip council,
2,municip council,2: municip council,
2,municip council,2: municip council,
2,municip council,2: municip council,
2,municip council,2: municip council,
2,municip council,2: municip council,
2,municip council,2: municip council,
2,municip council,2: municip council,
2,municip council,2: municip council,
2,municip council,2: municip council,
2,municip council,2: municip council,
2,municip council,2: municip council,
2,municip council,2: municip council,
2,municip council,2: municip council,
2,municip council,2: municip council,
2,municip council,2: municip council,
2,municip council,2: municip council,
2,municip council,2: municip council,
2,municip council,2: municip council,
2,municip council,2: municip council,
2,municip council,2: municip council,
2,municip council,2: municip council,
2,municip council,2: municip council,
2,municip council,2: municip council,
2,municip council,2: municip council,
2,municip council,2: municip council,
2,municip council,2: municip council,
2,municip council,2: municip council,
2,municip council,2: municip council,
2,municip council,2: municip council,
2,municip council,2: municip council,
2,municip council,2: municip council,
2,municip council,2: municip council,
2,municip council,2: municip council,
2,municip council,2: municip council,
2,municip council,2: municip council,
2,municip council,2: municip council,
2,municip council,2: municip council,
2,municip council,2: municip council,
2,municip council,2: municip council,
2,municip council,2: municip council,
2,municip council,2: municip council,
2,municip council,2: municip council,
2,municip council,2: municip council,
2,municip council,2: municip council,
2,municip council,2: municip council,
2,municip council,2: municip council,
2,municip council,2: municip council,
2,municip council,2: municip council,
2,municip council,2: municip council,
2,municip council,2: municip council,
2,municip council,2: municip council,
2,municip council,2: municip council,
2,municip council,2: municip council,
2,municip council,2: municip council,
2,municip council,2: municip council,
2,municip council,2: municip council,
2,municip council,2: municip council,
2,municip council,2: municip council,
2,municip council,2: municip council,
2,municip council,2: municip council,
2,municip council,2: municip council,
2,municip council,2: municip council,
2,municip council,2: municip council,
2,municip council,2: municip council,
2,municip council,2: municip council,
2,municip council,2: municip council,
2,municip council,2: municip council,
2,municip council,2: municip council,
2,municip council,2: municip council,
2,municip council,2: municip council,
2,municip council,2: municip council,
2,municip council,2: municip council,
2,municip council,2: municip council,
2,municip council,2: municip council,
2,municip council,2: municip council,
2,municip council,2: municip council,
2,municip council,2: municip council,
2,municip council,2: municip council,
2,municip council,2: municip council,
2,municip council,2: municip council,
2,municip council,2: municip council,
2,municip council,2: municip council,
2,municip council,2: municip council,
2,municip council,2: municip council,
2,municip council,2: municip council,
2,municip council,2: municip council,
2,municip council,2: municip council,
2,municip council,2: municip council,
2,municip council,2: municip council,
2,municip council,2: municip council,
2,municip council,2: municip council,
2,municip council,2: municip council,
2,municip council,2: municip council,
2,municip council,2: municip council,
2,municip council,2: municip council,
2,municip council,2: municip council,
2,municip council,2: municip council,
2,municip council,2: municip council,
2,municip council,2: municip council,
2,municip council,2: municip council,
2,municip council,2: municip council,
2,municip council,2: municip council,
2,municip council,2: municip council,
2,municip council,2: municip council,
2,municip council,2: municip council,
2,municip council,2: municip council,
2,municip council,2: municip council,
2,municip council,2: municip council,
2,municip council,2: municip council,
2,municip council,2: municip council,
2,municip council,2: municip council,
2,municip council,2: municip council,
2,municip council,2: municip council,
2,municip council,2: municip council,
2,municip council,2: municip council,
2,municip council,2: municip council,
2,municip council,2: municip council,
2,municip council,2: municip council,
2,municip council,2: municip council,
2,municip council,2: municip council,
2,municip council,2: municip council,
2,municip council,2: municip council,
2,municip council,2: municip council,
2,municip council,2: municip council,
2,municip council,2: municip council,
2,municip council,2: municip council,
2,municip council,2: municip council,
2,municip council,2: municip council,
2,municip council,2: municip council,
2,municip council,2: municip council,
2,municip council,2: municip council,
2,municip council,2: municip council,
2,municip council,2: municip council,
2,municip council,2: municip council,
2,municip council,2: municip council,
2,municip council,2: municip council,
2,municip council,2: municip council,
2,municip council,2: municip council,
2,municip council,2: municip council,
2,municip council,2: municip council,
2,municip council,2: municip council,
8,wind turbin,8: wind turbin,
8,wind turbin,8: wind turbin,
8,wind turbin,8: wind turbin,
8,wind turbin,8: wind turbin,
8,wind turbin,8: wind turbin,
8,wind turbin,8: wind turbin,
8,wind turbin,8: wind turbin,
8,wind turbin,8: wind turbin,
8,wind turbin,8: wind turbin,
8,wind turbin,8: wind turbin,
8,wind turbin,8: wind turbin,
8,wind turbin,8: wind turbin,
8,wind turbin,8: wind turbin,
8,wind turbin,8: wind turbin,
8,wind turbin,8: wind turbin,
8,wind turbin,8: wind turbin,
8,wind turbin,8: wind turbin,
8,wind turbin,8: wind turbin,
8,wind turbin,8: wind turbin,
8,wind turbin,8: wind turbin,
8,wind turbin,8: wind turbin,
8,wind turbin,8: wind turbin,
8,wind turbin,8: wind turbin,
8,wind turbin,8: wind turbin,
8,wind turbin,8: wind turbin,
8,wind turbin,8: wind turbin,
8,wind turbin,8: wind turbin,
8,wind turbin,8: wind turbin,
8,wind turbin,8: wind turbin,
8,wind turbin,8: wind turbin,
8,wind turbin,8: wind turbin,
8,wind turbin,8: wind turbin,
8,wind turbin,8: wind turbin,
8,wind turbin,8: wind turbin,
8,wind turbin,8: wind turbin,
8,wind turbin,8: wind turbin,
8,wind turbin,8: wind turbin,
8,wind turbin,8: wind turbin,
8,wind turbin,8: wind turbin,
8,wind turbin,8: wind turbin,
8,wind turbin,8: wind turbin,
8,wind turbin,8: wind turbin,
8,wind turbin,8: wind turbin,
8,wind turbin,8: wind turbin,
8,wind turbin,8: wind turbin,
8,wind turbin,8: wind turbin,
8,wind turbin,8: wind turbin,
8,wind turbin,8: wind turbin,
8,wind turbin,8: wind turbin,
8,wind turbin,8: wind turbin,
8,wind turbin,8: wind turbin,
8,wind turbin,8: wind turbin,
8,wind turbin,8: wind turbin,
8,wind turbin,8: wind turbin,
8,wind turbin,8: wind turbin,
8,wind turbin,8: wind turbin,
8,wind turbin,8: wind turbin,
8,wind turbin,8: wind turbin,
8,wind turbin,8: wind turbin,
8,wind turbin,8: wind turbin,
8,wind turbin,8: wind turbin,
8,wind turbin,8: wind turbin,
8,wind turbin,8: wind turbin,
8,wind turbin,8: wind turbin,
8,wind turbin,8: wind turbin,
8,wind turbin,8: wind turbin,
8,wind turbin,8: wind turbin,
8,wind turbin,8: wind turbin,
8,wind turbin,8: wind turbin,
8,wind turbin,8: wind turbin,
8,wind turbin,8: wind turbin,
8,wind turbin,8: wind turbin,
8,wind turbin,8: wind turbin,
8,wind turbin,8: wind turbin,
8,wind turbin,8: wind turbin,
8,wind turbin,8: wind turbin,
8,wind turbin,8: wind turbin,
8,wind turbin,8: wind turbin,
8,wind turbin,8: wind turbin,
8,wind turbin,8: wind turbin,
8,wind turbin,8: wind turbin,
8,wind turbin,8: wind turbin,
8,wind turbin,8: wind turbin,
8,wind turbin,8: wind turbin,
8,wind turbin,8: wind turbin,
8,wind turbin,8: wind turbin,
8,wind turbin,8: wind turbin,
8,wind turbin,8: wind turbin,
8,wind turbin,8: wind turbin,
8,wind turbin,8: wind turbin,
8,wind turbin,8: wind turbin,
8,wind turbin,8: wind turbin,
8,wind turbin,8: wind turbin,
8,wind turbin,8: wind turbin,
8,wind turbin,8: wind turbin,
8,wind turbin,8: wind turbin,
8,wind turbin,8: wind turbin,
8,wind turbin,8: wind turbin,
8,wind turbin,8: wind turbin,
8,wind turbin,8: wind turbin,
8,wind turbin,8: wind turbin,
8,wind turbin,8: wind turbin,
8,wind turbin,8: wind turbin,
8,wind turbin,8: wind turbin,
8,wind turbin,8: wind turbin,
8,wind turbin,8: wind turbin,
8,wind turbin,8: wind turbin,
8,wind turbin,8: wind turbin,
8,wind turbin,8: wind turbin,
8,wind turbin,8: wind turbin,
8,wind turbin,8: wind turbin,
8,wind turbin,8: wind turbin,
8,wind turbin,8: wind turbin,
8,wind turbin,8: wind turbin,
8,wind turbin,8: wind turbin,
8,wind turbin,8: wind turbin,
8,wind turbin,8: wind turbin,
8,wind turbin,8: wind turbin,
8,wind turbin,8: wind turbin,
8,wind turbin,8: wind turbin,
8,wind turbin,8: wind turbin,
8,wind turbin,8: wind turbin,
8,wind turbin,8: wind turbin,
8,wind turbin,8: wind turbin,
8,wind turbin,8: wind turbin,
8,wind turbin,8: wind turbin,
8,wind turbin,8: wind turbin,
8,wind turbin,8: wind turbin,
8,wind turbin,8: wind turbin,
8,wind turbin,8: wind turbin,
0,energi island,0: energi island,
0,energi island,0: energi island,
0,energi island,0: energi island,
0,energi island,0: energi island,
0,energi island,0: energi island,
0,energi island,0: energi island,
0,energi island,0: energi island,
0,energi island,0: energi island,
0,energi island,0: energi island,
0,energi island,0: energi island,
0,energi island,0: energi island,
0,energi island,0: energi island,
0,energi island,0: energi island,
0,energi island,0: energi island,
0,energi island,0: energi island,
0,energi island,0: energi island,
0,energi island,0: energi island,
0,energi island,0: energi island,
0,energi island,0: energi island,
0,energi island,0: energi island,
0,energi island,0: energi island,
0,energi island,0: energi island,
0,energi island,0: energi island,
0,energi island,0: energi island,
0,energi island,0: energi island,
0,energi island,0: energi island,
0,energi island,0: energi island,
0,energi island,0: energi island,
0,energi island,0: energi island,
0,energi island,0: energi island,
0,energi island,0: energi island,
0,energi island,0: energi island,
0,energi island,0: energi island,
0,energi island,0: energi island,
0,energi island,0: energi island,
0,energi island,0: energi island,
0,energi island,0: energi island,
0,energi island,0: energi island,
0,energi island,0: energi island,
0,energi island,0: energi island,
0,energi island,0: energi island,
0,energi island,0: energi island,
0,energi island,0: energi island,
0,energi island,0: energi island,
0,energi island,0: energi island,
0,energi island,0: energi island,
0,energi island,0: energi island,
0,energi island,0: energi island,
0,energi island,0: energi island,
0,energi island,0: energi island,
0,energi island,0: energi island,
0,energi island,0: energi island,
0,energi island,0: energi island,
0,energi island,0: energi island,
0,energi island,0: energi island,
0,energi island,0: energi island,
0,energi island,0: energi island,
0,energi island,0: energi island,
0,energi island,0: energi island,
0,energi island,0: energi island,
0,energi island,0: energi island,
0,energi island,0: energi island,
0,energi island,0: energi island,
0,energi island,0: energi island,
0,energi island,0: energi island,
0,energi island,0: energi island,
0,energi island,0: energi island,
0,energi island,0: energi island,
0,energi island,0: energi island,
0,energi island,0: energi island,
0,energi island,0: energi island,
0,energi island,0: energi island,
0,energi island,0: energi island,
0,energi island,0: energi island,
0,energi island,0: energi island,
0,energi island,0: energi island,
0,energi island,0: energi island,
0,energi island,0: energi island,
0,energi island,0: energi island,
0,energi island,0: energi island,
0,energi island,0: energi island,
0,energi island,0: energi island,
0,energi island,0: energi island,
0,energi island,0: energi island,
0,energi island,0: energi island,
0,energi island,0: energi island,
0,energi island,0: energi island,
0,energi island,0: energi island,
0,energi island,0: energi island,
0,energi island,0: energi island,
0,energi island,0: energi island,
0,energi island,0: energi island,
0,energi island,0: energi island,
0,energi island,0: energi island,
0,energi island,0: energi island,
0,energi island,0: energi island,
0,energi island,0: energi island,
0,energi island,0: energi island,
0,energi island,0: energi island,
0,energi island,0: energi island,
0,energi island,0: energi island,
0,energi island,0: energi island,
0,energi island,0: energi island,
0,energi island,0: energi island,
0,energi island,0: energi island,
0,energi island,0: energi island,
0,energi island,0: energi island,
0,energi island,0: energi island,
0,energi island,0: energi island,
0,energi island,0: energi island,
0,energi island,0: energi island,
0,energi island,0: energi island,
0,energi island,0: energi island,
0,energi island,0: energi island,
0,energi island,0: energi island,
0,energi island,0: energi island,
0,energi island,0: energi island,
0,energi island,0: energi island,
0,energi island,0: energi island,
0,energi island,0: energi island,
0,energi island,0: energi island,
0,energi island,0: energi island,
0,energi island,0: energi island,
0,energi island,0: energi island,
0,energi island,0: energi island,
0,energi island,0: energi island,
0,energi island,0: energi island,
0,energi island,0: energi island,
0,energi island,0: energi island,
0,energi island,0: energi island,
0,energi island,0: energi island,
0,energi island,0: energi island,
0,energi island,0: energi island,
0,energi island,0: energi island,
0,energi island,0: energi island,
0,energi island,0: energi island,
0,energi island,0: energi island,
0,energi island,0: energi island,
0,energi island,0: energi island,
0,energi island,0: energi island,
0,energi island,0: energi island,
0,energi island,0: energi island,
0,energi island,0: energi island,
0,energi island,0: energi island,
0,energi island,0: energi island,
0,energi island,0: energi island,
0,energi island,0: energi island,
0,energi island,0: energi island,
0,energi island,0: energi island,
0,energi island,0: energi island,
0,energi island,0: energi island,
0,energi island,0: energi island,
0,energi island,0: energi island,
0,energi island,0: energi island,
0,energi island,0: energi island,
0,energi island,0: energi island,
0,energi island,0: energi island,
3,offshor wind,3: offshor wind,
3,offshor wind,3: offshor wind,
3,offshor wind,3: offshor wind,
3,offshor wind,3: offshor wind,
3,offshor wind,3: offshor wind,
3,offshor wind,3: offshor wind,
3,offshor wind,3: offshor wind,
3,offshor wind,3: offshor wind,
3,offshor wind,3: offshor wind,
3,offshor wind,3: offshor wind,
3,offshor wind,3: offshor wind,
3,offshor wind,3: offshor wind,
3,offshor wind,3: offshor wind,
3,offshor wind,3: offshor wind,
3,offshor wind,3: offshor wind,
3,offshor wind,3: offshor wind,
3,offshor wind,3: offshor wind,
3,offshor wind,3: offshor wind,
3,offshor wind,3: offshor wind,
3,offshor wind,3: offshor wind,
3,offshor wind,3: offshor wind,
3,offshor wind,3: offshor wind,
3,offshor wind,3: offshor wind,
3,offshor wind,3: offshor wind,
3,offshor wind,3: offshor wind,
3,offshor wind,3: offshor wind,
3,offshor wind,3: offshor wind,
3,offshor wind,3: offshor wind,
3,offshor wind,3: offshor wind,
3,offshor wind,3: offshor wind,
3,offshor wind,3: offshor wind,
3,offshor wind,3: offshor wind,
3,offshor wind,3: offshor wind,
3,offshor wind,3: offshor wind,
3,offshor wind,3: offshor wind,
3,offshor wind,3: offshor wind,
3,offshor wind,3: offshor wind,
3,offshor wind,3: offshor wind,
3,offshor wind,3: offshor wind,
3,offshor wind,3: offshor wind,
3,offshor wind,3: offshor wind,
3,offshor wind,3: offshor wind,
3,offshor wind,3: offshor wind,
3,offshor wind,3: offshor wind,
3,offshor wind,3: offshor wind,
3,offshor wind,3: offshor wind,
3,offshor wind,3: offshor wind,
3,offshor wind,3: offshor wind,
3,offshor wind,3: offshor wind,
3,offshor wind,3: offshor wind,
3,offshor wind,3: offshor wind,
3,offshor wind,3: offshor wind,
3,offshor wind,3: offshor wind,
3,offshor wind,3: offshor wind,
3,offshor wind,3: offshor wind,
3,offshor wind,3: offshor wind,
3,offshor wind,3: offshor wind,
3,offshor wind,3: offshor wind,
3,offshor wind,3: offshor wind,
3,offshor wind,3: offshor wind,
3,offshor wind,3: offshor wind,
3,offshor wind,3: offshor wind,
3,offshor wind,3: offshor wind,
3,offshor wind,3: offshor wind,
3,offshor wind,3: offshor wind,
3,offshor wind,3: offshor wind,
3,offshor wind,3: offshor wind,
3,offshor wind,3: offshor wind,
3,offshor wind,3: offshor wind,
3,offshor wind,3: offshor wind,
3,offshor wind,3: offshor wind,
3,offshor wind,3: offshor wind,
3,offshor wind,3: offshor wind,
3,offshor wind,3: offshor wind,
3,offshor wind,3: offshor wind,
3,offshor wind,3: offshor wind,
3,offshor wind,3: offshor wind,
3,offshor wind,3: offshor wind,
3,offshor wind,3: offshor wind,
3,offshor wind,3: offshor wind,
3,offshor wind,3: offshor wind,
3,offshor wind,3: offshor wind,
3,offshor wind,3: offshor wind,
3,offshor wind,3: offshor wind,
3,offshor wind,3: offshor wind,
3,offshor wind,3: offshor wind,
3,offshor wind,3: offshor wind,
3,offshor wind,3: offshor wind,
3,offshor wind,3: offshor wind,
3,offshor wind,3: offshor wind,
3,offshor wind,3: offshor wind,
3,offshor wind,3: offshor wind,
3,offshor wind,3: offshor wind,
3,offshor wind,3: offshor wind,
3,offshor wind,3: offshor wind,
3,offshor wind,3: offshor wind,
3,offshor wind,3: offshor wind,
3,offshor wind,3: offshor wind,
3,offshor wind,3: offshor wind,
3,offshor wind,3: offshor wind,
3,offshor wind,3: offshor wind,
3,offshor wind,3: offshor wind,
3,offshor wind,3: offshor wind,
3,offshor wind,3: offshor wind,
3,offshor wind,3: offshor wind,
3,offshor wind,3: offshor wind,
3,offshor wind,3: offshor wind,
3,offshor wind,3: offshor wind,
3,offshor wind,3: offshor wind,
3,offshor wind,3: offshor wind,
3,offshor wind,3: offshor wind,
3,offshor wind,3: offshor wind,
3,offshor wind,3: offshor wind,
0,energi island,0: energi island,
0,energi island,0: energi island,
0,energi island,0: energi island,
0,energi island,0: energi island,
0,energi island,0: energi island,
0,energi island,0: energi island,
0,energi island,0: energi island,
0,energi island,0: energi island,
0,energi island,0: energi island,
0,energi island,0: energi island,
0,energi island,0: energi island,
0,energi island,0: energi island,
0,energi island,0: energi island,
0,energi island,0: energi island,
0,energi island,0: energi island,
0,energi island,0: energi island,
0,energi island,0: energi island,
0,energi island,0: energi island,
0,energi island,0: energi island,
0,energi island,0: energi island,
0,energi island,0: energi island,
0,energi island,0: energi island,
0,energi island,0: energi island,
0,energi island,0: energi island,
0,energi island,0: energi island,
0,energi island,0: energi island,
0,energi island,0: energi island,
0,energi island,0: energi island,
0,energi island,0: energi island,
0,energi island,0: energi island,
0,energi island,0: energi island,
0,energi island,0: energi island,
0,energi island,0: energi island,
0,energi island,0: energi island,
0,energi island,0: energi island,
0,energi island,0: energi island,
0,energi island,0: energi island,
0,energi island,0: energi island,
0,energi island,0: energi island,
0,energi island,0: energi island,
0,energi island,0: energi island,
0,energi island,0: energi island,
0,energi island,0: energi island,
0,energi island,0: energi island,
0,energi island,0: energi island,
0,energi island,0: energi island,
0,energi island,0: energi island,
0,energi island,0: energi island,
0,energi island,0: energi island,
0,energi island,0: energi island,
0,energi island,0: energi island,
0,energi island,0: energi island,
0,energi island,0: energi island,
0,energi island,0: energi island,
0,energi island,0: energi island,
0,energi island,0: energi island,
0,energi island,0: energi island,
0,energi island,0: energi island,
0,energi island,0: energi island,
0,energi island,0: energi island,
0,energi island,0: energi island,
0,energi island,0: energi island,
0,energi island,0: energi island,
0,energi island,0: energi island,
0,energi island,0: energi island,
0,energi island,0: energi island,
0,energi island,0: energi island,
0,energi island,0: energi island,
0,energi island,0: energi island,
0,energi island,0: energi island,
0,energi island,0: energi island,
0,energi island,0: energi island,
0,energi island,0: energi island,
0,energi island,0: energi island,
0,energi island,0: energi island,
0,energi island,0: energi island,
0,energi island,0: energi island,
0,energi island,0: energi island,
0,energi island,0: energi island,
0,energi island,0: energi island,
0,energi island,0: energi island,
0,energi island,0: energi island,
0,energi island,0: energi island,
0,energi island,0: energi island,
0,energi island,0: energi island,
0,energi island,0: energi island,
0,energi island,0: energi island,
0,energi island,0: energi island,
0,energi island,0: energi island,
0,energi island,0: energi island,
0,energi island,0: energi island,
0,energi island,0: energi island,
0,energi island,0: energi island,
0,energi island,0: energi island,
0,energi island,0: energi island,
0,energi island,0: energi island,
0,energi island,0: energi island,
0,energi island,0: energi island,
0,energi island,0: energi island,
0,energi island,0: energi island,
0,energi island,0: energi island,
0,energi island,0: energi island,
0,energi island,0: energi island,
0,energi island,0: energi island,
0,energi island,0: energi island,
0,energi island,0: energi island,
0,energi island,0: energi island,
0,energi island,0: energi island,
0,energi island,0: energi island,
0,energi island,0: energi island,
0,energi island,0: energi island,
0,energi island,0: energi island,
0,energi island,0: energi island,
0,energi island,0: energi island,
0,energi island,0: energi island,
0,energi island,0: energi island,
0,energi island,0: energi island,
0,energi island,0: energi island,
0,energi island,0: energi island,
0,energi island,0: energi island,
0,energi island,0: energi island,
0,energi island,0: energi island,
0,energi island,0: energi island,
0,energi island,0: energi island,
0,energi island,0: energi island,
0,energi island,0: energi island,
0,energi island,0: energi island,
0,energi island,0: energi island,
0,energi island,0: energi island,
0,energi island,0: energi island,
0,energi island,0: energi island,
0,energi island,0: energi island,
0,energi island,0: energi island,
0,energi island,0: energi island,
0,energi island,0: energi island,
0,energi island,0: energi island,
0,energi island,0: energi island,
0,energi island,0: energi island,
0,energi island,0: energi island,
0,energi island,0: energi island,
0,energi island,0: energi island,
0,energi island,0: energi island,
0,energi island,0: energi island,
0,energi island,0: energi island,
0,energi island,0: energi island,
0,energi island,0: energi island,
0,energi island,0: energi island,
0,energi island,0: energi island,
0,energi island,0: energi island,
0,energi island,0: energi island,
0,energi island,0: energi island,
0,energi island,0: energi island,
0,energi island,0: energi island,
0,energi island,0: energi island,
0,energi island,0: energi island,
0,energi island,0: energi island,
0,energi island,0: energi island,
8,wind turbin,8: wind turbin,
8,wind turbin,8: wind turbin,
8,wind turbin,8: wind turbin,
8,wind turbin,8: wind turbin,
8,wind turbin,8: wind turbin,
8,wind turbin,8: wind turbin,
8,wind turbin,8: wind turbin,
8,wind turbin,8: wind turbin,
8,wind turbin,8: wind turbin,
8,wind turbin,8: wind turbin,
8,wind turbin,8: wind turbin,
8,wind turbin,8: wind turbin,
8,wind turbin,8: wind turbin,
8,wind turbin,8: wind turbin,
8,wind turbin,8: wind turbin,
8,wind turbin,8: wind turbin,
8,wind turbin,8: wind turbin,
8,wind turbin,8: wind turbin,
8,wind turbin,8: wind turbin,
8,wind turbin,8: wind turbin,
8,wind turbin,8: wind turbin,
8,wind turbin,8: wind turbin,
8,wind turbin,8: wind turbin,
8,wind turbin,8: wind turbin,
8,wind turbin,8: wind turbin,
8,wind turbin,8: wind turbin,
8,wind turbin,8: wind turbin,
8,wind turbin,8: wind turbin,
8,wind turbin,8: wind turbin,
8,wind turbin,8: wind turbin,
8,wind turbin,8: wind turbin,
8,wind turbin,8: wind turbin,
8,wind turbin,8: wind turbin,
8,wind turbin,8: wind turbin,
8,wind turbin,8: wind turbin,
8,wind turbin,8: wind turbin,
8,wind turbin,8: wind turbin,
8,wind turbin,8: wind turbin,
8,wind turbin,8: wind turbin,
8,wind turbin,8: wind turbin,
8,wind turbin,8: wind turbin,
8,wind turbin,8: wind turbin,
8,wind turbin,8: wind turbin,
8,wind turbin,8: wind turbin,
8,wind turbin,8: wind turbin,
8,wind turbin,8: wind turbin,
8,wind turbin,8: wind turbin,
8,wind turbin,8: wind turbin,
8,wind turbin,8: wind turbin,
8,wind turbin,8: wind turbin,
8,wind turbin,8: wind turbin,
8,wind turbin,8: wind turbin,
8,wind turbin,8: wind turbin,
8,wind turbin,8: wind turbin,
8,wind turbin,8: wind turbin,
8,wind turbin,8: wind turbin,
8,wind turbin,8: wind turbin,
8,wind turbin,8: wind turbin,
8,wind turbin,8: wind turbin,
8,wind turbin,8: wind turbin,
8,wind turbin,8: wind turbin,
8,wind turbin,8: wind turbin,
8,wind turbin,8: wind turbin,
8,wind turbin,8: wind turbin,
8,wind turbin,8: wind turbin,
8,wind turbin,8: wind turbin,
8,wind turbin,8: wind turbin,
8,wind turbin,8: wind turbin,
8,wind turbin,8: wind turbin,
8,wind turbin,8: wind turbin,
8,wind turbin,8: wind turbin,
8,wind turbin,8: wind turbin,
8,wind turbin,8: wind turbin,
8,wind turbin,8: wind turbin,
8,wind turbin,8: wind turbin,
8,wind turbin,8: wind turbin,
8,wind turbin,8: wind turbin,
8,wind turbin,8: wind turbin,
8,wind turbin,8: wind turbin,
8,wind turbin,8: wind turbin,
8,wind turbin,8: wind turbin,
8,wind turbin,8: wind turbin,
8,wind turbin,8: wind turbin,
8,wind turbin,8: wind turbin,
8,wind turbin,8: wind turbin,
8,wind turbin,8: wind turbin,
8,wind turbin,8: wind turbin,
8,wind turbin,8: wind turbin,
8,wind turbin,8: wind turbin,
8,wind turbin,8: wind turbin,
8,wind turbin,8: wind turbin,
8,wind turbin,8: wind turbin,
8,wind turbin,8: wind turbin,
8,wind turbin,8: wind turbin,
8,wind turbin,8: wind turbin,
8,wind turbin,8: wind turbin,
8,wind turbin,8: wind turbin,
8,wind turbin,8: wind turbin,
8,wind turbin,8: wind turbin,
8,wind turbin,8: wind turbin,
8,wind turbin,8: wind turbin,
8,wind turbin,8: wind turbin,
8,wind turbin,8: wind turbin,
8,wind turbin,8: wind turbin,
8,wind turbin,8: wind turbin,
8,wind turbin,8: wind turbin,
8,wind turbin,8: wind turbin,
8,wind turbin,8: wind turbin,
8,wind turbin,8: wind turbin,
8,wind turbin,8: wind turbin,
8,wind turbin,8: wind turbin,
8,wind turbin,8: wind turbin,
8,wind turbin,8: wind turbin,
8,wind turbin,8: wind turbin,
8,wind turbin,8: wind turbin,
8,wind turbin,8: wind turbin,
8,wind turbin,8: wind turbin,
8,wind turbin,8: wind turbin,
8,wind turbin,8: wind turbin,
8,wind turbin,8: wind turbin,
8,wind turbin,8: wind turbin,
8,wind turbin,8: wind turbin,
8,wind turbin,8: wind turbin,
8,wind turbin,8: wind turbin,
8,wind turbin,8: wind turbin,
8,wind turbin,8: wind turbin,
8,wind turbin,8: wind turbin,
8,wind turbin,8: wind turbin,
8,wind turbin,8: wind turbin,
8,wind turbin,8: wind turbin,
8,wind turbin,8: wind turbin,
8,wind turbin,8: wind turbin,
8,wind turbin,8: wind turbin,
8,wind turbin,8: wind turbin,
8,wind turbin,8: wind turbin,
8,wind turbin,8: wind turbin,
8,wind turbin,8: wind turbin,
8,wind turbin,8: wind turbin,
8,wind turbin,8: wind turbin,
8,wind turbin,8: wind turbin,
8,wind turbin,8: wind turbin,
8,wind turbin,8: wind turbin,
8,wind turbin,8: wind turbin,
8,wind turbin,8: wind turbin,
8,wind turbin,8: wind turbin,
8,wind turbin,8: wind turbin,
8,wind turbin,8: wind turbin,
8,wind turbin,8: wind turbin,
8,wind turbin,8: wind turbin,
8,wind turbin,8: wind turbin,
8,wind turbin,8: wind turbin,
8,wind turbin,8: wind turbin,
8,wind turbin,8: wind turbin,
8,wind turbin,8: wind turbin,
8,wind turbin,8: wind turbin,
8,wind turbin,8: wind turbin,
8,wind turbin,8: wind turbin,
8,wind turbin,8: wind turbin,
8,wind turbin,8: wind turbin,
8,wind turbin,8: wind turbin,
8,wind turbin,8: wind turbin,
8,wind turbin,8: wind turbin,
8,wind turbin,8: wind turbin,
8,wind turbin,8: wind turbin,
8,wind turbin,8: wind turbin,
8,wind turbin,8: wind turbin,
8,wind turbin,8: wind turbin,
8,wind turbin,8: wind turbin,
8,wind turbin,8: wind turbin,
8,wind turbin,8: wind turbin,
8,wind turbin,8: wind turbin,
8,wind turbin,8: wind turbin,
8,wind turbin,8: wind turbin,
8,wind turbin,8: wind turbin,
8,wind turbin,8: wind turbin,
8,wind turbin,8: wind turbin,
8,wind turbin,8: wind turbin,
8,wind turbin,8: wind turbin,
8,wind turbin,8: wind turbin,
8,wind turbin,8: wind turbin,
8,wind turbin,8: wind turbin,
8,wind turbin,8: wind turbin,
8,wind turbin,8: wind turbin,
8,wind turbin,8: wind turbin,
8,wind turbin,8: wind turbin,
8,wind turbin,8: wind turbin,
8,wind turbin,8: wind turbin,
8,wind turbin,8: wind turbin,
8,wind turbin,8: wind turbin,
8,wind turbin,8: wind turbin,
8,wind turbin,8: wind turbin,
8,wind turbin,8: wind turbin,
8,wind turbin,8: wind turbin,
8,wind turbin,8: wind turbin,
8,wind turbin,8: wind turbin,
8,wind turbin,8: wind turbin,
8,wind turbin,8: wind turbin,
8,wind turbin,8: wind turbin,
8,wind turbin,8: wind turbin,
8,wind turbin,8: wind turbin,
8,wind turbin,8: wind turbin,
8,wind turbin,8: wind turbin,
8,wind turbin,8: wind turbin,
8,wind turbin,8: wind turbin,
8,wind turbin,8: wind turbin,
8,wind turbin,8: wind turbin,
8,wind turbin,8: wind turbin,
8,wind turbin,8: wind turbin,
8,wind turbin,8: wind turbin,
8,wind turbin,8: wind turbin,
8,wind turbin,8: wind turbin,
8,wind turbin,8: wind turbin,
8,wind turbin,8: wind turbin,
8,wind turbin,8: wind turbin,
8,wind turbin,8: wind turbin,
8,wind turbin,8: wind turbin,
8,wind turbin,8: wind turbin,
8,wind turbin,8: wind turbin,
8,wind turbin,8: wind turbin,
8,wind turbin,8: wind turbin,
8,wind turbin,8: wind turbin,
8,wind turbin,8: wind turbin,
8,wind turbin,8: wind turbin,
8,wind turbin,8: wind turbin,
8,wind turbin,8: wind turbin,
8,wind turbin,8: wind turbin,
8,wind turbin,8: wind turbin,
8,wind turbin,8: wind turbin,
8,wind turbin,8: wind turbin,
8,wind turbin,8: wind turbin,
8,wind turbin,8: wind turbin,
8,wind turbin,8: wind turbin,
8,wind turbin,8: wind turbin,
8,wind turbin,8: wind turbin,
8,wind turbin,8: wind turbin,
8,wind turbin,8: wind turbin,
8,wind turbin,8: wind turbin,
8,wind turbin,8: wind turbin,
8,wind turbin,8: wind turbin,
8,wind turbin,8: wind turbin,
8,wind turbin,8: wind turbin,
8,wind turbin,8: wind turbin,
8,wind turbin,8: wind turbin,
8,wind turbin,8: wind turbin,
8,wind turbin,8: wind turbin,
8,wind turbin,8: wind turbin,
8,wind turbin,8: wind turbin,
8,wind turbin,8: wind turbin,
8,wind turbin,8: wind turbin,
8,wind turbin,8: wind turbin,
8,wind turbin,8: wind turbin,
8,wind turbin,8: wind turbin,
8,wind turbin,8: wind turbin,
8,wind turbin,8: wind turbin,
8,wind turbin,8: wind turbin,
8,wind turbin,8: wind turbin,
8,wind turbin,8: wind turbin,
8,wind turbin,8: wind turbin,
8,wind turbin,8: wind turbin,
8,wind turbin,8: wind turbin,
8,wind turbin,8: wind turbin,
8,wind turbin,8: wind turbin,
8,wind turbin,8: wind turbin,
8,wind turbin,8: wind turbin,
8,wind turbin,8: wind turbin,
8,wind turbin,8: wind turbin,
8,wind turbin,8: wind turbin,
8,wind turbin,8: wind turbin,
8,wind turbin,8: wind turbin,
8,wind turbin,8: wind turbin,
8,wind turbin,8: wind turbin,
8,wind turbin,8: wind turbin,
8,wind turbin,8: wind turbin,
8,wind turbin,8: wind turbin,
8,wind turbin,8: wind turbin,
8,wind turbin,8: wind turbin,
8,wind turbin,8: wind turbin,
8,wind turbin,8: wind turbin,
8,wind turbin,8: wind turbin,
8,wind turbin,8: wind turbin,
8,wind turbin,8: wind turbin,
8,wind turbin,8: wind turbin,
8,wind turbin,8: wind turbin,
8,wind turbin,8: wind turbin,
8,wind turbin,8: wind turbin,
8,wind turbin,8: wind turbin,
8,wind turbin,8: wind turbin,
8,wind turbin,8: wind turbin,
8,wind turbin,8: wind turbin,
8,wind turbin,8: wind turbin,
8,wind turbin,8: wind turbin,
8,wind turbin,8: wind turbin,
8,wind turbin,8: wind turbin,
8,wind turbin,8: wind turbin,
8,wind turbin,8: wind turbin,
8,wind turbin,8: wind turbin,
8,wind turbin,8: wind turbin,
8,wind turbin,8: wind turbin,
8,wind turbin,8: wind turbin,
8,wind turbin,8: wind turbin,
8,wind turbin,8: wind turbin,
8,wind turbin,8: wind turbin,
8,wind turbin,8: wind turbin,
8,wind turbin,8: wind turbin,
8,wind turbin,8: wind turbin,
8,wind turbin,8: wind turbin,
8,wind turbin,8: wind turbin,
8,wind turbin,8: wind turbin,
8,wind turbin,8: wind turbin,
8,wind turbin,8: wind turbin,
8,wind turbin,8: wind turbin,
8,wind turbin,8: wind turbin,
8,wind turbin,8: wind turbin,
8,wind turbin,8: wind turbin,
8,wind turbin,8: wind turbin,
8,wind turbin,8: wind turbin,
8,wind turbin,8: wind turbin,
8,wind turbin,8: wind turbin,
8,wind turbin,8: wind turbin,
8,wind turbin,8: wind turbin,
8,wind turbin,8: wind turbin,
8,wind turbin,8: wind turbin,
8,wind turbin,8: wind turbin,
8,wind turbin,8: wind turbin,
8,wind turbin,8: wind turbin,
8,wind turbin,8: wind turbin,
8,wind turbin,8: wind turbin,
8,wind turbin,8: wind turbin,
8,wind turbin,8: wind turbin,
8,wind turbin,8: wind turbin,
8,wind turbin,8: wind turbin,
8,wind turbin,8: wind turbin,
8,wind turbin,8: wind turbin,
8,wind turbin,8: wind turbin,
8,wind turbin,8: wind turbin,
8,wind turbin,8: wind turbin,
8,wind turbin,8: wind turbin,
8,wind turbin,8: wind turbin,
8,wind turbin,8: wind turbin,
8,wind turbin,8: wind turbin,
8,wind turbin,8: wind turbin,
8,wind turbin,8: wind turbin,
8,wind turbin,8: wind turbin,
8,wind turbin,8: wind turbin,
8,wind turbin,8: wind turbin,
8,wind turbin,8: wind turbin,
8,wind turbin,8: wind turbin,
8,wind turbin,8: wind turbin,
8,wind turbin,8: wind turbin,
8,wind turbin,8: wind turbin,
8,wind turbin,8: wind turbin,
8,wind turbin,8: wind turbin,
8,wind turbin,8: wind turbin,
8,wind turbin,8: wind turbin,
8,wind turbin,8: wind turbin,
8,wind turbin,8: wind turbin,
8,wind turbin,8: wind turbin,
8,wind turbin,8: wind turbin,
8,wind turbin,8: wind turbin,
8,wind turbin,8: wind turbin,
8,wind turbin,8: wind turbin,
8,wind turbin,8: wind turbin,
8,wind turbin,8: wind turbin,
8,wind turbin,8: wind turbin,
8,wind turbin,8: wind turbin,
8,wind turbin,8: wind turbin,
8,wind turbin,8: wind turbin,
8,wind turbin,8: wind turbin,
8,wind turbin,8: wind turbin,
8,wind turbin,8: wind turbin,
8,wind turbin,8: wind turbin,
8,wind turbin,8: wind turbin,
8,wind turbin,8: wind turbin,
8,wind turbin,8: wind turbin,
8,wind turbin,8: wind turbin,
8,wind turbin,8: wind turbin,
8,wind turbin,8: wind turbin,
8,wind turbin,8: wind turbin,
8,wind turbin,8: wind turbin,
8,wind turbin,8: wind turbin,
8,wind turbin,8: wind turbin,
8,wind turbin,8: wind turbin,
8,wind turbin,8: wind turbin,
8,wind turbin,8: wind turbin,
8,wind turbin,8: wind turbin,
8,wind turbin,8: wind turbin,
8,wind turbin,8: wind turbin,
8,wind turbin,8: wind turbin,
8,wind turbin,8: wind turbin,
8,wind turbin,8: wind turbin,
4,baltic sea,4: baltic sea,
4,baltic sea,4: baltic sea,
4,baltic sea,4: baltic sea,
4,baltic sea,4: baltic sea,
4,baltic sea,4: baltic sea,
4,baltic sea,4: baltic sea,
4,baltic sea,4: baltic sea,
4,baltic sea,4: baltic sea,
4,baltic sea,4: baltic sea,
4,baltic sea,4: baltic sea,
4,baltic sea,4: baltic sea,
4,baltic sea,4: baltic sea,
4,baltic sea,4: baltic sea,
4,baltic sea,4: baltic sea,
4,baltic sea,4: baltic sea,
4,baltic sea,4: baltic sea,
4,baltic sea,4: baltic sea,
4,baltic sea,4: baltic sea,
4,baltic sea,4: baltic sea,
4,baltic sea,4: baltic sea,
4,baltic sea,4: baltic sea,
4,baltic sea,4: baltic sea,
4,baltic sea,4: baltic sea,
4,baltic sea,4: baltic sea,
4,baltic sea,4: baltic sea,
4,baltic sea,4: baltic sea,
4,baltic sea,4: baltic sea,
4,baltic sea,4: baltic sea,
4,baltic sea,4: baltic sea,
4,baltic sea,4: baltic sea,
4,baltic sea,4: baltic sea,
4,baltic sea,4: baltic sea,
4,baltic sea,4: baltic sea,
4,baltic sea,4: baltic sea,
4,baltic sea,4: baltic sea,
4,baltic sea,4: baltic sea,
4,baltic sea,4: baltic sea,
4,baltic sea,4: baltic sea,
4,baltic sea,4: baltic sea,
4,baltic sea,4: baltic sea,
4,baltic sea,4: baltic sea,
4,baltic sea,4: baltic sea,
4,baltic sea,4: baltic sea,
4,baltic sea,4: baltic sea,
4,baltic sea,4: baltic sea,
4,baltic sea,4: baltic sea,
4,baltic sea,4: baltic sea,
4,baltic sea,4: baltic sea,
4,baltic sea,4: baltic sea,
4,baltic sea,4: baltic sea,
4,baltic sea,4: baltic sea,
4,baltic sea,4: baltic sea,
4,baltic sea,4: baltic sea,
4,baltic sea,4: baltic sea,
4,baltic sea,4: baltic sea,
4,baltic sea,4: baltic sea,
4,baltic sea,4: baltic sea,
4,baltic sea,4: baltic sea,
4,baltic sea,4: baltic sea,
4,baltic sea,4: baltic sea,
4,baltic sea,4: baltic sea,
4,baltic sea,4: baltic sea,
4,baltic sea,4: baltic sea,
4,baltic sea,4: baltic sea,
4,baltic sea,4: baltic sea,
4,baltic sea,4: baltic sea,
4,baltic sea,4: baltic sea,
4,baltic sea,4: baltic sea,
4,baltic sea,4: baltic sea,
4,baltic sea,4: baltic sea,
4,baltic sea,4: baltic sea,
4,baltic sea,4: baltic sea,
4,baltic sea,4: baltic sea,
4,baltic sea,4: baltic sea,
4,baltic sea,4: baltic sea,
4,baltic sea,4: baltic sea,
4,baltic sea,4: baltic sea,
4,baltic sea,4: baltic sea,
4,baltic sea,4: baltic sea,
4,baltic sea,4: baltic sea,
4,baltic sea,4: baltic sea,
4,baltic sea,4: baltic sea,
4,baltic sea,4: baltic sea,
4,baltic sea,4: baltic sea,
4,baltic sea,4: baltic sea,
4,baltic sea,4: baltic sea,
4,baltic sea,4: baltic sea,
4,baltic sea,4: baltic sea,
4,baltic sea,4: baltic sea,
4,baltic sea,4: baltic sea,
4,baltic sea,4: baltic sea,
4,baltic sea,4: baltic sea,
4,baltic sea,4: baltic sea,
4,baltic sea,4: baltic sea,
4,baltic sea,4: baltic sea,
4,baltic sea,4: baltic sea,
4,baltic sea,4: baltic sea,
4,baltic sea,4: baltic sea,
4,baltic sea,4: baltic sea,
4,baltic sea,4: baltic sea,
4,baltic sea,4: baltic sea,
4,baltic sea,4: baltic sea,
4,baltic sea,4: baltic sea,
4,baltic sea,4: baltic sea,
4,baltic sea,4: baltic sea,
4,baltic sea,4: baltic sea,
4,baltic sea,4: baltic sea,
4,baltic sea,4: baltic sea,
4,baltic sea,4: baltic sea,
4,baltic sea,4: baltic sea,
4,baltic sea,4: baltic sea,
4,baltic sea,4: baltic sea,
4,baltic sea,4: baltic sea,
4,baltic sea,4: baltic sea,
4,baltic sea,4: baltic sea,
4,baltic sea,4: baltic sea,
4,baltic sea,4: baltic sea,
4,baltic sea,4: baltic sea,
4,baltic sea,4: baltic sea,
4,baltic sea,4: baltic sea,
4,baltic sea,4: baltic sea,
4,baltic sea,4: baltic sea,
4,baltic sea,4: baltic sea,
4,baltic sea,4: baltic sea,
4,baltic sea,4: baltic sea,
4,baltic sea,4: baltic sea,
4,baltic sea,4: baltic sea,
4,baltic sea,4: baltic sea,
4,baltic sea,4: baltic sea,
4,baltic sea,4: baltic sea,
4,baltic sea,4: baltic sea,
4,baltic sea,4: baltic sea,
4,baltic sea,4: baltic sea,
4,baltic sea,4: baltic sea,
4,baltic sea,4: baltic sea,
4,baltic sea,4: baltic sea,
4,baltic sea,4: baltic sea,
4,baltic sea,4: baltic sea,
2,municip council,2: municip council,
2,municip council,2: municip council,
2,municip council,2: municip council,
2,municip council,2: municip council,
2,municip council,2: municip council,
2,municip council,2: municip council,
2,municip council,2: municip council,
2,municip council,2: municip council,
2,municip council,2: municip council,
2,municip council,2: municip council,
2,municip council,2: municip council,
2,municip council,2: municip council,
2,municip council,2: municip council,
2,municip council,2: municip council,
2,municip council,2: municip council,
2,municip council,2: municip council,
2,municip council,2: municip council,
2,municip council,2: municip council,
2,municip council,2: municip council,
2,municip council,2: municip council,
2,municip council,2: municip council,
2,municip council,2: municip council,
2,municip council,2: municip council,
2,municip council,2: municip council,
2,municip council,2: municip council,
2,municip council,2: municip council,
2,municip council,2: municip council,
2,municip council,2: municip council,
2,municip council,2: municip council,
2,municip council,2: municip council,
2,municip council,2: municip council,
2,municip council,2: municip council,
2,municip council,2: municip council,
2,municip council,2: municip council,
2,municip council,2: municip council,
2,municip council,2: municip council,
2,municip council,2: municip council,
2,municip council,2: municip council,
2,municip council,2: municip council,
2,municip council,2: municip council,
2,municip council,2: municip council,
2,municip council,2: municip council,
2,municip council,2: municip council,
2,municip council,2: municip council,
2,municip council,2: municip council,
2,municip council,2: municip council,
2,municip council,2: municip council,
2,municip council,2: municip council,
2,municip council,2: municip council,
2,municip council,2: municip council,
2,municip council,2: municip council,
2,municip council,2: municip council,
2,municip council,2: municip council,
2,municip council,2: municip council,
2,municip council,2: municip council,
2,municip council,2: municip council,
2,municip council,2: municip council,
2,municip council,2: municip council,
2,municip council,2: municip council,
2,municip council,2: municip council,
2,municip council,2: municip council,
2,municip council,2: municip council,
2,municip council,2: municip council,
2,municip council,2: municip council,
2,municip council,2: municip council,
2,municip council,2: municip council,
2,municip council,2: municip council,
2,municip council,2: municip council,
2,municip council,2: municip council,
2,municip council,2: municip council,
2,municip council,2: municip council,
2,municip council,2: municip council,
2,municip council,2: municip council,
2,municip council,2: municip council,
2,municip council,2: municip council,
2,municip council,2: municip council,
2,municip council,2: municip council,
2,municip council,2: municip council,
2,municip council,2: municip council,
2,municip council,2: municip council,
2,municip council,2: municip council,
2,municip council,2: municip council,
2,municip council,2: municip council,
2,municip council,2: municip council,
2,municip council,2: municip council,
2,municip council,2: municip council,
2,municip council,2: municip council,
2,municip council,2: municip council,
2,municip council,2: municip council,
2,municip council,2: municip council,
2,municip council,2: municip council,
2,municip council,2: municip council,
2,municip council,2: municip council,
2,municip council,2: municip council,
2,municip council,2: municip council,
2,municip council,2: municip council,
2,municip council,2: municip council,
2,municip council,2: municip council,
2,municip council,2: municip council,
2,municip council,2: municip council,
2,municip council,2: municip council,
2,municip council,2: municip council,
2,municip council,2: municip council,
2,municip council,2: municip council,
2,municip council,2: municip council,
2,municip council,2: municip council,
2,municip council,2: municip council,
2,municip council,2: municip council,
2,municip council,2: municip council,
2,municip council,2: municip council,
2,municip council,2: municip council,
2,municip council,2: municip council,
2,municip council,2: municip council,
2,municip council,2: municip council,
2,municip council,2: municip council,
2,municip council,2: municip council,
2,municip council,2: municip council,
2,municip council,2: municip council,
2,municip council,2: municip council,
2,municip council,2: municip council,
2,municip council,2: municip council,
2,municip council,2: municip council,
2,municip council,2: municip council,
2,municip council,2: municip council,
2,municip council,2: municip council,
2,municip council,2: municip council,
2,municip council,2: municip council,
2,municip council,2: municip council,
2,municip council,2: municip council,
2,municip council,2: municip council,
2,municip council,2: municip council,
2,municip council,2: municip council,
2,municip council,2: municip council,
2,municip council,2: municip council,
2,municip council,2: municip council,
2,municip council,2: municip council,
2,municip council,2: municip council,
2,municip council,2: municip council,
2,municip council,2: municip council,
2,municip council,2: municip council,
2,municip council,2: municip council,
2,municip council,2: municip council,
2,municip council,2: municip council,
2,municip council,2: municip council,
2,municip council,2: municip council,
2,municip council,2: municip council,
2,municip council,2: municip council,
2,municip council,2: municip council,
2,municip council,2: municip council,
2,municip council,2: municip council,
2,municip council,2: municip council,
2,municip council,2: municip council,
2,municip council,2: municip council,
2,municip council,2: municip council,
2,municip council,2: municip council,
2,municip council,2: municip council,
6,energiø bornholm,6: energiø bornholm,
6,energiø bornholm,6: energiø bornholm,
6,energiø bornholm,6: energiø bornholm,
6,energiø bornholm,6: energiø bornholm,
6,energiø bornholm,6: energiø bornholm,
6,energiø bornholm,6: energiø bornholm,
6,energiø bornholm,6: energiø bornholm,
6,energiø bornholm,6: energiø bornholm,
6,energiø bornholm,6: energiø bornholm,
6,energiø bornholm,6: energiø bornholm,
6,energiø bornholm,6: energiø bornholm,
6,energiø bornholm,6: energiø bornholm,
6,energiø bornholm,6: energiø bornholm,
6,energiø bornholm,6: energiø bornholm,
6,energiø bornholm,6: energiø bornholm,
6,energiø bornholm,6: energiø bornholm,
6,energiø bornholm,6: energiø bornholm,
6,energiø bornholm,6: energiø bornholm,
6,energiø bornholm,6: energiø bornholm,
6,energiø bornholm,6: energiø bornholm,
6,energiø bornholm,6: energiø bornholm,
6,energiø bornholm,6: energiø bornholm,
6,energiø bornholm,6: energiø bornholm,
6,energiø bornholm,6: energiø bornholm,
6,energiø bornholm,6: energiø bornholm,
6,energiø bornholm,6: energiø bornholm,
6,energiø bornholm,6: energiø bornholm,
6,energiø bornholm,6: energiø bornholm,
6,energiø bornholm,6: energiø bornholm,
6,energiø bornholm,6: energiø bornholm,
6,energiø bornholm,6: energiø bornholm,
6,energiø bornholm,6: energiø bornholm,
6,energiø bornholm,6: energiø bornholm,
6,energiø bornholm,6: energiø bornholm,
6,energiø bornholm,6: energiø bornholm,
6,energiø bornholm,6: energiø bornholm,
6,energiø bornholm,6: energiø bornholm,
6,energiø bornholm,6: energiø bornholm,
6,energiø bornholm,6: energiø bornholm,
6,energiø bornholm,6: energiø bornholm,
6,energiø bornholm,6: energiø bornholm,
6,energiø bornholm,6: energiø bornholm,
6,energiø bornholm,6: energiø bornholm,
6,energiø bornholm,6: energiø bornholm,
6,energiø bornholm,6: energiø bornholm,
6,energiø bornholm,6: energiø bornholm,
6,energiø bornholm,6: energiø bornholm,
6,energiø bornholm,6: energiø bornholm,
6,energiø bornholm,6: energiø bornholm,
6,energiø bornholm,6: energiø bornholm,
6,energiø bornholm,6: energiø bornholm,
6,energiø bornholm,6: energiø bornholm,
6,energiø bornholm,6: energiø bornholm,
6,energiø bornholm,6: energiø bornholm,
6,energiø bornholm,6: energiø bornholm,
6,energiø bornholm,6: energiø bornholm,
6,energiø bornholm,6: energiø bornholm,
6,energiø bornholm,6: energiø bornholm,
6,energiø bornholm,6: energiø bornholm,
6,energiø bornholm,6: energiø bornholm,
6,energiø bornholm,6: energiø bornholm,
6,energiø bornholm,6: energiø bornholm,
6,energiø bornholm,6: energiø bornholm,
6,energiø bornholm,6: energiø bornholm,
6,energiø bornholm,6: energiø bornholm,
6,energiø bornholm,6: energiø bornholm,
6,energiø bornholm,6: energiø bornholm,
6,energiø bornholm,6: energiø bornholm,
6,energiø bornholm,6: energiø bornholm,
6,energiø bornholm,6: energiø bornholm,
6,energiø bornholm,6: energiø bornholm,
6,energiø bornholm,6: energiø bornholm,
6,energiø bornholm,6: energiø bornholm,
6,energiø bornholm,6: energiø bornholm,
6,energiø bornholm,6: energiø bornholm,
6,energiø bornholm,6: energiø bornholm,
6,energiø bornholm,6: energiø bornholm,
6,energiø bornholm,6: energiø bornholm,
6,energiø bornholm,6: energiø bornholm,
6,energiø bornholm,6: energiø bornholm,
6,energiø bornholm,6: energiø bornholm,
6,energiø bornholm,6: energiø bornholm,
6,energiø bornholm,6: energiø bornholm,
6,energiø bornholm,6: energiø bornholm,
6,energiø bornholm,6: energiø bornholm,
6,energiø bornholm,6: energiø bornholm,
6,energiø bornholm,6: energiø bornholm,
6,energiø bornholm,6: energiø bornholm,
6,energiø bornholm,6: energiø bornholm,
6,energiø bornholm,6: energiø bornholm,
6,energiø bornholm,6: energiø bornholm,
6,energiø bornholm,6: energiø bornholm,
6,energiø bornholm,6: energiø bornholm,
6,energiø bornholm,6: energiø bornholm,
6,energiø bornholm,6: energiø bornholm,
6,energiø bornholm,6: energiø bornholm,
6,energiø bornholm,6: energiø bornholm,
6,energiø bornholm,6: energiø bornholm,
6,energiø bornholm,6: energiø bornholm,
6,energiø bornholm,6: energiø bornholm,
6,energiø bornholm,6: energiø bornholm,
6,energiø bornholm,6: energiø bornholm,
6,energiø bornholm,6: energiø bornholm,
6,energiø bornholm,6: energiø bornholm,
6,energiø bornholm,6: energiø bornholm,
6,energiø bornholm,6: energiø bornholm,
6,energiø bornholm,6: energiø bornholm,
6,energiø bornholm,6: energiø bornholm,
6,energiø bornholm,6: energiø bornholm,
6,energiø bornholm,6: energiø bornholm,
6,energiø bornholm,6: energiø bornholm,
6,energiø bornholm,6: energiø bornholm,
6,energiø bornholm,6: energiø bornholm,
6,energiø bornholm,6: energiø bornholm,
6,energiø bornholm,6: energiø bornholm,
6,energiø bornholm,6: energiø bornholm,
6,energiø bornholm,6: energiø bornholm,
6,energiø bornholm,6: energiø bornholm,
6,energiø bornholm,6: energiø bornholm,
6,energiø bornholm,6: energiø bornholm,
6,energiø bornholm,6: energiø bornholm,
6,energiø bornholm,6: energiø bornholm,
6,energiø bornholm,6: energiø bornholm,
6,energiø bornholm,6: energiø bornholm,
6,energiø bornholm,6: energiø bornholm,
6,energiø bornholm,6: energiø bornholm,
6,energiø bornholm,6: energiø bornholm,
6,energiø bornholm,6: energiø bornholm,
6,energiø bornholm,6: energiø bornholm,
6,energiø bornholm,6: energiø bornholm,
6,energiø bornholm,6: energiø bornholm,
6,energiø bornholm,6: energiø bornholm,
6,energiø bornholm,6: energiø bornholm,
6,energiø bornholm,6: energiø bornholm,
6,energiø bornholm,6: energiø bornholm,
6,energiø bornholm,6: energiø bornholm,
6,energiø bornholm,6: energiø bornholm,
6,energiø bornholm,6: energiø bornholm,
6,energiø bornholm,6: energiø bornholm,
6,energiø bornholm,6: energiø bornholm,
6,energiø bornholm,6: energiø bornholm,
6,energiø bornholm,6: energiø bornholm,
6,energiø bornholm,6: energiø bornholm,
6,energiø bornholm,6: energiø bornholm,
6,energiø bornholm,6: energiø bornholm,
6,energiø bornholm,6: energiø bornholm,
6,energiø bornholm,6: energiø bornholm,
6,energiø bornholm,6: energiø bornholm,
6,energiø bornholm,6: energiø bornholm,
6,energiø bornholm,6: energiø bornholm,
6,energiø bornholm,6: energiø bornholm,
6,energiø bornholm,6: energiø bornholm,
6,energiø bornholm,6: energiø bornholm,
6,energiø bornholm,6: energiø bornholm,
6,energiø bornholm,6: energiø bornholm,
6,energiø bornholm,6: energiø bornholm,
6,energiø bornholm,6: energiø bornholm,
6,energiø bornholm,6: energiø bornholm,
6,energiø bornholm,6: energiø bornholm,
6,energiø bornholm,6: energiø bornholm,
6,energiø bornholm,6: energiø bornholm,
6,energiø bornholm,6: energiø bornholm,
6,energiø bornholm,6: energiø bornholm,
6,energiø bornholm,6: energiø bornholm,
6,energiø bornholm,6: energiø bornholm,
6,energiø bornholm,6: energiø bornholm,
6,energiø bornholm,6: energiø bornholm,
6,energiø bornholm,6: energiø bornholm,
6,energiø bornholm,6: energiø bornholm,
6,energiø bornholm,6: energiø bornholm,
6,energiø bornholm,6: energiø bornholm,
8,wind turbin,8: wind turbin,
8,wind turbin,8: wind turbin,
8,wind turbin,8: wind turbin,
8,wind turbin,8: wind turbin,
8,wind turbin,8: wind turbin,
8,wind turbin,8: wind turbin,
8,wind turbin,8: wind turbin,
8,wind turbin,8: wind turbin,
8,wind turbin,8: wind turbin,
8,wind turbin,8: wind turbin,
8,wind turbin,8: wind turbin,
8,wind turbin,8: wind turbin,
8,wind turbin,8: wind turbin,
8,wind turbin,8: wind turbin,
8,wind turbin,8: wind turbin,
8,wind turbin,8: wind turbin,
8,wind turbin,8: wind turbin,
8,wind turbin,8: wind turbin,
8,wind turbin,8: wind turbin,
8,wind turbin,8: wind turbin,
8,wind turbin,8: wind turbin,
8,wind turbin,8: wind turbin,
8,wind turbin,8: wind turbin,
8,wind turbin,8: wind turbin,
8,wind turbin,8: wind turbin,
8,wind turbin,8: wind turbin,
8,wind turbin,8: wind turbin,
8,wind turbin,8: wind turbin,
8,wind turbin,8: wind turbin,
8,wind turbin,8: wind turbin,
8,wind turbin,8: wind turbin,
8,wind turbin,8: wind turbin,
8,wind turbin,8: wind turbin,
8,wind turbin,8: wind turbin,
8,wind turbin,8: wind turbin,
8,wind turbin,8: wind turbin,
8,wind turbin,8: wind turbin,
8,wind turbin,8: wind turbin,
8,wind turbin,8: wind turbin,
8,wind turbin,8: wind turbin,
8,wind turbin,8: wind turbin,
8,wind turbin,8: wind turbin,
8,wind turbin,8: wind turbin,
8,wind turbin,8: wind turbin,
8,wind turbin,8: wind turbin,
8,wind turbin,8: wind turbin,
8,wind turbin,8: wind turbin,
8,wind turbin,8: wind turbin,
8,wind turbin,8: wind turbin,
8,wind turbin,8: wind turbin,
8,wind turbin,8: wind turbin,
8,wind turbin,8: wind turbin,
8,wind turbin,8: wind turbin,
8,wind turbin,8: wind turbin,
8,wind turbin,8: wind turbin,
8,wind turbin,8: wind turbin,
8,wind turbin,8: wind turbin,
8,wind turbin,8: wind turbin,
8,wind turbin,8: wind turbin,
8,wind turbin,8: wind turbin,
8,wind turbin,8: wind turbin,
8,wind turbin,8: wind turbin,
8,wind turbin,8: wind turbin,
8,wind turbin,8: wind turbin,
8,wind turbin,8: wind turbin,
8,wind turbin,8: wind turbin,
8,wind turbin,8: wind turbin,
8,wind turbin,8: wind turbin,
8,wind turbin,8: wind turbin,
8,wind turbin,8: wind turbin,
8,wind turbin,8: wind turbin,
8,wind turbin,8: wind turbin,
8,wind turbin,8: wind turbin,
8,wind turbin,8: wind turbin,
8,wind turbin,8: wind turbin,
8,wind turbin,8: wind turbin,
8,wind turbin,8: wind turbin,
8,wind turbin,8: wind turbin,
8,wind turbin,8: wind turbin,
8,wind turbin,8: wind turbin,
8,wind turbin,8: wind turbin,
8,wind turbin,8: wind turbin,
8,wind turbin,8: wind turbin,
8,wind turbin,8: wind turbin,
8,wind turbin,8: wind turbin,
8,wind turbin,8: wind turbin,
8,wind turbin,8: wind turbin,
8,wind turbin,8: wind turbin,
8,wind turbin,8: wind turbin,
8,wind turbin,8: wind turbin,
8,wind turbin,8: wind turbin,
8,wind turbin,8: wind turbin,
8,wind turbin,8: wind turbin,
8,wind turbin,8: wind turbin,
8,wind turbin,8: wind turbin,
8,wind turbin,8: wind turbin,
8,wind turbin,8: wind turbin,
8,wind turbin,8: wind turbin,
8,wind turbin,8: wind turbin,
8,wind turbin,8: wind turbin,
8,wind turbin,8: wind turbin,
8,wind turbin,8: wind turbin,
8,wind turbin,8: wind turbin,
8,wind turbin,8: wind turbin,
8,wind turbin,8: wind turbin,
8,wind turbin,8: wind turbin,
8,wind turbin,8: wind turbin,
8,wind turbin,8: wind turbin,
8,wind turbin,8: wind turbin,
8,wind turbin,8: wind turbin,
8,wind turbin,8: wind turbin,
8,wind turbin,8: wind turbin,
8,wind turbin,8: wind turbin,
8,wind turbin,8: wind turbin,
8,wind turbin,8: wind turbin,
8,wind turbin,8: wind turbin,
8,wind turbin,8: wind turbin,
8,wind turbin,8: wind turbin,
8,wind turbin,8: wind turbin,
8,wind turbin,8: wind turbin,
8,wind turbin,8: wind turbin,
8,wind turbin,8: wind turbin,
8,wind turbin,8: wind turbin,
8,wind turbin,8: wind turbin,
8,wind turbin,8: wind turbin,
8,wind turbin,8: wind turbin,
8,wind turbin,8: wind turbin,
8,wind turbin,8: wind turbin,
8,wind turbin,8: wind turbin,
8,wind turbin,8: wind turbin,
3,offshor wind,3: offshor wind,
3,offshor wind,3: offshor wind,
3,offshor wind,3: offshor wind,
3,offshor wind,3: offshor wind,
3,offshor wind,3: offshor wind,
3,offshor wind,3: offshor wind,
3,offshor wind,3: offshor wind,
3,offshor wind,3: offshor wind,
3,offshor wind,3: offshor wind,
3,offshor wind,3: offshor wind,
3,offshor wind,3: offshor wind,
3,offshor wind,3: offshor wind,
3,offshor wind,3: offshor wind,
3,offshor wind,3: offshor wind,
3,offshor wind,3: offshor wind,
3,offshor wind,3: offshor wind,
3,offshor wind,3: offshor wind,
3,offshor wind,3: offshor wind,
3,offshor wind,3: offshor wind,
3,offshor wind,3: offshor wind,
3,offshor wind,3: offshor wind,
3,offshor wind,3: offshor wind,
3,offshor wind,3: offshor wind,
3,offshor wind,3: offshor wind,
3,offshor wind,3: offshor wind,
3,offshor wind,3: offshor wind,
3,offshor wind,3: offshor wind,
3,offshor wind,3: offshor wind,
3,offshor wind,3: offshor wind,
3,offshor wind,3: offshor wind,
3,offshor wind,3: offshor wind,
3,offshor wind,3: offshor wind,
3,offshor wind,3: offshor wind,
3,offshor wind,3: offshor wind,
3,offshor wind,3: offshor wind,
3,offshor wind,3: offshor wind,
3,offshor wind,3: offshor wind,
3,offshor wind,3: offshor wind,
3,offshor wind,3: offshor wind,
3,offshor wind,3: offshor wind,
3,offshor wind,3: offshor wind,
3,offshor wind,3: offshor wind,
3,offshor wind,3: offshor wind,
3,offshor wind,3: offshor wind,
3,offshor wind,3: offshor wind,
3,offshor wind,3: offshor wind,
3,offshor wind,3: offshor wind,
3,offshor wind,3: offshor wind,
3,offshor wind,3: offshor wind,
3,offshor wind,3: offshor wind,
3,offshor wind,3: offshor wind,
3,offshor wind,3: offshor wind,
3,offshor wind,3: offshor wind,
3,offshor wind,3: offshor wind,
3,offshor wind,3: offshor wind,
3,offshor wind,3: offshor wind,
3,offshor wind,3: offshor wind,
3,offshor wind,3: offshor wind,
3,offshor wind,3: offshor wind,
3,offshor wind,3: offshor wind,
3,offshor wind,3: offshor wind,
3,offshor wind,3: offshor wind,
3,offshor wind,3: offshor wind,
3,offshor wind,3: offshor wind,
3,offshor wind,3: offshor wind,
3,offshor wind,3: offshor wind,
3,offshor wind,3: offshor wind,
3,offshor wind,3: offshor wind,
3,offshor wind,3: offshor wind,
3,offshor wind,3: offshor wind,
3,offshor wind,3: offshor wind,
3,offshor wind,3: offshor wind,
3,offshor wind,3: offshor wind,
3,offshor wind,3: offshor wind,
3,offshor wind,3: offshor wind,
3,offshor wind,3: offshor wind,
3,offshor wind,3: offshor wind,
3,offshor wind,3: offshor wind,
3,offshor wind,3: offshor wind,
3,offshor wind,3: offshor wind,
3,offshor wind,3: offshor wind,
3,offshor wind,3: offshor wind,
3,offshor wind,3: offshor wind,
3,offshor wind,3: offshor wind,
3,offshor wind,3: offshor wind,
3,offshor wind,3: offshor wind,
3,offshor wind,3: offshor wind,
3,offshor wind,3: offshor wind,
3,offshor wind,3: offshor wind,
3,offshor wind,3: offshor wind,
3,offshor wind,3: offshor wind,
3,offshor wind,3: offshor wind,
3,offshor wind,3: offshor wind,
3,offshor wind,3: offshor wind,
3,offshor wind,3: offshor wind,
3,offshor wind,3: offshor wind,
3,offshor wind,3: offshor wind,
3,offshor wind,3: offshor wind,
3,offshor wind,3: offshor wind,
3,offshor wind,3: offshor wind,
3,offshor wind,3: offshor wind,
3,offshor wind,3: offshor wind,
3,offshor wind,3: offshor wind,
3,offshor wind,3: offshor wind,
3,offshor wind,3: offshor wind,
3,offshor wind,3: offshor wind,
3,offshor wind,3: offshor wind,
3,offshor wind,3: offshor wind,
3,offshor wind,3: offshor wind,
3,offshor wind,3: offshor wind,
3,offshor wind,3: offshor wind,
3,offshor wind,3: offshor wind,
3,offshor wind,3: offshor wind,
0,energi island,0: energi island,
0,energi island,0: energi island,
0,energi island,0: energi island,
0,energi island,0: energi island,
0,energi island,0: energi island,
0,energi island,0: energi island,
0,energi island,0: energi island,
0,energi island,0: energi island,
0,energi island,0: energi island,
0,energi island,0: energi island,
0,energi island,0: energi island,
0,energi island,0: energi island,
0,energi island,0: energi island,
0,energi island,0: energi island,
0,energi island,0: energi island,
0,energi island,0: energi island,
0,energi island,0: energi island,
0,energi island,0: energi island,
0,energi island,0: energi island,
0,energi island,0: energi island,
0,energi island,0: energi island,
0,energi island,0: energi island,
0,energi island,0: energi island,
0,energi island,0: energi island,
0,energi island,0: energi island,
0,energi island,0: energi island,
0,energi island,0: energi island,
0,energi island,0: energi island,
0,energi island,0: energi island,
0,energi island,0: energi island,
0,energi island,0: energi island,
0,energi island,0: energi island,
0,energi island,0: energi island,
0,energi island,0: energi island,
0,energi island,0: energi island,
0,energi island,0: energi island,
0,energi island,0: energi island,
0,energi island,0: energi island,
0,energi island,0: energi island,
0,energi island,0: energi island,
0,energi island,0: energi island,
0,energi island,0: energi island,
0,energi island,0: energi island,
0,energi island,0: energi island,
0,energi island,0: energi island,
0,energi island,0: energi island,
0,energi island,0: energi island,
0,energi island,0: energi island,
0,energi island,0: energi island,
0,energi island,0: energi island,
0,energi island,0: energi island,
0,energi island,0: energi island,
0,energi island,0: energi island,
0,energi island,0: energi island,
0,energi island,0: energi island,
0,energi island,0: energi island,
0,energi island,0: energi island,
0,energi island,0: energi island,
0,energi island,0: energi island,
0,energi island,0: energi island,
0,energi island,0: energi island,
0,energi island,0: energi island,
0,energi island,0: energi island,
0,energi island,0: energi island,
0,energi island,0: energi island,
0,energi island,0: energi island,
0,energi island,0: energi island,
0,energi island,0: energi island,
0,energi island,0: energi island,
0,energi island,0: energi island,
0,energi island,0: energi island,
0,energi island,0: energi island,
0,energi island,0: energi island,
0,energi island,0: energi island,
0,energi island,0: energi island,
0,energi island,0: energi island,
0,energi island,0: energi island,
0,energi island,0: energi island,
0,energi island,0: energi island,
0,energi island,0: energi island,
0,energi island,0: energi island,
0,energi island,0: energi island,
0,energi island,0: energi island,
0,energi island,0: energi island,
0,energi island,0: energi island,
0,energi island,0: energi island,
0,energi island,0: energi island,
0,energi island,0: energi island,
0,energi island,0: energi island,
0,energi island,0: energi island,
0,energi island,0: energi island,
0,energi island,0: energi island,
0,energi island,0: energi island,
0,energi island,0: energi island,
0,energi island,0: energi island,
0,energi island,0: energi island,
0,energi island,0: energi island,
0,energi island,0: energi island,
0,energi island,0: energi island,
0,energi island,0: energi island,
0,energi island,0: energi island,
0,energi island,0: energi island,
0,energi island,0: energi island,
0,energi island,0: energi island,
0,energi island,0: energi island,
0,energi island,0: energi island,
0,energi island,0: energi island,
0,energi island,0: energi island,
0,energi island,0: energi island,
0,energi island,0: energi island,
0,energi island,0: energi island,
0,energi island,0: energi island,
0,energi island,0: energi island,
0,energi island,0: energi island,
0,energi island,0: energi island,
0,energi island,0: energi island,
0,energi island,0: energi island,
0,energi island,0: energi island,
0,energi island,0: energi island,
0,energi island,0: energi island,
0,energi island,0: energi island,
0,energi island,0: energi island,
0,energi island,0: energi island,
0,energi island,0: energi island,
0,energi island,0: energi island,
0,energi island,0: energi island,
0,energi island,0: energi island,
0,energi island,0: energi island,
0,energi island,0: energi island,
0,energi island,0: energi island,
0,energi island,0: energi island,
0,energi island,0: energi island,
0,energi island,0: energi island,
0,energi island,0: energi island,
0,energi island,0: energi island,
0,energi island,0: energi island,
0,energi island,0: energi island,
0,energi island,0: energi island,
0,energi island,0: energi island,
0,energi island,0: energi island,
0,energi island,0: energi island,
0,energi island,0: energi island,
0,energi island,0: energi island,
0,energi island,0: energi island,
0,energi island,0: energi island,
0,energi island,0: energi island,
0,energi island,0: energi island,
0,energi island,0: energi island,
0,energi island,0: energi island,
0,energi island,0: energi island,
0,energi island,0: energi island,
0,energi island,0: energi island,
0,energi island,0: energi island,
0,energi island,0: energi island,
0,energi island,0: energi island,
0,energi island,0: energi island,
0,energi island,0: energi island,
2,municip council,2: municip council,
2,municip council,2: municip council,
2,municip council,2: municip council,
2,municip council,2: municip council,
2,municip council,2: municip council,
2,municip council,2: municip council,
2,municip council,2: municip council,
2,municip council,2: municip council,
2,municip council,2: municip council,
2,municip council,2: municip council,
2,municip council,2: municip council,
2,municip council,2: municip council,
2,municip council,2: municip council,
2,municip council,2: municip council,
2,municip council,2: municip council,
2,municip council,2: municip council,
2,municip council,2: municip council,
2,municip council,2: municip council,
2,municip council,2: municip council,
2,municip council,2: municip council,
2,municip council,2: municip council,
2,municip council,2: municip council,
2,municip council,2: municip council,
2,municip council,2: municip council,
2,municip council,2: municip council,
2,municip council,2: municip council,
2,municip council,2: municip council,
2,municip council,2: municip council,
2,municip council,2: municip council,
2,municip council,2: municip council,
2,municip council,2: municip council,
2,municip council,2: municip council,
2,municip council,2: municip council,
2,municip council,2: municip council,
2,municip council,2: municip council,
2,municip council,2: municip council,
2,municip council,2: municip council,
2,municip council,2: municip council,
2,municip council,2: municip council,
2,municip council,2: municip council,
2,municip council,2: municip council,
2,municip council,2: municip council,
2,municip council,2: municip council,
2,municip council,2: municip council,
2,municip council,2: municip council,
2,municip council,2: municip council,
2,municip council,2: municip council,
2,municip council,2: municip council,
2,municip council,2: municip council,
2,municip council,2: municip council,
2,municip council,2: municip council,
2,municip council,2: municip council,
2,municip council,2: municip council,
2,municip council,2: municip council,
2,municip council,2: municip council,
2,municip council,2: municip council,
2,municip council,2: municip council,
2,municip council,2: municip council,
2,municip council,2: municip council,
2,municip council,2: municip council,
2,municip council,2: municip council,
2,municip council,2: municip council,
2,municip council,2: municip council,
2,municip council,2: municip council,
2,municip council,2: municip council,
2,municip council,2: municip council,
2,municip council,2: municip council,
2,municip council,2: municip council,
2,municip council,2: municip council,
2,municip council,2: municip council,
2,municip council,2: municip council,
2,municip council,2: municip council,
2,municip council,2: municip council,
2,municip council,2: municip council,
2,municip council,2: municip council,
2,municip council,2: municip council,
2,municip council,2: municip council,
2,municip council,2: municip council,
2,municip council,2: municip council,
2,municip council,2: municip council,
2,municip council,2: municip council,
2,municip council,2: municip council,
2,municip council,2: municip council,
2,municip council,2: municip council,
2,municip council,2: municip council,
2,municip council,2: municip council,
2,municip council,2: municip council,
2,municip council,2: municip council,
2,municip council,2: municip council,
2,municip council,2: municip council,
2,municip council,2: municip council,
2,municip council,2: municip council,
2,municip council,2: municip council,
2,municip council,2: municip council,
2,municip council,2: municip council,
2,municip council,2: municip council,
2,municip council,2: municip council,
2,municip council,2: municip council,
2,municip council,2: municip council,
2,municip council,2: municip council,
2,municip council,2: municip council,
2,municip council,2: municip council,
2,municip council,2: municip council,
2,municip council,2: municip council,
2,municip council,2: municip council,
2,municip council,2: municip council,
2,municip council,2: municip council,
2,municip council,2: municip council,
2,municip council,2: municip council,
2,municip council,2: municip council,
2,municip council,2: municip council,
2,municip council,2: municip council,
2,municip council,2: municip council,
2,municip council,2: municip council,
2,municip council,2: municip council,
2,municip council,2: municip council,
2,municip council,2: municip council,
2,municip council,2: municip council,
2,municip council,2: municip council,
2,municip council,2: municip council,
2,municip council,2: municip council,
2,municip council,2: municip council,
2,municip council,2: municip council,
2,municip council,2: municip council,
2,municip council,2: municip council,
2,municip council,2: municip council,
2,municip council,2: municip council,
2,municip council,2: municip council,
2,municip council,2: municip council,
2,municip council,2: municip council,
2,municip council,2: municip council,
2,municip council,2: municip council,
2,municip council,2: municip council,
2,municip council,2: municip council,
2,municip council,2: municip council,
2,municip council,2: municip council,
2,municip council,2: municip council,
2,municip council,2: municip council,
2,municip council,2: municip council,
2,municip council,2: municip council,
2,municip council,2: municip council,
2,municip council,2: municip council,
2,municip council,2: municip council,
2,municip council,2: municip council,
2,municip council,2: municip council,
2,municip council,2: municip council,
2,municip council,2: municip council,
2,municip council,2: municip council,
2,municip council,2: municip council,
2,municip council,2: municip council,
2,municip council,2: municip council,
2,municip council,2: municip council,
2,municip council,2: municip council,
2,municip council,2: municip council,
2,municip council,2: municip council,
2,municip council,2: municip council,
6,energiø bornholm,6: energiø bornholm,
6,energiø bornholm,6: energiø bornholm,
6,energiø bornholm,6: energiø bornholm,
6,energiø bornholm,6: energiø bornholm,
6,energiø bornholm,6: energiø bornholm,
6,energiø bornholm,6: energiø bornholm,
6,energiø bornholm,6: energiø bornholm,
6,energiø bornholm,6: energiø bornholm,
6,energiø bornholm,6: energiø bornholm,
6,energiø bornholm,6: energiø bornholm,
6,energiø bornholm,6: energiø bornholm,
6,energiø bornholm,6: energiø bornholm,
6,energiø bornholm,6: energiø bornholm,
6,energiø bornholm,6: energiø bornholm,
6,energiø bornholm,6: energiø bornholm,
6,energiø bornholm,6: energiø bornholm,
6,energiø bornholm,6: energiø bornholm,
6,energiø bornholm,6: energiø bornholm,
6,energiø bornholm,6: energiø bornholm,
6,energiø bornholm,6: energiø bornholm,
6,energiø bornholm,6: energiø bornholm,
6,energiø bornholm,6: energiø bornholm,
6,energiø bornholm,6: energiø bornholm,
6,energiø bornholm,6: energiø bornholm,
6,energiø bornholm,6: energiø bornholm,
6,energiø bornholm,6: energiø bornholm,
6,energiø bornholm,6: energiø bornholm,
6,energiø bornholm,6: energiø bornholm,
6,energiø bornholm,6: energiø bornholm,
6,energiø bornholm,6: energiø bornholm,
6,energiø bornholm,6: energiø bornholm,
6,energiø bornholm,6: energiø bornholm,
6,energiø bornholm,6: energiø bornholm,
6,energiø bornholm,6: energiø bornholm,
6,energiø bornholm,6: energiø bornholm,
6,energiø bornholm,6: energiø bornholm,
6,energiø bornholm,6: energiø bornholm,
6,energiø bornholm,6: energiø bornholm,
6,energiø bornholm,6: energiø bornholm,
6,energiø bornholm,6: energiø bornholm,
6,energiø bornholm,6: energiø bornholm,
6,energiø bornholm,6: energiø bornholm,
6,energiø bornholm,6: energiø bornholm,
6,energiø bornholm,6: energiø bornholm,
6,energiø bornholm,6: energiø bornholm,
6,energiø bornholm,6: energiø bornholm,
6,energiø bornholm,6: energiø bornholm,
6,energiø bornholm,6: energiø bornholm,
6,energiø bornholm,6: energiø bornholm,
6,energiø bornholm,6: energiø bornholm,
6,energiø bornholm,6: energiø bornholm,
6,energiø bornholm,6: energiø bornholm,
6,energiø bornholm,6: energiø bornholm,
6,energiø bornholm,6: energiø bornholm,
6,energiø bornholm,6: energiø bornholm,
6,energiø bornholm,6: energiø bornholm,
6,energiø bornholm,6: energiø bornholm,
6,energiø bornholm,6: energiø bornholm,
6,energiø bornholm,6: energiø bornholm,
6,energiø bornholm,6: energiø bornholm,
6,energiø bornholm,6: energiø bornholm,
6,energiø bornholm,6: energiø bornholm,
6,energiø bornholm,6: energiø bornholm,
6,energiø bornholm,6: energiø bornholm,
6,energiø bornholm,6: energiø bornholm,
6,energiø bornholm,6: energiø bornholm,
6,energiø bornholm,6: energiø bornholm,
6,energiø bornholm,6: energiø bornholm,
6,energiø bornholm,6: energiø bornholm,
6,energiø bornholm,6: energiø bornholm,
6,energiø bornholm,6: energiø bornholm,
6,energiø bornholm,6: energiø bornholm,
6,energiø bornholm,6: energiø bornholm,
6,energiø bornholm,6: energiø bornholm,
6,energiø bornholm,6: energiø bornholm,
6,energiø bornholm,6: energiø bornholm,
6,energiø bornholm,6: energiø bornholm,
6,energiø bornholm,6: energiø bornholm,
6,energiø bornholm,6: energiø bornholm,
6,energiø bornholm,6: energiø bornholm,
6,energiø bornholm,6: energiø bornholm,
6,energiø bornholm,6: energiø bornholm,
6,energiø bornholm,6: energiø bornholm,
6,energiø bornholm,6: energiø bornholm,
6,energiø bornholm,6: energiø bornholm,
6,energiø bornholm,6: energiø bornholm,
6,energiø bornholm,6: energiø bornholm,
6,energiø bornholm,6: energiø bornholm,
6,energiø bornholm,6: energiø bornholm,
6,energiø bornholm,6: energiø bornholm,
6,energiø bornholm,6: energiø bornholm,
6,energiø bornholm,6: energiø bornholm,
6,energiø bornholm,6: energiø bornholm,
6,energiø bornholm,6: energiø bornholm,
6,energiø bornholm,6: energiø bornholm,
6,energiø bornholm,6: energiø bornholm,
6,energiø bornholm,6: energiø bornholm,
6,energiø bornholm,6: energiø bornholm,
6,energiø bornholm,6: energiø bornholm,
6,energiø bornholm,6: energiø bornholm,
6,energiø bornholm,6: energiø bornholm,
6,energiø bornholm,6: energiø bornholm,
6,energiø bornholm,6: energiø bornholm,
6,energiø bornholm,6: energiø bornholm,
6,energiø bornholm,6: energiø bornholm,
6,energiø bornholm,6: energiø bornholm,
6,energiø bornholm,6: energiø bornholm,
6,energiø bornholm,6: energiø bornholm,
6,energiø bornholm,6: energiø bornholm,
6,energiø bornholm,6: energiø bornholm,
6,energiø bornholm,6: energiø bornholm,
6,energiø bornholm,6: energiø bornholm,
6,energiø bornholm,6: energiø bornholm,
6,energiø bornholm,6: energiø bornholm,
6,energiø bornholm,6: energiø bornholm,
6,energiø bornholm,6: energiø bornholm,
6,energiø bornholm,6: energiø bornholm,
6,energiø bornholm,6: energiø bornholm,
6,energiø bornholm,6: energiø bornholm,
6,energiø bornholm,6: energiø bornholm,
6,energiø bornholm,6: energiø bornholm,
6,energiø bornholm,6: energiø bornholm,
6,energiø bornholm,6: energiø bornholm,
6,energiø bornholm,6: energiø bornholm,
6,energiø bornholm,6: energiø bornholm,
6,energiø bornholm,6: energiø bornholm,
6,energiø bornholm,6: energiø bornholm,
6,energiø bornholm,6: energiø bornholm,
6,energiø bornholm,6: energiø bornholm,
6,energiø bornholm,6: energiø bornholm,
6,energiø bornholm,6: energiø bornholm,
6,energiø bornholm,6: energiø bornholm,
6,energiø bornholm,6: energiø bornholm,
6,energiø bornholm,6: energiø bornholm,
6,energiø bornholm,6: energiø bornholm,
6,energiø bornholm,6: energiø bornholm,
6,energiø bornholm,6: energiø bornholm,
6,energiø bornholm,6: energiø bornholm,
6,energiø bornholm,6: energiø bornholm,
6,energiø bornholm,6: energiø bornholm,
6,energiø bornholm,6: energiø bornholm,
6,energiø bornholm,6: energiø bornholm,
6,energiø bornholm,6: energiø bornholm,
6,energiø bornholm,6: energiø bornholm,
6,energiø bornholm,6: energiø bornholm,
6,energiø bornholm,6: energiø bornholm,
6,energiø bornholm,6: energiø bornholm,
6,energiø bornholm,6: energiø bornholm,
6,energiø bornholm,6: energiø bornholm,
6,energiø bornholm,6: energiø bornholm,
6,energiø bornholm,6: energiø bornholm,
6,energiø bornholm,6: energiø bornholm,
6,energiø bornholm,6: energiø bornholm,
6,energiø bornholm,6: energiø bornholm,
6,energiø bornholm,6: energiø bornholm,
6,energiø bornholm,6: energiø bornholm,
6,energiø bornholm,6: energiø bornholm,
6,energiø bornholm,6: energiø bornholm,
6,energiø bornholm,6: energiø bornholm,
6,energiø bornholm,6: energiø bornholm,
6,energiø bornholm,6: energiø bornholm,
6,energiø bornholm,6: energiø bornholm,
6,energiø bornholm,6: energiø bornholm,
6,energiø bornholm,6: energiø bornholm,
6,energiø bornholm,6: energiø bornholm,
6,energiø bornholm,6: energiø bornholm,
6,energiø bornholm,6: energiø bornholm,
6,energiø bornholm,6: energiø bornholm,
6,energiø bornholm,6: energiø bornholm,
6,energiø bornholm,6: energiø bornholm,
6,energiø bornholm,6: energiø bornholm,
0,energi island,0: energi island,
0,energi island,0: energi island,
0,energi island,0: energi island,
0,energi island,0: energi island,
0,energi island,0: energi island,
0,energi island,0: energi island,
0,energi island,0: energi island,
0,energi island,0: energi island,
0,energi island,0: energi island,
0,energi island,0: energi island,
0,energi island,0: energi island,
0,energi island,0: energi island,
0,energi island,0: energi island,
0,energi island,0: energi island,
0,energi island,0: energi island,
0,energi island,0: energi island,
0,energi island,0: energi island,
0,energi island,0: energi island,
0,energi island,0: energi island,
0,energi island,0: energi island,
0,energi island,0: energi island,
0,energi island,0: energi island,
0,energi island,0: energi island,
0,energi island,0: energi island,
0,energi island,0: energi island,
0,energi island,0: energi island,
0,energi island,0: energi island,
0,energi island,0: energi island,
0,energi island,0: energi island,
0,energi island,0: energi island,
0,energi island,0: energi island,
0,energi island,0: energi island,
0,energi island,0: energi island,
0,energi island,0: energi island,
0,energi island,0: energi island,
0,energi island,0: energi island,
0,energi island,0: energi island,
0,energi island,0: energi island,
0,energi island,0: energi island,
0,energi island,0: energi island,
0,energi island,0: energi island,
0,energi island,0: energi island,
0,energi island,0: energi island,
0,energi island,0: energi island,
0,energi island,0: energi island,
0,energi island,0: energi island,
0,energi island,0: energi island,
0,energi island,0: energi island,
0,energi island,0: energi island,
0,energi island,0: energi island,
0,energi island,0: energi island,
0,energi island,0: energi island,
0,energi island,0: energi island,
0,energi island,0: energi island,
0,energi island,0: energi island,
0,energi island,0: energi island,
0,energi island,0: energi island,
0,energi island,0: energi island,
0,energi island,0: energi island,
0,energi island,0: energi island,
0,energi island,0: energi island,
0,energi island,0: energi island,
0,energi island,0: energi island,
0,energi island,0: energi island,
0,energi island,0: energi island,
0,energi island,0: energi island,
0,energi island,0: energi island,
0,energi island,0: energi island,
0,energi island,0: energi island,
0,energi island,0: energi island,
0,energi island,0: energi island,
0,energi island,0: energi island,
0,energi island,0: energi island,
0,energi island,0: energi island,
0,energi island,0: energi island,
0,energi island,0: energi island,
0,energi island,0: energi island,
0,energi island,0: energi island,
0,energi island,0: energi island,
0,energi island,0: energi island,
0,energi island,0: energi island,
0,energi island,0: energi island,
0,energi island,0: energi island,
0,energi island,0: energi island,
0,energi island,0: energi island,
0,energi island,0: energi island,
0,energi island,0: energi island,
0,energi island,0: energi island,
0,energi island,0: energi island,
0,energi island,0: energi island,
0,energi island,0: energi island,
0,energi island,0: energi island,
0,energi island,0: energi island,
0,energi island,0: energi island,
0,energi island,0: energi island,
0,energi island,0: energi island,
0,energi island,0: energi island,
0,energi island,0: energi island,
0,energi island,0: energi island,
0,energi island,0: energi island,
0,energi island,0: energi island,
0,energi island,0: energi island,
0,energi island,0: energi island,
0,energi island,0: energi island,
0,energi island,0: energi island,
0,energi island,0: energi island,
0,energi island,0: energi island,
0,energi island,0: energi island,
0,energi island,0: energi island,
0,energi island,0: energi island,
0,energi island,0: energi island,
0,energi island,0: energi island,
0,energi island,0: energi island,
0,energi island,0: energi island,
0,energi island,0: energi island,
0,energi island,0: energi island,
0,energi island,0: energi island,
0,energi island,0: energi island,
0,energi island,0: energi island,
0,energi island,0: energi island,
0,energi island,0: energi island,
0,energi island,0: energi island,
0,energi island,0: energi island,
0,energi island,0: energi island,
0,energi island,0: energi island,
0,energi island,0: energi island,
0,energi island,0: energi island,
0,energi island,0: energi island,
0,energi island,0: energi island,
0,energi island,0: energi island,
0,energi island,0: energi island,
0,energi island,0: energi island,
0,energi island,0: energi island,
0,energi island,0: energi island,
0,energi island,0: energi island,
0,energi island,0: energi island,
0,energi island,0: energi island,
0,energi island,0: energi island,
0,energi island,0: energi island,
0,energi island,0: energi island,
0,energi island,0: energi island,
0,energi island,0: energi island,
0,energi island,0: energi island,
0,energi island,0: energi island,
0,energi island,0: energi island,
0,energi island,0: energi island,
0,energi island,0: energi island,
0,energi island,0: energi island,
0,energi island,0: energi island,
0,energi island,0: energi island,
0,energi island,0: energi island,
0,energi island,0: energi island,
0,energi island,0: energi island,
0,energi island,0: energi island,
0,energi island,0: energi island,
0,energi island,0: energi island,
0,energi island,0: energi island,
8,wind turbin,8: wind turbin,
8,wind turbin,8: wind turbin,
8,wind turbin,8: wind turbin,
8,wind turbin,8: wind turbin,
8,wind turbin,8: wind turbin,
8,wind turbin,8: wind turbin,
8,wind turbin,8: wind turbin,
8,wind turbin,8: wind turbin,
8,wind turbin,8: wind turbin,
8,wind turbin,8: wind turbin,
8,wind turbin,8: wind turbin,
8,wind turbin,8: wind turbin,
8,wind turbin,8: wind turbin,
8,wind turbin,8: wind turbin,
8,wind turbin,8: wind turbin,
8,wind turbin,8: wind turbin,
8,wind turbin,8: wind turbin,
8,wind turbin,8: wind turbin,
8,wind turbin,8: wind turbin,
8,wind turbin,8: wind turbin,
8,wind turbin,8: wind turbin,
8,wind turbin,8: wind turbin,
8,wind turbin,8: wind turbin,
8,wind turbin,8: wind turbin,
8,wind turbin,8: wind turbin,
8,wind turbin,8: wind turbin,
8,wind turbin,8: wind turbin,
8,wind turbin,8: wind turbin,
8,wind turbin,8: wind turbin,
8,wind turbin,8: wind turbin,
8,wind turbin,8: wind turbin,
8,wind turbin,8: wind turbin,
8,wind turbin,8: wind turbin,
8,wind turbin,8: wind turbin,
8,wind turbin,8: wind turbin,
8,wind turbin,8: wind turbin,
8,wind turbin,8: wind turbin,
8,wind turbin,8: wind turbin,
8,wind turbin,8: wind turbin,
8,wind turbin,8: wind turbin,
8,wind turbin,8: wind turbin,
8,wind turbin,8: wind turbin,
8,wind turbin,8: wind turbin,
8,wind turbin,8: wind turbin,
8,wind turbin,8: wind turbin,
8,wind turbin,8: wind turbin,
8,wind turbin,8: wind turbin,
8,wind turbin,8: wind turbin,
8,wind turbin,8: wind turbin,
8,wind turbin,8: wind turbin,
8,wind turbin,8: wind turbin,
8,wind turbin,8: wind turbin,
8,wind turbin,8: wind turbin,
8,wind turbin,8: wind turbin,
8,wind turbin,8: wind turbin,
8,wind turbin,8: wind turbin,
8,wind turbin,8: wind turbin,
8,wind turbin,8: wind turbin,
8,wind turbin,8: wind turbin,
8,wind turbin,8: wind turbin,
8,wind turbin,8: wind turbin,
8,wind turbin,8: wind turbin,
8,wind turbin,8: wind turbin,
8,wind turbin,8: wind turbin,
8,wind turbin,8: wind turbin,
8,wind turbin,8: wind turbin,
8,wind turbin,8: wind turbin,
8,wind turbin,8: wind turbin,
8,wind turbin,8: wind turbin,
8,wind turbin,8: wind turbin,
8,wind turbin,8: wind turbin,
8,wind turbin,8: wind turbin,
8,wind turbin,8: wind turbin,
8,wind turbin,8: wind turbin,
8,wind turbin,8: wind turbin,
8,wind turbin,8: wind turbin,
8,wind turbin,8: wind turbin,
8,wind turbin,8: wind turbin,
8,wind turbin,8: wind turbin,
8,wind turbin,8: wind turbin,
8,wind turbin,8: wind turbin,
8,wind turbin,8: wind turbin,
8,wind turbin,8: wind turbin,
8,wind turbin,8: wind turbin,
8,wind turbin,8: wind turbin,
8,wind turbin,8: wind turbin,
8,wind turbin,8: wind turbin,
8,wind turbin,8: wind turbin,
8,wind turbin,8: wind turbin,
8,wind turbin,8: wind turbin,
8,wind turbin,8: wind turbin,
8,wind turbin,8: wind turbin,
8,wind turbin,8: wind turbin,
8,wind turbin,8: wind turbin,
8,wind turbin,8: wind turbin,
8,wind turbin,8: wind turbin,
8,wind turbin,8: wind turbin,
8,wind turbin,8: wind turbin,
8,wind turbin,8: wind turbin,
8,wind turbin,8: wind turbin,
8,wind turbin,8: wind turbin,
8,wind turbin,8: wind turbin,
8,wind turbin,8: wind turbin,
8,wind turbin,8: wind turbin,
8,wind turbin,8: wind turbin,
8,wind turbin,8: wind turbin,
8,wind turbin,8: wind turbin,
8,wind turbin,8: wind turbin,
8,wind turbin,8: wind turbin,
8,wind turbin,8: wind turbin,
8,wind turbin,8: wind turbin,
8,wind turbin,8: wind turbin,
8,wind turbin,8: wind turbin,
8,wind turbin,8: wind turbin,
8,wind turbin,8: wind turbin,
8,wind turbin,8: wind turbin,
8,wind turbin,8: wind turbin,
8,wind turbin,8: wind turbin,
8,wind turbin,8: wind turbin,
8,wind turbin,8: wind turbin,
8,wind turbin,8: wind turbin,
8,wind turbin,8: wind turbin,
8,wind turbin,8: wind turbin,
8,wind turbin,8: wind turbin,
8,wind turbin,8: wind turbin,
8,wind turbin,8: wind turbin,
8,wind turbin,8: wind turbin,
8,wind turbin,8: wind turbin,
8,wind turbin,8: wind turbin,
8,wind turbin,8: wind turbin,
4,baltic sea,4: baltic sea,
4,baltic sea,4: baltic sea,
4,baltic sea,4: baltic sea,
4,baltic sea,4: baltic sea,
4,baltic sea,4: baltic sea,
4,baltic sea,4: baltic sea,
4,baltic sea,4: baltic sea,
4,baltic sea,4: baltic sea,
4,baltic sea,4: baltic sea,
4,baltic sea,4: baltic sea,
4,baltic sea,4: baltic sea,
4,baltic sea,4: baltic sea,
4,baltic sea,4: baltic sea,
4,baltic sea,4: baltic sea,
4,baltic sea,4: baltic sea,
4,baltic sea,4: baltic sea,
4,baltic sea,4: baltic sea,
4,baltic sea,4: baltic sea,
4,baltic sea,4: baltic sea,
4,baltic sea,4: baltic sea,
4,baltic sea,4: baltic sea,
4,baltic sea,4: baltic sea,
4,baltic sea,4: baltic sea,
4,baltic sea,4: baltic sea,
4,baltic sea,4: baltic sea,
4,baltic sea,4: baltic sea,
4,baltic sea,4: baltic sea,
4,baltic sea,4: baltic sea,
4,baltic sea,4: baltic sea,
4,baltic sea,4: baltic sea,
4,baltic sea,4: baltic sea,
4,baltic sea,4: baltic sea,
4,baltic sea,4: baltic sea,
4,baltic sea,4: baltic sea,
4,baltic sea,4: baltic sea,
4,baltic sea,4: baltic sea,
4,baltic sea,4: baltic sea,
4,baltic sea,4: baltic sea,
4,baltic sea,4: baltic sea,
4,baltic sea,4: baltic sea,
4,baltic sea,4: baltic sea,
4,baltic sea,4: baltic sea,
4,baltic sea,4: baltic sea,
4,baltic sea,4: baltic sea,
4,baltic sea,4: baltic sea,
4,baltic sea,4: baltic sea,
4,baltic sea,4: baltic sea,
4,baltic sea,4: baltic sea,
4,baltic sea,4: baltic sea,
4,baltic sea,4: baltic sea,
4,baltic sea,4: baltic sea,
4,baltic sea,4: baltic sea,
4,baltic sea,4: baltic sea,
4,baltic sea,4: baltic sea,
4,baltic sea,4: baltic sea,
4,baltic sea,4: baltic sea,
4,baltic sea,4: baltic sea,
4,baltic sea,4: baltic sea,
4,baltic sea,4: baltic sea,
4,baltic sea,4: baltic sea,
4,baltic sea,4: baltic sea,
4,baltic sea,4: baltic sea,
4,baltic sea,4: baltic sea,
4,baltic sea,4: baltic sea,
4,baltic sea,4: baltic sea,
4,baltic sea,4: baltic sea,
4,baltic sea,4: baltic sea,
4,baltic sea,4: baltic sea,
4,baltic sea,4: baltic sea,
4,baltic sea,4: baltic sea,
4,baltic sea,4: baltic sea,
4,baltic sea,4: baltic sea,
4,baltic sea,4: baltic sea,
4,baltic sea,4: baltic sea,
4,baltic sea,4: baltic sea,
4,baltic sea,4: baltic sea,
4,baltic sea,4: baltic sea,
4,baltic sea,4: baltic sea,
4,baltic sea,4: baltic sea,
4,baltic sea,4: baltic sea,
4,baltic sea,4: baltic sea,
4,baltic sea,4: baltic sea,
4,baltic sea,4: baltic sea,
4,baltic sea,4: baltic sea,
4,baltic sea,4: baltic sea,
4,baltic sea,4: baltic sea,
4,baltic sea,4: baltic sea,
4,baltic sea,4: baltic sea,
4,baltic sea,4: baltic sea,
4,baltic sea,4: baltic sea,
4,baltic sea,4: baltic sea,
4,baltic sea,4: baltic sea,
4,baltic sea,4: baltic sea,
4,baltic sea,4: baltic sea,
4,baltic sea,4: baltic sea,
4,baltic sea,4: baltic sea,
4,baltic sea,4: baltic sea,
4,baltic sea,4: baltic sea,
4,baltic sea,4: baltic sea,
4,baltic sea,4: baltic sea,
4,baltic sea,4: baltic sea,
4,baltic sea,4: baltic sea,
4,baltic sea,4: baltic sea,
4,baltic sea,4: baltic sea,
4,baltic sea,4: baltic sea,
4,baltic sea,4: baltic sea,
4,baltic sea,4: baltic sea,
4,baltic sea,4: baltic sea,
4,baltic sea,4: baltic sea,
4,baltic sea,4: baltic sea,
4,baltic sea,4: baltic sea,
4,baltic sea,4: baltic sea,
4,baltic sea,4: baltic sea,
4,baltic sea,4: baltic sea,
4,baltic sea,4: baltic sea,
4,baltic sea,4: baltic sea,
4,baltic sea,4: baltic sea,
4,baltic sea,4: baltic sea,
4,baltic sea,4: baltic sea,
4,baltic sea,4: baltic sea,
4,baltic sea,4: baltic sea,
4,baltic sea,4: baltic sea,
4,baltic sea,4: baltic sea,
4,baltic sea,4: baltic sea,
4,baltic sea,4: baltic sea,
4,baltic sea,4: baltic sea,
4,baltic sea,4: baltic sea,
4,baltic sea,4: baltic sea,
4,baltic sea,4: baltic sea,
4,baltic sea,4: baltic sea,
4,baltic sea,4: baltic sea,
4,baltic sea,4: baltic sea,
4,baltic sea,4: baltic sea,
4,baltic sea,4: baltic sea,
4,baltic sea,4: baltic sea,
4,baltic sea,4: baltic sea,
4,baltic sea,4: baltic sea,
4,baltic sea,4: baltic sea,
2,municip council,2: municip council,
2,municip council,2: municip council,
2,municip council,2: municip council,
2,municip council,2: municip council,
2,municip council,2: municip council,
2,municip council,2: municip council,
2,municip council,2: municip council,
2,municip council,2: municip council,
2,municip council,2: municip council,
2,municip council,2: municip council,
2,municip council,2: municip council,
2,municip council,2: municip council,
2,municip council,2: municip council,
2,municip council,2: municip council,
2,municip council,2: municip council,
2,municip council,2: municip council,
2,municip council,2: municip council,
2,municip council,2: municip council,
2,municip council,2: municip council,
2,municip council,2: municip council,
2,municip council,2: municip council,
2,municip council,2: municip council,
2,municip council,2: municip council,
2,municip council,2: municip council,
2,municip council,2: municip council,
2,municip council,2: municip council,
2,municip council,2: municip council,
2,municip council,2: municip council,
2,municip council,2: municip council,
2,municip council,2: municip council,
2,municip council,2: municip council,
2,municip council,2: municip council,
2,municip council,2: municip council,
2,municip council,2: municip council,
2,municip council,2: municip council,
2,municip council,2: municip council,
2,municip council,2: municip council,
2,municip council,2: municip council,
2,municip council,2: municip council,
2,municip council,2: municip council,
2,municip council,2: municip council,
2,municip council,2: municip council,
2,municip council,2: municip council,
2,municip council,2: municip council,
2,municip council,2: municip council,
2,municip council,2: municip council,
2,municip council,2: municip council,
2,municip council,2: municip council,
2,municip council,2: municip council,
2,municip council,2: municip council,
2,municip council,2: municip council,
2,municip council,2: municip council,
2,municip council,2: municip council,
2,municip council,2: municip council,
2,municip council,2: municip council,
2,municip council,2: municip council,
2,municip council,2: municip council,
2,municip council,2: municip council,
2,municip council,2: municip council,
2,municip council,2: municip council,
2,municip council,2: municip council,
2,municip council,2: municip council,
2,municip council,2: municip council,
2,municip council,2: municip council,
2,municip council,2: municip council,
2,municip council,2: municip council,
2,municip council,2: municip council,
2,municip council,2: municip council,
2,municip council,2: municip council,
2,municip council,2: municip council,
2,municip council,2: municip council,
2,municip council,2: municip council,
2,municip council,2: municip council,
2,municip council,2: municip council,
2,municip council,2: municip council,
2,municip council,2: municip council,
2,municip council,2: municip council,
2,municip council,2: municip council,
2,municip council,2: municip council,
2,municip council,2: municip council,
2,municip council,2: municip council,
2,municip council,2: municip council,
2,municip council,2: municip council,
2,municip council,2: municip council,
2,municip council,2: municip council,
2,municip council,2: municip council,
2,municip council,2: municip council,
2,municip council,2: municip council,
2,municip council,2: municip council,
2,municip council,2: municip council,
2,municip council,2: municip council,
2,municip council,2: municip council,
2,municip council,2: municip council,
2,municip council,2: municip council,
2,municip council,2: municip council,
2,municip council,2: municip council,
2,municip council,2: municip council,
2,municip council,2: municip council,
2,municip council,2: municip council,
2,municip council,2: municip council,
2,municip council,2: municip council,
2,municip council,2: municip council,
2,municip council,2: municip council,
2,municip council,2: municip council,
2,municip council,2: municip council,
2,municip council,2: municip council,
2,municip council,2: municip council,
2,municip council,2: municip council,
2,municip council,2: municip council,
2,municip council,2: municip council,
2,municip council,2: municip council,
2,municip council,2: municip council,
2,municip council,2: municip council,
2,municip council,2: municip council,
2,municip council,2: municip council,
2,municip council,2: municip council,
2,municip council,2: municip council,
2,municip council,2: municip council,
2,municip council,2: municip council,
2,municip council,2: municip council,
2,municip council,2: municip council,
2,municip council,2: municip council,
2,municip council,2: municip council,
2,municip council,2: municip council,
2,municip council,2: municip council,
2,municip council,2: municip council,
2,municip council,2: municip council,
2,municip council,2: municip council,
2,municip council,2: municip council,
2,municip council,2: municip council,
2,municip council,2: municip council,
2,municip council,2: municip council,
2,municip council,2: municip council,
2,municip council,2: municip council,
2,municip council,2: municip council,
2,municip council,2: municip council,
2,municip council,2: municip council,
2,municip council,2: municip council,
2,municip council,2: municip council,
2,municip council,2: municip council,
2,municip council,2: municip council,
2,municip council,2: municip council,
2,municip council,2: municip council,
2,municip council,2: municip council,
2,municip council,2: municip council,
2,municip council,2: municip council,
2,municip council,2: municip council,
2,municip council,2: municip council,
2,municip council,2: municip council,
2,municip council,2: municip council,
2,municip council,2: municip council,
2,municip council,2: municip council,
2,municip council,2: municip council,
2,municip council,2: municip council,
2,municip council,2: municip council,
2,municip council,2: municip council,
3,offshor wind,3: offshor wind,
3,offshor wind,3: offshor wind,
3,offshor wind,3: offshor wind,
3,offshor wind,3: offshor wind,
3,offshor wind,3: offshor wind,
3,offshor wind,3: offshor wind,
3,offshor wind,3: offshor wind,
3,offshor wind,3: offshor wind,
3,offshor wind,3: offshor wind,
3,offshor wind,3: offshor wind,
3,offshor wind,3: offshor wind,
3,offshor wind,3: offshor wind,
3,offshor wind,3: offshor wind,
3,offshor wind,3: offshor wind,
3,offshor wind,3: offshor wind,
3,offshor wind,3: offshor wind,
3,offshor wind,3: offshor wind,
3,offshor wind,3: offshor wind,
3,offshor wind,3: offshor wind,
3,offshor wind,3: offshor wind,
3,offshor wind,3: offshor wind,
3,offshor wind,3: offshor wind,
3,offshor wind,3: offshor wind,
3,offshor wind,3: offshor wind,
3,offshor wind,3: offshor wind,
3,offshor wind,3: offshor wind,
3,offshor wind,3: offshor wind,
3,offshor wind,3: offshor wind,
3,offshor wind,3: offshor wind,
3,offshor wind,3: offshor wind,
3,offshor wind,3: offshor wind,
3,offshor wind,3: offshor wind,
3,offshor wind,3: offshor wind,
3,offshor wind,3: offshor wind,
3,offshor wind,3: offshor wind,
3,offshor wind,3: offshor wind,
3,offshor wind,3: offshor wind,
3,offshor wind,3: offshor wind,
3,offshor wind,3: offshor wind,
3,offshor wind,3: offshor wind,
3,offshor wind,3: offshor wind,
3,offshor wind,3: offshor wind,
3,offshor wind,3: offshor wind,
3,offshor wind,3: offshor wind,
3,offshor wind,3: offshor wind,
3,offshor wind,3: offshor wind,
3,offshor wind,3: offshor wind,
3,offshor wind,3: offshor wind,
3,offshor wind,3: offshor wind,
3,offshor wind,3: offshor wind,
3,offshor wind,3: offshor wind,
3,offshor wind,3: offshor wind,
3,offshor wind,3: offshor wind,
3,offshor wind,3: offshor wind,
3,offshor wind,3: offshor wind,
3,offshor wind,3: offshor wind,
3,offshor wind,3: offshor wind,
3,offshor wind,3: offshor wind,
3,offshor wind,3: offshor wind,
3,offshor wind,3: offshor wind,
3,offshor wind,3: offshor wind,
3,offshor wind,3: offshor wind,
3,offshor wind,3: offshor wind,
3,offshor wind,3: offshor wind,
3,offshor wind,3: offshor wind,
3,offshor wind,3: offshor wind,
3,offshor wind,3: offshor wind,
3,offshor wind,3: offshor wind,
3,offshor wind,3: offshor wind,
3,offshor wind,3: offshor wind,
3,offshor wind,3: offshor wind,
3,offshor wind,3: offshor wind,
3,offshor wind,3: offshor wind,
3,offshor wind,3: offshor wind,
3,offshor wind,3: offshor wind,
3,offshor wind,3: offshor wind,
3,offshor wind,3: offshor wind,
3,offshor wind,3: offshor wind,
3,offshor wind,3: offshor wind,
3,offshor wind,3: offshor wind,
3,offshor wind,3: offshor wind,
3,offshor wind,3: offshor wind,
3,offshor wind,3: offshor wind,
3,offshor wind,3: offshor wind,
3,offshor wind,3: offshor wind,
3,offshor wind,3: offshor wind,
3,offshor wind,3: offshor wind,
3,offshor wind,3: offshor wind,
3,offshor wind,3: offshor wind,
3,offshor wind,3: offshor wind,
3,offshor wind,3: offshor wind,
3,offshor wind,3: offshor wind,
3,offshor wind,3: offshor wind,
3,offshor wind,3: offshor wind,
3,offshor wind,3: offshor wind,
3,offshor wind,3: offshor wind,
3,offshor wind,3: offshor wind,
3,offshor wind,3: offshor wind,
3,offshor wind,3: offshor wind,
3,offshor wind,3: offshor wind,
3,offshor wind,3: offshor wind,
3,offshor wind,3: offshor wind,
3,offshor wind,3: offshor wind,
3,offshor wind,3: offshor wind,
3,offshor wind,3: offshor wind,
3,offshor wind,3: offshor wind,
3,offshor wind,3: offshor wind,
3,offshor wind,3: offshor wind,
3,offshor wind,3: offshor wind,
3,offshor wind,3: offshor wind,
3,offshor wind,3: offshor wind,
3,offshor wind,3: offshor wind,
3,offshor wind,3: offshor wind,
4,baltic sea,4: baltic sea,
4,baltic sea,4: baltic sea,
4,baltic sea,4: baltic sea,
4,baltic sea,4: baltic sea,
4,baltic sea,4: baltic sea,
4,baltic sea,4: baltic sea,
4,baltic sea,4: baltic sea,
4,baltic sea,4: baltic sea,
4,baltic sea,4: baltic sea,
4,baltic sea,4: baltic sea,
4,baltic sea,4: baltic sea,
4,baltic sea,4: baltic sea,
4,baltic sea,4: baltic sea,
4,baltic sea,4: baltic sea,
4,baltic sea,4: baltic sea,
4,baltic sea,4: baltic sea,
4,baltic sea,4: baltic sea,
4,baltic sea,4: baltic sea,
4,baltic sea,4: baltic sea,
4,baltic sea,4: baltic sea,
4,baltic sea,4: baltic sea,
4,baltic sea,4: baltic sea,
4,baltic sea,4: baltic sea,
4,baltic sea,4: baltic sea,
4,baltic sea,4: baltic sea,
4,baltic sea,4: baltic sea,
4,baltic sea,4: baltic sea,
4,baltic sea,4: baltic sea,
4,baltic sea,4: baltic sea,
4,baltic sea,4: baltic sea,
4,baltic sea,4: baltic sea,
4,baltic sea,4: baltic sea,
4,baltic sea,4: baltic sea,
4,baltic sea,4: baltic sea,
4,baltic sea,4: baltic sea,
4,baltic sea,4: baltic sea,
4,baltic sea,4: baltic sea,
4,baltic sea,4: baltic sea,
4,baltic sea,4: baltic sea,
4,baltic sea,4: baltic sea,
4,baltic sea,4: baltic sea,
4,baltic sea,4: baltic sea,
4,baltic sea,4: baltic sea,
4,baltic sea,4: baltic sea,
4,baltic sea,4: baltic sea,
4,baltic sea,4: baltic sea,
4,baltic sea,4: baltic sea,
4,baltic sea,4: baltic sea,
4,baltic sea,4: baltic sea,
4,baltic sea,4: baltic sea,
4,baltic sea,4: baltic sea,
4,baltic sea,4: baltic sea,
4,baltic sea,4: baltic sea,
4,baltic sea,4: baltic sea,
4,baltic sea,4: baltic sea,
4,baltic sea,4: baltic sea,
4,baltic sea,4: baltic sea,
4,baltic sea,4: baltic sea,
4,baltic sea,4: baltic sea,
4,baltic sea,4: baltic sea,
4,baltic sea,4: baltic sea,
4,baltic sea,4: baltic sea,
4,baltic sea,4: baltic sea,
4,baltic sea,4: baltic sea,
4,baltic sea,4: baltic sea,
4,baltic sea,4: baltic sea,
4,baltic sea,4: baltic sea,
4,baltic sea,4: baltic sea,
4,baltic sea,4: baltic sea,
4,baltic sea,4: baltic sea,
4,baltic sea,4: baltic sea,
4,baltic sea,4: baltic sea,
4,baltic sea,4: baltic sea,
4,baltic sea,4: baltic sea,
4,baltic sea,4: baltic sea,
4,baltic sea,4: baltic sea,
4,baltic sea,4: baltic sea,
4,baltic sea,4: baltic sea,
4,baltic sea,4: baltic sea,
4,baltic sea,4: baltic sea,
4,baltic sea,4: baltic sea,
4,baltic sea,4: baltic sea,
4,baltic sea,4: baltic sea,
4,baltic sea,4: baltic sea,
4,baltic sea,4: baltic sea,
4,baltic sea,4: baltic sea,
4,baltic sea,4: baltic sea,
4,baltic sea,4: baltic sea,
4,baltic sea,4: baltic sea,
4,baltic sea,4: baltic sea,
4,baltic sea,4: baltic sea,
4,baltic sea,4: baltic sea,
4,baltic sea,4: baltic sea,
4,baltic sea,4: baltic sea,
4,baltic sea,4: baltic sea,
4,baltic sea,4: baltic sea,
4,baltic sea,4: baltic sea,
4,baltic sea,4: baltic sea,
4,baltic sea,4: baltic sea,
4,baltic sea,4: baltic sea,
4,baltic sea,4: baltic sea,
4,baltic sea,4: baltic sea,
4,baltic sea,4: baltic sea,
4,baltic sea,4: baltic sea,
4,baltic sea,4: baltic sea,
4,baltic sea,4: baltic sea,
4,baltic sea,4: baltic sea,
4,baltic sea,4: baltic sea,
4,baltic sea,4: baltic sea,
4,baltic sea,4: baltic sea,
4,baltic sea,4: baltic sea,
4,baltic sea,4: baltic sea,
4,baltic sea,4: baltic sea,
4,baltic sea,4: baltic sea,
4,baltic sea,4: baltic sea,
4,baltic sea,4: baltic sea,
4,baltic sea,4: baltic sea,
4,baltic sea,4: baltic sea,
4,baltic sea,4: baltic sea,
4,baltic sea,4: baltic sea,
4,baltic sea,4: baltic sea,
4,baltic sea,4: baltic sea,
4,baltic sea,4: baltic sea,
4,baltic sea,4: baltic sea,
4,baltic sea,4: baltic sea,
4,baltic sea,4: baltic sea,
4,baltic sea,4: baltic sea,
4,baltic sea,4: baltic sea,
4,baltic sea,4: baltic sea,
4,baltic sea,4: baltic sea,
4,baltic sea,4: baltic sea,
4,baltic sea,4: baltic sea,
4,baltic sea,4: baltic sea,
4,baltic sea,4: baltic sea,
4,baltic sea,4: baltic sea,
4,baltic sea,4: baltic sea,
4,baltic sea,4: baltic sea,
4,baltic sea,4: baltic sea,
4,baltic sea,4: baltic sea,
4,baltic sea,4: baltic sea,
4,baltic sea,4: baltic sea,
4,baltic sea,4: baltic sea,
4,baltic sea,4: baltic sea,
4,baltic sea,4: baltic sea,
4,baltic sea,4: baltic sea,
4,baltic sea,4: baltic sea,
4,baltic sea,4: baltic sea,
4,baltic sea,4: baltic sea,
4,baltic sea,4: baltic sea,
4,baltic sea,4: baltic sea,
4,baltic sea,4: baltic sea,
4,baltic sea,4: baltic sea,
4,baltic sea,4: baltic sea,
4,baltic sea,4: baltic sea,
4,baltic sea,4: baltic sea,
4,baltic sea,4: baltic sea,
4,baltic sea,4: baltic sea,
4,baltic sea,4: baltic sea,
4,baltic sea,4: baltic sea,
4,baltic sea,4: baltic sea,
4,baltic sea,4: baltic sea,
4,baltic sea,4: baltic sea,
4,baltic sea,4: baltic sea,
4,baltic sea,4: baltic sea,
4,baltic sea,4: baltic sea,
4,baltic sea,4: baltic sea,
4,baltic sea,4: baltic sea,
4,baltic sea,4: baltic sea,
4,baltic sea,4: baltic sea,
4,baltic sea,4: baltic sea,
4,baltic sea,4: baltic sea,
4,baltic sea,4: baltic sea,
4,baltic sea,4: baltic sea,
4,baltic sea,4: baltic sea,
4,baltic sea,4: baltic sea,
4,baltic sea,4: baltic sea,
4,baltic sea,4: baltic sea,
4,baltic sea,4: baltic sea,
4,baltic sea,4: baltic sea,
4,baltic sea,4: baltic sea,
4,baltic sea,4: baltic sea,
4,baltic sea,4: baltic sea,
4,baltic sea,4: baltic sea,
4,baltic sea,4: baltic sea,
4,baltic sea,4: baltic sea,
4,baltic sea,4: baltic sea,
4,baltic sea,4: baltic sea,
4,baltic sea,4: baltic sea,
4,baltic sea,4: baltic sea,
4,baltic sea,4: baltic sea,
4,baltic sea,4: baltic sea,
4,baltic sea,4: baltic sea,
4,baltic sea,4: baltic sea,
4,baltic sea,4: baltic sea,
4,baltic sea,4: baltic sea,
4,baltic sea,4: baltic sea,
4,baltic sea,4: baltic sea,
4,baltic sea,4: baltic sea,
4,baltic sea,4: baltic sea,
4,baltic sea,4: baltic sea,
4,baltic sea,4: baltic sea,
4,baltic sea,4: baltic sea,
4,baltic sea,4: baltic sea,
4,baltic sea,4: baltic sea,
4,baltic sea,4: baltic sea,
4,baltic sea,4: baltic sea,
4,baltic sea,4: baltic sea,
4,baltic sea,4: baltic sea,
4,baltic sea,4: baltic sea,
4,baltic sea,4: baltic sea,
4,baltic sea,4: baltic sea,
4,baltic sea,4: baltic sea,
4,baltic sea,4: baltic sea,
4,baltic sea,4: baltic sea,
4,baltic sea,4: baltic sea,
4,baltic sea,4: baltic sea,
4,baltic sea,4: baltic sea,
4,baltic sea,4: baltic sea,
4,baltic sea,4: baltic sea,
4,baltic sea,4: baltic sea,
4,baltic sea,4: baltic sea,
4,baltic sea,4: baltic sea,
4,baltic sea,4: baltic sea,
4,baltic sea,4: baltic sea,
4,baltic sea,4: baltic sea,
4,baltic sea,4: baltic sea,
4,baltic sea,4: baltic sea,
4,baltic sea,4: baltic sea,
4,baltic sea,4: baltic sea,
4,baltic sea,4: baltic sea,
4,baltic sea,4: baltic sea,
4,baltic sea,4: baltic sea,
4,baltic sea,4: baltic sea,
4,baltic sea,4: baltic sea,
4,baltic sea,4: baltic sea,
4,baltic sea,4: baltic sea,
4,baltic sea,4: baltic sea,
4,baltic sea,4: baltic sea,
4,baltic sea,4: baltic sea,
4,baltic sea,4: baltic sea,
4,baltic sea,4: baltic sea,
4,baltic sea,4: baltic sea,
4,baltic sea,4: baltic sea,
4,baltic sea,4: baltic sea,
4,baltic sea,4: baltic sea,
4,baltic sea,4: baltic sea,
4,baltic sea,4: baltic sea,
4,baltic sea,4: baltic sea,
4,baltic sea,4: baltic sea,
4,baltic sea,4: baltic sea,
4,baltic sea,4: baltic sea,
4,baltic sea,4: baltic sea,
4,baltic sea,4: baltic sea,
4,baltic sea,4: baltic sea,
4,baltic sea,4: baltic sea,
4,baltic sea,4: baltic sea,
4,baltic sea,4: baltic sea,
4,baltic sea,4: baltic sea,
4,baltic sea,4: baltic sea,
4,baltic sea,4: baltic sea,
4,baltic sea,4: baltic sea,
4,baltic sea,4: baltic sea,
4,baltic sea,4: baltic sea,
4,baltic sea,4: baltic sea,
4,baltic sea,4: baltic sea,
4,baltic sea,4: baltic sea,
4,baltic sea,4: baltic sea,
4,baltic sea,4: baltic sea,
4,baltic sea,4: baltic sea,
4,baltic sea,4: baltic sea,
4,baltic sea,4: baltic sea,
4,baltic sea,4: baltic sea,
4,baltic sea,4: baltic sea,
4,baltic sea,4: baltic sea,
4,baltic sea,4: baltic sea,
4,baltic sea,4: baltic sea,
4,baltic sea,4: baltic sea,
4,baltic sea,4: baltic sea,
4,baltic sea,4: baltic sea,
4,baltic sea,4: baltic sea,
4,baltic sea,4: baltic sea,
4,baltic sea,4: baltic sea,
4,baltic sea,4: baltic sea,
4,baltic sea,4: baltic sea,
4,baltic sea,4: baltic sea,
4,baltic sea,4: baltic sea,
4,baltic sea,4: baltic sea,
4,baltic sea,4: baltic sea,
4,baltic sea,4: baltic sea,
4,baltic sea,4: baltic sea,
4,baltic sea,4: baltic sea,
4,baltic sea,4: baltic sea,
4,baltic sea,4: baltic sea,
4,baltic sea,4: baltic sea,
4,baltic sea,4: baltic sea,
4,baltic sea,4: baltic sea,
4,baltic sea,4: baltic sea,
4,baltic sea,4: baltic sea,
4,baltic sea,4: baltic sea,
4,baltic sea,4: baltic sea,
4,baltic sea,4: baltic sea,
4,baltic sea,4: baltic sea,
4,baltic sea,4: baltic sea,
4,baltic sea,4: baltic sea,
4,baltic sea,4: baltic sea,
4,baltic sea,4: baltic sea,
4,baltic sea,4: baltic sea,
4,baltic sea,4: baltic sea,
4,baltic sea,4: baltic sea,
4,baltic sea,4: baltic sea,
4,baltic sea,4: baltic sea,
4,baltic sea,4: baltic sea,
4,baltic sea,4: baltic sea,
4,baltic sea,4: baltic sea,
4,baltic sea,4: baltic sea,
4,baltic sea,4: baltic sea,
4,baltic sea,4: baltic sea,
4,baltic sea,4: baltic sea,
4,baltic sea,4: baltic sea,
4,baltic sea,4: baltic sea,
4,baltic sea,4: baltic sea,
4,baltic sea,4: baltic sea,
4,baltic sea,4: baltic sea,
4,baltic sea,4: baltic sea,
4,baltic sea,4: baltic sea,
4,baltic sea,4: baltic sea,
4,baltic sea,4: baltic sea,
4,baltic sea,4: baltic sea,
4,baltic sea,4: baltic sea,
4,baltic sea,4: baltic sea,
4,baltic sea,4: baltic sea,
4,baltic sea,4: baltic sea,
4,baltic sea,4: baltic sea,
4,baltic sea,4: baltic sea,
4,baltic sea,4: baltic sea,
4,baltic sea,4: baltic sea,
4,baltic sea,4: baltic sea,
4,baltic sea,4: baltic sea,
4,baltic sea,4: baltic sea,
4,baltic sea,4: baltic sea,
4,baltic sea,4: baltic sea,
4,baltic sea,4: baltic sea,
4,baltic sea,4: baltic sea,
4,baltic sea,4: baltic sea,
4,baltic sea,4: baltic sea,
4,baltic sea,4: baltic sea,
4,baltic sea,4: baltic sea,
4,baltic sea,4: baltic sea,
4,baltic sea,4: baltic sea,
4,baltic sea,4: baltic sea,
4,baltic sea,4: baltic sea,
4,baltic sea,4: baltic sea,
4,baltic sea,4: baltic sea,
4,baltic sea,4: baltic sea,
4,baltic sea,4: baltic sea,
4,baltic sea,4: baltic sea,
4,baltic sea,4: baltic sea,
4,baltic sea,4: baltic sea,
4,baltic sea,4: baltic sea,
4,baltic sea,4: baltic sea,
4,baltic sea,4: baltic sea,
4,baltic sea,4: baltic sea,
4,baltic sea,4: baltic sea,
4,baltic sea,4: baltic sea,
4,baltic sea,4: baltic sea,
4,baltic sea,4: baltic sea,
4,baltic sea,4: baltic sea,
4,baltic sea,4: baltic sea,
4,baltic sea,4: baltic sea,
4,baltic sea,4: baltic sea,
4,baltic sea,4: baltic sea,
4,baltic sea,4: baltic sea,
4,baltic sea,4: baltic sea,
4,baltic sea,4: baltic sea,
4,baltic sea,4: baltic sea,
4,baltic sea,4: baltic sea,
4,baltic sea,4: baltic sea,
4,baltic sea,4: baltic sea,
4,baltic sea,4: baltic sea,
4,baltic sea,4: baltic sea,
4,baltic sea,4: baltic sea,
4,baltic sea,4: baltic sea,
4,baltic sea,4: baltic sea,
4,baltic sea,4: baltic sea,
4,baltic sea,4: baltic sea,
4,baltic sea,4: baltic sea,
4,baltic sea,4: baltic sea,
4,baltic sea,4: baltic sea,
4,baltic sea,4: baltic sea,
4,baltic sea,4: baltic sea,
4,baltic sea,4: baltic sea,
4,baltic sea,4: baltic sea,
4,baltic sea,4: baltic sea,
4,baltic sea,4: baltic sea,
4,baltic sea,4: baltic sea,
4,baltic sea,4: baltic sea,
4,baltic sea,4: baltic sea,
4,baltic sea,4: baltic sea,
4,baltic sea,4: baltic sea,
4,baltic sea,4: baltic sea,
4,baltic sea,4: baltic sea,
4,baltic sea,4: baltic sea,
4,baltic sea,4: baltic sea,
4,baltic sea,4: baltic sea,
4,baltic sea,4: baltic sea,
4,baltic sea,4: baltic sea,
4,baltic sea,4: baltic sea,
4,baltic sea,4: baltic sea,
4,baltic sea,4: baltic sea,
4,baltic sea,4: baltic sea,
4,baltic sea,4: baltic sea,
4,baltic sea,4: baltic sea,
4,baltic sea,4: baltic sea,
4,baltic sea,4: baltic sea,
4,baltic sea,4: baltic sea,
4,baltic sea,4: baltic sea,
4,baltic sea,4: baltic sea,
4,baltic sea,4: baltic sea,
4,baltic sea,4: baltic sea,
4,baltic sea,4: baltic sea,
4,baltic sea,4: baltic sea,
4,baltic sea,4: baltic sea,
4,baltic sea,4: baltic sea,
4,baltic sea,4: baltic sea,
4,baltic sea,4: baltic sea,
4,baltic sea,4: baltic sea,
4,baltic sea,4: baltic sea,
4,baltic sea,4: baltic sea,
4,baltic sea,4: baltic sea,
4,baltic sea,4: baltic sea,
4,baltic sea,4: baltic sea,
4,baltic sea,4: baltic sea,
4,baltic sea,4: baltic sea,
4,baltic sea,4: baltic sea,
4,baltic sea,4: baltic sea,
4,baltic sea,4: baltic sea,
4,baltic sea,4: baltic sea,
4,baltic sea,4: baltic sea,
4,baltic sea,4: baltic sea,
4,baltic sea,4: baltic sea,
4,baltic sea,4: baltic sea,
4,baltic sea,4: baltic sea,
4,baltic sea,4: baltic sea,
4,baltic sea,4: baltic sea,
4,baltic sea,4: baltic sea,
4,baltic sea,4: baltic sea,
4,baltic sea,4: baltic sea,
4,baltic sea,4: baltic sea,
4,baltic sea,4: baltic sea,
4,baltic sea,4: baltic sea,
4,baltic sea,4: baltic sea,
4,baltic sea,4: baltic sea,
4,baltic sea,4: baltic sea,
4,baltic sea,4: baltic sea,
4,baltic sea,4: baltic sea,
4,baltic sea,4: baltic sea,
4,baltic sea,4: baltic sea,
4,baltic sea,4: baltic sea,
4,baltic sea,4: baltic sea,
4,baltic sea,4: baltic sea,
4,baltic sea,4: baltic sea,
4,baltic sea,4: baltic sea,
4,baltic sea,4: baltic sea,
4,baltic sea,4: baltic sea,
4,baltic sea,4: baltic sea,
4,baltic sea,4: baltic sea,
4,baltic sea,4: baltic sea,
4,baltic sea,4: baltic sea,
4,baltic sea,4: baltic sea,
4,baltic sea,4: baltic sea,
4,baltic sea,4: baltic sea,
4,baltic sea,4: baltic sea,
4,baltic sea,4: baltic sea,
4,baltic sea,4: baltic sea,
4,baltic sea,4: baltic sea,
4,baltic sea,4: baltic sea,
4,baltic sea,4: baltic sea,
4,baltic sea,4: baltic sea,
4,baltic sea,4: baltic sea,
4,baltic sea,4: baltic sea,
4,baltic sea,4: baltic sea,
4,baltic sea,4: baltic sea,
4,baltic sea,4: baltic sea,
4,baltic sea,4: baltic sea,
4,baltic sea,4: baltic sea,
4,baltic sea,4: baltic sea,
4,baltic sea,4: baltic sea,
4,baltic sea,4: baltic sea,
4,baltic sea,4: baltic sea,
4,baltic sea,4: baltic sea,
4,baltic sea,4: baltic sea,
4,baltic sea,4: baltic sea,
4,baltic sea,4: baltic sea,
4,baltic sea,4: baltic sea,
4,baltic sea,4: baltic sea,
4,baltic sea,4: baltic sea,
4,baltic sea,4: baltic sea,
4,baltic sea,4: baltic sea,
4,baltic sea,4: baltic sea,
4,baltic sea,4: baltic sea,
4,baltic sea,4: baltic sea,
4,baltic sea,4: baltic sea,
4,baltic sea,4: baltic sea,
4,baltic sea,4: baltic sea,
4,baltic sea,4: baltic sea,
4,baltic sea,4: baltic sea,
4,baltic sea,4: baltic sea,
4,baltic sea,4: baltic sea,
4,baltic sea,4: baltic sea,
4,baltic sea,4: baltic sea,
4,baltic sea,4: baltic sea,
4,baltic sea,4: baltic sea,
4,baltic sea,4: baltic sea,
4,baltic sea,4: baltic sea,
4,baltic sea,4: baltic sea,
4,baltic sea,4: baltic sea,
4,baltic sea,4: baltic sea,
4,baltic sea,4: baltic sea,
4,baltic sea,4: baltic sea,
4,baltic sea,4: baltic sea,
4,baltic sea,4: baltic sea,
4,baltic sea,4: baltic sea,
4,baltic sea,4: baltic sea,
4,baltic sea,4: baltic sea,
4,baltic sea,4: baltic sea,
4,baltic sea,4: baltic sea,
4,baltic sea,4: baltic sea,
4,baltic sea,4: baltic sea,
4,baltic sea,4: baltic sea,
4,baltic sea,4: baltic sea,
4,baltic sea,4: baltic sea,
4,baltic sea,4: baltic sea,
4,baltic sea,4: baltic sea,
4,baltic sea,4: baltic sea,
4,baltic sea,4: baltic sea,
4,baltic sea,4: baltic sea,
4,baltic sea,4: baltic sea,
4,baltic sea,4: baltic sea,
4,baltic sea,4: baltic sea,
4,baltic sea,4: baltic sea,
4,baltic sea,4: baltic sea,
4,baltic sea,4: baltic sea,
4,baltic sea,4: baltic sea,
4,baltic sea,4: baltic sea,
4,baltic sea,4: baltic sea,
4,baltic sea,4: baltic sea,
4,baltic sea,4: baltic sea,
4,baltic sea,4: baltic sea,
4,baltic sea,4: baltic sea,
4,baltic sea,4: baltic sea,
4,baltic sea,4: baltic sea,
4,baltic sea,4: baltic sea,
4,baltic sea,4: baltic sea,
4,baltic sea,4: baltic sea,
4,baltic sea,4: baltic sea,
4,baltic sea,4: baltic sea,
4,baltic sea,4: baltic sea,
4,baltic sea,4: baltic sea,
4,baltic sea,4: baltic sea,
4,baltic sea,4: baltic sea,
4,baltic sea,4: baltic sea,
4,baltic sea,4: baltic sea,
4,baltic sea,4: baltic sea,
4,baltic sea,4: baltic sea,
4,baltic sea,4: baltic sea,
4,baltic sea,4: baltic sea,
4,baltic sea,4: baltic sea,
4,baltic sea,4: baltic sea,
4,baltic sea,4: baltic sea,
4,baltic sea,4: baltic sea,
4,baltic sea,4: baltic sea,
4,baltic sea,4: baltic sea,
4,baltic sea,4: baltic sea,
4,baltic sea,4: baltic sea,
4,baltic sea,4: baltic sea,
4,baltic sea,4: baltic sea,
4,baltic sea,4: baltic sea,
4,baltic sea,4: baltic sea,
4,baltic sea,4: baltic sea,
4,baltic sea,4: baltic sea,
4,baltic sea,4: baltic sea,
4,baltic sea,4: baltic sea,
4,baltic sea,4: baltic sea,
4,baltic sea,4: baltic sea,
4,baltic sea,4: baltic sea,
4,baltic sea,4: baltic sea,
4,baltic sea,4: baltic sea,
4,baltic sea,4: baltic sea,
4,baltic sea,4: baltic sea,
4,baltic sea,4: baltic sea,
4,baltic sea,4: baltic sea,
4,baltic sea,4: baltic sea,
4,baltic sea,4: baltic sea,
4,baltic sea,4: baltic sea,
4,baltic sea,4: baltic sea,
4,baltic sea,4: baltic sea,
4,baltic sea,4: baltic sea,
4,baltic sea,4: baltic sea,
4,baltic sea,4: baltic sea,
4,baltic sea,4: baltic sea,
4,baltic sea,4: baltic sea,
4,baltic sea,4: baltic sea,
4,baltic sea,4: baltic sea,
4,baltic sea,4: baltic sea,
4,baltic sea,4: baltic sea,
4,baltic sea,4: baltic sea,
4,baltic sea,4: baltic sea,
4,baltic sea,4: baltic sea,
4,baltic sea,4: baltic sea,
4,baltic sea,4: baltic sea,
4,baltic sea,4: baltic sea,
4,baltic sea,4: baltic sea,
4,baltic sea,4: baltic sea,
4,baltic sea,4: baltic sea,
4,baltic sea,4: baltic sea,
4,baltic sea,4: baltic sea,
4,baltic sea,4: baltic sea,
4,baltic sea,4: baltic sea,
4,baltic sea,4: baltic sea,
4,baltic sea,4: baltic sea,
4,baltic sea,4: baltic sea,
4,baltic sea,4: baltic sea,
4,baltic sea,4: baltic sea,
4,baltic sea,4: baltic sea,
4,baltic sea,4: baltic sea,
4,baltic sea,4: baltic sea,
4,baltic sea,4: baltic sea,
4,baltic sea,4: baltic sea,
4,baltic sea,4: baltic sea,
4,baltic sea,4: baltic sea,
4,baltic sea,4: baltic sea,
4,baltic sea,4: baltic sea,
4,baltic sea,4: baltic sea,
4,baltic sea,4: baltic sea,
4,baltic sea,4: baltic sea,
4,baltic sea,4: baltic sea,
4,baltic sea,4: baltic sea,
4,baltic sea,4: baltic sea,
4,baltic sea,4: baltic sea,
4,baltic sea,4: baltic sea,
4,baltic sea,4: baltic sea,
4,baltic sea,4: baltic sea,
4,baltic sea,4: baltic sea,
4,baltic sea,4: baltic sea,
4,baltic sea,4: baltic sea,
4,baltic sea,4: baltic sea,
4,baltic sea,4: baltic sea,
4,baltic sea,4: baltic sea,
4,baltic sea,4: baltic sea,
4,baltic sea,4: baltic sea,
4,baltic sea,4: baltic sea,
4,baltic sea,4: baltic sea,
4,baltic sea,4: baltic sea,
4,baltic sea,4: baltic sea,
4,baltic sea,4: baltic sea,
4,baltic sea,4: baltic sea,
4,baltic sea,4: baltic sea,
4,baltic sea,4: baltic sea,
4,baltic sea,4: baltic sea,
4,baltic sea,4: baltic sea,
4,baltic sea,4: baltic sea,
4,baltic sea,4: baltic sea,
4,baltic sea,4: baltic sea,
4,baltic sea,4: baltic sea,
4,baltic sea,4: baltic sea,
4,baltic sea,4: baltic sea,
4,baltic sea,4: baltic sea,
4,baltic sea,4: baltic sea,
4,baltic sea,4: baltic sea,
4,baltic sea,4: baltic sea,
4,baltic sea,4: baltic sea,
4,baltic sea,4: baltic sea,
4,baltic sea,4: baltic sea,
4,baltic sea,4: baltic sea,
4,baltic sea,4: baltic sea,
4,baltic sea,4: baltic sea,
4,baltic sea,4: baltic sea,
4,baltic sea,4: baltic sea,
4,baltic sea,4: baltic sea,
4,baltic sea,4: baltic sea,
4,baltic sea,4: baltic sea,
4,baltic sea,4: baltic sea,
4,baltic sea,4: baltic sea,
4,baltic sea,4: baltic sea,
4,baltic sea,4: baltic sea,
4,baltic sea,4: baltic sea,
4,baltic sea,4: baltic sea,
4,baltic sea,4: baltic sea,
4,baltic sea,4: baltic sea,
4,baltic sea,4: baltic sea,
2,municip council,2: municip council,
2,municip council,2: municip council,
2,municip council,2: municip council,
2,municip council,2: municip council,
2,municip council,2: municip council,
2,municip council,2: municip council,
2,municip council,2: municip council,
2,municip council,2: municip council,
2,municip council,2: municip council,
2,municip council,2: municip council,
2,municip council,2: municip council,
2,municip council,2: municip council,
2,municip council,2: municip council,
2,municip council,2: municip council,
2,municip council,2: municip council,
2,municip council,2: municip council,
2,municip council,2: municip council,
2,municip council,2: municip council,
2,municip council,2: municip council,
2,municip council,2: municip council,
2,municip council,2: municip council,
2,municip council,2: municip council,
2,municip council,2: municip council,
2,municip council,2: municip council,
2,municip council,2: municip council,
2,municip council,2: municip council,
2,municip council,2: municip council,
2,municip council,2: municip council,
2,municip council,2: municip council,
2,municip council,2: municip council,
2,municip council,2: municip council,
2,municip council,2: municip council,
2,municip council,2: municip council,
2,municip council,2: municip council,
2,municip council,2: municip council,
2,municip council,2: municip council,
2,municip council,2: municip council,
2,municip council,2: municip council,
2,municip council,2: municip council,
2,municip council,2: municip council,
2,municip council,2: municip council,
2,municip council,2: municip council,
2,municip council,2: municip council,
2,municip council,2: municip council,
2,municip council,2: municip council,
2,municip council,2: municip council,
2,municip council,2: municip council,
2,municip council,2: municip council,
2,municip council,2: municip council,
2,municip council,2: municip council,
2,municip council,2: municip council,
2,municip council,2: municip council,
2,municip council,2: municip council,
2,municip council,2: municip council,
2,municip council,2: municip council,
2,municip council,2: municip council,
2,municip council,2: municip council,
2,municip council,2: municip council,
2,municip council,2: municip council,
2,municip council,2: municip council,
2,municip council,2: municip council,
2,municip council,2: municip council,
2,municip council,2: municip council,
2,municip council,2: municip council,
2,municip council,2: municip council,
2,municip council,2: municip council,
2,municip council,2: municip council,
2,municip council,2: municip council,
2,municip council,2: municip council,
2,municip council,2: municip council,
2,municip council,2: municip council,
2,municip council,2: municip council,
2,municip council,2: municip council,
2,municip council,2: municip council,
2,municip council,2: municip council,
2,municip council,2: municip council,
2,municip council,2: municip council,
2,municip council,2: municip council,
2,municip council,2: municip council,
2,municip council,2: municip council,
2,municip council,2: municip council,
2,municip council,2: municip council,
2,municip council,2: municip council,
2,municip council,2: municip council,
2,municip council,2: municip council,
2,municip council,2: municip council,
2,municip council,2: municip council,
2,municip council,2: municip council,
2,municip council,2: municip council,
2,municip council,2: municip council,
2,municip council,2: municip council,
2,municip council,2: municip council,
2,municip council,2: municip council,
2,municip council,2: municip council,
2,municip council,2: municip council,
2,municip council,2: municip council,
2,municip council,2: municip council,
2,municip council,2: municip council,
2,municip council,2: municip council,
2,municip council,2: municip council,
2,municip council,2: municip council,
2,municip council,2: municip council,
2,municip council,2: municip council,
2,municip council,2: municip council,
2,municip council,2: municip council,
2,municip council,2: municip council,
2,municip council,2: municip council,
2,municip council,2: municip council,
2,municip council,2: municip council,
2,municip council,2: municip council,
2,municip council,2: municip council,
2,municip council,2: municip council,
2,municip council,2: municip council,
2,municip council,2: municip council,
2,municip council,2: municip council,
2,municip council,2: municip council,
2,municip council,2: municip council,
2,municip council,2: municip council,
2,municip council,2: municip council,
2,municip council,2: municip council,
2,municip council,2: municip council,
2,municip council,2: municip council,
2,municip council,2: municip council,
2,municip council,2: municip council,
2,municip council,2: municip council,
2,municip council,2: municip council,
2,municip council,2: municip council,
2,municip council,2: municip council,
2,municip council,2: municip council,
2,municip council,2: municip council,
2,municip council,2: municip council,
2,municip council,2: municip council,
2,municip council,2: municip council,
2,municip council,2: municip council,
2,municip council,2: municip council,
2,municip council,2: municip council,
2,municip council,2: municip council,
2,municip council,2: municip council,
2,municip council,2: municip council,
2,municip council,2: municip council,
2,municip council,2: municip council,
2,municip council,2: municip council,
2,municip council,2: municip council,
2,municip council,2: municip council,
2,municip council,2: municip council,
2,municip council,2: municip council,
2,municip council,2: municip council,
2,municip council,2: municip council,
2,municip council,2: municip council,
2,municip council,2: municip council,
2,municip council,2: municip council,
2,municip council,2: municip council,
2,municip council,2: municip council,
2,municip council,2: municip council,
2,municip council,2: municip council,
2,municip council,2: municip council,
4,baltic sea,4: baltic sea,
4,baltic sea,4: baltic sea,
4,baltic sea,4: baltic sea,
4,baltic sea,4: baltic sea,
4,baltic sea,4: baltic sea,
4,baltic sea,4: baltic sea,
4,baltic sea,4: baltic sea,
4,baltic sea,4: baltic sea,
4,baltic sea,4: baltic sea,
4,baltic sea,4: baltic sea,
4,baltic sea,4: baltic sea,
4,baltic sea,4: baltic sea,
4,baltic sea,4: baltic sea,
4,baltic sea,4: baltic sea,
4,baltic sea,4: baltic sea,
4,baltic sea,4: baltic sea,
4,baltic sea,4: baltic sea,
4,baltic sea,4: baltic sea,
4,baltic sea,4: baltic sea,
4,baltic sea,4: baltic sea,
4,baltic sea,4: baltic sea,
4,baltic sea,4: baltic sea,
4,baltic sea,4: baltic sea,
4,baltic sea,4: baltic sea,
4,baltic sea,4: baltic sea,
4,baltic sea,4: baltic sea,
4,baltic sea,4: baltic sea,
4,baltic sea,4: baltic sea,
4,baltic sea,4: baltic sea,
4,baltic sea,4: baltic sea,
4,baltic sea,4: baltic sea,
4,baltic sea,4: baltic sea,
4,baltic sea,4: baltic sea,
4,baltic sea,4: baltic sea,
4,baltic sea,4: baltic sea,
4,baltic sea,4: baltic sea,
4,baltic sea,4: baltic sea,
4,baltic sea,4: baltic sea,
4,baltic sea,4: baltic sea,
4,baltic sea,4: baltic sea,
4,baltic sea,4: baltic sea,
4,baltic sea,4: baltic sea,
4,baltic sea,4: baltic sea,
4,baltic sea,4: baltic sea,
4,baltic sea,4: baltic sea,
4,baltic sea,4: baltic sea,
4,baltic sea,4: baltic sea,
4,baltic sea,4: baltic sea,
4,baltic sea,4: baltic sea,
4,baltic sea,4: baltic sea,
4,baltic sea,4: baltic sea,
4,baltic sea,4: baltic sea,
4,baltic sea,4: baltic sea,
4,baltic sea,4: baltic sea,
4,baltic sea,4: baltic sea,
4,baltic sea,4: baltic sea,
4,baltic sea,4: baltic sea,
4,baltic sea,4: baltic sea,
4,baltic sea,4: baltic sea,
4,baltic sea,4: baltic sea,
4,baltic sea,4: baltic sea,
4,baltic sea,4: baltic sea,
4,baltic sea,4: baltic sea,
4,baltic sea,4: baltic sea,
4,baltic sea,4: baltic sea,
4,baltic sea,4: baltic sea,
4,baltic sea,4: baltic sea,
4,baltic sea,4: baltic sea,
4,baltic sea,4: baltic sea,
4,baltic sea,4: baltic sea,
4,baltic sea,4: baltic sea,
4,baltic sea,4: baltic sea,
4,baltic sea,4: baltic sea,
4,baltic sea,4: baltic sea,
4,baltic sea,4: baltic sea,
4,baltic sea,4: baltic sea,
4,baltic sea,4: baltic sea,
4,baltic sea,4: baltic sea,
4,baltic sea,4: baltic sea,
4,baltic sea,4: baltic sea,
4,baltic sea,4: baltic sea,
4,baltic sea,4: baltic sea,
4,baltic sea,4: baltic sea,
4,baltic sea,4: baltic sea,
4,baltic sea,4: baltic sea,
4,baltic sea,4: baltic sea,
4,baltic sea,4: baltic sea,
4,baltic sea,4: baltic sea,
4,baltic sea,4: baltic sea,
4,baltic sea,4: baltic sea,
4,baltic sea,4: baltic sea,
4,baltic sea,4: baltic sea,
4,baltic sea,4: baltic sea,
4,baltic sea,4: baltic sea,
4,baltic sea,4: baltic sea,
4,baltic sea,4: baltic sea,
4,baltic sea,4: baltic sea,
4,baltic sea,4: baltic sea,
4,baltic sea,4: baltic sea,
4,baltic sea,4: baltic sea,
4,baltic sea,4: baltic sea,
4,baltic sea,4: baltic sea,
4,baltic sea,4: baltic sea,
4,baltic sea,4: baltic sea,
4,baltic sea,4: baltic sea,
4,baltic sea,4: baltic sea,
4,baltic sea,4: baltic sea,
4,baltic sea,4: baltic sea,
4,baltic sea,4: baltic sea,
4,baltic sea,4: baltic sea,
4,baltic sea,4: baltic sea,
4,baltic sea,4: baltic sea,
4,baltic sea,4: baltic sea,
4,baltic sea,4: baltic sea,
4,baltic sea,4: baltic sea,
4,baltic sea,4: baltic sea,
4,baltic sea,4: baltic sea,
4,baltic sea,4: baltic sea,
4,baltic sea,4: baltic sea,
4,baltic sea,4: baltic sea,
4,baltic sea,4: baltic sea,
4,baltic sea,4: baltic sea,
4,baltic sea,4: baltic sea,
4,baltic sea,4: baltic sea,
4,baltic sea,4: baltic sea,
4,baltic sea,4: baltic sea,
4,baltic sea,4: baltic sea,
4,baltic sea,4: baltic sea,
4,baltic sea,4: baltic sea,
4,baltic sea,4: baltic sea,
4,baltic sea,4: baltic sea,
4,baltic sea,4: baltic sea,
4,baltic sea,4: baltic sea,
4,baltic sea,4: baltic sea,
4,baltic sea,4: baltic sea,
4,baltic sea,4: baltic sea,
4,baltic sea,4: baltic sea,
4,baltic sea,4: baltic sea,
2,municip council,2: municip council,
2,municip council,2: municip council,
2,municip council,2: municip council,
2,municip council,2: municip council,
2,municip council,2: municip council,
2,municip council,2: municip council,
2,municip council,2: municip council,
2,municip council,2: municip council,
2,municip council,2: municip council,
2,municip council,2: municip council,
2,municip council,2: municip council,
2,municip council,2: municip council,
2,municip council,2: municip council,
2,municip council,2: municip council,
2,municip council,2: municip council,
2,municip council,2: municip council,
2,municip council,2: municip council,
2,municip council,2: municip council,
2,municip council,2: municip council,
2,municip council,2: municip council,
2,municip council,2: municip council,
2,municip council,2: municip council,
2,municip council,2: municip council,
2,municip council,2: municip council,
2,municip council,2: municip council,
2,municip council,2: municip council,
2,municip council,2: municip council,
2,municip council,2: municip council,
2,municip council,2: municip council,
2,municip council,2: municip council,
2,municip council,2: municip council,
2,municip council,2: municip council,
2,municip council,2: municip council,
2,municip council,2: municip council,
2,municip council,2: municip council,
2,municip council,2: municip council,
2,municip council,2: municip council,
2,municip council,2: municip council,
2,municip council,2: municip council,
2,municip council,2: municip council,
2,municip council,2: municip council,
2,municip council,2: municip council,
2,municip council,2: municip council,
2,municip council,2: municip council,
2,municip council,2: municip council,
2,municip council,2: municip council,
2,municip council,2: municip council,
2,municip council,2: municip council,
2,municip council,2: municip council,
2,municip council,2: municip council,
2,municip council,2: municip council,
2,municip council,2: municip council,
2,municip council,2: municip council,
2,municip council,2: municip council,
2,municip council,2: municip council,
2,municip council,2: municip council,
2,municip council,2: municip council,
2,municip council,2: municip council,
2,municip council,2: municip council,
2,municip council,2: municip council,
2,municip council,2: municip council,
2,municip council,2: municip council,
2,municip council,2: municip council,
2,municip council,2: municip council,
2,municip council,2: municip council,
2,municip council,2: municip council,
2,municip council,2: municip council,
2,municip council,2: municip council,
2,municip council,2: municip council,
2,municip council,2: municip council,
2,municip council,2: municip council,
2,municip council,2: municip council,
2,municip council,2: municip council,
2,municip council,2: municip council,
2,municip council,2: municip council,
2,municip council,2: municip council,
2,municip council,2: municip council,
2,municip council,2: municip council,
2,municip council,2: municip council,
2,municip council,2: municip council,
2,municip council,2: municip council,
2,municip council,2: municip council,
2,municip council,2: municip council,
2,municip council,2: municip council,
2,municip council,2: municip council,
2,municip council,2: municip council,
2,municip council,2: municip council,
2,municip council,2: municip council,
2,municip council,2: municip council,
2,municip council,2: municip council,
2,municip council,2: municip council,
2,municip council,2: municip council,
2,municip council,2: municip council,
2,municip council,2: municip council,
2,municip council,2: municip council,
2,municip council,2: municip council,
2,municip council,2: municip council,
2,municip council,2: municip council,
2,municip council,2: municip council,
2,municip council,2: municip council,
2,municip council,2: municip council,
2,municip council,2: municip council,
2,municip council,2: municip council,
2,municip council,2: municip council,
2,municip council,2: municip council,
2,municip council,2: municip council,
2,municip council,2: municip council,
2,municip council,2: municip council,
2,municip council,2: municip council,
2,municip council,2: municip council,
2,municip council,2: municip council,
2,municip council,2: municip council,
2,municip council,2: municip council,
2,municip council,2: municip council,
2,municip council,2: municip council,
2,municip council,2: municip council,
2,municip council,2: municip council,
2,municip council,2: municip council,
2,municip council,2: municip council,
2,municip council,2: municip council,
2,municip council,2: municip council,
2,municip council,2: municip council,
2,municip council,2: municip council,
2,municip council,2: municip council,
2,municip council,2: municip council,
2,municip council,2: municip council,
2,municip council,2: municip council,
2,municip council,2: municip council,
2,municip council,2: municip council,
2,municip council,2: municip council,
2,municip council,2: municip council,
2,municip council,2: municip council,
2,municip council,2: municip council,
2,municip council,2: municip council,
2,municip council,2: municip council,
2,municip council,2: municip council,
2,municip council,2: municip council,
2,municip council,2: municip council,
2,municip council,2: municip council,
2,municip council,2: municip council,
2,municip council,2: municip council,
2,municip council,2: municip council,
2,municip council,2: municip council,
2,municip council,2: municip council,
2,municip council,2: municip council,
2,municip council,2: municip council,
2,municip council,2: municip council,
2,municip council,2: municip council,
2,municip council,2: municip council,
2,municip council,2: municip council,
2,municip council,2: municip council,
2,municip council,2: municip council,
2,municip council,2: municip council,
2,municip council,2: municip council,
2,municip council,2: municip council,
2,municip council,2: municip council,
0,energi island,0: energi island,
0,energi island,0: energi island,
0,energi island,0: energi island,
0,energi island,0: energi island,
0,energi island,0: energi island,
0,energi island,0: energi island,
0,energi island,0: energi island,
0,energi island,0: energi island,
0,energi island,0: energi island,
0,energi island,0: energi island,
0,energi island,0: energi island,
0,energi island,0: energi island,
0,energi island,0: energi island,
0,energi island,0: energi island,
0,energi island,0: energi island,
0,energi island,0: energi island,
0,energi island,0: energi island,
0,energi island,0: energi island,
0,energi island,0: energi island,
0,energi island,0: energi island,
0,energi island,0: energi island,
0,energi island,0: energi island,
0,energi island,0: energi island,
0,energi island,0: energi island,
0,energi island,0: energi island,
0,energi island,0: energi island,
0,energi island,0: energi island,
0,energi island,0: energi island,
0,energi island,0: energi island,
0,energi island,0: energi island,
0,energi island,0: energi island,
0,energi island,0: energi island,
0,energi island,0: energi island,
0,energi island,0: energi island,
0,energi island,0: energi island,
0,energi island,0: energi island,
0,energi island,0: energi island,
0,energi island,0: energi island,
0,energi island,0: energi island,
0,energi island,0: energi island,
0,energi island,0: energi island,
0,energi island,0: energi island,
0,energi island,0: energi island,
0,energi island,0: energi island,
0,energi island,0: energi island,
0,energi island,0: energi island,
0,energi island,0: energi island,
0,energi island,0: energi island,
0,energi island,0: energi island,
0,energi island,0: energi island,
0,energi island,0: energi island,
0,energi island,0: energi island,
0,energi island,0: energi island,
0,energi island,0: energi island,
0,energi island,0: energi island,
0,energi island,0: energi island,
0,energi island,0: energi island,
0,energi island,0: energi island,
0,energi island,0: energi island,
0,energi island,0: energi island,
0,energi island,0: energi island,
0,energi island,0: energi island,
0,energi island,0: energi island,
0,energi island,0: energi island,
0,energi island,0: energi island,
0,energi island,0: energi island,
0,energi island,0: energi island,
0,energi island,0: energi island,
0,energi island,0: energi island,
0,energi island,0: energi island,
0,energi island,0: energi island,
0,energi island,0: energi island,
0,energi island,0: energi island,
0,energi island,0: energi island,
0,energi island,0: energi island,
0,energi island,0: energi island,
0,energi island,0: energi island,
0,energi island,0: energi island,
0,energi island,0: energi island,
0,energi island,0: energi island,
0,energi island,0: energi island,
0,energi island,0: energi island,
0,energi island,0: energi island,
0,energi island,0: energi island,
0,energi island,0: energi island,
0,energi island,0: energi island,
0,energi island,0: energi island,
0,energi island,0: energi island,
0,energi island,0: energi island,
0,energi island,0: energi island,
0,energi island,0: energi island,
0,energi island,0: energi island,
0,energi island,0: energi island,
0,energi island,0: energi island,
0,energi island,0: energi island,
0,energi island,0: energi island,
0,energi island,0: energi island,
0,energi island,0: energi island,
0,energi island,0: energi island,
0,energi island,0: energi island,
0,energi island,0: energi island,
0,energi island,0: energi island,
0,energi island,0: energi island,
0,energi island,0: energi island,
0,energi island,0: energi island,
0,energi island,0: energi island,
0,energi island,0: energi island,
0,energi island,0: energi island,
0,energi island,0: energi island,
0,energi island,0: energi island,
0,energi island,0: energi island,
0,energi island,0: energi island,
0,energi island,0: energi island,
0,energi island,0: energi island,
0,energi island,0: energi island,
0,energi island,0: energi island,
0,energi island,0: energi island,
0,energi island,0: energi island,
0,energi island,0: energi island,
0,energi island,0: energi island,
0,energi island,0: energi island,
0,energi island,0: energi island,
0,energi island,0: energi island,
0,energi island,0: energi island,
0,energi island,0: energi island,
0,energi island,0: energi island,
0,energi island,0: energi island,
0,energi island,0: energi island,
0,energi island,0: energi island,
0,energi island,0: energi island,
0,energi island,0: energi island,
0,energi island,0: energi island,
0,energi island,0: energi island,
0,energi island,0: energi island,
0,energi island,0: energi island,
0,energi island,0: energi island,
0,energi island,0: energi island,
0,energi island,0: energi island,
0,energi island,0: energi island,
0,energi island,0: energi island,
0,energi island,0: energi island,
0,energi island,0: energi island,
0,energi island,0: energi island,
0,energi island,0: energi island,
0,energi island,0: energi island,
0,energi island,0: energi island,
0,energi island,0: energi island,
0,energi island,0: energi island,
0,energi island,0: energi island,
0,energi island,0: energi island,
0,energi island,0: energi island,
0,energi island,0: energi island,
0,energi island,0: energi island,
0,energi island,0: energi island,
0,energi island,0: energi island,
0,energi island,0: energi island,
0,energi island,0: energi island,
8,wind turbin,8: wind turbin,
8,wind turbin,8: wind turbin,
8,wind turbin,8: wind turbin,
8,wind turbin,8: wind turbin,
8,wind turbin,8: wind turbin,
8,wind turbin,8: wind turbin,
8,wind turbin,8: wind turbin,
8,wind turbin,8: wind turbin,
8,wind turbin,8: wind turbin,
8,wind turbin,8: wind turbin,
8,wind turbin,8: wind turbin,
8,wind turbin,8: wind turbin,
8,wind turbin,8: wind turbin,
8,wind turbin,8: wind turbin,
8,wind turbin,8: wind turbin,
8,wind turbin,8: wind turbin,
8,wind turbin,8: wind turbin,
8,wind turbin,8: wind turbin,
8,wind turbin,8: wind turbin,
8,wind turbin,8: wind turbin,
8,wind turbin,8: wind turbin,
8,wind turbin,8: wind turbin,
8,wind turbin,8: wind turbin,
8,wind turbin,8: wind turbin,
8,wind turbin,8: wind turbin,
8,wind turbin,8: wind turbin,
8,wind turbin,8: wind turbin,
8,wind turbin,8: wind turbin,
8,wind turbin,8: wind turbin,
8,wind turbin,8: wind turbin,
8,wind turbin,8: wind turbin,
8,wind turbin,8: wind turbin,
8,wind turbin,8: wind turbin,
8,wind turbin,8: wind turbin,
8,wind turbin,8: wind turbin,
8,wind turbin,8: wind turbin,
8,wind turbin,8: wind turbin,
8,wind turbin,8: wind turbin,
8,wind turbin,8: wind turbin,
8,wind turbin,8: wind turbin,
8,wind turbin,8: wind turbin,
8,wind turbin,8: wind turbin,
8,wind turbin,8: wind turbin,
8,wind turbin,8: wind turbin,
8,wind turbin,8: wind turbin,
8,wind turbin,8: wind turbin,
8,wind turbin,8: wind turbin,
8,wind turbin,8: wind turbin,
8,wind turbin,8: wind turbin,
8,wind turbin,8: wind turbin,
8,wind turbin,8: wind turbin,
8,wind turbin,8: wind turbin,
8,wind turbin,8: wind turbin,
8,wind turbin,8: wind turbin,
8,wind turbin,8: wind turbin,
8,wind turbin,8: wind turbin,
8,wind turbin,8: wind turbin,
8,wind turbin,8: wind turbin,
8,wind turbin,8: wind turbin,
8,wind turbin,8: wind turbin,
8,wind turbin,8: wind turbin,
8,wind turbin,8: wind turbin,
8,wind turbin,8: wind turbin,
8,wind turbin,8: wind turbin,
8,wind turbin,8: wind turbin,
8,wind turbin,8: wind turbin,
8,wind turbin,8: wind turbin,
8,wind turbin,8: wind turbin,
8,wind turbin,8: wind turbin,
8,wind turbin,8: wind turbin,
8,wind turbin,8: wind turbin,
8,wind turbin,8: wind turbin,
8,wind turbin,8: wind turbin,
8,wind turbin,8: wind turbin,
8,wind turbin,8: wind turbin,
8,wind turbin,8: wind turbin,
8,wind turbin,8: wind turbin,
8,wind turbin,8: wind turbin,
8,wind turbin,8: wind turbin,
8,wind turbin,8: wind turbin,
8,wind turbin,8: wind turbin,
8,wind turbin,8: wind turbin,
8,wind turbin,8: wind turbin,
8,wind turbin,8: wind turbin,
8,wind turbin,8: wind turbin,
8,wind turbin,8: wind turbin,
8,wind turbin,8: wind turbin,
8,wind turbin,8: wind turbin,
8,wind turbin,8: wind turbin,
8,wind turbin,8: wind turbin,
8,wind turbin,8: wind turbin,
8,wind turbin,8: wind turbin,
8,wind turbin,8: wind turbin,
8,wind turbin,8: wind turbin,
8,wind turbin,8: wind turbin,
8,wind turbin,8: wind turbin,
8,wind turbin,8: wind turbin,
8,wind turbin,8: wind turbin,
8,wind turbin,8: wind turbin,
8,wind turbin,8: wind turbin,
8,wind turbin,8: wind turbin,
8,wind turbin,8: wind turbin,
8,wind turbin,8: wind turbin,
8,wind turbin,8: wind turbin,
8,wind turbin,8: wind turbin,
8,wind turbin,8: wind turbin,
8,wind turbin,8: wind turbin,
8,wind turbin,8: wind turbin,
8,wind turbin,8: wind turbin,
8,wind turbin,8: wind turbin,
8,wind turbin,8: wind turbin,
8,wind turbin,8: wind turbin,
8,wind turbin,8: wind turbin,
8,wind turbin,8: wind turbin,
8,wind turbin,8: wind turbin,
8,wind turbin,8: wind turbin,
8,wind turbin,8: wind turbin,
8,wind turbin,8: wind turbin,
8,wind turbin,8: wind turbin,
8,wind turbin,8: wind turbin,
8,wind turbin,8: wind turbin,
8,wind turbin,8: wind turbin,
8,wind turbin,8: wind turbin,
8,wind turbin,8: wind turbin,
8,wind turbin,8: wind turbin,
8,wind turbin,8: wind turbin,
8,wind turbin,8: wind turbin,
8,wind turbin,8: wind turbin,
8,wind turbin,8: wind turbin,
8,wind turbin,8: wind turbin,
2,municip council,2: municip council,
2,municip council,2: municip council,
2,municip council,2: municip council,
2,municip council,2: municip council,
2,municip council,2: municip council,
2,municip council,2: municip council,
2,municip council,2: municip council,
2,municip council,2: municip council,
2,municip council,2: municip council,
2,municip council,2: municip council,
2,municip council,2: municip council,
2,municip council,2: municip council,
2,municip council,2: municip council,
2,municip council,2: municip council,
2,municip council,2: municip council,
2,municip council,2: municip council,
2,municip council,2: municip council,
2,municip council,2: municip council,
2,municip council,2: municip council,
2,municip council,2: municip council,
2,municip council,2: municip council,
2,municip council,2: municip council,
2,municip council,2: municip council,
2,municip council,2: municip council,
2,municip council,2: municip council,
2,municip council,2: municip council,
2,municip council,2: municip council,
2,municip council,2: municip council,
2,municip council,2: municip council,
2,municip council,2: municip council,
2,municip council,2: municip council,
2,municip council,2: municip council,
2,municip council,2: municip council,
2,municip council,2: municip council,
2,municip council,2: municip council,
2,municip council,2: municip council,
2,municip council,2: municip council,
2,municip council,2: municip council,
2,municip council,2: municip council,
2,municip council,2: municip council,
2,municip council,2: municip council,
2,municip council,2: municip council,
2,municip council,2: municip council,
2,municip council,2: municip council,
2,municip council,2: municip council,
2,municip council,2: municip council,
2,municip council,2: municip council,
2,municip council,2: municip council,
2,municip council,2: municip council,
2,municip council,2: municip council,
2,municip council,2: municip council,
2,municip council,2: municip council,
2,municip council,2: municip council,
2,municip council,2: municip council,
2,municip council,2: municip council,
2,municip council,2: municip council,
2,municip council,2: municip council,
2,municip council,2: municip council,
2,municip council,2: municip council,
2,municip council,2: municip council,
2,municip council,2: municip council,
2,municip council,2: municip council,
2,municip council,2: municip council,
2,municip council,2: municip council,
2,municip council,2: municip council,
2,municip council,2: municip council,
2,municip council,2: municip council,
2,municip council,2: municip council,
2,municip council,2: municip council,
2,municip council,2: municip council,
2,municip council,2: municip council,
2,municip council,2: municip council,
2,municip council,2: municip council,
2,municip council,2: municip council,
2,municip council,2: municip council,
2,municip council,2: municip council,
2,municip council,2: municip council,
2,municip council,2: municip council,
2,municip council,2: municip council,
2,municip council,2: municip council,
2,municip council,2: municip council,
2,municip council,2: municip council,
2,municip council,2: municip council,
2,municip council,2: municip council,
2,municip council,2: municip council,
2,municip council,2: municip council,
2,municip council,2: municip council,
2,municip council,2: municip council,
2,municip council,2: municip council,
2,municip council,2: municip council,
2,municip council,2: municip council,
2,municip council,2: municip council,
2,municip council,2: municip council,
2,municip council,2: municip council,
2,municip council,2: municip council,
2,municip council,2: municip council,
2,municip council,2: municip council,
2,municip council,2: municip council,
2,municip council,2: municip council,
2,municip council,2: municip council,
2,municip council,2: municip council,
2,municip council,2: municip council,
2,municip council,2: municip council,
2,municip council,2: municip council,
2,municip council,2: municip council,
2,municip council,2: municip council,
2,municip council,2: municip council,
2,municip council,2: municip council,
2,municip council,2: municip council,
2,municip council,2: municip council,
2,municip council,2: municip council,
2,municip council,2: municip council,
2,municip council,2: municip council,
2,municip council,2: municip council,
2,municip council,2: municip council,
2,municip council,2: municip council,
2,municip council,2: municip council,
2,municip council,2: municip council,
2,municip council,2: municip council,
2,municip council,2: municip council,
2,municip council,2: municip council,
2,municip council,2: municip council,
2,municip council,2: municip council,
2,municip council,2: municip council,
2,municip council,2: municip council,
2,municip council,2: municip council,
2,municip council,2: municip council,
2,municip council,2: municip council,
2,municip council,2: municip council,
2,municip council,2: municip council,
2,municip council,2: municip council,
2,municip council,2: municip council,
2,municip council,2: municip council,
2,municip council,2: municip council,
2,municip council,2: municip council,
2,municip council,2: municip council,
2,municip council,2: municip council,
2,municip council,2: municip council,
2,municip council,2: municip council,
2,municip council,2: municip council,
2,municip council,2: municip council,
2,municip council,2: municip council,
2,municip council,2: municip council,
2,municip council,2: municip council,
2,municip council,2: municip council,
2,municip council,2: municip council,
2,municip council,2: municip council,
2,municip council,2: municip council,
2,municip council,2: municip council,
2,municip council,2: municip council,
2,municip council,2: municip council,
2,municip council,2: municip council,
2,municip council,2: municip council,
2,municip council,2: municip council,
2,municip council,2: municip council,
2,municip council,2: municip council,
2,municip council,2: municip council,
2,municip council,2: municip council,
2,municip council,2: municip council,
2,municip council,2: municip council,
2,municip council,2: municip council,
2,municip council,2: municip council,
2,municip council,2: municip council,
2,municip council,2: municip council,
2,municip council,2: municip council,
2,municip council,2: municip council,
2,municip council,2: municip council,
2,municip council,2: municip council,
2,municip council,2: municip council,
2,municip council,2: municip council,
2,municip council,2: municip council,
2,municip council,2: municip council,
2,municip council,2: municip council,
2,municip council,2: municip council,
2,municip council,2: municip council,
2,municip council,2: municip council,
2,municip council,2: municip council,
2,municip council,2: municip council,
2,municip council,2: municip council,
2,municip council,2: municip council,
2,municip council,2: municip council,
2,municip council,2: municip council,
2,municip council,2: municip council,
2,municip council,2: municip council,
2,municip council,2: municip council,
2,municip council,2: municip council,
2,municip council,2: municip council,
2,municip council,2: municip council,
2,municip council,2: municip council,
2,municip council,2: municip council,
2,municip council,2: municip council,
2,municip council,2: municip council,
2,municip council,2: municip council,
2,municip council,2: municip council,
2,municip council,2: municip council,
2,municip council,2: municip council,
2,municip council,2: municip council,
2,municip council,2: municip council,
2,municip council,2: municip council,
2,municip council,2: municip council,
2,municip council,2: municip council,
2,municip council,2: municip council,
2,municip council,2: municip council,
2,municip council,2: municip council,
2,municip council,2: municip council,
2,municip council,2: municip council,
2,municip council,2: municip council,
2,municip council,2: municip council,
2,municip council,2: municip council,
2,municip council,2: municip council,
2,municip council,2: municip council,
2,municip council,2: municip council,
2,municip council,2: municip council,
2,municip council,2: municip council,
2,municip council,2: municip council,
2,municip council,2: municip council,
2,municip council,2: municip council,
2,municip council,2: municip council,
2,municip council,2: municip council,
2,municip council,2: municip council,
2,municip council,2: municip council,
2,municip council,2: municip council,
2,municip council,2: municip council,
2,municip council,2: municip council,
2,municip council,2: municip council,
2,municip council,2: municip council,
2,municip council,2: municip council,
2,municip council,2: municip council,
2,municip council,2: municip council,
2,municip council,2: municip council,
2,municip council,2: municip council,
2,municip council,2: municip council,
2,municip council,2: municip council,
2,municip council,2: municip council,
2,municip council,2: municip council,
2,municip council,2: municip council,
2,municip council,2: municip council,
2,municip council,2: municip council,
2,municip council,2: municip council,
2,municip council,2: municip council,
2,municip council,2: municip council,
2,municip council,2: municip council,
2,municip council,2: municip council,
2,municip council,2: municip council,
2,municip council,2: municip council,
2,municip council,2: municip council,
2,municip council,2: municip council,
2,municip council,2: municip council,
2,municip council,2: municip council,
2,municip council,2: municip council,
2,municip council,2: municip council,
2,municip council,2: municip council,
2,municip council,2: municip council,
2,municip council,2: municip council,
2,municip council,2: municip council,
2,municip council,2: municip council,
2,municip council,2: municip council,
2,municip council,2: municip council,
2,municip council,2: municip council,
2,municip council,2: municip council,
2,municip council,2: municip council,
2,municip council,2: municip council,
2,municip council,2: municip council,
2,municip council,2: municip council,
2,municip council,2: municip council,
2,municip council,2: municip council,
2,municip council,2: municip council,
2,municip council,2: municip council,
2,municip council,2: municip council,
2,municip council,2: municip council,
2,municip council,2: municip council,
2,municip council,2: municip council,
2,municip council,2: municip council,
2,municip council,2: municip council,
2,municip council,2: municip council,
2,municip council,2: municip council,
2,municip council,2: municip council,
2,municip council,2: municip council,
2,municip council,2: municip council,
2,municip council,2: municip council,
2,municip council,2: municip council,
2,municip council,2: municip council,
2,municip council,2: municip council,
2,municip council,2: municip council,
2,municip council,2: municip council,
2,municip council,2: municip council,
2,municip council,2: municip council,
2,municip council,2: municip council,
2,municip council,2: municip council,
2,municip council,2: municip council,
2,municip council,2: municip council,
2,municip council,2: municip council,
2,municip council,2: municip council,
2,municip council,2: municip council,
2,municip council,2: municip council,
2,municip council,2: municip council,
2,municip council,2: municip council,
2,municip council,2: municip council,
2,municip council,2: municip council,
2,municip council,2: municip council,
2,municip council,2: municip council,
2,municip council,2: municip council,
2,municip council,2: municip council,
2,municip council,2: municip council,
2,municip council,2: municip council,
2,municip council,2: municip council,
2,municip council,2: municip council,
2,municip council,2: municip council,
2,municip council,2: municip council,
2,municip council,2: municip council,
2,municip council,2: municip council,
2,municip council,2: municip council,
6,energiø bornholm,6: energiø bornholm,
6,energiø bornholm,6: energiø bornholm,
6,energiø bornholm,6: energiø bornholm,
6,energiø bornholm,6: energiø bornholm,
6,energiø bornholm,6: energiø bornholm,
6,energiø bornholm,6: energiø bornholm,
6,energiø bornholm,6: energiø bornholm,
6,energiø bornholm,6: energiø bornholm,
6,energiø bornholm,6: energiø bornholm,
6,energiø bornholm,6: energiø bornholm,
6,energiø bornholm,6: energiø bornholm,
6,energiø bornholm,6: energiø bornholm,
6,energiø bornholm,6: energiø bornholm,
6,energiø bornholm,6: energiø bornholm,
6,energiø bornholm,6: energiø bornholm,
6,energiø bornholm,6: energiø bornholm,
6,energiø bornholm,6: energiø bornholm,
6,energiø bornholm,6: energiø bornholm,
6,energiø bornholm,6: energiø bornholm,
6,energiø bornholm,6: energiø bornholm,
6,energiø bornholm,6: energiø bornholm,
6,energiø bornholm,6: energiø bornholm,
6,energiø bornholm,6: energiø bornholm,
6,energiø bornholm,6: energiø bornholm,
6,energiø bornholm,6: energiø bornholm,
6,energiø bornholm,6: energiø bornholm,
6,energiø bornholm,6: energiø bornholm,
6,energiø bornholm,6: energiø bornholm,
6,energiø bornholm,6: energiø bornholm,
6,energiø bornholm,6: energiø bornholm,
6,energiø bornholm,6: energiø bornholm,
6,energiø bornholm,6: energiø bornholm,
6,energiø bornholm,6: energiø bornholm,
6,energiø bornholm,6: energiø bornholm,
6,energiø bornholm,6: energiø bornholm,
6,energiø bornholm,6: energiø bornholm,
6,energiø bornholm,6: energiø bornholm,
6,energiø bornholm,6: energiø bornholm,
6,energiø bornholm,6: energiø bornholm,
6,energiø bornholm,6: energiø bornholm,
6,energiø bornholm,6: energiø bornholm,
6,energiø bornholm,6: energiø bornholm,
6,energiø bornholm,6: energiø bornholm,
6,energiø bornholm,6: energiø bornholm,
6,energiø bornholm,6: energiø bornholm,
6,energiø bornholm,6: energiø bornholm,
6,energiø bornholm,6: energiø bornholm,
6,energiø bornholm,6: energiø bornholm,
6,energiø bornholm,6: energiø bornholm,
6,energiø bornholm,6: energiø bornholm,
6,energiø bornholm,6: energiø bornholm,
6,energiø bornholm,6: energiø bornholm,
6,energiø bornholm,6: energiø bornholm,
6,energiø bornholm,6: energiø bornholm,
6,energiø bornholm,6: energiø bornholm,
6,energiø bornholm,6: energiø bornholm,
6,energiø bornholm,6: energiø bornholm,
6,energiø bornholm,6: energiø bornholm,
6,energiø bornholm,6: energiø bornholm,
6,energiø bornholm,6: energiø bornholm,
6,energiø bornholm,6: energiø bornholm,
6,energiø bornholm,6: energiø bornholm,
6,energiø bornholm,6: energiø bornholm,
6,energiø bornholm,6: energiø bornholm,
6,energiø bornholm,6: energiø bornholm,
6,energiø bornholm,6: energiø bornholm,
6,energiø bornholm,6: energiø bornholm,
6,energiø bornholm,6: energiø bornholm,
6,energiø bornholm,6: energiø bornholm,
6,energiø bornholm,6: energiø bornholm,
6,energiø bornholm,6: energiø bornholm,
6,energiø bornholm,6: energiø bornholm,
6,energiø bornholm,6: energiø bornholm,
6,energiø bornholm,6: energiø bornholm,
6,energiø bornholm,6: energiø bornholm,
6,energiø bornholm,6: energiø bornholm,
6,energiø bornholm,6: energiø bornholm,
6,energiø bornholm,6: energiø bornholm,
6,energiø bornholm,6: energiø bornholm,
6,energiø bornholm,6: energiø bornholm,
6,energiø bornholm,6: energiø bornholm,
6,energiø bornholm,6: energiø bornholm,
6,energiø bornholm,6: energiø bornholm,
6,energiø bornholm,6: energiø bornholm,
6,energiø bornholm,6: energiø bornholm,
6,energiø bornholm,6: energiø bornholm,
6,energiø bornholm,6: energiø bornholm,
6,energiø bornholm,6: energiø bornholm,
6,energiø bornholm,6: energiø bornholm,
6,energiø bornholm,6: energiø bornholm,
6,energiø bornholm,6: energiø bornholm,
6,energiø bornholm,6: energiø bornholm,
6,energiø bornholm,6: energiø bornholm,
6,energiø bornholm,6: energiø bornholm,
6,energiø bornholm,6: energiø bornholm,
6,energiø bornholm,6: energiø bornholm,
6,energiø bornholm,6: energiø bornholm,
6,energiø bornholm,6: energiø bornholm,
6,energiø bornholm,6: energiø bornholm,
6,energiø bornholm,6: energiø bornholm,
6,energiø bornholm,6: energiø bornholm,
6,energiø bornholm,6: energiø bornholm,
6,energiø bornholm,6: energiø bornholm,
6,energiø bornholm,6: energiø bornholm,
6,energiø bornholm,6: energiø bornholm,
6,energiø bornholm,6: energiø bornholm,
6,energiø bornholm,6: energiø bornholm,
6,energiø bornholm,6: energiø bornholm,
6,energiø bornholm,6: energiø bornholm,
6,energiø bornholm,6: energiø bornholm,
6,energiø bornholm,6: energiø bornholm,
6,energiø bornholm,6: energiø bornholm,
6,energiø bornholm,6: energiø bornholm,
6,energiø bornholm,6: energiø bornholm,
6,energiø bornholm,6: energiø bornholm,
6,energiø bornholm,6: energiø bornholm,
6,energiø bornholm,6: energiø bornholm,
6,energiø bornholm,6: energiø bornholm,
6,energiø bornholm,6: energiø bornholm,
6,energiø bornholm,6: energiø bornholm,
6,energiø bornholm,6: energiø bornholm,
6,energiø bornholm,6: energiø bornholm,
6,energiø bornholm,6: energiø bornholm,
6,energiø bornholm,6: energiø bornholm,
6,energiø bornholm,6: energiø bornholm,
6,energiø bornholm,6: energiø bornholm,
6,energiø bornholm,6: energiø bornholm,
6,energiø bornholm,6: energiø bornholm,
6,energiø bornholm,6: energiø bornholm,
6,energiø bornholm,6: energiø bornholm,
6,energiø bornholm,6: energiø bornholm,
6,energiø bornholm,6: energiø bornholm,
6,energiø bornholm,6: energiø bornholm,
6,energiø bornholm,6: energiø bornholm,
6,energiø bornholm,6: energiø bornholm,
6,energiø bornholm,6: energiø bornholm,
6,energiø bornholm,6: energiø bornholm,
6,energiø bornholm,6: energiø bornholm,
6,energiø bornholm,6: energiø bornholm,
6,energiø bornholm,6: energiø bornholm,
6,energiø bornholm,6: energiø bornholm,
6,energiø bornholm,6: energiø bornholm,
6,energiø bornholm,6: energiø bornholm,
6,energiø bornholm,6: energiø bornholm,
6,energiø bornholm,6: energiø bornholm,
6,energiø bornholm,6: energiø bornholm,
6,energiø bornholm,6: energiø bornholm,
6,energiø bornholm,6: energiø bornholm,
6,energiø bornholm,6: energiø bornholm,
6,energiø bornholm,6: energiø bornholm,
6,energiø bornholm,6: energiø bornholm,
6,energiø bornholm,6: energiø bornholm,
6,energiø bornholm,6: energiø bornholm,
6,energiø bornholm,6: energiø bornholm,
6,energiø bornholm,6: energiø bornholm,
6,energiø bornholm,6: energiø bornholm,
6,energiø bornholm,6: energiø bornholm,
6,energiø bornholm,6: energiø bornholm,
6,energiø bornholm,6: energiø bornholm,
6,energiø bornholm,6: energiø bornholm,
6,energiø bornholm,6: energiø bornholm,
6,energiø bornholm,6: energiø bornholm,
6,energiø bornholm,6: energiø bornholm,
6,energiø bornholm,6: energiø bornholm,
6,energiø bornholm,6: energiø bornholm,
6,energiø bornholm,6: energiø bornholm,
6,energiø bornholm,6: energiø bornholm,
6,energiø bornholm,6: energiø bornholm,
6,energiø bornholm,6: energiø bornholm,
6,energiø bornholm,6: energiø bornholm,
6,energiø bornholm,6: energiø bornholm,
2,municip council,2: municip council,
2,municip council,2: municip council,
2,municip council,2: municip council,
2,municip council,2: municip council,
2,municip council,2: municip council,
2,municip council,2: municip council,
2,municip council,2: municip council,
2,municip council,2: municip council,
2,municip council,2: municip council,
2,municip council,2: municip council,
2,municip council,2: municip council,
2,municip council,2: municip council,
2,municip council,2: municip council,
2,municip council,2: municip council,
2,municip council,2: municip council,
2,municip council,2: municip council,
2,municip council,2: municip council,
2,municip council,2: municip council,
2,municip council,2: municip council,
2,municip council,2: municip council,
2,municip council,2: municip council,
2,municip council,2: municip council,
2,municip council,2: municip council,
2,municip council,2: municip council,
2,municip council,2: municip council,
2,municip council,2: municip council,
2,municip council,2: municip council,
2,municip council,2: municip council,
2,municip council,2: municip council,
2,municip council,2: municip council,
2,municip council,2: municip council,
2,municip council,2: municip council,
2,municip council,2: municip council,
2,municip council,2: municip council,
2,municip council,2: municip council,
2,municip council,2: municip council,
2,municip council,2: municip council,
2,municip council,2: municip council,
2,municip council,2: municip council,
2,municip council,2: municip council,
2,municip council,2: municip council,
2,municip council,2: municip council,
2,municip council,2: municip council,
2,municip council,2: municip council,
2,municip council,2: municip council,
2,municip council,2: municip council,
2,municip council,2: municip council,
2,municip council,2: municip council,
2,municip council,2: municip council,
2,municip council,2: municip council,
2,municip council,2: municip council,
2,municip council,2: municip council,
2,municip council,2: municip council,
2,municip council,2: municip council,
2,municip council,2: municip council,
2,municip council,2: municip council,
2,municip council,2: municip council,
2,municip council,2: municip council,
2,municip council,2: municip council,
2,municip council,2: municip council,
2,municip council,2: municip council,
2,municip council,2: municip council,
2,municip council,2: municip council,
2,municip council,2: municip council,
2,municip council,2: municip council,
2,municip council,2: municip council,
2,municip council,2: municip council,
2,municip council,2: municip council,
2,municip council,2: municip council,
2,municip council,2: municip council,
2,municip council,2: municip council,
2,municip council,2: municip council,
2,municip council,2: municip council,
2,municip council,2: municip council,
2,municip council,2: municip council,
2,municip council,2: municip council,
2,municip council,2: municip council,
2,municip council,2: municip council,
2,municip council,2: municip council,
2,municip council,2: municip council,
2,municip council,2: municip council,
2,municip council,2: municip council,
2,municip council,2: municip council,
2,municip council,2: municip council,
2,municip council,2: municip council,
2,municip council,2: municip council,
2,municip council,2: municip council,
2,municip council,2: municip council,
2,municip council,2: municip council,
2,municip council,2: municip council,
2,municip council,2: municip council,
2,municip council,2: municip council,
2,municip council,2: municip council,
2,municip council,2: municip council,
2,municip council,2: municip council,
2,municip council,2: municip council,
2,municip council,2: municip council,
2,municip council,2: municip council,
2,municip council,2: municip council,
2,municip council,2: municip council,
2,municip council,2: municip council,
2,municip council,2: municip council,
2,municip council,2: municip council,
2,municip council,2: municip council,
2,municip council,2: municip council,
2,municip council,2: municip council,
2,municip council,2: municip council,
2,municip council,2: municip council,
2,municip council,2: municip council,
2,municip council,2: municip council,
2,municip council,2: municip council,
2,municip council,2: municip council,
2,municip council,2: municip council,
2,municip council,2: municip council,
2,municip council,2: municip council,
2,municip council,2: municip council,
2,municip council,2: municip council,
2,municip council,2: municip council,
2,municip council,2: municip council,
2,municip council,2: municip council,
2,municip council,2: municip council,
2,municip council,2: municip council,
2,municip council,2: municip council,
2,municip council,2: municip council,
2,municip council,2: municip council,
2,municip council,2: municip council,
2,municip council,2: municip council,
2,municip council,2: municip council,
2,municip council,2: municip council,
2,municip council,2: municip council,
2,municip council,2: municip council,
2,municip council,2: municip council,
2,municip council,2: municip council,
2,municip council,2: municip council,
2,municip council,2: municip council,
2,municip council,2: municip council,
2,municip council,2: municip council,
2,municip council,2: municip council,
2,municip council,2: municip council,
2,municip council,2: municip council,
2,municip council,2: municip council,
2,municip council,2: municip council,
2,municip council,2: municip council,
2,municip council,2: municip council,
2,municip council,2: municip council,
2,municip council,2: municip council,
2,municip council,2: municip council,
2,municip council,2: municip council,
2,municip council,2: municip council,
2,municip council,2: municip council,
2,municip council,2: municip council,
2,municip council,2: municip council,
2,municip council,2: municip council,
2,municip council,2: municip council,
2,municip council,2: municip council,
2,municip council,2: municip council,
4,baltic sea,4: baltic sea,
4,baltic sea,4: baltic sea,
4,baltic sea,4: baltic sea,
4,baltic sea,4: baltic sea,
4,baltic sea,4: baltic sea,
4,baltic sea,4: baltic sea,
4,baltic sea,4: baltic sea,
4,baltic sea,4: baltic sea,
4,baltic sea,4: baltic sea,
4,baltic sea,4: baltic sea,
4,baltic sea,4: baltic sea,
4,baltic sea,4: baltic sea,
4,baltic sea,4: baltic sea,
4,baltic sea,4: baltic sea,
4,baltic sea,4: baltic sea,
4,baltic sea,4: baltic sea,
4,baltic sea,4: baltic sea,
4,baltic sea,4: baltic sea,
4,baltic sea,4: baltic sea,
4,baltic sea,4: baltic sea,
4,baltic sea,4: baltic sea,
4,baltic sea,4: baltic sea,
4,baltic sea,4: baltic sea,
4,baltic sea,4: baltic sea,
4,baltic sea,4: baltic sea,
4,baltic sea,4: baltic sea,
4,baltic sea,4: baltic sea,
4,baltic sea,4: baltic sea,
4,baltic sea,4: baltic sea,
4,baltic sea,4: baltic sea,
4,baltic sea,4: baltic sea,
4,baltic sea,4: baltic sea,
4,baltic sea,4: baltic sea,
4,baltic sea,4: baltic sea,
4,baltic sea,4: baltic sea,
4,baltic sea,4: baltic sea,
4,baltic sea,4: baltic sea,
4,baltic sea,4: baltic sea,
4,baltic sea,4: baltic sea,
4,baltic sea,4: baltic sea,
4,baltic sea,4: baltic sea,
4,baltic sea,4: baltic sea,
4,baltic sea,4: baltic sea,
4,baltic sea,4: baltic sea,
4,baltic sea,4: baltic sea,
4,baltic sea,4: baltic sea,
4,baltic sea,4: baltic sea,
4,baltic sea,4: baltic sea,
4,baltic sea,4: baltic sea,
4,baltic sea,4: baltic sea,
4,baltic sea,4: baltic sea,
4,baltic sea,4: baltic sea,
4,baltic sea,4: baltic sea,
4,baltic sea,4: baltic sea,
4,baltic sea,4: baltic sea,
4,baltic sea,4: baltic sea,
4,baltic sea,4: baltic sea,
4,baltic sea,4: baltic sea,
4,baltic sea,4: baltic sea,
4,baltic sea,4: baltic sea,
4,baltic sea,4: baltic sea,
4,baltic sea,4: baltic sea,
4,baltic sea,4: baltic sea,
4,baltic sea,4: baltic sea,
4,baltic sea,4: baltic sea,
4,baltic sea,4: baltic sea,
4,baltic sea,4: baltic sea,
4,baltic sea,4: baltic sea,
4,baltic sea,4: baltic sea,
4,baltic sea,4: baltic sea,
4,baltic sea,4: baltic sea,
4,baltic sea,4: baltic sea,
4,baltic sea,4: baltic sea,
4,baltic sea,4: baltic sea,
4,baltic sea,4: baltic sea,
4,baltic sea,4: baltic sea,
4,baltic sea,4: baltic sea,
4,baltic sea,4: baltic sea,
4,baltic sea,4: baltic sea,
4,baltic sea,4: baltic sea,
4,baltic sea,4: baltic sea,
4,baltic sea,4: baltic sea,
4,baltic sea,4: baltic sea,
4,baltic sea,4: baltic sea,
4,baltic sea,4: baltic sea,
4,baltic sea,4: baltic sea,
4,baltic sea,4: baltic sea,
4,baltic sea,4: baltic sea,
4,baltic sea,4: baltic sea,
4,baltic sea,4: baltic sea,
4,baltic sea,4: baltic sea,
4,baltic sea,4: baltic sea,
4,baltic sea,4: baltic sea,
4,baltic sea,4: baltic sea,
4,baltic sea,4: baltic sea,
4,baltic sea,4: baltic sea,
4,baltic sea,4: baltic sea,
4,baltic sea,4: baltic sea,
4,baltic sea,4: baltic sea,
4,baltic sea,4: baltic sea,
4,baltic sea,4: baltic sea,
4,baltic sea,4: baltic sea,
4,baltic sea,4: baltic sea,
4,baltic sea,4: baltic sea,
4,baltic sea,4: baltic sea,
4,baltic sea,4: baltic sea,
4,baltic sea,4: baltic sea,
4,baltic sea,4: baltic sea,
4,baltic sea,4: baltic sea,
4,baltic sea,4: baltic sea,
4,baltic sea,4: baltic sea,
4,baltic sea,4: baltic sea,
4,baltic sea,4: baltic sea,
4,baltic sea,4: baltic sea,
4,baltic sea,4: baltic sea,
4,baltic sea,4: baltic sea,
4,baltic sea,4: baltic sea,
4,baltic sea,4: baltic sea,
4,baltic sea,4: baltic sea,
4,baltic sea,4: baltic sea,
4,baltic sea,4: baltic sea,
4,baltic sea,4: baltic sea,
4,baltic sea,4: baltic sea,
4,baltic sea,4: baltic sea,
4,baltic sea,4: baltic sea,
4,baltic sea,4: baltic sea,
4,baltic sea,4: baltic sea,
4,baltic sea,4: baltic sea,
4,baltic sea,4: baltic sea,
4,baltic sea,4: baltic sea,
4,baltic sea,4: baltic sea,
4,baltic sea,4: baltic sea,
4,baltic sea,4: baltic sea,
4,baltic sea,4: baltic sea,
4,baltic sea,4: baltic sea,
4,baltic sea,4: baltic sea,
4,baltic sea,4: baltic sea,
4,baltic sea,4: baltic sea,
2,municip council,2: municip council,
2,municip council,2: municip council,
2,municip council,2: municip council,
2,municip council,2: municip council,
2,municip council,2: municip council,
2,municip council,2: municip council,
2,municip council,2: municip council,
2,municip council,2: municip council,
2,municip council,2: municip council,
2,municip council,2: municip council,
2,municip council,2: municip council,
2,municip council,2: municip council,
2,municip council,2: municip council,
2,municip council,2: municip council,
2,municip council,2: municip council,
2,municip council,2: municip council,
2,municip council,2: municip council,
2,municip council,2: municip council,
2,municip council,2: municip council,
2,municip council,2: municip council,
2,municip council,2: municip council,
2,municip council,2: municip council,
2,municip council,2: municip council,
2,municip council,2: municip council,
2,municip council,2: municip council,
2,municip council,2: municip council,
2,municip council,2: municip council,
2,municip council,2: municip council,
2,municip council,2: municip council,
2,municip council,2: municip council,
2,municip council,2: municip council,
2,municip council,2: municip council,
2,municip council,2: municip council,
2,municip council,2: municip council,
2,municip council,2: municip council,
2,municip council,2: municip council,
2,municip council,2: municip council,
2,municip council,2: municip council,
2,municip council,2: municip council,
2,municip council,2: municip council,
2,municip council,2: municip council,
2,municip council,2: municip council,
2,municip council,2: municip council,
2,municip council,2: municip council,
2,municip council,2: municip council,
2,municip council,2: municip council,
2,municip council,2: municip council,
2,municip council,2: municip council,
2,municip council,2: municip council,
2,municip council,2: municip council,
2,municip council,2: municip council,
2,municip council,2: municip council,
2,municip council,2: municip council,
2,municip council,2: municip council,
2,municip council,2: municip council,
2,municip council,2: municip council,
2,municip council,2: municip council,
2,municip council,2: municip council,
2,municip council,2: municip council,
2,municip council,2: municip council,
2,municip council,2: municip council,
2,municip council,2: municip council,
2,municip council,2: municip council,
2,municip council,2: municip council,
2,municip council,2: municip council,
2,municip council,2: municip council,
2,municip council,2: municip council,
2,municip council,2: municip council,
2,municip council,2: municip council,
2,municip council,2: municip council,
2,municip council,2: municip council,
2,municip council,2: municip council,
2,municip council,2: municip council,
2,municip council,2: municip council,
2,municip council,2: municip council,
2,municip council,2: municip council,
2,municip council,2: municip council,
2,municip council,2: municip council,
2,municip council,2: municip council,
2,municip council,2: municip council,
2,municip council,2: municip council,
2,municip council,2: municip council,
2,municip council,2: municip council,
2,municip council,2: municip council,
2,municip council,2: municip council,
2,municip council,2: municip council,
2,municip council,2: municip council,
2,municip council,2: municip council,
2,municip council,2: municip council,
2,municip council,2: municip council,
2,municip council,2: municip council,
2,municip council,2: municip council,
2,municip council,2: municip council,
2,municip council,2: municip council,
2,municip council,2: municip council,
2,municip council,2: municip council,
2,municip council,2: municip council,
2,municip council,2: municip council,
2,municip council,2: municip council,
2,municip council,2: municip council,
2,municip council,2: municip council,
2,municip council,2: municip council,
2,municip council,2: municip council,
2,municip council,2: municip council,
2,municip council,2: municip council,
2,municip council,2: municip council,
2,municip council,2: municip council,
2,municip council,2: municip council,
2,municip council,2: municip council,
2,municip council,2: municip council,
2,municip council,2: municip council,
2,municip council,2: municip council,
2,municip council,2: municip council,
2,municip council,2: municip council,
2,municip council,2: municip council,
2,municip council,2: municip council,
2,municip council,2: municip council,
2,municip council,2: municip council,
2,municip council,2: municip council,
2,municip council,2: municip council,
2,municip council,2: municip council,
2,municip council,2: municip council,
2,municip council,2: municip council,
2,municip council,2: municip council,
2,municip council,2: municip council,
2,municip council,2: municip council,
2,municip council,2: municip council,
2,municip council,2: municip council,
2,municip council,2: municip council,
2,municip council,2: municip council,
2,municip council,2: municip council,
2,municip council,2: municip council,
2,municip council,2: municip council,
2,municip council,2: municip council,
2,municip council,2: municip council,
2,municip council,2: municip council,
2,municip council,2: municip council,
2,municip council,2: municip council,
2,municip council,2: municip council,
2,municip council,2: municip council,
2,municip council,2: municip council,
2,municip council,2: municip council,
2,municip council,2: municip council,
2,municip council,2: municip council,
2,municip council,2: municip council,
2,municip council,2: municip council,
2,municip council,2: municip council,
2,municip council,2: municip council,
2,municip council,2: municip council,
2,municip council,2: municip council,
2,municip council,2: municip council,
2,municip council,2: municip council,
2,municip council,2: municip council,
2,municip council,2: municip council,
2,municip council,2: municip council,
2,municip council,2: municip council,
4,baltic sea,4: baltic sea,
4,baltic sea,4: baltic sea,
4,baltic sea,4: baltic sea,
4,baltic sea,4: baltic sea,
4,baltic sea,4: baltic sea,
4,baltic sea,4: baltic sea,
4,baltic sea,4: baltic sea,
4,baltic sea,4: baltic sea,
4,baltic sea,4: baltic sea,
4,baltic sea,4: baltic sea,
4,baltic sea,4: baltic sea,
4,baltic sea,4: baltic sea,
4,baltic sea,4: baltic sea,
4,baltic sea,4: baltic sea,
4,baltic sea,4: baltic sea,
4,baltic sea,4: baltic sea,
4,baltic sea,4: baltic sea,
4,baltic sea,4: baltic sea,
4,baltic sea,4: baltic sea,
4,baltic sea,4: baltic sea,
4,baltic sea,4: baltic sea,
4,baltic sea,4: baltic sea,
4,baltic sea,4: baltic sea,
4,baltic sea,4: baltic sea,
4,baltic sea,4: baltic sea,
4,baltic sea,4: baltic sea,
4,baltic sea,4: baltic sea,
4,baltic sea,4: baltic sea,
4,baltic sea,4: baltic sea,
4,baltic sea,4: baltic sea,
4,baltic sea,4: baltic sea,
4,baltic sea,4: baltic sea,
4,baltic sea,4: baltic sea,
4,baltic sea,4: baltic sea,
4,baltic sea,4: baltic sea,
4,baltic sea,4: baltic sea,
4,baltic sea,4: baltic sea,
4,baltic sea,4: baltic sea,
4,baltic sea,4: baltic sea,
4,baltic sea,4: baltic sea,
4,baltic sea,4: baltic sea,
4,baltic sea,4: baltic sea,
4,baltic sea,4: baltic sea,
4,baltic sea,4: baltic sea,
4,baltic sea,4: baltic sea,
4,baltic sea,4: baltic sea,
4,baltic sea,4: baltic sea,
4,baltic sea,4: baltic sea,
4,baltic sea,4: baltic sea,
4,baltic sea,4: baltic sea,
4,baltic sea,4: baltic sea,
4,baltic sea,4: baltic sea,
4,baltic sea,4: baltic sea,
4,baltic sea,4: baltic sea,
4,baltic sea,4: baltic sea,
4,baltic sea,4: baltic sea,
4,baltic sea,4: baltic sea,
4,baltic sea,4: baltic sea,
4,baltic sea,4: baltic sea,
4,baltic sea,4: baltic sea,
4,baltic sea,4: baltic sea,
4,baltic sea,4: baltic sea,
4,baltic sea,4: baltic sea,
4,baltic sea,4: baltic sea,
4,baltic sea,4: baltic sea,
4,baltic sea,4: baltic sea,
4,baltic sea,4: baltic sea,
4,baltic sea,4: baltic sea,
4,baltic sea,4: baltic sea,
4,baltic sea,4: baltic sea,
4,baltic sea,4: baltic sea,
4,baltic sea,4: baltic sea,
4,baltic sea,4: baltic sea,
4,baltic sea,4: baltic sea,
4,baltic sea,4: baltic sea,
4,baltic sea,4: baltic sea,
4,baltic sea,4: baltic sea,
4,baltic sea,4: baltic sea,
4,baltic sea,4: baltic sea,
4,baltic sea,4: baltic sea,
4,baltic sea,4: baltic sea,
4,baltic sea,4: baltic sea,
4,baltic sea,4: baltic sea,
4,baltic sea,4: baltic sea,
4,baltic sea,4: baltic sea,
4,baltic sea,4: baltic sea,
4,baltic sea,4: baltic sea,
4,baltic sea,4: baltic sea,
4,baltic sea,4: baltic sea,
4,baltic sea,4: baltic sea,
4,baltic sea,4: baltic sea,
4,baltic sea,4: baltic sea,
4,baltic sea,4: baltic sea,
4,baltic sea,4: baltic sea,
4,baltic sea,4: baltic sea,
4,baltic sea,4: baltic sea,
4,baltic sea,4: baltic sea,
4,baltic sea,4: baltic sea,
4,baltic sea,4: baltic sea,
4,baltic sea,4: baltic sea,
4,baltic sea,4: baltic sea,
4,baltic sea,4: baltic sea,
4,baltic sea,4: baltic sea,
4,baltic sea,4: baltic sea,
4,baltic sea,4: baltic sea,
4,baltic sea,4: baltic sea,
4,baltic sea,4: baltic sea,
4,baltic sea,4: baltic sea,
4,baltic sea,4: baltic sea,
4,baltic sea,4: baltic sea,
4,baltic sea,4: baltic sea,
4,baltic sea,4: baltic sea,
4,baltic sea,4: baltic sea,
4,baltic sea,4: baltic sea,
4,baltic sea,4: baltic sea,
4,baltic sea,4: baltic sea,
4,baltic sea,4: baltic sea,
4,baltic sea,4: baltic sea,
4,baltic sea,4: baltic sea,
4,baltic sea,4: baltic sea,
4,baltic sea,4: baltic sea,
4,baltic sea,4: baltic sea,
4,baltic sea,4: baltic sea,
4,baltic sea,4: baltic sea,
4,baltic sea,4: baltic sea,
4,baltic sea,4: baltic sea,
4,baltic sea,4: baltic sea,
4,baltic sea,4: baltic sea,
4,baltic sea,4: baltic sea,
4,baltic sea,4: baltic sea,
4,baltic sea,4: baltic sea,
4,baltic sea,4: baltic sea,
4,baltic sea,4: baltic sea,
4,baltic sea,4: baltic sea,
4,baltic sea,4: baltic sea,
4,baltic sea,4: baltic sea,
4,baltic sea,4: baltic sea,
4,baltic sea,4: baltic sea,
4,baltic sea,4: baltic sea,
4,baltic sea,4: baltic sea,
4,baltic sea,4: baltic sea,
4,baltic sea,4: baltic sea,
4,baltic sea,4: baltic sea,
4,baltic sea,4: baltic sea,
4,baltic sea,4: baltic sea,
4,baltic sea,4: baltic sea,
4,baltic sea,4: baltic sea,
4,baltic sea,4: baltic sea,
4,baltic sea,4: baltic sea,
4,baltic sea,4: baltic sea,
4,baltic sea,4: baltic sea,
4,baltic sea,4: baltic sea,
4,baltic sea,4: baltic sea,
4,baltic sea,4: baltic sea,
4,baltic sea,4: baltic sea,
4,baltic sea,4: baltic sea,
4,baltic sea,4: baltic sea,
4,baltic sea,4: baltic sea,
4,baltic sea,4: baltic sea,
4,baltic sea,4: baltic sea,
4,baltic sea,4: baltic sea,
4,baltic sea,4: baltic sea,
4,baltic sea,4: baltic sea,
4,baltic sea,4: baltic sea,
4,baltic sea,4: baltic sea,
4,baltic sea,4: baltic sea,
4,baltic sea,4: baltic sea,
4,baltic sea,4: baltic sea,
4,baltic sea,4: baltic sea,
4,baltic sea,4: baltic sea,
4,baltic sea,4: baltic sea,
4,baltic sea,4: baltic sea,
4,baltic sea,4: baltic sea,
4,baltic sea,4: baltic sea,
4,baltic sea,4: baltic sea,
4,baltic sea,4: baltic sea,
4,baltic sea,4: baltic sea,
4,baltic sea,4: baltic sea,
4,baltic sea,4: baltic sea,
4,baltic sea,4: baltic sea,
4,baltic sea,4: baltic sea,
4,baltic sea,4: baltic sea,
4,baltic sea,4: baltic sea,
4,baltic sea,4: baltic sea,
4,baltic sea,4: baltic sea,
4,baltic sea,4: baltic sea,
4,baltic sea,4: baltic sea,
4,baltic sea,4: baltic sea,
4,baltic sea,4: baltic sea,
4,baltic sea,4: baltic sea,
4,baltic sea,4: baltic sea,
4,baltic sea,4: baltic sea,
4,baltic sea,4: baltic sea,
4,baltic sea,4: baltic sea,
4,baltic sea,4: baltic sea,
4,baltic sea,4: baltic sea,
4,baltic sea,4: baltic sea,
4,baltic sea,4: baltic sea,
4,baltic sea,4: baltic sea,
4,baltic sea,4: baltic sea,
4,baltic sea,4: baltic sea,
4,baltic sea,4: baltic sea,
4,baltic sea,4: baltic sea,
4,baltic sea,4: baltic sea,
4,baltic sea,4: baltic sea,
4,baltic sea,4: baltic sea,
4,baltic sea,4: baltic sea,
4,baltic sea,4: baltic sea,
4,baltic sea,4: baltic sea,
4,baltic sea,4: baltic sea,
4,baltic sea,4: baltic sea,
4,baltic sea,4: baltic sea,
4,baltic sea,4: baltic sea,
4,baltic sea,4: baltic sea,
4,baltic sea,4: baltic sea,
4,baltic sea,4: baltic sea,
4,baltic sea,4: baltic sea,
4,baltic sea,4: baltic sea,
4,baltic sea,4: baltic sea,
4,baltic sea,4: baltic sea,
4,baltic sea,4: baltic sea,
4,baltic sea,4: baltic sea,
4,baltic sea,4: baltic sea,
4,baltic sea,4: baltic sea,
4,baltic sea,4: baltic sea,
4,baltic sea,4: baltic sea,
4,baltic sea,4: baltic sea,
4,baltic sea,4: baltic sea,
4,baltic sea,4: baltic sea,
4,baltic sea,4: baltic sea,
4,baltic sea,4: baltic sea,
4,baltic sea,4: baltic sea,
4,baltic sea,4: baltic sea,
4,baltic sea,4: baltic sea,
4,baltic sea,4: baltic sea,
4,baltic sea,4: baltic sea,
4,baltic sea,4: baltic sea,
4,baltic sea,4: baltic sea,
4,baltic sea,4: baltic sea,
4,baltic sea,4: baltic sea,
4,baltic sea,4: baltic sea,
4,baltic sea,4: baltic sea,
4,baltic sea,4: baltic sea,
4,baltic sea,4: baltic sea,
4,baltic sea,4: baltic sea,
4,baltic sea,4: baltic sea,
4,baltic sea,4: baltic sea,
4,baltic sea,4: baltic sea,
4,baltic sea,4: baltic sea,
4,baltic sea,4: baltic sea,
4,baltic sea,4: baltic sea,
4,baltic sea,4: baltic sea,
4,baltic sea,4: baltic sea,
4,baltic sea,4: baltic sea,
4,baltic sea,4: baltic sea,
4,baltic sea,4: baltic sea,
4,baltic sea,4: baltic sea,
4,baltic sea,4: baltic sea,
4,baltic sea,4: baltic sea,
4,baltic sea,4: baltic sea,
4,baltic sea,4: baltic sea,
4,baltic sea,4: baltic sea,
4,baltic sea,4: baltic sea,
4,baltic sea,4: baltic sea,
4,baltic sea,4: baltic sea,
4,baltic sea,4: baltic sea,
4,baltic sea,4: baltic sea,
4,baltic sea,4: baltic sea,
4,baltic sea,4: baltic sea,
4,baltic sea,4: baltic sea,
4,baltic sea,4: baltic sea,
4,baltic sea,4: baltic sea,
4,baltic sea,4: baltic sea,
4,baltic sea,4: baltic sea,
4,baltic sea,4: baltic sea,
4,baltic sea,4: baltic sea,
4,baltic sea,4: baltic sea,
4,baltic sea,4: baltic sea,
4,baltic sea,4: baltic sea,
4,baltic sea,4: baltic sea,
4,baltic sea,4: baltic sea,
4,baltic sea,4: baltic sea,
4,baltic sea,4: baltic sea,
4,baltic sea,4: baltic sea,
4,baltic sea,4: baltic sea,
4,baltic sea,4: baltic sea,
4,baltic sea,4: baltic sea,
4,baltic sea,4: baltic sea,
4,baltic sea,4: baltic sea,
4,baltic sea,4: baltic sea,
4,baltic sea,4: baltic sea,
4,baltic sea,4: baltic sea,
4,baltic sea,4: baltic sea,
4,baltic sea,4: baltic sea,
4,baltic sea,4: baltic sea,
4,baltic sea,4: baltic sea,
4,baltic sea,4: baltic sea,
4,baltic sea,4: baltic sea,
4,baltic sea,4: baltic sea,
4,baltic sea,4: baltic sea,
4,baltic sea,4: baltic sea,
4,baltic sea,4: baltic sea,
4,baltic sea,4: baltic sea,
4,baltic sea,4: baltic sea,
4,baltic sea,4: baltic sea,
4,baltic sea,4: baltic sea,
4,baltic sea,4: baltic sea,
4,baltic sea,4: baltic sea,
4,baltic sea,4: baltic sea,
4,baltic sea,4: baltic sea,
4,baltic sea,4: baltic sea,
4,baltic sea,4: baltic sea,
4,baltic sea,4: baltic sea,
4,baltic sea,4: baltic sea,
4,baltic sea,4: baltic sea,
4,baltic sea,4: baltic sea,
4,baltic sea,4: baltic sea,
4,baltic sea,4: baltic sea,
4,baltic sea,4: baltic sea,
4,baltic sea,4: baltic sea,
4,baltic sea,4: baltic sea,
4,baltic sea,4: baltic sea,
4,baltic sea,4: baltic sea,
4,baltic sea,4: baltic sea,
4,baltic sea,4: baltic sea,
4,baltic sea,4: baltic sea,
4,baltic sea,4: baltic sea,
4,baltic sea,4: baltic sea,
4,baltic sea,4: baltic sea,
4,baltic sea,4: baltic sea,
4,baltic sea,4: baltic sea,
4,baltic sea,4: baltic sea,
4,baltic sea,4: baltic sea,
4,baltic sea,4: baltic sea,
4,baltic sea,4: baltic sea,
4,baltic sea,4: baltic sea,
4,baltic sea,4: baltic sea,
4,baltic sea,4: baltic sea,
4,baltic sea,4: baltic sea,
4,baltic sea,4: baltic sea,
4,baltic sea,4: baltic sea,
4,baltic sea,4: baltic sea,
4,baltic sea,4: baltic sea,
4,baltic sea,4: baltic sea,
4,baltic sea,4: baltic sea,
4,baltic sea,4: baltic sea,
4,baltic sea,4: baltic sea,
4,baltic sea,4: baltic sea,
4,baltic sea,4: baltic sea,
4,baltic sea,4: baltic sea,
4,baltic sea,4: baltic sea,
4,baltic sea,4: baltic sea,
4,baltic sea,4: baltic sea,
4,baltic sea,4: baltic sea,
4,baltic sea,4: baltic sea,
4,baltic sea,4: baltic sea,
4,baltic sea,4: baltic sea,
4,baltic sea,4: baltic sea,
4,baltic sea,4: baltic sea,
4,baltic sea,4: baltic sea,
4,baltic sea,4: baltic sea,
4,baltic sea,4: baltic sea,
4,baltic sea,4: baltic sea,
4,baltic sea,4: baltic sea,
4,baltic sea,4: baltic sea,
4,baltic sea,4: baltic sea,
4,baltic sea,4: baltic sea,
4,baltic sea,4: baltic sea,
4,baltic sea,4: baltic sea,
4,baltic sea,4: baltic sea,
4,baltic sea,4: baltic sea,
4,baltic sea,4: baltic sea,
4,baltic sea,4: baltic sea,
4,baltic sea,4: baltic sea,
4,baltic sea,4: baltic sea,
4,baltic sea,4: baltic sea,
4,baltic sea,4: baltic sea,
4,baltic sea,4: baltic sea,
4,baltic sea,4: baltic sea,
4,baltic sea,4: baltic sea,
4,baltic sea,4: baltic sea,
4,baltic sea,4: baltic sea,
4,baltic sea,4: baltic sea,
4,baltic sea,4: baltic sea,
4,baltic sea,4: baltic sea,
4,baltic sea,4: baltic sea,
4,baltic sea,4: baltic sea,
4,baltic sea,4: baltic sea,
4,baltic sea,4: baltic sea,
4,baltic sea,4: baltic sea,
4,baltic sea,4: baltic sea,
4,baltic sea,4: baltic sea,
4,baltic sea,4: baltic sea,
4,baltic sea,4: baltic sea,
4,baltic sea,4: baltic sea,
4,baltic sea,4: baltic sea,
4,baltic sea,4: baltic sea,
4,baltic sea,4: baltic sea,
4,baltic sea,4: baltic sea,
4,baltic sea,4: baltic sea,
4,baltic sea,4: baltic sea,
4,baltic sea,4: baltic sea,
4,baltic sea,4: baltic sea,
4,baltic sea,4: baltic sea,
4,baltic sea,4: baltic sea,
4,baltic sea,4: baltic sea,
4,baltic sea,4: baltic sea,
4,baltic sea,4: baltic sea,
4,baltic sea,4: baltic sea,
4,baltic sea,4: baltic sea,
4,baltic sea,4: baltic sea,
4,baltic sea,4: baltic sea,
4,baltic sea,4: baltic sea,
4,baltic sea,4: baltic sea,
2,municip council,2: municip council,
2,municip council,2: municip council,
2,municip council,2: municip council,
2,municip council,2: municip council,
2,municip council,2: municip council,
2,municip council,2: municip council,
2,municip council,2: municip council,
2,municip council,2: municip council,
2,municip council,2: municip council,
2,municip council,2: municip council,
2,municip council,2: municip council,
2,municip council,2: municip council,
2,municip council,2: municip council,
2,municip council,2: municip council,
2,municip council,2: municip council,
2,municip council,2: municip council,
2,municip council,2: municip council,
2,municip council,2: municip council,
2,municip council,2: municip council,
2,municip council,2: municip council,
2,municip council,2: municip council,
2,municip council,2: municip council,
2,municip council,2: municip council,
2,municip council,2: municip council,
2,municip council,2: municip council,
2,municip council,2: municip council,
2,municip council,2: municip council,
2,municip council,2: municip council,
2,municip council,2: municip council,
2,municip council,2: municip council,
2,municip council,2: municip council,
2,municip council,2: municip council,
2,municip council,2: municip council,
2,municip council,2: municip council,
2,municip council,2: municip council,
2,municip council,2: municip council,
2,municip council,2: municip council,
2,municip council,2: municip council,
2,municip council,2: municip council,
2,municip council,2: municip council,
2,municip council,2: municip council,
2,municip council,2: municip council,
2,municip council,2: municip council,
2,municip council,2: municip council,
2,municip council,2: municip council,
2,municip council,2: municip council,
2,municip council,2: municip council,
2,municip council,2: municip council,
2,municip council,2: municip council,
2,municip council,2: municip council,
2,municip council,2: municip council,
2,municip council,2: municip council,
2,municip council,2: municip council,
2,municip council,2: municip council,
2,municip council,2: municip council,
2,municip council,2: municip council,
2,municip council,2: municip council,
2,municip council,2: municip council,
2,municip council,2: municip council,
2,municip council,2: municip council,
2,municip council,2: municip council,
2,municip council,2: municip council,
2,municip council,2: municip council,
2,municip council,2: municip council,
2,municip council,2: municip council,
2,municip council,2: municip council,
2,municip council,2: municip council,
2,municip council,2: municip council,
2,municip council,2: municip council,
2,municip council,2: municip council,
2,municip council,2: municip council,
2,municip council,2: municip council,
2,municip council,2: municip council,
2,municip council,2: municip council,
2,municip council,2: municip council,
2,municip council,2: municip council,
2,municip council,2: municip council,
2,municip council,2: municip council,
2,municip council,2: municip council,
2,municip council,2: municip council,
2,municip council,2: municip council,
2,municip council,2: municip council,
2,municip council,2: municip council,
2,municip council,2: municip council,
2,municip council,2: municip council,
2,municip council,2: municip council,
2,municip council,2: municip council,
2,municip council,2: municip council,
2,municip council,2: municip council,
2,municip council,2: municip council,
2,municip council,2: municip council,
2,municip council,2: municip council,
2,municip council,2: municip council,
2,municip council,2: municip council,
2,municip council,2: municip council,
2,municip council,2: municip council,
2,municip council,2: municip council,
2,municip council,2: municip council,
2,municip council,2: municip council,
2,municip council,2: municip council,
2,municip council,2: municip council,
2,municip council,2: municip council,
2,municip council,2: municip council,
2,municip council,2: municip council,
2,municip council,2: municip council,
2,municip council,2: municip council,
2,municip council,2: municip council,
2,municip council,2: municip council,
2,municip council,2: municip council,
2,municip council,2: municip council,
2,municip council,2: municip council,
2,municip council,2: municip council,
2,municip council,2: municip council,
2,municip council,2: municip council,
2,municip council,2: municip council,
2,municip council,2: municip council,
2,municip council,2: municip council,
2,municip council,2: municip council,
2,municip council,2: municip council,
2,municip council,2: municip council,
2,municip council,2: municip council,
2,municip council,2: municip council,
2,municip council,2: municip council,
2,municip council,2: municip council,
2,municip council,2: municip council,
2,municip council,2: municip council,
2,municip council,2: municip council,
2,municip council,2: municip council,
2,municip council,2: municip council,
2,municip council,2: municip council,
2,municip council,2: municip council,
2,municip council,2: municip council,
2,municip council,2: municip council,
2,municip council,2: municip council,
2,municip council,2: municip council,
2,municip council,2: municip council,
2,municip council,2: municip council,
2,municip council,2: municip council,
2,municip council,2: municip council,
2,municip council,2: municip council,
2,municip council,2: municip council,
2,municip council,2: municip council,
2,municip council,2: municip council,
2,municip council,2: municip council,
2,municip council,2: municip council,
2,municip council,2: municip council,
2,municip council,2: municip council,
2,municip council,2: municip council,
2,municip council,2: municip council,
2,municip council,2: municip council,
2,municip council,2: municip council,
2,municip council,2: municip council,
2,municip council,2: municip council,
2,municip council,2: municip council,
2,municip council,2: municip council,
2,municip council,2: municip council,
0,energi island,0: energi island,
0,energi island,0: energi island,
0,energi island,0: energi island,
0,energi island,0: energi island,
0,energi island,0: energi island,
0,energi island,0: energi island,
0,energi island,0: energi island,
0,energi island,0: energi island,
0,energi island,0: energi island,
0,energi island,0: energi island,
0,energi island,0: energi island,
0,energi island,0: energi island,
0,energi island,0: energi island,
0,energi island,0: energi island,
0,energi island,0: energi island,
0,energi island,0: energi island,
0,energi island,0: energi island,
0,energi island,0: energi island,
0,energi island,0: energi island,
0,energi island,0: energi island,
0,energi island,0: energi island,
0,energi island,0: energi island,
0,energi island,0: energi island,
0,energi island,0: energi island,
0,energi island,0: energi island,
0,energi island,0: energi island,
0,energi island,0: energi island,
0,energi island,0: energi island,
0,energi island,0: energi island,
0,energi island,0: energi island,
0,energi island,0: energi island,
0,energi island,0: energi island,
0,energi island,0: energi island,
0,energi island,0: energi island,
0,energi island,0: energi island,
0,energi island,0: energi island,
0,energi island,0: energi island,
0,energi island,0: energi island,
0,energi island,0: energi island,
0,energi island,0: energi island,
0,energi island,0: energi island,
0,energi island,0: energi island,
0,energi island,0: energi island,
0,energi island,0: energi island,
0,energi island,0: energi island,
0,energi island,0: energi island,
0,energi island,0: energi island,
0,energi island,0: energi island,
0,energi island,0: energi island,
0,energi island,0: energi island,
0,energi island,0: energi island,
0,energi island,0: energi island,
0,energi island,0: energi island,
0,energi island,0: energi island,
0,energi island,0: energi island,
0,energi island,0: energi island,
0,energi island,0: energi island,
0,energi island,0: energi island,
0,energi island,0: energi island,
0,energi island,0: energi island,
0,energi island,0: energi island,
0,energi island,0: energi island,
0,energi island,0: energi island,
0,energi island,0: energi island,
0,energi island,0: energi island,
0,energi island,0: energi island,
0,energi island,0: energi island,
0,energi island,0: energi island,
0,energi island,0: energi island,
0,energi island,0: energi island,
0,energi island,0: energi island,
0,energi island,0: energi island,
0,energi island,0: energi island,
0,energi island,0: energi island,
0,energi island,0: energi island,
0,energi island,0: energi island,
0,energi island,0: energi island,
0,energi island,0: energi island,
0,energi island,0: energi island,
0,energi island,0: energi island,
0,energi island,0: energi island,
0,energi island,0: energi island,
0,energi island,0: energi island,
0,energi island,0: energi island,
0,energi island,0: energi island,
0,energi island,0: energi island,
0,energi island,0: energi island,
0,energi island,0: energi island,
0,energi island,0: energi island,
0,energi island,0: energi island,
0,energi island,0: energi island,
0,energi island,0: energi island,
0,energi island,0: energi island,
0,energi island,0: energi island,
0,energi island,0: energi island,
0,energi island,0: energi island,
0,energi island,0: energi island,
0,energi island,0: energi island,
0,energi island,0: energi island,
0,energi island,0: energi island,
0,energi island,0: energi island,
0,energi island,0: energi island,
0,energi island,0: energi island,
0,energi island,0: energi island,
0,energi island,0: energi island,
0,energi island,0: energi island,
0,energi island,0: energi island,
0,energi island,0: energi island,
0,energi island,0: energi island,
0,energi island,0: energi island,
0,energi island,0: energi island,
0,energi island,0: energi island,
0,energi island,0: energi island,
0,energi island,0: energi island,
0,energi island,0: energi island,
0,energi island,0: energi island,
0,energi island,0: energi island,
0,energi island,0: energi island,
0,energi island,0: energi island,
0,energi island,0: energi island,
0,energi island,0: energi island,
0,energi island,0: energi island,
0,energi island,0: energi island,
0,energi island,0: energi island,
0,energi island,0: energi island,
0,energi island,0: energi island,
0,energi island,0: energi island,
0,energi island,0: energi island,
0,energi island,0: energi island,
0,energi island,0: energi island,
0,energi island,0: energi island,
0,energi island,0: energi island,
0,energi island,0: energi island,
0,energi island,0: energi island,
0,energi island,0: energi island,
0,energi island,0: energi island,
0,energi island,0: energi island,
0,energi island,0: energi island,
0,energi island,0: energi island,
0,energi island,0: energi island,
0,energi island,0: energi island,
0,energi island,0: energi island,
0,energi island,0: energi island,
0,energi island,0: energi island,
0,energi island,0: energi island,
0,energi island,0: energi island,
0,energi island,0: energi island,
0,energi island,0: energi island,
0,energi island,0: energi island,
0,energi island,0: energi island,
0,energi island,0: energi island,
0,energi island,0: energi island,
0,energi island,0: energi island,
0,energi island,0: energi island,
0,energi island,0: energi island,
0,energi island,0: energi island,
0,energi island,0: energi island,
8,wind turbin,8: wind turbin,
8,wind turbin,8: wind turbin,
8,wind turbin,8: wind turbin,
8,wind turbin,8: wind turbin,
8,wind turbin,8: wind turbin,
8,wind turbin,8: wind turbin,
8,wind turbin,8: wind turbin,
8,wind turbin,8: wind turbin,
8,wind turbin,8: wind turbin,
8,wind turbin,8: wind turbin,
8,wind turbin,8: wind turbin,
8,wind turbin,8: wind turbin,
8,wind turbin,8: wind turbin,
8,wind turbin,8: wind turbin,
8,wind turbin,8: wind turbin,
8,wind turbin,8: wind turbin,
8,wind turbin,8: wind turbin,
8,wind turbin,8: wind turbin,
8,wind turbin,8: wind turbin,
8,wind turbin,8: wind turbin,
8,wind turbin,8: wind turbin,
8,wind turbin,8: wind turbin,
8,wind turbin,8: wind turbin,
8,wind turbin,8: wind turbin,
8,wind turbin,8: wind turbin,
8,wind turbin,8: wind turbin,
8,wind turbin,8: wind turbin,
8,wind turbin,8: wind turbin,
8,wind turbin,8: wind turbin,
8,wind turbin,8: wind turbin,
8,wind turbin,8: wind turbin,
8,wind turbin,8: wind turbin,
8,wind turbin,8: wind turbin,
8,wind turbin,8: wind turbin,
8,wind turbin,8: wind turbin,
8,wind turbin,8: wind turbin,
8,wind turbin,8: wind turbin,
8,wind turbin,8: wind turbin,
8,wind turbin,8: wind turbin,
8,wind turbin,8: wind turbin,
8,wind turbin,8: wind turbin,
8,wind turbin,8: wind turbin,
8,wind turbin,8: wind turbin,
8,wind turbin,8: wind turbin,
8,wind turbin,8: wind turbin,
8,wind turbin,8: wind turbin,
8,wind turbin,8: wind turbin,
8,wind turbin,8: wind turbin,
8,wind turbin,8: wind turbin,
8,wind turbin,8: wind turbin,
8,wind turbin,8: wind turbin,
8,wind turbin,8: wind turbin,
8,wind turbin,8: wind turbin,
8,wind turbin,8: wind turbin,
8,wind turbin,8: wind turbin,
8,wind turbin,8: wind turbin,
8,wind turbin,8: wind turbin,
8,wind turbin,8: wind turbin,
8,wind turbin,8: wind turbin,
8,wind turbin,8: wind turbin,
8,wind turbin,8: wind turbin,
8,wind turbin,8: wind turbin,
8,wind turbin,8: wind turbin,
8,wind turbin,8: wind turbin,
8,wind turbin,8: wind turbin,
8,wind turbin,8: wind turbin,
8,wind turbin,8: wind turbin,
8,wind turbin,8: wind turbin,
8,wind turbin,8: wind turbin,
8,wind turbin,8: wind turbin,
8,wind turbin,8: wind turbin,
8,wind turbin,8: wind turbin,
8,wind turbin,8: wind turbin,
8,wind turbin,8: wind turbin,
8,wind turbin,8: wind turbin,
8,wind turbin,8: wind turbin,
8,wind turbin,8: wind turbin,
8,wind turbin,8: wind turbin,
8,wind turbin,8: wind turbin,
8,wind turbin,8: wind turbin,
8,wind turbin,8: wind turbin,
8,wind turbin,8: wind turbin,
8,wind turbin,8: wind turbin,
8,wind turbin,8: wind turbin,
8,wind turbin,8: wind turbin,
8,wind turbin,8: wind turbin,
8,wind turbin,8: wind turbin,
8,wind turbin,8: wind turbin,
8,wind turbin,8: wind turbin,
8,wind turbin,8: wind turbin,
8,wind turbin,8: wind turbin,
8,wind turbin,8: wind turbin,
8,wind turbin,8: wind turbin,
8,wind turbin,8: wind turbin,
8,wind turbin,8: wind turbin,
8,wind turbin,8: wind turbin,
8,wind turbin,8: wind turbin,
8,wind turbin,8: wind turbin,
8,wind turbin,8: wind turbin,
8,wind turbin,8: wind turbin,
8,wind turbin,8: wind turbin,
8,wind turbin,8: wind turbin,
8,wind turbin,8: wind turbin,
8,wind turbin,8: wind turbin,
8,wind turbin,8: wind turbin,
8,wind turbin,8: wind turbin,
8,wind turbin,8: wind turbin,
8,wind turbin,8: wind turbin,
8,wind turbin,8: wind turbin,
8,wind turbin,8: wind turbin,
8,wind turbin,8: wind turbin,
8,wind turbin,8: wind turbin,
8,wind turbin,8: wind turbin,
8,wind turbin,8: wind turbin,
8,wind turbin,8: wind turbin,
8,wind turbin,8: wind turbin,
8,wind turbin,8: wind turbin,
8,wind turbin,8: wind turbin,
8,wind turbin,8: wind turbin,
8,wind turbin,8: wind turbin,
8,wind turbin,8: wind turbin,
8,wind turbin,8: wind turbin,
8,wind turbin,8: wind turbin,
8,wind turbin,8: wind turbin,
8,wind turbin,8: wind turbin,
8,wind turbin,8: wind turbin,
8,wind turbin,8: wind turbin,
8,wind turbin,8: wind turbin,
8,wind turbin,8: wind turbin,
8,wind turbin,8: wind turbin,
6,energiø bornholm,6: energiø bornholm,
6,energiø bornholm,6: energiø bornholm,
6,energiø bornholm,6: energiø bornholm,
6,energiø bornholm,6: energiø bornholm,
6,energiø bornholm,6: energiø bornholm,
6,energiø bornholm,6: energiø bornholm,
6,energiø bornholm,6: energiø bornholm,
6,energiø bornholm,6: energiø bornholm,
6,energiø bornholm,6: energiø bornholm,
6,energiø bornholm,6: energiø bornholm,
6,energiø bornholm,6: energiø bornholm,
6,energiø bornholm,6: energiø bornholm,
6,energiø bornholm,6: energiø bornholm,
6,energiø bornholm,6: energiø bornholm,
6,energiø bornholm,6: energiø bornholm,
6,energiø bornholm,6: energiø bornholm,
6,energiø bornholm,6: energiø bornholm,
6,energiø bornholm,6: energiø bornholm,
6,energiø bornholm,6: energiø bornholm,
6,energiø bornholm,6: energiø bornholm,
6,energiø bornholm,6: energiø bornholm,
6,energiø bornholm,6: energiø bornholm,
6,energiø bornholm,6: energiø bornholm,
6,energiø bornholm,6: energiø bornholm,
6,energiø bornholm,6: energiø bornholm,
6,energiø bornholm,6: energiø bornholm,
6,energiø bornholm,6: energiø bornholm,
6,energiø bornholm,6: energiø bornholm,
6,energiø bornholm,6: energiø bornholm,
6,energiø bornholm,6: energiø bornholm,
6,energiø bornholm,6: energiø bornholm,
6,energiø bornholm,6: energiø bornholm,
6,energiø bornholm,6: energiø bornholm,
6,energiø bornholm,6: energiø bornholm,
6,energiø bornholm,6: energiø bornholm,
6,energiø bornholm,6: energiø bornholm,
6,energiø bornholm,6: energiø bornholm,
6,energiø bornholm,6: energiø bornholm,
6,energiø bornholm,6: energiø bornholm,
6,energiø bornholm,6: energiø bornholm,
6,energiø bornholm,6: energiø bornholm,
6,energiø bornholm,6: energiø bornholm,
6,energiø bornholm,6: energiø bornholm,
6,energiø bornholm,6: energiø bornholm,
6,energiø bornholm,6: energiø bornholm,
6,energiø bornholm,6: energiø bornholm,
6,energiø bornholm,6: energiø bornholm,
6,energiø bornholm,6: energiø bornholm,
6,energiø bornholm,6: energiø bornholm,
6,energiø bornholm,6: energiø bornholm,
6,energiø bornholm,6: energiø bornholm,
6,energiø bornholm,6: energiø bornholm,
6,energiø bornholm,6: energiø bornholm,
6,energiø bornholm,6: energiø bornholm,
6,energiø bornholm,6: energiø bornholm,
6,energiø bornholm,6: energiø bornholm,
6,energiø bornholm,6: energiø bornholm,
6,energiø bornholm,6: energiø bornholm,
6,energiø bornholm,6: energiø bornholm,
6,energiø bornholm,6: energiø bornholm,
6,energiø bornholm,6: energiø bornholm,
6,energiø bornholm,6: energiø bornholm,
6,energiø bornholm,6: energiø bornholm,
6,energiø bornholm,6: energiø bornholm,
6,energiø bornholm,6: energiø bornholm,
6,energiø bornholm,6: energiø bornholm,
6,energiø bornholm,6: energiø bornholm,
6,energiø bornholm,6: energiø bornholm,
6,energiø bornholm,6: energiø bornholm,
6,energiø bornholm,6: energiø bornholm,
6,energiø bornholm,6: energiø bornholm,
6,energiø bornholm,6: energiø bornholm,
6,energiø bornholm,6: energiø bornholm,
6,energiø bornholm,6: energiø bornholm,
6,energiø bornholm,6: energiø bornholm,
6,energiø bornholm,6: energiø bornholm,
6,energiø bornholm,6: energiø bornholm,
6,energiø bornholm,6: energiø bornholm,
6,energiø bornholm,6: energiø bornholm,
6,energiø bornholm,6: energiø bornholm,
6,energiø bornholm,6: energiø bornholm,
6,energiø bornholm,6: energiø bornholm,
6,energiø bornholm,6: energiø bornholm,
6,energiø bornholm,6: energiø bornholm,
6,energiø bornholm,6: energiø bornholm,
6,energiø bornholm,6: energiø bornholm,
6,energiø bornholm,6: energiø bornholm,
6,energiø bornholm,6: energiø bornholm,
6,energiø bornholm,6: energiø bornholm,
6,energiø bornholm,6: energiø bornholm,
6,energiø bornholm,6: energiø bornholm,
6,energiø bornholm,6: energiø bornholm,
6,energiø bornholm,6: energiø bornholm,
6,energiø bornholm,6: energiø bornholm,
6,energiø bornholm,6: energiø bornholm,
6,energiø bornholm,6: energiø bornholm,
6,energiø bornholm,6: energiø bornholm,
6,energiø bornholm,6: energiø bornholm,
6,energiø bornholm,6: energiø bornholm,
6,energiø bornholm,6: energiø bornholm,
6,energiø bornholm,6: energiø bornholm,
6,energiø bornholm,6: energiø bornholm,
6,energiø bornholm,6: energiø bornholm,
6,energiø bornholm,6: energiø bornholm,
6,energiø bornholm,6: energiø bornholm,
6,energiø bornholm,6: energiø bornholm,
6,energiø bornholm,6: energiø bornholm,
6,energiø bornholm,6: energiø bornholm,
6,energiø bornholm,6: energiø bornholm,
6,energiø bornholm,6: energiø bornholm,
6,energiø bornholm,6: energiø bornholm,
6,energiø bornholm,6: energiø bornholm,
6,energiø bornholm,6: energiø bornholm,
6,energiø bornholm,6: energiø bornholm,
6,energiø bornholm,6: energiø bornholm,
6,energiø bornholm,6: energiø bornholm,
6,energiø bornholm,6: energiø bornholm,
6,energiø bornholm,6: energiø bornholm,
6,energiø bornholm,6: energiø bornholm,
6,energiø bornholm,6: energiø bornholm,
6,energiø bornholm,6: energiø bornholm,
6,energiø bornholm,6: energiø bornholm,
6,energiø bornholm,6: energiø bornholm,
6,energiø bornholm,6: energiø bornholm,
6,energiø bornholm,6: energiø bornholm,
6,energiø bornholm,6: energiø bornholm,
6,energiø bornholm,6: energiø bornholm,
6,energiø bornholm,6: energiø bornholm,
6,energiø bornholm,6: energiø bornholm,
6,energiø bornholm,6: energiø bornholm,
6,energiø bornholm,6: energiø bornholm,
6,energiø bornholm,6: energiø bornholm,
6,energiø bornholm,6: energiø bornholm,
6,energiø bornholm,6: energiø bornholm,
6,energiø bornholm,6: energiø bornholm,
6,energiø bornholm,6: energiø bornholm,
6,energiø bornholm,6: energiø bornholm,
6,energiø bornholm,6: energiø bornholm,
6,energiø bornholm,6: energiø bornholm,
6,energiø bornholm,6: energiø bornholm,
6,energiø bornholm,6: energiø bornholm,
6,energiø bornholm,6: energiø bornholm,
6,energiø bornholm,6: energiø bornholm,
6,energiø bornholm,6: energiø bornholm,
6,energiø bornholm,6: energiø bornholm,
6,energiø bornholm,6: energiø bornholm,
6,energiø bornholm,6: energiø bornholm,
6,energiø bornholm,6: energiø bornholm,
6,energiø bornholm,6: energiø bornholm,
6,energiø bornholm,6: energiø bornholm,
6,energiø bornholm,6: energiø bornholm,
6,energiø bornholm,6: energiø bornholm,
6,energiø bornholm,6: energiø bornholm,
6,energiø bornholm,6: energiø bornholm,
6,energiø bornholm,6: energiø bornholm,
6,energiø bornholm,6: energiø bornholm,
6,energiø bornholm,6: energiø bornholm,
6,energiø bornholm,6: energiø bornholm,
6,energiø bornholm,6: energiø bornholm,
6,energiø bornholm,6: energiø bornholm,
6,energiø bornholm,6: energiø bornholm,
6,energiø bornholm,6: energiø bornholm,
6,energiø bornholm,6: energiø bornholm,
6,energiø bornholm,6: energiø bornholm,
6,energiø bornholm,6: energiø bornholm,
6,energiø bornholm,6: energiø bornholm,
6,energiø bornholm,6: energiø bornholm,
6,energiø bornholm,6: energiø bornholm,
6,energiø bornholm,6: energiø bornholm,
6,energiø bornholm,6: energiø bornholm,
6,energiø bornholm,6: energiø bornholm,
8,wind turbin,8: wind turbin,
8,wind turbin,8: wind turbin,
8,wind turbin,8: wind turbin,
8,wind turbin,8: wind turbin,
8,wind turbin,8: wind turbin,
8,wind turbin,8: wind turbin,
8,wind turbin,8: wind turbin,
8,wind turbin,8: wind turbin,
8,wind turbin,8: wind turbin,
8,wind turbin,8: wind turbin,
8,wind turbin,8: wind turbin,
8,wind turbin,8: wind turbin,
8,wind turbin,8: wind turbin,
8,wind turbin,8: wind turbin,
8,wind turbin,8: wind turbin,
8,wind turbin,8: wind turbin,
8,wind turbin,8: wind turbin,
8,wind turbin,8: wind turbin,
8,wind turbin,8: wind turbin,
8,wind turbin,8: wind turbin,
8,wind turbin,8: wind turbin,
8,wind turbin,8: wind turbin,
8,wind turbin,8: wind turbin,
8,wind turbin,8: wind turbin,
8,wind turbin,8: wind turbin,
8,wind turbin,8: wind turbin,
8,wind turbin,8: wind turbin,
8,wind turbin,8: wind turbin,
8,wind turbin,8: wind turbin,
8,wind turbin,8: wind turbin,
8,wind turbin,8: wind turbin,
8,wind turbin,8: wind turbin,
8,wind turbin,8: wind turbin,
8,wind turbin,8: wind turbin,
8,wind turbin,8: wind turbin,
8,wind turbin,8: wind turbin,
8,wind turbin,8: wind turbin,
8,wind turbin,8: wind turbin,
8,wind turbin,8: wind turbin,
8,wind turbin,8: wind turbin,
8,wind turbin,8: wind turbin,
8,wind turbin,8: wind turbin,
8,wind turbin,8: wind turbin,
8,wind turbin,8: wind turbin,
8,wind turbin,8: wind turbin,
8,wind turbin,8: wind turbin,
8,wind turbin,8: wind turbin,
8,wind turbin,8: wind turbin,
8,wind turbin,8: wind turbin,
8,wind turbin,8: wind turbin,
8,wind turbin,8: wind turbin,
8,wind turbin,8: wind turbin,
8,wind turbin,8: wind turbin,
8,wind turbin,8: wind turbin,
8,wind turbin,8: wind turbin,
8,wind turbin,8: wind turbin,
8,wind turbin,8: wind turbin,
8,wind turbin,8: wind turbin,
8,wind turbin,8: wind turbin,
8,wind turbin,8: wind turbin,
8,wind turbin,8: wind turbin,
8,wind turbin,8: wind turbin,
8,wind turbin,8: wind turbin,
8,wind turbin,8: wind turbin,
8,wind turbin,8: wind turbin,
8,wind turbin,8: wind turbin,
8,wind turbin,8: wind turbin,
8,wind turbin,8: wind turbin,
8,wind turbin,8: wind turbin,
8,wind turbin,8: wind turbin,
8,wind turbin,8: wind turbin,
8,wind turbin,8: wind turbin,
8,wind turbin,8: wind turbin,
8,wind turbin,8: wind turbin,
8,wind turbin,8: wind turbin,
8,wind turbin,8: wind turbin,
8,wind turbin,8: wind turbin,
8,wind turbin,8: wind turbin,
8,wind turbin,8: wind turbin,
8,wind turbin,8: wind turbin,
8,wind turbin,8: wind turbin,
8,wind turbin,8: wind turbin,
8,wind turbin,8: wind turbin,
8,wind turbin,8: wind turbin,
8,wind turbin,8: wind turbin,
8,wind turbin,8: wind turbin,
8,wind turbin,8: wind turbin,
8,wind turbin,8: wind turbin,
8,wind turbin,8: wind turbin,
8,wind turbin,8: wind turbin,
8,wind turbin,8: wind turbin,
8,wind turbin,8: wind turbin,
8,wind turbin,8: wind turbin,
8,wind turbin,8: wind turbin,
8,wind turbin,8: wind turbin,
8,wind turbin,8: wind turbin,
8,wind turbin,8: wind turbin,
8,wind turbin,8: wind turbin,
8,wind turbin,8: wind turbin,
8,wind turbin,8: wind turbin,
8,wind turbin,8: wind turbin,
8,wind turbin,8: wind turbin,
8,wind turbin,8: wind turbin,
8,wind turbin,8: wind turbin,
8,wind turbin,8: wind turbin,
8,wind turbin,8: wind turbin,
8,wind turbin,8: wind turbin,
8,wind turbin,8: wind turbin,
8,wind turbin,8: wind turbin,
8,wind turbin,8: wind turbin,
8,wind turbin,8: wind turbin,
8,wind turbin,8: wind turbin,
8,wind turbin,8: wind turbin,
8,wind turbin,8: wind turbin,
8,wind turbin,8: wind turbin,
8,wind turbin,8: wind turbin,
8,wind turbin,8: wind turbin,
8,wind turbin,8: wind turbin,
8,wind turbin,8: wind turbin,
8,wind turbin,8: wind turbin,
8,wind turbin,8: wind turbin,
8,wind turbin,8: wind turbin,
8,wind turbin,8: wind turbin,
8,wind turbin,8: wind turbin,
8,wind turbin,8: wind turbin,
8,wind turbin,8: wind turbin,
8,wind turbin,8: wind turbin,
8,wind turbin,8: wind turbin,
8,wind turbin,8: wind turbin,
8,wind turbin,8: wind turbin,
2,municip council,2: municip council,
2,municip council,2: municip council,
2,municip council,2: municip council,
2,municip council,2: municip council,
2,municip council,2: municip council,
2,municip council,2: municip council,
2,municip council,2: municip council,
2,municip council,2: municip council,
2,municip council,2: municip council,
2,municip council,2: municip council,
2,municip council,2: municip council,
2,municip council,2: municip council,
2,municip council,2: municip council,
2,municip council,2: municip council,
2,municip council,2: municip council,
2,municip council,2: municip council,
2,municip council,2: municip council,
2,municip council,2: municip council,
2,municip council,2: municip council,
2,municip council,2: municip council,
2,municip council,2: municip council,
2,municip council,2: municip council,
2,municip council,2: municip council,
2,municip council,2: municip council,
2,municip council,2: municip council,
2,municip council,2: municip council,
2,municip council,2: municip council,
2,municip council,2: municip council,
2,municip council,2: municip council,
2,municip council,2: municip council,
2,municip council,2: municip council,
2,municip council,2: municip council,
2,municip council,2: municip council,
2,municip council,2: municip council,
2,municip council,2: municip council,
2,municip council,2: municip council,
2,municip council,2: municip council,
2,municip council,2: municip council,
2,municip council,2: municip council,
2,municip council,2: municip council,
2,municip council,2: municip council,
2,municip council,2: municip council,
2,municip council,2: municip council,
2,municip council,2: municip council,
2,municip council,2: municip council,
2,municip council,2: municip council,
2,municip council,2: municip council,
2,municip council,2: municip council,
2,municip council,2: municip council,
2,municip council,2: municip council,
2,municip council,2: municip council,
2,municip council,2: municip council,
2,municip council,2: municip council,
2,municip council,2: municip council,
2,municip council,2: municip council,
2,municip council,2: municip council,
2,municip council,2: municip council,
2,municip council,2: municip council,
2,municip council,2: municip council,
2,municip council,2: municip council,
2,municip council,2: municip council,
2,municip council,2: municip council,
2,municip council,2: municip council,
2,municip council,2: municip council,
2,municip council,2: municip council,
2,municip council,2: municip council,
2,municip council,2: municip council,
2,municip council,2: municip council,
2,municip council,2: municip council,
2,municip council,2: municip council,
2,municip council,2: municip council,
2,municip council,2: municip council,
2,municip council,2: municip council,
2,municip council,2: municip council,
2,municip council,2: municip council,
2,municip council,2: municip council,
2,municip council,2: municip council,
2,municip council,2: municip council,
2,municip council,2: municip council,
2,municip council,2: municip council,
2,municip council,2: municip council,
2,municip council,2: municip council,
2,municip council,2: municip council,
2,municip council,2: municip council,
2,municip council,2: municip council,
2,municip council,2: municip council,
2,municip council,2: municip council,
2,municip council,2: municip council,
2,municip council,2: municip council,
2,municip council,2: municip council,
2,municip council,2: municip council,
2,municip council,2: municip council,
2,municip council,2: municip council,
2,municip council,2: municip council,
2,municip council,2: municip council,
2,municip council,2: municip council,
2,municip council,2: municip council,
2,municip council,2: municip council,
2,municip council,2: municip council,
2,municip council,2: municip council,
2,municip council,2: municip council,
2,municip council,2: municip council,
2,municip council,2: municip council,
2,municip council,2: municip council,
2,municip council,2: municip council,
2,municip council,2: municip council,
2,municip council,2: municip council,
2,municip council,2: municip council,
2,municip council,2: municip council,
2,municip council,2: municip council,
2,municip council,2: municip council,
2,municip council,2: municip council,
2,municip council,2: municip council,
2,municip council,2: municip council,
2,municip council,2: municip council,
2,municip council,2: municip council,
2,municip council,2: municip council,
2,municip council,2: municip council,
2,municip council,2: municip council,
2,municip council,2: municip council,
2,municip council,2: municip council,
2,municip council,2: municip council,
2,municip council,2: municip council,
2,municip council,2: municip council,
2,municip council,2: municip council,
2,municip council,2: municip council,
2,municip council,2: municip council,
2,municip council,2: municip council,
2,municip council,2: municip council,
2,municip council,2: municip council,
2,municip council,2: municip council,
2,municip council,2: municip council,
2,municip council,2: municip council,
2,municip council,2: municip council,
2,municip council,2: municip council,
2,municip council,2: municip council,
2,municip council,2: municip council,
2,municip council,2: municip council,
2,municip council,2: municip council,
2,municip council,2: municip council,
2,municip council,2: municip council,
2,municip council,2: municip council,
2,municip council,2: municip council,
2,municip council,2: municip council,
2,municip council,2: municip council,
2,municip council,2: municip council,
2,municip council,2: municip council,
2,municip council,2: municip council,
2,municip council,2: municip council,
2,municip council,2: municip council,
2,municip council,2: municip council,
2,municip council,2: municip council,
2,municip council,2: municip council,
2,municip council,2: municip council,
2,municip council,2: municip council,
2,municip council,2: municip council,
2,municip council,2: municip council,
2,municip council,2: municip council,
2,municip council,2: municip council,
2,municip council,2: municip council,
2,municip council,2: municip council,
2,municip council,2: municip council,
2,municip council,2: municip council,
2,municip council,2: municip council,
2,municip council,2: municip council,
2,municip council,2: municip council,
2,municip council,2: municip council,
2,municip council,2: municip council,
2,municip council,2: municip council,
2,municip council,2: municip council,
2,municip council,2: municip council,
2,municip council,2: municip council,
2,municip council,2: municip council,
2,municip council,2: municip council,
2,municip council,2: municip council,
2,municip council,2: municip council,
2,municip council,2: municip council,
2,municip council,2: municip council,
2,municip council,2: municip council,
2,municip council,2: municip council,
2,municip council,2: municip council,
2,municip council,2: municip council,
2,municip council,2: municip council,
2,municip council,2: municip council,
2,municip council,2: municip council,
2,municip council,2: municip council,
2,municip council,2: municip council,
2,municip council,2: municip council,
2,municip council,2: municip council,
2,municip council,2: municip council,
2,municip council,2: municip council,
2,municip council,2: municip council,
2,municip council,2: municip council,
2,municip council,2: municip council,
2,municip council,2: municip council,
2,municip council,2: municip council,
2,municip council,2: municip council,
2,municip council,2: municip council,
2,municip council,2: municip council,
2,municip council,2: municip council,
2,municip council,2: municip council,
2,municip council,2: municip council,
2,municip council,2: municip council,
2,municip council,2: municip council,
2,municip council,2: municip council,
2,municip council,2: municip council,
2,municip council,2: municip council,
2,municip council,2: municip council,
2,municip council,2: municip council,
2,municip council,2: municip council,
2,municip council,2: municip council,
2,municip council,2: municip council,
2,municip council,2: municip council,
2,municip council,2: municip council,
2,municip council,2: municip council,
2,municip council,2: municip council,
2,municip council,2: municip council,
2,municip council,2: municip council,
2,municip council,2: municip council,
2,municip council,2: municip council,
2,municip council,2: municip council,
2,municip council,2: municip council,
2,municip council,2: municip council,
2,municip council,2: municip council,
2,municip council,2: municip council,
2,municip council,2: municip council,
2,municip council,2: municip council,
2,municip council,2: municip council,
2,municip council,2: municip council,
2,municip council,2: municip council,
2,municip council,2: municip council,
2,municip council,2: municip council,
2,municip council,2: municip council,
2,municip council,2: municip council,
2,municip council,2: municip council,
2,municip council,2: municip council,
2,municip council,2: municip council,
2,municip council,2: municip council,
2,municip council,2: municip council,
2,municip council,2: municip council,
2,municip council,2: municip council,
2,municip council,2: municip council,
2,municip council,2: municip council,
2,municip council,2: municip council,
2,municip council,2: municip council,
2,municip council,2: municip council,
2,municip council,2: municip council,
2,municip council,2: municip council,
2,municip council,2: municip council,
2,municip council,2: municip council,
2,municip council,2: municip council,
2,municip council,2: municip council,
2,municip council,2: municip council,
2,municip council,2: municip council,
2,municip council,2: municip council,
2,municip council,2: municip council,
2,municip council,2: municip council,
2,municip council,2: municip council,
2,municip council,2: municip council,
2,municip council,2: municip council,
2,municip council,2: municip council,
2,municip council,2: municip council,
2,municip council,2: municip council,
2,municip council,2: municip council,
2,municip council,2: municip council,
2,municip council,2: municip council,
2,municip council,2: municip council,
2,municip council,2: municip council,
2,municip council,2: municip council,
2,municip council,2: municip council,
2,municip council,2: municip council,
2,municip council,2: municip council,
2,municip council,2: municip council,
2,municip council,2: municip council,
2,municip council,2: municip council,
2,municip council,2: municip council,
2,municip council,2: municip council,
2,municip council,2: municip council,
2,municip council,2: municip council,
2,municip council,2: municip council,
2,municip council,2: municip council,
2,municip council,2: municip council,
2,municip council,2: municip council,
2,municip council,2: municip council,
2,municip council,2: municip council,
2,municip council,2: municip council,
2,municip council,2: municip council,
2,municip council,2: municip council,
2,municip council,2: municip council,
2,municip council,2: municip council,
2,municip council,2: municip council,
2,municip council,2: municip council,
2,municip council,2: municip council,
2,municip council,2: municip council,
2,municip council,2: municip council,
2,municip council,2: municip council,
2,municip council,2: municip council,
2,municip council,2: municip council,
2,municip council,2: municip council,
2,municip council,2: municip council,
2,municip council,2: municip council,
2,municip council,2: municip council,
2,municip council,2: municip council,
2,municip council,2: municip council,
2,municip council,2: municip council,
2,municip council,2: municip council,
2,municip council,2: municip council,
2,municip council,2: municip council,
2,municip council,2: municip council,
2,municip council,2: municip council,
2,municip council,2: municip council,
2,municip council,2: municip council,
2,municip council,2: municip council,
2,municip council,2: municip council,
2,municip council,2: municip council,
2,municip council,2: municip council,
2,municip council,2: municip council,
2,municip council,2: municip council,
2,municip council,2: municip council,
2,municip council,2: municip council,
2,municip council,2: municip council,
2,municip council,2: municip council,
2,municip council,2: municip council,
2,municip council,2: municip council,
2,municip council,2: municip council,
2,municip council,2: municip council,
2,municip council,2: municip council,
2,municip council,2: municip council,
2,municip council,2: municip council,
2,municip council,2: municip council,
2,municip council,2: municip council,
2,municip council,2: municip council,
2,municip council,2: municip council,
2,municip council,2: municip council,
2,municip council,2: municip council,
2,municip council,2: municip council,
2,municip council,2: municip council,
2,municip council,2: municip council,
2,municip council,2: municip council,
2,municip council,2: municip council,
2,municip council,2: municip council,
2,municip council,2: municip council,
2,municip council,2: municip council,
2,municip council,2: municip council,
2,municip council,2: municip council,
2,municip council,2: municip council,
2,municip council,2: municip council,
2,municip council,2: municip council,
2,municip council,2: municip council,
2,municip council,2: municip council,
2,municip council,2: municip council,
2,municip council,2: municip council,
2,municip council,2: municip council,
2,municip council,2: municip council,
2,municip council,2: municip council,
2,municip council,2: municip council,
2,municip council,2: municip council,
2,municip council,2: municip council,
2,municip council,2: municip council,
2,municip council,2: municip council,
2,municip council,2: municip council,
2,municip council,2: municip council,
2,municip council,2: municip council,
2,municip council,2: municip council,
2,municip council,2: municip council,
2,municip council,2: municip council,
2,municip council,2: municip council,
2,municip council,2: municip council,
2,municip council,2: municip council,
2,municip council,2: municip council,
2,municip council,2: municip council,
2,municip council,2: municip council,
2,municip council,2: municip council,
2,municip council,2: municip council,
2,municip council,2: municip council,
2,municip council,2: municip council,
2,municip council,2: municip council,
2,municip council,2: municip council,
2,municip council,2: municip council,
2,municip council,2: municip council,
2,municip council,2: municip council,
2,municip council,2: municip council,
2,municip council,2: municip council,
2,municip council,2: municip council,
2,municip council,2: municip council,
2,municip council,2: municip council,
2,municip council,2: municip council,
2,municip council,2: municip council,
2,municip council,2: municip council,
2,municip council,2: municip council,
2,municip council,2: municip council,
2,municip council,2: municip council,
2,municip council,2: municip council,
2,municip council,2: municip council,
2,municip council,2: municip council,
2,municip council,2: municip council,
2,municip council,2: municip council,
2,municip council,2: municip council,
2,municip council,2: municip council,
2,municip council,2: municip council,
2,municip council,2: municip council,
2,municip council,2: municip council,
2,municip council,2: municip council,
2,municip council,2: municip council,
2,municip council,2: municip council,
2,municip council,2: municip council,
2,municip council,2: municip council,
2,municip council,2: municip council,
2,municip council,2: municip council,
2,municip council,2: municip council,
2,municip council,2: municip council,
2,municip council,2: municip council,
2,municip council,2: municip council,
2,municip council,2: municip council,
2,municip council,2: municip council,
2,municip council,2: municip council,
2,municip council,2: municip council,
2,municip council,2: municip council,
2,municip council,2: municip council,
2,municip council,2: municip council,
2,municip council,2: municip council,
2,municip council,2: municip council,
2,municip council,2: municip council,
2,municip council,2: municip council,
2,municip council,2: municip council,
2,municip council,2: municip council,
2,municip council,2: municip council,
2,municip council,2: municip council,
2,municip council,2: municip council,
2,municip council,2: municip council,
2,municip council,2: municip council,
2,municip council,2: municip council,
2,municip council,2: municip council,
2,municip council,2: municip council,
2,municip council,2: municip council,
2,municip council,2: municip council,
2,municip council,2: municip council,
2,municip council,2: municip council,
2,municip council,2: municip council,
2,municip council,2: municip council,
2,municip council,2: municip council,
2,municip council,2: municip council,
2,municip council,2: municip council,
2,municip council,2: municip council,
2,municip council,2: municip council,
2,municip council,2: municip council,
2,municip council,2: municip council,
2,municip council,2: municip council,
2,municip council,2: municip council,
2,municip council,2: municip council,
2,municip council,2: municip council,
2,municip council,2: municip council,
2,municip council,2: municip council,
2,municip council,2: municip council,
2,municip council,2: municip council,
2,municip council,2: municip council,
2,municip council,2: municip council,
2,municip council,2: municip council,
2,municip council,2: municip council,
2,municip council,2: municip council,
2,municip council,2: municip council,
2,municip council,2: municip council,
2,municip council,2: municip council,
2,municip council,2: municip council,
2,municip council,2: municip council,
2,municip council,2: municip council,
2,municip council,2: municip council,
2,municip council,2: municip council,
6,energiø bornholm,6: energiø bornholm,
6,energiø bornholm,6: energiø bornholm,
6,energiø bornholm,6: energiø bornholm,
6,energiø bornholm,6: energiø bornholm,
6,energiø bornholm,6: energiø bornholm,
6,energiø bornholm,6: energiø bornholm,
6,energiø bornholm,6: energiø bornholm,
6,energiø bornholm,6: energiø bornholm,
6,energiø bornholm,6: energiø bornholm,
6,energiø bornholm,6: energiø bornholm,
6,energiø bornholm,6: energiø bornholm,
6,energiø bornholm,6: energiø bornholm,
6,energiø bornholm,6: energiø bornholm,
6,energiø bornholm,6: energiø bornholm,
6,energiø bornholm,6: energiø bornholm,
6,energiø bornholm,6: energiø bornholm,
6,energiø bornholm,6: energiø bornholm,
6,energiø bornholm,6: energiø bornholm,
6,energiø bornholm,6: energiø bornholm,
6,energiø bornholm,6: energiø bornholm,
6,energiø bornholm,6: energiø bornholm,
6,energiø bornholm,6: energiø bornholm,
6,energiø bornholm,6: energiø bornholm,
6,energiø bornholm,6: energiø bornholm,
6,energiø bornholm,6: energiø bornholm,
6,energiø bornholm,6: energiø bornholm,
6,energiø bornholm,6: energiø bornholm,
6,energiø bornholm,6: energiø bornholm,
6,energiø bornholm,6: energiø bornholm,
6,energiø bornholm,6: energiø bornholm,
6,energiø bornholm,6: energiø bornholm,
6,energiø bornholm,6: energiø bornholm,
6,energiø bornholm,6: energiø bornholm,
6,energiø bornholm,6: energiø bornholm,
6,energiø bornholm,6: energiø bornholm,
6,energiø bornholm,6: energiø bornholm,
6,energiø bornholm,6: energiø bornholm,
6,energiø bornholm,6: energiø bornholm,
6,energiø bornholm,6: energiø bornholm,
6,energiø bornholm,6: energiø bornholm,
6,energiø bornholm,6: energiø bornholm,
6,energiø bornholm,6: energiø bornholm,
6,energiø bornholm,6: energiø bornholm,
6,energiø bornholm,6: energiø bornholm,
6,energiø bornholm,6: energiø bornholm,
6,energiø bornholm,6: energiø bornholm,
6,energiø bornholm,6: energiø bornholm,
6,energiø bornholm,6: energiø bornholm,
6,energiø bornholm,6: energiø bornholm,
6,energiø bornholm,6: energiø bornholm,
6,energiø bornholm,6: energiø bornholm,
6,energiø bornholm,6: energiø bornholm,
6,energiø bornholm,6: energiø bornholm,
6,energiø bornholm,6: energiø bornholm,
6,energiø bornholm,6: energiø bornholm,
6,energiø bornholm,6: energiø bornholm,
6,energiø bornholm,6: energiø bornholm,
6,energiø bornholm,6: energiø bornholm,
6,energiø bornholm,6: energiø bornholm,
6,energiø bornholm,6: energiø bornholm,
6,energiø bornholm,6: energiø bornholm,
6,energiø bornholm,6: energiø bornholm,
6,energiø bornholm,6: energiø bornholm,
6,energiø bornholm,6: energiø bornholm,
6,energiø bornholm,6: energiø bornholm,
6,energiø bornholm,6: energiø bornholm,
6,energiø bornholm,6: energiø bornholm,
6,energiø bornholm,6: energiø bornholm,
6,energiø bornholm,6: energiø bornholm,
6,energiø bornholm,6: energiø bornholm,
6,energiø bornholm,6: energiø bornholm,
6,energiø bornholm,6: energiø bornholm,
6,energiø bornholm,6: energiø bornholm,
6,energiø bornholm,6: energiø bornholm,
6,energiø bornholm,6: energiø bornholm,
6,energiø bornholm,6: energiø bornholm,
6,energiø bornholm,6: energiø bornholm,
6,energiø bornholm,6: energiø bornholm,
6,energiø bornholm,6: energiø bornholm,
6,energiø bornholm,6: energiø bornholm,
6,energiø bornholm,6: energiø bornholm,
6,energiø bornholm,6: energiø bornholm,
6,energiø bornholm,6: energiø bornholm,
6,energiø bornholm,6: energiø bornholm,
6,energiø bornholm,6: energiø bornholm,
6,energiø bornholm,6: energiø bornholm,
6,energiø bornholm,6: energiø bornholm,
6,energiø bornholm,6: energiø bornholm,
6,energiø bornholm,6: energiø bornholm,
6,energiø bornholm,6: energiø bornholm,
6,energiø bornholm,6: energiø bornholm,
6,energiø bornholm,6: energiø bornholm,
6,energiø bornholm,6: energiø bornholm,
6,energiø bornholm,6: energiø bornholm,
6,energiø bornholm,6: energiø bornholm,
6,energiø bornholm,6: energiø bornholm,
6,energiø bornholm,6: energiø bornholm,
6,energiø bornholm,6: energiø bornholm,
6,energiø bornholm,6: energiø bornholm,
6,energiø bornholm,6: energiø bornholm,
6,energiø bornholm,6: energiø bornholm,
6,energiø bornholm,6: energiø bornholm,
6,energiø bornholm,6: energiø bornholm,
6,energiø bornholm,6: energiø bornholm,
6,energiø bornholm,6: energiø bornholm,
6,energiø bornholm,6: energiø bornholm,
6,energiø bornholm,6: energiø bornholm,
6,energiø bornholm,6: energiø bornholm,
6,energiø bornholm,6: energiø bornholm,
6,energiø bornholm,6: energiø bornholm,
6,energiø bornholm,6: energiø bornholm,
6,energiø bornholm,6: energiø bornholm,
6,energiø bornholm,6: energiø bornholm,
6,energiø bornholm,6: energiø bornholm,
6,energiø bornholm,6: energiø bornholm,
6,energiø bornholm,6: energiø bornholm,
6,energiø bornholm,6: energiø bornholm,
6,energiø bornholm,6: energiø bornholm,
6,energiø bornholm,6: energiø bornholm,
6,energiø bornholm,6: energiø bornholm,
6,energiø bornholm,6: energiø bornholm,
6,energiø bornholm,6: energiø bornholm,
6,energiø bornholm,6: energiø bornholm,
6,energiø bornholm,6: energiø bornholm,
6,energiø bornholm,6: energiø bornholm,
6,energiø bornholm,6: energiø bornholm,
6,energiø bornholm,6: energiø bornholm,
6,energiø bornholm,6: energiø bornholm,
6,energiø bornholm,6: energiø bornholm,
6,energiø bornholm,6: energiø bornholm,
6,energiø bornholm,6: energiø bornholm,
6,energiø bornholm,6: energiø bornholm,
6,energiø bornholm,6: energiø bornholm,
6,energiø bornholm,6: energiø bornholm,
6,energiø bornholm,6: energiø bornholm,
6,energiø bornholm,6: energiø bornholm,
6,energiø bornholm,6: energiø bornholm,
6,energiø bornholm,6: energiø bornholm,
6,energiø bornholm,6: energiø bornholm,
6,energiø bornholm,6: energiø bornholm,
6,energiø bornholm,6: energiø bornholm,
6,energiø bornholm,6: energiø bornholm,
6,energiø bornholm,6: energiø bornholm,
6,energiø bornholm,6: energiø bornholm,
6,energiø bornholm,6: energiø bornholm,
6,energiø bornholm,6: energiø bornholm,
6,energiø bornholm,6: energiø bornholm,
6,energiø bornholm,6: energiø bornholm,
6,energiø bornholm,6: energiø bornholm,
6,energiø bornholm,6: energiø bornholm,
6,energiø bornholm,6: energiø bornholm,
6,energiø bornholm,6: energiø bornholm,
6,energiø bornholm,6: energiø bornholm,
6,energiø bornholm,6: energiø bornholm,
6,energiø bornholm,6: energiø bornholm,
6,energiø bornholm,6: energiø bornholm,
6,energiø bornholm,6: energiø bornholm,
6,energiø bornholm,6: energiø bornholm,
6,energiø bornholm,6: energiø bornholm,
6,energiø bornholm,6: energiø bornholm,
6,energiø bornholm,6: energiø bornholm,
6,energiø bornholm,6: energiø bornholm,
6,energiø bornholm,6: energiø bornholm,
6,energiø bornholm,6: energiø bornholm,
6,energiø bornholm,6: energiø bornholm,
6,energiø bornholm,6: energiø bornholm,
6,energiø bornholm,6: energiø bornholm,
6,energiø bornholm,6: energiø bornholm,
6,energiø bornholm,6: energiø bornholm,
6,energiø bornholm,6: energiø bornholm,
6,energiø bornholm,6: energiø bornholm,
4,baltic sea,4: baltic sea,
4,baltic sea,4: baltic sea,
4,baltic sea,4: baltic sea,
4,baltic sea,4: baltic sea,
4,baltic sea,4: baltic sea,
4,baltic sea,4: baltic sea,
4,baltic sea,4: baltic sea,
4,baltic sea,4: baltic sea,
4,baltic sea,4: baltic sea,
4,baltic sea,4: baltic sea,
4,baltic sea,4: baltic sea,
4,baltic sea,4: baltic sea,
4,baltic sea,4: baltic sea,
4,baltic sea,4: baltic sea,
4,baltic sea,4: baltic sea,
4,baltic sea,4: baltic sea,
4,baltic sea,4: baltic sea,
4,baltic sea,4: baltic sea,
4,baltic sea,4: baltic sea,
4,baltic sea,4: baltic sea,
4,baltic sea,4: baltic sea,
4,baltic sea,4: baltic sea,
4,baltic sea,4: baltic sea,
4,baltic sea,4: baltic sea,
4,baltic sea,4: baltic sea,
4,baltic sea,4: baltic sea,
4,baltic sea,4: baltic sea,
4,baltic sea,4: baltic sea,
4,baltic sea,4: baltic sea,
4,baltic sea,4: baltic sea,
4,baltic sea,4: baltic sea,
4,baltic sea,4: baltic sea,
4,baltic sea,4: baltic sea,
4,baltic sea,4: baltic sea,
4,baltic sea,4: baltic sea,
4,baltic sea,4: baltic sea,
4,baltic sea,4: baltic sea,
4,baltic sea,4: baltic sea,
4,baltic sea,4: baltic sea,
4,baltic sea,4: baltic sea,
4,baltic sea,4: baltic sea,
4,baltic sea,4: baltic sea,
4,baltic sea,4: baltic sea,
4,baltic sea,4: baltic sea,
4,baltic sea,4: baltic sea,
4,baltic sea,4: baltic sea,
4,baltic sea,4: baltic sea,
4,baltic sea,4: baltic sea,
4,baltic sea,4: baltic sea,
4,baltic sea,4: baltic sea,
4,baltic sea,4: baltic sea,
4,baltic sea,4: baltic sea,
4,baltic sea,4: baltic sea,
4,baltic sea,4: baltic sea,
4,baltic sea,4: baltic sea,
4,baltic sea,4: baltic sea,
4,baltic sea,4: baltic sea,
4,baltic sea,4: baltic sea,
4,baltic sea,4: baltic sea,
4,baltic sea,4: baltic sea,
4,baltic sea,4: baltic sea,
4,baltic sea,4: baltic sea,
4,baltic sea,4: baltic sea,
4,baltic sea,4: baltic sea,
4,baltic sea,4: baltic sea,
4,baltic sea,4: baltic sea,
4,baltic sea,4: baltic sea,
4,baltic sea,4: baltic sea,
4,baltic sea,4: baltic sea,
4,baltic sea,4: baltic sea,
4,baltic sea,4: baltic sea,
4,baltic sea,4: baltic sea,
4,baltic sea,4: baltic sea,
4,baltic sea,4: baltic sea,
4,baltic sea,4: baltic sea,
4,baltic sea,4: baltic sea,
4,baltic sea,4: baltic sea,
4,baltic sea,4: baltic sea,
4,baltic sea,4: baltic sea,
4,baltic sea,4: baltic sea,
4,baltic sea,4: baltic sea,
4,baltic sea,4: baltic sea,
4,baltic sea,4: baltic sea,
4,baltic sea,4: baltic sea,
4,baltic sea,4: baltic sea,
4,baltic sea,4: baltic sea,
4,baltic sea,4: baltic sea,
4,baltic sea,4: baltic sea,
4,baltic sea,4: baltic sea,
4,baltic sea,4: baltic sea,
4,baltic sea,4: baltic sea,
4,baltic sea,4: baltic sea,
4,baltic sea,4: baltic sea,
4,baltic sea,4: baltic sea,
4,baltic sea,4: baltic sea,
4,baltic sea,4: baltic sea,
4,baltic sea,4: baltic sea,
4,baltic sea,4: baltic sea,
4,baltic sea,4: baltic sea,
4,baltic sea,4: baltic sea,
4,baltic sea,4: baltic sea,
4,baltic sea,4: baltic sea,
4,baltic sea,4: baltic sea,
4,baltic sea,4: baltic sea,
4,baltic sea,4: baltic sea,
4,baltic sea,4: baltic sea,
4,baltic sea,4: baltic sea,
4,baltic sea,4: baltic sea,
4,baltic sea,4: baltic sea,
4,baltic sea,4: baltic sea,
4,baltic sea,4: baltic sea,
4,baltic sea,4: baltic sea,
4,baltic sea,4: baltic sea,
4,baltic sea,4: baltic sea,
4,baltic sea,4: baltic sea,
4,baltic sea,4: baltic sea,
4,baltic sea,4: baltic sea,
4,baltic sea,4: baltic sea,
4,baltic sea,4: baltic sea,
4,baltic sea,4: baltic sea,
4,baltic sea,4: baltic sea,
4,baltic sea,4: baltic sea,
4,baltic sea,4: baltic sea,
4,baltic sea,4: baltic sea,
4,baltic sea,4: baltic sea,
4,baltic sea,4: baltic sea,
4,baltic sea,4: baltic sea,
4,baltic sea,4: baltic sea,
4,baltic sea,4: baltic sea,
4,baltic sea,4: baltic sea,
4,baltic sea,4: baltic sea,
4,baltic sea,4: baltic sea,
4,baltic sea,4: baltic sea,
4,baltic sea,4: baltic sea,
4,baltic sea,4: baltic sea,
4,baltic sea,4: baltic sea,
4,baltic sea,4: baltic sea,
4,baltic sea,4: baltic sea,
3,offshor wind,3: offshor wind,
3,offshor wind,3: offshor wind,
3,offshor wind,3: offshor wind,
3,offshor wind,3: offshor wind,
3,offshor wind,3: offshor wind,
3,offshor wind,3: offshor wind,
3,offshor wind,3: offshor wind,
3,offshor wind,3: offshor wind,
3,offshor wind,3: offshor wind,
3,offshor wind,3: offshor wind,
3,offshor wind,3: offshor wind,
3,offshor wind,3: offshor wind,
3,offshor wind,3: offshor wind,
3,offshor wind,3: offshor wind,
3,offshor wind,3: offshor wind,
3,offshor wind,3: offshor wind,
3,offshor wind,3: offshor wind,
3,offshor wind,3: offshor wind,
3,offshor wind,3: offshor wind,
3,offshor wind,3: offshor wind,
3,offshor wind,3: offshor wind,
3,offshor wind,3: offshor wind,
3,offshor wind,3: offshor wind,
3,offshor wind,3: offshor wind,
3,offshor wind,3: offshor wind,
3,offshor wind,3: offshor wind,
3,offshor wind,3: offshor wind,
3,offshor wind,3: offshor wind,
3,offshor wind,3: offshor wind,
3,offshor wind,3: offshor wind,
3,offshor wind,3: offshor wind,
3,offshor wind,3: offshor wind,
3,offshor wind,3: offshor wind,
3,offshor wind,3: offshor wind,
3,offshor wind,3: offshor wind,
3,offshor wind,3: offshor wind,
3,offshor wind,3: offshor wind,
3,offshor wind,3: offshor wind,
3,offshor wind,3: offshor wind,
3,offshor wind,3: offshor wind,
3,offshor wind,3: offshor wind,
3,offshor wind,3: offshor wind,
3,offshor wind,3: offshor wind,
3,offshor wind,3: offshor wind,
3,offshor wind,3: offshor wind,
3,offshor wind,3: offshor wind,
3,offshor wind,3: offshor wind,
3,offshor wind,3: offshor wind,
3,offshor wind,3: offshor wind,
3,offshor wind,3: offshor wind,
3,offshor wind,3: offshor wind,
3,offshor wind,3: offshor wind,
3,offshor wind,3: offshor wind,
3,offshor wind,3: offshor wind,
3,offshor wind,3: offshor wind,
3,offshor wind,3: offshor wind,
3,offshor wind,3: offshor wind,
3,offshor wind,3: offshor wind,
3,offshor wind,3: offshor wind,
3,offshor wind,3: offshor wind,
3,offshor wind,3: offshor wind,
3,offshor wind,3: offshor wind,
3,offshor wind,3: offshor wind,
3,offshor wind,3: offshor wind,
3,offshor wind,3: offshor wind,
3,offshor wind,3: offshor wind,
3,offshor wind,3: offshor wind,
3,offshor wind,3: offshor wind,
3,offshor wind,3: offshor wind,
3,offshor wind,3: offshor wind,
3,offshor wind,3: offshor wind,
3,offshor wind,3: offshor wind,
3,offshor wind,3: offshor wind,
3,offshor wind,3: offshor wind,
3,offshor wind,3: offshor wind,
3,offshor wind,3: offshor wind,
3,offshor wind,3: offshor wind,
3,offshor wind,3: offshor wind,
3,offshor wind,3: offshor wind,
3,offshor wind,3: offshor wind,
3,offshor wind,3: offshor wind,
3,offshor wind,3: offshor wind,
3,offshor wind,3: offshor wind,
3,offshor wind,3: offshor wind,
3,offshor wind,3: offshor wind,
3,offshor wind,3: offshor wind,
3,offshor wind,3: offshor wind,
3,offshor wind,3: offshor wind,
3,offshor wind,3: offshor wind,
3,offshor wind,3: offshor wind,
3,offshor wind,3: offshor wind,
3,offshor wind,3: offshor wind,
3,offshor wind,3: offshor wind,
3,offshor wind,3: offshor wind,
3,offshor wind,3: offshor wind,
3,offshor wind,3: offshor wind,
3,offshor wind,3: offshor wind,
3,offshor wind,3: offshor wind,
3,offshor wind,3: offshor wind,
3,offshor wind,3: offshor wind,
3,offshor wind,3: offshor wind,
3,offshor wind,3: offshor wind,
3,offshor wind,3: offshor wind,
3,offshor wind,3: offshor wind,
3,offshor wind,3: offshor wind,
3,offshor wind,3: offshor wind,
3,offshor wind,3: offshor wind,
3,offshor wind,3: offshor wind,
3,offshor wind,3: offshor wind,
3,offshor wind,3: offshor wind,
3,offshor wind,3: offshor wind,
3,offshor wind,3: offshor wind,
3,offshor wind,3: offshor wind,
6,energiø bornholm,6: energiø bornholm,
6,energiø bornholm,6: energiø bornholm,
6,energiø bornholm,6: energiø bornholm,
6,energiø bornholm,6: energiø bornholm,
6,energiø bornholm,6: energiø bornholm,
6,energiø bornholm,6: energiø bornholm,
6,energiø bornholm,6: energiø bornholm,
6,energiø bornholm,6: energiø bornholm,
6,energiø bornholm,6: energiø bornholm,
6,energiø bornholm,6: energiø bornholm,
6,energiø bornholm,6: energiø bornholm,
6,energiø bornholm,6: energiø bornholm,
6,energiø bornholm,6: energiø bornholm,
6,energiø bornholm,6: energiø bornholm,
6,energiø bornholm,6: energiø bornholm,
6,energiø bornholm,6: energiø bornholm,
6,energiø bornholm,6: energiø bornholm,
6,energiø bornholm,6: energiø bornholm,
6,energiø bornholm,6: energiø bornholm,
6,energiø bornholm,6: energiø bornholm,
6,energiø bornholm,6: energiø bornholm,
6,energiø bornholm,6: energiø bornholm,
6,energiø bornholm,6: energiø bornholm,
6,energiø bornholm,6: energiø bornholm,
6,energiø bornholm,6: energiø bornholm,
6,energiø bornholm,6: energiø bornholm,
6,energiø bornholm,6: energiø bornholm,
6,energiø bornholm,6: energiø bornholm,
6,energiø bornholm,6: energiø bornholm,
6,energiø bornholm,6: energiø bornholm,
6,energiø bornholm,6: energiø bornholm,
6,energiø bornholm,6: energiø bornholm,
6,energiø bornholm,6: energiø bornholm,
6,energiø bornholm,6: energiø bornholm,
6,energiø bornholm,6: energiø bornholm,
6,energiø bornholm,6: energiø bornholm,
6,energiø bornholm,6: energiø bornholm,
6,energiø bornholm,6: energiø bornholm,
6,energiø bornholm,6: energiø bornholm,
6,energiø bornholm,6: energiø bornholm,
6,energiø bornholm,6: energiø bornholm,
6,energiø bornholm,6: energiø bornholm,
6,energiø bornholm,6: energiø bornholm,
6,energiø bornholm,6: energiø bornholm,
6,energiø bornholm,6: energiø bornholm,
6,energiø bornholm,6: energiø bornholm,
6,energiø bornholm,6: energiø bornholm,
6,energiø bornholm,6: energiø bornholm,
6,energiø bornholm,6: energiø bornholm,
6,energiø bornholm,6: energiø bornholm,
6,energiø bornholm,6: energiø bornholm,
6,energiø bornholm,6: energiø bornholm,
6,energiø bornholm,6: energiø bornholm,
6,energiø bornholm,6: energiø bornholm,
6,energiø bornholm,6: energiø bornholm,
6,energiø bornholm,6: energiø bornholm,
6,energiø bornholm,6: energiø bornholm,
6,energiø bornholm,6: energiø bornholm,
6,energiø bornholm,6: energiø bornholm,
6,energiø bornholm,6: energiø bornholm,
6,energiø bornholm,6: energiø bornholm,
6,energiø bornholm,6: energiø bornholm,
6,energiø bornholm,6: energiø bornholm,
6,energiø bornholm,6: energiø bornholm,
6,energiø bornholm,6: energiø bornholm,
6,energiø bornholm,6: energiø bornholm,
6,energiø bornholm,6: energiø bornholm,
6,energiø bornholm,6: energiø bornholm,
6,energiø bornholm,6: energiø bornholm,
6,energiø bornholm,6: energiø bornholm,
6,energiø bornholm,6: energiø bornholm,
6,energiø bornholm,6: energiø bornholm,
6,energiø bornholm,6: energiø bornholm,
6,energiø bornholm,6: energiø bornholm,
6,energiø bornholm,6: energiø bornholm,
6,energiø bornholm,6: energiø bornholm,
6,energiø bornholm,6: energiø bornholm,
6,energiø bornholm,6: energiø bornholm,
6,energiø bornholm,6: energiø bornholm,
6,energiø bornholm,6: energiø bornholm,
6,energiø bornholm,6: energiø bornholm,
6,energiø bornholm,6: energiø bornholm,
6,energiø bornholm,6: energiø bornholm,
6,energiø bornholm,6: energiø bornholm,
6,energiø bornholm,6: energiø bornholm,
6,energiø bornholm,6: energiø bornholm,
6,energiø bornholm,6: energiø bornholm,
6,energiø bornholm,6: energiø bornholm,
6,energiø bornholm,6: energiø bornholm,
6,energiø bornholm,6: energiø bornholm,
6,energiø bornholm,6: energiø bornholm,
6,energiø bornholm,6: energiø bornholm,
6,energiø bornholm,6: energiø bornholm,
6,energiø bornholm,6: energiø bornholm,
6,energiø bornholm,6: energiø bornholm,
6,energiø bornholm,6: energiø bornholm,
6,energiø bornholm,6: energiø bornholm,
6,energiø bornholm,6: energiø bornholm,
6,energiø bornholm,6: energiø bornholm,
6,energiø bornholm,6: energiø bornholm,
6,energiø bornholm,6: energiø bornholm,
6,energiø bornholm,6: energiø bornholm,
6,energiø bornholm,6: energiø bornholm,
6,energiø bornholm,6: energiø bornholm,
6,energiø bornholm,6: energiø bornholm,
6,energiø bornholm,6: energiø bornholm,
6,energiø bornholm,6: energiø bornholm,
6,energiø bornholm,6: energiø bornholm,
6,energiø bornholm,6: energiø bornholm,
6,energiø bornholm,6: energiø bornholm,
6,energiø bornholm,6: energiø bornholm,
6,energiø bornholm,6: energiø bornholm,
6,energiø bornholm,6: energiø bornholm,
6,energiø bornholm,6: energiø bornholm,
6,energiø bornholm,6: energiø bornholm,
6,energiø bornholm,6: energiø bornholm,
6,energiø bornholm,6: energiø bornholm,
6,energiø bornholm,6: energiø bornholm,
6,energiø bornholm,6: energiø bornholm,
6,energiø bornholm,6: energiø bornholm,
6,energiø bornholm,6: energiø bornholm,
6,energiø bornholm,6: energiø bornholm,
6,energiø bornholm,6: energiø bornholm,
6,energiø bornholm,6: energiø bornholm,
6,energiø bornholm,6: energiø bornholm,
6,energiø bornholm,6: energiø bornholm,
6,energiø bornholm,6: energiø bornholm,
6,energiø bornholm,6: energiø bornholm,
6,energiø bornholm,6: energiø bornholm,
6,energiø bornholm,6: energiø bornholm,
6,energiø bornholm,6: energiø bornholm,
6,energiø bornholm,6: energiø bornholm,
6,energiø bornholm,6: energiø bornholm,
6,energiø bornholm,6: energiø bornholm,
6,energiø bornholm,6: energiø bornholm,
6,energiø bornholm,6: energiø bornholm,
6,energiø bornholm,6: energiø bornholm,
6,energiø bornholm,6: energiø bornholm,
6,energiø bornholm,6: energiø bornholm,
6,energiø bornholm,6: energiø bornholm,
6,energiø bornholm,6: energiø bornholm,
6,energiø bornholm,6: energiø bornholm,
6,energiø bornholm,6: energiø bornholm,
6,energiø bornholm,6: energiø bornholm,
6,energiø bornholm,6: energiø bornholm,
6,energiø bornholm,6: energiø bornholm,
6,energiø bornholm,6: energiø bornholm,
6,energiø bornholm,6: energiø bornholm,
6,energiø bornholm,6: energiø bornholm,
6,energiø bornholm,6: energiø bornholm,
6,energiø bornholm,6: energiø bornholm,
6,energiø bornholm,6: energiø bornholm,
6,energiø bornholm,6: energiø bornholm,
6,energiø bornholm,6: energiø bornholm,
6,energiø bornholm,6: energiø bornholm,
6,energiø bornholm,6: energiø bornholm,
6,energiø bornholm,6: energiø bornholm,
6,energiø bornholm,6: energiø bornholm,
6,energiø bornholm,6: energiø bornholm,
6,energiø bornholm,6: energiø bornholm,
6,energiø bornholm,6: energiø bornholm,
6,energiø bornholm,6: energiø bornholm,
6,energiø bornholm,6: energiø bornholm,
6,energiø bornholm,6: energiø bornholm,
6,energiø bornholm,6: energiø bornholm,
6,energiø bornholm,6: energiø bornholm,
6,energiø bornholm,6: energiø bornholm,
6,energiø bornholm,6: energiø bornholm,
6,energiø bornholm,6: energiø bornholm,
6,energiø bornholm,6: energiø bornholm,
6,energiø bornholm,6: energiø bornholm,
2,municip council,2: municip council,
2,municip council,2: municip council,
2,municip council,2: municip council,
2,municip council,2: municip council,
2,municip council,2: municip council,
2,municip council,2: municip council,
2,municip council,2: municip council,
2,municip council,2: municip council,
2,municip council,2: municip council,
2,municip council,2: municip council,
2,municip council,2: municip council,
2,municip council,2: municip council,
2,municip council,2: municip council,
2,municip council,2: municip council,
2,municip council,2: municip council,
2,municip council,2: municip council,
2,municip council,2: municip council,
2,municip council,2: municip council,
2,municip council,2: municip council,
2,municip council,2: municip council,
2,municip council,2: municip council,
2,municip council,2: municip council,
2,municip council,2: municip council,
2,municip council,2: municip council,
2,municip council,2: municip council,
2,municip council,2: municip council,
2,municip council,2: municip council,
2,municip council,2: municip council,
2,municip council,2: municip council,
2,municip council,2: municip council,
2,municip council,2: municip council,
2,municip council,2: municip council,
2,municip council,2: municip council,
2,municip council,2: municip council,
2,municip council,2: municip council,
2,municip council,2: municip council,
2,municip council,2: municip council,
2,municip council,2: municip council,
2,municip council,2: municip council,
2,municip council,2: municip council,
2,municip council,2: municip council,
2,municip council,2: municip council,
2,municip council,2: municip council,
2,municip council,2: municip council,
2,municip council,2: municip council,
2,municip council,2: municip council,
2,municip council,2: municip council,
2,municip council,2: municip council,
2,municip council,2: municip council,
2,municip council,2: municip council,
2,municip council,2: municip council,
2,municip council,2: municip council,
2,municip council,2: municip council,
2,municip council,2: municip council,
2,municip council,2: municip council,
2,municip council,2: municip council,
2,municip council,2: municip council,
2,municip council,2: municip council,
2,municip council,2: municip council,
2,municip council,2: municip council,
2,municip council,2: municip council,
2,municip council,2: municip council,
2,municip council,2: municip council,
2,municip council,2: municip council,
2,municip council,2: municip council,
2,municip council,2: municip council,
2,municip council,2: municip council,
2,municip council,2: municip council,
2,municip council,2: municip council,
2,municip council,2: municip council,
2,municip council,2: municip council,
2,municip council,2: municip council,
2,municip council,2: municip council,
2,municip council,2: municip council,
2,municip council,2: municip council,
2,municip council,2: municip council,
2,municip council,2: municip council,
2,municip council,2: municip council,
2,municip council,2: municip council,
2,municip council,2: municip council,
2,municip council,2: municip council,
2,municip council,2: municip council,
2,municip council,2: municip council,
2,municip council,2: municip council,
2,municip council,2: municip council,
2,municip council,2: municip council,
2,municip council,2: municip council,
2,municip council,2: municip council,
2,municip council,2: municip council,
2,municip council,2: municip council,
2,municip council,2: municip council,
2,municip council,2: municip council,
2,municip council,2: municip council,
2,municip council,2: municip council,
2,municip council,2: municip council,
2,municip council,2: municip council,
2,municip council,2: municip council,
2,municip council,2: municip council,
2,municip council,2: municip council,
2,municip council,2: municip council,
2,municip council,2: municip council,
2,municip council,2: municip council,
2,municip council,2: municip council,
2,municip council,2: municip council,
2,municip council,2: municip council,
2,municip council,2: municip council,
2,municip council,2: municip council,
2,municip council,2: municip council,
2,municip council,2: municip council,
2,municip council,2: municip council,
2,municip council,2: municip council,
2,municip council,2: municip council,
2,municip council,2: municip council,
2,municip council,2: municip council,
2,municip council,2: municip council,
2,municip council,2: municip council,
2,municip council,2: municip council,
2,municip council,2: municip council,
2,municip council,2: municip council,
2,municip council,2: municip council,
2,municip council,2: municip council,
2,municip council,2: municip council,
2,municip council,2: municip council,
2,municip council,2: municip council,
2,municip council,2: municip council,
2,municip council,2: municip council,
2,municip council,2: municip council,
2,municip council,2: municip council,
2,municip council,2: municip council,
2,municip council,2: municip council,
2,municip council,2: municip council,
2,municip council,2: municip council,
2,municip council,2: municip council,
2,municip council,2: municip council,
2,municip council,2: municip council,
2,municip council,2: municip council,
2,municip council,2: municip council,
2,municip council,2: municip council,
2,municip council,2: municip council,
2,municip council,2: municip council,
2,municip council,2: municip council,
2,municip council,2: municip council,
2,municip council,2: municip council,
2,municip council,2: municip council,
2,municip council,2: municip council,
2,municip council,2: municip council,
2,municip council,2: municip council,
2,municip council,2: municip council,
2,municip council,2: municip council,
2,municip council,2: municip council,
2,municip council,2: municip council,
2,municip council,2: municip council,
2,municip council,2: municip council,
2,municip council,2: municip council,
2,municip council,2: municip council,
2,municip council,2: municip council,
2,municip council,2: municip council,
2,municip council,2: municip council,
2,municip council,2: municip council,
2,municip council,2: municip council,
2,municip council,2: municip council,
2,municip council,2: municip council,
2,municip council,2: municip council,
2,municip council,2: municip council,
2,municip council,2: municip council,
2,municip council,2: municip council,
2,municip council,2: municip council,
2,municip council,2: municip council,
2,municip council,2: municip council,
2,municip council,2: municip council,
2,municip council,2: municip council,
2,municip council,2: municip council,
2,municip council,2: municip council,
2,municip council,2: municip council,
2,municip council,2: municip council,
2,municip council,2: municip council,
2,municip council,2: municip council,
2,municip council,2: municip council,
2,municip council,2: municip council,
2,municip council,2: municip council,
2,municip council,2: municip council,
2,municip council,2: municip council,
2,municip council,2: municip council,
2,municip council,2: municip council,
2,municip council,2: municip council,
2,municip council,2: municip council,
2,municip council,2: municip council,
2,municip council,2: municip council,
2,municip council,2: municip council,
2,municip council,2: municip council,
2,municip council,2: municip council,
2,municip council,2: municip council,
2,municip council,2: municip council,
2,municip council,2: municip council,
2,municip council,2: municip council,
2,municip council,2: municip council,
2,municip council,2: municip council,
2,municip council,2: municip council,
2,municip council,2: municip council,
2,municip council,2: municip council,
2,municip council,2: municip council,
2,municip council,2: municip council,
2,municip council,2: municip council,
2,municip council,2: municip council,
2,municip council,2: municip council,
2,municip council,2: municip council,
2,municip council,2: municip council,
2,municip council,2: municip council,
2,municip council,2: municip council,
2,municip council,2: municip council,
2,municip council,2: municip council,
2,municip council,2: municip council,
2,municip council,2: municip council,
2,municip council,2: municip council,
2,municip council,2: municip council,
2,municip council,2: municip council,
2,municip council,2: municip council,
2,municip council,2: municip council,
2,municip council,2: municip council,
2,municip council,2: municip council,
2,municip council,2: municip council,
2,municip council,2: municip council,
2,municip council,2: municip council,
2,municip council,2: municip council,
2,municip council,2: municip council,
2,municip council,2: municip council,
2,municip council,2: municip council,
2,municip council,2: municip council,
2,municip council,2: municip council,
2,municip council,2: municip council,
2,municip council,2: municip council,
2,municip council,2: municip council,
2,municip council,2: municip council,
2,municip council,2: municip council,
2,municip council,2: municip council,
2,municip council,2: municip council,
2,municip council,2: municip council,
2,municip council,2: municip council,
2,municip council,2: municip council,
2,municip council,2: municip council,
2,municip council,2: municip council,
2,municip council,2: municip council,
2,municip council,2: municip council,
2,municip council,2: municip council,
2,municip council,2: municip council,
2,municip council,2: municip council,
2,municip council,2: municip council,
2,municip council,2: municip council,
2,municip council,2: municip council,
2,municip council,2: municip council,
2,municip council,2: municip council,
2,municip council,2: municip council,
2,municip council,2: municip council,
2,municip council,2: municip council,
2,municip council,2: municip council,
2,municip council,2: municip council,
2,municip council,2: municip council,
2,municip council,2: municip council,
2,municip council,2: municip council,
2,municip council,2: municip council,
2,municip council,2: municip council,
2,municip council,2: municip council,
2,municip council,2: municip council,
2,municip council,2: municip council,
2,municip council,2: municip council,
2,municip council,2: municip council,
2,municip council,2: municip council,
2,municip council,2: municip council,
2,municip council,2: municip council,
2,municip council,2: municip council,
2,municip council,2: municip council,
2,municip council,2: municip council,
2,municip council,2: municip council,
2,municip council,2: municip council,
2,municip council,2: municip council,
2,municip council,2: municip council,
2,municip council,2: municip council,
2,municip council,2: municip council,
2,municip council,2: municip council,
2,municip council,2: municip council,
2,municip council,2: municip council,
2,municip council,2: municip council,
2,municip council,2: municip council,
2,municip council,2: municip council,
2,municip council,2: municip council,
2,municip council,2: municip council,
2,municip council,2: municip council,
2,municip council,2: municip council,
2,municip council,2: municip council,
2,municip council,2: municip council,
2,municip council,2: municip council,
2,municip council,2: municip council,
2,municip council,2: municip council,
2,municip council,2: municip council,
2,municip council,2: municip council,
2,municip council,2: municip council,
2,municip council,2: municip council,
2,municip council,2: municip council,
2,municip council,2: municip council,
2,municip council,2: municip council,
2,municip council,2: municip council,
2,municip council,2: municip council,
2,municip council,2: municip council,
2,municip council,2: municip council,
2,municip council,2: municip council,
2,municip council,2: municip council,
2,municip council,2: municip council,
2,municip council,2: municip council,
2,municip council,2: municip council,
2,municip council,2: municip council,
2,municip council,2: municip council,
2,municip council,2: municip council,
6,energiø bornholm,6: energiø bornholm,
6,energiø bornholm,6: energiø bornholm,
6,energiø bornholm,6: energiø bornholm,
6,energiø bornholm,6: energiø bornholm,
6,energiø bornholm,6: energiø bornholm,
6,energiø bornholm,6: energiø bornholm,
6,energiø bornholm,6: energiø bornholm,
6,energiø bornholm,6: energiø bornholm,
6,energiø bornholm,6: energiø bornholm,
6,energiø bornholm,6: energiø bornholm,
6,energiø bornholm,6: energiø bornholm,
6,energiø bornholm,6: energiø bornholm,
6,energiø bornholm,6: energiø bornholm,
6,energiø bornholm,6: energiø bornholm,
6,energiø bornholm,6: energiø bornholm,
6,energiø bornholm,6: energiø bornholm,
6,energiø bornholm,6: energiø bornholm,
6,energiø bornholm,6: energiø bornholm,
6,energiø bornholm,6: energiø bornholm,
6,energiø bornholm,6: energiø bornholm,
6,energiø bornholm,6: energiø bornholm,
6,energiø bornholm,6: energiø bornholm,
6,energiø bornholm,6: energiø bornholm,
6,energiø bornholm,6: energiø bornholm,
6,energiø bornholm,6: energiø bornholm,
6,energiø bornholm,6: energiø bornholm,
6,energiø bornholm,6: energiø bornholm,
6,energiø bornholm,6: energiø bornholm,
6,energiø bornholm,6: energiø bornholm,
6,energiø bornholm,6: energiø bornholm,
6,energiø bornholm,6: energiø bornholm,
6,energiø bornholm,6: energiø bornholm,
6,energiø bornholm,6: energiø bornholm,
6,energiø bornholm,6: energiø bornholm,
6,energiø bornholm,6: energiø bornholm,
6,energiø bornholm,6: energiø bornholm,
6,energiø bornholm,6: energiø bornholm,
6,energiø bornholm,6: energiø bornholm,
6,energiø bornholm,6: energiø bornholm,
6,energiø bornholm,6: energiø bornholm,
6,energiø bornholm,6: energiø bornholm,
6,energiø bornholm,6: energiø bornholm,
6,energiø bornholm,6: energiø bornholm,
6,energiø bornholm,6: energiø bornholm,
6,energiø bornholm,6: energiø bornholm,
6,energiø bornholm,6: energiø bornholm,
6,energiø bornholm,6: energiø bornholm,
6,energiø bornholm,6: energiø bornholm,
6,energiø bornholm,6: energiø bornholm,
6,energiø bornholm,6: energiø bornholm,
6,energiø bornholm,6: energiø bornholm,
6,energiø bornholm,6: energiø bornholm,
6,energiø bornholm,6: energiø bornholm,
6,energiø bornholm,6: energiø bornholm,
6,energiø bornholm,6: energiø bornholm,
6,energiø bornholm,6: energiø bornholm,
6,energiø bornholm,6: energiø bornholm,
6,energiø bornholm,6: energiø bornholm,
6,energiø bornholm,6: energiø bornholm,
6,energiø bornholm,6: energiø bornholm,
6,energiø bornholm,6: energiø bornholm,
6,energiø bornholm,6: energiø bornholm,
6,energiø bornholm,6: energiø bornholm,
6,energiø bornholm,6: energiø bornholm,
6,energiø bornholm,6: energiø bornholm,
6,energiø bornholm,6: energiø bornholm,
6,energiø bornholm,6: energiø bornholm,
6,energiø bornholm,6: energiø bornholm,
6,energiø bornholm,6: energiø bornholm,
6,energiø bornholm,6: energiø bornholm,
6,energiø bornholm,6: energiø bornholm,
6,energiø bornholm,6: energiø bornholm,
6,energiø bornholm,6: energiø bornholm,
6,energiø bornholm,6: energiø bornholm,
6,energiø bornholm,6: energiø bornholm,
6,energiø bornholm,6: energiø bornholm,
6,energiø bornholm,6: energiø bornholm,
6,energiø bornholm,6: energiø bornholm,
6,energiø bornholm,6: energiø bornholm,
6,energiø bornholm,6: energiø bornholm,
6,energiø bornholm,6: energiø bornholm,
6,energiø bornholm,6: energiø bornholm,
6,energiø bornholm,6: energiø bornholm,
6,energiø bornholm,6: energiø bornholm,
6,energiø bornholm,6: energiø bornholm,
6,energiø bornholm,6: energiø bornholm,
6,energiø bornholm,6: energiø bornholm,
6,energiø bornholm,6: energiø bornholm,
6,energiø bornholm,6: energiø bornholm,
6,energiø bornholm,6: energiø bornholm,
6,energiø bornholm,6: energiø bornholm,
6,energiø bornholm,6: energiø bornholm,
6,energiø bornholm,6: energiø bornholm,
6,energiø bornholm,6: energiø bornholm,
6,energiø bornholm,6: energiø bornholm,
6,energiø bornholm,6: energiø bornholm,
6,energiø bornholm,6: energiø bornholm,
6,energiø bornholm,6: energiø bornholm,
6,energiø bornholm,6: energiø bornholm,
6,energiø bornholm,6: energiø bornholm,
6,energiø bornholm,6: energiø bornholm,
6,energiø bornholm,6: energiø bornholm,
6,energiø bornholm,6: energiø bornholm,
6,energiø bornholm,6: energiø bornholm,
6,energiø bornholm,6: energiø bornholm,
6,energiø bornholm,6: energiø bornholm,
6,energiø bornholm,6: energiø bornholm,
6,energiø bornholm,6: energiø bornholm,
6,energiø bornholm,6: energiø bornholm,
6,energiø bornholm,6: energiø bornholm,
6,energiø bornholm,6: energiø bornholm,
6,energiø bornholm,6: energiø bornholm,
6,energiø bornholm,6: energiø bornholm,
6,energiø bornholm,6: energiø bornholm,
6,energiø bornholm,6: energiø bornholm,
6,energiø bornholm,6: energiø bornholm,
6,energiø bornholm,6: energiø bornholm,
6,energiø bornholm,6: energiø bornholm,
6,energiø bornholm,6: energiø bornholm,
6,energiø bornholm,6: energiø bornholm,
6,energiø bornholm,6: energiø bornholm,
6,energiø bornholm,6: energiø bornholm,
6,energiø bornholm,6: energiø bornholm,
6,energiø bornholm,6: energiø bornholm,
6,energiø bornholm,6: energiø bornholm,
6,energiø bornholm,6: energiø bornholm,
6,energiø bornholm,6: energiø bornholm,
6,energiø bornholm,6: energiø bornholm,
6,energiø bornholm,6: energiø bornholm,
6,energiø bornholm,6: energiø bornholm,
6,energiø bornholm,6: energiø bornholm,
6,energiø bornholm,6: energiø bornholm,
6,energiø bornholm,6: energiø bornholm,
6,energiø bornholm,6: energiø bornholm,
6,energiø bornholm,6: energiø bornholm,
6,energiø bornholm,6: energiø bornholm,
6,energiø bornholm,6: energiø bornholm,
6,energiø bornholm,6: energiø bornholm,
6,energiø bornholm,6: energiø bornholm,
6,energiø bornholm,6: energiø bornholm,
6,energiø bornholm,6: energiø bornholm,
6,energiø bornholm,6: energiø bornholm,
6,energiø bornholm,6: energiø bornholm,
6,energiø bornholm,6: energiø bornholm,
6,energiø bornholm,6: energiø bornholm,
6,energiø bornholm,6: energiø bornholm,
6,energiø bornholm,6: energiø bornholm,
6,energiø bornholm,6: energiø bornholm,
6,energiø bornholm,6: energiø bornholm,
6,energiø bornholm,6: energiø bornholm,
6,energiø bornholm,6: energiø bornholm,
6,energiø bornholm,6: energiø bornholm,
6,energiø bornholm,6: energiø bornholm,
6,energiø bornholm,6: energiø bornholm,
6,energiø bornholm,6: energiø bornholm,
6,energiø bornholm,6: energiø bornholm,
6,energiø bornholm,6: energiø bornholm,
6,energiø bornholm,6: energiø bornholm,
6,energiø bornholm,6: energiø bornholm,
6,energiø bornholm,6: energiø bornholm,
6,energiø bornholm,6: energiø bornholm,
6,energiø bornholm,6: energiø bornholm,
6,energiø bornholm,6: energiø bornholm,
6,energiø bornholm,6: energiø bornholm,
6,energiø bornholm,6: energiø bornholm,
6,energiø bornholm,6: energiø bornholm,
6,energiø bornholm,6: energiø bornholm,
6,energiø bornholm,6: energiø bornholm,
6,energiø bornholm,6: energiø bornholm,
6,energiø bornholm,6: energiø bornholm,
6,energiø bornholm,6: energiø bornholm,
2,municip council,2: municip council,
2,municip council,2: municip council,
2,municip council,2: municip council,
2,municip council,2: municip council,
2,municip council,2: municip council,
2,municip council,2: municip council,
2,municip council,2: municip council,
2,municip council,2: municip council,
2,municip council,2: municip council,
2,municip council,2: municip council,
2,municip council,2: municip council,
2,municip council,2: municip council,
2,municip council,2: municip council,
2,municip council,2: municip council,
2,municip council,2: municip council,
2,municip council,2: municip council,
2,municip council,2: municip council,
2,municip council,2: municip council,
2,municip council,2: municip council,
2,municip council,2: municip council,
2,municip council,2: municip council,
2,municip council,2: municip council,
2,municip council,2: municip council,
2,municip council,2: municip council,
2,municip council,2: municip council,
2,municip council,2: municip council,
2,municip council,2: municip council,
2,municip council,2: municip council,
2,municip council,2: municip council,
2,municip council,2: municip council,
2,municip council,2: municip council,
2,municip council,2: municip council,
2,municip council,2: municip council,
2,municip council,2: municip council,
2,municip council,2: municip council,
2,municip council,2: municip council,
2,municip council,2: municip council,
2,municip council,2: municip council,
2,municip council,2: municip council,
2,municip council,2: municip council,
2,municip council,2: municip council,
2,municip council,2: municip council,
2,municip council,2: municip council,
2,municip council,2: municip council,
2,municip council,2: municip council,
2,municip council,2: municip council,
2,municip council,2: municip council,
2,municip council,2: municip council,
2,municip council,2: municip council,
2,municip council,2: municip council,
2,municip council,2: municip council,
2,municip council,2: municip council,
2,municip council,2: municip council,
2,municip council,2: municip council,
2,municip council,2: municip council,
2,municip council,2: municip council,
2,municip council,2: municip council,
2,municip council,2: municip council,
2,municip council,2: municip council,
2,municip council,2: municip council,
2,municip council,2: municip council,
2,municip council,2: municip council,
2,municip council,2: municip council,
2,municip council,2: municip council,
2,municip council,2: municip council,
2,municip council,2: municip council,
2,municip council,2: municip council,
2,municip council,2: municip council,
2,municip council,2: municip council,
2,municip council,2: municip council,
2,municip council,2: municip council,
2,municip council,2: municip council,
2,municip council,2: municip council,
2,municip council,2: municip council,
2,municip council,2: municip council,
2,municip council,2: municip council,
2,municip council,2: municip council,
2,municip council,2: municip council,
2,municip council,2: municip council,
2,municip council,2: municip council,
2,municip council,2: municip council,
2,municip council,2: municip council,
2,municip council,2: municip council,
2,municip council,2: municip council,
2,municip council,2: municip council,
2,municip council,2: municip council,
2,municip council,2: municip council,
2,municip council,2: municip council,
2,municip council,2: municip council,
2,municip council,2: municip council,
2,municip council,2: municip council,
2,municip council,2: municip council,
2,municip council,2: municip council,
2,municip council,2: municip council,
2,municip council,2: municip council,
2,municip council,2: municip council,
2,municip council,2: municip council,
2,municip council,2: municip council,
2,municip council,2: municip council,
2,municip council,2: municip council,
2,municip council,2: municip council,
2,municip council,2: municip council,
2,municip council,2: municip council,
2,municip council,2: municip council,
2,municip council,2: municip council,
2,municip council,2: municip council,
2,municip council,2: municip council,
2,municip council,2: municip council,
2,municip council,2: municip council,
2,municip council,2: municip council,
2,municip council,2: municip council,
2,municip council,2: municip council,
2,municip council,2: municip council,
2,municip council,2: municip council,
2,municip council,2: municip council,
2,municip council,2: municip council,
2,municip council,2: municip council,
2,municip council,2: municip council,
2,municip council,2: municip council,
2,municip council,2: municip council,
2,municip council,2: municip council,
2,municip council,2: municip council,
2,municip council,2: municip council,
2,municip council,2: municip council,
2,municip council,2: municip council,
2,municip council,2: municip council,
2,municip council,2: municip council,
2,municip council,2: municip council,
2,municip council,2: municip council,
2,municip council,2: municip council,
2,municip council,2: municip council,
2,municip council,2: municip council,
2,municip council,2: municip council,
2,municip council,2: municip council,
2,municip council,2: municip council,
2,municip council,2: municip council,
2,municip council,2: municip council,
2,municip council,2: municip council,
2,municip council,2: municip council,
2,municip council,2: municip council,
2,municip council,2: municip council,
2,municip council,2: municip council,
2,municip council,2: municip council,
2,municip council,2: municip council,
2,municip council,2: municip council,
2,municip council,2: municip council,
2,municip council,2: municip council,
2,municip council,2: municip council,
2,municip council,2: municip council,
2,municip council,2: municip council,
2,municip council,2: municip council,
2,municip council,2: municip council,
2,municip council,2: municip council,
2,municip council,2: municip council,
2,municip council,2: municip council,
2,municip council,2: municip council,
6,energiø bornholm,6: energiø bornholm,
6,energiø bornholm,6: energiø bornholm,
6,energiø bornholm,6: energiø bornholm,
6,energiø bornholm,6: energiø bornholm,
6,energiø bornholm,6: energiø bornholm,
6,energiø bornholm,6: energiø bornholm,
6,energiø bornholm,6: energiø bornholm,
6,energiø bornholm,6: energiø bornholm,
6,energiø bornholm,6: energiø bornholm,
6,energiø bornholm,6: energiø bornholm,
6,energiø bornholm,6: energiø bornholm,
6,energiø bornholm,6: energiø bornholm,
6,energiø bornholm,6: energiø bornholm,
6,energiø bornholm,6: energiø bornholm,
6,energiø bornholm,6: energiø bornholm,
6,energiø bornholm,6: energiø bornholm,
6,energiø bornholm,6: energiø bornholm,
6,energiø bornholm,6: energiø bornholm,
6,energiø bornholm,6: energiø bornholm,
6,energiø bornholm,6: energiø bornholm,
6,energiø bornholm,6: energiø bornholm,
6,energiø bornholm,6: energiø bornholm,
6,energiø bornholm,6: energiø bornholm,
6,energiø bornholm,6: energiø bornholm,
6,energiø bornholm,6: energiø bornholm,
6,energiø bornholm,6: energiø bornholm,
6,energiø bornholm,6: energiø bornholm,
6,energiø bornholm,6: energiø bornholm,
6,energiø bornholm,6: energiø bornholm,
6,energiø bornholm,6: energiø bornholm,
6,energiø bornholm,6: energiø bornholm,
6,energiø bornholm,6: energiø bornholm,
6,energiø bornholm,6: energiø bornholm,
6,energiø bornholm,6: energiø bornholm,
6,energiø bornholm,6: energiø bornholm,
6,energiø bornholm,6: energiø bornholm,
6,energiø bornholm,6: energiø bornholm,
6,energiø bornholm,6: energiø bornholm,
6,energiø bornholm,6: energiø bornholm,
6,energiø bornholm,6: energiø bornholm,
6,energiø bornholm,6: energiø bornholm,
6,energiø bornholm,6: energiø bornholm,
6,energiø bornholm,6: energiø bornholm,
6,energiø bornholm,6: energiø bornholm,
6,energiø bornholm,6: energiø bornholm,
6,energiø bornholm,6: energiø bornholm,
6,energiø bornholm,6: energiø bornholm,
6,energiø bornholm,6: energiø bornholm,
6,energiø bornholm,6: energiø bornholm,
6,energiø bornholm,6: energiø bornholm,
6,energiø bornholm,6: energiø bornholm,
6,energiø bornholm,6: energiø bornholm,
6,energiø bornholm,6: energiø bornholm,
6,energiø bornholm,6: energiø bornholm,
6,energiø bornholm,6: energiø bornholm,
6,energiø bornholm,6: energiø bornholm,
6,energiø bornholm,6: energiø bornholm,
6,energiø bornholm,6: energiø bornholm,
6,energiø bornholm,6: energiø bornholm,
6,energiø bornholm,6: energiø bornholm,
6,energiø bornholm,6: energiø bornholm,
6,energiø bornholm,6: energiø bornholm,
6,energiø bornholm,6: energiø bornholm,
6,energiø bornholm,6: energiø bornholm,
6,energiø bornholm,6: energiø bornholm,
6,energiø bornholm,6: energiø bornholm,
6,energiø bornholm,6: energiø bornholm,
6,energiø bornholm,6: energiø bornholm,
6,energiø bornholm,6: energiø bornholm,
6,energiø bornholm,6: energiø bornholm,
6,energiø bornholm,6: energiø bornholm,
6,energiø bornholm,6: energiø bornholm,
6,energiø bornholm,6: energiø bornholm,
6,energiø bornholm,6: energiø bornholm,
6,energiø bornholm,6: energiø bornholm,
6,energiø bornholm,6: energiø bornholm,
6,energiø bornholm,6: energiø bornholm,
6,energiø bornholm,6: energiø bornholm,
6,energiø bornholm,6: energiø bornholm,
6,energiø bornholm,6: energiø bornholm,
6,energiø bornholm,6: energiø bornholm,
6,energiø bornholm,6: energiø bornholm,
6,energiø bornholm,6: energiø bornholm,
6,energiø bornholm,6: energiø bornholm,
6,energiø bornholm,6: energiø bornholm,
6,energiø bornholm,6: energiø bornholm,
6,energiø bornholm,6: energiø bornholm,
6,energiø bornholm,6: energiø bornholm,
6,energiø bornholm,6: energiø bornholm,
6,energiø bornholm,6: energiø bornholm,
6,energiø bornholm,6: energiø bornholm,
6,energiø bornholm,6: energiø bornholm,
6,energiø bornholm,6: energiø bornholm,
6,energiø bornholm,6: energiø bornholm,
6,energiø bornholm,6: energiø bornholm,
6,energiø bornholm,6: energiø bornholm,
6,energiø bornholm,6: energiø bornholm,
6,energiø bornholm,6: energiø bornholm,
6,energiø bornholm,6: energiø bornholm,
6,energiø bornholm,6: energiø bornholm,
6,energiø bornholm,6: energiø bornholm,
6,energiø bornholm,6: energiø bornholm,
6,energiø bornholm,6: energiø bornholm,
6,energiø bornholm,6: energiø bornholm,
6,energiø bornholm,6: energiø bornholm,
6,energiø bornholm,6: energiø bornholm,
6,energiø bornholm,6: energiø bornholm,
6,energiø bornholm,6: energiø bornholm,
6,energiø bornholm,6: energiø bornholm,
6,energiø bornholm,6: energiø bornholm,
6,energiø bornholm,6: energiø bornholm,
6,energiø bornholm,6: energiø bornholm,
6,energiø bornholm,6: energiø bornholm,
6,energiø bornholm,6: energiø bornholm,
6,energiø bornholm,6: energiø bornholm,
6,energiø bornholm,6: energiø bornholm,
6,energiø bornholm,6: energiø bornholm,
6,energiø bornholm,6: energiø bornholm,
6,energiø bornholm,6: energiø bornholm,
6,energiø bornholm,6: energiø bornholm,
6,energiø bornholm,6: energiø bornholm,
6,energiø bornholm,6: energiø bornholm,
6,energiø bornholm,6: energiø bornholm,
6,energiø bornholm,6: energiø bornholm,
6,energiø bornholm,6: energiø bornholm,
6,energiø bornholm,6: energiø bornholm,
6,energiø bornholm,6: energiø bornholm,
6,energiø bornholm,6: energiø bornholm,
6,energiø bornholm,6: energiø bornholm,
6,energiø bornholm,6: energiø bornholm,
6,energiø bornholm,6: energiø bornholm,
6,energiø bornholm,6: energiø bornholm,
6,energiø bornholm,6: energiø bornholm,
6,energiø bornholm,6: energiø bornholm,
6,energiø bornholm,6: energiø bornholm,
6,energiø bornholm,6: energiø bornholm,
6,energiø bornholm,6: energiø bornholm,
6,energiø bornholm,6: energiø bornholm,
6,energiø bornholm,6: energiø bornholm,
6,energiø bornholm,6: energiø bornholm,
6,energiø bornholm,6: energiø bornholm,
6,energiø bornholm,6: energiø bornholm,
6,energiø bornholm,6: energiø bornholm,
6,energiø bornholm,6: energiø bornholm,
6,energiø bornholm,6: energiø bornholm,
6,energiø bornholm,6: energiø bornholm,
6,energiø bornholm,6: energiø bornholm,
6,energiø bornholm,6: energiø bornholm,
6,energiø bornholm,6: energiø bornholm,
6,energiø bornholm,6: energiø bornholm,
6,energiø bornholm,6: energiø bornholm,
6,energiø bornholm,6: energiø bornholm,
6,energiø bornholm,6: energiø bornholm,
6,energiø bornholm,6: energiø bornholm,
6,energiø bornholm,6: energiø bornholm,
6,energiø bornholm,6: energiø bornholm,
6,energiø bornholm,6: energiø bornholm,
6,energiø bornholm,6: energiø bornholm,
6,energiø bornholm,6: energiø bornholm,
6,energiø bornholm,6: energiø bornholm,
6,energiø bornholm,6: energiø bornholm,
6,energiø bornholm,6: energiø bornholm,
6,energiø bornholm,6: energiø bornholm,
6,energiø bornholm,6: energiø bornholm,
6,energiø bornholm,6: energiø bornholm,
6,energiø bornholm,6: energiø bornholm,
6,energiø bornholm,6: energiø bornholm,
6,energiø bornholm,6: energiø bornholm,
6,energiø bornholm,6: energiø bornholm,
6,energiø bornholm,6: energiø bornholm,
6,energiø bornholm,6: energiø bornholm,
2,municip council,2: municip council,
2,municip council,2: municip council,
2,municip council,2: municip council,
2,municip council,2: municip council,
2,municip council,2: municip council,
2,municip council,2: municip council,
2,municip council,2: municip council,
2,municip council,2: municip council,
2,municip council,2: municip council,
2,municip council,2: municip council,
2,municip council,2: municip council,
2,municip council,2: municip council,
2,municip council,2: municip council,
2,municip council,2: municip council,
2,municip council,2: municip council,
2,municip council,2: municip council,
2,municip council,2: municip council,
2,municip council,2: municip council,
2,municip council,2: municip council,
2,municip council,2: municip council,
2,municip council,2: municip council,
2,municip council,2: municip council,
2,municip council,2: municip council,
2,municip council,2: municip council,
2,municip council,2: municip council,
2,municip council,2: municip council,
2,municip council,2: municip council,
2,municip council,2: municip council,
2,municip council,2: municip council,
2,municip council,2: municip council,
2,municip council,2: municip council,
2,municip council,2: municip council,
2,municip council,2: municip council,
2,municip council,2: municip council,
2,municip council,2: municip council,
2,municip council,2: municip council,
2,municip council,2: municip council,
2,municip council,2: municip council,
2,municip council,2: municip council,
2,municip council,2: municip council,
2,municip council,2: municip council,
2,municip council,2: municip council,
2,municip council,2: municip council,
2,municip council,2: municip council,
2,municip council,2: municip council,
2,municip council,2: municip council,
2,municip council,2: municip council,
2,municip council,2: municip council,
2,municip council,2: municip council,
2,municip council,2: municip council,
2,municip council,2: municip council,
2,municip council,2: municip council,
2,municip council,2: municip council,
2,municip council,2: municip council,
2,municip council,2: municip council,
2,municip council,2: municip council,
2,municip council,2: municip council,
2,municip council,2: municip council,
2,municip council,2: municip council,
2,municip council,2: municip council,
2,municip council,2: municip council,
2,municip council,2: municip council,
2,municip council,2: municip council,
2,municip council,2: municip council,
2,municip council,2: municip council,
2,municip council,2: municip council,
2,municip council,2: municip council,
2,municip council,2: municip council,
2,municip council,2: municip council,
2,municip council,2: municip council,
2,municip council,2: municip council,
2,municip council,2: municip council,
2,municip council,2: municip council,
2,municip council,2: municip council,
2,municip council,2: municip council,
2,municip council,2: municip council,
2,municip council,2: municip council,
2,municip council,2: municip council,
2,municip council,2: municip council,
2,municip council,2: municip council,
2,municip council,2: municip council,
2,municip council,2: municip council,
2,municip council,2: municip council,
2,municip council,2: municip council,
2,municip council,2: municip council,
2,municip council,2: municip council,
2,municip council,2: municip council,
2,municip council,2: municip council,
2,municip council,2: municip council,
2,municip council,2: municip council,
2,municip council,2: municip council,
2,municip council,2: municip council,
2,municip council,2: municip council,
2,municip council,2: municip council,
2,municip council,2: municip council,
2,municip council,2: municip council,
2,municip council,2: municip council,
2,municip council,2: municip council,
2,municip council,2: municip council,
2,municip council,2: municip council,
2,municip council,2: municip council,
2,municip council,2: municip council,
2,municip council,2: municip council,
2,municip council,2: municip council,
2,municip council,2: municip council,
2,municip council,2: municip council,
2,municip council,2: municip council,
2,municip council,2: municip council,
2,municip council,2: municip council,
2,municip council,2: municip council,
2,municip council,2: municip council,
2,municip council,2: municip council,
2,municip council,2: municip council,
2,municip council,2: municip council,
2,municip council,2: municip council,
2,municip council,2: municip council,
2,municip council,2: municip council,
2,municip council,2: municip council,
2,municip council,2: municip council,
2,municip council,2: municip council,
2,municip council,2: municip council,
2,municip council,2: municip council,
2,municip council,2: municip council,
2,municip council,2: municip council,
2,municip council,2: municip council,
2,municip council,2: municip council,
2,municip council,2: municip council,
2,municip council,2: municip council,
2,municip council,2: municip council,
2,municip council,2: municip council,
2,municip council,2: municip council,
2,municip council,2: municip council,
2,municip council,2: municip council,
2,municip council,2: municip council,
2,municip council,2: municip council,
2,municip council,2: municip council,
2,municip council,2: municip council,
2,municip council,2: municip council,
2,municip council,2: municip council,
2,municip council,2: municip council,
2,municip council,2: municip council,
2,municip council,2: municip council,
2,municip council,2: municip council,
2,municip council,2: municip council,
2,municip council,2: municip council,
2,municip council,2: municip council,
2,municip council,2: municip council,
2,municip council,2: municip council,
2,municip council,2: municip council,
2,municip council,2: municip council,
2,municip council,2: municip council,
2,municip council,2: municip council,
2,municip council,2: municip council,
2,municip council,2: municip council,
2,municip council,2: municip council,
2,municip council,2: municip council,
8,wind turbin,8: wind turbin,
8,wind turbin,8: wind turbin,
8,wind turbin,8: wind turbin,
8,wind turbin,8: wind turbin,
8,wind turbin,8: wind turbin,
8,wind turbin,8: wind turbin,
8,wind turbin,8: wind turbin,
8,wind turbin,8: wind turbin,
8,wind turbin,8: wind turbin,
8,wind turbin,8: wind turbin,
8,wind turbin,8: wind turbin,
8,wind turbin,8: wind turbin,
8,wind turbin,8: wind turbin,
8,wind turbin,8: wind turbin,
8,wind turbin,8: wind turbin,
8,wind turbin,8: wind turbin,
8,wind turbin,8: wind turbin,
8,wind turbin,8: wind turbin,
8,wind turbin,8: wind turbin,
8,wind turbin,8: wind turbin,
8,wind turbin,8: wind turbin,
8,wind turbin,8: wind turbin,
8,wind turbin,8: wind turbin,
8,wind turbin,8: wind turbin,
8,wind turbin,8: wind turbin,
8,wind turbin,8: wind turbin,
8,wind turbin,8: wind turbin,
8,wind turbin,8: wind turbin,
8,wind turbin,8: wind turbin,
8,wind turbin,8: wind turbin,
8,wind turbin,8: wind turbin,
8,wind turbin,8: wind turbin,
8,wind turbin,8: wind turbin,
8,wind turbin,8: wind turbin,
8,wind turbin,8: wind turbin,
8,wind turbin,8: wind turbin,
8,wind turbin,8: wind turbin,
8,wind turbin,8: wind turbin,
8,wind turbin,8: wind turbin,
8,wind turbin,8: wind turbin,
8,wind turbin,8: wind turbin,
8,wind turbin,8: wind turbin,
8,wind turbin,8: wind turbin,
8,wind turbin,8: wind turbin,
8,wind turbin,8: wind turbin,
8,wind turbin,8: wind turbin,
8,wind turbin,8: wind turbin,
8,wind turbin,8: wind turbin,
8,wind turbin,8: wind turbin,
8,wind turbin,8: wind turbin,
8,wind turbin,8: wind turbin,
8,wind turbin,8: wind turbin,
8,wind turbin,8: wind turbin,
8,wind turbin,8: wind turbin,
8,wind turbin,8: wind turbin,
8,wind turbin,8: wind turbin,
8,wind turbin,8: wind turbin,
8,wind turbin,8: wind turbin,
8,wind turbin,8: wind turbin,
8,wind turbin,8: wind turbin,
8,wind turbin,8: wind turbin,
8,wind turbin,8: wind turbin,
8,wind turbin,8: wind turbin,
8,wind turbin,8: wind turbin,
8,wind turbin,8: wind turbin,
8,wind turbin,8: wind turbin,
8,wind turbin,8: wind turbin,
8,wind turbin,8: wind turbin,
8,wind turbin,8: wind turbin,
8,wind turbin,8: wind turbin,
8,wind turbin,8: wind turbin,
8,wind turbin,8: wind turbin,
8,wind turbin,8: wind turbin,
8,wind turbin,8: wind turbin,
8,wind turbin,8: wind turbin,
8,wind turbin,8: wind turbin,
8,wind turbin,8: wind turbin,
8,wind turbin,8: wind turbin,
8,wind turbin,8: wind turbin,
8,wind turbin,8: wind turbin,
8,wind turbin,8: wind turbin,
8,wind turbin,8: wind turbin,
8,wind turbin,8: wind turbin,
8,wind turbin,8: wind turbin,
8,wind turbin,8: wind turbin,
8,wind turbin,8: wind turbin,
8,wind turbin,8: wind turbin,
8,wind turbin,8: wind turbin,
8,wind turbin,8: wind turbin,
8,wind turbin,8: wind turbin,
8,wind turbin,8: wind turbin,
8,wind turbin,8: wind turbin,
8,wind turbin,8: wind turbin,
8,wind turbin,8: wind turbin,
8,wind turbin,8: wind turbin,
8,wind turbin,8: wind turbin,
8,wind turbin,8: wind turbin,
8,wind turbin,8: wind turbin,
8,wind turbin,8: wind turbin,
8,wind turbin,8: wind turbin,
8,wind turbin,8: wind turbin,
8,wind turbin,8: wind turbin,
8,wind turbin,8: wind turbin,
8,wind turbin,8: wind turbin,
8,wind turbin,8: wind turbin,
8,wind turbin,8: wind turbin,
8,wind turbin,8: wind turbin,
8,wind turbin,8: wind turbin,
8,wind turbin,8: wind turbin,
8,wind turbin,8: wind turbin,
8,wind turbin,8: wind turbin,
8,wind turbin,8: wind turbin,
8,wind turbin,8: wind turbin,
8,wind turbin,8: wind turbin,
8,wind turbin,8: wind turbin,
8,wind turbin,8: wind turbin,
8,wind turbin,8: wind turbin,
8,wind turbin,8: wind turbin,
8,wind turbin,8: wind turbin,
8,wind turbin,8: wind turbin,
8,wind turbin,8: wind turbin,
8,wind turbin,8: wind turbin,
8,wind turbin,8: wind turbin,
8,wind turbin,8: wind turbin,
8,wind turbin,8: wind turbin,
8,wind turbin,8: wind turbin,
8,wind turbin,8: wind turbin,
8,wind turbin,8: wind turbin,
8,wind turbin,8: wind turbin,
8,wind turbin,8: wind turbin,
3,offshor wind,3: offshor wind,
3,offshor wind,3: offshor wind,
3,offshor wind,3: offshor wind,
3,offshor wind,3: offshor wind,
3,offshor wind,3: offshor wind,
3,offshor wind,3: offshor wind,
3,offshor wind,3: offshor wind,
3,offshor wind,3: offshor wind,
3,offshor wind,3: offshor wind,
3,offshor wind,3: offshor wind,
3,offshor wind,3: offshor wind,
3,offshor wind,3: offshor wind,
3,offshor wind,3: offshor wind,
3,offshor wind,3: offshor wind,
3,offshor wind,3: offshor wind,
3,offshor wind,3: offshor wind,
3,offshor wind,3: offshor wind,
3,offshor wind,3: offshor wind,
3,offshor wind,3: offshor wind,
3,offshor wind,3: offshor wind,
3,offshor wind,3: offshor wind,
3,offshor wind,3: offshor wind,
3,offshor wind,3: offshor wind,
3,offshor wind,3: offshor wind,
3,offshor wind,3: offshor wind,
3,offshor wind,3: offshor wind,
3,offshor wind,3: offshor wind,
3,offshor wind,3: offshor wind,
3,offshor wind,3: offshor wind,
3,offshor wind,3: offshor wind,
3,offshor wind,3: offshor wind,
3,offshor wind,3: offshor wind,
3,offshor wind,3: offshor wind,
3,offshor wind,3: offshor wind,
3,offshor wind,3: offshor wind,
3,offshor wind,3: offshor wind,
3,offshor wind,3: offshor wind,
3,offshor wind,3: offshor wind,
3,offshor wind,3: offshor wind,
3,offshor wind,3: offshor wind,
3,offshor wind,3: offshor wind,
3,offshor wind,3: offshor wind,
3,offshor wind,3: offshor wind,
3,offshor wind,3: offshor wind,
3,offshor wind,3: offshor wind,
3,offshor wind,3: offshor wind,
3,offshor wind,3: offshor wind,
3,offshor wind,3: offshor wind,
3,offshor wind,3: offshor wind,
3,offshor wind,3: offshor wind,
3,offshor wind,3: offshor wind,
3,offshor wind,3: offshor wind,
3,offshor wind,3: offshor wind,
3,offshor wind,3: offshor wind,
3,offshor wind,3: offshor wind,
3,offshor wind,3: offshor wind,
3,offshor wind,3: offshor wind,
3,offshor wind,3: offshor wind,
3,offshor wind,3: offshor wind,
3,offshor wind,3: offshor wind,
3,offshor wind,3: offshor wind,
3,offshor wind,3: offshor wind,
3,offshor wind,3: offshor wind,
3,offshor wind,3: offshor wind,
3,offshor wind,3: offshor wind,
3,offshor wind,3: offshor wind,
3,offshor wind,3: offshor wind,
3,offshor wind,3: offshor wind,
3,offshor wind,3: offshor wind,
3,offshor wind,3: offshor wind,
3,offshor wind,3: offshor wind,
3,offshor wind,3: offshor wind,
3,offshor wind,3: offshor wind,
3,offshor wind,3: offshor wind,
3,offshor wind,3: offshor wind,
3,offshor wind,3: offshor wind,
3,offshor wind,3: offshor wind,
3,offshor wind,3: offshor wind,
3,offshor wind,3: offshor wind,
3,offshor wind,3: offshor wind,
3,offshor wind,3: offshor wind,
3,offshor wind,3: offshor wind,
3,offshor wind,3: offshor wind,
3,offshor wind,3: offshor wind,
3,offshor wind,3: offshor wind,
3,offshor wind,3: offshor wind,
3,offshor wind,3: offshor wind,
3,offshor wind,3: offshor wind,
3,offshor wind,3: offshor wind,
3,offshor wind,3: offshor wind,
3,offshor wind,3: offshor wind,
3,offshor wind,3: offshor wind,
3,offshor wind,3: offshor wind,
3,offshor wind,3: offshor wind,
3,offshor wind,3: offshor wind,
3,offshor wind,3: offshor wind,
3,offshor wind,3: offshor wind,
3,offshor wind,3: offshor wind,
3,offshor wind,3: offshor wind,
3,offshor wind,3: offshor wind,
3,offshor wind,3: offshor wind,
3,offshor wind,3: offshor wind,
3,offshor wind,3: offshor wind,
3,offshor wind,3: offshor wind,
3,offshor wind,3: offshor wind,
3,offshor wind,3: offshor wind,
3,offshor wind,3: offshor wind,
3,offshor wind,3: offshor wind,
3,offshor wind,3: offshor wind,
3,offshor wind,3: offshor wind,
3,offshor wind,3: offshor wind,
3,offshor wind,3: offshor wind,
3,offshor wind,3: offshor wind,
8,wind turbin,8: wind turbin,
8,wind turbin,8: wind turbin,
8,wind turbin,8: wind turbin,
8,wind turbin,8: wind turbin,
8,wind turbin,8: wind turbin,
8,wind turbin,8: wind turbin,
8,wind turbin,8: wind turbin,
8,wind turbin,8: wind turbin,
8,wind turbin,8: wind turbin,
8,wind turbin,8: wind turbin,
8,wind turbin,8: wind turbin,
8,wind turbin,8: wind turbin,
8,wind turbin,8: wind turbin,
8,wind turbin,8: wind turbin,
8,wind turbin,8: wind turbin,
8,wind turbin,8: wind turbin,
8,wind turbin,8: wind turbin,
8,wind turbin,8: wind turbin,
8,wind turbin,8: wind turbin,
8,wind turbin,8: wind turbin,
8,wind turbin,8: wind turbin,
8,wind turbin,8: wind turbin,
8,wind turbin,8: wind turbin,
8,wind turbin,8: wind turbin,
8,wind turbin,8: wind turbin,
8,wind turbin,8: wind turbin,
8,wind turbin,8: wind turbin,
8,wind turbin,8: wind turbin,
8,wind turbin,8: wind turbin,
8,wind turbin,8: wind turbin,
8,wind turbin,8: wind turbin,
8,wind turbin,8: wind turbin,
8,wind turbin,8: wind turbin,
8,wind turbin,8: wind turbin,
8,wind turbin,8: wind turbin,
8,wind turbin,8: wind turbin,
8,wind turbin,8: wind turbin,
8,wind turbin,8: wind turbin,
8,wind turbin,8: wind turbin,
8,wind turbin,8: wind turbin,
8,wind turbin,8: wind turbin,
8,wind turbin,8: wind turbin,
8,wind turbin,8: wind turbin,
8,wind turbin,8: wind turbin,
8,wind turbin,8: wind turbin,
8,wind turbin,8: wind turbin,
8,wind turbin,8: wind turbin,
8,wind turbin,8: wind turbin,
8,wind turbin,8: wind turbin,
8,wind turbin,8: wind turbin,
8,wind turbin,8: wind turbin,
8,wind turbin,8: wind turbin,
8,wind turbin,8: wind turbin,
8,wind turbin,8: wind turbin,
8,wind turbin,8: wind turbin,
8,wind turbin,8: wind turbin,
8,wind turbin,8: wind turbin,
8,wind turbin,8: wind turbin,
8,wind turbin,8: wind turbin,
8,wind turbin,8: wind turbin,
8,wind turbin,8: wind turbin,
8,wind turbin,8: wind turbin,
8,wind turbin,8: wind turbin,
8,wind turbin,8: wind turbin,
8,wind turbin,8: wind turbin,
8,wind turbin,8: wind turbin,
8,wind turbin,8: wind turbin,
8,wind turbin,8: wind turbin,
8,wind turbin,8: wind turbin,
8,wind turbin,8: wind turbin,
8,wind turbin,8: wind turbin,
8,wind turbin,8: wind turbin,
8,wind turbin,8: wind turbin,
8,wind turbin,8: wind turbin,
8,wind turbin,8: wind turbin,
8,wind turbin,8: wind turbin,
8,wind turbin,8: wind turbin,
8,wind turbin,8: wind turbin,
8,wind turbin,8: wind turbin,
8,wind turbin,8: wind turbin,
8,wind turbin,8: wind turbin,
8,wind turbin,8: wind turbin,
8,wind turbin,8: wind turbin,
8,wind turbin,8: wind turbin,
8,wind turbin,8: wind turbin,
8,wind turbin,8: wind turbin,
8,wind turbin,8: wind turbin,
8,wind turbin,8: wind turbin,
8,wind turbin,8: wind turbin,
8,wind turbin,8: wind turbin,
8,wind turbin,8: wind turbin,
8,wind turbin,8: wind turbin,
8,wind turbin,8: wind turbin,
8,wind turbin,8: wind turbin,
8,wind turbin,8: wind turbin,
8,wind turbin,8: wind turbin,
8,wind turbin,8: wind turbin,
8,wind turbin,8: wind turbin,
8,wind turbin,8: wind turbin,
8,wind turbin,8: wind turbin,
8,wind turbin,8: wind turbin,
8,wind turbin,8: wind turbin,
8,wind turbin,8: wind turbin,
8,wind turbin,8: wind turbin,
8,wind turbin,8: wind turbin,
8,wind turbin,8: wind turbin,
8,wind turbin,8: wind turbin,
8,wind turbin,8: wind turbin,
8,wind turbin,8: wind turbin,
8,wind turbin,8: wind turbin,
8,wind turbin,8: wind turbin,
8,wind turbin,8: wind turbin,
8,wind turbin,8: wind turbin,
8,wind turbin,8: wind turbin,
8,wind turbin,8: wind turbin,
8,wind turbin,8: wind turbin,
8,wind turbin,8: wind turbin,
8,wind turbin,8: wind turbin,
8,wind turbin,8: wind turbin,
8,wind turbin,8: wind turbin,
8,wind turbin,8: wind turbin,
8,wind turbin,8: wind turbin,
8,wind turbin,8: wind turbin,
8,wind turbin,8: wind turbin,
8,wind turbin,8: wind turbin,
8,wind turbin,8: wind turbin,
8,wind turbin,8: wind turbin,
8,wind turbin,8: wind turbin,
8,wind turbin,8: wind turbin,
8,wind turbin,8: wind turbin,
3,offshor wind,3: offshor wind,
3,offshor wind,3: offshor wind,
3,offshor wind,3: offshor wind,
3,offshor wind,3: offshor wind,
3,offshor wind,3: offshor wind,
3,offshor wind,3: offshor wind,
3,offshor wind,3: offshor wind,
3,offshor wind,3: offshor wind,
3,offshor wind,3: offshor wind,
3,offshor wind,3: offshor wind,
3,offshor wind,3: offshor wind,
3,offshor wind,3: offshor wind,
3,offshor wind,3: offshor wind,
3,offshor wind,3: offshor wind,
3,offshor wind,3: offshor wind,
3,offshor wind,3: offshor wind,
3,offshor wind,3: offshor wind,
3,offshor wind,3: offshor wind,
3,offshor wind,3: offshor wind,
3,offshor wind,3: offshor wind,
3,offshor wind,3: offshor wind,
3,offshor wind,3: offshor wind,
3,offshor wind,3: offshor wind,
3,offshor wind,3: offshor wind,
3,offshor wind,3: offshor wind,
3,offshor wind,3: offshor wind,
3,offshor wind,3: offshor wind,
3,offshor wind,3: offshor wind,
3,offshor wind,3: offshor wind,
3,offshor wind,3: offshor wind,
3,offshor wind,3: offshor wind,
3,offshor wind,3: offshor wind,
3,offshor wind,3: offshor wind,
3,offshor wind,3: offshor wind,
3,offshor wind,3: offshor wind,
3,offshor wind,3: offshor wind,
3,offshor wind,3: offshor wind,
3,offshor wind,3: offshor wind,
3,offshor wind,3: offshor wind,
3,offshor wind,3: offshor wind,
3,offshor wind,3: offshor wind,
3,offshor wind,3: offshor wind,
3,offshor wind,3: offshor wind,
3,offshor wind,3: offshor wind,
3,offshor wind,3: offshor wind,
3,offshor wind,3: offshor wind,
3,offshor wind,3: offshor wind,
3,offshor wind,3: offshor wind,
3,offshor wind,3: offshor wind,
3,offshor wind,3: offshor wind,
3,offshor wind,3: offshor wind,
3,offshor wind,3: offshor wind,
3,offshor wind,3: offshor wind,
3,offshor wind,3: offshor wind,
3,offshor wind,3: offshor wind,
3,offshor wind,3: offshor wind,
3,offshor wind,3: offshor wind,
3,offshor wind,3: offshor wind,
3,offshor wind,3: offshor wind,
3,offshor wind,3: offshor wind,
3,offshor wind,3: offshor wind,
3,offshor wind,3: offshor wind,
3,offshor wind,3: offshor wind,
3,offshor wind,3: offshor wind,
3,offshor wind,3: offshor wind,
3,offshor wind,3: offshor wind,
3,offshor wind,3: offshor wind,
3,offshor wind,3: offshor wind,
3,offshor wind,3: offshor wind,
3,offshor wind,3: offshor wind,
3,offshor wind,3: offshor wind,
3,offshor wind,3: offshor wind,
3,offshor wind,3: offshor wind,
3,offshor wind,3: offshor wind,
3,offshor wind,3: offshor wind,
3,offshor wind,3: offshor wind,
3,offshor wind,3: offshor wind,
3,offshor wind,3: offshor wind,
3,offshor wind,3: offshor wind,
3,offshor wind,3: offshor wind,
3,offshor wind,3: offshor wind,
3,offshor wind,3: offshor wind,
3,offshor wind,3: offshor wind,
3,offshor wind,3: offshor wind,
3,offshor wind,3: offshor wind,
3,offshor wind,3: offshor wind,
3,offshor wind,3: offshor wind,
3,offshor wind,3: offshor wind,
3,offshor wind,3: offshor wind,
3,offshor wind,3: offshor wind,
3,offshor wind,3: offshor wind,
3,offshor wind,3: offshor wind,
3,offshor wind,3: offshor wind,
3,offshor wind,3: offshor wind,
3,offshor wind,3: offshor wind,
3,offshor wind,3: offshor wind,
3,offshor wind,3: offshor wind,
3,offshor wind,3: offshor wind,
3,offshor wind,3: offshor wind,
3,offshor wind,3: offshor wind,
3,offshor wind,3: offshor wind,
3,offshor wind,3: offshor wind,
3,offshor wind,3: offshor wind,
3,offshor wind,3: offshor wind,
3,offshor wind,3: offshor wind,
3,offshor wind,3: offshor wind,
3,offshor wind,3: offshor wind,
3,offshor wind,3: offshor wind,
3,offshor wind,3: offshor wind,
3,offshor wind,3: offshor wind,
3,offshor wind,3: offshor wind,
3,offshor wind,3: offshor wind,
3,offshor wind,3: offshor wind,
2,municip council,2: municip council,
2,municip council,2: municip council,
2,municip council,2: municip council,
2,municip council,2: municip council,
2,municip council,2: municip council,
2,municip council,2: municip council,
2,municip council,2: municip council,
2,municip council,2: municip council,
2,municip council,2: municip council,
2,municip council,2: municip council,
2,municip council,2: municip council,
2,municip council,2: municip council,
2,municip council,2: municip council,
2,municip council,2: municip council,
2,municip council,2: municip council,
2,municip council,2: municip council,
2,municip council,2: municip council,
2,municip council,2: municip council,
2,municip council,2: municip council,
2,municip council,2: municip council,
2,municip council,2: municip council,
2,municip council,2: municip council,
2,municip council,2: municip council,
2,municip council,2: municip council,
2,municip council,2: municip council,
2,municip council,2: municip council,
2,municip council,2: municip council,
2,municip council,2: municip council,
2,municip council,2: municip council,
2,municip council,2: municip council,
2,municip council,2: municip council,
2,municip council,2: municip council,
2,municip council,2: municip council,
2,municip council,2: municip council,
2,municip council,2: municip council,
2,municip council,2: municip council,
2,municip council,2: municip council,
2,municip council,2: municip council,
2,municip council,2: municip council,
2,municip council,2: municip council,
2,municip council,2: municip council,
2,municip council,2: municip council,
2,municip council,2: municip council,
2,municip council,2: municip council,
2,municip council,2: municip council,
2,municip council,2: municip council,
2,municip council,2: municip council,
2,municip council,2: municip council,
2,municip council,2: municip council,
2,municip council,2: municip council,
2,municip council,2: municip council,
2,municip council,2: municip council,
2,municip council,2: municip council,
2,municip council,2: municip council,
2,municip council,2: municip council,
2,municip council,2: municip council,
2,municip council,2: municip council,
2,municip council,2: municip council,
2,municip council,2: municip council,
2,municip council,2: municip council,
2,municip council,2: municip council,
2,municip council,2: municip council,
2,municip council,2: municip council,
2,municip council,2: municip council,
2,municip council,2: municip council,
2,municip council,2: municip council,
2,municip council,2: municip council,
2,municip council,2: municip council,
2,municip council,2: municip council,
2,municip council,2: municip council,
2,municip council,2: municip council,
2,municip council,2: municip council,
2,municip council,2: municip council,
2,municip council,2: municip council,
2,municip council,2: municip council,
2,municip council,2: municip council,
2,municip council,2: municip council,
2,municip council,2: municip council,
2,municip council,2: municip council,
2,municip council,2: municip council,
2,municip council,2: municip council,
2,municip council,2: municip council,
2,municip council,2: municip council,
2,municip council,2: municip council,
2,municip council,2: municip council,
2,municip council,2: municip council,
2,municip council,2: municip council,
2,municip council,2: municip council,
2,municip council,2: municip council,
2,municip council,2: municip council,
2,municip council,2: municip council,
2,municip council,2: municip council,
2,municip council,2: municip council,
2,municip council,2: municip council,
2,municip council,2: municip council,
2,municip council,2: municip council,
2,municip council,2: municip council,
2,municip council,2: municip council,
2,municip council,2: municip council,
2,municip council,2: municip council,
2,municip council,2: municip council,
2,municip council,2: municip council,
2,municip council,2: municip council,
2,municip council,2: municip council,
2,municip council,2: municip council,
2,municip council,2: municip council,
2,municip council,2: municip council,
2,municip council,2: municip council,
2,municip council,2: municip council,
2,municip council,2: municip council,
2,municip council,2: municip council,
2,municip council,2: municip council,
2,municip council,2: municip council,
2,municip council,2: municip council,
2,municip council,2: municip council,
2,municip council,2: municip council,
2,municip council,2: municip council,
2,municip council,2: municip council,
2,municip council,2: municip council,
2,municip council,2: municip council,
2,municip council,2: municip council,
2,municip council,2: municip council,
2,municip council,2: municip council,
2,municip council,2: municip council,
2,municip council,2: municip council,
2,municip council,2: municip council,
2,municip council,2: municip council,
2,municip council,2: municip council,
2,municip council,2: municip council,
2,municip council,2: municip council,
2,municip council,2: municip council,
2,municip council,2: municip council,
2,municip council,2: municip council,
2,municip council,2: municip council,
2,municip council,2: municip council,
2,municip council,2: municip council,
2,municip council,2: municip council,
2,municip council,2: municip council,
2,municip council,2: municip council,
2,municip council,2: municip council,
2,municip council,2: municip council,
2,municip council,2: municip council,
2,municip council,2: municip council,
2,municip council,2: municip council,
2,municip council,2: municip council,
2,municip council,2: municip council,
2,municip council,2: municip council,
2,municip council,2: municip council,
2,municip council,2: municip council,
2,municip council,2: municip council,
2,municip council,2: municip council,
2,municip council,2: municip council,
2,municip council,2: municip council,
2,municip council,2: municip council,
2,municip council,2: municip council,
2,municip council,2: municip council,
2,municip council,2: municip council,
2,municip council,2: municip council,
2,municip council,2: municip council,
2,municip council,2: municip council,
2,municip council,2: municip council,
2,municip council,2: municip council,
2,municip council,2: municip council,
2,municip council,2: municip council,
2,municip council,2: municip council,
2,municip council,2: municip council,
2,municip council,2: municip council,
2,municip council,2: municip council,
2,municip council,2: municip council,
2,municip council,2: municip council,
2,municip council,2: municip council,
2,municip council,2: municip council,
2,municip council,2: municip council,
2,municip council,2: municip council,
2,municip council,2: municip council,
2,municip council,2: municip council,
2,municip council,2: municip council,
2,municip council,2: municip council,
2,municip council,2: municip council,
2,municip council,2: municip council,
2,municip council,2: municip council,
2,municip council,2: municip council,
2,municip council,2: municip council,
2,municip council,2: municip council,
2,municip council,2: municip council,
2,municip council,2: municip council,
2,municip council,2: municip council,
2,municip council,2: municip council,
2,municip council,2: municip council,
2,municip council,2: municip council,
2,municip council,2: municip council,
2,municip council,2: municip council,
2,municip council,2: municip council,
2,municip council,2: municip council,
2,municip council,2: municip council,
2,municip council,2: municip council,
2,municip council,2: municip council,
2,municip council,2: municip council,
2,municip council,2: municip council,
2,municip council,2: municip council,
2,municip council,2: municip council,
2,municip council,2: municip council,
2,municip council,2: municip council,
2,municip council,2: municip council,
2,municip council,2: municip council,
2,municip council,2: municip council,
2,municip council,2: municip council,
2,municip council,2: municip council,
2,municip council,2: municip council,
2,municip council,2: municip council,
2,municip council,2: municip council,
2,municip council,2: municip council,
2,municip council,2: municip council,
2,municip council,2: municip council,
2,municip council,2: municip council,
2,municip council,2: municip council,
2,municip council,2: municip council,
2,municip council,2: municip council,
2,municip council,2: municip council,
2,municip council,2: municip council,
2,municip council,2: municip council,
2,municip council,2: municip council,
2,municip council,2: municip council,
2,municip council,2: municip council,
2,municip council,2: municip council,
2,municip council,2: municip council,
2,municip council,2: municip council,
2,municip council,2: municip council,
2,municip council,2: municip council,
2,municip council,2: municip council,
2,municip council,2: municip council,
2,municip council,2: municip council,
2,municip council,2: municip council,
2,municip council,2: municip council,
2,municip council,2: municip council,
2,municip council,2: municip council,
2,municip council,2: municip council,
2,municip council,2: municip council,
2,municip council,2: municip council,
2,municip council,2: municip council,
2,municip council,2: municip council,
2,municip council,2: municip council,
2,municip council,2: municip council,
2,municip council,2: municip council,
2,municip council,2: municip council,
2,municip council,2: municip council,
2,municip council,2: municip council,
2,municip council,2: municip council,
2,municip council,2: municip council,
2,municip council,2: municip council,
2,municip council,2: municip council,
2,municip council,2: municip council,
2,municip council,2: municip council,
2,municip council,2: municip council,
2,municip council,2: municip council,
2,municip council,2: municip council,
2,municip council,2: municip council,
2,municip council,2: municip council,
2,municip council,2: municip council,
2,municip council,2: municip council,
2,municip council,2: municip council,
2,municip council,2: municip council,
2,municip council,2: municip council,
2,municip council,2: municip council,
2,municip council,2: municip council,
2,municip council,2: municip council,
2,municip council,2: municip council,
2,municip council,2: municip council,
2,municip council,2: municip council,
2,municip council,2: municip council,
2,municip council,2: municip council,
2,municip council,2: municip council,
2,municip council,2: municip council,
2,municip council,2: municip council,
2,municip council,2: municip council,
2,municip council,2: municip council,
2,municip council,2: municip council,
2,municip council,2: municip council,
2,municip council,2: municip council,
2,municip council,2: municip council,
2,municip council,2: municip council,
2,municip council,2: municip council,
2,municip council,2: municip council,
2,municip council,2: municip council,
2,municip council,2: municip council,
2,municip council,2: municip council,
2,municip council,2: municip council,
2,municip council,2: municip council,
2,municip council,2: municip council,
2,municip council,2: municip council,
2,municip council,2: municip council,
2,municip council,2: municip council,
2,municip council,2: municip council,
2,municip council,2: municip council,
2,municip council,2: municip council,
2,municip council,2: municip council,
2,municip council,2: municip council,
2,municip council,2: municip council,
2,municip council,2: municip council,
2,municip council,2: municip council,
2,municip council,2: municip council,
2,municip council,2: municip council,
2,municip council,2: municip council,
2,municip council,2: municip council,
2,municip council,2: municip council,
2,municip council,2: municip council,
2,municip council,2: municip council,
2,municip council,2: municip council,
2,municip council,2: municip council,
2,municip council,2: municip council,
2,municip council,2: municip council,
2,municip council,2: municip council,
2,municip council,2: municip council,
2,municip council,2: municip council,
2,municip council,2: municip council,
2,municip council,2: municip council,
2,municip council,2: municip council,
2,municip council,2: municip council,
2,municip council,2: municip council,
2,municip council,2: municip council,
2,municip council,2: municip council,
2,municip council,2: municip council,
2,municip council,2: municip council,
2,municip council,2: municip council,
2,municip council,2: municip council,
2,municip council,2: municip council,
2,municip council,2: municip council,
2,municip council,2: municip council,
2,municip council,2: municip council,
2,municip council,2: municip council,
2,municip council,2: municip council,
2,municip council,2: municip council,
2,municip council,2: municip council,
2,municip council,2: municip council,
2,municip council,2: municip council,
2,municip council,2: municip council,
2,municip council,2: municip council,
2,municip council,2: municip council,
2,municip council,2: municip council,
2,municip council,2: municip council,
2,municip council,2: municip council,
2,municip council,2: municip council,
2,municip council,2: municip council,
2,municip council,2: municip council,
2,municip council,2: municip council,
2,municip council,2: municip council,
2,municip council,2: municip council,
2,municip council,2: municip council,
2,municip council,2: municip council,
2,municip council,2: municip council,
2,municip council,2: municip council,
2,municip council,2: municip council,
2,municip council,2: municip council,
2,municip council,2: municip council,
2,municip council,2: municip council,
2,municip council,2: municip council,
2,municip council,2: municip council,
2,municip council,2: municip council,
2,municip council,2: municip council,
2,municip council,2: municip council,
2,municip council,2: municip council,
2,municip council,2: municip council,
2,municip council,2: municip council,
2,municip council,2: municip council,
2,municip council,2: municip council,
2,municip council,2: municip council,
2,municip council,2: municip council,
2,municip council,2: municip council,
2,municip council,2: municip council,
2,municip council,2: municip council,
2,municip council,2: municip council,
2,municip council,2: municip council,
2,municip council,2: municip council,
2,municip council,2: municip council,
2,municip council,2: municip council,
2,municip council,2: municip council,
2,municip council,2: municip council,
2,municip council,2: municip council,
2,municip council,2: municip council,
2,municip council,2: municip council,
2,municip council,2: municip council,
2,municip council,2: municip council,
2,municip council,2: municip council,
2,municip council,2: municip council,
2,municip council,2: municip council,
2,municip council,2: municip council,
2,municip council,2: municip council,
2,municip council,2: municip council,
2,municip council,2: municip council,
2,municip council,2: municip council,
2,municip council,2: municip council,
2,municip council,2: municip council,
2,municip council,2: municip council,
2,municip council,2: municip council,
2,municip council,2: municip council,
2,municip council,2: municip council,
2,municip council,2: municip council,
2,municip council,2: municip council,
2,municip council,2: municip council,
2,municip council,2: municip council,
2,municip council,2: municip council,
2,municip council,2: municip council,
2,municip council,2: municip council,
2,municip council,2: municip council,
2,municip council,2: municip council,
2,municip council,2: municip council,
2,municip council,2: municip council,
2,municip council,2: municip council,
2,municip council,2: municip council,
2,municip council,2: municip council,
2,municip council,2: municip council,
2,municip council,2: municip council,
2,municip council,2: municip council,
2,municip council,2: municip council,
2,municip council,2: municip council,
2,municip council,2: municip council,
2,municip council,2: municip council,
2,municip council,2: municip council,
2,municip council,2: municip council,
2,municip council,2: municip council,
2,municip council,2: municip council,
2,municip council,2: municip council,
2,municip council,2: municip council,
2,municip council,2: municip council,
2,municip council,2: municip council,
2,municip council,2: municip council,
2,municip council,2: municip council,
2,municip council,2: municip council,
2,municip council,2: municip council,
2,municip council,2: municip council,
2,municip council,2: municip council,
2,municip council,2: municip council,
2,municip council,2: municip council,
2,municip council,2: municip council,
2,municip council,2: municip council,
2,municip council,2: municip council,
2,municip council,2: municip council,
2,municip council,2: municip council,
2,municip council,2: municip council,
2,municip council,2: municip council,
2,municip council,2: municip council,
2,municip council,2: municip council,
2,municip council,2: municip council,
2,municip council,2: municip council,
2,municip council,2: municip council,
2,municip council,2: municip council,
2,municip council,2: municip council,
2,municip council,2: municip council,
2,municip council,2: municip council,
2,municip council,2: municip council,
2,municip council,2: municip council,
2,municip council,2: municip council,
2,municip council,2: municip council,
2,municip council,2: municip council,
2,municip council,2: municip council,
2,municip council,2: municip council,
2,municip council,2: municip council,
2,municip council,2: municip council,
2,municip council,2: municip council,
2,municip council,2: municip council,
2,municip council,2: municip council,
2,municip council,2: municip council,
2,municip council,2: municip council,
2,municip council,2: municip council,
2,municip council,2: municip council,
2,municip council,2: municip council,
2,municip council,2: municip council,
2,municip council,2: municip council,
3,offshor wind,3: offshor wind,
3,offshor wind,3: offshor wind,
3,offshor wind,3: offshor wind,
3,offshor wind,3: offshor wind,
3,offshor wind,3: offshor wind,
3,offshor wind,3: offshor wind,
3,offshor wind,3: offshor wind,
3,offshor wind,3: offshor wind,
3,offshor wind,3: offshor wind,
3,offshor wind,3: offshor wind,
3,offshor wind,3: offshor wind,
3,offshor wind,3: offshor wind,
3,offshor wind,3: offshor wind,
3,offshor wind,3: offshor wind,
3,offshor wind,3: offshor wind,
3,offshor wind,3: offshor wind,
3,offshor wind,3: offshor wind,
3,offshor wind,3: offshor wind,
3,offshor wind,3: offshor wind,
3,offshor wind,3: offshor wind,
3,offshor wind,3: offshor wind,
3,offshor wind,3: offshor wind,
3,offshor wind,3: offshor wind,
3,offshor wind,3: offshor wind,
3,offshor wind,3: offshor wind,
3,offshor wind,3: offshor wind,
3,offshor wind,3: offshor wind,
3,offshor wind,3: offshor wind,
3,offshor wind,3: offshor wind,
3,offshor wind,3: offshor wind,
3,offshor wind,3: offshor wind,
3,offshor wind,3: offshor wind,
3,offshor wind,3: offshor wind,
3,offshor wind,3: offshor wind,
3,offshor wind,3: offshor wind,
3,offshor wind,3: offshor wind,
3,offshor wind,3: offshor wind,
3,offshor wind,3: offshor wind,
3,offshor wind,3: offshor wind,
3,offshor wind,3: offshor wind,
3,offshor wind,3: offshor wind,
3,offshor wind,3: offshor wind,
3,offshor wind,3: offshor wind,
3,offshor wind,3: offshor wind,
3,offshor wind,3: offshor wind,
3,offshor wind,3: offshor wind,
3,offshor wind,3: offshor wind,
3,offshor wind,3: offshor wind,
3,offshor wind,3: offshor wind,
3,offshor wind,3: offshor wind,
3,offshor wind,3: offshor wind,
3,offshor wind,3: offshor wind,
3,offshor wind,3: offshor wind,
3,offshor wind,3: offshor wind,
3,offshor wind,3: offshor wind,
3,offshor wind,3: offshor wind,
3,offshor wind,3: offshor wind,
3,offshor wind,3: offshor wind,
3,offshor wind,3: offshor wind,
3,offshor wind,3: offshor wind,
3,offshor wind,3: offshor wind,
3,offshor wind,3: offshor wind,
3,offshor wind,3: offshor wind,
3,offshor wind,3: offshor wind,
3,offshor wind,3: offshor wind,
3,offshor wind,3: offshor wind,
3,offshor wind,3: offshor wind,
3,offshor wind,3: offshor wind,
3,offshor wind,3: offshor wind,
3,offshor wind,3: offshor wind,
3,offshor wind,3: offshor wind,
3,offshor wind,3: offshor wind,
3,offshor wind,3: offshor wind,
3,offshor wind,3: offshor wind,
3,offshor wind,3: offshor wind,
3,offshor wind,3: offshor wind,
3,offshor wind,3: offshor wind,
3,offshor wind,3: offshor wind,
3,offshor wind,3: offshor wind,
3,offshor wind,3: offshor wind,
3,offshor wind,3: offshor wind,
3,offshor wind,3: offshor wind,
3,offshor wind,3: offshor wind,
3,offshor wind,3: offshor wind,
3,offshor wind,3: offshor wind,
3,offshor wind,3: offshor wind,
3,offshor wind,3: offshor wind,
3,offshor wind,3: offshor wind,
3,offshor wind,3: offshor wind,
3,offshor wind,3: offshor wind,
3,offshor wind,3: offshor wind,
3,offshor wind,3: offshor wind,
3,offshor wind,3: offshor wind,
3,offshor wind,3: offshor wind,
3,offshor wind,3: offshor wind,
3,offshor wind,3: offshor wind,
3,offshor wind,3: offshor wind,
3,offshor wind,3: offshor wind,
3,offshor wind,3: offshor wind,
3,offshor wind,3: offshor wind,
3,offshor wind,3: offshor wind,
3,offshor wind,3: offshor wind,
3,offshor wind,3: offshor wind,
3,offshor wind,3: offshor wind,
3,offshor wind,3: offshor wind,
3,offshor wind,3: offshor wind,
3,offshor wind,3: offshor wind,
3,offshor wind,3: offshor wind,
3,offshor wind,3: offshor wind,
3,offshor wind,3: offshor wind,
3,offshor wind,3: offshor wind,
3,offshor wind,3: offshor wind,
3,offshor wind,3: offshor wind,
8,wind turbin,8: wind turbin,
8,wind turbin,8: wind turbin,
8,wind turbin,8: wind turbin,
8,wind turbin,8: wind turbin,
8,wind turbin,8: wind turbin,
8,wind turbin,8: wind turbin,
8,wind turbin,8: wind turbin,
8,wind turbin,8: wind turbin,
8,wind turbin,8: wind turbin,
8,wind turbin,8: wind turbin,
8,wind turbin,8: wind turbin,
8,wind turbin,8: wind turbin,
8,wind turbin,8: wind turbin,
8,wind turbin,8: wind turbin,
8,wind turbin,8: wind turbin,
8,wind turbin,8: wind turbin,
8,wind turbin,8: wind turbin,
8,wind turbin,8: wind turbin,
8,wind turbin,8: wind turbin,
8,wind turbin,8: wind turbin,
8,wind turbin,8: wind turbin,
8,wind turbin,8: wind turbin,
8,wind turbin,8: wind turbin,
8,wind turbin,8: wind turbin,
8,wind turbin,8: wind turbin,
8,wind turbin,8: wind turbin,
8,wind turbin,8: wind turbin,
8,wind turbin,8: wind turbin,
8,wind turbin,8: wind turbin,
8,wind turbin,8: wind turbin,
8,wind turbin,8: wind turbin,
8,wind turbin,8: wind turbin,
8,wind turbin,8: wind turbin,
8,wind turbin,8: wind turbin,
8,wind turbin,8: wind turbin,
8,wind turbin,8: wind turbin,
8,wind turbin,8: wind turbin,
8,wind turbin,8: wind turbin,
8,wind turbin,8: wind turbin,
8,wind turbin,8: wind turbin,
8,wind turbin,8: wind turbin,
8,wind turbin,8: wind turbin,
8,wind turbin,8: wind turbin,
8,wind turbin,8: wind turbin,
8,wind turbin,8: wind turbin,
8,wind turbin,8: wind turbin,
8,wind turbin,8: wind turbin,
8,wind turbin,8: wind turbin,
8,wind turbin,8: wind turbin,
8,wind turbin,8: wind turbin,
8,wind turbin,8: wind turbin,
8,wind turbin,8: wind turbin,
8,wind turbin,8: wind turbin,
8,wind turbin,8: wind turbin,
8,wind turbin,8: wind turbin,
8,wind turbin,8: wind turbin,
8,wind turbin,8: wind turbin,
8,wind turbin,8: wind turbin,
8,wind turbin,8: wind turbin,
8,wind turbin,8: wind turbin,
8,wind turbin,8: wind turbin,
8,wind turbin,8: wind turbin,
8,wind turbin,8: wind turbin,
8,wind turbin,8: wind turbin,
8,wind turbin,8: wind turbin,
8,wind turbin,8: wind turbin,
8,wind turbin,8: wind turbin,
8,wind turbin,8: wind turbin,
8,wind turbin,8: wind turbin,
8,wind turbin,8: wind turbin,
8,wind turbin,8: wind turbin,
8,wind turbin,8: wind turbin,
8,wind turbin,8: wind turbin,
8,wind turbin,8: wind turbin,
8,wind turbin,8: wind turbin,
8,wind turbin,8: wind turbin,
8,wind turbin,8: wind turbin,
8,wind turbin,8: wind turbin,
8,wind turbin,8: wind turbin,
8,wind turbin,8: wind turbin,
8,wind turbin,8: wind turbin,
8,wind turbin,8: wind turbin,
8,wind turbin,8: wind turbin,
8,wind turbin,8: wind turbin,
8,wind turbin,8: wind turbin,
8,wind turbin,8: wind turbin,
8,wind turbin,8: wind turbin,
8,wind turbin,8: wind turbin,
8,wind turbin,8: wind turbin,
8,wind turbin,8: wind turbin,
8,wind turbin,8: wind turbin,
8,wind turbin,8: wind turbin,
8,wind turbin,8: wind turbin,
8,wind turbin,8: wind turbin,
8,wind turbin,8: wind turbin,
8,wind turbin,8: wind turbin,
8,wind turbin,8: wind turbin,
8,wind turbin,8: wind turbin,
8,wind turbin,8: wind turbin,
8,wind turbin,8: wind turbin,
8,wind turbin,8: wind turbin,
8,wind turbin,8: wind turbin,
8,wind turbin,8: wind turbin,
8,wind turbin,8: wind turbin,
8,wind turbin,8: wind turbin,
8,wind turbin,8: wind turbin,
8,wind turbin,8: wind turbin,
8,wind turbin,8: wind turbin,
8,wind turbin,8: wind turbin,
8,wind turbin,8: wind turbin,
8,wind turbin,8: wind turbin,
8,wind turbin,8: wind turbin,
8,wind turbin,8: wind turbin,
8,wind turbin,8: wind turbin,
8,wind turbin,8: wind turbin,
8,wind turbin,8: wind turbin,
8,wind turbin,8: wind turbin,
8,wind turbin,8: wind turbin,
8,wind turbin,8: wind turbin,
8,wind turbin,8: wind turbin,
8,wind turbin,8: wind turbin,
8,wind turbin,8: wind turbin,
8,wind turbin,8: wind turbin,
8,wind turbin,8: wind turbin,
8,wind turbin,8: wind turbin,
8,wind turbin,8: wind turbin,
8,wind turbin,8: wind turbin,
8,wind turbin,8: wind turbin,
8,wind turbin,8: wind turbin,
8,wind turbin,8: wind turbin,
6,energiø bornholm,6: energiø bornholm,
6,energiø bornholm,6: energiø bornholm,
6,energiø bornholm,6: energiø bornholm,
6,energiø bornholm,6: energiø bornholm,
6,energiø bornholm,6: energiø bornholm,
6,energiø bornholm,6: energiø bornholm,
6,energiø bornholm,6: energiø bornholm,
6,energiø bornholm,6: energiø bornholm,
6,energiø bornholm,6: energiø bornholm,
6,energiø bornholm,6: energiø bornholm,
6,energiø bornholm,6: energiø bornholm,
6,energiø bornholm,6: energiø bornholm,
6,energiø bornholm,6: energiø bornholm,
6,energiø bornholm,6: energiø bornholm,
6,energiø bornholm,6: energiø bornholm,
6,energiø bornholm,6: energiø bornholm,
6,energiø bornholm,6: energiø bornholm,
6,energiø bornholm,6: energiø bornholm,
6,energiø bornholm,6: energiø bornholm,
6,energiø bornholm,6: energiø bornholm,
6,energiø bornholm,6: energiø bornholm,
6,energiø bornholm,6: energiø bornholm,
6,energiø bornholm,6: energiø bornholm,
6,energiø bornholm,6: energiø bornholm,
6,energiø bornholm,6: energiø bornholm,
6,energiø bornholm,6: energiø bornholm,
6,energiø bornholm,6: energiø bornholm,
6,energiø bornholm,6: energiø bornholm,
6,energiø bornholm,6: energiø bornholm,
6,energiø bornholm,6: energiø bornholm,
6,energiø bornholm,6: energiø bornholm,
6,energiø bornholm,6: energiø bornholm,
6,energiø bornholm,6: energiø bornholm,
6,energiø bornholm,6: energiø bornholm,
6,energiø bornholm,6: energiø bornholm,
6,energiø bornholm,6: energiø bornholm,
6,energiø bornholm,6: energiø bornholm,
6,energiø bornholm,6: energiø bornholm,
6,energiø bornholm,6: energiø bornholm,
6,energiø bornholm,6: energiø bornholm,
6,energiø bornholm,6: energiø bornholm,
6,energiø bornholm,6: energiø bornholm,
6,energiø bornholm,6: energiø bornholm,
6,energiø bornholm,6: energiø bornholm,
6,energiø bornholm,6: energiø bornholm,
6,energiø bornholm,6: energiø bornholm,
6,energiø bornholm,6: energiø bornholm,
6,energiø bornholm,6: energiø bornholm,
6,energiø bornholm,6: energiø bornholm,
6,energiø bornholm,6: energiø bornholm,
6,energiø bornholm,6: energiø bornholm,
6,energiø bornholm,6: energiø bornholm,
6,energiø bornholm,6: energiø bornholm,
6,energiø bornholm,6: energiø bornholm,
6,energiø bornholm,6: energiø bornholm,
6,energiø bornholm,6: energiø bornholm,
6,energiø bornholm,6: energiø bornholm,
6,energiø bornholm,6: energiø bornholm,
6,energiø bornholm,6: energiø bornholm,
6,energiø bornholm,6: energiø bornholm,
6,energiø bornholm,6: energiø bornholm,
6,energiø bornholm,6: energiø bornholm,
6,energiø bornholm,6: energiø bornholm,
6,energiø bornholm,6: energiø bornholm,
6,energiø bornholm,6: energiø bornholm,
6,energiø bornholm,6: energiø bornholm,
6,energiø bornholm,6: energiø bornholm,
6,energiø bornholm,6: energiø bornholm,
6,energiø bornholm,6: energiø bornholm,
6,energiø bornholm,6: energiø bornholm,
6,energiø bornholm,6: energiø bornholm,
6,energiø bornholm,6: energiø bornholm,
6,energiø bornholm,6: energiø bornholm,
6,energiø bornholm,6: energiø bornholm,
6,energiø bornholm,6: energiø bornholm,
6,energiø bornholm,6: energiø bornholm,
6,energiø bornholm,6: energiø bornholm,
6,energiø bornholm,6: energiø bornholm,
6,energiø bornholm,6: energiø bornholm,
6,energiø bornholm,6: energiø bornholm,
6,energiø bornholm,6: energiø bornholm,
6,energiø bornholm,6: energiø bornholm,
6,energiø bornholm,6: energiø bornholm,
6,energiø bornholm,6: energiø bornholm,
6,energiø bornholm,6: energiø bornholm,
6,energiø bornholm,6: energiø bornholm,
6,energiø bornholm,6: energiø bornholm,
6,energiø bornholm,6: energiø bornholm,
6,energiø bornholm,6: energiø bornholm,
6,energiø bornholm,6: energiø bornholm,
6,energiø bornholm,6: energiø bornholm,
6,energiø bornholm,6: energiø bornholm,
6,energiø bornholm,6: energiø bornholm,
6,energiø bornholm,6: energiø bornholm,
6,energiø bornholm,6: energiø bornholm,
6,energiø bornholm,6: energiø bornholm,
6,energiø bornholm,6: energiø bornholm,
6,energiø bornholm,6: energiø bornholm,
6,energiø bornholm,6: energiø bornholm,
6,energiø bornholm,6: energiø bornholm,
6,energiø bornholm,6: energiø bornholm,
6,energiø bornholm,6: energiø bornholm,
6,energiø bornholm,6: energiø bornholm,
6,energiø bornholm,6: energiø bornholm,
6,energiø bornholm,6: energiø bornholm,
6,energiø bornholm,6: energiø bornholm,
6,energiø bornholm,6: energiø bornholm,
6,energiø bornholm,6: energiø bornholm,
6,energiø bornholm,6: energiø bornholm,
6,energiø bornholm,6: energiø bornholm,
6,energiø bornholm,6: energiø bornholm,
6,energiø bornholm,6: energiø bornholm,
6,energiø bornholm,6: energiø bornholm,
6,energiø bornholm,6: energiø bornholm,
6,energiø bornholm,6: energiø bornholm,
6,energiø bornholm,6: energiø bornholm,
6,energiø bornholm,6: energiø bornholm,
6,energiø bornholm,6: energiø bornholm,
6,energiø bornholm,6: energiø bornholm,
6,energiø bornholm,6: energiø bornholm,
6,energiø bornholm,6: energiø bornholm,
6,energiø bornholm,6: energiø bornholm,
6,energiø bornholm,6: energiø bornholm,
6,energiø bornholm,6: energiø bornholm,
6,energiø bornholm,6: energiø bornholm,
6,energiø bornholm,6: energiø bornholm,
6,energiø bornholm,6: energiø bornholm,
6,energiø bornholm,6: energiø bornholm,
6,energiø bornholm,6: energiø bornholm,
6,energiø bornholm,6: energiø bornholm,
6,energiø bornholm,6: energiø bornholm,
6,energiø bornholm,6: energiø bornholm,
6,energiø bornholm,6: energiø bornholm,
6,energiø bornholm,6: energiø bornholm,
6,energiø bornholm,6: energiø bornholm,
6,energiø bornholm,6: energiø bornholm,
6,energiø bornholm,6: energiø bornholm,
6,energiø bornholm,6: energiø bornholm,
6,energiø bornholm,6: energiø bornholm,
6,energiø bornholm,6: energiø bornholm,
6,energiø bornholm,6: energiø bornholm,
6,energiø bornholm,6: energiø bornholm,
6,energiø bornholm,6: energiø bornholm,
6,energiø bornholm,6: energiø bornholm,
6,energiø bornholm,6: energiø bornholm,
6,energiø bornholm,6: energiø bornholm,
6,energiø bornholm,6: energiø bornholm,
6,energiø bornholm,6: energiø bornholm,
6,energiø bornholm,6: energiø bornholm,
6,energiø bornholm,6: energiø bornholm,
6,energiø bornholm,6: energiø bornholm,
6,energiø bornholm,6: energiø bornholm,
6,energiø bornholm,6: energiø bornholm,
6,energiø bornholm,6: energiø bornholm,
6,energiø bornholm,6: energiø bornholm,
6,energiø bornholm,6: energiø bornholm,
6,energiø bornholm,6: energiø bornholm,
6,energiø bornholm,6: energiø bornholm,
6,energiø bornholm,6: energiø bornholm,
6,energiø bornholm,6: energiø bornholm,
6,energiø bornholm,6: energiø bornholm,
6,energiø bornholm,6: energiø bornholm,
6,energiø bornholm,6: energiø bornholm,
6,energiø bornholm,6: energiø bornholm,
6,energiø bornholm,6: energiø bornholm,
6,energiø bornholm,6: energiø bornholm,
6,energiø bornholm,6: energiø bornholm,
6,energiø bornholm,6: energiø bornholm,
6,energiø bornholm,6: energiø bornholm,
6,energiø bornholm,6: energiø bornholm,
6,energiø bornholm,6: energiø bornholm,
6,energiø bornholm,6: energiø bornholm,
6,energiø bornholm,6: energiø bornholm,
6,energiø bornholm,6: energiø bornholm,
6,energiø bornholm,6: energiø bornholm,
6,energiø bornholm,6: energiø bornholm,
6,energiø bornholm,6: energiø bornholm,
6,energiø bornholm,6: energiø bornholm,
6,energiø bornholm,6: energiø bornholm,
6,energiø bornholm,6: energiø bornholm,
6,energiø bornholm,6: energiø bornholm,
6,energiø bornholm,6: energiø bornholm,
6,energiø bornholm,6: energiø bornholm,
6,energiø bornholm,6: energiø bornholm,
6,energiø bornholm,6: energiø bornholm,
6,energiø bornholm,6: energiø bornholm,
6,energiø bornholm,6: energiø bornholm,
6,energiø bornholm,6: energiø bornholm,
6,energiø bornholm,6: energiø bornholm,
6,energiø bornholm,6: energiø bornholm,
6,energiø bornholm,6: energiø bornholm,
6,energiø bornholm,6: energiø bornholm,
6,energiø bornholm,6: energiø bornholm,
6,energiø bornholm,6: energiø bornholm,
6,energiø bornholm,6: energiø bornholm,
6,energiø bornholm,6: energiø bornholm,
6,energiø bornholm,6: energiø bornholm,
6,energiø bornholm,6: energiø bornholm,
6,energiø bornholm,6: energiø bornholm,
6,energiø bornholm,6: energiø bornholm,
6,energiø bornholm,6: energiø bornholm,
6,energiø bornholm,6: energiø bornholm,
6,energiø bornholm,6: energiø bornholm,
6,energiø bornholm,6: energiø bornholm,
6,energiø bornholm,6: energiø bornholm,
6,energiø bornholm,6: energiø bornholm,
6,energiø bornholm,6: energiø bornholm,
6,energiø bornholm,6: energiø bornholm,
6,energiø bornholm,6: energiø bornholm,
6,energiø bornholm,6: energiø bornholm,
6,energiø bornholm,6: energiø bornholm,
6,energiø bornholm,6: energiø bornholm,
6,energiø bornholm,6: energiø bornholm,
6,energiø bornholm,6: energiø bornholm,
6,energiø bornholm,6: energiø bornholm,
6,energiø bornholm,6: energiø bornholm,
6,energiø bornholm,6: energiø bornholm,
6,energiø bornholm,6: energiø bornholm,
6,energiø bornholm,6: energiø bornholm,
6,energiø bornholm,6: energiø bornholm,
6,energiø bornholm,6: energiø bornholm,
6,energiø bornholm,6: energiø bornholm,
6,energiø bornholm,6: energiø bornholm,
6,energiø bornholm,6: energiø bornholm,
6,energiø bornholm,6: energiø bornholm,
6,energiø bornholm,6: energiø bornholm,
6,energiø bornholm,6: energiø bornholm,
6,energiø bornholm,6: energiø bornholm,
6,energiø bornholm,6: energiø bornholm,
6,energiø bornholm,6: energiø bornholm,
6,energiø bornholm,6: energiø bornholm,
6,energiø bornholm,6: energiø bornholm,
6,energiø bornholm,6: energiø bornholm,
6,energiø bornholm,6: energiø bornholm,
6,energiø bornholm,6: energiø bornholm,
6,energiø bornholm,6: energiø bornholm,
6,energiø bornholm,6: energiø bornholm,
6,energiø bornholm,6: energiø bornholm,
6,energiø bornholm,6: energiø bornholm,
6,energiø bornholm,6: energiø bornholm,
6,energiø bornholm,6: energiø bornholm,
6,energiø bornholm,6: energiø bornholm,
6,energiø bornholm,6: energiø bornholm,
6,energiø bornholm,6: energiø bornholm,
6,energiø bornholm,6: energiø bornholm,
6,energiø bornholm,6: energiø bornholm,
6,energiø bornholm,6: energiø bornholm,
6,energiø bornholm,6: energiø bornholm,
6,energiø bornholm,6: energiø bornholm,
6,energiø bornholm,6: energiø bornholm,
6,energiø bornholm,6: energiø bornholm,
6,energiø bornholm,6: energiø bornholm,
6,energiø bornholm,6: energiø bornholm,
6,energiø bornholm,6: energiø bornholm,
6,energiø bornholm,6: energiø bornholm,
6,energiø bornholm,6: energiø bornholm,
6,energiø bornholm,6: energiø bornholm,
6,energiø bornholm,6: energiø bornholm,
6,energiø bornholm,6: energiø bornholm,
6,energiø bornholm,6: energiø bornholm,
6,energiø bornholm,6: energiø bornholm,
6,energiø bornholm,6: energiø bornholm,
6,energiø bornholm,6: energiø bornholm,
6,energiø bornholm,6: energiø bornholm,
6,energiø bornholm,6: energiø bornholm,
6,energiø bornholm,6: energiø bornholm,
6,energiø bornholm,6: energiø bornholm,
6,energiø bornholm,6: energiø bornholm,
6,energiø bornholm,6: energiø bornholm,
6,energiø bornholm,6: energiø bornholm,
6,energiø bornholm,6: energiø bornholm,
6,energiø bornholm,6: energiø bornholm,
6,energiø bornholm,6: energiø bornholm,
6,energiø bornholm,6: energiø bornholm,
6,energiø bornholm,6: energiø bornholm,
6,energiø bornholm,6: energiø bornholm,
6,energiø bornholm,6: energiø bornholm,
6,energiø bornholm,6: energiø bornholm,
6,energiø bornholm,6: energiø bornholm,
6,energiø bornholm,6: energiø bornholm,
6,energiø bornholm,6: energiø bornholm,
6,energiø bornholm,6: energiø bornholm,
6,energiø bornholm,6: energiø bornholm,
6,energiø bornholm,6: energiø bornholm,
6,energiø bornholm,6: energiø bornholm,
6,energiø bornholm,6: energiø bornholm,
6,energiø bornholm,6: energiø bornholm,
6,energiø bornholm,6: energiø bornholm,
6,energiø bornholm,6: energiø bornholm,
6,energiø bornholm,6: energiø bornholm,
6,energiø bornholm,6: energiø bornholm,
6,energiø bornholm,6: energiø bornholm,
6,energiø bornholm,6: energiø bornholm,
6,energiø bornholm,6: energiø bornholm,
6,energiø bornholm,6: energiø bornholm,
6,energiø bornholm,6: energiø bornholm,
6,energiø bornholm,6: energiø bornholm,
6,energiø bornholm,6: energiø bornholm,
6,energiø bornholm,6: energiø bornholm,
6,energiø bornholm,6: energiø bornholm,
6,energiø bornholm,6: energiø bornholm,
6,energiø bornholm,6: energiø bornholm,
6,energiø bornholm,6: energiø bornholm,
6,energiø bornholm,6: energiø bornholm,
6,energiø bornholm,6: energiø bornholm,
6,energiø bornholm,6: energiø bornholm,
6,energiø bornholm,6: energiø bornholm,
6,energiø bornholm,6: energiø bornholm,
6,energiø bornholm,6: energiø bornholm,
6,energiø bornholm,6: energiø bornholm,
6,energiø bornholm,6: energiø bornholm,
6,energiø bornholm,6: energiø bornholm,
6,energiø bornholm,6: energiø bornholm,
6,energiø bornholm,6: energiø bornholm,
6,energiø bornholm,6: energiø bornholm,
6,energiø bornholm,6: energiø bornholm,
6,energiø bornholm,6: energiø bornholm,
6,energiø bornholm,6: energiø bornholm,
6,energiø bornholm,6: energiø bornholm,
6,energiø bornholm,6: energiø bornholm,
6,energiø bornholm,6: energiø bornholm,
6,energiø bornholm,6: energiø bornholm,
6,energiø bornholm,6: energiø bornholm,
6,energiø bornholm,6: energiø bornholm,
6,energiø bornholm,6: energiø bornholm,
6,energiø bornholm,6: energiø bornholm,
6,energiø bornholm,6: energiø bornholm,
6,energiø bornholm,6: energiø bornholm,
6,energiø bornholm,6: energiø bornholm,
6,energiø bornholm,6: energiø bornholm,
6,energiø bornholm,6: energiø bornholm,
6,energiø bornholm,6: energiø bornholm,
6,energiø bornholm,6: energiø bornholm,
6,energiø bornholm,6: energiø bornholm,
6,energiø bornholm,6: energiø bornholm,
6,energiø bornholm,6: energiø bornholm,
6,energiø bornholm,6: energiø bornholm,
6,energiø bornholm,6: energiø bornholm,
6,energiø bornholm,6: energiø bornholm,
6,energiø bornholm,6: energiø bornholm,
6,energiø bornholm,6: energiø bornholm,
6,energiø bornholm,6: energiø bornholm,
6,energiø bornholm,6: energiø bornholm,
6,energiø bornholm,6: energiø bornholm,
6,energiø bornholm,6: energiø bornholm,
6,energiø bornholm,6: energiø bornholm,
6,energiø bornholm,6: energiø bornholm,
6,energiø bornholm,6: energiø bornholm,
6,energiø bornholm,6: energiø bornholm,
6,energiø bornholm,6: energiø bornholm,
6,energiø bornholm,6: energiø bornholm,
6,energiø bornholm,6: energiø bornholm,
6,energiø bornholm,6: energiø bornholm,
6,energiø bornholm,6: energiø bornholm,
6,energiø bornholm,6: energiø bornholm,
6,energiø bornholm,6: energiø bornholm,
6,energiø bornholm,6: energiø bornholm,
6,energiø bornholm,6: energiø bornholm,
6,energiø bornholm,6: energiø bornholm,
6,energiø bornholm,6: energiø bornholm,
6,energiø bornholm,6: energiø bornholm,
6,energiø bornholm,6: energiø bornholm,
6,energiø bornholm,6: energiø bornholm,
6,energiø bornholm,6: energiø bornholm,
6,energiø bornholm,6: energiø bornholm,
6,energiø bornholm,6: energiø bornholm,
6,energiø bornholm,6: energiø bornholm,
6,energiø bornholm,6: energiø bornholm,
6,energiø bornholm,6: energiø bornholm,
6,energiø bornholm,6: energiø bornholm,
6,energiø bornholm,6: energiø bornholm,
6,energiø bornholm,6: energiø bornholm,
6,energiø bornholm,6: energiø bornholm,
6,energiø bornholm,6: energiø bornholm,
6,energiø bornholm,6: energiø bornholm,
6,energiø bornholm,6: energiø bornholm,
6,energiø bornholm,6: energiø bornholm,
6,energiø bornholm,6: energiø bornholm,
6,energiø bornholm,6: energiø bornholm,
6,energiø bornholm,6: energiø bornholm,
6,energiø bornholm,6: energiø bornholm,
6,energiø bornholm,6: energiø bornholm,
6,energiø bornholm,6: energiø bornholm,
6,energiø bornholm,6: energiø bornholm,
6,energiø bornholm,6: energiø bornholm,
6,energiø bornholm,6: energiø bornholm,
6,energiø bornholm,6: energiø bornholm,
6,energiø bornholm,6: energiø bornholm,
6,energiø bornholm,6: energiø bornholm,
6,energiø bornholm,6: energiø bornholm,
6,energiø bornholm,6: energiø bornholm,
6,energiø bornholm,6: energiø bornholm,
6,energiø bornholm,6: energiø bornholm,
6,energiø bornholm,6: energiø bornholm,
6,energiø bornholm,6: energiø bornholm,
6,energiø bornholm,6: energiø bornholm,
6,energiø bornholm,6: energiø bornholm,
6,energiø bornholm,6: energiø bornholm,
6,energiø bornholm,6: energiø bornholm,
6,energiø bornholm,6: energiø bornholm,
6,energiø bornholm,6: energiø bornholm,
6,energiø bornholm,6: energiø bornholm,
6,energiø bornholm,6: energiø bornholm,
6,energiø bornholm,6: energiø bornholm,
6,energiø bornholm,6: energiø bornholm,
6,energiø bornholm,6: energiø bornholm,
6,energiø bornholm,6: energiø bornholm,
6,energiø bornholm,6: energiø bornholm,
6,energiø bornholm,6: energiø bornholm,
6,energiø bornholm,6: energiø bornholm,
6,energiø bornholm,6: energiø bornholm,
6,energiø bornholm,6: energiø bornholm,
6,energiø bornholm,6: energiø bornholm,
6,energiø bornholm,6: energiø bornholm,
6,energiø bornholm,6: energiø bornholm,
6,energiø bornholm,6: energiø bornholm,
6,energiø bornholm,6: energiø bornholm,
6,energiø bornholm,6: energiø bornholm,
6,energiø bornholm,6: energiø bornholm,
6,energiø bornholm,6: energiø bornholm,
6,energiø bornholm,6: energiø bornholm,
6,energiø bornholm,6: energiø bornholm,
6,energiø bornholm,6: energiø bornholm,
6,energiø bornholm,6: energiø bornholm,
6,energiø bornholm,6: energiø bornholm,
6,energiø bornholm,6: energiø bornholm,
6,energiø bornholm,6: energiø bornholm,
6,energiø bornholm,6: energiø bornholm,
6,energiø bornholm,6: energiø bornholm,
6,energiø bornholm,6: energiø bornholm,
6,energiø bornholm,6: energiø bornholm,
6,energiø bornholm,6: energiø bornholm,
6,energiø bornholm,6: energiø bornholm,
6,energiø bornholm,6: energiø bornholm,
6,energiø bornholm,6: energiø bornholm,
6,energiø bornholm,6: energiø bornholm,
6,energiø bornholm,6: energiø bornholm,
6,energiø bornholm,6: energiø bornholm,
6,energiø bornholm,6: energiø bornholm,
6,energiø bornholm,6: energiø bornholm,
6,energiø bornholm,6: energiø bornholm,
6,energiø bornholm,6: energiø bornholm,
6,energiø bornholm,6: energiø bornholm,
6,energiø bornholm,6: energiø bornholm,
6,energiø bornholm,6: energiø bornholm,
6,energiø bornholm,6: energiø bornholm,
6,energiø bornholm,6: energiø bornholm,
6,energiø bornholm,6: energiø bornholm,
6,energiø bornholm,6: energiø bornholm,
6,energiø bornholm,6: energiø bornholm,
6,energiø bornholm,6: energiø bornholm,
6,energiø bornholm,6: energiø bornholm,
6,energiø bornholm,6: energiø bornholm,
6,energiø bornholm,6: energiø bornholm,
6,energiø bornholm,6: energiø bornholm,
6,energiø bornholm,6: energiø bornholm,
6,energiø bornholm,6: energiø bornholm,
6,energiø bornholm,6: energiø bornholm,
6,energiø bornholm,6: energiø bornholm,
6,energiø bornholm,6: energiø bornholm,
6,energiø bornholm,6: energiø bornholm,
6,energiø bornholm,6: energiø bornholm,
6,energiø bornholm,6: energiø bornholm,
6,energiø bornholm,6: energiø bornholm,
6,energiø bornholm,6: energiø bornholm,
6,energiø bornholm,6: energiø bornholm,
6,energiø bornholm,6: energiø bornholm,
6,energiø bornholm,6: energiø bornholm,
6,energiø bornholm,6: energiø bornholm,
6,energiø bornholm,6: energiø bornholm,
6,energiø bornholm,6: energiø bornholm,
6,energiø bornholm,6: energiø bornholm,
6,energiø bornholm,6: energiø bornholm,
6,energiø bornholm,6: energiø bornholm,
6,energiø bornholm,6: energiø bornholm,
6,energiø bornholm,6: energiø bornholm,
6,energiø bornholm,6: energiø bornholm,
6,energiø bornholm,6: energiø bornholm,
6,energiø bornholm,6: energiø bornholm,
6,energiø bornholm,6: energiø bornholm,
6,energiø bornholm,6: energiø bornholm,
6,energiø bornholm,6: energiø bornholm,
6,energiø bornholm,6: energiø bornholm,
6,energiø bornholm,6: energiø bornholm,
6,energiø bornholm,6: energiø bornholm,
6,energiø bornholm,6: energiø bornholm,
6,energiø bornholm,6: energiø bornholm,
6,energiø bornholm,6: energiø bornholm,
6,energiø bornholm,6: energiø bornholm,
6,energiø bornholm,6: energiø bornholm,
6,energiø bornholm,6: energiø bornholm,
6,energiø bornholm,6: energiø bornholm,
6,energiø bornholm,6: energiø bornholm,
6,energiø bornholm,6: energiø bornholm,
6,energiø bornholm,6: energiø bornholm,
6,energiø bornholm,6: energiø bornholm,
6,energiø bornholm,6: energiø bornholm,
6,energiø bornholm,6: energiø bornholm,
6,energiø bornholm,6: energiø bornholm,
6,energiø bornholm,6: energiø bornholm,
6,energiø bornholm,6: energiø bornholm,
6,energiø bornholm,6: energiø bornholm,
6,energiø bornholm,6: energiø bornholm,
6,energiø bornholm,6: energiø bornholm,
6,energiø bornholm,6: energiø bornholm,
6,energiø bornholm,6: energiø bornholm,
6,energiø bornholm,6: energiø bornholm,
6,energiø bornholm,6: energiø bornholm,
6,energiø bornholm,6: energiø bornholm,
6,energiø bornholm,6: energiø bornholm,
6,energiø bornholm,6: energiø bornholm,
6,energiø bornholm,6: energiø bornholm,
6,energiø bornholm,6: energiø bornholm,
6,energiø bornholm,6: energiø bornholm,
6,energiø bornholm,6: energiø bornholm,
6,energiø bornholm,6: energiø bornholm,
6,energiø bornholm,6: energiø bornholm,
6,energiø bornholm,6: energiø bornholm,
6,energiø bornholm,6: energiø bornholm,
6,energiø bornholm,6: energiø bornholm,
6,energiø bornholm,6: energiø bornholm,
6,energiø bornholm,6: energiø bornholm,
6,energiø bornholm,6: energiø bornholm,
6,energiø bornholm,6: energiø bornholm,
6,energiø bornholm,6: energiø bornholm,
6,energiø bornholm,6: energiø bornholm,
6,energiø bornholm,6: energiø bornholm,
6,energiø bornholm,6: energiø bornholm,
6,energiø bornholm,6: energiø bornholm,
6,energiø bornholm,6: energiø bornholm,
6,energiø bornholm,6: energiø bornholm,
6,energiø bornholm,6: energiø bornholm,
6,energiø bornholm,6: energiø bornholm,
6,energiø bornholm,6: energiø bornholm,
6,energiø bornholm,6: energiø bornholm,
6,energiø bornholm,6: energiø bornholm,
6,energiø bornholm,6: energiø bornholm,
6,energiø bornholm,6: energiø bornholm,
6,energiø bornholm,6: energiø bornholm,
6,energiø bornholm,6: energiø bornholm,
6,energiø bornholm,6: energiø bornholm,
6,energiø bornholm,6: energiø bornholm,
6,energiø bornholm,6: energiø bornholm,
6,energiø bornholm,6: energiø bornholm,
6,energiø bornholm,6: energiø bornholm,
6,energiø bornholm,6: energiø bornholm,
6,energiø bornholm,6: energiø bornholm,
6,energiø bornholm,6: energiø bornholm,
6,energiø bornholm,6: energiø bornholm,
6,energiø bornholm,6: energiø bornholm,
6,energiø bornholm,6: energiø bornholm,
6,energiø bornholm,6: energiø bornholm,
6,energiø bornholm,6: energiø bornholm,
6,energiø bornholm,6: energiø bornholm,
6,energiø bornholm,6: energiø bornholm,
6,energiø bornholm,6: energiø bornholm,
6,energiø bornholm,6: energiø bornholm,
6,energiø bornholm,6: energiø bornholm,
6,energiø bornholm,6: energiø bornholm,
6,energiø bornholm,6: energiø bornholm,
6,energiø bornholm,6: energiø bornholm,
6,energiø bornholm,6: energiø bornholm,
6,energiø bornholm,6: energiø bornholm,
6,energiø bornholm,6: energiø bornholm,
6,energiø bornholm,6: energiø bornholm,
6,energiø bornholm,6: energiø bornholm,
6,energiø bornholm,6: energiø bornholm,
6,energiø bornholm,6: energiø bornholm,
6,energiø bornholm,6: energiø bornholm,
6,energiø bornholm,6: energiø bornholm,
6,energiø bornholm,6: energiø bornholm,
6,energiø bornholm,6: energiø bornholm,
6,energiø bornholm,6: energiø bornholm,
6,energiø bornholm,6: energiø bornholm,
6,energiø bornholm,6: energiø bornholm,
6,energiø bornholm,6: energiø bornholm,
6,energiø bornholm,6: energiø bornholm,
6,energiø bornholm,6: energiø bornholm,
6,energiø bornholm,6: energiø bornholm,
6,energiø bornholm,6: energiø bornholm,
6,energiø bornholm,6: energiø bornholm,
6,energiø bornholm,6: energiø bornholm,
6,energiø bornholm,6: energiø bornholm,
6,energiø bornholm,6: energiø bornholm,
6,energiø bornholm,6: energiø bornholm,
6,energiø bornholm,6: energiø bornholm,
6,energiø bornholm,6: energiø bornholm,
6,energiø bornholm,6: energiø bornholm,
6,energiø bornholm,6: energiø bornholm,
6,energiø bornholm,6: energiø bornholm,
6,energiø bornholm,6: energiø bornholm,
6,energiø bornholm,6: energiø bornholm,
6,energiø bornholm,6: energiø bornholm,
6,energiø bornholm,6: energiø bornholm,
6,energiø bornholm,6: energiø bornholm,
6,energiø bornholm,6: energiø bornholm,
6,energiø bornholm,6: energiø bornholm,
6,energiø bornholm,6: energiø bornholm,
6,energiø bornholm,6: energiø bornholm,
6,energiø bornholm,6: energiø bornholm,
6,energiø bornholm,6: energiø bornholm,
6,energiø bornholm,6: energiø bornholm,
6,energiø bornholm,6: energiø bornholm,
6,energiø bornholm,6: energiø bornholm,
6,energiø bornholm,6: energiø bornholm,
6,energiø bornholm,6: energiø bornholm,
6,energiø bornholm,6: energiø bornholm,
6,energiø bornholm,6: energiø bornholm,
6,energiø bornholm,6: energiø bornholm,
6,energiø bornholm,6: energiø bornholm,
6,energiø bornholm,6: energiø bornholm,
6,energiø bornholm,6: energiø bornholm,
6,energiø bornholm,6: energiø bornholm,
6,energiø bornholm,6: energiø bornholm,
6,energiø bornholm,6: energiø bornholm,
6,energiø bornholm,6: energiø bornholm,
6,energiø bornholm,6: energiø bornholm,
6,energiø bornholm,6: energiø bornholm,
6,energiø bornholm,6: energiø bornholm,
6,energiø bornholm,6: energiø bornholm,
6,energiø bornholm,6: energiø bornholm,
6,energiø bornholm,6: energiø bornholm,
6,energiø bornholm,6: energiø bornholm,
6,energiø bornholm,6: energiø bornholm,
6,energiø bornholm,6: energiø bornholm,
6,energiø bornholm,6: energiø bornholm,
6,energiø bornholm,6: energiø bornholm,
6,energiø bornholm,6: energiø bornholm,
6,energiø bornholm,6: energiø bornholm,
6,energiø bornholm,6: energiø bornholm,
6,energiø bornholm,6: energiø bornholm,
6,energiø bornholm,6: energiø bornholm,
6,energiø bornholm,6: energiø bornholm,
6,energiø bornholm,6: energiø bornholm,
6,energiø bornholm,6: energiø bornholm,
6,energiø bornholm,6: energiø bornholm,
6,energiø bornholm,6: energiø bornholm,
6,energiø bornholm,6: energiø bornholm,
6,energiø bornholm,6: energiø bornholm,
6,energiø bornholm,6: energiø bornholm,
6,energiø bornholm,6: energiø bornholm,
6,energiø bornholm,6: energiø bornholm,
6,energiø bornholm,6: energiø bornholm,
6,energiø bornholm,6: energiø bornholm,
6,energiø bornholm,6: energiø bornholm,
6,energiø bornholm,6: energiø bornholm,
6,energiø bornholm,6: energiø bornholm,
6,energiø bornholm,6: energiø bornholm,
6,energiø bornholm,6: energiø bornholm,
6,energiø bornholm,6: energiø bornholm,
6,energiø bornholm,6: energiø bornholm,
6,energiø bornholm,6: energiø bornholm,
6,energiø bornholm,6: energiø bornholm,
6,energiø bornholm,6: energiø bornholm,
6,energiø bornholm,6: energiø bornholm,
6,energiø bornholm,6: energiø bornholm,
6,energiø bornholm,6: energiø bornholm,
6,energiø bornholm,6: energiø bornholm,
6,energiø bornholm,6: energiø bornholm,
6,energiø bornholm,6: energiø bornholm,
6,energiø bornholm,6: energiø bornholm,
6,energiø bornholm,6: energiø bornholm,
6,energiø bornholm,6: energiø bornholm,
6,energiø bornholm,6: energiø bornholm,
6,energiø bornholm,6: energiø bornholm,
6,energiø bornholm,6: energiø bornholm,
6,energiø bornholm,6: energiø bornholm,
6,energiø bornholm,6: energiø bornholm,
6,energiø bornholm,6: energiø bornholm,
6,energiø bornholm,6: energiø bornholm,
6,energiø bornholm,6: energiø bornholm,
6,energiø bornholm,6: energiø bornholm,
6,energiø bornholm,6: energiø bornholm,
6,energiø bornholm,6: energiø bornholm,
6,energiø bornholm,6: energiø bornholm,
6,energiø bornholm,6: energiø bornholm,
6,energiø bornholm,6: energiø bornholm,
6,energiø bornholm,6: energiø bornholm,
6,energiø bornholm,6: energiø bornholm,
6,energiø bornholm,6: energiø bornholm,
6,energiø bornholm,6: energiø bornholm,
6,energiø bornholm,6: energiø bornholm,
6,energiø bornholm,6: energiø bornholm,
6,energiø bornholm,6: energiø bornholm,
8,wind turbin,8: wind turbin,
8,wind turbin,8: wind turbin,
8,wind turbin,8: wind turbin,
8,wind turbin,8: wind turbin,
8,wind turbin,8: wind turbin,
8,wind turbin,8: wind turbin,
8,wind turbin,8: wind turbin,
8,wind turbin,8: wind turbin,
8,wind turbin,8: wind turbin,
8,wind turbin,8: wind turbin,
8,wind turbin,8: wind turbin,
8,wind turbin,8: wind turbin,
8,wind turbin,8: wind turbin,
8,wind turbin,8: wind turbin,
8,wind turbin,8: wind turbin,
8,wind turbin,8: wind turbin,
8,wind turbin,8: wind turbin,
8,wind turbin,8: wind turbin,
8,wind turbin,8: wind turbin,
8,wind turbin,8: wind turbin,
8,wind turbin,8: wind turbin,
8,wind turbin,8: wind turbin,
8,wind turbin,8: wind turbin,
8,wind turbin,8: wind turbin,
8,wind turbin,8: wind turbin,
8,wind turbin,8: wind turbin,
8,wind turbin,8: wind turbin,
8,wind turbin,8: wind turbin,
8,wind turbin,8: wind turbin,
8,wind turbin,8: wind turbin,
8,wind turbin,8: wind turbin,
8,wind turbin,8: wind turbin,
8,wind turbin,8: wind turbin,
8,wind turbin,8: wind turbin,
8,wind turbin,8: wind turbin,
8,wind turbin,8: wind turbin,
8,wind turbin,8: wind turbin,
8,wind turbin,8: wind turbin,
8,wind turbin,8: wind turbin,
8,wind turbin,8: wind turbin,
8,wind turbin,8: wind turbin,
8,wind turbin,8: wind turbin,
8,wind turbin,8: wind turbin,
8,wind turbin,8: wind turbin,
8,wind turbin,8: wind turbin,
8,wind turbin,8: wind turbin,
8,wind turbin,8: wind turbin,
8,wind turbin,8: wind turbin,
8,wind turbin,8: wind turbin,
8,wind turbin,8: wind turbin,
8,wind turbin,8: wind turbin,
8,wind turbin,8: wind turbin,
8,wind turbin,8: wind turbin,
8,wind turbin,8: wind turbin,
8,wind turbin,8: wind turbin,
8,wind turbin,8: wind turbin,
8,wind turbin,8: wind turbin,
8,wind turbin,8: wind turbin,
8,wind turbin,8: wind turbin,
8,wind turbin,8: wind turbin,
8,wind turbin,8: wind turbin,
8,wind turbin,8: wind turbin,
8,wind turbin,8: wind turbin,
8,wind turbin,8: wind turbin,
8,wind turbin,8: wind turbin,
8,wind turbin,8: wind turbin,
8,wind turbin,8: wind turbin,
8,wind turbin,8: wind turbin,
8,wind turbin,8: wind turbin,
8,wind turbin,8: wind turbin,
8,wind turbin,8: wind turbin,
8,wind turbin,8: wind turbin,
8,wind turbin,8: wind turbin,
8,wind turbin,8: wind turbin,
8,wind turbin,8: wind turbin,
8,wind turbin,8: wind turbin,
8,wind turbin,8: wind turbin,
8,wind turbin,8: wind turbin,
8,wind turbin,8: wind turbin,
8,wind turbin,8: wind turbin,
8,wind turbin,8: wind turbin,
8,wind turbin,8: wind turbin,
8,wind turbin,8: wind turbin,
8,wind turbin,8: wind turbin,
8,wind turbin,8: wind turbin,
8,wind turbin,8: wind turbin,
8,wind turbin,8: wind turbin,
8,wind turbin,8: wind turbin,
8,wind turbin,8: wind turbin,
8,wind turbin,8: wind turbin,
8,wind turbin,8: wind turbin,
8,wind turbin,8: wind turbin,
8,wind turbin,8: wind turbin,
8,wind turbin,8: wind turbin,
8,wind turbin,8: wind turbin,
8,wind turbin,8: wind turbin,
8,wind turbin,8: wind turbin,
8,wind turbin,8: wind turbin,
8,wind turbin,8: wind turbin,
8,wind turbin,8: wind turbin,
8,wind turbin,8: wind turbin,
8,wind turbin,8: wind turbin,
8,wind turbin,8: wind turbin,
8,wind turbin,8: wind turbin,
8,wind turbin,8: wind turbin,
8,wind turbin,8: wind turbin,
8,wind turbin,8: wind turbin,
8,wind turbin,8: wind turbin,
8,wind turbin,8: wind turbin,
8,wind turbin,8: wind turbin,
8,wind turbin,8: wind turbin,
8,wind turbin,8: wind turbin,
8,wind turbin,8: wind turbin,
8,wind turbin,8: wind turbin,
8,wind turbin,8: wind turbin,
8,wind turbin,8: wind turbin,
8,wind turbin,8: wind turbin,
8,wind turbin,8: wind turbin,
8,wind turbin,8: wind turbin,
8,wind turbin,8: wind turbin,
8,wind turbin,8: wind turbin,
8,wind turbin,8: wind turbin,
8,wind turbin,8: wind turbin,
8,wind turbin,8: wind turbin,
8,wind turbin,8: wind turbin,
8,wind turbin,8: wind turbin,
8,wind turbin,8: wind turbin,
8,wind turbin,8: wind turbin,
8,wind turbin,8: wind turbin,
8,wind turbin,8: wind turbin,
4,baltic sea,4: baltic sea,
4,baltic sea,4: baltic sea,
4,baltic sea,4: baltic sea,
4,baltic sea,4: baltic sea,
4,baltic sea,4: baltic sea,
4,baltic sea,4: baltic sea,
4,baltic sea,4: baltic sea,
4,baltic sea,4: baltic sea,
4,baltic sea,4: baltic sea,
4,baltic sea,4: baltic sea,
4,baltic sea,4: baltic sea,
4,baltic sea,4: baltic sea,
4,baltic sea,4: baltic sea,
4,baltic sea,4: baltic sea,
4,baltic sea,4: baltic sea,
4,baltic sea,4: baltic sea,
4,baltic sea,4: baltic sea,
4,baltic sea,4: baltic sea,
4,baltic sea,4: baltic sea,
4,baltic sea,4: baltic sea,
4,baltic sea,4: baltic sea,
4,baltic sea,4: baltic sea,
4,baltic sea,4: baltic sea,
4,baltic sea,4: baltic sea,
4,baltic sea,4: baltic sea,
4,baltic sea,4: baltic sea,
4,baltic sea,4: baltic sea,
4,baltic sea,4: baltic sea,
4,baltic sea,4: baltic sea,
4,baltic sea,4: baltic sea,
4,baltic sea,4: baltic sea,
4,baltic sea,4: baltic sea,
4,baltic sea,4: baltic sea,
4,baltic sea,4: baltic sea,
4,baltic sea,4: baltic sea,
4,baltic sea,4: baltic sea,
4,baltic sea,4: baltic sea,
4,baltic sea,4: baltic sea,
4,baltic sea,4: baltic sea,
4,baltic sea,4: baltic sea,
4,baltic sea,4: baltic sea,
4,baltic sea,4: baltic sea,
4,baltic sea,4: baltic sea,
4,baltic sea,4: baltic sea,
4,baltic sea,4: baltic sea,
4,baltic sea,4: baltic sea,
4,baltic sea,4: baltic sea,
4,baltic sea,4: baltic sea,
4,baltic sea,4: baltic sea,
4,baltic sea,4: baltic sea,
4,baltic sea,4: baltic sea,
4,baltic sea,4: baltic sea,
4,baltic sea,4: baltic sea,
4,baltic sea,4: baltic sea,
4,baltic sea,4: baltic sea,
4,baltic sea,4: baltic sea,
4,baltic sea,4: baltic sea,
4,baltic sea,4: baltic sea,
4,baltic sea,4: baltic sea,
4,baltic sea,4: baltic sea,
4,baltic sea,4: baltic sea,
4,baltic sea,4: baltic sea,
4,baltic sea,4: baltic sea,
4,baltic sea,4: baltic sea,
4,baltic sea,4: baltic sea,
4,baltic sea,4: baltic sea,
4,baltic sea,4: baltic sea,
4,baltic sea,4: baltic sea,
4,baltic sea,4: baltic sea,
4,baltic sea,4: baltic sea,
4,baltic sea,4: baltic sea,
4,baltic sea,4: baltic sea,
4,baltic sea,4: baltic sea,
4,baltic sea,4: baltic sea,
4,baltic sea,4: baltic sea,
4,baltic sea,4: baltic sea,
4,baltic sea,4: baltic sea,
4,baltic sea,4: baltic sea,
4,baltic sea,4: baltic sea,
4,baltic sea,4: baltic sea,
4,baltic sea,4: baltic sea,
4,baltic sea,4: baltic sea,
4,baltic sea,4: baltic sea,
4,baltic sea,4: baltic sea,
4,baltic sea,4: baltic sea,
4,baltic sea,4: baltic sea,
4,baltic sea,4: baltic sea,
4,baltic sea,4: baltic sea,
4,baltic sea,4: baltic sea,
4,baltic sea,4: baltic sea,
4,baltic sea,4: baltic sea,
4,baltic sea,4: baltic sea,
4,baltic sea,4: baltic sea,
4,baltic sea,4: baltic sea,
4,baltic sea,4: baltic sea,
4,baltic sea,4: baltic sea,
4,baltic sea,4: baltic sea,
4,baltic sea,4: baltic sea,
4,baltic sea,4: baltic sea,
4,baltic sea,4: baltic sea,
4,baltic sea,4: baltic sea,
4,baltic sea,4: baltic sea,
4,baltic sea,4: baltic sea,
4,baltic sea,4: baltic sea,
4,baltic sea,4: baltic sea,
4,baltic sea,4: baltic sea,
4,baltic sea,4: baltic sea,
4,baltic sea,4: baltic sea,
4,baltic sea,4: baltic sea,
4,baltic sea,4: baltic sea,
4,baltic sea,4: baltic sea,
4,baltic sea,4: baltic sea,
4,baltic sea,4: baltic sea,
4,baltic sea,4: baltic sea,
4,baltic sea,4: baltic sea,
4,baltic sea,4: baltic sea,
4,baltic sea,4: baltic sea,
4,baltic sea,4: baltic sea,
4,baltic sea,4: baltic sea,
4,baltic sea,4: baltic sea,
4,baltic sea,4: baltic sea,
4,baltic sea,4: baltic sea,
4,baltic sea,4: baltic sea,
4,baltic sea,4: baltic sea,
4,baltic sea,4: baltic sea,
4,baltic sea,4: baltic sea,
4,baltic sea,4: baltic sea,
4,baltic sea,4: baltic sea,
4,baltic sea,4: baltic sea,
4,baltic sea,4: baltic sea,
4,baltic sea,4: baltic sea,
4,baltic sea,4: baltic sea,
4,baltic sea,4: baltic sea,
4,baltic sea,4: baltic sea,
4,baltic sea,4: baltic sea,
4,baltic sea,4: baltic sea,
4,baltic sea,4: baltic sea,
4,baltic sea,4: baltic sea,
2,municip council,2: municip council,
2,municip council,2: municip council,
2,municip council,2: municip council,
2,municip council,2: municip council,
2,municip council,2: municip council,
2,municip council,2: municip council,
2,municip council,2: municip council,
2,municip council,2: municip council,
2,municip council,2: municip council,
2,municip council,2: municip council,
2,municip council,2: municip council,
2,municip council,2: municip council,
2,municip council,2: municip council,
2,municip council,2: municip council,
2,municip council,2: municip council,
2,municip council,2: municip council,
2,municip council,2: municip council,
2,municip council,2: municip council,
2,municip council,2: municip council,
2,municip council,2: municip council,
2,municip council,2: municip council,
2,municip council,2: municip council,
2,municip council,2: municip council,
2,municip council,2: municip council,
2,municip council,2: municip council,
2,municip council,2: municip council,
2,municip council,2: municip council,
2,municip council,2: municip council,
2,municip council,2: municip council,
2,municip council,2: municip council,
2,municip council,2: municip council,
2,municip council,2: municip council,
2,municip council,2: municip council,
2,municip council,2: municip council,
2,municip council,2: municip council,
2,municip council,2: municip council,
2,municip council,2: municip council,
2,municip council,2: municip council,
2,municip council,2: municip council,
2,municip council,2: municip council,
2,municip council,2: municip council,
2,municip council,2: municip council,
2,municip council,2: municip council,
2,municip council,2: municip council,
2,municip council,2: municip council,
2,municip council,2: municip council,
2,municip council,2: municip council,
2,municip council,2: municip council,
2,municip council,2: municip council,
2,municip council,2: municip council,
2,municip council,2: municip council,
2,municip council,2: municip council,
2,municip council,2: municip council,
2,municip council,2: municip council,
2,municip council,2: municip council,
2,municip council,2: municip council,
2,municip council,2: municip council,
2,municip council,2: municip council,
2,municip council,2: municip council,
2,municip council,2: municip council,
2,municip council,2: municip council,
2,municip council,2: municip council,
2,municip council,2: municip council,
2,municip council,2: municip council,
2,municip council,2: municip council,
2,municip council,2: municip council,
2,municip council,2: municip council,
2,municip council,2: municip council,
2,municip council,2: municip council,
2,municip council,2: municip council,
2,municip council,2: municip council,
2,municip council,2: municip council,
2,municip council,2: municip council,
2,municip council,2: municip council,
2,municip council,2: municip council,
2,municip council,2: municip council,
2,municip council,2: municip council,
2,municip council,2: municip council,
2,municip council,2: municip council,
2,municip council,2: municip council,
2,municip council,2: municip council,
2,municip council,2: municip council,
2,municip council,2: municip council,
2,municip council,2: municip council,
2,municip council,2: municip council,
2,municip council,2: municip council,
2,municip council,2: municip council,
2,municip council,2: municip council,
2,municip council,2: municip council,
2,municip council,2: municip council,
2,municip council,2: municip council,
2,municip council,2: municip council,
2,municip council,2: municip council,
2,municip council,2: municip council,
2,municip council,2: municip council,
2,municip council,2: municip council,
2,municip council,2: municip council,
2,municip council,2: municip council,
2,municip council,2: municip council,
2,municip council,2: municip council,
2,municip council,2: municip council,
2,municip council,2: municip council,
2,municip council,2: municip council,
2,municip council,2: municip council,
2,municip council,2: municip council,
2,municip council,2: municip council,
2,municip council,2: municip council,
2,municip council,2: municip council,
2,municip council,2: municip council,
2,municip council,2: municip council,
2,municip council,2: municip council,
2,municip council,2: municip council,
2,municip council,2: municip council,
2,municip council,2: municip council,
2,municip council,2: municip council,
2,municip council,2: municip council,
2,municip council,2: municip council,
2,municip council,2: municip council,
2,municip council,2: municip council,
2,municip council,2: municip council,
2,municip council,2: municip council,
2,municip council,2: municip council,
2,municip council,2: municip council,
2,municip council,2: municip council,
2,municip council,2: municip council,
2,municip council,2: municip council,
2,municip council,2: municip council,
2,municip council,2: municip council,
2,municip council,2: municip council,
2,municip council,2: municip council,
2,municip council,2: municip council,
2,municip council,2: municip council,
2,municip council,2: municip council,
2,municip council,2: municip council,
2,municip council,2: municip council,
2,municip council,2: municip council,
2,municip council,2: municip council,
2,municip council,2: municip council,
2,municip council,2: municip council,
2,municip council,2: municip council,
2,municip council,2: municip council,
2,municip council,2: municip council,
2,municip council,2: municip council,
2,municip council,2: municip council,
2,municip council,2: municip council,
2,municip council,2: municip council,
2,municip council,2: municip council,
2,municip council,2: municip council,
2,municip council,2: municip council,
2,municip council,2: municip council,
2,municip council,2: municip council,
2,municip council,2: municip council,
2,municip council,2: municip council,
2,municip council,2: municip council,
2,municip council,2: municip council,
2,municip council,2: municip council,
6,energiø bornholm,6: energiø bornholm,
6,energiø bornholm,6: energiø bornholm,
6,energiø bornholm,6: energiø bornholm,
6,energiø bornholm,6: energiø bornholm,
6,energiø bornholm,6: energiø bornholm,
6,energiø bornholm,6: energiø bornholm,
6,energiø bornholm,6: energiø bornholm,
6,energiø bornholm,6: energiø bornholm,
6,energiø bornholm,6: energiø bornholm,
6,energiø bornholm,6: energiø bornholm,
6,energiø bornholm,6: energiø bornholm,
6,energiø bornholm,6: energiø bornholm,
6,energiø bornholm,6: energiø bornholm,
6,energiø bornholm,6: energiø bornholm,
6,energiø bornholm,6: energiø bornholm,
6,energiø bornholm,6: energiø bornholm,
6,energiø bornholm,6: energiø bornholm,
6,energiø bornholm,6: energiø bornholm,
6,energiø bornholm,6: energiø bornholm,
6,energiø bornholm,6: energiø bornholm,
6,energiø bornholm,6: energiø bornholm,
6,energiø bornholm,6: energiø bornholm,
6,energiø bornholm,6: energiø bornholm,
6,energiø bornholm,6: energiø bornholm,
6,energiø bornholm,6: energiø bornholm,
6,energiø bornholm,6: energiø bornholm,
6,energiø bornholm,6: energiø bornholm,
6,energiø bornholm,6: energiø bornholm,
6,energiø bornholm,6: energiø bornholm,
6,energiø bornholm,6: energiø bornholm,
6,energiø bornholm,6: energiø bornholm,
6,energiø bornholm,6: energiø bornholm,
6,energiø bornholm,6: energiø bornholm,
6,energiø bornholm,6: energiø bornholm,
6,energiø bornholm,6: energiø bornholm,
6,energiø bornholm,6: energiø bornholm,
6,energiø bornholm,6: energiø bornholm,
6,energiø bornholm,6: energiø bornholm,
6,energiø bornholm,6: energiø bornholm,
6,energiø bornholm,6: energiø bornholm,
6,energiø bornholm,6: energiø bornholm,
6,energiø bornholm,6: energiø bornholm,
6,energiø bornholm,6: energiø bornholm,
6,energiø bornholm,6: energiø bornholm,
6,energiø bornholm,6: energiø bornholm,
6,energiø bornholm,6: energiø bornholm,
6,energiø bornholm,6: energiø bornholm,
6,energiø bornholm,6: energiø bornholm,
6,energiø bornholm,6: energiø bornholm,
6,energiø bornholm,6: energiø bornholm,
6,energiø bornholm,6: energiø bornholm,
6,energiø bornholm,6: energiø bornholm,
6,energiø bornholm,6: energiø bornholm,
6,energiø bornholm,6: energiø bornholm,
6,energiø bornholm,6: energiø bornholm,
6,energiø bornholm,6: energiø bornholm,
6,energiø bornholm,6: energiø bornholm,
6,energiø bornholm,6: energiø bornholm,
6,energiø bornholm,6: energiø bornholm,
6,energiø bornholm,6: energiø bornholm,
6,energiø bornholm,6: energiø bornholm,
6,energiø bornholm,6: energiø bornholm,
6,energiø bornholm,6: energiø bornholm,
6,energiø bornholm,6: energiø bornholm,
6,energiø bornholm,6: energiø bornholm,
6,energiø bornholm,6: energiø bornholm,
6,energiø bornholm,6: energiø bornholm,
6,energiø bornholm,6: energiø bornholm,
6,energiø bornholm,6: energiø bornholm,
6,energiø bornholm,6: energiø bornholm,
6,energiø bornholm,6: energiø bornholm,
6,energiø bornholm,6: energiø bornholm,
6,energiø bornholm,6: energiø bornholm,
6,energiø bornholm,6: energiø bornholm,
6,energiø bornholm,6: energiø bornholm,
6,energiø bornholm,6: energiø bornholm,
6,energiø bornholm,6: energiø bornholm,
6,energiø bornholm,6: energiø bornholm,
6,energiø bornholm,6: energiø bornholm,
6,energiø bornholm,6: energiø bornholm,
6,energiø bornholm,6: energiø bornholm,
6,energiø bornholm,6: energiø bornholm,
6,energiø bornholm,6: energiø bornholm,
6,energiø bornholm,6: energiø bornholm,
6,energiø bornholm,6: energiø bornholm,
6,energiø bornholm,6: energiø bornholm,
6,energiø bornholm,6: energiø bornholm,
6,energiø bornholm,6: energiø bornholm,
6,energiø bornholm,6: energiø bornholm,
6,energiø bornholm,6: energiø bornholm,
6,energiø bornholm,6: energiø bornholm,
6,energiø bornholm,6: energiø bornholm,
6,energiø bornholm,6: energiø bornholm,
6,energiø bornholm,6: energiø bornholm,
6,energiø bornholm,6: energiø bornholm,
6,energiø bornholm,6: energiø bornholm,
6,energiø bornholm,6: energiø bornholm,
6,energiø bornholm,6: energiø bornholm,
6,energiø bornholm,6: energiø bornholm,
6,energiø bornholm,6: energiø bornholm,
6,energiø bornholm,6: energiø bornholm,
6,energiø bornholm,6: energiø bornholm,
6,energiø bornholm,6: energiø bornholm,
6,energiø bornholm,6: energiø bornholm,
6,energiø bornholm,6: energiø bornholm,
6,energiø bornholm,6: energiø bornholm,
6,energiø bornholm,6: energiø bornholm,
6,energiø bornholm,6: energiø bornholm,
6,energiø bornholm,6: energiø bornholm,
6,energiø bornholm,6: energiø bornholm,
6,energiø bornholm,6: energiø bornholm,
6,energiø bornholm,6: energiø bornholm,
6,energiø bornholm,6: energiø bornholm,
6,energiø bornholm,6: energiø bornholm,
6,energiø bornholm,6: energiø bornholm,
6,energiø bornholm,6: energiø bornholm,
6,energiø bornholm,6: energiø bornholm,
6,energiø bornholm,6: energiø bornholm,
6,energiø bornholm,6: energiø bornholm,
6,energiø bornholm,6: energiø bornholm,
6,energiø bornholm,6: energiø bornholm,
6,energiø bornholm,6: energiø bornholm,
6,energiø bornholm,6: energiø bornholm,
6,energiø bornholm,6: energiø bornholm,
6,energiø bornholm,6: energiø bornholm,
6,energiø bornholm,6: energiø bornholm,
6,energiø bornholm,6: energiø bornholm,
6,energiø bornholm,6: energiø bornholm,
6,energiø bornholm,6: energiø bornholm,
6,energiø bornholm,6: energiø bornholm,
6,energiø bornholm,6: energiø bornholm,
6,energiø bornholm,6: energiø bornholm,
6,energiø bornholm,6: energiø bornholm,
6,energiø bornholm,6: energiø bornholm,
6,energiø bornholm,6: energiø bornholm,
6,energiø bornholm,6: energiø bornholm,
6,energiø bornholm,6: energiø bornholm,
6,energiø bornholm,6: energiø bornholm,
6,energiø bornholm,6: energiø bornholm,
6,energiø bornholm,6: energiø bornholm,
6,energiø bornholm,6: energiø bornholm,
6,energiø bornholm,6: energiø bornholm,
6,energiø bornholm,6: energiø bornholm,
6,energiø bornholm,6: energiø bornholm,
6,energiø bornholm,6: energiø bornholm,
6,energiø bornholm,6: energiø bornholm,
6,energiø bornholm,6: energiø bornholm,
6,energiø bornholm,6: energiø bornholm,
6,energiø bornholm,6: energiø bornholm,
6,energiø bornholm,6: energiø bornholm,
6,energiø bornholm,6: energiø bornholm,
6,energiø bornholm,6: energiø bornholm,
6,energiø bornholm,6: energiø bornholm,
6,energiø bornholm,6: energiø bornholm,
6,energiø bornholm,6: energiø bornholm,
6,energiø bornholm,6: energiø bornholm,
6,energiø bornholm,6: energiø bornholm,
6,energiø bornholm,6: energiø bornholm,
6,energiø bornholm,6: energiø bornholm,
6,energiø bornholm,6: energiø bornholm,
6,energiø bornholm,6: energiø bornholm,
6,energiø bornholm,6: energiø bornholm,
6,energiø bornholm,6: energiø bornholm,
6,energiø bornholm,6: energiø bornholm,
6,energiø bornholm,6: energiø bornholm,
6,energiø bornholm,6: energiø bornholm,
6,energiø bornholm,6: energiø bornholm,
6,energiø bornholm,6: energiø bornholm,
6,energiø bornholm,6: energiø bornholm,
6,energiø bornholm,6: energiø bornholm,
6,energiø bornholm,6: energiø bornholm,
3,offshor wind,3: offshor wind,
3,offshor wind,3: offshor wind,
3,offshor wind,3: offshor wind,
3,offshor wind,3: offshor wind,
3,offshor wind,3: offshor wind,
3,offshor wind,3: offshor wind,
3,offshor wind,3: offshor wind,
3,offshor wind,3: offshor wind,
3,offshor wind,3: offshor wind,
3,offshor wind,3: offshor wind,
3,offshor wind,3: offshor wind,
3,offshor wind,3: offshor wind,
3,offshor wind,3: offshor wind,
3,offshor wind,3: offshor wind,
3,offshor wind,3: offshor wind,
3,offshor wind,3: offshor wind,
3,offshor wind,3: offshor wind,
3,offshor wind,3: offshor wind,
3,offshor wind,3: offshor wind,
3,offshor wind,3: offshor wind,
3,offshor wind,3: offshor wind,
3,offshor wind,3: offshor wind,
3,offshor wind,3: offshor wind,
3,offshor wind,3: offshor wind,
3,offshor wind,3: offshor wind,
3,offshor wind,3: offshor wind,
3,offshor wind,3: offshor wind,
3,offshor wind,3: offshor wind,
3,offshor wind,3: offshor wind,
3,offshor wind,3: offshor wind,
3,offshor wind,3: offshor wind,
3,offshor wind,3: offshor wind,
3,offshor wind,3: offshor wind,
3,offshor wind,3: offshor wind,
3,offshor wind,3: offshor wind,
3,offshor wind,3: offshor wind,
3,offshor wind,3: offshor wind,
3,offshor wind,3: offshor wind,
3,offshor wind,3: offshor wind,
3,offshor wind,3: offshor wind,
3,offshor wind,3: offshor wind,
3,offshor wind,3: offshor wind,
3,offshor wind,3: offshor wind,
3,offshor wind,3: offshor wind,
3,offshor wind,3: offshor wind,
3,offshor wind,3: offshor wind,
3,offshor wind,3: offshor wind,
3,offshor wind,3: offshor wind,
3,offshor wind,3: offshor wind,
3,offshor wind,3: offshor wind,
3,offshor wind,3: offshor wind,
3,offshor wind,3: offshor wind,
3,offshor wind,3: offshor wind,
3,offshor wind,3: offshor wind,
3,offshor wind,3: offshor wind,
3,offshor wind,3: offshor wind,
3,offshor wind,3: offshor wind,
3,offshor wind,3: offshor wind,
3,offshor wind,3: offshor wind,
3,offshor wind,3: offshor wind,
3,offshor wind,3: offshor wind,
3,offshor wind,3: offshor wind,
3,offshor wind,3: offshor wind,
3,offshor wind,3: offshor wind,
3,offshor wind,3: offshor wind,
3,offshor wind,3: offshor wind,
3,offshor wind,3: offshor wind,
3,offshor wind,3: offshor wind,
3,offshor wind,3: offshor wind,
3,offshor wind,3: offshor wind,
3,offshor wind,3: offshor wind,
3,offshor wind,3: offshor wind,
3,offshor wind,3: offshor wind,
3,offshor wind,3: offshor wind,
3,offshor wind,3: offshor wind,
3,offshor wind,3: offshor wind,
3,offshor wind,3: offshor wind,
3,offshor wind,3: offshor wind,
3,offshor wind,3: offshor wind,
3,offshor wind,3: offshor wind,
3,offshor wind,3: offshor wind,
3,offshor wind,3: offshor wind,
3,offshor wind,3: offshor wind,
3,offshor wind,3: offshor wind,
3,offshor wind,3: offshor wind,
3,offshor wind,3: offshor wind,
3,offshor wind,3: offshor wind,
3,offshor wind,3: offshor wind,
3,offshor wind,3: offshor wind,
3,offshor wind,3: offshor wind,
3,offshor wind,3: offshor wind,
3,offshor wind,3: offshor wind,
3,offshor wind,3: offshor wind,
3,offshor wind,3: offshor wind,
3,offshor wind,3: offshor wind,
3,offshor wind,3: offshor wind,
3,offshor wind,3: offshor wind,
3,offshor wind,3: offshor wind,
3,offshor wind,3: offshor wind,
3,offshor wind,3: offshor wind,
3,offshor wind,3: offshor wind,
3,offshor wind,3: offshor wind,
3,offshor wind,3: offshor wind,
3,offshor wind,3: offshor wind,
3,offshor wind,3: offshor wind,
3,offshor wind,3: offshor wind,
3,offshor wind,3: offshor wind,
3,offshor wind,3: offshor wind,
3,offshor wind,3: offshor wind,
3,offshor wind,3: offshor wind,
3,offshor wind,3: offshor wind,
3,offshor wind,3: offshor wind,
3,offshor wind,3: offshor wind,
6,energiø bornholm,6: energiø bornholm,
6,energiø bornholm,6: energiø bornholm,
6,energiø bornholm,6: energiø bornholm,
6,energiø bornholm,6: energiø bornholm,
6,energiø bornholm,6: energiø bornholm,
6,energiø bornholm,6: energiø bornholm,
6,energiø bornholm,6: energiø bornholm,
6,energiø bornholm,6: energiø bornholm,
6,energiø bornholm,6: energiø bornholm,
6,energiø bornholm,6: energiø bornholm,
6,energiø bornholm,6: energiø bornholm,
6,energiø bornholm,6: energiø bornholm,
6,energiø bornholm,6: energiø bornholm,
6,energiø bornholm,6: energiø bornholm,
6,energiø bornholm,6: energiø bornholm,
6,energiø bornholm,6: energiø bornholm,
6,energiø bornholm,6: energiø bornholm,
6,energiø bornholm,6: energiø bornholm,
6,energiø bornholm,6: energiø bornholm,
6,energiø bornholm,6: energiø bornholm,
6,energiø bornholm,6: energiø bornholm,
6,energiø bornholm,6: energiø bornholm,
6,energiø bornholm,6: energiø bornholm,
6,energiø bornholm,6: energiø bornholm,
6,energiø bornholm,6: energiø bornholm,
6,energiø bornholm,6: energiø bornholm,
6,energiø bornholm,6: energiø bornholm,
6,energiø bornholm,6: energiø bornholm,
6,energiø bornholm,6: energiø bornholm,
6,energiø bornholm,6: energiø bornholm,
6,energiø bornholm,6: energiø bornholm,
6,energiø bornholm,6: energiø bornholm,
6,energiø bornholm,6: energiø bornholm,
6,energiø bornholm,6: energiø bornholm,
6,energiø bornholm,6: energiø bornholm,
6,energiø bornholm,6: energiø bornholm,
6,energiø bornholm,6: energiø bornholm,
6,energiø bornholm,6: energiø bornholm,
6,energiø bornholm,6: energiø bornholm,
6,energiø bornholm,6: energiø bornholm,
6,energiø bornholm,6: energiø bornholm,
6,energiø bornholm,6: energiø bornholm,
6,energiø bornholm,6: energiø bornholm,
6,energiø bornholm,6: energiø bornholm,
6,energiø bornholm,6: energiø bornholm,
6,energiø bornholm,6: energiø bornholm,
6,energiø bornholm,6: energiø bornholm,
6,energiø bornholm,6: energiø bornholm,
6,energiø bornholm,6: energiø bornholm,
6,energiø bornholm,6: energiø bornholm,
6,energiø bornholm,6: energiø bornholm,
6,energiø bornholm,6: energiø bornholm,
6,energiø bornholm,6: energiø bornholm,
6,energiø bornholm,6: energiø bornholm,
6,energiø bornholm,6: energiø bornholm,
6,energiø bornholm,6: energiø bornholm,
6,energiø bornholm,6: energiø bornholm,
6,energiø bornholm,6: energiø bornholm,
6,energiø bornholm,6: energiø bornholm,
6,energiø bornholm,6: energiø bornholm,
6,energiø bornholm,6: energiø bornholm,
6,energiø bornholm,6: energiø bornholm,
6,energiø bornholm,6: energiø bornholm,
6,energiø bornholm,6: energiø bornholm,
6,energiø bornholm,6: energiø bornholm,
6,energiø bornholm,6: energiø bornholm,
6,energiø bornholm,6: energiø bornholm,
6,energiø bornholm,6: energiø bornholm,
6,energiø bornholm,6: energiø bornholm,
6,energiø bornholm,6: energiø bornholm,
6,energiø bornholm,6: energiø bornholm,
6,energiø bornholm,6: energiø bornholm,
6,energiø bornholm,6: energiø bornholm,
6,energiø bornholm,6: energiø bornholm,
6,energiø bornholm,6: energiø bornholm,
6,energiø bornholm,6: energiø bornholm,
6,energiø bornholm,6: energiø bornholm,
6,energiø bornholm,6: energiø bornholm,
6,energiø bornholm,6: energiø bornholm,
6,energiø bornholm,6: energiø bornholm,
6,energiø bornholm,6: energiø bornholm,
6,energiø bornholm,6: energiø bornholm,
6,energiø bornholm,6: energiø bornholm,
6,energiø bornholm,6: energiø bornholm,
6,energiø bornholm,6: energiø bornholm,
6,energiø bornholm,6: energiø bornholm,
6,energiø bornholm,6: energiø bornholm,
6,energiø bornholm,6: energiø bornholm,
6,energiø bornholm,6: energiø bornholm,
6,energiø bornholm,6: energiø bornholm,
6,energiø bornholm,6: energiø bornholm,
6,energiø bornholm,6: energiø bornholm,
6,energiø bornholm,6: energiø bornholm,
6,energiø bornholm,6: energiø bornholm,
6,energiø bornholm,6: energiø bornholm,
6,energiø bornholm,6: energiø bornholm,
6,energiø bornholm,6: energiø bornholm,
6,energiø bornholm,6: energiø bornholm,
6,energiø bornholm,6: energiø bornholm,
6,energiø bornholm,6: energiø bornholm,
6,energiø bornholm,6: energiø bornholm,
6,energiø bornholm,6: energiø bornholm,
6,energiø bornholm,6: energiø bornholm,
6,energiø bornholm,6: energiø bornholm,
6,energiø bornholm,6: energiø bornholm,
6,energiø bornholm,6: energiø bornholm,
6,energiø bornholm,6: energiø bornholm,
6,energiø bornholm,6: energiø bornholm,
6,energiø bornholm,6: energiø bornholm,
6,energiø bornholm,6: energiø bornholm,
6,energiø bornholm,6: energiø bornholm,
6,energiø bornholm,6: energiø bornholm,
6,energiø bornholm,6: energiø bornholm,
6,energiø bornholm,6: energiø bornholm,
6,energiø bornholm,6: energiø bornholm,
6,energiø bornholm,6: energiø bornholm,
6,energiø bornholm,6: energiø bornholm,
6,energiø bornholm,6: energiø bornholm,
6,energiø bornholm,6: energiø bornholm,
6,energiø bornholm,6: energiø bornholm,
6,energiø bornholm,6: energiø bornholm,
6,energiø bornholm,6: energiø bornholm,
6,energiø bornholm,6: energiø bornholm,
6,energiø bornholm,6: energiø bornholm,
6,energiø bornholm,6: energiø bornholm,
6,energiø bornholm,6: energiø bornholm,
6,energiø bornholm,6: energiø bornholm,
6,energiø bornholm,6: energiø bornholm,
6,energiø bornholm,6: energiø bornholm,
6,energiø bornholm,6: energiø bornholm,
6,energiø bornholm,6: energiø bornholm,
6,energiø bornholm,6: energiø bornholm,
6,energiø bornholm,6: energiø bornholm,
6,energiø bornholm,6: energiø bornholm,
6,energiø bornholm,6: energiø bornholm,
6,energiø bornholm,6: energiø bornholm,
6,energiø bornholm,6: energiø bornholm,
6,energiø bornholm,6: energiø bornholm,
6,energiø bornholm,6: energiø bornholm,
6,energiø bornholm,6: energiø bornholm,
6,energiø bornholm,6: energiø bornholm,
6,energiø bornholm,6: energiø bornholm,
6,energiø bornholm,6: energiø bornholm,
6,energiø bornholm,6: energiø bornholm,
6,energiø bornholm,6: energiø bornholm,
6,energiø bornholm,6: energiø bornholm,
6,energiø bornholm,6: energiø bornholm,
6,energiø bornholm,6: energiø bornholm,
6,energiø bornholm,6: energiø bornholm,
6,energiø bornholm,6: energiø bornholm,
6,energiø bornholm,6: energiø bornholm,
6,energiø bornholm,6: energiø bornholm,
6,energiø bornholm,6: energiø bornholm,
6,energiø bornholm,6: energiø bornholm,
6,energiø bornholm,6: energiø bornholm,
6,energiø bornholm,6: energiø bornholm,
6,energiø bornholm,6: energiø bornholm,
6,energiø bornholm,6: energiø bornholm,
6,energiø bornholm,6: energiø bornholm,
6,energiø bornholm,6: energiø bornholm,
6,energiø bornholm,6: energiø bornholm,
6,energiø bornholm,6: energiø bornholm,
6,energiø bornholm,6: energiø bornholm,
6,energiø bornholm,6: energiø bornholm,
6,energiø bornholm,6: energiø bornholm,
6,energiø bornholm,6: energiø bornholm,
6,energiø bornholm,6: energiø bornholm,
6,energiø bornholm,6: energiø bornholm,
6,energiø bornholm,6: energiø bornholm,
6,energiø bornholm,6: energiø bornholm,
6,energiø bornholm,6: energiø bornholm,
4,baltic sea,4: baltic sea,
4,baltic sea,4: baltic sea,
4,baltic sea,4: baltic sea,
4,baltic sea,4: baltic sea,
4,baltic sea,4: baltic sea,
4,baltic sea,4: baltic sea,
4,baltic sea,4: baltic sea,
4,baltic sea,4: baltic sea,
4,baltic sea,4: baltic sea,
4,baltic sea,4: baltic sea,
4,baltic sea,4: baltic sea,
4,baltic sea,4: baltic sea,
4,baltic sea,4: baltic sea,
4,baltic sea,4: baltic sea,
4,baltic sea,4: baltic sea,
4,baltic sea,4: baltic sea,
4,baltic sea,4: baltic sea,
4,baltic sea,4: baltic sea,
4,baltic sea,4: baltic sea,
4,baltic sea,4: baltic sea,
4,baltic sea,4: baltic sea,
4,baltic sea,4: baltic sea,
4,baltic sea,4: baltic sea,
4,baltic sea,4: baltic sea,
4,baltic sea,4: baltic sea,
4,baltic sea,4: baltic sea,
4,baltic sea,4: baltic sea,
4,baltic sea,4: baltic sea,
4,baltic sea,4: baltic sea,
4,baltic sea,4: baltic sea,
4,baltic sea,4: baltic sea,
4,baltic sea,4: baltic sea,
4,baltic sea,4: baltic sea,
4,baltic sea,4: baltic sea,
4,baltic sea,4: baltic sea,
4,baltic sea,4: baltic sea,
4,baltic sea,4: baltic sea,
4,baltic sea,4: baltic sea,
4,baltic sea,4: baltic sea,
4,baltic sea,4: baltic sea,
4,baltic sea,4: baltic sea,
4,baltic sea,4: baltic sea,
4,baltic sea,4: baltic sea,
4,baltic sea,4: baltic sea,
4,baltic sea,4: baltic sea,
4,baltic sea,4: baltic sea,
4,baltic sea,4: baltic sea,
4,baltic sea,4: baltic sea,
4,baltic sea,4: baltic sea,
4,baltic sea,4: baltic sea,
4,baltic sea,4: baltic sea,
4,baltic sea,4: baltic sea,
4,baltic sea,4: baltic sea,
4,baltic sea,4: baltic sea,
4,baltic sea,4: baltic sea,
4,baltic sea,4: baltic sea,
4,baltic sea,4: baltic sea,
4,baltic sea,4: baltic sea,
4,baltic sea,4: baltic sea,
4,baltic sea,4: baltic sea,
4,baltic sea,4: baltic sea,
4,baltic sea,4: baltic sea,
4,baltic sea,4: baltic sea,
4,baltic sea,4: baltic sea,
4,baltic sea,4: baltic sea,
4,baltic sea,4: baltic sea,
4,baltic sea,4: baltic sea,
4,baltic sea,4: baltic sea,
4,baltic sea,4: baltic sea,
4,baltic sea,4: baltic sea,
4,baltic sea,4: baltic sea,
4,baltic sea,4: baltic sea,
4,baltic sea,4: baltic sea,
4,baltic sea,4: baltic sea,
4,baltic sea,4: baltic sea,
4,baltic sea,4: baltic sea,
4,baltic sea,4: baltic sea,
4,baltic sea,4: baltic sea,
4,baltic sea,4: baltic sea,
4,baltic sea,4: baltic sea,
4,baltic sea,4: baltic sea,
4,baltic sea,4: baltic sea,
4,baltic sea,4: baltic sea,
4,baltic sea,4: baltic sea,
4,baltic sea,4: baltic sea,
4,baltic sea,4: baltic sea,
4,baltic sea,4: baltic sea,
4,baltic sea,4: baltic sea,
4,baltic sea,4: baltic sea,
4,baltic sea,4: baltic sea,
4,baltic sea,4: baltic sea,
4,baltic sea,4: baltic sea,
4,baltic sea,4: baltic sea,
4,baltic sea,4: baltic sea,
4,baltic sea,4: baltic sea,
4,baltic sea,4: baltic sea,
4,baltic sea,4: baltic sea,
4,baltic sea,4: baltic sea,
4,baltic sea,4: baltic sea,
4,baltic sea,4: baltic sea,
4,baltic sea,4: baltic sea,
4,baltic sea,4: baltic sea,
4,baltic sea,4: baltic sea,
4,baltic sea,4: baltic sea,
4,baltic sea,4: baltic sea,
4,baltic sea,4: baltic sea,
4,baltic sea,4: baltic sea,
4,baltic sea,4: baltic sea,
4,baltic sea,4: baltic sea,
4,baltic sea,4: baltic sea,
4,baltic sea,4: baltic sea,
4,baltic sea,4: baltic sea,
4,baltic sea,4: baltic sea,
4,baltic sea,4: baltic sea,
4,baltic sea,4: baltic sea,
4,baltic sea,4: baltic sea,
4,baltic sea,4: baltic sea,
4,baltic sea,4: baltic sea,
4,baltic sea,4: baltic sea,
4,baltic sea,4: baltic sea,
4,baltic sea,4: baltic sea,
4,baltic sea,4: baltic sea,
4,baltic sea,4: baltic sea,
4,baltic sea,4: baltic sea,
4,baltic sea,4: baltic sea,
4,baltic sea,4: baltic sea,
4,baltic sea,4: baltic sea,
4,baltic sea,4: baltic sea,
4,baltic sea,4: baltic sea,
4,baltic sea,4: baltic sea,
4,baltic sea,4: baltic sea,
4,baltic sea,4: baltic sea,
4,baltic sea,4: baltic sea,
4,baltic sea,4: baltic sea,
4,baltic sea,4: baltic sea,
4,baltic sea,4: baltic sea,
4,baltic sea,4: baltic sea,
4,baltic sea,4: baltic sea,
6,energiø bornholm,6: energiø bornholm,
6,energiø bornholm,6: energiø bornholm,
6,energiø bornholm,6: energiø bornholm,
6,energiø bornholm,6: energiø bornholm,
6,energiø bornholm,6: energiø bornholm,
6,energiø bornholm,6: energiø bornholm,
6,energiø bornholm,6: energiø bornholm,
6,energiø bornholm,6: energiø bornholm,
6,energiø bornholm,6: energiø bornholm,
6,energiø bornholm,6: energiø bornholm,
6,energiø bornholm,6: energiø bornholm,
6,energiø bornholm,6: energiø bornholm,
6,energiø bornholm,6: energiø bornholm,
6,energiø bornholm,6: energiø bornholm,
6,energiø bornholm,6: energiø bornholm,
6,energiø bornholm,6: energiø bornholm,
6,energiø bornholm,6: energiø bornholm,
6,energiø bornholm,6: energiø bornholm,
6,energiø bornholm,6: energiø bornholm,
6,energiø bornholm,6: energiø bornholm,
6,energiø bornholm,6: energiø bornholm,
6,energiø bornholm,6: energiø bornholm,
6,energiø bornholm,6: energiø bornholm,
6,energiø bornholm,6: energiø bornholm,
6,energiø bornholm,6: energiø bornholm,
6,energiø bornholm,6: energiø bornholm,
6,energiø bornholm,6: energiø bornholm,
6,energiø bornholm,6: energiø bornholm,
6,energiø bornholm,6: energiø bornholm,
6,energiø bornholm,6: energiø bornholm,
6,energiø bornholm,6: energiø bornholm,
6,energiø bornholm,6: energiø bornholm,
6,energiø bornholm,6: energiø bornholm,
6,energiø bornholm,6: energiø bornholm,
6,energiø bornholm,6: energiø bornholm,
6,energiø bornholm,6: energiø bornholm,
6,energiø bornholm,6: energiø bornholm,
6,energiø bornholm,6: energiø bornholm,
6,energiø bornholm,6: energiø bornholm,
6,energiø bornholm,6: energiø bornholm,
6,energiø bornholm,6: energiø bornholm,
6,energiø bornholm,6: energiø bornholm,
6,energiø bornholm,6: energiø bornholm,
6,energiø bornholm,6: energiø bornholm,
6,energiø bornholm,6: energiø bornholm,
6,energiø bornholm,6: energiø bornholm,
6,energiø bornholm,6: energiø bornholm,
6,energiø bornholm,6: energiø bornholm,
6,energiø bornholm,6: energiø bornholm,
6,energiø bornholm,6: energiø bornholm,
6,energiø bornholm,6: energiø bornholm,
6,energiø bornholm,6: energiø bornholm,
6,energiø bornholm,6: energiø bornholm,
6,energiø bornholm,6: energiø bornholm,
6,energiø bornholm,6: energiø bornholm,
6,energiø bornholm,6: energiø bornholm,
6,energiø bornholm,6: energiø bornholm,
6,energiø bornholm,6: energiø bornholm,
6,energiø bornholm,6: energiø bornholm,
6,energiø bornholm,6: energiø bornholm,
6,energiø bornholm,6: energiø bornholm,
6,energiø bornholm,6: energiø bornholm,
6,energiø bornholm,6: energiø bornholm,
6,energiø bornholm,6: energiø bornholm,
6,energiø bornholm,6: energiø bornholm,
6,energiø bornholm,6: energiø bornholm,
6,energiø bornholm,6: energiø bornholm,
6,energiø bornholm,6: energiø bornholm,
6,energiø bornholm,6: energiø bornholm,
6,energiø bornholm,6: energiø bornholm,
6,energiø bornholm,6: energiø bornholm,
6,energiø bornholm,6: energiø bornholm,
6,energiø bornholm,6: energiø bornholm,
6,energiø bornholm,6: energiø bornholm,
6,energiø bornholm,6: energiø bornholm,
6,energiø bornholm,6: energiø bornholm,
6,energiø bornholm,6: energiø bornholm,
6,energiø bornholm,6: energiø bornholm,
6,energiø bornholm,6: energiø bornholm,
6,energiø bornholm,6: energiø bornholm,
6,energiø bornholm,6: energiø bornholm,
6,energiø bornholm,6: energiø bornholm,
6,energiø bornholm,6: energiø bornholm,
6,energiø bornholm,6: energiø bornholm,
6,energiø bornholm,6: energiø bornholm,
6,energiø bornholm,6: energiø bornholm,
6,energiø bornholm,6: energiø bornholm,
6,energiø bornholm,6: energiø bornholm,
6,energiø bornholm,6: energiø bornholm,
6,energiø bornholm,6: energiø bornholm,
6,energiø bornholm,6: energiø bornholm,
6,energiø bornholm,6: energiø bornholm,
6,energiø bornholm,6: energiø bornholm,
6,energiø bornholm,6: energiø bornholm,
6,energiø bornholm,6: energiø bornholm,
6,energiø bornholm,6: energiø bornholm,
6,energiø bornholm,6: energiø bornholm,
6,energiø bornholm,6: energiø bornholm,
6,energiø bornholm,6: energiø bornholm,
6,energiø bornholm,6: energiø bornholm,
6,energiø bornholm,6: energiø bornholm,
6,energiø bornholm,6: energiø bornholm,
6,energiø bornholm,6: energiø bornholm,
6,energiø bornholm,6: energiø bornholm,
6,energiø bornholm,6: energiø bornholm,
6,energiø bornholm,6: energiø bornholm,
6,energiø bornholm,6: energiø bornholm,
6,energiø bornholm,6: energiø bornholm,
6,energiø bornholm,6: energiø bornholm,
6,energiø bornholm,6: energiø bornholm,
6,energiø bornholm,6: energiø bornholm,
6,energiø bornholm,6: energiø bornholm,
6,energiø bornholm,6: energiø bornholm,
6,energiø bornholm,6: energiø bornholm,
6,energiø bornholm,6: energiø bornholm,
6,energiø bornholm,6: energiø bornholm,
6,energiø bornholm,6: energiø bornholm,
6,energiø bornholm,6: energiø bornholm,
6,energiø bornholm,6: energiø bornholm,
6,energiø bornholm,6: energiø bornholm,
6,energiø bornholm,6: energiø bornholm,
6,energiø bornholm,6: energiø bornholm,
6,energiø bornholm,6: energiø bornholm,
6,energiø bornholm,6: energiø bornholm,
6,energiø bornholm,6: energiø bornholm,
6,energiø bornholm,6: energiø bornholm,
6,energiø bornholm,6: energiø bornholm,
6,energiø bornholm,6: energiø bornholm,
6,energiø bornholm,6: energiø bornholm,
6,energiø bornholm,6: energiø bornholm,
6,energiø bornholm,6: energiø bornholm,
6,energiø bornholm,6: energiø bornholm,
6,energiø bornholm,6: energiø bornholm,
6,energiø bornholm,6: energiø bornholm,
6,energiø bornholm,6: energiø bornholm,
6,energiø bornholm,6: energiø bornholm,
6,energiø bornholm,6: energiø bornholm,
6,energiø bornholm,6: energiø bornholm,
6,energiø bornholm,6: energiø bornholm,
6,energiø bornholm,6: energiø bornholm,
6,energiø bornholm,6: energiø bornholm,
6,energiø bornholm,6: energiø bornholm,
6,energiø bornholm,6: energiø bornholm,
6,energiø bornholm,6: energiø bornholm,
6,energiø bornholm,6: energiø bornholm,
6,energiø bornholm,6: energiø bornholm,
6,energiø bornholm,6: energiø bornholm,
6,energiø bornholm,6: energiø bornholm,
6,energiø bornholm,6: energiø bornholm,
6,energiø bornholm,6: energiø bornholm,
6,energiø bornholm,6: energiø bornholm,
6,energiø bornholm,6: energiø bornholm,
6,energiø bornholm,6: energiø bornholm,
6,energiø bornholm,6: energiø bornholm,
6,energiø bornholm,6: energiø bornholm,
6,energiø bornholm,6: energiø bornholm,
6,energiø bornholm,6: energiø bornholm,
6,energiø bornholm,6: energiø bornholm,
6,energiø bornholm,6: energiø bornholm,
6,energiø bornholm,6: energiø bornholm,
6,energiø bornholm,6: energiø bornholm,
6,energiø bornholm,6: energiø bornholm,
6,energiø bornholm,6: energiø bornholm,
6,energiø bornholm,6: energiø bornholm,
6,energiø bornholm,6: energiø bornholm,
6,energiø bornholm,6: energiø bornholm,
6,energiø bornholm,6: energiø bornholm,
6,energiø bornholm,6: energiø bornholm,
6,energiø bornholm,6: energiø bornholm,
6,energiø bornholm,6: energiø bornholm,
6,energiø bornholm,6: energiø bornholm,
8,wind turbin,8: wind turbin,
8,wind turbin,8: wind turbin,
8,wind turbin,8: wind turbin,
8,wind turbin,8: wind turbin,
8,wind turbin,8: wind turbin,
8,wind turbin,8: wind turbin,
8,wind turbin,8: wind turbin,
8,wind turbin,8: wind turbin,
8,wind turbin,8: wind turbin,
8,wind turbin,8: wind turbin,
8,wind turbin,8: wind turbin,
8,wind turbin,8: wind turbin,
8,wind turbin,8: wind turbin,
8,wind turbin,8: wind turbin,
8,wind turbin,8: wind turbin,
8,wind turbin,8: wind turbin,
8,wind turbin,8: wind turbin,
8,wind turbin,8: wind turbin,
8,wind turbin,8: wind turbin,
8,wind turbin,8: wind turbin,
8,wind turbin,8: wind turbin,
8,wind turbin,8: wind turbin,
8,wind turbin,8: wind turbin,
8,wind turbin,8: wind turbin,
8,wind turbin,8: wind turbin,
8,wind turbin,8: wind turbin,
8,wind turbin,8: wind turbin,
8,wind turbin,8: wind turbin,
8,wind turbin,8: wind turbin,
8,wind turbin,8: wind turbin,
8,wind turbin,8: wind turbin,
8,wind turbin,8: wind turbin,
8,wind turbin,8: wind turbin,
8,wind turbin,8: wind turbin,
8,wind turbin,8: wind turbin,
8,wind turbin,8: wind turbin,
8,wind turbin,8: wind turbin,
8,wind turbin,8: wind turbin,
8,wind turbin,8: wind turbin,
8,wind turbin,8: wind turbin,
8,wind turbin,8: wind turbin,
8,wind turbin,8: wind turbin,
8,wind turbin,8: wind turbin,
8,wind turbin,8: wind turbin,
8,wind turbin,8: wind turbin,
8,wind turbin,8: wind turbin,
8,wind turbin,8: wind turbin,
8,wind turbin,8: wind turbin,
8,wind turbin,8: wind turbin,
8,wind turbin,8: wind turbin,
8,wind turbin,8: wind turbin,
8,wind turbin,8: wind turbin,
8,wind turbin,8: wind turbin,
8,wind turbin,8: wind turbin,
8,wind turbin,8: wind turbin,
8,wind turbin,8: wind turbin,
8,wind turbin,8: wind turbin,
8,wind turbin,8: wind turbin,
8,wind turbin,8: wind turbin,
8,wind turbin,8: wind turbin,
8,wind turbin,8: wind turbin,
8,wind turbin,8: wind turbin,
8,wind turbin,8: wind turbin,
8,wind turbin,8: wind turbin,
8,wind turbin,8: wind turbin,
8,wind turbin,8: wind turbin,
8,wind turbin,8: wind turbin,
8,wind turbin,8: wind turbin,
8,wind turbin,8: wind turbin,
8,wind turbin,8: wind turbin,
8,wind turbin,8: wind turbin,
8,wind turbin,8: wind turbin,
8,wind turbin,8: wind turbin,
8,wind turbin,8: wind turbin,
8,wind turbin,8: wind turbin,
8,wind turbin,8: wind turbin,
8,wind turbin,8: wind turbin,
8,wind turbin,8: wind turbin,
8,wind turbin,8: wind turbin,
8,wind turbin,8: wind turbin,
8,wind turbin,8: wind turbin,
8,wind turbin,8: wind turbin,
8,wind turbin,8: wind turbin,
8,wind turbin,8: wind turbin,
8,wind turbin,8: wind turbin,
8,wind turbin,8: wind turbin,
8,wind turbin,8: wind turbin,
8,wind turbin,8: wind turbin,
8,wind turbin,8: wind turbin,
8,wind turbin,8: wind turbin,
8,wind turbin,8: wind turbin,
8,wind turbin,8: wind turbin,
8,wind turbin,8: wind turbin,
8,wind turbin,8: wind turbin,
8,wind turbin,8: wind turbin,
8,wind turbin,8: wind turbin,
8,wind turbin,8: wind turbin,
8,wind turbin,8: wind turbin,
8,wind turbin,8: wind turbin,
8,wind turbin,8: wind turbin,
8,wind turbin,8: wind turbin,
8,wind turbin,8: wind turbin,
8,wind turbin,8: wind turbin,
8,wind turbin,8: wind turbin,
8,wind turbin,8: wind turbin,
8,wind turbin,8: wind turbin,
8,wind turbin,8: wind turbin,
8,wind turbin,8: wind turbin,
8,wind turbin,8: wind turbin,
8,wind turbin,8: wind turbin,
8,wind turbin,8: wind turbin,
8,wind turbin,8: wind turbin,
8,wind turbin,8: wind turbin,
8,wind turbin,8: wind turbin,
8,wind turbin,8: wind turbin,
8,wind turbin,8: wind turbin,
8,wind turbin,8: wind turbin,
8,wind turbin,8: wind turbin,
8,wind turbin,8: wind turbin,
8,wind turbin,8: wind turbin,
8,wind turbin,8: wind turbin,
8,wind turbin,8: wind turbin,
8,wind turbin,8: wind turbin,
8,wind turbin,8: wind turbin,
8,wind turbin,8: wind turbin,
8,wind turbin,8: wind turbin,
8,wind turbin,8: wind turbin,
8,wind turbin,8: wind turbin,
8,wind turbin,8: wind turbin,
8,wind turbin,8: wind turbin,
8,wind turbin,8: wind turbin,
8,wind turbin,8: wind turbin,
8,wind turbin,8: wind turbin,
8,wind turbin,8: wind turbin,
8,wind turbin,8: wind turbin,
8,wind turbin,8: wind turbin,
8,wind turbin,8: wind turbin,
8,wind turbin,8: wind turbin,
8,wind turbin,8: wind turbin,
8,wind turbin,8: wind turbin,
8,wind turbin,8: wind turbin,
8,wind turbin,8: wind turbin,
8,wind turbin,8: wind turbin,
8,wind turbin,8: wind turbin,
8,wind turbin,8: wind turbin,
8,wind turbin,8: wind turbin,
8,wind turbin,8: wind turbin,
8,wind turbin,8: wind turbin,
8,wind turbin,8: wind turbin,
8,wind turbin,8: wind turbin,
8,wind turbin,8: wind turbin,
8,wind turbin,8: wind turbin,
8,wind turbin,8: wind turbin,
8,wind turbin,8: wind turbin,
8,wind turbin,8: wind turbin,
8,wind turbin,8: wind turbin,
8,wind turbin,8: wind turbin,
8,wind turbin,8: wind turbin,
8,wind turbin,8: wind turbin,
8,wind turbin,8: wind turbin,
8,wind turbin,8: wind turbin,
8,wind turbin,8: wind turbin,
8,wind turbin,8: wind turbin,
8,wind turbin,8: wind turbin,
8,wind turbin,8: wind turbin,
8,wind turbin,8: wind turbin,
8,wind turbin,8: wind turbin,
8,wind turbin,8: wind turbin,
8,wind turbin,8: wind turbin,
8,wind turbin,8: wind turbin,
8,wind turbin,8: wind turbin,
8,wind turbin,8: wind turbin,
8,wind turbin,8: wind turbin,
8,wind turbin,8: wind turbin,
8,wind turbin,8: wind turbin,
8,wind turbin,8: wind turbin,
8,wind turbin,8: wind turbin,
8,wind turbin,8: wind turbin,
8,wind turbin,8: wind turbin,
8,wind turbin,8: wind turbin,
8,wind turbin,8: wind turbin,
8,wind turbin,8: wind turbin,
8,wind turbin,8: wind turbin,
8,wind turbin,8: wind turbin,
8,wind turbin,8: wind turbin,
8,wind turbin,8: wind turbin,
8,wind turbin,8: wind turbin,
8,wind turbin,8: wind turbin,
8,wind turbin,8: wind turbin,
8,wind turbin,8: wind turbin,
8,wind turbin,8: wind turbin,
8,wind turbin,8: wind turbin,
8,wind turbin,8: wind turbin,
8,wind turbin,8: wind turbin,
8,wind turbin,8: wind turbin,
8,wind turbin,8: wind turbin,
8,wind turbin,8: wind turbin,
8,wind turbin,8: wind turbin,
8,wind turbin,8: wind turbin,
8,wind turbin,8: wind turbin,
8,wind turbin,8: wind turbin,
8,wind turbin,8: wind turbin,
8,wind turbin,8: wind turbin,
8,wind turbin,8: wind turbin,
8,wind turbin,8: wind turbin,
8,wind turbin,8: wind turbin,
8,wind turbin,8: wind turbin,
8,wind turbin,8: wind turbin,
8,wind turbin,8: wind turbin,
8,wind turbin,8: wind turbin,
8,wind turbin,8: wind turbin,
8,wind turbin,8: wind turbin,
8,wind turbin,8: wind turbin,
8,wind turbin,8: wind turbin,
8,wind turbin,8: wind turbin,
8,wind turbin,8: wind turbin,
8,wind turbin,8: wind turbin,
8,wind turbin,8: wind turbin,
8,wind turbin,8: wind turbin,
8,wind turbin,8: wind turbin,
8,wind turbin,8: wind turbin,
8,wind turbin,8: wind turbin,
8,wind turbin,8: wind turbin,
8,wind turbin,8: wind turbin,
8,wind turbin,8: wind turbin,
8,wind turbin,8: wind turbin,
8,wind turbin,8: wind turbin,
8,wind turbin,8: wind turbin,
8,wind turbin,8: wind turbin,
8,wind turbin,8: wind turbin,
8,wind turbin,8: wind turbin,
8,wind turbin,8: wind turbin,
8,wind turbin,8: wind turbin,
8,wind turbin,8: wind turbin,
8,wind turbin,8: wind turbin,
8,wind turbin,8: wind turbin,
8,wind turbin,8: wind turbin,
8,wind turbin,8: wind turbin,
8,wind turbin,8: wind turbin,
8,wind turbin,8: wind turbin,
8,wind turbin,8: wind turbin,
8,wind turbin,8: wind turbin,
8,wind turbin,8: wind turbin,
8,wind turbin,8: wind turbin,
8,wind turbin,8: wind turbin,
8,wind turbin,8: wind turbin,
8,wind turbin,8: wind turbin,
8,wind turbin,8: wind turbin,
8,wind turbin,8: wind turbin,
8,wind turbin,8: wind turbin,
8,wind turbin,8: wind turbin,
8,wind turbin,8: wind turbin,
8,wind turbin,8: wind turbin,
8,wind turbin,8: wind turbin,
8,wind turbin,8: wind turbin,
8,wind turbin,8: wind turbin,
8,wind turbin,8: wind turbin,
8,wind turbin,8: wind turbin,
8,wind turbin,8: wind turbin,
8,wind turbin,8: wind turbin,
8,wind turbin,8: wind turbin,
8,wind turbin,8: wind turbin,
8,wind turbin,8: wind turbin,
8,wind turbin,8: wind turbin,
8,wind turbin,8: wind turbin,
8,wind turbin,8: wind turbin,
8,wind turbin,8: wind turbin,
8,wind turbin,8: wind turbin,
8,wind turbin,8: wind turbin,
8,wind turbin,8: wind turbin,
8,wind turbin,8: wind turbin,
8,wind turbin,8: wind turbin,
8,wind turbin,8: wind turbin,
8,wind turbin,8: wind turbin,
8,wind turbin,8: wind turbin,
8,wind turbin,8: wind turbin,
8,wind turbin,8: wind turbin,
8,wind turbin,8: wind turbin,
8,wind turbin,8: wind turbin,
8,wind turbin,8: wind turbin,
8,wind turbin,8: wind turbin,
8,wind turbin,8: wind turbin,
8,wind turbin,8: wind turbin,
8,wind turbin,8: wind turbin,
8,wind turbin,8: wind turbin,
8,wind turbin,8: wind turbin,
8,wind turbin,8: wind turbin,
8,wind turbin,8: wind turbin,
8,wind turbin,8: wind turbin,
8,wind turbin,8: wind turbin,
8,wind turbin,8: wind turbin,
8,wind turbin,8: wind turbin,
8,wind turbin,8: wind turbin,
8,wind turbin,8: wind turbin,
8,wind turbin,8: wind turbin,
8,wind turbin,8: wind turbin,
8,wind turbin,8: wind turbin,
8,wind turbin,8: wind turbin,
8,wind turbin,8: wind turbin,
8,wind turbin,8: wind turbin,
8,wind turbin,8: wind turbin,
8,wind turbin,8: wind turbin,
8,wind turbin,8: wind turbin,
8,wind turbin,8: wind turbin,
8,wind turbin,8: wind turbin,
8,wind turbin,8: wind turbin,
8,wind turbin,8: wind turbin,
8,wind turbin,8: wind turbin,
8,wind turbin,8: wind turbin,
8,wind turbin,8: wind turbin,
8,wind turbin,8: wind turbin,
8,wind turbin,8: wind turbin,
8,wind turbin,8: wind turbin,
8,wind turbin,8: wind turbin,
8,wind turbin,8: wind turbin,
8,wind turbin,8: wind turbin,
8,wind turbin,8: wind turbin,
8,wind turbin,8: wind turbin,
8,wind turbin,8: wind turbin,
8,wind turbin,8: wind turbin,
8,wind turbin,8: wind turbin,
8,wind turbin,8: wind turbin,
8,wind turbin,8: wind turbin,
8,wind turbin,8: wind turbin,
8,wind turbin,8: wind turbin,
8,wind turbin,8: wind turbin,
8,wind turbin,8: wind turbin,
8,wind turbin,8: wind turbin,
8,wind turbin,8: wind turbin,
8,wind turbin,8: wind turbin,
8,wind turbin,8: wind turbin,
8,wind turbin,8: wind turbin,
8,wind turbin,8: wind turbin,
8,wind turbin,8: wind turbin,
8,wind turbin,8: wind turbin,
8,wind turbin,8: wind turbin,
8,wind turbin,8: wind turbin,
8,wind turbin,8: wind turbin,
8,wind turbin,8: wind turbin,
8,wind turbin,8: wind turbin,
8,wind turbin,8: wind turbin,
8,wind turbin,8: wind turbin,
8,wind turbin,8: wind turbin,
8,wind turbin,8: wind turbin,
8,wind turbin,8: wind turbin,
8,wind turbin,8: wind turbin,
8,wind turbin,8: wind turbin,
8,wind turbin,8: wind turbin,
8,wind turbin,8: wind turbin,
8,wind turbin,8: wind turbin,
8,wind turbin,8: wind turbin,
8,wind turbin,8: wind turbin,
8,wind turbin,8: wind turbin,
8,wind turbin,8: wind turbin,
8,wind turbin,8: wind turbin,
8,wind turbin,8: wind turbin,
8,wind turbin,8: wind turbin,
8,wind turbin,8: wind turbin,
8,wind turbin,8: wind turbin,
8,wind turbin,8: wind turbin,
8,wind turbin,8: wind turbin,
8,wind turbin,8: wind turbin,
8,wind turbin,8: wind turbin,
8,wind turbin,8: wind turbin,
8,wind turbin,8: wind turbin,
8,wind turbin,8: wind turbin,
8,wind turbin,8: wind turbin,
8,wind turbin,8: wind turbin,
8,wind turbin,8: wind turbin,
8,wind turbin,8: wind turbin,
8,wind turbin,8: wind turbin,
8,wind turbin,8: wind turbin,
8,wind turbin,8: wind turbin,
8,wind turbin,8: wind turbin,
8,wind turbin,8: wind turbin,
8,wind turbin,8: wind turbin,
8,wind turbin,8: wind turbin,
8,wind turbin,8: wind turbin,
8,wind turbin,8: wind turbin,
8,wind turbin,8: wind turbin,
8,wind turbin,8: wind turbin,
8,wind turbin,8: wind turbin,
8,wind turbin,8: wind turbin,
8,wind turbin,8: wind turbin,
8,wind turbin,8: wind turbin,
8,wind turbin,8: wind turbin,
8,wind turbin,8: wind turbin,
8,wind turbin,8: wind turbin,
8,wind turbin,8: wind turbin,
8,wind turbin,8: wind turbin,
8,wind turbin,8: wind turbin,
8,wind turbin,8: wind turbin,
8,wind turbin,8: wind turbin,
8,wind turbin,8: wind turbin,
8,wind turbin,8: wind turbin,
8,wind turbin,8: wind turbin,
8,wind turbin,8: wind turbin,
8,wind turbin,8: wind turbin,
8,wind turbin,8: wind turbin,
8,wind turbin,8: wind turbin,
8,wind turbin,8: wind turbin,
8,wind turbin,8: wind turbin,
8,wind turbin,8: wind turbin,
8,wind turbin,8: wind turbin,
8,wind turbin,8: wind turbin,
8,wind turbin,8: wind turbin,
8,wind turbin,8: wind turbin,
8,wind turbin,8: wind turbin,
8,wind turbin,8: wind turbin,
8,wind turbin,8: wind turbin,
8,wind turbin,8: wind turbin,
8,wind turbin,8: wind turbin,
8,wind turbin,8: wind turbin,
8,wind turbin,8: wind turbin,
8,wind turbin,8: wind turbin,
8,wind turbin,8: wind turbin,
8,wind turbin,8: wind turbin,
8,wind turbin,8: wind turbin,
8,wind turbin,8: wind turbin,
8,wind turbin,8: wind turbin,
8,wind turbin,8: wind turbin,
8,wind turbin,8: wind turbin,
8,wind turbin,8: wind turbin,
8,wind turbin,8: wind turbin,
8,wind turbin,8: wind turbin,
8,wind turbin,8: wind turbin,
8,wind turbin,8: wind turbin,
8,wind turbin,8: wind turbin,
8,wind turbin,8: wind turbin,
8,wind turbin,8: wind turbin,
8,wind turbin,8: wind turbin,
8,wind turbin,8: wind turbin,
8,wind turbin,8: wind turbin,
8,wind turbin,8: wind turbin,
8,wind turbin,8: wind turbin,
8,wind turbin,8: wind turbin,
8,wind turbin,8: wind turbin,
8,wind turbin,8: wind turbin,
8,wind turbin,8: wind turbin,
8,wind turbin,8: wind turbin,
8,wind turbin,8: wind turbin,
8,wind turbin,8: wind turbin,
8,wind turbin,8: wind turbin,
8,wind turbin,8: wind turbin,
8,wind turbin,8: wind turbin,
8,wind turbin,8: wind turbin,
8,wind turbin,8: wind turbin,
8,wind turbin,8: wind turbin,
8,wind turbin,8: wind turbin,
8,wind turbin,8: wind turbin,
8,wind turbin,8: wind turbin,
8,wind turbin,8: wind turbin,
8,wind turbin,8: wind turbin,
8,wind turbin,8: wind turbin,
8,wind turbin,8: wind turbin,
8,wind turbin,8: wind turbin,
8,wind turbin,8: wind turbin,
8,wind turbin,8: wind turbin,
8,wind turbin,8: wind turbin,
8,wind turbin,8: wind turbin,
8,wind turbin,8: wind turbin,
8,wind turbin,8: wind turbin,
8,wind turbin,8: wind turbin,
8,wind turbin,8: wind turbin,
8,wind turbin,8: wind turbin,
8,wind turbin,8: wind turbin,
8,wind turbin,8: wind turbin,
8,wind turbin,8: wind turbin,
8,wind turbin,8: wind turbin,
8,wind turbin,8: wind turbin,
8,wind turbin,8: wind turbin,
8,wind turbin,8: wind turbin,
8,wind turbin,8: wind turbin,
8,wind turbin,8: wind turbin,
8,wind turbin,8: wind turbin,
8,wind turbin,8: wind turbin,
8,wind turbin,8: wind turbin,
8,wind turbin,8: wind turbin,
8,wind turbin,8: wind turbin,
8,wind turbin,8: wind turbin,
8,wind turbin,8: wind turbin,
8,wind turbin,8: wind turbin,
8,wind turbin,8: wind turbin,
8,wind turbin,8: wind turbin,
8,wind turbin,8: wind turbin,
8,wind turbin,8: wind turbin,
8,wind turbin,8: wind turbin,
8,wind turbin,8: wind turbin,
8,wind turbin,8: wind turbin,
8,wind turbin,8: wind turbin,
8,wind turbin,8: wind turbin,
8,wind turbin,8: wind turbin,
8,wind turbin,8: wind turbin,
8,wind turbin,8: wind turbin,
8,wind turbin,8: wind turbin,
8,wind turbin,8: wind turbin,
8,wind turbin,8: wind turbin,
8,wind turbin,8: wind turbin,
8,wind turbin,8: wind turbin,
8,wind turbin,8: wind turbin,
8,wind turbin,8: wind turbin,
8,wind turbin,8: wind turbin,
8,wind turbin,8: wind turbin,
8,wind turbin,8: wind turbin,
8,wind turbin,8: wind turbin,
8,wind turbin,8: wind turbin,
8,wind turbin,8: wind turbin,
8,wind turbin,8: wind turbin,
8,wind turbin,8: wind turbin,
8,wind turbin,8: wind turbin,
8,wind turbin,8: wind turbin,
8,wind turbin,8: wind turbin,
8,wind turbin,8: wind turbin,
8,wind turbin,8: wind turbin,
8,wind turbin,8: wind turbin,
8,wind turbin,8: wind turbin,
8,wind turbin,8: wind turbin,
8,wind turbin,8: wind turbin,
8,wind turbin,8: wind turbin,
8,wind turbin,8: wind turbin,
2,municip council,2: municip council,
2,municip council,2: municip council,
2,municip council,2: municip council,
2,municip council,2: municip council,
2,municip council,2: municip council,
2,municip council,2: municip council,
2,municip council,2: municip council,
2,municip council,2: municip council,
2,municip council,2: municip council,
2,municip council,2: municip council,
2,municip council,2: municip council,
2,municip council,2: municip council,
2,municip council,2: municip council,
2,municip council,2: municip council,
2,municip council,2: municip council,
2,municip council,2: municip council,
2,municip council,2: municip council,
2,municip council,2: municip council,
2,municip council,2: municip council,
2,municip council,2: municip council,
2,municip council,2: municip council,
2,municip council,2: municip council,
2,municip council,2: municip council,
2,municip council,2: municip council,
2,municip council,2: municip council,
2,municip council,2: municip council,
2,municip council,2: municip council,
2,municip council,2: municip council,
2,municip council,2: municip council,
2,municip council,2: municip council,
2,municip council,2: municip council,
2,municip council,2: municip council,
2,municip council,2: municip council,
2,municip council,2: municip council,
2,municip council,2: municip council,
2,municip council,2: municip council,
2,municip council,2: municip council,
2,municip council,2: municip council,
2,municip council,2: municip council,
2,municip council,2: municip council,
2,municip council,2: municip council,
2,municip council,2: municip council,
2,municip council,2: municip council,
2,municip council,2: municip council,
2,municip council,2: municip council,
2,municip council,2: municip council,
2,municip council,2: municip council,
2,municip council,2: municip council,
2,municip council,2: municip council,
2,municip council,2: municip council,
2,municip council,2: municip council,
2,municip council,2: municip council,
2,municip council,2: municip council,
2,municip council,2: municip council,
2,municip council,2: municip council,
2,municip council,2: municip council,
2,municip council,2: municip council,
2,municip council,2: municip council,
2,municip council,2: municip council,
2,municip council,2: municip council,
2,municip council,2: municip council,
2,municip council,2: municip council,
2,municip council,2: municip council,
2,municip council,2: municip council,
2,municip council,2: municip council,
2,municip council,2: municip council,
2,municip council,2: municip council,
2,municip council,2: municip council,
2,municip council,2: municip council,
2,municip council,2: municip council,
2,municip council,2: municip council,
2,municip council,2: municip council,
2,municip council,2: municip council,
2,municip council,2: municip council,
2,municip council,2: municip council,
2,municip council,2: municip council,
2,municip council,2: municip council,
2,municip council,2: municip council,
2,municip council,2: municip council,
2,municip council,2: municip council,
2,municip council,2: municip council,
2,municip council,2: municip council,
2,municip council,2: municip council,
2,municip council,2: municip council,
2,municip council,2: municip council,
2,municip council,2: municip council,
2,municip council,2: municip council,
2,municip council,2: municip council,
2,municip council,2: municip council,
2,municip council,2: municip council,
2,municip council,2: municip council,
2,municip council,2: municip council,
2,municip council,2: municip council,
2,municip council,2: municip council,
2,municip council,2: municip council,
2,municip council,2: municip council,
2,municip council,2: municip council,
2,municip council,2: municip council,
2,municip council,2: municip council,
2,municip council,2: municip council,
2,municip council,2: municip council,
2,municip council,2: municip council,
2,municip council,2: municip council,
2,municip council,2: municip council,
2,municip council,2: municip council,
2,municip council,2: municip council,
2,municip council,2: municip council,
2,municip council,2: municip council,
2,municip council,2: municip council,
2,municip council,2: municip council,
2,municip council,2: municip council,
2,municip council,2: municip council,
2,municip council,2: municip council,
2,municip council,2: municip council,
2,municip council,2: municip council,
2,municip council,2: municip council,
2,municip council,2: municip council,
2,municip council,2: municip council,
2,municip council,2: municip council,
2,municip council,2: municip council,
2,municip council,2: municip council,
2,municip council,2: municip council,
2,municip council,2: municip council,
2,municip council,2: municip council,
2,municip council,2: municip council,
2,municip council,2: municip council,
2,municip council,2: municip council,
2,municip council,2: municip council,
2,municip council,2: municip council,
2,municip council,2: municip council,
2,municip council,2: municip council,
2,municip council,2: municip council,
2,municip council,2: municip council,
2,municip council,2: municip council,
2,municip council,2: municip council,
2,municip council,2: municip council,
2,municip council,2: municip council,
2,municip council,2: municip council,
2,municip council,2: municip council,
2,municip council,2: municip council,
2,municip council,2: municip council,
2,municip council,2: municip council,
2,municip council,2: municip council,
2,municip council,2: municip council,
2,municip council,2: municip council,
2,municip council,2: municip council,
2,municip council,2: municip council,
2,municip council,2: municip council,
2,municip council,2: municip council,
2,municip council,2: municip council,
2,municip council,2: municip council,
2,municip council,2: municip council,
2,municip council,2: municip council,
2,municip council,2: municip council,
2,municip council,2: municip council,
2,municip council,2: municip council,
2,municip council,2: municip council,
2,municip council,2: municip council,
2,municip council,2: municip council,
2,municip council,2: municip council,
2,municip council,2: municip council,
2,municip council,2: municip council,
2,municip council,2: municip council,
2,municip council,2: municip council,
2,municip council,2: municip council,
2,municip council,2: municip council,
2,municip council,2: municip council,
2,municip council,2: municip council,
2,municip council,2: municip council,
2,municip council,2: municip council,
2,municip council,2: municip council,
2,municip council,2: municip council,
2,municip council,2: municip council,
2,municip council,2: municip council,
2,municip council,2: municip council,
2,municip council,2: municip council,
2,municip council,2: municip council,
2,municip council,2: municip council,
2,municip council,2: municip council,
2,municip council,2: municip council,
2,municip council,2: municip council,
2,municip council,2: municip council,
2,municip council,2: municip council,
2,municip council,2: municip council,
2,municip council,2: municip council,
2,municip council,2: municip council,
2,municip council,2: municip council,
2,municip council,2: municip council,
2,municip council,2: municip council,
2,municip council,2: municip council,
2,municip council,2: municip council,
2,municip council,2: municip council,
2,municip council,2: municip council,
2,municip council,2: municip council,
2,municip council,2: municip council,
2,municip council,2: municip council,
2,municip council,2: municip council,
2,municip council,2: municip council,
2,municip council,2: municip council,
2,municip council,2: municip council,
2,municip council,2: municip council,
2,municip council,2: municip council,
2,municip council,2: municip council,
2,municip council,2: municip council,
2,municip council,2: municip council,
2,municip council,2: municip council,
2,municip council,2: municip council,
2,municip council,2: municip council,
2,municip council,2: municip council,
2,municip council,2: municip council,
2,municip council,2: municip council,
2,municip council,2: municip council,
2,municip council,2: municip council,
2,municip council,2: municip council,
2,municip council,2: municip council,
2,municip council,2: municip council,
2,municip council,2: municip council,
2,municip council,2: municip council,
2,municip council,2: municip council,
2,municip council,2: municip council,
2,municip council,2: municip council,
2,municip council,2: municip council,
2,municip council,2: municip council,
2,municip council,2: municip council,
2,municip council,2: municip council,
2,municip council,2: municip council,
2,municip council,2: municip council,
2,municip council,2: municip council,
2,municip council,2: municip council,
2,municip council,2: municip council,
2,municip council,2: municip council,
2,municip council,2: municip council,
2,municip council,2: municip council,
2,municip council,2: municip council,
2,municip council,2: municip council,
2,municip council,2: municip council,
2,municip council,2: municip council,
2,municip council,2: municip council,
2,municip council,2: municip council,
2,municip council,2: municip council,
2,municip council,2: municip council,
2,municip council,2: municip council,
2,municip council,2: municip council,
2,municip council,2: municip council,
2,municip council,2: municip council,
2,municip council,2: municip council,
2,municip council,2: municip council,
2,municip council,2: municip council,
2,municip council,2: municip council,
2,municip council,2: municip council,
2,municip council,2: municip council,
2,municip council,2: municip council,
2,municip council,2: municip council,
2,municip council,2: municip council,
2,municip council,2: municip council,
2,municip council,2: municip council,
2,municip council,2: municip council,
2,municip council,2: municip council,
2,municip council,2: municip council,
2,municip council,2: municip council,
2,municip council,2: municip council,
2,municip council,2: municip council,
2,municip council,2: municip council,
2,municip council,2: municip council,
2,municip council,2: municip council,
2,municip council,2: municip council,
2,municip council,2: municip council,
2,municip council,2: municip council,
2,municip council,2: municip council,
2,municip council,2: municip council,
2,municip council,2: municip council,
2,municip council,2: municip council,
2,municip council,2: municip council,
2,municip council,2: municip council,
2,municip council,2: municip council,
2,municip council,2: municip council,
2,municip council,2: municip council,
2,municip council,2: municip council,
2,municip council,2: municip council,
2,municip council,2: municip council,
2,municip council,2: municip council,
2,municip council,2: municip council,
2,municip council,2: municip council,
2,municip council,2: municip council,
2,municip council,2: municip council,
2,municip council,2: municip council,
2,municip council,2: municip council,
2,municip council,2: municip council,
2,municip council,2: municip council,
2,municip council,2: municip council,
2,municip council,2: municip council,
2,municip council,2: municip council,
2,municip council,2: municip council,
2,municip council,2: municip council,
2,municip council,2: municip council,
2,municip council,2: municip council,
2,municip council,2: municip council,
2,municip council,2: municip council,
2,municip council,2: municip council,
2,municip council,2: municip council,
2,municip council,2: municip council,
2,municip council,2: municip council,
2,municip council,2: municip council,
2,municip council,2: municip council,
2,municip council,2: municip council,
2,municip council,2: municip council,
2,municip council,2: municip council,
2,municip council,2: municip council,
2,municip council,2: municip council,
2,municip council,2: municip council,
2,municip council,2: municip council,
2,municip council,2: municip council,
4,baltic sea,4: baltic sea,
4,baltic sea,4: baltic sea,
4,baltic sea,4: baltic sea,
4,baltic sea,4: baltic sea,
4,baltic sea,4: baltic sea,
4,baltic sea,4: baltic sea,
4,baltic sea,4: baltic sea,
4,baltic sea,4: baltic sea,
4,baltic sea,4: baltic sea,
4,baltic sea,4: baltic sea,
4,baltic sea,4: baltic sea,
4,baltic sea,4: baltic sea,
4,baltic sea,4: baltic sea,
4,baltic sea,4: baltic sea,
4,baltic sea,4: baltic sea,
4,baltic sea,4: baltic sea,
4,baltic sea,4: baltic sea,
4,baltic sea,4: baltic sea,
4,baltic sea,4: baltic sea,
4,baltic sea,4: baltic sea,
4,baltic sea,4: baltic sea,
4,baltic sea,4: baltic sea,
4,baltic sea,4: baltic sea,
4,baltic sea,4: baltic sea,
4,baltic sea,4: baltic sea,
4,baltic sea,4: baltic sea,
4,baltic sea,4: baltic sea,
4,baltic sea,4: baltic sea,
4,baltic sea,4: baltic sea,
4,baltic sea,4: baltic sea,
4,baltic sea,4: baltic sea,
4,baltic sea,4: baltic sea,
4,baltic sea,4: baltic sea,
4,baltic sea,4: baltic sea,
4,baltic sea,4: baltic sea,
4,baltic sea,4: baltic sea,
4,baltic sea,4: baltic sea,
4,baltic sea,4: baltic sea,
4,baltic sea,4: baltic sea,
4,baltic sea,4: baltic sea,
4,baltic sea,4: baltic sea,
4,baltic sea,4: baltic sea,
4,baltic sea,4: baltic sea,
4,baltic sea,4: baltic sea,
4,baltic sea,4: baltic sea,
4,baltic sea,4: baltic sea,
4,baltic sea,4: baltic sea,
4,baltic sea,4: baltic sea,
4,baltic sea,4: baltic sea,
4,baltic sea,4: baltic sea,
4,baltic sea,4: baltic sea,
4,baltic sea,4: baltic sea,
4,baltic sea,4: baltic sea,
4,baltic sea,4: baltic sea,
4,baltic sea,4: baltic sea,
4,baltic sea,4: baltic sea,
4,baltic sea,4: baltic sea,
4,baltic sea,4: baltic sea,
4,baltic sea,4: baltic sea,
4,baltic sea,4: baltic sea,
4,baltic sea,4: baltic sea,
4,baltic sea,4: baltic sea,
4,baltic sea,4: baltic sea,
4,baltic sea,4: baltic sea,
4,baltic sea,4: baltic sea,
4,baltic sea,4: baltic sea,
4,baltic sea,4: baltic sea,
4,baltic sea,4: baltic sea,
4,baltic sea,4: baltic sea,
4,baltic sea,4: baltic sea,
4,baltic sea,4: baltic sea,
4,baltic sea,4: baltic sea,
4,baltic sea,4: baltic sea,
4,baltic sea,4: baltic sea,
4,baltic sea,4: baltic sea,
4,baltic sea,4: baltic sea,
4,baltic sea,4: baltic sea,
4,baltic sea,4: baltic sea,
4,baltic sea,4: baltic sea,
4,baltic sea,4: baltic sea,
4,baltic sea,4: baltic sea,
4,baltic sea,4: baltic sea,
4,baltic sea,4: baltic sea,
4,baltic sea,4: baltic sea,
4,baltic sea,4: baltic sea,
4,baltic sea,4: baltic sea,
4,baltic sea,4: baltic sea,
4,baltic sea,4: baltic sea,
4,baltic sea,4: baltic sea,
4,baltic sea,4: baltic sea,
4,baltic sea,4: baltic sea,
4,baltic sea,4: baltic sea,
4,baltic sea,4: baltic sea,
4,baltic sea,4: baltic sea,
4,baltic sea,4: baltic sea,
4,baltic sea,4: baltic sea,
4,baltic sea,4: baltic sea,
4,baltic sea,4: baltic sea,
4,baltic sea,4: baltic sea,
4,baltic sea,4: baltic sea,
4,baltic sea,4: baltic sea,
4,baltic sea,4: baltic sea,
4,baltic sea,4: baltic sea,
4,baltic sea,4: baltic sea,
4,baltic sea,4: baltic sea,
4,baltic sea,4: baltic sea,
4,baltic sea,4: baltic sea,
4,baltic sea,4: baltic sea,
4,baltic sea,4: baltic sea,
4,baltic sea,4: baltic sea,
4,baltic sea,4: baltic sea,
4,baltic sea,4: baltic sea,
4,baltic sea,4: baltic sea,
4,baltic sea,4: baltic sea,
4,baltic sea,4: baltic sea,
4,baltic sea,4: baltic sea,
4,baltic sea,4: baltic sea,
4,baltic sea,4: baltic sea,
4,baltic sea,4: baltic sea,
4,baltic sea,4: baltic sea,
4,baltic sea,4: baltic sea,
4,baltic sea,4: baltic sea,
4,baltic sea,4: baltic sea,
4,baltic sea,4: baltic sea,
4,baltic sea,4: baltic sea,
4,baltic sea,4: baltic sea,
4,baltic sea,4: baltic sea,
4,baltic sea,4: baltic sea,
4,baltic sea,4: baltic sea,
4,baltic sea,4: baltic sea,
4,baltic sea,4: baltic sea,
4,baltic sea,4: baltic sea,
4,baltic sea,4: baltic sea,
4,baltic sea,4: baltic sea,
4,baltic sea,4: baltic sea,
4,baltic sea,4: baltic sea,
4,baltic sea,4: baltic sea,
4,baltic sea,4: baltic sea,
4,baltic sea,4: baltic sea,
4,baltic sea,4: baltic sea,
4,baltic sea,4: baltic sea,
4,baltic sea,4: baltic sea,
4,baltic sea,4: baltic sea,
4,baltic sea,4: baltic sea,
4,baltic sea,4: baltic sea,
4,baltic sea,4: baltic sea,
4,baltic sea,4: baltic sea,
4,baltic sea,4: baltic sea,
4,baltic sea,4: baltic sea,
4,baltic sea,4: baltic sea,
4,baltic sea,4: baltic sea,
4,baltic sea,4: baltic sea,
4,baltic sea,4: baltic sea,
4,baltic sea,4: baltic sea,
4,baltic sea,4: baltic sea,
4,baltic sea,4: baltic sea,
4,baltic sea,4: baltic sea,
4,baltic sea,4: baltic sea,
4,baltic sea,4: baltic sea,
4,baltic sea,4: baltic sea,
4,baltic sea,4: baltic sea,
4,baltic sea,4: baltic sea,
4,baltic sea,4: baltic sea,
4,baltic sea,4: baltic sea,
4,baltic sea,4: baltic sea,
4,baltic sea,4: baltic sea,
4,baltic sea,4: baltic sea,
4,baltic sea,4: baltic sea,
4,baltic sea,4: baltic sea,
4,baltic sea,4: baltic sea,
4,baltic sea,4: baltic sea,
4,baltic sea,4: baltic sea,
4,baltic sea,4: baltic sea,
4,baltic sea,4: baltic sea,
4,baltic sea,4: baltic sea,
4,baltic sea,4: baltic sea,
4,baltic sea,4: baltic sea,
4,baltic sea,4: baltic sea,
4,baltic sea,4: baltic sea,
4,baltic sea,4: baltic sea,
4,baltic sea,4: baltic sea,
4,baltic sea,4: baltic sea,
4,baltic sea,4: baltic sea,
4,baltic sea,4: baltic sea,
4,baltic sea,4: baltic sea,
4,baltic sea,4: baltic sea,
4,baltic sea,4: baltic sea,
4,baltic sea,4: baltic sea,
4,baltic sea,4: baltic sea,
4,baltic sea,4: baltic sea,
4,baltic sea,4: baltic sea,
4,baltic sea,4: baltic sea,
4,baltic sea,4: baltic sea,
4,baltic sea,4: baltic sea,
4,baltic sea,4: baltic sea,
4,baltic sea,4: baltic sea,
4,baltic sea,4: baltic sea,
4,baltic sea,4: baltic sea,
4,baltic sea,4: baltic sea,
4,baltic sea,4: baltic sea,
4,baltic sea,4: baltic sea,
4,baltic sea,4: baltic sea,
4,baltic sea,4: baltic sea,
4,baltic sea,4: baltic sea,
4,baltic sea,4: baltic sea,
4,baltic sea,4: baltic sea,
4,baltic sea,4: baltic sea,
4,baltic sea,4: baltic sea,
4,baltic sea,4: baltic sea,
4,baltic sea,4: baltic sea,
4,baltic sea,4: baltic sea,
4,baltic sea,4: baltic sea,
4,baltic sea,4: baltic sea,
4,baltic sea,4: baltic sea,
4,baltic sea,4: baltic sea,
4,baltic sea,4: baltic sea,
4,baltic sea,4: baltic sea,
4,baltic sea,4: baltic sea,
4,baltic sea,4: baltic sea,
4,baltic sea,4: baltic sea,
4,baltic sea,4: baltic sea,
4,baltic sea,4: baltic sea,
4,baltic sea,4: baltic sea,
4,baltic sea,4: baltic sea,
4,baltic sea,4: baltic sea,
4,baltic sea,4: baltic sea,
4,baltic sea,4: baltic sea,
4,baltic sea,4: baltic sea,
4,baltic sea,4: baltic sea,
4,baltic sea,4: baltic sea,
4,baltic sea,4: baltic sea,
4,baltic sea,4: baltic sea,
4,baltic sea,4: baltic sea,
4,baltic sea,4: baltic sea,
4,baltic sea,4: baltic sea,
4,baltic sea,4: baltic sea,
4,baltic sea,4: baltic sea,
4,baltic sea,4: baltic sea,
4,baltic sea,4: baltic sea,
4,baltic sea,4: baltic sea,
4,baltic sea,4: baltic sea,
4,baltic sea,4: baltic sea,
4,baltic sea,4: baltic sea,
4,baltic sea,4: baltic sea,
4,baltic sea,4: baltic sea,
4,baltic sea,4: baltic sea,
4,baltic sea,4: baltic sea,
4,baltic sea,4: baltic sea,
4,baltic sea,4: baltic sea,
4,baltic sea,4: baltic sea,
4,baltic sea,4: baltic sea,
4,baltic sea,4: baltic sea,
4,baltic sea,4: baltic sea,
4,baltic sea,4: baltic sea,
4,baltic sea,4: baltic sea,
4,baltic sea,4: baltic sea,
4,baltic sea,4: baltic sea,
4,baltic sea,4: baltic sea,
4,baltic sea,4: baltic sea,
4,baltic sea,4: baltic sea,
4,baltic sea,4: baltic sea,
4,baltic sea,4: baltic sea,
4,baltic sea,4: baltic sea,
4,baltic sea,4: baltic sea,
4,baltic sea,4: baltic sea,
4,baltic sea,4: baltic sea,
4,baltic sea,4: baltic sea,
4,baltic sea,4: baltic sea,
4,baltic sea,4: baltic sea,
4,baltic sea,4: baltic sea,
4,baltic sea,4: baltic sea,
4,baltic sea,4: baltic sea,
4,baltic sea,4: baltic sea,
4,baltic sea,4: baltic sea,
4,baltic sea,4: baltic sea,
4,baltic sea,4: baltic sea,
4,baltic sea,4: baltic sea,
4,baltic sea,4: baltic sea,
4,baltic sea,4: baltic sea,
4,baltic sea,4: baltic sea,
4,baltic sea,4: baltic sea,
4,baltic sea,4: baltic sea,
4,baltic sea,4: baltic sea,
4,baltic sea,4: baltic sea,
4,baltic sea,4: baltic sea,
4,baltic sea,4: baltic sea,
4,baltic sea,4: baltic sea,
4,baltic sea,4: baltic sea,
4,baltic sea,4: baltic sea,
4,baltic sea,4: baltic sea,
4,baltic sea,4: baltic sea,
4,baltic sea,4: baltic sea,
4,baltic sea,4: baltic sea,
4,baltic sea,4: baltic sea,
4,baltic sea,4: baltic sea,
4,baltic sea,4: baltic sea,
4,baltic sea,4: baltic sea,
4,baltic sea,4: baltic sea,
4,baltic sea,4: baltic sea,
4,baltic sea,4: baltic sea,
4,baltic sea,4: baltic sea,
4,baltic sea,4: baltic sea,
4,baltic sea,4: baltic sea,
4,baltic sea,4: baltic sea,
4,baltic sea,4: baltic sea,
4,baltic sea,4: baltic sea,
4,baltic sea,4: baltic sea,
4,baltic sea,4: baltic sea,
4,baltic sea,4: baltic sea,
4,baltic sea,4: baltic sea,
4,baltic sea,4: baltic sea,
4,baltic sea,4: baltic sea,
4,baltic sea,4: baltic sea,
4,baltic sea,4: baltic sea,
4,baltic sea,4: baltic sea,
4,baltic sea,4: baltic sea,
4,baltic sea,4: baltic sea,
4,baltic sea,4: baltic sea,
4,baltic sea,4: baltic sea,
4,baltic sea,4: baltic sea,
4,baltic sea,4: baltic sea,
4,baltic sea,4: baltic sea,
4,baltic sea,4: baltic sea,
4,baltic sea,4: baltic sea,
4,baltic sea,4: baltic sea,
4,baltic sea,4: baltic sea,
4,baltic sea,4: baltic sea,
4,baltic sea,4: baltic sea,
4,baltic sea,4: baltic sea,
4,baltic sea,4: baltic sea,
4,baltic sea,4: baltic sea,
4,baltic sea,4: baltic sea,
4,baltic sea,4: baltic sea,
4,baltic sea,4: baltic sea,
4,baltic sea,4: baltic sea,
4,baltic sea,4: baltic sea,
4,baltic sea,4: baltic sea,
4,baltic sea,4: baltic sea,
4,baltic sea,4: baltic sea,
4,baltic sea,4: baltic sea,
4,baltic sea,4: baltic sea,
4,baltic sea,4: baltic sea,
4,baltic sea,4: baltic sea,
4,baltic sea,4: baltic sea,
4,baltic sea,4: baltic sea,
4,baltic sea,4: baltic sea,
4,baltic sea,4: baltic sea,
4,baltic sea,4: baltic sea,
4,baltic sea,4: baltic sea,
4,baltic sea,4: baltic sea,
4,baltic sea,4: baltic sea,
4,baltic sea,4: baltic sea,
4,baltic sea,4: baltic sea,
4,baltic sea,4: baltic sea,
4,baltic sea,4: baltic sea,
4,baltic sea,4: baltic sea,
4,baltic sea,4: baltic sea,
4,baltic sea,4: baltic sea,
4,baltic sea,4: baltic sea,
4,baltic sea,4: baltic sea,
4,baltic sea,4: baltic sea,
4,baltic sea,4: baltic sea,
4,baltic sea,4: baltic sea,
4,baltic sea,4: baltic sea,
4,baltic sea,4: baltic sea,
4,baltic sea,4: baltic sea,
4,baltic sea,4: baltic sea,
4,baltic sea,4: baltic sea,
4,baltic sea,4: baltic sea,
4,baltic sea,4: baltic sea,
4,baltic sea,4: baltic sea,
4,baltic sea,4: baltic sea,
4,baltic sea,4: baltic sea,
4,baltic sea,4: baltic sea,
4,baltic sea,4: baltic sea,
4,baltic sea,4: baltic sea,
4,baltic sea,4: baltic sea,
4,baltic sea,4: baltic sea,
4,baltic sea,4: baltic sea,
4,baltic sea,4: baltic sea,
4,baltic sea,4: baltic sea,
4,baltic sea,4: baltic sea,
4,baltic sea,4: baltic sea,
4,baltic sea,4: baltic sea,
4,baltic sea,4: baltic sea,
4,baltic sea,4: baltic sea,
4,baltic sea,4: baltic sea,
4,baltic sea,4: baltic sea,
4,baltic sea,4: baltic sea,
4,baltic sea,4: baltic sea,
4,baltic sea,4: baltic sea,
4,baltic sea,4: baltic sea,
4,baltic sea,4: baltic sea,
4,baltic sea,4: baltic sea,
4,baltic sea,4: baltic sea,
4,baltic sea,4: baltic sea,
4,baltic sea,4: baltic sea,
4,baltic sea,4: baltic sea,
4,baltic sea,4: baltic sea,
4,baltic sea,4: baltic sea,
4,baltic sea,4: baltic sea,
4,baltic sea,4: baltic sea,
4,baltic sea,4: baltic sea,
4,baltic sea,4: baltic sea,
4,baltic sea,4: baltic sea,
4,baltic sea,4: baltic sea,
4,baltic sea,4: baltic sea,
4,baltic sea,4: baltic sea,
4,baltic sea,4: baltic sea,
4,baltic sea,4: baltic sea,
4,baltic sea,4: baltic sea,
4,baltic sea,4: baltic sea,
4,baltic sea,4: baltic sea,
4,baltic sea,4: baltic sea,
2,municip council,2: municip council,
2,municip council,2: municip council,
2,municip council,2: municip council,
2,municip council,2: municip council,
2,municip council,2: municip council,
2,municip council,2: municip council,
2,municip council,2: municip council,
2,municip council,2: municip council,
2,municip council,2: municip council,
2,municip council,2: municip council,
2,municip council,2: municip council,
2,municip council,2: municip council,
2,municip council,2: municip council,
2,municip council,2: municip council,
2,municip council,2: municip council,
2,municip council,2: municip council,
2,municip council,2: municip council,
2,municip council,2: municip council,
2,municip council,2: municip council,
2,municip council,2: municip council,
2,municip council,2: municip council,
2,municip council,2: municip council,
2,municip council,2: municip council,
2,municip council,2: municip council,
2,municip council,2: municip council,
2,municip council,2: municip council,
2,municip council,2: municip council,
2,municip council,2: municip council,
2,municip council,2: municip council,
2,municip council,2: municip council,
2,municip council,2: municip council,
2,municip council,2: municip council,
2,municip council,2: municip council,
2,municip council,2: municip council,
2,municip council,2: municip council,
2,municip council,2: municip council,
2,municip council,2: municip council,
2,municip council,2: municip council,
2,municip council,2: municip council,
2,municip council,2: municip council,
2,municip council,2: municip council,
2,municip council,2: municip council,
2,municip council,2: municip council,
2,municip council,2: municip council,
2,municip council,2: municip council,
2,municip council,2: municip council,
2,municip council,2: municip council,
2,municip council,2: municip council,
2,municip council,2: municip council,
2,municip council,2: municip council,
2,municip council,2: municip council,
2,municip council,2: municip council,
2,municip council,2: municip council,
2,municip council,2: municip council,
2,municip council,2: municip council,
2,municip council,2: municip council,
2,municip council,2: municip council,
2,municip council,2: municip council,
2,municip council,2: municip council,
2,municip council,2: municip council,
2,municip council,2: municip council,
2,municip council,2: municip council,
2,municip council,2: municip council,
2,municip council,2: municip council,
2,municip council,2: municip council,
2,municip council,2: municip council,
2,municip council,2: municip council,
2,municip council,2: municip council,
2,municip council,2: municip council,
2,municip council,2: municip council,
2,municip council,2: municip council,
2,municip council,2: municip council,
2,municip council,2: municip council,
2,municip council,2: municip council,
2,municip council,2: municip council,
2,municip council,2: municip council,
2,municip council,2: municip council,
2,municip council,2: municip council,
2,municip council,2: municip council,
2,municip council,2: municip council,
2,municip council,2: municip council,
2,municip council,2: municip council,
2,municip council,2: municip council,
2,municip council,2: municip council,
2,municip council,2: municip council,
2,municip council,2: municip council,
2,municip council,2: municip council,
2,municip council,2: municip council,
2,municip council,2: municip council,
2,municip council,2: municip council,
2,municip council,2: municip council,
2,municip council,2: municip council,
2,municip council,2: municip council,
2,municip council,2: municip council,
2,municip council,2: municip council,
2,municip council,2: municip council,
2,municip council,2: municip council,
2,municip council,2: municip council,
2,municip council,2: municip council,
2,municip council,2: municip council,
2,municip council,2: municip council,
2,municip council,2: municip council,
2,municip council,2: municip council,
2,municip council,2: municip council,
2,municip council,2: municip council,
2,municip council,2: municip council,
2,municip council,2: municip council,
2,municip council,2: municip council,
2,municip council,2: municip council,
2,municip council,2: municip council,
2,municip council,2: municip council,
2,municip council,2: municip council,
2,municip council,2: municip council,
2,municip council,2: municip council,
2,municip council,2: municip council,
2,municip council,2: municip council,
2,municip council,2: municip council,
2,municip council,2: municip council,
2,municip council,2: municip council,
2,municip council,2: municip council,
2,municip council,2: municip council,
2,municip council,2: municip council,
2,municip council,2: municip council,
2,municip council,2: municip council,
2,municip council,2: municip council,
2,municip council,2: municip council,
2,municip council,2: municip council,
2,municip council,2: municip council,
2,municip council,2: municip council,
2,municip council,2: municip council,
2,municip council,2: municip council,
2,municip council,2: municip council,
2,municip council,2: municip council,
2,municip council,2: municip council,
2,municip council,2: municip council,
2,municip council,2: municip council,
2,municip council,2: municip council,
2,municip council,2: municip council,
2,municip council,2: municip council,
2,municip council,2: municip council,
2,municip council,2: municip council,
2,municip council,2: municip council,
2,municip council,2: municip council,
2,municip council,2: municip council,
2,municip council,2: municip council,
2,municip council,2: municip council,
2,municip council,2: municip council,
2,municip council,2: municip council,
2,municip council,2: municip council,
2,municip council,2: municip council,
2,municip council,2: municip council,
2,municip council,2: municip council,
2,municip council,2: municip council,
2,municip council,2: municip council,
2,municip council,2: municip council,
2,municip council,2: municip council,
8,wind turbin,8: wind turbin,
8,wind turbin,8: wind turbin,
8,wind turbin,8: wind turbin,
8,wind turbin,8: wind turbin,
8,wind turbin,8: wind turbin,
8,wind turbin,8: wind turbin,
8,wind turbin,8: wind turbin,
8,wind turbin,8: wind turbin,
8,wind turbin,8: wind turbin,
8,wind turbin,8: wind turbin,
8,wind turbin,8: wind turbin,
8,wind turbin,8: wind turbin,
8,wind turbin,8: wind turbin,
8,wind turbin,8: wind turbin,
8,wind turbin,8: wind turbin,
8,wind turbin,8: wind turbin,
8,wind turbin,8: wind turbin,
8,wind turbin,8: wind turbin,
8,wind turbin,8: wind turbin,
8,wind turbin,8: wind turbin,
8,wind turbin,8: wind turbin,
8,wind turbin,8: wind turbin,
8,wind turbin,8: wind turbin,
8,wind turbin,8: wind turbin,
8,wind turbin,8: wind turbin,
8,wind turbin,8: wind turbin,
8,wind turbin,8: wind turbin,
8,wind turbin,8: wind turbin,
8,wind turbin,8: wind turbin,
8,wind turbin,8: wind turbin,
8,wind turbin,8: wind turbin,
8,wind turbin,8: wind turbin,
8,wind turbin,8: wind turbin,
8,wind turbin,8: wind turbin,
8,wind turbin,8: wind turbin,
8,wind turbin,8: wind turbin,
8,wind turbin,8: wind turbin,
8,wind turbin,8: wind turbin,
8,wind turbin,8: wind turbin,
8,wind turbin,8: wind turbin,
8,wind turbin,8: wind turbin,
8,wind turbin,8: wind turbin,
8,wind turbin,8: wind turbin,
8,wind turbin,8: wind turbin,
8,wind turbin,8: wind turbin,
8,wind turbin,8: wind turbin,
8,wind turbin,8: wind turbin,
8,wind turbin,8: wind turbin,
8,wind turbin,8: wind turbin,
8,wind turbin,8: wind turbin,
8,wind turbin,8: wind turbin,
8,wind turbin,8: wind turbin,
8,wind turbin,8: wind turbin,
8,wind turbin,8: wind turbin,
8,wind turbin,8: wind turbin,
8,wind turbin,8: wind turbin,
8,wind turbin,8: wind turbin,
8,wind turbin,8: wind turbin,
8,wind turbin,8: wind turbin,
8,wind turbin,8: wind turbin,
8,wind turbin,8: wind turbin,
8,wind turbin,8: wind turbin,
8,wind turbin,8: wind turbin,
8,wind turbin,8: wind turbin,
8,wind turbin,8: wind turbin,
8,wind turbin,8: wind turbin,
8,wind turbin,8: wind turbin,
8,wind turbin,8: wind turbin,
8,wind turbin,8: wind turbin,
8,wind turbin,8: wind turbin,
8,wind turbin,8: wind turbin,
8,wind turbin,8: wind turbin,
8,wind turbin,8: wind turbin,
8,wind turbin,8: wind turbin,
8,wind turbin,8: wind turbin,
8,wind turbin,8: wind turbin,
8,wind turbin,8: wind turbin,
8,wind turbin,8: wind turbin,
8,wind turbin,8: wind turbin,
8,wind turbin,8: wind turbin,
8,wind turbin,8: wind turbin,
8,wind turbin,8: wind turbin,
8,wind turbin,8: wind turbin,
8,wind turbin,8: wind turbin,
8,wind turbin,8: wind turbin,
8,wind turbin,8: wind turbin,
8,wind turbin,8: wind turbin,
8,wind turbin,8: wind turbin,
8,wind turbin,8: wind turbin,
8,wind turbin,8: wind turbin,
8,wind turbin,8: wind turbin,
8,wind turbin,8: wind turbin,
8,wind turbin,8: wind turbin,
8,wind turbin,8: wind turbin,
8,wind turbin,8: wind turbin,
8,wind turbin,8: wind turbin,
8,wind turbin,8: wind turbin,
8,wind turbin,8: wind turbin,
8,wind turbin,8: wind turbin,
8,wind turbin,8: wind turbin,
8,wind turbin,8: wind turbin,
8,wind turbin,8: wind turbin,
8,wind turbin,8: wind turbin,
8,wind turbin,8: wind turbin,
8,wind turbin,8: wind turbin,
8,wind turbin,8: wind turbin,
8,wind turbin,8: wind turbin,
8,wind turbin,8: wind turbin,
8,wind turbin,8: wind turbin,
8,wind turbin,8: wind turbin,
8,wind turbin,8: wind turbin,
8,wind turbin,8: wind turbin,
8,wind turbin,8: wind turbin,
8,wind turbin,8: wind turbin,
8,wind turbin,8: wind turbin,
8,wind turbin,8: wind turbin,
8,wind turbin,8: wind turbin,
8,wind turbin,8: wind turbin,
8,wind turbin,8: wind turbin,
8,wind turbin,8: wind turbin,
8,wind turbin,8: wind turbin,
8,wind turbin,8: wind turbin,
8,wind turbin,8: wind turbin,
8,wind turbin,8: wind turbin,
8,wind turbin,8: wind turbin,
8,wind turbin,8: wind turbin,
8,wind turbin,8: wind turbin,
8,wind turbin,8: wind turbin,
8,wind turbin,8: wind turbin,
8,wind turbin,8: wind turbin,
2,municip council,2: municip council,
2,municip council,2: municip council,
2,municip council,2: municip council,
2,municip council,2: municip council,
2,municip council,2: municip council,
2,municip council,2: municip council,
2,municip council,2: municip council,
2,municip council,2: municip council,
2,municip council,2: municip council,
2,municip council,2: municip council,
2,municip council,2: municip council,
2,municip council,2: municip council,
2,municip council,2: municip council,
2,municip council,2: municip council,
2,municip council,2: municip council,
2,municip council,2: municip council,
2,municip council,2: municip council,
2,municip council,2: municip council,
2,municip council,2: municip council,
2,municip council,2: municip council,
2,municip council,2: municip council,
2,municip council,2: municip council,
2,municip council,2: municip council,
2,municip council,2: municip council,
2,municip council,2: municip council,
2,municip council,2: municip council,
2,municip council,2: municip council,
2,municip council,2: municip council,
2,municip council,2: municip council,
2,municip council,2: municip council,
2,municip council,2: municip council,
2,municip council,2: municip council,
2,municip council,2: municip council,
2,municip council,2: municip council,
2,municip council,2: municip council,
2,municip council,2: municip council,
2,municip council,2: municip council,
2,municip council,2: municip council,
2,municip council,2: municip council,
2,municip council,2: municip council,
2,municip council,2: municip council,
2,municip council,2: municip council,
2,municip council,2: municip council,
2,municip council,2: municip council,
2,municip council,2: municip council,
2,municip council,2: municip council,
2,municip council,2: municip council,
2,municip council,2: municip council,
2,municip council,2: municip council,
2,municip council,2: municip council,
2,municip council,2: municip council,
2,municip council,2: municip council,
2,municip council,2: municip council,
2,municip council,2: municip council,
2,municip council,2: municip council,
2,municip council,2: municip council,
2,municip council,2: municip council,
2,municip council,2: municip council,
2,municip council,2: municip council,
2,municip council,2: municip council,
2,municip council,2: municip council,
2,municip council,2: municip council,
2,municip council,2: municip council,
2,municip council,2: municip council,
2,municip council,2: municip council,
2,municip council,2: municip council,
2,municip council,2: municip council,
2,municip council,2: municip council,
2,municip council,2: municip council,
2,municip council,2: municip council,
2,municip council,2: municip council,
2,municip council,2: municip council,
2,municip council,2: municip council,
2,municip council,2: municip council,
2,municip council,2: municip council,
2,municip council,2: municip council,
2,municip council,2: municip council,
2,municip council,2: municip council,
2,municip council,2: municip council,
2,municip council,2: municip council,
2,municip council,2: municip council,
2,municip council,2: municip council,
2,municip council,2: municip council,
2,municip council,2: municip council,
2,municip council,2: municip council,
2,municip council,2: municip council,
2,municip council,2: municip council,
2,municip council,2: municip council,
2,municip council,2: municip council,
2,municip council,2: municip council,
2,municip council,2: municip council,
2,municip council,2: municip council,
2,municip council,2: municip council,
2,municip council,2: municip council,
2,municip council,2: municip council,
2,municip council,2: municip council,
2,municip council,2: municip council,
2,municip council,2: municip council,
2,municip council,2: municip council,
2,municip council,2: municip council,
2,municip council,2: municip council,
2,municip council,2: municip council,
2,municip council,2: municip council,
2,municip council,2: municip council,
2,municip council,2: municip council,
2,municip council,2: municip council,
2,municip council,2: municip council,
2,municip council,2: municip council,
2,municip council,2: municip council,
2,municip council,2: municip council,
2,municip council,2: municip council,
2,municip council,2: municip council,
2,municip council,2: municip council,
2,municip council,2: municip council,
2,municip council,2: municip council,
2,municip council,2: municip council,
2,municip council,2: municip council,
2,municip council,2: municip council,
2,municip council,2: municip council,
2,municip council,2: municip council,
2,municip council,2: municip council,
2,municip council,2: municip council,
2,municip council,2: municip council,
2,municip council,2: municip council,
2,municip council,2: municip council,
2,municip council,2: municip council,
2,municip council,2: municip council,
2,municip council,2: municip council,
2,municip council,2: municip council,
2,municip council,2: municip council,
2,municip council,2: municip council,
2,municip council,2: municip council,
2,municip council,2: municip council,
2,municip council,2: municip council,
2,municip council,2: municip council,
2,municip council,2: municip council,
2,municip council,2: municip council,
2,municip council,2: municip council,
2,municip council,2: municip council,
2,municip council,2: municip council,
2,municip council,2: municip council,
2,municip council,2: municip council,
2,municip council,2: municip council,
2,municip council,2: municip council,
2,municip council,2: municip council,
2,municip council,2: municip council,
2,municip council,2: municip council,
2,municip council,2: municip council,
2,municip council,2: municip council,
2,municip council,2: municip council,
2,municip council,2: municip council,
2,municip council,2: municip council,
2,municip council,2: municip council,
2,municip council,2: municip council,
2,municip council,2: municip council,
2,municip council,2: municip council,
4,baltic sea,4: baltic sea,
4,baltic sea,4: baltic sea,
4,baltic sea,4: baltic sea,
4,baltic sea,4: baltic sea,
4,baltic sea,4: baltic sea,
4,baltic sea,4: baltic sea,
4,baltic sea,4: baltic sea,
4,baltic sea,4: baltic sea,
4,baltic sea,4: baltic sea,
4,baltic sea,4: baltic sea,
4,baltic sea,4: baltic sea,
4,baltic sea,4: baltic sea,
4,baltic sea,4: baltic sea,
4,baltic sea,4: baltic sea,
4,baltic sea,4: baltic sea,
4,baltic sea,4: baltic sea,
4,baltic sea,4: baltic sea,
4,baltic sea,4: baltic sea,
4,baltic sea,4: baltic sea,
4,baltic sea,4: baltic sea,
4,baltic sea,4: baltic sea,
4,baltic sea,4: baltic sea,
4,baltic sea,4: baltic sea,
4,baltic sea,4: baltic sea,
4,baltic sea,4: baltic sea,
4,baltic sea,4: baltic sea,
4,baltic sea,4: baltic sea,
4,baltic sea,4: baltic sea,
4,baltic sea,4: baltic sea,
4,baltic sea,4: baltic sea,
4,baltic sea,4: baltic sea,
4,baltic sea,4: baltic sea,
4,baltic sea,4: baltic sea,
4,baltic sea,4: baltic sea,
4,baltic sea,4: baltic sea,
4,baltic sea,4: baltic sea,
4,baltic sea,4: baltic sea,
4,baltic sea,4: baltic sea,
4,baltic sea,4: baltic sea,
4,baltic sea,4: baltic sea,
4,baltic sea,4: baltic sea,
4,baltic sea,4: baltic sea,
4,baltic sea,4: baltic sea,
4,baltic sea,4: baltic sea,
4,baltic sea,4: baltic sea,
4,baltic sea,4: baltic sea,
4,baltic sea,4: baltic sea,
4,baltic sea,4: baltic sea,
4,baltic sea,4: baltic sea,
4,baltic sea,4: baltic sea,
4,baltic sea,4: baltic sea,
4,baltic sea,4: baltic sea,
4,baltic sea,4: baltic sea,
4,baltic sea,4: baltic sea,
4,baltic sea,4: baltic sea,
4,baltic sea,4: baltic sea,
4,baltic sea,4: baltic sea,
4,baltic sea,4: baltic sea,
4,baltic sea,4: baltic sea,
4,baltic sea,4: baltic sea,
4,baltic sea,4: baltic sea,
4,baltic sea,4: baltic sea,
4,baltic sea,4: baltic sea,
4,baltic sea,4: baltic sea,
4,baltic sea,4: baltic sea,
4,baltic sea,4: baltic sea,
4,baltic sea,4: baltic sea,
4,baltic sea,4: baltic sea,
4,baltic sea,4: baltic sea,
4,baltic sea,4: baltic sea,
4,baltic sea,4: baltic sea,
4,baltic sea,4: baltic sea,
4,baltic sea,4: baltic sea,
4,baltic sea,4: baltic sea,
4,baltic sea,4: baltic sea,
4,baltic sea,4: baltic sea,
4,baltic sea,4: baltic sea,
4,baltic sea,4: baltic sea,
4,baltic sea,4: baltic sea,
4,baltic sea,4: baltic sea,
4,baltic sea,4: baltic sea,
4,baltic sea,4: baltic sea,
4,baltic sea,4: baltic sea,
4,baltic sea,4: baltic sea,
4,baltic sea,4: baltic sea,
4,baltic sea,4: baltic sea,
4,baltic sea,4: baltic sea,
4,baltic sea,4: baltic sea,
4,baltic sea,4: baltic sea,
4,baltic sea,4: baltic sea,
4,baltic sea,4: baltic sea,
4,baltic sea,4: baltic sea,
4,baltic sea,4: baltic sea,
4,baltic sea,4: baltic sea,
4,baltic sea,4: baltic sea,
4,baltic sea,4: baltic sea,
4,baltic sea,4: baltic sea,
4,baltic sea,4: baltic sea,
4,baltic sea,4: baltic sea,
4,baltic sea,4: baltic sea,
4,baltic sea,4: baltic sea,
4,baltic sea,4: baltic sea,
4,baltic sea,4: baltic sea,
4,baltic sea,4: baltic sea,
4,baltic sea,4: baltic sea,
4,baltic sea,4: baltic sea,
4,baltic sea,4: baltic sea,
4,baltic sea,4: baltic sea,
4,baltic sea,4: baltic sea,
4,baltic sea,4: baltic sea,
4,baltic sea,4: baltic sea,
4,baltic sea,4: baltic sea,
4,baltic sea,4: baltic sea,
4,baltic sea,4: baltic sea,
4,baltic sea,4: baltic sea,
4,baltic sea,4: baltic sea,
4,baltic sea,4: baltic sea,
4,baltic sea,4: baltic sea,
4,baltic sea,4: baltic sea,
4,baltic sea,4: baltic sea,
4,baltic sea,4: baltic sea,
4,baltic sea,4: baltic sea,
4,baltic sea,4: baltic sea,
4,baltic sea,4: baltic sea,
4,baltic sea,4: baltic sea,
4,baltic sea,4: baltic sea,
4,baltic sea,4: baltic sea,
4,baltic sea,4: baltic sea,
4,baltic sea,4: baltic sea,
4,baltic sea,4: baltic sea,
4,baltic sea,4: baltic sea,
4,baltic sea,4: baltic sea,
4,baltic sea,4: baltic sea,
4,baltic sea,4: baltic sea,
4,baltic sea,4: baltic sea,
4,baltic sea,4: baltic sea,
4,baltic sea,4: baltic sea,
4,baltic sea,4: baltic sea,
8,wind turbin,8: wind turbin,
8,wind turbin,8: wind turbin,
8,wind turbin,8: wind turbin,
8,wind turbin,8: wind turbin,
8,wind turbin,8: wind turbin,
8,wind turbin,8: wind turbin,
8,wind turbin,8: wind turbin,
8,wind turbin,8: wind turbin,
8,wind turbin,8: wind turbin,
8,wind turbin,8: wind turbin,
8,wind turbin,8: wind turbin,
8,wind turbin,8: wind turbin,
8,wind turbin,8: wind turbin,
8,wind turbin,8: wind turbin,
8,wind turbin,8: wind turbin,
8,wind turbin,8: wind turbin,
8,wind turbin,8: wind turbin,
8,wind turbin,8: wind turbin,
8,wind turbin,8: wind turbin,
8,wind turbin,8: wind turbin,
8,wind turbin,8: wind turbin,
8,wind turbin,8: wind turbin,
8,wind turbin,8: wind turbin,
8,wind turbin,8: wind turbin,
8,wind turbin,8: wind turbin,
8,wind turbin,8: wind turbin,
8,wind turbin,8: wind turbin,
8,wind turbin,8: wind turbin,
8,wind turbin,8: wind turbin,
8,wind turbin,8: wind turbin,
8,wind turbin,8: wind turbin,
8,wind turbin,8: wind turbin,
8,wind turbin,8: wind turbin,
8,wind turbin,8: wind turbin,
8,wind turbin,8: wind turbin,
8,wind turbin,8: wind turbin,
8,wind turbin,8: wind turbin,
8,wind turbin,8: wind turbin,
8,wind turbin,8: wind turbin,
8,wind turbin,8: wind turbin,
8,wind turbin,8: wind turbin,
8,wind turbin,8: wind turbin,
8,wind turbin,8: wind turbin,
8,wind turbin,8: wind turbin,
8,wind turbin,8: wind turbin,
8,wind turbin,8: wind turbin,
8,wind turbin,8: wind turbin,
8,wind turbin,8: wind turbin,
8,wind turbin,8: wind turbin,
8,wind turbin,8: wind turbin,
8,wind turbin,8: wind turbin,
8,wind turbin,8: wind turbin,
8,wind turbin,8: wind turbin,
8,wind turbin,8: wind turbin,
8,wind turbin,8: wind turbin,
8,wind turbin,8: wind turbin,
8,wind turbin,8: wind turbin,
8,wind turbin,8: wind turbin,
8,wind turbin,8: wind turbin,
8,wind turbin,8: wind turbin,
8,wind turbin,8: wind turbin,
8,wind turbin,8: wind turbin,
8,wind turbin,8: wind turbin,
8,wind turbin,8: wind turbin,
8,wind turbin,8: wind turbin,
8,wind turbin,8: wind turbin,
8,wind turbin,8: wind turbin,
8,wind turbin,8: wind turbin,
8,wind turbin,8: wind turbin,
8,wind turbin,8: wind turbin,
8,wind turbin,8: wind turbin,
8,wind turbin,8: wind turbin,
8,wind turbin,8: wind turbin,
8,wind turbin,8: wind turbin,
8,wind turbin,8: wind turbin,
8,wind turbin,8: wind turbin,
8,wind turbin,8: wind turbin,
8,wind turbin,8: wind turbin,
8,wind turbin,8: wind turbin,
8,wind turbin,8: wind turbin,
8,wind turbin,8: wind turbin,
8,wind turbin,8: wind turbin,
8,wind turbin,8: wind turbin,
8,wind turbin,8: wind turbin,
8,wind turbin,8: wind turbin,
8,wind turbin,8: wind turbin,
8,wind turbin,8: wind turbin,
8,wind turbin,8: wind turbin,
8,wind turbin,8: wind turbin,
8,wind turbin,8: wind turbin,
8,wind turbin,8: wind turbin,
8,wind turbin,8: wind turbin,
8,wind turbin,8: wind turbin,
8,wind turbin,8: wind turbin,
8,wind turbin,8: wind turbin,
8,wind turbin,8: wind turbin,
8,wind turbin,8: wind turbin,
8,wind turbin,8: wind turbin,
8,wind turbin,8: wind turbin,
8,wind turbin,8: wind turbin,
8,wind turbin,8: wind turbin,
8,wind turbin,8: wind turbin,
8,wind turbin,8: wind turbin,
8,wind turbin,8: wind turbin,
8,wind turbin,8: wind turbin,
8,wind turbin,8: wind turbin,
8,wind turbin,8: wind turbin,
8,wind turbin,8: wind turbin,
8,wind turbin,8: wind turbin,
8,wind turbin,8: wind turbin,
8,wind turbin,8: wind turbin,
8,wind turbin,8: wind turbin,
8,wind turbin,8: wind turbin,
8,wind turbin,8: wind turbin,
8,wind turbin,8: wind turbin,
8,wind turbin,8: wind turbin,
8,wind turbin,8: wind turbin,
8,wind turbin,8: wind turbin,
8,wind turbin,8: wind turbin,
8,wind turbin,8: wind turbin,
8,wind turbin,8: wind turbin,
8,wind turbin,8: wind turbin,
8,wind turbin,8: wind turbin,
8,wind turbin,8: wind turbin,
8,wind turbin,8: wind turbin,
8,wind turbin,8: wind turbin,
8,wind turbin,8: wind turbin,
8,wind turbin,8: wind turbin,
8,wind turbin,8: wind turbin,
8,wind turbin,8: wind turbin,
6,energiø bornholm,6: energiø bornholm,
6,energiø bornholm,6: energiø bornholm,
6,energiø bornholm,6: energiø bornholm,
6,energiø bornholm,6: energiø bornholm,
6,energiø bornholm,6: energiø bornholm,
6,energiø bornholm,6: energiø bornholm,
6,energiø bornholm,6: energiø bornholm,
6,energiø bornholm,6: energiø bornholm,
6,energiø bornholm,6: energiø bornholm,
6,energiø bornholm,6: energiø bornholm,
6,energiø bornholm,6: energiø bornholm,
6,energiø bornholm,6: energiø bornholm,
6,energiø bornholm,6: energiø bornholm,
6,energiø bornholm,6: energiø bornholm,
6,energiø bornholm,6: energiø bornholm,
6,energiø bornholm,6: energiø bornholm,
6,energiø bornholm,6: energiø bornholm,
6,energiø bornholm,6: energiø bornholm,
6,energiø bornholm,6: energiø bornholm,
6,energiø bornholm,6: energiø bornholm,
6,energiø bornholm,6: energiø bornholm,
6,energiø bornholm,6: energiø bornholm,
6,energiø bornholm,6: energiø bornholm,
6,energiø bornholm,6: energiø bornholm,
6,energiø bornholm,6: energiø bornholm,
6,energiø bornholm,6: energiø bornholm,
6,energiø bornholm,6: energiø bornholm,
6,energiø bornholm,6: energiø bornholm,
6,energiø bornholm,6: energiø bornholm,
6,energiø bornholm,6: energiø bornholm,
6,energiø bornholm,6: energiø bornholm,
6,energiø bornholm,6: energiø bornholm,
6,energiø bornholm,6: energiø bornholm,
6,energiø bornholm,6: energiø bornholm,
6,energiø bornholm,6: energiø bornholm,
6,energiø bornholm,6: energiø bornholm,
6,energiø bornholm,6: energiø bornholm,
6,energiø bornholm,6: energiø bornholm,
6,energiø bornholm,6: energiø bornholm,
6,energiø bornholm,6: energiø bornholm,
6,energiø bornholm,6: energiø bornholm,
6,energiø bornholm,6: energiø bornholm,
6,energiø bornholm,6: energiø bornholm,
6,energiø bornholm,6: energiø bornholm,
6,energiø bornholm,6: energiø bornholm,
6,energiø bornholm,6: energiø bornholm,
6,energiø bornholm,6: energiø bornholm,
6,energiø bornholm,6: energiø bornholm,
6,energiø bornholm,6: energiø bornholm,
6,energiø bornholm,6: energiø bornholm,
6,energiø bornholm,6: energiø bornholm,
6,energiø bornholm,6: energiø bornholm,
6,energiø bornholm,6: energiø bornholm,
6,energiø bornholm,6: energiø bornholm,
6,energiø bornholm,6: energiø bornholm,
6,energiø bornholm,6: energiø bornholm,
6,energiø bornholm,6: energiø bornholm,
6,energiø bornholm,6: energiø bornholm,
6,energiø bornholm,6: energiø bornholm,
6,energiø bornholm,6: energiø bornholm,
6,energiø bornholm,6: energiø bornholm,
6,energiø bornholm,6: energiø bornholm,
6,energiø bornholm,6: energiø bornholm,
6,energiø bornholm,6: energiø bornholm,
6,energiø bornholm,6: energiø bornholm,
6,energiø bornholm,6: energiø bornholm,
6,energiø bornholm,6: energiø bornholm,
6,energiø bornholm,6: energiø bornholm,
6,energiø bornholm,6: energiø bornholm,
6,energiø bornholm,6: energiø bornholm,
6,energiø bornholm,6: energiø bornholm,
6,energiø bornholm,6: energiø bornholm,
6,energiø bornholm,6: energiø bornholm,
6,energiø bornholm,6: energiø bornholm,
6,energiø bornholm,6: energiø bornholm,
6,energiø bornholm,6: energiø bornholm,
6,energiø bornholm,6: energiø bornholm,
6,energiø bornholm,6: energiø bornholm,
6,energiø bornholm,6: energiø bornholm,
6,energiø bornholm,6: energiø bornholm,
6,energiø bornholm,6: energiø bornholm,
6,energiø bornholm,6: energiø bornholm,
6,energiø bornholm,6: energiø bornholm,
6,energiø bornholm,6: energiø bornholm,
6,energiø bornholm,6: energiø bornholm,
6,energiø bornholm,6: energiø bornholm,
6,energiø bornholm,6: energiø bornholm,
6,energiø bornholm,6: energiø bornholm,
6,energiø bornholm,6: energiø bornholm,
6,energiø bornholm,6: energiø bornholm,
6,energiø bornholm,6: energiø bornholm,
6,energiø bornholm,6: energiø bornholm,
6,energiø bornholm,6: energiø bornholm,
6,energiø bornholm,6: energiø bornholm,
6,energiø bornholm,6: energiø bornholm,
6,energiø bornholm,6: energiø bornholm,
6,energiø bornholm,6: energiø bornholm,
6,energiø bornholm,6: energiø bornholm,
6,energiø bornholm,6: energiø bornholm,
6,energiø bornholm,6: energiø bornholm,
6,energiø bornholm,6: energiø bornholm,
6,energiø bornholm,6: energiø bornholm,
6,energiø bornholm,6: energiø bornholm,
6,energiø bornholm,6: energiø bornholm,
6,energiø bornholm,6: energiø bornholm,
6,energiø bornholm,6: energiø bornholm,
6,energiø bornholm,6: energiø bornholm,
6,energiø bornholm,6: energiø bornholm,
6,energiø bornholm,6: energiø bornholm,
6,energiø bornholm,6: energiø bornholm,
6,energiø bornholm,6: energiø bornholm,
6,energiø bornholm,6: energiø bornholm,
6,energiø bornholm,6: energiø bornholm,
6,energiø bornholm,6: energiø bornholm,
6,energiø bornholm,6: energiø bornholm,
6,energiø bornholm,6: energiø bornholm,
6,energiø bornholm,6: energiø bornholm,
6,energiø bornholm,6: energiø bornholm,
6,energiø bornholm,6: energiø bornholm,
6,energiø bornholm,6: energiø bornholm,
6,energiø bornholm,6: energiø bornholm,
6,energiø bornholm,6: energiø bornholm,
6,energiø bornholm,6: energiø bornholm,
6,energiø bornholm,6: energiø bornholm,
6,energiø bornholm,6: energiø bornholm,
6,energiø bornholm,6: energiø bornholm,
6,energiø bornholm,6: energiø bornholm,
6,energiø bornholm,6: energiø bornholm,
6,energiø bornholm,6: energiø bornholm,
6,energiø bornholm,6: energiø bornholm,
6,energiø bornholm,6: energiø bornholm,
6,energiø bornholm,6: energiø bornholm,
6,energiø bornholm,6: energiø bornholm,
6,energiø bornholm,6: energiø bornholm,
6,energiø bornholm,6: energiø bornholm,
6,energiø bornholm,6: energiø bornholm,
6,energiø bornholm,6: energiø bornholm,
6,energiø bornholm,6: energiø bornholm,
6,energiø bornholm,6: energiø bornholm,
6,energiø bornholm,6: energiø bornholm,
6,energiø bornholm,6: energiø bornholm,
6,energiø bornholm,6: energiø bornholm,
6,energiø bornholm,6: energiø bornholm,
6,energiø bornholm,6: energiø bornholm,
6,energiø bornholm,6: energiø bornholm,
6,energiø bornholm,6: energiø bornholm,
6,energiø bornholm,6: energiø bornholm,
6,energiø bornholm,6: energiø bornholm,
6,energiø bornholm,6: energiø bornholm,
6,energiø bornholm,6: energiø bornholm,
6,energiø bornholm,6: energiø bornholm,
6,energiø bornholm,6: energiø bornholm,
6,energiø bornholm,6: energiø bornholm,
6,energiø bornholm,6: energiø bornholm,
6,energiø bornholm,6: energiø bornholm,
6,energiø bornholm,6: energiø bornholm,
6,energiø bornholm,6: energiø bornholm,
6,energiø bornholm,6: energiø bornholm,
6,energiø bornholm,6: energiø bornholm,
6,energiø bornholm,6: energiø bornholm,
6,energiø bornholm,6: energiø bornholm,
6,energiø bornholm,6: energiø bornholm,
6,energiø bornholm,6: energiø bornholm,
6,energiø bornholm,6: energiø bornholm,
6,energiø bornholm,6: energiø bornholm,
6,energiø bornholm,6: energiø bornholm,
6,energiø bornholm,6: energiø bornholm,
6,energiø bornholm,6: energiø bornholm,
6,energiø bornholm,6: energiø bornholm,
6,energiø bornholm,6: energiø bornholm,
6,energiø bornholm,6: energiø bornholm,
2,municip council,2: municip council,
2,municip council,2: municip council,
2,municip council,2: municip council,
2,municip council,2: municip council,
2,municip council,2: municip council,
2,municip council,2: municip council,
2,municip council,2: municip council,
2,municip council,2: municip council,
2,municip council,2: municip council,
2,municip council,2: municip council,
2,municip council,2: municip council,
2,municip council,2: municip council,
2,municip council,2: municip council,
2,municip council,2: municip council,
2,municip council,2: municip council,
2,municip council,2: municip council,
2,municip council,2: municip council,
2,municip council,2: municip council,
2,municip council,2: municip council,
2,municip council,2: municip council,
2,municip council,2: municip council,
2,municip council,2: municip council,
2,municip council,2: municip council,
2,municip council,2: municip council,
2,municip council,2: municip council,
2,municip council,2: municip council,
2,municip council,2: municip council,
2,municip council,2: municip council,
2,municip council,2: municip council,
2,municip council,2: municip council,
2,municip council,2: municip council,
2,municip council,2: municip council,
2,municip council,2: municip council,
2,municip council,2: municip council,
2,municip council,2: municip council,
2,municip council,2: municip council,
2,municip council,2: municip council,
2,municip council,2: municip council,
2,municip council,2: municip council,
2,municip council,2: municip council,
2,municip council,2: municip council,
2,municip council,2: municip council,
2,municip council,2: municip council,
2,municip council,2: municip council,
2,municip council,2: municip council,
2,municip council,2: municip council,
2,municip council,2: municip council,
2,municip council,2: municip council,
2,municip council,2: municip council,
2,municip council,2: municip council,
2,municip council,2: municip council,
2,municip council,2: municip council,
2,municip council,2: municip council,
2,municip council,2: municip council,
2,municip council,2: municip council,
2,municip council,2: municip council,
2,municip council,2: municip council,
2,municip council,2: municip council,
2,municip council,2: municip council,
2,municip council,2: municip council,
2,municip council,2: municip council,
2,municip council,2: municip council,
2,municip council,2: municip council,
2,municip council,2: municip council,
2,municip council,2: municip council,
2,municip council,2: municip council,
2,municip council,2: municip council,
2,municip council,2: municip council,
2,municip council,2: municip council,
2,municip council,2: municip council,
2,municip council,2: municip council,
2,municip council,2: municip council,
2,municip council,2: municip council,
2,municip council,2: municip council,
2,municip council,2: municip council,
2,municip council,2: municip council,
2,municip council,2: municip council,
2,municip council,2: municip council,
2,municip council,2: municip council,
2,municip council,2: municip council,
2,municip council,2: municip council,
2,municip council,2: municip council,
2,municip council,2: municip council,
2,municip council,2: municip council,
2,municip council,2: municip council,
2,municip council,2: municip council,
2,municip council,2: municip council,
2,municip council,2: municip council,
2,municip council,2: municip council,
2,municip council,2: municip council,
2,municip council,2: municip council,
2,municip council,2: municip council,
2,municip council,2: municip council,
2,municip council,2: municip council,
2,municip council,2: municip council,
2,municip council,2: municip council,
2,municip council,2: municip council,
2,municip council,2: municip council,
2,municip council,2: municip council,
2,municip council,2: municip council,
2,municip council,2: municip council,
2,municip council,2: municip council,
2,municip council,2: municip council,
2,municip council,2: municip council,
2,municip council,2: municip council,
2,municip council,2: municip council,
2,municip council,2: municip council,
2,municip council,2: municip council,
2,municip council,2: municip council,
2,municip council,2: municip council,
2,municip council,2: municip council,
2,municip council,2: municip council,
2,municip council,2: municip council,
2,municip council,2: municip council,
2,municip council,2: municip council,
2,municip council,2: municip council,
2,municip council,2: municip council,
2,municip council,2: municip council,
2,municip council,2: municip council,
2,municip council,2: municip council,
2,municip council,2: municip council,
2,municip council,2: municip council,
2,municip council,2: municip council,
2,municip council,2: municip council,
2,municip council,2: municip council,
2,municip council,2: municip council,
2,municip council,2: municip council,
2,municip council,2: municip council,
2,municip council,2: municip council,
2,municip council,2: municip council,
2,municip council,2: municip council,
2,municip council,2: municip council,
2,municip council,2: municip council,
2,municip council,2: municip council,
2,municip council,2: municip council,
2,municip council,2: municip council,
2,municip council,2: municip council,
2,municip council,2: municip council,
2,municip council,2: municip council,
2,municip council,2: municip council,
2,municip council,2: municip council,
2,municip council,2: municip council,
2,municip council,2: municip council,
2,municip council,2: municip council,
2,municip council,2: municip council,
2,municip council,2: municip council,
2,municip council,2: municip council,
2,municip council,2: municip council,
2,municip council,2: municip council,
2,municip council,2: municip council,
2,municip council,2: municip council,
2,municip council,2: municip council,
2,municip council,2: municip council,
2,municip council,2: municip council,
2,municip council,2: municip council,
2,municip council,2: municip council,
2,municip council,2: municip council,
2,municip council,2: municip council,
2,municip council,2: municip council,
2,municip council,2: municip council,
2,municip council,2: municip council,
2,municip council,2: municip council,
2,municip council,2: municip council,
2,municip council,2: municip council,
2,municip council,2: municip council,
2,municip council,2: municip council,
2,municip council,2: municip council,
2,municip council,2: municip council,
2,municip council,2: municip council,
2,municip council,2: municip council,
2,municip council,2: municip council,
2,municip council,2: municip council,
2,municip council,2: municip council,
2,municip council,2: municip council,
2,municip council,2: municip council,
2,municip council,2: municip council,
2,municip council,2: municip council,
2,municip council,2: municip council,
2,municip council,2: municip council,
2,municip council,2: municip council,
2,municip council,2: municip council,
2,municip council,2: municip council,
2,municip council,2: municip council,
2,municip council,2: municip council,
2,municip council,2: municip council,
2,municip council,2: municip council,
2,municip council,2: municip council,
2,municip council,2: municip council,
2,municip council,2: municip council,
2,municip council,2: municip council,
2,municip council,2: municip council,
2,municip council,2: municip council,
2,municip council,2: municip council,
2,municip council,2: municip council,
2,municip council,2: municip council,
2,municip council,2: municip council,
2,municip council,2: municip council,
2,municip council,2: municip council,
2,municip council,2: municip council,
2,municip council,2: municip council,
2,municip council,2: municip council,
2,municip council,2: municip council,
2,municip council,2: municip council,
2,municip council,2: municip council,
2,municip council,2: municip council,
2,municip council,2: municip council,
2,municip council,2: municip council,
2,municip council,2: municip council,
2,municip council,2: municip council,
2,municip council,2: municip council,
2,municip council,2: municip council,
2,municip council,2: municip council,
2,municip council,2: municip council,
2,municip council,2: municip council,
2,municip council,2: municip council,
2,municip council,2: municip council,
2,municip council,2: municip council,
2,municip council,2: municip council,
2,municip council,2: municip council,
2,municip council,2: municip council,
2,municip council,2: municip council,
2,municip council,2: municip council,
2,municip council,2: municip council,
2,municip council,2: municip council,
2,municip council,2: municip council,
2,municip council,2: municip council,
2,municip council,2: municip council,
2,municip council,2: municip council,
2,municip council,2: municip council,
2,municip council,2: municip council,
2,municip council,2: municip council,
2,municip council,2: municip council,
2,municip council,2: municip council,
2,municip council,2: municip council,
2,municip council,2: municip council,
2,municip council,2: municip council,
2,municip council,2: municip council,
2,municip council,2: municip council,
2,municip council,2: municip council,
2,municip council,2: municip council,
2,municip council,2: municip council,
2,municip council,2: municip council,
2,municip council,2: municip council,
2,municip council,2: municip council,
2,municip council,2: municip council,
2,municip council,2: municip council,
2,municip council,2: municip council,
2,municip council,2: municip council,
2,municip council,2: municip council,
2,municip council,2: municip council,
2,municip council,2: municip council,
2,municip council,2: municip council,
2,municip council,2: municip council,
2,municip council,2: municip council,
2,municip council,2: municip council,
2,municip council,2: municip council,
2,municip council,2: municip council,
2,municip council,2: municip council,
2,municip council,2: municip council,
2,municip council,2: municip council,
2,municip council,2: municip council,
2,municip council,2: municip council,
2,municip council,2: municip council,
2,municip council,2: municip council,
2,municip council,2: municip council,
2,municip council,2: municip council,
2,municip council,2: municip council,
2,municip council,2: municip council,
2,municip council,2: municip council,
2,municip council,2: municip council,
2,municip council,2: municip council,
2,municip council,2: municip council,
2,municip council,2: municip council,
2,municip council,2: municip council,
2,municip council,2: municip council,
2,municip council,2: municip council,
2,municip council,2: municip council,
2,municip council,2: municip council,
2,municip council,2: municip council,
2,municip council,2: municip council,
2,municip council,2: municip council,
2,municip council,2: municip council,
2,municip council,2: municip council,
2,municip council,2: municip council,
2,municip council,2: municip council,
2,municip council,2: municip council,
2,municip council,2: municip council,
2,municip council,2: municip council,
2,municip council,2: municip council,
2,municip council,2: municip council,
2,municip council,2: municip council,
2,municip council,2: municip council,
2,municip council,2: municip council,
2,municip council,2: municip council,
2,municip council,2: municip council,
2,municip council,2: municip council,
2,municip council,2: municip council,
2,municip council,2: municip council,
2,municip council,2: municip council,
2,municip council,2: municip council,
2,municip council,2: municip council,
2,municip council,2: municip council,
2,municip council,2: municip council,
2,municip council,2: municip council,
2,municip council,2: municip council,
2,municip council,2: municip council,
2,municip council,2: municip council,
2,municip council,2: municip council,
2,municip council,2: municip council,
2,municip council,2: municip council,
2,municip council,2: municip council,
2,municip council,2: municip council,
4,baltic sea,4: baltic sea,
4,baltic sea,4: baltic sea,
4,baltic sea,4: baltic sea,
4,baltic sea,4: baltic sea,
4,baltic sea,4: baltic sea,
4,baltic sea,4: baltic sea,
4,baltic sea,4: baltic sea,
4,baltic sea,4: baltic sea,
4,baltic sea,4: baltic sea,
4,baltic sea,4: baltic sea,
4,baltic sea,4: baltic sea,
4,baltic sea,4: baltic sea,
4,baltic sea,4: baltic sea,
4,baltic sea,4: baltic sea,
4,baltic sea,4: baltic sea,
4,baltic sea,4: baltic sea,
4,baltic sea,4: baltic sea,
4,baltic sea,4: baltic sea,
4,baltic sea,4: baltic sea,
4,baltic sea,4: baltic sea,
4,baltic sea,4: baltic sea,
4,baltic sea,4: baltic sea,
4,baltic sea,4: baltic sea,
4,baltic sea,4: baltic sea,
4,baltic sea,4: baltic sea,
4,baltic sea,4: baltic sea,
4,baltic sea,4: baltic sea,
4,baltic sea,4: baltic sea,
4,baltic sea,4: baltic sea,
4,baltic sea,4: baltic sea,
4,baltic sea,4: baltic sea,
4,baltic sea,4: baltic sea,
4,baltic sea,4: baltic sea,
4,baltic sea,4: baltic sea,
4,baltic sea,4: baltic sea,
4,baltic sea,4: baltic sea,
4,baltic sea,4: baltic sea,
4,baltic sea,4: baltic sea,
4,baltic sea,4: baltic sea,
4,baltic sea,4: baltic sea,
4,baltic sea,4: baltic sea,
4,baltic sea,4: baltic sea,
4,baltic sea,4: baltic sea,
4,baltic sea,4: baltic sea,
4,baltic sea,4: baltic sea,
4,baltic sea,4: baltic sea,
4,baltic sea,4: baltic sea,
4,baltic sea,4: baltic sea,
4,baltic sea,4: baltic sea,
4,baltic sea,4: baltic sea,
4,baltic sea,4: baltic sea,
4,baltic sea,4: baltic sea,
4,baltic sea,4: baltic sea,
4,baltic sea,4: baltic sea,
4,baltic sea,4: baltic sea,
4,baltic sea,4: baltic sea,
4,baltic sea,4: baltic sea,
4,baltic sea,4: baltic sea,
4,baltic sea,4: baltic sea,
4,baltic sea,4: baltic sea,
4,baltic sea,4: baltic sea,
4,baltic sea,4: baltic sea,
4,baltic sea,4: baltic sea,
4,baltic sea,4: baltic sea,
4,baltic sea,4: baltic sea,
4,baltic sea,4: baltic sea,
4,baltic sea,4: baltic sea,
4,baltic sea,4: baltic sea,
4,baltic sea,4: baltic sea,
4,baltic sea,4: baltic sea,
4,baltic sea,4: baltic sea,
4,baltic sea,4: baltic sea,
4,baltic sea,4: baltic sea,
4,baltic sea,4: baltic sea,
4,baltic sea,4: baltic sea,
4,baltic sea,4: baltic sea,
4,baltic sea,4: baltic sea,
4,baltic sea,4: baltic sea,
4,baltic sea,4: baltic sea,
4,baltic sea,4: baltic sea,
4,baltic sea,4: baltic sea,
4,baltic sea,4: baltic sea,
4,baltic sea,4: baltic sea,
4,baltic sea,4: baltic sea,
4,baltic sea,4: baltic sea,
4,baltic sea,4: baltic sea,
4,baltic sea,4: baltic sea,
4,baltic sea,4: baltic sea,
4,baltic sea,4: baltic sea,
4,baltic sea,4: baltic sea,
4,baltic sea,4: baltic sea,
4,baltic sea,4: baltic sea,
4,baltic sea,4: baltic sea,
4,baltic sea,4: baltic sea,
4,baltic sea,4: baltic sea,
4,baltic sea,4: baltic sea,
4,baltic sea,4: baltic sea,
4,baltic sea,4: baltic sea,
4,baltic sea,4: baltic sea,
4,baltic sea,4: baltic sea,
4,baltic sea,4: baltic sea,
4,baltic sea,4: baltic sea,
4,baltic sea,4: baltic sea,
4,baltic sea,4: baltic sea,
4,baltic sea,4: baltic sea,
4,baltic sea,4: baltic sea,
4,baltic sea,4: baltic sea,
4,baltic sea,4: baltic sea,
4,baltic sea,4: baltic sea,
4,baltic sea,4: baltic sea,
4,baltic sea,4: baltic sea,
4,baltic sea,4: baltic sea,
4,baltic sea,4: baltic sea,
4,baltic sea,4: baltic sea,
4,baltic sea,4: baltic sea,
4,baltic sea,4: baltic sea,
4,baltic sea,4: baltic sea,
4,baltic sea,4: baltic sea,
4,baltic sea,4: baltic sea,
4,baltic sea,4: baltic sea,
4,baltic sea,4: baltic sea,
4,baltic sea,4: baltic sea,
4,baltic sea,4: baltic sea,
4,baltic sea,4: baltic sea,
4,baltic sea,4: baltic sea,
4,baltic sea,4: baltic sea,
4,baltic sea,4: baltic sea,
4,baltic sea,4: baltic sea,
4,baltic sea,4: baltic sea,
4,baltic sea,4: baltic sea,
4,baltic sea,4: baltic sea,
4,baltic sea,4: baltic sea,
4,baltic sea,4: baltic sea,
4,baltic sea,4: baltic sea,
4,baltic sea,4: baltic sea,
4,baltic sea,4: baltic sea,
4,baltic sea,4: baltic sea,
4,baltic sea,4: baltic sea,
2,municip council,2: municip council,
2,municip council,2: municip council,
2,municip council,2: municip council,
2,municip council,2: municip council,
2,municip council,2: municip council,
2,municip council,2: municip council,
2,municip council,2: municip council,
2,municip council,2: municip council,
2,municip council,2: municip council,
2,municip council,2: municip council,
2,municip council,2: municip council,
2,municip council,2: municip council,
2,municip council,2: municip council,
2,municip council,2: municip council,
2,municip council,2: municip council,
2,municip council,2: municip council,
2,municip council,2: municip council,
2,municip council,2: municip council,
2,municip council,2: municip council,
2,municip council,2: municip council,
2,municip council,2: municip council,
2,municip council,2: municip council,
2,municip council,2: municip council,
2,municip council,2: municip council,
2,municip council,2: municip council,
2,municip council,2: municip council,
2,municip council,2: municip council,
2,municip council,2: municip council,
2,municip council,2: municip council,
2,municip council,2: municip council,
2,municip council,2: municip council,
2,municip council,2: municip council,
2,municip council,2: municip council,
2,municip council,2: municip council,
2,municip council,2: municip council,
2,municip council,2: municip council,
2,municip council,2: municip council,
2,municip council,2: municip council,
2,municip council,2: municip council,
2,municip council,2: municip council,
2,municip council,2: municip council,
2,municip council,2: municip council,
2,municip council,2: municip council,
2,municip council,2: municip council,
2,municip council,2: municip council,
2,municip council,2: municip council,
2,municip council,2: municip council,
2,municip council,2: municip council,
2,municip council,2: municip council,
2,municip council,2: municip council,
2,municip council,2: municip council,
2,municip council,2: municip council,
2,municip council,2: municip council,
2,municip council,2: municip council,
2,municip council,2: municip council,
2,municip council,2: municip council,
2,municip council,2: municip council,
2,municip council,2: municip council,
2,municip council,2: municip council,
2,municip council,2: municip council,
2,municip council,2: municip council,
2,municip council,2: municip council,
2,municip council,2: municip council,
2,municip council,2: municip council,
2,municip council,2: municip council,
2,municip council,2: municip council,
2,municip council,2: municip council,
2,municip council,2: municip council,
2,municip council,2: municip council,
2,municip council,2: municip council,
2,municip council,2: municip council,
2,municip council,2: municip council,
2,municip council,2: municip council,
2,municip council,2: municip council,
2,municip council,2: municip council,
2,municip council,2: municip council,
2,municip council,2: municip council,
2,municip council,2: municip council,
2,municip council,2: municip council,
2,municip council,2: municip council,
2,municip council,2: municip council,
2,municip council,2: municip council,
2,municip council,2: municip council,
2,municip council,2: municip council,
2,municip council,2: municip council,
2,municip council,2: municip council,
2,municip council,2: municip council,
2,municip council,2: municip council,
2,municip council,2: municip council,
2,municip council,2: municip council,
2,municip council,2: municip council,
2,municip council,2: municip council,
2,municip council,2: municip council,
2,municip council,2: municip council,
2,municip council,2: municip council,
2,municip council,2: municip council,
2,municip council,2: municip council,
2,municip council,2: municip council,
2,municip council,2: municip council,
2,municip council,2: municip council,
2,municip council,2: municip council,
2,municip council,2: municip council,
2,municip council,2: municip council,
2,municip council,2: municip council,
2,municip council,2: municip council,
2,municip council,2: municip council,
2,municip council,2: municip council,
2,municip council,2: municip council,
2,municip council,2: municip council,
2,municip council,2: municip council,
2,municip council,2: municip council,
2,municip council,2: municip council,
2,municip council,2: municip council,
2,municip council,2: municip council,
2,municip council,2: municip council,
2,municip council,2: municip council,
2,municip council,2: municip council,
2,municip council,2: municip council,
2,municip council,2: municip council,
2,municip council,2: municip council,
2,municip council,2: municip council,
2,municip council,2: municip council,
2,municip council,2: municip council,
2,municip council,2: municip council,
2,municip council,2: municip council,
2,municip council,2: municip council,
2,municip council,2: municip council,
2,municip council,2: municip council,
2,municip council,2: municip council,
2,municip council,2: municip council,
2,municip council,2: municip council,
2,municip council,2: municip council,
2,municip council,2: municip council,
2,municip council,2: municip council,
2,municip council,2: municip council,
2,municip council,2: municip council,
2,municip council,2: municip council,
2,municip council,2: municip council,
2,municip council,2: municip council,
2,municip council,2: municip council,
2,municip council,2: municip council,
2,municip council,2: municip council,
2,municip council,2: municip council,
2,municip council,2: municip council,
2,municip council,2: municip council,
2,municip council,2: municip council,
2,municip council,2: municip council,
2,municip council,2: municip council,
2,municip council,2: municip council,
2,municip council,2: municip council,
2,municip council,2: municip council,
2,municip council,2: municip council,
2,municip council,2: municip council,
2,municip council,2: municip council,
2,municip council,2: municip council,
2,municip council,2: municip council,
2,municip council,2: municip council,
2,municip council,2: municip council,
2,municip council,2: municip council,
2,municip council,2: municip council,
2,municip council,2: municip council,
2,municip council,2: municip council,
2,municip council,2: municip council,
2,municip council,2: municip council,
2,municip council,2: municip council,
2,municip council,2: municip council,
2,municip council,2: municip council,
2,municip council,2: municip council,
2,municip council,2: municip council,
2,municip council,2: municip council,
2,municip council,2: municip council,
2,municip council,2: municip council,
2,municip council,2: municip council,
2,municip council,2: municip council,
2,municip council,2: municip council,
2,municip council,2: municip council,
2,municip council,2: municip council,
2,municip council,2: municip council,
2,municip council,2: municip council,
2,municip council,2: municip council,
2,municip council,2: municip council,
2,municip council,2: municip council,
2,municip council,2: municip council,
2,municip council,2: municip council,
2,municip council,2: municip council,
2,municip council,2: municip council,
2,municip council,2: municip council,
2,municip council,2: municip council,
2,municip council,2: municip council,
2,municip council,2: municip council,
2,municip council,2: municip council,
2,municip council,2: municip council,
2,municip council,2: municip council,
2,municip council,2: municip council,
2,municip council,2: municip council,
2,municip council,2: municip council,
2,municip council,2: municip council,
2,municip council,2: municip council,
2,municip council,2: municip council,
2,municip council,2: municip council,
2,municip council,2: municip council,
2,municip council,2: municip council,
2,municip council,2: municip council,
2,municip council,2: municip council,
2,municip council,2: municip council,
2,municip council,2: municip council,
2,municip council,2: municip council,
2,municip council,2: municip council,
2,municip council,2: municip council,
2,municip council,2: municip council,
2,municip council,2: municip council,
2,municip council,2: municip council,
2,municip council,2: municip council,
2,municip council,2: municip council,
2,municip council,2: municip council,
2,municip council,2: municip council,
2,municip council,2: municip council,
2,municip council,2: municip council,
2,municip council,2: municip council,
2,municip council,2: municip council,
2,municip council,2: municip council,
2,municip council,2: municip council,
2,municip council,2: municip council,
2,municip council,2: municip council,
2,municip council,2: municip council,
2,municip council,2: municip council,
2,municip council,2: municip council,
2,municip council,2: municip council,
2,municip council,2: municip council,
2,municip council,2: municip council,
2,municip council,2: municip council,
2,municip council,2: municip council,
2,municip council,2: municip council,
2,municip council,2: municip council,
2,municip council,2: municip council,
2,municip council,2: municip council,
2,municip council,2: municip council,
2,municip council,2: municip council,
2,municip council,2: municip council,
2,municip council,2: municip council,
2,municip council,2: municip council,
2,municip council,2: municip council,
2,municip council,2: municip council,
2,municip council,2: municip council,
2,municip council,2: municip council,
2,municip council,2: municip council,
2,municip council,2: municip council,
2,municip council,2: municip council,
2,municip council,2: municip council,
2,municip council,2: municip council,
2,municip council,2: municip council,
2,municip council,2: municip council,
2,municip council,2: municip council,
2,municip council,2: municip council,
2,municip council,2: municip council,
2,municip council,2: municip council,
2,municip council,2: municip council,
2,municip council,2: municip council,
2,municip council,2: municip council,
2,municip council,2: municip council,
2,municip council,2: municip council,
2,municip council,2: municip council,
2,municip council,2: municip council,
2,municip council,2: municip council,
2,municip council,2: municip council,
2,municip council,2: municip council,
2,municip council,2: municip council,
2,municip council,2: municip council,
2,municip council,2: municip council,
2,municip council,2: municip council,
2,municip council,2: municip council,
2,municip council,2: municip council,
2,municip council,2: municip council,
2,municip council,2: municip council,
2,municip council,2: municip council,
2,municip council,2: municip council,
2,municip council,2: municip council,
2,municip council,2: municip council,
2,municip council,2: municip council,
2,municip council,2: municip council,
2,municip council,2: municip council,
2,municip council,2: municip council,
2,municip council,2: municip council,
2,municip council,2: municip council,
2,municip council,2: municip council,
2,municip council,2: municip council,
2,municip council,2: municip council,
2,municip council,2: municip council,
2,municip council,2: municip council,
2,municip council,2: municip council,
2,municip council,2: municip council,
2,municip council,2: municip council,
2,municip council,2: municip council,
2,municip council,2: municip council,
2,municip council,2: municip council,
2,municip council,2: municip council,
2,municip council,2: municip council,
2,municip council,2: municip council,
2,municip council,2: municip council,
2,municip council,2: municip council,
2,municip council,2: municip council,
2,municip council,2: municip council,
2,municip council,2: municip council,
2,municip council,2: municip council,
2,municip council,2: municip council,
2,municip council,2: municip council,
2,municip council,2: municip council,
2,municip council,2: municip council,
2,municip council,2: municip council,
2,municip council,2: municip council,
2,municip council,2: municip council,
2,municip council,2: municip council,
2,municip council,2: municip council,
2,municip council,2: municip council,
2,municip council,2: municip council,
2,municip council,2: municip council,
2,municip council,2: municip council,
2,municip council,2: municip council,
2,municip council,2: municip council,
2,municip council,2: municip council,
2,municip council,2: municip council,
2,municip council,2: municip council,
2,municip council,2: municip council,
2,municip council,2: municip council,
2,municip council,2: municip council,
2,municip council,2: municip council,
2,municip council,2: municip council,
2,municip council,2: municip council,
2,municip council,2: municip council,
2,municip council,2: municip council,
2,municip council,2: municip council,
2,municip council,2: municip council,
2,municip council,2: municip council,
2,municip council,2: municip council,
2,municip council,2: municip council,
2,municip council,2: municip council,
2,municip council,2: municip council,
2,municip council,2: municip council,
2,municip council,2: municip council,
2,municip council,2: municip council,
2,municip council,2: municip council,
2,municip council,2: municip council,
2,municip council,2: municip council,
2,municip council,2: municip council,
2,municip council,2: municip council,
2,municip council,2: municip council,
2,municip council,2: municip council,
2,municip council,2: municip council,
2,municip council,2: municip council,
2,municip council,2: municip council,
2,municip council,2: municip council,
2,municip council,2: municip council,
2,municip council,2: municip council,
2,municip council,2: municip council,
2,municip council,2: municip council,
2,municip council,2: municip council,
2,municip council,2: municip council,
2,municip council,2: municip council,
2,municip council,2: municip council,
2,municip council,2: municip council,
2,municip council,2: municip council,
2,municip council,2: municip council,
2,municip council,2: municip council,
2,municip council,2: municip council,
2,municip council,2: municip council,
2,municip council,2: municip council,
2,municip council,2: municip council,
2,municip council,2: municip council,
2,municip council,2: municip council,
2,municip council,2: municip council,
2,municip council,2: municip council,
2,municip council,2: municip council,
2,municip council,2: municip council,
2,municip council,2: municip council,
2,municip council,2: municip council,
2,municip council,2: municip council,
2,municip council,2: municip council,
2,municip council,2: municip council,
2,municip council,2: municip council,
2,municip council,2: municip council,
2,municip council,2: municip council,
2,municip council,2: municip council,
2,municip council,2: municip council,
2,municip council,2: municip council,
2,municip council,2: municip council,
2,municip council,2: municip council,
2,municip council,2: municip council,
2,municip council,2: municip council,
2,municip council,2: municip council,
2,municip council,2: municip council,
2,municip council,2: municip council,
2,municip council,2: municip council,
2,municip council,2: municip council,
2,municip council,2: municip council,
2,municip council,2: municip council,
2,municip council,2: municip council,
2,municip council,2: municip council,
2,municip council,2: municip council,
2,municip council,2: municip council,
2,municip council,2: municip council,
2,municip council,2: municip council,
2,municip council,2: municip council,
2,municip council,2: municip council,
2,municip council,2: municip council,
2,municip council,2: municip council,
2,municip council,2: municip council,
2,municip council,2: municip council,
2,municip council,2: municip council,
2,municip council,2: municip council,
2,municip council,2: municip council,
2,municip council,2: municip council,
2,municip council,2: municip council,
2,municip council,2: municip council,
2,municip council,2: municip council,
2,municip council,2: municip council,
2,municip council,2: municip council,
2,municip council,2: municip council,
2,municip council,2: municip council,
2,municip council,2: municip council,
2,municip council,2: municip council,
2,municip council,2: municip council,
2,municip council,2: municip council,
2,municip council,2: municip council,
2,municip council,2: municip council,
2,municip council,2: municip council,
2,municip council,2: municip council,
2,municip council,2: municip council,
2,municip council,2: municip council,
2,municip council,2: municip council,
2,municip council,2: municip council,
2,municip council,2: municip council,
2,municip council,2: municip council,
2,municip council,2: municip council,
2,municip council,2: municip council,
2,municip council,2: municip council,
2,municip council,2: municip council,
2,municip council,2: municip council,
2,municip council,2: municip council,
2,municip council,2: municip council,
2,municip council,2: municip council,
2,municip council,2: municip council,
2,municip council,2: municip council,
2,municip council,2: municip council,
2,municip council,2: municip council,
2,municip council,2: municip council,
2,municip council,2: municip council,
2,municip council,2: municip council,
2,municip council,2: municip council,
2,municip council,2: municip council,
2,municip council,2: municip council,
2,municip council,2: municip council,
2,municip council,2: municip council,
2,municip council,2: municip council,
2,municip council,2: municip council,
2,municip council,2: municip council,
2,municip council,2: municip council,
2,municip council,2: municip council,
2,municip council,2: municip council,
2,municip council,2: municip council,
2,municip council,2: municip council,
2,municip council,2: municip council,
2,municip council,2: municip council,
2,municip council,2: municip council,
2,municip council,2: municip council,
2,municip council,2: municip council,
2,municip council,2: municip council,
2,municip council,2: municip council,
2,municip council,2: municip council,
2,municip council,2: municip council,
2,municip council,2: municip council,
2,municip council,2: municip council,
2,municip council,2: municip council,
2,municip council,2: municip council,
2,municip council,2: municip council,
2,municip council,2: municip council,
2,municip council,2: municip council,
2,municip council,2: municip council,
2,municip council,2: municip council,
2,municip council,2: municip council,
2,municip council,2: municip council,
2,municip council,2: municip council,
2,municip council,2: municip council,
2,municip council,2: municip council,
2,municip council,2: municip council,
2,municip council,2: municip council,
2,municip council,2: municip council,
2,municip council,2: municip council,
2,municip council,2: municip council,
2,municip council,2: municip council,
2,municip council,2: municip council,
2,municip council,2: municip council,
2,municip council,2: municip council,
2,municip council,2: municip council,
2,municip council,2: municip council,
2,municip council,2: municip council,
2,municip council,2: municip council,
2,municip council,2: municip council,
2,municip council,2: municip council,
2,municip council,2: municip council,
2,municip council,2: municip council,
2,municip council,2: municip council,
2,municip council,2: municip council,
2,municip council,2: municip council,
2,municip council,2: municip council,
2,municip council,2: municip council,
2,municip council,2: municip council,
2,municip council,2: municip council,
2,municip council,2: municip council,
2,municip council,2: municip council,
2,municip council,2: municip council,
2,municip council,2: municip council,
2,municip council,2: municip council,
2,municip council,2: municip council,
2,municip council,2: municip council,
2,municip council,2: municip council,
2,municip council,2: municip council,
2,municip council,2: municip council,
2,municip council,2: municip council,
2,municip council,2: municip council,
2,municip council,2: municip council,
2,municip council,2: municip council,
2,municip council,2: municip council,
2,municip council,2: municip council,
2,municip council,2: municip council,
2,municip council,2: municip council,
2,municip council,2: municip council,
2,municip council,2: municip council,
2,municip council,2: municip council,
2,municip council,2: municip council,
2,municip council,2: municip council,
2,municip council,2: municip council,
2,municip council,2: municip council,
2,municip council,2: municip council,
2,municip council,2: municip council,
2,municip council,2: municip council,
2,municip council,2: municip council,
2,municip council,2: municip council,
2,municip council,2: municip council,
2,municip council,2: municip council,
2,municip council,2: municip council,
2,municip council,2: municip council,
2,municip council,2: municip council,
2,municip council,2: municip council,
2,municip council,2: municip council,
2,municip council,2: municip council,
2,municip council,2: municip council,
2,municip council,2: municip council,
2,municip council,2: municip council,
2,municip council,2: municip council,
2,municip council,2: municip council,
2,municip council,2: municip council,
2,municip council,2: municip council,
2,municip council,2: municip council,
2,municip council,2: municip council,
2,municip council,2: municip council,
2,municip council,2: municip council,
2,municip council,2: municip council,
2,municip council,2: municip council,
2,municip council,2: municip council,
2,municip council,2: municip council,
2,municip council,2: municip council,
2,municip council,2: municip council,
2,municip council,2: municip council,
2,municip council,2: municip council,
2,municip council,2: municip council,
2,municip council,2: municip council,
2,municip council,2: municip council,
2,municip council,2: municip council,
2,municip council,2: municip council,
2,municip council,2: municip council,
2,municip council,2: municip council,
2,municip council,2: municip council,
2,municip council,2: municip council,
2,municip council,2: municip council,
2,municip council,2: municip council,
2,municip council,2: municip council,
2,municip council,2: municip council,
2,municip council,2: municip council,
2,municip council,2: municip council,
2,municip council,2: municip council,
2,municip council,2: municip council,
2,municip council,2: municip council,
2,municip council,2: municip council,
2,municip council,2: municip council,
2,municip council,2: municip council,
2,municip council,2: municip council,
2,municip council,2: municip council,
2,municip council,2: municip council,
2,municip council,2: municip council,
2,municip council,2: municip council,
2,municip council,2: municip council,
2,municip council,2: municip council,
2,municip council,2: municip council,
2,municip council,2: municip council,
2,municip council,2: municip council,
2,municip council,2: municip council,
2,municip council,2: municip council,
2,municip council,2: municip council,
2,municip council,2: municip council,
2,municip council,2: municip council,
2,municip council,2: municip council,
2,municip council,2: municip council,
2,municip council,2: municip council,
2,municip council,2: municip council,
2,municip council,2: municip council,
2,municip council,2: municip council,
2,municip council,2: municip council,
2,municip council,2: municip council,
2,municip council,2: municip council,
2,municip council,2: municip council,
2,municip council,2: municip council,
2,municip council,2: municip council,
2,municip council,2: municip council,
2,municip council,2: municip council,
2,municip council,2: municip council,
2,municip council,2: municip council,
2,municip council,2: municip council,
2,municip council,2: municip council,
2,municip council,2: municip council,
2,municip council,2: municip council,
2,municip council,2: municip council,
2,municip council,2: municip council,
2,municip council,2: municip council,
2,municip council,2: municip council,
2,municip council,2: municip council,
2,municip council,2: municip council,
2,municip council,2: municip council,
2,municip council,2: municip council,
2,municip council,2: municip council,
2,municip council,2: municip council,
2,municip council,2: municip council,
2,municip council,2: municip council,
2,municip council,2: municip council,
2,municip council,2: municip council,
2,municip council,2: municip council,
2,municip council,2: municip council,
2,municip council,2: municip council,
2,municip council,2: municip council,
2,municip council,2: municip council,
2,municip council,2: municip council,
2,municip council,2: municip council,
2,municip council,2: municip council,
2,municip council,2: municip council,
2,municip council,2: municip council,
2,municip council,2: municip council,
2,municip council,2: municip council,
2,municip council,2: municip council,
2,municip council,2: municip council,
2,municip council,2: municip council,
2,municip council,2: municip council,
2,municip council,2: municip council,
2,municip council,2: municip council,
2,municip council,2: municip council,
2,municip council,2: municip council,
2,municip council,2: municip council,
2,municip council,2: municip council,
2,municip council,2: municip council,
2,municip council,2: municip council,
2,municip council,2: municip council,
2,municip council,2: municip council,
2,municip council,2: municip council,
2,municip council,2: municip council,
2,municip council,2: municip council,
2,municip council,2: municip council,
2,municip council,2: municip council,
2,municip council,2: municip council,
2,municip council,2: municip council,
2,municip council,2: municip council,
2,municip council,2: municip council,
2,municip council,2: municip council,
2,municip council,2: municip council,
2,municip council,2: municip council,
2,municip council,2: municip council,
2,municip council,2: municip council,
2,municip council,2: municip council,
2,municip council,2: municip council,
2,municip council,2: municip council,
2,municip council,2: municip council,
2,municip council,2: municip council,
2,municip council,2: municip council,
2,municip council,2: municip council,
2,municip council,2: municip council,
2,municip council,2: municip council,
2,municip council,2: municip council,
2,municip council,2: municip council,
2,municip council,2: municip council,
2,municip council,2: municip council,
2,municip council,2: municip council,
2,municip council,2: municip council,
2,municip council,2: municip council,
2,municip council,2: municip council,
2,municip council,2: municip council,
2,municip council,2: municip council,
2,municip council,2: municip council,
2,municip council,2: municip council,
2,municip council,2: municip council,
2,municip council,2: municip council,
2,municip council,2: municip council,
2,municip council,2: municip council,
2,municip council,2: municip council,
2,municip council,2: municip council,
2,municip council,2: municip council,
2,municip council,2: municip council,
2,municip council,2: municip council,
2,municip council,2: municip council,
2,municip council,2: municip council,
2,municip council,2: municip council,
2,municip council,2: municip council,
2,municip council,2: municip council,
2,municip council,2: municip council,
2,municip council,2: municip council,
2,municip council,2: municip council,
2,municip council,2: municip council,
2,municip council,2: municip council,
2,municip council,2: municip council,
2,municip council,2: municip council,
2,municip council,2: municip council,
2,municip council,2: municip council,
2,municip council,2: municip council,
2,municip council,2: municip council,
2,municip council,2: municip council,
2,municip council,2: municip council,
2,municip council,2: municip council,
2,municip council,2: municip council,
2,municip council,2: municip council,
2,municip council,2: municip council,
2,municip council,2: municip council,
2,municip council,2: municip council,
2,municip council,2: municip council,
2,municip council,2: municip council,
2,municip council,2: municip council,
2,municip council,2: municip council,
2,municip council,2: municip council,
2,municip council,2: municip council,
2,municip council,2: municip council,
2,municip council,2: municip council,
2,municip council,2: municip council,
2,municip council,2: municip council,
2,municip council,2: municip council,
2,municip council,2: municip council,
2,municip council,2: municip council,
2,municip council,2: municip council,
2,municip council,2: municip council,
2,municip council,2: municip council,
2,municip council,2: municip council,
2,municip council,2: municip council,
2,municip council,2: municip council,
2,municip council,2: municip council,
2,municip council,2: municip council,
2,municip council,2: municip council,
2,municip council,2: municip council,
2,municip council,2: municip council,
2,municip council,2: municip council,
2,municip council,2: municip council,
2,municip council,2: municip council,
2,municip council,2: municip council,
2,municip council,2: municip council,
2,municip council,2: municip council,
2,municip council,2: municip council,
2,municip council,2: municip council,
2,municip council,2: municip council,
2,municip council,2: municip council,
2,municip council,2: municip council,
2,municip council,2: municip council,
2,municip council,2: municip council,
2,municip council,2: municip council,
2,municip council,2: municip council,
2,municip council,2: municip council,
2,municip council,2: municip council,
2,municip council,2: municip council,
2,municip council,2: municip council,
2,municip council,2: municip council,
2,municip council,2: municip council,
2,municip council,2: municip council,
2,municip council,2: municip council,
2,municip council,2: municip council,
2,municip council,2: municip council,
2,municip council,2: municip council,
2,municip council,2: municip council,
2,municip council,2: municip council,
0,energi island,0: energi island,
0,energi island,0: energi island,
0,energi island,0: energi island,
0,energi island,0: energi island,
0,energi island,0: energi island,
0,energi island,0: energi island,
0,energi island,0: energi island,
0,energi island,0: energi island,
0,energi island,0: energi island,
0,energi island,0: energi island,
0,energi island,0: energi island,
0,energi island,0: energi island,
0,energi island,0: energi island,
0,energi island,0: energi island,
0,energi island,0: energi island,
0,energi island,0: energi island,
0,energi island,0: energi island,
0,energi island,0: energi island,
0,energi island,0: energi island,
0,energi island,0: energi island,
0,energi island,0: energi island,
0,energi island,0: energi island,
0,energi island,0: energi island,
0,energi island,0: energi island,
0,energi island,0: energi island,
0,energi island,0: energi island,
0,energi island,0: energi island,
0,energi island,0: energi island,
0,energi island,0: energi island,
0,energi island,0: energi island,
0,energi island,0: energi island,
0,energi island,0: energi island,
0,energi island,0: energi island,
0,energi island,0: energi island,
0,energi island,0: energi island,
0,energi island,0: energi island,
0,energi island,0: energi island,
0,energi island,0: energi island,
0,energi island,0: energi island,
0,energi island,0: energi island,
0,energi island,0: energi island,
0,energi island,0: energi island,
0,energi island,0: energi island,
0,energi island,0: energi island,
0,energi island,0: energi island,
0,energi island,0: energi island,
0,energi island,0: energi island,
0,energi island,0: energi island,
0,energi island,0: energi island,
0,energi island,0: energi island,
0,energi island,0: energi island,
0,energi island,0: energi island,
0,energi island,0: energi island,
0,energi island,0: energi island,
0,energi island,0: energi island,
0,energi island,0: energi island,
0,energi island,0: energi island,
0,energi island,0: energi island,
0,energi island,0: energi island,
0,energi island,0: energi island,
0,energi island,0: energi island,
0,energi island,0: energi island,
0,energi island,0: energi island,
0,energi island,0: energi island,
0,energi island,0: energi island,
0,energi island,0: energi island,
0,energi island,0: energi island,
0,energi island,0: energi island,
0,energi island,0: energi island,
0,energi island,0: energi island,
0,energi island,0: energi island,
0,energi island,0: energi island,
0,energi island,0: energi island,
0,energi island,0: energi island,
0,energi island,0: energi island,
0,energi island,0: energi island,
0,energi island,0: energi island,
0,energi island,0: energi island,
0,energi island,0: energi island,
0,energi island,0: energi island,
0,energi island,0: energi island,
0,energi island,0: energi island,
0,energi island,0: energi island,
0,energi island,0: energi island,
0,energi island,0: energi island,
0,energi island,0: energi island,
0,energi island,0: energi island,
0,energi island,0: energi island,
0,energi island,0: energi island,
0,energi island,0: energi island,
0,energi island,0: energi island,
0,energi island,0: energi island,
0,energi island,0: energi island,
0,energi island,0: energi island,
0,energi island,0: energi island,
0,energi island,0: energi island,
0,energi island,0: energi island,
0,energi island,0: energi island,
0,energi island,0: energi island,
0,energi island,0: energi island,
0,energi island,0: energi island,
0,energi island,0: energi island,
0,energi island,0: energi island,
0,energi island,0: energi island,
0,energi island,0: energi island,
0,energi island,0: energi island,
0,energi island,0: energi island,
0,energi island,0: energi island,
0,energi island,0: energi island,
0,energi island,0: energi island,
0,energi island,0: energi island,
0,energi island,0: energi island,
0,energi island,0: energi island,
0,energi island,0: energi island,
0,energi island,0: energi island,
0,energi island,0: energi island,
0,energi island,0: energi island,
0,energi island,0: energi island,
0,energi island,0: energi island,
0,energi island,0: energi island,
0,energi island,0: energi island,
0,energi island,0: energi island,
0,energi island,0: energi island,
0,energi island,0: energi island,
0,energi island,0: energi island,
0,energi island,0: energi island,
0,energi island,0: energi island,
0,energi island,0: energi island,
0,energi island,0: energi island,
0,energi island,0: energi island,
0,energi island,0: energi island,
0,energi island,0: energi island,
0,energi island,0: energi island,
0,energi island,0: energi island,
0,energi island,0: energi island,
0,energi island,0: energi island,
0,energi island,0: energi island,
0,energi island,0: energi island,
0,energi island,0: energi island,
0,energi island,0: energi island,
0,energi island,0: energi island,
0,energi island,0: energi island,
0,energi island,0: energi island,
0,energi island,0: energi island,
0,energi island,0: energi island,
0,energi island,0: energi island,
0,energi island,0: energi island,
0,energi island,0: energi island,
0,energi island,0: energi island,
0,energi island,0: energi island,
0,energi island,0: energi island,
0,energi island,0: energi island,
0,energi island,0: energi island,
0,energi island,0: energi island,
0,energi island,0: energi island,
0,energi island,0: energi island,
0,energi island,0: energi island,
2,municip council,2: municip council,
2,municip council,2: municip council,
2,municip council,2: municip council,
2,municip council,2: municip council,
2,municip council,2: municip council,
2,municip council,2: municip council,
2,municip council,2: municip council,
2,municip council,2: municip council,
2,municip council,2: municip council,
2,municip council,2: municip council,
2,municip council,2: municip council,
2,municip council,2: municip council,
2,municip council,2: municip council,
2,municip council,2: municip council,
2,municip council,2: municip council,
2,municip council,2: municip council,
2,municip council,2: municip council,
2,municip council,2: municip council,
2,municip council,2: municip council,
2,municip council,2: municip council,
2,municip council,2: municip council,
2,municip council,2: municip council,
2,municip council,2: municip council,
2,municip council,2: municip council,
2,municip council,2: municip council,
2,municip council,2: municip council,
2,municip council,2: municip council,
2,municip council,2: municip council,
2,municip council,2: municip council,
2,municip council,2: municip council,
2,municip council,2: municip council,
2,municip council,2: municip council,
2,municip council,2: municip council,
2,municip council,2: municip council,
2,municip council,2: municip council,
2,municip council,2: municip council,
2,municip council,2: municip council,
2,municip council,2: municip council,
2,municip council,2: municip council,
2,municip council,2: municip council,
2,municip council,2: municip council,
2,municip council,2: municip council,
2,municip council,2: municip council,
2,municip council,2: municip council,
2,municip council,2: municip council,
2,municip council,2: municip council,
2,municip council,2: municip council,
2,municip council,2: municip council,
2,municip council,2: municip council,
2,municip council,2: municip council,
2,municip council,2: municip council,
2,municip council,2: municip council,
2,municip council,2: municip council,
2,municip council,2: municip council,
2,municip council,2: municip council,
2,municip council,2: municip council,
2,municip council,2: municip council,
2,municip council,2: municip council,
2,municip council,2: municip council,
2,municip council,2: municip council,
2,municip council,2: municip council,
2,municip council,2: municip council,
2,municip council,2: municip council,
2,municip council,2: municip council,
2,municip council,2: municip council,
2,municip council,2: municip council,
2,municip council,2: municip council,
2,municip council,2: municip council,
2,municip council,2: municip council,
2,municip council,2: municip council,
2,municip council,2: municip council,
2,municip council,2: municip council,
2,municip council,2: municip council,
2,municip council,2: municip council,
2,municip council,2: municip council,
2,municip council,2: municip council,
2,municip council,2: municip council,
2,municip council,2: municip council,
2,municip council,2: municip council,
2,municip council,2: municip council,
2,municip council,2: municip council,
2,municip council,2: municip council,
2,municip council,2: municip council,
2,municip council,2: municip council,
2,municip council,2: municip council,
2,municip council,2: municip council,
2,municip council,2: municip council,
2,municip council,2: municip council,
2,municip council,2: municip council,
2,municip council,2: municip council,
2,municip council,2: municip council,
2,municip council,2: municip council,
2,municip council,2: municip council,
2,municip council,2: municip council,
2,municip council,2: municip council,
2,municip council,2: municip council,
2,municip council,2: municip council,
2,municip council,2: municip council,
2,municip council,2: municip council,
2,municip council,2: municip council,
2,municip council,2: municip council,
2,municip council,2: municip council,
2,municip council,2: municip council,
2,municip council,2: municip council,
2,municip council,2: municip council,
2,municip council,2: municip council,
2,municip council,2: municip council,
2,municip council,2: municip council,
2,municip council,2: municip council,
2,municip council,2: municip council,
2,municip council,2: municip council,
2,municip council,2: municip council,
2,municip council,2: municip council,
2,municip council,2: municip council,
2,municip council,2: municip council,
2,municip council,2: municip council,
2,municip council,2: municip council,
2,municip council,2: municip council,
2,municip council,2: municip council,
2,municip council,2: municip council,
2,municip council,2: municip council,
2,municip council,2: municip council,
2,municip council,2: municip council,
2,municip council,2: municip council,
2,municip council,2: municip council,
2,municip council,2: municip council,
2,municip council,2: municip council,
2,municip council,2: municip council,
2,municip council,2: municip council,
2,municip council,2: municip council,
2,municip council,2: municip council,
2,municip council,2: municip council,
2,municip council,2: municip council,
2,municip council,2: municip council,
2,municip council,2: municip council,
2,municip council,2: municip council,
2,municip council,2: municip council,
2,municip council,2: municip council,
2,municip council,2: municip council,
2,municip council,2: municip council,
2,municip council,2: municip council,
2,municip council,2: municip council,
2,municip council,2: municip council,
2,municip council,2: municip council,
2,municip council,2: municip council,
2,municip council,2: municip council,
2,municip council,2: municip council,
2,municip council,2: municip council,
2,municip council,2: municip council,
2,municip council,2: municip council,
2,municip council,2: municip council,
2,municip council,2: municip council,
2,municip council,2: municip council,
2,municip council,2: municip council,
2,municip council,2: municip council,
2,municip council,2: municip council,
4,baltic sea,4: baltic sea,
4,baltic sea,4: baltic sea,
4,baltic sea,4: baltic sea,
4,baltic sea,4: baltic sea,
4,baltic sea,4: baltic sea,
4,baltic sea,4: baltic sea,
4,baltic sea,4: baltic sea,
4,baltic sea,4: baltic sea,
4,baltic sea,4: baltic sea,
4,baltic sea,4: baltic sea,
4,baltic sea,4: baltic sea,
4,baltic sea,4: baltic sea,
4,baltic sea,4: baltic sea,
4,baltic sea,4: baltic sea,
4,baltic sea,4: baltic sea,
4,baltic sea,4: baltic sea,
4,baltic sea,4: baltic sea,
4,baltic sea,4: baltic sea,
4,baltic sea,4: baltic sea,
4,baltic sea,4: baltic sea,
4,baltic sea,4: baltic sea,
4,baltic sea,4: baltic sea,
4,baltic sea,4: baltic sea,
4,baltic sea,4: baltic sea,
4,baltic sea,4: baltic sea,
4,baltic sea,4: baltic sea,
4,baltic sea,4: baltic sea,
4,baltic sea,4: baltic sea,
4,baltic sea,4: baltic sea,
4,baltic sea,4: baltic sea,
4,baltic sea,4: baltic sea,
4,baltic sea,4: baltic sea,
4,baltic sea,4: baltic sea,
4,baltic sea,4: baltic sea,
4,baltic sea,4: baltic sea,
4,baltic sea,4: baltic sea,
4,baltic sea,4: baltic sea,
4,baltic sea,4: baltic sea,
4,baltic sea,4: baltic sea,
4,baltic sea,4: baltic sea,
4,baltic sea,4: baltic sea,
4,baltic sea,4: baltic sea,
4,baltic sea,4: baltic sea,
4,baltic sea,4: baltic sea,
4,baltic sea,4: baltic sea,
4,baltic sea,4: baltic sea,
4,baltic sea,4: baltic sea,
4,baltic sea,4: baltic sea,
4,baltic sea,4: baltic sea,
4,baltic sea,4: baltic sea,
4,baltic sea,4: baltic sea,
4,baltic sea,4: baltic sea,
4,baltic sea,4: baltic sea,
4,baltic sea,4: baltic sea,
4,baltic sea,4: baltic sea,
4,baltic sea,4: baltic sea,
4,baltic sea,4: baltic sea,
4,baltic sea,4: baltic sea,
4,baltic sea,4: baltic sea,
4,baltic sea,4: baltic sea,
4,baltic sea,4: baltic sea,
4,baltic sea,4: baltic sea,
4,baltic sea,4: baltic sea,
4,baltic sea,4: baltic sea,
4,baltic sea,4: baltic sea,
4,baltic sea,4: baltic sea,
4,baltic sea,4: baltic sea,
4,baltic sea,4: baltic sea,
4,baltic sea,4: baltic sea,
4,baltic sea,4: baltic sea,
4,baltic sea,4: baltic sea,
4,baltic sea,4: baltic sea,
4,baltic sea,4: baltic sea,
4,baltic sea,4: baltic sea,
4,baltic sea,4: baltic sea,
4,baltic sea,4: baltic sea,
4,baltic sea,4: baltic sea,
4,baltic sea,4: baltic sea,
4,baltic sea,4: baltic sea,
4,baltic sea,4: baltic sea,
4,baltic sea,4: baltic sea,
4,baltic sea,4: baltic sea,
4,baltic sea,4: baltic sea,
4,baltic sea,4: baltic sea,
4,baltic sea,4: baltic sea,
4,baltic sea,4: baltic sea,
4,baltic sea,4: baltic sea,
4,baltic sea,4: baltic sea,
4,baltic sea,4: baltic sea,
4,baltic sea,4: baltic sea,
4,baltic sea,4: baltic sea,
4,baltic sea,4: baltic sea,
4,baltic sea,4: baltic sea,
4,baltic sea,4: baltic sea,
4,baltic sea,4: baltic sea,
4,baltic sea,4: baltic sea,
4,baltic sea,4: baltic sea,
4,baltic sea,4: baltic sea,
4,baltic sea,4: baltic sea,
4,baltic sea,4: baltic sea,
4,baltic sea,4: baltic sea,
4,baltic sea,4: baltic sea,
4,baltic sea,4: baltic sea,
4,baltic sea,4: baltic sea,
4,baltic sea,4: baltic sea,
4,baltic sea,4: baltic sea,
4,baltic sea,4: baltic sea,
4,baltic sea,4: baltic sea,
4,baltic sea,4: baltic sea,
4,baltic sea,4: baltic sea,
4,baltic sea,4: baltic sea,
4,baltic sea,4: baltic sea,
4,baltic sea,4: baltic sea,
4,baltic sea,4: baltic sea,
4,baltic sea,4: baltic sea,
4,baltic sea,4: baltic sea,
4,baltic sea,4: baltic sea,
4,baltic sea,4: baltic sea,
4,baltic sea,4: baltic sea,
4,baltic sea,4: baltic sea,
4,baltic sea,4: baltic sea,
4,baltic sea,4: baltic sea,
4,baltic sea,4: baltic sea,
4,baltic sea,4: baltic sea,
4,baltic sea,4: baltic sea,
4,baltic sea,4: baltic sea,
4,baltic sea,4: baltic sea,
4,baltic sea,4: baltic sea,
4,baltic sea,4: baltic sea,
4,baltic sea,4: baltic sea,
4,baltic sea,4: baltic sea,
4,baltic sea,4: baltic sea,
4,baltic sea,4: baltic sea,
4,baltic sea,4: baltic sea,
4,baltic sea,4: baltic sea,
4,baltic sea,4: baltic sea,
4,baltic sea,4: baltic sea,
4,baltic sea,4: baltic sea,
0,energi island,0: energi island,
0,energi island,0: energi island,
0,energi island,0: energi island,
0,energi island,0: energi island,
0,energi island,0: energi island,
0,energi island,0: energi island,
0,energi island,0: energi island,
0,energi island,0: energi island,
0,energi island,0: energi island,
0,energi island,0: energi island,
0,energi island,0: energi island,
0,energi island,0: energi island,
0,energi island,0: energi island,
0,energi island,0: energi island,
0,energi island,0: energi island,
0,energi island,0: energi island,
0,energi island,0: energi island,
0,energi island,0: energi island,
0,energi island,0: energi island,
0,energi island,0: energi island,
0,energi island,0: energi island,
0,energi island,0: energi island,
0,energi island,0: energi island,
0,energi island,0: energi island,
0,energi island,0: energi island,
0,energi island,0: energi island,
0,energi island,0: energi island,
0,energi island,0: energi island,
0,energi island,0: energi island,
0,energi island,0: energi island,
0,energi island,0: energi island,
0,energi island,0: energi island,
0,energi island,0: energi island,
0,energi island,0: energi island,
0,energi island,0: energi island,
0,energi island,0: energi island,
0,energi island,0: energi island,
0,energi island,0: energi island,
0,energi island,0: energi island,
0,energi island,0: energi island,
0,energi island,0: energi island,
0,energi island,0: energi island,
0,energi island,0: energi island,
0,energi island,0: energi island,
0,energi island,0: energi island,
0,energi island,0: energi island,
0,energi island,0: energi island,
0,energi island,0: energi island,
0,energi island,0: energi island,
0,energi island,0: energi island,
0,energi island,0: energi island,
0,energi island,0: energi island,
0,energi island,0: energi island,
0,energi island,0: energi island,
0,energi island,0: energi island,
0,energi island,0: energi island,
0,energi island,0: energi island,
0,energi island,0: energi island,
0,energi island,0: energi island,
0,energi island,0: energi island,
0,energi island,0: energi island,
0,energi island,0: energi island,
0,energi island,0: energi island,
0,energi island,0: energi island,
0,energi island,0: energi island,
0,energi island,0: energi island,
0,energi island,0: energi island,
0,energi island,0: energi island,
0,energi island,0: energi island,
0,energi island,0: energi island,
0,energi island,0: energi island,
0,energi island,0: energi island,
0,energi island,0: energi island,
0,energi island,0: energi island,
0,energi island,0: energi island,
0,energi island,0: energi island,
0,energi island,0: energi island,
0,energi island,0: energi island,
0,energi island,0: energi island,
0,energi island,0: energi island,
0,energi island,0: energi island,
0,energi island,0: energi island,
0,energi island,0: energi island,
0,energi island,0: energi island,
0,energi island,0: energi island,
0,energi island,0: energi island,
0,energi island,0: energi island,
0,energi island,0: energi island,
0,energi island,0: energi island,
0,energi island,0: energi island,
0,energi island,0: energi island,
0,energi island,0: energi island,
0,energi island,0: energi island,
0,energi island,0: energi island,
0,energi island,0: energi island,
0,energi island,0: energi island,
0,energi island,0: energi island,
0,energi island,0: energi island,
0,energi island,0: energi island,
0,energi island,0: energi island,
0,energi island,0: energi island,
0,energi island,0: energi island,
0,energi island,0: energi island,
0,energi island,0: energi island,
0,energi island,0: energi island,
0,energi island,0: energi island,
0,energi island,0: energi island,
0,energi island,0: energi island,
0,energi island,0: energi island,
0,energi island,0: energi island,
0,energi island,0: energi island,
0,energi island,0: energi island,
0,energi island,0: energi island,
0,energi island,0: energi island,
0,energi island,0: energi island,
0,energi island,0: energi island,
0,energi island,0: energi island,
0,energi island,0: energi island,
0,energi island,0: energi island,
0,energi island,0: energi island,
0,energi island,0: energi island,
0,energi island,0: energi island,
0,energi island,0: energi island,
0,energi island,0: energi island,
0,energi island,0: energi island,
0,energi island,0: energi island,
0,energi island,0: energi island,
0,energi island,0: energi island,
0,energi island,0: energi island,
0,energi island,0: energi island,
0,energi island,0: energi island,
0,energi island,0: energi island,
0,energi island,0: energi island,
0,energi island,0: energi island,
0,energi island,0: energi island,
0,energi island,0: energi island,
0,energi island,0: energi island,
0,energi island,0: energi island,
0,energi island,0: energi island,
0,energi island,0: energi island,
0,energi island,0: energi island,
0,energi island,0: energi island,
0,energi island,0: energi island,
0,energi island,0: energi island,
0,energi island,0: energi island,
0,energi island,0: energi island,
0,energi island,0: energi island,
0,energi island,0: energi island,
0,energi island,0: energi island,
0,energi island,0: energi island,
0,energi island,0: energi island,
0,energi island,0: energi island,
0,energi island,0: energi island,
0,energi island,0: energi island,
0,energi island,0: energi island,
0,energi island,0: energi island,
0,energi island,0: energi island,
0,energi island,0: energi island,
0,energi island,0: energi island,
0,energi island,0: energi island,
0,energi island,0: energi island,
0,energi island,0: energi island,
0,energi island,0: energi island,
0,energi island,0: energi island,
0,energi island,0: energi island,
0,energi island,0: energi island,
0,energi island,0: energi island,
0,energi island,0: energi island,
0,energi island,0: energi island,
0,energi island,0: energi island,
0,energi island,0: energi island,
0,energi island,0: energi island,
0,energi island,0: energi island,
0,energi island,0: energi island,
0,energi island,0: energi island,
0,energi island,0: energi island,
0,energi island,0: energi island,
0,energi island,0: energi island,
0,energi island,0: energi island,
0,energi island,0: energi island,
0,energi island,0: energi island,
0,energi island,0: energi island,
0,energi island,0: energi island,
0,energi island,0: energi island,
0,energi island,0: energi island,
0,energi island,0: energi island,
0,energi island,0: energi island,
0,energi island,0: energi island,
0,energi island,0: energi island,
0,energi island,0: energi island,
0,energi island,0: energi island,
0,energi island,0: energi island,
0,energi island,0: energi island,
0,energi island,0: energi island,
0,energi island,0: energi island,
0,energi island,0: energi island,
0,energi island,0: energi island,
0,energi island,0: energi island,
0,energi island,0: energi island,
0,energi island,0: energi island,
0,energi island,0: energi island,
0,energi island,0: energi island,
0,energi island,0: energi island,
0,energi island,0: energi island,
0,energi island,0: energi island,
0,energi island,0: energi island,
0,energi island,0: energi island,
0,energi island,0: energi island,
0,energi island,0: energi island,
0,energi island,0: energi island,
0,energi island,0: energi island,
0,energi island,0: energi island,
0,energi island,0: energi island,
0,energi island,0: energi island,
0,energi island,0: energi island,
0,energi island,0: energi island,
0,energi island,0: energi island,
0,energi island,0: energi island,
0,energi island,0: energi island,
0,energi island,0: energi island,
0,energi island,0: energi island,
0,energi island,0: energi island,
0,energi island,0: energi island,
0,energi island,0: energi island,
0,energi island,0: energi island,
0,energi island,0: energi island,
0,energi island,0: energi island,
0,energi island,0: energi island,
0,energi island,0: energi island,
0,energi island,0: energi island,
0,energi island,0: energi island,
0,energi island,0: energi island,
0,energi island,0: energi island,
0,energi island,0: energi island,
0,energi island,0: energi island,
0,energi island,0: energi island,
0,energi island,0: energi island,
0,energi island,0: energi island,
0,energi island,0: energi island,
0,energi island,0: energi island,
0,energi island,0: energi island,
0,energi island,0: energi island,
0,energi island,0: energi island,
0,energi island,0: energi island,
0,energi island,0: energi island,
0,energi island,0: energi island,
0,energi island,0: energi island,
0,energi island,0: energi island,
0,energi island,0: energi island,
0,energi island,0: energi island,
0,energi island,0: energi island,
0,energi island,0: energi island,
0,energi island,0: energi island,
0,energi island,0: energi island,
0,energi island,0: energi island,
0,energi island,0: energi island,
0,energi island,0: energi island,
0,energi island,0: energi island,
0,energi island,0: energi island,
0,energi island,0: energi island,
0,energi island,0: energi island,
0,energi island,0: energi island,
0,energi island,0: energi island,
0,energi island,0: energi island,
0,energi island,0: energi island,
0,energi island,0: energi island,
0,energi island,0: energi island,
0,energi island,0: energi island,
0,energi island,0: energi island,
0,energi island,0: energi island,
0,energi island,0: energi island,
0,energi island,0: energi island,
0,energi island,0: energi island,
0,energi island,0: energi island,
0,energi island,0: energi island,
0,energi island,0: energi island,
0,energi island,0: energi island,
0,energi island,0: energi island,
0,energi island,0: energi island,
0,energi island,0: energi island,
0,energi island,0: energi island,
0,energi island,0: energi island,
0,energi island,0: energi island,
0,energi island,0: energi island,
0,energi island,0: energi island,
0,energi island,0: energi island,
0,energi island,0: energi island,
0,energi island,0: energi island,
0,energi island,0: energi island,
0,energi island,0: energi island,
0,energi island,0: energi island,
0,energi island,0: energi island,
0,energi island,0: energi island,
0,energi island,0: energi island,
0,energi island,0: energi island,
0,energi island,0: energi island,
0,energi island,0: energi island,
0,energi island,0: energi island,
0,energi island,0: energi island,
0,energi island,0: energi island,
0,energi island,0: energi island,
0,energi island,0: energi island,
0,energi island,0: energi island,
0,energi island,0: energi island,
0,energi island,0: energi island,
0,energi island,0: energi island,
0,energi island,0: energi island,
0,energi island,0: energi island,
0,energi island,0: energi island,
0,energi island,0: energi island,
0,energi island,0: energi island,
0,energi island,0: energi island,
0,energi island,0: energi island,
0,energi island,0: energi island,
6,energiø bornholm,6: energiø bornholm,
6,energiø bornholm,6: energiø bornholm,
6,energiø bornholm,6: energiø bornholm,
6,energiø bornholm,6: energiø bornholm,
6,energiø bornholm,6: energiø bornholm,
6,energiø bornholm,6: energiø bornholm,
6,energiø bornholm,6: energiø bornholm,
6,energiø bornholm,6: energiø bornholm,
6,energiø bornholm,6: energiø bornholm,
6,energiø bornholm,6: energiø bornholm,
6,energiø bornholm,6: energiø bornholm,
6,energiø bornholm,6: energiø bornholm,
6,energiø bornholm,6: energiø bornholm,
6,energiø bornholm,6: energiø bornholm,
6,energiø bornholm,6: energiø bornholm,
6,energiø bornholm,6: energiø bornholm,
6,energiø bornholm,6: energiø bornholm,
6,energiø bornholm,6: energiø bornholm,
6,energiø bornholm,6: energiø bornholm,
6,energiø bornholm,6: energiø bornholm,
6,energiø bornholm,6: energiø bornholm,
6,energiø bornholm,6: energiø bornholm,
6,energiø bornholm,6: energiø bornholm,
6,energiø bornholm,6: energiø bornholm,
6,energiø bornholm,6: energiø bornholm,
6,energiø bornholm,6: energiø bornholm,
6,energiø bornholm,6: energiø bornholm,
6,energiø bornholm,6: energiø bornholm,
6,energiø bornholm,6: energiø bornholm,
6,energiø bornholm,6: energiø bornholm,
6,energiø bornholm,6: energiø bornholm,
6,energiø bornholm,6: energiø bornholm,
6,energiø bornholm,6: energiø bornholm,
6,energiø bornholm,6: energiø bornholm,
6,energiø bornholm,6: energiø bornholm,
6,energiø bornholm,6: energiø bornholm,
6,energiø bornholm,6: energiø bornholm,
6,energiø bornholm,6: energiø bornholm,
6,energiø bornholm,6: energiø bornholm,
6,energiø bornholm,6: energiø bornholm,
6,energiø bornholm,6: energiø bornholm,
6,energiø bornholm,6: energiø bornholm,
6,energiø bornholm,6: energiø bornholm,
6,energiø bornholm,6: energiø bornholm,
6,energiø bornholm,6: energiø bornholm,
6,energiø bornholm,6: energiø bornholm,
6,energiø bornholm,6: energiø bornholm,
6,energiø bornholm,6: energiø bornholm,
6,energiø bornholm,6: energiø bornholm,
6,energiø bornholm,6: energiø bornholm,
6,energiø bornholm,6: energiø bornholm,
6,energiø bornholm,6: energiø bornholm,
6,energiø bornholm,6: energiø bornholm,
6,energiø bornholm,6: energiø bornholm,
6,energiø bornholm,6: energiø bornholm,
6,energiø bornholm,6: energiø bornholm,
6,energiø bornholm,6: energiø bornholm,
6,energiø bornholm,6: energiø bornholm,
6,energiø bornholm,6: energiø bornholm,
6,energiø bornholm,6: energiø bornholm,
6,energiø bornholm,6: energiø bornholm,
6,energiø bornholm,6: energiø bornholm,
6,energiø bornholm,6: energiø bornholm,
6,energiø bornholm,6: energiø bornholm,
6,energiø bornholm,6: energiø bornholm,
6,energiø bornholm,6: energiø bornholm,
6,energiø bornholm,6: energiø bornholm,
6,energiø bornholm,6: energiø bornholm,
6,energiø bornholm,6: energiø bornholm,
6,energiø bornholm,6: energiø bornholm,
6,energiø bornholm,6: energiø bornholm,
6,energiø bornholm,6: energiø bornholm,
6,energiø bornholm,6: energiø bornholm,
6,energiø bornholm,6: energiø bornholm,
6,energiø bornholm,6: energiø bornholm,
6,energiø bornholm,6: energiø bornholm,
6,energiø bornholm,6: energiø bornholm,
6,energiø bornholm,6: energiø bornholm,
6,energiø bornholm,6: energiø bornholm,
6,energiø bornholm,6: energiø bornholm,
6,energiø bornholm,6: energiø bornholm,
6,energiø bornholm,6: energiø bornholm,
6,energiø bornholm,6: energiø bornholm,
6,energiø bornholm,6: energiø bornholm,
6,energiø bornholm,6: energiø bornholm,
6,energiø bornholm,6: energiø bornholm,
6,energiø bornholm,6: energiø bornholm,
6,energiø bornholm,6: energiø bornholm,
6,energiø bornholm,6: energiø bornholm,
6,energiø bornholm,6: energiø bornholm,
6,energiø bornholm,6: energiø bornholm,
6,energiø bornholm,6: energiø bornholm,
6,energiø bornholm,6: energiø bornholm,
6,energiø bornholm,6: energiø bornholm,
6,energiø bornholm,6: energiø bornholm,
6,energiø bornholm,6: energiø bornholm,
6,energiø bornholm,6: energiø bornholm,
6,energiø bornholm,6: energiø bornholm,
6,energiø bornholm,6: energiø bornholm,
6,energiø bornholm,6: energiø bornholm,
6,energiø bornholm,6: energiø bornholm,
6,energiø bornholm,6: energiø bornholm,
6,energiø bornholm,6: energiø bornholm,
6,energiø bornholm,6: energiø bornholm,
6,energiø bornholm,6: energiø bornholm,
6,energiø bornholm,6: energiø bornholm,
6,energiø bornholm,6: energiø bornholm,
6,energiø bornholm,6: energiø bornholm,
6,energiø bornholm,6: energiø bornholm,
6,energiø bornholm,6: energiø bornholm,
6,energiø bornholm,6: energiø bornholm,
6,energiø bornholm,6: energiø bornholm,
6,energiø bornholm,6: energiø bornholm,
6,energiø bornholm,6: energiø bornholm,
6,energiø bornholm,6: energiø bornholm,
6,energiø bornholm,6: energiø bornholm,
6,energiø bornholm,6: energiø bornholm,
6,energiø bornholm,6: energiø bornholm,
6,energiø bornholm,6: energiø bornholm,
6,energiø bornholm,6: energiø bornholm,
6,energiø bornholm,6: energiø bornholm,
6,energiø bornholm,6: energiø bornholm,
6,energiø bornholm,6: energiø bornholm,
6,energiø bornholm,6: energiø bornholm,
6,energiø bornholm,6: energiø bornholm,
6,energiø bornholm,6: energiø bornholm,
6,energiø bornholm,6: energiø bornholm,
6,energiø bornholm,6: energiø bornholm,
6,energiø bornholm,6: energiø bornholm,
6,energiø bornholm,6: energiø bornholm,
6,energiø bornholm,6: energiø bornholm,
6,energiø bornholm,6: energiø bornholm,
6,energiø bornholm,6: energiø bornholm,
6,energiø bornholm,6: energiø bornholm,
6,energiø bornholm,6: energiø bornholm,
6,energiø bornholm,6: energiø bornholm,
6,energiø bornholm,6: energiø bornholm,
6,energiø bornholm,6: energiø bornholm,
6,energiø bornholm,6: energiø bornholm,
6,energiø bornholm,6: energiø bornholm,
6,energiø bornholm,6: energiø bornholm,
6,energiø bornholm,6: energiø bornholm,
6,energiø bornholm,6: energiø bornholm,
6,energiø bornholm,6: energiø bornholm,
6,energiø bornholm,6: energiø bornholm,
6,energiø bornholm,6: energiø bornholm,
6,energiø bornholm,6: energiø bornholm,
6,energiø bornholm,6: energiø bornholm,
6,energiø bornholm,6: energiø bornholm,
6,energiø bornholm,6: energiø bornholm,
6,energiø bornholm,6: energiø bornholm,
6,energiø bornholm,6: energiø bornholm,
6,energiø bornholm,6: energiø bornholm,
6,energiø bornholm,6: energiø bornholm,
6,energiø bornholm,6: energiø bornholm,
6,energiø bornholm,6: energiø bornholm,
6,energiø bornholm,6: energiø bornholm,
6,energiø bornholm,6: energiø bornholm,
6,energiø bornholm,6: energiø bornholm,
6,energiø bornholm,6: energiø bornholm,
6,energiø bornholm,6: energiø bornholm,
6,energiø bornholm,6: energiø bornholm,
6,energiø bornholm,6: energiø bornholm,
6,energiø bornholm,6: energiø bornholm,
6,energiø bornholm,6: energiø bornholm,
6,energiø bornholm,6: energiø bornholm,
6,energiø bornholm,6: energiø bornholm,
6,energiø bornholm,6: energiø bornholm,
6,energiø bornholm,6: energiø bornholm,
6,energiø bornholm,6: energiø bornholm,
6,energiø bornholm,6: energiø bornholm,
8,wind turbin,8: wind turbin,
8,wind turbin,8: wind turbin,
8,wind turbin,8: wind turbin,
8,wind turbin,8: wind turbin,
8,wind turbin,8: wind turbin,
8,wind turbin,8: wind turbin,
8,wind turbin,8: wind turbin,
8,wind turbin,8: wind turbin,
8,wind turbin,8: wind turbin,
8,wind turbin,8: wind turbin,
8,wind turbin,8: wind turbin,
8,wind turbin,8: wind turbin,
8,wind turbin,8: wind turbin,
8,wind turbin,8: wind turbin,
8,wind turbin,8: wind turbin,
8,wind turbin,8: wind turbin,
8,wind turbin,8: wind turbin,
8,wind turbin,8: wind turbin,
8,wind turbin,8: wind turbin,
8,wind turbin,8: wind turbin,
8,wind turbin,8: wind turbin,
8,wind turbin,8: wind turbin,
8,wind turbin,8: wind turbin,
8,wind turbin,8: wind turbin,
8,wind turbin,8: wind turbin,
8,wind turbin,8: wind turbin,
8,wind turbin,8: wind turbin,
8,wind turbin,8: wind turbin,
8,wind turbin,8: wind turbin,
8,wind turbin,8: wind turbin,
8,wind turbin,8: wind turbin,
8,wind turbin,8: wind turbin,
8,wind turbin,8: wind turbin,
8,wind turbin,8: wind turbin,
8,wind turbin,8: wind turbin,
8,wind turbin,8: wind turbin,
8,wind turbin,8: wind turbin,
8,wind turbin,8: wind turbin,
8,wind turbin,8: wind turbin,
8,wind turbin,8: wind turbin,
8,wind turbin,8: wind turbin,
8,wind turbin,8: wind turbin,
8,wind turbin,8: wind turbin,
8,wind turbin,8: wind turbin,
8,wind turbin,8: wind turbin,
8,wind turbin,8: wind turbin,
8,wind turbin,8: wind turbin,
8,wind turbin,8: wind turbin,
8,wind turbin,8: wind turbin,
8,wind turbin,8: wind turbin,
8,wind turbin,8: wind turbin,
8,wind turbin,8: wind turbin,
8,wind turbin,8: wind turbin,
8,wind turbin,8: wind turbin,
8,wind turbin,8: wind turbin,
8,wind turbin,8: wind turbin,
8,wind turbin,8: wind turbin,
8,wind turbin,8: wind turbin,
8,wind turbin,8: wind turbin,
8,wind turbin,8: wind turbin,
8,wind turbin,8: wind turbin,
8,wind turbin,8: wind turbin,
8,wind turbin,8: wind turbin,
8,wind turbin,8: wind turbin,
8,wind turbin,8: wind turbin,
8,wind turbin,8: wind turbin,
8,wind turbin,8: wind turbin,
8,wind turbin,8: wind turbin,
8,wind turbin,8: wind turbin,
8,wind turbin,8: wind turbin,
8,wind turbin,8: wind turbin,
8,wind turbin,8: wind turbin,
8,wind turbin,8: wind turbin,
8,wind turbin,8: wind turbin,
8,wind turbin,8: wind turbin,
8,wind turbin,8: wind turbin,
8,wind turbin,8: wind turbin,
8,wind turbin,8: wind turbin,
8,wind turbin,8: wind turbin,
8,wind turbin,8: wind turbin,
8,wind turbin,8: wind turbin,
8,wind turbin,8: wind turbin,
8,wind turbin,8: wind turbin,
8,wind turbin,8: wind turbin,
8,wind turbin,8: wind turbin,
8,wind turbin,8: wind turbin,
8,wind turbin,8: wind turbin,
8,wind turbin,8: wind turbin,
8,wind turbin,8: wind turbin,
8,wind turbin,8: wind turbin,
8,wind turbin,8: wind turbin,
8,wind turbin,8: wind turbin,
8,wind turbin,8: wind turbin,
8,wind turbin,8: wind turbin,
8,wind turbin,8: wind turbin,
8,wind turbin,8: wind turbin,
8,wind turbin,8: wind turbin,
8,wind turbin,8: wind turbin,
8,wind turbin,8: wind turbin,
8,wind turbin,8: wind turbin,
8,wind turbin,8: wind turbin,
8,wind turbin,8: wind turbin,
8,wind turbin,8: wind turbin,
8,wind turbin,8: wind turbin,
8,wind turbin,8: wind turbin,
8,wind turbin,8: wind turbin,
8,wind turbin,8: wind turbin,
8,wind turbin,8: wind turbin,
8,wind turbin,8: wind turbin,
8,wind turbin,8: wind turbin,
8,wind turbin,8: wind turbin,
8,wind turbin,8: wind turbin,
8,wind turbin,8: wind turbin,
8,wind turbin,8: wind turbin,
8,wind turbin,8: wind turbin,
8,wind turbin,8: wind turbin,
8,wind turbin,8: wind turbin,
8,wind turbin,8: wind turbin,
8,wind turbin,8: wind turbin,
8,wind turbin,8: wind turbin,
8,wind turbin,8: wind turbin,
8,wind turbin,8: wind turbin,
8,wind turbin,8: wind turbin,
8,wind turbin,8: wind turbin,
8,wind turbin,8: wind turbin,
8,wind turbin,8: wind turbin,
8,wind turbin,8: wind turbin,
8,wind turbin,8: wind turbin,
8,wind turbin,8: wind turbin,
8,wind turbin,8: wind turbin,
8,wind turbin,8: wind turbin,
8,wind turbin,8: wind turbin,
8,wind turbin,8: wind turbin,
8,wind turbin,8: wind turbin,
8,wind turbin,8: wind turbin,
8,wind turbin,8: wind turbin,
8,wind turbin,8: wind turbin,
8,wind turbin,8: wind turbin,
8,wind turbin,8: wind turbin,
8,wind turbin,8: wind turbin,
8,wind turbin,8: wind turbin,
8,wind turbin,8: wind turbin,
8,wind turbin,8: wind turbin,
8,wind turbin,8: wind turbin,
8,wind turbin,8: wind turbin,
8,wind turbin,8: wind turbin,
8,wind turbin,8: wind turbin,
8,wind turbin,8: wind turbin,
8,wind turbin,8: wind turbin,
8,wind turbin,8: wind turbin,
8,wind turbin,8: wind turbin,
8,wind turbin,8: wind turbin,
8,wind turbin,8: wind turbin,
8,wind turbin,8: wind turbin,
8,wind turbin,8: wind turbin,
8,wind turbin,8: wind turbin,
8,wind turbin,8: wind turbin,
8,wind turbin,8: wind turbin,
8,wind turbin,8: wind turbin,
8,wind turbin,8: wind turbin,
8,wind turbin,8: wind turbin,
8,wind turbin,8: wind turbin,
8,wind turbin,8: wind turbin,
8,wind turbin,8: wind turbin,
8,wind turbin,8: wind turbin,
8,wind turbin,8: wind turbin,
8,wind turbin,8: wind turbin,
8,wind turbin,8: wind turbin,
8,wind turbin,8: wind turbin,
8,wind turbin,8: wind turbin,
8,wind turbin,8: wind turbin,
8,wind turbin,8: wind turbin,
8,wind turbin,8: wind turbin,
8,wind turbin,8: wind turbin,
8,wind turbin,8: wind turbin,
8,wind turbin,8: wind turbin,
8,wind turbin,8: wind turbin,
8,wind turbin,8: wind turbin,
8,wind turbin,8: wind turbin,
8,wind turbin,8: wind turbin,
8,wind turbin,8: wind turbin,
8,wind turbin,8: wind turbin,
8,wind turbin,8: wind turbin,
8,wind turbin,8: wind turbin,
8,wind turbin,8: wind turbin,
8,wind turbin,8: wind turbin,
8,wind turbin,8: wind turbin,
8,wind turbin,8: wind turbin,
8,wind turbin,8: wind turbin,
8,wind turbin,8: wind turbin,
8,wind turbin,8: wind turbin,
8,wind turbin,8: wind turbin,
8,wind turbin,8: wind turbin,
8,wind turbin,8: wind turbin,
8,wind turbin,8: wind turbin,
8,wind turbin,8: wind turbin,
8,wind turbin,8: wind turbin,
8,wind turbin,8: wind turbin,
8,wind turbin,8: wind turbin,
8,wind turbin,8: wind turbin,
8,wind turbin,8: wind turbin,
8,wind turbin,8: wind turbin,
8,wind turbin,8: wind turbin,
8,wind turbin,8: wind turbin,
8,wind turbin,8: wind turbin,
8,wind turbin,8: wind turbin,
8,wind turbin,8: wind turbin,
8,wind turbin,8: wind turbin,
8,wind turbin,8: wind turbin,
8,wind turbin,8: wind turbin,
8,wind turbin,8: wind turbin,
8,wind turbin,8: wind turbin,
8,wind turbin,8: wind turbin,
8,wind turbin,8: wind turbin,
8,wind turbin,8: wind turbin,
8,wind turbin,8: wind turbin,
8,wind turbin,8: wind turbin,
8,wind turbin,8: wind turbin,
8,wind turbin,8: wind turbin,
8,wind turbin,8: wind turbin,
8,wind turbin,8: wind turbin,
8,wind turbin,8: wind turbin,
8,wind turbin,8: wind turbin,
8,wind turbin,8: wind turbin,
8,wind turbin,8: wind turbin,
8,wind turbin,8: wind turbin,
8,wind turbin,8: wind turbin,
8,wind turbin,8: wind turbin,
8,wind turbin,8: wind turbin,
8,wind turbin,8: wind turbin,
8,wind turbin,8: wind turbin,
8,wind turbin,8: wind turbin,
8,wind turbin,8: wind turbin,
8,wind turbin,8: wind turbin,
8,wind turbin,8: wind turbin,
8,wind turbin,8: wind turbin,
8,wind turbin,8: wind turbin,
8,wind turbin,8: wind turbin,
8,wind turbin,8: wind turbin,
8,wind turbin,8: wind turbin,
8,wind turbin,8: wind turbin,
8,wind turbin,8: wind turbin,
8,wind turbin,8: wind turbin,
8,wind turbin,8: wind turbin,
8,wind turbin,8: wind turbin,
8,wind turbin,8: wind turbin,
8,wind turbin,8: wind turbin,
8,wind turbin,8: wind turbin,
8,wind turbin,8: wind turbin,
8,wind turbin,8: wind turbin,
8,wind turbin,8: wind turbin,
8,wind turbin,8: wind turbin,
8,wind turbin,8: wind turbin,
8,wind turbin,8: wind turbin,
8,wind turbin,8: wind turbin,
8,wind turbin,8: wind turbin,
8,wind turbin,8: wind turbin,
8,wind turbin,8: wind turbin,
8,wind turbin,8: wind turbin,
8,wind turbin,8: wind turbin,
4,baltic sea,4: baltic sea,
4,baltic sea,4: baltic sea,
4,baltic sea,4: baltic sea,
4,baltic sea,4: baltic sea,
4,baltic sea,4: baltic sea,
4,baltic sea,4: baltic sea,
4,baltic sea,4: baltic sea,
4,baltic sea,4: baltic sea,
4,baltic sea,4: baltic sea,
4,baltic sea,4: baltic sea,
4,baltic sea,4: baltic sea,
4,baltic sea,4: baltic sea,
4,baltic sea,4: baltic sea,
4,baltic sea,4: baltic sea,
4,baltic sea,4: baltic sea,
4,baltic sea,4: baltic sea,
4,baltic sea,4: baltic sea,
4,baltic sea,4: baltic sea,
4,baltic sea,4: baltic sea,
4,baltic sea,4: baltic sea,
4,baltic sea,4: baltic sea,
4,baltic sea,4: baltic sea,
4,baltic sea,4: baltic sea,
4,baltic sea,4: baltic sea,
4,baltic sea,4: baltic sea,
4,baltic sea,4: baltic sea,
4,baltic sea,4: baltic sea,
4,baltic sea,4: baltic sea,
4,baltic sea,4: baltic sea,
4,baltic sea,4: baltic sea,
4,baltic sea,4: baltic sea,
4,baltic sea,4: baltic sea,
4,baltic sea,4: baltic sea,
4,baltic sea,4: baltic sea,
4,baltic sea,4: baltic sea,
4,baltic sea,4: baltic sea,
4,baltic sea,4: baltic sea,
4,baltic sea,4: baltic sea,
4,baltic sea,4: baltic sea,
4,baltic sea,4: baltic sea,
4,baltic sea,4: baltic sea,
4,baltic sea,4: baltic sea,
4,baltic sea,4: baltic sea,
4,baltic sea,4: baltic sea,
4,baltic sea,4: baltic sea,
4,baltic sea,4: baltic sea,
4,baltic sea,4: baltic sea,
4,baltic sea,4: baltic sea,
4,baltic sea,4: baltic sea,
4,baltic sea,4: baltic sea,
4,baltic sea,4: baltic sea,
4,baltic sea,4: baltic sea,
4,baltic sea,4: baltic sea,
4,baltic sea,4: baltic sea,
4,baltic sea,4: baltic sea,
4,baltic sea,4: baltic sea,
4,baltic sea,4: baltic sea,
4,baltic sea,4: baltic sea,
4,baltic sea,4: baltic sea,
4,baltic sea,4: baltic sea,
4,baltic sea,4: baltic sea,
4,baltic sea,4: baltic sea,
4,baltic sea,4: baltic sea,
4,baltic sea,4: baltic sea,
4,baltic sea,4: baltic sea,
4,baltic sea,4: baltic sea,
4,baltic sea,4: baltic sea,
4,baltic sea,4: baltic sea,
4,baltic sea,4: baltic sea,
4,baltic sea,4: baltic sea,
4,baltic sea,4: baltic sea,
4,baltic sea,4: baltic sea,
4,baltic sea,4: baltic sea,
4,baltic sea,4: baltic sea,
4,baltic sea,4: baltic sea,
4,baltic sea,4: baltic sea,
4,baltic sea,4: baltic sea,
4,baltic sea,4: baltic sea,
4,baltic sea,4: baltic sea,
4,baltic sea,4: baltic sea,
4,baltic sea,4: baltic sea,
4,baltic sea,4: baltic sea,
4,baltic sea,4: baltic sea,
4,baltic sea,4: baltic sea,
4,baltic sea,4: baltic sea,
4,baltic sea,4: baltic sea,
4,baltic sea,4: baltic sea,
4,baltic sea,4: baltic sea,
4,baltic sea,4: baltic sea,
4,baltic sea,4: baltic sea,
4,baltic sea,4: baltic sea,
4,baltic sea,4: baltic sea,
4,baltic sea,4: baltic sea,
4,baltic sea,4: baltic sea,
4,baltic sea,4: baltic sea,
4,baltic sea,4: baltic sea,
4,baltic sea,4: baltic sea,
4,baltic sea,4: baltic sea,
4,baltic sea,4: baltic sea,
4,baltic sea,4: baltic sea,
4,baltic sea,4: baltic sea,
4,baltic sea,4: baltic sea,
4,baltic sea,4: baltic sea,
4,baltic sea,4: baltic sea,
4,baltic sea,4: baltic sea,
4,baltic sea,4: baltic sea,
4,baltic sea,4: baltic sea,
4,baltic sea,4: baltic sea,
4,baltic sea,4: baltic sea,
4,baltic sea,4: baltic sea,
4,baltic sea,4: baltic sea,
4,baltic sea,4: baltic sea,
4,baltic sea,4: baltic sea,
4,baltic sea,4: baltic sea,
4,baltic sea,4: baltic sea,
4,baltic sea,4: baltic sea,
4,baltic sea,4: baltic sea,
4,baltic sea,4: baltic sea,
4,baltic sea,4: baltic sea,
4,baltic sea,4: baltic sea,
4,baltic sea,4: baltic sea,
4,baltic sea,4: baltic sea,
4,baltic sea,4: baltic sea,
4,baltic sea,4: baltic sea,
4,baltic sea,4: baltic sea,
4,baltic sea,4: baltic sea,
4,baltic sea,4: baltic sea,
4,baltic sea,4: baltic sea,
4,baltic sea,4: baltic sea,
4,baltic sea,4: baltic sea,
4,baltic sea,4: baltic sea,
4,baltic sea,4: baltic sea,
4,baltic sea,4: baltic sea,
4,baltic sea,4: baltic sea,
4,baltic sea,4: baltic sea,
4,baltic sea,4: baltic sea,
4,baltic sea,4: baltic sea,
4,baltic sea,4: baltic sea,
8,wind turbin,8: wind turbin,
8,wind turbin,8: wind turbin,
8,wind turbin,8: wind turbin,
8,wind turbin,8: wind turbin,
8,wind turbin,8: wind turbin,
8,wind turbin,8: wind turbin,
8,wind turbin,8: wind turbin,
8,wind turbin,8: wind turbin,
8,wind turbin,8: wind turbin,
8,wind turbin,8: wind turbin,
8,wind turbin,8: wind turbin,
8,wind turbin,8: wind turbin,
8,wind turbin,8: wind turbin,
8,wind turbin,8: wind turbin,
8,wind turbin,8: wind turbin,
8,wind turbin,8: wind turbin,
8,wind turbin,8: wind turbin,
8,wind turbin,8: wind turbin,
8,wind turbin,8: wind turbin,
8,wind turbin,8: wind turbin,
8,wind turbin,8: wind turbin,
8,wind turbin,8: wind turbin,
8,wind turbin,8: wind turbin,
8,wind turbin,8: wind turbin,
8,wind turbin,8: wind turbin,
8,wind turbin,8: wind turbin,
8,wind turbin,8: wind turbin,
8,wind turbin,8: wind turbin,
8,wind turbin,8: wind turbin,
8,wind turbin,8: wind turbin,
8,wind turbin,8: wind turbin,
8,wind turbin,8: wind turbin,
8,wind turbin,8: wind turbin,
8,wind turbin,8: wind turbin,
8,wind turbin,8: wind turbin,
8,wind turbin,8: wind turbin,
8,wind turbin,8: wind turbin,
8,wind turbin,8: wind turbin,
8,wind turbin,8: wind turbin,
8,wind turbin,8: wind turbin,
8,wind turbin,8: wind turbin,
8,wind turbin,8: wind turbin,
8,wind turbin,8: wind turbin,
8,wind turbin,8: wind turbin,
8,wind turbin,8: wind turbin,
8,wind turbin,8: wind turbin,
8,wind turbin,8: wind turbin,
8,wind turbin,8: wind turbin,
8,wind turbin,8: wind turbin,
8,wind turbin,8: wind turbin,
8,wind turbin,8: wind turbin,
8,wind turbin,8: wind turbin,
8,wind turbin,8: wind turbin,
8,wind turbin,8: wind turbin,
8,wind turbin,8: wind turbin,
8,wind turbin,8: wind turbin,
8,wind turbin,8: wind turbin,
8,wind turbin,8: wind turbin,
8,wind turbin,8: wind turbin,
8,wind turbin,8: wind turbin,
8,wind turbin,8: wind turbin,
8,wind turbin,8: wind turbin,
8,wind turbin,8: wind turbin,
8,wind turbin,8: wind turbin,
8,wind turbin,8: wind turbin,
8,wind turbin,8: wind turbin,
8,wind turbin,8: wind turbin,
8,wind turbin,8: wind turbin,
8,wind turbin,8: wind turbin,
8,wind turbin,8: wind turbin,
8,wind turbin,8: wind turbin,
8,wind turbin,8: wind turbin,
8,wind turbin,8: wind turbin,
8,wind turbin,8: wind turbin,
8,wind turbin,8: wind turbin,
8,wind turbin,8: wind turbin,
8,wind turbin,8: wind turbin,
8,wind turbin,8: wind turbin,
8,wind turbin,8: wind turbin,
8,wind turbin,8: wind turbin,
8,wind turbin,8: wind turbin,
8,wind turbin,8: wind turbin,
8,wind turbin,8: wind turbin,
8,wind turbin,8: wind turbin,
8,wind turbin,8: wind turbin,
8,wind turbin,8: wind turbin,
8,wind turbin,8: wind turbin,
8,wind turbin,8: wind turbin,
8,wind turbin,8: wind turbin,
8,wind turbin,8: wind turbin,
8,wind turbin,8: wind turbin,
8,wind turbin,8: wind turbin,
8,wind turbin,8: wind turbin,
8,wind turbin,8: wind turbin,
8,wind turbin,8: wind turbin,
8,wind turbin,8: wind turbin,
8,wind turbin,8: wind turbin,
8,wind turbin,8: wind turbin,
8,wind turbin,8: wind turbin,
8,wind turbin,8: wind turbin,
8,wind turbin,8: wind turbin,
8,wind turbin,8: wind turbin,
8,wind turbin,8: wind turbin,
8,wind turbin,8: wind turbin,
8,wind turbin,8: wind turbin,
8,wind turbin,8: wind turbin,
8,wind turbin,8: wind turbin,
8,wind turbin,8: wind turbin,
8,wind turbin,8: wind turbin,
8,wind turbin,8: wind turbin,
8,wind turbin,8: wind turbin,
8,wind turbin,8: wind turbin,
8,wind turbin,8: wind turbin,
8,wind turbin,8: wind turbin,
8,wind turbin,8: wind turbin,
8,wind turbin,8: wind turbin,
8,wind turbin,8: wind turbin,
8,wind turbin,8: wind turbin,
8,wind turbin,8: wind turbin,
8,wind turbin,8: wind turbin,
8,wind turbin,8: wind turbin,
8,wind turbin,8: wind turbin,
8,wind turbin,8: wind turbin,
8,wind turbin,8: wind turbin,
8,wind turbin,8: wind turbin,
8,wind turbin,8: wind turbin,
8,wind turbin,8: wind turbin,
8,wind turbin,8: wind turbin,
8,wind turbin,8: wind turbin,
8,wind turbin,8: wind turbin,
3,offshor wind,3: offshor wind,
3,offshor wind,3: offshor wind,
3,offshor wind,3: offshor wind,
3,offshor wind,3: offshor wind,
3,offshor wind,3: offshor wind,
3,offshor wind,3: offshor wind,
3,offshor wind,3: offshor wind,
3,offshor wind,3: offshor wind,
3,offshor wind,3: offshor wind,
3,offshor wind,3: offshor wind,
3,offshor wind,3: offshor wind,
3,offshor wind,3: offshor wind,
3,offshor wind,3: offshor wind,
3,offshor wind,3: offshor wind,
3,offshor wind,3: offshor wind,
3,offshor wind,3: offshor wind,
3,offshor wind,3: offshor wind,
3,offshor wind,3: offshor wind,
3,offshor wind,3: offshor wind,
3,offshor wind,3: offshor wind,
3,offshor wind,3: offshor wind,
3,offshor wind,3: offshor wind,
3,offshor wind,3: offshor wind,
3,offshor wind,3: offshor wind,
3,offshor wind,3: offshor wind,
3,offshor wind,3: offshor wind,
3,offshor wind,3: offshor wind,
3,offshor wind,3: offshor wind,
3,offshor wind,3: offshor wind,
3,offshor wind,3: offshor wind,
3,offshor wind,3: offshor wind,
3,offshor wind,3: offshor wind,
3,offshor wind,3: offshor wind,
3,offshor wind,3: offshor wind,
3,offshor wind,3: offshor wind,
3,offshor wind,3: offshor wind,
3,offshor wind,3: offshor wind,
3,offshor wind,3: offshor wind,
3,offshor wind,3: offshor wind,
3,offshor wind,3: offshor wind,
3,offshor wind,3: offshor wind,
3,offshor wind,3: offshor wind,
3,offshor wind,3: offshor wind,
3,offshor wind,3: offshor wind,
3,offshor wind,3: offshor wind,
3,offshor wind,3: offshor wind,
3,offshor wind,3: offshor wind,
3,offshor wind,3: offshor wind,
3,offshor wind,3: offshor wind,
3,offshor wind,3: offshor wind,
3,offshor wind,3: offshor wind,
3,offshor wind,3: offshor wind,
3,offshor wind,3: offshor wind,
3,offshor wind,3: offshor wind,
3,offshor wind,3: offshor wind,
3,offshor wind,3: offshor wind,
3,offshor wind,3: offshor wind,
3,offshor wind,3: offshor wind,
3,offshor wind,3: offshor wind,
3,offshor wind,3: offshor wind,
3,offshor wind,3: offshor wind,
3,offshor wind,3: offshor wind,
3,offshor wind,3: offshor wind,
3,offshor wind,3: offshor wind,
3,offshor wind,3: offshor wind,
3,offshor wind,3: offshor wind,
3,offshor wind,3: offshor wind,
3,offshor wind,3: offshor wind,
3,offshor wind,3: offshor wind,
3,offshor wind,3: offshor wind,
3,offshor wind,3: offshor wind,
3,offshor wind,3: offshor wind,
3,offshor wind,3: offshor wind,
3,offshor wind,3: offshor wind,
3,offshor wind,3: offshor wind,
3,offshor wind,3: offshor wind,
3,offshor wind,3: offshor wind,
3,offshor wind,3: offshor wind,
3,offshor wind,3: offshor wind,
3,offshor wind,3: offshor wind,
3,offshor wind,3: offshor wind,
3,offshor wind,3: offshor wind,
3,offshor wind,3: offshor wind,
3,offshor wind,3: offshor wind,
3,offshor wind,3: offshor wind,
3,offshor wind,3: offshor wind,
3,offshor wind,3: offshor wind,
3,offshor wind,3: offshor wind,
3,offshor wind,3: offshor wind,
3,offshor wind,3: offshor wind,
3,offshor wind,3: offshor wind,
3,offshor wind,3: offshor wind,
3,offshor wind,3: offshor wind,
3,offshor wind,3: offshor wind,
3,offshor wind,3: offshor wind,
3,offshor wind,3: offshor wind,
3,offshor wind,3: offshor wind,
3,offshor wind,3: offshor wind,
3,offshor wind,3: offshor wind,
3,offshor wind,3: offshor wind,
3,offshor wind,3: offshor wind,
3,offshor wind,3: offshor wind,
3,offshor wind,3: offshor wind,
3,offshor wind,3: offshor wind,
3,offshor wind,3: offshor wind,
3,offshor wind,3: offshor wind,
3,offshor wind,3: offshor wind,
3,offshor wind,3: offshor wind,
3,offshor wind,3: offshor wind,
3,offshor wind,3: offshor wind,
3,offshor wind,3: offshor wind,
3,offshor wind,3: offshor wind,
3,offshor wind,3: offshor wind,
8,wind turbin,8: wind turbin,
8,wind turbin,8: wind turbin,
8,wind turbin,8: wind turbin,
8,wind turbin,8: wind turbin,
8,wind turbin,8: wind turbin,
8,wind turbin,8: wind turbin,
8,wind turbin,8: wind turbin,
8,wind turbin,8: wind turbin,
8,wind turbin,8: wind turbin,
8,wind turbin,8: wind turbin,
8,wind turbin,8: wind turbin,
8,wind turbin,8: wind turbin,
8,wind turbin,8: wind turbin,
8,wind turbin,8: wind turbin,
8,wind turbin,8: wind turbin,
8,wind turbin,8: wind turbin,
8,wind turbin,8: wind turbin,
8,wind turbin,8: wind turbin,
8,wind turbin,8: wind turbin,
8,wind turbin,8: wind turbin,
8,wind turbin,8: wind turbin,
8,wind turbin,8: wind turbin,
8,wind turbin,8: wind turbin,
8,wind turbin,8: wind turbin,
8,wind turbin,8: wind turbin,
8,wind turbin,8: wind turbin,
8,wind turbin,8: wind turbin,
8,wind turbin,8: wind turbin,
8,wind turbin,8: wind turbin,
8,wind turbin,8: wind turbin,
8,wind turbin,8: wind turbin,
8,wind turbin,8: wind turbin,
8,wind turbin,8: wind turbin,
8,wind turbin,8: wind turbin,
8,wind turbin,8: wind turbin,
8,wind turbin,8: wind turbin,
8,wind turbin,8: wind turbin,
8,wind turbin,8: wind turbin,
8,wind turbin,8: wind turbin,
8,wind turbin,8: wind turbin,
8,wind turbin,8: wind turbin,
8,wind turbin,8: wind turbin,
8,wind turbin,8: wind turbin,
8,wind turbin,8: wind turbin,
8,wind turbin,8: wind turbin,
8,wind turbin,8: wind turbin,
8,wind turbin,8: wind turbin,
8,wind turbin,8: wind turbin,
8,wind turbin,8: wind turbin,
8,wind turbin,8: wind turbin,
8,wind turbin,8: wind turbin,
8,wind turbin,8: wind turbin,
8,wind turbin,8: wind turbin,
8,wind turbin,8: wind turbin,
8,wind turbin,8: wind turbin,
8,wind turbin,8: wind turbin,
8,wind turbin,8: wind turbin,
8,wind turbin,8: wind turbin,
8,wind turbin,8: wind turbin,
8,wind turbin,8: wind turbin,
8,wind turbin,8: wind turbin,
8,wind turbin,8: wind turbin,
8,wind turbin,8: wind turbin,
8,wind turbin,8: wind turbin,
8,wind turbin,8: wind turbin,
8,wind turbin,8: wind turbin,
8,wind turbin,8: wind turbin,
8,wind turbin,8: wind turbin,
8,wind turbin,8: wind turbin,
8,wind turbin,8: wind turbin,
8,wind turbin,8: wind turbin,
8,wind turbin,8: wind turbin,
8,wind turbin,8: wind turbin,
8,wind turbin,8: wind turbin,
8,wind turbin,8: wind turbin,
8,wind turbin,8: wind turbin,
8,wind turbin,8: wind turbin,
8,wind turbin,8: wind turbin,
8,wind turbin,8: wind turbin,
8,wind turbin,8: wind turbin,
8,wind turbin,8: wind turbin,
8,wind turbin,8: wind turbin,
8,wind turbin,8: wind turbin,
8,wind turbin,8: wind turbin,
8,wind turbin,8: wind turbin,
8,wind turbin,8: wind turbin,
8,wind turbin,8: wind turbin,
8,wind turbin,8: wind turbin,
8,wind turbin,8: wind turbin,
8,wind turbin,8: wind turbin,
8,wind turbin,8: wind turbin,
8,wind turbin,8: wind turbin,
8,wind turbin,8: wind turbin,
8,wind turbin,8: wind turbin,
8,wind turbin,8: wind turbin,
8,wind turbin,8: wind turbin,
8,wind turbin,8: wind turbin,
8,wind turbin,8: wind turbin,
8,wind turbin,8: wind turbin,
8,wind turbin,8: wind turbin,
8,wind turbin,8: wind turbin,
8,wind turbin,8: wind turbin,
8,wind turbin,8: wind turbin,
8,wind turbin,8: wind turbin,
8,wind turbin,8: wind turbin,
8,wind turbin,8: wind turbin,
8,wind turbin,8: wind turbin,
8,wind turbin,8: wind turbin,
8,wind turbin,8: wind turbin,
8,wind turbin,8: wind turbin,
8,wind turbin,8: wind turbin,
8,wind turbin,8: wind turbin,
8,wind turbin,8: wind turbin,
8,wind turbin,8: wind turbin,
8,wind turbin,8: wind turbin,
8,wind turbin,8: wind turbin,
8,wind turbin,8: wind turbin,
8,wind turbin,8: wind turbin,
8,wind turbin,8: wind turbin,
8,wind turbin,8: wind turbin,
8,wind turbin,8: wind turbin,
8,wind turbin,8: wind turbin,
8,wind turbin,8: wind turbin,
8,wind turbin,8: wind turbin,
8,wind turbin,8: wind turbin,
8,wind turbin,8: wind turbin,
8,wind turbin,8: wind turbin,
8,wind turbin,8: wind turbin,
8,wind turbin,8: wind turbin,
8,wind turbin,8: wind turbin,
8,wind turbin,8: wind turbin,
8,wind turbin,8: wind turbin,
8,wind turbin,8: wind turbin,
8,wind turbin,8: wind turbin,
8,wind turbin,8: wind turbin,
8,wind turbin,8: wind turbin,
8,wind turbin,8: wind turbin,
8,wind turbin,8: wind turbin,
8,wind turbin,8: wind turbin,
8,wind turbin,8: wind turbin,
8,wind turbin,8: wind turbin,
8,wind turbin,8: wind turbin,
8,wind turbin,8: wind turbin,
8,wind turbin,8: wind turbin,
8,wind turbin,8: wind turbin,
8,wind turbin,8: wind turbin,
8,wind turbin,8: wind turbin,
8,wind turbin,8: wind turbin,
8,wind turbin,8: wind turbin,
8,wind turbin,8: wind turbin,
8,wind turbin,8: wind turbin,
8,wind turbin,8: wind turbin,
8,wind turbin,8: wind turbin,
8,wind turbin,8: wind turbin,
8,wind turbin,8: wind turbin,
8,wind turbin,8: wind turbin,
8,wind turbin,8: wind turbin,
8,wind turbin,8: wind turbin,
8,wind turbin,8: wind turbin,
8,wind turbin,8: wind turbin,
8,wind turbin,8: wind turbin,
8,wind turbin,8: wind turbin,
8,wind turbin,8: wind turbin,
8,wind turbin,8: wind turbin,
8,wind turbin,8: wind turbin,
8,wind turbin,8: wind turbin,
8,wind turbin,8: wind turbin,
8,wind turbin,8: wind turbin,
8,wind turbin,8: wind turbin,
8,wind turbin,8: wind turbin,
8,wind turbin,8: wind turbin,
8,wind turbin,8: wind turbin,
8,wind turbin,8: wind turbin,
8,wind turbin,8: wind turbin,
8,wind turbin,8: wind turbin,
8,wind turbin,8: wind turbin,
8,wind turbin,8: wind turbin,
8,wind turbin,8: wind turbin,
8,wind turbin,8: wind turbin,
8,wind turbin,8: wind turbin,
8,wind turbin,8: wind turbin,
8,wind turbin,8: wind turbin,
8,wind turbin,8: wind turbin,
8,wind turbin,8: wind turbin,
8,wind turbin,8: wind turbin,
8,wind turbin,8: wind turbin,
8,wind turbin,8: wind turbin,
8,wind turbin,8: wind turbin,
8,wind turbin,8: wind turbin,
8,wind turbin,8: wind turbin,
8,wind turbin,8: wind turbin,
8,wind turbin,8: wind turbin,
8,wind turbin,8: wind turbin,
8,wind turbin,8: wind turbin,
8,wind turbin,8: wind turbin,
8,wind turbin,8: wind turbin,
8,wind turbin,8: wind turbin,
8,wind turbin,8: wind turbin,
8,wind turbin,8: wind turbin,
8,wind turbin,8: wind turbin,
8,wind turbin,8: wind turbin,
8,wind turbin,8: wind turbin,
8,wind turbin,8: wind turbin,
8,wind turbin,8: wind turbin,
8,wind turbin,8: wind turbin,
8,wind turbin,8: wind turbin,
8,wind turbin,8: wind turbin,
8,wind turbin,8: wind turbin,
8,wind turbin,8: wind turbin,
8,wind turbin,8: wind turbin,
8,wind turbin,8: wind turbin,
8,wind turbin,8: wind turbin,
8,wind turbin,8: wind turbin,
8,wind turbin,8: wind turbin,
8,wind turbin,8: wind turbin,
8,wind turbin,8: wind turbin,
8,wind turbin,8: wind turbin,
8,wind turbin,8: wind turbin,
8,wind turbin,8: wind turbin,
8,wind turbin,8: wind turbin,
8,wind turbin,8: wind turbin,
8,wind turbin,8: wind turbin,
8,wind turbin,8: wind turbin,
8,wind turbin,8: wind turbin,
8,wind turbin,8: wind turbin,
8,wind turbin,8: wind turbin,
8,wind turbin,8: wind turbin,
8,wind turbin,8: wind turbin,
8,wind turbin,8: wind turbin,
8,wind turbin,8: wind turbin,
8,wind turbin,8: wind turbin,
8,wind turbin,8: wind turbin,
8,wind turbin,8: wind turbin,
8,wind turbin,8: wind turbin,
8,wind turbin,8: wind turbin,
8,wind turbin,8: wind turbin,
8,wind turbin,8: wind turbin,
8,wind turbin,8: wind turbin,
8,wind turbin,8: wind turbin,
8,wind turbin,8: wind turbin,
8,wind turbin,8: wind turbin,
8,wind turbin,8: wind turbin,
8,wind turbin,8: wind turbin,
8,wind turbin,8: wind turbin,
8,wind turbin,8: wind turbin,
8,wind turbin,8: wind turbin,
8,wind turbin,8: wind turbin,
8,wind turbin,8: wind turbin,
8,wind turbin,8: wind turbin,
8,wind turbin,8: wind turbin,
8,wind turbin,8: wind turbin,
8,wind turbin,8: wind turbin,
8,wind turbin,8: wind turbin,
8,wind turbin,8: wind turbin,
8,wind turbin,8: wind turbin,
8,wind turbin,8: wind turbin,
8,wind turbin,8: wind turbin,
8,wind turbin,8: wind turbin,
8,wind turbin,8: wind turbin,
8,wind turbin,8: wind turbin,
8,wind turbin,8: wind turbin,
8,wind turbin,8: wind turbin,
8,wind turbin,8: wind turbin,
8,wind turbin,8: wind turbin,
8,wind turbin,8: wind turbin,
8,wind turbin,8: wind turbin,
8,wind turbin,8: wind turbin,
8,wind turbin,8: wind turbin,
8,wind turbin,8: wind turbin,
8,wind turbin,8: wind turbin,
8,wind turbin,8: wind turbin,
8,wind turbin,8: wind turbin,
8,wind turbin,8: wind turbin,
8,wind turbin,8: wind turbin,
8,wind turbin,8: wind turbin,
8,wind turbin,8: wind turbin,
8,wind turbin,8: wind turbin,
8,wind turbin,8: wind turbin,
8,wind turbin,8: wind turbin,
8,wind turbin,8: wind turbin,
8,wind turbin,8: wind turbin,
8,wind turbin,8: wind turbin,
8,wind turbin,8: wind turbin,
8,wind turbin,8: wind turbin,
8,wind turbin,8: wind turbin,
8,wind turbin,8: wind turbin,
8,wind turbin,8: wind turbin,
8,wind turbin,8: wind turbin,
8,wind turbin,8: wind turbin,
8,wind turbin,8: wind turbin,
8,wind turbin,8: wind turbin,
8,wind turbin,8: wind turbin,
8,wind turbin,8: wind turbin,
8,wind turbin,8: wind turbin,
8,wind turbin,8: wind turbin,
8,wind turbin,8: wind turbin,
8,wind turbin,8: wind turbin,
8,wind turbin,8: wind turbin,
8,wind turbin,8: wind turbin,
8,wind turbin,8: wind turbin,
8,wind turbin,8: wind turbin,
8,wind turbin,8: wind turbin,
8,wind turbin,8: wind turbin,
8,wind turbin,8: wind turbin,
8,wind turbin,8: wind turbin,
8,wind turbin,8: wind turbin,
8,wind turbin,8: wind turbin,
8,wind turbin,8: wind turbin,
8,wind turbin,8: wind turbin,
8,wind turbin,8: wind turbin,
8,wind turbin,8: wind turbin,
8,wind turbin,8: wind turbin,
8,wind turbin,8: wind turbin,
8,wind turbin,8: wind turbin,
8,wind turbin,8: wind turbin,
8,wind turbin,8: wind turbin,
8,wind turbin,8: wind turbin,
8,wind turbin,8: wind turbin,
8,wind turbin,8: wind turbin,
8,wind turbin,8: wind turbin,
8,wind turbin,8: wind turbin,
8,wind turbin,8: wind turbin,
8,wind turbin,8: wind turbin,
8,wind turbin,8: wind turbin,
8,wind turbin,8: wind turbin,
8,wind turbin,8: wind turbin,
8,wind turbin,8: wind turbin,
8,wind turbin,8: wind turbin,
8,wind turbin,8: wind turbin,
8,wind turbin,8: wind turbin,
8,wind turbin,8: wind turbin,
8,wind turbin,8: wind turbin,
8,wind turbin,8: wind turbin,
8,wind turbin,8: wind turbin,
8,wind turbin,8: wind turbin,
8,wind turbin,8: wind turbin,
8,wind turbin,8: wind turbin,
8,wind turbin,8: wind turbin,
8,wind turbin,8: wind turbin,
8,wind turbin,8: wind turbin,
8,wind turbin,8: wind turbin,
8,wind turbin,8: wind turbin,
8,wind turbin,8: wind turbin,
8,wind turbin,8: wind turbin,
8,wind turbin,8: wind turbin,
8,wind turbin,8: wind turbin,
8,wind turbin,8: wind turbin,
8,wind turbin,8: wind turbin,
8,wind turbin,8: wind turbin,
8,wind turbin,8: wind turbin,
8,wind turbin,8: wind turbin,
8,wind turbin,8: wind turbin,
8,wind turbin,8: wind turbin,
8,wind turbin,8: wind turbin,
8,wind turbin,8: wind turbin,
8,wind turbin,8: wind turbin,
8,wind turbin,8: wind turbin,
8,wind turbin,8: wind turbin,
8,wind turbin,8: wind turbin,
8,wind turbin,8: wind turbin,
8,wind turbin,8: wind turbin,
8,wind turbin,8: wind turbin,
8,wind turbin,8: wind turbin,
8,wind turbin,8: wind turbin,
8,wind turbin,8: wind turbin,
8,wind turbin,8: wind turbin,
8,wind turbin,8: wind turbin,
8,wind turbin,8: wind turbin,
8,wind turbin,8: wind turbin,
8,wind turbin,8: wind turbin,
8,wind turbin,8: wind turbin,
8,wind turbin,8: wind turbin,
8,wind turbin,8: wind turbin,
8,wind turbin,8: wind turbin,
8,wind turbin,8: wind turbin,
8,wind turbin,8: wind turbin,
8,wind turbin,8: wind turbin,
8,wind turbin,8: wind turbin,
8,wind turbin,8: wind turbin,
8,wind turbin,8: wind turbin,
8,wind turbin,8: wind turbin,
8,wind turbin,8: wind turbin,
8,wind turbin,8: wind turbin,
8,wind turbin,8: wind turbin,
8,wind turbin,8: wind turbin,
8,wind turbin,8: wind turbin,
8,wind turbin,8: wind turbin,
8,wind turbin,8: wind turbin,
8,wind turbin,8: wind turbin,
8,wind turbin,8: wind turbin,
0,energi island,0: energi island,
0,energi island,0: energi island,
0,energi island,0: energi island,
0,energi island,0: energi island,
0,energi island,0: energi island,
0,energi island,0: energi island,
0,energi island,0: energi island,
0,energi island,0: energi island,
0,energi island,0: energi island,
0,energi island,0: energi island,
0,energi island,0: energi island,
0,energi island,0: energi island,
0,energi island,0: energi island,
0,energi island,0: energi island,
0,energi island,0: energi island,
0,energi island,0: energi island,
0,energi island,0: energi island,
0,energi island,0: energi island,
0,energi island,0: energi island,
0,energi island,0: energi island,
0,energi island,0: energi island,
0,energi island,0: energi island,
0,energi island,0: energi island,
0,energi island,0: energi island,
0,energi island,0: energi island,
0,energi island,0: energi island,
0,energi island,0: energi island,
0,energi island,0: energi island,
0,energi island,0: energi island,
0,energi island,0: energi island,
0,energi island,0: energi island,
0,energi island,0: energi island,
0,energi island,0: energi island,
0,energi island,0: energi island,
0,energi island,0: energi island,
0,energi island,0: energi island,
0,energi island,0: energi island,
0,energi island,0: energi island,
0,energi island,0: energi island,
0,energi island,0: energi island,
0,energi island,0: energi island,
0,energi island,0: energi island,
0,energi island,0: energi island,
0,energi island,0: energi island,
0,energi island,0: energi island,
0,energi island,0: energi island,
0,energi island,0: energi island,
0,energi island,0: energi island,
0,energi island,0: energi island,
0,energi island,0: energi island,
0,energi island,0: energi island,
0,energi island,0: energi island,
0,energi island,0: energi island,
0,energi island,0: energi island,
0,energi island,0: energi island,
0,energi island,0: energi island,
0,energi island,0: energi island,
0,energi island,0: energi island,
0,energi island,0: energi island,
0,energi island,0: energi island,
0,energi island,0: energi island,
0,energi island,0: energi island,
0,energi island,0: energi island,
0,energi island,0: energi island,
0,energi island,0: energi island,
0,energi island,0: energi island,
0,energi island,0: energi island,
0,energi island,0: energi island,
0,energi island,0: energi island,
0,energi island,0: energi island,
0,energi island,0: energi island,
0,energi island,0: energi island,
0,energi island,0: energi island,
0,energi island,0: energi island,
0,energi island,0: energi island,
0,energi island,0: energi island,
0,energi island,0: energi island,
0,energi island,0: energi island,
0,energi island,0: energi island,
0,energi island,0: energi island,
0,energi island,0: energi island,
0,energi island,0: energi island,
0,energi island,0: energi island,
0,energi island,0: energi island,
0,energi island,0: energi island,
0,energi island,0: energi island,
0,energi island,0: energi island,
0,energi island,0: energi island,
0,energi island,0: energi island,
0,energi island,0: energi island,
0,energi island,0: energi island,
0,energi island,0: energi island,
0,energi island,0: energi island,
0,energi island,0: energi island,
0,energi island,0: energi island,
0,energi island,0: energi island,
0,energi island,0: energi island,
0,energi island,0: energi island,
0,energi island,0: energi island,
0,energi island,0: energi island,
0,energi island,0: energi island,
0,energi island,0: energi island,
0,energi island,0: energi island,
0,energi island,0: energi island,
0,energi island,0: energi island,
0,energi island,0: energi island,
0,energi island,0: energi island,
0,energi island,0: energi island,
0,energi island,0: energi island,
0,energi island,0: energi island,
0,energi island,0: energi island,
0,energi island,0: energi island,
0,energi island,0: energi island,
0,energi island,0: energi island,
0,energi island,0: energi island,
0,energi island,0: energi island,
0,energi island,0: energi island,
0,energi island,0: energi island,
0,energi island,0: energi island,
0,energi island,0: energi island,
0,energi island,0: energi island,
0,energi island,0: energi island,
0,energi island,0: energi island,
0,energi island,0: energi island,
0,energi island,0: energi island,
0,energi island,0: energi island,
0,energi island,0: energi island,
0,energi island,0: energi island,
0,energi island,0: energi island,
0,energi island,0: energi island,
0,energi island,0: energi island,
0,energi island,0: energi island,
0,energi island,0: energi island,
0,energi island,0: energi island,
0,energi island,0: energi island,
0,energi island,0: energi island,
0,energi island,0: energi island,
0,energi island,0: energi island,
0,energi island,0: energi island,
0,energi island,0: energi island,
0,energi island,0: energi island,
0,energi island,0: energi island,
0,energi island,0: energi island,
0,energi island,0: energi island,
0,energi island,0: energi island,
0,energi island,0: energi island,
0,energi island,0: energi island,
0,energi island,0: energi island,
0,energi island,0: energi island,
0,energi island,0: energi island,
0,energi island,0: energi island,
0,energi island,0: energi island,
0,energi island,0: energi island,
0,energi island,0: energi island,
0,energi island,0: energi island,
0,energi island,0: energi island,
0,energi island,0: energi island,
0,energi island,0: energi island,
0,energi island,0: energi island,
0,energi island,0: energi island,
0,energi island,0: energi island,
0,energi island,0: energi island,
0,energi island,0: energi island,
0,energi island,0: energi island,
0,energi island,0: energi island,
0,energi island,0: energi island,
0,energi island,0: energi island,
0,energi island,0: energi island,
0,energi island,0: energi island,
0,energi island,0: energi island,
0,energi island,0: energi island,
0,energi island,0: energi island,
0,energi island,0: energi island,
0,energi island,0: energi island,
0,energi island,0: energi island,
0,energi island,0: energi island,
0,energi island,0: energi island,
0,energi island,0: energi island,
0,energi island,0: energi island,
0,energi island,0: energi island,
0,energi island,0: energi island,
0,energi island,0: energi island,
0,energi island,0: energi island,
0,energi island,0: energi island,
0,energi island,0: energi island,
0,energi island,0: energi island,
0,energi island,0: energi island,
0,energi island,0: energi island,
0,energi island,0: energi island,
0,energi island,0: energi island,
0,energi island,0: energi island,
0,energi island,0: energi island,
0,energi island,0: energi island,
0,energi island,0: energi island,
0,energi island,0: energi island,
0,energi island,0: energi island,
0,energi island,0: energi island,
0,energi island,0: energi island,
0,energi island,0: energi island,
0,energi island,0: energi island,
0,energi island,0: energi island,
0,energi island,0: energi island,
0,energi island,0: energi island,
0,energi island,0: energi island,
0,energi island,0: energi island,
0,energi island,0: energi island,
0,energi island,0: energi island,
0,energi island,0: energi island,
0,energi island,0: energi island,
0,energi island,0: energi island,
0,energi island,0: energi island,
0,energi island,0: energi island,
0,energi island,0: energi island,
0,energi island,0: energi island,
0,energi island,0: energi island,
0,energi island,0: energi island,
0,energi island,0: energi island,
0,energi island,0: energi island,
0,energi island,0: energi island,
0,energi island,0: energi island,
0,energi island,0: energi island,
0,energi island,0: energi island,
0,energi island,0: energi island,
0,energi island,0: energi island,
0,energi island,0: energi island,
0,energi island,0: energi island,
0,energi island,0: energi island,
0,energi island,0: energi island,
0,energi island,0: energi island,
0,energi island,0: energi island,
0,energi island,0: energi island,
0,energi island,0: energi island,
0,energi island,0: energi island,
0,energi island,0: energi island,
0,energi island,0: energi island,
0,energi island,0: energi island,
0,energi island,0: energi island,
0,energi island,0: energi island,
0,energi island,0: energi island,
0,energi island,0: energi island,
0,energi island,0: energi island,
0,energi island,0: energi island,
0,energi island,0: energi island,
0,energi island,0: energi island,
0,energi island,0: energi island,
0,energi island,0: energi island,
0,energi island,0: energi island,
0,energi island,0: energi island,
0,energi island,0: energi island,
0,energi island,0: energi island,
0,energi island,0: energi island,
0,energi island,0: energi island,
0,energi island,0: energi island,
0,energi island,0: energi island,
0,energi island,0: energi island,
0,energi island,0: energi island,
0,energi island,0: energi island,
0,energi island,0: energi island,
0,energi island,0: energi island,
0,energi island,0: energi island,
0,energi island,0: energi island,
0,energi island,0: energi island,
0,energi island,0: energi island,
0,energi island,0: energi island,
0,energi island,0: energi island,
0,energi island,0: energi island,
0,energi island,0: energi island,
0,energi island,0: energi island,
0,energi island,0: energi island,
0,energi island,0: energi island,
0,energi island,0: energi island,
0,energi island,0: energi island,
0,energi island,0: energi island,
0,energi island,0: energi island,
0,energi island,0: energi island,
0,energi island,0: energi island,
0,energi island,0: energi island,
0,energi island,0: energi island,
0,energi island,0: energi island,
0,energi island,0: energi island,
0,energi island,0: energi island,
0,energi island,0: energi island,
0,energi island,0: energi island,
0,energi island,0: energi island,
0,energi island,0: energi island,
0,energi island,0: energi island,
0,energi island,0: energi island,
0,energi island,0: energi island,
0,energi island,0: energi island,
0,energi island,0: energi island,
0,energi island,0: energi island,
0,energi island,0: energi island,
0,energi island,0: energi island,
0,energi island,0: energi island,
0,energi island,0: energi island,
0,energi island,0: energi island,
0,energi island,0: energi island,
0,energi island,0: energi island,
0,energi island,0: energi island,
0,energi island,0: energi island,
0,energi island,0: energi island,
0,energi island,0: energi island,
0,energi island,0: energi island,
0,energi island,0: energi island,
0,energi island,0: energi island,
0,energi island,0: energi island,
0,energi island,0: energi island,
0,energi island,0: energi island,
0,energi island,0: energi island,
0,energi island,0: energi island,
0,energi island,0: energi island,
0,energi island,0: energi island,
0,energi island,0: energi island,
0,energi island,0: energi island,
8,wind turbin,8: wind turbin,
8,wind turbin,8: wind turbin,
8,wind turbin,8: wind turbin,
8,wind turbin,8: wind turbin,
8,wind turbin,8: wind turbin,
8,wind turbin,8: wind turbin,
8,wind turbin,8: wind turbin,
8,wind turbin,8: wind turbin,
8,wind turbin,8: wind turbin,
8,wind turbin,8: wind turbin,
8,wind turbin,8: wind turbin,
8,wind turbin,8: wind turbin,
8,wind turbin,8: wind turbin,
8,wind turbin,8: wind turbin,
8,wind turbin,8: wind turbin,
8,wind turbin,8: wind turbin,
8,wind turbin,8: wind turbin,
8,wind turbin,8: wind turbin,
8,wind turbin,8: wind turbin,
8,wind turbin,8: wind turbin,
8,wind turbin,8: wind turbin,
8,wind turbin,8: wind turbin,
8,wind turbin,8: wind turbin,
8,wind turbin,8: wind turbin,
8,wind turbin,8: wind turbin,
8,wind turbin,8: wind turbin,
8,wind turbin,8: wind turbin,
8,wind turbin,8: wind turbin,
8,wind turbin,8: wind turbin,
8,wind turbin,8: wind turbin,
8,wind turbin,8: wind turbin,
8,wind turbin,8: wind turbin,
8,wind turbin,8: wind turbin,
8,wind turbin,8: wind turbin,
8,wind turbin,8: wind turbin,
8,wind turbin,8: wind turbin,
8,wind turbin,8: wind turbin,
8,wind turbin,8: wind turbin,
8,wind turbin,8: wind turbin,
8,wind turbin,8: wind turbin,
8,wind turbin,8: wind turbin,
8,wind turbin,8: wind turbin,
8,wind turbin,8: wind turbin,
8,wind turbin,8: wind turbin,
8,wind turbin,8: wind turbin,
8,wind turbin,8: wind turbin,
8,wind turbin,8: wind turbin,
8,wind turbin,8: wind turbin,
8,wind turbin,8: wind turbin,
8,wind turbin,8: wind turbin,
8,wind turbin,8: wind turbin,
8,wind turbin,8: wind turbin,
8,wind turbin,8: wind turbin,
8,wind turbin,8: wind turbin,
8,wind turbin,8: wind turbin,
8,wind turbin,8: wind turbin,
8,wind turbin,8: wind turbin,
8,wind turbin,8: wind turbin,
8,wind turbin,8: wind turbin,
8,wind turbin,8: wind turbin,
8,wind turbin,8: wind turbin,
8,wind turbin,8: wind turbin,
8,wind turbin,8: wind turbin,
8,wind turbin,8: wind turbin,
8,wind turbin,8: wind turbin,
8,wind turbin,8: wind turbin,
8,wind turbin,8: wind turbin,
8,wind turbin,8: wind turbin,
8,wind turbin,8: wind turbin,
8,wind turbin,8: wind turbin,
8,wind turbin,8: wind turbin,
8,wind turbin,8: wind turbin,
8,wind turbin,8: wind turbin,
8,wind turbin,8: wind turbin,
8,wind turbin,8: wind turbin,
8,wind turbin,8: wind turbin,
8,wind turbin,8: wind turbin,
8,wind turbin,8: wind turbin,
8,wind turbin,8: wind turbin,
8,wind turbin,8: wind turbin,
8,wind turbin,8: wind turbin,
8,wind turbin,8: wind turbin,
8,wind turbin,8: wind turbin,
8,wind turbin,8: wind turbin,
8,wind turbin,8: wind turbin,
8,wind turbin,8: wind turbin,
8,wind turbin,8: wind turbin,
8,wind turbin,8: wind turbin,
8,wind turbin,8: wind turbin,
8,wind turbin,8: wind turbin,
8,wind turbin,8: wind turbin,
8,wind turbin,8: wind turbin,
8,wind turbin,8: wind turbin,
8,wind turbin,8: wind turbin,
8,wind turbin,8: wind turbin,
8,wind turbin,8: wind turbin,
8,wind turbin,8: wind turbin,
8,wind turbin,8: wind turbin,
8,wind turbin,8: wind turbin,
8,wind turbin,8: wind turbin,
8,wind turbin,8: wind turbin,
8,wind turbin,8: wind turbin,
8,wind turbin,8: wind turbin,
8,wind turbin,8: wind turbin,
8,wind turbin,8: wind turbin,
8,wind turbin,8: wind turbin,
8,wind turbin,8: wind turbin,
8,wind turbin,8: wind turbin,
8,wind turbin,8: wind turbin,
8,wind turbin,8: wind turbin,
8,wind turbin,8: wind turbin,
8,wind turbin,8: wind turbin,
8,wind turbin,8: wind turbin,
8,wind turbin,8: wind turbin,
8,wind turbin,8: wind turbin,
8,wind turbin,8: wind turbin,
8,wind turbin,8: wind turbin,
8,wind turbin,8: wind turbin,
8,wind turbin,8: wind turbin,
8,wind turbin,8: wind turbin,
8,wind turbin,8: wind turbin,
8,wind turbin,8: wind turbin,
8,wind turbin,8: wind turbin,
8,wind turbin,8: wind turbin,
8,wind turbin,8: wind turbin,
8,wind turbin,8: wind turbin,
8,wind turbin,8: wind turbin,
8,wind turbin,8: wind turbin,
8,wind turbin,8: wind turbin,
8,wind turbin,8: wind turbin,
6,energiø bornholm,6: energiø bornholm,
6,energiø bornholm,6: energiø bornholm,
6,energiø bornholm,6: energiø bornholm,
6,energiø bornholm,6: energiø bornholm,
6,energiø bornholm,6: energiø bornholm,
6,energiø bornholm,6: energiø bornholm,
6,energiø bornholm,6: energiø bornholm,
6,energiø bornholm,6: energiø bornholm,
6,energiø bornholm,6: energiø bornholm,
6,energiø bornholm,6: energiø bornholm,
6,energiø bornholm,6: energiø bornholm,
6,energiø bornholm,6: energiø bornholm,
6,energiø bornholm,6: energiø bornholm,
6,energiø bornholm,6: energiø bornholm,
6,energiø bornholm,6: energiø bornholm,
6,energiø bornholm,6: energiø bornholm,
6,energiø bornholm,6: energiø bornholm,
6,energiø bornholm,6: energiø bornholm,
6,energiø bornholm,6: energiø bornholm,
6,energiø bornholm,6: energiø bornholm,
6,energiø bornholm,6: energiø bornholm,
6,energiø bornholm,6: energiø bornholm,
6,energiø bornholm,6: energiø bornholm,
6,energiø bornholm,6: energiø bornholm,
6,energiø bornholm,6: energiø bornholm,
6,energiø bornholm,6: energiø bornholm,
6,energiø bornholm,6: energiø bornholm,
6,energiø bornholm,6: energiø bornholm,
6,energiø bornholm,6: energiø bornholm,
6,energiø bornholm,6: energiø bornholm,
6,energiø bornholm,6: energiø bornholm,
6,energiø bornholm,6: energiø bornholm,
6,energiø bornholm,6: energiø bornholm,
6,energiø bornholm,6: energiø bornholm,
6,energiø bornholm,6: energiø bornholm,
6,energiø bornholm,6: energiø bornholm,
6,energiø bornholm,6: energiø bornholm,
6,energiø bornholm,6: energiø bornholm,
6,energiø bornholm,6: energiø bornholm,
6,energiø bornholm,6: energiø bornholm,
6,energiø bornholm,6: energiø bornholm,
6,energiø bornholm,6: energiø bornholm,
6,energiø bornholm,6: energiø bornholm,
6,energiø bornholm,6: energiø bornholm,
6,energiø bornholm,6: energiø bornholm,
6,energiø bornholm,6: energiø bornholm,
6,energiø bornholm,6: energiø bornholm,
6,energiø bornholm,6: energiø bornholm,
6,energiø bornholm,6: energiø bornholm,
6,energiø bornholm,6: energiø bornholm,
6,energiø bornholm,6: energiø bornholm,
6,energiø bornholm,6: energiø bornholm,
6,energiø bornholm,6: energiø bornholm,
6,energiø bornholm,6: energiø bornholm,
6,energiø bornholm,6: energiø bornholm,
6,energiø bornholm,6: energiø bornholm,
6,energiø bornholm,6: energiø bornholm,
6,energiø bornholm,6: energiø bornholm,
6,energiø bornholm,6: energiø bornholm,
6,energiø bornholm,6: energiø bornholm,
6,energiø bornholm,6: energiø bornholm,
6,energiø bornholm,6: energiø bornholm,
6,energiø bornholm,6: energiø bornholm,
6,energiø bornholm,6: energiø bornholm,
6,energiø bornholm,6: energiø bornholm,
6,energiø bornholm,6: energiø bornholm,
6,energiø bornholm,6: energiø bornholm,
6,energiø bornholm,6: energiø bornholm,
6,energiø bornholm,6: energiø bornholm,
6,energiø bornholm,6: energiø bornholm,
6,energiø bornholm,6: energiø bornholm,
6,energiø bornholm,6: energiø bornholm,
6,energiø bornholm,6: energiø bornholm,
6,energiø bornholm,6: energiø bornholm,
6,energiø bornholm,6: energiø bornholm,
6,energiø bornholm,6: energiø bornholm,
6,energiø bornholm,6: energiø bornholm,
6,energiø bornholm,6: energiø bornholm,
6,energiø bornholm,6: energiø bornholm,
6,energiø bornholm,6: energiø bornholm,
6,energiø bornholm,6: energiø bornholm,
6,energiø bornholm,6: energiø bornholm,
6,energiø bornholm,6: energiø bornholm,
6,energiø bornholm,6: energiø bornholm,
6,energiø bornholm,6: energiø bornholm,
6,energiø bornholm,6: energiø bornholm,
6,energiø bornholm,6: energiø bornholm,
6,energiø bornholm,6: energiø bornholm,
6,energiø bornholm,6: energiø bornholm,
6,energiø bornholm,6: energiø bornholm,
6,energiø bornholm,6: energiø bornholm,
6,energiø bornholm,6: energiø bornholm,
6,energiø bornholm,6: energiø bornholm,
6,energiø bornholm,6: energiø bornholm,
6,energiø bornholm,6: energiø bornholm,
6,energiø bornholm,6: energiø bornholm,
6,energiø bornholm,6: energiø bornholm,
6,energiø bornholm,6: energiø bornholm,
6,energiø bornholm,6: energiø bornholm,
6,energiø bornholm,6: energiø bornholm,
6,energiø bornholm,6: energiø bornholm,
6,energiø bornholm,6: energiø bornholm,
6,energiø bornholm,6: energiø bornholm,
6,energiø bornholm,6: energiø bornholm,
6,energiø bornholm,6: energiø bornholm,
6,energiø bornholm,6: energiø bornholm,
6,energiø bornholm,6: energiø bornholm,
6,energiø bornholm,6: energiø bornholm,
6,energiø bornholm,6: energiø bornholm,
6,energiø bornholm,6: energiø bornholm,
6,energiø bornholm,6: energiø bornholm,
6,energiø bornholm,6: energiø bornholm,
6,energiø bornholm,6: energiø bornholm,
6,energiø bornholm,6: energiø bornholm,
6,energiø bornholm,6: energiø bornholm,
6,energiø bornholm,6: energiø bornholm,
6,energiø bornholm,6: energiø bornholm,
6,energiø bornholm,6: energiø bornholm,
6,energiø bornholm,6: energiø bornholm,
6,energiø bornholm,6: energiø bornholm,
6,energiø bornholm,6: energiø bornholm,
6,energiø bornholm,6: energiø bornholm,
6,energiø bornholm,6: energiø bornholm,
6,energiø bornholm,6: energiø bornholm,
6,energiø bornholm,6: energiø bornholm,
6,energiø bornholm,6: energiø bornholm,
6,energiø bornholm,6: energiø bornholm,
6,energiø bornholm,6: energiø bornholm,
6,energiø bornholm,6: energiø bornholm,
6,energiø bornholm,6: energiø bornholm,
6,energiø bornholm,6: energiø bornholm,
6,energiø bornholm,6: energiø bornholm,
6,energiø bornholm,6: energiø bornholm,
6,energiø bornholm,6: energiø bornholm,
6,energiø bornholm,6: energiø bornholm,
6,energiø bornholm,6: energiø bornholm,
6,energiø bornholm,6: energiø bornholm,
6,energiø bornholm,6: energiø bornholm,
6,energiø bornholm,6: energiø bornholm,
6,energiø bornholm,6: energiø bornholm,
6,energiø bornholm,6: energiø bornholm,
6,energiø bornholm,6: energiø bornholm,
6,energiø bornholm,6: energiø bornholm,
6,energiø bornholm,6: energiø bornholm,
6,energiø bornholm,6: energiø bornholm,
6,energiø bornholm,6: energiø bornholm,
6,energiø bornholm,6: energiø bornholm,
6,energiø bornholm,6: energiø bornholm,
6,energiø bornholm,6: energiø bornholm,
6,energiø bornholm,6: energiø bornholm,
6,energiø bornholm,6: energiø bornholm,
6,energiø bornholm,6: energiø bornholm,
6,energiø bornholm,6: energiø bornholm,
6,energiø bornholm,6: energiø bornholm,
6,energiø bornholm,6: energiø bornholm,
6,energiø bornholm,6: energiø bornholm,
6,energiø bornholm,6: energiø bornholm,
6,energiø bornholm,6: energiø bornholm,
6,energiø bornholm,6: energiø bornholm,
6,energiø bornholm,6: energiø bornholm,
6,energiø bornholm,6: energiø bornholm,
6,energiø bornholm,6: energiø bornholm,
6,energiø bornholm,6: energiø bornholm,
6,energiø bornholm,6: energiø bornholm,
6,energiø bornholm,6: energiø bornholm,
6,energiø bornholm,6: energiø bornholm,
6,energiø bornholm,6: energiø bornholm,
6,energiø bornholm,6: energiø bornholm,
6,energiø bornholm,6: energiø bornholm,
6,energiø bornholm,6: energiø bornholm,
6,energiø bornholm,6: energiø bornholm,
3,offshor wind,3: offshor wind,
3,offshor wind,3: offshor wind,
3,offshor wind,3: offshor wind,
3,offshor wind,3: offshor wind,
3,offshor wind,3: offshor wind,
3,offshor wind,3: offshor wind,
3,offshor wind,3: offshor wind,
3,offshor wind,3: offshor wind,
3,offshor wind,3: offshor wind,
3,offshor wind,3: offshor wind,
3,offshor wind,3: offshor wind,
3,offshor wind,3: offshor wind,
3,offshor wind,3: offshor wind,
3,offshor wind,3: offshor wind,
3,offshor wind,3: offshor wind,
3,offshor wind,3: offshor wind,
3,offshor wind,3: offshor wind,
3,offshor wind,3: offshor wind,
3,offshor wind,3: offshor wind,
3,offshor wind,3: offshor wind,
3,offshor wind,3: offshor wind,
3,offshor wind,3: offshor wind,
3,offshor wind,3: offshor wind,
3,offshor wind,3: offshor wind,
3,offshor wind,3: offshor wind,
3,offshor wind,3: offshor wind,
3,offshor wind,3: offshor wind,
3,offshor wind,3: offshor wind,
3,offshor wind,3: offshor wind,
3,offshor wind,3: offshor wind,
3,offshor wind,3: offshor wind,
3,offshor wind,3: offshor wind,
3,offshor wind,3: offshor wind,
3,offshor wind,3: offshor wind,
3,offshor wind,3: offshor wind,
3,offshor wind,3: offshor wind,
3,offshor wind,3: offshor wind,
3,offshor wind,3: offshor wind,
3,offshor wind,3: offshor wind,
3,offshor wind,3: offshor wind,
3,offshor wind,3: offshor wind,
3,offshor wind,3: offshor wind,
3,offshor wind,3: offshor wind,
3,offshor wind,3: offshor wind,
3,offshor wind,3: offshor wind,
3,offshor wind,3: offshor wind,
3,offshor wind,3: offshor wind,
3,offshor wind,3: offshor wind,
3,offshor wind,3: offshor wind,
3,offshor wind,3: offshor wind,
3,offshor wind,3: offshor wind,
3,offshor wind,3: offshor wind,
3,offshor wind,3: offshor wind,
3,offshor wind,3: offshor wind,
3,offshor wind,3: offshor wind,
3,offshor wind,3: offshor wind,
3,offshor wind,3: offshor wind,
3,offshor wind,3: offshor wind,
3,offshor wind,3: offshor wind,
3,offshor wind,3: offshor wind,
3,offshor wind,3: offshor wind,
3,offshor wind,3: offshor wind,
3,offshor wind,3: offshor wind,
3,offshor wind,3: offshor wind,
3,offshor wind,3: offshor wind,
3,offshor wind,3: offshor wind,
3,offshor wind,3: offshor wind,
3,offshor wind,3: offshor wind,
3,offshor wind,3: offshor wind,
3,offshor wind,3: offshor wind,
3,offshor wind,3: offshor wind,
3,offshor wind,3: offshor wind,
3,offshor wind,3: offshor wind,
3,offshor wind,3: offshor wind,
3,offshor wind,3: offshor wind,
3,offshor wind,3: offshor wind,
3,offshor wind,3: offshor wind,
3,offshor wind,3: offshor wind,
3,offshor wind,3: offshor wind,
3,offshor wind,3: offshor wind,
3,offshor wind,3: offshor wind,
3,offshor wind,3: offshor wind,
3,offshor wind,3: offshor wind,
3,offshor wind,3: offshor wind,
3,offshor wind,3: offshor wind,
3,offshor wind,3: offshor wind,
3,offshor wind,3: offshor wind,
3,offshor wind,3: offshor wind,
3,offshor wind,3: offshor wind,
3,offshor wind,3: offshor wind,
3,offshor wind,3: offshor wind,
3,offshor wind,3: offshor wind,
3,offshor wind,3: offshor wind,
3,offshor wind,3: offshor wind,
3,offshor wind,3: offshor wind,
3,offshor wind,3: offshor wind,
3,offshor wind,3: offshor wind,
3,offshor wind,3: offshor wind,
3,offshor wind,3: offshor wind,
3,offshor wind,3: offshor wind,
3,offshor wind,3: offshor wind,
3,offshor wind,3: offshor wind,
3,offshor wind,3: offshor wind,
3,offshor wind,3: offshor wind,
3,offshor wind,3: offshor wind,
3,offshor wind,3: offshor wind,
3,offshor wind,3: offshor wind,
3,offshor wind,3: offshor wind,
3,offshor wind,3: offshor wind,
3,offshor wind,3: offshor wind,
3,offshor wind,3: offshor wind,
3,offshor wind,3: offshor wind,
3,offshor wind,3: offshor wind,
2,municip council,2: municip council,
2,municip council,2: municip council,
2,municip council,2: municip council,
2,municip council,2: municip council,
2,municip council,2: municip council,
2,municip council,2: municip council,
2,municip council,2: municip council,
2,municip council,2: municip council,
2,municip council,2: municip council,
2,municip council,2: municip council,
2,municip council,2: municip council,
2,municip council,2: municip council,
2,municip council,2: municip council,
2,municip council,2: municip council,
2,municip council,2: municip council,
2,municip council,2: municip council,
2,municip council,2: municip council,
2,municip council,2: municip council,
2,municip council,2: municip council,
2,municip council,2: municip council,
2,municip council,2: municip council,
2,municip council,2: municip council,
2,municip council,2: municip council,
2,municip council,2: municip council,
2,municip council,2: municip council,
2,municip council,2: municip council,
2,municip council,2: municip council,
2,municip council,2: municip council,
2,municip council,2: municip council,
2,municip council,2: municip council,
2,municip council,2: municip council,
2,municip council,2: municip council,
2,municip council,2: municip council,
2,municip council,2: municip council,
2,municip council,2: municip council,
2,municip council,2: municip council,
2,municip council,2: municip council,
2,municip council,2: municip council,
2,municip council,2: municip council,
2,municip council,2: municip council,
2,municip council,2: municip council,
2,municip council,2: municip council,
2,municip council,2: municip council,
2,municip council,2: municip council,
2,municip council,2: municip council,
2,municip council,2: municip council,
2,municip council,2: municip council,
2,municip council,2: municip council,
2,municip council,2: municip council,
2,municip council,2: municip council,
2,municip council,2: municip council,
2,municip council,2: municip council,
2,municip council,2: municip council,
2,municip council,2: municip council,
2,municip council,2: municip council,
2,municip council,2: municip council,
2,municip council,2: municip council,
2,municip council,2: municip council,
2,municip council,2: municip council,
2,municip council,2: municip council,
2,municip council,2: municip council,
2,municip council,2: municip council,
2,municip council,2: municip council,
2,municip council,2: municip council,
2,municip council,2: municip council,
2,municip council,2: municip council,
2,municip council,2: municip council,
2,municip council,2: municip council,
2,municip council,2: municip council,
2,municip council,2: municip council,
2,municip council,2: municip council,
2,municip council,2: municip council,
2,municip council,2: municip council,
2,municip council,2: municip council,
2,municip council,2: municip council,
2,municip council,2: municip council,
2,municip council,2: municip council,
2,municip council,2: municip council,
2,municip council,2: municip council,
2,municip council,2: municip council,
2,municip council,2: municip council,
2,municip council,2: municip council,
2,municip council,2: municip council,
2,municip council,2: municip council,
2,municip council,2: municip council,
2,municip council,2: municip council,
2,municip council,2: municip council,
2,municip council,2: municip council,
2,municip council,2: municip council,
2,municip council,2: municip council,
2,municip council,2: municip council,
2,municip council,2: municip council,
2,municip council,2: municip council,
2,municip council,2: municip council,
2,municip council,2: municip council,
2,municip council,2: municip council,
2,municip council,2: municip council,
2,municip council,2: municip council,
2,municip council,2: municip council,
2,municip council,2: municip council,
2,municip council,2: municip council,
2,municip council,2: municip council,
2,municip council,2: municip council,
2,municip council,2: municip council,
2,municip council,2: municip council,
2,municip council,2: municip council,
2,municip council,2: municip council,
2,municip council,2: municip council,
2,municip council,2: municip council,
2,municip council,2: municip council,
2,municip council,2: municip council,
2,municip council,2: municip council,
2,municip council,2: municip council,
2,municip council,2: municip council,
2,municip council,2: municip council,
2,municip council,2: municip council,
2,municip council,2: municip council,
2,municip council,2: municip council,
2,municip council,2: municip council,
2,municip council,2: municip council,
2,municip council,2: municip council,
2,municip council,2: municip council,
2,municip council,2: municip council,
2,municip council,2: municip council,
2,municip council,2: municip council,
2,municip council,2: municip council,
2,municip council,2: municip council,
2,municip council,2: municip council,
2,municip council,2: municip council,
2,municip council,2: municip council,
2,municip council,2: municip council,
2,municip council,2: municip council,
2,municip council,2: municip council,
2,municip council,2: municip council,
2,municip council,2: municip council,
2,municip council,2: municip council,
2,municip council,2: municip council,
2,municip council,2: municip council,
2,municip council,2: municip council,
2,municip council,2: municip council,
2,municip council,2: municip council,
2,municip council,2: municip council,
2,municip council,2: municip council,
2,municip council,2: municip council,
2,municip council,2: municip council,
2,municip council,2: municip council,
2,municip council,2: municip council,
2,municip council,2: municip council,
2,municip council,2: municip council,
2,municip council,2: municip council,
2,municip council,2: municip council,
2,municip council,2: municip council,
2,municip council,2: municip council,
2,municip council,2: municip council,
2,municip council,2: municip council,
2,municip council,2: municip council,
4,baltic sea,4: baltic sea,
4,baltic sea,4: baltic sea,
4,baltic sea,4: baltic sea,
4,baltic sea,4: baltic sea,
4,baltic sea,4: baltic sea,
4,baltic sea,4: baltic sea,
4,baltic sea,4: baltic sea,
4,baltic sea,4: baltic sea,
4,baltic sea,4: baltic sea,
4,baltic sea,4: baltic sea,
4,baltic sea,4: baltic sea,
4,baltic sea,4: baltic sea,
4,baltic sea,4: baltic sea,
4,baltic sea,4: baltic sea,
4,baltic sea,4: baltic sea,
4,baltic sea,4: baltic sea,
4,baltic sea,4: baltic sea,
4,baltic sea,4: baltic sea,
4,baltic sea,4: baltic sea,
4,baltic sea,4: baltic sea,
4,baltic sea,4: baltic sea,
4,baltic sea,4: baltic sea,
4,baltic sea,4: baltic sea,
4,baltic sea,4: baltic sea,
4,baltic sea,4: baltic sea,
4,baltic sea,4: baltic sea,
4,baltic sea,4: baltic sea,
4,baltic sea,4: baltic sea,
4,baltic sea,4: baltic sea,
4,baltic sea,4: baltic sea,
4,baltic sea,4: baltic sea,
4,baltic sea,4: baltic sea,
4,baltic sea,4: baltic sea,
4,baltic sea,4: baltic sea,
4,baltic sea,4: baltic sea,
4,baltic sea,4: baltic sea,
4,baltic sea,4: baltic sea,
4,baltic sea,4: baltic sea,
4,baltic sea,4: baltic sea,
4,baltic sea,4: baltic sea,
4,baltic sea,4: baltic sea,
4,baltic sea,4: baltic sea,
4,baltic sea,4: baltic sea,
4,baltic sea,4: baltic sea,
4,baltic sea,4: baltic sea,
4,baltic sea,4: baltic sea,
4,baltic sea,4: baltic sea,
4,baltic sea,4: baltic sea,
4,baltic sea,4: baltic sea,
4,baltic sea,4: baltic sea,
4,baltic sea,4: baltic sea,
4,baltic sea,4: baltic sea,
4,baltic sea,4: baltic sea,
4,baltic sea,4: baltic sea,
4,baltic sea,4: baltic sea,
4,baltic sea,4: baltic sea,
4,baltic sea,4: baltic sea,
4,baltic sea,4: baltic sea,
4,baltic sea,4: baltic sea,
4,baltic sea,4: baltic sea,
4,baltic sea,4: baltic sea,
4,baltic sea,4: baltic sea,
4,baltic sea,4: baltic sea,
4,baltic sea,4: baltic sea,
4,baltic sea,4: baltic sea,
4,baltic sea,4: baltic sea,
4,baltic sea,4: baltic sea,
4,baltic sea,4: baltic sea,
4,baltic sea,4: baltic sea,
4,baltic sea,4: baltic sea,
4,baltic sea,4: baltic sea,
4,baltic sea,4: baltic sea,
4,baltic sea,4: baltic sea,
4,baltic sea,4: baltic sea,
4,baltic sea,4: baltic sea,
4,baltic sea,4: baltic sea,
4,baltic sea,4: baltic sea,
4,baltic sea,4: baltic sea,
4,baltic sea,4: baltic sea,
4,baltic sea,4: baltic sea,
4,baltic sea,4: baltic sea,
4,baltic sea,4: baltic sea,
4,baltic sea,4: baltic sea,
4,baltic sea,4: baltic sea,
4,baltic sea,4: baltic sea,
4,baltic sea,4: baltic sea,
4,baltic sea,4: baltic sea,
4,baltic sea,4: baltic sea,
4,baltic sea,4: baltic sea,
4,baltic sea,4: baltic sea,
4,baltic sea,4: baltic sea,
4,baltic sea,4: baltic sea,
4,baltic sea,4: baltic sea,
4,baltic sea,4: baltic sea,
4,baltic sea,4: baltic sea,
4,baltic sea,4: baltic sea,
4,baltic sea,4: baltic sea,
4,baltic sea,4: baltic sea,
4,baltic sea,4: baltic sea,
4,baltic sea,4: baltic sea,
4,baltic sea,4: baltic sea,
4,baltic sea,4: baltic sea,
4,baltic sea,4: baltic sea,
4,baltic sea,4: baltic sea,
4,baltic sea,4: baltic sea,
4,baltic sea,4: baltic sea,
4,baltic sea,4: baltic sea,
4,baltic sea,4: baltic sea,
4,baltic sea,4: baltic sea,
4,baltic sea,4: baltic sea,
4,baltic sea,4: baltic sea,
4,baltic sea,4: baltic sea,
4,baltic sea,4: baltic sea,
4,baltic sea,4: baltic sea,
4,baltic sea,4: baltic sea,
4,baltic sea,4: baltic sea,
4,baltic sea,4: baltic sea,
4,baltic sea,4: baltic sea,
4,baltic sea,4: baltic sea,
4,baltic sea,4: baltic sea,
4,baltic sea,4: baltic sea,
4,baltic sea,4: baltic sea,
4,baltic sea,4: baltic sea,
4,baltic sea,4: baltic sea,
4,baltic sea,4: baltic sea,
4,baltic sea,4: baltic sea,
4,baltic sea,4: baltic sea,
4,baltic sea,4: baltic sea,
4,baltic sea,4: baltic sea,
4,baltic sea,4: baltic sea,
4,baltic sea,4: baltic sea,
4,baltic sea,4: baltic sea,
4,baltic sea,4: baltic sea,
4,baltic sea,4: baltic sea,
4,baltic sea,4: baltic sea,
4,baltic sea,4: baltic sea,
4,baltic sea,4: baltic sea,
4,baltic sea,4: baltic sea,
2,municip council,2: municip council,
2,municip council,2: municip council,
2,municip council,2: municip council,
2,municip council,2: municip council,
2,municip council,2: municip council,
2,municip council,2: municip council,
2,municip council,2: municip council,
2,municip council,2: municip council,
2,municip council,2: municip council,
2,municip council,2: municip council,
2,municip council,2: municip council,
2,municip council,2: municip council,
2,municip council,2: municip council,
2,municip council,2: municip council,
2,municip council,2: municip council,
2,municip council,2: municip council,
2,municip council,2: municip council,
2,municip council,2: municip council,
2,municip council,2: municip council,
2,municip council,2: municip council,
2,municip council,2: municip council,
2,municip council,2: municip council,
2,municip council,2: municip council,
2,municip council,2: municip council,
2,municip council,2: municip council,
2,municip council,2: municip council,
2,municip council,2: municip council,
2,municip council,2: municip council,
2,municip council,2: municip council,
2,municip council,2: municip council,
2,municip council,2: municip council,
2,municip council,2: municip council,
2,municip council,2: municip council,
2,municip council,2: municip council,
2,municip council,2: municip council,
2,municip council,2: municip council,
2,municip council,2: municip council,
2,municip council,2: municip council,
2,municip council,2: municip council,
2,municip council,2: municip council,
2,municip council,2: municip council,
2,municip council,2: municip council,
2,municip council,2: municip council,
2,municip council,2: municip council,
2,municip council,2: municip council,
2,municip council,2: municip council,
2,municip council,2: municip council,
2,municip council,2: municip council,
2,municip council,2: municip council,
2,municip council,2: municip council,
2,municip council,2: municip council,
2,municip council,2: municip council,
2,municip council,2: municip council,
2,municip council,2: municip council,
2,municip council,2: municip council,
2,municip council,2: municip council,
2,municip council,2: municip council,
2,municip council,2: municip council,
2,municip council,2: municip council,
2,municip council,2: municip council,
2,municip council,2: municip council,
2,municip council,2: municip council,
2,municip council,2: municip council,
2,municip council,2: municip council,
2,municip council,2: municip council,
2,municip council,2: municip council,
2,municip council,2: municip council,
2,municip council,2: municip council,
2,municip council,2: municip council,
2,municip council,2: municip council,
2,municip council,2: municip council,
2,municip council,2: municip council,
2,municip council,2: municip council,
2,municip council,2: municip council,
2,municip council,2: municip council,
2,municip council,2: municip council,
2,municip council,2: municip council,
2,municip council,2: municip council,
2,municip council,2: municip council,
2,municip council,2: municip council,
2,municip council,2: municip council,
2,municip council,2: municip council,
2,municip council,2: municip council,
2,municip council,2: municip council,
2,municip council,2: municip council,
2,municip council,2: municip council,
2,municip council,2: municip council,
2,municip council,2: municip council,
2,municip council,2: municip council,
2,municip council,2: municip council,
2,municip council,2: municip council,
2,municip council,2: municip council,
2,municip council,2: municip council,
2,municip council,2: municip council,
2,municip council,2: municip council,
2,municip council,2: municip council,
2,municip council,2: municip council,
2,municip council,2: municip council,
2,municip council,2: municip council,
2,municip council,2: municip council,
2,municip council,2: municip council,
2,municip council,2: municip council,
2,municip council,2: municip council,
2,municip council,2: municip council,
2,municip council,2: municip council,
2,municip council,2: municip council,
2,municip council,2: municip council,
2,municip council,2: municip council,
2,municip council,2: municip council,
2,municip council,2: municip council,
2,municip council,2: municip council,
2,municip council,2: municip council,
2,municip council,2: municip council,
2,municip council,2: municip council,
2,municip council,2: municip council,
2,municip council,2: municip council,
2,municip council,2: municip council,
2,municip council,2: municip council,
2,municip council,2: municip council,
2,municip council,2: municip council,
2,municip council,2: municip council,
2,municip council,2: municip council,
2,municip council,2: municip council,
2,municip council,2: municip council,
2,municip council,2: municip council,
2,municip council,2: municip council,
2,municip council,2: municip council,
2,municip council,2: municip council,
2,municip council,2: municip council,
2,municip council,2: municip council,
2,municip council,2: municip council,
2,municip council,2: municip council,
2,municip council,2: municip council,
2,municip council,2: municip council,
2,municip council,2: municip council,
2,municip council,2: municip council,
2,municip council,2: municip council,
2,municip council,2: municip council,
2,municip council,2: municip council,
2,municip council,2: municip council,
2,municip council,2: municip council,
2,municip council,2: municip council,
2,municip council,2: municip council,
2,municip council,2: municip council,
2,municip council,2: municip council,
2,municip council,2: municip council,
2,municip council,2: municip council,
2,municip council,2: municip council,
2,municip council,2: municip council,
2,municip council,2: municip council,
2,municip council,2: municip council,
2,municip council,2: municip council,
2,municip council,2: municip council,
2,municip council,2: municip council,
2,municip council,2: municip council,
2,municip council,2: municip council,
5,offshor grid,5: offshor grid,
5,offshor grid,5: offshor grid,
5,offshor grid,5: offshor grid,
5,offshor grid,5: offshor grid,
5,offshor grid,5: offshor grid,
5,offshor grid,5: offshor grid,
5,offshor grid,5: offshor grid,
5,offshor grid,5: offshor grid,
5,offshor grid,5: offshor grid,
5,offshor grid,5: offshor grid,
5,offshor grid,5: offshor grid,
5,offshor grid,5: offshor grid,
5,offshor grid,5: offshor grid,
5,offshor grid,5: offshor grid,
5,offshor grid,5: offshor grid,
5,offshor grid,5: offshor grid,
5,offshor grid,5: offshor grid,
5,offshor grid,5: offshor grid,
5,offshor grid,5: offshor grid,
5,offshor grid,5: offshor grid,
5,offshor grid,5: offshor grid,
5,offshor grid,5: offshor grid,
5,offshor grid,5: offshor grid,
5,offshor grid,5: offshor grid,
5,offshor grid,5: offshor grid,
5,offshor grid,5: offshor grid,
5,offshor grid,5: offshor grid,
5,offshor grid,5: offshor grid,
5,offshor grid,5: offshor grid,
5,offshor grid,5: offshor grid,
5,offshor grid,5: offshor grid,
5,offshor grid,5: offshor grid,
5,offshor grid,5: offshor grid,
5,offshor grid,5: offshor grid,
5,offshor grid,5: offshor grid,
5,offshor grid,5: offshor grid,
5,offshor grid,5: offshor grid,
5,offshor grid,5: offshor grid,
5,offshor grid,5: offshor grid,
5,offshor grid,5: offshor grid,
5,offshor grid,5: offshor grid,
5,offshor grid,5: offshor grid,
5,offshor grid,5: offshor grid,
5,offshor grid,5: offshor grid,
5,offshor grid,5: offshor grid,
5,offshor grid,5: offshor grid,
5,offshor grid,5: offshor grid,
5,offshor grid,5: offshor grid,
5,offshor grid,5: offshor grid,
5,offshor grid,5: offshor grid,
5,offshor grid,5: offshor grid,
5,offshor grid,5: offshor grid,
5,offshor grid,5: offshor grid,
5,offshor grid,5: offshor grid,
5,offshor grid,5: offshor grid,
5,offshor grid,5: offshor grid,
5,offshor grid,5: offshor grid,
5,offshor grid,5: offshor grid,
5,offshor grid,5: offshor grid,
5,offshor grid,5: offshor grid,
5,offshor grid,5: offshor grid,
5,offshor grid,5: offshor grid,
5,offshor grid,5: offshor grid,
5,offshor grid,5: offshor grid,
5,offshor grid,5: offshor grid,
5,offshor grid,5: offshor grid,
5,offshor grid,5: offshor grid,
5,offshor grid,5: offshor grid,
5,offshor grid,5: offshor grid,
5,offshor grid,5: offshor grid,
5,offshor grid,5: offshor grid,
5,offshor grid,5: offshor grid,
5,offshor grid,5: offshor grid,
5,offshor grid,5: offshor grid,
5,offshor grid,5: offshor grid,
5,offshor grid,5: offshor grid,
5,offshor grid,5: offshor grid,
5,offshor grid,5: offshor grid,
5,offshor grid,5: offshor grid,
5,offshor grid,5: offshor grid,
5,offshor grid,5: offshor grid,
5,offshor grid,5: offshor grid,
5,offshor grid,5: offshor grid,
5,offshor grid,5: offshor grid,
5,offshor grid,5: offshor grid,
5,offshor grid,5: offshor grid,
5,offshor grid,5: offshor grid,
5,offshor grid,5: offshor grid,
5,offshor grid,5: offshor grid,
5,offshor grid,5: offshor grid,
5,offshor grid,5: offshor grid,
5,offshor grid,5: offshor grid,
5,offshor grid,5: offshor grid,
5,offshor grid,5: offshor grid,
5,offshor grid,5: offshor grid,
5,offshor grid,5: offshor grid,
5,offshor grid,5: offshor grid,
5,offshor grid,5: offshor grid,
5,offshor grid,5: offshor grid,
5,offshor grid,5: offshor grid,
5,offshor grid,5: offshor grid,
5,offshor grid,5: offshor grid,
5,offshor grid,5: offshor grid,
5,offshor grid,5: offshor grid,
5,offshor grid,5: offshor grid,
5,offshor grid,5: offshor grid,
5,offshor grid,5: offshor grid,
5,offshor grid,5: offshor grid,
5,offshor grid,5: offshor grid,
5,offshor grid,5: offshor grid,
5,offshor grid,5: offshor grid,
5,offshor grid,5: offshor grid,
5,offshor grid,5: offshor grid,
5,offshor grid,5: offshor grid,
5,offshor grid,5: offshor grid,
5,offshor grid,5: offshor grid,
5,offshor grid,5: offshor grid,
5,offshor grid,5: offshor grid,
5,offshor grid,5: offshor grid,
5,offshor grid,5: offshor grid,
5,offshor grid,5: offshor grid,
5,offshor grid,5: offshor grid,
5,offshor grid,5: offshor grid,
5,offshor grid,5: offshor grid,
5,offshor grid,5: offshor grid,
5,offshor grid,5: offshor grid,
5,offshor grid,5: offshor grid,
5,offshor grid,5: offshor grid,
5,offshor grid,5: offshor grid,
5,offshor grid,5: offshor grid,
5,offshor grid,5: offshor grid,
5,offshor grid,5: offshor grid,
5,offshor grid,5: offshor grid,
5,offshor grid,5: offshor grid,
5,offshor grid,5: offshor grid,
5,offshor grid,5: offshor grid,
5,offshor grid,5: offshor grid,
5,offshor grid,5: offshor grid,
5,offshor grid,5: offshor grid,
5,offshor grid,5: offshor grid,
5,offshor grid,5: offshor grid,
5,offshor grid,5: offshor grid,
5,offshor grid,5: offshor grid,
5,offshor grid,5: offshor grid,
5,offshor grid,5: offshor grid,
5,offshor grid,5: offshor grid,
5,offshor grid,5: offshor grid,
5,offshor grid,5: offshor grid,
5,offshor grid,5: offshor grid,
5,offshor grid,5: offshor grid,
5,offshor grid,5: offshor grid,
5,offshor grid,5: offshor grid,
5,offshor grid,5: offshor grid,
5,offshor grid,5: offshor grid,
5,offshor grid,5: offshor grid,
5,offshor grid,5: offshor grid,
5,offshor grid,5: offshor grid,
5,offshor grid,5: offshor grid,
5,offshor grid,5: offshor grid,
5,offshor grid,5: offshor grid,
5,offshor grid,5: offshor grid,
5,offshor grid,5: offshor grid,
5,offshor grid,5: offshor grid,
5,offshor grid,5: offshor grid,
5,offshor grid,5: offshor grid,
5,offshor grid,5: offshor grid,
5,offshor grid,5: offshor grid,
5,offshor grid,5: offshor grid,
5,offshor grid,5: offshor grid,
5,offshor grid,5: offshor grid,
5,offshor grid,5: offshor grid,
5,offshor grid,5: offshor grid,
5,offshor grid,5: offshor grid,
5,offshor grid,5: offshor grid,
5,offshor grid,5: offshor grid,
2,municip council,2: municip council,
2,municip council,2: municip council,
2,municip council,2: municip council,
2,municip council,2: municip council,
2,municip council,2: municip council,
2,municip council,2: municip council,
2,municip council,2: municip council,
2,municip council,2: municip council,
2,municip council,2: municip council,
2,municip council,2: municip council,
2,municip council,2: municip council,
2,municip council,2: municip council,
2,municip council,2: municip council,
2,municip council,2: municip council,
2,municip council,2: municip council,
2,municip council,2: municip council,
2,municip council,2: municip council,
2,municip council,2: municip council,
2,municip council,2: municip council,
2,municip council,2: municip council,
2,municip council,2: municip council,
2,municip council,2: municip council,
2,municip council,2: municip council,
2,municip council,2: municip council,
2,municip council,2: municip council,
2,municip council,2: municip council,
2,municip council,2: municip council,
2,municip council,2: municip council,
2,municip council,2: municip council,
2,municip council,2: municip council,
2,municip council,2: municip council,
2,municip council,2: municip council,
2,municip council,2: municip council,
2,municip council,2: municip council,
2,municip council,2: municip council,
2,municip council,2: municip council,
2,municip council,2: municip council,
2,municip council,2: municip council,
2,municip council,2: municip council,
2,municip council,2: municip council,
2,municip council,2: municip council,
2,municip council,2: municip council,
2,municip council,2: municip council,
2,municip council,2: municip council,
2,municip council,2: municip council,
2,municip council,2: municip council,
2,municip council,2: municip council,
2,municip council,2: municip council,
2,municip council,2: municip council,
2,municip council,2: municip council,
2,municip council,2: municip council,
2,municip council,2: municip council,
2,municip council,2: municip council,
2,municip council,2: municip council,
2,municip council,2: municip council,
2,municip council,2: municip council,
2,municip council,2: municip council,
2,municip council,2: municip council,
2,municip council,2: municip council,
2,municip council,2: municip council,
2,municip council,2: municip council,
2,municip council,2: municip council,
2,municip council,2: municip council,
2,municip council,2: municip council,
2,municip council,2: municip council,
2,municip council,2: municip council,
2,municip council,2: municip council,
2,municip council,2: municip council,
2,municip council,2: municip council,
2,municip council,2: municip council,
2,municip council,2: municip council,
2,municip council,2: municip council,
2,municip council,2: municip council,
2,municip council,2: municip council,
2,municip council,2: municip council,
2,municip council,2: municip council,
2,municip council,2: municip council,
2,municip council,2: municip council,
2,municip council,2: municip council,
2,municip council,2: municip council,
2,municip council,2: municip council,
2,municip council,2: municip council,
2,municip council,2: municip council,
2,municip council,2: municip council,
2,municip council,2: municip council,
2,municip council,2: municip council,
2,municip council,2: municip council,
2,municip council,2: municip council,
2,municip council,2: municip council,
2,municip council,2: municip council,
2,municip council,2: municip council,
2,municip council,2: municip council,
2,municip council,2: municip council,
2,municip council,2: municip council,
2,municip council,2: municip council,
2,municip council,2: municip council,
2,municip council,2: municip council,
2,municip council,2: municip council,
2,municip council,2: municip council,
2,municip council,2: municip council,
2,municip council,2: municip council,
2,municip council,2: municip council,
2,municip council,2: municip council,
2,municip council,2: municip council,
2,municip council,2: municip council,
2,municip council,2: municip council,
2,municip council,2: municip council,
2,municip council,2: municip council,
2,municip council,2: municip council,
2,municip council,2: municip council,
2,municip council,2: municip council,
2,municip council,2: municip council,
2,municip council,2: municip council,
2,municip council,2: municip council,
2,municip council,2: municip council,
2,municip council,2: municip council,
2,municip council,2: municip council,
2,municip council,2: municip council,
2,municip council,2: municip council,
2,municip council,2: municip council,
2,municip council,2: municip council,
2,municip council,2: municip council,
2,municip council,2: municip council,
2,municip council,2: municip council,
2,municip council,2: municip council,
2,municip council,2: municip council,
2,municip council,2: municip council,
2,municip council,2: municip council,
2,municip council,2: municip council,
2,municip council,2: municip council,
2,municip council,2: municip council,
2,municip council,2: municip council,
2,municip council,2: municip council,
2,municip council,2: municip council,
2,municip council,2: municip council,
2,municip council,2: municip council,
2,municip council,2: municip council,
2,municip council,2: municip council,
2,municip council,2: municip council,
2,municip council,2: municip council,
2,municip council,2: municip council,
2,municip council,2: municip council,
2,municip council,2: municip council,
2,municip council,2: municip council,
2,municip council,2: municip council,
2,municip council,2: municip council,
2,municip council,2: municip council,
2,municip council,2: municip council,
2,municip council,2: municip council,
2,municip council,2: municip council,
2,municip council,2: municip council,
2,municip council,2: municip council,
2,municip council,2: municip council,
2,municip council,2: municip council,
2,municip council,2: municip council,
2,municip council,2: municip council,
2,municip council,2: municip council,
2,municip council,2: municip council,
2,municip council,2: municip council,
2,municip council,2: municip council,
2,municip council,2: municip council,
2,municip council,2: municip council,
2,municip council,2: municip council,
2,municip council,2: municip council,
2,municip council,2: municip council,
2,municip council,2: municip council,
2,municip council,2: municip council,
2,municip council,2: municip council,
2,municip council,2: municip council,
2,municip council,2: municip council,
2,municip council,2: municip council,
2,municip council,2: municip council,
2,municip council,2: municip council,
2,municip council,2: municip council,
2,municip council,2: municip council,
2,municip council,2: municip council,
2,municip council,2: municip council,
2,municip council,2: municip council,
2,municip council,2: municip council,
2,municip council,2: municip council,
2,municip council,2: municip council,
2,municip council,2: municip council,
2,municip council,2: municip council,
2,municip council,2: municip council,
2,municip council,2: municip council,
2,municip council,2: municip council,
2,municip council,2: municip council,
2,municip council,2: municip council,
2,municip council,2: municip council,
2,municip council,2: municip council,
2,municip council,2: municip council,
2,municip council,2: municip council,
2,municip council,2: municip council,
2,municip council,2: municip council,
2,municip council,2: municip council,
2,municip council,2: municip council,
2,municip council,2: municip council,
2,municip council,2: municip council,
2,municip council,2: municip council,
2,municip council,2: municip council,
2,municip council,2: municip council,
2,municip council,2: municip council,
2,municip council,2: municip council,
2,municip council,2: municip council,
2,municip council,2: municip council,
2,municip council,2: municip council,
2,municip council,2: municip council,
2,municip council,2: municip council,
2,municip council,2: municip council,
2,municip council,2: municip council,
2,municip council,2: municip council,
2,municip council,2: municip council,
2,municip council,2: municip council,
2,municip council,2: municip council,
2,municip council,2: municip council,
2,municip council,2: municip council,
2,municip council,2: municip council,
2,municip council,2: municip council,
2,municip council,2: municip council,
2,municip council,2: municip council,
2,municip council,2: municip council,
2,municip council,2: municip council,
2,municip council,2: municip council,
2,municip council,2: municip council,
2,municip council,2: municip council,
2,municip council,2: municip council,
2,municip council,2: municip council,
2,municip council,2: municip council,
2,municip council,2: municip council,
2,municip council,2: municip council,
2,municip council,2: municip council,
2,municip council,2: municip council,
2,municip council,2: municip council,
2,municip council,2: municip council,
2,municip council,2: municip council,
2,municip council,2: municip council,
2,municip council,2: municip council,
2,municip council,2: municip council,
2,municip council,2: municip council,
2,municip council,2: municip council,
2,municip council,2: municip council,
2,municip council,2: municip council,
2,municip council,2: municip council,
2,municip council,2: municip council,
2,municip council,2: municip council,
2,municip council,2: municip council,
2,municip council,2: municip council,
2,municip council,2: municip council,
2,municip council,2: municip council,
2,municip council,2: municip council,
2,municip council,2: municip council,
2,municip council,2: municip council,
2,municip council,2: municip council,
2,municip council,2: municip council,
2,municip council,2: municip council,
2,municip council,2: municip council,
2,municip council,2: municip council,
2,municip council,2: municip council,
2,municip council,2: municip council,
2,municip council,2: municip council,
2,municip council,2: municip council,
2,municip council,2: municip council,
2,municip council,2: municip council,
2,municip council,2: municip council,
2,municip council,2: municip council,
2,municip council,2: municip council,
2,municip council,2: municip council,
2,municip council,2: municip council,
2,municip council,2: municip council,
2,municip council,2: municip council,
2,municip council,2: municip council,
2,municip council,2: municip council,
2,municip council,2: municip council,
2,municip council,2: municip council,
2,municip council,2: municip council,
2,municip council,2: municip council,
2,municip council,2: municip council,
2,municip council,2: municip council,
2,municip council,2: municip council,
2,municip council,2: municip council,
2,municip council,2: municip council,
2,municip council,2: municip council,
2,municip council,2: municip council,
2,municip council,2: municip council,
2,municip council,2: municip council,
2,municip council,2: municip council,
2,municip council,2: municip council,
2,municip council,2: municip council,
2,municip council,2: municip council,
2,municip council,2: municip council,
2,municip council,2: municip council,
2,municip council,2: municip council,
2,municip council,2: municip council,
2,municip council,2: municip council,
2,municip council,2: municip council,
2,municip council,2: municip council,
2,municip council,2: municip council,
2,municip council,2: municip council,
2,municip council,2: municip council,
2,municip council,2: municip council,
2,municip council,2: municip council,
2,municip council,2: municip council,
2,municip council,2: municip council,
2,municip council,2: municip council,
2,municip council,2: municip council,
2,municip council,2: municip council,
2,municip council,2: municip council,
2,municip council,2: municip council,
2,municip council,2: municip council,
2,municip council,2: municip council,
2,municip council,2: municip council,
2,municip council,2: municip council,
4,baltic sea,4: baltic sea,
4,baltic sea,4: baltic sea,
4,baltic sea,4: baltic sea,
4,baltic sea,4: baltic sea,
4,baltic sea,4: baltic sea,
4,baltic sea,4: baltic sea,
4,baltic sea,4: baltic sea,
4,baltic sea,4: baltic sea,
4,baltic sea,4: baltic sea,
4,baltic sea,4: baltic sea,
4,baltic sea,4: baltic sea,
4,baltic sea,4: baltic sea,
4,baltic sea,4: baltic sea,
4,baltic sea,4: baltic sea,
4,baltic sea,4: baltic sea,
4,baltic sea,4: baltic sea,
4,baltic sea,4: baltic sea,
4,baltic sea,4: baltic sea,
4,baltic sea,4: baltic sea,
4,baltic sea,4: baltic sea,
4,baltic sea,4: baltic sea,
4,baltic sea,4: baltic sea,
4,baltic sea,4: baltic sea,
4,baltic sea,4: baltic sea,
4,baltic sea,4: baltic sea,
4,baltic sea,4: baltic sea,
4,baltic sea,4: baltic sea,
4,baltic sea,4: baltic sea,
4,baltic sea,4: baltic sea,
4,baltic sea,4: baltic sea,
4,baltic sea,4: baltic sea,
4,baltic sea,4: baltic sea,
4,baltic sea,4: baltic sea,
4,baltic sea,4: baltic sea,
4,baltic sea,4: baltic sea,
4,baltic sea,4: baltic sea,
4,baltic sea,4: baltic sea,
4,baltic sea,4: baltic sea,
4,baltic sea,4: baltic sea,
4,baltic sea,4: baltic sea,
4,baltic sea,4: baltic sea,
4,baltic sea,4: baltic sea,
4,baltic sea,4: baltic sea,
4,baltic sea,4: baltic sea,
4,baltic sea,4: baltic sea,
4,baltic sea,4: baltic sea,
4,baltic sea,4: baltic sea,
4,baltic sea,4: baltic sea,
4,baltic sea,4: baltic sea,
4,baltic sea,4: baltic sea,
4,baltic sea,4: baltic sea,
4,baltic sea,4: baltic sea,
4,baltic sea,4: baltic sea,
4,baltic sea,4: baltic sea,
4,baltic sea,4: baltic sea,
4,baltic sea,4: baltic sea,
4,baltic sea,4: baltic sea,
4,baltic sea,4: baltic sea,
4,baltic sea,4: baltic sea,
4,baltic sea,4: baltic sea,
4,baltic sea,4: baltic sea,
4,baltic sea,4: baltic sea,
4,baltic sea,4: baltic sea,
4,baltic sea,4: baltic sea,
4,baltic sea,4: baltic sea,
4,baltic sea,4: baltic sea,
4,baltic sea,4: baltic sea,
4,baltic sea,4: baltic sea,
4,baltic sea,4: baltic sea,
4,baltic sea,4: baltic sea,
4,baltic sea,4: baltic sea,
4,baltic sea,4: baltic sea,
4,baltic sea,4: baltic sea,
4,baltic sea,4: baltic sea,
4,baltic sea,4: baltic sea,
4,baltic sea,4: baltic sea,
4,baltic sea,4: baltic sea,
4,baltic sea,4: baltic sea,
4,baltic sea,4: baltic sea,
4,baltic sea,4: baltic sea,
4,baltic sea,4: baltic sea,
4,baltic sea,4: baltic sea,
4,baltic sea,4: baltic sea,
4,baltic sea,4: baltic sea,
4,baltic sea,4: baltic sea,
4,baltic sea,4: baltic sea,
4,baltic sea,4: baltic sea,
4,baltic sea,4: baltic sea,
4,baltic sea,4: baltic sea,
4,baltic sea,4: baltic sea,
4,baltic sea,4: baltic sea,
4,baltic sea,4: baltic sea,
4,baltic sea,4: baltic sea,
4,baltic sea,4: baltic sea,
4,baltic sea,4: baltic sea,
4,baltic sea,4: baltic sea,
4,baltic sea,4: baltic sea,
4,baltic sea,4: baltic sea,
4,baltic sea,4: baltic sea,
4,baltic sea,4: baltic sea,
4,baltic sea,4: baltic sea,
4,baltic sea,4: baltic sea,
4,baltic sea,4: baltic sea,
4,baltic sea,4: baltic sea,
4,baltic sea,4: baltic sea,
4,baltic sea,4: baltic sea,
4,baltic sea,4: baltic sea,
4,baltic sea,4: baltic sea,
4,baltic sea,4: baltic sea,
4,baltic sea,4: baltic sea,
4,baltic sea,4: baltic sea,
4,baltic sea,4: baltic sea,
4,baltic sea,4: baltic sea,
4,baltic sea,4: baltic sea,
4,baltic sea,4: baltic sea,
4,baltic sea,4: baltic sea,
4,baltic sea,4: baltic sea,
4,baltic sea,4: baltic sea,
4,baltic sea,4: baltic sea,
4,baltic sea,4: baltic sea,
4,baltic sea,4: baltic sea,
4,baltic sea,4: baltic sea,
4,baltic sea,4: baltic sea,
4,baltic sea,4: baltic sea,
4,baltic sea,4: baltic sea,
4,baltic sea,4: baltic sea,
4,baltic sea,4: baltic sea,
4,baltic sea,4: baltic sea,
4,baltic sea,4: baltic sea,
4,baltic sea,4: baltic sea,
4,baltic sea,4: baltic sea,
4,baltic sea,4: baltic sea,
4,baltic sea,4: baltic sea,
4,baltic sea,4: baltic sea,
4,baltic sea,4: baltic sea,
4,baltic sea,4: baltic sea,
4,baltic sea,4: baltic sea,
4,baltic sea,4: baltic sea,
6,energiø bornholm,6: energiø bornholm,
6,energiø bornholm,6: energiø bornholm,
6,energiø bornholm,6: energiø bornholm,
6,energiø bornholm,6: energiø bornholm,
6,energiø bornholm,6: energiø bornholm,
6,energiø bornholm,6: energiø bornholm,
6,energiø bornholm,6: energiø bornholm,
6,energiø bornholm,6: energiø bornholm,
6,energiø bornholm,6: energiø bornholm,
6,energiø bornholm,6: energiø bornholm,
6,energiø bornholm,6: energiø bornholm,
6,energiø bornholm,6: energiø bornholm,
6,energiø bornholm,6: energiø bornholm,
6,energiø bornholm,6: energiø bornholm,
6,energiø bornholm,6: energiø bornholm,
6,energiø bornholm,6: energiø bornholm,
6,energiø bornholm,6: energiø bornholm,
6,energiø bornholm,6: energiø bornholm,
6,energiø bornholm,6: energiø bornholm,
6,energiø bornholm,6: energiø bornholm,
6,energiø bornholm,6: energiø bornholm,
6,energiø bornholm,6: energiø bornholm,
6,energiø bornholm,6: energiø bornholm,
6,energiø bornholm,6: energiø bornholm,
6,energiø bornholm,6: energiø bornholm,
6,energiø bornholm,6: energiø bornholm,
6,energiø bornholm,6: energiø bornholm,
6,energiø bornholm,6: energiø bornholm,
6,energiø bornholm,6: energiø bornholm,
6,energiø bornholm,6: energiø bornholm,
6,energiø bornholm,6: energiø bornholm,
6,energiø bornholm,6: energiø bornholm,
6,energiø bornholm,6: energiø bornholm,
6,energiø bornholm,6: energiø bornholm,
6,energiø bornholm,6: energiø bornholm,
6,energiø bornholm,6: energiø bornholm,
6,energiø bornholm,6: energiø bornholm,
6,energiø bornholm,6: energiø bornholm,
6,energiø bornholm,6: energiø bornholm,
6,energiø bornholm,6: energiø bornholm,
6,energiø bornholm,6: energiø bornholm,
6,energiø bornholm,6: energiø bornholm,
6,energiø bornholm,6: energiø bornholm,
6,energiø bornholm,6: energiø bornholm,
6,energiø bornholm,6: energiø bornholm,
6,energiø bornholm,6: energiø bornholm,
6,energiø bornholm,6: energiø bornholm,
6,energiø bornholm,6: energiø bornholm,
6,energiø bornholm,6: energiø bornholm,
6,energiø bornholm,6: energiø bornholm,
6,energiø bornholm,6: energiø bornholm,
6,energiø bornholm,6: energiø bornholm,
6,energiø bornholm,6: energiø bornholm,
6,energiø bornholm,6: energiø bornholm,
6,energiø bornholm,6: energiø bornholm,
6,energiø bornholm,6: energiø bornholm,
6,energiø bornholm,6: energiø bornholm,
6,energiø bornholm,6: energiø bornholm,
6,energiø bornholm,6: energiø bornholm,
6,energiø bornholm,6: energiø bornholm,
6,energiø bornholm,6: energiø bornholm,
6,energiø bornholm,6: energiø bornholm,
6,energiø bornholm,6: energiø bornholm,
6,energiø bornholm,6: energiø bornholm,
6,energiø bornholm,6: energiø bornholm,
6,energiø bornholm,6: energiø bornholm,
6,energiø bornholm,6: energiø bornholm,
6,energiø bornholm,6: energiø bornholm,
6,energiø bornholm,6: energiø bornholm,
6,energiø bornholm,6: energiø bornholm,
6,energiø bornholm,6: energiø bornholm,
6,energiø bornholm,6: energiø bornholm,
6,energiø bornholm,6: energiø bornholm,
6,energiø bornholm,6: energiø bornholm,
6,energiø bornholm,6: energiø bornholm,
6,energiø bornholm,6: energiø bornholm,
6,energiø bornholm,6: energiø bornholm,
6,energiø bornholm,6: energiø bornholm,
6,energiø bornholm,6: energiø bornholm,
6,energiø bornholm,6: energiø bornholm,
6,energiø bornholm,6: energiø bornholm,
6,energiø bornholm,6: energiø bornholm,
6,energiø bornholm,6: energiø bornholm,
6,energiø bornholm,6: energiø bornholm,
6,energiø bornholm,6: energiø bornholm,
6,energiø bornholm,6: energiø bornholm,
6,energiø bornholm,6: energiø bornholm,
6,energiø bornholm,6: energiø bornholm,
6,energiø bornholm,6: energiø bornholm,
6,energiø bornholm,6: energiø bornholm,
6,energiø bornholm,6: energiø bornholm,
6,energiø bornholm,6: energiø bornholm,
6,energiø bornholm,6: energiø bornholm,
6,energiø bornholm,6: energiø bornholm,
6,energiø bornholm,6: energiø bornholm,
6,energiø bornholm,6: energiø bornholm,
6,energiø bornholm,6: energiø bornholm,
6,energiø bornholm,6: energiø bornholm,
6,energiø bornholm,6: energiø bornholm,
6,energiø bornholm,6: energiø bornholm,
6,energiø bornholm,6: energiø bornholm,
6,energiø bornholm,6: energiø bornholm,
6,energiø bornholm,6: energiø bornholm,
6,energiø bornholm,6: energiø bornholm,
6,energiø bornholm,6: energiø bornholm,
6,energiø bornholm,6: energiø bornholm,
6,energiø bornholm,6: energiø bornholm,
6,energiø bornholm,6: energiø bornholm,
6,energiø bornholm,6: energiø bornholm,
6,energiø bornholm,6: energiø bornholm,
6,energiø bornholm,6: energiø bornholm,
6,energiø bornholm,6: energiø bornholm,
6,energiø bornholm,6: energiø bornholm,
6,energiø bornholm,6: energiø bornholm,
6,energiø bornholm,6: energiø bornholm,
6,energiø bornholm,6: energiø bornholm,
6,energiø bornholm,6: energiø bornholm,
6,energiø bornholm,6: energiø bornholm,
6,energiø bornholm,6: energiø bornholm,
6,energiø bornholm,6: energiø bornholm,
6,energiø bornholm,6: energiø bornholm,
6,energiø bornholm,6: energiø bornholm,
6,energiø bornholm,6: energiø bornholm,
6,energiø bornholm,6: energiø bornholm,
6,energiø bornholm,6: energiø bornholm,
6,energiø bornholm,6: energiø bornholm,
6,energiø bornholm,6: energiø bornholm,
6,energiø bornholm,6: energiø bornholm,
6,energiø bornholm,6: energiø bornholm,
6,energiø bornholm,6: energiø bornholm,
6,energiø bornholm,6: energiø bornholm,
6,energiø bornholm,6: energiø bornholm,
6,energiø bornholm,6: energiø bornholm,
6,energiø bornholm,6: energiø bornholm,
6,energiø bornholm,6: energiø bornholm,
6,energiø bornholm,6: energiø bornholm,
6,energiø bornholm,6: energiø bornholm,
6,energiø bornholm,6: energiø bornholm,
6,energiø bornholm,6: energiø bornholm,
6,energiø bornholm,6: energiø bornholm,
6,energiø bornholm,6: energiø bornholm,
6,energiø bornholm,6: energiø bornholm,
6,energiø bornholm,6: energiø bornholm,
6,energiø bornholm,6: energiø bornholm,
6,energiø bornholm,6: energiø bornholm,
6,energiø bornholm,6: energiø bornholm,
6,energiø bornholm,6: energiø bornholm,
6,energiø bornholm,6: energiø bornholm,
6,energiø bornholm,6: energiø bornholm,
6,energiø bornholm,6: energiø bornholm,
6,energiø bornholm,6: energiø bornholm,
6,energiø bornholm,6: energiø bornholm,
6,energiø bornholm,6: energiø bornholm,
6,energiø bornholm,6: energiø bornholm,
6,energiø bornholm,6: energiø bornholm,
6,energiø bornholm,6: energiø bornholm,
6,energiø bornholm,6: energiø bornholm,
6,energiø bornholm,6: energiø bornholm,
6,energiø bornholm,6: energiø bornholm,
6,energiø bornholm,6: energiø bornholm,
6,energiø bornholm,6: energiø bornholm,
6,energiø bornholm,6: energiø bornholm,
6,energiø bornholm,6: energiø bornholm,
6,energiø bornholm,6: energiø bornholm,
6,energiø bornholm,6: energiø bornholm,
6,energiø bornholm,6: energiø bornholm,
6,energiø bornholm,6: energiø bornholm,
6,energiø bornholm,6: energiø bornholm,
6,energiø bornholm,6: energiø bornholm,
6,energiø bornholm,6: energiø bornholm,
6,energiø bornholm,6: energiø bornholm,
6,energiø bornholm,6: energiø bornholm,
6,energiø bornholm,6: energiø bornholm,
6,energiø bornholm,6: energiø bornholm,
6,energiø bornholm,6: energiø bornholm,
6,energiø bornholm,6: energiø bornholm,
6,energiø bornholm,6: energiø bornholm,
6,energiø bornholm,6: energiø bornholm,
6,energiø bornholm,6: energiø bornholm,
6,energiø bornholm,6: energiø bornholm,
6,energiø bornholm,6: energiø bornholm,
6,energiø bornholm,6: energiø bornholm,
6,energiø bornholm,6: energiø bornholm,
6,energiø bornholm,6: energiø bornholm,
6,energiø bornholm,6: energiø bornholm,
6,energiø bornholm,6: energiø bornholm,
6,energiø bornholm,6: energiø bornholm,
6,energiø bornholm,6: energiø bornholm,
6,energiø bornholm,6: energiø bornholm,
6,energiø bornholm,6: energiø bornholm,
6,energiø bornholm,6: energiø bornholm,
6,energiø bornholm,6: energiø bornholm,
6,energiø bornholm,6: energiø bornholm,
6,energiø bornholm,6: energiø bornholm,
6,energiø bornholm,6: energiø bornholm,
6,energiø bornholm,6: energiø bornholm,
6,energiø bornholm,6: energiø bornholm,
6,energiø bornholm,6: energiø bornholm,
6,energiø bornholm,6: energiø bornholm,
6,energiø bornholm,6: energiø bornholm,
6,energiø bornholm,6: energiø bornholm,
6,energiø bornholm,6: energiø bornholm,
6,energiø bornholm,6: energiø bornholm,
6,energiø bornholm,6: energiø bornholm,
6,energiø bornholm,6: energiø bornholm,
6,energiø bornholm,6: energiø bornholm,
6,energiø bornholm,6: energiø bornholm,
6,energiø bornholm,6: energiø bornholm,
6,energiø bornholm,6: energiø bornholm,
6,energiø bornholm,6: energiø bornholm,
6,energiø bornholm,6: energiø bornholm,
6,energiø bornholm,6: energiø bornholm,
6,energiø bornholm,6: energiø bornholm,
6,energiø bornholm,6: energiø bornholm,
6,energiø bornholm,6: energiø bornholm,
6,energiø bornholm,6: energiø bornholm,
6,energiø bornholm,6: energiø bornholm,
6,energiø bornholm,6: energiø bornholm,
6,energiø bornholm,6: energiø bornholm,
6,energiø bornholm,6: energiø bornholm,
6,energiø bornholm,6: energiø bornholm,
6,energiø bornholm,6: energiø bornholm,
6,energiø bornholm,6: energiø bornholm,
6,energiø bornholm,6: energiø bornholm,
6,energiø bornholm,6: energiø bornholm,
6,energiø bornholm,6: energiø bornholm,
6,energiø bornholm,6: energiø bornholm,
6,energiø bornholm,6: energiø bornholm,
6,energiø bornholm,6: energiø bornholm,
6,energiø bornholm,6: energiø bornholm,
6,energiø bornholm,6: energiø bornholm,
6,energiø bornholm,6: energiø bornholm,
6,energiø bornholm,6: energiø bornholm,
6,energiø bornholm,6: energiø bornholm,
6,energiø bornholm,6: energiø bornholm,
6,energiø bornholm,6: energiø bornholm,
6,energiø bornholm,6: energiø bornholm,
6,energiø bornholm,6: energiø bornholm,
6,energiø bornholm,6: energiø bornholm,
6,energiø bornholm,6: energiø bornholm,
6,energiø bornholm,6: energiø bornholm,
6,energiø bornholm,6: energiø bornholm,
6,energiø bornholm,6: energiø bornholm,
6,energiø bornholm,6: energiø bornholm,
6,energiø bornholm,6: energiø bornholm,
6,energiø bornholm,6: energiø bornholm,
6,energiø bornholm,6: energiø bornholm,
6,energiø bornholm,6: energiø bornholm,
6,energiø bornholm,6: energiø bornholm,
6,energiø bornholm,6: energiø bornholm,
6,energiø bornholm,6: energiø bornholm,
6,energiø bornholm,6: energiø bornholm,
6,energiø bornholm,6: energiø bornholm,
6,energiø bornholm,6: energiø bornholm,
6,energiø bornholm,6: energiø bornholm,
6,energiø bornholm,6: energiø bornholm,
6,energiø bornholm,6: energiø bornholm,
6,energiø bornholm,6: energiø bornholm,
6,energiø bornholm,6: energiø bornholm,
6,energiø bornholm,6: energiø bornholm,
6,energiø bornholm,6: energiø bornholm,
6,energiø bornholm,6: energiø bornholm,
6,energiø bornholm,6: energiø bornholm,
6,energiø bornholm,6: energiø bornholm,
6,energiø bornholm,6: energiø bornholm,
6,energiø bornholm,6: energiø bornholm,
6,energiø bornholm,6: energiø bornholm,
6,energiø bornholm,6: energiø bornholm,
6,energiø bornholm,6: energiø bornholm,
6,energiø bornholm,6: energiø bornholm,
6,energiø bornholm,6: energiø bornholm,
6,energiø bornholm,6: energiø bornholm,
6,energiø bornholm,6: energiø bornholm,
6,energiø bornholm,6: energiø bornholm,
6,energiø bornholm,6: energiø bornholm,
6,energiø bornholm,6: energiø bornholm,
6,energiø bornholm,6: energiø bornholm,
6,energiø bornholm,6: energiø bornholm,
6,energiø bornholm,6: energiø bornholm,
6,energiø bornholm,6: energiø bornholm,
6,energiø bornholm,6: energiø bornholm,
6,energiø bornholm,6: energiø bornholm,
6,energiø bornholm,6: energiø bornholm,
6,energiø bornholm,6: energiø bornholm,
6,energiø bornholm,6: energiø bornholm,
6,energiø bornholm,6: energiø bornholm,
6,energiø bornholm,6: energiø bornholm,
6,energiø bornholm,6: energiø bornholm,
6,energiø bornholm,6: energiø bornholm,
6,energiø bornholm,6: energiø bornholm,
6,energiø bornholm,6: energiø bornholm,
6,energiø bornholm,6: energiø bornholm,
6,energiø bornholm,6: energiø bornholm,
6,energiø bornholm,6: energiø bornholm,
6,energiø bornholm,6: energiø bornholm,
6,energiø bornholm,6: energiø bornholm,
6,energiø bornholm,6: energiø bornholm,
6,energiø bornholm,6: energiø bornholm,
6,energiø bornholm,6: energiø bornholm,
6,energiø bornholm,6: energiø bornholm,
6,energiø bornholm,6: energiø bornholm,
6,energiø bornholm,6: energiø bornholm,
6,energiø bornholm,6: energiø bornholm,
6,energiø bornholm,6: energiø bornholm,
6,energiø bornholm,6: energiø bornholm,
6,energiø bornholm,6: energiø bornholm,
6,energiø bornholm,6: energiø bornholm,
6,energiø bornholm,6: energiø bornholm,
6,energiø bornholm,6: energiø bornholm,
6,energiø bornholm,6: energiø bornholm,
6,energiø bornholm,6: energiø bornholm,
6,energiø bornholm,6: energiø bornholm,
6,energiø bornholm,6: energiø bornholm,
6,energiø bornholm,6: energiø bornholm,
6,energiø bornholm,6: energiø bornholm,
6,energiø bornholm,6: energiø bornholm,
6,energiø bornholm,6: energiø bornholm,
6,energiø bornholm,6: energiø bornholm,
6,energiø bornholm,6: energiø bornholm,
6,energiø bornholm,6: energiø bornholm,
6,energiø bornholm,6: energiø bornholm,
6,energiø bornholm,6: energiø bornholm,
6,energiø bornholm,6: energiø bornholm,
6,energiø bornholm,6: energiø bornholm,
6,energiø bornholm,6: energiø bornholm,
6,energiø bornholm,6: energiø bornholm,
6,energiø bornholm,6: energiø bornholm,
6,energiø bornholm,6: energiø bornholm,
6,energiø bornholm,6: energiø bornholm,
6,energiø bornholm,6: energiø bornholm,
6,energiø bornholm,6: energiø bornholm,
6,energiø bornholm,6: energiø bornholm,
6,energiø bornholm,6: energiø bornholm,
6,energiø bornholm,6: energiø bornholm,
6,energiø bornholm,6: energiø bornholm,
6,energiø bornholm,6: energiø bornholm,
6,energiø bornholm,6: energiø bornholm,
6,energiø bornholm,6: energiø bornholm,
6,energiø bornholm,6: energiø bornholm,
6,energiø bornholm,6: energiø bornholm,
6,energiø bornholm,6: energiø bornholm,
6,energiø bornholm,6: energiø bornholm,
8,wind turbin,8: wind turbin,
8,wind turbin,8: wind turbin,
8,wind turbin,8: wind turbin,
8,wind turbin,8: wind turbin,
8,wind turbin,8: wind turbin,
8,wind turbin,8: wind turbin,
8,wind turbin,8: wind turbin,
8,wind turbin,8: wind turbin,
8,wind turbin,8: wind turbin,
8,wind turbin,8: wind turbin,
8,wind turbin,8: wind turbin,
8,wind turbin,8: wind turbin,
8,wind turbin,8: wind turbin,
8,wind turbin,8: wind turbin,
8,wind turbin,8: wind turbin,
8,wind turbin,8: wind turbin,
8,wind turbin,8: wind turbin,
8,wind turbin,8: wind turbin,
8,wind turbin,8: wind turbin,
8,wind turbin,8: wind turbin,
8,wind turbin,8: wind turbin,
8,wind turbin,8: wind turbin,
8,wind turbin,8: wind turbin,
8,wind turbin,8: wind turbin,
8,wind turbin,8: wind turbin,
8,wind turbin,8: wind turbin,
8,wind turbin,8: wind turbin,
8,wind turbin,8: wind turbin,
8,wind turbin,8: wind turbin,
8,wind turbin,8: wind turbin,
8,wind turbin,8: wind turbin,
8,wind turbin,8: wind turbin,
8,wind turbin,8: wind turbin,
8,wind turbin,8: wind turbin,
8,wind turbin,8: wind turbin,
8,wind turbin,8: wind turbin,
8,wind turbin,8: wind turbin,
8,wind turbin,8: wind turbin,
8,wind turbin,8: wind turbin,
8,wind turbin,8: wind turbin,
8,wind turbin,8: wind turbin,
8,wind turbin,8: wind turbin,
8,wind turbin,8: wind turbin,
8,wind turbin,8: wind turbin,
8,wind turbin,8: wind turbin,
8,wind turbin,8: wind turbin,
8,wind turbin,8: wind turbin,
8,wind turbin,8: wind turbin,
8,wind turbin,8: wind turbin,
8,wind turbin,8: wind turbin,
8,wind turbin,8: wind turbin,
8,wind turbin,8: wind turbin,
8,wind turbin,8: wind turbin,
8,wind turbin,8: wind turbin,
8,wind turbin,8: wind turbin,
8,wind turbin,8: wind turbin,
8,wind turbin,8: wind turbin,
8,wind turbin,8: wind turbin,
8,wind turbin,8: wind turbin,
8,wind turbin,8: wind turbin,
8,wind turbin,8: wind turbin,
8,wind turbin,8: wind turbin,
8,wind turbin,8: wind turbin,
8,wind turbin,8: wind turbin,
8,wind turbin,8: wind turbin,
8,wind turbin,8: wind turbin,
8,wind turbin,8: wind turbin,
8,wind turbin,8: wind turbin,
8,wind turbin,8: wind turbin,
8,wind turbin,8: wind turbin,
8,wind turbin,8: wind turbin,
8,wind turbin,8: wind turbin,
8,wind turbin,8: wind turbin,
8,wind turbin,8: wind turbin,
8,wind turbin,8: wind turbin,
8,wind turbin,8: wind turbin,
8,wind turbin,8: wind turbin,
8,wind turbin,8: wind turbin,
8,wind turbin,8: wind turbin,
8,wind turbin,8: wind turbin,
8,wind turbin,8: wind turbin,
8,wind turbin,8: wind turbin,
8,wind turbin,8: wind turbin,
8,wind turbin,8: wind turbin,
8,wind turbin,8: wind turbin,
8,wind turbin,8: wind turbin,
8,wind turbin,8: wind turbin,
8,wind turbin,8: wind turbin,
8,wind turbin,8: wind turbin,
8,wind turbin,8: wind turbin,
8,wind turbin,8: wind turbin,
8,wind turbin,8: wind turbin,
8,wind turbin,8: wind turbin,
8,wind turbin,8: wind turbin,
8,wind turbin,8: wind turbin,
8,wind turbin,8: wind turbin,
8,wind turbin,8: wind turbin,
8,wind turbin,8: wind turbin,
8,wind turbin,8: wind turbin,
8,wind turbin,8: wind turbin,
8,wind turbin,8: wind turbin,
8,wind turbin,8: wind turbin,
8,wind turbin,8: wind turbin,
8,wind turbin,8: wind turbin,
8,wind turbin,8: wind turbin,
8,wind turbin,8: wind turbin,
8,wind turbin,8: wind turbin,
8,wind turbin,8: wind turbin,
8,wind turbin,8: wind turbin,
8,wind turbin,8: wind turbin,
8,wind turbin,8: wind turbin,
8,wind turbin,8: wind turbin,
8,wind turbin,8: wind turbin,
8,wind turbin,8: wind turbin,
8,wind turbin,8: wind turbin,
8,wind turbin,8: wind turbin,
8,wind turbin,8: wind turbin,
8,wind turbin,8: wind turbin,
8,wind turbin,8: wind turbin,
8,wind turbin,8: wind turbin,
8,wind turbin,8: wind turbin,
8,wind turbin,8: wind turbin,
8,wind turbin,8: wind turbin,
8,wind turbin,8: wind turbin,
8,wind turbin,8: wind turbin,
8,wind turbin,8: wind turbin,
8,wind turbin,8: wind turbin,
8,wind turbin,8: wind turbin,
8,wind turbin,8: wind turbin,
8,wind turbin,8: wind turbin,
2,municip council,2: municip council,
2,municip council,2: municip council,
2,municip council,2: municip council,
2,municip council,2: municip council,
2,municip council,2: municip council,
2,municip council,2: municip council,
2,municip council,2: municip council,
2,municip council,2: municip council,
2,municip council,2: municip council,
2,municip council,2: municip council,
2,municip council,2: municip council,
2,municip council,2: municip council,
2,municip council,2: municip council,
2,municip council,2: municip council,
2,municip council,2: municip council,
2,municip council,2: municip council,
2,municip council,2: municip council,
2,municip council,2: municip council,
2,municip council,2: municip council,
2,municip council,2: municip council,
2,municip council,2: municip council,
2,municip council,2: municip council,
2,municip council,2: municip council,
2,municip council,2: municip council,
2,municip council,2: municip council,
2,municip council,2: municip council,
2,municip council,2: municip council,
2,municip council,2: municip council,
2,municip council,2: municip council,
2,municip council,2: municip council,
2,municip council,2: municip council,
2,municip council,2: municip council,
2,municip council,2: municip council,
2,municip council,2: municip council,
2,municip council,2: municip council,
2,municip council,2: municip council,
2,municip council,2: municip council,
2,municip council,2: municip council,
2,municip council,2: municip council,
2,municip council,2: municip council,
2,municip council,2: municip council,
2,municip council,2: municip council,
2,municip council,2: municip council,
2,municip council,2: municip council,
2,municip council,2: municip council,
2,municip council,2: municip council,
2,municip council,2: municip council,
2,municip council,2: municip council,
2,municip council,2: municip council,
2,municip council,2: municip council,
2,municip council,2: municip council,
2,municip council,2: municip council,
2,municip council,2: municip council,
2,municip council,2: municip council,
2,municip council,2: municip council,
2,municip council,2: municip council,
2,municip council,2: municip council,
2,municip council,2: municip council,
2,municip council,2: municip council,
2,municip council,2: municip council,
2,municip council,2: municip council,
2,municip council,2: municip council,
2,municip council,2: municip council,
2,municip council,2: municip council,
2,municip council,2: municip council,
2,municip council,2: municip council,
2,municip council,2: municip council,
2,municip council,2: municip council,
2,municip council,2: municip council,
2,municip council,2: municip council,
2,municip council,2: municip council,
2,municip council,2: municip council,
2,municip council,2: municip council,
2,municip council,2: municip council,
2,municip council,2: municip council,
2,municip council,2: municip council,
2,municip council,2: municip council,
2,municip council,2: municip council,
2,municip council,2: municip council,
2,municip council,2: municip council,
2,municip council,2: municip council,
2,municip council,2: municip council,
2,municip council,2: municip council,
2,municip council,2: municip council,
2,municip council,2: municip council,
2,municip council,2: municip council,
2,municip council,2: municip council,
2,municip council,2: municip council,
2,municip council,2: municip council,
2,municip council,2: municip council,
2,municip council,2: municip council,
2,municip council,2: municip council,
2,municip council,2: municip council,
2,municip council,2: municip council,
2,municip council,2: municip council,
2,municip council,2: municip council,
2,municip council,2: municip council,
2,municip council,2: municip council,
2,municip council,2: municip council,
2,municip council,2: municip council,
2,municip council,2: municip council,
2,municip council,2: municip council,
2,municip council,2: municip council,
2,municip council,2: municip council,
2,municip council,2: municip council,
2,municip council,2: municip council,
2,municip council,2: municip council,
2,municip council,2: municip council,
2,municip council,2: municip council,
2,municip council,2: municip council,
2,municip council,2: municip council,
2,municip council,2: municip council,
2,municip council,2: municip council,
2,municip council,2: municip council,
2,municip council,2: municip council,
2,municip council,2: municip council,
2,municip council,2: municip council,
2,municip council,2: municip council,
2,municip council,2: municip council,
2,municip council,2: municip council,
2,municip council,2: municip council,
2,municip council,2: municip council,
2,municip council,2: municip council,
2,municip council,2: municip council,
2,municip council,2: municip council,
2,municip council,2: municip council,
2,municip council,2: municip council,
2,municip council,2: municip council,
2,municip council,2: municip council,
2,municip council,2: municip council,
2,municip council,2: municip council,
2,municip council,2: municip council,
2,municip council,2: municip council,
2,municip council,2: municip council,
2,municip council,2: municip council,
2,municip council,2: municip council,
2,municip council,2: municip council,
2,municip council,2: municip council,
2,municip council,2: municip council,
2,municip council,2: municip council,
2,municip council,2: municip council,
2,municip council,2: municip council,
2,municip council,2: municip council,
2,municip council,2: municip council,
2,municip council,2: municip council,
2,municip council,2: municip council,
2,municip council,2: municip council,
2,municip council,2: municip council,
2,municip council,2: municip council,
2,municip council,2: municip council,
2,municip council,2: municip council,
2,municip council,2: municip council,
2,municip council,2: municip council,
2,municip council,2: municip council,
2,municip council,2: municip council,
2,municip council,2: municip council,
2,municip council,2: municip council,
2,municip council,2: municip council,
2,municip council,2: municip council,
2,municip council,2: municip council,
2,municip council,2: municip council,
2,municip council,2: municip council,
2,municip council,2: municip council,
2,municip council,2: municip council,
2,municip council,2: municip council,
2,municip council,2: municip council,
2,municip council,2: municip council,
2,municip council,2: municip council,
2,municip council,2: municip council,
2,municip council,2: municip council,
2,municip council,2: municip council,
2,municip council,2: municip council,
2,municip council,2: municip council,
2,municip council,2: municip council,
2,municip council,2: municip council,
2,municip council,2: municip council,
2,municip council,2: municip council,
2,municip council,2: municip council,
2,municip council,2: municip council,
2,municip council,2: municip council,
2,municip council,2: municip council,
2,municip council,2: municip council,
2,municip council,2: municip council,
2,municip council,2: municip council,
2,municip council,2: municip council,
2,municip council,2: municip council,
2,municip council,2: municip council,
2,municip council,2: municip council,
2,municip council,2: municip council,
2,municip council,2: municip council,
2,municip council,2: municip council,
2,municip council,2: municip council,
2,municip council,2: municip council,
2,municip council,2: municip council,
2,municip council,2: municip council,
2,municip council,2: municip council,
2,municip council,2: municip council,
2,municip council,2: municip council,
2,municip council,2: municip council,
2,municip council,2: municip council,
2,municip council,2: municip council,
2,municip council,2: municip council,
2,municip council,2: municip council,
2,municip council,2: municip council,
2,municip council,2: municip council,
2,municip council,2: municip council,
2,municip council,2: municip council,
2,municip council,2: municip council,
2,municip council,2: municip council,
2,municip council,2: municip council,
2,municip council,2: municip council,
2,municip council,2: municip council,
2,municip council,2: municip council,
2,municip council,2: municip council,
2,municip council,2: municip council,
2,municip council,2: municip council,
2,municip council,2: municip council,
2,municip council,2: municip council,
2,municip council,2: municip council,
2,municip council,2: municip council,
2,municip council,2: municip council,
2,municip council,2: municip council,
2,municip council,2: municip council,
2,municip council,2: municip council,
2,municip council,2: municip council,
2,municip council,2: municip council,
2,municip council,2: municip council,
2,municip council,2: municip council,
2,municip council,2: municip council,
2,municip council,2: municip council,
2,municip council,2: municip council,
2,municip council,2: municip council,
2,municip council,2: municip council,
2,municip council,2: municip council,
2,municip council,2: municip council,
2,municip council,2: municip council,
2,municip council,2: municip council,
2,municip council,2: municip council,
2,municip council,2: municip council,
2,municip council,2: municip council,
2,municip council,2: municip council,
2,municip council,2: municip council,
2,municip council,2: municip council,
2,municip council,2: municip council,
2,municip council,2: municip council,
2,municip council,2: municip council,
2,municip council,2: municip council,
2,municip council,2: municip council,
2,municip council,2: municip council,
2,municip council,2: municip council,
2,municip council,2: municip council,
2,municip council,2: municip council,
2,municip council,2: municip council,
2,municip council,2: municip council,
2,municip council,2: municip council,
2,municip council,2: municip council,
2,municip council,2: municip council,
2,municip council,2: municip council,
2,municip council,2: municip council,
2,municip council,2: municip council,
2,municip council,2: municip council,
2,municip council,2: municip council,
2,municip council,2: municip council,
2,municip council,2: municip council,
2,municip council,2: municip council,
2,municip council,2: municip council,
2,municip council,2: municip council,
2,municip council,2: municip council,
2,municip council,2: municip council,
2,municip council,2: municip council,
2,municip council,2: municip council,
2,municip council,2: municip council,
2,municip council,2: municip council,
2,municip council,2: municip council,
2,municip council,2: municip council,
2,municip council,2: municip council,
2,municip council,2: municip council,
2,municip council,2: municip council,
2,municip council,2: municip council,
2,municip council,2: municip council,
2,municip council,2: municip council,
2,municip council,2: municip council,
2,municip council,2: municip council,
2,municip council,2: municip council,
2,municip council,2: municip council,
2,municip council,2: municip council,
2,municip council,2: municip council,
2,municip council,2: municip council,
2,municip council,2: municip council,
2,municip council,2: municip council,
2,municip council,2: municip council,
2,municip council,2: municip council,
2,municip council,2: municip council,
2,municip council,2: municip council,
2,municip council,2: municip council,
2,municip council,2: municip council,
2,municip council,2: municip council,
2,municip council,2: municip council,
2,municip council,2: municip council,
2,municip council,2: municip council,
2,municip council,2: municip council,
2,municip council,2: municip council,
2,municip council,2: municip council,
2,municip council,2: municip council,
2,municip council,2: municip council,
2,municip council,2: municip council,
2,municip council,2: municip council,
2,municip council,2: municip council,
2,municip council,2: municip council,
2,municip council,2: municip council,
2,municip council,2: municip council,
2,municip council,2: municip council,
4,baltic sea,4: baltic sea,
4,baltic sea,4: baltic sea,
4,baltic sea,4: baltic sea,
4,baltic sea,4: baltic sea,
4,baltic sea,4: baltic sea,
4,baltic sea,4: baltic sea,
4,baltic sea,4: baltic sea,
4,baltic sea,4: baltic sea,
4,baltic sea,4: baltic sea,
4,baltic sea,4: baltic sea,
4,baltic sea,4: baltic sea,
4,baltic sea,4: baltic sea,
4,baltic sea,4: baltic sea,
4,baltic sea,4: baltic sea,
4,baltic sea,4: baltic sea,
4,baltic sea,4: baltic sea,
4,baltic sea,4: baltic sea,
4,baltic sea,4: baltic sea,
4,baltic sea,4: baltic sea,
4,baltic sea,4: baltic sea,
4,baltic sea,4: baltic sea,
4,baltic sea,4: baltic sea,
4,baltic sea,4: baltic sea,
4,baltic sea,4: baltic sea,
4,baltic sea,4: baltic sea,
4,baltic sea,4: baltic sea,
4,baltic sea,4: baltic sea,
4,baltic sea,4: baltic sea,
4,baltic sea,4: baltic sea,
4,baltic sea,4: baltic sea,
4,baltic sea,4: baltic sea,
4,baltic sea,4: baltic sea,
4,baltic sea,4: baltic sea,
4,baltic sea,4: baltic sea,
4,baltic sea,4: baltic sea,
4,baltic sea,4: baltic sea,
4,baltic sea,4: baltic sea,
4,baltic sea,4: baltic sea,
4,baltic sea,4: baltic sea,
4,baltic sea,4: baltic sea,
4,baltic sea,4: baltic sea,
4,baltic sea,4: baltic sea,
4,baltic sea,4: baltic sea,
4,baltic sea,4: baltic sea,
4,baltic sea,4: baltic sea,
4,baltic sea,4: baltic sea,
4,baltic sea,4: baltic sea,
4,baltic sea,4: baltic sea,
4,baltic sea,4: baltic sea,
4,baltic sea,4: baltic sea,
4,baltic sea,4: baltic sea,
4,baltic sea,4: baltic sea,
4,baltic sea,4: baltic sea,
4,baltic sea,4: baltic sea,
4,baltic sea,4: baltic sea,
4,baltic sea,4: baltic sea,
4,baltic sea,4: baltic sea,
4,baltic sea,4: baltic sea,
4,baltic sea,4: baltic sea,
4,baltic sea,4: baltic sea,
4,baltic sea,4: baltic sea,
4,baltic sea,4: baltic sea,
4,baltic sea,4: baltic sea,
4,baltic sea,4: baltic sea,
4,baltic sea,4: baltic sea,
4,baltic sea,4: baltic sea,
4,baltic sea,4: baltic sea,
4,baltic sea,4: baltic sea,
4,baltic sea,4: baltic sea,
4,baltic sea,4: baltic sea,
4,baltic sea,4: baltic sea,
4,baltic sea,4: baltic sea,
4,baltic sea,4: baltic sea,
4,baltic sea,4: baltic sea,
4,baltic sea,4: baltic sea,
4,baltic sea,4: baltic sea,
4,baltic sea,4: baltic sea,
4,baltic sea,4: baltic sea,
4,baltic sea,4: baltic sea,
4,baltic sea,4: baltic sea,
4,baltic sea,4: baltic sea,
4,baltic sea,4: baltic sea,
4,baltic sea,4: baltic sea,
4,baltic sea,4: baltic sea,
4,baltic sea,4: baltic sea,
4,baltic sea,4: baltic sea,
4,baltic sea,4: baltic sea,
4,baltic sea,4: baltic sea,
4,baltic sea,4: baltic sea,
4,baltic sea,4: baltic sea,
4,baltic sea,4: baltic sea,
4,baltic sea,4: baltic sea,
4,baltic sea,4: baltic sea,
4,baltic sea,4: baltic sea,
4,baltic sea,4: baltic sea,
4,baltic sea,4: baltic sea,
4,baltic sea,4: baltic sea,
4,baltic sea,4: baltic sea,
4,baltic sea,4: baltic sea,
4,baltic sea,4: baltic sea,
4,baltic sea,4: baltic sea,
4,baltic sea,4: baltic sea,
4,baltic sea,4: baltic sea,
4,baltic sea,4: baltic sea,
4,baltic sea,4: baltic sea,
4,baltic sea,4: baltic sea,
4,baltic sea,4: baltic sea,
4,baltic sea,4: baltic sea,
4,baltic sea,4: baltic sea,
4,baltic sea,4: baltic sea,
4,baltic sea,4: baltic sea,
4,baltic sea,4: baltic sea,
4,baltic sea,4: baltic sea,
4,baltic sea,4: baltic sea,
4,baltic sea,4: baltic sea,
4,baltic sea,4: baltic sea,
4,baltic sea,4: baltic sea,
4,baltic sea,4: baltic sea,
4,baltic sea,4: baltic sea,
4,baltic sea,4: baltic sea,
4,baltic sea,4: baltic sea,
4,baltic sea,4: baltic sea,
4,baltic sea,4: baltic sea,
4,baltic sea,4: baltic sea,
4,baltic sea,4: baltic sea,
4,baltic sea,4: baltic sea,
4,baltic sea,4: baltic sea,
4,baltic sea,4: baltic sea,
4,baltic sea,4: baltic sea,
4,baltic sea,4: baltic sea,
4,baltic sea,4: baltic sea,
4,baltic sea,4: baltic sea,
4,baltic sea,4: baltic sea,
4,baltic sea,4: baltic sea,
4,baltic sea,4: baltic sea,
4,baltic sea,4: baltic sea,
4,baltic sea,4: baltic sea,
4,baltic sea,4: baltic sea,
6,energiø bornholm,6: energiø bornholm,
6,energiø bornholm,6: energiø bornholm,
6,energiø bornholm,6: energiø bornholm,
6,energiø bornholm,6: energiø bornholm,
6,energiø bornholm,6: energiø bornholm,
6,energiø bornholm,6: energiø bornholm,
6,energiø bornholm,6: energiø bornholm,
6,energiø bornholm,6: energiø bornholm,
6,energiø bornholm,6: energiø bornholm,
6,energiø bornholm,6: energiø bornholm,
6,energiø bornholm,6: energiø bornholm,
6,energiø bornholm,6: energiø bornholm,
6,energiø bornholm,6: energiø bornholm,
6,energiø bornholm,6: energiø bornholm,
6,energiø bornholm,6: energiø bornholm,
6,energiø bornholm,6: energiø bornholm,
6,energiø bornholm,6: energiø bornholm,
6,energiø bornholm,6: energiø bornholm,
6,energiø bornholm,6: energiø bornholm,
6,energiø bornholm,6: energiø bornholm,
6,energiø bornholm,6: energiø bornholm,
6,energiø bornholm,6: energiø bornholm,
6,energiø bornholm,6: energiø bornholm,
6,energiø bornholm,6: energiø bornholm,
6,energiø bornholm,6: energiø bornholm,
6,energiø bornholm,6: energiø bornholm,
6,energiø bornholm,6: energiø bornholm,
6,energiø bornholm,6: energiø bornholm,
6,energiø bornholm,6: energiø bornholm,
6,energiø bornholm,6: energiø bornholm,
6,energiø bornholm,6: energiø bornholm,
6,energiø bornholm,6: energiø bornholm,
6,energiø bornholm,6: energiø bornholm,
6,energiø bornholm,6: energiø bornholm,
6,energiø bornholm,6: energiø bornholm,
6,energiø bornholm,6: energiø bornholm,
6,energiø bornholm,6: energiø bornholm,
6,energiø bornholm,6: energiø bornholm,
6,energiø bornholm,6: energiø bornholm,
6,energiø bornholm,6: energiø bornholm,
6,energiø bornholm,6: energiø bornholm,
6,energiø bornholm,6: energiø bornholm,
6,energiø bornholm,6: energiø bornholm,
6,energiø bornholm,6: energiø bornholm,
6,energiø bornholm,6: energiø bornholm,
6,energiø bornholm,6: energiø bornholm,
6,energiø bornholm,6: energiø bornholm,
6,energiø bornholm,6: energiø bornholm,
6,energiø bornholm,6: energiø bornholm,
6,energiø bornholm,6: energiø bornholm,
6,energiø bornholm,6: energiø bornholm,
6,energiø bornholm,6: energiø bornholm,
6,energiø bornholm,6: energiø bornholm,
6,energiø bornholm,6: energiø bornholm,
6,energiø bornholm,6: energiø bornholm,
6,energiø bornholm,6: energiø bornholm,
6,energiø bornholm,6: energiø bornholm,
6,energiø bornholm,6: energiø bornholm,
6,energiø bornholm,6: energiø bornholm,
6,energiø bornholm,6: energiø bornholm,
6,energiø bornholm,6: energiø bornholm,
6,energiø bornholm,6: energiø bornholm,
6,energiø bornholm,6: energiø bornholm,
6,energiø bornholm,6: energiø bornholm,
6,energiø bornholm,6: energiø bornholm,
6,energiø bornholm,6: energiø bornholm,
6,energiø bornholm,6: energiø bornholm,
6,energiø bornholm,6: energiø bornholm,
6,energiø bornholm,6: energiø bornholm,
6,energiø bornholm,6: energiø bornholm,
6,energiø bornholm,6: energiø bornholm,
6,energiø bornholm,6: energiø bornholm,
6,energiø bornholm,6: energiø bornholm,
6,energiø bornholm,6: energiø bornholm,
6,energiø bornholm,6: energiø bornholm,
6,energiø bornholm,6: energiø bornholm,
6,energiø bornholm,6: energiø bornholm,
6,energiø bornholm,6: energiø bornholm,
6,energiø bornholm,6: energiø bornholm,
6,energiø bornholm,6: energiø bornholm,
6,energiø bornholm,6: energiø bornholm,
6,energiø bornholm,6: energiø bornholm,
6,energiø bornholm,6: energiø bornholm,
6,energiø bornholm,6: energiø bornholm,
6,energiø bornholm,6: energiø bornholm,
6,energiø bornholm,6: energiø bornholm,
6,energiø bornholm,6: energiø bornholm,
6,energiø bornholm,6: energiø bornholm,
6,energiø bornholm,6: energiø bornholm,
6,energiø bornholm,6: energiø bornholm,
6,energiø bornholm,6: energiø bornholm,
6,energiø bornholm,6: energiø bornholm,
6,energiø bornholm,6: energiø bornholm,
6,energiø bornholm,6: energiø bornholm,
6,energiø bornholm,6: energiø bornholm,
6,energiø bornholm,6: energiø bornholm,
6,energiø bornholm,6: energiø bornholm,
6,energiø bornholm,6: energiø bornholm,
6,energiø bornholm,6: energiø bornholm,
6,energiø bornholm,6: energiø bornholm,
6,energiø bornholm,6: energiø bornholm,
6,energiø bornholm,6: energiø bornholm,
6,energiø bornholm,6: energiø bornholm,
6,energiø bornholm,6: energiø bornholm,
6,energiø bornholm,6: energiø bornholm,
6,energiø bornholm,6: energiø bornholm,
6,energiø bornholm,6: energiø bornholm,
6,energiø bornholm,6: energiø bornholm,
6,energiø bornholm,6: energiø bornholm,
6,energiø bornholm,6: energiø bornholm,
6,energiø bornholm,6: energiø bornholm,
6,energiø bornholm,6: energiø bornholm,
6,energiø bornholm,6: energiø bornholm,
6,energiø bornholm,6: energiø bornholm,
6,energiø bornholm,6: energiø bornholm,
6,energiø bornholm,6: energiø bornholm,
6,energiø bornholm,6: energiø bornholm,
6,energiø bornholm,6: energiø bornholm,
6,energiø bornholm,6: energiø bornholm,
6,energiø bornholm,6: energiø bornholm,
6,energiø bornholm,6: energiø bornholm,
6,energiø bornholm,6: energiø bornholm,
6,energiø bornholm,6: energiø bornholm,
6,energiø bornholm,6: energiø bornholm,
6,energiø bornholm,6: energiø bornholm,
6,energiø bornholm,6: energiø bornholm,
6,energiø bornholm,6: energiø bornholm,
6,energiø bornholm,6: energiø bornholm,
6,energiø bornholm,6: energiø bornholm,
6,energiø bornholm,6: energiø bornholm,
6,energiø bornholm,6: energiø bornholm,
6,energiø bornholm,6: energiø bornholm,
6,energiø bornholm,6: energiø bornholm,
6,energiø bornholm,6: energiø bornholm,
6,energiø bornholm,6: energiø bornholm,
6,energiø bornholm,6: energiø bornholm,
6,energiø bornholm,6: energiø bornholm,
6,energiø bornholm,6: energiø bornholm,
6,energiø bornholm,6: energiø bornholm,
6,energiø bornholm,6: energiø bornholm,
6,energiø bornholm,6: energiø bornholm,
6,energiø bornholm,6: energiø bornholm,
6,energiø bornholm,6: energiø bornholm,
6,energiø bornholm,6: energiø bornholm,
6,energiø bornholm,6: energiø bornholm,
6,energiø bornholm,6: energiø bornholm,
6,energiø bornholm,6: energiø bornholm,
6,energiø bornholm,6: energiø bornholm,
6,energiø bornholm,6: energiø bornholm,
6,energiø bornholm,6: energiø bornholm,
6,energiø bornholm,6: energiø bornholm,
6,energiø bornholm,6: energiø bornholm,
6,energiø bornholm,6: energiø bornholm,
6,energiø bornholm,6: energiø bornholm,
6,energiø bornholm,6: energiø bornholm,
6,energiø bornholm,6: energiø bornholm,
6,energiø bornholm,6: energiø bornholm,
6,energiø bornholm,6: energiø bornholm,
6,energiø bornholm,6: energiø bornholm,
6,energiø bornholm,6: energiø bornholm,
6,energiø bornholm,6: energiø bornholm,
6,energiø bornholm,6: energiø bornholm,
6,energiø bornholm,6: energiø bornholm,
6,energiø bornholm,6: energiø bornholm,
6,energiø bornholm,6: energiø bornholm,
6,energiø bornholm,6: energiø bornholm,
6,energiø bornholm,6: energiø bornholm,
6,energiø bornholm,6: energiø bornholm,
6,energiø bornholm,6: energiø bornholm,
6,energiø bornholm,6: energiø bornholm,
6,energiø bornholm,6: energiø bornholm,
8,wind turbin,8: wind turbin,
8,wind turbin,8: wind turbin,
8,wind turbin,8: wind turbin,
8,wind turbin,8: wind turbin,
8,wind turbin,8: wind turbin,
8,wind turbin,8: wind turbin,
8,wind turbin,8: wind turbin,
8,wind turbin,8: wind turbin,
8,wind turbin,8: wind turbin,
8,wind turbin,8: wind turbin,
8,wind turbin,8: wind turbin,
8,wind turbin,8: wind turbin,
8,wind turbin,8: wind turbin,
8,wind turbin,8: wind turbin,
8,wind turbin,8: wind turbin,
8,wind turbin,8: wind turbin,
8,wind turbin,8: wind turbin,
8,wind turbin,8: wind turbin,
8,wind turbin,8: wind turbin,
8,wind turbin,8: wind turbin,
8,wind turbin,8: wind turbin,
8,wind turbin,8: wind turbin,
8,wind turbin,8: wind turbin,
8,wind turbin,8: wind turbin,
8,wind turbin,8: wind turbin,
8,wind turbin,8: wind turbin,
8,wind turbin,8: wind turbin,
8,wind turbin,8: wind turbin,
8,wind turbin,8: wind turbin,
8,wind turbin,8: wind turbin,
8,wind turbin,8: wind turbin,
8,wind turbin,8: wind turbin,
8,wind turbin,8: wind turbin,
8,wind turbin,8: wind turbin,
8,wind turbin,8: wind turbin,
8,wind turbin,8: wind turbin,
8,wind turbin,8: wind turbin,
8,wind turbin,8: wind turbin,
8,wind turbin,8: wind turbin,
8,wind turbin,8: wind turbin,
8,wind turbin,8: wind turbin,
8,wind turbin,8: wind turbin,
8,wind turbin,8: wind turbin,
8,wind turbin,8: wind turbin,
8,wind turbin,8: wind turbin,
8,wind turbin,8: wind turbin,
8,wind turbin,8: wind turbin,
8,wind turbin,8: wind turbin,
8,wind turbin,8: wind turbin,
8,wind turbin,8: wind turbin,
8,wind turbin,8: wind turbin,
8,wind turbin,8: wind turbin,
8,wind turbin,8: wind turbin,
8,wind turbin,8: wind turbin,
8,wind turbin,8: wind turbin,
8,wind turbin,8: wind turbin,
8,wind turbin,8: wind turbin,
8,wind turbin,8: wind turbin,
8,wind turbin,8: wind turbin,
8,wind turbin,8: wind turbin,
8,wind turbin,8: wind turbin,
8,wind turbin,8: wind turbin,
8,wind turbin,8: wind turbin,
8,wind turbin,8: wind turbin,
8,wind turbin,8: wind turbin,
8,wind turbin,8: wind turbin,
8,wind turbin,8: wind turbin,
8,wind turbin,8: wind turbin,
8,wind turbin,8: wind turbin,
8,wind turbin,8: wind turbin,
8,wind turbin,8: wind turbin,
8,wind turbin,8: wind turbin,
8,wind turbin,8: wind turbin,
8,wind turbin,8: wind turbin,
8,wind turbin,8: wind turbin,
8,wind turbin,8: wind turbin,
8,wind turbin,8: wind turbin,
8,wind turbin,8: wind turbin,
8,wind turbin,8: wind turbin,
8,wind turbin,8: wind turbin,
8,wind turbin,8: wind turbin,
8,wind turbin,8: wind turbin,
8,wind turbin,8: wind turbin,
8,wind turbin,8: wind turbin,
8,wind turbin,8: wind turbin,
8,wind turbin,8: wind turbin,
8,wind turbin,8: wind turbin,
8,wind turbin,8: wind turbin,
8,wind turbin,8: wind turbin,
8,wind turbin,8: wind turbin,
8,wind turbin,8: wind turbin,
8,wind turbin,8: wind turbin,
8,wind turbin,8: wind turbin,
8,wind turbin,8: wind turbin,
8,wind turbin,8: wind turbin,
8,wind turbin,8: wind turbin,
8,wind turbin,8: wind turbin,
8,wind turbin,8: wind turbin,
8,wind turbin,8: wind turbin,
8,wind turbin,8: wind turbin,
8,wind turbin,8: wind turbin,
8,wind turbin,8: wind turbin,
8,wind turbin,8: wind turbin,
8,wind turbin,8: wind turbin,
8,wind turbin,8: wind turbin,
8,wind turbin,8: wind turbin,
8,wind turbin,8: wind turbin,
8,wind turbin,8: wind turbin,
8,wind turbin,8: wind turbin,
8,wind turbin,8: wind turbin,
8,wind turbin,8: wind turbin,
8,wind turbin,8: wind turbin,
8,wind turbin,8: wind turbin,
8,wind turbin,8: wind turbin,
8,wind turbin,8: wind turbin,
8,wind turbin,8: wind turbin,
8,wind turbin,8: wind turbin,
8,wind turbin,8: wind turbin,
8,wind turbin,8: wind turbin,
8,wind turbin,8: wind turbin,
8,wind turbin,8: wind turbin,
8,wind turbin,8: wind turbin,
8,wind turbin,8: wind turbin,
8,wind turbin,8: wind turbin,
8,wind turbin,8: wind turbin,
8,wind turbin,8: wind turbin,
8,wind turbin,8: wind turbin,
8,wind turbin,8: wind turbin,
8,wind turbin,8: wind turbin,
8,wind turbin,8: wind turbin,
6,energiø bornholm,6: energiø bornholm,
6,energiø bornholm,6: energiø bornholm,
6,energiø bornholm,6: energiø bornholm,
6,energiø bornholm,6: energiø bornholm,
6,energiø bornholm,6: energiø bornholm,
6,energiø bornholm,6: energiø bornholm,
6,energiø bornholm,6: energiø bornholm,
6,energiø bornholm,6: energiø bornholm,
6,energiø bornholm,6: energiø bornholm,
6,energiø bornholm,6: energiø bornholm,
6,energiø bornholm,6: energiø bornholm,
6,energiø bornholm,6: energiø bornholm,
6,energiø bornholm,6: energiø bornholm,
6,energiø bornholm,6: energiø bornholm,
6,energiø bornholm,6: energiø bornholm,
6,energiø bornholm,6: energiø bornholm,
6,energiø bornholm,6: energiø bornholm,
6,energiø bornholm,6: energiø bornholm,
6,energiø bornholm,6: energiø bornholm,
6,energiø bornholm,6: energiø bornholm,
6,energiø bornholm,6: energiø bornholm,
6,energiø bornholm,6: energiø bornholm,
6,energiø bornholm,6: energiø bornholm,
6,energiø bornholm,6: energiø bornholm,
6,energiø bornholm,6: energiø bornholm,
6,energiø bornholm,6: energiø bornholm,
6,energiø bornholm,6: energiø bornholm,
6,energiø bornholm,6: energiø bornholm,
6,energiø bornholm,6: energiø bornholm,
6,energiø bornholm,6: energiø bornholm,
6,energiø bornholm,6: energiø bornholm,
6,energiø bornholm,6: energiø bornholm,
6,energiø bornholm,6: energiø bornholm,
6,energiø bornholm,6: energiø bornholm,
6,energiø bornholm,6: energiø bornholm,
6,energiø bornholm,6: energiø bornholm,
6,energiø bornholm,6: energiø bornholm,
6,energiø bornholm,6: energiø bornholm,
6,energiø bornholm,6: energiø bornholm,
6,energiø bornholm,6: energiø bornholm,
6,energiø bornholm,6: energiø bornholm,
6,energiø bornholm,6: energiø bornholm,
6,energiø bornholm,6: energiø bornholm,
6,energiø bornholm,6: energiø bornholm,
6,energiø bornholm,6: energiø bornholm,
6,energiø bornholm,6: energiø bornholm,
6,energiø bornholm,6: energiø bornholm,
6,energiø bornholm,6: energiø bornholm,
6,energiø bornholm,6: energiø bornholm,
6,energiø bornholm,6: energiø bornholm,
6,energiø bornholm,6: energiø bornholm,
6,energiø bornholm,6: energiø bornholm,
6,energiø bornholm,6: energiø bornholm,
6,energiø bornholm,6: energiø bornholm,
6,energiø bornholm,6: energiø bornholm,
6,energiø bornholm,6: energiø bornholm,
6,energiø bornholm,6: energiø bornholm,
6,energiø bornholm,6: energiø bornholm,
6,energiø bornholm,6: energiø bornholm,
6,energiø bornholm,6: energiø bornholm,
6,energiø bornholm,6: energiø bornholm,
6,energiø bornholm,6: energiø bornholm,
6,energiø bornholm,6: energiø bornholm,
6,energiø bornholm,6: energiø bornholm,
6,energiø bornholm,6: energiø bornholm,
6,energiø bornholm,6: energiø bornholm,
6,energiø bornholm,6: energiø bornholm,
6,energiø bornholm,6: energiø bornholm,
6,energiø bornholm,6: energiø bornholm,
6,energiø bornholm,6: energiø bornholm,
6,energiø bornholm,6: energiø bornholm,
6,energiø bornholm,6: energiø bornholm,
6,energiø bornholm,6: energiø bornholm,
6,energiø bornholm,6: energiø bornholm,
6,energiø bornholm,6: energiø bornholm,
6,energiø bornholm,6: energiø bornholm,
6,energiø bornholm,6: energiø bornholm,
6,energiø bornholm,6: energiø bornholm,
6,energiø bornholm,6: energiø bornholm,
6,energiø bornholm,6: energiø bornholm,
6,energiø bornholm,6: energiø bornholm,
6,energiø bornholm,6: energiø bornholm,
6,energiø bornholm,6: energiø bornholm,
6,energiø bornholm,6: energiø bornholm,
6,energiø bornholm,6: energiø bornholm,
6,energiø bornholm,6: energiø bornholm,
6,energiø bornholm,6: energiø bornholm,
6,energiø bornholm,6: energiø bornholm,
6,energiø bornholm,6: energiø bornholm,
6,energiø bornholm,6: energiø bornholm,
6,energiø bornholm,6: energiø bornholm,
6,energiø bornholm,6: energiø bornholm,
6,energiø bornholm,6: energiø bornholm,
6,energiø bornholm,6: energiø bornholm,
6,energiø bornholm,6: energiø bornholm,
6,energiø bornholm,6: energiø bornholm,
6,energiø bornholm,6: energiø bornholm,
6,energiø bornholm,6: energiø bornholm,
6,energiø bornholm,6: energiø bornholm,
6,energiø bornholm,6: energiø bornholm,
6,energiø bornholm,6: energiø bornholm,
6,energiø bornholm,6: energiø bornholm,
6,energiø bornholm,6: energiø bornholm,
6,energiø bornholm,6: energiø bornholm,
6,energiø bornholm,6: energiø bornholm,
6,energiø bornholm,6: energiø bornholm,
6,energiø bornholm,6: energiø bornholm,
6,energiø bornholm,6: energiø bornholm,
6,energiø bornholm,6: energiø bornholm,
6,energiø bornholm,6: energiø bornholm,
6,energiø bornholm,6: energiø bornholm,
6,energiø bornholm,6: energiø bornholm,
6,energiø bornholm,6: energiø bornholm,
6,energiø bornholm,6: energiø bornholm,
6,energiø bornholm,6: energiø bornholm,
6,energiø bornholm,6: energiø bornholm,
6,energiø bornholm,6: energiø bornholm,
6,energiø bornholm,6: energiø bornholm,
6,energiø bornholm,6: energiø bornholm,
6,energiø bornholm,6: energiø bornholm,
6,energiø bornholm,6: energiø bornholm,
6,energiø bornholm,6: energiø bornholm,
6,energiø bornholm,6: energiø bornholm,
6,energiø bornholm,6: energiø bornholm,
6,energiø bornholm,6: energiø bornholm,
6,energiø bornholm,6: energiø bornholm,
6,energiø bornholm,6: energiø bornholm,
6,energiø bornholm,6: energiø bornholm,
6,energiø bornholm,6: energiø bornholm,
6,energiø bornholm,6: energiø bornholm,
6,energiø bornholm,6: energiø bornholm,
6,energiø bornholm,6: energiø bornholm,
6,energiø bornholm,6: energiø bornholm,
6,energiø bornholm,6: energiø bornholm,
6,energiø bornholm,6: energiø bornholm,
6,energiø bornholm,6: energiø bornholm,
6,energiø bornholm,6: energiø bornholm,
6,energiø bornholm,6: energiø bornholm,
6,energiø bornholm,6: energiø bornholm,
6,energiø bornholm,6: energiø bornholm,
6,energiø bornholm,6: energiø bornholm,
6,energiø bornholm,6: energiø bornholm,
6,energiø bornholm,6: energiø bornholm,
6,energiø bornholm,6: energiø bornholm,
6,energiø bornholm,6: energiø bornholm,
6,energiø bornholm,6: energiø bornholm,
6,energiø bornholm,6: energiø bornholm,
6,energiø bornholm,6: energiø bornholm,
6,energiø bornholm,6: energiø bornholm,
6,energiø bornholm,6: energiø bornholm,
6,energiø bornholm,6: energiø bornholm,
6,energiø bornholm,6: energiø bornholm,
6,energiø bornholm,6: energiø bornholm,
6,energiø bornholm,6: energiø bornholm,
6,energiø bornholm,6: energiø bornholm,
6,energiø bornholm,6: energiø bornholm,
6,energiø bornholm,6: energiø bornholm,
6,energiø bornholm,6: energiø bornholm,
6,energiø bornholm,6: energiø bornholm,
6,energiø bornholm,6: energiø bornholm,
6,energiø bornholm,6: energiø bornholm,
6,energiø bornholm,6: energiø bornholm,
6,energiø bornholm,6: energiø bornholm,
6,energiø bornholm,6: energiø bornholm,
6,energiø bornholm,6: energiø bornholm,
6,energiø bornholm,6: energiø bornholm,
6,energiø bornholm,6: energiø bornholm,
6,energiø bornholm,6: energiø bornholm,
6,energiø bornholm,6: energiø bornholm,
6,energiø bornholm,6: energiø bornholm,
6,energiø bornholm,6: energiø bornholm,
6,energiø bornholm,6: energiø bornholm,
6,energiø bornholm,6: energiø bornholm,
6,energiø bornholm,6: energiø bornholm,
6,energiø bornholm,6: energiø bornholm,
6,energiø bornholm,6: energiø bornholm,
6,energiø bornholm,6: energiø bornholm,
6,energiø bornholm,6: energiø bornholm,
6,energiø bornholm,6: energiø bornholm,
6,energiø bornholm,6: energiø bornholm,
6,energiø bornholm,6: energiø bornholm,
6,energiø bornholm,6: energiø bornholm,
6,energiø bornholm,6: energiø bornholm,
6,energiø bornholm,6: energiø bornholm,
6,energiø bornholm,6: energiø bornholm,
6,energiø bornholm,6: energiø bornholm,
6,energiø bornholm,6: energiø bornholm,
6,energiø bornholm,6: energiø bornholm,
6,energiø bornholm,6: energiø bornholm,
6,energiø bornholm,6: energiø bornholm,
6,energiø bornholm,6: energiø bornholm,
6,energiø bornholm,6: energiø bornholm,
6,energiø bornholm,6: energiø bornholm,
6,energiø bornholm,6: energiø bornholm,
6,energiø bornholm,6: energiø bornholm,
6,energiø bornholm,6: energiø bornholm,
6,energiø bornholm,6: energiø bornholm,
6,energiø bornholm,6: energiø bornholm,
6,energiø bornholm,6: energiø bornholm,
6,energiø bornholm,6: energiø bornholm,
6,energiø bornholm,6: energiø bornholm,
6,energiø bornholm,6: energiø bornholm,
6,energiø bornholm,6: energiø bornholm,
6,energiø bornholm,6: energiø bornholm,
6,energiø bornholm,6: energiø bornholm,
6,energiø bornholm,6: energiø bornholm,
6,energiø bornholm,6: energiø bornholm,
6,energiø bornholm,6: energiø bornholm,
6,energiø bornholm,6: energiø bornholm,
6,energiø bornholm,6: energiø bornholm,
6,energiø bornholm,6: energiø bornholm,
6,energiø bornholm,6: energiø bornholm,
6,energiø bornholm,6: energiø bornholm,
6,energiø bornholm,6: energiø bornholm,
6,energiø bornholm,6: energiø bornholm,
6,energiø bornholm,6: energiø bornholm,
6,energiø bornholm,6: energiø bornholm,
6,energiø bornholm,6: energiø bornholm,
6,energiø bornholm,6: energiø bornholm,
6,energiø bornholm,6: energiø bornholm,
6,energiø bornholm,6: energiø bornholm,
6,energiø bornholm,6: energiø bornholm,
6,energiø bornholm,6: energiø bornholm,
6,energiø bornholm,6: energiø bornholm,
6,energiø bornholm,6: energiø bornholm,
6,energiø bornholm,6: energiø bornholm,
6,energiø bornholm,6: energiø bornholm,
6,energiø bornholm,6: energiø bornholm,
6,energiø bornholm,6: energiø bornholm,
6,energiø bornholm,6: energiø bornholm,
6,energiø bornholm,6: energiø bornholm,
6,energiø bornholm,6: energiø bornholm,
6,energiø bornholm,6: energiø bornholm,
6,energiø bornholm,6: energiø bornholm,
6,energiø bornholm,6: energiø bornholm,
6,energiø bornholm,6: energiø bornholm,
6,energiø bornholm,6: energiø bornholm,
6,energiø bornholm,6: energiø bornholm,
6,energiø bornholm,6: energiø bornholm,
6,energiø bornholm,6: energiø bornholm,
6,energiø bornholm,6: energiø bornholm,
6,energiø bornholm,6: energiø bornholm,
6,energiø bornholm,6: energiø bornholm,
6,energiø bornholm,6: energiø bornholm,
6,energiø bornholm,6: energiø bornholm,
6,energiø bornholm,6: energiø bornholm,
6,energiø bornholm,6: energiø bornholm,
6,energiø bornholm,6: energiø bornholm,
6,energiø bornholm,6: energiø bornholm,
6,energiø bornholm,6: energiø bornholm,
6,energiø bornholm,6: energiø bornholm,
6,energiø bornholm,6: energiø bornholm,
6,energiø bornholm,6: energiø bornholm,
6,energiø bornholm,6: energiø bornholm,
6,energiø bornholm,6: energiø bornholm,
6,energiø bornholm,6: energiø bornholm,
6,energiø bornholm,6: energiø bornholm,
6,energiø bornholm,6: energiø bornholm,
6,energiø bornholm,6: energiø bornholm,
6,energiø bornholm,6: energiø bornholm,
6,energiø bornholm,6: energiø bornholm,
6,energiø bornholm,6: energiø bornholm,
6,energiø bornholm,6: energiø bornholm,
6,energiø bornholm,6: energiø bornholm,
6,energiø bornholm,6: energiø bornholm,
6,energiø bornholm,6: energiø bornholm,
6,energiø bornholm,6: energiø bornholm,
6,energiø bornholm,6: energiø bornholm,
6,energiø bornholm,6: energiø bornholm,
6,energiø bornholm,6: energiø bornholm,
6,energiø bornholm,6: energiø bornholm,
6,energiø bornholm,6: energiø bornholm,
6,energiø bornholm,6: energiø bornholm,
6,energiø bornholm,6: energiø bornholm,
6,energiø bornholm,6: energiø bornholm,
6,energiø bornholm,6: energiø bornholm,
6,energiø bornholm,6: energiø bornholm,
6,energiø bornholm,6: energiø bornholm,
6,energiø bornholm,6: energiø bornholm,
6,energiø bornholm,6: energiø bornholm,
6,energiø bornholm,6: energiø bornholm,
6,energiø bornholm,6: energiø bornholm,
6,energiø bornholm,6: energiø bornholm,
6,energiø bornholm,6: energiø bornholm,
6,energiø bornholm,6: energiø bornholm,
6,energiø bornholm,6: energiø bornholm,
6,energiø bornholm,6: energiø bornholm,
6,energiø bornholm,6: energiø bornholm,
6,energiø bornholm,6: energiø bornholm,
6,energiø bornholm,6: energiø bornholm,
6,energiø bornholm,6: energiø bornholm,
6,energiø bornholm,6: energiø bornholm,
6,energiø bornholm,6: energiø bornholm,
6,energiø bornholm,6: energiø bornholm,
6,energiø bornholm,6: energiø bornholm,
6,energiø bornholm,6: energiø bornholm,
6,energiø bornholm,6: energiø bornholm,
6,energiø bornholm,6: energiø bornholm,
6,energiø bornholm,6: energiø bornholm,
6,energiø bornholm,6: energiø bornholm,
6,energiø bornholm,6: energiø bornholm,
6,energiø bornholm,6: energiø bornholm,
6,energiø bornholm,6: energiø bornholm,
6,energiø bornholm,6: energiø bornholm,
6,energiø bornholm,6: energiø bornholm,
6,energiø bornholm,6: energiø bornholm,
6,energiø bornholm,6: energiø bornholm,
6,energiø bornholm,6: energiø bornholm,
6,energiø bornholm,6: energiø bornholm,
6,energiø bornholm,6: energiø bornholm,
6,energiø bornholm,6: energiø bornholm,
6,energiø bornholm,6: energiø bornholm,
6,energiø bornholm,6: energiø bornholm,
6,energiø bornholm,6: energiø bornholm,
6,energiø bornholm,6: energiø bornholm,
6,energiø bornholm,6: energiø bornholm,
6,energiø bornholm,6: energiø bornholm,
6,energiø bornholm,6: energiø bornholm,
6,energiø bornholm,6: energiø bornholm,
6,energiø bornholm,6: energiø bornholm,
6,energiø bornholm,6: energiø bornholm,
6,energiø bornholm,6: energiø bornholm,
6,energiø bornholm,6: energiø bornholm,
6,energiø bornholm,6: energiø bornholm,
6,energiø bornholm,6: energiø bornholm,
6,energiø bornholm,6: energiø bornholm,
6,energiø bornholm,6: energiø bornholm,
6,energiø bornholm,6: energiø bornholm,
6,energiø bornholm,6: energiø bornholm,
6,energiø bornholm,6: energiø bornholm,
6,energiø bornholm,6: energiø bornholm,
6,energiø bornholm,6: energiø bornholm,
6,energiø bornholm,6: energiø bornholm,
6,energiø bornholm,6: energiø bornholm,
6,energiø bornholm,6: energiø bornholm,
6,energiø bornholm,6: energiø bornholm,
6,energiø bornholm,6: energiø bornholm,
6,energiø bornholm,6: energiø bornholm,
6,energiø bornholm,6: energiø bornholm,
6,energiø bornholm,6: energiø bornholm,
6,energiø bornholm,6: energiø bornholm,
6,energiø bornholm,6: energiø bornholm,
8,wind turbin,8: wind turbin,
8,wind turbin,8: wind turbin,
8,wind turbin,8: wind turbin,
8,wind turbin,8: wind turbin,
8,wind turbin,8: wind turbin,
8,wind turbin,8: wind turbin,
8,wind turbin,8: wind turbin,
8,wind turbin,8: wind turbin,
8,wind turbin,8: wind turbin,
8,wind turbin,8: wind turbin,
8,wind turbin,8: wind turbin,
8,wind turbin,8: wind turbin,
8,wind turbin,8: wind turbin,
8,wind turbin,8: wind turbin,
8,wind turbin,8: wind turbin,
8,wind turbin,8: wind turbin,
8,wind turbin,8: wind turbin,
8,wind turbin,8: wind turbin,
8,wind turbin,8: wind turbin,
8,wind turbin,8: wind turbin,
8,wind turbin,8: wind turbin,
8,wind turbin,8: wind turbin,
8,wind turbin,8: wind turbin,
8,wind turbin,8: wind turbin,
8,wind turbin,8: wind turbin,
8,wind turbin,8: wind turbin,
8,wind turbin,8: wind turbin,
8,wind turbin,8: wind turbin,
8,wind turbin,8: wind turbin,
8,wind turbin,8: wind turbin,
8,wind turbin,8: wind turbin,
8,wind turbin,8: wind turbin,
8,wind turbin,8: wind turbin,
8,wind turbin,8: wind turbin,
8,wind turbin,8: wind turbin,
8,wind turbin,8: wind turbin,
8,wind turbin,8: wind turbin,
8,wind turbin,8: wind turbin,
8,wind turbin,8: wind turbin,
8,wind turbin,8: wind turbin,
8,wind turbin,8: wind turbin,
8,wind turbin,8: wind turbin,
8,wind turbin,8: wind turbin,
8,wind turbin,8: wind turbin,
8,wind turbin,8: wind turbin,
8,wind turbin,8: wind turbin,
8,wind turbin,8: wind turbin,
8,wind turbin,8: wind turbin,
8,wind turbin,8: wind turbin,
8,wind turbin,8: wind turbin,
8,wind turbin,8: wind turbin,
8,wind turbin,8: wind turbin,
8,wind turbin,8: wind turbin,
8,wind turbin,8: wind turbin,
8,wind turbin,8: wind turbin,
8,wind turbin,8: wind turbin,
8,wind turbin,8: wind turbin,
8,wind turbin,8: wind turbin,
8,wind turbin,8: wind turbin,
8,wind turbin,8: wind turbin,
8,wind turbin,8: wind turbin,
8,wind turbin,8: wind turbin,
8,wind turbin,8: wind turbin,
8,wind turbin,8: wind turbin,
8,wind turbin,8: wind turbin,
8,wind turbin,8: wind turbin,
8,wind turbin,8: wind turbin,
8,wind turbin,8: wind turbin,
8,wind turbin,8: wind turbin,
8,wind turbin,8: wind turbin,
8,wind turbin,8: wind turbin,
8,wind turbin,8: wind turbin,
8,wind turbin,8: wind turbin,
8,wind turbin,8: wind turbin,
8,wind turbin,8: wind turbin,
8,wind turbin,8: wind turbin,
8,wind turbin,8: wind turbin,
8,wind turbin,8: wind turbin,
8,wind turbin,8: wind turbin,
8,wind turbin,8: wind turbin,
8,wind turbin,8: wind turbin,
8,wind turbin,8: wind turbin,
8,wind turbin,8: wind turbin,
8,wind turbin,8: wind turbin,
8,wind turbin,8: wind turbin,
8,wind turbin,8: wind turbin,
8,wind turbin,8: wind turbin,
8,wind turbin,8: wind turbin,
8,wind turbin,8: wind turbin,
8,wind turbin,8: wind turbin,
8,wind turbin,8: wind turbin,
8,wind turbin,8: wind turbin,
8,wind turbin,8: wind turbin,
8,wind turbin,8: wind turbin,
8,wind turbin,8: wind turbin,
8,wind turbin,8: wind turbin,
8,wind turbin,8: wind turbin,
8,wind turbin,8: wind turbin,
8,wind turbin,8: wind turbin,
8,wind turbin,8: wind turbin,
8,wind turbin,8: wind turbin,
8,wind turbin,8: wind turbin,
8,wind turbin,8: wind turbin,
8,wind turbin,8: wind turbin,
8,wind turbin,8: wind turbin,
8,wind turbin,8: wind turbin,
8,wind turbin,8: wind turbin,
8,wind turbin,8: wind turbin,
8,wind turbin,8: wind turbin,
8,wind turbin,8: wind turbin,
8,wind turbin,8: wind turbin,
8,wind turbin,8: wind turbin,
8,wind turbin,8: wind turbin,
8,wind turbin,8: wind turbin,
8,wind turbin,8: wind turbin,
8,wind turbin,8: wind turbin,
8,wind turbin,8: wind turbin,
8,wind turbin,8: wind turbin,
8,wind turbin,8: wind turbin,
8,wind turbin,8: wind turbin,
8,wind turbin,8: wind turbin,
8,wind turbin,8: wind turbin,
8,wind turbin,8: wind turbin,
8,wind turbin,8: wind turbin,
8,wind turbin,8: wind turbin,
8,wind turbin,8: wind turbin,
8,wind turbin,8: wind turbin,
8,wind turbin,8: wind turbin,
8,wind turbin,8: wind turbin,
8,wind turbin,8: wind turbin,
8,wind turbin,8: wind turbin,
8,wind turbin,8: wind turbin,
8,wind turbin,8: wind turbin,
8,wind turbin,8: wind turbin,
8,wind turbin,8: wind turbin,
8,wind turbin,8: wind turbin,
8,wind turbin,8: wind turbin,
8,wind turbin,8: wind turbin,
8,wind turbin,8: wind turbin,
8,wind turbin,8: wind turbin,
8,wind turbin,8: wind turbin,
8,wind turbin,8: wind turbin,
8,wind turbin,8: wind turbin,
8,wind turbin,8: wind turbin,
8,wind turbin,8: wind turbin,
8,wind turbin,8: wind turbin,
8,wind turbin,8: wind turbin,
8,wind turbin,8: wind turbin,
8,wind turbin,8: wind turbin,
8,wind turbin,8: wind turbin,
8,wind turbin,8: wind turbin,
8,wind turbin,8: wind turbin,
8,wind turbin,8: wind turbin,
8,wind turbin,8: wind turbin,
8,wind turbin,8: wind turbin,
8,wind turbin,8: wind turbin,
8,wind turbin,8: wind turbin,
8,wind turbin,8: wind turbin,
8,wind turbin,8: wind turbin,
8,wind turbin,8: wind turbin,
8,wind turbin,8: wind turbin,
8,wind turbin,8: wind turbin,
8,wind turbin,8: wind turbin,
8,wind turbin,8: wind turbin,
8,wind turbin,8: wind turbin,
8,wind turbin,8: wind turbin,
8,wind turbin,8: wind turbin,
8,wind turbin,8: wind turbin,
8,wind turbin,8: wind turbin,
8,wind turbin,8: wind turbin,
8,wind turbin,8: wind turbin,
8,wind turbin,8: wind turbin,
8,wind turbin,8: wind turbin,
8,wind turbin,8: wind turbin,
8,wind turbin,8: wind turbin,
8,wind turbin,8: wind turbin,
8,wind turbin,8: wind turbin,
8,wind turbin,8: wind turbin,
8,wind turbin,8: wind turbin,
8,wind turbin,8: wind turbin,
8,wind turbin,8: wind turbin,
8,wind turbin,8: wind turbin,
8,wind turbin,8: wind turbin,
8,wind turbin,8: wind turbin,
8,wind turbin,8: wind turbin,
8,wind turbin,8: wind turbin,
8,wind turbin,8: wind turbin,
8,wind turbin,8: wind turbin,
8,wind turbin,8: wind turbin,
8,wind turbin,8: wind turbin,
8,wind turbin,8: wind turbin,
8,wind turbin,8: wind turbin,
8,wind turbin,8: wind turbin,
8,wind turbin,8: wind turbin,
8,wind turbin,8: wind turbin,
8,wind turbin,8: wind turbin,
8,wind turbin,8: wind turbin,
8,wind turbin,8: wind turbin,
8,wind turbin,8: wind turbin,
8,wind turbin,8: wind turbin,
8,wind turbin,8: wind turbin,
8,wind turbin,8: wind turbin,
8,wind turbin,8: wind turbin,
8,wind turbin,8: wind turbin,
8,wind turbin,8: wind turbin,
8,wind turbin,8: wind turbin,
8,wind turbin,8: wind turbin,
8,wind turbin,8: wind turbin,
8,wind turbin,8: wind turbin,
8,wind turbin,8: wind turbin,
8,wind turbin,8: wind turbin,
8,wind turbin,8: wind turbin,
8,wind turbin,8: wind turbin,
8,wind turbin,8: wind turbin,
8,wind turbin,8: wind turbin,
8,wind turbin,8: wind turbin,
8,wind turbin,8: wind turbin,
8,wind turbin,8: wind turbin,
8,wind turbin,8: wind turbin,
8,wind turbin,8: wind turbin,
8,wind turbin,8: wind turbin,
8,wind turbin,8: wind turbin,
8,wind turbin,8: wind turbin,
8,wind turbin,8: wind turbin,
8,wind turbin,8: wind turbin,
8,wind turbin,8: wind turbin,
8,wind turbin,8: wind turbin,
8,wind turbin,8: wind turbin,
8,wind turbin,8: wind turbin,
8,wind turbin,8: wind turbin,
8,wind turbin,8: wind turbin,
8,wind turbin,8: wind turbin,
8,wind turbin,8: wind turbin,
8,wind turbin,8: wind turbin,
8,wind turbin,8: wind turbin,
8,wind turbin,8: wind turbin,
8,wind turbin,8: wind turbin,
8,wind turbin,8: wind turbin,
8,wind turbin,8: wind turbin,
8,wind turbin,8: wind turbin,
8,wind turbin,8: wind turbin,
8,wind turbin,8: wind turbin,
8,wind turbin,8: wind turbin,
8,wind turbin,8: wind turbin,
8,wind turbin,8: wind turbin,
8,wind turbin,8: wind turbin,
8,wind turbin,8: wind turbin,
8,wind turbin,8: wind turbin,
8,wind turbin,8: wind turbin,
8,wind turbin,8: wind turbin,
8,wind turbin,8: wind turbin,
8,wind turbin,8: wind turbin,
8,wind turbin,8: wind turbin,
8,wind turbin,8: wind turbin,
8,wind turbin,8: wind turbin,
8,wind turbin,8: wind turbin,
8,wind turbin,8: wind turbin,
8,wind turbin,8: wind turbin,
8,wind turbin,8: wind turbin,
8,wind turbin,8: wind turbin,
4,baltic sea,4: baltic sea,
4,baltic sea,4: baltic sea,
4,baltic sea,4: baltic sea,
4,baltic sea,4: baltic sea,
4,baltic sea,4: baltic sea,
4,baltic sea,4: baltic sea,
4,baltic sea,4: baltic sea,
4,baltic sea,4: baltic sea,
4,baltic sea,4: baltic sea,
4,baltic sea,4: baltic sea,
4,baltic sea,4: baltic sea,
4,baltic sea,4: baltic sea,
4,baltic sea,4: baltic sea,
4,baltic sea,4: baltic sea,
4,baltic sea,4: baltic sea,
4,baltic sea,4: baltic sea,
4,baltic sea,4: baltic sea,
4,baltic sea,4: baltic sea,
4,baltic sea,4: baltic sea,
4,baltic sea,4: baltic sea,
4,baltic sea,4: baltic sea,
4,baltic sea,4: baltic sea,
4,baltic sea,4: baltic sea,
4,baltic sea,4: baltic sea,
4,baltic sea,4: baltic sea,
4,baltic sea,4: baltic sea,
4,baltic sea,4: baltic sea,
4,baltic sea,4: baltic sea,
4,baltic sea,4: baltic sea,
4,baltic sea,4: baltic sea,
4,baltic sea,4: baltic sea,
4,baltic sea,4: baltic sea,
4,baltic sea,4: baltic sea,
4,baltic sea,4: baltic sea,
4,baltic sea,4: baltic sea,
4,baltic sea,4: baltic sea,
4,baltic sea,4: baltic sea,
4,baltic sea,4: baltic sea,
4,baltic sea,4: baltic sea,
4,baltic sea,4: baltic sea,
4,baltic sea,4: baltic sea,
4,baltic sea,4: baltic sea,
4,baltic sea,4: baltic sea,
4,baltic sea,4: baltic sea,
4,baltic sea,4: baltic sea,
4,baltic sea,4: baltic sea,
4,baltic sea,4: baltic sea,
4,baltic sea,4: baltic sea,
4,baltic sea,4: baltic sea,
4,baltic sea,4: baltic sea,
4,baltic sea,4: baltic sea,
4,baltic sea,4: baltic sea,
4,baltic sea,4: baltic sea,
4,baltic sea,4: baltic sea,
4,baltic sea,4: baltic sea,
4,baltic sea,4: baltic sea,
4,baltic sea,4: baltic sea,
4,baltic sea,4: baltic sea,
4,baltic sea,4: baltic sea,
4,baltic sea,4: baltic sea,
4,baltic sea,4: baltic sea,
4,baltic sea,4: baltic sea,
4,baltic sea,4: baltic sea,
4,baltic sea,4: baltic sea,
4,baltic sea,4: baltic sea,
4,baltic sea,4: baltic sea,
4,baltic sea,4: baltic sea,
4,baltic sea,4: baltic sea,
4,baltic sea,4: baltic sea,
4,baltic sea,4: baltic sea,
4,baltic sea,4: baltic sea,
4,baltic sea,4: baltic sea,
4,baltic sea,4: baltic sea,
4,baltic sea,4: baltic sea,
4,baltic sea,4: baltic sea,
4,baltic sea,4: baltic sea,
4,baltic sea,4: baltic sea,
4,baltic sea,4: baltic sea,
4,baltic sea,4: baltic sea,
4,baltic sea,4: baltic sea,
4,baltic sea,4: baltic sea,
4,baltic sea,4: baltic sea,
4,baltic sea,4: baltic sea,
4,baltic sea,4: baltic sea,
4,baltic sea,4: baltic sea,
4,baltic sea,4: baltic sea,
4,baltic sea,4: baltic sea,
4,baltic sea,4: baltic sea,
4,baltic sea,4: baltic sea,
4,baltic sea,4: baltic sea,
4,baltic sea,4: baltic sea,
4,baltic sea,4: baltic sea,
4,baltic sea,4: baltic sea,
4,baltic sea,4: baltic sea,
4,baltic sea,4: baltic sea,
4,baltic sea,4: baltic sea,
4,baltic sea,4: baltic sea,
4,baltic sea,4: baltic sea,
4,baltic sea,4: baltic sea,
4,baltic sea,4: baltic sea,
4,baltic sea,4: baltic sea,
4,baltic sea,4: baltic sea,
4,baltic sea,4: baltic sea,
4,baltic sea,4: baltic sea,
4,baltic sea,4: baltic sea,
4,baltic sea,4: baltic sea,
4,baltic sea,4: baltic sea,
4,baltic sea,4: baltic sea,
4,baltic sea,4: baltic sea,
4,baltic sea,4: baltic sea,
4,baltic sea,4: baltic sea,
4,baltic sea,4: baltic sea,
4,baltic sea,4: baltic sea,
4,baltic sea,4: baltic sea,
4,baltic sea,4: baltic sea,
4,baltic sea,4: baltic sea,
4,baltic sea,4: baltic sea,
4,baltic sea,4: baltic sea,
4,baltic sea,4: baltic sea,
4,baltic sea,4: baltic sea,
4,baltic sea,4: baltic sea,
4,baltic sea,4: baltic sea,
4,baltic sea,4: baltic sea,
4,baltic sea,4: baltic sea,
4,baltic sea,4: baltic sea,
4,baltic sea,4: baltic sea,
4,baltic sea,4: baltic sea,
4,baltic sea,4: baltic sea,
4,baltic sea,4: baltic sea,
4,baltic sea,4: baltic sea,
4,baltic sea,4: baltic sea,
4,baltic sea,4: baltic sea,
4,baltic sea,4: baltic sea,
4,baltic sea,4: baltic sea,
4,baltic sea,4: baltic sea,
4,baltic sea,4: baltic sea,
4,baltic sea,4: baltic sea,
4,baltic sea,4: baltic sea,
6,energiø bornholm,6: energiø bornholm,
6,energiø bornholm,6: energiø bornholm,
6,energiø bornholm,6: energiø bornholm,
6,energiø bornholm,6: energiø bornholm,
6,energiø bornholm,6: energiø bornholm,
6,energiø bornholm,6: energiø bornholm,
6,energiø bornholm,6: energiø bornholm,
6,energiø bornholm,6: energiø bornholm,
6,energiø bornholm,6: energiø bornholm,
6,energiø bornholm,6: energiø bornholm,
6,energiø bornholm,6: energiø bornholm,
6,energiø bornholm,6: energiø bornholm,
6,energiø bornholm,6: energiø bornholm,
6,energiø bornholm,6: energiø bornholm,
6,energiø bornholm,6: energiø bornholm,
6,energiø bornholm,6: energiø bornholm,
6,energiø bornholm,6: energiø bornholm,
6,energiø bornholm,6: energiø bornholm,
6,energiø bornholm,6: energiø bornholm,
6,energiø bornholm,6: energiø bornholm,
6,energiø bornholm,6: energiø bornholm,
6,energiø bornholm,6: energiø bornholm,
6,energiø bornholm,6: energiø bornholm,
6,energiø bornholm,6: energiø bornholm,
6,energiø bornholm,6: energiø bornholm,
6,energiø bornholm,6: energiø bornholm,
6,energiø bornholm,6: energiø bornholm,
6,energiø bornholm,6: energiø bornholm,
6,energiø bornholm,6: energiø bornholm,
6,energiø bornholm,6: energiø bornholm,
6,energiø bornholm,6: energiø bornholm,
6,energiø bornholm,6: energiø bornholm,
6,energiø bornholm,6: energiø bornholm,
6,energiø bornholm,6: energiø bornholm,
6,energiø bornholm,6: energiø bornholm,
6,energiø bornholm,6: energiø bornholm,
6,energiø bornholm,6: energiø bornholm,
6,energiø bornholm,6: energiø bornholm,
6,energiø bornholm,6: energiø bornholm,
6,energiø bornholm,6: energiø bornholm,
6,energiø bornholm,6: energiø bornholm,
6,energiø bornholm,6: energiø bornholm,
6,energiø bornholm,6: energiø bornholm,
6,energiø bornholm,6: energiø bornholm,
6,energiø bornholm,6: energiø bornholm,
6,energiø bornholm,6: energiø bornholm,
6,energiø bornholm,6: energiø bornholm,
6,energiø bornholm,6: energiø bornholm,
6,energiø bornholm,6: energiø bornholm,
6,energiø bornholm,6: energiø bornholm,
6,energiø bornholm,6: energiø bornholm,
6,energiø bornholm,6: energiø bornholm,
6,energiø bornholm,6: energiø bornholm,
6,energiø bornholm,6: energiø bornholm,
6,energiø bornholm,6: energiø bornholm,
6,energiø bornholm,6: energiø bornholm,
6,energiø bornholm,6: energiø bornholm,
6,energiø bornholm,6: energiø bornholm,
6,energiø bornholm,6: energiø bornholm,
6,energiø bornholm,6: energiø bornholm,
6,energiø bornholm,6: energiø bornholm,
6,energiø bornholm,6: energiø bornholm,
6,energiø bornholm,6: energiø bornholm,
6,energiø bornholm,6: energiø bornholm,
6,energiø bornholm,6: energiø bornholm,
6,energiø bornholm,6: energiø bornholm,
6,energiø bornholm,6: energiø bornholm,
6,energiø bornholm,6: energiø bornholm,
6,energiø bornholm,6: energiø bornholm,
6,energiø bornholm,6: energiø bornholm,
6,energiø bornholm,6: energiø bornholm,
6,energiø bornholm,6: energiø bornholm,
6,energiø bornholm,6: energiø bornholm,
6,energiø bornholm,6: energiø bornholm,
6,energiø bornholm,6: energiø bornholm,
6,energiø bornholm,6: energiø bornholm,
6,energiø bornholm,6: energiø bornholm,
6,energiø bornholm,6: energiø bornholm,
6,energiø bornholm,6: energiø bornholm,
6,energiø bornholm,6: energiø bornholm,
6,energiø bornholm,6: energiø bornholm,
6,energiø bornholm,6: energiø bornholm,
6,energiø bornholm,6: energiø bornholm,
6,energiø bornholm,6: energiø bornholm,
6,energiø bornholm,6: energiø bornholm,
6,energiø bornholm,6: energiø bornholm,
6,energiø bornholm,6: energiø bornholm,
6,energiø bornholm,6: energiø bornholm,
6,energiø bornholm,6: energiø bornholm,
6,energiø bornholm,6: energiø bornholm,
6,energiø bornholm,6: energiø bornholm,
6,energiø bornholm,6: energiø bornholm,
6,energiø bornholm,6: energiø bornholm,
6,energiø bornholm,6: energiø bornholm,
6,energiø bornholm,6: energiø bornholm,
6,energiø bornholm,6: energiø bornholm,
6,energiø bornholm,6: energiø bornholm,
6,energiø bornholm,6: energiø bornholm,
6,energiø bornholm,6: energiø bornholm,
6,energiø bornholm,6: energiø bornholm,
6,energiø bornholm,6: energiø bornholm,
6,energiø bornholm,6: energiø bornholm,
6,energiø bornholm,6: energiø bornholm,
6,energiø bornholm,6: energiø bornholm,
6,energiø bornholm,6: energiø bornholm,
6,energiø bornholm,6: energiø bornholm,
6,energiø bornholm,6: energiø bornholm,
6,energiø bornholm,6: energiø bornholm,
6,energiø bornholm,6: energiø bornholm,
6,energiø bornholm,6: energiø bornholm,
6,energiø bornholm,6: energiø bornholm,
6,energiø bornholm,6: energiø bornholm,
6,energiø bornholm,6: energiø bornholm,
6,energiø bornholm,6: energiø bornholm,
6,energiø bornholm,6: energiø bornholm,
6,energiø bornholm,6: energiø bornholm,
6,energiø bornholm,6: energiø bornholm,
6,energiø bornholm,6: energiø bornholm,
6,energiø bornholm,6: energiø bornholm,
6,energiø bornholm,6: energiø bornholm,
6,energiø bornholm,6: energiø bornholm,
6,energiø bornholm,6: energiø bornholm,
6,energiø bornholm,6: energiø bornholm,
6,energiø bornholm,6: energiø bornholm,
6,energiø bornholm,6: energiø bornholm,
6,energiø bornholm,6: energiø bornholm,
6,energiø bornholm,6: energiø bornholm,
6,energiø bornholm,6: energiø bornholm,
6,energiø bornholm,6: energiø bornholm,
6,energiø bornholm,6: energiø bornholm,
6,energiø bornholm,6: energiø bornholm,
6,energiø bornholm,6: energiø bornholm,
6,energiø bornholm,6: energiø bornholm,
6,energiø bornholm,6: energiø bornholm,
6,energiø bornholm,6: energiø bornholm,
6,energiø bornholm,6: energiø bornholm,
6,energiø bornholm,6: energiø bornholm,
6,energiø bornholm,6: energiø bornholm,
6,energiø bornholm,6: energiø bornholm,
6,energiø bornholm,6: energiø bornholm,
6,energiø bornholm,6: energiø bornholm,
6,energiø bornholm,6: energiø bornholm,
6,energiø bornholm,6: energiø bornholm,
6,energiø bornholm,6: energiø bornholm,
6,energiø bornholm,6: energiø bornholm,
6,energiø bornholm,6: energiø bornholm,
6,energiø bornholm,6: energiø bornholm,
6,energiø bornholm,6: energiø bornholm,
6,energiø bornholm,6: energiø bornholm,
6,energiø bornholm,6: energiø bornholm,
6,energiø bornholm,6: energiø bornholm,
6,energiø bornholm,6: energiø bornholm,
6,energiø bornholm,6: energiø bornholm,
6,energiø bornholm,6: energiø bornholm,
6,energiø bornholm,6: energiø bornholm,
6,energiø bornholm,6: energiø bornholm,
6,energiø bornholm,6: energiø bornholm,
6,energiø bornholm,6: energiø bornholm,
6,energiø bornholm,6: energiø bornholm,
6,energiø bornholm,6: energiø bornholm,
6,energiø bornholm,6: energiø bornholm,
6,energiø bornholm,6: energiø bornholm,
6,energiø bornholm,6: energiø bornholm,
6,energiø bornholm,6: energiø bornholm,
6,energiø bornholm,6: energiø bornholm,
6,energiø bornholm,6: energiø bornholm,
6,energiø bornholm,6: energiø bornholm,
6,energiø bornholm,6: energiø bornholm,
6,energiø bornholm,6: energiø bornholm,
6,energiø bornholm,6: energiø bornholm,
6,energiø bornholm,6: energiø bornholm,
4,baltic sea,4: baltic sea,
4,baltic sea,4: baltic sea,
4,baltic sea,4: baltic sea,
4,baltic sea,4: baltic sea,
4,baltic sea,4: baltic sea,
4,baltic sea,4: baltic sea,
4,baltic sea,4: baltic sea,
4,baltic sea,4: baltic sea,
4,baltic sea,4: baltic sea,
4,baltic sea,4: baltic sea,
4,baltic sea,4: baltic sea,
4,baltic sea,4: baltic sea,
4,baltic sea,4: baltic sea,
4,baltic sea,4: baltic sea,
4,baltic sea,4: baltic sea,
4,baltic sea,4: baltic sea,
4,baltic sea,4: baltic sea,
4,baltic sea,4: baltic sea,
4,baltic sea,4: baltic sea,
4,baltic sea,4: baltic sea,
4,baltic sea,4: baltic sea,
4,baltic sea,4: baltic sea,
4,baltic sea,4: baltic sea,
4,baltic sea,4: baltic sea,
4,baltic sea,4: baltic sea,
4,baltic sea,4: baltic sea,
4,baltic sea,4: baltic sea,
4,baltic sea,4: baltic sea,
4,baltic sea,4: baltic sea,
4,baltic sea,4: baltic sea,
4,baltic sea,4: baltic sea,
4,baltic sea,4: baltic sea,
4,baltic sea,4: baltic sea,
4,baltic sea,4: baltic sea,
4,baltic sea,4: baltic sea,
4,baltic sea,4: baltic sea,
4,baltic sea,4: baltic sea,
4,baltic sea,4: baltic sea,
4,baltic sea,4: baltic sea,
4,baltic sea,4: baltic sea,
4,baltic sea,4: baltic sea,
4,baltic sea,4: baltic sea,
4,baltic sea,4: baltic sea,
4,baltic sea,4: baltic sea,
4,baltic sea,4: baltic sea,
4,baltic sea,4: baltic sea,
4,baltic sea,4: baltic sea,
4,baltic sea,4: baltic sea,
4,baltic sea,4: baltic sea,
4,baltic sea,4: baltic sea,
4,baltic sea,4: baltic sea,
4,baltic sea,4: baltic sea,
4,baltic sea,4: baltic sea,
4,baltic sea,4: baltic sea,
4,baltic sea,4: baltic sea,
4,baltic sea,4: baltic sea,
4,baltic sea,4: baltic sea,
4,baltic sea,4: baltic sea,
4,baltic sea,4: baltic sea,
4,baltic sea,4: baltic sea,
4,baltic sea,4: baltic sea,
4,baltic sea,4: baltic sea,
4,baltic sea,4: baltic sea,
4,baltic sea,4: baltic sea,
4,baltic sea,4: baltic sea,
4,baltic sea,4: baltic sea,
4,baltic sea,4: baltic sea,
4,baltic sea,4: baltic sea,
4,baltic sea,4: baltic sea,
4,baltic sea,4: baltic sea,
4,baltic sea,4: baltic sea,
4,baltic sea,4: baltic sea,
4,baltic sea,4: baltic sea,
4,baltic sea,4: baltic sea,
4,baltic sea,4: baltic sea,
4,baltic sea,4: baltic sea,
4,baltic sea,4: baltic sea,
4,baltic sea,4: baltic sea,
4,baltic sea,4: baltic sea,
4,baltic sea,4: baltic sea,
4,baltic sea,4: baltic sea,
4,baltic sea,4: baltic sea,
4,baltic sea,4: baltic sea,
4,baltic sea,4: baltic sea,
4,baltic sea,4: baltic sea,
4,baltic sea,4: baltic sea,
4,baltic sea,4: baltic sea,
4,baltic sea,4: baltic sea,
4,baltic sea,4: baltic sea,
4,baltic sea,4: baltic sea,
4,baltic sea,4: baltic sea,
4,baltic sea,4: baltic sea,
4,baltic sea,4: baltic sea,
4,baltic sea,4: baltic sea,
4,baltic sea,4: baltic sea,
4,baltic sea,4: baltic sea,
4,baltic sea,4: baltic sea,
4,baltic sea,4: baltic sea,
4,baltic sea,4: baltic sea,
4,baltic sea,4: baltic sea,
4,baltic sea,4: baltic sea,
4,baltic sea,4: baltic sea,
4,baltic sea,4: baltic sea,
4,baltic sea,4: baltic sea,
4,baltic sea,4: baltic sea,
4,baltic sea,4: baltic sea,
4,baltic sea,4: baltic sea,
4,baltic sea,4: baltic sea,
4,baltic sea,4: baltic sea,
4,baltic sea,4: baltic sea,
4,baltic sea,4: baltic sea,
4,baltic sea,4: baltic sea,
4,baltic sea,4: baltic sea,
4,baltic sea,4: baltic sea,
4,baltic sea,4: baltic sea,
4,baltic sea,4: baltic sea,
4,baltic sea,4: baltic sea,
4,baltic sea,4: baltic sea,
4,baltic sea,4: baltic sea,
4,baltic sea,4: baltic sea,
4,baltic sea,4: baltic sea,
4,baltic sea,4: baltic sea,
4,baltic sea,4: baltic sea,
4,baltic sea,4: baltic sea,
4,baltic sea,4: baltic sea,
4,baltic sea,4: baltic sea,
4,baltic sea,4: baltic sea,
4,baltic sea,4: baltic sea,
4,baltic sea,4: baltic sea,
4,baltic sea,4: baltic sea,
4,baltic sea,4: baltic sea,
4,baltic sea,4: baltic sea,
4,baltic sea,4: baltic sea,
4,baltic sea,4: baltic sea,
4,baltic sea,4: baltic sea,
4,baltic sea,4: baltic sea,
4,baltic sea,4: baltic sea,
4,baltic sea,4: baltic sea,
4,baltic sea,4: baltic sea,
4,baltic sea,4: baltic sea,
4,baltic sea,4: baltic sea,
4,baltic sea,4: baltic sea,
4,baltic sea,4: baltic sea,
4,baltic sea,4: baltic sea,
4,baltic sea,4: baltic sea,
4,baltic sea,4: baltic sea,
4,baltic sea,4: baltic sea,
4,baltic sea,4: baltic sea,
4,baltic sea,4: baltic sea,
4,baltic sea,4: baltic sea,
4,baltic sea,4: baltic sea,
4,baltic sea,4: baltic sea,
4,baltic sea,4: baltic sea,
4,baltic sea,4: baltic sea,
4,baltic sea,4: baltic sea,
4,baltic sea,4: baltic sea,
4,baltic sea,4: baltic sea,
4,baltic sea,4: baltic sea,
4,baltic sea,4: baltic sea,
4,baltic sea,4: baltic sea,
4,baltic sea,4: baltic sea,
4,baltic sea,4: baltic sea,
4,baltic sea,4: baltic sea,
4,baltic sea,4: baltic sea,
4,baltic sea,4: baltic sea,
4,baltic sea,4: baltic sea,
4,baltic sea,4: baltic sea,
4,baltic sea,4: baltic sea,
4,baltic sea,4: baltic sea,
4,baltic sea,4: baltic sea,
4,baltic sea,4: baltic sea,
4,baltic sea,4: baltic sea,
4,baltic sea,4: baltic sea,
4,baltic sea,4: baltic sea,
4,baltic sea,4: baltic sea,
4,baltic sea,4: baltic sea,
4,baltic sea,4: baltic sea,
4,baltic sea,4: baltic sea,
4,baltic sea,4: baltic sea,
4,baltic sea,4: baltic sea,
4,baltic sea,4: baltic sea,
4,baltic sea,4: baltic sea,
4,baltic sea,4: baltic sea,
4,baltic sea,4: baltic sea,
4,baltic sea,4: baltic sea,
4,baltic sea,4: baltic sea,
4,baltic sea,4: baltic sea,
4,baltic sea,4: baltic sea,
4,baltic sea,4: baltic sea,
4,baltic sea,4: baltic sea,
4,baltic sea,4: baltic sea,
4,baltic sea,4: baltic sea,
4,baltic sea,4: baltic sea,
4,baltic sea,4: baltic sea,
4,baltic sea,4: baltic sea,
4,baltic sea,4: baltic sea,
4,baltic sea,4: baltic sea,
4,baltic sea,4: baltic sea,
4,baltic sea,4: baltic sea,
4,baltic sea,4: baltic sea,
4,baltic sea,4: baltic sea,
4,baltic sea,4: baltic sea,
4,baltic sea,4: baltic sea,
4,baltic sea,4: baltic sea,
4,baltic sea,4: baltic sea,
4,baltic sea,4: baltic sea,
4,baltic sea,4: baltic sea,
4,baltic sea,4: baltic sea,
4,baltic sea,4: baltic sea,
4,baltic sea,4: baltic sea,
4,baltic sea,4: baltic sea,
4,baltic sea,4: baltic sea,
4,baltic sea,4: baltic sea,
4,baltic sea,4: baltic sea,
4,baltic sea,4: baltic sea,
4,baltic sea,4: baltic sea,
4,baltic sea,4: baltic sea,
4,baltic sea,4: baltic sea,
4,baltic sea,4: baltic sea,
4,baltic sea,4: baltic sea,
4,baltic sea,4: baltic sea,
4,baltic sea,4: baltic sea,
4,baltic sea,4: baltic sea,
4,baltic sea,4: baltic sea,
4,baltic sea,4: baltic sea,
4,baltic sea,4: baltic sea,
4,baltic sea,4: baltic sea,
4,baltic sea,4: baltic sea,
4,baltic sea,4: baltic sea,
4,baltic sea,4: baltic sea,
4,baltic sea,4: baltic sea,
4,baltic sea,4: baltic sea,
4,baltic sea,4: baltic sea,
4,baltic sea,4: baltic sea,
4,baltic sea,4: baltic sea,
4,baltic sea,4: baltic sea,
4,baltic sea,4: baltic sea,
4,baltic sea,4: baltic sea,
4,baltic sea,4: baltic sea,
4,baltic sea,4: baltic sea,
4,baltic sea,4: baltic sea,
4,baltic sea,4: baltic sea,
4,baltic sea,4: baltic sea,
4,baltic sea,4: baltic sea,
4,baltic sea,4: baltic sea,
4,baltic sea,4: baltic sea,
4,baltic sea,4: baltic sea,
4,baltic sea,4: baltic sea,
4,baltic sea,4: baltic sea,
4,baltic sea,4: baltic sea,
4,baltic sea,4: baltic sea,
4,baltic sea,4: baltic sea,
4,baltic sea,4: baltic sea,
4,baltic sea,4: baltic sea,
4,baltic sea,4: baltic sea,
4,baltic sea,4: baltic sea,
4,baltic sea,4: baltic sea,
4,baltic sea,4: baltic sea,
4,baltic sea,4: baltic sea,
4,baltic sea,4: baltic sea,
4,baltic sea,4: baltic sea,
4,baltic sea,4: baltic sea,
4,baltic sea,4: baltic sea,
4,baltic sea,4: baltic sea,
4,baltic sea,4: baltic sea,
4,baltic sea,4: baltic sea,
4,baltic sea,4: baltic sea,
4,baltic sea,4: baltic sea,
4,baltic sea,4: baltic sea,
4,baltic sea,4: baltic sea,
4,baltic sea,4: baltic sea,
4,baltic sea,4: baltic sea,
4,baltic sea,4: baltic sea,
4,baltic sea,4: baltic sea,
4,baltic sea,4: baltic sea,
4,baltic sea,4: baltic sea,
4,baltic sea,4: baltic sea,
4,baltic sea,4: baltic sea,
4,baltic sea,4: baltic sea,
4,baltic sea,4: baltic sea,
4,baltic sea,4: baltic sea,
4,baltic sea,4: baltic sea,
4,baltic sea,4: baltic sea,
4,baltic sea,4: baltic sea,
4,baltic sea,4: baltic sea,
4,baltic sea,4: baltic sea,
4,baltic sea,4: baltic sea,
4,baltic sea,4: baltic sea,
4,baltic sea,4: baltic sea,
4,baltic sea,4: baltic sea,
4,baltic sea,4: baltic sea,
4,baltic sea,4: baltic sea,
4,baltic sea,4: baltic sea,
4,baltic sea,4: baltic sea,
4,baltic sea,4: baltic sea,
4,baltic sea,4: baltic sea,
4,baltic sea,4: baltic sea,
4,baltic sea,4: baltic sea,
4,baltic sea,4: baltic sea,
4,baltic sea,4: baltic sea,
4,baltic sea,4: baltic sea,
4,baltic sea,4: baltic sea,
4,baltic sea,4: baltic sea,
4,baltic sea,4: baltic sea,
4,baltic sea,4: baltic sea,
4,baltic sea,4: baltic sea,
4,baltic sea,4: baltic sea,
4,baltic sea,4: baltic sea,
4,baltic sea,4: baltic sea,
4,baltic sea,4: baltic sea,
4,baltic sea,4: baltic sea,
4,baltic sea,4: baltic sea,
4,baltic sea,4: baltic sea,
4,baltic sea,4: baltic sea,
4,baltic sea,4: baltic sea,
4,baltic sea,4: baltic sea,
4,baltic sea,4: baltic sea,
4,baltic sea,4: baltic sea,
4,baltic sea,4: baltic sea,
4,baltic sea,4: baltic sea,
4,baltic sea,4: baltic sea,
4,baltic sea,4: baltic sea,
4,baltic sea,4: baltic sea,
4,baltic sea,4: baltic sea,
4,baltic sea,4: baltic sea,
4,baltic sea,4: baltic sea,
4,baltic sea,4: baltic sea,
4,baltic sea,4: baltic sea,
4,baltic sea,4: baltic sea,
4,baltic sea,4: baltic sea,
4,baltic sea,4: baltic sea,
4,baltic sea,4: baltic sea,
4,baltic sea,4: baltic sea,
4,baltic sea,4: baltic sea,
4,baltic sea,4: baltic sea,
4,baltic sea,4: baltic sea,
4,baltic sea,4: baltic sea,
4,baltic sea,4: baltic sea,
4,baltic sea,4: baltic sea,
4,baltic sea,4: baltic sea,
4,baltic sea,4: baltic sea,
4,baltic sea,4: baltic sea,
4,baltic sea,4: baltic sea,
4,baltic sea,4: baltic sea,
4,baltic sea,4: baltic sea,
4,baltic sea,4: baltic sea,
4,baltic sea,4: baltic sea,
4,baltic sea,4: baltic sea,
4,baltic sea,4: baltic sea,
4,baltic sea,4: baltic sea,
4,baltic sea,4: baltic sea,
4,baltic sea,4: baltic sea,
4,baltic sea,4: baltic sea,
4,baltic sea,4: baltic sea,
4,baltic sea,4: baltic sea,
4,baltic sea,4: baltic sea,
4,baltic sea,4: baltic sea,
4,baltic sea,4: baltic sea,
4,baltic sea,4: baltic sea,
4,baltic sea,4: baltic sea,
4,baltic sea,4: baltic sea,
4,baltic sea,4: baltic sea,
4,baltic sea,4: baltic sea,
4,baltic sea,4: baltic sea,
4,baltic sea,4: baltic sea,
4,baltic sea,4: baltic sea,
4,baltic sea,4: baltic sea,
4,baltic sea,4: baltic sea,
4,baltic sea,4: baltic sea,
4,baltic sea,4: baltic sea,
4,baltic sea,4: baltic sea,
4,baltic sea,4: baltic sea,
4,baltic sea,4: baltic sea,
4,baltic sea,4: baltic sea,
4,baltic sea,4: baltic sea,
4,baltic sea,4: baltic sea,
4,baltic sea,4: baltic sea,
4,baltic sea,4: baltic sea,
4,baltic sea,4: baltic sea,
4,baltic sea,4: baltic sea,
4,baltic sea,4: baltic sea,
4,baltic sea,4: baltic sea,
4,baltic sea,4: baltic sea,
4,baltic sea,4: baltic sea,
4,baltic sea,4: baltic sea,
4,baltic sea,4: baltic sea,
4,baltic sea,4: baltic sea,
4,baltic sea,4: baltic sea,
4,baltic sea,4: baltic sea,
4,baltic sea,4: baltic sea,
4,baltic sea,4: baltic sea,
4,baltic sea,4: baltic sea,
4,baltic sea,4: baltic sea,
4,baltic sea,4: baltic sea,
4,baltic sea,4: baltic sea,
4,baltic sea,4: baltic sea,
4,baltic sea,4: baltic sea,
4,baltic sea,4: baltic sea,
4,baltic sea,4: baltic sea,
4,baltic sea,4: baltic sea,
4,baltic sea,4: baltic sea,
4,baltic sea,4: baltic sea,
4,baltic sea,4: baltic sea,
4,baltic sea,4: baltic sea,
4,baltic sea,4: baltic sea,
4,baltic sea,4: baltic sea,
4,baltic sea,4: baltic sea,
4,baltic sea,4: baltic sea,
4,baltic sea,4: baltic sea,
4,baltic sea,4: baltic sea,
4,baltic sea,4: baltic sea,
4,baltic sea,4: baltic sea,
4,baltic sea,4: baltic sea,
4,baltic sea,4: baltic sea,
2,municip council,2: municip council,
2,municip council,2: municip council,
2,municip council,2: municip council,
2,municip council,2: municip council,
2,municip council,2: municip council,
2,municip council,2: municip council,
2,municip council,2: municip council,
2,municip council,2: municip council,
2,municip council,2: municip council,
2,municip council,2: municip council,
2,municip council,2: municip council,
2,municip council,2: municip council,
2,municip council,2: municip council,
2,municip council,2: municip council,
2,municip council,2: municip council,
2,municip council,2: municip council,
2,municip council,2: municip council,
2,municip council,2: municip council,
2,municip council,2: municip council,
2,municip council,2: municip council,
2,municip council,2: municip council,
2,municip council,2: municip council,
2,municip council,2: municip council,
2,municip council,2: municip council,
2,municip council,2: municip council,
2,municip council,2: municip council,
2,municip council,2: municip council,
2,municip council,2: municip council,
2,municip council,2: municip council,
2,municip council,2: municip council,
2,municip council,2: municip council,
2,municip council,2: municip council,
2,municip council,2: municip council,
2,municip council,2: municip council,
2,municip council,2: municip council,
2,municip council,2: municip council,
2,municip council,2: municip council,
2,municip council,2: municip council,
2,municip council,2: municip council,
2,municip council,2: municip council,
2,municip council,2: municip council,
2,municip council,2: municip council,
2,municip council,2: municip council,
2,municip council,2: municip council,
2,municip council,2: municip council,
2,municip council,2: municip council,
2,municip council,2: municip council,
2,municip council,2: municip council,
2,municip council,2: municip council,
2,municip council,2: municip council,
2,municip council,2: municip council,
2,municip council,2: municip council,
2,municip council,2: municip council,
2,municip council,2: municip council,
2,municip council,2: municip council,
2,municip council,2: municip council,
2,municip council,2: municip council,
2,municip council,2: municip council,
2,municip council,2: municip council,
2,municip council,2: municip council,
2,municip council,2: municip council,
2,municip council,2: municip council,
2,municip council,2: municip council,
2,municip council,2: municip council,
2,municip council,2: municip council,
2,municip council,2: municip council,
2,municip council,2: municip council,
2,municip council,2: municip council,
2,municip council,2: municip council,
2,municip council,2: municip council,
2,municip council,2: municip council,
2,municip council,2: municip council,
2,municip council,2: municip council,
2,municip council,2: municip council,
2,municip council,2: municip council,
2,municip council,2: municip council,
2,municip council,2: municip council,
2,municip council,2: municip council,
2,municip council,2: municip council,
2,municip council,2: municip council,
2,municip council,2: municip council,
2,municip council,2: municip council,
2,municip council,2: municip council,
2,municip council,2: municip council,
2,municip council,2: municip council,
2,municip council,2: municip council,
2,municip council,2: municip council,
2,municip council,2: municip council,
2,municip council,2: municip council,
2,municip council,2: municip council,
2,municip council,2: municip council,
2,municip council,2: municip council,
2,municip council,2: municip council,
2,municip council,2: municip council,
2,municip council,2: municip council,
2,municip council,2: municip council,
2,municip council,2: municip council,
2,municip council,2: municip council,
2,municip council,2: municip council,
2,municip council,2: municip council,
2,municip council,2: municip council,
2,municip council,2: municip council,
2,municip council,2: municip council,
2,municip council,2: municip council,
2,municip council,2: municip council,
2,municip council,2: municip council,
2,municip council,2: municip council,
2,municip council,2: municip council,
2,municip council,2: municip council,
2,municip council,2: municip council,
2,municip council,2: municip council,
2,municip council,2: municip council,
2,municip council,2: municip council,
2,municip council,2: municip council,
2,municip council,2: municip council,
2,municip council,2: municip council,
2,municip council,2: municip council,
2,municip council,2: municip council,
2,municip council,2: municip council,
2,municip council,2: municip council,
2,municip council,2: municip council,
2,municip council,2: municip council,
2,municip council,2: municip council,
2,municip council,2: municip council,
2,municip council,2: municip council,
2,municip council,2: municip council,
2,municip council,2: municip council,
2,municip council,2: municip council,
2,municip council,2: municip council,
2,municip council,2: municip council,
2,municip council,2: municip council,
2,municip council,2: municip council,
2,municip council,2: municip council,
2,municip council,2: municip council,
2,municip council,2: municip council,
2,municip council,2: municip council,
2,municip council,2: municip council,
2,municip council,2: municip council,
2,municip council,2: municip council,
2,municip council,2: municip council,
2,municip council,2: municip council,
2,municip council,2: municip council,
2,municip council,2: municip council,
2,municip council,2: municip council,
2,municip council,2: municip council,
2,municip council,2: municip council,
2,municip council,2: municip council,
2,municip council,2: municip council,
2,municip council,2: municip council,
2,municip council,2: municip council,
2,municip council,2: municip council,
2,municip council,2: municip council,
2,municip council,2: municip council,
2,municip council,2: municip council,
2,municip council,2: municip council,
2,municip council,2: municip council,
4,baltic sea,4: baltic sea,
4,baltic sea,4: baltic sea,
4,baltic sea,4: baltic sea,
4,baltic sea,4: baltic sea,
4,baltic sea,4: baltic sea,
4,baltic sea,4: baltic sea,
4,baltic sea,4: baltic sea,
4,baltic sea,4: baltic sea,
4,baltic sea,4: baltic sea,
4,baltic sea,4: baltic sea,
4,baltic sea,4: baltic sea,
4,baltic sea,4: baltic sea,
4,baltic sea,4: baltic sea,
4,baltic sea,4: baltic sea,
4,baltic sea,4: baltic sea,
4,baltic sea,4: baltic sea,
4,baltic sea,4: baltic sea,
4,baltic sea,4: baltic sea,
4,baltic sea,4: baltic sea,
4,baltic sea,4: baltic sea,
4,baltic sea,4: baltic sea,
4,baltic sea,4: baltic sea,
4,baltic sea,4: baltic sea,
4,baltic sea,4: baltic sea,
4,baltic sea,4: baltic sea,
4,baltic sea,4: baltic sea,
4,baltic sea,4: baltic sea,
4,baltic sea,4: baltic sea,
4,baltic sea,4: baltic sea,
4,baltic sea,4: baltic sea,
4,baltic sea,4: baltic sea,
4,baltic sea,4: baltic sea,
4,baltic sea,4: baltic sea,
4,baltic sea,4: baltic sea,
4,baltic sea,4: baltic sea,
4,baltic sea,4: baltic sea,
4,baltic sea,4: baltic sea,
4,baltic sea,4: baltic sea,
4,baltic sea,4: baltic sea,
4,baltic sea,4: baltic sea,
4,baltic sea,4: baltic sea,
4,baltic sea,4: baltic sea,
4,baltic sea,4: baltic sea,
4,baltic sea,4: baltic sea,
4,baltic sea,4: baltic sea,
4,baltic sea,4: baltic sea,
4,baltic sea,4: baltic sea,
4,baltic sea,4: baltic sea,
4,baltic sea,4: baltic sea,
4,baltic sea,4: baltic sea,
4,baltic sea,4: baltic sea,
4,baltic sea,4: baltic sea,
4,baltic sea,4: baltic sea,
4,baltic sea,4: baltic sea,
4,baltic sea,4: baltic sea,
4,baltic sea,4: baltic sea,
4,baltic sea,4: baltic sea,
4,baltic sea,4: baltic sea,
4,baltic sea,4: baltic sea,
4,baltic sea,4: baltic sea,
4,baltic sea,4: baltic sea,
4,baltic sea,4: baltic sea,
4,baltic sea,4: baltic sea,
4,baltic sea,4: baltic sea,
4,baltic sea,4: baltic sea,
4,baltic sea,4: baltic sea,
4,baltic sea,4: baltic sea,
4,baltic sea,4: baltic sea,
4,baltic sea,4: baltic sea,
4,baltic sea,4: baltic sea,
4,baltic sea,4: baltic sea,
4,baltic sea,4: baltic sea,
4,baltic sea,4: baltic sea,
4,baltic sea,4: baltic sea,
4,baltic sea,4: baltic sea,
4,baltic sea,4: baltic sea,
4,baltic sea,4: baltic sea,
4,baltic sea,4: baltic sea,
4,baltic sea,4: baltic sea,
4,baltic sea,4: baltic sea,
4,baltic sea,4: baltic sea,
4,baltic sea,4: baltic sea,
4,baltic sea,4: baltic sea,
4,baltic sea,4: baltic sea,
4,baltic sea,4: baltic sea,
4,baltic sea,4: baltic sea,
4,baltic sea,4: baltic sea,
4,baltic sea,4: baltic sea,
4,baltic sea,4: baltic sea,
4,baltic sea,4: baltic sea,
4,baltic sea,4: baltic sea,
4,baltic sea,4: baltic sea,
4,baltic sea,4: baltic sea,
4,baltic sea,4: baltic sea,
4,baltic sea,4: baltic sea,
4,baltic sea,4: baltic sea,
4,baltic sea,4: baltic sea,
4,baltic sea,4: baltic sea,
4,baltic sea,4: baltic sea,
4,baltic sea,4: baltic sea,
4,baltic sea,4: baltic sea,
4,baltic sea,4: baltic sea,
4,baltic sea,4: baltic sea,
4,baltic sea,4: baltic sea,
4,baltic sea,4: baltic sea,
4,baltic sea,4: baltic sea,
4,baltic sea,4: baltic sea,
4,baltic sea,4: baltic sea,
4,baltic sea,4: baltic sea,
4,baltic sea,4: baltic sea,
4,baltic sea,4: baltic sea,
4,baltic sea,4: baltic sea,
4,baltic sea,4: baltic sea,
4,baltic sea,4: baltic sea,
4,baltic sea,4: baltic sea,
4,baltic sea,4: baltic sea,
4,baltic sea,4: baltic sea,
4,baltic sea,4: baltic sea,
4,baltic sea,4: baltic sea,
4,baltic sea,4: baltic sea,
4,baltic sea,4: baltic sea,
4,baltic sea,4: baltic sea,
4,baltic sea,4: baltic sea,
4,baltic sea,4: baltic sea,
4,baltic sea,4: baltic sea,
4,baltic sea,4: baltic sea,
4,baltic sea,4: baltic sea,
4,baltic sea,4: baltic sea,
4,baltic sea,4: baltic sea,
4,baltic sea,4: baltic sea,
4,baltic sea,4: baltic sea,
4,baltic sea,4: baltic sea,
4,baltic sea,4: baltic sea,
4,baltic sea,4: baltic sea,
4,baltic sea,4: baltic sea,
4,baltic sea,4: baltic sea,
4,baltic sea,4: baltic sea,
4,baltic sea,4: baltic sea,
6,energiø bornholm,6: energiø bornholm,
6,energiø bornholm,6: energiø bornholm,
6,energiø bornholm,6: energiø bornholm,
6,energiø bornholm,6: energiø bornholm,
6,energiø bornholm,6: energiø bornholm,
6,energiø bornholm,6: energiø bornholm,
6,energiø bornholm,6: energiø bornholm,
6,energiø bornholm,6: energiø bornholm,
6,energiø bornholm,6: energiø bornholm,
6,energiø bornholm,6: energiø bornholm,
6,energiø bornholm,6: energiø bornholm,
6,energiø bornholm,6: energiø bornholm,
6,energiø bornholm,6: energiø bornholm,
6,energiø bornholm,6: energiø bornholm,
6,energiø bornholm,6: energiø bornholm,
6,energiø bornholm,6: energiø bornholm,
6,energiø bornholm,6: energiø bornholm,
6,energiø bornholm,6: energiø bornholm,
6,energiø bornholm,6: energiø bornholm,
6,energiø bornholm,6: energiø bornholm,
6,energiø bornholm,6: energiø bornholm,
6,energiø bornholm,6: energiø bornholm,
6,energiø bornholm,6: energiø bornholm,
6,energiø bornholm,6: energiø bornholm,
6,energiø bornholm,6: energiø bornholm,
6,energiø bornholm,6: energiø bornholm,
6,energiø bornholm,6: energiø bornholm,
6,energiø bornholm,6: energiø bornholm,
6,energiø bornholm,6: energiø bornholm,
6,energiø bornholm,6: energiø bornholm,
6,energiø bornholm,6: energiø bornholm,
6,energiø bornholm,6: energiø bornholm,
6,energiø bornholm,6: energiø bornholm,
6,energiø bornholm,6: energiø bornholm,
6,energiø bornholm,6: energiø bornholm,
6,energiø bornholm,6: energiø bornholm,
6,energiø bornholm,6: energiø bornholm,
6,energiø bornholm,6: energiø bornholm,
6,energiø bornholm,6: energiø bornholm,
6,energiø bornholm,6: energiø bornholm,
6,energiø bornholm,6: energiø bornholm,
6,energiø bornholm,6: energiø bornholm,
6,energiø bornholm,6: energiø bornholm,
6,energiø bornholm,6: energiø bornholm,
6,energiø bornholm,6: energiø bornholm,
6,energiø bornholm,6: energiø bornholm,
6,energiø bornholm,6: energiø bornholm,
6,energiø bornholm,6: energiø bornholm,
6,energiø bornholm,6: energiø bornholm,
6,energiø bornholm,6: energiø bornholm,
6,energiø bornholm,6: energiø bornholm,
6,energiø bornholm,6: energiø bornholm,
6,energiø bornholm,6: energiø bornholm,
6,energiø bornholm,6: energiø bornholm,
6,energiø bornholm,6: energiø bornholm,
6,energiø bornholm,6: energiø bornholm,
6,energiø bornholm,6: energiø bornholm,
6,energiø bornholm,6: energiø bornholm,
6,energiø bornholm,6: energiø bornholm,
6,energiø bornholm,6: energiø bornholm,
6,energiø bornholm,6: energiø bornholm,
6,energiø bornholm,6: energiø bornholm,
6,energiø bornholm,6: energiø bornholm,
6,energiø bornholm,6: energiø bornholm,
6,energiø bornholm,6: energiø bornholm,
6,energiø bornholm,6: energiø bornholm,
6,energiø bornholm,6: energiø bornholm,
6,energiø bornholm,6: energiø bornholm,
6,energiø bornholm,6: energiø bornholm,
6,energiø bornholm,6: energiø bornholm,
6,energiø bornholm,6: energiø bornholm,
6,energiø bornholm,6: energiø bornholm,
6,energiø bornholm,6: energiø bornholm,
6,energiø bornholm,6: energiø bornholm,
6,energiø bornholm,6: energiø bornholm,
6,energiø bornholm,6: energiø bornholm,
6,energiø bornholm,6: energiø bornholm,
6,energiø bornholm,6: energiø bornholm,
6,energiø bornholm,6: energiø bornholm,
6,energiø bornholm,6: energiø bornholm,
6,energiø bornholm,6: energiø bornholm,
6,energiø bornholm,6: energiø bornholm,
6,energiø bornholm,6: energiø bornholm,
6,energiø bornholm,6: energiø bornholm,
6,energiø bornholm,6: energiø bornholm,
6,energiø bornholm,6: energiø bornholm,
6,energiø bornholm,6: energiø bornholm,
6,energiø bornholm,6: energiø bornholm,
6,energiø bornholm,6: energiø bornholm,
6,energiø bornholm,6: energiø bornholm,
6,energiø bornholm,6: energiø bornholm,
6,energiø bornholm,6: energiø bornholm,
6,energiø bornholm,6: energiø bornholm,
6,energiø bornholm,6: energiø bornholm,
6,energiø bornholm,6: energiø bornholm,
6,energiø bornholm,6: energiø bornholm,
6,energiø bornholm,6: energiø bornholm,
6,energiø bornholm,6: energiø bornholm,
6,energiø bornholm,6: energiø bornholm,
6,energiø bornholm,6: energiø bornholm,
6,energiø bornholm,6: energiø bornholm,
6,energiø bornholm,6: energiø bornholm,
6,energiø bornholm,6: energiø bornholm,
6,energiø bornholm,6: energiø bornholm,
6,energiø bornholm,6: energiø bornholm,
6,energiø bornholm,6: energiø bornholm,
6,energiø bornholm,6: energiø bornholm,
6,energiø bornholm,6: energiø bornholm,
6,energiø bornholm,6: energiø bornholm,
6,energiø bornholm,6: energiø bornholm,
6,energiø bornholm,6: energiø bornholm,
6,energiø bornholm,6: energiø bornholm,
6,energiø bornholm,6: energiø bornholm,
6,energiø bornholm,6: energiø bornholm,
6,energiø bornholm,6: energiø bornholm,
6,energiø bornholm,6: energiø bornholm,
6,energiø bornholm,6: energiø bornholm,
6,energiø bornholm,6: energiø bornholm,
6,energiø bornholm,6: energiø bornholm,
6,energiø bornholm,6: energiø bornholm,
6,energiø bornholm,6: energiø bornholm,
6,energiø bornholm,6: energiø bornholm,
6,energiø bornholm,6: energiø bornholm,
6,energiø bornholm,6: energiø bornholm,
6,energiø bornholm,6: energiø bornholm,
6,energiø bornholm,6: energiø bornholm,
6,energiø bornholm,6: energiø bornholm,
6,energiø bornholm,6: energiø bornholm,
6,energiø bornholm,6: energiø bornholm,
6,energiø bornholm,6: energiø bornholm,
6,energiø bornholm,6: energiø bornholm,
6,energiø bornholm,6: energiø bornholm,
6,energiø bornholm,6: energiø bornholm,
6,energiø bornholm,6: energiø bornholm,
6,energiø bornholm,6: energiø bornholm,
6,energiø bornholm,6: energiø bornholm,
6,energiø bornholm,6: energiø bornholm,
6,energiø bornholm,6: energiø bornholm,
6,energiø bornholm,6: energiø bornholm,
6,energiø bornholm,6: energiø bornholm,
6,energiø bornholm,6: energiø bornholm,
6,energiø bornholm,6: energiø bornholm,
6,energiø bornholm,6: energiø bornholm,
6,energiø bornholm,6: energiø bornholm,
6,energiø bornholm,6: energiø bornholm,
6,energiø bornholm,6: energiø bornholm,
6,energiø bornholm,6: energiø bornholm,
6,energiø bornholm,6: energiø bornholm,
6,energiø bornholm,6: energiø bornholm,
6,energiø bornholm,6: energiø bornholm,
6,energiø bornholm,6: energiø bornholm,
6,energiø bornholm,6: energiø bornholm,
6,energiø bornholm,6: energiø bornholm,
6,energiø bornholm,6: energiø bornholm,
6,energiø bornholm,6: energiø bornholm,
6,energiø bornholm,6: energiø bornholm,
6,energiø bornholm,6: energiø bornholm,
6,energiø bornholm,6: energiø bornholm,
6,energiø bornholm,6: energiø bornholm,
6,energiø bornholm,6: energiø bornholm,
6,energiø bornholm,6: energiø bornholm,
6,energiø bornholm,6: energiø bornholm,
6,energiø bornholm,6: energiø bornholm,
6,energiø bornholm,6: energiø bornholm,
6,energiø bornholm,6: energiø bornholm,
6,energiø bornholm,6: energiø bornholm,
6,energiø bornholm,6: energiø bornholm,
6,energiø bornholm,6: energiø bornholm,
6,energiø bornholm,6: energiø bornholm,
6,energiø bornholm,6: energiø bornholm,
6,energiø bornholm,6: energiø bornholm,
2,municip council,2: municip council,
2,municip council,2: municip council,
2,municip council,2: municip council,
2,municip council,2: municip council,
2,municip council,2: municip council,
2,municip council,2: municip council,
2,municip council,2: municip council,
2,municip council,2: municip council,
2,municip council,2: municip council,
2,municip council,2: municip council,
2,municip council,2: municip council,
2,municip council,2: municip council,
2,municip council,2: municip council,
2,municip council,2: municip council,
2,municip council,2: municip council,
2,municip council,2: municip council,
2,municip council,2: municip council,
2,municip council,2: municip council,
2,municip council,2: municip council,
2,municip council,2: municip council,
2,municip council,2: municip council,
2,municip council,2: municip council,
2,municip council,2: municip council,
2,municip council,2: municip council,
2,municip council,2: municip council,
2,municip council,2: municip council,
2,municip council,2: municip council,
2,municip council,2: municip council,
2,municip council,2: municip council,
2,municip council,2: municip council,
2,municip council,2: municip council,
2,municip council,2: municip council,
2,municip council,2: municip council,
2,municip council,2: municip council,
2,municip council,2: municip council,
2,municip council,2: municip council,
2,municip council,2: municip council,
2,municip council,2: municip council,
2,municip council,2: municip council,
2,municip council,2: municip council,
2,municip council,2: municip council,
2,municip council,2: municip council,
2,municip council,2: municip council,
2,municip council,2: municip council,
2,municip council,2: municip council,
2,municip council,2: municip council,
2,municip council,2: municip council,
2,municip council,2: municip council,
2,municip council,2: municip council,
2,municip council,2: municip council,
2,municip council,2: municip council,
2,municip council,2: municip council,
2,municip council,2: municip council,
2,municip council,2: municip council,
2,municip council,2: municip council,
2,municip council,2: municip council,
2,municip council,2: municip council,
2,municip council,2: municip council,
2,municip council,2: municip council,
2,municip council,2: municip council,
2,municip council,2: municip council,
2,municip council,2: municip council,
2,municip council,2: municip council,
2,municip council,2: municip council,
2,municip council,2: municip council,
2,municip council,2: municip council,
2,municip council,2: municip council,
2,municip council,2: municip council,
2,municip council,2: municip council,
2,municip council,2: municip council,
2,municip council,2: municip council,
2,municip council,2: municip council,
2,municip council,2: municip council,
2,municip council,2: municip council,
2,municip council,2: municip council,
2,municip council,2: municip council,
2,municip council,2: municip council,
2,municip council,2: municip council,
2,municip council,2: municip council,
2,municip council,2: municip council,
2,municip council,2: municip council,
2,municip council,2: municip council,
2,municip council,2: municip council,
2,municip council,2: municip council,
2,municip council,2: municip council,
2,municip council,2: municip council,
2,municip council,2: municip council,
2,municip council,2: municip council,
2,municip council,2: municip council,
2,municip council,2: municip council,
2,municip council,2: municip council,
2,municip council,2: municip council,
2,municip council,2: municip council,
2,municip council,2: municip council,
2,municip council,2: municip council,
2,municip council,2: municip council,
2,municip council,2: municip council,
2,municip council,2: municip council,
2,municip council,2: municip council,
2,municip council,2: municip council,
2,municip council,2: municip council,
2,municip council,2: municip council,
2,municip council,2: municip council,
2,municip council,2: municip council,
2,municip council,2: municip council,
2,municip council,2: municip council,
2,municip council,2: municip council,
2,municip council,2: municip council,
2,municip council,2: municip council,
2,municip council,2: municip council,
2,municip council,2: municip council,
2,municip council,2: municip council,
2,municip council,2: municip council,
2,municip council,2: municip council,
2,municip council,2: municip council,
2,municip council,2: municip council,
2,municip council,2: municip council,
2,municip council,2: municip council,
2,municip council,2: municip council,
2,municip council,2: municip council,
2,municip council,2: municip council,
2,municip council,2: municip council,
2,municip council,2: municip council,
2,municip council,2: municip council,
2,municip council,2: municip council,
2,municip council,2: municip council,
2,municip council,2: municip council,
2,municip council,2: municip council,
2,municip council,2: municip council,
2,municip council,2: municip council,
2,municip council,2: municip council,
2,municip council,2: municip council,
2,municip council,2: municip council,
2,municip council,2: municip council,
2,municip council,2: municip council,
2,municip council,2: municip council,
2,municip council,2: municip council,
2,municip council,2: municip council,
2,municip council,2: municip council,
2,municip council,2: municip council,
2,municip council,2: municip council,
2,municip council,2: municip council,
2,municip council,2: municip council,
2,municip council,2: municip council,
2,municip council,2: municip council,
2,municip council,2: municip council,
2,municip council,2: municip council,
2,municip council,2: municip council,
2,municip council,2: municip council,
2,municip council,2: municip council,
2,municip council,2: municip council,
2,municip council,2: municip council,
2,municip council,2: municip council,
2,municip council,2: municip council,
2,municip council,2: municip council,
2,municip council,2: municip council,
2,municip council,2: municip council,
2,municip council,2: municip council,
2,municip council,2: municip council,
2,municip council,2: municip council,
2,municip council,2: municip council,
2,municip council,2: municip council,
2,municip council,2: municip council,
2,municip council,2: municip council,
2,municip council,2: municip council,
2,municip council,2: municip council,
2,municip council,2: municip council,
2,municip council,2: municip council,
2,municip council,2: municip council,
2,municip council,2: municip council,
2,municip council,2: municip council,
2,municip council,2: municip council,
2,municip council,2: municip council,
2,municip council,2: municip council,
2,municip council,2: municip council,
2,municip council,2: municip council,
2,municip council,2: municip council,
2,municip council,2: municip council,
2,municip council,2: municip council,
2,municip council,2: municip council,
2,municip council,2: municip council,
2,municip council,2: municip council,
2,municip council,2: municip council,
2,municip council,2: municip council,
2,municip council,2: municip council,
2,municip council,2: municip council,
2,municip council,2: municip council,
2,municip council,2: municip council,
2,municip council,2: municip council,
2,municip council,2: municip council,
2,municip council,2: municip council,
2,municip council,2: municip council,
2,municip council,2: municip council,
2,municip council,2: municip council,
2,municip council,2: municip council,
2,municip council,2: municip council,
2,municip council,2: municip council,
2,municip council,2: municip council,
2,municip council,2: municip council,
2,municip council,2: municip council,
2,municip council,2: municip council,
2,municip council,2: municip council,
2,municip council,2: municip council,
2,municip council,2: municip council,
2,municip council,2: municip council,
2,municip council,2: municip council,
2,municip council,2: municip council,
2,municip council,2: municip council,
2,municip council,2: municip council,
2,municip council,2: municip council,
2,municip council,2: municip council,
2,municip council,2: municip council,
2,municip council,2: municip council,
2,municip council,2: municip council,
2,municip council,2: municip council,
2,municip council,2: municip council,
2,municip council,2: municip council,
2,municip council,2: municip council,
2,municip council,2: municip council,
2,municip council,2: municip council,
2,municip council,2: municip council,
2,municip council,2: municip council,
2,municip council,2: municip council,
2,municip council,2: municip council,
2,municip council,2: municip council,
2,municip council,2: municip council,
2,municip council,2: municip council,
2,municip council,2: municip council,
2,municip council,2: municip council,
2,municip council,2: municip council,
2,municip council,2: municip council,
2,municip council,2: municip council,
2,municip council,2: municip council,
2,municip council,2: municip council,
2,municip council,2: municip council,
2,municip council,2: municip council,
2,municip council,2: municip council,
2,municip council,2: municip council,
2,municip council,2: municip council,
2,municip council,2: municip council,
2,municip council,2: municip council,
2,municip council,2: municip council,
2,municip council,2: municip council,
2,municip council,2: municip council,
2,municip council,2: municip council,
2,municip council,2: municip council,
2,municip council,2: municip council,
2,municip council,2: municip council,
2,municip council,2: municip council,
2,municip council,2: municip council,
2,municip council,2: municip council,
2,municip council,2: municip council,
2,municip council,2: municip council,
2,municip council,2: municip council,
2,municip council,2: municip council,
2,municip council,2: municip council,
2,municip council,2: municip council,
2,municip council,2: municip council,
2,municip council,2: municip council,
2,municip council,2: municip council,
2,municip council,2: municip council,
2,municip council,2: municip council,
2,municip council,2: municip council,
2,municip council,2: municip council,
2,municip council,2: municip council,
2,municip council,2: municip council,
2,municip council,2: municip council,
2,municip council,2: municip council,
2,municip council,2: municip council,
2,municip council,2: municip council,
2,municip council,2: municip council,
2,municip council,2: municip council,
2,municip council,2: municip council,
2,municip council,2: municip council,
2,municip council,2: municip council,
2,municip council,2: municip council,
2,municip council,2: municip council,
2,municip council,2: municip council,
2,municip council,2: municip council,
2,municip council,2: municip council,
2,municip council,2: municip council,
2,municip council,2: municip council,
2,municip council,2: municip council,
2,municip council,2: municip council,
2,municip council,2: municip council,
2,municip council,2: municip council,
2,municip council,2: municip council,
2,municip council,2: municip council,
2,municip council,2: municip council,
2,municip council,2: municip council,
2,municip council,2: municip council,
2,municip council,2: municip council,
2,municip council,2: municip council,
2,municip council,2: municip council,
2,municip council,2: municip council,
2,municip council,2: municip council,
2,municip council,2: municip council,
2,municip council,2: municip council,
2,municip council,2: municip council,
2,municip council,2: municip council,
2,municip council,2: municip council,
2,municip council,2: municip council,
2,municip council,2: municip council,
2,municip council,2: municip council,
2,municip council,2: municip council,
2,municip council,2: municip council,
2,municip council,2: municip council,
2,municip council,2: municip council,
2,municip council,2: municip council,
2,municip council,2: municip council,
2,municip council,2: municip council,
2,municip council,2: municip council,
4,baltic sea,4: baltic sea,
4,baltic sea,4: baltic sea,
4,baltic sea,4: baltic sea,
4,baltic sea,4: baltic sea,
4,baltic sea,4: baltic sea,
4,baltic sea,4: baltic sea,
4,baltic sea,4: baltic sea,
4,baltic sea,4: baltic sea,
4,baltic sea,4: baltic sea,
4,baltic sea,4: baltic sea,
4,baltic sea,4: baltic sea,
4,baltic sea,4: baltic sea,
4,baltic sea,4: baltic sea,
4,baltic sea,4: baltic sea,
4,baltic sea,4: baltic sea,
4,baltic sea,4: baltic sea,
4,baltic sea,4: baltic sea,
4,baltic sea,4: baltic sea,
4,baltic sea,4: baltic sea,
4,baltic sea,4: baltic sea,
4,baltic sea,4: baltic sea,
4,baltic sea,4: baltic sea,
4,baltic sea,4: baltic sea,
4,baltic sea,4: baltic sea,
4,baltic sea,4: baltic sea,
4,baltic sea,4: baltic sea,
4,baltic sea,4: baltic sea,
4,baltic sea,4: baltic sea,
4,baltic sea,4: baltic sea,
4,baltic sea,4: baltic sea,
4,baltic sea,4: baltic sea,
4,baltic sea,4: baltic sea,
4,baltic sea,4: baltic sea,
4,baltic sea,4: baltic sea,
4,baltic sea,4: baltic sea,
4,baltic sea,4: baltic sea,
4,baltic sea,4: baltic sea,
4,baltic sea,4: baltic sea,
4,baltic sea,4: baltic sea,
4,baltic sea,4: baltic sea,
4,baltic sea,4: baltic sea,
4,baltic sea,4: baltic sea,
4,baltic sea,4: baltic sea,
4,baltic sea,4: baltic sea,
4,baltic sea,4: baltic sea,
4,baltic sea,4: baltic sea,
4,baltic sea,4: baltic sea,
4,baltic sea,4: baltic sea,
4,baltic sea,4: baltic sea,
4,baltic sea,4: baltic sea,
4,baltic sea,4: baltic sea,
4,baltic sea,4: baltic sea,
4,baltic sea,4: baltic sea,
4,baltic sea,4: baltic sea,
4,baltic sea,4: baltic sea,
4,baltic sea,4: baltic sea,
4,baltic sea,4: baltic sea,
4,baltic sea,4: baltic sea,
4,baltic sea,4: baltic sea,
4,baltic sea,4: baltic sea,
4,baltic sea,4: baltic sea,
4,baltic sea,4: baltic sea,
4,baltic sea,4: baltic sea,
4,baltic sea,4: baltic sea,
4,baltic sea,4: baltic sea,
4,baltic sea,4: baltic sea,
4,baltic sea,4: baltic sea,
4,baltic sea,4: baltic sea,
4,baltic sea,4: baltic sea,
4,baltic sea,4: baltic sea,
4,baltic sea,4: baltic sea,
4,baltic sea,4: baltic sea,
4,baltic sea,4: baltic sea,
4,baltic sea,4: baltic sea,
4,baltic sea,4: baltic sea,
4,baltic sea,4: baltic sea,
4,baltic sea,4: baltic sea,
4,baltic sea,4: baltic sea,
4,baltic sea,4: baltic sea,
4,baltic sea,4: baltic sea,
4,baltic sea,4: baltic sea,
4,baltic sea,4: baltic sea,
4,baltic sea,4: baltic sea,
4,baltic sea,4: baltic sea,
4,baltic sea,4: baltic sea,
4,baltic sea,4: baltic sea,
4,baltic sea,4: baltic sea,
4,baltic sea,4: baltic sea,
4,baltic sea,4: baltic sea,
4,baltic sea,4: baltic sea,
4,baltic sea,4: baltic sea,
4,baltic sea,4: baltic sea,
4,baltic sea,4: baltic sea,
4,baltic sea,4: baltic sea,
4,baltic sea,4: baltic sea,
4,baltic sea,4: baltic sea,
4,baltic sea,4: baltic sea,
4,baltic sea,4: baltic sea,
4,baltic sea,4: baltic sea,
4,baltic sea,4: baltic sea,
4,baltic sea,4: baltic sea,
4,baltic sea,4: baltic sea,
4,baltic sea,4: baltic sea,
4,baltic sea,4: baltic sea,
4,baltic sea,4: baltic sea,
4,baltic sea,4: baltic sea,
4,baltic sea,4: baltic sea,
4,baltic sea,4: baltic sea,
4,baltic sea,4: baltic sea,
4,baltic sea,4: baltic sea,
4,baltic sea,4: baltic sea,
4,baltic sea,4: baltic sea,
4,baltic sea,4: baltic sea,
4,baltic sea,4: baltic sea,
4,baltic sea,4: baltic sea,
4,baltic sea,4: baltic sea,
4,baltic sea,4: baltic sea,
4,baltic sea,4: baltic sea,
4,baltic sea,4: baltic sea,
4,baltic sea,4: baltic sea,
4,baltic sea,4: baltic sea,
4,baltic sea,4: baltic sea,
4,baltic sea,4: baltic sea,
4,baltic sea,4: baltic sea,
4,baltic sea,4: baltic sea,
4,baltic sea,4: baltic sea,
4,baltic sea,4: baltic sea,
4,baltic sea,4: baltic sea,
4,baltic sea,4: baltic sea,
4,baltic sea,4: baltic sea,
4,baltic sea,4: baltic sea,
4,baltic sea,4: baltic sea,
4,baltic sea,4: baltic sea,
4,baltic sea,4: baltic sea,
4,baltic sea,4: baltic sea,
4,baltic sea,4: baltic sea,
4,baltic sea,4: baltic sea,
4,baltic sea,4: baltic sea,
0,energi island,0: energi island,
0,energi island,0: energi island,
0,energi island,0: energi island,
0,energi island,0: energi island,
0,energi island,0: energi island,
0,energi island,0: energi island,
0,energi island,0: energi island,
0,energi island,0: energi island,
0,energi island,0: energi island,
0,energi island,0: energi island,
0,energi island,0: energi island,
0,energi island,0: energi island,
0,energi island,0: energi island,
0,energi island,0: energi island,
0,energi island,0: energi island,
0,energi island,0: energi island,
0,energi island,0: energi island,
0,energi island,0: energi island,
0,energi island,0: energi island,
0,energi island,0: energi island,
0,energi island,0: energi island,
0,energi island,0: energi island,
0,energi island,0: energi island,
0,energi island,0: energi island,
0,energi island,0: energi island,
0,energi island,0: energi island,
0,energi island,0: energi island,
0,energi island,0: energi island,
0,energi island,0: energi island,
0,energi island,0: energi island,
0,energi island,0: energi island,
0,energi island,0: energi island,
0,energi island,0: energi island,
0,energi island,0: energi island,
0,energi island,0: energi island,
0,energi island,0: energi island,
0,energi island,0: energi island,
0,energi island,0: energi island,
0,energi island,0: energi island,
0,energi island,0: energi island,
0,energi island,0: energi island,
0,energi island,0: energi island,
0,energi island,0: energi island,
0,energi island,0: energi island,
0,energi island,0: energi island,
0,energi island,0: energi island,
0,energi island,0: energi island,
0,energi island,0: energi island,
0,energi island,0: energi island,
0,energi island,0: energi island,
0,energi island,0: energi island,
0,energi island,0: energi island,
0,energi island,0: energi island,
0,energi island,0: energi island,
0,energi island,0: energi island,
0,energi island,0: energi island,
0,energi island,0: energi island,
0,energi island,0: energi island,
0,energi island,0: energi island,
0,energi island,0: energi island,
0,energi island,0: energi island,
0,energi island,0: energi island,
0,energi island,0: energi island,
0,energi island,0: energi island,
0,energi island,0: energi island,
0,energi island,0: energi island,
0,energi island,0: energi island,
0,energi island,0: energi island,
0,energi island,0: energi island,
0,energi island,0: energi island,
0,energi island,0: energi island,
0,energi island,0: energi island,
0,energi island,0: energi island,
0,energi island,0: energi island,
0,energi island,0: energi island,
0,energi island,0: energi island,
0,energi island,0: energi island,
0,energi island,0: energi island,
0,energi island,0: energi island,
0,energi island,0: energi island,
0,energi island,0: energi island,
0,energi island,0: energi island,
0,energi island,0: energi island,
0,energi island,0: energi island,
0,energi island,0: energi island,
0,energi island,0: energi island,
0,energi island,0: energi island,
0,energi island,0: energi island,
0,energi island,0: energi island,
0,energi island,0: energi island,
0,energi island,0: energi island,
0,energi island,0: energi island,
0,energi island,0: energi island,
0,energi island,0: energi island,
0,energi island,0: energi island,
0,energi island,0: energi island,
0,energi island,0: energi island,
0,energi island,0: energi island,
0,energi island,0: energi island,
0,energi island,0: energi island,
0,energi island,0: energi island,
0,energi island,0: energi island,
0,energi island,0: energi island,
0,energi island,0: energi island,
0,energi island,0: energi island,
0,energi island,0: energi island,
0,energi island,0: energi island,
0,energi island,0: energi island,
0,energi island,0: energi island,
0,energi island,0: energi island,
0,energi island,0: energi island,
0,energi island,0: energi island,
0,energi island,0: energi island,
0,energi island,0: energi island,
0,energi island,0: energi island,
0,energi island,0: energi island,
0,energi island,0: energi island,
0,energi island,0: energi island,
0,energi island,0: energi island,
0,energi island,0: energi island,
0,energi island,0: energi island,
0,energi island,0: energi island,
0,energi island,0: energi island,
0,energi island,0: energi island,
0,energi island,0: energi island,
0,energi island,0: energi island,
0,energi island,0: energi island,
0,energi island,0: energi island,
0,energi island,0: energi island,
0,energi island,0: energi island,
0,energi island,0: energi island,
0,energi island,0: energi island,
0,energi island,0: energi island,
0,energi island,0: energi island,
0,energi island,0: energi island,
0,energi island,0: energi island,
0,energi island,0: energi island,
0,energi island,0: energi island,
0,energi island,0: energi island,
0,energi island,0: energi island,
0,energi island,0: energi island,
0,energi island,0: energi island,
0,energi island,0: energi island,
0,energi island,0: energi island,
0,energi island,0: energi island,
0,energi island,0: energi island,
0,energi island,0: energi island,
0,energi island,0: energi island,
0,energi island,0: energi island,
0,energi island,0: energi island,
0,energi island,0: energi island,
0,energi island,0: energi island,
0,energi island,0: energi island,
0,energi island,0: energi island,
0,energi island,0: energi island,
0,energi island,0: energi island,
0,energi island,0: energi island,
0,energi island,0: energi island,
0,energi island,0: energi island,
0,energi island,0: energi island,
0,energi island,0: energi island,
0,energi island,0: energi island,
0,energi island,0: energi island,
0,energi island,0: energi island,
0,energi island,0: energi island,
0,energi island,0: energi island,
0,energi island,0: energi island,
0,energi island,0: energi island,
0,energi island,0: energi island,
0,energi island,0: energi island,
0,energi island,0: energi island,
0,energi island,0: energi island,
0,energi island,0: energi island,
0,energi island,0: energi island,
0,energi island,0: energi island,
0,energi island,0: energi island,
0,energi island,0: energi island,
0,energi island,0: energi island,
0,energi island,0: energi island,
0,energi island,0: energi island,
0,energi island,0: energi island,
0,energi island,0: energi island,
0,energi island,0: energi island,
0,energi island,0: energi island,
0,energi island,0: energi island,
0,energi island,0: energi island,
0,energi island,0: energi island,
0,energi island,0: energi island,
0,energi island,0: energi island,
0,energi island,0: energi island,
0,energi island,0: energi island,
0,energi island,0: energi island,
0,energi island,0: energi island,
0,energi island,0: energi island,
0,energi island,0: energi island,
0,energi island,0: energi island,
0,energi island,0: energi island,
0,energi island,0: energi island,
0,energi island,0: energi island,
0,energi island,0: energi island,
0,energi island,0: energi island,
0,energi island,0: energi island,
0,energi island,0: energi island,
0,energi island,0: energi island,
0,energi island,0: energi island,
0,energi island,0: energi island,
0,energi island,0: energi island,
0,energi island,0: energi island,
0,energi island,0: energi island,
0,energi island,0: energi island,
0,energi island,0: energi island,
0,energi island,0: energi island,
0,energi island,0: energi island,
0,energi island,0: energi island,
0,energi island,0: energi island,
0,energi island,0: energi island,
0,energi island,0: energi island,
0,energi island,0: energi island,
0,energi island,0: energi island,
0,energi island,0: energi island,
0,energi island,0: energi island,
0,energi island,0: energi island,
0,energi island,0: energi island,
0,energi island,0: energi island,
0,energi island,0: energi island,
0,energi island,0: energi island,
0,energi island,0: energi island,
0,energi island,0: energi island,
0,energi island,0: energi island,
0,energi island,0: energi island,
0,energi island,0: energi island,
0,energi island,0: energi island,
0,energi island,0: energi island,
0,energi island,0: energi island,
0,energi island,0: energi island,
0,energi island,0: energi island,
0,energi island,0: energi island,
0,energi island,0: energi island,
0,energi island,0: energi island,
0,energi island,0: energi island,
0,energi island,0: energi island,
0,energi island,0: energi island,
0,energi island,0: energi island,
0,energi island,0: energi island,
0,energi island,0: energi island,
0,energi island,0: energi island,
0,energi island,0: energi island,
0,energi island,0: energi island,
0,energi island,0: energi island,
0,energi island,0: energi island,
0,energi island,0: energi island,
0,energi island,0: energi island,
0,energi island,0: energi island,
0,energi island,0: energi island,
0,energi island,0: energi island,
0,energi island,0: energi island,
0,energi island,0: energi island,
0,energi island,0: energi island,
0,energi island,0: energi island,
0,energi island,0: energi island,
0,energi island,0: energi island,
0,energi island,0: energi island,
0,energi island,0: energi island,
0,energi island,0: energi island,
0,energi island,0: energi island,
0,energi island,0: energi island,
0,energi island,0: energi island,
0,energi island,0: energi island,
0,energi island,0: energi island,
0,energi island,0: energi island,
0,energi island,0: energi island,
0,energi island,0: energi island,
0,energi island,0: energi island,
0,energi island,0: energi island,
0,energi island,0: energi island,
0,energi island,0: energi island,
0,energi island,0: energi island,
0,energi island,0: energi island,
0,energi island,0: energi island,
0,energi island,0: energi island,
0,energi island,0: energi island,
0,energi island,0: energi island,
0,energi island,0: energi island,
0,energi island,0: energi island,
0,energi island,0: energi island,
0,energi island,0: energi island,
0,energi island,0: energi island,
0,energi island,0: energi island,
0,energi island,0: energi island,
0,energi island,0: energi island,
0,energi island,0: energi island,
0,energi island,0: energi island,
0,energi island,0: energi island,
0,energi island,0: energi island,
0,energi island,0: energi island,
0,energi island,0: energi island,
0,energi island,0: energi island,
0,energi island,0: energi island,
0,energi island,0: energi island,
0,energi island,0: energi island,
0,energi island,0: energi island,
0,energi island,0: energi island,
0,energi island,0: energi island,
0,energi island,0: energi island,
0,energi island,0: energi island,
0,energi island,0: energi island,
0,energi island,0: energi island,
0,energi island,0: energi island,
0,energi island,0: energi island,
0,energi island,0: energi island,
0,energi island,0: energi island,
0,energi island,0: energi island,
0,energi island,0: energi island,
0,energi island,0: energi island,
4,baltic sea,4: baltic sea,
4,baltic sea,4: baltic sea,
4,baltic sea,4: baltic sea,
4,baltic sea,4: baltic sea,
4,baltic sea,4: baltic sea,
4,baltic sea,4: baltic sea,
4,baltic sea,4: baltic sea,
4,baltic sea,4: baltic sea,
4,baltic sea,4: baltic sea,
4,baltic sea,4: baltic sea,
4,baltic sea,4: baltic sea,
4,baltic sea,4: baltic sea,
4,baltic sea,4: baltic sea,
4,baltic sea,4: baltic sea,
4,baltic sea,4: baltic sea,
4,baltic sea,4: baltic sea,
4,baltic sea,4: baltic sea,
4,baltic sea,4: baltic sea,
4,baltic sea,4: baltic sea,
4,baltic sea,4: baltic sea,
4,baltic sea,4: baltic sea,
4,baltic sea,4: baltic sea,
4,baltic sea,4: baltic sea,
4,baltic sea,4: baltic sea,
4,baltic sea,4: baltic sea,
4,baltic sea,4: baltic sea,
4,baltic sea,4: baltic sea,
4,baltic sea,4: baltic sea,
4,baltic sea,4: baltic sea,
4,baltic sea,4: baltic sea,
4,baltic sea,4: baltic sea,
4,baltic sea,4: baltic sea,
4,baltic sea,4: baltic sea,
4,baltic sea,4: baltic sea,
4,baltic sea,4: baltic sea,
4,baltic sea,4: baltic sea,
4,baltic sea,4: baltic sea,
4,baltic sea,4: baltic sea,
4,baltic sea,4: baltic sea,
4,baltic sea,4: baltic sea,
4,baltic sea,4: baltic sea,
4,baltic sea,4: baltic sea,
4,baltic sea,4: baltic sea,
4,baltic sea,4: baltic sea,
4,baltic sea,4: baltic sea,
4,baltic sea,4: baltic sea,
4,baltic sea,4: baltic sea,
4,baltic sea,4: baltic sea,
4,baltic sea,4: baltic sea,
4,baltic sea,4: baltic sea,
4,baltic sea,4: baltic sea,
4,baltic sea,4: baltic sea,
4,baltic sea,4: baltic sea,
4,baltic sea,4: baltic sea,
4,baltic sea,4: baltic sea,
4,baltic sea,4: baltic sea,
4,baltic sea,4: baltic sea,
4,baltic sea,4: baltic sea,
4,baltic sea,4: baltic sea,
4,baltic sea,4: baltic sea,
4,baltic sea,4: baltic sea,
4,baltic sea,4: baltic sea,
4,baltic sea,4: baltic sea,
4,baltic sea,4: baltic sea,
4,baltic sea,4: baltic sea,
4,baltic sea,4: baltic sea,
4,baltic sea,4: baltic sea,
4,baltic sea,4: baltic sea,
4,baltic sea,4: baltic sea,
4,baltic sea,4: baltic sea,
4,baltic sea,4: baltic sea,
4,baltic sea,4: baltic sea,
4,baltic sea,4: baltic sea,
4,baltic sea,4: baltic sea,
4,baltic sea,4: baltic sea,
4,baltic sea,4: baltic sea,
4,baltic sea,4: baltic sea,
4,baltic sea,4: baltic sea,
4,baltic sea,4: baltic sea,
4,baltic sea,4: baltic sea,
4,baltic sea,4: baltic sea,
4,baltic sea,4: baltic sea,
4,baltic sea,4: baltic sea,
4,baltic sea,4: baltic sea,
4,baltic sea,4: baltic sea,
4,baltic sea,4: baltic sea,
4,baltic sea,4: baltic sea,
4,baltic sea,4: baltic sea,
4,baltic sea,4: baltic sea,
4,baltic sea,4: baltic sea,
4,baltic sea,4: baltic sea,
4,baltic sea,4: baltic sea,
4,baltic sea,4: baltic sea,
4,baltic sea,4: baltic sea,
4,baltic sea,4: baltic sea,
4,baltic sea,4: baltic sea,
4,baltic sea,4: baltic sea,
4,baltic sea,4: baltic sea,
4,baltic sea,4: baltic sea,
4,baltic sea,4: baltic sea,
4,baltic sea,4: baltic sea,
4,baltic sea,4: baltic sea,
4,baltic sea,4: baltic sea,
4,baltic sea,4: baltic sea,
4,baltic sea,4: baltic sea,
4,baltic sea,4: baltic sea,
4,baltic sea,4: baltic sea,
4,baltic sea,4: baltic sea,
4,baltic sea,4: baltic sea,
4,baltic sea,4: baltic sea,
4,baltic sea,4: baltic sea,
4,baltic sea,4: baltic sea,
4,baltic sea,4: baltic sea,
4,baltic sea,4: baltic sea,
4,baltic sea,4: baltic sea,
4,baltic sea,4: baltic sea,
4,baltic sea,4: baltic sea,
4,baltic sea,4: baltic sea,
4,baltic sea,4: baltic sea,
4,baltic sea,4: baltic sea,
4,baltic sea,4: baltic sea,
4,baltic sea,4: baltic sea,
4,baltic sea,4: baltic sea,
4,baltic sea,4: baltic sea,
4,baltic sea,4: baltic sea,
4,baltic sea,4: baltic sea,
4,baltic sea,4: baltic sea,
4,baltic sea,4: baltic sea,
4,baltic sea,4: baltic sea,
4,baltic sea,4: baltic sea,
4,baltic sea,4: baltic sea,
4,baltic sea,4: baltic sea,
4,baltic sea,4: baltic sea,
4,baltic sea,4: baltic sea,
4,baltic sea,4: baltic sea,
4,baltic sea,4: baltic sea,
4,baltic sea,4: baltic sea,
4,baltic sea,4: baltic sea,
3,offshor wind,3: offshor wind,
3,offshor wind,3: offshor wind,
3,offshor wind,3: offshor wind,
3,offshor wind,3: offshor wind,
3,offshor wind,3: offshor wind,
3,offshor wind,3: offshor wind,
3,offshor wind,3: offshor wind,
3,offshor wind,3: offshor wind,
3,offshor wind,3: offshor wind,
3,offshor wind,3: offshor wind,
3,offshor wind,3: offshor wind,
3,offshor wind,3: offshor wind,
3,offshor wind,3: offshor wind,
3,offshor wind,3: offshor wind,
3,offshor wind,3: offshor wind,
3,offshor wind,3: offshor wind,
3,offshor wind,3: offshor wind,
3,offshor wind,3: offshor wind,
3,offshor wind,3: offshor wind,
3,offshor wind,3: offshor wind,
3,offshor wind,3: offshor wind,
3,offshor wind,3: offshor wind,
3,offshor wind,3: offshor wind,
3,offshor wind,3: offshor wind,
3,offshor wind,3: offshor wind,
3,offshor wind,3: offshor wind,
3,offshor wind,3: offshor wind,
3,offshor wind,3: offshor wind,
3,offshor wind,3: offshor wind,
3,offshor wind,3: offshor wind,
3,offshor wind,3: offshor wind,
3,offshor wind,3: offshor wind,
3,offshor wind,3: offshor wind,
3,offshor wind,3: offshor wind,
3,offshor wind,3: offshor wind,
3,offshor wind,3: offshor wind,
3,offshor wind,3: offshor wind,
3,offshor wind,3: offshor wind,
3,offshor wind,3: offshor wind,
3,offshor wind,3: offshor wind,
3,offshor wind,3: offshor wind,
3,offshor wind,3: offshor wind,
3,offshor wind,3: offshor wind,
3,offshor wind,3: offshor wind,
3,offshor wind,3: offshor wind,
3,offshor wind,3: offshor wind,
3,offshor wind,3: offshor wind,
3,offshor wind,3: offshor wind,
3,offshor wind,3: offshor wind,
3,offshor wind,3: offshor wind,
3,offshor wind,3: offshor wind,
3,offshor wind,3: offshor wind,
3,offshor wind,3: offshor wind,
3,offshor wind,3: offshor wind,
3,offshor wind,3: offshor wind,
3,offshor wind,3: offshor wind,
3,offshor wind,3: offshor wind,
3,offshor wind,3: offshor wind,
3,offshor wind,3: offshor wind,
3,offshor wind,3: offshor wind,
3,offshor wind,3: offshor wind,
3,offshor wind,3: offshor wind,
3,offshor wind,3: offshor wind,
3,offshor wind,3: offshor wind,
3,offshor wind,3: offshor wind,
3,offshor wind,3: offshor wind,
3,offshor wind,3: offshor wind,
3,offshor wind,3: offshor wind,
3,offshor wind,3: offshor wind,
3,offshor wind,3: offshor wind,
3,offshor wind,3: offshor wind,
3,offshor wind,3: offshor wind,
3,offshor wind,3: offshor wind,
3,offshor wind,3: offshor wind,
3,offshor wind,3: offshor wind,
3,offshor wind,3: offshor wind,
3,offshor wind,3: offshor wind,
3,offshor wind,3: offshor wind,
3,offshor wind,3: offshor wind,
3,offshor wind,3: offshor wind,
3,offshor wind,3: offshor wind,
3,offshor wind,3: offshor wind,
3,offshor wind,3: offshor wind,
3,offshor wind,3: offshor wind,
3,offshor wind,3: offshor wind,
3,offshor wind,3: offshor wind,
3,offshor wind,3: offshor wind,
3,offshor wind,3: offshor wind,
3,offshor wind,3: offshor wind,
3,offshor wind,3: offshor wind,
3,offshor wind,3: offshor wind,
3,offshor wind,3: offshor wind,
3,offshor wind,3: offshor wind,
3,offshor wind,3: offshor wind,
3,offshor wind,3: offshor wind,
3,offshor wind,3: offshor wind,
3,offshor wind,3: offshor wind,
3,offshor wind,3: offshor wind,
3,offshor wind,3: offshor wind,
3,offshor wind,3: offshor wind,
3,offshor wind,3: offshor wind,
3,offshor wind,3: offshor wind,
3,offshor wind,3: offshor wind,
3,offshor wind,3: offshor wind,
3,offshor wind,3: offshor wind,
3,offshor wind,3: offshor wind,
3,offshor wind,3: offshor wind,
3,offshor wind,3: offshor wind,
3,offshor wind,3: offshor wind,
3,offshor wind,3: offshor wind,
3,offshor wind,3: offshor wind,
3,offshor wind,3: offshor wind,
3,offshor wind,3: offshor wind,
5,offshor grid,5: offshor grid,
5,offshor grid,5: offshor grid,
5,offshor grid,5: offshor grid,
5,offshor grid,5: offshor grid,
5,offshor grid,5: offshor grid,
5,offshor grid,5: offshor grid,
5,offshor grid,5: offshor grid,
5,offshor grid,5: offshor grid,
5,offshor grid,5: offshor grid,
5,offshor grid,5: offshor grid,
5,offshor grid,5: offshor grid,
5,offshor grid,5: offshor grid,
5,offshor grid,5: offshor grid,
5,offshor grid,5: offshor grid,
5,offshor grid,5: offshor grid,
5,offshor grid,5: offshor grid,
5,offshor grid,5: offshor grid,
5,offshor grid,5: offshor grid,
5,offshor grid,5: offshor grid,
5,offshor grid,5: offshor grid,
5,offshor grid,5: offshor grid,
5,offshor grid,5: offshor grid,
5,offshor grid,5: offshor grid,
5,offshor grid,5: offshor grid,
5,offshor grid,5: offshor grid,
5,offshor grid,5: offshor grid,
5,offshor grid,5: offshor grid,
5,offshor grid,5: offshor grid,
5,offshor grid,5: offshor grid,
5,offshor grid,5: offshor grid,
5,offshor grid,5: offshor grid,
5,offshor grid,5: offshor grid,
5,offshor grid,5: offshor grid,
5,offshor grid,5: offshor grid,
5,offshor grid,5: offshor grid,
5,offshor grid,5: offshor grid,
5,offshor grid,5: offshor grid,
5,offshor grid,5: offshor grid,
5,offshor grid,5: offshor grid,
5,offshor grid,5: offshor grid,
5,offshor grid,5: offshor grid,
5,offshor grid,5: offshor grid,
5,offshor grid,5: offshor grid,
5,offshor grid,5: offshor grid,
5,offshor grid,5: offshor grid,
5,offshor grid,5: offshor grid,
5,offshor grid,5: offshor grid,
5,offshor grid,5: offshor grid,
5,offshor grid,5: offshor grid,
5,offshor grid,5: offshor grid,
5,offshor grid,5: offshor grid,
5,offshor grid,5: offshor grid,
5,offshor grid,5: offshor grid,
5,offshor grid,5: offshor grid,
5,offshor grid,5: offshor grid,
5,offshor grid,5: offshor grid,
5,offshor grid,5: offshor grid,
5,offshor grid,5: offshor grid,
5,offshor grid,5: offshor grid,
5,offshor grid,5: offshor grid,
5,offshor grid,5: offshor grid,
5,offshor grid,5: offshor grid,
5,offshor grid,5: offshor grid,
5,offshor grid,5: offshor grid,
5,offshor grid,5: offshor grid,
5,offshor grid,5: offshor grid,
5,offshor grid,5: offshor grid,
5,offshor grid,5: offshor grid,
5,offshor grid,5: offshor grid,
5,offshor grid,5: offshor grid,
5,offshor grid,5: offshor grid,
5,offshor grid,5: offshor grid,
5,offshor grid,5: offshor grid,
5,offshor grid,5: offshor grid,
5,offshor grid,5: offshor grid,
5,offshor grid,5: offshor grid,
5,offshor grid,5: offshor grid,
5,offshor grid,5: offshor grid,
5,offshor grid,5: offshor grid,
5,offshor grid,5: offshor grid,
5,offshor grid,5: offshor grid,
5,offshor grid,5: offshor grid,
5,offshor grid,5: offshor grid,
5,offshor grid,5: offshor grid,
5,offshor grid,5: offshor grid,
5,offshor grid,5: offshor grid,
5,offshor grid,5: offshor grid,
5,offshor grid,5: offshor grid,
5,offshor grid,5: offshor grid,
5,offshor grid,5: offshor grid,
5,offshor grid,5: offshor grid,
5,offshor grid,5: offshor grid,
5,offshor grid,5: offshor grid,
5,offshor grid,5: offshor grid,
5,offshor grid,5: offshor grid,
5,offshor grid,5: offshor grid,
5,offshor grid,5: offshor grid,
5,offshor grid,5: offshor grid,
5,offshor grid,5: offshor grid,
5,offshor grid,5: offshor grid,
5,offshor grid,5: offshor grid,
5,offshor grid,5: offshor grid,
5,offshor grid,5: offshor grid,
5,offshor grid,5: offshor grid,
5,offshor grid,5: offshor grid,
5,offshor grid,5: offshor grid,
5,offshor grid,5: offshor grid,
5,offshor grid,5: offshor grid,
5,offshor grid,5: offshor grid,
5,offshor grid,5: offshor grid,
5,offshor grid,5: offshor grid,
5,offshor grid,5: offshor grid,
5,offshor grid,5: offshor grid,
5,offshor grid,5: offshor grid,
5,offshor grid,5: offshor grid,
5,offshor grid,5: offshor grid,
5,offshor grid,5: offshor grid,
5,offshor grid,5: offshor grid,
5,offshor grid,5: offshor grid,
5,offshor grid,5: offshor grid,
5,offshor grid,5: offshor grid,
5,offshor grid,5: offshor grid,
5,offshor grid,5: offshor grid,
5,offshor grid,5: offshor grid,
5,offshor grid,5: offshor grid,
5,offshor grid,5: offshor grid,
5,offshor grid,5: offshor grid,
5,offshor grid,5: offshor grid,
5,offshor grid,5: offshor grid,
5,offshor grid,5: offshor grid,
5,offshor grid,5: offshor grid,
5,offshor grid,5: offshor grid,
5,offshor grid,5: offshor grid,
5,offshor grid,5: offshor grid,
5,offshor grid,5: offshor grid,
5,offshor grid,5: offshor grid,
5,offshor grid,5: offshor grid,
5,offshor grid,5: offshor grid,
5,offshor grid,5: offshor grid,
5,offshor grid,5: offshor grid,
5,offshor grid,5: offshor grid,
5,offshor grid,5: offshor grid,
5,offshor grid,5: offshor grid,
5,offshor grid,5: offshor grid,
5,offshor grid,5: offshor grid,
5,offshor grid,5: offshor grid,
5,offshor grid,5: offshor grid,
5,offshor grid,5: offshor grid,
5,offshor grid,5: offshor grid,
5,offshor grid,5: offshor grid,
5,offshor grid,5: offshor grid,
5,offshor grid,5: offshor grid,
5,offshor grid,5: offshor grid,
5,offshor grid,5: offshor grid,
5,offshor grid,5: offshor grid,
5,offshor grid,5: offshor grid,
5,offshor grid,5: offshor grid,
5,offshor grid,5: offshor grid,
5,offshor grid,5: offshor grid,
5,offshor grid,5: offshor grid,
5,offshor grid,5: offshor grid,
5,offshor grid,5: offshor grid,
5,offshor grid,5: offshor grid,
5,offshor grid,5: offshor grid,
5,offshor grid,5: offshor grid,
5,offshor grid,5: offshor grid,
5,offshor grid,5: offshor grid,
5,offshor grid,5: offshor grid,
5,offshor grid,5: offshor grid,
5,offshor grid,5: offshor grid,
5,offshor grid,5: offshor grid,
5,offshor grid,5: offshor grid,
5,offshor grid,5: offshor grid,
5,offshor grid,5: offshor grid,
5,offshor grid,5: offshor grid,
8,wind turbin,8: wind turbin,
8,wind turbin,8: wind turbin,
8,wind turbin,8: wind turbin,
8,wind turbin,8: wind turbin,
8,wind turbin,8: wind turbin,
8,wind turbin,8: wind turbin,
8,wind turbin,8: wind turbin,
8,wind turbin,8: wind turbin,
8,wind turbin,8: wind turbin,
8,wind turbin,8: wind turbin,
8,wind turbin,8: wind turbin,
8,wind turbin,8: wind turbin,
8,wind turbin,8: wind turbin,
8,wind turbin,8: wind turbin,
8,wind turbin,8: wind turbin,
8,wind turbin,8: wind turbin,
8,wind turbin,8: wind turbin,
8,wind turbin,8: wind turbin,
8,wind turbin,8: wind turbin,
8,wind turbin,8: wind turbin,
8,wind turbin,8: wind turbin,
8,wind turbin,8: wind turbin,
8,wind turbin,8: wind turbin,
8,wind turbin,8: wind turbin,
8,wind turbin,8: wind turbin,
8,wind turbin,8: wind turbin,
8,wind turbin,8: wind turbin,
8,wind turbin,8: wind turbin,
8,wind turbin,8: wind turbin,
8,wind turbin,8: wind turbin,
8,wind turbin,8: wind turbin,
8,wind turbin,8: wind turbin,
8,wind turbin,8: wind turbin,
8,wind turbin,8: wind turbin,
8,wind turbin,8: wind turbin,
8,wind turbin,8: wind turbin,
8,wind turbin,8: wind turbin,
8,wind turbin,8: wind turbin,
8,wind turbin,8: wind turbin,
8,wind turbin,8: wind turbin,
8,wind turbin,8: wind turbin,
8,wind turbin,8: wind turbin,
8,wind turbin,8: wind turbin,
8,wind turbin,8: wind turbin,
8,wind turbin,8: wind turbin,
8,wind turbin,8: wind turbin,
8,wind turbin,8: wind turbin,
8,wind turbin,8: wind turbin,
8,wind turbin,8: wind turbin,
8,wind turbin,8: wind turbin,
8,wind turbin,8: wind turbin,
8,wind turbin,8: wind turbin,
8,wind turbin,8: wind turbin,
8,wind turbin,8: wind turbin,
8,wind turbin,8: wind turbin,
8,wind turbin,8: wind turbin,
8,wind turbin,8: wind turbin,
8,wind turbin,8: wind turbin,
8,wind turbin,8: wind turbin,
8,wind turbin,8: wind turbin,
8,wind turbin,8: wind turbin,
8,wind turbin,8: wind turbin,
8,wind turbin,8: wind turbin,
8,wind turbin,8: wind turbin,
8,wind turbin,8: wind turbin,
8,wind turbin,8: wind turbin,
8,wind turbin,8: wind turbin,
8,wind turbin,8: wind turbin,
8,wind turbin,8: wind turbin,
8,wind turbin,8: wind turbin,
8,wind turbin,8: wind turbin,
8,wind turbin,8: wind turbin,
8,wind turbin,8: wind turbin,
8,wind turbin,8: wind turbin,
8,wind turbin,8: wind turbin,
8,wind turbin,8: wind turbin,
8,wind turbin,8: wind turbin,
8,wind turbin,8: wind turbin,
8,wind turbin,8: wind turbin,
8,wind turbin,8: wind turbin,
8,wind turbin,8: wind turbin,
8,wind turbin,8: wind turbin,
8,wind turbin,8: wind turbin,
8,wind turbin,8: wind turbin,
8,wind turbin,8: wind turbin,
8,wind turbin,8: wind turbin,
8,wind turbin,8: wind turbin,
8,wind turbin,8: wind turbin,
8,wind turbin,8: wind turbin,
8,wind turbin,8: wind turbin,
8,wind turbin,8: wind turbin,
8,wind turbin,8: wind turbin,
8,wind turbin,8: wind turbin,
8,wind turbin,8: wind turbin,
8,wind turbin,8: wind turbin,
8,wind turbin,8: wind turbin,
8,wind turbin,8: wind turbin,
8,wind turbin,8: wind turbin,
8,wind turbin,8: wind turbin,
8,wind turbin,8: wind turbin,
8,wind turbin,8: wind turbin,
8,wind turbin,8: wind turbin,
8,wind turbin,8: wind turbin,
8,wind turbin,8: wind turbin,
8,wind turbin,8: wind turbin,
8,wind turbin,8: wind turbin,
8,wind turbin,8: wind turbin,
8,wind turbin,8: wind turbin,
8,wind turbin,8: wind turbin,
8,wind turbin,8: wind turbin,
8,wind turbin,8: wind turbin,
8,wind turbin,8: wind turbin,
8,wind turbin,8: wind turbin,
8,wind turbin,8: wind turbin,
8,wind turbin,8: wind turbin,
8,wind turbin,8: wind turbin,
8,wind turbin,8: wind turbin,
8,wind turbin,8: wind turbin,
8,wind turbin,8: wind turbin,
8,wind turbin,8: wind turbin,
8,wind turbin,8: wind turbin,
8,wind turbin,8: wind turbin,
8,wind turbin,8: wind turbin,
8,wind turbin,8: wind turbin,
8,wind turbin,8: wind turbin,
8,wind turbin,8: wind turbin,
8,wind turbin,8: wind turbin,
8,wind turbin,8: wind turbin,
8,wind turbin,8: wind turbin,
8,wind turbin,8: wind turbin,
2,municip council,2: municip council,
2,municip council,2: municip council,
2,municip council,2: municip council,
2,municip council,2: municip council,
2,municip council,2: municip council,
2,municip council,2: municip council,
2,municip council,2: municip council,
2,municip council,2: municip council,
2,municip council,2: municip council,
2,municip council,2: municip council,
2,municip council,2: municip council,
2,municip council,2: municip council,
2,municip council,2: municip council,
2,municip council,2: municip council,
2,municip council,2: municip council,
2,municip council,2: municip council,
2,municip council,2: municip council,
2,municip council,2: municip council,
2,municip council,2: municip council,
2,municip council,2: municip council,
2,municip council,2: municip council,
2,municip council,2: municip council,
2,municip council,2: municip council,
2,municip council,2: municip council,
2,municip council,2: municip council,
2,municip council,2: municip council,
2,municip council,2: municip council,
2,municip council,2: municip council,
2,municip council,2: municip council,
2,municip council,2: municip council,
2,municip council,2: municip council,
2,municip council,2: municip council,
2,municip council,2: municip council,
2,municip council,2: municip council,
2,municip council,2: municip council,
2,municip council,2: municip council,
2,municip council,2: municip council,
2,municip council,2: municip council,
2,municip council,2: municip council,
2,municip council,2: municip council,
2,municip council,2: municip council,
2,municip council,2: municip council,
2,municip council,2: municip council,
2,municip council,2: municip council,
2,municip council,2: municip council,
2,municip council,2: municip council,
2,municip council,2: municip council,
2,municip council,2: municip council,
2,municip council,2: municip council,
2,municip council,2: municip council,
2,municip council,2: municip council,
2,municip council,2: municip council,
2,municip council,2: municip council,
2,municip council,2: municip council,
2,municip council,2: municip council,
2,municip council,2: municip council,
2,municip council,2: municip council,
2,municip council,2: municip council,
2,municip council,2: municip council,
2,municip council,2: municip council,
2,municip council,2: municip council,
2,municip council,2: municip council,
2,municip council,2: municip council,
2,municip council,2: municip council,
2,municip council,2: municip council,
2,municip council,2: municip council,
2,municip council,2: municip council,
2,municip council,2: municip council,
2,municip council,2: municip council,
2,municip council,2: municip council,
2,municip council,2: municip council,
2,municip council,2: municip council,
2,municip council,2: municip council,
2,municip council,2: municip council,
2,municip council,2: municip council,
2,municip council,2: municip council,
2,municip council,2: municip council,
2,municip council,2: municip council,
2,municip council,2: municip council,
2,municip council,2: municip council,
2,municip council,2: municip council,
2,municip council,2: municip council,
2,municip council,2: municip council,
2,municip council,2: municip council,
2,municip council,2: municip council,
2,municip council,2: municip council,
2,municip council,2: municip council,
2,municip council,2: municip council,
2,municip council,2: municip council,
2,municip council,2: municip council,
2,municip council,2: municip council,
2,municip council,2: municip council,
2,municip council,2: municip council,
2,municip council,2: municip council,
2,municip council,2: municip council,
2,municip council,2: municip council,
2,municip council,2: municip council,
2,municip council,2: municip council,
2,municip council,2: municip council,
2,municip council,2: municip council,
2,municip council,2: municip council,
2,municip council,2: municip council,
2,municip council,2: municip council,
2,municip council,2: municip council,
2,municip council,2: municip council,
2,municip council,2: municip council,
2,municip council,2: municip council,
2,municip council,2: municip council,
2,municip council,2: municip council,
2,municip council,2: municip council,
2,municip council,2: municip council,
2,municip council,2: municip council,
2,municip council,2: municip council,
2,municip council,2: municip council,
2,municip council,2: municip council,
2,municip council,2: municip council,
2,municip council,2: municip council,
2,municip council,2: municip council,
2,municip council,2: municip council,
2,municip council,2: municip council,
2,municip council,2: municip council,
2,municip council,2: municip council,
2,municip council,2: municip council,
2,municip council,2: municip council,
2,municip council,2: municip council,
2,municip council,2: municip council,
2,municip council,2: municip council,
2,municip council,2: municip council,
2,municip council,2: municip council,
2,municip council,2: municip council,
2,municip council,2: municip council,
2,municip council,2: municip council,
2,municip council,2: municip council,
2,municip council,2: municip council,
2,municip council,2: municip council,
2,municip council,2: municip council,
2,municip council,2: municip council,
2,municip council,2: municip council,
2,municip council,2: municip council,
2,municip council,2: municip council,
2,municip council,2: municip council,
2,municip council,2: municip council,
2,municip council,2: municip council,
2,municip council,2: municip council,
2,municip council,2: municip council,
2,municip council,2: municip council,
2,municip council,2: municip council,
2,municip council,2: municip council,
2,municip council,2: municip council,
2,municip council,2: municip council,
2,municip council,2: municip council,
2,municip council,2: municip council,
2,municip council,2: municip council,
2,municip council,2: municip council,
2,municip council,2: municip council,
2,municip council,2: municip council,
4,baltic sea,4: baltic sea,
4,baltic sea,4: baltic sea,
4,baltic sea,4: baltic sea,
4,baltic sea,4: baltic sea,
4,baltic sea,4: baltic sea,
4,baltic sea,4: baltic sea,
4,baltic sea,4: baltic sea,
4,baltic sea,4: baltic sea,
4,baltic sea,4: baltic sea,
4,baltic sea,4: baltic sea,
4,baltic sea,4: baltic sea,
4,baltic sea,4: baltic sea,
4,baltic sea,4: baltic sea,
4,baltic sea,4: baltic sea,
4,baltic sea,4: baltic sea,
4,baltic sea,4: baltic sea,
4,baltic sea,4: baltic sea,
4,baltic sea,4: baltic sea,
4,baltic sea,4: baltic sea,
4,baltic sea,4: baltic sea,
4,baltic sea,4: baltic sea,
4,baltic sea,4: baltic sea,
4,baltic sea,4: baltic sea,
4,baltic sea,4: baltic sea,
4,baltic sea,4: baltic sea,
4,baltic sea,4: baltic sea,
4,baltic sea,4: baltic sea,
4,baltic sea,4: baltic sea,
4,baltic sea,4: baltic sea,
4,baltic sea,4: baltic sea,
4,baltic sea,4: baltic sea,
4,baltic sea,4: baltic sea,
4,baltic sea,4: baltic sea,
4,baltic sea,4: baltic sea,
4,baltic sea,4: baltic sea,
4,baltic sea,4: baltic sea,
4,baltic sea,4: baltic sea,
4,baltic sea,4: baltic sea,
4,baltic sea,4: baltic sea,
4,baltic sea,4: baltic sea,
4,baltic sea,4: baltic sea,
4,baltic sea,4: baltic sea,
4,baltic sea,4: baltic sea,
4,baltic sea,4: baltic sea,
4,baltic sea,4: baltic sea,
4,baltic sea,4: baltic sea,
4,baltic sea,4: baltic sea,
4,baltic sea,4: baltic sea,
4,baltic sea,4: baltic sea,
4,baltic sea,4: baltic sea,
4,baltic sea,4: baltic sea,
4,baltic sea,4: baltic sea,
4,baltic sea,4: baltic sea,
4,baltic sea,4: baltic sea,
4,baltic sea,4: baltic sea,
4,baltic sea,4: baltic sea,
4,baltic sea,4: baltic sea,
4,baltic sea,4: baltic sea,
4,baltic sea,4: baltic sea,
4,baltic sea,4: baltic sea,
4,baltic sea,4: baltic sea,
4,baltic sea,4: baltic sea,
4,baltic sea,4: baltic sea,
4,baltic sea,4: baltic sea,
4,baltic sea,4: baltic sea,
4,baltic sea,4: baltic sea,
4,baltic sea,4: baltic sea,
4,baltic sea,4: baltic sea,
4,baltic sea,4: baltic sea,
4,baltic sea,4: baltic sea,
4,baltic sea,4: baltic sea,
4,baltic sea,4: baltic sea,
4,baltic sea,4: baltic sea,
4,baltic sea,4: baltic sea,
4,baltic sea,4: baltic sea,
4,baltic sea,4: baltic sea,
4,baltic sea,4: baltic sea,
4,baltic sea,4: baltic sea,
4,baltic sea,4: baltic sea,
4,baltic sea,4: baltic sea,
4,baltic sea,4: baltic sea,
4,baltic sea,4: baltic sea,
4,baltic sea,4: baltic sea,
4,baltic sea,4: baltic sea,
4,baltic sea,4: baltic sea,
4,baltic sea,4: baltic sea,
4,baltic sea,4: baltic sea,
4,baltic sea,4: baltic sea,
4,baltic sea,4: baltic sea,
4,baltic sea,4: baltic sea,
4,baltic sea,4: baltic sea,
4,baltic sea,4: baltic sea,
4,baltic sea,4: baltic sea,
4,baltic sea,4: baltic sea,
4,baltic sea,4: baltic sea,
4,baltic sea,4: baltic sea,
4,baltic sea,4: baltic sea,
4,baltic sea,4: baltic sea,
4,baltic sea,4: baltic sea,
4,baltic sea,4: baltic sea,
4,baltic sea,4: baltic sea,
4,baltic sea,4: baltic sea,
4,baltic sea,4: baltic sea,
4,baltic sea,4: baltic sea,
4,baltic sea,4: baltic sea,
4,baltic sea,4: baltic sea,
4,baltic sea,4: baltic sea,
4,baltic sea,4: baltic sea,
4,baltic sea,4: baltic sea,
4,baltic sea,4: baltic sea,
4,baltic sea,4: baltic sea,
4,baltic sea,4: baltic sea,
4,baltic sea,4: baltic sea,
4,baltic sea,4: baltic sea,
4,baltic sea,4: baltic sea,
4,baltic sea,4: baltic sea,
4,baltic sea,4: baltic sea,
4,baltic sea,4: baltic sea,
4,baltic sea,4: baltic sea,
4,baltic sea,4: baltic sea,
4,baltic sea,4: baltic sea,
4,baltic sea,4: baltic sea,
4,baltic sea,4: baltic sea,
4,baltic sea,4: baltic sea,
4,baltic sea,4: baltic sea,
4,baltic sea,4: baltic sea,
4,baltic sea,4: baltic sea,
4,baltic sea,4: baltic sea,
4,baltic sea,4: baltic sea,
4,baltic sea,4: baltic sea,
4,baltic sea,4: baltic sea,
4,baltic sea,4: baltic sea,
4,baltic sea,4: baltic sea,
4,baltic sea,4: baltic sea,
4,baltic sea,4: baltic sea,
4,baltic sea,4: baltic sea,
4,baltic sea,4: baltic sea,
4,baltic sea,4: baltic sea,
0,energi island,0: energi island,
0,energi island,0: energi island,
0,energi island,0: energi island,
0,energi island,0: energi island,
0,energi island,0: energi island,
0,energi island,0: energi island,
0,energi island,0: energi island,
0,energi island,0: energi island,
0,energi island,0: energi island,
0,energi island,0: energi island,
0,energi island,0: energi island,
0,energi island,0: energi island,
0,energi island,0: energi island,
0,energi island,0: energi island,
0,energi island,0: energi island,
0,energi island,0: energi island,
0,energi island,0: energi island,
0,energi island,0: energi island,
0,energi island,0: energi island,
0,energi island,0: energi island,
0,energi island,0: energi island,
0,energi island,0: energi island,
0,energi island,0: energi island,
0,energi island,0: energi island,
0,energi island,0: energi island,
0,energi island,0: energi island,
0,energi island,0: energi island,
0,energi island,0: energi island,
0,energi island,0: energi island,
0,energi island,0: energi island,
0,energi island,0: energi island,
0,energi island,0: energi island,
0,energi island,0: energi island,
0,energi island,0: energi island,
0,energi island,0: energi island,
0,energi island,0: energi island,
0,energi island,0: energi island,
0,energi island,0: energi island,
0,energi island,0: energi island,
0,energi island,0: energi island,
0,energi island,0: energi island,
0,energi island,0: energi island,
0,energi island,0: energi island,
0,energi island,0: energi island,
0,energi island,0: energi island,
0,energi island,0: energi island,
0,energi island,0: energi island,
0,energi island,0: energi island,
0,energi island,0: energi island,
0,energi island,0: energi island,
0,energi island,0: energi island,
0,energi island,0: energi island,
0,energi island,0: energi island,
0,energi island,0: energi island,
0,energi island,0: energi island,
0,energi island,0: energi island,
0,energi island,0: energi island,
0,energi island,0: energi island,
0,energi island,0: energi island,
0,energi island,0: energi island,
0,energi island,0: energi island,
0,energi island,0: energi island,
0,energi island,0: energi island,
0,energi island,0: energi island,
0,energi island,0: energi island,
0,energi island,0: energi island,
0,energi island,0: energi island,
0,energi island,0: energi island,
0,energi island,0: energi island,
0,energi island,0: energi island,
0,energi island,0: energi island,
0,energi island,0: energi island,
0,energi island,0: energi island,
0,energi island,0: energi island,
0,energi island,0: energi island,
0,energi island,0: energi island,
0,energi island,0: energi island,
0,energi island,0: energi island,
0,energi island,0: energi island,
0,energi island,0: energi island,
0,energi island,0: energi island,
0,energi island,0: energi island,
0,energi island,0: energi island,
0,energi island,0: energi island,
0,energi island,0: energi island,
0,energi island,0: energi island,
0,energi island,0: energi island,
0,energi island,0: energi island,
0,energi island,0: energi island,
0,energi island,0: energi island,
0,energi island,0: energi island,
0,energi island,0: energi island,
0,energi island,0: energi island,
0,energi island,0: energi island,
0,energi island,0: energi island,
0,energi island,0: energi island,
0,energi island,0: energi island,
0,energi island,0: energi island,
0,energi island,0: energi island,
0,energi island,0: energi island,
0,energi island,0: energi island,
0,energi island,0: energi island,
0,energi island,0: energi island,
0,energi island,0: energi island,
0,energi island,0: energi island,
0,energi island,0: energi island,
0,energi island,0: energi island,
0,energi island,0: energi island,
0,energi island,0: energi island,
0,energi island,0: energi island,
0,energi island,0: energi island,
0,energi island,0: energi island,
0,energi island,0: energi island,
0,energi island,0: energi island,
0,energi island,0: energi island,
0,energi island,0: energi island,
0,energi island,0: energi island,
0,energi island,0: energi island,
0,energi island,0: energi island,
0,energi island,0: energi island,
0,energi island,0: energi island,
0,energi island,0: energi island,
0,energi island,0: energi island,
0,energi island,0: energi island,
0,energi island,0: energi island,
0,energi island,0: energi island,
0,energi island,0: energi island,
0,energi island,0: energi island,
0,energi island,0: energi island,
0,energi island,0: energi island,
0,energi island,0: energi island,
0,energi island,0: energi island,
0,energi island,0: energi island,
0,energi island,0: energi island,
0,energi island,0: energi island,
0,energi island,0: energi island,
0,energi island,0: energi island,
0,energi island,0: energi island,
0,energi island,0: energi island,
0,energi island,0: energi island,
0,energi island,0: energi island,
0,energi island,0: energi island,
0,energi island,0: energi island,
0,energi island,0: energi island,
0,energi island,0: energi island,
0,energi island,0: energi island,
0,energi island,0: energi island,
0,energi island,0: energi island,
0,energi island,0: energi island,
0,energi island,0: energi island,
0,energi island,0: energi island,
0,energi island,0: energi island,
0,energi island,0: energi island,
0,energi island,0: energi island,
0,energi island,0: energi island,
0,energi island,0: energi island,
0,energi island,0: energi island,
6,energiø bornholm,6: energiø bornholm,
6,energiø bornholm,6: energiø bornholm,
6,energiø bornholm,6: energiø bornholm,
6,energiø bornholm,6: energiø bornholm,
6,energiø bornholm,6: energiø bornholm,
6,energiø bornholm,6: energiø bornholm,
6,energiø bornholm,6: energiø bornholm,
6,energiø bornholm,6: energiø bornholm,
6,energiø bornholm,6: energiø bornholm,
6,energiø bornholm,6: energiø bornholm,
6,energiø bornholm,6: energiø bornholm,
6,energiø bornholm,6: energiø bornholm,
6,energiø bornholm,6: energiø bornholm,
6,energiø bornholm,6: energiø bornholm,
6,energiø bornholm,6: energiø bornholm,
6,energiø bornholm,6: energiø bornholm,
6,energiø bornholm,6: energiø bornholm,
6,energiø bornholm,6: energiø bornholm,
6,energiø bornholm,6: energiø bornholm,
6,energiø bornholm,6: energiø bornholm,
6,energiø bornholm,6: energiø bornholm,
6,energiø bornholm,6: energiø bornholm,
6,energiø bornholm,6: energiø bornholm,
6,energiø bornholm,6: energiø bornholm,
6,energiø bornholm,6: energiø bornholm,
6,energiø bornholm,6: energiø bornholm,
6,energiø bornholm,6: energiø bornholm,
6,energiø bornholm,6: energiø bornholm,
6,energiø bornholm,6: energiø bornholm,
6,energiø bornholm,6: energiø bornholm,
6,energiø bornholm,6: energiø bornholm,
6,energiø bornholm,6: energiø bornholm,
6,energiø bornholm,6: energiø bornholm,
6,energiø bornholm,6: energiø bornholm,
6,energiø bornholm,6: energiø bornholm,
6,energiø bornholm,6: energiø bornholm,
6,energiø bornholm,6: energiø bornholm,
6,energiø bornholm,6: energiø bornholm,
6,energiø bornholm,6: energiø bornholm,
6,energiø bornholm,6: energiø bornholm,
6,energiø bornholm,6: energiø bornholm,
6,energiø bornholm,6: energiø bornholm,
6,energiø bornholm,6: energiø bornholm,
6,energiø bornholm,6: energiø bornholm,
6,energiø bornholm,6: energiø bornholm,
6,energiø bornholm,6: energiø bornholm,
6,energiø bornholm,6: energiø bornholm,
6,energiø bornholm,6: energiø bornholm,
6,energiø bornholm,6: energiø bornholm,
6,energiø bornholm,6: energiø bornholm,
6,energiø bornholm,6: energiø bornholm,
6,energiø bornholm,6: energiø bornholm,
6,energiø bornholm,6: energiø bornholm,
6,energiø bornholm,6: energiø bornholm,
6,energiø bornholm,6: energiø bornholm,
6,energiø bornholm,6: energiø bornholm,
6,energiø bornholm,6: energiø bornholm,
6,energiø bornholm,6: energiø bornholm,
6,energiø bornholm,6: energiø bornholm,
6,energiø bornholm,6: energiø bornholm,
6,energiø bornholm,6: energiø bornholm,
6,energiø bornholm,6: energiø bornholm,
6,energiø bornholm,6: energiø bornholm,
6,energiø bornholm,6: energiø bornholm,
6,energiø bornholm,6: energiø bornholm,
6,energiø bornholm,6: energiø bornholm,
6,energiø bornholm,6: energiø bornholm,
6,energiø bornholm,6: energiø bornholm,
6,energiø bornholm,6: energiø bornholm,
6,energiø bornholm,6: energiø bornholm,
6,energiø bornholm,6: energiø bornholm,
6,energiø bornholm,6: energiø bornholm,
6,energiø bornholm,6: energiø bornholm,
6,energiø bornholm,6: energiø bornholm,
6,energiø bornholm,6: energiø bornholm,
6,energiø bornholm,6: energiø bornholm,
6,energiø bornholm,6: energiø bornholm,
6,energiø bornholm,6: energiø bornholm,
6,energiø bornholm,6: energiø bornholm,
6,energiø bornholm,6: energiø bornholm,
6,energiø bornholm,6: energiø bornholm,
6,energiø bornholm,6: energiø bornholm,
6,energiø bornholm,6: energiø bornholm,
6,energiø bornholm,6: energiø bornholm,
6,energiø bornholm,6: energiø bornholm,
6,energiø bornholm,6: energiø bornholm,
6,energiø bornholm,6: energiø bornholm,
6,energiø bornholm,6: energiø bornholm,
6,energiø bornholm,6: energiø bornholm,
6,energiø bornholm,6: energiø bornholm,
6,energiø bornholm,6: energiø bornholm,
6,energiø bornholm,6: energiø bornholm,
6,energiø bornholm,6: energiø bornholm,
6,energiø bornholm,6: energiø bornholm,
6,energiø bornholm,6: energiø bornholm,
6,energiø bornholm,6: energiø bornholm,
6,energiø bornholm,6: energiø bornholm,
6,energiø bornholm,6: energiø bornholm,
6,energiø bornholm,6: energiø bornholm,
6,energiø bornholm,6: energiø bornholm,
6,energiø bornholm,6: energiø bornholm,
6,energiø bornholm,6: energiø bornholm,
6,energiø bornholm,6: energiø bornholm,
6,energiø bornholm,6: energiø bornholm,
6,energiø bornholm,6: energiø bornholm,
6,energiø bornholm,6: energiø bornholm,
6,energiø bornholm,6: energiø bornholm,
6,energiø bornholm,6: energiø bornholm,
6,energiø bornholm,6: energiø bornholm,
6,energiø bornholm,6: energiø bornholm,
6,energiø bornholm,6: energiø bornholm,
6,energiø bornholm,6: energiø bornholm,
6,energiø bornholm,6: energiø bornholm,
6,energiø bornholm,6: energiø bornholm,
6,energiø bornholm,6: energiø bornholm,
6,energiø bornholm,6: energiø bornholm,
6,energiø bornholm,6: energiø bornholm,
6,energiø bornholm,6: energiø bornholm,
6,energiø bornholm,6: energiø bornholm,
6,energiø bornholm,6: energiø bornholm,
6,energiø bornholm,6: energiø bornholm,
6,energiø bornholm,6: energiø bornholm,
6,energiø bornholm,6: energiø bornholm,
6,energiø bornholm,6: energiø bornholm,
6,energiø bornholm,6: energiø bornholm,
6,energiø bornholm,6: energiø bornholm,
6,energiø bornholm,6: energiø bornholm,
6,energiø bornholm,6: energiø bornholm,
6,energiø bornholm,6: energiø bornholm,
6,energiø bornholm,6: energiø bornholm,
6,energiø bornholm,6: energiø bornholm,
6,energiø bornholm,6: energiø bornholm,
6,energiø bornholm,6: energiø bornholm,
6,energiø bornholm,6: energiø bornholm,
6,energiø bornholm,6: energiø bornholm,
6,energiø bornholm,6: energiø bornholm,
6,energiø bornholm,6: energiø bornholm,
6,energiø bornholm,6: energiø bornholm,
6,energiø bornholm,6: energiø bornholm,
6,energiø bornholm,6: energiø bornholm,
6,energiø bornholm,6: energiø bornholm,
6,energiø bornholm,6: energiø bornholm,
6,energiø bornholm,6: energiø bornholm,
6,energiø bornholm,6: energiø bornholm,
6,energiø bornholm,6: energiø bornholm,
6,energiø bornholm,6: energiø bornholm,
6,energiø bornholm,6: energiø bornholm,
6,energiø bornholm,6: energiø bornholm,
6,energiø bornholm,6: energiø bornholm,
6,energiø bornholm,6: energiø bornholm,
6,energiø bornholm,6: energiø bornholm,
6,energiø bornholm,6: energiø bornholm,
6,energiø bornholm,6: energiø bornholm,
6,energiø bornholm,6: energiø bornholm,
6,energiø bornholm,6: energiø bornholm,
6,energiø bornholm,6: energiø bornholm,
6,energiø bornholm,6: energiø bornholm,
6,energiø bornholm,6: energiø bornholm,
6,energiø bornholm,6: energiø bornholm,
6,energiø bornholm,6: energiø bornholm,
6,energiø bornholm,6: energiø bornholm,
6,energiø bornholm,6: energiø bornholm,
6,energiø bornholm,6: energiø bornholm,
6,energiø bornholm,6: energiø bornholm,
6,energiø bornholm,6: energiø bornholm,
6,energiø bornholm,6: energiø bornholm,
6,energiø bornholm,6: energiø bornholm,
6,energiø bornholm,6: energiø bornholm,
6,energiø bornholm,6: energiø bornholm,
6,energiø bornholm,6: energiø bornholm,
6,energiø bornholm,6: energiø bornholm,
2,municip council,2: municip council,
2,municip council,2: municip council,
2,municip council,2: municip council,
2,municip council,2: municip council,
2,municip council,2: municip council,
2,municip council,2: municip council,
2,municip council,2: municip council,
2,municip council,2: municip council,
2,municip council,2: municip council,
2,municip council,2: municip council,
2,municip council,2: municip council,
2,municip council,2: municip council,
2,municip council,2: municip council,
2,municip council,2: municip council,
2,municip council,2: municip council,
2,municip council,2: municip council,
2,municip council,2: municip council,
2,municip council,2: municip council,
2,municip council,2: municip council,
2,municip council,2: municip council,
2,municip council,2: municip council,
2,municip council,2: municip council,
2,municip council,2: municip council,
2,municip council,2: municip council,
2,municip council,2: municip council,
2,municip council,2: municip council,
2,municip council,2: municip council,
2,municip council,2: municip council,
2,municip council,2: municip council,
2,municip council,2: municip council,
2,municip council,2: municip council,
2,municip council,2: municip council,
2,municip council,2: municip council,
2,municip council,2: municip council,
2,municip council,2: municip council,
2,municip council,2: municip council,
2,municip council,2: municip council,
2,municip council,2: municip council,
2,municip council,2: municip council,
2,municip council,2: municip council,
2,municip council,2: municip council,
2,municip council,2: municip council,
2,municip council,2: municip council,
2,municip council,2: municip council,
2,municip council,2: municip council,
2,municip council,2: municip council,
2,municip council,2: municip council,
2,municip council,2: municip council,
2,municip council,2: municip council,
2,municip council,2: municip council,
2,municip council,2: municip council,
2,municip council,2: municip council,
2,municip council,2: municip council,
2,municip council,2: municip council,
2,municip council,2: municip council,
2,municip council,2: municip council,
2,municip council,2: municip council,
2,municip council,2: municip council,
2,municip council,2: municip council,
2,municip council,2: municip council,
2,municip council,2: municip council,
2,municip council,2: municip council,
2,municip council,2: municip council,
2,municip council,2: municip council,
2,municip council,2: municip council,
2,municip council,2: municip council,
2,municip council,2: municip council,
2,municip council,2: municip council,
2,municip council,2: municip council,
2,municip council,2: municip council,
2,municip council,2: municip council,
2,municip council,2: municip council,
2,municip council,2: municip council,
2,municip council,2: municip council,
2,municip council,2: municip council,
2,municip council,2: municip council,
2,municip council,2: municip council,
2,municip council,2: municip council,
2,municip council,2: municip council,
2,municip council,2: municip council,
2,municip council,2: municip council,
2,municip council,2: municip council,
2,municip council,2: municip council,
2,municip council,2: municip council,
2,municip council,2: municip council,
2,municip council,2: municip council,
2,municip council,2: municip council,
2,municip council,2: municip council,
2,municip council,2: municip council,
2,municip council,2: municip council,
2,municip council,2: municip council,
2,municip council,2: municip council,
2,municip council,2: municip council,
2,municip council,2: municip council,
2,municip council,2: municip council,
2,municip council,2: municip council,
2,municip council,2: municip council,
2,municip council,2: municip council,
2,municip council,2: municip council,
2,municip council,2: municip council,
2,municip council,2: municip council,
2,municip council,2: municip council,
2,municip council,2: municip council,
2,municip council,2: municip council,
2,municip council,2: municip council,
2,municip council,2: municip council,
2,municip council,2: municip council,
2,municip council,2: municip council,
2,municip council,2: municip council,
2,municip council,2: municip council,
2,municip council,2: municip council,
2,municip council,2: municip council,
2,municip council,2: municip council,
2,municip council,2: municip council,
2,municip council,2: municip council,
2,municip council,2: municip council,
2,municip council,2: municip council,
2,municip council,2: municip council,
2,municip council,2: municip council,
2,municip council,2: municip council,
2,municip council,2: municip council,
2,municip council,2: municip council,
2,municip council,2: municip council,
2,municip council,2: municip council,
2,municip council,2: municip council,
2,municip council,2: municip council,
2,municip council,2: municip council,
2,municip council,2: municip council,
2,municip council,2: municip council,
2,municip council,2: municip council,
2,municip council,2: municip council,
2,municip council,2: municip council,
2,municip council,2: municip council,
2,municip council,2: municip council,
2,municip council,2: municip council,
2,municip council,2: municip council,
2,municip council,2: municip council,
2,municip council,2: municip council,
2,municip council,2: municip council,
2,municip council,2: municip council,
2,municip council,2: municip council,
2,municip council,2: municip council,
2,municip council,2: municip council,
2,municip council,2: municip council,
2,municip council,2: municip council,
2,municip council,2: municip council,
2,municip council,2: municip council,
2,municip council,2: municip council,
2,municip council,2: municip council,
2,municip council,2: municip council,
2,municip council,2: municip council,
2,municip council,2: municip council,
2,municip council,2: municip council,
2,municip council,2: municip council,
2,municip council,2: municip council,
2,municip council,2: municip council,
2,municip council,2: municip council,
2,municip council,2: municip council,
2,municip council,2: municip council,
2,municip council,2: municip council,
2,municip council,2: municip council,
2,municip council,2: municip council,
2,municip council,2: municip council,
2,municip council,2: municip council,
2,municip council,2: municip council,
2,municip council,2: municip council,
2,municip council,2: municip council,
2,municip council,2: municip council,
2,municip council,2: municip council,
2,municip council,2: municip council,
2,municip council,2: municip council,
2,municip council,2: municip council,
2,municip council,2: municip council,
2,municip council,2: municip council,
2,municip council,2: municip council,
2,municip council,2: municip council,
2,municip council,2: municip council,
2,municip council,2: municip council,
2,municip council,2: municip council,
2,municip council,2: municip council,
2,municip council,2: municip council,
2,municip council,2: municip council,
2,municip council,2: municip council,
2,municip council,2: municip council,
2,municip council,2: municip council,
2,municip council,2: municip council,
2,municip council,2: municip council,
2,municip council,2: municip council,
2,municip council,2: municip council,
2,municip council,2: municip council,
2,municip council,2: municip council,
2,municip council,2: municip council,
2,municip council,2: municip council,
2,municip council,2: municip council,
2,municip council,2: municip council,
2,municip council,2: municip council,
2,municip council,2: municip council,
2,municip council,2: municip council,
2,municip council,2: municip council,
2,municip council,2: municip council,
2,municip council,2: municip council,
2,municip council,2: municip council,
2,municip council,2: municip council,
2,municip council,2: municip council,
2,municip council,2: municip council,
2,municip council,2: municip council,
2,municip council,2: municip council,
2,municip council,2: municip council,
2,municip council,2: municip council,
2,municip council,2: municip council,
2,municip council,2: municip council,
2,municip council,2: municip council,
2,municip council,2: municip council,
2,municip council,2: municip council,
2,municip council,2: municip council,
2,municip council,2: municip council,
2,municip council,2: municip council,
2,municip council,2: municip council,
2,municip council,2: municip council,
2,municip council,2: municip council,
2,municip council,2: municip council,
2,municip council,2: municip council,
2,municip council,2: municip council,
2,municip council,2: municip council,
2,municip council,2: municip council,
2,municip council,2: municip council,
2,municip council,2: municip council,
2,municip council,2: municip council,
2,municip council,2: municip council,
2,municip council,2: municip council,
2,municip council,2: municip council,
2,municip council,2: municip council,
2,municip council,2: municip council,
2,municip council,2: municip council,
2,municip council,2: municip council,
2,municip council,2: municip council,
2,municip council,2: municip council,
2,municip council,2: municip council,
2,municip council,2: municip council,
2,municip council,2: municip council,
2,municip council,2: municip council,
2,municip council,2: municip council,
2,municip council,2: municip council,
2,municip council,2: municip council,
2,municip council,2: municip council,
2,municip council,2: municip council,
2,municip council,2: municip council,
2,municip council,2: municip council,
2,municip council,2: municip council,
2,municip council,2: municip council,
2,municip council,2: municip council,
2,municip council,2: municip council,
2,municip council,2: municip council,
2,municip council,2: municip council,
2,municip council,2: municip council,
2,municip council,2: municip council,
2,municip council,2: municip council,
2,municip council,2: municip council,
2,municip council,2: municip council,
2,municip council,2: municip council,
2,municip council,2: municip council,
2,municip council,2: municip council,
2,municip council,2: municip council,
2,municip council,2: municip council,
2,municip council,2: municip council,
2,municip council,2: municip council,
2,municip council,2: municip council,
2,municip council,2: municip council,
2,municip council,2: municip council,
2,municip council,2: municip council,
2,municip council,2: municip council,
2,municip council,2: municip council,
2,municip council,2: municip council,
2,municip council,2: municip council,
2,municip council,2: municip council,
2,municip council,2: municip council,
2,municip council,2: municip council,
2,municip council,2: municip council,
2,municip council,2: municip council,
2,municip council,2: municip council,
2,municip council,2: municip council,
2,municip council,2: municip council,
2,municip council,2: municip council,
2,municip council,2: municip council,
2,municip council,2: municip council,
2,municip council,2: municip council,
2,municip council,2: municip council,
2,municip council,2: municip council,
2,municip council,2: municip council,
2,municip council,2: municip council,
2,municip council,2: municip council,
2,municip council,2: municip council,
2,municip council,2: municip council,
2,municip council,2: municip council,
2,municip council,2: municip council,
2,municip council,2: municip council,
2,municip council,2: municip council,
2,municip council,2: municip council,
2,municip council,2: municip council,
2,municip council,2: municip council,
2,municip council,2: municip council,
2,municip council,2: municip council,
2,municip council,2: municip council,
2,municip council,2: municip council,
2,municip council,2: municip council,
2,municip council,2: municip council,
2,municip council,2: municip council,
2,municip council,2: municip council,
2,municip council,2: municip council,
2,municip council,2: municip council,
2,municip council,2: municip council,
2,municip council,2: municip council,
6,energiø bornholm,6: energiø bornholm,
6,energiø bornholm,6: energiø bornholm,
6,energiø bornholm,6: energiø bornholm,
6,energiø bornholm,6: energiø bornholm,
6,energiø bornholm,6: energiø bornholm,
6,energiø bornholm,6: energiø bornholm,
6,energiø bornholm,6: energiø bornholm,
6,energiø bornholm,6: energiø bornholm,
6,energiø bornholm,6: energiø bornholm,
6,energiø bornholm,6: energiø bornholm,
6,energiø bornholm,6: energiø bornholm,
6,energiø bornholm,6: energiø bornholm,
6,energiø bornholm,6: energiø bornholm,
6,energiø bornholm,6: energiø bornholm,
6,energiø bornholm,6: energiø bornholm,
6,energiø bornholm,6: energiø bornholm,
6,energiø bornholm,6: energiø bornholm,
6,energiø bornholm,6: energiø bornholm,
6,energiø bornholm,6: energiø bornholm,
6,energiø bornholm,6: energiø bornholm,
6,energiø bornholm,6: energiø bornholm,
6,energiø bornholm,6: energiø bornholm,
6,energiø bornholm,6: energiø bornholm,
6,energiø bornholm,6: energiø bornholm,
6,energiø bornholm,6: energiø bornholm,
6,energiø bornholm,6: energiø bornholm,
6,energiø bornholm,6: energiø bornholm,
6,energiø bornholm,6: energiø bornholm,
6,energiø bornholm,6: energiø bornholm,
6,energiø bornholm,6: energiø bornholm,
6,energiø bornholm,6: energiø bornholm,
6,energiø bornholm,6: energiø bornholm,
6,energiø bornholm,6: energiø bornholm,
6,energiø bornholm,6: energiø bornholm,
6,energiø bornholm,6: energiø bornholm,
6,energiø bornholm,6: energiø bornholm,
6,energiø bornholm,6: energiø bornholm,
6,energiø bornholm,6: energiø bornholm,
6,energiø bornholm,6: energiø bornholm,
6,energiø bornholm,6: energiø bornholm,
6,energiø bornholm,6: energiø bornholm,
6,energiø bornholm,6: energiø bornholm,
6,energiø bornholm,6: energiø bornholm,
6,energiø bornholm,6: energiø bornholm,
6,energiø bornholm,6: energiø bornholm,
6,energiø bornholm,6: energiø bornholm,
6,energiø bornholm,6: energiø bornholm,
6,energiø bornholm,6: energiø bornholm,
6,energiø bornholm,6: energiø bornholm,
6,energiø bornholm,6: energiø bornholm,
6,energiø bornholm,6: energiø bornholm,
6,energiø bornholm,6: energiø bornholm,
6,energiø bornholm,6: energiø bornholm,
6,energiø bornholm,6: energiø bornholm,
6,energiø bornholm,6: energiø bornholm,
6,energiø bornholm,6: energiø bornholm,
6,energiø bornholm,6: energiø bornholm,
6,energiø bornholm,6: energiø bornholm,
6,energiø bornholm,6: energiø bornholm,
6,energiø bornholm,6: energiø bornholm,
6,energiø bornholm,6: energiø bornholm,
6,energiø bornholm,6: energiø bornholm,
6,energiø bornholm,6: energiø bornholm,
6,energiø bornholm,6: energiø bornholm,
6,energiø bornholm,6: energiø bornholm,
6,energiø bornholm,6: energiø bornholm,
6,energiø bornholm,6: energiø bornholm,
6,energiø bornholm,6: energiø bornholm,
6,energiø bornholm,6: energiø bornholm,
6,energiø bornholm,6: energiø bornholm,
6,energiø bornholm,6: energiø bornholm,
6,energiø bornholm,6: energiø bornholm,
6,energiø bornholm,6: energiø bornholm,
6,energiø bornholm,6: energiø bornholm,
6,energiø bornholm,6: energiø bornholm,
6,energiø bornholm,6: energiø bornholm,
6,energiø bornholm,6: energiø bornholm,
6,energiø bornholm,6: energiø bornholm,
6,energiø bornholm,6: energiø bornholm,
6,energiø bornholm,6: energiø bornholm,
6,energiø bornholm,6: energiø bornholm,
6,energiø bornholm,6: energiø bornholm,
6,energiø bornholm,6: energiø bornholm,
6,energiø bornholm,6: energiø bornholm,
6,energiø bornholm,6: energiø bornholm,
6,energiø bornholm,6: energiø bornholm,
6,energiø bornholm,6: energiø bornholm,
6,energiø bornholm,6: energiø bornholm,
6,energiø bornholm,6: energiø bornholm,
6,energiø bornholm,6: energiø bornholm,
6,energiø bornholm,6: energiø bornholm,
6,energiø bornholm,6: energiø bornholm,
6,energiø bornholm,6: energiø bornholm,
6,energiø bornholm,6: energiø bornholm,
6,energiø bornholm,6: energiø bornholm,
6,energiø bornholm,6: energiø bornholm,
6,energiø bornholm,6: energiø bornholm,
6,energiø bornholm,6: energiø bornholm,
6,energiø bornholm,6: energiø bornholm,
6,energiø bornholm,6: energiø bornholm,
6,energiø bornholm,6: energiø bornholm,
6,energiø bornholm,6: energiø bornholm,
6,energiø bornholm,6: energiø bornholm,
6,energiø bornholm,6: energiø bornholm,
6,energiø bornholm,6: energiø bornholm,
6,energiø bornholm,6: energiø bornholm,
6,energiø bornholm,6: energiø bornholm,
6,energiø bornholm,6: energiø bornholm,
6,energiø bornholm,6: energiø bornholm,
6,energiø bornholm,6: energiø bornholm,
6,energiø bornholm,6: energiø bornholm,
6,energiø bornholm,6: energiø bornholm,
6,energiø bornholm,6: energiø bornholm,
6,energiø bornholm,6: energiø bornholm,
6,energiø bornholm,6: energiø bornholm,
6,energiø bornholm,6: energiø bornholm,
6,energiø bornholm,6: energiø bornholm,
6,energiø bornholm,6: energiø bornholm,
6,energiø bornholm,6: energiø bornholm,
6,energiø bornholm,6: energiø bornholm,
6,energiø bornholm,6: energiø bornholm,
6,energiø bornholm,6: energiø bornholm,
6,energiø bornholm,6: energiø bornholm,
6,energiø bornholm,6: energiø bornholm,
6,energiø bornholm,6: energiø bornholm,
6,energiø bornholm,6: energiø bornholm,
6,energiø bornholm,6: energiø bornholm,
6,energiø bornholm,6: energiø bornholm,
6,energiø bornholm,6: energiø bornholm,
6,energiø bornholm,6: energiø bornholm,
6,energiø bornholm,6: energiø bornholm,
6,energiø bornholm,6: energiø bornholm,
6,energiø bornholm,6: energiø bornholm,
6,energiø bornholm,6: energiø bornholm,
6,energiø bornholm,6: energiø bornholm,
6,energiø bornholm,6: energiø bornholm,
6,energiø bornholm,6: energiø bornholm,
6,energiø bornholm,6: energiø bornholm,
6,energiø bornholm,6: energiø bornholm,
6,energiø bornholm,6: energiø bornholm,
6,energiø bornholm,6: energiø bornholm,
6,energiø bornholm,6: energiø bornholm,
6,energiø bornholm,6: energiø bornholm,
6,energiø bornholm,6: energiø bornholm,
6,energiø bornholm,6: energiø bornholm,
6,energiø bornholm,6: energiø bornholm,
6,energiø bornholm,6: energiø bornholm,
6,energiø bornholm,6: energiø bornholm,
6,energiø bornholm,6: energiø bornholm,
6,energiø bornholm,6: energiø bornholm,
6,energiø bornholm,6: energiø bornholm,
6,energiø bornholm,6: energiø bornholm,
6,energiø bornholm,6: energiø bornholm,
6,energiø bornholm,6: energiø bornholm,
6,energiø bornholm,6: energiø bornholm,
6,energiø bornholm,6: energiø bornholm,
6,energiø bornholm,6: energiø bornholm,
6,energiø bornholm,6: energiø bornholm,
6,energiø bornholm,6: energiø bornholm,
6,energiø bornholm,6: energiø bornholm,
6,energiø bornholm,6: energiø bornholm,
6,energiø bornholm,6: energiø bornholm,
6,energiø bornholm,6: energiø bornholm,
6,energiø bornholm,6: energiø bornholm,
6,energiø bornholm,6: energiø bornholm,
6,energiø bornholm,6: energiø bornholm,
6,energiø bornholm,6: energiø bornholm,
6,energiø bornholm,6: energiø bornholm,
6,energiø bornholm,6: energiø bornholm,
6,energiø bornholm,6: energiø bornholm,
6,energiø bornholm,6: energiø bornholm,
8,wind turbin,8: wind turbin,
8,wind turbin,8: wind turbin,
8,wind turbin,8: wind turbin,
8,wind turbin,8: wind turbin,
8,wind turbin,8: wind turbin,
8,wind turbin,8: wind turbin,
8,wind turbin,8: wind turbin,
8,wind turbin,8: wind turbin,
8,wind turbin,8: wind turbin,
8,wind turbin,8: wind turbin,
8,wind turbin,8: wind turbin,
8,wind turbin,8: wind turbin,
8,wind turbin,8: wind turbin,
8,wind turbin,8: wind turbin,
8,wind turbin,8: wind turbin,
8,wind turbin,8: wind turbin,
8,wind turbin,8: wind turbin,
8,wind turbin,8: wind turbin,
8,wind turbin,8: wind turbin,
8,wind turbin,8: wind turbin,
8,wind turbin,8: wind turbin,
8,wind turbin,8: wind turbin,
8,wind turbin,8: wind turbin,
8,wind turbin,8: wind turbin,
8,wind turbin,8: wind turbin,
8,wind turbin,8: wind turbin,
8,wind turbin,8: wind turbin,
8,wind turbin,8: wind turbin,
8,wind turbin,8: wind turbin,
8,wind turbin,8: wind turbin,
8,wind turbin,8: wind turbin,
8,wind turbin,8: wind turbin,
8,wind turbin,8: wind turbin,
8,wind turbin,8: wind turbin,
8,wind turbin,8: wind turbin,
8,wind turbin,8: wind turbin,
8,wind turbin,8: wind turbin,
8,wind turbin,8: wind turbin,
8,wind turbin,8: wind turbin,
8,wind turbin,8: wind turbin,
8,wind turbin,8: wind turbin,
8,wind turbin,8: wind turbin,
8,wind turbin,8: wind turbin,
8,wind turbin,8: wind turbin,
8,wind turbin,8: wind turbin,
8,wind turbin,8: wind turbin,
8,wind turbin,8: wind turbin,
8,wind turbin,8: wind turbin,
8,wind turbin,8: wind turbin,
8,wind turbin,8: wind turbin,
8,wind turbin,8: wind turbin,
8,wind turbin,8: wind turbin,
8,wind turbin,8: wind turbin,
8,wind turbin,8: wind turbin,
8,wind turbin,8: wind turbin,
8,wind turbin,8: wind turbin,
8,wind turbin,8: wind turbin,
8,wind turbin,8: wind turbin,
8,wind turbin,8: wind turbin,
8,wind turbin,8: wind turbin,
8,wind turbin,8: wind turbin,
8,wind turbin,8: wind turbin,
8,wind turbin,8: wind turbin,
8,wind turbin,8: wind turbin,
8,wind turbin,8: wind turbin,
8,wind turbin,8: wind turbin,
8,wind turbin,8: wind turbin,
8,wind turbin,8: wind turbin,
8,wind turbin,8: wind turbin,
8,wind turbin,8: wind turbin,
8,wind turbin,8: wind turbin,
8,wind turbin,8: wind turbin,
8,wind turbin,8: wind turbin,
8,wind turbin,8: wind turbin,
8,wind turbin,8: wind turbin,
8,wind turbin,8: wind turbin,
8,wind turbin,8: wind turbin,
8,wind turbin,8: wind turbin,
8,wind turbin,8: wind turbin,
8,wind turbin,8: wind turbin,
8,wind turbin,8: wind turbin,
8,wind turbin,8: wind turbin,
8,wind turbin,8: wind turbin,
8,wind turbin,8: wind turbin,
8,wind turbin,8: wind turbin,
8,wind turbin,8: wind turbin,
8,wind turbin,8: wind turbin,
8,wind turbin,8: wind turbin,
8,wind turbin,8: wind turbin,
8,wind turbin,8: wind turbin,
8,wind turbin,8: wind turbin,
8,wind turbin,8: wind turbin,
8,wind turbin,8: wind turbin,
8,wind turbin,8: wind turbin,
8,wind turbin,8: wind turbin,
8,wind turbin,8: wind turbin,
8,wind turbin,8: wind turbin,
8,wind turbin,8: wind turbin,
8,wind turbin,8: wind turbin,
8,wind turbin,8: wind turbin,
8,wind turbin,8: wind turbin,
8,wind turbin,8: wind turbin,
8,wind turbin,8: wind turbin,
8,wind turbin,8: wind turbin,
8,wind turbin,8: wind turbin,
8,wind turbin,8: wind turbin,
8,wind turbin,8: wind turbin,
8,wind turbin,8: wind turbin,
8,wind turbin,8: wind turbin,
8,wind turbin,8: wind turbin,
8,wind turbin,8: wind turbin,
8,wind turbin,8: wind turbin,
8,wind turbin,8: wind turbin,
8,wind turbin,8: wind turbin,
8,wind turbin,8: wind turbin,
8,wind turbin,8: wind turbin,
8,wind turbin,8: wind turbin,
8,wind turbin,8: wind turbin,
8,wind turbin,8: wind turbin,
8,wind turbin,8: wind turbin,
8,wind turbin,8: wind turbin,
8,wind turbin,8: wind turbin,
8,wind turbin,8: wind turbin,
8,wind turbin,8: wind turbin,
8,wind turbin,8: wind turbin,
8,wind turbin,8: wind turbin,
8,wind turbin,8: wind turbin,
8,wind turbin,8: wind turbin,
8,wind turbin,8: wind turbin,
8,wind turbin,8: wind turbin,
6,energiø bornholm,6: energiø bornholm,
6,energiø bornholm,6: energiø bornholm,
6,energiø bornholm,6: energiø bornholm,
6,energiø bornholm,6: energiø bornholm,
6,energiø bornholm,6: energiø bornholm,
6,energiø bornholm,6: energiø bornholm,
6,energiø bornholm,6: energiø bornholm,
6,energiø bornholm,6: energiø bornholm,
6,energiø bornholm,6: energiø bornholm,
6,energiø bornholm,6: energiø bornholm,
6,energiø bornholm,6: energiø bornholm,
6,energiø bornholm,6: energiø bornholm,
6,energiø bornholm,6: energiø bornholm,
6,energiø bornholm,6: energiø bornholm,
6,energiø bornholm,6: energiø bornholm,
6,energiø bornholm,6: energiø bornholm,
6,energiø bornholm,6: energiø bornholm,
6,energiø bornholm,6: energiø bornholm,
6,energiø bornholm,6: energiø bornholm,
6,energiø bornholm,6: energiø bornholm,
6,energiø bornholm,6: energiø bornholm,
6,energiø bornholm,6: energiø bornholm,
6,energiø bornholm,6: energiø bornholm,
6,energiø bornholm,6: energiø bornholm,
6,energiø bornholm,6: energiø bornholm,
6,energiø bornholm,6: energiø bornholm,
6,energiø bornholm,6: energiø bornholm,
6,energiø bornholm,6: energiø bornholm,
6,energiø bornholm,6: energiø bornholm,
6,energiø bornholm,6: energiø bornholm,
6,energiø bornholm,6: energiø bornholm,
6,energiø bornholm,6: energiø bornholm,
6,energiø bornholm,6: energiø bornholm,
6,energiø bornholm,6: energiø bornholm,
6,energiø bornholm,6: energiø bornholm,
6,energiø bornholm,6: energiø bornholm,
6,energiø bornholm,6: energiø bornholm,
6,energiø bornholm,6: energiø bornholm,
6,energiø bornholm,6: energiø bornholm,
6,energiø bornholm,6: energiø bornholm,
6,energiø bornholm,6: energiø bornholm,
6,energiø bornholm,6: energiø bornholm,
6,energiø bornholm,6: energiø bornholm,
6,energiø bornholm,6: energiø bornholm,
6,energiø bornholm,6: energiø bornholm,
6,energiø bornholm,6: energiø bornholm,
6,energiø bornholm,6: energiø bornholm,
6,energiø bornholm,6: energiø bornholm,
6,energiø bornholm,6: energiø bornholm,
6,energiø bornholm,6: energiø bornholm,
6,energiø bornholm,6: energiø bornholm,
6,energiø bornholm,6: energiø bornholm,
6,energiø bornholm,6: energiø bornholm,
6,energiø bornholm,6: energiø bornholm,
6,energiø bornholm,6: energiø bornholm,
6,energiø bornholm,6: energiø bornholm,
6,energiø bornholm,6: energiø bornholm,
6,energiø bornholm,6: energiø bornholm,
6,energiø bornholm,6: energiø bornholm,
6,energiø bornholm,6: energiø bornholm,
6,energiø bornholm,6: energiø bornholm,
6,energiø bornholm,6: energiø bornholm,
6,energiø bornholm,6: energiø bornholm,
6,energiø bornholm,6: energiø bornholm,
6,energiø bornholm,6: energiø bornholm,
6,energiø bornholm,6: energiø bornholm,
6,energiø bornholm,6: energiø bornholm,
6,energiø bornholm,6: energiø bornholm,
6,energiø bornholm,6: energiø bornholm,
6,energiø bornholm,6: energiø bornholm,
6,energiø bornholm,6: energiø bornholm,
6,energiø bornholm,6: energiø bornholm,
6,energiø bornholm,6: energiø bornholm,
6,energiø bornholm,6: energiø bornholm,
6,energiø bornholm,6: energiø bornholm,
6,energiø bornholm,6: energiø bornholm,
6,energiø bornholm,6: energiø bornholm,
6,energiø bornholm,6: energiø bornholm,
6,energiø bornholm,6: energiø bornholm,
6,energiø bornholm,6: energiø bornholm,
6,energiø bornholm,6: energiø bornholm,
6,energiø bornholm,6: energiø bornholm,
6,energiø bornholm,6: energiø bornholm,
6,energiø bornholm,6: energiø bornholm,
6,energiø bornholm,6: energiø bornholm,
6,energiø bornholm,6: energiø bornholm,
6,energiø bornholm,6: energiø bornholm,
6,energiø bornholm,6: energiø bornholm,
6,energiø bornholm,6: energiø bornholm,
6,energiø bornholm,6: energiø bornholm,
6,energiø bornholm,6: energiø bornholm,
6,energiø bornholm,6: energiø bornholm,
6,energiø bornholm,6: energiø bornholm,
6,energiø bornholm,6: energiø bornholm,
6,energiø bornholm,6: energiø bornholm,
6,energiø bornholm,6: energiø bornholm,
6,energiø bornholm,6: energiø bornholm,
6,energiø bornholm,6: energiø bornholm,
6,energiø bornholm,6: energiø bornholm,
6,energiø bornholm,6: energiø bornholm,
6,energiø bornholm,6: energiø bornholm,
6,energiø bornholm,6: energiø bornholm,
6,energiø bornholm,6: energiø bornholm,
6,energiø bornholm,6: energiø bornholm,
6,energiø bornholm,6: energiø bornholm,
6,energiø bornholm,6: energiø bornholm,
6,energiø bornholm,6: energiø bornholm,
6,energiø bornholm,6: energiø bornholm,
6,energiø bornholm,6: energiø bornholm,
6,energiø bornholm,6: energiø bornholm,
6,energiø bornholm,6: energiø bornholm,
6,energiø bornholm,6: energiø bornholm,
6,energiø bornholm,6: energiø bornholm,
6,energiø bornholm,6: energiø bornholm,
6,energiø bornholm,6: energiø bornholm,
6,energiø bornholm,6: energiø bornholm,
6,energiø bornholm,6: energiø bornholm,
6,energiø bornholm,6: energiø bornholm,
6,energiø bornholm,6: energiø bornholm,
6,energiø bornholm,6: energiø bornholm,
6,energiø bornholm,6: energiø bornholm,
6,energiø bornholm,6: energiø bornholm,
6,energiø bornholm,6: energiø bornholm,
6,energiø bornholm,6: energiø bornholm,
6,energiø bornholm,6: energiø bornholm,
6,energiø bornholm,6: energiø bornholm,
6,energiø bornholm,6: energiø bornholm,
6,energiø bornholm,6: energiø bornholm,
6,energiø bornholm,6: energiø bornholm,
6,energiø bornholm,6: energiø bornholm,
6,energiø bornholm,6: energiø bornholm,
6,energiø bornholm,6: energiø bornholm,
6,energiø bornholm,6: energiø bornholm,
6,energiø bornholm,6: energiø bornholm,
6,energiø bornholm,6: energiø bornholm,
6,energiø bornholm,6: energiø bornholm,
6,energiø bornholm,6: energiø bornholm,
6,energiø bornholm,6: energiø bornholm,
6,energiø bornholm,6: energiø bornholm,
6,energiø bornholm,6: energiø bornholm,
6,energiø bornholm,6: energiø bornholm,
6,energiø bornholm,6: energiø bornholm,
6,energiø bornholm,6: energiø bornholm,
6,energiø bornholm,6: energiø bornholm,
6,energiø bornholm,6: energiø bornholm,
6,energiø bornholm,6: energiø bornholm,
6,energiø bornholm,6: energiø bornholm,
6,energiø bornholm,6: energiø bornholm,
6,energiø bornholm,6: energiø bornholm,
6,energiø bornholm,6: energiø bornholm,
6,energiø bornholm,6: energiø bornholm,
6,energiø bornholm,6: energiø bornholm,
6,energiø bornholm,6: energiø bornholm,
6,energiø bornholm,6: energiø bornholm,
6,energiø bornholm,6: energiø bornholm,
6,energiø bornholm,6: energiø bornholm,
6,energiø bornholm,6: energiø bornholm,
6,energiø bornholm,6: energiø bornholm,
6,energiø bornholm,6: energiø bornholm,
6,energiø bornholm,6: energiø bornholm,
6,energiø bornholm,6: energiø bornholm,
6,energiø bornholm,6: energiø bornholm,
6,energiø bornholm,6: energiø bornholm,
6,energiø bornholm,6: energiø bornholm,
6,energiø bornholm,6: energiø bornholm,
6,energiø bornholm,6: energiø bornholm,
6,energiø bornholm,6: energiø bornholm,
6,energiø bornholm,6: energiø bornholm,
6,energiø bornholm,6: energiø bornholm,
6,energiø bornholm,6: energiø bornholm,
6,energiø bornholm,6: energiø bornholm,
5,offshor grid,5: offshor grid,
5,offshor grid,5: offshor grid,
5,offshor grid,5: offshor grid,
5,offshor grid,5: offshor grid,
5,offshor grid,5: offshor grid,
5,offshor grid,5: offshor grid,
5,offshor grid,5: offshor grid,
5,offshor grid,5: offshor grid,
5,offshor grid,5: offshor grid,
5,offshor grid,5: offshor grid,
5,offshor grid,5: offshor grid,
5,offshor grid,5: offshor grid,
5,offshor grid,5: offshor grid,
5,offshor grid,5: offshor grid,
5,offshor grid,5: offshor grid,
5,offshor grid,5: offshor grid,
5,offshor grid,5: offshor grid,
5,offshor grid,5: offshor grid,
5,offshor grid,5: offshor grid,
5,offshor grid,5: offshor grid,
5,offshor grid,5: offshor grid,
5,offshor grid,5: offshor grid,
5,offshor grid,5: offshor grid,
5,offshor grid,5: offshor grid,
5,offshor grid,5: offshor grid,
5,offshor grid,5: offshor grid,
5,offshor grid,5: offshor grid,
5,offshor grid,5: offshor grid,
5,offshor grid,5: offshor grid,
5,offshor grid,5: offshor grid,
5,offshor grid,5: offshor grid,
5,offshor grid,5: offshor grid,
5,offshor grid,5: offshor grid,
5,offshor grid,5: offshor grid,
5,offshor grid,5: offshor grid,
5,offshor grid,5: offshor grid,
5,offshor grid,5: offshor grid,
5,offshor grid,5: offshor grid,
5,offshor grid,5: offshor grid,
5,offshor grid,5: offshor grid,
5,offshor grid,5: offshor grid,
5,offshor grid,5: offshor grid,
5,offshor grid,5: offshor grid,
5,offshor grid,5: offshor grid,
5,offshor grid,5: offshor grid,
5,offshor grid,5: offshor grid,
5,offshor grid,5: offshor grid,
5,offshor grid,5: offshor grid,
5,offshor grid,5: offshor grid,
5,offshor grid,5: offshor grid,
5,offshor grid,5: offshor grid,
5,offshor grid,5: offshor grid,
5,offshor grid,5: offshor grid,
5,offshor grid,5: offshor grid,
5,offshor grid,5: offshor grid,
5,offshor grid,5: offshor grid,
5,offshor grid,5: offshor grid,
5,offshor grid,5: offshor grid,
5,offshor grid,5: offshor grid,
5,offshor grid,5: offshor grid,
5,offshor grid,5: offshor grid,
5,offshor grid,5: offshor grid,
5,offshor grid,5: offshor grid,
5,offshor grid,5: offshor grid,
5,offshor grid,5: offshor grid,
5,offshor grid,5: offshor grid,
5,offshor grid,5: offshor grid,
5,offshor grid,5: offshor grid,
5,offshor grid,5: offshor grid,
5,offshor grid,5: offshor grid,
5,offshor grid,5: offshor grid,
5,offshor grid,5: offshor grid,
5,offshor grid,5: offshor grid,
5,offshor grid,5: offshor grid,
5,offshor grid,5: offshor grid,
5,offshor grid,5: offshor grid,
5,offshor grid,5: offshor grid,
5,offshor grid,5: offshor grid,
5,offshor grid,5: offshor grid,
5,offshor grid,5: offshor grid,
5,offshor grid,5: offshor grid,
5,offshor grid,5: offshor grid,
5,offshor grid,5: offshor grid,
5,offshor grid,5: offshor grid,
5,offshor grid,5: offshor grid,
5,offshor grid,5: offshor grid,
5,offshor grid,5: offshor grid,
5,offshor grid,5: offshor grid,
5,offshor grid,5: offshor grid,
5,offshor grid,5: offshor grid,
5,offshor grid,5: offshor grid,
5,offshor grid,5: offshor grid,
5,offshor grid,5: offshor grid,
5,offshor grid,5: offshor grid,
5,offshor grid,5: offshor grid,
5,offshor grid,5: offshor grid,
5,offshor grid,5: offshor grid,
5,offshor grid,5: offshor grid,
5,offshor grid,5: offshor grid,
5,offshor grid,5: offshor grid,
5,offshor grid,5: offshor grid,
5,offshor grid,5: offshor grid,
5,offshor grid,5: offshor grid,
5,offshor grid,5: offshor grid,
5,offshor grid,5: offshor grid,
5,offshor grid,5: offshor grid,
5,offshor grid,5: offshor grid,
5,offshor grid,5: offshor grid,
5,offshor grid,5: offshor grid,
5,offshor grid,5: offshor grid,
5,offshor grid,5: offshor grid,
5,offshor grid,5: offshor grid,
5,offshor grid,5: offshor grid,
5,offshor grid,5: offshor grid,
5,offshor grid,5: offshor grid,
5,offshor grid,5: offshor grid,
5,offshor grid,5: offshor grid,
5,offshor grid,5: offshor grid,
5,offshor grid,5: offshor grid,
5,offshor grid,5: offshor grid,
5,offshor grid,5: offshor grid,
5,offshor grid,5: offshor grid,
5,offshor grid,5: offshor grid,
5,offshor grid,5: offshor grid,
5,offshor grid,5: offshor grid,
5,offshor grid,5: offshor grid,
5,offshor grid,5: offshor grid,
5,offshor grid,5: offshor grid,
5,offshor grid,5: offshor grid,
5,offshor grid,5: offshor grid,
5,offshor grid,5: offshor grid,
5,offshor grid,5: offshor grid,
5,offshor grid,5: offshor grid,
5,offshor grid,5: offshor grid,
5,offshor grid,5: offshor grid,
5,offshor grid,5: offshor grid,
5,offshor grid,5: offshor grid,
5,offshor grid,5: offshor grid,
5,offshor grid,5: offshor grid,
5,offshor grid,5: offshor grid,
5,offshor grid,5: offshor grid,
5,offshor grid,5: offshor grid,
5,offshor grid,5: offshor grid,
5,offshor grid,5: offshor grid,
5,offshor grid,5: offshor grid,
5,offshor grid,5: offshor grid,
5,offshor grid,5: offshor grid,
5,offshor grid,5: offshor grid,
5,offshor grid,5: offshor grid,
5,offshor grid,5: offshor grid,
5,offshor grid,5: offshor grid,
5,offshor grid,5: offshor grid,
5,offshor grid,5: offshor grid,
5,offshor grid,5: offshor grid,
5,offshor grid,5: offshor grid,
5,offshor grid,5: offshor grid,
5,offshor grid,5: offshor grid,
5,offshor grid,5: offshor grid,
5,offshor grid,5: offshor grid,
5,offshor grid,5: offshor grid,
5,offshor grid,5: offshor grid,
5,offshor grid,5: offshor grid,
5,offshor grid,5: offshor grid,
5,offshor grid,5: offshor grid,
5,offshor grid,5: offshor grid,
5,offshor grid,5: offshor grid,
5,offshor grid,5: offshor grid,
5,offshor grid,5: offshor grid,
5,offshor grid,5: offshor grid,
5,offshor grid,5: offshor grid,
5,offshor grid,5: offshor grid,
5,offshor grid,5: offshor grid,
5,offshor grid,5: offshor grid,
5,offshor grid,5: offshor grid,
5,offshor grid,5: offshor grid,
0,energi island,0: energi island,
0,energi island,0: energi island,
0,energi island,0: energi island,
0,energi island,0: energi island,
0,energi island,0: energi island,
0,energi island,0: energi island,
0,energi island,0: energi island,
0,energi island,0: energi island,
0,energi island,0: energi island,
0,energi island,0: energi island,
0,energi island,0: energi island,
0,energi island,0: energi island,
0,energi island,0: energi island,
0,energi island,0: energi island,
0,energi island,0: energi island,
0,energi island,0: energi island,
0,energi island,0: energi island,
0,energi island,0: energi island,
0,energi island,0: energi island,
0,energi island,0: energi island,
0,energi island,0: energi island,
0,energi island,0: energi island,
0,energi island,0: energi island,
0,energi island,0: energi island,
0,energi island,0: energi island,
0,energi island,0: energi island,
0,energi island,0: energi island,
0,energi island,0: energi island,
0,energi island,0: energi island,
0,energi island,0: energi island,
0,energi island,0: energi island,
0,energi island,0: energi island,
0,energi island,0: energi island,
0,energi island,0: energi island,
0,energi island,0: energi island,
0,energi island,0: energi island,
0,energi island,0: energi island,
0,energi island,0: energi island,
0,energi island,0: energi island,
0,energi island,0: energi island,
0,energi island,0: energi island,
0,energi island,0: energi island,
0,energi island,0: energi island,
0,energi island,0: energi island,
0,energi island,0: energi island,
0,energi island,0: energi island,
0,energi island,0: energi island,
0,energi island,0: energi island,
0,energi island,0: energi island,
0,energi island,0: energi island,
0,energi island,0: energi island,
0,energi island,0: energi island,
0,energi island,0: energi island,
0,energi island,0: energi island,
0,energi island,0: energi island,
0,energi island,0: energi island,
0,energi island,0: energi island,
0,energi island,0: energi island,
0,energi island,0: energi island,
0,energi island,0: energi island,
0,energi island,0: energi island,
0,energi island,0: energi island,
0,energi island,0: energi island,
0,energi island,0: energi island,
0,energi island,0: energi island,
0,energi island,0: energi island,
0,energi island,0: energi island,
0,energi island,0: energi island,
0,energi island,0: energi island,
0,energi island,0: energi island,
0,energi island,0: energi island,
0,energi island,0: energi island,
0,energi island,0: energi island,
0,energi island,0: energi island,
0,energi island,0: energi island,
0,energi island,0: energi island,
0,energi island,0: energi island,
0,energi island,0: energi island,
0,energi island,0: energi island,
0,energi island,0: energi island,
0,energi island,0: energi island,
0,energi island,0: energi island,
0,energi island,0: energi island,
0,energi island,0: energi island,
0,energi island,0: energi island,
0,energi island,0: energi island,
0,energi island,0: energi island,
0,energi island,0: energi island,
0,energi island,0: energi island,
0,energi island,0: energi island,
0,energi island,0: energi island,
0,energi island,0: energi island,
0,energi island,0: energi island,
0,energi island,0: energi island,
0,energi island,0: energi island,
0,energi island,0: energi island,
0,energi island,0: energi island,
0,energi island,0: energi island,
0,energi island,0: energi island,
0,energi island,0: energi island,
0,energi island,0: energi island,
0,energi island,0: energi island,
0,energi island,0: energi island,
0,energi island,0: energi island,
0,energi island,0: energi island,
0,energi island,0: energi island,
0,energi island,0: energi island,
0,energi island,0: energi island,
0,energi island,0: energi island,
0,energi island,0: energi island,
0,energi island,0: energi island,
0,energi island,0: energi island,
0,energi island,0: energi island,
0,energi island,0: energi island,
0,energi island,0: energi island,
0,energi island,0: energi island,
0,energi island,0: energi island,
0,energi island,0: energi island,
0,energi island,0: energi island,
0,energi island,0: energi island,
0,energi island,0: energi island,
0,energi island,0: energi island,
0,energi island,0: energi island,
0,energi island,0: energi island,
0,energi island,0: energi island,
0,energi island,0: energi island,
0,energi island,0: energi island,
0,energi island,0: energi island,
0,energi island,0: energi island,
0,energi island,0: energi island,
0,energi island,0: energi island,
0,energi island,0: energi island,
0,energi island,0: energi island,
0,energi island,0: energi island,
0,energi island,0: energi island,
0,energi island,0: energi island,
0,energi island,0: energi island,
0,energi island,0: energi island,
0,energi island,0: energi island,
0,energi island,0: energi island,
0,energi island,0: energi island,
0,energi island,0: energi island,
0,energi island,0: energi island,
0,energi island,0: energi island,
0,energi island,0: energi island,
0,energi island,0: energi island,
0,energi island,0: energi island,
0,energi island,0: energi island,
0,energi island,0: energi island,
0,energi island,0: energi island,
0,energi island,0: energi island,
0,energi island,0: energi island,
0,energi island,0: energi island,
0,energi island,0: energi island,
0,energi island,0: energi island,
0,energi island,0: energi island,
0,energi island,0: energi island,
4,baltic sea,4: baltic sea,
4,baltic sea,4: baltic sea,
4,baltic sea,4: baltic sea,
4,baltic sea,4: baltic sea,
4,baltic sea,4: baltic sea,
4,baltic sea,4: baltic sea,
4,baltic sea,4: baltic sea,
4,baltic sea,4: baltic sea,
4,baltic sea,4: baltic sea,
4,baltic sea,4: baltic sea,
4,baltic sea,4: baltic sea,
4,baltic sea,4: baltic sea,
4,baltic sea,4: baltic sea,
4,baltic sea,4: baltic sea,
4,baltic sea,4: baltic sea,
4,baltic sea,4: baltic sea,
4,baltic sea,4: baltic sea,
4,baltic sea,4: baltic sea,
4,baltic sea,4: baltic sea,
4,baltic sea,4: baltic sea,
4,baltic sea,4: baltic sea,
4,baltic sea,4: baltic sea,
4,baltic sea,4: baltic sea,
4,baltic sea,4: baltic sea,
4,baltic sea,4: baltic sea,
4,baltic sea,4: baltic sea,
4,baltic sea,4: baltic sea,
4,baltic sea,4: baltic sea,
4,baltic sea,4: baltic sea,
4,baltic sea,4: baltic sea,
4,baltic sea,4: baltic sea,
4,baltic sea,4: baltic sea,
4,baltic sea,4: baltic sea,
4,baltic sea,4: baltic sea,
4,baltic sea,4: baltic sea,
4,baltic sea,4: baltic sea,
4,baltic sea,4: baltic sea,
4,baltic sea,4: baltic sea,
4,baltic sea,4: baltic sea,
4,baltic sea,4: baltic sea,
4,baltic sea,4: baltic sea,
4,baltic sea,4: baltic sea,
4,baltic sea,4: baltic sea,
4,baltic sea,4: baltic sea,
4,baltic sea,4: baltic sea,
4,baltic sea,4: baltic sea,
4,baltic sea,4: baltic sea,
4,baltic sea,4: baltic sea,
4,baltic sea,4: baltic sea,
4,baltic sea,4: baltic sea,
4,baltic sea,4: baltic sea,
4,baltic sea,4: baltic sea,
4,baltic sea,4: baltic sea,
4,baltic sea,4: baltic sea,
4,baltic sea,4: baltic sea,
4,baltic sea,4: baltic sea,
4,baltic sea,4: baltic sea,
4,baltic sea,4: baltic sea,
4,baltic sea,4: baltic sea,
4,baltic sea,4: baltic sea,
4,baltic sea,4: baltic sea,
4,baltic sea,4: baltic sea,
4,baltic sea,4: baltic sea,
4,baltic sea,4: baltic sea,
4,baltic sea,4: baltic sea,
4,baltic sea,4: baltic sea,
4,baltic sea,4: baltic sea,
4,baltic sea,4: baltic sea,
4,baltic sea,4: baltic sea,
4,baltic sea,4: baltic sea,
4,baltic sea,4: baltic sea,
4,baltic sea,4: baltic sea,
4,baltic sea,4: baltic sea,
4,baltic sea,4: baltic sea,
4,baltic sea,4: baltic sea,
4,baltic sea,4: baltic sea,
4,baltic sea,4: baltic sea,
4,baltic sea,4: baltic sea,
4,baltic sea,4: baltic sea,
4,baltic sea,4: baltic sea,
4,baltic sea,4: baltic sea,
4,baltic sea,4: baltic sea,
4,baltic sea,4: baltic sea,
4,baltic sea,4: baltic sea,
4,baltic sea,4: baltic sea,
4,baltic sea,4: baltic sea,
4,baltic sea,4: baltic sea,
4,baltic sea,4: baltic sea,
4,baltic sea,4: baltic sea,
4,baltic sea,4: baltic sea,
4,baltic sea,4: baltic sea,
4,baltic sea,4: baltic sea,
4,baltic sea,4: baltic sea,
4,baltic sea,4: baltic sea,
4,baltic sea,4: baltic sea,
4,baltic sea,4: baltic sea,
4,baltic sea,4: baltic sea,
4,baltic sea,4: baltic sea,
4,baltic sea,4: baltic sea,
4,baltic sea,4: baltic sea,
4,baltic sea,4: baltic sea,
4,baltic sea,4: baltic sea,
4,baltic sea,4: baltic sea,
4,baltic sea,4: baltic sea,
4,baltic sea,4: baltic sea,
4,baltic sea,4: baltic sea,
4,baltic sea,4: baltic sea,
4,baltic sea,4: baltic sea,
4,baltic sea,4: baltic sea,
4,baltic sea,4: baltic sea,
4,baltic sea,4: baltic sea,
4,baltic sea,4: baltic sea,
4,baltic sea,4: baltic sea,
4,baltic sea,4: baltic sea,
4,baltic sea,4: baltic sea,
4,baltic sea,4: baltic sea,
4,baltic sea,4: baltic sea,
4,baltic sea,4: baltic sea,
4,baltic sea,4: baltic sea,
4,baltic sea,4: baltic sea,
4,baltic sea,4: baltic sea,
4,baltic sea,4: baltic sea,
4,baltic sea,4: baltic sea,
4,baltic sea,4: baltic sea,
4,baltic sea,4: baltic sea,
4,baltic sea,4: baltic sea,
4,baltic sea,4: baltic sea,
4,baltic sea,4: baltic sea,
4,baltic sea,4: baltic sea,
4,baltic sea,4: baltic sea,
4,baltic sea,4: baltic sea,
4,baltic sea,4: baltic sea,
4,baltic sea,4: baltic sea,
4,baltic sea,4: baltic sea,
4,baltic sea,4: baltic sea,
4,baltic sea,4: baltic sea,
4,baltic sea,4: baltic sea,
4,baltic sea,4: baltic sea,
6,energiø bornholm,6: energiø bornholm,
6,energiø bornholm,6: energiø bornholm,
6,energiø bornholm,6: energiø bornholm,
6,energiø bornholm,6: energiø bornholm,
6,energiø bornholm,6: energiø bornholm,
6,energiø bornholm,6: energiø bornholm,
6,energiø bornholm,6: energiø bornholm,
6,energiø bornholm,6: energiø bornholm,
6,energiø bornholm,6: energiø bornholm,
6,energiø bornholm,6: energiø bornholm,
6,energiø bornholm,6: energiø bornholm,
6,energiø bornholm,6: energiø bornholm,
6,energiø bornholm,6: energiø bornholm,
6,energiø bornholm,6: energiø bornholm,
6,energiø bornholm,6: energiø bornholm,
6,energiø bornholm,6: energiø bornholm,
6,energiø bornholm,6: energiø bornholm,
6,energiø bornholm,6: energiø bornholm,
6,energiø bornholm,6: energiø bornholm,
6,energiø bornholm,6: energiø bornholm,
6,energiø bornholm,6: energiø bornholm,
6,energiø bornholm,6: energiø bornholm,
6,energiø bornholm,6: energiø bornholm,
6,energiø bornholm,6: energiø bornholm,
6,energiø bornholm,6: energiø bornholm,
6,energiø bornholm,6: energiø bornholm,
6,energiø bornholm,6: energiø bornholm,
6,energiø bornholm,6: energiø bornholm,
6,energiø bornholm,6: energiø bornholm,
6,energiø bornholm,6: energiø bornholm,
6,energiø bornholm,6: energiø bornholm,
6,energiø bornholm,6: energiø bornholm,
6,energiø bornholm,6: energiø bornholm,
6,energiø bornholm,6: energiø bornholm,
6,energiø bornholm,6: energiø bornholm,
6,energiø bornholm,6: energiø bornholm,
6,energiø bornholm,6: energiø bornholm,
6,energiø bornholm,6: energiø bornholm,
6,energiø bornholm,6: energiø bornholm,
6,energiø bornholm,6: energiø bornholm,
6,energiø bornholm,6: energiø bornholm,
6,energiø bornholm,6: energiø bornholm,
6,energiø bornholm,6: energiø bornholm,
6,energiø bornholm,6: energiø bornholm,
6,energiø bornholm,6: energiø bornholm,
6,energiø bornholm,6: energiø bornholm,
6,energiø bornholm,6: energiø bornholm,
6,energiø bornholm,6: energiø bornholm,
6,energiø bornholm,6: energiø bornholm,
6,energiø bornholm,6: energiø bornholm,
6,energiø bornholm,6: energiø bornholm,
6,energiø bornholm,6: energiø bornholm,
6,energiø bornholm,6: energiø bornholm,
6,energiø bornholm,6: energiø bornholm,
6,energiø bornholm,6: energiø bornholm,
6,energiø bornholm,6: energiø bornholm,
6,energiø bornholm,6: energiø bornholm,
6,energiø bornholm,6: energiø bornholm,
6,energiø bornholm,6: energiø bornholm,
6,energiø bornholm,6: energiø bornholm,
6,energiø bornholm,6: energiø bornholm,
6,energiø bornholm,6: energiø bornholm,
6,energiø bornholm,6: energiø bornholm,
6,energiø bornholm,6: energiø bornholm,
6,energiø bornholm,6: energiø bornholm,
6,energiø bornholm,6: energiø bornholm,
6,energiø bornholm,6: energiø bornholm,
6,energiø bornholm,6: energiø bornholm,
6,energiø bornholm,6: energiø bornholm,
6,energiø bornholm,6: energiø bornholm,
6,energiø bornholm,6: energiø bornholm,
6,energiø bornholm,6: energiø bornholm,
6,energiø bornholm,6: energiø bornholm,
6,energiø bornholm,6: energiø bornholm,
6,energiø bornholm,6: energiø bornholm,
6,energiø bornholm,6: energiø bornholm,
6,energiø bornholm,6: energiø bornholm,
6,energiø bornholm,6: energiø bornholm,
6,energiø bornholm,6: energiø bornholm,
6,energiø bornholm,6: energiø bornholm,
6,energiø bornholm,6: energiø bornholm,
6,energiø bornholm,6: energiø bornholm,
6,energiø bornholm,6: energiø bornholm,
6,energiø bornholm,6: energiø bornholm,
6,energiø bornholm,6: energiø bornholm,
6,energiø bornholm,6: energiø bornholm,
6,energiø bornholm,6: energiø bornholm,
6,energiø bornholm,6: energiø bornholm,
6,energiø bornholm,6: energiø bornholm,
6,energiø bornholm,6: energiø bornholm,
6,energiø bornholm,6: energiø bornholm,
6,energiø bornholm,6: energiø bornholm,
6,energiø bornholm,6: energiø bornholm,
6,energiø bornholm,6: energiø bornholm,
6,energiø bornholm,6: energiø bornholm,
6,energiø bornholm,6: energiø bornholm,
6,energiø bornholm,6: energiø bornholm,
6,energiø bornholm,6: energiø bornholm,
6,energiø bornholm,6: energiø bornholm,
6,energiø bornholm,6: energiø bornholm,
6,energiø bornholm,6: energiø bornholm,
6,energiø bornholm,6: energiø bornholm,
6,energiø bornholm,6: energiø bornholm,
6,energiø bornholm,6: energiø bornholm,
6,energiø bornholm,6: energiø bornholm,
6,energiø bornholm,6: energiø bornholm,
6,energiø bornholm,6: energiø bornholm,
6,energiø bornholm,6: energiø bornholm,
6,energiø bornholm,6: energiø bornholm,
6,energiø bornholm,6: energiø bornholm,
6,energiø bornholm,6: energiø bornholm,
6,energiø bornholm,6: energiø bornholm,
6,energiø bornholm,6: energiø bornholm,
6,energiø bornholm,6: energiø bornholm,
6,energiø bornholm,6: energiø bornholm,
6,energiø bornholm,6: energiø bornholm,
6,energiø bornholm,6: energiø bornholm,
6,energiø bornholm,6: energiø bornholm,
6,energiø bornholm,6: energiø bornholm,
6,energiø bornholm,6: energiø bornholm,
6,energiø bornholm,6: energiø bornholm,
6,energiø bornholm,6: energiø bornholm,
6,energiø bornholm,6: energiø bornholm,
6,energiø bornholm,6: energiø bornholm,
6,energiø bornholm,6: energiø bornholm,
6,energiø bornholm,6: energiø bornholm,
6,energiø bornholm,6: energiø bornholm,
6,energiø bornholm,6: energiø bornholm,
6,energiø bornholm,6: energiø bornholm,
6,energiø bornholm,6: energiø bornholm,
6,energiø bornholm,6: energiø bornholm,
6,energiø bornholm,6: energiø bornholm,
6,energiø bornholm,6: energiø bornholm,
6,energiø bornholm,6: energiø bornholm,
6,energiø bornholm,6: energiø bornholm,
6,energiø bornholm,6: energiø bornholm,
6,energiø bornholm,6: energiø bornholm,
6,energiø bornholm,6: energiø bornholm,
6,energiø bornholm,6: energiø bornholm,
6,energiø bornholm,6: energiø bornholm,
6,energiø bornholm,6: energiø bornholm,
6,energiø bornholm,6: energiø bornholm,
6,energiø bornholm,6: energiø bornholm,
6,energiø bornholm,6: energiø bornholm,
6,energiø bornholm,6: energiø bornholm,
6,energiø bornholm,6: energiø bornholm,
6,energiø bornholm,6: energiø bornholm,
6,energiø bornholm,6: energiø bornholm,
6,energiø bornholm,6: energiø bornholm,
6,energiø bornholm,6: energiø bornholm,
6,energiø bornholm,6: energiø bornholm,
6,energiø bornholm,6: energiø bornholm,
6,energiø bornholm,6: energiø bornholm,
6,energiø bornholm,6: energiø bornholm,
6,energiø bornholm,6: energiø bornholm,
6,energiø bornholm,6: energiø bornholm,
6,energiø bornholm,6: energiø bornholm,
6,energiø bornholm,6: energiø bornholm,
6,energiø bornholm,6: energiø bornholm,
6,energiø bornholm,6: energiø bornholm,
6,energiø bornholm,6: energiø bornholm,
6,energiø bornholm,6: energiø bornholm,
6,energiø bornholm,6: energiø bornholm,
6,energiø bornholm,6: energiø bornholm,
6,energiø bornholm,6: energiø bornholm,
6,energiø bornholm,6: energiø bornholm,
6,energiø bornholm,6: energiø bornholm,
6,energiø bornholm,6: energiø bornholm,
6,energiø bornholm,6: energiø bornholm,
6,energiø bornholm,6: energiø bornholm,
6,energiø bornholm,6: energiø bornholm,
4,baltic sea,4: baltic sea,
4,baltic sea,4: baltic sea,
4,baltic sea,4: baltic sea,
4,baltic sea,4: baltic sea,
4,baltic sea,4: baltic sea,
4,baltic sea,4: baltic sea,
4,baltic sea,4: baltic sea,
4,baltic sea,4: baltic sea,
4,baltic sea,4: baltic sea,
4,baltic sea,4: baltic sea,
4,baltic sea,4: baltic sea,
4,baltic sea,4: baltic sea,
4,baltic sea,4: baltic sea,
4,baltic sea,4: baltic sea,
4,baltic sea,4: baltic sea,
4,baltic sea,4: baltic sea,
4,baltic sea,4: baltic sea,
4,baltic sea,4: baltic sea,
4,baltic sea,4: baltic sea,
4,baltic sea,4: baltic sea,
4,baltic sea,4: baltic sea,
4,baltic sea,4: baltic sea,
4,baltic sea,4: baltic sea,
4,baltic sea,4: baltic sea,
4,baltic sea,4: baltic sea,
4,baltic sea,4: baltic sea,
4,baltic sea,4: baltic sea,
4,baltic sea,4: baltic sea,
4,baltic sea,4: baltic sea,
4,baltic sea,4: baltic sea,
4,baltic sea,4: baltic sea,
4,baltic sea,4: baltic sea,
4,baltic sea,4: baltic sea,
4,baltic sea,4: baltic sea,
4,baltic sea,4: baltic sea,
4,baltic sea,4: baltic sea,
4,baltic sea,4: baltic sea,
4,baltic sea,4: baltic sea,
4,baltic sea,4: baltic sea,
4,baltic sea,4: baltic sea,
4,baltic sea,4: baltic sea,
4,baltic sea,4: baltic sea,
4,baltic sea,4: baltic sea,
4,baltic sea,4: baltic sea,
4,baltic sea,4: baltic sea,
4,baltic sea,4: baltic sea,
4,baltic sea,4: baltic sea,
4,baltic sea,4: baltic sea,
4,baltic sea,4: baltic sea,
4,baltic sea,4: baltic sea,
4,baltic sea,4: baltic sea,
4,baltic sea,4: baltic sea,
4,baltic sea,4: baltic sea,
4,baltic sea,4: baltic sea,
4,baltic sea,4: baltic sea,
4,baltic sea,4: baltic sea,
4,baltic sea,4: baltic sea,
4,baltic sea,4: baltic sea,
4,baltic sea,4: baltic sea,
4,baltic sea,4: baltic sea,
4,baltic sea,4: baltic sea,
4,baltic sea,4: baltic sea,
4,baltic sea,4: baltic sea,
4,baltic sea,4: baltic sea,
4,baltic sea,4: baltic sea,
4,baltic sea,4: baltic sea,
4,baltic sea,4: baltic sea,
4,baltic sea,4: baltic sea,
4,baltic sea,4: baltic sea,
4,baltic sea,4: baltic sea,
4,baltic sea,4: baltic sea,
4,baltic sea,4: baltic sea,
4,baltic sea,4: baltic sea,
4,baltic sea,4: baltic sea,
4,baltic sea,4: baltic sea,
4,baltic sea,4: baltic sea,
4,baltic sea,4: baltic sea,
4,baltic sea,4: baltic sea,
4,baltic sea,4: baltic sea,
4,baltic sea,4: baltic sea,
4,baltic sea,4: baltic sea,
4,baltic sea,4: baltic sea,
4,baltic sea,4: baltic sea,
4,baltic sea,4: baltic sea,
4,baltic sea,4: baltic sea,
4,baltic sea,4: baltic sea,
4,baltic sea,4: baltic sea,
4,baltic sea,4: baltic sea,
4,baltic sea,4: baltic sea,
4,baltic sea,4: baltic sea,
4,baltic sea,4: baltic sea,
4,baltic sea,4: baltic sea,
4,baltic sea,4: baltic sea,
4,baltic sea,4: baltic sea,
4,baltic sea,4: baltic sea,
4,baltic sea,4: baltic sea,
4,baltic sea,4: baltic sea,
4,baltic sea,4: baltic sea,
4,baltic sea,4: baltic sea,
4,baltic sea,4: baltic sea,
4,baltic sea,4: baltic sea,
4,baltic sea,4: baltic sea,
4,baltic sea,4: baltic sea,
4,baltic sea,4: baltic sea,
4,baltic sea,4: baltic sea,
4,baltic sea,4: baltic sea,
4,baltic sea,4: baltic sea,
4,baltic sea,4: baltic sea,
4,baltic sea,4: baltic sea,
4,baltic sea,4: baltic sea,
4,baltic sea,4: baltic sea,
4,baltic sea,4: baltic sea,
4,baltic sea,4: baltic sea,
4,baltic sea,4: baltic sea,
4,baltic sea,4: baltic sea,
4,baltic sea,4: baltic sea,
4,baltic sea,4: baltic sea,
4,baltic sea,4: baltic sea,
4,baltic sea,4: baltic sea,
4,baltic sea,4: baltic sea,
4,baltic sea,4: baltic sea,
4,baltic sea,4: baltic sea,
4,baltic sea,4: baltic sea,
4,baltic sea,4: baltic sea,
4,baltic sea,4: baltic sea,
4,baltic sea,4: baltic sea,
4,baltic sea,4: baltic sea,
4,baltic sea,4: baltic sea,
4,baltic sea,4: baltic sea,
4,baltic sea,4: baltic sea,
4,baltic sea,4: baltic sea,
4,baltic sea,4: baltic sea,
4,baltic sea,4: baltic sea,
4,baltic sea,4: baltic sea,
4,baltic sea,4: baltic sea,
4,baltic sea,4: baltic sea,
4,baltic sea,4: baltic sea,
4,baltic sea,4: baltic sea,
4,baltic sea,4: baltic sea,
4,baltic sea,4: baltic sea,
4,baltic sea,4: baltic sea,
4,baltic sea,4: baltic sea,
4,baltic sea,4: baltic sea,
4,baltic sea,4: baltic sea,
4,baltic sea,4: baltic sea,
4,baltic sea,4: baltic sea,
4,baltic sea,4: baltic sea,
4,baltic sea,4: baltic sea,
4,baltic sea,4: baltic sea,
4,baltic sea,4: baltic sea,
4,baltic sea,4: baltic sea,
4,baltic sea,4: baltic sea,
4,baltic sea,4: baltic sea,
4,baltic sea,4: baltic sea,
4,baltic sea,4: baltic sea,
4,baltic sea,4: baltic sea,
4,baltic sea,4: baltic sea,
4,baltic sea,4: baltic sea,
4,baltic sea,4: baltic sea,
4,baltic sea,4: baltic sea,
4,baltic sea,4: baltic sea,
4,baltic sea,4: baltic sea,
4,baltic sea,4: baltic sea,
4,baltic sea,4: baltic sea,
4,baltic sea,4: baltic sea,
4,baltic sea,4: baltic sea,
4,baltic sea,4: baltic sea,
4,baltic sea,4: baltic sea,
4,baltic sea,4: baltic sea,
4,baltic sea,4: baltic sea,
4,baltic sea,4: baltic sea,
4,baltic sea,4: baltic sea,
4,baltic sea,4: baltic sea,
4,baltic sea,4: baltic sea,
4,baltic sea,4: baltic sea,
4,baltic sea,4: baltic sea,
4,baltic sea,4: baltic sea,
4,baltic sea,4: baltic sea,
4,baltic sea,4: baltic sea,
4,baltic sea,4: baltic sea,
4,baltic sea,4: baltic sea,
4,baltic sea,4: baltic sea,
4,baltic sea,4: baltic sea,
4,baltic sea,4: baltic sea,
4,baltic sea,4: baltic sea,
4,baltic sea,4: baltic sea,
4,baltic sea,4: baltic sea,
4,baltic sea,4: baltic sea,
4,baltic sea,4: baltic sea,
4,baltic sea,4: baltic sea,
4,baltic sea,4: baltic sea,
4,baltic sea,4: baltic sea,
4,baltic sea,4: baltic sea,
4,baltic sea,4: baltic sea,
4,baltic sea,4: baltic sea,
4,baltic sea,4: baltic sea,
4,baltic sea,4: baltic sea,
4,baltic sea,4: baltic sea,
4,baltic sea,4: baltic sea,
4,baltic sea,4: baltic sea,
4,baltic sea,4: baltic sea,
4,baltic sea,4: baltic sea,
4,baltic sea,4: baltic sea,
4,baltic sea,4: baltic sea,
4,baltic sea,4: baltic sea,
4,baltic sea,4: baltic sea,
4,baltic sea,4: baltic sea,
4,baltic sea,4: baltic sea,
4,baltic sea,4: baltic sea,
4,baltic sea,4: baltic sea,
4,baltic sea,4: baltic sea,
4,baltic sea,4: baltic sea,
4,baltic sea,4: baltic sea,
4,baltic sea,4: baltic sea,
4,baltic sea,4: baltic sea,
4,baltic sea,4: baltic sea,
4,baltic sea,4: baltic sea,
4,baltic sea,4: baltic sea,
4,baltic sea,4: baltic sea,
4,baltic sea,4: baltic sea,
4,baltic sea,4: baltic sea,
4,baltic sea,4: baltic sea,
4,baltic sea,4: baltic sea,
4,baltic sea,4: baltic sea,
4,baltic sea,4: baltic sea,
4,baltic sea,4: baltic sea,
4,baltic sea,4: baltic sea,
4,baltic sea,4: baltic sea,
4,baltic sea,4: baltic sea,
4,baltic sea,4: baltic sea,
4,baltic sea,4: baltic sea,
4,baltic sea,4: baltic sea,
4,baltic sea,4: baltic sea,
4,baltic sea,4: baltic sea,
4,baltic sea,4: baltic sea,
4,baltic sea,4: baltic sea,
4,baltic sea,4: baltic sea,
4,baltic sea,4: baltic sea,
4,baltic sea,4: baltic sea,
4,baltic sea,4: baltic sea,
4,baltic sea,4: baltic sea,
4,baltic sea,4: baltic sea,
4,baltic sea,4: baltic sea,
4,baltic sea,4: baltic sea,
4,baltic sea,4: baltic sea,
4,baltic sea,4: baltic sea,
4,baltic sea,4: baltic sea,
4,baltic sea,4: baltic sea,
4,baltic sea,4: baltic sea,
4,baltic sea,4: baltic sea,
4,baltic sea,4: baltic sea,
4,baltic sea,4: baltic sea,
4,baltic sea,4: baltic sea,
4,baltic sea,4: baltic sea,
4,baltic sea,4: baltic sea,
4,baltic sea,4: baltic sea,
4,baltic sea,4: baltic sea,
4,baltic sea,4: baltic sea,
4,baltic sea,4: baltic sea,
4,baltic sea,4: baltic sea,
4,baltic sea,4: baltic sea,
4,baltic sea,4: baltic sea,
4,baltic sea,4: baltic sea,
4,baltic sea,4: baltic sea,
4,baltic sea,4: baltic sea,
4,baltic sea,4: baltic sea,
4,baltic sea,4: baltic sea,
4,baltic sea,4: baltic sea,
4,baltic sea,4: baltic sea,
4,baltic sea,4: baltic sea,
4,baltic sea,4: baltic sea,
4,baltic sea,4: baltic sea,
4,baltic sea,4: baltic sea,
4,baltic sea,4: baltic sea,
4,baltic sea,4: baltic sea,
4,baltic sea,4: baltic sea,
2,municip council,2: municip council,
2,municip council,2: municip council,
2,municip council,2: municip council,
2,municip council,2: municip council,
2,municip council,2: municip council,
2,municip council,2: municip council,
2,municip council,2: municip council,
2,municip council,2: municip council,
2,municip council,2: municip council,
2,municip council,2: municip council,
2,municip council,2: municip council,
2,municip council,2: municip council,
2,municip council,2: municip council,
2,municip council,2: municip council,
2,municip council,2: municip council,
2,municip council,2: municip council,
2,municip council,2: municip council,
2,municip council,2: municip council,
2,municip council,2: municip council,
2,municip council,2: municip council,
2,municip council,2: municip council,
2,municip council,2: municip council,
2,municip council,2: municip council,
2,municip council,2: municip council,
2,municip council,2: municip council,
2,municip council,2: municip council,
2,municip council,2: municip council,
2,municip council,2: municip council,
2,municip council,2: municip council,
2,municip council,2: municip council,
2,municip council,2: municip council,
2,municip council,2: municip council,
2,municip council,2: municip council,
2,municip council,2: municip council,
2,municip council,2: municip council,
2,municip council,2: municip council,
2,municip council,2: municip council,
2,municip council,2: municip council,
2,municip council,2: municip council,
2,municip council,2: municip council,
2,municip council,2: municip council,
2,municip council,2: municip council,
2,municip council,2: municip council,
2,municip council,2: municip council,
2,municip council,2: municip council,
2,municip council,2: municip council,
2,municip council,2: municip council,
2,municip council,2: municip council,
2,municip council,2: municip council,
2,municip council,2: municip council,
2,municip council,2: municip council,
2,municip council,2: municip council,
2,municip council,2: municip council,
2,municip council,2: municip council,
2,municip council,2: municip council,
2,municip council,2: municip council,
2,municip council,2: municip council,
2,municip council,2: municip council,
2,municip council,2: municip council,
2,municip council,2: municip council,
2,municip council,2: municip council,
2,municip council,2: municip council,
2,municip council,2: municip council,
2,municip council,2: municip council,
2,municip council,2: municip council,
2,municip council,2: municip council,
2,municip council,2: municip council,
2,municip council,2: municip council,
2,municip council,2: municip council,
2,municip council,2: municip council,
2,municip council,2: municip council,
2,municip council,2: municip council,
2,municip council,2: municip council,
2,municip council,2: municip council,
2,municip council,2: municip council,
2,municip council,2: municip council,
2,municip council,2: municip council,
2,municip council,2: municip council,
2,municip council,2: municip council,
2,municip council,2: municip council,
2,municip council,2: municip council,
2,municip council,2: municip council,
2,municip council,2: municip council,
2,municip council,2: municip council,
2,municip council,2: municip council,
2,municip council,2: municip council,
2,municip council,2: municip council,
2,municip council,2: municip council,
2,municip council,2: municip council,
2,municip council,2: municip council,
2,municip council,2: municip council,
2,municip council,2: municip council,
2,municip council,2: municip council,
2,municip council,2: municip council,
2,municip council,2: municip council,
2,municip council,2: municip council,
2,municip council,2: municip council,
2,municip council,2: municip council,
2,municip council,2: municip council,
2,municip council,2: municip council,
2,municip council,2: municip council,
2,municip council,2: municip council,
2,municip council,2: municip council,
2,municip council,2: municip council,
2,municip council,2: municip council,
2,municip council,2: municip council,
2,municip council,2: municip council,
2,municip council,2: municip council,
2,municip council,2: municip council,
2,municip council,2: municip council,
2,municip council,2: municip council,
2,municip council,2: municip council,
2,municip council,2: municip council,
2,municip council,2: municip council,
2,municip council,2: municip council,
2,municip council,2: municip council,
2,municip council,2: municip council,
2,municip council,2: municip council,
2,municip council,2: municip council,
2,municip council,2: municip council,
2,municip council,2: municip council,
2,municip council,2: municip council,
2,municip council,2: municip council,
2,municip council,2: municip council,
2,municip council,2: municip council,
2,municip council,2: municip council,
2,municip council,2: municip council,
2,municip council,2: municip council,
2,municip council,2: municip council,
2,municip council,2: municip council,
2,municip council,2: municip council,
2,municip council,2: municip council,
2,municip council,2: municip council,
2,municip council,2: municip council,
2,municip council,2: municip council,
2,municip council,2: municip council,
2,municip council,2: municip council,
2,municip council,2: municip council,
2,municip council,2: municip council,
2,municip council,2: municip council,
2,municip council,2: municip council,
2,municip council,2: municip council,
2,municip council,2: municip council,
2,municip council,2: municip council,
2,municip council,2: municip council,
2,municip council,2: municip council,
2,municip council,2: municip council,
2,municip council,2: municip council,
2,municip council,2: municip council,
2,municip council,2: municip council,
2,municip council,2: municip council,
2,municip council,2: municip council,
2,municip council,2: municip council,
2,municip council,2: municip council,
2,municip council,2: municip council,
2,municip council,2: municip council,
2,municip council,2: municip council,
2,municip council,2: municip council,
2,municip council,2: municip council,
2,municip council,2: municip council,
2,municip council,2: municip council,
2,municip council,2: municip council,
2,municip council,2: municip council,
2,municip council,2: municip council,
2,municip council,2: municip council,
2,municip council,2: municip council,
2,municip council,2: municip council,
2,municip council,2: municip council,
2,municip council,2: municip council,
2,municip council,2: municip council,
2,municip council,2: municip council,
2,municip council,2: municip council,
2,municip council,2: municip council,
2,municip council,2: municip council,
2,municip council,2: municip council,
2,municip council,2: municip council,
2,municip council,2: municip council,
2,municip council,2: municip council,
2,municip council,2: municip council,
2,municip council,2: municip council,
2,municip council,2: municip council,
2,municip council,2: municip council,
2,municip council,2: municip council,
2,municip council,2: municip council,
2,municip council,2: municip council,
2,municip council,2: municip council,
2,municip council,2: municip council,
2,municip council,2: municip council,
2,municip council,2: municip council,
2,municip council,2: municip council,
2,municip council,2: municip council,
2,municip council,2: municip council,
2,municip council,2: municip council,
2,municip council,2: municip council,
2,municip council,2: municip council,
2,municip council,2: municip council,
2,municip council,2: municip council,
2,municip council,2: municip council,
2,municip council,2: municip council,
2,municip council,2: municip council,
2,municip council,2: municip council,
2,municip council,2: municip council,
2,municip council,2: municip council,
2,municip council,2: municip council,
2,municip council,2: municip council,
2,municip council,2: municip council,
2,municip council,2: municip council,
2,municip council,2: municip council,
2,municip council,2: municip council,
2,municip council,2: municip council,
2,municip council,2: municip council,
2,municip council,2: municip council,
2,municip council,2: municip council,
2,municip council,2: municip council,
2,municip council,2: municip council,
2,municip council,2: municip council,
2,municip council,2: municip council,
2,municip council,2: municip council,
2,municip council,2: municip council,
2,municip council,2: municip council,
2,municip council,2: municip council,
2,municip council,2: municip council,
2,municip council,2: municip council,
2,municip council,2: municip council,
2,municip council,2: municip council,
2,municip council,2: municip council,
2,municip council,2: municip council,
2,municip council,2: municip council,
2,municip council,2: municip council,
2,municip council,2: municip council,
2,municip council,2: municip council,
2,municip council,2: municip council,
2,municip council,2: municip council,
2,municip council,2: municip council,
2,municip council,2: municip council,
2,municip council,2: municip council,
2,municip council,2: municip council,
2,municip council,2: municip council,
2,municip council,2: municip council,
2,municip council,2: municip council,
2,municip council,2: municip council,
2,municip council,2: municip council,
2,municip council,2: municip council,
2,municip council,2: municip council,
2,municip council,2: municip council,
2,municip council,2: municip council,
2,municip council,2: municip council,
2,municip council,2: municip council,
2,municip council,2: municip council,
2,municip council,2: municip council,
2,municip council,2: municip council,
2,municip council,2: municip council,
2,municip council,2: municip council,
2,municip council,2: municip council,
2,municip council,2: municip council,
2,municip council,2: municip council,
2,municip council,2: municip council,
2,municip council,2: municip council,
2,municip council,2: municip council,
2,municip council,2: municip council,
2,municip council,2: municip council,
2,municip council,2: municip council,
2,municip council,2: municip council,
2,municip council,2: municip council,
2,municip council,2: municip council,
2,municip council,2: municip council,
2,municip council,2: municip council,
2,municip council,2: municip council,
2,municip council,2: municip council,
2,municip council,2: municip council,
2,municip council,2: municip council,
2,municip council,2: municip council,
2,municip council,2: municip council,
2,municip council,2: municip council,
2,municip council,2: municip council,
2,municip council,2: municip council,
2,municip council,2: municip council,
2,municip council,2: municip council,
2,municip council,2: municip council,
2,municip council,2: municip council,
2,municip council,2: municip council,
2,municip council,2: municip council,
2,municip council,2: municip council,
2,municip council,2: municip council,
2,municip council,2: municip council,
2,municip council,2: municip council,
2,municip council,2: municip council,
2,municip council,2: municip council,
2,municip council,2: municip council,
2,municip council,2: municip council,
2,municip council,2: municip council,
2,municip council,2: municip council,
2,municip council,2: municip council,
2,municip council,2: municip council,
2,municip council,2: municip council,
2,municip council,2: municip council,
2,municip council,2: municip council,
2,municip council,2: municip council,
2,municip council,2: municip council,
2,municip council,2: municip council,
2,municip council,2: municip council,
2,municip council,2: municip council,
2,municip council,2: municip council,
2,municip council,2: municip council,
2,municip council,2: municip council,
2,municip council,2: municip council,
2,municip council,2: municip council,
2,municip council,2: municip council,
2,municip council,2: municip council,
2,municip council,2: municip council,
2,municip council,2: municip council,
2,municip council,2: municip council,
4,baltic sea,4: baltic sea,
4,baltic sea,4: baltic sea,
4,baltic sea,4: baltic sea,
4,baltic sea,4: baltic sea,
4,baltic sea,4: baltic sea,
4,baltic sea,4: baltic sea,
4,baltic sea,4: baltic sea,
4,baltic sea,4: baltic sea,
4,baltic sea,4: baltic sea,
4,baltic sea,4: baltic sea,
4,baltic sea,4: baltic sea,
4,baltic sea,4: baltic sea,
4,baltic sea,4: baltic sea,
4,baltic sea,4: baltic sea,
4,baltic sea,4: baltic sea,
4,baltic sea,4: baltic sea,
4,baltic sea,4: baltic sea,
4,baltic sea,4: baltic sea,
4,baltic sea,4: baltic sea,
4,baltic sea,4: baltic sea,
4,baltic sea,4: baltic sea,
4,baltic sea,4: baltic sea,
4,baltic sea,4: baltic sea,
4,baltic sea,4: baltic sea,
4,baltic sea,4: baltic sea,
4,baltic sea,4: baltic sea,
4,baltic sea,4: baltic sea,
4,baltic sea,4: baltic sea,
4,baltic sea,4: baltic sea,
4,baltic sea,4: baltic sea,
4,baltic sea,4: baltic sea,
4,baltic sea,4: baltic sea,
4,baltic sea,4: baltic sea,
4,baltic sea,4: baltic sea,
4,baltic sea,4: baltic sea,
4,baltic sea,4: baltic sea,
4,baltic sea,4: baltic sea,
4,baltic sea,4: baltic sea,
4,baltic sea,4: baltic sea,
4,baltic sea,4: baltic sea,
4,baltic sea,4: baltic sea,
4,baltic sea,4: baltic sea,
4,baltic sea,4: baltic sea,
4,baltic sea,4: baltic sea,
4,baltic sea,4: baltic sea,
4,baltic sea,4: baltic sea,
4,baltic sea,4: baltic sea,
4,baltic sea,4: baltic sea,
4,baltic sea,4: baltic sea,
4,baltic sea,4: baltic sea,
4,baltic sea,4: baltic sea,
4,baltic sea,4: baltic sea,
4,baltic sea,4: baltic sea,
4,baltic sea,4: baltic sea,
4,baltic sea,4: baltic sea,
4,baltic sea,4: baltic sea,
4,baltic sea,4: baltic sea,
4,baltic sea,4: baltic sea,
4,baltic sea,4: baltic sea,
4,baltic sea,4: baltic sea,
4,baltic sea,4: baltic sea,
4,baltic sea,4: baltic sea,
4,baltic sea,4: baltic sea,
4,baltic sea,4: baltic sea,
4,baltic sea,4: baltic sea,
4,baltic sea,4: baltic sea,
4,baltic sea,4: baltic sea,
4,baltic sea,4: baltic sea,
4,baltic sea,4: baltic sea,
4,baltic sea,4: baltic sea,
4,baltic sea,4: baltic sea,
4,baltic sea,4: baltic sea,
4,baltic sea,4: baltic sea,
4,baltic sea,4: baltic sea,
4,baltic sea,4: baltic sea,
4,baltic sea,4: baltic sea,
4,baltic sea,4: baltic sea,
4,baltic sea,4: baltic sea,
4,baltic sea,4: baltic sea,
4,baltic sea,4: baltic sea,
4,baltic sea,4: baltic sea,
4,baltic sea,4: baltic sea,
4,baltic sea,4: baltic sea,
4,baltic sea,4: baltic sea,
4,baltic sea,4: baltic sea,
4,baltic sea,4: baltic sea,
4,baltic sea,4: baltic sea,
4,baltic sea,4: baltic sea,
4,baltic sea,4: baltic sea,
4,baltic sea,4: baltic sea,
4,baltic sea,4: baltic sea,
4,baltic sea,4: baltic sea,
4,baltic sea,4: baltic sea,
4,baltic sea,4: baltic sea,
4,baltic sea,4: baltic sea,
4,baltic sea,4: baltic sea,
4,baltic sea,4: baltic sea,
4,baltic sea,4: baltic sea,
4,baltic sea,4: baltic sea,
4,baltic sea,4: baltic sea,
4,baltic sea,4: baltic sea,
4,baltic sea,4: baltic sea,
4,baltic sea,4: baltic sea,
4,baltic sea,4: baltic sea,
4,baltic sea,4: baltic sea,
4,baltic sea,4: baltic sea,
4,baltic sea,4: baltic sea,
4,baltic sea,4: baltic sea,
4,baltic sea,4: baltic sea,
4,baltic sea,4: baltic sea,
4,baltic sea,4: baltic sea,
4,baltic sea,4: baltic sea,
4,baltic sea,4: baltic sea,
4,baltic sea,4: baltic sea,
4,baltic sea,4: baltic sea,
4,baltic sea,4: baltic sea,
4,baltic sea,4: baltic sea,
4,baltic sea,4: baltic sea,
4,baltic sea,4: baltic sea,
4,baltic sea,4: baltic sea,
4,baltic sea,4: baltic sea,
4,baltic sea,4: baltic sea,
4,baltic sea,4: baltic sea,
4,baltic sea,4: baltic sea,
4,baltic sea,4: baltic sea,
4,baltic sea,4: baltic sea,
4,baltic sea,4: baltic sea,
4,baltic sea,4: baltic sea,
4,baltic sea,4: baltic sea,
4,baltic sea,4: baltic sea,
4,baltic sea,4: baltic sea,
4,baltic sea,4: baltic sea,
4,baltic sea,4: baltic sea,
4,baltic sea,4: baltic sea,
4,baltic sea,4: baltic sea,
4,baltic sea,4: baltic sea,
4,baltic sea,4: baltic sea,
4,baltic sea,4: baltic sea,
2,municip council,2: municip council,
2,municip council,2: municip council,
2,municip council,2: municip council,
2,municip council,2: municip council,
2,municip council,2: municip council,
2,municip council,2: municip council,
2,municip council,2: municip council,
2,municip council,2: municip council,
2,municip council,2: municip council,
2,municip council,2: municip council,
2,municip council,2: municip council,
2,municip council,2: municip council,
2,municip council,2: municip council,
2,municip council,2: municip council,
2,municip council,2: municip council,
2,municip council,2: municip council,
2,municip council,2: municip council,
2,municip council,2: municip council,
2,municip council,2: municip council,
2,municip council,2: municip council,
2,municip council,2: municip council,
2,municip council,2: municip council,
2,municip council,2: municip council,
2,municip council,2: municip council,
2,municip council,2: municip council,
2,municip council,2: municip council,
2,municip council,2: municip council,
2,municip council,2: municip council,
2,municip council,2: municip council,
2,municip council,2: municip council,
2,municip council,2: municip council,
2,municip council,2: municip council,
2,municip council,2: municip council,
2,municip council,2: municip council,
2,municip council,2: municip council,
2,municip council,2: municip council,
2,municip council,2: municip council,
2,municip council,2: municip council,
2,municip council,2: municip council,
2,municip council,2: municip council,
2,municip council,2: municip council,
2,municip council,2: municip council,
2,municip council,2: municip council,
2,municip council,2: municip council,
2,municip council,2: municip council,
2,municip council,2: municip council,
2,municip council,2: municip council,
2,municip council,2: municip council,
2,municip council,2: municip council,
2,municip council,2: municip council,
2,municip council,2: municip council,
2,municip council,2: municip council,
2,municip council,2: municip council,
2,municip council,2: municip council,
2,municip council,2: municip council,
2,municip council,2: municip council,
2,municip council,2: municip council,
2,municip council,2: municip council,
2,municip council,2: municip council,
2,municip council,2: municip council,
2,municip council,2: municip council,
2,municip council,2: municip council,
2,municip council,2: municip council,
2,municip council,2: municip council,
2,municip council,2: municip council,
2,municip council,2: municip council,
2,municip council,2: municip council,
2,municip council,2: municip council,
2,municip council,2: municip council,
2,municip council,2: municip council,
2,municip council,2: municip council,
2,municip council,2: municip council,
2,municip council,2: municip council,
2,municip council,2: municip council,
2,municip council,2: municip council,
2,municip council,2: municip council,
2,municip council,2: municip council,
2,municip council,2: municip council,
2,municip council,2: municip council,
2,municip council,2: municip council,
2,municip council,2: municip council,
2,municip council,2: municip council,
2,municip council,2: municip council,
2,municip council,2: municip council,
2,municip council,2: municip council,
2,municip council,2: municip council,
2,municip council,2: municip council,
2,municip council,2: municip council,
2,municip council,2: municip council,
2,municip council,2: municip council,
2,municip council,2: municip council,
2,municip council,2: municip council,
2,municip council,2: municip council,
2,municip council,2: municip council,
2,municip council,2: municip council,
2,municip council,2: municip council,
2,municip council,2: municip council,
2,municip council,2: municip council,
2,municip council,2: municip council,
2,municip council,2: municip council,
2,municip council,2: municip council,
2,municip council,2: municip council,
2,municip council,2: municip council,
2,municip council,2: municip council,
2,municip council,2: municip council,
2,municip council,2: municip council,
2,municip council,2: municip council,
2,municip council,2: municip council,
2,municip council,2: municip council,
2,municip council,2: municip council,
2,municip council,2: municip council,
2,municip council,2: municip council,
2,municip council,2: municip council,
2,municip council,2: municip council,
2,municip council,2: municip council,
2,municip council,2: municip council,
2,municip council,2: municip council,
2,municip council,2: municip council,
2,municip council,2: municip council,
2,municip council,2: municip council,
2,municip council,2: municip council,
2,municip council,2: municip council,
2,municip council,2: municip council,
2,municip council,2: municip council,
2,municip council,2: municip council,
2,municip council,2: municip council,
2,municip council,2: municip council,
2,municip council,2: municip council,
2,municip council,2: municip council,
2,municip council,2: municip council,
2,municip council,2: municip council,
2,municip council,2: municip council,
2,municip council,2: municip council,
2,municip council,2: municip council,
2,municip council,2: municip council,
2,municip council,2: municip council,
2,municip council,2: municip council,
2,municip council,2: municip council,
2,municip council,2: municip council,
2,municip council,2: municip council,
2,municip council,2: municip council,
2,municip council,2: municip council,
2,municip council,2: municip council,
2,municip council,2: municip council,
2,municip council,2: municip council,
2,municip council,2: municip council,
2,municip council,2: municip council,
2,municip council,2: municip council,
2,municip council,2: municip council,
2,municip council,2: municip council,
2,municip council,2: municip council,
2,municip council,2: municip council,
2,municip council,2: municip council,
2,municip council,2: municip council,
2,municip council,2: municip council,
2,municip council,2: municip council,
4,baltic sea,4: baltic sea,
4,baltic sea,4: baltic sea,
4,baltic sea,4: baltic sea,
4,baltic sea,4: baltic sea,
4,baltic sea,4: baltic sea,
4,baltic sea,4: baltic sea,
4,baltic sea,4: baltic sea,
4,baltic sea,4: baltic sea,
4,baltic sea,4: baltic sea,
4,baltic sea,4: baltic sea,
4,baltic sea,4: baltic sea,
4,baltic sea,4: baltic sea,
4,baltic sea,4: baltic sea,
4,baltic sea,4: baltic sea,
4,baltic sea,4: baltic sea,
4,baltic sea,4: baltic sea,
4,baltic sea,4: baltic sea,
4,baltic sea,4: baltic sea,
4,baltic sea,4: baltic sea,
4,baltic sea,4: baltic sea,
4,baltic sea,4: baltic sea,
4,baltic sea,4: baltic sea,
4,baltic sea,4: baltic sea,
4,baltic sea,4: baltic sea,
4,baltic sea,4: baltic sea,
4,baltic sea,4: baltic sea,
4,baltic sea,4: baltic sea,
4,baltic sea,4: baltic sea,
4,baltic sea,4: baltic sea,
4,baltic sea,4: baltic sea,
4,baltic sea,4: baltic sea,
4,baltic sea,4: baltic sea,
4,baltic sea,4: baltic sea,
4,baltic sea,4: baltic sea,
4,baltic sea,4: baltic sea,
4,baltic sea,4: baltic sea,
4,baltic sea,4: baltic sea,
4,baltic sea,4: baltic sea,
4,baltic sea,4: baltic sea,
4,baltic sea,4: baltic sea,
4,baltic sea,4: baltic sea,
4,baltic sea,4: baltic sea,
4,baltic sea,4: baltic sea,
4,baltic sea,4: baltic sea,
4,baltic sea,4: baltic sea,
4,baltic sea,4: baltic sea,
4,baltic sea,4: baltic sea,
4,baltic sea,4: baltic sea,
4,baltic sea,4: baltic sea,
4,baltic sea,4: baltic sea,
4,baltic sea,4: baltic sea,
4,baltic sea,4: baltic sea,
4,baltic sea,4: baltic sea,
4,baltic sea,4: baltic sea,
4,baltic sea,4: baltic sea,
4,baltic sea,4: baltic sea,
4,baltic sea,4: baltic sea,
4,baltic sea,4: baltic sea,
4,baltic sea,4: baltic sea,
4,baltic sea,4: baltic sea,
4,baltic sea,4: baltic sea,
4,baltic sea,4: baltic sea,
4,baltic sea,4: baltic sea,
4,baltic sea,4: baltic sea,
4,baltic sea,4: baltic sea,
4,baltic sea,4: baltic sea,
4,baltic sea,4: baltic sea,
4,baltic sea,4: baltic sea,
4,baltic sea,4: baltic sea,
4,baltic sea,4: baltic sea,
4,baltic sea,4: baltic sea,
4,baltic sea,4: baltic sea,
4,baltic sea,4: baltic sea,
4,baltic sea,4: baltic sea,
4,baltic sea,4: baltic sea,
4,baltic sea,4: baltic sea,
4,baltic sea,4: baltic sea,
4,baltic sea,4: baltic sea,
4,baltic sea,4: baltic sea,
4,baltic sea,4: baltic sea,
4,baltic sea,4: baltic sea,
4,baltic sea,4: baltic sea,
4,baltic sea,4: baltic sea,
4,baltic sea,4: baltic sea,
4,baltic sea,4: baltic sea,
4,baltic sea,4: baltic sea,
4,baltic sea,4: baltic sea,
4,baltic sea,4: baltic sea,
4,baltic sea,4: baltic sea,
4,baltic sea,4: baltic sea,
4,baltic sea,4: baltic sea,
4,baltic sea,4: baltic sea,
4,baltic sea,4: baltic sea,
4,baltic sea,4: baltic sea,
4,baltic sea,4: baltic sea,
4,baltic sea,4: baltic sea,
4,baltic sea,4: baltic sea,
4,baltic sea,4: baltic sea,
4,baltic sea,4: baltic sea,
4,baltic sea,4: baltic sea,
4,baltic sea,4: baltic sea,
4,baltic sea,4: baltic sea,
4,baltic sea,4: baltic sea,
4,baltic sea,4: baltic sea,
4,baltic sea,4: baltic sea,
4,baltic sea,4: baltic sea,
4,baltic sea,4: baltic sea,
4,baltic sea,4: baltic sea,
4,baltic sea,4: baltic sea,
4,baltic sea,4: baltic sea,
4,baltic sea,4: baltic sea,
4,baltic sea,4: baltic sea,
4,baltic sea,4: baltic sea,
4,baltic sea,4: baltic sea,
4,baltic sea,4: baltic sea,
4,baltic sea,4: baltic sea,
4,baltic sea,4: baltic sea,
4,baltic sea,4: baltic sea,
4,baltic sea,4: baltic sea,
4,baltic sea,4: baltic sea,
4,baltic sea,4: baltic sea,
4,baltic sea,4: baltic sea,
4,baltic sea,4: baltic sea,
4,baltic sea,4: baltic sea,
4,baltic sea,4: baltic sea,
4,baltic sea,4: baltic sea,
4,baltic sea,4: baltic sea,
4,baltic sea,4: baltic sea,
4,baltic sea,4: baltic sea,
4,baltic sea,4: baltic sea,
4,baltic sea,4: baltic sea,
4,baltic sea,4: baltic sea,
4,baltic sea,4: baltic sea,
4,baltic sea,4: baltic sea,
4,baltic sea,4: baltic sea,
4,baltic sea,4: baltic sea,
4,baltic sea,4: baltic sea,
4,baltic sea,4: baltic sea,
4,baltic sea,4: baltic sea,
4,baltic sea,4: baltic sea,
4,baltic sea,4: baltic sea,
4,baltic sea,4: baltic sea,
4,baltic sea,4: baltic sea,
4,baltic sea,4: baltic sea,
4,baltic sea,4: baltic sea,
4,baltic sea,4: baltic sea,
4,baltic sea,4: baltic sea,
4,baltic sea,4: baltic sea,
4,baltic sea,4: baltic sea,
4,baltic sea,4: baltic sea,
4,baltic sea,4: baltic sea,
4,baltic sea,4: baltic sea,
4,baltic sea,4: baltic sea,
4,baltic sea,4: baltic sea,
4,baltic sea,4: baltic sea,
4,baltic sea,4: baltic sea,
4,baltic sea,4: baltic sea,
4,baltic sea,4: baltic sea,
4,baltic sea,4: baltic sea,
4,baltic sea,4: baltic sea,
4,baltic sea,4: baltic sea,
4,baltic sea,4: baltic sea,
4,baltic sea,4: baltic sea,
4,baltic sea,4: baltic sea,
4,baltic sea,4: baltic sea,
4,baltic sea,4: baltic sea,
4,baltic sea,4: baltic sea,
4,baltic sea,4: baltic sea,
4,baltic sea,4: baltic sea,
4,baltic sea,4: baltic sea,
4,baltic sea,4: baltic sea,
4,baltic sea,4: baltic sea,
4,baltic sea,4: baltic sea,
4,baltic sea,4: baltic sea,
4,baltic sea,4: baltic sea,
4,baltic sea,4: baltic sea,
4,baltic sea,4: baltic sea,
4,baltic sea,4: baltic sea,
4,baltic sea,4: baltic sea,
4,baltic sea,4: baltic sea,
4,baltic sea,4: baltic sea,
4,baltic sea,4: baltic sea,
4,baltic sea,4: baltic sea,
4,baltic sea,4: baltic sea,
4,baltic sea,4: baltic sea,
4,baltic sea,4: baltic sea,
4,baltic sea,4: baltic sea,
4,baltic sea,4: baltic sea,
4,baltic sea,4: baltic sea,
4,baltic sea,4: baltic sea,
4,baltic sea,4: baltic sea,
4,baltic sea,4: baltic sea,
4,baltic sea,4: baltic sea,
4,baltic sea,4: baltic sea,
4,baltic sea,4: baltic sea,
4,baltic sea,4: baltic sea,
4,baltic sea,4: baltic sea,
4,baltic sea,4: baltic sea,
4,baltic sea,4: baltic sea,
4,baltic sea,4: baltic sea,
4,baltic sea,4: baltic sea,
4,baltic sea,4: baltic sea,
4,baltic sea,4: baltic sea,
4,baltic sea,4: baltic sea,
4,baltic sea,4: baltic sea,
4,baltic sea,4: baltic sea,
4,baltic sea,4: baltic sea,
4,baltic sea,4: baltic sea,
4,baltic sea,4: baltic sea,
4,baltic sea,4: baltic sea,
4,baltic sea,4: baltic sea,
4,baltic sea,4: baltic sea,
4,baltic sea,4: baltic sea,
4,baltic sea,4: baltic sea,
4,baltic sea,4: baltic sea,
4,baltic sea,4: baltic sea,
4,baltic sea,4: baltic sea,
4,baltic sea,4: baltic sea,
4,baltic sea,4: baltic sea,
4,baltic sea,4: baltic sea,
4,baltic sea,4: baltic sea,
4,baltic sea,4: baltic sea,
4,baltic sea,4: baltic sea,
4,baltic sea,4: baltic sea,
4,baltic sea,4: baltic sea,
4,baltic sea,4: baltic sea,
4,baltic sea,4: baltic sea,
4,baltic sea,4: baltic sea,
4,baltic sea,4: baltic sea,
4,baltic sea,4: baltic sea,
4,baltic sea,4: baltic sea,
4,baltic sea,4: baltic sea,
4,baltic sea,4: baltic sea,
4,baltic sea,4: baltic sea,
4,baltic sea,4: baltic sea,
4,baltic sea,4: baltic sea,
4,baltic sea,4: baltic sea,
4,baltic sea,4: baltic sea,
4,baltic sea,4: baltic sea,
4,baltic sea,4: baltic sea,
4,baltic sea,4: baltic sea,
4,baltic sea,4: baltic sea,
4,baltic sea,4: baltic sea,
4,baltic sea,4: baltic sea,
4,baltic sea,4: baltic sea,
4,baltic sea,4: baltic sea,
4,baltic sea,4: baltic sea,
4,baltic sea,4: baltic sea,
4,baltic sea,4: baltic sea,
4,baltic sea,4: baltic sea,
4,baltic sea,4: baltic sea,
4,baltic sea,4: baltic sea,
4,baltic sea,4: baltic sea,
4,baltic sea,4: baltic sea,
4,baltic sea,4: baltic sea,
4,baltic sea,4: baltic sea,
4,baltic sea,4: baltic sea,
4,baltic sea,4: baltic sea,
4,baltic sea,4: baltic sea,
4,baltic sea,4: baltic sea,
4,baltic sea,4: baltic sea,
4,baltic sea,4: baltic sea,
4,baltic sea,4: baltic sea,
4,baltic sea,4: baltic sea,
4,baltic sea,4: baltic sea,
4,baltic sea,4: baltic sea,
4,baltic sea,4: baltic sea,
4,baltic sea,4: baltic sea,
4,baltic sea,4: baltic sea,
4,baltic sea,4: baltic sea,
4,baltic sea,4: baltic sea,
4,baltic sea,4: baltic sea,
4,baltic sea,4: baltic sea,
4,baltic sea,4: baltic sea,
4,baltic sea,4: baltic sea,
4,baltic sea,4: baltic sea,
4,baltic sea,4: baltic sea,
4,baltic sea,4: baltic sea,
4,baltic sea,4: baltic sea,
4,baltic sea,4: baltic sea,
4,baltic sea,4: baltic sea,
4,baltic sea,4: baltic sea,
4,baltic sea,4: baltic sea,
4,baltic sea,4: baltic sea,
4,baltic sea,4: baltic sea,
4,baltic sea,4: baltic sea,
4,baltic sea,4: baltic sea,
4,baltic sea,4: baltic sea,
4,baltic sea,4: baltic sea,
4,baltic sea,4: baltic sea,
4,baltic sea,4: baltic sea,
4,baltic sea,4: baltic sea,
4,baltic sea,4: baltic sea,
4,baltic sea,4: baltic sea,
4,baltic sea,4: baltic sea,
4,baltic sea,4: baltic sea,
4,baltic sea,4: baltic sea,
4,baltic sea,4: baltic sea,
4,baltic sea,4: baltic sea,
4,baltic sea,4: baltic sea,
4,baltic sea,4: baltic sea,
4,baltic sea,4: baltic sea,
4,baltic sea,4: baltic sea,
4,baltic sea,4: baltic sea,
4,baltic sea,4: baltic sea,
4,baltic sea,4: baltic sea,
4,baltic sea,4: baltic sea,
4,baltic sea,4: baltic sea,
4,baltic sea,4: baltic sea,
4,baltic sea,4: baltic sea,
4,baltic sea,4: baltic sea,
4,baltic sea,4: baltic sea,
4,baltic sea,4: baltic sea,
4,baltic sea,4: baltic sea,
4,baltic sea,4: baltic sea,
4,baltic sea,4: baltic sea,
4,baltic sea,4: baltic sea,
4,baltic sea,4: baltic sea,
4,baltic sea,4: baltic sea,
4,baltic sea,4: baltic sea,
4,baltic sea,4: baltic sea,
4,baltic sea,4: baltic sea,
4,baltic sea,4: baltic sea,
4,baltic sea,4: baltic sea,
4,baltic sea,4: baltic sea,
4,baltic sea,4: baltic sea,
4,baltic sea,4: baltic sea,
4,baltic sea,4: baltic sea,
4,baltic sea,4: baltic sea,
4,baltic sea,4: baltic sea,
4,baltic sea,4: baltic sea,
4,baltic sea,4: baltic sea,
4,baltic sea,4: baltic sea,
4,baltic sea,4: baltic sea,
4,baltic sea,4: baltic sea,
4,baltic sea,4: baltic sea,
4,baltic sea,4: baltic sea,
4,baltic sea,4: baltic sea,
4,baltic sea,4: baltic sea,
4,baltic sea,4: baltic sea,
4,baltic sea,4: baltic sea,
4,baltic sea,4: baltic sea,
4,baltic sea,4: baltic sea,
4,baltic sea,4: baltic sea,
4,baltic sea,4: baltic sea,
4,baltic sea,4: baltic sea,
4,baltic sea,4: baltic sea,
4,baltic sea,4: baltic sea,
4,baltic sea,4: baltic sea,
4,baltic sea,4: baltic sea,
4,baltic sea,4: baltic sea,
4,baltic sea,4: baltic sea,
4,baltic sea,4: baltic sea,
4,baltic sea,4: baltic sea,
4,baltic sea,4: baltic sea,
4,baltic sea,4: baltic sea,
4,baltic sea,4: baltic sea,
4,baltic sea,4: baltic sea,
4,baltic sea,4: baltic sea,
4,baltic sea,4: baltic sea,
4,baltic sea,4: baltic sea,
4,baltic sea,4: baltic sea,
4,baltic sea,4: baltic sea,
4,baltic sea,4: baltic sea,
4,baltic sea,4: baltic sea,
4,baltic sea,4: baltic sea,
4,baltic sea,4: baltic sea,
4,baltic sea,4: baltic sea,
4,baltic sea,4: baltic sea,
4,baltic sea,4: baltic sea,
4,baltic sea,4: baltic sea,
4,baltic sea,4: baltic sea,
4,baltic sea,4: baltic sea,
4,baltic sea,4: baltic sea,
4,baltic sea,4: baltic sea,
4,baltic sea,4: baltic sea,
4,baltic sea,4: baltic sea,
4,baltic sea,4: baltic sea,
4,baltic sea,4: baltic sea,
4,baltic sea,4: baltic sea,
4,baltic sea,4: baltic sea,
4,baltic sea,4: baltic sea,
4,baltic sea,4: baltic sea,
4,baltic sea,4: baltic sea,
4,baltic sea,4: baltic sea,
4,baltic sea,4: baltic sea,
4,baltic sea,4: baltic sea,
4,baltic sea,4: baltic sea,
4,baltic sea,4: baltic sea,
4,baltic sea,4: baltic sea,
4,baltic sea,4: baltic sea,
4,baltic sea,4: baltic sea,
4,baltic sea,4: baltic sea,
4,baltic sea,4: baltic sea,
4,baltic sea,4: baltic sea,
4,baltic sea,4: baltic sea,
4,baltic sea,4: baltic sea,
4,baltic sea,4: baltic sea,
4,baltic sea,4: baltic sea,
4,baltic sea,4: baltic sea,
4,baltic sea,4: baltic sea,
4,baltic sea,4: baltic sea,
4,baltic sea,4: baltic sea,
4,baltic sea,4: baltic sea,
4,baltic sea,4: baltic sea,
4,baltic sea,4: baltic sea,
4,baltic sea,4: baltic sea,
4,baltic sea,4: baltic sea,
4,baltic sea,4: baltic sea,
4,baltic sea,4: baltic sea,
4,baltic sea,4: baltic sea,
4,baltic sea,4: baltic sea,
4,baltic sea,4: baltic sea,
4,baltic sea,4: baltic sea,
2,municip council,2: municip council,
2,municip council,2: municip council,
2,municip council,2: municip council,
2,municip council,2: municip council,
2,municip council,2: municip council,
2,municip council,2: municip council,
2,municip council,2: municip council,
2,municip council,2: municip council,
2,municip council,2: municip council,
2,municip council,2: municip council,
2,municip council,2: municip council,
2,municip council,2: municip council,
2,municip council,2: municip council,
2,municip council,2: municip council,
2,municip council,2: municip council,
2,municip council,2: municip council,
2,municip council,2: municip council,
2,municip council,2: municip council,
2,municip council,2: municip council,
2,municip council,2: municip council,
2,municip council,2: municip council,
2,municip council,2: municip council,
2,municip council,2: municip council,
2,municip council,2: municip council,
2,municip council,2: municip council,
2,municip council,2: municip council,
2,municip council,2: municip council,
2,municip council,2: municip council,
2,municip council,2: municip council,
2,municip council,2: municip council,
2,municip council,2: municip council,
2,municip council,2: municip council,
2,municip council,2: municip council,
2,municip council,2: municip council,
2,municip council,2: municip council,
2,municip council,2: municip council,
2,municip council,2: municip council,
2,municip council,2: municip council,
2,municip council,2: municip council,
2,municip council,2: municip council,
2,municip council,2: municip council,
2,municip council,2: municip council,
2,municip council,2: municip council,
2,municip council,2: municip council,
2,municip council,2: municip council,
2,municip council,2: municip council,
2,municip council,2: municip council,
2,municip council,2: municip council,
2,municip council,2: municip council,
2,municip council,2: municip council,
2,municip council,2: municip council,
2,municip council,2: municip council,
2,municip council,2: municip council,
2,municip council,2: municip council,
2,municip council,2: municip council,
2,municip council,2: municip council,
2,municip council,2: municip council,
2,municip council,2: municip council,
2,municip council,2: municip council,
2,municip council,2: municip council,
2,municip council,2: municip council,
2,municip council,2: municip council,
2,municip council,2: municip council,
2,municip council,2: municip council,
2,municip council,2: municip council,
2,municip council,2: municip council,
2,municip council,2: municip council,
2,municip council,2: municip council,
2,municip council,2: municip council,
2,municip council,2: municip council,
2,municip council,2: municip council,
2,municip council,2: municip council,
2,municip council,2: municip council,
2,municip council,2: municip council,
2,municip council,2: municip council,
2,municip council,2: municip council,
2,municip council,2: municip council,
2,municip council,2: municip council,
2,municip council,2: municip council,
2,municip council,2: municip council,
2,municip council,2: municip council,
2,municip council,2: municip council,
2,municip council,2: municip council,
2,municip council,2: municip council,
2,municip council,2: municip council,
2,municip council,2: municip council,
2,municip council,2: municip council,
2,municip council,2: municip council,
2,municip council,2: municip council,
2,municip council,2: municip council,
2,municip council,2: municip council,
2,municip council,2: municip council,
2,municip council,2: municip council,
2,municip council,2: municip council,
2,municip council,2: municip council,
2,municip council,2: municip council,
2,municip council,2: municip council,
2,municip council,2: municip council,
2,municip council,2: municip council,
2,municip council,2: municip council,
2,municip council,2: municip council,
2,municip council,2: municip council,
2,municip council,2: municip council,
2,municip council,2: municip council,
2,municip council,2: municip council,
2,municip council,2: municip council,
2,municip council,2: municip council,
2,municip council,2: municip council,
2,municip council,2: municip council,
2,municip council,2: municip council,
2,municip council,2: municip council,
2,municip council,2: municip council,
2,municip council,2: municip council,
2,municip council,2: municip council,
2,municip council,2: municip council,
2,municip council,2: municip council,
2,municip council,2: municip council,
2,municip council,2: municip council,
2,municip council,2: municip council,
2,municip council,2: municip council,
2,municip council,2: municip council,
2,municip council,2: municip council,
2,municip council,2: municip council,
2,municip council,2: municip council,
2,municip council,2: municip council,
2,municip council,2: municip council,
2,municip council,2: municip council,
2,municip council,2: municip council,
2,municip council,2: municip council,
2,municip council,2: municip council,
2,municip council,2: municip council,
2,municip council,2: municip council,
2,municip council,2: municip council,
2,municip council,2: municip council,
2,municip council,2: municip council,
2,municip council,2: municip council,
2,municip council,2: municip council,
2,municip council,2: municip council,
2,municip council,2: municip council,
2,municip council,2: municip council,
2,municip council,2: municip council,
2,municip council,2: municip council,
2,municip council,2: municip council,
2,municip council,2: municip council,
2,municip council,2: municip council,
2,municip council,2: municip council,
2,municip council,2: municip council,
2,municip council,2: municip council,
2,municip council,2: municip council,
2,municip council,2: municip council,
2,municip council,2: municip council,
2,municip council,2: municip council,
2,municip council,2: municip council,
2,municip council,2: municip council,
2,municip council,2: municip council,
2,municip council,2: municip council,
6,energiø bornholm,6: energiø bornholm,
6,energiø bornholm,6: energiø bornholm,
6,energiø bornholm,6: energiø bornholm,
6,energiø bornholm,6: energiø bornholm,
6,energiø bornholm,6: energiø bornholm,
6,energiø bornholm,6: energiø bornholm,
6,energiø bornholm,6: energiø bornholm,
6,energiø bornholm,6: energiø bornholm,
6,energiø bornholm,6: energiø bornholm,
6,energiø bornholm,6: energiø bornholm,
6,energiø bornholm,6: energiø bornholm,
6,energiø bornholm,6: energiø bornholm,
6,energiø bornholm,6: energiø bornholm,
6,energiø bornholm,6: energiø bornholm,
6,energiø bornholm,6: energiø bornholm,
6,energiø bornholm,6: energiø bornholm,
6,energiø bornholm,6: energiø bornholm,
6,energiø bornholm,6: energiø bornholm,
6,energiø bornholm,6: energiø bornholm,
6,energiø bornholm,6: energiø bornholm,
6,energiø bornholm,6: energiø bornholm,
6,energiø bornholm,6: energiø bornholm,
6,energiø bornholm,6: energiø bornholm,
6,energiø bornholm,6: energiø bornholm,
6,energiø bornholm,6: energiø bornholm,
6,energiø bornholm,6: energiø bornholm,
6,energiø bornholm,6: energiø bornholm,
6,energiø bornholm,6: energiø bornholm,
6,energiø bornholm,6: energiø bornholm,
6,energiø bornholm,6: energiø bornholm,
6,energiø bornholm,6: energiø bornholm,
6,energiø bornholm,6: energiø bornholm,
6,energiø bornholm,6: energiø bornholm,
6,energiø bornholm,6: energiø bornholm,
6,energiø bornholm,6: energiø bornholm,
6,energiø bornholm,6: energiø bornholm,
6,energiø bornholm,6: energiø bornholm,
6,energiø bornholm,6: energiø bornholm,
6,energiø bornholm,6: energiø bornholm,
6,energiø bornholm,6: energiø bornholm,
6,energiø bornholm,6: energiø bornholm,
6,energiø bornholm,6: energiø bornholm,
6,energiø bornholm,6: energiø bornholm,
6,energiø bornholm,6: energiø bornholm,
6,energiø bornholm,6: energiø bornholm,
6,energiø bornholm,6: energiø bornholm,
6,energiø bornholm,6: energiø bornholm,
6,energiø bornholm,6: energiø bornholm,
6,energiø bornholm,6: energiø bornholm,
6,energiø bornholm,6: energiø bornholm,
6,energiø bornholm,6: energiø bornholm,
6,energiø bornholm,6: energiø bornholm,
6,energiø bornholm,6: energiø bornholm,
6,energiø bornholm,6: energiø bornholm,
6,energiø bornholm,6: energiø bornholm,
6,energiø bornholm,6: energiø bornholm,
6,energiø bornholm,6: energiø bornholm,
6,energiø bornholm,6: energiø bornholm,
6,energiø bornholm,6: energiø bornholm,
6,energiø bornholm,6: energiø bornholm,
6,energiø bornholm,6: energiø bornholm,
6,energiø bornholm,6: energiø bornholm,
6,energiø bornholm,6: energiø bornholm,
6,energiø bornholm,6: energiø bornholm,
6,energiø bornholm,6: energiø bornholm,
6,energiø bornholm,6: energiø bornholm,
6,energiø bornholm,6: energiø bornholm,
6,energiø bornholm,6: energiø bornholm,
6,energiø bornholm,6: energiø bornholm,
6,energiø bornholm,6: energiø bornholm,
6,energiø bornholm,6: energiø bornholm,
6,energiø bornholm,6: energiø bornholm,
6,energiø bornholm,6: energiø bornholm,
6,energiø bornholm,6: energiø bornholm,
6,energiø bornholm,6: energiø bornholm,
6,energiø bornholm,6: energiø bornholm,
6,energiø bornholm,6: energiø bornholm,
6,energiø bornholm,6: energiø bornholm,
6,energiø bornholm,6: energiø bornholm,
6,energiø bornholm,6: energiø bornholm,
6,energiø bornholm,6: energiø bornholm,
6,energiø bornholm,6: energiø bornholm,
6,energiø bornholm,6: energiø bornholm,
6,energiø bornholm,6: energiø bornholm,
6,energiø bornholm,6: energiø bornholm,
6,energiø bornholm,6: energiø bornholm,
6,energiø bornholm,6: energiø bornholm,
6,energiø bornholm,6: energiø bornholm,
6,energiø bornholm,6: energiø bornholm,
6,energiø bornholm,6: energiø bornholm,
6,energiø bornholm,6: energiø bornholm,
6,energiø bornholm,6: energiø bornholm,
6,energiø bornholm,6: energiø bornholm,
6,energiø bornholm,6: energiø bornholm,
6,energiø bornholm,6: energiø bornholm,
6,energiø bornholm,6: energiø bornholm,
6,energiø bornholm,6: energiø bornholm,
6,energiø bornholm,6: energiø bornholm,
6,energiø bornholm,6: energiø bornholm,
6,energiø bornholm,6: energiø bornholm,
6,energiø bornholm,6: energiø bornholm,
6,energiø bornholm,6: energiø bornholm,
6,energiø bornholm,6: energiø bornholm,
6,energiø bornholm,6: energiø bornholm,
6,energiø bornholm,6: energiø bornholm,
6,energiø bornholm,6: energiø bornholm,
6,energiø bornholm,6: energiø bornholm,
6,energiø bornholm,6: energiø bornholm,
6,energiø bornholm,6: energiø bornholm,
6,energiø bornholm,6: energiø bornholm,
6,energiø bornholm,6: energiø bornholm,
6,energiø bornholm,6: energiø bornholm,
6,energiø bornholm,6: energiø bornholm,
6,energiø bornholm,6: energiø bornholm,
6,energiø bornholm,6: energiø bornholm,
6,energiø bornholm,6: energiø bornholm,
6,energiø bornholm,6: energiø bornholm,
6,energiø bornholm,6: energiø bornholm,
6,energiø bornholm,6: energiø bornholm,
6,energiø bornholm,6: energiø bornholm,
6,energiø bornholm,6: energiø bornholm,
6,energiø bornholm,6: energiø bornholm,
6,energiø bornholm,6: energiø bornholm,
6,energiø bornholm,6: energiø bornholm,
6,energiø bornholm,6: energiø bornholm,
6,energiø bornholm,6: energiø bornholm,
6,energiø bornholm,6: energiø bornholm,
6,energiø bornholm,6: energiø bornholm,
6,energiø bornholm,6: energiø bornholm,
6,energiø bornholm,6: energiø bornholm,
6,energiø bornholm,6: energiø bornholm,
6,energiø bornholm,6: energiø bornholm,
6,energiø bornholm,6: energiø bornholm,
6,energiø bornholm,6: energiø bornholm,
6,energiø bornholm,6: energiø bornholm,
6,energiø bornholm,6: energiø bornholm,
6,energiø bornholm,6: energiø bornholm,
6,energiø bornholm,6: energiø bornholm,
6,energiø bornholm,6: energiø bornholm,
6,energiø bornholm,6: energiø bornholm,
6,energiø bornholm,6: energiø bornholm,
6,energiø bornholm,6: energiø bornholm,
6,energiø bornholm,6: energiø bornholm,
6,energiø bornholm,6: energiø bornholm,
6,energiø bornholm,6: energiø bornholm,
6,energiø bornholm,6: energiø bornholm,
6,energiø bornholm,6: energiø bornholm,
6,energiø bornholm,6: energiø bornholm,
6,energiø bornholm,6: energiø bornholm,
6,energiø bornholm,6: energiø bornholm,
6,energiø bornholm,6: energiø bornholm,
6,energiø bornholm,6: energiø bornholm,
6,energiø bornholm,6: energiø bornholm,
6,energiø bornholm,6: energiø bornholm,
6,energiø bornholm,6: energiø bornholm,
6,energiø bornholm,6: energiø bornholm,
6,energiø bornholm,6: energiø bornholm,
6,energiø bornholm,6: energiø bornholm,
6,energiø bornholm,6: energiø bornholm,
6,energiø bornholm,6: energiø bornholm,
6,energiø bornholm,6: energiø bornholm,
6,energiø bornholm,6: energiø bornholm,
6,energiø bornholm,6: energiø bornholm,
6,energiø bornholm,6: energiø bornholm,
6,energiø bornholm,6: energiø bornholm,
6,energiø bornholm,6: energiø bornholm,
6,energiø bornholm,6: energiø bornholm,
6,energiø bornholm,6: energiø bornholm,
6,energiø bornholm,6: energiø bornholm,
6,energiø bornholm,6: energiø bornholm,
6,energiø bornholm,6: energiø bornholm,
6,energiø bornholm,6: energiø bornholm,
6,energiø bornholm,6: energiø bornholm,
6,energiø bornholm,6: energiø bornholm,
6,energiø bornholm,6: energiø bornholm,
6,energiø bornholm,6: energiø bornholm,
6,energiø bornholm,6: energiø bornholm,
6,energiø bornholm,6: energiø bornholm,
6,energiø bornholm,6: energiø bornholm,
6,energiø bornholm,6: energiø bornholm,
6,energiø bornholm,6: energiø bornholm,
6,energiø bornholm,6: energiø bornholm,
6,energiø bornholm,6: energiø bornholm,
6,energiø bornholm,6: energiø bornholm,
6,energiø bornholm,6: energiø bornholm,
6,energiø bornholm,6: energiø bornholm,
6,energiø bornholm,6: energiø bornholm,
6,energiø bornholm,6: energiø bornholm,
6,energiø bornholm,6: energiø bornholm,
6,energiø bornholm,6: energiø bornholm,
6,energiø bornholm,6: energiø bornholm,
6,energiø bornholm,6: energiø bornholm,
6,energiø bornholm,6: energiø bornholm,
6,energiø bornholm,6: energiø bornholm,
6,energiø bornholm,6: energiø bornholm,
6,energiø bornholm,6: energiø bornholm,
6,energiø bornholm,6: energiø bornholm,
6,energiø bornholm,6: energiø bornholm,
6,energiø bornholm,6: energiø bornholm,
6,energiø bornholm,6: energiø bornholm,
6,energiø bornholm,6: energiø bornholm,
6,energiø bornholm,6: energiø bornholm,
6,energiø bornholm,6: energiø bornholm,
6,energiø bornholm,6: energiø bornholm,
6,energiø bornholm,6: energiø bornholm,
6,energiø bornholm,6: energiø bornholm,
6,energiø bornholm,6: energiø bornholm,
6,energiø bornholm,6: energiø bornholm,
6,energiø bornholm,6: energiø bornholm,
6,energiø bornholm,6: energiø bornholm,
6,energiø bornholm,6: energiø bornholm,
6,energiø bornholm,6: energiø bornholm,
6,energiø bornholm,6: energiø bornholm,
6,energiø bornholm,6: energiø bornholm,
6,energiø bornholm,6: energiø bornholm,
6,energiø bornholm,6: energiø bornholm,
6,energiø bornholm,6: energiø bornholm,
6,energiø bornholm,6: energiø bornholm,
6,energiø bornholm,6: energiø bornholm,
6,energiø bornholm,6: energiø bornholm,
6,energiø bornholm,6: energiø bornholm,
6,energiø bornholm,6: energiø bornholm,
6,energiø bornholm,6: energiø bornholm,
6,energiø bornholm,6: energiø bornholm,
6,energiø bornholm,6: energiø bornholm,
6,energiø bornholm,6: energiø bornholm,
6,energiø bornholm,6: energiø bornholm,
6,energiø bornholm,6: energiø bornholm,
6,energiø bornholm,6: energiø bornholm,
6,energiø bornholm,6: energiø bornholm,
6,energiø bornholm,6: energiø bornholm,
6,energiø bornholm,6: energiø bornholm,
6,energiø bornholm,6: energiø bornholm,
6,energiø bornholm,6: energiø bornholm,
6,energiø bornholm,6: energiø bornholm,
6,energiø bornholm,6: energiø bornholm,
6,energiø bornholm,6: energiø bornholm,
6,energiø bornholm,6: energiø bornholm,
6,energiø bornholm,6: energiø bornholm,
6,energiø bornholm,6: energiø bornholm,
6,energiø bornholm,6: energiø bornholm,
6,energiø bornholm,6: energiø bornholm,
6,energiø bornholm,6: energiø bornholm,
6,energiø bornholm,6: energiø bornholm,
6,energiø bornholm,6: energiø bornholm,
6,energiø bornholm,6: energiø bornholm,
6,energiø bornholm,6: energiø bornholm,
6,energiø bornholm,6: energiø bornholm,
6,energiø bornholm,6: energiø bornholm,
6,energiø bornholm,6: energiø bornholm,
6,energiø bornholm,6: energiø bornholm,
6,energiø bornholm,6: energiø bornholm,
6,energiø bornholm,6: energiø bornholm,
6,energiø bornholm,6: energiø bornholm,
6,energiø bornholm,6: energiø bornholm,
6,energiø bornholm,6: energiø bornholm,
6,energiø bornholm,6: energiø bornholm,
6,energiø bornholm,6: energiø bornholm,
6,energiø bornholm,6: energiø bornholm,
6,energiø bornholm,6: energiø bornholm,
6,energiø bornholm,6: energiø bornholm,
6,energiø bornholm,6: energiø bornholm,
6,energiø bornholm,6: energiø bornholm,
6,energiø bornholm,6: energiø bornholm,
6,energiø bornholm,6: energiø bornholm,
6,energiø bornholm,6: energiø bornholm,
6,energiø bornholm,6: energiø bornholm,
6,energiø bornholm,6: energiø bornholm,
6,energiø bornholm,6: energiø bornholm,
6,energiø bornholm,6: energiø bornholm,
6,energiø bornholm,6: energiø bornholm,
6,energiø bornholm,6: energiø bornholm,
6,energiø bornholm,6: energiø bornholm,
6,energiø bornholm,6: energiø bornholm,
6,energiø bornholm,6: energiø bornholm,
6,energiø bornholm,6: energiø bornholm,
6,energiø bornholm,6: energiø bornholm,
6,energiø bornholm,6: energiø bornholm,
6,energiø bornholm,6: energiø bornholm,
6,energiø bornholm,6: energiø bornholm,
6,energiø bornholm,6: energiø bornholm,
6,energiø bornholm,6: energiø bornholm,
6,energiø bornholm,6: energiø bornholm,
6,energiø bornholm,6: energiø bornholm,
6,energiø bornholm,6: energiø bornholm,
6,energiø bornholm,6: energiø bornholm,
6,energiø bornholm,6: energiø bornholm,
6,energiø bornholm,6: energiø bornholm,
6,energiø bornholm,6: energiø bornholm,
6,energiø bornholm,6: energiø bornholm,
6,energiø bornholm,6: energiø bornholm,
6,energiø bornholm,6: energiø bornholm,
6,energiø bornholm,6: energiø bornholm,
6,energiø bornholm,6: energiø bornholm,
6,energiø bornholm,6: energiø bornholm,
6,energiø bornholm,6: energiø bornholm,
6,energiø bornholm,6: energiø bornholm,
6,energiø bornholm,6: energiø bornholm,
6,energiø bornholm,6: energiø bornholm,
6,energiø bornholm,6: energiø bornholm,
6,energiø bornholm,6: energiø bornholm,
6,energiø bornholm,6: energiø bornholm,
6,energiø bornholm,6: energiø bornholm,
6,energiø bornholm,6: energiø bornholm,
6,energiø bornholm,6: energiø bornholm,
6,energiø bornholm,6: energiø bornholm,
6,energiø bornholm,6: energiø bornholm,
6,energiø bornholm,6: energiø bornholm,
6,energiø bornholm,6: energiø bornholm,
6,energiø bornholm,6: energiø bornholm,
6,energiø bornholm,6: energiø bornholm,
6,energiø bornholm,6: energiø bornholm,
6,energiø bornholm,6: energiø bornholm,
6,energiø bornholm,6: energiø bornholm,
6,energiø bornholm,6: energiø bornholm,
6,energiø bornholm,6: energiø bornholm,
6,energiø bornholm,6: energiø bornholm,
6,energiø bornholm,6: energiø bornholm,
6,energiø bornholm,6: energiø bornholm,
6,energiø bornholm,6: energiø bornholm,
6,energiø bornholm,6: energiø bornholm,
6,energiø bornholm,6: energiø bornholm,
6,energiø bornholm,6: energiø bornholm,
6,energiø bornholm,6: energiø bornholm,
6,energiø bornholm,6: energiø bornholm,
6,energiø bornholm,6: energiø bornholm,
6,energiø bornholm,6: energiø bornholm,
6,energiø bornholm,6: energiø bornholm,
6,energiø bornholm,6: energiø bornholm,
6,energiø bornholm,6: energiø bornholm,
6,energiø bornholm,6: energiø bornholm,
6,energiø bornholm,6: energiø bornholm,
6,energiø bornholm,6: energiø bornholm,
6,energiø bornholm,6: energiø bornholm,
6,energiø bornholm,6: energiø bornholm,
6,energiø bornholm,6: energiø bornholm,
6,energiø bornholm,6: energiø bornholm,
6,energiø bornholm,6: energiø bornholm,
6,energiø bornholm,6: energiø bornholm,
6,energiø bornholm,6: energiø bornholm,
6,energiø bornholm,6: energiø bornholm,
6,energiø bornholm,6: energiø bornholm,
4,baltic sea,4: baltic sea,
4,baltic sea,4: baltic sea,
4,baltic sea,4: baltic sea,
4,baltic sea,4: baltic sea,
4,baltic sea,4: baltic sea,
4,baltic sea,4: baltic sea,
4,baltic sea,4: baltic sea,
4,baltic sea,4: baltic sea,
4,baltic sea,4: baltic sea,
4,baltic sea,4: baltic sea,
4,baltic sea,4: baltic sea,
4,baltic sea,4: baltic sea,
4,baltic sea,4: baltic sea,
4,baltic sea,4: baltic sea,
4,baltic sea,4: baltic sea,
4,baltic sea,4: baltic sea,
4,baltic sea,4: baltic sea,
4,baltic sea,4: baltic sea,
4,baltic sea,4: baltic sea,
4,baltic sea,4: baltic sea,
4,baltic sea,4: baltic sea,
4,baltic sea,4: baltic sea,
4,baltic sea,4: baltic sea,
4,baltic sea,4: baltic sea,
4,baltic sea,4: baltic sea,
4,baltic sea,4: baltic sea,
4,baltic sea,4: baltic sea,
4,baltic sea,4: baltic sea,
4,baltic sea,4: baltic sea,
4,baltic sea,4: baltic sea,
4,baltic sea,4: baltic sea,
4,baltic sea,4: baltic sea,
4,baltic sea,4: baltic sea,
4,baltic sea,4: baltic sea,
4,baltic sea,4: baltic sea,
4,baltic sea,4: baltic sea,
4,baltic sea,4: baltic sea,
4,baltic sea,4: baltic sea,
4,baltic sea,4: baltic sea,
4,baltic sea,4: baltic sea,
4,baltic sea,4: baltic sea,
4,baltic sea,4: baltic sea,
4,baltic sea,4: baltic sea,
4,baltic sea,4: baltic sea,
4,baltic sea,4: baltic sea,
4,baltic sea,4: baltic sea,
4,baltic sea,4: baltic sea,
4,baltic sea,4: baltic sea,
4,baltic sea,4: baltic sea,
4,baltic sea,4: baltic sea,
4,baltic sea,4: baltic sea,
4,baltic sea,4: baltic sea,
4,baltic sea,4: baltic sea,
4,baltic sea,4: baltic sea,
4,baltic sea,4: baltic sea,
4,baltic sea,4: baltic sea,
4,baltic sea,4: baltic sea,
4,baltic sea,4: baltic sea,
4,baltic sea,4: baltic sea,
4,baltic sea,4: baltic sea,
4,baltic sea,4: baltic sea,
4,baltic sea,4: baltic sea,
4,baltic sea,4: baltic sea,
4,baltic sea,4: baltic sea,
4,baltic sea,4: baltic sea,
4,baltic sea,4: baltic sea,
4,baltic sea,4: baltic sea,
4,baltic sea,4: baltic sea,
4,baltic sea,4: baltic sea,
4,baltic sea,4: baltic sea,
4,baltic sea,4: baltic sea,
4,baltic sea,4: baltic sea,
4,baltic sea,4: baltic sea,
4,baltic sea,4: baltic sea,
4,baltic sea,4: baltic sea,
4,baltic sea,4: baltic sea,
4,baltic sea,4: baltic sea,
4,baltic sea,4: baltic sea,
4,baltic sea,4: baltic sea,
4,baltic sea,4: baltic sea,
4,baltic sea,4: baltic sea,
4,baltic sea,4: baltic sea,
4,baltic sea,4: baltic sea,
4,baltic sea,4: baltic sea,
4,baltic sea,4: baltic sea,
4,baltic sea,4: baltic sea,
4,baltic sea,4: baltic sea,
4,baltic sea,4: baltic sea,
4,baltic sea,4: baltic sea,
4,baltic sea,4: baltic sea,
4,baltic sea,4: baltic sea,
4,baltic sea,4: baltic sea,
4,baltic sea,4: baltic sea,
4,baltic sea,4: baltic sea,
4,baltic sea,4: baltic sea,
4,baltic sea,4: baltic sea,
4,baltic sea,4: baltic sea,
4,baltic sea,4: baltic sea,
4,baltic sea,4: baltic sea,
4,baltic sea,4: baltic sea,
4,baltic sea,4: baltic sea,
4,baltic sea,4: baltic sea,
4,baltic sea,4: baltic sea,
4,baltic sea,4: baltic sea,
4,baltic sea,4: baltic sea,
4,baltic sea,4: baltic sea,
4,baltic sea,4: baltic sea,
4,baltic sea,4: baltic sea,
4,baltic sea,4: baltic sea,
4,baltic sea,4: baltic sea,
4,baltic sea,4: baltic sea,
4,baltic sea,4: baltic sea,
4,baltic sea,4: baltic sea,
4,baltic sea,4: baltic sea,
4,baltic sea,4: baltic sea,
4,baltic sea,4: baltic sea,
4,baltic sea,4: baltic sea,
4,baltic sea,4: baltic sea,
4,baltic sea,4: baltic sea,
4,baltic sea,4: baltic sea,
4,baltic sea,4: baltic sea,
4,baltic sea,4: baltic sea,
4,baltic sea,4: baltic sea,
4,baltic sea,4: baltic sea,
4,baltic sea,4: baltic sea,
4,baltic sea,4: baltic sea,
4,baltic sea,4: baltic sea,
4,baltic sea,4: baltic sea,
4,baltic sea,4: baltic sea,
4,baltic sea,4: baltic sea,
4,baltic sea,4: baltic sea,
4,baltic sea,4: baltic sea,
4,baltic sea,4: baltic sea,
4,baltic sea,4: baltic sea,
4,baltic sea,4: baltic sea,
4,baltic sea,4: baltic sea,
4,baltic sea,4: baltic sea,
4,baltic sea,4: baltic sea,
6,energiø bornholm,6: energiø bornholm,
6,energiø bornholm,6: energiø bornholm,
6,energiø bornholm,6: energiø bornholm,
6,energiø bornholm,6: energiø bornholm,
6,energiø bornholm,6: energiø bornholm,
6,energiø bornholm,6: energiø bornholm,
6,energiø bornholm,6: energiø bornholm,
6,energiø bornholm,6: energiø bornholm,
6,energiø bornholm,6: energiø bornholm,
6,energiø bornholm,6: energiø bornholm,
6,energiø bornholm,6: energiø bornholm,
6,energiø bornholm,6: energiø bornholm,
6,energiø bornholm,6: energiø bornholm,
6,energiø bornholm,6: energiø bornholm,
6,energiø bornholm,6: energiø bornholm,
6,energiø bornholm,6: energiø bornholm,
6,energiø bornholm,6: energiø bornholm,
6,energiø bornholm,6: energiø bornholm,
6,energiø bornholm,6: energiø bornholm,
6,energiø bornholm,6: energiø bornholm,
6,energiø bornholm,6: energiø bornholm,
6,energiø bornholm,6: energiø bornholm,
6,energiø bornholm,6: energiø bornholm,
6,energiø bornholm,6: energiø bornholm,
6,energiø bornholm,6: energiø bornholm,
6,energiø bornholm,6: energiø bornholm,
6,energiø bornholm,6: energiø bornholm,
6,energiø bornholm,6: energiø bornholm,
6,energiø bornholm,6: energiø bornholm,
6,energiø bornholm,6: energiø bornholm,
6,energiø bornholm,6: energiø bornholm,
6,energiø bornholm,6: energiø bornholm,
6,energiø bornholm,6: energiø bornholm,
6,energiø bornholm,6: energiø bornholm,
6,energiø bornholm,6: energiø bornholm,
6,energiø bornholm,6: energiø bornholm,
6,energiø bornholm,6: energiø bornholm,
6,energiø bornholm,6: energiø bornholm,
6,energiø bornholm,6: energiø bornholm,
6,energiø bornholm,6: energiø bornholm,
6,energiø bornholm,6: energiø bornholm,
6,energiø bornholm,6: energiø bornholm,
6,energiø bornholm,6: energiø bornholm,
6,energiø bornholm,6: energiø bornholm,
6,energiø bornholm,6: energiø bornholm,
6,energiø bornholm,6: energiø bornholm,
6,energiø bornholm,6: energiø bornholm,
6,energiø bornholm,6: energiø bornholm,
6,energiø bornholm,6: energiø bornholm,
6,energiø bornholm,6: energiø bornholm,
6,energiø bornholm,6: energiø bornholm,
6,energiø bornholm,6: energiø bornholm,
6,energiø bornholm,6: energiø bornholm,
6,energiø bornholm,6: energiø bornholm,
6,energiø bornholm,6: energiø bornholm,
6,energiø bornholm,6: energiø bornholm,
6,energiø bornholm,6: energiø bornholm,
6,energiø bornholm,6: energiø bornholm,
6,energiø bornholm,6: energiø bornholm,
6,energiø bornholm,6: energiø bornholm,
6,energiø bornholm,6: energiø bornholm,
6,energiø bornholm,6: energiø bornholm,
6,energiø bornholm,6: energiø bornholm,
6,energiø bornholm,6: energiø bornholm,
6,energiø bornholm,6: energiø bornholm,
6,energiø bornholm,6: energiø bornholm,
6,energiø bornholm,6: energiø bornholm,
6,energiø bornholm,6: energiø bornholm,
6,energiø bornholm,6: energiø bornholm,
6,energiø bornholm,6: energiø bornholm,
6,energiø bornholm,6: energiø bornholm,
6,energiø bornholm,6: energiø bornholm,
6,energiø bornholm,6: energiø bornholm,
6,energiø bornholm,6: energiø bornholm,
6,energiø bornholm,6: energiø bornholm,
6,energiø bornholm,6: energiø bornholm,
6,energiø bornholm,6: energiø bornholm,
6,energiø bornholm,6: energiø bornholm,
6,energiø bornholm,6: energiø bornholm,
6,energiø bornholm,6: energiø bornholm,
6,energiø bornholm,6: energiø bornholm,
6,energiø bornholm,6: energiø bornholm,
6,energiø bornholm,6: energiø bornholm,
6,energiø bornholm,6: energiø bornholm,
6,energiø bornholm,6: energiø bornholm,
6,energiø bornholm,6: energiø bornholm,
6,energiø bornholm,6: energiø bornholm,
6,energiø bornholm,6: energiø bornholm,
6,energiø bornholm,6: energiø bornholm,
6,energiø bornholm,6: energiø bornholm,
6,energiø bornholm,6: energiø bornholm,
6,energiø bornholm,6: energiø bornholm,
6,energiø bornholm,6: energiø bornholm,
6,energiø bornholm,6: energiø bornholm,
6,energiø bornholm,6: energiø bornholm,
6,energiø bornholm,6: energiø bornholm,
6,energiø bornholm,6: energiø bornholm,
6,energiø bornholm,6: energiø bornholm,
6,energiø bornholm,6: energiø bornholm,
6,energiø bornholm,6: energiø bornholm,
6,energiø bornholm,6: energiø bornholm,
6,energiø bornholm,6: energiø bornholm,
6,energiø bornholm,6: energiø bornholm,
6,energiø bornholm,6: energiø bornholm,
6,energiø bornholm,6: energiø bornholm,
6,energiø bornholm,6: energiø bornholm,
6,energiø bornholm,6: energiø bornholm,
6,energiø bornholm,6: energiø bornholm,
6,energiø bornholm,6: energiø bornholm,
6,energiø bornholm,6: energiø bornholm,
6,energiø bornholm,6: energiø bornholm,
6,energiø bornholm,6: energiø bornholm,
6,energiø bornholm,6: energiø bornholm,
6,energiø bornholm,6: energiø bornholm,
6,energiø bornholm,6: energiø bornholm,
6,energiø bornholm,6: energiø bornholm,
6,energiø bornholm,6: energiø bornholm,
6,energiø bornholm,6: energiø bornholm,
6,energiø bornholm,6: energiø bornholm,
6,energiø bornholm,6: energiø bornholm,
6,energiø bornholm,6: energiø bornholm,
6,energiø bornholm,6: energiø bornholm,
6,energiø bornholm,6: energiø bornholm,
6,energiø bornholm,6: energiø bornholm,
6,energiø bornholm,6: energiø bornholm,
6,energiø bornholm,6: energiø bornholm,
6,energiø bornholm,6: energiø bornholm,
6,energiø bornholm,6: energiø bornholm,
6,energiø bornholm,6: energiø bornholm,
6,energiø bornholm,6: energiø bornholm,
6,energiø bornholm,6: energiø bornholm,
6,energiø bornholm,6: energiø bornholm,
6,energiø bornholm,6: energiø bornholm,
6,energiø bornholm,6: energiø bornholm,
6,energiø bornholm,6: energiø bornholm,
6,energiø bornholm,6: energiø bornholm,
6,energiø bornholm,6: energiø bornholm,
6,energiø bornholm,6: energiø bornholm,
6,energiø bornholm,6: energiø bornholm,
6,energiø bornholm,6: energiø bornholm,
6,energiø bornholm,6: energiø bornholm,
6,energiø bornholm,6: energiø bornholm,
6,energiø bornholm,6: energiø bornholm,
6,energiø bornholm,6: energiø bornholm,
6,energiø bornholm,6: energiø bornholm,
6,energiø bornholm,6: energiø bornholm,
6,energiø bornholm,6: energiø bornholm,
6,energiø bornholm,6: energiø bornholm,
6,energiø bornholm,6: energiø bornholm,
6,energiø bornholm,6: energiø bornholm,
6,energiø bornholm,6: energiø bornholm,
6,energiø bornholm,6: energiø bornholm,
6,energiø bornholm,6: energiø bornholm,
6,energiø bornholm,6: energiø bornholm,
6,energiø bornholm,6: energiø bornholm,
6,energiø bornholm,6: energiø bornholm,
6,energiø bornholm,6: energiø bornholm,
6,energiø bornholm,6: energiø bornholm,
6,energiø bornholm,6: energiø bornholm,
6,energiø bornholm,6: energiø bornholm,
6,energiø bornholm,6: energiø bornholm,
6,energiø bornholm,6: energiø bornholm,
6,energiø bornholm,6: energiø bornholm,
6,energiø bornholm,6: energiø bornholm,
6,energiø bornholm,6: energiø bornholm,
6,energiø bornholm,6: energiø bornholm,
6,energiø bornholm,6: energiø bornholm,
6,energiø bornholm,6: energiø bornholm,
6,energiø bornholm,6: energiø bornholm,
6,energiø bornholm,6: energiø bornholm,
6,energiø bornholm,6: energiø bornholm,
4,baltic sea,4: baltic sea,
4,baltic sea,4: baltic sea,
4,baltic sea,4: baltic sea,
4,baltic sea,4: baltic sea,
4,baltic sea,4: baltic sea,
4,baltic sea,4: baltic sea,
4,baltic sea,4: baltic sea,
4,baltic sea,4: baltic sea,
4,baltic sea,4: baltic sea,
4,baltic sea,4: baltic sea,
4,baltic sea,4: baltic sea,
4,baltic sea,4: baltic sea,
4,baltic sea,4: baltic sea,
4,baltic sea,4: baltic sea,
4,baltic sea,4: baltic sea,
4,baltic sea,4: baltic sea,
4,baltic sea,4: baltic sea,
4,baltic sea,4: baltic sea,
4,baltic sea,4: baltic sea,
4,baltic sea,4: baltic sea,
4,baltic sea,4: baltic sea,
4,baltic sea,4: baltic sea,
4,baltic sea,4: baltic sea,
4,baltic sea,4: baltic sea,
4,baltic sea,4: baltic sea,
4,baltic sea,4: baltic sea,
4,baltic sea,4: baltic sea,
4,baltic sea,4: baltic sea,
4,baltic sea,4: baltic sea,
4,baltic sea,4: baltic sea,
4,baltic sea,4: baltic sea,
4,baltic sea,4: baltic sea,
4,baltic sea,4: baltic sea,
4,baltic sea,4: baltic sea,
4,baltic sea,4: baltic sea,
4,baltic sea,4: baltic sea,
4,baltic sea,4: baltic sea,
4,baltic sea,4: baltic sea,
4,baltic sea,4: baltic sea,
4,baltic sea,4: baltic sea,
4,baltic sea,4: baltic sea,
4,baltic sea,4: baltic sea,
4,baltic sea,4: baltic sea,
4,baltic sea,4: baltic sea,
4,baltic sea,4: baltic sea,
4,baltic sea,4: baltic sea,
4,baltic sea,4: baltic sea,
4,baltic sea,4: baltic sea,
4,baltic sea,4: baltic sea,
4,baltic sea,4: baltic sea,
4,baltic sea,4: baltic sea,
4,baltic sea,4: baltic sea,
4,baltic sea,4: baltic sea,
4,baltic sea,4: baltic sea,
4,baltic sea,4: baltic sea,
4,baltic sea,4: baltic sea,
4,baltic sea,4: baltic sea,
4,baltic sea,4: baltic sea,
4,baltic sea,4: baltic sea,
4,baltic sea,4: baltic sea,
4,baltic sea,4: baltic sea,
4,baltic sea,4: baltic sea,
4,baltic sea,4: baltic sea,
4,baltic sea,4: baltic sea,
4,baltic sea,4: baltic sea,
4,baltic sea,4: baltic sea,
4,baltic sea,4: baltic sea,
4,baltic sea,4: baltic sea,
4,baltic sea,4: baltic sea,
4,baltic sea,4: baltic sea,
4,baltic sea,4: baltic sea,
4,baltic sea,4: baltic sea,
4,baltic sea,4: baltic sea,
4,baltic sea,4: baltic sea,
4,baltic sea,4: baltic sea,
4,baltic sea,4: baltic sea,
4,baltic sea,4: baltic sea,
4,baltic sea,4: baltic sea,
4,baltic sea,4: baltic sea,
4,baltic sea,4: baltic sea,
4,baltic sea,4: baltic sea,
4,baltic sea,4: baltic sea,
4,baltic sea,4: baltic sea,
4,baltic sea,4: baltic sea,
4,baltic sea,4: baltic sea,
4,baltic sea,4: baltic sea,
4,baltic sea,4: baltic sea,
4,baltic sea,4: baltic sea,
4,baltic sea,4: baltic sea,
4,baltic sea,4: baltic sea,
4,baltic sea,4: baltic sea,
4,baltic sea,4: baltic sea,
4,baltic sea,4: baltic sea,
4,baltic sea,4: baltic sea,
4,baltic sea,4: baltic sea,
4,baltic sea,4: baltic sea,
4,baltic sea,4: baltic sea,
4,baltic sea,4: baltic sea,
4,baltic sea,4: baltic sea,
4,baltic sea,4: baltic sea,
4,baltic sea,4: baltic sea,
4,baltic sea,4: baltic sea,
4,baltic sea,4: baltic sea,
4,baltic sea,4: baltic sea,
4,baltic sea,4: baltic sea,
4,baltic sea,4: baltic sea,
4,baltic sea,4: baltic sea,
4,baltic sea,4: baltic sea,
4,baltic sea,4: baltic sea,
4,baltic sea,4: baltic sea,
4,baltic sea,4: baltic sea,
4,baltic sea,4: baltic sea,
4,baltic sea,4: baltic sea,
4,baltic sea,4: baltic sea,
4,baltic sea,4: baltic sea,
4,baltic sea,4: baltic sea,
4,baltic sea,4: baltic sea,
4,baltic sea,4: baltic sea,
4,baltic sea,4: baltic sea,
4,baltic sea,4: baltic sea,
4,baltic sea,4: baltic sea,
4,baltic sea,4: baltic sea,
4,baltic sea,4: baltic sea,
4,baltic sea,4: baltic sea,
4,baltic sea,4: baltic sea,
4,baltic sea,4: baltic sea,
4,baltic sea,4: baltic sea,
4,baltic sea,4: baltic sea,
4,baltic sea,4: baltic sea,
4,baltic sea,4: baltic sea,
4,baltic sea,4: baltic sea,
4,baltic sea,4: baltic sea,
4,baltic sea,4: baltic sea,
4,baltic sea,4: baltic sea,
4,baltic sea,4: baltic sea,
4,baltic sea,4: baltic sea,
4,baltic sea,4: baltic sea,
4,baltic sea,4: baltic sea,
4,baltic sea,4: baltic sea,
4,baltic sea,4: baltic sea,
4,baltic sea,4: baltic sea,
4,baltic sea,4: baltic sea,
4,baltic sea,4: baltic sea,
4,baltic sea,4: baltic sea,
4,baltic sea,4: baltic sea,
4,baltic sea,4: baltic sea,
4,baltic sea,4: baltic sea,
4,baltic sea,4: baltic sea,
4,baltic sea,4: baltic sea,
4,baltic sea,4: baltic sea,
4,baltic sea,4: baltic sea,
4,baltic sea,4: baltic sea,
4,baltic sea,4: baltic sea,
4,baltic sea,4: baltic sea,
4,baltic sea,4: baltic sea,
4,baltic sea,4: baltic sea,
4,baltic sea,4: baltic sea,
4,baltic sea,4: baltic sea,
4,baltic sea,4: baltic sea,
4,baltic sea,4: baltic sea,
4,baltic sea,4: baltic sea,
4,baltic sea,4: baltic sea,
4,baltic sea,4: baltic sea,
4,baltic sea,4: baltic sea,
4,baltic sea,4: baltic sea,
4,baltic sea,4: baltic sea,
4,baltic sea,4: baltic sea,
4,baltic sea,4: baltic sea,
4,baltic sea,4: baltic sea,
4,baltic sea,4: baltic sea,
4,baltic sea,4: baltic sea,
4,baltic sea,4: baltic sea,
4,baltic sea,4: baltic sea,
4,baltic sea,4: baltic sea,
4,baltic sea,4: baltic sea,
4,baltic sea,4: baltic sea,
4,baltic sea,4: baltic sea,
4,baltic sea,4: baltic sea,
4,baltic sea,4: baltic sea,
4,baltic sea,4: baltic sea,
4,baltic sea,4: baltic sea,
4,baltic sea,4: baltic sea,
4,baltic sea,4: baltic sea,
4,baltic sea,4: baltic sea,
4,baltic sea,4: baltic sea,
4,baltic sea,4: baltic sea,
4,baltic sea,4: baltic sea,
4,baltic sea,4: baltic sea,
4,baltic sea,4: baltic sea,
4,baltic sea,4: baltic sea,
4,baltic sea,4: baltic sea,
4,baltic sea,4: baltic sea,
4,baltic sea,4: baltic sea,
4,baltic sea,4: baltic sea,
4,baltic sea,4: baltic sea,
4,baltic sea,4: baltic sea,
4,baltic sea,4: baltic sea,
4,baltic sea,4: baltic sea,
4,baltic sea,4: baltic sea,
4,baltic sea,4: baltic sea,
4,baltic sea,4: baltic sea,
4,baltic sea,4: baltic sea,
4,baltic sea,4: baltic sea,
4,baltic sea,4: baltic sea,
4,baltic sea,4: baltic sea,
4,baltic sea,4: baltic sea,
4,baltic sea,4: baltic sea,
4,baltic sea,4: baltic sea,
4,baltic sea,4: baltic sea,
4,baltic sea,4: baltic sea,
4,baltic sea,4: baltic sea,
4,baltic sea,4: baltic sea,
4,baltic sea,4: baltic sea,
4,baltic sea,4: baltic sea,
4,baltic sea,4: baltic sea,
4,baltic sea,4: baltic sea,
4,baltic sea,4: baltic sea,
4,baltic sea,4: baltic sea,
4,baltic sea,4: baltic sea,
4,baltic sea,4: baltic sea,
4,baltic sea,4: baltic sea,
4,baltic sea,4: baltic sea,
4,baltic sea,4: baltic sea,
4,baltic sea,4: baltic sea,
4,baltic sea,4: baltic sea,
4,baltic sea,4: baltic sea,
4,baltic sea,4: baltic sea,
4,baltic sea,4: baltic sea,
4,baltic sea,4: baltic sea,
4,baltic sea,4: baltic sea,
4,baltic sea,4: baltic sea,
4,baltic sea,4: baltic sea,
4,baltic sea,4: baltic sea,
4,baltic sea,4: baltic sea,
4,baltic sea,4: baltic sea,
4,baltic sea,4: baltic sea,
4,baltic sea,4: baltic sea,
4,baltic sea,4: baltic sea,
4,baltic sea,4: baltic sea,
4,baltic sea,4: baltic sea,
4,baltic sea,4: baltic sea,
4,baltic sea,4: baltic sea,
4,baltic sea,4: baltic sea,
4,baltic sea,4: baltic sea,
4,baltic sea,4: baltic sea,
4,baltic sea,4: baltic sea,
4,baltic sea,4: baltic sea,
4,baltic sea,4: baltic sea,
4,baltic sea,4: baltic sea,
4,baltic sea,4: baltic sea,
4,baltic sea,4: baltic sea,
4,baltic sea,4: baltic sea,
4,baltic sea,4: baltic sea,
4,baltic sea,4: baltic sea,
4,baltic sea,4: baltic sea,
4,baltic sea,4: baltic sea,
4,baltic sea,4: baltic sea,
4,baltic sea,4: baltic sea,
4,baltic sea,4: baltic sea,
4,baltic sea,4: baltic sea,
4,baltic sea,4: baltic sea,
4,baltic sea,4: baltic sea,
4,baltic sea,4: baltic sea,
4,baltic sea,4: baltic sea,
4,baltic sea,4: baltic sea,
4,baltic sea,4: baltic sea,
4,baltic sea,4: baltic sea,
4,baltic sea,4: baltic sea,
4,baltic sea,4: baltic sea,
4,baltic sea,4: baltic sea,
4,baltic sea,4: baltic sea,
4,baltic sea,4: baltic sea,
4,baltic sea,4: baltic sea,
4,baltic sea,4: baltic sea,
4,baltic sea,4: baltic sea,
4,baltic sea,4: baltic sea,
0,energi island,0: energi island,
0,energi island,0: energi island,
0,energi island,0: energi island,
0,energi island,0: energi island,
0,energi island,0: energi island,
0,energi island,0: energi island,
0,energi island,0: energi island,
0,energi island,0: energi island,
0,energi island,0: energi island,
0,energi island,0: energi island,
0,energi island,0: energi island,
0,energi island,0: energi island,
0,energi island,0: energi island,
0,energi island,0: energi island,
0,energi island,0: energi island,
0,energi island,0: energi island,
0,energi island,0: energi island,
0,energi island,0: energi island,
0,energi island,0: energi island,
0,energi island,0: energi island,
0,energi island,0: energi island,
0,energi island,0: energi island,
0,energi island,0: energi island,
0,energi island,0: energi island,
0,energi island,0: energi island,
0,energi island,0: energi island,
0,energi island,0: energi island,
0,energi island,0: energi island,
0,energi island,0: energi island,
0,energi island,0: energi island,
0,energi island,0: energi island,
0,energi island,0: energi island,
0,energi island,0: energi island,
0,energi island,0: energi island,
0,energi island,0: energi island,
0,energi island,0: energi island,
0,energi island,0: energi island,
0,energi island,0: energi island,
0,energi island,0: energi island,
0,energi island,0: energi island,
0,energi island,0: energi island,
0,energi island,0: energi island,
0,energi island,0: energi island,
0,energi island,0: energi island,
0,energi island,0: energi island,
0,energi island,0: energi island,
0,energi island,0: energi island,
0,energi island,0: energi island,
0,energi island,0: energi island,
0,energi island,0: energi island,
0,energi island,0: energi island,
0,energi island,0: energi island,
0,energi island,0: energi island,
0,energi island,0: energi island,
0,energi island,0: energi island,
0,energi island,0: energi island,
0,energi island,0: energi island,
0,energi island,0: energi island,
0,energi island,0: energi island,
0,energi island,0: energi island,
0,energi island,0: energi island,
0,energi island,0: energi island,
0,energi island,0: energi island,
0,energi island,0: energi island,
0,energi island,0: energi island,
0,energi island,0: energi island,
0,energi island,0: energi island,
0,energi island,0: energi island,
0,energi island,0: energi island,
0,energi island,0: energi island,
0,energi island,0: energi island,
0,energi island,0: energi island,
0,energi island,0: energi island,
0,energi island,0: energi island,
0,energi island,0: energi island,
0,energi island,0: energi island,
0,energi island,0: energi island,
0,energi island,0: energi island,
0,energi island,0: energi island,
0,energi island,0: energi island,
0,energi island,0: energi island,
0,energi island,0: energi island,
0,energi island,0: energi island,
0,energi island,0: energi island,
0,energi island,0: energi island,
0,energi island,0: energi island,
0,energi island,0: energi island,
0,energi island,0: energi island,
0,energi island,0: energi island,
0,energi island,0: energi island,
0,energi island,0: energi island,
0,energi island,0: energi island,
0,energi island,0: energi island,
0,energi island,0: energi island,
0,energi island,0: energi island,
0,energi island,0: energi island,
0,energi island,0: energi island,
0,energi island,0: energi island,
0,energi island,0: energi island,
0,energi island,0: energi island,
0,energi island,0: energi island,
0,energi island,0: energi island,
0,energi island,0: energi island,
0,energi island,0: energi island,
0,energi island,0: energi island,
0,energi island,0: energi island,
0,energi island,0: energi island,
0,energi island,0: energi island,
0,energi island,0: energi island,
0,energi island,0: energi island,
0,energi island,0: energi island,
0,energi island,0: energi island,
0,energi island,0: energi island,
0,energi island,0: energi island,
0,energi island,0: energi island,
0,energi island,0: energi island,
0,energi island,0: energi island,
0,energi island,0: energi island,
0,energi island,0: energi island,
0,energi island,0: energi island,
0,energi island,0: energi island,
0,energi island,0: energi island,
0,energi island,0: energi island,
0,energi island,0: energi island,
0,energi island,0: energi island,
0,energi island,0: energi island,
0,energi island,0: energi island,
0,energi island,0: energi island,
0,energi island,0: energi island,
0,energi island,0: energi island,
0,energi island,0: energi island,
0,energi island,0: energi island,
0,energi island,0: energi island,
0,energi island,0: energi island,
0,energi island,0: energi island,
0,energi island,0: energi island,
0,energi island,0: energi island,
0,energi island,0: energi island,
0,energi island,0: energi island,
0,energi island,0: energi island,
0,energi island,0: energi island,
0,energi island,0: energi island,
0,energi island,0: energi island,
0,energi island,0: energi island,
0,energi island,0: energi island,
0,energi island,0: energi island,
0,energi island,0: energi island,
0,energi island,0: energi island,
0,energi island,0: energi island,
0,energi island,0: energi island,
0,energi island,0: energi island,
0,energi island,0: energi island,
0,energi island,0: energi island,
0,energi island,0: energi island,
0,energi island,0: energi island,
0,energi island,0: energi island,
0,energi island,0: energi island,
2,municip council,2: municip council,
2,municip council,2: municip council,
2,municip council,2: municip council,
2,municip council,2: municip council,
2,municip council,2: municip council,
2,municip council,2: municip council,
2,municip council,2: municip council,
2,municip council,2: municip council,
2,municip council,2: municip council,
2,municip council,2: municip council,
2,municip council,2: municip council,
2,municip council,2: municip council,
2,municip council,2: municip council,
2,municip council,2: municip council,
2,municip council,2: municip council,
2,municip council,2: municip council,
2,municip council,2: municip council,
2,municip council,2: municip council,
2,municip council,2: municip council,
2,municip council,2: municip council,
2,municip council,2: municip council,
2,municip council,2: municip council,
2,municip council,2: municip council,
2,municip council,2: municip council,
2,municip council,2: municip council,
2,municip council,2: municip council,
2,municip council,2: municip council,
2,municip council,2: municip council,
2,municip council,2: municip council,
2,municip council,2: municip council,
2,municip council,2: municip council,
2,municip council,2: municip council,
2,municip council,2: municip council,
2,municip council,2: municip council,
2,municip council,2: municip council,
2,municip council,2: municip council,
2,municip council,2: municip council,
2,municip council,2: municip council,
2,municip council,2: municip council,
2,municip council,2: municip council,
2,municip council,2: municip council,
2,municip council,2: municip council,
2,municip council,2: municip council,
2,municip council,2: municip council,
2,municip council,2: municip council,
2,municip council,2: municip council,
2,municip council,2: municip council,
2,municip council,2: municip council,
2,municip council,2: municip council,
2,municip council,2: municip council,
2,municip council,2: municip council,
2,municip council,2: municip council,
2,municip council,2: municip council,
2,municip council,2: municip council,
2,municip council,2: municip council,
2,municip council,2: municip council,
2,municip council,2: municip council,
2,municip council,2: municip council,
2,municip council,2: municip council,
2,municip council,2: municip council,
2,municip council,2: municip council,
2,municip council,2: municip council,
2,municip council,2: municip council,
2,municip council,2: municip council,
2,municip council,2: municip council,
2,municip council,2: municip council,
2,municip council,2: municip council,
2,municip council,2: municip council,
2,municip council,2: municip council,
2,municip council,2: municip council,
2,municip council,2: municip council,
2,municip council,2: municip council,
2,municip council,2: municip council,
2,municip council,2: municip council,
2,municip council,2: municip council,
2,municip council,2: municip council,
2,municip council,2: municip council,
2,municip council,2: municip council,
2,municip council,2: municip council,
2,municip council,2: municip council,
2,municip council,2: municip council,
2,municip council,2: municip council,
2,municip council,2: municip council,
2,municip council,2: municip council,
2,municip council,2: municip council,
2,municip council,2: municip council,
2,municip council,2: municip council,
2,municip council,2: municip council,
2,municip council,2: municip council,
2,municip council,2: municip council,
2,municip council,2: municip council,
2,municip council,2: municip council,
2,municip council,2: municip council,
2,municip council,2: municip council,
2,municip council,2: municip council,
2,municip council,2: municip council,
2,municip council,2: municip council,
2,municip council,2: municip council,
2,municip council,2: municip council,
2,municip council,2: municip council,
2,municip council,2: municip council,
2,municip council,2: municip council,
2,municip council,2: municip council,
2,municip council,2: municip council,
2,municip council,2: municip council,
2,municip council,2: municip council,
2,municip council,2: municip council,
2,municip council,2: municip council,
2,municip council,2: municip council,
2,municip council,2: municip council,
2,municip council,2: municip council,
2,municip council,2: municip council,
2,municip council,2: municip council,
2,municip council,2: municip council,
2,municip council,2: municip council,
2,municip council,2: municip council,
2,municip council,2: municip council,
2,municip council,2: municip council,
2,municip council,2: municip council,
2,municip council,2: municip council,
2,municip council,2: municip council,
2,municip council,2: municip council,
2,municip council,2: municip council,
2,municip council,2: municip council,
2,municip council,2: municip council,
2,municip council,2: municip council,
2,municip council,2: municip council,
2,municip council,2: municip council,
2,municip council,2: municip council,
2,municip council,2: municip council,
2,municip council,2: municip council,
2,municip council,2: municip council,
2,municip council,2: municip council,
2,municip council,2: municip council,
2,municip council,2: municip council,
2,municip council,2: municip council,
2,municip council,2: municip council,
2,municip council,2: municip council,
2,municip council,2: municip council,
2,municip council,2: municip council,
2,municip council,2: municip council,
2,municip council,2: municip council,
2,municip council,2: municip council,
2,municip council,2: municip council,
2,municip council,2: municip council,
2,municip council,2: municip council,
2,municip council,2: municip council,
2,municip council,2: municip council,
2,municip council,2: municip council,
2,municip council,2: municip council,
2,municip council,2: municip council,
2,municip council,2: municip council,
2,municip council,2: municip council,
2,municip council,2: municip council,
2,municip council,2: municip council,
2,municip council,2: municip council,
0,energi island,0: energi island,
0,energi island,0: energi island,
0,energi island,0: energi island,
0,energi island,0: energi island,
0,energi island,0: energi island,
0,energi island,0: energi island,
0,energi island,0: energi island,
0,energi island,0: energi island,
0,energi island,0: energi island,
0,energi island,0: energi island,
0,energi island,0: energi island,
0,energi island,0: energi island,
0,energi island,0: energi island,
0,energi island,0: energi island,
0,energi island,0: energi island,
0,energi island,0: energi island,
0,energi island,0: energi island,
0,energi island,0: energi island,
0,energi island,0: energi island,
0,energi island,0: energi island,
0,energi island,0: energi island,
0,energi island,0: energi island,
0,energi island,0: energi island,
0,energi island,0: energi island,
0,energi island,0: energi island,
0,energi island,0: energi island,
0,energi island,0: energi island,
0,energi island,0: energi island,
0,energi island,0: energi island,
0,energi island,0: energi island,
0,energi island,0: energi island,
0,energi island,0: energi island,
0,energi island,0: energi island,
0,energi island,0: energi island,
0,energi island,0: energi island,
0,energi island,0: energi island,
0,energi island,0: energi island,
0,energi island,0: energi island,
0,energi island,0: energi island,
0,energi island,0: energi island,
0,energi island,0: energi island,
0,energi island,0: energi island,
0,energi island,0: energi island,
0,energi island,0: energi island,
0,energi island,0: energi island,
0,energi island,0: energi island,
0,energi island,0: energi island,
0,energi island,0: energi island,
0,energi island,0: energi island,
0,energi island,0: energi island,
0,energi island,0: energi island,
0,energi island,0: energi island,
0,energi island,0: energi island,
0,energi island,0: energi island,
0,energi island,0: energi island,
0,energi island,0: energi island,
0,energi island,0: energi island,
0,energi island,0: energi island,
0,energi island,0: energi island,
0,energi island,0: energi island,
0,energi island,0: energi island,
0,energi island,0: energi island,
0,energi island,0: energi island,
0,energi island,0: energi island,
0,energi island,0: energi island,
0,energi island,0: energi island,
0,energi island,0: energi island,
0,energi island,0: energi island,
0,energi island,0: energi island,
0,energi island,0: energi island,
0,energi island,0: energi island,
0,energi island,0: energi island,
0,energi island,0: energi island,
0,energi island,0: energi island,
0,energi island,0: energi island,
0,energi island,0: energi island,
0,energi island,0: energi island,
0,energi island,0: energi island,
0,energi island,0: energi island,
0,energi island,0: energi island,
0,energi island,0: energi island,
0,energi island,0: energi island,
0,energi island,0: energi island,
0,energi island,0: energi island,
0,energi island,0: energi island,
0,energi island,0: energi island,
0,energi island,0: energi island,
0,energi island,0: energi island,
0,energi island,0: energi island,
0,energi island,0: energi island,
0,energi island,0: energi island,
0,energi island,0: energi island,
0,energi island,0: energi island,
0,energi island,0: energi island,
0,energi island,0: energi island,
0,energi island,0: energi island,
0,energi island,0: energi island,
0,energi island,0: energi island,
0,energi island,0: energi island,
0,energi island,0: energi island,
0,energi island,0: energi island,
0,energi island,0: energi island,
0,energi island,0: energi island,
0,energi island,0: energi island,
0,energi island,0: energi island,
0,energi island,0: energi island,
0,energi island,0: energi island,
0,energi island,0: energi island,
0,energi island,0: energi island,
0,energi island,0: energi island,
0,energi island,0: energi island,
0,energi island,0: energi island,
0,energi island,0: energi island,
0,energi island,0: energi island,
0,energi island,0: energi island,
0,energi island,0: energi island,
0,energi island,0: energi island,
0,energi island,0: energi island,
0,energi island,0: energi island,
0,energi island,0: energi island,
0,energi island,0: energi island,
0,energi island,0: energi island,
0,energi island,0: energi island,
0,energi island,0: energi island,
0,energi island,0: energi island,
0,energi island,0: energi island,
0,energi island,0: energi island,
0,energi island,0: energi island,
0,energi island,0: energi island,
0,energi island,0: energi island,
0,energi island,0: energi island,
0,energi island,0: energi island,
0,energi island,0: energi island,
0,energi island,0: energi island,
0,energi island,0: energi island,
0,energi island,0: energi island,
0,energi island,0: energi island,
0,energi island,0: energi island,
0,energi island,0: energi island,
0,energi island,0: energi island,
0,energi island,0: energi island,
0,energi island,0: energi island,
0,energi island,0: energi island,
0,energi island,0: energi island,
0,energi island,0: energi island,
0,energi island,0: energi island,
0,energi island,0: energi island,
0,energi island,0: energi island,
0,energi island,0: energi island,
0,energi island,0: energi island,
0,energi island,0: energi island,
0,energi island,0: energi island,
0,energi island,0: energi island,
0,energi island,0: energi island,
0,energi island,0: energi island,
0,energi island,0: energi island,
0,energi island,0: energi island,
0,energi island,0: energi island,
0,energi island,0: energi island,
0,energi island,0: energi island,
0,energi island,0: energi island,
0,energi island,0: energi island,
0,energi island,0: energi island,
0,energi island,0: energi island,
0,energi island,0: energi island,
0,energi island,0: energi island,
0,energi island,0: energi island,
0,energi island,0: energi island,
0,energi island,0: energi island,
0,energi island,0: energi island,
0,energi island,0: energi island,
0,energi island,0: energi island,
0,energi island,0: energi island,
0,energi island,0: energi island,
0,energi island,0: energi island,
0,energi island,0: energi island,
0,energi island,0: energi island,
0,energi island,0: energi island,
0,energi island,0: energi island,
0,energi island,0: energi island,
0,energi island,0: energi island,
0,energi island,0: energi island,
0,energi island,0: energi island,
0,energi island,0: energi island,
0,energi island,0: energi island,
0,energi island,0: energi island,
0,energi island,0: energi island,
0,energi island,0: energi island,
0,energi island,0: energi island,
0,energi island,0: energi island,
0,energi island,0: energi island,
0,energi island,0: energi island,
0,energi island,0: energi island,
0,energi island,0: energi island,
0,energi island,0: energi island,
0,energi island,0: energi island,
0,energi island,0: energi island,
0,energi island,0: energi island,
0,energi island,0: energi island,
0,energi island,0: energi island,
0,energi island,0: energi island,
0,energi island,0: energi island,
0,energi island,0: energi island,
0,energi island,0: energi island,
0,energi island,0: energi island,
0,energi island,0: energi island,
0,energi island,0: energi island,
0,energi island,0: energi island,
0,energi island,0: energi island,
0,energi island,0: energi island,
0,energi island,0: energi island,
0,energi island,0: energi island,
0,energi island,0: energi island,
0,energi island,0: energi island,
0,energi island,0: energi island,
0,energi island,0: energi island,
0,energi island,0: energi island,
0,energi island,0: energi island,
0,energi island,0: energi island,
0,energi island,0: energi island,
0,energi island,0: energi island,
0,energi island,0: energi island,
0,energi island,0: energi island,
0,energi island,0: energi island,
0,energi island,0: energi island,
0,energi island,0: energi island,
0,energi island,0: energi island,
0,energi island,0: energi island,
0,energi island,0: energi island,
0,energi island,0: energi island,
0,energi island,0: energi island,
0,energi island,0: energi island,
0,energi island,0: energi island,
0,energi island,0: energi island,
0,energi island,0: energi island,
0,energi island,0: energi island,
0,energi island,0: energi island,
0,energi island,0: energi island,
0,energi island,0: energi island,
0,energi island,0: energi island,
0,energi island,0: energi island,
0,energi island,0: energi island,
0,energi island,0: energi island,
0,energi island,0: energi island,
0,energi island,0: energi island,
0,energi island,0: energi island,
0,energi island,0: energi island,
0,energi island,0: energi island,
0,energi island,0: energi island,
0,energi island,0: energi island,
0,energi island,0: energi island,
0,energi island,0: energi island,
0,energi island,0: energi island,
0,energi island,0: energi island,
0,energi island,0: energi island,
0,energi island,0: energi island,
0,energi island,0: energi island,
0,energi island,0: energi island,
0,energi island,0: energi island,
0,energi island,0: energi island,
0,energi island,0: energi island,
0,energi island,0: energi island,
0,energi island,0: energi island,
0,energi island,0: energi island,
0,energi island,0: energi island,
0,energi island,0: energi island,
0,energi island,0: energi island,
0,energi island,0: energi island,
0,energi island,0: energi island,
0,energi island,0: energi island,
0,energi island,0: energi island,
0,energi island,0: energi island,
0,energi island,0: energi island,
0,energi island,0: energi island,
0,energi island,0: energi island,
0,energi island,0: energi island,
0,energi island,0: energi island,
0,energi island,0: energi island,
0,energi island,0: energi island,
0,energi island,0: energi island,
0,energi island,0: energi island,
0,energi island,0: energi island,
0,energi island,0: energi island,
0,energi island,0: energi island,
0,energi island,0: energi island,
0,energi island,0: energi island,
0,energi island,0: energi island,
0,energi island,0: energi island,
0,energi island,0: energi island,
0,energi island,0: energi island,
0,energi island,0: energi island,
0,energi island,0: energi island,
0,energi island,0: energi island,
0,energi island,0: energi island,
0,energi island,0: energi island,
0,energi island,0: energi island,
0,energi island,0: energi island,
0,energi island,0: energi island,
0,energi island,0: energi island,
0,energi island,0: energi island,
0,energi island,0: energi island,
0,energi island,0: energi island,
0,energi island,0: energi island,
0,energi island,0: energi island,
0,energi island,0: energi island,
0,energi island,0: energi island,
0,energi island,0: energi island,
0,energi island,0: energi island,
0,energi island,0: energi island,
0,energi island,0: energi island,
0,energi island,0: energi island,
0,energi island,0: energi island,
0,energi island,0: energi island,
0,energi island,0: energi island,
2,municip council,2: municip council,
2,municip council,2: municip council,
2,municip council,2: municip council,
2,municip council,2: municip council,
2,municip council,2: municip council,
2,municip council,2: municip council,
2,municip council,2: municip council,
2,municip council,2: municip council,
2,municip council,2: municip council,
2,municip council,2: municip council,
2,municip council,2: municip council,
2,municip council,2: municip council,
2,municip council,2: municip council,
2,municip council,2: municip council,
2,municip council,2: municip council,
2,municip council,2: municip council,
2,municip council,2: municip council,
2,municip council,2: municip council,
2,municip council,2: municip council,
2,municip council,2: municip council,
2,municip council,2: municip council,
2,municip council,2: municip council,
2,municip council,2: municip council,
2,municip council,2: municip council,
2,municip council,2: municip council,
2,municip council,2: municip council,
2,municip council,2: municip council,
2,municip council,2: municip council,
2,municip council,2: municip council,
2,municip council,2: municip council,
2,municip council,2: municip council,
2,municip council,2: municip council,
2,municip council,2: municip council,
2,municip council,2: municip council,
2,municip council,2: municip council,
2,municip council,2: municip council,
2,municip council,2: municip council,
2,municip council,2: municip council,
2,municip council,2: municip council,
2,municip council,2: municip council,
2,municip council,2: municip council,
2,municip council,2: municip council,
2,municip council,2: municip council,
2,municip council,2: municip council,
2,municip council,2: municip council,
2,municip council,2: municip council,
2,municip council,2: municip council,
2,municip council,2: municip council,
2,municip council,2: municip council,
2,municip council,2: municip council,
2,municip council,2: municip council,
2,municip council,2: municip council,
2,municip council,2: municip council,
2,municip council,2: municip council,
2,municip council,2: municip council,
2,municip council,2: municip council,
2,municip council,2: municip council,
2,municip council,2: municip council,
2,municip council,2: municip council,
2,municip council,2: municip council,
2,municip council,2: municip council,
2,municip council,2: municip council,
2,municip council,2: municip council,
2,municip council,2: municip council,
2,municip council,2: municip council,
2,municip council,2: municip council,
2,municip council,2: municip council,
2,municip council,2: municip council,
2,municip council,2: municip council,
2,municip council,2: municip council,
2,municip council,2: municip council,
2,municip council,2: municip council,
2,municip council,2: municip council,
2,municip council,2: municip council,
2,municip council,2: municip council,
2,municip council,2: municip council,
2,municip council,2: municip council,
2,municip council,2: municip council,
2,municip council,2: municip council,
2,municip council,2: municip council,
2,municip council,2: municip council,
2,municip council,2: municip council,
2,municip council,2: municip council,
2,municip council,2: municip council,
2,municip council,2: municip council,
2,municip council,2: municip council,
2,municip council,2: municip council,
2,municip council,2: municip council,
2,municip council,2: municip council,
2,municip council,2: municip council,
2,municip council,2: municip council,
2,municip council,2: municip council,
2,municip council,2: municip council,
2,municip council,2: municip council,
2,municip council,2: municip council,
2,municip council,2: municip council,
2,municip council,2: municip council,
2,municip council,2: municip council,
2,municip council,2: municip council,
2,municip council,2: municip council,
2,municip council,2: municip council,
2,municip council,2: municip council,
2,municip council,2: municip council,
2,municip council,2: municip council,
2,municip council,2: municip council,
2,municip council,2: municip council,
2,municip council,2: municip council,
2,municip council,2: municip council,
2,municip council,2: municip council,
2,municip council,2: municip council,
2,municip council,2: municip council,
2,municip council,2: municip council,
2,municip council,2: municip council,
2,municip council,2: municip council,
2,municip council,2: municip council,
2,municip council,2: municip council,
2,municip council,2: municip council,
2,municip council,2: municip council,
2,municip council,2: municip council,
2,municip council,2: municip council,
2,municip council,2: municip council,
2,municip council,2: municip council,
2,municip council,2: municip council,
2,municip council,2: municip council,
2,municip council,2: municip council,
2,municip council,2: municip council,
2,municip council,2: municip council,
2,municip council,2: municip council,
2,municip council,2: municip council,
2,municip council,2: municip council,
2,municip council,2: municip council,
2,municip council,2: municip council,
2,municip council,2: municip council,
2,municip council,2: municip council,
2,municip council,2: municip council,
2,municip council,2: municip council,
2,municip council,2: municip council,
2,municip council,2: municip council,
2,municip council,2: municip council,
2,municip council,2: municip council,
2,municip council,2: municip council,
2,municip council,2: municip council,
2,municip council,2: municip council,
2,municip council,2: municip council,
2,municip council,2: municip council,
2,municip council,2: municip council,
2,municip council,2: municip council,
2,municip council,2: municip council,
2,municip council,2: municip council,
2,municip council,2: municip council,
2,municip council,2: municip council,
2,municip council,2: municip council,
2,municip council,2: municip council,
2,municip council,2: municip council,
2,municip council,2: municip council,
2,municip council,2: municip council,
7,renew energi,7: renew energi,
7,renew energi,7: renew energi,
7,renew energi,7: renew energi,
7,renew energi,7: renew energi,
7,renew energi,7: renew energi,
7,renew energi,7: renew energi,
7,renew energi,7: renew energi,
7,renew energi,7: renew energi,
7,renew energi,7: renew energi,
7,renew energi,7: renew energi,
7,renew energi,7: renew energi,
7,renew energi,7: renew energi,
7,renew energi,7: renew energi,
7,renew energi,7: renew energi,
7,renew energi,7: renew energi,
7,renew energi,7: renew energi,
7,renew energi,7: renew energi,
7,renew energi,7: renew energi,
7,renew energi,7: renew energi,
7,renew energi,7: renew energi,
7,renew energi,7: renew energi,
7,renew energi,7: renew energi,
7,renew energi,7: renew energi,
7,renew energi,7: renew energi,
7,renew energi,7: renew energi,
7,renew energi,7: renew energi,
7,renew energi,7: renew energi,
7,renew energi,7: renew energi,
7,renew energi,7: renew energi,
7,renew energi,7: renew energi,
7,renew energi,7: renew energi,
7,renew energi,7: renew energi,
7,renew energi,7: renew energi,
7,renew energi,7: renew energi,
7,renew energi,7: renew energi,
7,renew energi,7: renew energi,
7,renew energi,7: renew energi,
7,renew energi,7: renew energi,
7,renew energi,7: renew energi,
7,renew energi,7: renew energi,
7,renew energi,7: renew energi,
7,renew energi,7: renew energi,
7,renew energi,7: renew energi,
7,renew energi,7: renew energi,
7,renew energi,7: renew energi,
7,renew energi,7: renew energi,
7,renew energi,7: renew energi,
7,renew energi,7: renew energi,
7,renew energi,7: renew energi,
7,renew energi,7: renew energi,
7,renew energi,7: renew energi,
7,renew energi,7: renew energi,
7,renew energi,7: renew energi,
7,renew energi,7: renew energi,
7,renew energi,7: renew energi,
7,renew energi,7: renew energi,
7,renew energi,7: renew energi,
7,renew energi,7: renew energi,
7,renew energi,7: renew energi,
7,renew energi,7: renew energi,
7,renew energi,7: renew energi,
7,renew energi,7: renew energi,
7,renew energi,7: renew energi,
7,renew energi,7: renew energi,
7,renew energi,7: renew energi,
7,renew energi,7: renew energi,
7,renew energi,7: renew energi,
7,renew energi,7: renew energi,
7,renew energi,7: renew energi,
7,renew energi,7: renew energi,
7,renew energi,7: renew energi,
7,renew energi,7: renew energi,
7,renew energi,7: renew energi,
7,renew energi,7: renew energi,
7,renew energi,7: renew energi,
7,renew energi,7: renew energi,
7,renew energi,7: renew energi,
7,renew energi,7: renew energi,
7,renew energi,7: renew energi,
7,renew energi,7: renew energi,
7,renew energi,7: renew energi,
7,renew energi,7: renew energi,
7,renew energi,7: renew energi,
7,renew energi,7: renew energi,
7,renew energi,7: renew energi,
7,renew energi,7: renew energi,
7,renew energi,7: renew energi,
7,renew energi,7: renew energi,
7,renew energi,7: renew energi,
7,renew energi,7: renew energi,
7,renew energi,7: renew energi,
7,renew energi,7: renew energi,
7,renew energi,7: renew energi,
7,renew energi,7: renew energi,
7,renew energi,7: renew energi,
7,renew energi,7: renew energi,
7,renew energi,7: renew energi,
7,renew energi,7: renew energi,
7,renew energi,7: renew energi,
7,renew energi,7: renew energi,
7,renew energi,7: renew energi,
7,renew energi,7: renew energi,
7,renew energi,7: renew energi,
7,renew energi,7: renew energi,
7,renew energi,7: renew energi,
7,renew energi,7: renew energi,
7,renew energi,7: renew energi,
7,renew energi,7: renew energi,
7,renew energi,7: renew energi,
7,renew energi,7: renew energi,
7,renew energi,7: renew energi,
7,renew energi,7: renew energi,
7,renew energi,7: renew energi,
7,renew energi,7: renew energi,
7,renew energi,7: renew energi,
7,renew energi,7: renew energi,
7,renew energi,7: renew energi,
7,renew energi,7: renew energi,
7,renew energi,7: renew energi,
7,renew energi,7: renew energi,
7,renew energi,7: renew energi,
7,renew energi,7: renew energi,
7,renew energi,7: renew energi,
7,renew energi,7: renew energi,
7,renew energi,7: renew energi,
7,renew energi,7: renew energi,
7,renew energi,7: renew energi,
7,renew energi,7: renew energi,
7,renew energi,7: renew energi,
7,renew energi,7: renew energi,
7,renew energi,7: renew energi,
7,renew energi,7: renew energi,
7,renew energi,7: renew energi,
7,renew energi,7: renew energi,
7,renew energi,7: renew energi,
7,renew energi,7: renew energi,
7,renew energi,7: renew energi,
7,renew energi,7: renew energi,
7,renew energi,7: renew energi,
7,renew energi,7: renew energi,
7,renew energi,7: renew energi,
7,renew energi,7: renew energi,
7,renew energi,7: renew energi,
7,renew energi,7: renew energi,
7,renew energi,7: renew energi,
7,renew energi,7: renew energi,
2,municip council,2: municip council,
2,municip council,2: municip council,
2,municip council,2: municip council,
2,municip council,2: municip council,
2,municip council,2: municip council,
2,municip council,2: municip council,
2,municip council,2: municip council,
2,municip council,2: municip council,
2,municip council,2: municip council,
2,municip council,2: municip council,
2,municip council,2: municip council,
2,municip council,2: municip council,
2,municip council,2: municip council,
2,municip council,2: municip council,
2,municip council,2: municip council,
2,municip council,2: municip council,
2,municip council,2: municip council,
2,municip council,2: municip council,
2,municip council,2: municip council,
2,municip council,2: municip council,
2,municip council,2: municip council,
2,municip council,2: municip council,
2,municip council,2: municip council,
2,municip council,2: municip council,
2,municip council,2: municip council,
2,municip council,2: municip council,
2,municip council,2: municip council,
2,municip council,2: municip council,
2,municip council,2: municip council,
2,municip council,2: municip council,
2,municip council,2: municip council,
2,municip council,2: municip council,
2,municip council,2: municip council,
2,municip council,2: municip council,
2,municip council,2: municip council,
2,municip council,2: municip council,
2,municip council,2: municip council,
2,municip council,2: municip council,
2,municip council,2: municip council,
2,municip council,2: municip council,
2,municip council,2: municip council,
2,municip council,2: municip council,
2,municip council,2: municip council,
2,municip council,2: municip council,
2,municip council,2: municip council,
2,municip council,2: municip council,
2,municip council,2: municip council,
2,municip council,2: municip council,
2,municip council,2: municip council,
2,municip council,2: municip council,
2,municip council,2: municip council,
2,municip council,2: municip council,
2,municip council,2: municip council,
2,municip council,2: municip council,
2,municip council,2: municip council,
2,municip council,2: municip council,
2,municip council,2: municip council,
2,municip council,2: municip council,
2,municip council,2: municip council,
2,municip council,2: municip council,
2,municip council,2: municip council,
2,municip council,2: municip council,
2,municip council,2: municip council,
2,municip council,2: municip council,
2,municip council,2: municip council,
2,municip council,2: municip council,
2,municip council,2: municip council,
2,municip council,2: municip council,
2,municip council,2: municip council,
2,municip council,2: municip council,
2,municip council,2: municip council,
2,municip council,2: municip council,
2,municip council,2: municip council,
2,municip council,2: municip council,
2,municip council,2: municip council,
2,municip council,2: municip council,
2,municip council,2: municip council,
2,municip council,2: municip council,
2,municip council,2: municip council,
2,municip council,2: municip council,
2,municip council,2: municip council,
2,municip council,2: municip council,
2,municip council,2: municip council,
2,municip council,2: municip council,
2,municip council,2: municip council,
2,municip council,2: municip council,
2,municip council,2: municip council,
2,municip council,2: municip council,
2,municip council,2: municip council,
2,municip council,2: municip council,
2,municip council,2: municip council,
2,municip council,2: municip council,
2,municip council,2: municip council,
2,municip council,2: municip council,
2,municip council,2: municip council,
2,municip council,2: municip council,
2,municip council,2: municip council,
2,municip council,2: municip council,
2,municip council,2: municip council,
2,municip council,2: municip council,
2,municip council,2: municip council,
2,municip council,2: municip council,
2,municip council,2: municip council,
2,municip council,2: municip council,
2,municip council,2: municip council,
2,municip council,2: municip council,
2,municip council,2: municip council,
2,municip council,2: municip council,
2,municip council,2: municip council,
2,municip council,2: municip council,
2,municip council,2: municip council,
2,municip council,2: municip council,
2,municip council,2: municip council,
2,municip council,2: municip council,
2,municip council,2: municip council,
2,municip council,2: municip council,
2,municip council,2: municip council,
2,municip council,2: municip council,
2,municip council,2: municip council,
2,municip council,2: municip council,
2,municip council,2: municip council,
2,municip council,2: municip council,
2,municip council,2: municip council,
2,municip council,2: municip council,
2,municip council,2: municip council,
2,municip council,2: municip council,
2,municip council,2: municip council,
2,municip council,2: municip council,
2,municip council,2: municip council,
2,municip council,2: municip council,
2,municip council,2: municip council,
2,municip council,2: municip council,
2,municip council,2: municip council,
2,municip council,2: municip council,
2,municip council,2: municip council,
2,municip council,2: municip council,
2,municip council,2: municip council,
2,municip council,2: municip council,
2,municip council,2: municip council,
2,municip council,2: municip council,
2,municip council,2: municip council,
2,municip council,2: municip council,
2,municip council,2: municip council,
2,municip council,2: municip council,
2,municip council,2: municip council,
2,municip council,2: municip council,
2,municip council,2: municip council,
2,municip council,2: municip council,
2,municip council,2: municip council,
2,municip council,2: municip council,
2,municip council,2: municip council,
2,municip council,2: municip council,
2,municip council,2: municip council,
2,municip council,2: municip council,
2,municip council,2: municip council,
2,municip council,2: municip council,
4,baltic sea,4: baltic sea,
4,baltic sea,4: baltic sea,
4,baltic sea,4: baltic sea,
4,baltic sea,4: baltic sea,
4,baltic sea,4: baltic sea,
4,baltic sea,4: baltic sea,
4,baltic sea,4: baltic sea,
4,baltic sea,4: baltic sea,
4,baltic sea,4: baltic sea,
4,baltic sea,4: baltic sea,
4,baltic sea,4: baltic sea,
4,baltic sea,4: baltic sea,
4,baltic sea,4: baltic sea,
4,baltic sea,4: baltic sea,
4,baltic sea,4: baltic sea,
4,baltic sea,4: baltic sea,
4,baltic sea,4: baltic sea,
4,baltic sea,4: baltic sea,
4,baltic sea,4: baltic sea,
4,baltic sea,4: baltic sea,
4,baltic sea,4: baltic sea,
4,baltic sea,4: baltic sea,
4,baltic sea,4: baltic sea,
4,baltic sea,4: baltic sea,
4,baltic sea,4: baltic sea,
4,baltic sea,4: baltic sea,
4,baltic sea,4: baltic sea,
4,baltic sea,4: baltic sea,
4,baltic sea,4: baltic sea,
4,baltic sea,4: baltic sea,
4,baltic sea,4: baltic sea,
4,baltic sea,4: baltic sea,
4,baltic sea,4: baltic sea,
4,baltic sea,4: baltic sea,
4,baltic sea,4: baltic sea,
4,baltic sea,4: baltic sea,
4,baltic sea,4: baltic sea,
4,baltic sea,4: baltic sea,
4,baltic sea,4: baltic sea,
4,baltic sea,4: baltic sea,
4,baltic sea,4: baltic sea,
4,baltic sea,4: baltic sea,
4,baltic sea,4: baltic sea,
4,baltic sea,4: baltic sea,
4,baltic sea,4: baltic sea,
4,baltic sea,4: baltic sea,
4,baltic sea,4: baltic sea,
4,baltic sea,4: baltic sea,
4,baltic sea,4: baltic sea,
4,baltic sea,4: baltic sea,
4,baltic sea,4: baltic sea,
4,baltic sea,4: baltic sea,
4,baltic sea,4: baltic sea,
4,baltic sea,4: baltic sea,
4,baltic sea,4: baltic sea,
4,baltic sea,4: baltic sea,
4,baltic sea,4: baltic sea,
4,baltic sea,4: baltic sea,
4,baltic sea,4: baltic sea,
4,baltic sea,4: baltic sea,
4,baltic sea,4: baltic sea,
4,baltic sea,4: baltic sea,
4,baltic sea,4: baltic sea,
4,baltic sea,4: baltic sea,
4,baltic sea,4: baltic sea,
4,baltic sea,4: baltic sea,
4,baltic sea,4: baltic sea,
4,baltic sea,4: baltic sea,
4,baltic sea,4: baltic sea,
4,baltic sea,4: baltic sea,
4,baltic sea,4: baltic sea,
4,baltic sea,4: baltic sea,
4,baltic sea,4: baltic sea,
4,baltic sea,4: baltic sea,
4,baltic sea,4: baltic sea,
4,baltic sea,4: baltic sea,
4,baltic sea,4: baltic sea,
4,baltic sea,4: baltic sea,
4,baltic sea,4: baltic sea,
4,baltic sea,4: baltic sea,
4,baltic sea,4: baltic sea,
4,baltic sea,4: baltic sea,
4,baltic sea,4: baltic sea,
4,baltic sea,4: baltic sea,
4,baltic sea,4: baltic sea,
4,baltic sea,4: baltic sea,
4,baltic sea,4: baltic sea,
4,baltic sea,4: baltic sea,
4,baltic sea,4: baltic sea,
4,baltic sea,4: baltic sea,
4,baltic sea,4: baltic sea,
4,baltic sea,4: baltic sea,
4,baltic sea,4: baltic sea,
4,baltic sea,4: baltic sea,
4,baltic sea,4: baltic sea,
4,baltic sea,4: baltic sea,
4,baltic sea,4: baltic sea,
4,baltic sea,4: baltic sea,
4,baltic sea,4: baltic sea,
4,baltic sea,4: baltic sea,
4,baltic sea,4: baltic sea,
4,baltic sea,4: baltic sea,
4,baltic sea,4: baltic sea,
4,baltic sea,4: baltic sea,
4,baltic sea,4: baltic sea,
4,baltic sea,4: baltic sea,
4,baltic sea,4: baltic sea,
4,baltic sea,4: baltic sea,
4,baltic sea,4: baltic sea,
4,baltic sea,4: baltic sea,
4,baltic sea,4: baltic sea,
4,baltic sea,4: baltic sea,
4,baltic sea,4: baltic sea,
4,baltic sea,4: baltic sea,
4,baltic sea,4: baltic sea,
4,baltic sea,4: baltic sea,
4,baltic sea,4: baltic sea,
4,baltic sea,4: baltic sea,
4,baltic sea,4: baltic sea,
4,baltic sea,4: baltic sea,
4,baltic sea,4: baltic sea,
4,baltic sea,4: baltic sea,
4,baltic sea,4: baltic sea,
4,baltic sea,4: baltic sea,
4,baltic sea,4: baltic sea,
4,baltic sea,4: baltic sea,
4,baltic sea,4: baltic sea,
4,baltic sea,4: baltic sea,
4,baltic sea,4: baltic sea,
4,baltic sea,4: baltic sea,
4,baltic sea,4: baltic sea,
4,baltic sea,4: baltic sea,
4,baltic sea,4: baltic sea,
4,baltic sea,4: baltic sea,
4,baltic sea,4: baltic sea,
4,baltic sea,4: baltic sea,
4,baltic sea,4: baltic sea,
4,baltic sea,4: baltic sea,
4,baltic sea,4: baltic sea,
4,baltic sea,4: baltic sea,
4,baltic sea,4: baltic sea,
4,baltic sea,4: baltic sea,
4,baltic sea,4: baltic sea,
4,baltic sea,4: baltic sea,
4,baltic sea,4: baltic sea,
4,baltic sea,4: baltic sea,
4,baltic sea,4: baltic sea,
4,baltic sea,4: baltic sea,
4,baltic sea,4: baltic sea,
4,baltic sea,4: baltic sea,
4,baltic sea,4: baltic sea,
4,baltic sea,4: baltic sea,
4,baltic sea,4: baltic sea,
4,baltic sea,4: baltic sea,
4,baltic sea,4: baltic sea,
4,baltic sea,4: baltic sea,
4,baltic sea,4: baltic sea,
4,baltic sea,4: baltic sea,
4,baltic sea,4: baltic sea,
4,baltic sea,4: baltic sea,
4,baltic sea,4: baltic sea,
4,baltic sea,4: baltic sea,
4,baltic sea,4: baltic sea,
4,baltic sea,4: baltic sea,
4,baltic sea,4: baltic sea,
4,baltic sea,4: baltic sea,
4,baltic sea,4: baltic sea,
4,baltic sea,4: baltic sea,
4,baltic sea,4: baltic sea,
4,baltic sea,4: baltic sea,
4,baltic sea,4: baltic sea,
4,baltic sea,4: baltic sea,
4,baltic sea,4: baltic sea,
4,baltic sea,4: baltic sea,
4,baltic sea,4: baltic sea,
4,baltic sea,4: baltic sea,
4,baltic sea,4: baltic sea,
4,baltic sea,4: baltic sea,
4,baltic sea,4: baltic sea,
4,baltic sea,4: baltic sea,
4,baltic sea,4: baltic sea,
4,baltic sea,4: baltic sea,
4,baltic sea,4: baltic sea,
4,baltic sea,4: baltic sea,
4,baltic sea,4: baltic sea,
4,baltic sea,4: baltic sea,
4,baltic sea,4: baltic sea,
4,baltic sea,4: baltic sea,
4,baltic sea,4: baltic sea,
4,baltic sea,4: baltic sea,
4,baltic sea,4: baltic sea,
4,baltic sea,4: baltic sea,
4,baltic sea,4: baltic sea,
4,baltic sea,4: baltic sea,
4,baltic sea,4: baltic sea,
4,baltic sea,4: baltic sea,
4,baltic sea,4: baltic sea,
4,baltic sea,4: baltic sea,
4,baltic sea,4: baltic sea,
4,baltic sea,4: baltic sea,
4,baltic sea,4: baltic sea,
4,baltic sea,4: baltic sea,
4,baltic sea,4: baltic sea,
4,baltic sea,4: baltic sea,
4,baltic sea,4: baltic sea,
4,baltic sea,4: baltic sea,
4,baltic sea,4: baltic sea,
4,baltic sea,4: baltic sea,
4,baltic sea,4: baltic sea,
4,baltic sea,4: baltic sea,
4,baltic sea,4: baltic sea,
4,baltic sea,4: baltic sea,
4,baltic sea,4: baltic sea,
4,baltic sea,4: baltic sea,
4,baltic sea,4: baltic sea,
4,baltic sea,4: baltic sea,
4,baltic sea,4: baltic sea,
4,baltic sea,4: baltic sea,
4,baltic sea,4: baltic sea,
4,baltic sea,4: baltic sea,
4,baltic sea,4: baltic sea,
4,baltic sea,4: baltic sea,
4,baltic sea,4: baltic sea,
4,baltic sea,4: baltic sea,
4,baltic sea,4: baltic sea,
4,baltic sea,4: baltic sea,
4,baltic sea,4: baltic sea,
4,baltic sea,4: baltic sea,
4,baltic sea,4: baltic sea,
4,baltic sea,4: baltic sea,
4,baltic sea,4: baltic sea,
4,baltic sea,4: baltic sea,
4,baltic sea,4: baltic sea,
4,baltic sea,4: baltic sea,
4,baltic sea,4: baltic sea,
4,baltic sea,4: baltic sea,
4,baltic sea,4: baltic sea,
4,baltic sea,4: baltic sea,
4,baltic sea,4: baltic sea,
4,baltic sea,4: baltic sea,
4,baltic sea,4: baltic sea,
4,baltic sea,4: baltic sea,
4,baltic sea,4: baltic sea,
4,baltic sea,4: baltic sea,
4,baltic sea,4: baltic sea,
4,baltic sea,4: baltic sea,
4,baltic sea,4: baltic sea,
4,baltic sea,4: baltic sea,
4,baltic sea,4: baltic sea,
4,baltic sea,4: baltic sea,
4,baltic sea,4: baltic sea,
4,baltic sea,4: baltic sea,
4,baltic sea,4: baltic sea,
4,baltic sea,4: baltic sea,
4,baltic sea,4: baltic sea,
4,baltic sea,4: baltic sea,
4,baltic sea,4: baltic sea,
4,baltic sea,4: baltic sea,
4,baltic sea,4: baltic sea,
4,baltic sea,4: baltic sea,
4,baltic sea,4: baltic sea,
4,baltic sea,4: baltic sea,
4,baltic sea,4: baltic sea,
4,baltic sea,4: baltic sea,
4,baltic sea,4: baltic sea,
4,baltic sea,4: baltic sea,
4,baltic sea,4: baltic sea,
4,baltic sea,4: baltic sea,
4,baltic sea,4: baltic sea,
4,baltic sea,4: baltic sea,
4,baltic sea,4: baltic sea,
4,baltic sea,4: baltic sea,
4,baltic sea,4: baltic sea,
4,baltic sea,4: baltic sea,
4,baltic sea,4: baltic sea,
4,baltic sea,4: baltic sea,
4,baltic sea,4: baltic sea,
4,baltic sea,4: baltic sea,
4,baltic sea,4: baltic sea,
4,baltic sea,4: baltic sea,
4,baltic sea,4: baltic sea,
4,baltic sea,4: baltic sea,
4,baltic sea,4: baltic sea,
4,baltic sea,4: baltic sea,
4,baltic sea,4: baltic sea,
4,baltic sea,4: baltic sea,
4,baltic sea,4: baltic sea,
4,baltic sea,4: baltic sea,
4,baltic sea,4: baltic sea,
4,baltic sea,4: baltic sea,
4,baltic sea,4: baltic sea,
4,baltic sea,4: baltic sea,
4,baltic sea,4: baltic sea,
4,baltic sea,4: baltic sea,
4,baltic sea,4: baltic sea,
4,baltic sea,4: baltic sea,
4,baltic sea,4: baltic sea,
4,baltic sea,4: baltic sea,
4,baltic sea,4: baltic sea,
4,baltic sea,4: baltic sea,
4,baltic sea,4: baltic sea,
4,baltic sea,4: baltic sea,
4,baltic sea,4: baltic sea,
4,baltic sea,4: baltic sea,
4,baltic sea,4: baltic sea,
4,baltic sea,4: baltic sea,
4,baltic sea,4: baltic sea,
4,baltic sea,4: baltic sea,
4,baltic sea,4: baltic sea,
4,baltic sea,4: baltic sea,
4,baltic sea,4: baltic sea,
4,baltic sea,4: baltic sea,
4,baltic sea,4: baltic sea,
4,baltic sea,4: baltic sea,
4,baltic sea,4: baltic sea,
4,baltic sea,4: baltic sea,
4,baltic sea,4: baltic sea,
4,baltic sea,4: baltic sea,
4,baltic sea,4: baltic sea,
4,baltic sea,4: baltic sea,
4,baltic sea,4: baltic sea,
4,baltic sea,4: baltic sea,
4,baltic sea,4: baltic sea,
4,baltic sea,4: baltic sea,
4,baltic sea,4: baltic sea,
4,baltic sea,4: baltic sea,
4,baltic sea,4: baltic sea,
4,baltic sea,4: baltic sea,
4,baltic sea,4: baltic sea,
4,baltic sea,4: baltic sea,
4,baltic sea,4: baltic sea,
4,baltic sea,4: baltic sea,
4,baltic sea,4: baltic sea,
4,baltic sea,4: baltic sea,
4,baltic sea,4: baltic sea,
4,baltic sea,4: baltic sea,
4,baltic sea,4: baltic sea,
4,baltic sea,4: baltic sea,
4,baltic sea,4: baltic sea,
4,baltic sea,4: baltic sea,
4,baltic sea,4: baltic sea,
4,baltic sea,4: baltic sea,
4,baltic sea,4: baltic sea,
4,baltic sea,4: baltic sea,
4,baltic sea,4: baltic sea,
4,baltic sea,4: baltic sea,
4,baltic sea,4: baltic sea,
4,baltic sea,4: baltic sea,
4,baltic sea,4: baltic sea,
4,baltic sea,4: baltic sea,
4,baltic sea,4: baltic sea,
4,baltic sea,4: baltic sea,
4,baltic sea,4: baltic sea,
4,baltic sea,4: baltic sea,
4,baltic sea,4: baltic sea,
4,baltic sea,4: baltic sea,
4,baltic sea,4: baltic sea,
4,baltic sea,4: baltic sea,
4,baltic sea,4: baltic sea,
4,baltic sea,4: baltic sea,
4,baltic sea,4: baltic sea,
4,baltic sea,4: baltic sea,
4,baltic sea,4: baltic sea,
4,baltic sea,4: baltic sea,
4,baltic sea,4: baltic sea,
4,baltic sea,4: baltic sea,
4,baltic sea,4: baltic sea,
4,baltic sea,4: baltic sea,
4,baltic sea,4: baltic sea,
4,baltic sea,4: baltic sea,
4,baltic sea,4: baltic sea,
4,baltic sea,4: baltic sea,
4,baltic sea,4: baltic sea,
4,baltic sea,4: baltic sea,
4,baltic sea,4: baltic sea,
4,baltic sea,4: baltic sea,
4,baltic sea,4: baltic sea,
4,baltic sea,4: baltic sea,
4,baltic sea,4: baltic sea,
4,baltic sea,4: baltic sea,
4,baltic sea,4: baltic sea,
4,baltic sea,4: baltic sea,
4,baltic sea,4: baltic sea,
4,baltic sea,4: baltic sea,
4,baltic sea,4: baltic sea,
4,baltic sea,4: baltic sea,
4,baltic sea,4: baltic sea,
4,baltic sea,4: baltic sea,
4,baltic sea,4: baltic sea,
4,baltic sea,4: baltic sea,
4,baltic sea,4: baltic sea,
4,baltic sea,4: baltic sea,
4,baltic sea,4: baltic sea,
4,baltic sea,4: baltic sea,
4,baltic sea,4: baltic sea,
4,baltic sea,4: baltic sea,
4,baltic sea,4: baltic sea,
4,baltic sea,4: baltic sea,
4,baltic sea,4: baltic sea,
4,baltic sea,4: baltic sea,
4,baltic sea,4: baltic sea,
4,baltic sea,4: baltic sea,
4,baltic sea,4: baltic sea,
4,baltic sea,4: baltic sea,
4,baltic sea,4: baltic sea,
4,baltic sea,4: baltic sea,
4,baltic sea,4: baltic sea,
4,baltic sea,4: baltic sea,
4,baltic sea,4: baltic sea,
4,baltic sea,4: baltic sea,
4,baltic sea,4: baltic sea,
4,baltic sea,4: baltic sea,
4,baltic sea,4: baltic sea,
4,baltic sea,4: baltic sea,
0,energi island,0: energi island,
0,energi island,0: energi island,
0,energi island,0: energi island,
0,energi island,0: energi island,
0,energi island,0: energi island,
0,energi island,0: energi island,
0,energi island,0: energi island,
0,energi island,0: energi island,
0,energi island,0: energi island,
0,energi island,0: energi island,
0,energi island,0: energi island,
0,energi island,0: energi island,
0,energi island,0: energi island,
0,energi island,0: energi island,
0,energi island,0: energi island,
0,energi island,0: energi island,
0,energi island,0: energi island,
0,energi island,0: energi island,
0,energi island,0: energi island,
0,energi island,0: energi island,
0,energi island,0: energi island,
0,energi island,0: energi island,
0,energi island,0: energi island,
0,energi island,0: energi island,
0,energi island,0: energi island,
0,energi island,0: energi island,
0,energi island,0: energi island,
0,energi island,0: energi island,
0,energi island,0: energi island,
0,energi island,0: energi island,
0,energi island,0: energi island,
0,energi island,0: energi island,
0,energi island,0: energi island,
0,energi island,0: energi island,
0,energi island,0: energi island,
0,energi island,0: energi island,
0,energi island,0: energi island,
0,energi island,0: energi island,
0,energi island,0: energi island,
0,energi island,0: energi island,
0,energi island,0: energi island,
0,energi island,0: energi island,
0,energi island,0: energi island,
0,energi island,0: energi island,
0,energi island,0: energi island,
0,energi island,0: energi island,
0,energi island,0: energi island,
0,energi island,0: energi island,
0,energi island,0: energi island,
0,energi island,0: energi island,
0,energi island,0: energi island,
0,energi island,0: energi island,
0,energi island,0: energi island,
0,energi island,0: energi island,
0,energi island,0: energi island,
0,energi island,0: energi island,
0,energi island,0: energi island,
0,energi island,0: energi island,
0,energi island,0: energi island,
0,energi island,0: energi island,
0,energi island,0: energi island,
0,energi island,0: energi island,
0,energi island,0: energi island,
0,energi island,0: energi island,
0,energi island,0: energi island,
0,energi island,0: energi island,
0,energi island,0: energi island,
0,energi island,0: energi island,
0,energi island,0: energi island,
0,energi island,0: energi island,
0,energi island,0: energi island,
0,energi island,0: energi island,
0,energi island,0: energi island,
0,energi island,0: energi island,
0,energi island,0: energi island,
0,energi island,0: energi island,
0,energi island,0: energi island,
0,energi island,0: energi island,
0,energi island,0: energi island,
0,energi island,0: energi island,
0,energi island,0: energi island,
0,energi island,0: energi island,
0,energi island,0: energi island,
0,energi island,0: energi island,
0,energi island,0: energi island,
0,energi island,0: energi island,
0,energi island,0: energi island,
0,energi island,0: energi island,
0,energi island,0: energi island,
0,energi island,0: energi island,
0,energi island,0: energi island,
0,energi island,0: energi island,
0,energi island,0: energi island,
0,energi island,0: energi island,
0,energi island,0: energi island,
0,energi island,0: energi island,
0,energi island,0: energi island,
0,energi island,0: energi island,
0,energi island,0: energi island,
0,energi island,0: energi island,
0,energi island,0: energi island,
0,energi island,0: energi island,
0,energi island,0: energi island,
0,energi island,0: energi island,
0,energi island,0: energi island,
0,energi island,0: energi island,
0,energi island,0: energi island,
0,energi island,0: energi island,
0,energi island,0: energi island,
0,energi island,0: energi island,
0,energi island,0: energi island,
0,energi island,0: energi island,
0,energi island,0: energi island,
0,energi island,0: energi island,
0,energi island,0: energi island,
0,energi island,0: energi island,
0,energi island,0: energi island,
0,energi island,0: energi island,
0,energi island,0: energi island,
0,energi island,0: energi island,
0,energi island,0: energi island,
0,energi island,0: energi island,
0,energi island,0: energi island,
0,energi island,0: energi island,
0,energi island,0: energi island,
0,energi island,0: energi island,
0,energi island,0: energi island,
0,energi island,0: energi island,
0,energi island,0: energi island,
0,energi island,0: energi island,
0,energi island,0: energi island,
0,energi island,0: energi island,
0,energi island,0: energi island,
0,energi island,0: energi island,
0,energi island,0: energi island,
0,energi island,0: energi island,
0,energi island,0: energi island,
0,energi island,0: energi island,
0,energi island,0: energi island,
0,energi island,0: energi island,
0,energi island,0: energi island,
0,energi island,0: energi island,
0,energi island,0: energi island,
0,energi island,0: energi island,
0,energi island,0: energi island,
0,energi island,0: energi island,
0,energi island,0: energi island,
0,energi island,0: energi island,
0,energi island,0: energi island,
0,energi island,0: energi island,
0,energi island,0: energi island,
0,energi island,0: energi island,
0,energi island,0: energi island,
0,energi island,0: energi island,
0,energi island,0: energi island,
0,energi island,0: energi island,
0,energi island,0: energi island,
2,municip council,2: municip council,
2,municip council,2: municip council,
2,municip council,2: municip council,
2,municip council,2: municip council,
2,municip council,2: municip council,
2,municip council,2: municip council,
2,municip council,2: municip council,
2,municip council,2: municip council,
2,municip council,2: municip council,
2,municip council,2: municip council,
2,municip council,2: municip council,
2,municip council,2: municip council,
2,municip council,2: municip council,
2,municip council,2: municip council,
2,municip council,2: municip council,
2,municip council,2: municip council,
2,municip council,2: municip council,
2,municip council,2: municip council,
2,municip council,2: municip council,
2,municip council,2: municip council,
2,municip council,2: municip council,
2,municip council,2: municip council,
2,municip council,2: municip council,
2,municip council,2: municip council,
2,municip council,2: municip council,
2,municip council,2: municip council,
2,municip council,2: municip council,
2,municip council,2: municip council,
2,municip council,2: municip council,
2,municip council,2: municip council,
2,municip council,2: municip council,
2,municip council,2: municip council,
2,municip council,2: municip council,
2,municip council,2: municip council,
2,municip council,2: municip council,
2,municip council,2: municip council,
2,municip council,2: municip council,
2,municip council,2: municip council,
2,municip council,2: municip council,
2,municip council,2: municip council,
2,municip council,2: municip council,
2,municip council,2: municip council,
2,municip council,2: municip council,
2,municip council,2: municip council,
2,municip council,2: municip council,
2,municip council,2: municip council,
2,municip council,2: municip council,
2,municip council,2: municip council,
2,municip council,2: municip council,
2,municip council,2: municip council,
2,municip council,2: municip council,
2,municip council,2: municip council,
2,municip council,2: municip council,
2,municip council,2: municip council,
2,municip council,2: municip council,
2,municip council,2: municip council,
2,municip council,2: municip council,
2,municip council,2: municip council,
2,municip council,2: municip council,
2,municip council,2: municip council,
2,municip council,2: municip council,
2,municip council,2: municip council,
2,municip council,2: municip council,
2,municip council,2: municip council,
2,municip council,2: municip council,
2,municip council,2: municip council,
2,municip council,2: municip council,
2,municip council,2: municip council,
2,municip council,2: municip council,
2,municip council,2: municip council,
2,municip council,2: municip council,
2,municip council,2: municip council,
2,municip council,2: municip council,
2,municip council,2: municip council,
2,municip council,2: municip council,
2,municip council,2: municip council,
2,municip council,2: municip council,
2,municip council,2: municip council,
2,municip council,2: municip council,
2,municip council,2: municip council,
2,municip council,2: municip council,
2,municip council,2: municip council,
2,municip council,2: municip council,
2,municip council,2: municip council,
2,municip council,2: municip council,
2,municip council,2: municip council,
2,municip council,2: municip council,
2,municip council,2: municip council,
2,municip council,2: municip council,
2,municip council,2: municip council,
2,municip council,2: municip council,
2,municip council,2: municip council,
2,municip council,2: municip council,
2,municip council,2: municip council,
2,municip council,2: municip council,
2,municip council,2: municip council,
2,municip council,2: municip council,
2,municip council,2: municip council,
2,municip council,2: municip council,
2,municip council,2: municip council,
2,municip council,2: municip council,
2,municip council,2: municip council,
2,municip council,2: municip council,
2,municip council,2: municip council,
2,municip council,2: municip council,
2,municip council,2: municip council,
2,municip council,2: municip council,
2,municip council,2: municip council,
2,municip council,2: municip council,
2,municip council,2: municip council,
2,municip council,2: municip council,
2,municip council,2: municip council,
2,municip council,2: municip council,
2,municip council,2: municip council,
2,municip council,2: municip council,
2,municip council,2: municip council,
2,municip council,2: municip council,
2,municip council,2: municip council,
2,municip council,2: municip council,
2,municip council,2: municip council,
2,municip council,2: municip council,
2,municip council,2: municip council,
2,municip council,2: municip council,
2,municip council,2: municip council,
2,municip council,2: municip council,
2,municip council,2: municip council,
2,municip council,2: municip council,
2,municip council,2: municip council,
2,municip council,2: municip council,
2,municip council,2: municip council,
2,municip council,2: municip council,
2,municip council,2: municip council,
2,municip council,2: municip council,
2,municip council,2: municip council,
2,municip council,2: municip council,
2,municip council,2: municip council,
2,municip council,2: municip council,
2,municip council,2: municip council,
2,municip council,2: municip council,
2,municip council,2: municip council,
2,municip council,2: municip council,
2,municip council,2: municip council,
2,municip council,2: municip council,
2,municip council,2: municip council,
2,municip council,2: municip council,
2,municip council,2: municip council,
2,municip council,2: municip council,
2,municip council,2: municip council,
2,municip council,2: municip council,
2,municip council,2: municip council,
2,municip council,2: municip council,
2,municip council,2: municip council,
2,municip council,2: municip council,
2,municip council,2: municip council,
2,municip council,2: municip council,
2,municip council,2: municip council,
6,energiø bornholm,6: energiø bornholm,
6,energiø bornholm,6: energiø bornholm,
6,energiø bornholm,6: energiø bornholm,
6,energiø bornholm,6: energiø bornholm,
6,energiø bornholm,6: energiø bornholm,
6,energiø bornholm,6: energiø bornholm,
6,energiø bornholm,6: energiø bornholm,
6,energiø bornholm,6: energiø bornholm,
6,energiø bornholm,6: energiø bornholm,
6,energiø bornholm,6: energiø bornholm,
6,energiø bornholm,6: energiø bornholm,
6,energiø bornholm,6: energiø bornholm,
6,energiø bornholm,6: energiø bornholm,
6,energiø bornholm,6: energiø bornholm,
6,energiø bornholm,6: energiø bornholm,
6,energiø bornholm,6: energiø bornholm,
6,energiø bornholm,6: energiø bornholm,
6,energiø bornholm,6: energiø bornholm,
6,energiø bornholm,6: energiø bornholm,
6,energiø bornholm,6: energiø bornholm,
6,energiø bornholm,6: energiø bornholm,
6,energiø bornholm,6: energiø bornholm,
6,energiø bornholm,6: energiø bornholm,
6,energiø bornholm,6: energiø bornholm,
6,energiø bornholm,6: energiø bornholm,
6,energiø bornholm,6: energiø bornholm,
6,energiø bornholm,6: energiø bornholm,
6,energiø bornholm,6: energiø bornholm,
6,energiø bornholm,6: energiø bornholm,
6,energiø bornholm,6: energiø bornholm,
6,energiø bornholm,6: energiø bornholm,
6,energiø bornholm,6: energiø bornholm,
6,energiø bornholm,6: energiø bornholm,
6,energiø bornholm,6: energiø bornholm,
6,energiø bornholm,6: energiø bornholm,
6,energiø bornholm,6: energiø bornholm,
6,energiø bornholm,6: energiø bornholm,
6,energiø bornholm,6: energiø bornholm,
6,energiø bornholm,6: energiø bornholm,
6,energiø bornholm,6: energiø bornholm,
6,energiø bornholm,6: energiø bornholm,
6,energiø bornholm,6: energiø bornholm,
6,energiø bornholm,6: energiø bornholm,
6,energiø bornholm,6: energiø bornholm,
6,energiø bornholm,6: energiø bornholm,
6,energiø bornholm,6: energiø bornholm,
6,energiø bornholm,6: energiø bornholm,
6,energiø bornholm,6: energiø bornholm,
6,energiø bornholm,6: energiø bornholm,
6,energiø bornholm,6: energiø bornholm,
6,energiø bornholm,6: energiø bornholm,
6,energiø bornholm,6: energiø bornholm,
6,energiø bornholm,6: energiø bornholm,
6,energiø bornholm,6: energiø bornholm,
6,energiø bornholm,6: energiø bornholm,
6,energiø bornholm,6: energiø bornholm,
6,energiø bornholm,6: energiø bornholm,
6,energiø bornholm,6: energiø bornholm,
6,energiø bornholm,6: energiø bornholm,
6,energiø bornholm,6: energiø bornholm,
6,energiø bornholm,6: energiø bornholm,
6,energiø bornholm,6: energiø bornholm,
6,energiø bornholm,6: energiø bornholm,
6,energiø bornholm,6: energiø bornholm,
6,energiø bornholm,6: energiø bornholm,
6,energiø bornholm,6: energiø bornholm,
6,energiø bornholm,6: energiø bornholm,
6,energiø bornholm,6: energiø bornholm,
6,energiø bornholm,6: energiø bornholm,
6,energiø bornholm,6: energiø bornholm,
6,energiø bornholm,6: energiø bornholm,
6,energiø bornholm,6: energiø bornholm,
6,energiø bornholm,6: energiø bornholm,
6,energiø bornholm,6: energiø bornholm,
6,energiø bornholm,6: energiø bornholm,
6,energiø bornholm,6: energiø bornholm,
6,energiø bornholm,6: energiø bornholm,
6,energiø bornholm,6: energiø bornholm,
6,energiø bornholm,6: energiø bornholm,
6,energiø bornholm,6: energiø bornholm,
6,energiø bornholm,6: energiø bornholm,
6,energiø bornholm,6: energiø bornholm,
6,energiø bornholm,6: energiø bornholm,
6,energiø bornholm,6: energiø bornholm,
6,energiø bornholm,6: energiø bornholm,
6,energiø bornholm,6: energiø bornholm,
6,energiø bornholm,6: energiø bornholm,
6,energiø bornholm,6: energiø bornholm,
6,energiø bornholm,6: energiø bornholm,
6,energiø bornholm,6: energiø bornholm,
6,energiø bornholm,6: energiø bornholm,
6,energiø bornholm,6: energiø bornholm,
6,energiø bornholm,6: energiø bornholm,
6,energiø bornholm,6: energiø bornholm,
6,energiø bornholm,6: energiø bornholm,
6,energiø bornholm,6: energiø bornholm,
6,energiø bornholm,6: energiø bornholm,
6,energiø bornholm,6: energiø bornholm,
6,energiø bornholm,6: energiø bornholm,
6,energiø bornholm,6: energiø bornholm,
6,energiø bornholm,6: energiø bornholm,
6,energiø bornholm,6: energiø bornholm,
6,energiø bornholm,6: energiø bornholm,
6,energiø bornholm,6: energiø bornholm,
6,energiø bornholm,6: energiø bornholm,
6,energiø bornholm,6: energiø bornholm,
6,energiø bornholm,6: energiø bornholm,
6,energiø bornholm,6: energiø bornholm,
6,energiø bornholm,6: energiø bornholm,
6,energiø bornholm,6: energiø bornholm,
6,energiø bornholm,6: energiø bornholm,
6,energiø bornholm,6: energiø bornholm,
6,energiø bornholm,6: energiø bornholm,
6,energiø bornholm,6: energiø bornholm,
6,energiø bornholm,6: energiø bornholm,
6,energiø bornholm,6: energiø bornholm,
6,energiø bornholm,6: energiø bornholm,
6,energiø bornholm,6: energiø bornholm,
6,energiø bornholm,6: energiø bornholm,
6,energiø bornholm,6: energiø bornholm,
6,energiø bornholm,6: energiø bornholm,
6,energiø bornholm,6: energiø bornholm,
6,energiø bornholm,6: energiø bornholm,
6,energiø bornholm,6: energiø bornholm,
6,energiø bornholm,6: energiø bornholm,
6,energiø bornholm,6: energiø bornholm,
6,energiø bornholm,6: energiø bornholm,
6,energiø bornholm,6: energiø bornholm,
6,energiø bornholm,6: energiø bornholm,
6,energiø bornholm,6: energiø bornholm,
6,energiø bornholm,6: energiø bornholm,
6,energiø bornholm,6: energiø bornholm,
6,energiø bornholm,6: energiø bornholm,
6,energiø bornholm,6: energiø bornholm,
6,energiø bornholm,6: energiø bornholm,
6,energiø bornholm,6: energiø bornholm,
6,energiø bornholm,6: energiø bornholm,
6,energiø bornholm,6: energiø bornholm,
6,energiø bornholm,6: energiø bornholm,
6,energiø bornholm,6: energiø bornholm,
6,energiø bornholm,6: energiø bornholm,
6,energiø bornholm,6: energiø bornholm,
6,energiø bornholm,6: energiø bornholm,
6,energiø bornholm,6: energiø bornholm,
6,energiø bornholm,6: energiø bornholm,
6,energiø bornholm,6: energiø bornholm,
6,energiø bornholm,6: energiø bornholm,
6,energiø bornholm,6: energiø bornholm,
6,energiø bornholm,6: energiø bornholm,
6,energiø bornholm,6: energiø bornholm,
6,energiø bornholm,6: energiø bornholm,
6,energiø bornholm,6: energiø bornholm,
6,energiø bornholm,6: energiø bornholm,
6,energiø bornholm,6: energiø bornholm,
6,energiø bornholm,6: energiø bornholm,
6,energiø bornholm,6: energiø bornholm,
6,energiø bornholm,6: energiø bornholm,
6,energiø bornholm,6: energiø bornholm,
6,energiø bornholm,6: energiø bornholm,
6,energiø bornholm,6: energiø bornholm,
6,energiø bornholm,6: energiø bornholm,
6,energiø bornholm,6: energiø bornholm,
6,energiø bornholm,6: energiø bornholm,
6,energiø bornholm,6: energiø bornholm,
6,energiø bornholm,6: energiø bornholm,
6,energiø bornholm,6: energiø bornholm,
6,energiø bornholm,6: energiø bornholm,
6,energiø bornholm,6: energiø bornholm,
6,energiø bornholm,6: energiø bornholm,
6,energiø bornholm,6: energiø bornholm,
6,energiø bornholm,6: energiø bornholm,
2,municip council,2: municip council,
2,municip council,2: municip council,
2,municip council,2: municip council,
2,municip council,2: municip council,
2,municip council,2: municip council,
2,municip council,2: municip council,
2,municip council,2: municip council,
2,municip council,2: municip council,
2,municip council,2: municip council,
2,municip council,2: municip council,
2,municip council,2: municip council,
2,municip council,2: municip council,
2,municip council,2: municip council,
2,municip council,2: municip council,
2,municip council,2: municip council,
2,municip council,2: municip council,
2,municip council,2: municip council,
2,municip council,2: municip council,
2,municip council,2: municip council,
2,municip council,2: municip council,
2,municip council,2: municip council,
2,municip council,2: municip council,
2,municip council,2: municip council,
2,municip council,2: municip council,
2,municip council,2: municip council,
2,municip council,2: municip council,
2,municip council,2: municip council,
2,municip council,2: municip council,
2,municip council,2: municip council,
2,municip council,2: municip council,
2,municip council,2: municip council,
2,municip council,2: municip council,
2,municip council,2: municip council,
2,municip council,2: municip council,
2,municip council,2: municip council,
2,municip council,2: municip council,
2,municip council,2: municip council,
2,municip council,2: municip council,
2,municip council,2: municip council,
2,municip council,2: municip council,
2,municip council,2: municip council,
2,municip council,2: municip council,
2,municip council,2: municip council,
2,municip council,2: municip council,
2,municip council,2: municip council,
2,municip council,2: municip council,
2,municip council,2: municip council,
2,municip council,2: municip council,
2,municip council,2: municip council,
2,municip council,2: municip council,
2,municip council,2: municip council,
2,municip council,2: municip council,
2,municip council,2: municip council,
2,municip council,2: municip council,
2,municip council,2: municip council,
2,municip council,2: municip council,
2,municip council,2: municip council,
2,municip council,2: municip council,
2,municip council,2: municip council,
2,municip council,2: municip council,
2,municip council,2: municip council,
2,municip council,2: municip council,
2,municip council,2: municip council,
2,municip council,2: municip council,
2,municip council,2: municip council,
2,municip council,2: municip council,
2,municip council,2: municip council,
2,municip council,2: municip council,
2,municip council,2: municip council,
2,municip council,2: municip council,
2,municip council,2: municip council,
2,municip council,2: municip council,
2,municip council,2: municip council,
2,municip council,2: municip council,
2,municip council,2: municip council,
2,municip council,2: municip council,
2,municip council,2: municip council,
2,municip council,2: municip council,
2,municip council,2: municip council,
2,municip council,2: municip council,
2,municip council,2: municip council,
2,municip council,2: municip council,
2,municip council,2: municip council,
2,municip council,2: municip council,
2,municip council,2: municip council,
2,municip council,2: municip council,
2,municip council,2: municip council,
2,municip council,2: municip council,
2,municip council,2: municip council,
2,municip council,2: municip council,
2,municip council,2: municip council,
2,municip council,2: municip council,
2,municip council,2: municip council,
2,municip council,2: municip council,
2,municip council,2: municip council,
2,municip council,2: municip council,
2,municip council,2: municip council,
2,municip council,2: municip council,
2,municip council,2: municip council,
2,municip council,2: municip council,
2,municip council,2: municip council,
2,municip council,2: municip council,
2,municip council,2: municip council,
2,municip council,2: municip council,
2,municip council,2: municip council,
2,municip council,2: municip council,
2,municip council,2: municip council,
2,municip council,2: municip council,
2,municip council,2: municip council,
2,municip council,2: municip council,
2,municip council,2: municip council,
2,municip council,2: municip council,
2,municip council,2: municip council,
2,municip council,2: municip council,
2,municip council,2: municip council,
2,municip council,2: municip council,
2,municip council,2: municip council,
2,municip council,2: municip council,
2,municip council,2: municip council,
2,municip council,2: municip council,
2,municip council,2: municip council,
2,municip council,2: municip council,
2,municip council,2: municip council,
2,municip council,2: municip council,
2,municip council,2: municip council,
2,municip council,2: municip council,
2,municip council,2: municip council,
2,municip council,2: municip council,
2,municip council,2: municip council,
2,municip council,2: municip council,
2,municip council,2: municip council,
2,municip council,2: municip council,
2,municip council,2: municip council,
2,municip council,2: municip council,
2,municip council,2: municip council,
2,municip council,2: municip council,
2,municip council,2: municip council,
2,municip council,2: municip council,
2,municip council,2: municip council,
2,municip council,2: municip council,
2,municip council,2: municip council,
2,municip council,2: municip council,
2,municip council,2: municip council,
2,municip council,2: municip council,
2,municip council,2: municip council,
2,municip council,2: municip council,
2,municip council,2: municip council,
2,municip council,2: municip council,
2,municip council,2: municip council,
2,municip council,2: municip council,
2,municip council,2: municip council,
2,municip council,2: municip council,
2,municip council,2: municip council,
2,municip council,2: municip council,
2,municip council,2: municip council,
2,municip council,2: municip council,
8,wind turbin,8: wind turbin,
8,wind turbin,8: wind turbin,
8,wind turbin,8: wind turbin,
8,wind turbin,8: wind turbin,
8,wind turbin,8: wind turbin,
8,wind turbin,8: wind turbin,
8,wind turbin,8: wind turbin,
8,wind turbin,8: wind turbin,
8,wind turbin,8: wind turbin,
8,wind turbin,8: wind turbin,
8,wind turbin,8: wind turbin,
8,wind turbin,8: wind turbin,
8,wind turbin,8: wind turbin,
8,wind turbin,8: wind turbin,
8,wind turbin,8: wind turbin,
8,wind turbin,8: wind turbin,
8,wind turbin,8: wind turbin,
8,wind turbin,8: wind turbin,
8,wind turbin,8: wind turbin,
8,wind turbin,8: wind turbin,
8,wind turbin,8: wind turbin,
8,wind turbin,8: wind turbin,
8,wind turbin,8: wind turbin,
8,wind turbin,8: wind turbin,
8,wind turbin,8: wind turbin,
8,wind turbin,8: wind turbin,
8,wind turbin,8: wind turbin,
8,wind turbin,8: wind turbin,
8,wind turbin,8: wind turbin,
8,wind turbin,8: wind turbin,
8,wind turbin,8: wind turbin,
8,wind turbin,8: wind turbin,
8,wind turbin,8: wind turbin,
8,wind turbin,8: wind turbin,
8,wind turbin,8: wind turbin,
8,wind turbin,8: wind turbin,
8,wind turbin,8: wind turbin,
8,wind turbin,8: wind turbin,
8,wind turbin,8: wind turbin,
8,wind turbin,8: wind turbin,
8,wind turbin,8: wind turbin,
8,wind turbin,8: wind turbin,
8,wind turbin,8: wind turbin,
8,wind turbin,8: wind turbin,
8,wind turbin,8: wind turbin,
8,wind turbin,8: wind turbin,
8,wind turbin,8: wind turbin,
8,wind turbin,8: wind turbin,
8,wind turbin,8: wind turbin,
8,wind turbin,8: wind turbin,
8,wind turbin,8: wind turbin,
8,wind turbin,8: wind turbin,
8,wind turbin,8: wind turbin,
8,wind turbin,8: wind turbin,
8,wind turbin,8: wind turbin,
8,wind turbin,8: wind turbin,
8,wind turbin,8: wind turbin,
8,wind turbin,8: wind turbin,
8,wind turbin,8: wind turbin,
8,wind turbin,8: wind turbin,
8,wind turbin,8: wind turbin,
8,wind turbin,8: wind turbin,
8,wind turbin,8: wind turbin,
8,wind turbin,8: wind turbin,
8,wind turbin,8: wind turbin,
8,wind turbin,8: wind turbin,
8,wind turbin,8: wind turbin,
8,wind turbin,8: wind turbin,
8,wind turbin,8: wind turbin,
8,wind turbin,8: wind turbin,
8,wind turbin,8: wind turbin,
8,wind turbin,8: wind turbin,
8,wind turbin,8: wind turbin,
8,wind turbin,8: wind turbin,
8,wind turbin,8: wind turbin,
8,wind turbin,8: wind turbin,
8,wind turbin,8: wind turbin,
8,wind turbin,8: wind turbin,
8,wind turbin,8: wind turbin,
8,wind turbin,8: wind turbin,
8,wind turbin,8: wind turbin,
8,wind turbin,8: wind turbin,
8,wind turbin,8: wind turbin,
8,wind turbin,8: wind turbin,
8,wind turbin,8: wind turbin,
8,wind turbin,8: wind turbin,
8,wind turbin,8: wind turbin,
8,wind turbin,8: wind turbin,
8,wind turbin,8: wind turbin,
8,wind turbin,8: wind turbin,
8,wind turbin,8: wind turbin,
8,wind turbin,8: wind turbin,
8,wind turbin,8: wind turbin,
8,wind turbin,8: wind turbin,
8,wind turbin,8: wind turbin,
8,wind turbin,8: wind turbin,
8,wind turbin,8: wind turbin,
8,wind turbin,8: wind turbin,
8,wind turbin,8: wind turbin,
8,wind turbin,8: wind turbin,
8,wind turbin,8: wind turbin,
8,wind turbin,8: wind turbin,
8,wind turbin,8: wind turbin,
8,wind turbin,8: wind turbin,
8,wind turbin,8: wind turbin,
8,wind turbin,8: wind turbin,
8,wind turbin,8: wind turbin,
8,wind turbin,8: wind turbin,
8,wind turbin,8: wind turbin,
8,wind turbin,8: wind turbin,
8,wind turbin,8: wind turbin,
8,wind turbin,8: wind turbin,
8,wind turbin,8: wind turbin,
8,wind turbin,8: wind turbin,
8,wind turbin,8: wind turbin,
8,wind turbin,8: wind turbin,
8,wind turbin,8: wind turbin,
8,wind turbin,8: wind turbin,
8,wind turbin,8: wind turbin,
8,wind turbin,8: wind turbin,
8,wind turbin,8: wind turbin,
8,wind turbin,8: wind turbin,
8,wind turbin,8: wind turbin,
8,wind turbin,8: wind turbin,
8,wind turbin,8: wind turbin,
8,wind turbin,8: wind turbin,
8,wind turbin,8: wind turbin,
8,wind turbin,8: wind turbin,
8,wind turbin,8: wind turbin,
8,wind turbin,8: wind turbin,
8,wind turbin,8: wind turbin,
8,wind turbin,8: wind turbin,
8,wind turbin,8: wind turbin,
8,wind turbin,8: wind turbin,
8,wind turbin,8: wind turbin,
8,wind turbin,8: wind turbin,
8,wind turbin,8: wind turbin,
8,wind turbin,8: wind turbin,
8,wind turbin,8: wind turbin,
8,wind turbin,8: wind turbin,
8,wind turbin,8: wind turbin,
8,wind turbin,8: wind turbin,
8,wind turbin,8: wind turbin,
8,wind turbin,8: wind turbin,
8,wind turbin,8: wind turbin,
8,wind turbin,8: wind turbin,
8,wind turbin,8: wind turbin,
8,wind turbin,8: wind turbin,
8,wind turbin,8: wind turbin,
8,wind turbin,8: wind turbin,
8,wind turbin,8: wind turbin,
8,wind turbin,8: wind turbin,
8,wind turbin,8: wind turbin,
8,wind turbin,8: wind turbin,
8,wind turbin,8: wind turbin,
8,wind turbin,8: wind turbin,
8,wind turbin,8: wind turbin,
8,wind turbin,8: wind turbin,
8,wind turbin,8: wind turbin,
8,wind turbin,8: wind turbin,
8,wind turbin,8: wind turbin,
8,wind turbin,8: wind turbin,
8,wind turbin,8: wind turbin,
8,wind turbin,8: wind turbin,
8,wind turbin,8: wind turbin,
8,wind turbin,8: wind turbin,
8,wind turbin,8: wind turbin,
8,wind turbin,8: wind turbin,
8,wind turbin,8: wind turbin,
8,wind turbin,8: wind turbin,
8,wind turbin,8: wind turbin,
8,wind turbin,8: wind turbin,
8,wind turbin,8: wind turbin,
8,wind turbin,8: wind turbin,
8,wind turbin,8: wind turbin,
8,wind turbin,8: wind turbin,
8,wind turbin,8: wind turbin,
8,wind turbin,8: wind turbin,
8,wind turbin,8: wind turbin,
8,wind turbin,8: wind turbin,
8,wind turbin,8: wind turbin,
8,wind turbin,8: wind turbin,
8,wind turbin,8: wind turbin,
8,wind turbin,8: wind turbin,
8,wind turbin,8: wind turbin,
8,wind turbin,8: wind turbin,
8,wind turbin,8: wind turbin,
8,wind turbin,8: wind turbin,
8,wind turbin,8: wind turbin,
8,wind turbin,8: wind turbin,
8,wind turbin,8: wind turbin,
8,wind turbin,8: wind turbin,
8,wind turbin,8: wind turbin,
8,wind turbin,8: wind turbin,
8,wind turbin,8: wind turbin,
8,wind turbin,8: wind turbin,
8,wind turbin,8: wind turbin,
8,wind turbin,8: wind turbin,
8,wind turbin,8: wind turbin,
8,wind turbin,8: wind turbin,
8,wind turbin,8: wind turbin,
8,wind turbin,8: wind turbin,
8,wind turbin,8: wind turbin,
8,wind turbin,8: wind turbin,
8,wind turbin,8: wind turbin,
8,wind turbin,8: wind turbin,
8,wind turbin,8: wind turbin,
8,wind turbin,8: wind turbin,
8,wind turbin,8: wind turbin,
8,wind turbin,8: wind turbin,
8,wind turbin,8: wind turbin,
8,wind turbin,8: wind turbin,
8,wind turbin,8: wind turbin,
8,wind turbin,8: wind turbin,
8,wind turbin,8: wind turbin,
8,wind turbin,8: wind turbin,
8,wind turbin,8: wind turbin,
8,wind turbin,8: wind turbin,
8,wind turbin,8: wind turbin,
8,wind turbin,8: wind turbin,
8,wind turbin,8: wind turbin,
8,wind turbin,8: wind turbin,
8,wind turbin,8: wind turbin,
8,wind turbin,8: wind turbin,
8,wind turbin,8: wind turbin,
8,wind turbin,8: wind turbin,
8,wind turbin,8: wind turbin,
8,wind turbin,8: wind turbin,
8,wind turbin,8: wind turbin,
8,wind turbin,8: wind turbin,
8,wind turbin,8: wind turbin,
8,wind turbin,8: wind turbin,
8,wind turbin,8: wind turbin,
8,wind turbin,8: wind turbin,
8,wind turbin,8: wind turbin,
8,wind turbin,8: wind turbin,
8,wind turbin,8: wind turbin,
8,wind turbin,8: wind turbin,
8,wind turbin,8: wind turbin,
8,wind turbin,8: wind turbin,
8,wind turbin,8: wind turbin,
8,wind turbin,8: wind turbin,
8,wind turbin,8: wind turbin,
8,wind turbin,8: wind turbin,
8,wind turbin,8: wind turbin,
8,wind turbin,8: wind turbin,
8,wind turbin,8: wind turbin,
8,wind turbin,8: wind turbin,
8,wind turbin,8: wind turbin,
8,wind turbin,8: wind turbin,
8,wind turbin,8: wind turbin,
8,wind turbin,8: wind turbin,
8,wind turbin,8: wind turbin,
8,wind turbin,8: wind turbin,
8,wind turbin,8: wind turbin,
8,wind turbin,8: wind turbin,
8,wind turbin,8: wind turbin,
8,wind turbin,8: wind turbin,
8,wind turbin,8: wind turbin,
8,wind turbin,8: wind turbin,
6,energiø bornholm,6: energiø bornholm,
6,energiø bornholm,6: energiø bornholm,
6,energiø bornholm,6: energiø bornholm,
6,energiø bornholm,6: energiø bornholm,
6,energiø bornholm,6: energiø bornholm,
6,energiø bornholm,6: energiø bornholm,
6,energiø bornholm,6: energiø bornholm,
6,energiø bornholm,6: energiø bornholm,
6,energiø bornholm,6: energiø bornholm,
6,energiø bornholm,6: energiø bornholm,
6,energiø bornholm,6: energiø bornholm,
6,energiø bornholm,6: energiø bornholm,
6,energiø bornholm,6: energiø bornholm,
6,energiø bornholm,6: energiø bornholm,
6,energiø bornholm,6: energiø bornholm,
6,energiø bornholm,6: energiø bornholm,
6,energiø bornholm,6: energiø bornholm,
6,energiø bornholm,6: energiø bornholm,
6,energiø bornholm,6: energiø bornholm,
6,energiø bornholm,6: energiø bornholm,
6,energiø bornholm,6: energiø bornholm,
6,energiø bornholm,6: energiø bornholm,
6,energiø bornholm,6: energiø bornholm,
6,energiø bornholm,6: energiø bornholm,
6,energiø bornholm,6: energiø bornholm,
6,energiø bornholm,6: energiø bornholm,
6,energiø bornholm,6: energiø bornholm,
6,energiø bornholm,6: energiø bornholm,
6,energiø bornholm,6: energiø bornholm,
6,energiø bornholm,6: energiø bornholm,
6,energiø bornholm,6: energiø bornholm,
6,energiø bornholm,6: energiø bornholm,
6,energiø bornholm,6: energiø bornholm,
6,energiø bornholm,6: energiø bornholm,
6,energiø bornholm,6: energiø bornholm,
6,energiø bornholm,6: energiø bornholm,
6,energiø bornholm,6: energiø bornholm,
6,energiø bornholm,6: energiø bornholm,
6,energiø bornholm,6: energiø bornholm,
6,energiø bornholm,6: energiø bornholm,
6,energiø bornholm,6: energiø bornholm,
6,energiø bornholm,6: energiø bornholm,
6,energiø bornholm,6: energiø bornholm,
6,energiø bornholm,6: energiø bornholm,
6,energiø bornholm,6: energiø bornholm,
6,energiø bornholm,6: energiø bornholm,
6,energiø bornholm,6: energiø bornholm,
6,energiø bornholm,6: energiø bornholm,
6,energiø bornholm,6: energiø bornholm,
6,energiø bornholm,6: energiø bornholm,
6,energiø bornholm,6: energiø bornholm,
6,energiø bornholm,6: energiø bornholm,
6,energiø bornholm,6: energiø bornholm,
6,energiø bornholm,6: energiø bornholm,
6,energiø bornholm,6: energiø bornholm,
6,energiø bornholm,6: energiø bornholm,
6,energiø bornholm,6: energiø bornholm,
6,energiø bornholm,6: energiø bornholm,
6,energiø bornholm,6: energiø bornholm,
6,energiø bornholm,6: energiø bornholm,
6,energiø bornholm,6: energiø bornholm,
6,energiø bornholm,6: energiø bornholm,
6,energiø bornholm,6: energiø bornholm,
6,energiø bornholm,6: energiø bornholm,
6,energiø bornholm,6: energiø bornholm,
6,energiø bornholm,6: energiø bornholm,
6,energiø bornholm,6: energiø bornholm,
6,energiø bornholm,6: energiø bornholm,
6,energiø bornholm,6: energiø bornholm,
6,energiø bornholm,6: energiø bornholm,
6,energiø bornholm,6: energiø bornholm,
6,energiø bornholm,6: energiø bornholm,
6,energiø bornholm,6: energiø bornholm,
6,energiø bornholm,6: energiø bornholm,
6,energiø bornholm,6: energiø bornholm,
6,energiø bornholm,6: energiø bornholm,
6,energiø bornholm,6: energiø bornholm,
6,energiø bornholm,6: energiø bornholm,
6,energiø bornholm,6: energiø bornholm,
6,energiø bornholm,6: energiø bornholm,
6,energiø bornholm,6: energiø bornholm,
6,energiø bornholm,6: energiø bornholm,
6,energiø bornholm,6: energiø bornholm,
6,energiø bornholm,6: energiø bornholm,
6,energiø bornholm,6: energiø bornholm,
6,energiø bornholm,6: energiø bornholm,
6,energiø bornholm,6: energiø bornholm,
6,energiø bornholm,6: energiø bornholm,
6,energiø bornholm,6: energiø bornholm,
6,energiø bornholm,6: energiø bornholm,
6,energiø bornholm,6: energiø bornholm,
6,energiø bornholm,6: energiø bornholm,
6,energiø bornholm,6: energiø bornholm,
6,energiø bornholm,6: energiø bornholm,
6,energiø bornholm,6: energiø bornholm,
6,energiø bornholm,6: energiø bornholm,
6,energiø bornholm,6: energiø bornholm,
6,energiø bornholm,6: energiø bornholm,
6,energiø bornholm,6: energiø bornholm,
6,energiø bornholm,6: energiø bornholm,
6,energiø bornholm,6: energiø bornholm,
6,energiø bornholm,6: energiø bornholm,
6,energiø bornholm,6: energiø bornholm,
6,energiø bornholm,6: energiø bornholm,
6,energiø bornholm,6: energiø bornholm,
6,energiø bornholm,6: energiø bornholm,
6,energiø bornholm,6: energiø bornholm,
6,energiø bornholm,6: energiø bornholm,
6,energiø bornholm,6: energiø bornholm,
6,energiø bornholm,6: energiø bornholm,
6,energiø bornholm,6: energiø bornholm,
6,energiø bornholm,6: energiø bornholm,
6,energiø bornholm,6: energiø bornholm,
6,energiø bornholm,6: energiø bornholm,
6,energiø bornholm,6: energiø bornholm,
6,energiø bornholm,6: energiø bornholm,
6,energiø bornholm,6: energiø bornholm,
6,energiø bornholm,6: energiø bornholm,
6,energiø bornholm,6: energiø bornholm,
6,energiø bornholm,6: energiø bornholm,
6,energiø bornholm,6: energiø bornholm,
6,energiø bornholm,6: energiø bornholm,
6,energiø bornholm,6: energiø bornholm,
6,energiø bornholm,6: energiø bornholm,
6,energiø bornholm,6: energiø bornholm,
6,energiø bornholm,6: energiø bornholm,
6,energiø bornholm,6: energiø bornholm,
6,energiø bornholm,6: energiø bornholm,
6,energiø bornholm,6: energiø bornholm,
6,energiø bornholm,6: energiø bornholm,
6,energiø bornholm,6: energiø bornholm,
6,energiø bornholm,6: energiø bornholm,
6,energiø bornholm,6: energiø bornholm,
6,energiø bornholm,6: energiø bornholm,
6,energiø bornholm,6: energiø bornholm,
6,energiø bornholm,6: energiø bornholm,
6,energiø bornholm,6: energiø bornholm,
6,energiø bornholm,6: energiø bornholm,
6,energiø bornholm,6: energiø bornholm,
6,energiø bornholm,6: energiø bornholm,
6,energiø bornholm,6: energiø bornholm,
6,energiø bornholm,6: energiø bornholm,
6,energiø bornholm,6: energiø bornholm,
6,energiø bornholm,6: energiø bornholm,
6,energiø bornholm,6: energiø bornholm,
6,energiø bornholm,6: energiø bornholm,
6,energiø bornholm,6: energiø bornholm,
6,energiø bornholm,6: energiø bornholm,
6,energiø bornholm,6: energiø bornholm,
6,energiø bornholm,6: energiø bornholm,
6,energiø bornholm,6: energiø bornholm,
6,energiø bornholm,6: energiø bornholm,
6,energiø bornholm,6: energiø bornholm,
6,energiø bornholm,6: energiø bornholm,
6,energiø bornholm,6: energiø bornholm,
6,energiø bornholm,6: energiø bornholm,
6,energiø bornholm,6: energiø bornholm,
6,energiø bornholm,6: energiø bornholm,
6,energiø bornholm,6: energiø bornholm,
6,energiø bornholm,6: energiø bornholm,
6,energiø bornholm,6: energiø bornholm,
6,energiø bornholm,6: energiø bornholm,
6,energiø bornholm,6: energiø bornholm,
6,energiø bornholm,6: energiø bornholm,
6,energiø bornholm,6: energiø bornholm,
6,energiø bornholm,6: energiø bornholm,
6,energiø bornholm,6: energiø bornholm,
6,energiø bornholm,6: energiø bornholm,
6,energiø bornholm,6: energiø bornholm,
6,energiø bornholm,6: energiø bornholm,
6,energiø bornholm,6: energiø bornholm,
8,wind turbin,8: wind turbin,
8,wind turbin,8: wind turbin,
8,wind turbin,8: wind turbin,
8,wind turbin,8: wind turbin,
8,wind turbin,8: wind turbin,
8,wind turbin,8: wind turbin,
8,wind turbin,8: wind turbin,
8,wind turbin,8: wind turbin,
8,wind turbin,8: wind turbin,
8,wind turbin,8: wind turbin,
8,wind turbin,8: wind turbin,
8,wind turbin,8: wind turbin,
8,wind turbin,8: wind turbin,
8,wind turbin,8: wind turbin,
8,wind turbin,8: wind turbin,
8,wind turbin,8: wind turbin,
8,wind turbin,8: wind turbin,
8,wind turbin,8: wind turbin,
8,wind turbin,8: wind turbin,
8,wind turbin,8: wind turbin,
8,wind turbin,8: wind turbin,
8,wind turbin,8: wind turbin,
8,wind turbin,8: wind turbin,
8,wind turbin,8: wind turbin,
8,wind turbin,8: wind turbin,
8,wind turbin,8: wind turbin,
8,wind turbin,8: wind turbin,
8,wind turbin,8: wind turbin,
8,wind turbin,8: wind turbin,
8,wind turbin,8: wind turbin,
8,wind turbin,8: wind turbin,
8,wind turbin,8: wind turbin,
8,wind turbin,8: wind turbin,
8,wind turbin,8: wind turbin,
8,wind turbin,8: wind turbin,
8,wind turbin,8: wind turbin,
8,wind turbin,8: wind turbin,
8,wind turbin,8: wind turbin,
8,wind turbin,8: wind turbin,
8,wind turbin,8: wind turbin,
8,wind turbin,8: wind turbin,
8,wind turbin,8: wind turbin,
8,wind turbin,8: wind turbin,
8,wind turbin,8: wind turbin,
8,wind turbin,8: wind turbin,
8,wind turbin,8: wind turbin,
8,wind turbin,8: wind turbin,
8,wind turbin,8: wind turbin,
8,wind turbin,8: wind turbin,
8,wind turbin,8: wind turbin,
8,wind turbin,8: wind turbin,
8,wind turbin,8: wind turbin,
8,wind turbin,8: wind turbin,
8,wind turbin,8: wind turbin,
8,wind turbin,8: wind turbin,
8,wind turbin,8: wind turbin,
8,wind turbin,8: wind turbin,
8,wind turbin,8: wind turbin,
8,wind turbin,8: wind turbin,
8,wind turbin,8: wind turbin,
8,wind turbin,8: wind turbin,
8,wind turbin,8: wind turbin,
8,wind turbin,8: wind turbin,
8,wind turbin,8: wind turbin,
8,wind turbin,8: wind turbin,
8,wind turbin,8: wind turbin,
8,wind turbin,8: wind turbin,
8,wind turbin,8: wind turbin,
8,wind turbin,8: wind turbin,
8,wind turbin,8: wind turbin,
8,wind turbin,8: wind turbin,
8,wind turbin,8: wind turbin,
8,wind turbin,8: wind turbin,
8,wind turbin,8: wind turbin,
8,wind turbin,8: wind turbin,
8,wind turbin,8: wind turbin,
8,wind turbin,8: wind turbin,
8,wind turbin,8: wind turbin,
8,wind turbin,8: wind turbin,
8,wind turbin,8: wind turbin,
8,wind turbin,8: wind turbin,
8,wind turbin,8: wind turbin,
8,wind turbin,8: wind turbin,
8,wind turbin,8: wind turbin,
8,wind turbin,8: wind turbin,
8,wind turbin,8: wind turbin,
8,wind turbin,8: wind turbin,
8,wind turbin,8: wind turbin,
8,wind turbin,8: wind turbin,
8,wind turbin,8: wind turbin,
8,wind turbin,8: wind turbin,
8,wind turbin,8: wind turbin,
8,wind turbin,8: wind turbin,
8,wind turbin,8: wind turbin,
8,wind turbin,8: wind turbin,
8,wind turbin,8: wind turbin,
8,wind turbin,8: wind turbin,
8,wind turbin,8: wind turbin,
8,wind turbin,8: wind turbin,
8,wind turbin,8: wind turbin,
8,wind turbin,8: wind turbin,
8,wind turbin,8: wind turbin,
8,wind turbin,8: wind turbin,
8,wind turbin,8: wind turbin,
8,wind turbin,8: wind turbin,
8,wind turbin,8: wind turbin,
8,wind turbin,8: wind turbin,
8,wind turbin,8: wind turbin,
8,wind turbin,8: wind turbin,
8,wind turbin,8: wind turbin,
8,wind turbin,8: wind turbin,
8,wind turbin,8: wind turbin,
8,wind turbin,8: wind turbin,
8,wind turbin,8: wind turbin,
8,wind turbin,8: wind turbin,
8,wind turbin,8: wind turbin,
8,wind turbin,8: wind turbin,
8,wind turbin,8: wind turbin,
8,wind turbin,8: wind turbin,
8,wind turbin,8: wind turbin,
8,wind turbin,8: wind turbin,
8,wind turbin,8: wind turbin,
8,wind turbin,8: wind turbin,
8,wind turbin,8: wind turbin,
8,wind turbin,8: wind turbin,
8,wind turbin,8: wind turbin,
8,wind turbin,8: wind turbin,
8,wind turbin,8: wind turbin,
8,wind turbin,8: wind turbin,
8,wind turbin,8: wind turbin,
0,energi island,0: energi island,
0,energi island,0: energi island,
0,energi island,0: energi island,
0,energi island,0: energi island,
0,energi island,0: energi island,
0,energi island,0: energi island,
0,energi island,0: energi island,
0,energi island,0: energi island,
0,energi island,0: energi island,
0,energi island,0: energi island,
0,energi island,0: energi island,
0,energi island,0: energi island,
0,energi island,0: energi island,
0,energi island,0: energi island,
0,energi island,0: energi island,
0,energi island,0: energi island,
0,energi island,0: energi island,
0,energi island,0: energi island,
0,energi island,0: energi island,
0,energi island,0: energi island,
0,energi island,0: energi island,
0,energi island,0: energi island,
0,energi island,0: energi island,
0,energi island,0: energi island,
0,energi island,0: energi island,
0,energi island,0: energi island,
0,energi island,0: energi island,
0,energi island,0: energi island,
0,energi island,0: energi island,
0,energi island,0: energi island,
0,energi island,0: energi island,
0,energi island,0: energi island,
0,energi island,0: energi island,
0,energi island,0: energi island,
0,energi island,0: energi island,
0,energi island,0: energi island,
0,energi island,0: energi island,
0,energi island,0: energi island,
0,energi island,0: energi island,
0,energi island,0: energi island,
0,energi island,0: energi island,
0,energi island,0: energi island,
0,energi island,0: energi island,
0,energi island,0: energi island,
0,energi island,0: energi island,
0,energi island,0: energi island,
0,energi island,0: energi island,
0,energi island,0: energi island,
0,energi island,0: energi island,
0,energi island,0: energi island,
0,energi island,0: energi island,
0,energi island,0: energi island,
0,energi island,0: energi island,
0,energi island,0: energi island,
0,energi island,0: energi island,
0,energi island,0: energi island,
0,energi island,0: energi island,
0,energi island,0: energi island,
0,energi island,0: energi island,
0,energi island,0: energi island,
0,energi island,0: energi island,
0,energi island,0: energi island,
0,energi island,0: energi island,
0,energi island,0: energi island,
0,energi island,0: energi island,
0,energi island,0: energi island,
0,energi island,0: energi island,
0,energi island,0: energi island,
0,energi island,0: energi island,
0,energi island,0: energi island,
0,energi island,0: energi island,
0,energi island,0: energi island,
0,energi island,0: energi island,
0,energi island,0: energi island,
0,energi island,0: energi island,
0,energi island,0: energi island,
0,energi island,0: energi island,
0,energi island,0: energi island,
0,energi island,0: energi island,
0,energi island,0: energi island,
0,energi island,0: energi island,
0,energi island,0: energi island,
0,energi island,0: energi island,
0,energi island,0: energi island,
0,energi island,0: energi island,
0,energi island,0: energi island,
0,energi island,0: energi island,
0,energi island,0: energi island,
0,energi island,0: energi island,
0,energi island,0: energi island,
0,energi island,0: energi island,
0,energi island,0: energi island,
0,energi island,0: energi island,
0,energi island,0: energi island,
0,energi island,0: energi island,
0,energi island,0: energi island,
0,energi island,0: energi island,
0,energi island,0: energi island,
0,energi island,0: energi island,
0,energi island,0: energi island,
0,energi island,0: energi island,
0,energi island,0: energi island,
0,energi island,0: energi island,
0,energi island,0: energi island,
0,energi island,0: energi island,
0,energi island,0: energi island,
0,energi island,0: energi island,
0,energi island,0: energi island,
0,energi island,0: energi island,
0,energi island,0: energi island,
0,energi island,0: energi island,
0,energi island,0: energi island,
0,energi island,0: energi island,
0,energi island,0: energi island,
0,energi island,0: energi island,
0,energi island,0: energi island,
0,energi island,0: energi island,
0,energi island,0: energi island,
0,energi island,0: energi island,
0,energi island,0: energi island,
0,energi island,0: energi island,
0,energi island,0: energi island,
0,energi island,0: energi island,
0,energi island,0: energi island,
0,energi island,0: energi island,
0,energi island,0: energi island,
0,energi island,0: energi island,
0,energi island,0: energi island,
0,energi island,0: energi island,
0,energi island,0: energi island,
0,energi island,0: energi island,
0,energi island,0: energi island,
0,energi island,0: energi island,
0,energi island,0: energi island,
0,energi island,0: energi island,
0,energi island,0: energi island,
0,energi island,0: energi island,
0,energi island,0: energi island,
0,energi island,0: energi island,
0,energi island,0: energi island,
0,energi island,0: energi island,
0,energi island,0: energi island,
0,energi island,0: energi island,
0,energi island,0: energi island,
0,energi island,0: energi island,
0,energi island,0: energi island,
0,energi island,0: energi island,
0,energi island,0: energi island,
0,energi island,0: energi island,
0,energi island,0: energi island,
0,energi island,0: energi island,
0,energi island,0: energi island,
0,energi island,0: energi island,
0,energi island,0: energi island,
0,energi island,0: energi island,
0,energi island,0: energi island,
0,energi island,0: energi island,
6,energiø bornholm,6: energiø bornholm,
6,energiø bornholm,6: energiø bornholm,
6,energiø bornholm,6: energiø bornholm,
6,energiø bornholm,6: energiø bornholm,
6,energiø bornholm,6: energiø bornholm,
6,energiø bornholm,6: energiø bornholm,
6,energiø bornholm,6: energiø bornholm,
6,energiø bornholm,6: energiø bornholm,
6,energiø bornholm,6: energiø bornholm,
6,energiø bornholm,6: energiø bornholm,
6,energiø bornholm,6: energiø bornholm,
6,energiø bornholm,6: energiø bornholm,
6,energiø bornholm,6: energiø bornholm,
6,energiø bornholm,6: energiø bornholm,
6,energiø bornholm,6: energiø bornholm,
6,energiø bornholm,6: energiø bornholm,
6,energiø bornholm,6: energiø bornholm,
6,energiø bornholm,6: energiø bornholm,
6,energiø bornholm,6: energiø bornholm,
6,energiø bornholm,6: energiø bornholm,
6,energiø bornholm,6: energiø bornholm,
6,energiø bornholm,6: energiø bornholm,
6,energiø bornholm,6: energiø bornholm,
6,energiø bornholm,6: energiø bornholm,
6,energiø bornholm,6: energiø bornholm,
6,energiø bornholm,6: energiø bornholm,
6,energiø bornholm,6: energiø bornholm,
6,energiø bornholm,6: energiø bornholm,
6,energiø bornholm,6: energiø bornholm,
6,energiø bornholm,6: energiø bornholm,
6,energiø bornholm,6: energiø bornholm,
6,energiø bornholm,6: energiø bornholm,
6,energiø bornholm,6: energiø bornholm,
6,energiø bornholm,6: energiø bornholm,
6,energiø bornholm,6: energiø bornholm,
6,energiø bornholm,6: energiø bornholm,
6,energiø bornholm,6: energiø bornholm,
6,energiø bornholm,6: energiø bornholm,
6,energiø bornholm,6: energiø bornholm,
6,energiø bornholm,6: energiø bornholm,
6,energiø bornholm,6: energiø bornholm,
6,energiø bornholm,6: energiø bornholm,
6,energiø bornholm,6: energiø bornholm,
6,energiø bornholm,6: energiø bornholm,
6,energiø bornholm,6: energiø bornholm,
6,energiø bornholm,6: energiø bornholm,
6,energiø bornholm,6: energiø bornholm,
6,energiø bornholm,6: energiø bornholm,
6,energiø bornholm,6: energiø bornholm,
6,energiø bornholm,6: energiø bornholm,
6,energiø bornholm,6: energiø bornholm,
6,energiø bornholm,6: energiø bornholm,
6,energiø bornholm,6: energiø bornholm,
6,energiø bornholm,6: energiø bornholm,
6,energiø bornholm,6: energiø bornholm,
6,energiø bornholm,6: energiø bornholm,
6,energiø bornholm,6: energiø bornholm,
6,energiø bornholm,6: energiø bornholm,
6,energiø bornholm,6: energiø bornholm,
6,energiø bornholm,6: energiø bornholm,
6,energiø bornholm,6: energiø bornholm,
6,energiø bornholm,6: energiø bornholm,
6,energiø bornholm,6: energiø bornholm,
6,energiø bornholm,6: energiø bornholm,
6,energiø bornholm,6: energiø bornholm,
6,energiø bornholm,6: energiø bornholm,
6,energiø bornholm,6: energiø bornholm,
6,energiø bornholm,6: energiø bornholm,
6,energiø bornholm,6: energiø bornholm,
6,energiø bornholm,6: energiø bornholm,
6,energiø bornholm,6: energiø bornholm,
6,energiø bornholm,6: energiø bornholm,
6,energiø bornholm,6: energiø bornholm,
6,energiø bornholm,6: energiø bornholm,
6,energiø bornholm,6: energiø bornholm,
6,energiø bornholm,6: energiø bornholm,
6,energiø bornholm,6: energiø bornholm,
6,energiø bornholm,6: energiø bornholm,
6,energiø bornholm,6: energiø bornholm,
6,energiø bornholm,6: energiø bornholm,
6,energiø bornholm,6: energiø bornholm,
6,energiø bornholm,6: energiø bornholm,
6,energiø bornholm,6: energiø bornholm,
6,energiø bornholm,6: energiø bornholm,
6,energiø bornholm,6: energiø bornholm,
6,energiø bornholm,6: energiø bornholm,
6,energiø bornholm,6: energiø bornholm,
6,energiø bornholm,6: energiø bornholm,
6,energiø bornholm,6: energiø bornholm,
6,energiø bornholm,6: energiø bornholm,
6,energiø bornholm,6: energiø bornholm,
6,energiø bornholm,6: energiø bornholm,
6,energiø bornholm,6: energiø bornholm,
6,energiø bornholm,6: energiø bornholm,
6,energiø bornholm,6: energiø bornholm,
6,energiø bornholm,6: energiø bornholm,
6,energiø bornholm,6: energiø bornholm,
6,energiø bornholm,6: energiø bornholm,
6,energiø bornholm,6: energiø bornholm,
6,energiø bornholm,6: energiø bornholm,
6,energiø bornholm,6: energiø bornholm,
6,energiø bornholm,6: energiø bornholm,
6,energiø bornholm,6: energiø bornholm,
6,energiø bornholm,6: energiø bornholm,
6,energiø bornholm,6: energiø bornholm,
6,energiø bornholm,6: energiø bornholm,
6,energiø bornholm,6: energiø bornholm,
6,energiø bornholm,6: energiø bornholm,
6,energiø bornholm,6: energiø bornholm,
6,energiø bornholm,6: energiø bornholm,
6,energiø bornholm,6: energiø bornholm,
6,energiø bornholm,6: energiø bornholm,
6,energiø bornholm,6: energiø bornholm,
6,energiø bornholm,6: energiø bornholm,
6,energiø bornholm,6: energiø bornholm,
6,energiø bornholm,6: energiø bornholm,
6,energiø bornholm,6: energiø bornholm,
6,energiø bornholm,6: energiø bornholm,
6,energiø bornholm,6: energiø bornholm,
6,energiø bornholm,6: energiø bornholm,
6,energiø bornholm,6: energiø bornholm,
6,energiø bornholm,6: energiø bornholm,
6,energiø bornholm,6: energiø bornholm,
6,energiø bornholm,6: energiø bornholm,
6,energiø bornholm,6: energiø bornholm,
6,energiø bornholm,6: energiø bornholm,
6,energiø bornholm,6: energiø bornholm,
6,energiø bornholm,6: energiø bornholm,
6,energiø bornholm,6: energiø bornholm,
6,energiø bornholm,6: energiø bornholm,
6,energiø bornholm,6: energiø bornholm,
6,energiø bornholm,6: energiø bornholm,
6,energiø bornholm,6: energiø bornholm,
6,energiø bornholm,6: energiø bornholm,
6,energiø bornholm,6: energiø bornholm,
6,energiø bornholm,6: energiø bornholm,
6,energiø bornholm,6: energiø bornholm,
6,energiø bornholm,6: energiø bornholm,
6,energiø bornholm,6: energiø bornholm,
6,energiø bornholm,6: energiø bornholm,
6,energiø bornholm,6: energiø bornholm,
6,energiø bornholm,6: energiø bornholm,
6,energiø bornholm,6: energiø bornholm,
6,energiø bornholm,6: energiø bornholm,
6,energiø bornholm,6: energiø bornholm,
6,energiø bornholm,6: energiø bornholm,
6,energiø bornholm,6: energiø bornholm,
6,energiø bornholm,6: energiø bornholm,
6,energiø bornholm,6: energiø bornholm,
6,energiø bornholm,6: energiø bornholm,
6,energiø bornholm,6: energiø bornholm,
6,energiø bornholm,6: energiø bornholm,
6,energiø bornholm,6: energiø bornholm,
6,energiø bornholm,6: energiø bornholm,
6,energiø bornholm,6: energiø bornholm,
6,energiø bornholm,6: energiø bornholm,
6,energiø bornholm,6: energiø bornholm,
6,energiø bornholm,6: energiø bornholm,
6,energiø bornholm,6: energiø bornholm,
6,energiø bornholm,6: energiø bornholm,
6,energiø bornholm,6: energiø bornholm,
6,energiø bornholm,6: energiø bornholm,
6,energiø bornholm,6: energiø bornholm,
6,energiø bornholm,6: energiø bornholm,
6,energiø bornholm,6: energiø bornholm,
6,energiø bornholm,6: energiø bornholm,
6,energiø bornholm,6: energiø bornholm,
6,energiø bornholm,6: energiø bornholm,
6,energiø bornholm,6: energiø bornholm,
6,energiø bornholm,6: energiø bornholm,
6,energiø bornholm,6: energiø bornholm,
2,municip council,2: municip council,
2,municip council,2: municip council,
2,municip council,2: municip council,
2,municip council,2: municip council,
2,municip council,2: municip council,
2,municip council,2: municip council,
2,municip council,2: municip council,
2,municip council,2: municip council,
2,municip council,2: municip council,
2,municip council,2: municip council,
2,municip council,2: municip council,
2,municip council,2: municip council,
2,municip council,2: municip council,
2,municip council,2: municip council,
2,municip council,2: municip council,
2,municip council,2: municip council,
2,municip council,2: municip council,
2,municip council,2: municip council,
2,municip council,2: municip council,
2,municip council,2: municip council,
2,municip council,2: municip council,
2,municip council,2: municip council,
2,municip council,2: municip council,
2,municip council,2: municip council,
2,municip council,2: municip council,
2,municip council,2: municip council,
2,municip council,2: municip council,
2,municip council,2: municip council,
2,municip council,2: municip council,
2,municip council,2: municip council,
2,municip council,2: municip council,
2,municip council,2: municip council,
2,municip council,2: municip council,
2,municip council,2: municip council,
2,municip council,2: municip council,
2,municip council,2: municip council,
2,municip council,2: municip council,
2,municip council,2: municip council,
2,municip council,2: municip council,
2,municip council,2: municip council,
2,municip council,2: municip council,
2,municip council,2: municip council,
2,municip council,2: municip council,
2,municip council,2: municip council,
2,municip council,2: municip council,
2,municip council,2: municip council,
2,municip council,2: municip council,
2,municip council,2: municip council,
2,municip council,2: municip council,
2,municip council,2: municip council,
2,municip council,2: municip council,
2,municip council,2: municip council,
2,municip council,2: municip council,
2,municip council,2: municip council,
2,municip council,2: municip council,
2,municip council,2: municip council,
2,municip council,2: municip council,
2,municip council,2: municip council,
2,municip council,2: municip council,
2,municip council,2: municip council,
2,municip council,2: municip council,
2,municip council,2: municip council,
2,municip council,2: municip council,
2,municip council,2: municip council,
2,municip council,2: municip council,
2,municip council,2: municip council,
2,municip council,2: municip council,
2,municip council,2: municip council,
2,municip council,2: municip council,
2,municip council,2: municip council,
2,municip council,2: municip council,
2,municip council,2: municip council,
2,municip council,2: municip council,
2,municip council,2: municip council,
2,municip council,2: municip council,
2,municip council,2: municip council,
2,municip council,2: municip council,
2,municip council,2: municip council,
2,municip council,2: municip council,
2,municip council,2: municip council,
2,municip council,2: municip council,
2,municip council,2: municip council,
2,municip council,2: municip council,
2,municip council,2: municip council,
2,municip council,2: municip council,
2,municip council,2: municip council,
2,municip council,2: municip council,
2,municip council,2: municip council,
2,municip council,2: municip council,
2,municip council,2: municip council,
2,municip council,2: municip council,
2,municip council,2: municip council,
2,municip council,2: municip council,
2,municip council,2: municip council,
2,municip council,2: municip council,
2,municip council,2: municip council,
2,municip council,2: municip council,
2,municip council,2: municip council,
2,municip council,2: municip council,
2,municip council,2: municip council,
2,municip council,2: municip council,
2,municip council,2: municip council,
2,municip council,2: municip council,
2,municip council,2: municip council,
2,municip council,2: municip council,
2,municip council,2: municip council,
2,municip council,2: municip council,
2,municip council,2: municip council,
2,municip council,2: municip council,
2,municip council,2: municip council,
2,municip council,2: municip council,
2,municip council,2: municip council,
2,municip council,2: municip council,
2,municip council,2: municip council,
2,municip council,2: municip council,
2,municip council,2: municip council,
2,municip council,2: municip council,
2,municip council,2: municip council,
2,municip council,2: municip council,
2,municip council,2: municip council,
2,municip council,2: municip council,
2,municip council,2: municip council,
2,municip council,2: municip council,
2,municip council,2: municip council,
2,municip council,2: municip council,
2,municip council,2: municip council,
2,municip council,2: municip council,
2,municip council,2: municip council,
2,municip council,2: municip council,
2,municip council,2: municip council,
2,municip council,2: municip council,
2,municip council,2: municip council,
2,municip council,2: municip council,
2,municip council,2: municip council,
2,municip council,2: municip council,
2,municip council,2: municip council,
2,municip council,2: municip council,
2,municip council,2: municip council,
2,municip council,2: municip council,
2,municip council,2: municip council,
2,municip council,2: municip council,
2,municip council,2: municip council,
2,municip council,2: municip council,
2,municip council,2: municip council,
2,municip council,2: municip council,
2,municip council,2: municip council,
2,municip council,2: municip council,
2,municip council,2: municip council,
2,municip council,2: municip council,
2,municip council,2: municip council,
2,municip council,2: municip council,
2,municip council,2: municip council,
2,municip council,2: municip council,
2,municip council,2: municip council,
2,municip council,2: municip council,
2,municip council,2: municip council,
4,baltic sea,4: baltic sea,
4,baltic sea,4: baltic sea,
4,baltic sea,4: baltic sea,
4,baltic sea,4: baltic sea,
4,baltic sea,4: baltic sea,
4,baltic sea,4: baltic sea,
4,baltic sea,4: baltic sea,
4,baltic sea,4: baltic sea,
4,baltic sea,4: baltic sea,
4,baltic sea,4: baltic sea,
4,baltic sea,4: baltic sea,
4,baltic sea,4: baltic sea,
4,baltic sea,4: baltic sea,
4,baltic sea,4: baltic sea,
4,baltic sea,4: baltic sea,
4,baltic sea,4: baltic sea,
4,baltic sea,4: baltic sea,
4,baltic sea,4: baltic sea,
4,baltic sea,4: baltic sea,
4,baltic sea,4: baltic sea,
4,baltic sea,4: baltic sea,
4,baltic sea,4: baltic sea,
4,baltic sea,4: baltic sea,
4,baltic sea,4: baltic sea,
4,baltic sea,4: baltic sea,
4,baltic sea,4: baltic sea,
4,baltic sea,4: baltic sea,
4,baltic sea,4: baltic sea,
4,baltic sea,4: baltic sea,
4,baltic sea,4: baltic sea,
4,baltic sea,4: baltic sea,
4,baltic sea,4: baltic sea,
4,baltic sea,4: baltic sea,
4,baltic sea,4: baltic sea,
4,baltic sea,4: baltic sea,
4,baltic sea,4: baltic sea,
4,baltic sea,4: baltic sea,
4,baltic sea,4: baltic sea,
4,baltic sea,4: baltic sea,
4,baltic sea,4: baltic sea,
4,baltic sea,4: baltic sea,
4,baltic sea,4: baltic sea,
4,baltic sea,4: baltic sea,
4,baltic sea,4: baltic sea,
4,baltic sea,4: baltic sea,
4,baltic sea,4: baltic sea,
4,baltic sea,4: baltic sea,
4,baltic sea,4: baltic sea,
4,baltic sea,4: baltic sea,
4,baltic sea,4: baltic sea,
4,baltic sea,4: baltic sea,
4,baltic sea,4: baltic sea,
4,baltic sea,4: baltic sea,
4,baltic sea,4: baltic sea,
4,baltic sea,4: baltic sea,
4,baltic sea,4: baltic sea,
4,baltic sea,4: baltic sea,
4,baltic sea,4: baltic sea,
4,baltic sea,4: baltic sea,
4,baltic sea,4: baltic sea,
4,baltic sea,4: baltic sea,
4,baltic sea,4: baltic sea,
4,baltic sea,4: baltic sea,
4,baltic sea,4: baltic sea,
4,baltic sea,4: baltic sea,
4,baltic sea,4: baltic sea,
4,baltic sea,4: baltic sea,
4,baltic sea,4: baltic sea,
4,baltic sea,4: baltic sea,
4,baltic sea,4: baltic sea,
4,baltic sea,4: baltic sea,
4,baltic sea,4: baltic sea,
4,baltic sea,4: baltic sea,
4,baltic sea,4: baltic sea,
4,baltic sea,4: baltic sea,
4,baltic sea,4: baltic sea,
4,baltic sea,4: baltic sea,
4,baltic sea,4: baltic sea,
4,baltic sea,4: baltic sea,
4,baltic sea,4: baltic sea,
4,baltic sea,4: baltic sea,
4,baltic sea,4: baltic sea,
4,baltic sea,4: baltic sea,
4,baltic sea,4: baltic sea,
4,baltic sea,4: baltic sea,
4,baltic sea,4: baltic sea,
4,baltic sea,4: baltic sea,
4,baltic sea,4: baltic sea,
4,baltic sea,4: baltic sea,
4,baltic sea,4: baltic sea,
4,baltic sea,4: baltic sea,
4,baltic sea,4: baltic sea,
4,baltic sea,4: baltic sea,
4,baltic sea,4: baltic sea,
4,baltic sea,4: baltic sea,
4,baltic sea,4: baltic sea,
4,baltic sea,4: baltic sea,
4,baltic sea,4: baltic sea,
4,baltic sea,4: baltic sea,
4,baltic sea,4: baltic sea,
4,baltic sea,4: baltic sea,
4,baltic sea,4: baltic sea,
4,baltic sea,4: baltic sea,
4,baltic sea,4: baltic sea,
4,baltic sea,4: baltic sea,
4,baltic sea,4: baltic sea,
4,baltic sea,4: baltic sea,
4,baltic sea,4: baltic sea,
4,baltic sea,4: baltic sea,
4,baltic sea,4: baltic sea,
4,baltic sea,4: baltic sea,
4,baltic sea,4: baltic sea,
4,baltic sea,4: baltic sea,
4,baltic sea,4: baltic sea,
4,baltic sea,4: baltic sea,
4,baltic sea,4: baltic sea,
4,baltic sea,4: baltic sea,
4,baltic sea,4: baltic sea,
4,baltic sea,4: baltic sea,
4,baltic sea,4: baltic sea,
4,baltic sea,4: baltic sea,
4,baltic sea,4: baltic sea,
4,baltic sea,4: baltic sea,
4,baltic sea,4: baltic sea,
4,baltic sea,4: baltic sea,
4,baltic sea,4: baltic sea,
4,baltic sea,4: baltic sea,
4,baltic sea,4: baltic sea,
4,baltic sea,4: baltic sea,
4,baltic sea,4: baltic sea,
4,baltic sea,4: baltic sea,
4,baltic sea,4: baltic sea,
4,baltic sea,4: baltic sea,
4,baltic sea,4: baltic sea,
4,baltic sea,4: baltic sea,
4,baltic sea,4: baltic sea,
4,baltic sea,4: baltic sea,
4,baltic sea,4: baltic sea,
2,municip council,2: municip council,
2,municip council,2: municip council,
2,municip council,2: municip council,
2,municip council,2: municip council,
2,municip council,2: municip council,
2,municip council,2: municip council,
2,municip council,2: municip council,
2,municip council,2: municip council,
2,municip council,2: municip council,
2,municip council,2: municip council,
2,municip council,2: municip council,
2,municip council,2: municip council,
2,municip council,2: municip council,
2,municip council,2: municip council,
2,municip council,2: municip council,
2,municip council,2: municip council,
2,municip council,2: municip council,
2,municip council,2: municip council,
2,municip council,2: municip council,
2,municip council,2: municip council,
2,municip council,2: municip council,
2,municip council,2: municip council,
2,municip council,2: municip council,
2,municip council,2: municip council,
2,municip council,2: municip council,
2,municip council,2: municip council,
2,municip council,2: municip council,
2,municip council,2: municip council,
2,municip council,2: municip council,
2,municip council,2: municip council,
2,municip council,2: municip council,
2,municip council,2: municip council,
2,municip council,2: municip council,
2,municip council,2: municip council,
2,municip council,2: municip council,
2,municip council,2: municip council,
2,municip council,2: municip council,
2,municip council,2: municip council,
2,municip council,2: municip council,
2,municip council,2: municip council,
2,municip council,2: municip council,
2,municip council,2: municip council,
2,municip council,2: municip council,
2,municip council,2: municip council,
2,municip council,2: municip council,
2,municip council,2: municip council,
2,municip council,2: municip council,
2,municip council,2: municip council,
2,municip council,2: municip council,
2,municip council,2: municip council,
2,municip council,2: municip council,
2,municip council,2: municip council,
2,municip council,2: municip council,
2,municip council,2: municip council,
2,municip council,2: municip council,
2,municip council,2: municip council,
2,municip council,2: municip council,
2,municip council,2: municip council,
2,municip council,2: municip council,
2,municip council,2: municip council,
2,municip council,2: municip council,
2,municip council,2: municip council,
2,municip council,2: municip council,
2,municip council,2: municip council,
2,municip council,2: municip council,
2,municip council,2: municip council,
2,municip council,2: municip council,
2,municip council,2: municip council,
2,municip council,2: municip council,
2,municip council,2: municip council,
2,municip council,2: municip council,
2,municip council,2: municip council,
2,municip council,2: municip council,
2,municip council,2: municip council,
2,municip council,2: municip council,
2,municip council,2: municip council,
2,municip council,2: municip council,
2,municip council,2: municip council,
2,municip council,2: municip council,
2,municip council,2: municip council,
2,municip council,2: municip council,
2,municip council,2: municip council,
2,municip council,2: municip council,
2,municip council,2: municip council,
2,municip council,2: municip council,
2,municip council,2: municip council,
2,municip council,2: municip council,
2,municip council,2: municip council,
2,municip council,2: municip council,
2,municip council,2: municip council,
2,municip council,2: municip council,
2,municip council,2: municip council,
2,municip council,2: municip council,
2,municip council,2: municip council,
2,municip council,2: municip council,
2,municip council,2: municip council,
2,municip council,2: municip council,
2,municip council,2: municip council,
2,municip council,2: municip council,
2,municip council,2: municip council,
2,municip council,2: municip council,
2,municip council,2: municip council,
2,municip council,2: municip council,
2,municip council,2: municip council,
2,municip council,2: municip council,
2,municip council,2: municip council,
2,municip council,2: municip council,
2,municip council,2: municip council,
2,municip council,2: municip council,
2,municip council,2: municip council,
2,municip council,2: municip council,
2,municip council,2: municip council,
2,municip council,2: municip council,
2,municip council,2: municip council,
2,municip council,2: municip council,
2,municip council,2: municip council,
2,municip council,2: municip council,
2,municip council,2: municip council,
2,municip council,2: municip council,
2,municip council,2: municip council,
2,municip council,2: municip council,
2,municip council,2: municip council,
2,municip council,2: municip council,
2,municip council,2: municip council,
2,municip council,2: municip council,
2,municip council,2: municip council,
2,municip council,2: municip council,
2,municip council,2: municip council,
2,municip council,2: municip council,
2,municip council,2: municip council,
2,municip council,2: municip council,
2,municip council,2: municip council,
2,municip council,2: municip council,
2,municip council,2: municip council,
2,municip council,2: municip council,
2,municip council,2: municip council,
2,municip council,2: municip council,
2,municip council,2: municip council,
2,municip council,2: municip council,
2,municip council,2: municip council,
2,municip council,2: municip council,
2,municip council,2: municip council,
2,municip council,2: municip council,
2,municip council,2: municip council,
2,municip council,2: municip council,
2,municip council,2: municip council,
2,municip council,2: municip council,
2,municip council,2: municip council,
2,municip council,2: municip council,
2,municip council,2: municip council,
2,municip council,2: municip council,
2,municip council,2: municip council,
2,municip council,2: municip council,
2,municip council,2: municip council,
2,municip council,2: municip council,
2,municip council,2: municip council,
4,baltic sea,4: baltic sea,
4,baltic sea,4: baltic sea,
4,baltic sea,4: baltic sea,
4,baltic sea,4: baltic sea,
4,baltic sea,4: baltic sea,
4,baltic sea,4: baltic sea,
4,baltic sea,4: baltic sea,
4,baltic sea,4: baltic sea,
4,baltic sea,4: baltic sea,
4,baltic sea,4: baltic sea,
4,baltic sea,4: baltic sea,
4,baltic sea,4: baltic sea,
4,baltic sea,4: baltic sea,
4,baltic sea,4: baltic sea,
4,baltic sea,4: baltic sea,
4,baltic sea,4: baltic sea,
4,baltic sea,4: baltic sea,
4,baltic sea,4: baltic sea,
4,baltic sea,4: baltic sea,
4,baltic sea,4: baltic sea,
4,baltic sea,4: baltic sea,
4,baltic sea,4: baltic sea,
4,baltic sea,4: baltic sea,
4,baltic sea,4: baltic sea,
4,baltic sea,4: baltic sea,
4,baltic sea,4: baltic sea,
4,baltic sea,4: baltic sea,
4,baltic sea,4: baltic sea,
4,baltic sea,4: baltic sea,
4,baltic sea,4: baltic sea,
4,baltic sea,4: baltic sea,
4,baltic sea,4: baltic sea,
4,baltic sea,4: baltic sea,
4,baltic sea,4: baltic sea,
4,baltic sea,4: baltic sea,
4,baltic sea,4: baltic sea,
4,baltic sea,4: baltic sea,
4,baltic sea,4: baltic sea,
4,baltic sea,4: baltic sea,
4,baltic sea,4: baltic sea,
4,baltic sea,4: baltic sea,
4,baltic sea,4: baltic sea,
4,baltic sea,4: baltic sea,
4,baltic sea,4: baltic sea,
4,baltic sea,4: baltic sea,
4,baltic sea,4: baltic sea,
4,baltic sea,4: baltic sea,
4,baltic sea,4: baltic sea,
4,baltic sea,4: baltic sea,
4,baltic sea,4: baltic sea,
4,baltic sea,4: baltic sea,
4,baltic sea,4: baltic sea,
4,baltic sea,4: baltic sea,
4,baltic sea,4: baltic sea,
4,baltic sea,4: baltic sea,
4,baltic sea,4: baltic sea,
4,baltic sea,4: baltic sea,
4,baltic sea,4: baltic sea,
4,baltic sea,4: baltic sea,
4,baltic sea,4: baltic sea,
4,baltic sea,4: baltic sea,
4,baltic sea,4: baltic sea,
4,baltic sea,4: baltic sea,
4,baltic sea,4: baltic sea,
4,baltic sea,4: baltic sea,
4,baltic sea,4: baltic sea,
4,baltic sea,4: baltic sea,
4,baltic sea,4: baltic sea,
4,baltic sea,4: baltic sea,
4,baltic sea,4: baltic sea,
4,baltic sea,4: baltic sea,
4,baltic sea,4: baltic sea,
4,baltic sea,4: baltic sea,
4,baltic sea,4: baltic sea,
4,baltic sea,4: baltic sea,
4,baltic sea,4: baltic sea,
4,baltic sea,4: baltic sea,
4,baltic sea,4: baltic sea,
4,baltic sea,4: baltic sea,
4,baltic sea,4: baltic sea,
4,baltic sea,4: baltic sea,
4,baltic sea,4: baltic sea,
4,baltic sea,4: baltic sea,
4,baltic sea,4: baltic sea,
4,baltic sea,4: baltic sea,
4,baltic sea,4: baltic sea,
4,baltic sea,4: baltic sea,
4,baltic sea,4: baltic sea,
4,baltic sea,4: baltic sea,
4,baltic sea,4: baltic sea,
4,baltic sea,4: baltic sea,
4,baltic sea,4: baltic sea,
4,baltic sea,4: baltic sea,
4,baltic sea,4: baltic sea,
4,baltic sea,4: baltic sea,
4,baltic sea,4: baltic sea,
4,baltic sea,4: baltic sea,
4,baltic sea,4: baltic sea,
4,baltic sea,4: baltic sea,
4,baltic sea,4: baltic sea,
4,baltic sea,4: baltic sea,
4,baltic sea,4: baltic sea,
4,baltic sea,4: baltic sea,
4,baltic sea,4: baltic sea,
4,baltic sea,4: baltic sea,
4,baltic sea,4: baltic sea,
4,baltic sea,4: baltic sea,
4,baltic sea,4: baltic sea,
4,baltic sea,4: baltic sea,
4,baltic sea,4: baltic sea,
4,baltic sea,4: baltic sea,
4,baltic sea,4: baltic sea,
4,baltic sea,4: baltic sea,
4,baltic sea,4: baltic sea,
4,baltic sea,4: baltic sea,
4,baltic sea,4: baltic sea,
4,baltic sea,4: baltic sea,
4,baltic sea,4: baltic sea,
4,baltic sea,4: baltic sea,
4,baltic sea,4: baltic sea,
4,baltic sea,4: baltic sea,
4,baltic sea,4: baltic sea,
4,baltic sea,4: baltic sea,
4,baltic sea,4: baltic sea,
4,baltic sea,4: baltic sea,
4,baltic sea,4: baltic sea,
4,baltic sea,4: baltic sea,
4,baltic sea,4: baltic sea,
4,baltic sea,4: baltic sea,
4,baltic sea,4: baltic sea,
4,baltic sea,4: baltic sea,
4,baltic sea,4: baltic sea,
4,baltic sea,4: baltic sea,
4,baltic sea,4: baltic sea,
4,baltic sea,4: baltic sea,
4,baltic sea,4: baltic sea,
4,baltic sea,4: baltic sea,
4,baltic sea,4: baltic sea,
4,baltic sea,4: baltic sea,
4,baltic sea,4: baltic sea,
4,baltic sea,4: baltic sea,
4,baltic sea,4: baltic sea,
4,baltic sea,4: baltic sea,
4,baltic sea,4: baltic sea,
4,baltic sea,4: baltic sea,
4,baltic sea,4: baltic sea,
4,baltic sea,4: baltic sea,
4,baltic sea,4: baltic sea,
4,baltic sea,4: baltic sea,
4,baltic sea,4: baltic sea,
4,baltic sea,4: baltic sea,
4,baltic sea,4: baltic sea,
4,baltic sea,4: baltic sea,
4,baltic sea,4: baltic sea,
4,baltic sea,4: baltic sea,
4,baltic sea,4: baltic sea,
4,baltic sea,4: baltic sea,
4,baltic sea,4: baltic sea,
4,baltic sea,4: baltic sea,
4,baltic sea,4: baltic sea,
4,baltic sea,4: baltic sea,
4,baltic sea,4: baltic sea,
4,baltic sea,4: baltic sea,
4,baltic sea,4: baltic sea,
4,baltic sea,4: baltic sea,
4,baltic sea,4: baltic sea,
4,baltic sea,4: baltic sea,
4,baltic sea,4: baltic sea,
4,baltic sea,4: baltic sea,
4,baltic sea,4: baltic sea,
4,baltic sea,4: baltic sea,
4,baltic sea,4: baltic sea,
4,baltic sea,4: baltic sea,
4,baltic sea,4: baltic sea,
4,baltic sea,4: baltic sea,
4,baltic sea,4: baltic sea,
4,baltic sea,4: baltic sea,
4,baltic sea,4: baltic sea,
4,baltic sea,4: baltic sea,
4,baltic sea,4: baltic sea,
4,baltic sea,4: baltic sea,
4,baltic sea,4: baltic sea,
4,baltic sea,4: baltic sea,
4,baltic sea,4: baltic sea,
4,baltic sea,4: baltic sea,
4,baltic sea,4: baltic sea,
4,baltic sea,4: baltic sea,
4,baltic sea,4: baltic sea,
4,baltic sea,4: baltic sea,
4,baltic sea,4: baltic sea,
4,baltic sea,4: baltic sea,
4,baltic sea,4: baltic sea,
4,baltic sea,4: baltic sea,
4,baltic sea,4: baltic sea,
4,baltic sea,4: baltic sea,
4,baltic sea,4: baltic sea,
4,baltic sea,4: baltic sea,
4,baltic sea,4: baltic sea,
4,baltic sea,4: baltic sea,
4,baltic sea,4: baltic sea,
4,baltic sea,4: baltic sea,
4,baltic sea,4: baltic sea,
4,baltic sea,4: baltic sea,
4,baltic sea,4: baltic sea,
4,baltic sea,4: baltic sea,
4,baltic sea,4: baltic sea,
4,baltic sea,4: baltic sea,
4,baltic sea,4: baltic sea,
4,baltic sea,4: baltic sea,
4,baltic sea,4: baltic sea,
4,baltic sea,4: baltic sea,
4,baltic sea,4: baltic sea,
4,baltic sea,4: baltic sea,
4,baltic sea,4: baltic sea,
4,baltic sea,4: baltic sea,
4,baltic sea,4: baltic sea,
4,baltic sea,4: baltic sea,
4,baltic sea,4: baltic sea,
4,baltic sea,4: baltic sea,
4,baltic sea,4: baltic sea,
4,baltic sea,4: baltic sea,
4,baltic sea,4: baltic sea,
4,baltic sea,4: baltic sea,
4,baltic sea,4: baltic sea,
4,baltic sea,4: baltic sea,
4,baltic sea,4: baltic sea,
4,baltic sea,4: baltic sea,
4,baltic sea,4: baltic sea,
4,baltic sea,4: baltic sea,
4,baltic sea,4: baltic sea,
4,baltic sea,4: baltic sea,
4,baltic sea,4: baltic sea,
4,baltic sea,4: baltic sea,
4,baltic sea,4: baltic sea,
4,baltic sea,4: baltic sea,
4,baltic sea,4: baltic sea,
4,baltic sea,4: baltic sea,
4,baltic sea,4: baltic sea,
4,baltic sea,4: baltic sea,
4,baltic sea,4: baltic sea,
4,baltic sea,4: baltic sea,
4,baltic sea,4: baltic sea,
4,baltic sea,4: baltic sea,
4,baltic sea,4: baltic sea,
4,baltic sea,4: baltic sea,
4,baltic sea,4: baltic sea,
4,baltic sea,4: baltic sea,
4,baltic sea,4: baltic sea,
4,baltic sea,4: baltic sea,
4,baltic sea,4: baltic sea,
4,baltic sea,4: baltic sea,
4,baltic sea,4: baltic sea,
4,baltic sea,4: baltic sea,
4,baltic sea,4: baltic sea,
4,baltic sea,4: baltic sea,
4,baltic sea,4: baltic sea,
4,baltic sea,4: baltic sea,
4,baltic sea,4: baltic sea,
4,baltic sea,4: baltic sea,
4,baltic sea,4: baltic sea,
4,baltic sea,4: baltic sea,
4,baltic sea,4: baltic sea,
4,baltic sea,4: baltic sea,
4,baltic sea,4: baltic sea,
4,baltic sea,4: baltic sea,
4,baltic sea,4: baltic sea,
4,baltic sea,4: baltic sea,
4,baltic sea,4: baltic sea,
4,baltic sea,4: baltic sea,
4,baltic sea,4: baltic sea,
4,baltic sea,4: baltic sea,
4,baltic sea,4: baltic sea,
4,baltic sea,4: baltic sea,
4,baltic sea,4: baltic sea,
4,baltic sea,4: baltic sea,
4,baltic sea,4: baltic sea,
2,municip council,2: municip council,
2,municip council,2: municip council,
2,municip council,2: municip council,
2,municip council,2: municip council,
2,municip council,2: municip council,
2,municip council,2: municip council,
2,municip council,2: municip council,
2,municip council,2: municip council,
2,municip council,2: municip council,
2,municip council,2: municip council,
2,municip council,2: municip council,
2,municip council,2: municip council,
2,municip council,2: municip council,
2,municip council,2: municip council,
2,municip council,2: municip council,
2,municip council,2: municip council,
2,municip council,2: municip council,
2,municip council,2: municip council,
2,municip council,2: municip council,
2,municip council,2: municip council,
2,municip council,2: municip council,
2,municip council,2: municip council,
2,municip council,2: municip council,
2,municip council,2: municip council,
2,municip council,2: municip council,
2,municip council,2: municip council,
2,municip council,2: municip council,
2,municip council,2: municip council,
2,municip council,2: municip council,
2,municip council,2: municip council,
2,municip council,2: municip council,
2,municip council,2: municip council,
2,municip council,2: municip council,
2,municip council,2: municip council,
2,municip council,2: municip council,
2,municip council,2: municip council,
2,municip council,2: municip council,
2,municip council,2: municip council,
2,municip council,2: municip council,
2,municip council,2: municip council,
2,municip council,2: municip council,
2,municip council,2: municip council,
2,municip council,2: municip council,
2,municip council,2: municip council,
2,municip council,2: municip council,
2,municip council,2: municip council,
2,municip council,2: municip council,
2,municip council,2: municip council,
2,municip council,2: municip council,
2,municip council,2: municip council,
2,municip council,2: municip council,
2,municip council,2: municip council,
2,municip council,2: municip council,
2,municip council,2: municip council,
2,municip council,2: municip council,
2,municip council,2: municip council,
2,municip council,2: municip council,
2,municip council,2: municip council,
2,municip council,2: municip council,
2,municip council,2: municip council,
2,municip council,2: municip council,
2,municip council,2: municip council,
2,municip council,2: municip council,
2,municip council,2: municip council,
2,municip council,2: municip council,
2,municip council,2: municip council,
2,municip council,2: municip council,
2,municip council,2: municip council,
2,municip council,2: municip council,
2,municip council,2: municip council,
2,municip council,2: municip council,
2,municip council,2: municip council,
2,municip council,2: municip council,
2,municip council,2: municip council,
2,municip council,2: municip council,
2,municip council,2: municip council,
2,municip council,2: municip council,
2,municip council,2: municip council,
2,municip council,2: municip council,
2,municip council,2: municip council,
2,municip council,2: municip council,
2,municip council,2: municip council,
2,municip council,2: municip council,
2,municip council,2: municip council,
2,municip council,2: municip council,
2,municip council,2: municip council,
2,municip council,2: municip council,
2,municip council,2: municip council,
2,municip council,2: municip council,
2,municip council,2: municip council,
2,municip council,2: municip council,
2,municip council,2: municip council,
2,municip council,2: municip council,
2,municip council,2: municip council,
2,municip council,2: municip council,
2,municip council,2: municip council,
2,municip council,2: municip council,
2,municip council,2: municip council,
2,municip council,2: municip council,
2,municip council,2: municip council,
2,municip council,2: municip council,
2,municip council,2: municip council,
2,municip council,2: municip council,
2,municip council,2: municip council,
2,municip council,2: municip council,
2,municip council,2: municip council,
2,municip council,2: municip council,
2,municip council,2: municip council,
2,municip council,2: municip council,
2,municip council,2: municip council,
2,municip council,2: municip council,
2,municip council,2: municip council,
2,municip council,2: municip council,
2,municip council,2: municip council,
2,municip council,2: municip council,
2,municip council,2: municip council,
2,municip council,2: municip council,
2,municip council,2: municip council,
2,municip council,2: municip council,
2,municip council,2: municip council,
2,municip council,2: municip council,
2,municip council,2: municip council,
2,municip council,2: municip council,
2,municip council,2: municip council,
2,municip council,2: municip council,
2,municip council,2: municip council,
2,municip council,2: municip council,
2,municip council,2: municip council,
2,municip council,2: municip council,
2,municip council,2: municip council,
2,municip council,2: municip council,
2,municip council,2: municip council,
2,municip council,2: municip council,
2,municip council,2: municip council,
2,municip council,2: municip council,
2,municip council,2: municip council,
2,municip council,2: municip council,
2,municip council,2: municip council,
2,municip council,2: municip council,
2,municip council,2: municip council,
2,municip council,2: municip council,
2,municip council,2: municip council,
2,municip council,2: municip council,
2,municip council,2: municip council,
2,municip council,2: municip council,
2,municip council,2: municip council,
2,municip council,2: municip council,
2,municip council,2: municip council,
2,municip council,2: municip council,
2,municip council,2: municip council,
2,municip council,2: municip council,
2,municip council,2: municip council,
2,municip council,2: municip council,
2,municip council,2: municip council,
2,municip council,2: municip council,
2,municip council,2: municip council,
4,baltic sea,4: baltic sea,
4,baltic sea,4: baltic sea,
4,baltic sea,4: baltic sea,
4,baltic sea,4: baltic sea,
4,baltic sea,4: baltic sea,
4,baltic sea,4: baltic sea,
4,baltic sea,4: baltic sea,
4,baltic sea,4: baltic sea,
4,baltic sea,4: baltic sea,
4,baltic sea,4: baltic sea,
4,baltic sea,4: baltic sea,
4,baltic sea,4: baltic sea,
4,baltic sea,4: baltic sea,
4,baltic sea,4: baltic sea,
4,baltic sea,4: baltic sea,
4,baltic sea,4: baltic sea,
4,baltic sea,4: baltic sea,
4,baltic sea,4: baltic sea,
4,baltic sea,4: baltic sea,
4,baltic sea,4: baltic sea,
4,baltic sea,4: baltic sea,
4,baltic sea,4: baltic sea,
4,baltic sea,4: baltic sea,
4,baltic sea,4: baltic sea,
4,baltic sea,4: baltic sea,
4,baltic sea,4: baltic sea,
4,baltic sea,4: baltic sea,
4,baltic sea,4: baltic sea,
4,baltic sea,4: baltic sea,
4,baltic sea,4: baltic sea,
4,baltic sea,4: baltic sea,
4,baltic sea,4: baltic sea,
4,baltic sea,4: baltic sea,
4,baltic sea,4: baltic sea,
4,baltic sea,4: baltic sea,
4,baltic sea,4: baltic sea,
4,baltic sea,4: baltic sea,
4,baltic sea,4: baltic sea,
4,baltic sea,4: baltic sea,
4,baltic sea,4: baltic sea,
4,baltic sea,4: baltic sea,
4,baltic sea,4: baltic sea,
4,baltic sea,4: baltic sea,
4,baltic sea,4: baltic sea,
4,baltic sea,4: baltic sea,
4,baltic sea,4: baltic sea,
4,baltic sea,4: baltic sea,
4,baltic sea,4: baltic sea,
4,baltic sea,4: baltic sea,
4,baltic sea,4: baltic sea,
4,baltic sea,4: baltic sea,
4,baltic sea,4: baltic sea,
4,baltic sea,4: baltic sea,
4,baltic sea,4: baltic sea,
4,baltic sea,4: baltic sea,
4,baltic sea,4: baltic sea,
4,baltic sea,4: baltic sea,
4,baltic sea,4: baltic sea,
4,baltic sea,4: baltic sea,
4,baltic sea,4: baltic sea,
4,baltic sea,4: baltic sea,
4,baltic sea,4: baltic sea,
4,baltic sea,4: baltic sea,
4,baltic sea,4: baltic sea,
4,baltic sea,4: baltic sea,
4,baltic sea,4: baltic sea,
4,baltic sea,4: baltic sea,
4,baltic sea,4: baltic sea,
4,baltic sea,4: baltic sea,
4,baltic sea,4: baltic sea,
4,baltic sea,4: baltic sea,
4,baltic sea,4: baltic sea,
4,baltic sea,4: baltic sea,
4,baltic sea,4: baltic sea,
4,baltic sea,4: baltic sea,
4,baltic sea,4: baltic sea,
4,baltic sea,4: baltic sea,
4,baltic sea,4: baltic sea,
4,baltic sea,4: baltic sea,
4,baltic sea,4: baltic sea,
4,baltic sea,4: baltic sea,
4,baltic sea,4: baltic sea,
4,baltic sea,4: baltic sea,
4,baltic sea,4: baltic sea,
4,baltic sea,4: baltic sea,
4,baltic sea,4: baltic sea,
4,baltic sea,4: baltic sea,
4,baltic sea,4: baltic sea,
4,baltic sea,4: baltic sea,
4,baltic sea,4: baltic sea,
4,baltic sea,4: baltic sea,
4,baltic sea,4: baltic sea,
4,baltic sea,4: baltic sea,
4,baltic sea,4: baltic sea,
4,baltic sea,4: baltic sea,
4,baltic sea,4: baltic sea,
4,baltic sea,4: baltic sea,
4,baltic sea,4: baltic sea,
4,baltic sea,4: baltic sea,
4,baltic sea,4: baltic sea,
4,baltic sea,4: baltic sea,
4,baltic sea,4: baltic sea,
4,baltic sea,4: baltic sea,
4,baltic sea,4: baltic sea,
4,baltic sea,4: baltic sea,
4,baltic sea,4: baltic sea,
4,baltic sea,4: baltic sea,
4,baltic sea,4: baltic sea,
4,baltic sea,4: baltic sea,
4,baltic sea,4: baltic sea,
4,baltic sea,4: baltic sea,
4,baltic sea,4: baltic sea,
4,baltic sea,4: baltic sea,
4,baltic sea,4: baltic sea,
4,baltic sea,4: baltic sea,
4,baltic sea,4: baltic sea,
4,baltic sea,4: baltic sea,
4,baltic sea,4: baltic sea,
4,baltic sea,4: baltic sea,
4,baltic sea,4: baltic sea,
4,baltic sea,4: baltic sea,
4,baltic sea,4: baltic sea,
4,baltic sea,4: baltic sea,
4,baltic sea,4: baltic sea,
4,baltic sea,4: baltic sea,
4,baltic sea,4: baltic sea,
4,baltic sea,4: baltic sea,
4,baltic sea,4: baltic sea,
4,baltic sea,4: baltic sea,
4,baltic sea,4: baltic sea,
4,baltic sea,4: baltic sea,
4,baltic sea,4: baltic sea,
4,baltic sea,4: baltic sea,
4,baltic sea,4: baltic sea,
4,baltic sea,4: baltic sea,
4,baltic sea,4: baltic sea,
4,baltic sea,4: baltic sea,
4,baltic sea,4: baltic sea,
5,offshor grid,5: offshor grid,
5,offshor grid,5: offshor grid,
5,offshor grid,5: offshor grid,
5,offshor grid,5: offshor grid,
5,offshor grid,5: offshor grid,
5,offshor grid,5: offshor grid,
5,offshor grid,5: offshor grid,
5,offshor grid,5: offshor grid,
5,offshor grid,5: offshor grid,
5,offshor grid,5: offshor grid,
5,offshor grid,5: offshor grid,
5,offshor grid,5: offshor grid,
5,offshor grid,5: offshor grid,
5,offshor grid,5: offshor grid,
5,offshor grid,5: offshor grid,
5,offshor grid,5: offshor grid,
5,offshor grid,5: offshor grid,
5,offshor grid,5: offshor grid,
5,offshor grid,5: offshor grid,
5,offshor grid,5: offshor grid,
5,offshor grid,5: offshor grid,
5,offshor grid,5: offshor grid,
5,offshor grid,5: offshor grid,
5,offshor grid,5: offshor grid,
5,offshor grid,5: offshor grid,
5,offshor grid,5: offshor grid,
5,offshor grid,5: offshor grid,
5,offshor grid,5: offshor grid,
5,offshor grid,5: offshor grid,
5,offshor grid,5: offshor grid,
5,offshor grid,5: offshor grid,
5,offshor grid,5: offshor grid,
5,offshor grid,5: offshor grid,
5,offshor grid,5: offshor grid,
5,offshor grid,5: offshor grid,
5,offshor grid,5: offshor grid,
5,offshor grid,5: offshor grid,
5,offshor grid,5: offshor grid,
5,offshor grid,5: offshor grid,
5,offshor grid,5: offshor grid,
5,offshor grid,5: offshor grid,
5,offshor grid,5: offshor grid,
5,offshor grid,5: offshor grid,
5,offshor grid,5: offshor grid,
5,offshor grid,5: offshor grid,
5,offshor grid,5: offshor grid,
5,offshor grid,5: offshor grid,
5,offshor grid,5: offshor grid,
5,offshor grid,5: offshor grid,
5,offshor grid,5: offshor grid,
5,offshor grid,5: offshor grid,
5,offshor grid,5: offshor grid,
5,offshor grid,5: offshor grid,
5,offshor grid,5: offshor grid,
5,offshor grid,5: offshor grid,
5,offshor grid,5: offshor grid,
5,offshor grid,5: offshor grid,
5,offshor grid,5: offshor grid,
5,offshor grid,5: offshor grid,
5,offshor grid,5: offshor grid,
5,offshor grid,5: offshor grid,
5,offshor grid,5: offshor grid,
5,offshor grid,5: offshor grid,
5,offshor grid,5: offshor grid,
5,offshor grid,5: offshor grid,
5,offshor grid,5: offshor grid,
5,offshor grid,5: offshor grid,
5,offshor grid,5: offshor grid,
5,offshor grid,5: offshor grid,
5,offshor grid,5: offshor grid,
5,offshor grid,5: offshor grid,
5,offshor grid,5: offshor grid,
5,offshor grid,5: offshor grid,
5,offshor grid,5: offshor grid,
5,offshor grid,5: offshor grid,
5,offshor grid,5: offshor grid,
5,offshor grid,5: offshor grid,
5,offshor grid,5: offshor grid,
5,offshor grid,5: offshor grid,
5,offshor grid,5: offshor grid,
5,offshor grid,5: offshor grid,
5,offshor grid,5: offshor grid,
5,offshor grid,5: offshor grid,
5,offshor grid,5: offshor grid,
5,offshor grid,5: offshor grid,
5,offshor grid,5: offshor grid,
5,offshor grid,5: offshor grid,
5,offshor grid,5: offshor grid,
5,offshor grid,5: offshor grid,
5,offshor grid,5: offshor grid,
5,offshor grid,5: offshor grid,
5,offshor grid,5: offshor grid,
5,offshor grid,5: offshor grid,
5,offshor grid,5: offshor grid,
5,offshor grid,5: offshor grid,
5,offshor grid,5: offshor grid,
5,offshor grid,5: offshor grid,
5,offshor grid,5: offshor grid,
5,offshor grid,5: offshor grid,
5,offshor grid,5: offshor grid,
5,offshor grid,5: offshor grid,
5,offshor grid,5: offshor grid,
5,offshor grid,5: offshor grid,
5,offshor grid,5: offshor grid,
5,offshor grid,5: offshor grid,
5,offshor grid,5: offshor grid,
5,offshor grid,5: offshor grid,
5,offshor grid,5: offshor grid,
5,offshor grid,5: offshor grid,
5,offshor grid,5: offshor grid,
5,offshor grid,5: offshor grid,
5,offshor grid,5: offshor grid,
5,offshor grid,5: offshor grid,
5,offshor grid,5: offshor grid,
5,offshor grid,5: offshor grid,
5,offshor grid,5: offshor grid,
5,offshor grid,5: offshor grid,
5,offshor grid,5: offshor grid,
5,offshor grid,5: offshor grid,
5,offshor grid,5: offshor grid,
5,offshor grid,5: offshor grid,
5,offshor grid,5: offshor grid,
5,offshor grid,5: offshor grid,
5,offshor grid,5: offshor grid,
5,offshor grid,5: offshor grid,
5,offshor grid,5: offshor grid,
5,offshor grid,5: offshor grid,
5,offshor grid,5: offshor grid,
5,offshor grid,5: offshor grid,
5,offshor grid,5: offshor grid,
5,offshor grid,5: offshor grid,
5,offshor grid,5: offshor grid,
5,offshor grid,5: offshor grid,
5,offshor grid,5: offshor grid,
5,offshor grid,5: offshor grid,
5,offshor grid,5: offshor grid,
5,offshor grid,5: offshor grid,
5,offshor grid,5: offshor grid,
5,offshor grid,5: offshor grid,
5,offshor grid,5: offshor grid,
5,offshor grid,5: offshor grid,
5,offshor grid,5: offshor grid,
5,offshor grid,5: offshor grid,
5,offshor grid,5: offshor grid,
5,offshor grid,5: offshor grid,
5,offshor grid,5: offshor grid,
5,offshor grid,5: offshor grid,
5,offshor grid,5: offshor grid,
5,offshor grid,5: offshor grid,
5,offshor grid,5: offshor grid,
5,offshor grid,5: offshor grid,
5,offshor grid,5: offshor grid,
5,offshor grid,5: offshor grid,
5,offshor grid,5: offshor grid,
5,offshor grid,5: offshor grid,
5,offshor grid,5: offshor grid,
5,offshor grid,5: offshor grid,
5,offshor grid,5: offshor grid,
5,offshor grid,5: offshor grid,
5,offshor grid,5: offshor grid,
5,offshor grid,5: offshor grid,
5,offshor grid,5: offshor grid,
5,offshor grid,5: offshor grid,
5,offshor grid,5: offshor grid,
5,offshor grid,5: offshor grid,
5,offshor grid,5: offshor grid,
5,offshor grid,5: offshor grid,
5,offshor grid,5: offshor grid,
5,offshor grid,5: offshor grid,
5,offshor grid,5: offshor grid,
5,offshor grid,5: offshor grid,
5,offshor grid,5: offshor grid,
5,offshor grid,5: offshor grid,
5,offshor grid,5: offshor grid,
5,offshor grid,5: offshor grid,
2,municip council,2: municip council,
2,municip council,2: municip council,
2,municip council,2: municip council,
2,municip council,2: municip council,
2,municip council,2: municip council,
2,municip council,2: municip council,
2,municip council,2: municip council,
2,municip council,2: municip council,
2,municip council,2: municip council,
2,municip council,2: municip council,
2,municip council,2: municip council,
2,municip council,2: municip council,
2,municip council,2: municip council,
2,municip council,2: municip council,
2,municip council,2: municip council,
2,municip council,2: municip council,
2,municip council,2: municip council,
2,municip council,2: municip council,
2,municip council,2: municip council,
2,municip council,2: municip council,
2,municip council,2: municip council,
2,municip council,2: municip council,
2,municip council,2: municip council,
2,municip council,2: municip council,
2,municip council,2: municip council,
2,municip council,2: municip council,
2,municip council,2: municip council,
2,municip council,2: municip council,
2,municip council,2: municip council,
2,municip council,2: municip council,
2,municip council,2: municip council,
2,municip council,2: municip council,
2,municip council,2: municip council,
2,municip council,2: municip council,
2,municip council,2: municip council,
2,municip council,2: municip council,
2,municip council,2: municip council,
2,municip council,2: municip council,
2,municip council,2: municip council,
2,municip council,2: municip council,
2,municip council,2: municip council,
2,municip council,2: municip council,
2,municip council,2: municip council,
2,municip council,2: municip council,
2,municip council,2: municip council,
2,municip council,2: municip council,
2,municip council,2: municip council,
2,municip council,2: municip council,
2,municip council,2: municip council,
2,municip council,2: municip council,
2,municip council,2: municip council,
2,municip council,2: municip council,
2,municip council,2: municip council,
2,municip council,2: municip council,
2,municip council,2: municip council,
2,municip council,2: municip council,
2,municip council,2: municip council,
2,municip council,2: municip council,
2,municip council,2: municip council,
2,municip council,2: municip council,
2,municip council,2: municip council,
2,municip council,2: municip council,
2,municip council,2: municip council,
2,municip council,2: municip council,
2,municip council,2: municip council,
2,municip council,2: municip council,
2,municip council,2: municip council,
2,municip council,2: municip council,
2,municip council,2: municip council,
2,municip council,2: municip council,
2,municip council,2: municip council,
2,municip council,2: municip council,
2,municip council,2: municip council,
2,municip council,2: municip council,
2,municip council,2: municip council,
2,municip council,2: municip council,
2,municip council,2: municip council,
2,municip council,2: municip council,
2,municip council,2: municip council,
2,municip council,2: municip council,
2,municip council,2: municip council,
2,municip council,2: municip council,
2,municip council,2: municip council,
2,municip council,2: municip council,
2,municip council,2: municip council,
2,municip council,2: municip council,
2,municip council,2: municip council,
2,municip council,2: municip council,
2,municip council,2: municip council,
2,municip council,2: municip council,
2,municip council,2: municip council,
2,municip council,2: municip council,
2,municip council,2: municip council,
2,municip council,2: municip council,
2,municip council,2: municip council,
2,municip council,2: municip council,
2,municip council,2: municip council,
2,municip council,2: municip council,
2,municip council,2: municip council,
2,municip council,2: municip council,
2,municip council,2: municip council,
2,municip council,2: municip council,
2,municip council,2: municip council,
2,municip council,2: municip council,
2,municip council,2: municip council,
2,municip council,2: municip council,
2,municip council,2: municip council,
2,municip council,2: municip council,
2,municip council,2: municip council,
2,municip council,2: municip council,
2,municip council,2: municip council,
2,municip council,2: municip council,
2,municip council,2: municip council,
2,municip council,2: municip council,
2,municip council,2: municip council,
2,municip council,2: municip council,
2,municip council,2: municip council,
2,municip council,2: municip council,
2,municip council,2: municip council,
2,municip council,2: municip council,
2,municip council,2: municip council,
2,municip council,2: municip council,
2,municip council,2: municip council,
2,municip council,2: municip council,
2,municip council,2: municip council,
2,municip council,2: municip council,
2,municip council,2: municip council,
2,municip council,2: municip council,
2,municip council,2: municip council,
2,municip council,2: municip council,
2,municip council,2: municip council,
2,municip council,2: municip council,
2,municip council,2: municip council,
2,municip council,2: municip council,
2,municip council,2: municip council,
2,municip council,2: municip council,
2,municip council,2: municip council,
2,municip council,2: municip council,
2,municip council,2: municip council,
2,municip council,2: municip council,
2,municip council,2: municip council,
2,municip council,2: municip council,
2,municip council,2: municip council,
2,municip council,2: municip council,
2,municip council,2: municip council,
2,municip council,2: municip council,
2,municip council,2: municip council,
2,municip council,2: municip council,
2,municip council,2: municip council,
2,municip council,2: municip council,
2,municip council,2: municip council,
2,municip council,2: municip council,
2,municip council,2: municip council,
2,municip council,2: municip council,
2,municip council,2: municip council,
2,municip council,2: municip council,
2,municip council,2: municip council,
2,municip council,2: municip council,
2,municip council,2: municip council,
2,municip council,2: municip council,
2,municip council,2: municip council,
2,municip council,2: municip council,
2,municip council,2: municip council,
2,municip council,2: municip council,
2,municip council,2: municip council,
2,municip council,2: municip council,
2,municip council,2: municip council,
2,municip council,2: municip council,
2,municip council,2: municip council,
2,municip council,2: municip council,
2,municip council,2: municip council,
2,municip council,2: municip council,
2,municip council,2: municip council,
2,municip council,2: municip council,
2,municip council,2: municip council,
2,municip council,2: municip council,
2,municip council,2: municip council,
2,municip council,2: municip council,
2,municip council,2: municip council,
2,municip council,2: municip council,
2,municip council,2: municip council,
2,municip council,2: municip council,
2,municip council,2: municip council,
2,municip council,2: municip council,
2,municip council,2: municip council,
2,municip council,2: municip council,
2,municip council,2: municip council,
2,municip council,2: municip council,
2,municip council,2: municip council,
2,municip council,2: municip council,
2,municip council,2: municip council,
2,municip council,2: municip council,
2,municip council,2: municip council,
2,municip council,2: municip council,
2,municip council,2: municip council,
2,municip council,2: municip council,
2,municip council,2: municip council,
2,municip council,2: municip council,
2,municip council,2: municip council,
2,municip council,2: municip council,
2,municip council,2: municip council,
2,municip council,2: municip council,
2,municip council,2: municip council,
2,municip council,2: municip council,
2,municip council,2: municip council,
2,municip council,2: municip council,
2,municip council,2: municip council,
2,municip council,2: municip council,
2,municip council,2: municip council,
2,municip council,2: municip council,
2,municip council,2: municip council,
2,municip council,2: municip council,
2,municip council,2: municip council,
2,municip council,2: municip council,
2,municip council,2: municip council,
2,municip council,2: municip council,
2,municip council,2: municip council,
2,municip council,2: municip council,
2,municip council,2: municip council,
2,municip council,2: municip council,
2,municip council,2: municip council,
2,municip council,2: municip council,
2,municip council,2: municip council,
2,municip council,2: municip council,
2,municip council,2: municip council,
2,municip council,2: municip council,
2,municip council,2: municip council,
2,municip council,2: municip council,
2,municip council,2: municip council,
2,municip council,2: municip council,
2,municip council,2: municip council,
2,municip council,2: municip council,
2,municip council,2: municip council,
2,municip council,2: municip council,
2,municip council,2: municip council,
2,municip council,2: municip council,
2,municip council,2: municip council,
2,municip council,2: municip council,
2,municip council,2: municip council,
2,municip council,2: municip council,
2,municip council,2: municip council,
2,municip council,2: municip council,
2,municip council,2: municip council,
2,municip council,2: municip council,
2,municip council,2: municip council,
2,municip council,2: municip council,
2,municip council,2: municip council,
2,municip council,2: municip council,
2,municip council,2: municip council,
2,municip council,2: municip council,
2,municip council,2: municip council,
2,municip council,2: municip council,
2,municip council,2: municip council,
2,municip council,2: municip council,
2,municip council,2: municip council,
2,municip council,2: municip council,
2,municip council,2: municip council,
2,municip council,2: municip council,
2,municip council,2: municip council,
2,municip council,2: municip council,
2,municip council,2: municip council,
2,municip council,2: municip council,
2,municip council,2: municip council,
2,municip council,2: municip council,
2,municip council,2: municip council,
2,municip council,2: municip council,
2,municip council,2: municip council,
2,municip council,2: municip council,
2,municip council,2: municip council,
2,municip council,2: municip council,
2,municip council,2: municip council,
2,municip council,2: municip council,
2,municip council,2: municip council,
2,municip council,2: municip council,
2,municip council,2: municip council,
2,municip council,2: municip council,
2,municip council,2: municip council,
2,municip council,2: municip council,
2,municip council,2: municip council,
2,municip council,2: municip council,
2,municip council,2: municip council,
2,municip council,2: municip council,
2,municip council,2: municip council,
2,municip council,2: municip council,
2,municip council,2: municip council,
2,municip council,2: municip council,
2,municip council,2: municip council,
2,municip council,2: municip council,
2,municip council,2: municip council,
2,municip council,2: municip council,
2,municip council,2: municip council,
2,municip council,2: municip council,
2,municip council,2: municip council,
2,municip council,2: municip council,
2,municip council,2: municip council,
2,municip council,2: municip council,
2,municip council,2: municip council,
2,municip council,2: municip council,
2,municip council,2: municip council,
2,municip council,2: municip council,
2,municip council,2: municip council,
2,municip council,2: municip council,
2,municip council,2: municip council,
2,municip council,2: municip council,
2,municip council,2: municip council,
2,municip council,2: municip council,
2,municip council,2: municip council,
2,municip council,2: municip council,
2,municip council,2: municip council,
2,municip council,2: municip council,
2,municip council,2: municip council,
2,municip council,2: municip council,
2,municip council,2: municip council,
2,municip council,2: municip council,
2,municip council,2: municip council,
2,municip council,2: municip council,
2,municip council,2: municip council,
2,municip council,2: municip council,
2,municip council,2: municip council,
2,municip council,2: municip council,
2,municip council,2: municip council,
2,municip council,2: municip council,
2,municip council,2: municip council,
2,municip council,2: municip council,
2,municip council,2: municip council,
2,municip council,2: municip council,
2,municip council,2: municip council,
2,municip council,2: municip council,
2,municip council,2: municip council,
2,municip council,2: municip council,
2,municip council,2: municip council,
2,municip council,2: municip council,
2,municip council,2: municip council,
2,municip council,2: municip council,
2,municip council,2: municip council,
2,municip council,2: municip council,
2,municip council,2: municip council,
2,municip council,2: municip council,
2,municip council,2: municip council,
2,municip council,2: municip council,
2,municip council,2: municip council,
2,municip council,2: municip council,
2,municip council,2: municip council,
2,municip council,2: municip council,
2,municip council,2: municip council,
2,municip council,2: municip council,
2,municip council,2: municip council,
2,municip council,2: municip council,
2,municip council,2: municip council,
2,municip council,2: municip council,
2,municip council,2: municip council,
2,municip council,2: municip council,
2,municip council,2: municip council,
2,municip council,2: municip council,
2,municip council,2: municip council,
2,municip council,2: municip council,
2,municip council,2: municip council,
2,municip council,2: municip council,
2,municip council,2: municip council,
2,municip council,2: municip council,
2,municip council,2: municip council,
2,municip council,2: municip council,
2,municip council,2: municip council,
2,municip council,2: municip council,
2,municip council,2: municip council,
2,municip council,2: municip council,
2,municip council,2: municip council,
2,municip council,2: municip council,
2,municip council,2: municip council,
2,municip council,2: municip council,
2,municip council,2: municip council,
2,municip council,2: municip council,
2,municip council,2: municip council,
2,municip council,2: municip council,
2,municip council,2: municip council,
2,municip council,2: municip council,
2,municip council,2: municip council,
2,municip council,2: municip council,
2,municip council,2: municip council,
2,municip council,2: municip council,
2,municip council,2: municip council,
2,municip council,2: municip council,
2,municip council,2: municip council,
2,municip council,2: municip council,
2,municip council,2: municip council,
2,municip council,2: municip council,
2,municip council,2: municip council,
2,municip council,2: municip council,
2,municip council,2: municip council,
2,municip council,2: municip council,
2,municip council,2: municip council,
2,municip council,2: municip council,
2,municip council,2: municip council,
2,municip council,2: municip council,
2,municip council,2: municip council,
2,municip council,2: municip council,
2,municip council,2: municip council,
2,municip council,2: municip council,
2,municip council,2: municip council,
2,municip council,2: municip council,
2,municip council,2: municip council,
2,municip council,2: municip council,
2,municip council,2: municip council,
2,municip council,2: municip council,
2,municip council,2: municip council,
2,municip council,2: municip council,
2,municip council,2: municip council,
2,municip council,2: municip council,
2,municip council,2: municip council,
2,municip council,2: municip council,
2,municip council,2: municip council,
2,municip council,2: municip council,
2,municip council,2: municip council,
2,municip council,2: municip council,
2,municip council,2: municip council,
2,municip council,2: municip council,
2,municip council,2: municip council,
2,municip council,2: municip council,
2,municip council,2: municip council,
2,municip council,2: municip council,
2,municip council,2: municip council,
2,municip council,2: municip council,
2,municip council,2: municip council,
2,municip council,2: municip council,
2,municip council,2: municip council,
2,municip council,2: municip council,
2,municip council,2: municip council,
2,municip council,2: municip council,
2,municip council,2: municip council,
2,municip council,2: municip council,
2,municip council,2: municip council,
2,municip council,2: municip council,
2,municip council,2: municip council,
2,municip council,2: municip council,
2,municip council,2: municip council,
2,municip council,2: municip council,
2,municip council,2: municip council,
2,municip council,2: municip council,
2,municip council,2: municip council,
2,municip council,2: municip council,
2,municip council,2: municip council,
2,municip council,2: municip council,
2,municip council,2: municip council,
2,municip council,2: municip council,
2,municip council,2: municip council,
2,municip council,2: municip council,
2,municip council,2: municip council,
2,municip council,2: municip council,
2,municip council,2: municip council,
2,municip council,2: municip council,
2,municip council,2: municip council,
2,municip council,2: municip council,
2,municip council,2: municip council,
2,municip council,2: municip council,
2,municip council,2: municip council,
2,municip council,2: municip council,
2,municip council,2: municip council,
2,municip council,2: municip council,
2,municip council,2: municip council,
2,municip council,2: municip council,
2,municip council,2: municip council,
2,municip council,2: municip council,
2,municip council,2: municip council,
2,municip council,2: municip council,
2,municip council,2: municip council,
2,municip council,2: municip council,
2,municip council,2: municip council,
2,municip council,2: municip council,
6,energiø bornholm,6: energiø bornholm,
6,energiø bornholm,6: energiø bornholm,
6,energiø bornholm,6: energiø bornholm,
6,energiø bornholm,6: energiø bornholm,
6,energiø bornholm,6: energiø bornholm,
6,energiø bornholm,6: energiø bornholm,
6,energiø bornholm,6: energiø bornholm,
6,energiø bornholm,6: energiø bornholm,
6,energiø bornholm,6: energiø bornholm,
6,energiø bornholm,6: energiø bornholm,
6,energiø bornholm,6: energiø bornholm,
6,energiø bornholm,6: energiø bornholm,
6,energiø bornholm,6: energiø bornholm,
6,energiø bornholm,6: energiø bornholm,
6,energiø bornholm,6: energiø bornholm,
6,energiø bornholm,6: energiø bornholm,
6,energiø bornholm,6: energiø bornholm,
6,energiø bornholm,6: energiø bornholm,
6,energiø bornholm,6: energiø bornholm,
6,energiø bornholm,6: energiø bornholm,
6,energiø bornholm,6: energiø bornholm,
6,energiø bornholm,6: energiø bornholm,
6,energiø bornholm,6: energiø bornholm,
6,energiø bornholm,6: energiø bornholm,
6,energiø bornholm,6: energiø bornholm,
6,energiø bornholm,6: energiø bornholm,
6,energiø bornholm,6: energiø bornholm,
6,energiø bornholm,6: energiø bornholm,
6,energiø bornholm,6: energiø bornholm,
6,energiø bornholm,6: energiø bornholm,
6,energiø bornholm,6: energiø bornholm,
6,energiø bornholm,6: energiø bornholm,
6,energiø bornholm,6: energiø bornholm,
6,energiø bornholm,6: energiø bornholm,
6,energiø bornholm,6: energiø bornholm,
6,energiø bornholm,6: energiø bornholm,
6,energiø bornholm,6: energiø bornholm,
6,energiø bornholm,6: energiø bornholm,
6,energiø bornholm,6: energiø bornholm,
6,energiø bornholm,6: energiø bornholm,
6,energiø bornholm,6: energiø bornholm,
6,energiø bornholm,6: energiø bornholm,
6,energiø bornholm,6: energiø bornholm,
6,energiø bornholm,6: energiø bornholm,
6,energiø bornholm,6: energiø bornholm,
6,energiø bornholm,6: energiø bornholm,
6,energiø bornholm,6: energiø bornholm,
6,energiø bornholm,6: energiø bornholm,
6,energiø bornholm,6: energiø bornholm,
6,energiø bornholm,6: energiø bornholm,
6,energiø bornholm,6: energiø bornholm,
6,energiø bornholm,6: energiø bornholm,
6,energiø bornholm,6: energiø bornholm,
6,energiø bornholm,6: energiø bornholm,
6,energiø bornholm,6: energiø bornholm,
6,energiø bornholm,6: energiø bornholm,
6,energiø bornholm,6: energiø bornholm,
6,energiø bornholm,6: energiø bornholm,
6,energiø bornholm,6: energiø bornholm,
6,energiø bornholm,6: energiø bornholm,
6,energiø bornholm,6: energiø bornholm,
6,energiø bornholm,6: energiø bornholm,
6,energiø bornholm,6: energiø bornholm,
6,energiø bornholm,6: energiø bornholm,
6,energiø bornholm,6: energiø bornholm,
6,energiø bornholm,6: energiø bornholm,
6,energiø bornholm,6: energiø bornholm,
6,energiø bornholm,6: energiø bornholm,
6,energiø bornholm,6: energiø bornholm,
6,energiø bornholm,6: energiø bornholm,
6,energiø bornholm,6: energiø bornholm,
6,energiø bornholm,6: energiø bornholm,
6,energiø bornholm,6: energiø bornholm,
6,energiø bornholm,6: energiø bornholm,
6,energiø bornholm,6: energiø bornholm,
6,energiø bornholm,6: energiø bornholm,
6,energiø bornholm,6: energiø bornholm,
6,energiø bornholm,6: energiø bornholm,
6,energiø bornholm,6: energiø bornholm,
6,energiø bornholm,6: energiø bornholm,
6,energiø bornholm,6: energiø bornholm,
6,energiø bornholm,6: energiø bornholm,
6,energiø bornholm,6: energiø bornholm,
6,energiø bornholm,6: energiø bornholm,
6,energiø bornholm,6: energiø bornholm,
6,energiø bornholm,6: energiø bornholm,
6,energiø bornholm,6: energiø bornholm,
6,energiø bornholm,6: energiø bornholm,
6,energiø bornholm,6: energiø bornholm,
6,energiø bornholm,6: energiø bornholm,
6,energiø bornholm,6: energiø bornholm,
6,energiø bornholm,6: energiø bornholm,
6,energiø bornholm,6: energiø bornholm,
6,energiø bornholm,6: energiø bornholm,
6,energiø bornholm,6: energiø bornholm,
6,energiø bornholm,6: energiø bornholm,
6,energiø bornholm,6: energiø bornholm,
6,energiø bornholm,6: energiø bornholm,
6,energiø bornholm,6: energiø bornholm,
6,energiø bornholm,6: energiø bornholm,
6,energiø bornholm,6: energiø bornholm,
6,energiø bornholm,6: energiø bornholm,
6,energiø bornholm,6: energiø bornholm,
6,energiø bornholm,6: energiø bornholm,
6,energiø bornholm,6: energiø bornholm,
6,energiø bornholm,6: energiø bornholm,
6,energiø bornholm,6: energiø bornholm,
6,energiø bornholm,6: energiø bornholm,
6,energiø bornholm,6: energiø bornholm,
6,energiø bornholm,6: energiø bornholm,
6,energiø bornholm,6: energiø bornholm,
6,energiø bornholm,6: energiø bornholm,
6,energiø bornholm,6: energiø bornholm,
6,energiø bornholm,6: energiø bornholm,
6,energiø bornholm,6: energiø bornholm,
6,energiø bornholm,6: energiø bornholm,
6,energiø bornholm,6: energiø bornholm,
6,energiø bornholm,6: energiø bornholm,
6,energiø bornholm,6: energiø bornholm,
6,energiø bornholm,6: energiø bornholm,
6,energiø bornholm,6: energiø bornholm,
6,energiø bornholm,6: energiø bornholm,
6,energiø bornholm,6: energiø bornholm,
6,energiø bornholm,6: energiø bornholm,
6,energiø bornholm,6: energiø bornholm,
6,energiø bornholm,6: energiø bornholm,
6,energiø bornholm,6: energiø bornholm,
6,energiø bornholm,6: energiø bornholm,
6,energiø bornholm,6: energiø bornholm,
6,energiø bornholm,6: energiø bornholm,
6,energiø bornholm,6: energiø bornholm,
6,energiø bornholm,6: energiø bornholm,
6,energiø bornholm,6: energiø bornholm,
6,energiø bornholm,6: energiø bornholm,
6,energiø bornholm,6: energiø bornholm,
6,energiø bornholm,6: energiø bornholm,
6,energiø bornholm,6: energiø bornholm,
6,energiø bornholm,6: energiø bornholm,
6,energiø bornholm,6: energiø bornholm,
6,energiø bornholm,6: energiø bornholm,
6,energiø bornholm,6: energiø bornholm,
6,energiø bornholm,6: energiø bornholm,
6,energiø bornholm,6: energiø bornholm,
6,energiø bornholm,6: energiø bornholm,
6,energiø bornholm,6: energiø bornholm,
6,energiø bornholm,6: energiø bornholm,
6,energiø bornholm,6: energiø bornholm,
6,energiø bornholm,6: energiø bornholm,
6,energiø bornholm,6: energiø bornholm,
6,energiø bornholm,6: energiø bornholm,
6,energiø bornholm,6: energiø bornholm,
6,energiø bornholm,6: energiø bornholm,
6,energiø bornholm,6: energiø bornholm,
6,energiø bornholm,6: energiø bornholm,
6,energiø bornholm,6: energiø bornholm,
6,energiø bornholm,6: energiø bornholm,
6,energiø bornholm,6: energiø bornholm,
6,energiø bornholm,6: energiø bornholm,
6,energiø bornholm,6: energiø bornholm,
6,energiø bornholm,6: energiø bornholm,
6,energiø bornholm,6: energiø bornholm,
6,energiø bornholm,6: energiø bornholm,
6,energiø bornholm,6: energiø bornholm,
6,energiø bornholm,6: energiø bornholm,
6,energiø bornholm,6: energiø bornholm,
6,energiø bornholm,6: energiø bornholm,
6,energiø bornholm,6: energiø bornholm,
6,energiø bornholm,6: energiø bornholm,
6,energiø bornholm,6: energiø bornholm,
6,energiø bornholm,6: energiø bornholm,
6,energiø bornholm,6: energiø bornholm,
2,municip council,2: municip council,
2,municip council,2: municip council,
2,municip council,2: municip council,
2,municip council,2: municip council,
2,municip council,2: municip council,
2,municip council,2: municip council,
2,municip council,2: municip council,
2,municip council,2: municip council,
2,municip council,2: municip council,
2,municip council,2: municip council,
2,municip council,2: municip council,
2,municip council,2: municip council,
2,municip council,2: municip council,
2,municip council,2: municip council,
2,municip council,2: municip council,
2,municip council,2: municip council,
2,municip council,2: municip council,
2,municip council,2: municip council,
2,municip council,2: municip council,
2,municip council,2: municip council,
2,municip council,2: municip council,
2,municip council,2: municip council,
2,municip council,2: municip council,
2,municip council,2: municip council,
2,municip council,2: municip council,
2,municip council,2: municip council,
2,municip council,2: municip council,
2,municip council,2: municip council,
2,municip council,2: municip council,
2,municip council,2: municip council,
2,municip council,2: municip council,
2,municip council,2: municip council,
2,municip council,2: municip council,
2,municip council,2: municip council,
2,municip council,2: municip council,
2,municip council,2: municip council,
2,municip council,2: municip council,
2,municip council,2: municip council,
2,municip council,2: municip council,
2,municip council,2: municip council,
2,municip council,2: municip council,
2,municip council,2: municip council,
2,municip council,2: municip council,
2,municip council,2: municip council,
2,municip council,2: municip council,
2,municip council,2: municip council,
2,municip council,2: municip council,
2,municip council,2: municip council,
2,municip council,2: municip council,
2,municip council,2: municip council,
2,municip council,2: municip council,
2,municip council,2: municip council,
2,municip council,2: municip council,
2,municip council,2: municip council,
2,municip council,2: municip council,
2,municip council,2: municip council,
2,municip council,2: municip council,
2,municip council,2: municip council,
2,municip council,2: municip council,
2,municip council,2: municip council,
2,municip council,2: municip council,
2,municip council,2: municip council,
2,municip council,2: municip council,
2,municip council,2: municip council,
2,municip council,2: municip council,
2,municip council,2: municip council,
2,municip council,2: municip council,
2,municip council,2: municip council,
2,municip council,2: municip council,
2,municip council,2: municip council,
2,municip council,2: municip council,
2,municip council,2: municip council,
2,municip council,2: municip council,
2,municip council,2: municip council,
2,municip council,2: municip council,
2,municip council,2: municip council,
2,municip council,2: municip council,
2,municip council,2: municip council,
2,municip council,2: municip council,
2,municip council,2: municip council,
2,municip council,2: municip council,
2,municip council,2: municip council,
2,municip council,2: municip council,
2,municip council,2: municip council,
2,municip council,2: municip council,
2,municip council,2: municip council,
2,municip council,2: municip council,
2,municip council,2: municip council,
2,municip council,2: municip council,
2,municip council,2: municip council,
2,municip council,2: municip council,
2,municip council,2: municip council,
2,municip council,2: municip council,
2,municip council,2: municip council,
2,municip council,2: municip council,
2,municip council,2: municip council,
2,municip council,2: municip council,
2,municip council,2: municip council,
2,municip council,2: municip council,
2,municip council,2: municip council,
2,municip council,2: municip council,
2,municip council,2: municip council,
2,municip council,2: municip council,
2,municip council,2: municip council,
2,municip council,2: municip council,
2,municip council,2: municip council,
2,municip council,2: municip council,
2,municip council,2: municip council,
2,municip council,2: municip council,
2,municip council,2: municip council,
2,municip council,2: municip council,
2,municip council,2: municip council,
2,municip council,2: municip council,
2,municip council,2: municip council,
2,municip council,2: municip council,
2,municip council,2: municip council,
2,municip council,2: municip council,
2,municip council,2: municip council,
2,municip council,2: municip council,
2,municip council,2: municip council,
2,municip council,2: municip council,
2,municip council,2: municip council,
2,municip council,2: municip council,
2,municip council,2: municip council,
2,municip council,2: municip council,
2,municip council,2: municip council,
2,municip council,2: municip council,
2,municip council,2: municip council,
2,municip council,2: municip council,
2,municip council,2: municip council,
2,municip council,2: municip council,
2,municip council,2: municip council,
2,municip council,2: municip council,
2,municip council,2: municip council,
2,municip council,2: municip council,
2,municip council,2: municip council,
2,municip council,2: municip council,
2,municip council,2: municip council,
2,municip council,2: municip council,
2,municip council,2: municip council,
2,municip council,2: municip council,
2,municip council,2: municip council,
2,municip council,2: municip council,
2,municip council,2: municip council,
2,municip council,2: municip council,
2,municip council,2: municip council,
2,municip council,2: municip council,
2,municip council,2: municip council,
2,municip council,2: municip council,
2,municip council,2: municip council,
2,municip council,2: municip council,
2,municip council,2: municip council,
2,municip council,2: municip council,
2,municip council,2: municip council,
2,municip council,2: municip council,
2,municip council,2: municip council,
4,baltic sea,4: baltic sea,
4,baltic sea,4: baltic sea,
4,baltic sea,4: baltic sea,
4,baltic sea,4: baltic sea,
4,baltic sea,4: baltic sea,
4,baltic sea,4: baltic sea,
4,baltic sea,4: baltic sea,
4,baltic sea,4: baltic sea,
4,baltic sea,4: baltic sea,
4,baltic sea,4: baltic sea,
4,baltic sea,4: baltic sea,
4,baltic sea,4: baltic sea,
4,baltic sea,4: baltic sea,
4,baltic sea,4: baltic sea,
4,baltic sea,4: baltic sea,
4,baltic sea,4: baltic sea,
4,baltic sea,4: baltic sea,
4,baltic sea,4: baltic sea,
4,baltic sea,4: baltic sea,
4,baltic sea,4: baltic sea,
4,baltic sea,4: baltic sea,
4,baltic sea,4: baltic sea,
4,baltic sea,4: baltic sea,
4,baltic sea,4: baltic sea,
4,baltic sea,4: baltic sea,
4,baltic sea,4: baltic sea,
4,baltic sea,4: baltic sea,
4,baltic sea,4: baltic sea,
4,baltic sea,4: baltic sea,
4,baltic sea,4: baltic sea,
4,baltic sea,4: baltic sea,
4,baltic sea,4: baltic sea,
4,baltic sea,4: baltic sea,
4,baltic sea,4: baltic sea,
4,baltic sea,4: baltic sea,
4,baltic sea,4: baltic sea,
4,baltic sea,4: baltic sea,
4,baltic sea,4: baltic sea,
4,baltic sea,4: baltic sea,
4,baltic sea,4: baltic sea,
4,baltic sea,4: baltic sea,
4,baltic sea,4: baltic sea,
4,baltic sea,4: baltic sea,
4,baltic sea,4: baltic sea,
4,baltic sea,4: baltic sea,
4,baltic sea,4: baltic sea,
4,baltic sea,4: baltic sea,
4,baltic sea,4: baltic sea,
4,baltic sea,4: baltic sea,
4,baltic sea,4: baltic sea,
4,baltic sea,4: baltic sea,
4,baltic sea,4: baltic sea,
4,baltic sea,4: baltic sea,
4,baltic sea,4: baltic sea,
4,baltic sea,4: baltic sea,
4,baltic sea,4: baltic sea,
4,baltic sea,4: baltic sea,
4,baltic sea,4: baltic sea,
4,baltic sea,4: baltic sea,
4,baltic sea,4: baltic sea,
4,baltic sea,4: baltic sea,
4,baltic sea,4: baltic sea,
4,baltic sea,4: baltic sea,
4,baltic sea,4: baltic sea,
4,baltic sea,4: baltic sea,
4,baltic sea,4: baltic sea,
4,baltic sea,4: baltic sea,
4,baltic sea,4: baltic sea,
4,baltic sea,4: baltic sea,
4,baltic sea,4: baltic sea,
4,baltic sea,4: baltic sea,
4,baltic sea,4: baltic sea,
4,baltic sea,4: baltic sea,
4,baltic sea,4: baltic sea,
4,baltic sea,4: baltic sea,
4,baltic sea,4: baltic sea,
4,baltic sea,4: baltic sea,
4,baltic sea,4: baltic sea,
4,baltic sea,4: baltic sea,
4,baltic sea,4: baltic sea,
4,baltic sea,4: baltic sea,
4,baltic sea,4: baltic sea,
4,baltic sea,4: baltic sea,
4,baltic sea,4: baltic sea,
4,baltic sea,4: baltic sea,
4,baltic sea,4: baltic sea,
4,baltic sea,4: baltic sea,
4,baltic sea,4: baltic sea,
4,baltic sea,4: baltic sea,
4,baltic sea,4: baltic sea,
4,baltic sea,4: baltic sea,
4,baltic sea,4: baltic sea,
4,baltic sea,4: baltic sea,
4,baltic sea,4: baltic sea,
4,baltic sea,4: baltic sea,
4,baltic sea,4: baltic sea,
4,baltic sea,4: baltic sea,
4,baltic sea,4: baltic sea,
4,baltic sea,4: baltic sea,
4,baltic sea,4: baltic sea,
4,baltic sea,4: baltic sea,
4,baltic sea,4: baltic sea,
4,baltic sea,4: baltic sea,
4,baltic sea,4: baltic sea,
4,baltic sea,4: baltic sea,
4,baltic sea,4: baltic sea,
4,baltic sea,4: baltic sea,
4,baltic sea,4: baltic sea,
4,baltic sea,4: baltic sea,
4,baltic sea,4: baltic sea,
4,baltic sea,4: baltic sea,
4,baltic sea,4: baltic sea,
4,baltic sea,4: baltic sea,
4,baltic sea,4: baltic sea,
4,baltic sea,4: baltic sea,
4,baltic sea,4: baltic sea,
4,baltic sea,4: baltic sea,
4,baltic sea,4: baltic sea,
4,baltic sea,4: baltic sea,
4,baltic sea,4: baltic sea,
4,baltic sea,4: baltic sea,
4,baltic sea,4: baltic sea,
4,baltic sea,4: baltic sea,
4,baltic sea,4: baltic sea,
4,baltic sea,4: baltic sea,
4,baltic sea,4: baltic sea,
4,baltic sea,4: baltic sea,
4,baltic sea,4: baltic sea,
4,baltic sea,4: baltic sea,
4,baltic sea,4: baltic sea,
4,baltic sea,4: baltic sea,
4,baltic sea,4: baltic sea,
4,baltic sea,4: baltic sea,
4,baltic sea,4: baltic sea,
4,baltic sea,4: baltic sea,
4,baltic sea,4: baltic sea,
4,baltic sea,4: baltic sea,
4,baltic sea,4: baltic sea,
2,municip council,2: municip council,
2,municip council,2: municip council,
2,municip council,2: municip council,
2,municip council,2: municip council,
2,municip council,2: municip council,
2,municip council,2: municip council,
2,municip council,2: municip council,
2,municip council,2: municip council,
2,municip council,2: municip council,
2,municip council,2: municip council,
2,municip council,2: municip council,
2,municip council,2: municip council,
2,municip council,2: municip council,
2,municip council,2: municip council,
2,municip council,2: municip council,
2,municip council,2: municip council,
2,municip council,2: municip council,
2,municip council,2: municip council,
2,municip council,2: municip council,
2,municip council,2: municip council,
2,municip council,2: municip council,
2,municip council,2: municip council,
2,municip council,2: municip council,
2,municip council,2: municip council,
2,municip council,2: municip council,
2,municip council,2: municip council,
2,municip council,2: municip council,
2,municip council,2: municip council,
2,municip council,2: municip council,
2,municip council,2: municip council,
2,municip council,2: municip council,
2,municip council,2: municip council,
2,municip council,2: municip council,
2,municip council,2: municip council,
2,municip council,2: municip council,
2,municip council,2: municip council,
2,municip council,2: municip council,
2,municip council,2: municip council,
2,municip council,2: municip council,
2,municip council,2: municip council,
2,municip council,2: municip council,
2,municip council,2: municip council,
2,municip council,2: municip council,
2,municip council,2: municip council,
2,municip council,2: municip council,
2,municip council,2: municip council,
2,municip council,2: municip council,
2,municip council,2: municip council,
2,municip council,2: municip council,
2,municip council,2: municip council,
2,municip council,2: municip council,
2,municip council,2: municip council,
2,municip council,2: municip council,
2,municip council,2: municip council,
2,municip council,2: municip council,
2,municip council,2: municip council,
2,municip council,2: municip council,
2,municip council,2: municip council,
2,municip council,2: municip council,
2,municip council,2: municip council,
2,municip council,2: municip council,
2,municip council,2: municip council,
2,municip council,2: municip council,
2,municip council,2: municip council,
2,municip council,2: municip council,
2,municip council,2: municip council,
2,municip council,2: municip council,
2,municip council,2: municip council,
2,municip council,2: municip council,
2,municip council,2: municip council,
2,municip council,2: municip council,
2,municip council,2: municip council,
2,municip council,2: municip council,
2,municip council,2: municip council,
2,municip council,2: municip council,
2,municip council,2: municip council,
2,municip council,2: municip council,
2,municip council,2: municip council,
2,municip council,2: municip council,
2,municip council,2: municip council,
2,municip council,2: municip council,
2,municip council,2: municip council,
2,municip council,2: municip council,
2,municip council,2: municip council,
2,municip council,2: municip council,
2,municip council,2: municip council,
2,municip council,2: municip council,
2,municip council,2: municip council,
2,municip council,2: municip council,
2,municip council,2: municip council,
2,municip council,2: municip council,
2,municip council,2: municip council,
2,municip council,2: municip council,
2,municip council,2: municip council,
2,municip council,2: municip council,
2,municip council,2: municip council,
2,municip council,2: municip council,
2,municip council,2: municip council,
2,municip council,2: municip council,
2,municip council,2: municip council,
2,municip council,2: municip council,
2,municip council,2: municip council,
2,municip council,2: municip council,
2,municip council,2: municip council,
2,municip council,2: municip council,
2,municip council,2: municip council,
2,municip council,2: municip council,
2,municip council,2: municip council,
2,municip council,2: municip council,
2,municip council,2: municip council,
2,municip council,2: municip council,
2,municip council,2: municip council,
2,municip council,2: municip council,
2,municip council,2: municip council,
2,municip council,2: municip council,
2,municip council,2: municip council,
2,municip council,2: municip council,
2,municip council,2: municip council,
2,municip council,2: municip council,
2,municip council,2: municip council,
2,municip council,2: municip council,
2,municip council,2: municip council,
2,municip council,2: municip council,
2,municip council,2: municip council,
2,municip council,2: municip council,
2,municip council,2: municip council,
2,municip council,2: municip council,
2,municip council,2: municip council,
2,municip council,2: municip council,
2,municip council,2: municip council,
2,municip council,2: municip council,
2,municip council,2: municip council,
2,municip council,2: municip council,
2,municip council,2: municip council,
2,municip council,2: municip council,
2,municip council,2: municip council,
2,municip council,2: municip council,
2,municip council,2: municip council,
2,municip council,2: municip council,
2,municip council,2: municip council,
2,municip council,2: municip council,
2,municip council,2: municip council,
2,municip council,2: municip council,
2,municip council,2: municip council,
2,municip council,2: municip council,
2,municip council,2: municip council,
2,municip council,2: municip council,
2,municip council,2: municip council,
2,municip council,2: municip council,
2,municip council,2: municip council,
2,municip council,2: municip council,
2,municip council,2: municip council,
2,municip council,2: municip council,
2,municip council,2: municip council,
2,municip council,2: municip council,
2,municip council,2: municip council,
6,energiø bornholm,6: energiø bornholm,
6,energiø bornholm,6: energiø bornholm,
6,energiø bornholm,6: energiø bornholm,
6,energiø bornholm,6: energiø bornholm,
6,energiø bornholm,6: energiø bornholm,
6,energiø bornholm,6: energiø bornholm,
6,energiø bornholm,6: energiø bornholm,
6,energiø bornholm,6: energiø bornholm,
6,energiø bornholm,6: energiø bornholm,
6,energiø bornholm,6: energiø bornholm,
6,energiø bornholm,6: energiø bornholm,
6,energiø bornholm,6: energiø bornholm,
6,energiø bornholm,6: energiø bornholm,
6,energiø bornholm,6: energiø bornholm,
6,energiø bornholm,6: energiø bornholm,
6,energiø bornholm,6: energiø bornholm,
6,energiø bornholm,6: energiø bornholm,
6,energiø bornholm,6: energiø bornholm,
6,energiø bornholm,6: energiø bornholm,
6,energiø bornholm,6: energiø bornholm,
6,energiø bornholm,6: energiø bornholm,
6,energiø bornholm,6: energiø bornholm,
6,energiø bornholm,6: energiø bornholm,
6,energiø bornholm,6: energiø bornholm,
6,energiø bornholm,6: energiø bornholm,
6,energiø bornholm,6: energiø bornholm,
6,energiø bornholm,6: energiø bornholm,
6,energiø bornholm,6: energiø bornholm,
6,energiø bornholm,6: energiø bornholm,
6,energiø bornholm,6: energiø bornholm,
6,energiø bornholm,6: energiø bornholm,
6,energiø bornholm,6: energiø bornholm,
6,energiø bornholm,6: energiø bornholm,
6,energiø bornholm,6: energiø bornholm,
6,energiø bornholm,6: energiø bornholm,
6,energiø bornholm,6: energiø bornholm,
6,energiø bornholm,6: energiø bornholm,
6,energiø bornholm,6: energiø bornholm,
6,energiø bornholm,6: energiø bornholm,
6,energiø bornholm,6: energiø bornholm,
6,energiø bornholm,6: energiø bornholm,
6,energiø bornholm,6: energiø bornholm,
6,energiø bornholm,6: energiø bornholm,
6,energiø bornholm,6: energiø bornholm,
6,energiø bornholm,6: energiø bornholm,
6,energiø bornholm,6: energiø bornholm,
6,energiø bornholm,6: energiø bornholm,
6,energiø bornholm,6: energiø bornholm,
6,energiø bornholm,6: energiø bornholm,
6,energiø bornholm,6: energiø bornholm,
6,energiø bornholm,6: energiø bornholm,
6,energiø bornholm,6: energiø bornholm,
6,energiø bornholm,6: energiø bornholm,
6,energiø bornholm,6: energiø bornholm,
6,energiø bornholm,6: energiø bornholm,
6,energiø bornholm,6: energiø bornholm,
6,energiø bornholm,6: energiø bornholm,
6,energiø bornholm,6: energiø bornholm,
6,energiø bornholm,6: energiø bornholm,
6,energiø bornholm,6: energiø bornholm,
6,energiø bornholm,6: energiø bornholm,
6,energiø bornholm,6: energiø bornholm,
6,energiø bornholm,6: energiø bornholm,
6,energiø bornholm,6: energiø bornholm,
6,energiø bornholm,6: energiø bornholm,
6,energiø bornholm,6: energiø bornholm,
6,energiø bornholm,6: energiø bornholm,
6,energiø bornholm,6: energiø bornholm,
6,energiø bornholm,6: energiø bornholm,
6,energiø bornholm,6: energiø bornholm,
6,energiø bornholm,6: energiø bornholm,
6,energiø bornholm,6: energiø bornholm,
6,energiø bornholm,6: energiø bornholm,
6,energiø bornholm,6: energiø bornholm,
6,energiø bornholm,6: energiø bornholm,
6,energiø bornholm,6: energiø bornholm,
6,energiø bornholm,6: energiø bornholm,
6,energiø bornholm,6: energiø bornholm,
6,energiø bornholm,6: energiø bornholm,
6,energiø bornholm,6: energiø bornholm,
6,energiø bornholm,6: energiø bornholm,
6,energiø bornholm,6: energiø bornholm,
6,energiø bornholm,6: energiø bornholm,
6,energiø bornholm,6: energiø bornholm,
6,energiø bornholm,6: energiø bornholm,
6,energiø bornholm,6: energiø bornholm,
6,energiø bornholm,6: energiø bornholm,
6,energiø bornholm,6: energiø bornholm,
6,energiø bornholm,6: energiø bornholm,
6,energiø bornholm,6: energiø bornholm,
6,energiø bornholm,6: energiø bornholm,
6,energiø bornholm,6: energiø bornholm,
6,energiø bornholm,6: energiø bornholm,
6,energiø bornholm,6: energiø bornholm,
6,energiø bornholm,6: energiø bornholm,
6,energiø bornholm,6: energiø bornholm,
6,energiø bornholm,6: energiø bornholm,
6,energiø bornholm,6: energiø bornholm,
6,energiø bornholm,6: energiø bornholm,
6,energiø bornholm,6: energiø bornholm,
6,energiø bornholm,6: energiø bornholm,
6,energiø bornholm,6: energiø bornholm,
6,energiø bornholm,6: energiø bornholm,
6,energiø bornholm,6: energiø bornholm,
6,energiø bornholm,6: energiø bornholm,
6,energiø bornholm,6: energiø bornholm,
6,energiø bornholm,6: energiø bornholm,
6,energiø bornholm,6: energiø bornholm,
6,energiø bornholm,6: energiø bornholm,
6,energiø bornholm,6: energiø bornholm,
6,energiø bornholm,6: energiø bornholm,
6,energiø bornholm,6: energiø bornholm,
6,energiø bornholm,6: energiø bornholm,
6,energiø bornholm,6: energiø bornholm,
6,energiø bornholm,6: energiø bornholm,
6,energiø bornholm,6: energiø bornholm,
6,energiø bornholm,6: energiø bornholm,
6,energiø bornholm,6: energiø bornholm,
6,energiø bornholm,6: energiø bornholm,
6,energiø bornholm,6: energiø bornholm,
6,energiø bornholm,6: energiø bornholm,
6,energiø bornholm,6: energiø bornholm,
6,energiø bornholm,6: energiø bornholm,
6,energiø bornholm,6: energiø bornholm,
6,energiø bornholm,6: energiø bornholm,
6,energiø bornholm,6: energiø bornholm,
6,energiø bornholm,6: energiø bornholm,
6,energiø bornholm,6: energiø bornholm,
6,energiø bornholm,6: energiø bornholm,
6,energiø bornholm,6: energiø bornholm,
6,energiø bornholm,6: energiø bornholm,
6,energiø bornholm,6: energiø bornholm,
6,energiø bornholm,6: energiø bornholm,
6,energiø bornholm,6: energiø bornholm,
6,energiø bornholm,6: energiø bornholm,
6,energiø bornholm,6: energiø bornholm,
6,energiø bornholm,6: energiø bornholm,
6,energiø bornholm,6: energiø bornholm,
6,energiø bornholm,6: energiø bornholm,
6,energiø bornholm,6: energiø bornholm,
6,energiø bornholm,6: energiø bornholm,
6,energiø bornholm,6: energiø bornholm,
6,energiø bornholm,6: energiø bornholm,
6,energiø bornholm,6: energiø bornholm,
6,energiø bornholm,6: energiø bornholm,
6,energiø bornholm,6: energiø bornholm,
6,energiø bornholm,6: energiø bornholm,
6,energiø bornholm,6: energiø bornholm,
6,energiø bornholm,6: energiø bornholm,
6,energiø bornholm,6: energiø bornholm,
6,energiø bornholm,6: energiø bornholm,
6,energiø bornholm,6: energiø bornholm,
6,energiø bornholm,6: energiø bornholm,
6,energiø bornholm,6: energiø bornholm,
6,energiø bornholm,6: energiø bornholm,
6,energiø bornholm,6: energiø bornholm,
6,energiø bornholm,6: energiø bornholm,
6,energiø bornholm,6: energiø bornholm,
6,energiø bornholm,6: energiø bornholm,
6,energiø bornholm,6: energiø bornholm,
6,energiø bornholm,6: energiø bornholm,
6,energiø bornholm,6: energiø bornholm,
6,energiø bornholm,6: energiø bornholm,
6,energiø bornholm,6: energiø bornholm,
6,energiø bornholm,6: energiø bornholm,
6,energiø bornholm,6: energiø bornholm,
6,energiø bornholm,6: energiø bornholm,
6,energiø bornholm,6: energiø bornholm,
6,energiø bornholm,6: energiø bornholm,
6,energiø bornholm,6: energiø bornholm,
6,energiø bornholm,6: energiø bornholm,
0,energi island,0: energi island,
0,energi island,0: energi island,
0,energi island,0: energi island,
0,energi island,0: energi island,
0,energi island,0: energi island,
0,energi island,0: energi island,
0,energi island,0: energi island,
0,energi island,0: energi island,
0,energi island,0: energi island,
0,energi island,0: energi island,
0,energi island,0: energi island,
0,energi island,0: energi island,
0,energi island,0: energi island,
0,energi island,0: energi island,
0,energi island,0: energi island,
0,energi island,0: energi island,
0,energi island,0: energi island,
0,energi island,0: energi island,
0,energi island,0: energi island,
0,energi island,0: energi island,
0,energi island,0: energi island,
0,energi island,0: energi island,
0,energi island,0: energi island,
0,energi island,0: energi island,
0,energi island,0: energi island,
0,energi island,0: energi island,
0,energi island,0: energi island,
0,energi island,0: energi island,
0,energi island,0: energi island,
0,energi island,0: energi island,
0,energi island,0: energi island,
0,energi island,0: energi island,
0,energi island,0: energi island,
0,energi island,0: energi island,
0,energi island,0: energi island,
0,energi island,0: energi island,
0,energi island,0: energi island,
0,energi island,0: energi island,
0,energi island,0: energi island,
0,energi island,0: energi island,
0,energi island,0: energi island,
0,energi island,0: energi island,
0,energi island,0: energi island,
0,energi island,0: energi island,
0,energi island,0: energi island,
0,energi island,0: energi island,
0,energi island,0: energi island,
0,energi island,0: energi island,
0,energi island,0: energi island,
0,energi island,0: energi island,
0,energi island,0: energi island,
0,energi island,0: energi island,
0,energi island,0: energi island,
0,energi island,0: energi island,
0,energi island,0: energi island,
0,energi island,0: energi island,
0,energi island,0: energi island,
0,energi island,0: energi island,
0,energi island,0: energi island,
0,energi island,0: energi island,
0,energi island,0: energi island,
0,energi island,0: energi island,
0,energi island,0: energi island,
0,energi island,0: energi island,
0,energi island,0: energi island,
0,energi island,0: energi island,
0,energi island,0: energi island,
0,energi island,0: energi island,
0,energi island,0: energi island,
0,energi island,0: energi island,
0,energi island,0: energi island,
0,energi island,0: energi island,
0,energi island,0: energi island,
0,energi island,0: energi island,
0,energi island,0: energi island,
0,energi island,0: energi island,
0,energi island,0: energi island,
0,energi island,0: energi island,
0,energi island,0: energi island,
0,energi island,0: energi island,
0,energi island,0: energi island,
0,energi island,0: energi island,
0,energi island,0: energi island,
0,energi island,0: energi island,
0,energi island,0: energi island,
0,energi island,0: energi island,
0,energi island,0: energi island,
0,energi island,0: energi island,
0,energi island,0: energi island,
0,energi island,0: energi island,
0,energi island,0: energi island,
0,energi island,0: energi island,
0,energi island,0: energi island,
0,energi island,0: energi island,
0,energi island,0: energi island,
0,energi island,0: energi island,
0,energi island,0: energi island,
0,energi island,0: energi island,
0,energi island,0: energi island,
0,energi island,0: energi island,
0,energi island,0: energi island,
0,energi island,0: energi island,
0,energi island,0: energi island,
0,energi island,0: energi island,
0,energi island,0: energi island,
0,energi island,0: energi island,
0,energi island,0: energi island,
0,energi island,0: energi island,
0,energi island,0: energi island,
0,energi island,0: energi island,
0,energi island,0: energi island,
0,energi island,0: energi island,
0,energi island,0: energi island,
0,energi island,0: energi island,
0,energi island,0: energi island,
0,energi island,0: energi island,
0,energi island,0: energi island,
0,energi island,0: energi island,
0,energi island,0: energi island,
0,energi island,0: energi island,
0,energi island,0: energi island,
0,energi island,0: energi island,
0,energi island,0: energi island,
0,energi island,0: energi island,
0,energi island,0: energi island,
0,energi island,0: energi island,
0,energi island,0: energi island,
0,energi island,0: energi island,
0,energi island,0: energi island,
0,energi island,0: energi island,
0,energi island,0: energi island,
0,energi island,0: energi island,
0,energi island,0: energi island,
0,energi island,0: energi island,
0,energi island,0: energi island,
0,energi island,0: energi island,
0,energi island,0: energi island,
0,energi island,0: energi island,
0,energi island,0: energi island,
0,energi island,0: energi island,
0,energi island,0: energi island,
0,energi island,0: energi island,
0,energi island,0: energi island,
0,energi island,0: energi island,
0,energi island,0: energi island,
0,energi island,0: energi island,
0,energi island,0: energi island,
0,energi island,0: energi island,
0,energi island,0: energi island,
0,energi island,0: energi island,
0,energi island,0: energi island,
0,energi island,0: energi island,
0,energi island,0: energi island,
0,energi island,0: energi island,
0,energi island,0: energi island,
0,energi island,0: energi island,
0,energi island,0: energi island,
0,energi island,0: energi island,
0,energi island,0: energi island,
0,energi island,0: energi island,
0,energi island,0: energi island,
0,energi island,0: energi island,
0,energi island,0: energi island,
0,energi island,0: energi island,
0,energi island,0: energi island,
0,energi island,0: energi island,
0,energi island,0: energi island,
0,energi island,0: energi island,
0,energi island,0: energi island,
0,energi island,0: energi island,
0,energi island,0: energi island,
0,energi island,0: energi island,
0,energi island,0: energi island,
0,energi island,0: energi island,
0,energi island,0: energi island,
0,energi island,0: energi island,
0,energi island,0: energi island,
0,energi island,0: energi island,
0,energi island,0: energi island,
0,energi island,0: energi island,
0,energi island,0: energi island,
0,energi island,0: energi island,
0,energi island,0: energi island,
0,energi island,0: energi island,
0,energi island,0: energi island,
0,energi island,0: energi island,
0,energi island,0: energi island,
0,energi island,0: energi island,
0,energi island,0: energi island,
0,energi island,0: energi island,
0,energi island,0: energi island,
0,energi island,0: energi island,
0,energi island,0: energi island,
0,energi island,0: energi island,
0,energi island,0: energi island,
0,energi island,0: energi island,
0,energi island,0: energi island,
0,energi island,0: energi island,
0,energi island,0: energi island,
0,energi island,0: energi island,
0,energi island,0: energi island,
0,energi island,0: energi island,
0,energi island,0: energi island,
0,energi island,0: energi island,
0,energi island,0: energi island,
0,energi island,0: energi island,
0,energi island,0: energi island,
0,energi island,0: energi island,
0,energi island,0: energi island,
0,energi island,0: energi island,
0,energi island,0: energi island,
0,energi island,0: energi island,
0,energi island,0: energi island,
0,energi island,0: energi island,
0,energi island,0: energi island,
0,energi island,0: energi island,
0,energi island,0: energi island,
0,energi island,0: energi island,
0,energi island,0: energi island,
0,energi island,0: energi island,
0,energi island,0: energi island,
0,energi island,0: energi island,
0,energi island,0: energi island,
0,energi island,0: energi island,
0,energi island,0: energi island,
0,energi island,0: energi island,
0,energi island,0: energi island,
0,energi island,0: energi island,
0,energi island,0: energi island,
0,energi island,0: energi island,
0,energi island,0: energi island,
0,energi island,0: energi island,
0,energi island,0: energi island,
0,energi island,0: energi island,
0,energi island,0: energi island,
0,energi island,0: energi island,
0,energi island,0: energi island,
0,energi island,0: energi island,
0,energi island,0: energi island,
0,energi island,0: energi island,
0,energi island,0: energi island,
0,energi island,0: energi island,
0,energi island,0: energi island,
0,energi island,0: energi island,
0,energi island,0: energi island,
0,energi island,0: energi island,
0,energi island,0: energi island,
0,energi island,0: energi island,
0,energi island,0: energi island,
0,energi island,0: energi island,
0,energi island,0: energi island,
0,energi island,0: energi island,
0,energi island,0: energi island,
0,energi island,0: energi island,
0,energi island,0: energi island,
0,energi island,0: energi island,
0,energi island,0: energi island,
0,energi island,0: energi island,
0,energi island,0: energi island,
0,energi island,0: energi island,
0,energi island,0: energi island,
0,energi island,0: energi island,
0,energi island,0: energi island,
0,energi island,0: energi island,
0,energi island,0: energi island,
0,energi island,0: energi island,
0,energi island,0: energi island,
0,energi island,0: energi island,
0,energi island,0: energi island,
0,energi island,0: energi island,
0,energi island,0: energi island,
0,energi island,0: energi island,
0,energi island,0: energi island,
0,energi island,0: energi island,
0,energi island,0: energi island,
0,energi island,0: energi island,
0,energi island,0: energi island,
0,energi island,0: energi island,
0,energi island,0: energi island,
0,energi island,0: energi island,
0,energi island,0: energi island,
0,energi island,0: energi island,
0,energi island,0: energi island,
0,energi island,0: energi island,
0,energi island,0: energi island,
0,energi island,0: energi island,
0,energi island,0: energi island,
0,energi island,0: energi island,
0,energi island,0: energi island,
0,energi island,0: energi island,
0,energi island,0: energi island,
0,energi island,0: energi island,
0,energi island,0: energi island,
0,energi island,0: energi island,
0,energi island,0: energi island,
0,energi island,0: energi island,
0,energi island,0: energi island,
0,energi island,0: energi island,
0,energi island,0: energi island,
0,energi island,0: energi island,
0,energi island,0: energi island,
0,energi island,0: energi island,
0,energi island,0: energi island,
0,energi island,0: energi island,
0,energi island,0: energi island,
0,energi island,0: energi island,
0,energi island,0: energi island,
0,energi island,0: energi island,
0,energi island,0: energi island,
0,energi island,0: energi island,
0,energi island,0: energi island,
0,energi island,0: energi island,
0,energi island,0: energi island,
0,energi island,0: energi island,
0,energi island,0: energi island,
0,energi island,0: energi island,
0,energi island,0: energi island,
0,energi island,0: energi island,
0,energi island,0: energi island,
0,energi island,0: energi island,
0,energi island,0: energi island,
0,energi island,0: energi island,
0,energi island,0: energi island,
0,energi island,0: energi island,
0,energi island,0: energi island,
0,energi island,0: energi island,
0,energi island,0: energi island,
0,energi island,0: energi island,
0,energi island,0: energi island,
0,energi island,0: energi island,
0,energi island,0: energi island,
0,energi island,0: energi island,
0,energi island,0: energi island,
0,energi island,0: energi island,
0,energi island,0: energi island,
0,energi island,0: energi island,
0,energi island,0: energi island,
0,energi island,0: energi island,
0,energi island,0: energi island,
0,energi island,0: energi island,
0,energi island,0: energi island,
0,energi island,0: energi island,
0,energi island,0: energi island,
0,energi island,0: energi island,
0,energi island,0: energi island,
0,energi island,0: energi island,
0,energi island,0: energi island,
0,energi island,0: energi island,
0,energi island,0: energi island,
0,energi island,0: energi island,
0,energi island,0: energi island,
0,energi island,0: energi island,
0,energi island,0: energi island,
0,energi island,0: energi island,
0,energi island,0: energi island,
0,energi island,0: energi island,
0,energi island,0: energi island,
0,energi island,0: energi island,
0,energi island,0: energi island,
0,energi island,0: energi island,
0,energi island,0: energi island,
0,energi island,0: energi island,
0,energi island,0: energi island,
0,energi island,0: energi island,
0,energi island,0: energi island,
0,energi island,0: energi island,
0,energi island,0: energi island,
0,energi island,0: energi island,
0,energi island,0: energi island,
0,energi island,0: energi island,
0,energi island,0: energi island,
0,energi island,0: energi island,
0,energi island,0: energi island,
0,energi island,0: energi island,
0,energi island,0: energi island,
0,energi island,0: energi island,
0,energi island,0: energi island,
0,energi island,0: energi island,
0,energi island,0: energi island,
0,energi island,0: energi island,
0,energi island,0: energi island,
0,energi island,0: energi island,
0,energi island,0: energi island,
0,energi island,0: energi island,
0,energi island,0: energi island,
0,energi island,0: energi island,
0,energi island,0: energi island,
0,energi island,0: energi island,
0,energi island,0: energi island,
0,energi island,0: energi island,
0,energi island,0: energi island,
0,energi island,0: energi island,
0,energi island,0: energi island,
0,energi island,0: energi island,
0,energi island,0: energi island,
0,energi island,0: energi island,
0,energi island,0: energi island,
0,energi island,0: energi island,
0,energi island,0: energi island,
0,energi island,0: energi island,
0,energi island,0: energi island,
0,energi island,0: energi island,
0,energi island,0: energi island,
0,energi island,0: energi island,
0,energi island,0: energi island,
0,energi island,0: energi island,
0,energi island,0: energi island,
0,energi island,0: energi island,
0,energi island,0: energi island,
0,energi island,0: energi island,
0,energi island,0: energi island,
0,energi island,0: energi island,
0,energi island,0: energi island,
0,energi island,0: energi island,
0,energi island,0: energi island,
0,energi island,0: energi island,
0,energi island,0: energi island,
0,energi island,0: energi island,
0,energi island,0: energi island,
0,energi island,0: energi island,
0,energi island,0: energi island,
0,energi island,0: energi island,
0,energi island,0: energi island,
0,energi island,0: energi island,
0,energi island,0: energi island,
0,energi island,0: energi island,
0,energi island,0: energi island,
0,energi island,0: energi island,
0,energi island,0: energi island,
0,energi island,0: energi island,
0,energi island,0: energi island,
0,energi island,0: energi island,
0,energi island,0: energi island,
0,energi island,0: energi island,
0,energi island,0: energi island,
0,energi island,0: energi island,
0,energi island,0: energi island,
0,energi island,0: energi island,
0,energi island,0: energi island,
0,energi island,0: energi island,
0,energi island,0: energi island,
0,energi island,0: energi island,
0,energi island,0: energi island,
0,energi island,0: energi island,
0,energi island,0: energi island,
0,energi island,0: energi island,
0,energi island,0: energi island,
0,energi island,0: energi island,
0,energi island,0: energi island,
0,energi island,0: energi island,
0,energi island,0: energi island,
0,energi island,0: energi island,
0,energi island,0: energi island,
0,energi island,0: energi island,
0,energi island,0: energi island,
0,energi island,0: energi island,
0,energi island,0: energi island,
0,energi island,0: energi island,
0,energi island,0: energi island,
0,energi island,0: energi island,
0,energi island,0: energi island,
0,energi island,0: energi island,
0,energi island,0: energi island,
0,energi island,0: energi island,
0,energi island,0: energi island,
0,energi island,0: energi island,
0,energi island,0: energi island,
0,energi island,0: energi island,
0,energi island,0: energi island,
0,energi island,0: energi island,
0,energi island,0: energi island,
0,energi island,0: energi island,
0,energi island,0: energi island,
0,energi island,0: energi island,
0,energi island,0: energi island,
0,energi island,0: energi island,
0,energi island,0: energi island,
0,energi island,0: energi island,
0,energi island,0: energi island,
0,energi island,0: energi island,
0,energi island,0: energi island,
0,energi island,0: energi island,
0,energi island,0: energi island,
0,energi island,0: energi island,
0,energi island,0: energi island,
0,energi island,0: energi island,
0,energi island,0: energi island,
0,energi island,0: energi island,
0,energi island,0: energi island,
0,energi island,0: energi island,
0,energi island,0: energi island,
0,energi island,0: energi island,
0,energi island,0: energi island,
0,energi island,0: energi island,
0,energi island,0: energi island,
0,energi island,0: energi island,
0,energi island,0: energi island,
0,energi island,0: energi island,
0,energi island,0: energi island,
0,energi island,0: energi island,
0,energi island,0: energi island,
0,energi island,0: energi island,
0,energi island,0: energi island,
0,energi island,0: energi island,
0,energi island,0: energi island,
0,energi island,0: energi island,
0,energi island,0: energi island,
0,energi island,0: energi island,
0,energi island,0: energi island,
0,energi island,0: energi island,
0,energi island,0: energi island,
0,energi island,0: energi island,
0,energi island,0: energi island,
0,energi island,0: energi island,
0,energi island,0: energi island,
0,energi island,0: energi island,
0,energi island,0: energi island,
0,energi island,0: energi island,
0,energi island,0: energi island,
0,energi island,0: energi island,
0,energi island,0: energi island,
0,energi island,0: energi island,
0,energi island,0: energi island,
0,energi island,0: energi island,
0,energi island,0: energi island,
0,energi island,0: energi island,
0,energi island,0: energi island,
0,energi island,0: energi island,
0,energi island,0: energi island,
0,energi island,0: energi island,
0,energi island,0: energi island,
0,energi island,0: energi island,
0,energi island,0: energi island,
0,energi island,0: energi island,
0,energi island,0: energi island,
0,energi island,0: energi island,
0,energi island,0: energi island,
0,energi island,0: energi island,
0,energi island,0: energi island,
0,energi island,0: energi island,
0,energi island,0: energi island,
0,energi island,0: energi island,
0,energi island,0: energi island,
0,energi island,0: energi island,
0,energi island,0: energi island,
0,energi island,0: energi island,
0,energi island,0: energi island,
0,energi island,0: energi island,
0,energi island,0: energi island,
0,energi island,0: energi island,
0,energi island,0: energi island,
0,energi island,0: energi island,
0,energi island,0: energi island,
0,energi island,0: energi island,
0,energi island,0: energi island,
0,energi island,0: energi island,
0,energi island,0: energi island,
0,energi island,0: energi island,
0,energi island,0: energi island,
0,energi island,0: energi island,
0,energi island,0: energi island,
0,energi island,0: energi island,
0,energi island,0: energi island,
0,energi island,0: energi island,
0,energi island,0: energi island,
0,energi island,0: energi island,
0,energi island,0: energi island,
0,energi island,0: energi island,
0,energi island,0: energi island,
0,energi island,0: energi island,
0,energi island,0: energi island,
0,energi island,0: energi island,
0,energi island,0: energi island,
0,energi island,0: energi island,
0,energi island,0: energi island,
0,energi island,0: energi island,
0,energi island,0: energi island,
0,energi island,0: energi island,
0,energi island,0: energi island,
0,energi island,0: energi island,
0,energi island,0: energi island,
0,energi island,0: energi island,
0,energi island,0: energi island,
0,energi island,0: energi island,
0,energi island,0: energi island,
0,energi island,0: energi island,
0,energi island,0: energi island,
0,energi island,0: energi island,
0,energi island,0: energi island,
0,energi island,0: energi island,
0,energi island,0: energi island,
0,energi island,0: energi island,
0,energi island,0: energi island,
0,energi island,0: energi island,
0,energi island,0: energi island,
0,energi island,0: energi island,
0,energi island,0: energi island,
0,energi island,0: energi island,
0,energi island,0: energi island,
0,energi island,0: energi island,
0,energi island,0: energi island,
0,energi island,0: energi island,
0,energi island,0: energi island,
0,energi island,0: energi island,
0,energi island,0: energi island,
0,energi island,0: energi island,
0,energi island,0: energi island,
0,energi island,0: energi island,
0,energi island,0: energi island,
0,energi island,0: energi island,
0,energi island,0: energi island,
0,energi island,0: energi island,
0,energi island,0: energi island,
0,energi island,0: energi island,
0,energi island,0: energi island,
0,energi island,0: energi island,
0,energi island,0: energi island,
0,energi island,0: energi island,
0,energi island,0: energi island,
0,energi island,0: energi island,
0,energi island,0: energi island,
0,energi island,0: energi island,
0,energi island,0: energi island,
0,energi island,0: energi island,
0,energi island,0: energi island,
0,energi island,0: energi island,
0,energi island,0: energi island,
0,energi island,0: energi island,
0,energi island,0: energi island,
0,energi island,0: energi island,
0,energi island,0: energi island,
0,energi island,0: energi island,
0,energi island,0: energi island,
0,energi island,0: energi island,
0,energi island,0: energi island,
0,energi island,0: energi island,
0,energi island,0: energi island,
0,energi island,0: energi island,
0,energi island,0: energi island,
0,energi island,0: energi island,
0,energi island,0: energi island,
0,energi island,0: energi island,
0,energi island,0: energi island,
0,energi island,0: energi island,
0,energi island,0: energi island,
0,energi island,0: energi island,
0,energi island,0: energi island,
0,energi island,0: energi island,
0,energi island,0: energi island,
0,energi island,0: energi island,
0,energi island,0: energi island,
0,energi island,0: energi island,
0,energi island,0: energi island,
0,energi island,0: energi island,
0,energi island,0: energi island,
0,energi island,0: energi island,
0,energi island,0: energi island,
0,energi island,0: energi island,
0,energi island,0: energi island,
0,energi island,0: energi island,
0,energi island,0: energi island,
0,energi island,0: energi island,
0,energi island,0: energi island,
0,energi island,0: energi island,
0,energi island,0: energi island,
0,energi island,0: energi island,
0,energi island,0: energi island,
0,energi island,0: energi island,
0,energi island,0: energi island,
0,energi island,0: energi island,
0,energi island,0: energi island,
0,energi island,0: energi island,
0,energi island,0: energi island,
0,energi island,0: energi island,
0,energi island,0: energi island,
0,energi island,0: energi island,
0,energi island,0: energi island,
0,energi island,0: energi island,
0,energi island,0: energi island,
0,energi island,0: energi island,
0,energi island,0: energi island,
0,energi island,0: energi island,
0,energi island,0: energi island,
0,energi island,0: energi island,
0,energi island,0: energi island,
0,energi island,0: energi island,
0,energi island,0: energi island,
0,energi island,0: energi island,
0,energi island,0: energi island,
0,energi island,0: energi island,
0,energi island,0: energi island,
0,energi island,0: energi island,
0,energi island,0: energi island,
0,energi island,0: energi island,
0,energi island,0: energi island,
0,energi island,0: energi island,
0,energi island,0: energi island,
0,energi island,0: energi island,
0,energi island,0: energi island,
0,energi island,0: energi island,
0,energi island,0: energi island,
0,energi island,0: energi island,
0,energi island,0: energi island,
0,energi island,0: energi island,
0,energi island,0: energi island,
0,energi island,0: energi island,
0,energi island,0: energi island,
0,energi island,0: energi island,
0,energi island,0: energi island,
0,energi island,0: energi island,
0,energi island,0: energi island,
0,energi island,0: energi island,
0,energi island,0: energi island,
0,energi island,0: energi island,
0,energi island,0: energi island,
0,energi island,0: energi island,
0,energi island,0: energi island,
0,energi island,0: energi island,
0,energi island,0: energi island,
0,energi island,0: energi island,
0,energi island,0: energi island,
0,energi island,0: energi island,
0,energi island,0: energi island,
0,energi island,0: energi island,
0,energi island,0: energi island,
0,energi island,0: energi island,
0,energi island,0: energi island,
0,energi island,0: energi island,
0,energi island,0: energi island,
0,energi island,0: energi island,
0,energi island,0: energi island,
0,energi island,0: energi island,
0,energi island,0: energi island,
0,energi island,0: energi island,
0,energi island,0: energi island,
0,energi island,0: energi island,
0,energi island,0: energi island,
0,energi island,0: energi island,
0,energi island,0: energi island,
0,energi island,0: energi island,
0,energi island,0: energi island,
0,energi island,0: energi island,
0,energi island,0: energi island,
0,energi island,0: energi island,
0,energi island,0: energi island,
0,energi island,0: energi island,
0,energi island,0: energi island,
0,energi island,0: energi island,
0,energi island,0: energi island,
0,energi island,0: energi island,
0,energi island,0: energi island,
0,energi island,0: energi island,
0,energi island,0: energi island,
0,energi island,0: energi island,
0,energi island,0: energi island,
0,energi island,0: energi island,
0,energi island,0: energi island,
0,energi island,0: energi island,
0,energi island,0: energi island,
0,energi island,0: energi island,
0,energi island,0: energi island,
0,energi island,0: energi island,
0,energi island,0: energi island,
0,energi island,0: energi island,
0,energi island,0: energi island,
0,energi island,0: energi island,
0,energi island,0: energi island,
0,energi island,0: energi island,
0,energi island,0: energi island,
0,energi island,0: energi island,
0,energi island,0: energi island,
0,energi island,0: energi island,
0,energi island,0: energi island,
0,energi island,0: energi island,
0,energi island,0: energi island,
0,energi island,0: energi island,
0,energi island,0: energi island,
0,energi island,0: energi island,
0,energi island,0: energi island,
0,energi island,0: energi island,
0,energi island,0: energi island,
0,energi island,0: energi island,
0,energi island,0: energi island,
0,energi island,0: energi island,
0,energi island,0: energi island,
0,energi island,0: energi island,
0,energi island,0: energi island,
0,energi island,0: energi island,
0,energi island,0: energi island,
0,energi island,0: energi island,
0,energi island,0: energi island,
0,energi island,0: energi island,
0,energi island,0: energi island,
0,energi island,0: energi island,
0,energi island,0: energi island,
0,energi island,0: energi island,
0,energi island,0: energi island,
0,energi island,0: energi island,
0,energi island,0: energi island,
0,energi island,0: energi island,
0,energi island,0: energi island,
0,energi island,0: energi island,
0,energi island,0: energi island,
0,energi island,0: energi island,
0,energi island,0: energi island,
0,energi island,0: energi island,
0,energi island,0: energi island,
0,energi island,0: energi island,
0,energi island,0: energi island,
0,energi island,0: energi island,
0,energi island,0: energi island,
0,energi island,0: energi island,
0,energi island,0: energi island,
0,energi island,0: energi island,
0,energi island,0: energi island,
0,energi island,0: energi island,
0,energi island,0: energi island,
0,energi island,0: energi island,
0,energi island,0: energi island,
0,energi island,0: energi island,
0,energi island,0: energi island,
0,energi island,0: energi island,
0,energi island,0: energi island,
0,energi island,0: energi island,
0,energi island,0: energi island,
0,energi island,0: energi island,
0,energi island,0: energi island,
0,energi island,0: energi island,
0,energi island,0: energi island,
0,energi island,0: energi island,
0,energi island,0: energi island,
0,energi island,0: energi island,
0,energi island,0: energi island,
0,energi island,0: energi island,
0,energi island,0: energi island,
0,energi island,0: energi island,
0,energi island,0: energi island,
0,energi island,0: energi island,
0,energi island,0: energi island,
0,energi island,0: energi island,
0,energi island,0: energi island,
0,energi island,0: energi island,
0,energi island,0: energi island,
0,energi island,0: energi island,
0,energi island,0: energi island,
0,energi island,0: energi island,
0,energi island,0: energi island,
0,energi island,0: energi island,
0,energi island,0: energi island,
0,energi island,0: energi island,
0,energi island,0: energi island,
0,energi island,0: energi island,
0,energi island,0: energi island,
0,energi island,0: energi island,
0,energi island,0: energi island,
0,energi island,0: energi island,
0,energi island,0: energi island,
0,energi island,0: energi island,
0,energi island,0: energi island,
0,energi island,0: energi island,
0,energi island,0: energi island,
0,energi island,0: energi island,
0,energi island,0: energi island,
0,energi island,0: energi island,
0,energi island,0: energi island,
0,energi island,0: energi island,
0,energi island,0: energi island,
0,energi island,0: energi island,
0,energi island,0: energi island,
0,energi island,0: energi island,
0,energi island,0: energi island,
0,energi island,0: energi island,
0,energi island,0: energi island,
0,energi island,0: energi island,
0,energi island,0: energi island,
0,energi island,0: energi island,
0,energi island,0: energi island,
0,energi island,0: energi island,
0,energi island,0: energi island,
0,energi island,0: energi island,
0,energi island,0: energi island,
0,energi island,0: energi island,
0,energi island,0: energi island,
0,energi island,0: energi island,
0,energi island,0: energi island,
0,energi island,0: energi island,
0,energi island,0: energi island,
0,energi island,0: energi island,
0,energi island,0: energi island,
0,energi island,0: energi island,
0,energi island,0: energi island,
0,energi island,0: energi island,
0,energi island,0: energi island,
0,energi island,0: energi island,
0,energi island,0: energi island,
0,energi island,0: energi island,
0,energi island,0: energi island,
0,energi island,0: energi island,
0,energi island,0: energi island,
0,energi island,0: energi island,
0,energi island,0: energi island,
0,energi island,0: energi island,
0,energi island,0: energi island,
0,energi island,0: energi island,
0,energi island,0: energi island,
0,energi island,0: energi island,
0,energi island,0: energi island,
0,energi island,0: energi island,
0,energi island,0: energi island,
0,energi island,0: energi island,
0,energi island,0: energi island,
0,energi island,0: energi island,
0,energi island,0: energi island,
0,energi island,0: energi island,
0,energi island,0: energi island,
0,energi island,0: energi island,
0,energi island,0: energi island,
0,energi island,0: energi island,
0,energi island,0: energi island,
0,energi island,0: energi island,
0,energi island,0: energi island,
0,energi island,0: energi island,
0,energi island,0: energi island,
0,energi island,0: energi island,
0,energi island,0: energi island,
0,energi island,0: energi island,
0,energi island,0: energi island,
0,energi island,0: energi island,
0,energi island,0: energi island,
0,energi island,0: energi island,
0,energi island,0: energi island,
0,energi island,0: energi island,
0,energi island,0: energi island,
0,energi island,0: energi island,
0,energi island,0: energi island,
0,energi island,0: energi island,
0,energi island,0: energi island,
0,energi island,0: energi island,
0,energi island,0: energi island,
0,energi island,0: energi island,
0,energi island,0: energi island,
0,energi island,0: energi island,
4,baltic sea,4: baltic sea,
4,baltic sea,4: baltic sea,
4,baltic sea,4: baltic sea,
4,baltic sea,4: baltic sea,
4,baltic sea,4: baltic sea,
4,baltic sea,4: baltic sea,
4,baltic sea,4: baltic sea,
4,baltic sea,4: baltic sea,
4,baltic sea,4: baltic sea,
4,baltic sea,4: baltic sea,
4,baltic sea,4: baltic sea,
4,baltic sea,4: baltic sea,
4,baltic sea,4: baltic sea,
4,baltic sea,4: baltic sea,
4,baltic sea,4: baltic sea,
4,baltic sea,4: baltic sea,
4,baltic sea,4: baltic sea,
4,baltic sea,4: baltic sea,
4,baltic sea,4: baltic sea,
4,baltic sea,4: baltic sea,
4,baltic sea,4: baltic sea,
4,baltic sea,4: baltic sea,
4,baltic sea,4: baltic sea,
4,baltic sea,4: baltic sea,
4,baltic sea,4: baltic sea,
4,baltic sea,4: baltic sea,
4,baltic sea,4: baltic sea,
4,baltic sea,4: baltic sea,
4,baltic sea,4: baltic sea,
4,baltic sea,4: baltic sea,
4,baltic sea,4: baltic sea,
4,baltic sea,4: baltic sea,
4,baltic sea,4: baltic sea,
4,baltic sea,4: baltic sea,
4,baltic sea,4: baltic sea,
4,baltic sea,4: baltic sea,
4,baltic sea,4: baltic sea,
4,baltic sea,4: baltic sea,
4,baltic sea,4: baltic sea,
4,baltic sea,4: baltic sea,
4,baltic sea,4: baltic sea,
4,baltic sea,4: baltic sea,
4,baltic sea,4: baltic sea,
4,baltic sea,4: baltic sea,
4,baltic sea,4: baltic sea,
4,baltic sea,4: baltic sea,
4,baltic sea,4: baltic sea,
4,baltic sea,4: baltic sea,
4,baltic sea,4: baltic sea,
4,baltic sea,4: baltic sea,
4,baltic sea,4: baltic sea,
4,baltic sea,4: baltic sea,
4,baltic sea,4: baltic sea,
4,baltic sea,4: baltic sea,
4,baltic sea,4: baltic sea,
4,baltic sea,4: baltic sea,
4,baltic sea,4: baltic sea,
4,baltic sea,4: baltic sea,
4,baltic sea,4: baltic sea,
4,baltic sea,4: baltic sea,
4,baltic sea,4: baltic sea,
4,baltic sea,4: baltic sea,
4,baltic sea,4: baltic sea,
4,baltic sea,4: baltic sea,
4,baltic sea,4: baltic sea,
4,baltic sea,4: baltic sea,
4,baltic sea,4: baltic sea,
4,baltic sea,4: baltic sea,
4,baltic sea,4: baltic sea,
4,baltic sea,4: baltic sea,
4,baltic sea,4: baltic sea,
4,baltic sea,4: baltic sea,
4,baltic sea,4: baltic sea,
4,baltic sea,4: baltic sea,
4,baltic sea,4: baltic sea,
4,baltic sea,4: baltic sea,
4,baltic sea,4: baltic sea,
4,baltic sea,4: baltic sea,
4,baltic sea,4: baltic sea,
4,baltic sea,4: baltic sea,
4,baltic sea,4: baltic sea,
4,baltic sea,4: baltic sea,
4,baltic sea,4: baltic sea,
4,baltic sea,4: baltic sea,
4,baltic sea,4: baltic sea,
4,baltic sea,4: baltic sea,
4,baltic sea,4: baltic sea,
4,baltic sea,4: baltic sea,
4,baltic sea,4: baltic sea,
4,baltic sea,4: baltic sea,
4,baltic sea,4: baltic sea,
4,baltic sea,4: baltic sea,
4,baltic sea,4: baltic sea,
4,baltic sea,4: baltic sea,
4,baltic sea,4: baltic sea,
4,baltic sea,4: baltic sea,
4,baltic sea,4: baltic sea,
4,baltic sea,4: baltic sea,
4,baltic sea,4: baltic sea,
4,baltic sea,4: baltic sea,
4,baltic sea,4: baltic sea,
4,baltic sea,4: baltic sea,
4,baltic sea,4: baltic sea,
4,baltic sea,4: baltic sea,
4,baltic sea,4: baltic sea,
4,baltic sea,4: baltic sea,
4,baltic sea,4: baltic sea,
4,baltic sea,4: baltic sea,
4,baltic sea,4: baltic sea,
4,baltic sea,4: baltic sea,
4,baltic sea,4: baltic sea,
4,baltic sea,4: baltic sea,
4,baltic sea,4: baltic sea,
4,baltic sea,4: baltic sea,
4,baltic sea,4: baltic sea,
4,baltic sea,4: baltic sea,
4,baltic sea,4: baltic sea,
4,baltic sea,4: baltic sea,
4,baltic sea,4: baltic sea,
4,baltic sea,4: baltic sea,
4,baltic sea,4: baltic sea,
4,baltic sea,4: baltic sea,
4,baltic sea,4: baltic sea,
4,baltic sea,4: baltic sea,
4,baltic sea,4: baltic sea,
4,baltic sea,4: baltic sea,
4,baltic sea,4: baltic sea,
4,baltic sea,4: baltic sea,
4,baltic sea,4: baltic sea,
4,baltic sea,4: baltic sea,
4,baltic sea,4: baltic sea,
4,baltic sea,4: baltic sea,
4,baltic sea,4: baltic sea,
4,baltic sea,4: baltic sea,
4,baltic sea,4: baltic sea,
4,baltic sea,4: baltic sea,
4,baltic sea,4: baltic sea,
4,baltic sea,4: baltic sea,
2,municip council,2: municip council,
2,municip council,2: municip council,
2,municip council,2: municip council,
2,municip council,2: municip council,
2,municip council,2: municip council,
2,municip council,2: municip council,
2,municip council,2: municip council,
2,municip council,2: municip council,
2,municip council,2: municip council,
2,municip council,2: municip council,
2,municip council,2: municip council,
2,municip council,2: municip council,
2,municip council,2: municip council,
2,municip council,2: municip council,
2,municip council,2: municip council,
2,municip council,2: municip council,
2,municip council,2: municip council,
2,municip council,2: municip council,
2,municip council,2: municip council,
2,municip council,2: municip council,
2,municip council,2: municip council,
2,municip council,2: municip council,
2,municip council,2: municip council,
2,municip council,2: municip council,
2,municip council,2: municip council,
2,municip council,2: municip council,
2,municip council,2: municip council,
2,municip council,2: municip council,
2,municip council,2: municip council,
2,municip council,2: municip council,
2,municip council,2: municip council,
2,municip council,2: municip council,
2,municip council,2: municip council,
2,municip council,2: municip council,
2,municip council,2: municip council,
2,municip council,2: municip council,
2,municip council,2: municip council,
2,municip council,2: municip council,
2,municip council,2: municip council,
2,municip council,2: municip council,
2,municip council,2: municip council,
2,municip council,2: municip council,
2,municip council,2: municip council,
2,municip council,2: municip council,
2,municip council,2: municip council,
2,municip council,2: municip council,
2,municip council,2: municip council,
2,municip council,2: municip council,
2,municip council,2: municip council,
2,municip council,2: municip council,
2,municip council,2: municip council,
2,municip council,2: municip council,
2,municip council,2: municip council,
2,municip council,2: municip council,
2,municip council,2: municip council,
2,municip council,2: municip council,
2,municip council,2: municip council,
2,municip council,2: municip council,
2,municip council,2: municip council,
2,municip council,2: municip council,
2,municip council,2: municip council,
2,municip council,2: municip council,
2,municip council,2: municip council,
2,municip council,2: municip council,
2,municip council,2: municip council,
2,municip council,2: municip council,
2,municip council,2: municip council,
2,municip council,2: municip council,
2,municip council,2: municip council,
2,municip council,2: municip council,
2,municip council,2: municip council,
2,municip council,2: municip council,
2,municip council,2: municip council,
2,municip council,2: municip council,
2,municip council,2: municip council,
2,municip council,2: municip council,
2,municip council,2: municip council,
2,municip council,2: municip council,
2,municip council,2: municip council,
2,municip council,2: municip council,
2,municip council,2: municip council,
2,municip council,2: municip council,
2,municip council,2: municip council,
2,municip council,2: municip council,
2,municip council,2: municip council,
2,municip council,2: municip council,
2,municip council,2: municip council,
2,municip council,2: municip council,
2,municip council,2: municip council,
2,municip council,2: municip council,
2,municip council,2: municip council,
2,municip council,2: municip council,
2,municip council,2: municip council,
2,municip council,2: municip council,
2,municip council,2: municip council,
2,municip council,2: municip council,
2,municip council,2: municip council,
2,municip council,2: municip council,
2,municip council,2: municip council,
2,municip council,2: municip council,
2,municip council,2: municip council,
2,municip council,2: municip council,
2,municip council,2: municip council,
2,municip council,2: municip council,
2,municip council,2: municip council,
2,municip council,2: municip council,
2,municip council,2: municip council,
2,municip council,2: municip council,
2,municip council,2: municip council,
2,municip council,2: municip council,
2,municip council,2: municip council,
2,municip council,2: municip council,
2,municip council,2: municip council,
2,municip council,2: municip council,
2,municip council,2: municip council,
2,municip council,2: municip council,
2,municip council,2: municip council,
2,municip council,2: municip council,
2,municip council,2: municip council,
2,municip council,2: municip council,
2,municip council,2: municip council,
2,municip council,2: municip council,
2,municip council,2: municip council,
2,municip council,2: municip council,
2,municip council,2: municip council,
2,municip council,2: municip council,
2,municip council,2: municip council,
2,municip council,2: municip council,
2,municip council,2: municip council,
2,municip council,2: municip council,
2,municip council,2: municip council,
2,municip council,2: municip council,
2,municip council,2: municip council,
2,municip council,2: municip council,
2,municip council,2: municip council,
2,municip council,2: municip council,
2,municip council,2: municip council,
2,municip council,2: municip council,
2,municip council,2: municip council,
2,municip council,2: municip council,
2,municip council,2: municip council,
2,municip council,2: municip council,
2,municip council,2: municip council,
2,municip council,2: municip council,
2,municip council,2: municip council,
2,municip council,2: municip council,
2,municip council,2: municip council,
2,municip council,2: municip council,
2,municip council,2: municip council,
2,municip council,2: municip council,
2,municip council,2: municip council,
2,municip council,2: municip council,
2,municip council,2: municip council,
2,municip council,2: municip council,
2,municip council,2: municip council,
2,municip council,2: municip council,
2,municip council,2: municip council,
2,municip council,2: municip council,
2,municip council,2: municip council,
2,municip council,2: municip council,
2,municip council,2: municip council,
2,municip council,2: municip council,
2,municip council,2: municip council,
2,municip council,2: municip council,
2,municip council,2: municip council,
2,municip council,2: municip council,
2,municip council,2: municip council,
2,municip council,2: municip council,
2,municip council,2: municip council,
2,municip council,2: municip council,
2,municip council,2: municip council,
2,municip council,2: municip council,
2,municip council,2: municip council,
2,municip council,2: municip council,
2,municip council,2: municip council,
2,municip council,2: municip council,
2,municip council,2: municip council,
2,municip council,2: municip council,
2,municip council,2: municip council,
2,municip council,2: municip council,
2,municip council,2: municip council,
2,municip council,2: municip council,
2,municip council,2: municip council,
2,municip council,2: municip council,
2,municip council,2: municip council,
2,municip council,2: municip council,
2,municip council,2: municip council,
2,municip council,2: municip council,
2,municip council,2: municip council,
2,municip council,2: municip council,
2,municip council,2: municip council,
2,municip council,2: municip council,
2,municip council,2: municip council,
2,municip council,2: municip council,
2,municip council,2: municip council,
2,municip council,2: municip council,
2,municip council,2: municip council,
2,municip council,2: municip council,
2,municip council,2: municip council,
2,municip council,2: municip council,
2,municip council,2: municip council,
2,municip council,2: municip council,
2,municip council,2: municip council,
2,municip council,2: municip council,
2,municip council,2: municip council,
2,municip council,2: municip council,
2,municip council,2: municip council,
2,municip council,2: municip council,
2,municip council,2: municip council,
2,municip council,2: municip council,
2,municip council,2: municip council,
2,municip council,2: municip council,
2,municip council,2: municip council,
2,municip council,2: municip council,
2,municip council,2: municip council,
2,municip council,2: municip council,
2,municip council,2: municip council,
2,municip council,2: municip council,
2,municip council,2: municip council,
2,municip council,2: municip council,
2,municip council,2: municip council,
2,municip council,2: municip council,
2,municip council,2: municip council,
2,municip council,2: municip council,
2,municip council,2: municip council,
2,municip council,2: municip council,
2,municip council,2: municip council,
2,municip council,2: municip council,
2,municip council,2: municip council,
2,municip council,2: municip council,
2,municip council,2: municip council,
2,municip council,2: municip council,
2,municip council,2: municip council,
2,municip council,2: municip council,
2,municip council,2: municip council,
2,municip council,2: municip council,
2,municip council,2: municip council,
2,municip council,2: municip council,
2,municip council,2: municip council,
2,municip council,2: municip council,
2,municip council,2: municip council,
2,municip council,2: municip council,
2,municip council,2: municip council,
2,municip council,2: municip council,
2,municip council,2: municip council,
2,municip council,2: municip council,
2,municip council,2: municip council,
2,municip council,2: municip council,
2,municip council,2: municip council,
2,municip council,2: municip council,
2,municip council,2: municip council,
2,municip council,2: municip council,
2,municip council,2: municip council,
2,municip council,2: municip council,
2,municip council,2: municip council,
2,municip council,2: municip council,
2,municip council,2: municip council,
2,municip council,2: municip council,
2,municip council,2: municip council,
2,municip council,2: municip council,
2,municip council,2: municip council,
2,municip council,2: municip council,
2,municip council,2: municip council,
2,municip council,2: municip council,
2,municip council,2: municip council,
2,municip council,2: municip council,
2,municip council,2: municip council,
2,municip council,2: municip council,
2,municip council,2: municip council,
2,municip council,2: municip council,
2,municip council,2: municip council,
2,municip council,2: municip council,
2,municip council,2: municip council,
2,municip council,2: municip council,
2,municip council,2: municip council,
2,municip council,2: municip council,
2,municip council,2: municip council,
2,municip council,2: municip council,
2,municip council,2: municip council,
2,municip council,2: municip council,
2,municip council,2: municip council,
2,municip council,2: municip council,
2,municip council,2: municip council,
2,municip council,2: municip council,
2,municip council,2: municip council,
2,municip council,2: municip council,
2,municip council,2: municip council,
2,municip council,2: municip council,
2,municip council,2: municip council,
2,municip council,2: municip council,
2,municip council,2: municip council,
2,municip council,2: municip council,
2,municip council,2: municip council,
2,municip council,2: municip council,
2,municip council,2: municip council,
2,municip council,2: municip council,
2,municip council,2: municip council,
2,municip council,2: municip council,
2,municip council,2: municip council,
2,municip council,2: municip council,
2,municip council,2: municip council,
2,municip council,2: municip council,
2,municip council,2: municip council,
2,municip council,2: municip council,
2,municip council,2: municip council,
2,municip council,2: municip council,
2,municip council,2: municip council,
2,municip council,2: municip council,
2,municip council,2: municip council,
2,municip council,2: municip council,
2,municip council,2: municip council,
2,municip council,2: municip council,
4,baltic sea,4: baltic sea,
4,baltic sea,4: baltic sea,
4,baltic sea,4: baltic sea,
4,baltic sea,4: baltic sea,
4,baltic sea,4: baltic sea,
4,baltic sea,4: baltic sea,
4,baltic sea,4: baltic sea,
4,baltic sea,4: baltic sea,
4,baltic sea,4: baltic sea,
4,baltic sea,4: baltic sea,
4,baltic sea,4: baltic sea,
4,baltic sea,4: baltic sea,
4,baltic sea,4: baltic sea,
4,baltic sea,4: baltic sea,
4,baltic sea,4: baltic sea,
4,baltic sea,4: baltic sea,
4,baltic sea,4: baltic sea,
4,baltic sea,4: baltic sea,
4,baltic sea,4: baltic sea,
4,baltic sea,4: baltic sea,
4,baltic sea,4: baltic sea,
4,baltic sea,4: baltic sea,
4,baltic sea,4: baltic sea,
4,baltic sea,4: baltic sea,
4,baltic sea,4: baltic sea,
4,baltic sea,4: baltic sea,
4,baltic sea,4: baltic sea,
4,baltic sea,4: baltic sea,
4,baltic sea,4: baltic sea,
4,baltic sea,4: baltic sea,
4,baltic sea,4: baltic sea,
4,baltic sea,4: baltic sea,
4,baltic sea,4: baltic sea,
4,baltic sea,4: baltic sea,
4,baltic sea,4: baltic sea,
4,baltic sea,4: baltic sea,
4,baltic sea,4: baltic sea,
4,baltic sea,4: baltic sea,
4,baltic sea,4: baltic sea,
4,baltic sea,4: baltic sea,
4,baltic sea,4: baltic sea,
4,baltic sea,4: baltic sea,
4,baltic sea,4: baltic sea,
4,baltic sea,4: baltic sea,
4,baltic sea,4: baltic sea,
4,baltic sea,4: baltic sea,
4,baltic sea,4: baltic sea,
4,baltic sea,4: baltic sea,
4,baltic sea,4: baltic sea,
4,baltic sea,4: baltic sea,
4,baltic sea,4: baltic sea,
4,baltic sea,4: baltic sea,
4,baltic sea,4: baltic sea,
4,baltic sea,4: baltic sea,
4,baltic sea,4: baltic sea,
4,baltic sea,4: baltic sea,
4,baltic sea,4: baltic sea,
4,baltic sea,4: baltic sea,
4,baltic sea,4: baltic sea,
4,baltic sea,4: baltic sea,
4,baltic sea,4: baltic sea,
4,baltic sea,4: baltic sea,
4,baltic sea,4: baltic sea,
4,baltic sea,4: baltic sea,
4,baltic sea,4: baltic sea,
4,baltic sea,4: baltic sea,
4,baltic sea,4: baltic sea,
4,baltic sea,4: baltic sea,
4,baltic sea,4: baltic sea,
4,baltic sea,4: baltic sea,
4,baltic sea,4: baltic sea,
4,baltic sea,4: baltic sea,
4,baltic sea,4: baltic sea,
4,baltic sea,4: baltic sea,
4,baltic sea,4: baltic sea,
4,baltic sea,4: baltic sea,
4,baltic sea,4: baltic sea,
4,baltic sea,4: baltic sea,
4,baltic sea,4: baltic sea,
4,baltic sea,4: baltic sea,
4,baltic sea,4: baltic sea,
4,baltic sea,4: baltic sea,
4,baltic sea,4: baltic sea,
4,baltic sea,4: baltic sea,
4,baltic sea,4: baltic sea,
4,baltic sea,4: baltic sea,
4,baltic sea,4: baltic sea,
4,baltic sea,4: baltic sea,
4,baltic sea,4: baltic sea,
4,baltic sea,4: baltic sea,
4,baltic sea,4: baltic sea,
4,baltic sea,4: baltic sea,
4,baltic sea,4: baltic sea,
4,baltic sea,4: baltic sea,
4,baltic sea,4: baltic sea,
4,baltic sea,4: baltic sea,
4,baltic sea,4: baltic sea,
4,baltic sea,4: baltic sea,
4,baltic sea,4: baltic sea,
4,baltic sea,4: baltic sea,
4,baltic sea,4: baltic sea,
4,baltic sea,4: baltic sea,
4,baltic sea,4: baltic sea,
4,baltic sea,4: baltic sea,
4,baltic sea,4: baltic sea,
4,baltic sea,4: baltic sea,
4,baltic sea,4: baltic sea,
4,baltic sea,4: baltic sea,
4,baltic sea,4: baltic sea,
4,baltic sea,4: baltic sea,
4,baltic sea,4: baltic sea,
4,baltic sea,4: baltic sea,
4,baltic sea,4: baltic sea,
4,baltic sea,4: baltic sea,
4,baltic sea,4: baltic sea,
4,baltic sea,4: baltic sea,
4,baltic sea,4: baltic sea,
4,baltic sea,4: baltic sea,
4,baltic sea,4: baltic sea,
4,baltic sea,4: baltic sea,
4,baltic sea,4: baltic sea,
4,baltic sea,4: baltic sea,
4,baltic sea,4: baltic sea,
4,baltic sea,4: baltic sea,
4,baltic sea,4: baltic sea,
4,baltic sea,4: baltic sea,
4,baltic sea,4: baltic sea,
4,baltic sea,4: baltic sea,
4,baltic sea,4: baltic sea,
4,baltic sea,4: baltic sea,
4,baltic sea,4: baltic sea,
4,baltic sea,4: baltic sea,
4,baltic sea,4: baltic sea,
4,baltic sea,4: baltic sea,
4,baltic sea,4: baltic sea,
4,baltic sea,4: baltic sea,
4,baltic sea,4: baltic sea,
4,baltic sea,4: baltic sea,
2,municip council,2: municip council,
2,municip council,2: municip council,
2,municip council,2: municip council,
2,municip council,2: municip council,
2,municip council,2: municip council,
2,municip council,2: municip council,
2,municip council,2: municip council,
2,municip council,2: municip council,
2,municip council,2: municip council,
2,municip council,2: municip council,
2,municip council,2: municip council,
2,municip council,2: municip council,
2,municip council,2: municip council,
2,municip council,2: municip council,
2,municip council,2: municip council,
2,municip council,2: municip council,
2,municip council,2: municip council,
2,municip council,2: municip council,
2,municip council,2: municip council,
2,municip council,2: municip council,
2,municip council,2: municip council,
2,municip council,2: municip council,
2,municip council,2: municip council,
2,municip council,2: municip council,
2,municip council,2: municip council,
2,municip council,2: municip council,
2,municip council,2: municip council,
2,municip council,2: municip council,
2,municip council,2: municip council,
2,municip council,2: municip council,
2,municip council,2: municip council,
2,municip council,2: municip council,
2,municip council,2: municip council,
2,municip council,2: municip council,
2,municip council,2: municip council,
2,municip council,2: municip council,
2,municip council,2: municip council,
2,municip council,2: municip council,
2,municip council,2: municip council,
2,municip council,2: municip council,
2,municip council,2: municip council,
2,municip council,2: municip council,
2,municip council,2: municip council,
2,municip council,2: municip council,
2,municip council,2: municip council,
2,municip council,2: municip council,
2,municip council,2: municip council,
2,municip council,2: municip council,
2,municip council,2: municip council,
2,municip council,2: municip council,
2,municip council,2: municip council,
2,municip council,2: municip council,
2,municip council,2: municip council,
2,municip council,2: municip council,
2,municip council,2: municip council,
2,municip council,2: municip council,
2,municip council,2: municip council,
2,municip council,2: municip council,
2,municip council,2: municip council,
2,municip council,2: municip council,
2,municip council,2: municip council,
2,municip council,2: municip council,
2,municip council,2: municip council,
2,municip council,2: municip council,
2,municip council,2: municip council,
2,municip council,2: municip council,
2,municip council,2: municip council,
2,municip council,2: municip council,
2,municip council,2: municip council,
2,municip council,2: municip council,
2,municip council,2: municip council,
2,municip council,2: municip council,
2,municip council,2: municip council,
2,municip council,2: municip council,
2,municip council,2: municip council,
2,municip council,2: municip council,
2,municip council,2: municip council,
2,municip council,2: municip council,
2,municip council,2: municip council,
2,municip council,2: municip council,
2,municip council,2: municip council,
2,municip council,2: municip council,
2,municip council,2: municip council,
2,municip council,2: municip council,
2,municip council,2: municip council,
2,municip council,2: municip council,
2,municip council,2: municip council,
2,municip council,2: municip council,
2,municip council,2: municip council,
2,municip council,2: municip council,
2,municip council,2: municip council,
2,municip council,2: municip council,
2,municip council,2: municip council,
2,municip council,2: municip council,
2,municip council,2: municip council,
2,municip council,2: municip council,
2,municip council,2: municip council,
2,municip council,2: municip council,
2,municip council,2: municip council,
2,municip council,2: municip council,
2,municip council,2: municip council,
2,municip council,2: municip council,
2,municip council,2: municip council,
2,municip council,2: municip council,
2,municip council,2: municip council,
2,municip council,2: municip council,
2,municip council,2: municip council,
2,municip council,2: municip council,
2,municip council,2: municip council,
2,municip council,2: municip council,
2,municip council,2: municip council,
2,municip council,2: municip council,
2,municip council,2: municip council,
2,municip council,2: municip council,
2,municip council,2: municip council,
2,municip council,2: municip council,
2,municip council,2: municip council,
2,municip council,2: municip council,
2,municip council,2: municip council,
2,municip council,2: municip council,
2,municip council,2: municip council,
2,municip council,2: municip council,
2,municip council,2: municip council,
2,municip council,2: municip council,
2,municip council,2: municip council,
2,municip council,2: municip council,
2,municip council,2: municip council,
2,municip council,2: municip council,
2,municip council,2: municip council,
2,municip council,2: municip council,
2,municip council,2: municip council,
2,municip council,2: municip council,
2,municip council,2: municip council,
2,municip council,2: municip council,
2,municip council,2: municip council,
2,municip council,2: municip council,
2,municip council,2: municip council,
2,municip council,2: municip council,
2,municip council,2: municip council,
2,municip council,2: municip council,
2,municip council,2: municip council,
2,municip council,2: municip council,
2,municip council,2: municip council,
2,municip council,2: municip council,
2,municip council,2: municip council,
2,municip council,2: municip council,
2,municip council,2: municip council,
2,municip council,2: municip council,
2,municip council,2: municip council,
2,municip council,2: municip council,
2,municip council,2: municip council,
2,municip council,2: municip council,
2,municip council,2: municip council,
2,municip council,2: municip council,
2,municip council,2: municip council,
2,municip council,2: municip council,
4,baltic sea,4: baltic sea,
4,baltic sea,4: baltic sea,
4,baltic sea,4: baltic sea,
4,baltic sea,4: baltic sea,
4,baltic sea,4: baltic sea,
4,baltic sea,4: baltic sea,
4,baltic sea,4: baltic sea,
4,baltic sea,4: baltic sea,
4,baltic sea,4: baltic sea,
4,baltic sea,4: baltic sea,
4,baltic sea,4: baltic sea,
4,baltic sea,4: baltic sea,
4,baltic sea,4: baltic sea,
4,baltic sea,4: baltic sea,
4,baltic sea,4: baltic sea,
4,baltic sea,4: baltic sea,
4,baltic sea,4: baltic sea,
4,baltic sea,4: baltic sea,
4,baltic sea,4: baltic sea,
4,baltic sea,4: baltic sea,
4,baltic sea,4: baltic sea,
4,baltic sea,4: baltic sea,
4,baltic sea,4: baltic sea,
4,baltic sea,4: baltic sea,
4,baltic sea,4: baltic sea,
4,baltic sea,4: baltic sea,
4,baltic sea,4: baltic sea,
4,baltic sea,4: baltic sea,
4,baltic sea,4: baltic sea,
4,baltic sea,4: baltic sea,
4,baltic sea,4: baltic sea,
4,baltic sea,4: baltic sea,
4,baltic sea,4: baltic sea,
4,baltic sea,4: baltic sea,
4,baltic sea,4: baltic sea,
4,baltic sea,4: baltic sea,
4,baltic sea,4: baltic sea,
4,baltic sea,4: baltic sea,
4,baltic sea,4: baltic sea,
4,baltic sea,4: baltic sea,
4,baltic sea,4: baltic sea,
4,baltic sea,4: baltic sea,
4,baltic sea,4: baltic sea,
4,baltic sea,4: baltic sea,
4,baltic sea,4: baltic sea,
4,baltic sea,4: baltic sea,
4,baltic sea,4: baltic sea,
4,baltic sea,4: baltic sea,
4,baltic sea,4: baltic sea,
4,baltic sea,4: baltic sea,
4,baltic sea,4: baltic sea,
4,baltic sea,4: baltic sea,
4,baltic sea,4: baltic sea,
4,baltic sea,4: baltic sea,
4,baltic sea,4: baltic sea,
4,baltic sea,4: baltic sea,
4,baltic sea,4: baltic sea,
4,baltic sea,4: baltic sea,
4,baltic sea,4: baltic sea,
4,baltic sea,4: baltic sea,
4,baltic sea,4: baltic sea,
4,baltic sea,4: baltic sea,
4,baltic sea,4: baltic sea,
4,baltic sea,4: baltic sea,
4,baltic sea,4: baltic sea,
4,baltic sea,4: baltic sea,
4,baltic sea,4: baltic sea,
4,baltic sea,4: baltic sea,
4,baltic sea,4: baltic sea,
4,baltic sea,4: baltic sea,
4,baltic sea,4: baltic sea,
4,baltic sea,4: baltic sea,
4,baltic sea,4: baltic sea,
4,baltic sea,4: baltic sea,
4,baltic sea,4: baltic sea,
4,baltic sea,4: baltic sea,
4,baltic sea,4: baltic sea,
4,baltic sea,4: baltic sea,
4,baltic sea,4: baltic sea,
4,baltic sea,4: baltic sea,
4,baltic sea,4: baltic sea,
4,baltic sea,4: baltic sea,
4,baltic sea,4: baltic sea,
4,baltic sea,4: baltic sea,
4,baltic sea,4: baltic sea,
4,baltic sea,4: baltic sea,
4,baltic sea,4: baltic sea,
4,baltic sea,4: baltic sea,
4,baltic sea,4: baltic sea,
4,baltic sea,4: baltic sea,
4,baltic sea,4: baltic sea,
4,baltic sea,4: baltic sea,
4,baltic sea,4: baltic sea,
4,baltic sea,4: baltic sea,
4,baltic sea,4: baltic sea,
4,baltic sea,4: baltic sea,
4,baltic sea,4: baltic sea,
4,baltic sea,4: baltic sea,
4,baltic sea,4: baltic sea,
4,baltic sea,4: baltic sea,
4,baltic sea,4: baltic sea,
4,baltic sea,4: baltic sea,
4,baltic sea,4: baltic sea,
4,baltic sea,4: baltic sea,
4,baltic sea,4: baltic sea,
4,baltic sea,4: baltic sea,
4,baltic sea,4: baltic sea,
4,baltic sea,4: baltic sea,
4,baltic sea,4: baltic sea,
4,baltic sea,4: baltic sea,
4,baltic sea,4: baltic sea,
4,baltic sea,4: baltic sea,
4,baltic sea,4: baltic sea,
4,baltic sea,4: baltic sea,
4,baltic sea,4: baltic sea,
4,baltic sea,4: baltic sea,
4,baltic sea,4: baltic sea,
4,baltic sea,4: baltic sea,
4,baltic sea,4: baltic sea,
4,baltic sea,4: baltic sea,
4,baltic sea,4: baltic sea,
4,baltic sea,4: baltic sea,
4,baltic sea,4: baltic sea,
4,baltic sea,4: baltic sea,
4,baltic sea,4: baltic sea,
4,baltic sea,4: baltic sea,
4,baltic sea,4: baltic sea,
4,baltic sea,4: baltic sea,
4,baltic sea,4: baltic sea,
4,baltic sea,4: baltic sea,
4,baltic sea,4: baltic sea,
4,baltic sea,4: baltic sea,
4,baltic sea,4: baltic sea,
4,baltic sea,4: baltic sea,
4,baltic sea,4: baltic sea,
4,baltic sea,4: baltic sea,
4,baltic sea,4: baltic sea,
4,baltic sea,4: baltic sea,
6,energiø bornholm,6: energiø bornholm,
6,energiø bornholm,6: energiø bornholm,
6,energiø bornholm,6: energiø bornholm,
6,energiø bornholm,6: energiø bornholm,
6,energiø bornholm,6: energiø bornholm,
6,energiø bornholm,6: energiø bornholm,
6,energiø bornholm,6: energiø bornholm,
6,energiø bornholm,6: energiø bornholm,
6,energiø bornholm,6: energiø bornholm,
6,energiø bornholm,6: energiø bornholm,
6,energiø bornholm,6: energiø bornholm,
6,energiø bornholm,6: energiø bornholm,
6,energiø bornholm,6: energiø bornholm,
6,energiø bornholm,6: energiø bornholm,
6,energiø bornholm,6: energiø bornholm,
6,energiø bornholm,6: energiø bornholm,
6,energiø bornholm,6: energiø bornholm,
6,energiø bornholm,6: energiø bornholm,
6,energiø bornholm,6: energiø bornholm,
6,energiø bornholm,6: energiø bornholm,
6,energiø bornholm,6: energiø bornholm,
6,energiø bornholm,6: energiø bornholm,
6,energiø bornholm,6: energiø bornholm,
6,energiø bornholm,6: energiø bornholm,
6,energiø bornholm,6: energiø bornholm,
6,energiø bornholm,6: energiø bornholm,
6,energiø bornholm,6: energiø bornholm,
6,energiø bornholm,6: energiø bornholm,
6,energiø bornholm,6: energiø bornholm,
6,energiø bornholm,6: energiø bornholm,
6,energiø bornholm,6: energiø bornholm,
6,energiø bornholm,6: energiø bornholm,
6,energiø bornholm,6: energiø bornholm,
6,energiø bornholm,6: energiø bornholm,
6,energiø bornholm,6: energiø bornholm,
6,energiø bornholm,6: energiø bornholm,
6,energiø bornholm,6: energiø bornholm,
6,energiø bornholm,6: energiø bornholm,
6,energiø bornholm,6: energiø bornholm,
6,energiø bornholm,6: energiø bornholm,
6,energiø bornholm,6: energiø bornholm,
6,energiø bornholm,6: energiø bornholm,
6,energiø bornholm,6: energiø bornholm,
6,energiø bornholm,6: energiø bornholm,
6,energiø bornholm,6: energiø bornholm,
6,energiø bornholm,6: energiø bornholm,
6,energiø bornholm,6: energiø bornholm,
6,energiø bornholm,6: energiø bornholm,
6,energiø bornholm,6: energiø bornholm,
6,energiø bornholm,6: energiø bornholm,
6,energiø bornholm,6: energiø bornholm,
6,energiø bornholm,6: energiø bornholm,
6,energiø bornholm,6: energiø bornholm,
6,energiø bornholm,6: energiø bornholm,
6,energiø bornholm,6: energiø bornholm,
6,energiø bornholm,6: energiø bornholm,
6,energiø bornholm,6: energiø bornholm,
6,energiø bornholm,6: energiø bornholm,
6,energiø bornholm,6: energiø bornholm,
6,energiø bornholm,6: energiø bornholm,
6,energiø bornholm,6: energiø bornholm,
6,energiø bornholm,6: energiø bornholm,
6,energiø bornholm,6: energiø bornholm,
6,energiø bornholm,6: energiø bornholm,
6,energiø bornholm,6: energiø bornholm,
6,energiø bornholm,6: energiø bornholm,
6,energiø bornholm,6: energiø bornholm,
6,energiø bornholm,6: energiø bornholm,
6,energiø bornholm,6: energiø bornholm,
6,energiø bornholm,6: energiø bornholm,
6,energiø bornholm,6: energiø bornholm,
6,energiø bornholm,6: energiø bornholm,
6,energiø bornholm,6: energiø bornholm,
6,energiø bornholm,6: energiø bornholm,
6,energiø bornholm,6: energiø bornholm,
6,energiø bornholm,6: energiø bornholm,
6,energiø bornholm,6: energiø bornholm,
6,energiø bornholm,6: energiø bornholm,
6,energiø bornholm,6: energiø bornholm,
6,energiø bornholm,6: energiø bornholm,
6,energiø bornholm,6: energiø bornholm,
6,energiø bornholm,6: energiø bornholm,
6,energiø bornholm,6: energiø bornholm,
6,energiø bornholm,6: energiø bornholm,
6,energiø bornholm,6: energiø bornholm,
6,energiø bornholm,6: energiø bornholm,
6,energiø bornholm,6: energiø bornholm,
6,energiø bornholm,6: energiø bornholm,
6,energiø bornholm,6: energiø bornholm,
6,energiø bornholm,6: energiø bornholm,
6,energiø bornholm,6: energiø bornholm,
6,energiø bornholm,6: energiø bornholm,
6,energiø bornholm,6: energiø bornholm,
6,energiø bornholm,6: energiø bornholm,
6,energiø bornholm,6: energiø bornholm,
6,energiø bornholm,6: energiø bornholm,
6,energiø bornholm,6: energiø bornholm,
6,energiø bornholm,6: energiø bornholm,
6,energiø bornholm,6: energiø bornholm,
6,energiø bornholm,6: energiø bornholm,
6,energiø bornholm,6: energiø bornholm,
6,energiø bornholm,6: energiø bornholm,
6,energiø bornholm,6: energiø bornholm,
6,energiø bornholm,6: energiø bornholm,
6,energiø bornholm,6: energiø bornholm,
6,energiø bornholm,6: energiø bornholm,
6,energiø bornholm,6: energiø bornholm,
6,energiø bornholm,6: energiø bornholm,
6,energiø bornholm,6: energiø bornholm,
6,energiø bornholm,6: energiø bornholm,
6,energiø bornholm,6: energiø bornholm,
6,energiø bornholm,6: energiø bornholm,
6,energiø bornholm,6: energiø bornholm,
6,energiø bornholm,6: energiø bornholm,
6,energiø bornholm,6: energiø bornholm,
6,energiø bornholm,6: energiø bornholm,
6,energiø bornholm,6: energiø bornholm,
6,energiø bornholm,6: energiø bornholm,
6,energiø bornholm,6: energiø bornholm,
6,energiø bornholm,6: energiø bornholm,
6,energiø bornholm,6: energiø bornholm,
6,energiø bornholm,6: energiø bornholm,
6,energiø bornholm,6: energiø bornholm,
6,energiø bornholm,6: energiø bornholm,
6,energiø bornholm,6: energiø bornholm,
6,energiø bornholm,6: energiø bornholm,
6,energiø bornholm,6: energiø bornholm,
6,energiø bornholm,6: energiø bornholm,
6,energiø bornholm,6: energiø bornholm,
6,energiø bornholm,6: energiø bornholm,
6,energiø bornholm,6: energiø bornholm,
6,energiø bornholm,6: energiø bornholm,
6,energiø bornholm,6: energiø bornholm,
6,energiø bornholm,6: energiø bornholm,
6,energiø bornholm,6: energiø bornholm,
6,energiø bornholm,6: energiø bornholm,
6,energiø bornholm,6: energiø bornholm,
6,energiø bornholm,6: energiø bornholm,
6,energiø bornholm,6: energiø bornholm,
6,energiø bornholm,6: energiø bornholm,
6,energiø bornholm,6: energiø bornholm,
6,energiø bornholm,6: energiø bornholm,
6,energiø bornholm,6: energiø bornholm,
6,energiø bornholm,6: energiø bornholm,
6,energiø bornholm,6: energiø bornholm,
6,energiø bornholm,6: energiø bornholm,
6,energiø bornholm,6: energiø bornholm,
6,energiø bornholm,6: energiø bornholm,
6,energiø bornholm,6: energiø bornholm,
6,energiø bornholm,6: energiø bornholm,
6,energiø bornholm,6: energiø bornholm,
6,energiø bornholm,6: energiø bornholm,
6,energiø bornholm,6: energiø bornholm,
6,energiø bornholm,6: energiø bornholm,
6,energiø bornholm,6: energiø bornholm,
6,energiø bornholm,6: energiø bornholm,
6,energiø bornholm,6: energiø bornholm,
6,energiø bornholm,6: energiø bornholm,
6,energiø bornholm,6: energiø bornholm,
6,energiø bornholm,6: energiø bornholm,
6,energiø bornholm,6: energiø bornholm,
6,energiø bornholm,6: energiø bornholm,
6,energiø bornholm,6: energiø bornholm,
6,energiø bornholm,6: energiø bornholm,
6,energiø bornholm,6: energiø bornholm,
6,energiø bornholm,6: energiø bornholm,
6,energiø bornholm,6: energiø bornholm,
6,energiø bornholm,6: energiø bornholm,
6,energiø bornholm,6: energiø bornholm,
6,energiø bornholm,6: energiø bornholm,
6,energiø bornholm,6: energiø bornholm,
0,energi island,0: energi island,
0,energi island,0: energi island,
0,energi island,0: energi island,
0,energi island,0: energi island,
0,energi island,0: energi island,
0,energi island,0: energi island,
0,energi island,0: energi island,
0,energi island,0: energi island,
0,energi island,0: energi island,
0,energi island,0: energi island,
0,energi island,0: energi island,
0,energi island,0: energi island,
0,energi island,0: energi island,
0,energi island,0: energi island,
0,energi island,0: energi island,
0,energi island,0: energi island,
0,energi island,0: energi island,
0,energi island,0: energi island,
0,energi island,0: energi island,
0,energi island,0: energi island,
0,energi island,0: energi island,
0,energi island,0: energi island,
0,energi island,0: energi island,
0,energi island,0: energi island,
0,energi island,0: energi island,
0,energi island,0: energi island,
0,energi island,0: energi island,
0,energi island,0: energi island,
0,energi island,0: energi island,
0,energi island,0: energi island,
0,energi island,0: energi island,
0,energi island,0: energi island,
0,energi island,0: energi island,
0,energi island,0: energi island,
0,energi island,0: energi island,
0,energi island,0: energi island,
0,energi island,0: energi island,
0,energi island,0: energi island,
0,energi island,0: energi island,
0,energi island,0: energi island,
0,energi island,0: energi island,
0,energi island,0: energi island,
0,energi island,0: energi island,
0,energi island,0: energi island,
0,energi island,0: energi island,
0,energi island,0: energi island,
0,energi island,0: energi island,
0,energi island,0: energi island,
0,energi island,0: energi island,
0,energi island,0: energi island,
0,energi island,0: energi island,
0,energi island,0: energi island,
0,energi island,0: energi island,
0,energi island,0: energi island,
0,energi island,0: energi island,
0,energi island,0: energi island,
0,energi island,0: energi island,
0,energi island,0: energi island,
0,energi island,0: energi island,
0,energi island,0: energi island,
0,energi island,0: energi island,
0,energi island,0: energi island,
0,energi island,0: energi island,
0,energi island,0: energi island,
0,energi island,0: energi island,
0,energi island,0: energi island,
0,energi island,0: energi island,
0,energi island,0: energi island,
0,energi island,0: energi island,
0,energi island,0: energi island,
0,energi island,0: energi island,
0,energi island,0: energi island,
0,energi island,0: energi island,
0,energi island,0: energi island,
0,energi island,0: energi island,
0,energi island,0: energi island,
0,energi island,0: energi island,
0,energi island,0: energi island,
0,energi island,0: energi island,
0,energi island,0: energi island,
0,energi island,0: energi island,
0,energi island,0: energi island,
0,energi island,0: energi island,
0,energi island,0: energi island,
0,energi island,0: energi island,
0,energi island,0: energi island,
0,energi island,0: energi island,
0,energi island,0: energi island,
0,energi island,0: energi island,
0,energi island,0: energi island,
0,energi island,0: energi island,
0,energi island,0: energi island,
0,energi island,0: energi island,
0,energi island,0: energi island,
0,energi island,0: energi island,
0,energi island,0: energi island,
0,energi island,0: energi island,
0,energi island,0: energi island,
0,energi island,0: energi island,
0,energi island,0: energi island,
0,energi island,0: energi island,
0,energi island,0: energi island,
0,energi island,0: energi island,
0,energi island,0: energi island,
0,energi island,0: energi island,
0,energi island,0: energi island,
0,energi island,0: energi island,
0,energi island,0: energi island,
0,energi island,0: energi island,
0,energi island,0: energi island,
0,energi island,0: energi island,
0,energi island,0: energi island,
0,energi island,0: energi island,
0,energi island,0: energi island,
0,energi island,0: energi island,
0,energi island,0: energi island,
0,energi island,0: energi island,
0,energi island,0: energi island,
0,energi island,0: energi island,
0,energi island,0: energi island,
0,energi island,0: energi island,
0,energi island,0: energi island,
0,energi island,0: energi island,
0,energi island,0: energi island,
0,energi island,0: energi island,
0,energi island,0: energi island,
0,energi island,0: energi island,
0,energi island,0: energi island,
0,energi island,0: energi island,
0,energi island,0: energi island,
0,energi island,0: energi island,
0,energi island,0: energi island,
0,energi island,0: energi island,
0,energi island,0: energi island,
0,energi island,0: energi island,
0,energi island,0: energi island,
0,energi island,0: energi island,
0,energi island,0: energi island,
0,energi island,0: energi island,
0,energi island,0: energi island,
0,energi island,0: energi island,
0,energi island,0: energi island,
0,energi island,0: energi island,
0,energi island,0: energi island,
0,energi island,0: energi island,
0,energi island,0: energi island,
0,energi island,0: energi island,
0,energi island,0: energi island,
0,energi island,0: energi island,
0,energi island,0: energi island,
0,energi island,0: energi island,
0,energi island,0: energi island,
0,energi island,0: energi island,
0,energi island,0: energi island,
0,energi island,0: energi island,
0,energi island,0: energi island,
0,energi island,0: energi island,
2,municip council,2: municip council,
2,municip council,2: municip council,
2,municip council,2: municip council,
2,municip council,2: municip council,
2,municip council,2: municip council,
2,municip council,2: municip council,
2,municip council,2: municip council,
2,municip council,2: municip council,
2,municip council,2: municip council,
2,municip council,2: municip council,
2,municip council,2: municip council,
2,municip council,2: municip council,
2,municip council,2: municip council,
2,municip council,2: municip council,
2,municip council,2: municip council,
2,municip council,2: municip council,
2,municip council,2: municip council,
2,municip council,2: municip council,
2,municip council,2: municip council,
2,municip council,2: municip council,
2,municip council,2: municip council,
2,municip council,2: municip council,
2,municip council,2: municip council,
2,municip council,2: municip council,
2,municip council,2: municip council,
2,municip council,2: municip council,
2,municip council,2: municip council,
2,municip council,2: municip council,
2,municip council,2: municip council,
2,municip council,2: municip council,
2,municip council,2: municip council,
2,municip council,2: municip council,
2,municip council,2: municip council,
2,municip council,2: municip council,
2,municip council,2: municip council,
2,municip council,2: municip council,
2,municip council,2: municip council,
2,municip council,2: municip council,
2,municip council,2: municip council,
2,municip council,2: municip council,
2,municip council,2: municip council,
2,municip council,2: municip council,
2,municip council,2: municip council,
2,municip council,2: municip council,
2,municip council,2: municip council,
2,municip council,2: municip council,
2,municip council,2: municip council,
2,municip council,2: municip council,
2,municip council,2: municip council,
2,municip council,2: municip council,
2,municip council,2: municip council,
2,municip council,2: municip council,
2,municip council,2: municip council,
2,municip council,2: municip council,
2,municip council,2: municip council,
2,municip council,2: municip council,
2,municip council,2: municip council,
2,municip council,2: municip council,
2,municip council,2: municip council,
2,municip council,2: municip council,
2,municip council,2: municip council,
2,municip council,2: municip council,
2,municip council,2: municip council,
2,municip council,2: municip council,
2,municip council,2: municip council,
2,municip council,2: municip council,
2,municip council,2: municip council,
2,municip council,2: municip council,
2,municip council,2: municip council,
2,municip council,2: municip council,
2,municip council,2: municip council,
2,municip council,2: municip council,
2,municip council,2: municip council,
2,municip council,2: municip council,
2,municip council,2: municip council,
2,municip council,2: municip council,
2,municip council,2: municip council,
2,municip council,2: municip council,
2,municip council,2: municip council,
2,municip council,2: municip council,
2,municip council,2: municip council,
2,municip council,2: municip council,
2,municip council,2: municip council,
2,municip council,2: municip council,
2,municip council,2: municip council,
2,municip council,2: municip council,
2,municip council,2: municip council,
2,municip council,2: municip council,
2,municip council,2: municip council,
2,municip council,2: municip council,
2,municip council,2: municip council,
2,municip council,2: municip council,
2,municip council,2: municip council,
2,municip council,2: municip council,
2,municip council,2: municip council,
2,municip council,2: municip council,
2,municip council,2: municip council,
2,municip council,2: municip council,
2,municip council,2: municip council,
2,municip council,2: municip council,
2,municip council,2: municip council,
2,municip council,2: municip council,
2,municip council,2: municip council,
2,municip council,2: municip council,
2,municip council,2: municip council,
2,municip council,2: municip council,
2,municip council,2: municip council,
2,municip council,2: municip council,
2,municip council,2: municip council,
2,municip council,2: municip council,
2,municip council,2: municip council,
2,municip council,2: municip council,
2,municip council,2: municip council,
2,municip council,2: municip council,
2,municip council,2: municip council,
2,municip council,2: municip council,
2,municip council,2: municip council,
2,municip council,2: municip council,
2,municip council,2: municip council,
2,municip council,2: municip council,
2,municip council,2: municip council,
2,municip council,2: municip council,
2,municip council,2: municip council,
2,municip council,2: municip council,
2,municip council,2: municip council,
2,municip council,2: municip council,
2,municip council,2: municip council,
2,municip council,2: municip council,
2,municip council,2: municip council,
2,municip council,2: municip council,
2,municip council,2: municip council,
2,municip council,2: municip council,
2,municip council,2: municip council,
2,municip council,2: municip council,
2,municip council,2: municip council,
2,municip council,2: municip council,
2,municip council,2: municip council,
2,municip council,2: municip council,
2,municip council,2: municip council,
2,municip council,2: municip council,
2,municip council,2: municip council,
2,municip council,2: municip council,
2,municip council,2: municip council,
2,municip council,2: municip council,
2,municip council,2: municip council,
2,municip council,2: municip council,
2,municip council,2: municip council,
2,municip council,2: municip council,
2,municip council,2: municip council,
2,municip council,2: municip council,
2,municip council,2: municip council,
2,municip council,2: municip council,
2,municip council,2: municip council,
2,municip council,2: municip council,
2,municip council,2: municip council,
2,municip council,2: municip council,
6,energiø bornholm,6: energiø bornholm,
6,energiø bornholm,6: energiø bornholm,
6,energiø bornholm,6: energiø bornholm,
6,energiø bornholm,6: energiø bornholm,
6,energiø bornholm,6: energiø bornholm,
6,energiø bornholm,6: energiø bornholm,
6,energiø bornholm,6: energiø bornholm,
6,energiø bornholm,6: energiø bornholm,
6,energiø bornholm,6: energiø bornholm,
6,energiø bornholm,6: energiø bornholm,
6,energiø bornholm,6: energiø bornholm,
6,energiø bornholm,6: energiø bornholm,
6,energiø bornholm,6: energiø bornholm,
6,energiø bornholm,6: energiø bornholm,
6,energiø bornholm,6: energiø bornholm,
6,energiø bornholm,6: energiø bornholm,
6,energiø bornholm,6: energiø bornholm,
6,energiø bornholm,6: energiø bornholm,
6,energiø bornholm,6: energiø bornholm,
6,energiø bornholm,6: energiø bornholm,
6,energiø bornholm,6: energiø bornholm,
6,energiø bornholm,6: energiø bornholm,
6,energiø bornholm,6: energiø bornholm,
6,energiø bornholm,6: energiø bornholm,
6,energiø bornholm,6: energiø bornholm,
6,energiø bornholm,6: energiø bornholm,
6,energiø bornholm,6: energiø bornholm,
6,energiø bornholm,6: energiø bornholm,
6,energiø bornholm,6: energiø bornholm,
6,energiø bornholm,6: energiø bornholm,
6,energiø bornholm,6: energiø bornholm,
6,energiø bornholm,6: energiø bornholm,
6,energiø bornholm,6: energiø bornholm,
6,energiø bornholm,6: energiø bornholm,
6,energiø bornholm,6: energiø bornholm,
6,energiø bornholm,6: energiø bornholm,
6,energiø bornholm,6: energiø bornholm,
6,energiø bornholm,6: energiø bornholm,
6,energiø bornholm,6: energiø bornholm,
6,energiø bornholm,6: energiø bornholm,
6,energiø bornholm,6: energiø bornholm,
6,energiø bornholm,6: energiø bornholm,
6,energiø bornholm,6: energiø bornholm,
6,energiø bornholm,6: energiø bornholm,
6,energiø bornholm,6: energiø bornholm,
6,energiø bornholm,6: energiø bornholm,
6,energiø bornholm,6: energiø bornholm,
6,energiø bornholm,6: energiø bornholm,
6,energiø bornholm,6: energiø bornholm,
6,energiø bornholm,6: energiø bornholm,
6,energiø bornholm,6: energiø bornholm,
6,energiø bornholm,6: energiø bornholm,
6,energiø bornholm,6: energiø bornholm,
6,energiø bornholm,6: energiø bornholm,
6,energiø bornholm,6: energiø bornholm,
6,energiø bornholm,6: energiø bornholm,
6,energiø bornholm,6: energiø bornholm,
6,energiø bornholm,6: energiø bornholm,
6,energiø bornholm,6: energiø bornholm,
6,energiø bornholm,6: energiø bornholm,
6,energiø bornholm,6: energiø bornholm,
6,energiø bornholm,6: energiø bornholm,
6,energiø bornholm,6: energiø bornholm,
6,energiø bornholm,6: energiø bornholm,
6,energiø bornholm,6: energiø bornholm,
6,energiø bornholm,6: energiø bornholm,
6,energiø bornholm,6: energiø bornholm,
6,energiø bornholm,6: energiø bornholm,
6,energiø bornholm,6: energiø bornholm,
6,energiø bornholm,6: energiø bornholm,
6,energiø bornholm,6: energiø bornholm,
6,energiø bornholm,6: energiø bornholm,
6,energiø bornholm,6: energiø bornholm,
6,energiø bornholm,6: energiø bornholm,
6,energiø bornholm,6: energiø bornholm,
6,energiø bornholm,6: energiø bornholm,
6,energiø bornholm,6: energiø bornholm,
6,energiø bornholm,6: energiø bornholm,
6,energiø bornholm,6: energiø bornholm,
6,energiø bornholm,6: energiø bornholm,
6,energiø bornholm,6: energiø bornholm,
6,energiø bornholm,6: energiø bornholm,
6,energiø bornholm,6: energiø bornholm,
6,energiø bornholm,6: energiø bornholm,
6,energiø bornholm,6: energiø bornholm,
6,energiø bornholm,6: energiø bornholm,
6,energiø bornholm,6: energiø bornholm,
6,energiø bornholm,6: energiø bornholm,
6,energiø bornholm,6: energiø bornholm,
6,energiø bornholm,6: energiø bornholm,
6,energiø bornholm,6: energiø bornholm,
6,energiø bornholm,6: energiø bornholm,
6,energiø bornholm,6: energiø bornholm,
6,energiø bornholm,6: energiø bornholm,
6,energiø bornholm,6: energiø bornholm,
6,energiø bornholm,6: energiø bornholm,
6,energiø bornholm,6: energiø bornholm,
6,energiø bornholm,6: energiø bornholm,
6,energiø bornholm,6: energiø bornholm,
6,energiø bornholm,6: energiø bornholm,
6,energiø bornholm,6: energiø bornholm,
6,energiø bornholm,6: energiø bornholm,
6,energiø bornholm,6: energiø bornholm,
6,energiø bornholm,6: energiø bornholm,
6,energiø bornholm,6: energiø bornholm,
6,energiø bornholm,6: energiø bornholm,
6,energiø bornholm,6: energiø bornholm,
6,energiø bornholm,6: energiø bornholm,
6,energiø bornholm,6: energiø bornholm,
6,energiø bornholm,6: energiø bornholm,
6,energiø bornholm,6: energiø bornholm,
6,energiø bornholm,6: energiø bornholm,
6,energiø bornholm,6: energiø bornholm,
6,energiø bornholm,6: energiø bornholm,
6,energiø bornholm,6: energiø bornholm,
6,energiø bornholm,6: energiø bornholm,
6,energiø bornholm,6: energiø bornholm,
6,energiø bornholm,6: energiø bornholm,
6,energiø bornholm,6: energiø bornholm,
6,energiø bornholm,6: energiø bornholm,
6,energiø bornholm,6: energiø bornholm,
6,energiø bornholm,6: energiø bornholm,
6,energiø bornholm,6: energiø bornholm,
6,energiø bornholm,6: energiø bornholm,
6,energiø bornholm,6: energiø bornholm,
6,energiø bornholm,6: energiø bornholm,
6,energiø bornholm,6: energiø bornholm,
6,energiø bornholm,6: energiø bornholm,
6,energiø bornholm,6: energiø bornholm,
6,energiø bornholm,6: energiø bornholm,
6,energiø bornholm,6: energiø bornholm,
6,energiø bornholm,6: energiø bornholm,
6,energiø bornholm,6: energiø bornholm,
6,energiø bornholm,6: energiø bornholm,
6,energiø bornholm,6: energiø bornholm,
6,energiø bornholm,6: energiø bornholm,
6,energiø bornholm,6: energiø bornholm,
6,energiø bornholm,6: energiø bornholm,
6,energiø bornholm,6: energiø bornholm,
6,energiø bornholm,6: energiø bornholm,
6,energiø bornholm,6: energiø bornholm,
6,energiø bornholm,6: energiø bornholm,
6,energiø bornholm,6: energiø bornholm,
6,energiø bornholm,6: energiø bornholm,
6,energiø bornholm,6: energiø bornholm,
6,energiø bornholm,6: energiø bornholm,
6,energiø bornholm,6: energiø bornholm,
6,energiø bornholm,6: energiø bornholm,
6,energiø bornholm,6: energiø bornholm,
6,energiø bornholm,6: energiø bornholm,
6,energiø bornholm,6: energiø bornholm,
6,energiø bornholm,6: energiø bornholm,
6,energiø bornholm,6: energiø bornholm,
6,energiø bornholm,6: energiø bornholm,
6,energiø bornholm,6: energiø bornholm,
6,energiø bornholm,6: energiø bornholm,
6,energiø bornholm,6: energiø bornholm,
6,energiø bornholm,6: energiø bornholm,
6,energiø bornholm,6: energiø bornholm,
6,energiø bornholm,6: energiø bornholm,
6,energiø bornholm,6: energiø bornholm,
6,energiø bornholm,6: energiø bornholm,
6,energiø bornholm,6: energiø bornholm,
6,energiø bornholm,6: energiø bornholm,
6,energiø bornholm,6: energiø bornholm,
6,energiø bornholm,6: energiø bornholm,
6,energiø bornholm,6: energiø bornholm,
6,energiø bornholm,6: energiø bornholm,
6,energiø bornholm,6: energiø bornholm,
6,energiø bornholm,6: energiø bornholm,
6,energiø bornholm,6: energiø bornholm,
4,baltic sea,4: baltic sea,
4,baltic sea,4: baltic sea,
4,baltic sea,4: baltic sea,
4,baltic sea,4: baltic sea,
4,baltic sea,4: baltic sea,
4,baltic sea,4: baltic sea,
4,baltic sea,4: baltic sea,
4,baltic sea,4: baltic sea,
4,baltic sea,4: baltic sea,
4,baltic sea,4: baltic sea,
4,baltic sea,4: baltic sea,
4,baltic sea,4: baltic sea,
4,baltic sea,4: baltic sea,
4,baltic sea,4: baltic sea,
4,baltic sea,4: baltic sea,
4,baltic sea,4: baltic sea,
4,baltic sea,4: baltic sea,
4,baltic sea,4: baltic sea,
4,baltic sea,4: baltic sea,
4,baltic sea,4: baltic sea,
4,baltic sea,4: baltic sea,
4,baltic sea,4: baltic sea,
4,baltic sea,4: baltic sea,
4,baltic sea,4: baltic sea,
4,baltic sea,4: baltic sea,
4,baltic sea,4: baltic sea,
4,baltic sea,4: baltic sea,
4,baltic sea,4: baltic sea,
4,baltic sea,4: baltic sea,
4,baltic sea,4: baltic sea,
4,baltic sea,4: baltic sea,
4,baltic sea,4: baltic sea,
4,baltic sea,4: baltic sea,
4,baltic sea,4: baltic sea,
4,baltic sea,4: baltic sea,
4,baltic sea,4: baltic sea,
4,baltic sea,4: baltic sea,
4,baltic sea,4: baltic sea,
4,baltic sea,4: baltic sea,
4,baltic sea,4: baltic sea,
4,baltic sea,4: baltic sea,
4,baltic sea,4: baltic sea,
4,baltic sea,4: baltic sea,
4,baltic sea,4: baltic sea,
4,baltic sea,4: baltic sea,
4,baltic sea,4: baltic sea,
4,baltic sea,4: baltic sea,
4,baltic sea,4: baltic sea,
4,baltic sea,4: baltic sea,
4,baltic sea,4: baltic sea,
4,baltic sea,4: baltic sea,
4,baltic sea,4: baltic sea,
4,baltic sea,4: baltic sea,
4,baltic sea,4: baltic sea,
4,baltic sea,4: baltic sea,
4,baltic sea,4: baltic sea,
4,baltic sea,4: baltic sea,
4,baltic sea,4: baltic sea,
4,baltic sea,4: baltic sea,
4,baltic sea,4: baltic sea,
4,baltic sea,4: baltic sea,
4,baltic sea,4: baltic sea,
4,baltic sea,4: baltic sea,
4,baltic sea,4: baltic sea,
4,baltic sea,4: baltic sea,
4,baltic sea,4: baltic sea,
4,baltic sea,4: baltic sea,
4,baltic sea,4: baltic sea,
4,baltic sea,4: baltic sea,
4,baltic sea,4: baltic sea,
4,baltic sea,4: baltic sea,
4,baltic sea,4: baltic sea,
4,baltic sea,4: baltic sea,
4,baltic sea,4: baltic sea,
4,baltic sea,4: baltic sea,
4,baltic sea,4: baltic sea,
4,baltic sea,4: baltic sea,
4,baltic sea,4: baltic sea,
4,baltic sea,4: baltic sea,
4,baltic sea,4: baltic sea,
4,baltic sea,4: baltic sea,
4,baltic sea,4: baltic sea,
4,baltic sea,4: baltic sea,
4,baltic sea,4: baltic sea,
4,baltic sea,4: baltic sea,
4,baltic sea,4: baltic sea,
4,baltic sea,4: baltic sea,
4,baltic sea,4: baltic sea,
4,baltic sea,4: baltic sea,
4,baltic sea,4: baltic sea,
4,baltic sea,4: baltic sea,
4,baltic sea,4: baltic sea,
4,baltic sea,4: baltic sea,
4,baltic sea,4: baltic sea,
4,baltic sea,4: baltic sea,
4,baltic sea,4: baltic sea,
4,baltic sea,4: baltic sea,
4,baltic sea,4: baltic sea,
4,baltic sea,4: baltic sea,
4,baltic sea,4: baltic sea,
4,baltic sea,4: baltic sea,
4,baltic sea,4: baltic sea,
4,baltic sea,4: baltic sea,
4,baltic sea,4: baltic sea,
4,baltic sea,4: baltic sea,
4,baltic sea,4: baltic sea,
4,baltic sea,4: baltic sea,
4,baltic sea,4: baltic sea,
4,baltic sea,4: baltic sea,
4,baltic sea,4: baltic sea,
4,baltic sea,4: baltic sea,
4,baltic sea,4: baltic sea,
4,baltic sea,4: baltic sea,
4,baltic sea,4: baltic sea,
4,baltic sea,4: baltic sea,
4,baltic sea,4: baltic sea,
4,baltic sea,4: baltic sea,
4,baltic sea,4: baltic sea,
4,baltic sea,4: baltic sea,
4,baltic sea,4: baltic sea,
4,baltic sea,4: baltic sea,
4,baltic sea,4: baltic sea,
4,baltic sea,4: baltic sea,
4,baltic sea,4: baltic sea,
4,baltic sea,4: baltic sea,
4,baltic sea,4: baltic sea,
4,baltic sea,4: baltic sea,
4,baltic sea,4: baltic sea,
4,baltic sea,4: baltic sea,
4,baltic sea,4: baltic sea,
4,baltic sea,4: baltic sea,
4,baltic sea,4: baltic sea,
4,baltic sea,4: baltic sea,
4,baltic sea,4: baltic sea,
4,baltic sea,4: baltic sea,
4,baltic sea,4: baltic sea,
4,baltic sea,4: baltic sea,
4,baltic sea,4: baltic sea,
6,energiø bornholm,6: energiø bornholm,
6,energiø bornholm,6: energiø bornholm,
6,energiø bornholm,6: energiø bornholm,
6,energiø bornholm,6: energiø bornholm,
6,energiø bornholm,6: energiø bornholm,
6,energiø bornholm,6: energiø bornholm,
6,energiø bornholm,6: energiø bornholm,
6,energiø bornholm,6: energiø bornholm,
6,energiø bornholm,6: energiø bornholm,
6,energiø bornholm,6: energiø bornholm,
6,energiø bornholm,6: energiø bornholm,
6,energiø bornholm,6: energiø bornholm,
6,energiø bornholm,6: energiø bornholm,
6,energiø bornholm,6: energiø bornholm,
6,energiø bornholm,6: energiø bornholm,
6,energiø bornholm,6: energiø bornholm,
6,energiø bornholm,6: energiø bornholm,
6,energiø bornholm,6: energiø bornholm,
6,energiø bornholm,6: energiø bornholm,
6,energiø bornholm,6: energiø bornholm,
6,energiø bornholm,6: energiø bornholm,
6,energiø bornholm,6: energiø bornholm,
6,energiø bornholm,6: energiø bornholm,
6,energiø bornholm,6: energiø bornholm,
6,energiø bornholm,6: energiø bornholm,
6,energiø bornholm,6: energiø bornholm,
6,energiø bornholm,6: energiø bornholm,
6,energiø bornholm,6: energiø bornholm,
6,energiø bornholm,6: energiø bornholm,
6,energiø bornholm,6: energiø bornholm,
6,energiø bornholm,6: energiø bornholm,
6,energiø bornholm,6: energiø bornholm,
6,energiø bornholm,6: energiø bornholm,
6,energiø bornholm,6: energiø bornholm,
6,energiø bornholm,6: energiø bornholm,
6,energiø bornholm,6: energiø bornholm,
6,energiø bornholm,6: energiø bornholm,
6,energiø bornholm,6: energiø bornholm,
6,energiø bornholm,6: energiø bornholm,
6,energiø bornholm,6: energiø bornholm,
6,energiø bornholm,6: energiø bornholm,
6,energiø bornholm,6: energiø bornholm,
6,energiø bornholm,6: energiø bornholm,
6,energiø bornholm,6: energiø bornholm,
6,energiø bornholm,6: energiø bornholm,
6,energiø bornholm,6: energiø bornholm,
6,energiø bornholm,6: energiø bornholm,
6,energiø bornholm,6: energiø bornholm,
6,energiø bornholm,6: energiø bornholm,
6,energiø bornholm,6: energiø bornholm,
6,energiø bornholm,6: energiø bornholm,
6,energiø bornholm,6: energiø bornholm,
6,energiø bornholm,6: energiø bornholm,
6,energiø bornholm,6: energiø bornholm,
6,energiø bornholm,6: energiø bornholm,
6,energiø bornholm,6: energiø bornholm,
6,energiø bornholm,6: energiø bornholm,
6,energiø bornholm,6: energiø bornholm,
6,energiø bornholm,6: energiø bornholm,
6,energiø bornholm,6: energiø bornholm,
6,energiø bornholm,6: energiø bornholm,
6,energiø bornholm,6: energiø bornholm,
6,energiø bornholm,6: energiø bornholm,
6,energiø bornholm,6: energiø bornholm,
6,energiø bornholm,6: energiø bornholm,
6,energiø bornholm,6: energiø bornholm,
6,energiø bornholm,6: energiø bornholm,
6,energiø bornholm,6: energiø bornholm,
6,energiø bornholm,6: energiø bornholm,
6,energiø bornholm,6: energiø bornholm,
6,energiø bornholm,6: energiø bornholm,
6,energiø bornholm,6: energiø bornholm,
6,energiø bornholm,6: energiø bornholm,
6,energiø bornholm,6: energiø bornholm,
6,energiø bornholm,6: energiø bornholm,
6,energiø bornholm,6: energiø bornholm,
6,energiø bornholm,6: energiø bornholm,
6,energiø bornholm,6: energiø bornholm,
6,energiø bornholm,6: energiø bornholm,
6,energiø bornholm,6: energiø bornholm,
6,energiø bornholm,6: energiø bornholm,
6,energiø bornholm,6: energiø bornholm,
6,energiø bornholm,6: energiø bornholm,
6,energiø bornholm,6: energiø bornholm,
6,energiø bornholm,6: energiø bornholm,
6,energiø bornholm,6: energiø bornholm,
6,energiø bornholm,6: energiø bornholm,
6,energiø bornholm,6: energiø bornholm,
6,energiø bornholm,6: energiø bornholm,
6,energiø bornholm,6: energiø bornholm,
6,energiø bornholm,6: energiø bornholm,
6,energiø bornholm,6: energiø bornholm,
6,energiø bornholm,6: energiø bornholm,
6,energiø bornholm,6: energiø bornholm,
6,energiø bornholm,6: energiø bornholm,
6,energiø bornholm,6: energiø bornholm,
6,energiø bornholm,6: energiø bornholm,
6,energiø bornholm,6: energiø bornholm,
6,energiø bornholm,6: energiø bornholm,
6,energiø bornholm,6: energiø bornholm,
6,energiø bornholm,6: energiø bornholm,
6,energiø bornholm,6: energiø bornholm,
6,energiø bornholm,6: energiø bornholm,
6,energiø bornholm,6: energiø bornholm,
6,energiø bornholm,6: energiø bornholm,
6,energiø bornholm,6: energiø bornholm,
6,energiø bornholm,6: energiø bornholm,
6,energiø bornholm,6: energiø bornholm,
6,energiø bornholm,6: energiø bornholm,
6,energiø bornholm,6: energiø bornholm,
6,energiø bornholm,6: energiø bornholm,
6,energiø bornholm,6: energiø bornholm,
6,energiø bornholm,6: energiø bornholm,
6,energiø bornholm,6: energiø bornholm,
6,energiø bornholm,6: energiø bornholm,
6,energiø bornholm,6: energiø bornholm,
6,energiø bornholm,6: energiø bornholm,
6,energiø bornholm,6: energiø bornholm,
6,energiø bornholm,6: energiø bornholm,
6,energiø bornholm,6: energiø bornholm,
6,energiø bornholm,6: energiø bornholm,
6,energiø bornholm,6: energiø bornholm,
6,energiø bornholm,6: energiø bornholm,
6,energiø bornholm,6: energiø bornholm,
6,energiø bornholm,6: energiø bornholm,
6,energiø bornholm,6: energiø bornholm,
6,energiø bornholm,6: energiø bornholm,
6,energiø bornholm,6: energiø bornholm,
6,energiø bornholm,6: energiø bornholm,
6,energiø bornholm,6: energiø bornholm,
6,energiø bornholm,6: energiø bornholm,
6,energiø bornholm,6: energiø bornholm,
6,energiø bornholm,6: energiø bornholm,
6,energiø bornholm,6: energiø bornholm,
6,energiø bornholm,6: energiø bornholm,
6,energiø bornholm,6: energiø bornholm,
6,energiø bornholm,6: energiø bornholm,
6,energiø bornholm,6: energiø bornholm,
6,energiø bornholm,6: energiø bornholm,
6,energiø bornholm,6: energiø bornholm,
6,energiø bornholm,6: energiø bornholm,
6,energiø bornholm,6: energiø bornholm,
6,energiø bornholm,6: energiø bornholm,
6,energiø bornholm,6: energiø bornholm,
6,energiø bornholm,6: energiø bornholm,
6,energiø bornholm,6: energiø bornholm,
6,energiø bornholm,6: energiø bornholm,
6,energiø bornholm,6: energiø bornholm,
6,energiø bornholm,6: energiø bornholm,
6,energiø bornholm,6: energiø bornholm,
6,energiø bornholm,6: energiø bornholm,
6,energiø bornholm,6: energiø bornholm,
6,energiø bornholm,6: energiø bornholm,
6,energiø bornholm,6: energiø bornholm,
6,energiø bornholm,6: energiø bornholm,
6,energiø bornholm,6: energiø bornholm,
6,energiø bornholm,6: energiø bornholm,
6,energiø bornholm,6: energiø bornholm,
6,energiø bornholm,6: energiø bornholm,
6,energiø bornholm,6: energiø bornholm,
6,energiø bornholm,6: energiø bornholm,
6,energiø bornholm,6: energiø bornholm,
6,energiø bornholm,6: energiø bornholm,
6,energiø bornholm,6: energiø bornholm,
6,energiø bornholm,6: energiø bornholm,
6,energiø bornholm,6: energiø bornholm,
6,energiø bornholm,6: energiø bornholm,
6,energiø bornholm,6: energiø bornholm,
6,energiø bornholm,6: energiø bornholm,
6,energiø bornholm,6: energiø bornholm,
6,energiø bornholm,6: energiø bornholm,
6,energiø bornholm,6: energiø bornholm,
6,energiø bornholm,6: energiø bornholm,
6,energiø bornholm,6: energiø bornholm,
6,energiø bornholm,6: energiø bornholm,
6,energiø bornholm,6: energiø bornholm,
6,energiø bornholm,6: energiø bornholm,
6,energiø bornholm,6: energiø bornholm,
6,energiø bornholm,6: energiø bornholm,
6,energiø bornholm,6: energiø bornholm,
6,energiø bornholm,6: energiø bornholm,
6,energiø bornholm,6: energiø bornholm,
6,energiø bornholm,6: energiø bornholm,
6,energiø bornholm,6: energiø bornholm,
6,energiø bornholm,6: energiø bornholm,
6,energiø bornholm,6: energiø bornholm,
6,energiø bornholm,6: energiø bornholm,
6,energiø bornholm,6: energiø bornholm,
6,energiø bornholm,6: energiø bornholm,
6,energiø bornholm,6: energiø bornholm,
6,energiø bornholm,6: energiø bornholm,
6,energiø bornholm,6: energiø bornholm,
6,energiø bornholm,6: energiø bornholm,
6,energiø bornholm,6: energiø bornholm,
6,energiø bornholm,6: energiø bornholm,
6,energiø bornholm,6: energiø bornholm,
6,energiø bornholm,6: energiø bornholm,
6,energiø bornholm,6: energiø bornholm,
6,energiø bornholm,6: energiø bornholm,
6,energiø bornholm,6: energiø bornholm,
6,energiø bornholm,6: energiø bornholm,
6,energiø bornholm,6: energiø bornholm,
6,energiø bornholm,6: energiø bornholm,
6,energiø bornholm,6: energiø bornholm,
6,energiø bornholm,6: energiø bornholm,
6,energiø bornholm,6: energiø bornholm,
6,energiø bornholm,6: energiø bornholm,
6,energiø bornholm,6: energiø bornholm,
6,energiø bornholm,6: energiø bornholm,
6,energiø bornholm,6: energiø bornholm,
6,energiø bornholm,6: energiø bornholm,
6,energiø bornholm,6: energiø bornholm,
6,energiø bornholm,6: energiø bornholm,
6,energiø bornholm,6: energiø bornholm,
6,energiø bornholm,6: energiø bornholm,
6,energiø bornholm,6: energiø bornholm,
6,energiø bornholm,6: energiø bornholm,
6,energiø bornholm,6: energiø bornholm,
6,energiø bornholm,6: energiø bornholm,
6,energiø bornholm,6: energiø bornholm,
6,energiø bornholm,6: energiø bornholm,
6,energiø bornholm,6: energiø bornholm,
6,energiø bornholm,6: energiø bornholm,
6,energiø bornholm,6: energiø bornholm,
6,energiø bornholm,6: energiø bornholm,
6,energiø bornholm,6: energiø bornholm,
6,energiø bornholm,6: energiø bornholm,
6,energiø bornholm,6: energiø bornholm,
6,energiø bornholm,6: energiø bornholm,
6,energiø bornholm,6: energiø bornholm,
6,energiø bornholm,6: energiø bornholm,
6,energiø bornholm,6: energiø bornholm,
6,energiø bornholm,6: energiø bornholm,
6,energiø bornholm,6: energiø bornholm,
6,energiø bornholm,6: energiø bornholm,
6,energiø bornholm,6: energiø bornholm,
6,energiø bornholm,6: energiø bornholm,
6,energiø bornholm,6: energiø bornholm,
6,energiø bornholm,6: energiø bornholm,
6,energiø bornholm,6: energiø bornholm,
6,energiø bornholm,6: energiø bornholm,
6,energiø bornholm,6: energiø bornholm,
6,energiø bornholm,6: energiø bornholm,
6,energiø bornholm,6: energiø bornholm,
6,energiø bornholm,6: energiø bornholm,
6,energiø bornholm,6: energiø bornholm,
6,energiø bornholm,6: energiø bornholm,
6,energiø bornholm,6: energiø bornholm,
6,energiø bornholm,6: energiø bornholm,
6,energiø bornholm,6: energiø bornholm,
6,energiø bornholm,6: energiø bornholm,
6,energiø bornholm,6: energiø bornholm,
6,energiø bornholm,6: energiø bornholm,
6,energiø bornholm,6: energiø bornholm,
6,energiø bornholm,6: energiø bornholm,
6,energiø bornholm,6: energiø bornholm,
6,energiø bornholm,6: energiø bornholm,
6,energiø bornholm,6: energiø bornholm,
6,energiø bornholm,6: energiø bornholm,
6,energiø bornholm,6: energiø bornholm,
6,energiø bornholm,6: energiø bornholm,
6,energiø bornholm,6: energiø bornholm,
6,energiø bornholm,6: energiø bornholm,
6,energiø bornholm,6: energiø bornholm,
6,energiø bornholm,6: energiø bornholm,
6,energiø bornholm,6: energiø bornholm,
6,energiø bornholm,6: energiø bornholm,
6,energiø bornholm,6: energiø bornholm,
6,energiø bornholm,6: energiø bornholm,
6,energiø bornholm,6: energiø bornholm,
6,energiø bornholm,6: energiø bornholm,
6,energiø bornholm,6: energiø bornholm,
6,energiø bornholm,6: energiø bornholm,
6,energiø bornholm,6: energiø bornholm,
6,energiø bornholm,6: energiø bornholm,
6,energiø bornholm,6: energiø bornholm,
6,energiø bornholm,6: energiø bornholm,
6,energiø bornholm,6: energiø bornholm,
6,energiø bornholm,6: energiø bornholm,
6,energiø bornholm,6: energiø bornholm,
6,energiø bornholm,6: energiø bornholm,
6,energiø bornholm,6: energiø bornholm,
6,energiø bornholm,6: energiø bornholm,
6,energiø bornholm,6: energiø bornholm,
6,energiø bornholm,6: energiø bornholm,
6,energiø bornholm,6: energiø bornholm,
6,energiø bornholm,6: energiø bornholm,
6,energiø bornholm,6: energiø bornholm,
6,energiø bornholm,6: energiø bornholm,
6,energiø bornholm,6: energiø bornholm,
6,energiø bornholm,6: energiø bornholm,
6,energiø bornholm,6: energiø bornholm,
6,energiø bornholm,6: energiø bornholm,
6,energiø bornholm,6: energiø bornholm,
6,energiø bornholm,6: energiø bornholm,
6,energiø bornholm,6: energiø bornholm,
6,energiø bornholm,6: energiø bornholm,
6,energiø bornholm,6: energiø bornholm,
6,energiø bornholm,6: energiø bornholm,
6,energiø bornholm,6: energiø bornholm,
6,energiø bornholm,6: energiø bornholm,
6,energiø bornholm,6: energiø bornholm,
6,energiø bornholm,6: energiø bornholm,
6,energiø bornholm,6: energiø bornholm,
6,energiø bornholm,6: energiø bornholm,
6,energiø bornholm,6: energiø bornholm,
6,energiø bornholm,6: energiø bornholm,
6,energiø bornholm,6: energiø bornholm,
6,energiø bornholm,6: energiø bornholm,
6,energiø bornholm,6: energiø bornholm,
6,energiø bornholm,6: energiø bornholm,
6,energiø bornholm,6: energiø bornholm,
6,energiø bornholm,6: energiø bornholm,
6,energiø bornholm,6: energiø bornholm,
6,energiø bornholm,6: energiø bornholm,
6,energiø bornholm,6: energiø bornholm,
6,energiø bornholm,6: energiø bornholm,
6,energiø bornholm,6: energiø bornholm,
6,energiø bornholm,6: energiø bornholm,
6,energiø bornholm,6: energiø bornholm,
6,energiø bornholm,6: energiø bornholm,
6,energiø bornholm,6: energiø bornholm,
6,energiø bornholm,6: energiø bornholm,
6,energiø bornholm,6: energiø bornholm,
6,energiø bornholm,6: energiø bornholm,
6,energiø bornholm,6: energiø bornholm,
6,energiø bornholm,6: energiø bornholm,
6,energiø bornholm,6: energiø bornholm,
6,energiø bornholm,6: energiø bornholm,
6,energiø bornholm,6: energiø bornholm,
6,energiø bornholm,6: energiø bornholm,
6,energiø bornholm,6: energiø bornholm,
6,energiø bornholm,6: energiø bornholm,
6,energiø bornholm,6: energiø bornholm,
6,energiø bornholm,6: energiø bornholm,
6,energiø bornholm,6: energiø bornholm,
6,energiø bornholm,6: energiø bornholm,
6,energiø bornholm,6: energiø bornholm,
6,energiø bornholm,6: energiø bornholm,
6,energiø bornholm,6: energiø bornholm,
6,energiø bornholm,6: energiø bornholm,
6,energiø bornholm,6: energiø bornholm,
4,baltic sea,4: baltic sea,
4,baltic sea,4: baltic sea,
4,baltic sea,4: baltic sea,
4,baltic sea,4: baltic sea,
4,baltic sea,4: baltic sea,
4,baltic sea,4: baltic sea,
4,baltic sea,4: baltic sea,
4,baltic sea,4: baltic sea,
4,baltic sea,4: baltic sea,
4,baltic sea,4: baltic sea,
4,baltic sea,4: baltic sea,
4,baltic sea,4: baltic sea,
4,baltic sea,4: baltic sea,
4,baltic sea,4: baltic sea,
4,baltic sea,4: baltic sea,
4,baltic sea,4: baltic sea,
4,baltic sea,4: baltic sea,
4,baltic sea,4: baltic sea,
4,baltic sea,4: baltic sea,
4,baltic sea,4: baltic sea,
4,baltic sea,4: baltic sea,
4,baltic sea,4: baltic sea,
4,baltic sea,4: baltic sea,
4,baltic sea,4: baltic sea,
4,baltic sea,4: baltic sea,
4,baltic sea,4: baltic sea,
4,baltic sea,4: baltic sea,
4,baltic sea,4: baltic sea,
4,baltic sea,4: baltic sea,
4,baltic sea,4: baltic sea,
4,baltic sea,4: baltic sea,
4,baltic sea,4: baltic sea,
4,baltic sea,4: baltic sea,
4,baltic sea,4: baltic sea,
4,baltic sea,4: baltic sea,
4,baltic sea,4: baltic sea,
4,baltic sea,4: baltic sea,
4,baltic sea,4: baltic sea,
4,baltic sea,4: baltic sea,
4,baltic sea,4: baltic sea,
4,baltic sea,4: baltic sea,
4,baltic sea,4: baltic sea,
4,baltic sea,4: baltic sea,
4,baltic sea,4: baltic sea,
4,baltic sea,4: baltic sea,
4,baltic sea,4: baltic sea,
4,baltic sea,4: baltic sea,
4,baltic sea,4: baltic sea,
4,baltic sea,4: baltic sea,
4,baltic sea,4: baltic sea,
4,baltic sea,4: baltic sea,
4,baltic sea,4: baltic sea,
4,baltic sea,4: baltic sea,
4,baltic sea,4: baltic sea,
4,baltic sea,4: baltic sea,
4,baltic sea,4: baltic sea,
4,baltic sea,4: baltic sea,
4,baltic sea,4: baltic sea,
4,baltic sea,4: baltic sea,
4,baltic sea,4: baltic sea,
4,baltic sea,4: baltic sea,
4,baltic sea,4: baltic sea,
4,baltic sea,4: baltic sea,
4,baltic sea,4: baltic sea,
4,baltic sea,4: baltic sea,
4,baltic sea,4: baltic sea,
4,baltic sea,4: baltic sea,
4,baltic sea,4: baltic sea,
4,baltic sea,4: baltic sea,
4,baltic sea,4: baltic sea,
4,baltic sea,4: baltic sea,
4,baltic sea,4: baltic sea,
4,baltic sea,4: baltic sea,
4,baltic sea,4: baltic sea,
4,baltic sea,4: baltic sea,
4,baltic sea,4: baltic sea,
4,baltic sea,4: baltic sea,
4,baltic sea,4: baltic sea,
4,baltic sea,4: baltic sea,
4,baltic sea,4: baltic sea,
4,baltic sea,4: baltic sea,
4,baltic sea,4: baltic sea,
4,baltic sea,4: baltic sea,
4,baltic sea,4: baltic sea,
4,baltic sea,4: baltic sea,
4,baltic sea,4: baltic sea,
4,baltic sea,4: baltic sea,
4,baltic sea,4: baltic sea,
4,baltic sea,4: baltic sea,
4,baltic sea,4: baltic sea,
4,baltic sea,4: baltic sea,
4,baltic sea,4: baltic sea,
4,baltic sea,4: baltic sea,
4,baltic sea,4: baltic sea,
4,baltic sea,4: baltic sea,
4,baltic sea,4: baltic sea,
4,baltic sea,4: baltic sea,
4,baltic sea,4: baltic sea,
4,baltic sea,4: baltic sea,
4,baltic sea,4: baltic sea,
4,baltic sea,4: baltic sea,
4,baltic sea,4: baltic sea,
4,baltic sea,4: baltic sea,
4,baltic sea,4: baltic sea,
4,baltic sea,4: baltic sea,
4,baltic sea,4: baltic sea,
4,baltic sea,4: baltic sea,
4,baltic sea,4: baltic sea,
4,baltic sea,4: baltic sea,
4,baltic sea,4: baltic sea,
4,baltic sea,4: baltic sea,
4,baltic sea,4: baltic sea,
4,baltic sea,4: baltic sea,
4,baltic sea,4: baltic sea,
4,baltic sea,4: baltic sea,
4,baltic sea,4: baltic sea,
4,baltic sea,4: baltic sea,
4,baltic sea,4: baltic sea,
4,baltic sea,4: baltic sea,
4,baltic sea,4: baltic sea,
4,baltic sea,4: baltic sea,
4,baltic sea,4: baltic sea,
4,baltic sea,4: baltic sea,
4,baltic sea,4: baltic sea,
4,baltic sea,4: baltic sea,
4,baltic sea,4: baltic sea,
4,baltic sea,4: baltic sea,
4,baltic sea,4: baltic sea,
4,baltic sea,4: baltic sea,
4,baltic sea,4: baltic sea,
4,baltic sea,4: baltic sea,
4,baltic sea,4: baltic sea,
4,baltic sea,4: baltic sea,
4,baltic sea,4: baltic sea,
4,baltic sea,4: baltic sea,
4,baltic sea,4: baltic sea,
4,baltic sea,4: baltic sea,
4,baltic sea,4: baltic sea,
6,energiø bornholm,6: energiø bornholm,
6,energiø bornholm,6: energiø bornholm,
6,energiø bornholm,6: energiø bornholm,
6,energiø bornholm,6: energiø bornholm,
6,energiø bornholm,6: energiø bornholm,
6,energiø bornholm,6: energiø bornholm,
6,energiø bornholm,6: energiø bornholm,
6,energiø bornholm,6: energiø bornholm,
6,energiø bornholm,6: energiø bornholm,
6,energiø bornholm,6: energiø bornholm,
6,energiø bornholm,6: energiø bornholm,
6,energiø bornholm,6: energiø bornholm,
6,energiø bornholm,6: energiø bornholm,
6,energiø bornholm,6: energiø bornholm,
6,energiø bornholm,6: energiø bornholm,
6,energiø bornholm,6: energiø bornholm,
6,energiø bornholm,6: energiø bornholm,
6,energiø bornholm,6: energiø bornholm,
6,energiø bornholm,6: energiø bornholm,
6,energiø bornholm,6: energiø bornholm,
6,energiø bornholm,6: energiø bornholm,
6,energiø bornholm,6: energiø bornholm,
6,energiø bornholm,6: energiø bornholm,
6,energiø bornholm,6: energiø bornholm,
6,energiø bornholm,6: energiø bornholm,
6,energiø bornholm,6: energiø bornholm,
6,energiø bornholm,6: energiø bornholm,
6,energiø bornholm,6: energiø bornholm,
6,energiø bornholm,6: energiø bornholm,
6,energiø bornholm,6: energiø bornholm,
6,energiø bornholm,6: energiø bornholm,
6,energiø bornholm,6: energiø bornholm,
6,energiø bornholm,6: energiø bornholm,
6,energiø bornholm,6: energiø bornholm,
6,energiø bornholm,6: energiø bornholm,
6,energiø bornholm,6: energiø bornholm,
6,energiø bornholm,6: energiø bornholm,
6,energiø bornholm,6: energiø bornholm,
6,energiø bornholm,6: energiø bornholm,
6,energiø bornholm,6: energiø bornholm,
6,energiø bornholm,6: energiø bornholm,
6,energiø bornholm,6: energiø bornholm,
6,energiø bornholm,6: energiø bornholm,
6,energiø bornholm,6: energiø bornholm,
6,energiø bornholm,6: energiø bornholm,
6,energiø bornholm,6: energiø bornholm,
6,energiø bornholm,6: energiø bornholm,
6,energiø bornholm,6: energiø bornholm,
6,energiø bornholm,6: energiø bornholm,
6,energiø bornholm,6: energiø bornholm,
6,energiø bornholm,6: energiø bornholm,
6,energiø bornholm,6: energiø bornholm,
6,energiø bornholm,6: energiø bornholm,
6,energiø bornholm,6: energiø bornholm,
6,energiø bornholm,6: energiø bornholm,
6,energiø bornholm,6: energiø bornholm,
6,energiø bornholm,6: energiø bornholm,
6,energiø bornholm,6: energiø bornholm,
6,energiø bornholm,6: energiø bornholm,
6,energiø bornholm,6: energiø bornholm,
6,energiø bornholm,6: energiø bornholm,
6,energiø bornholm,6: energiø bornholm,
6,energiø bornholm,6: energiø bornholm,
6,energiø bornholm,6: energiø bornholm,
6,energiø bornholm,6: energiø bornholm,
6,energiø bornholm,6: energiø bornholm,
6,energiø bornholm,6: energiø bornholm,
6,energiø bornholm,6: energiø bornholm,
6,energiø bornholm,6: energiø bornholm,
6,energiø bornholm,6: energiø bornholm,
6,energiø bornholm,6: energiø bornholm,
6,energiø bornholm,6: energiø bornholm,
6,energiø bornholm,6: energiø bornholm,
6,energiø bornholm,6: energiø bornholm,
6,energiø bornholm,6: energiø bornholm,
6,energiø bornholm,6: energiø bornholm,
6,energiø bornholm,6: energiø bornholm,
6,energiø bornholm,6: energiø bornholm,
6,energiø bornholm,6: energiø bornholm,
6,energiø bornholm,6: energiø bornholm,
6,energiø bornholm,6: energiø bornholm,
6,energiø bornholm,6: energiø bornholm,
6,energiø bornholm,6: energiø bornholm,
6,energiø bornholm,6: energiø bornholm,
6,energiø bornholm,6: energiø bornholm,
6,energiø bornholm,6: energiø bornholm,
6,energiø bornholm,6: energiø bornholm,
6,energiø bornholm,6: energiø bornholm,
6,energiø bornholm,6: energiø bornholm,
6,energiø bornholm,6: energiø bornholm,
6,energiø bornholm,6: energiø bornholm,
6,energiø bornholm,6: energiø bornholm,
6,energiø bornholm,6: energiø bornholm,
6,energiø bornholm,6: energiø bornholm,
6,energiø bornholm,6: energiø bornholm,
6,energiø bornholm,6: energiø bornholm,
6,energiø bornholm,6: energiø bornholm,
6,energiø bornholm,6: energiø bornholm,
6,energiø bornholm,6: energiø bornholm,
6,energiø bornholm,6: energiø bornholm,
6,energiø bornholm,6: energiø bornholm,
6,energiø bornholm,6: energiø bornholm,
6,energiø bornholm,6: energiø bornholm,
6,energiø bornholm,6: energiø bornholm,
6,energiø bornholm,6: energiø bornholm,
6,energiø bornholm,6: energiø bornholm,
6,energiø bornholm,6: energiø bornholm,
6,energiø bornholm,6: energiø bornholm,
6,energiø bornholm,6: energiø bornholm,
6,energiø bornholm,6: energiø bornholm,
6,energiø bornholm,6: energiø bornholm,
6,energiø bornholm,6: energiø bornholm,
6,energiø bornholm,6: energiø bornholm,
6,energiø bornholm,6: energiø bornholm,
6,energiø bornholm,6: energiø bornholm,
6,energiø bornholm,6: energiø bornholm,
6,energiø bornholm,6: energiø bornholm,
6,energiø bornholm,6: energiø bornholm,
6,energiø bornholm,6: energiø bornholm,
6,energiø bornholm,6: energiø bornholm,
6,energiø bornholm,6: energiø bornholm,
6,energiø bornholm,6: energiø bornholm,
6,energiø bornholm,6: energiø bornholm,
6,energiø bornholm,6: energiø bornholm,
6,energiø bornholm,6: energiø bornholm,
6,energiø bornholm,6: energiø bornholm,
6,energiø bornholm,6: energiø bornholm,
6,energiø bornholm,6: energiø bornholm,
6,energiø bornholm,6: energiø bornholm,
6,energiø bornholm,6: energiø bornholm,
6,energiø bornholm,6: energiø bornholm,
6,energiø bornholm,6: energiø bornholm,
6,energiø bornholm,6: energiø bornholm,
6,energiø bornholm,6: energiø bornholm,
6,energiø bornholm,6: energiø bornholm,
6,energiø bornholm,6: energiø bornholm,
6,energiø bornholm,6: energiø bornholm,
6,energiø bornholm,6: energiø bornholm,
6,energiø bornholm,6: energiø bornholm,
6,energiø bornholm,6: energiø bornholm,
6,energiø bornholm,6: energiø bornholm,
6,energiø bornholm,6: energiø bornholm,
6,energiø bornholm,6: energiø bornholm,
6,energiø bornholm,6: energiø bornholm,
6,energiø bornholm,6: energiø bornholm,
6,energiø bornholm,6: energiø bornholm,
6,energiø bornholm,6: energiø bornholm,
6,energiø bornholm,6: energiø bornholm,
6,energiø bornholm,6: energiø bornholm,
6,energiø bornholm,6: energiø bornholm,
6,energiø bornholm,6: energiø bornholm,
6,energiø bornholm,6: energiø bornholm,
6,energiø bornholm,6: energiø bornholm,
6,energiø bornholm,6: energiø bornholm,
6,energiø bornholm,6: energiø bornholm,
6,energiø bornholm,6: energiø bornholm,
6,energiø bornholm,6: energiø bornholm,
6,energiø bornholm,6: energiø bornholm,
6,energiø bornholm,6: energiø bornholm,
6,energiø bornholm,6: energiø bornholm,
6,energiø bornholm,6: energiø bornholm,
6,energiø bornholm,6: energiø bornholm,
6,energiø bornholm,6: energiø bornholm,
6,energiø bornholm,6: energiø bornholm,
6,energiø bornholm,6: energiø bornholm,
6,energiø bornholm,6: energiø bornholm,
6,energiø bornholm,6: energiø bornholm,
6,energiø bornholm,6: energiø bornholm,
6,energiø bornholm,6: energiø bornholm,
6,energiø bornholm,6: energiø bornholm,
6,energiø bornholm,6: energiø bornholm,
2,municip council,2: municip council,
2,municip council,2: municip council,
2,municip council,2: municip council,
2,municip council,2: municip council,
2,municip council,2: municip council,
2,municip council,2: municip council,
2,municip council,2: municip council,
2,municip council,2: municip council,
2,municip council,2: municip council,
2,municip council,2: municip council,
2,municip council,2: municip council,
2,municip council,2: municip council,
2,municip council,2: municip council,
2,municip council,2: municip council,
2,municip council,2: municip council,
2,municip council,2: municip council,
2,municip council,2: municip council,
2,municip council,2: municip council,
2,municip council,2: municip council,
2,municip council,2: municip council,
2,municip council,2: municip council,
2,municip council,2: municip council,
2,municip council,2: municip council,
2,municip council,2: municip council,
2,municip council,2: municip council,
2,municip council,2: municip council,
2,municip council,2: municip council,
2,municip council,2: municip council,
2,municip council,2: municip council,
2,municip council,2: municip council,
2,municip council,2: municip council,
2,municip council,2: municip council,
2,municip council,2: municip council,
2,municip council,2: municip council,
2,municip council,2: municip council,
2,municip council,2: municip council,
2,municip council,2: municip council,
2,municip council,2: municip council,
2,municip council,2: municip council,
2,municip council,2: municip council,
2,municip council,2: municip council,
2,municip council,2: municip council,
2,municip council,2: municip council,
2,municip council,2: municip council,
2,municip council,2: municip council,
2,municip council,2: municip council,
2,municip council,2: municip council,
2,municip council,2: municip council,
2,municip council,2: municip council,
2,municip council,2: municip council,
2,municip council,2: municip council,
2,municip council,2: municip council,
2,municip council,2: municip council,
2,municip council,2: municip council,
2,municip council,2: municip council,
2,municip council,2: municip council,
2,municip council,2: municip council,
2,municip council,2: municip council,
2,municip council,2: municip council,
2,municip council,2: municip council,
2,municip council,2: municip council,
2,municip council,2: municip council,
2,municip council,2: municip council,
2,municip council,2: municip council,
2,municip council,2: municip council,
2,municip council,2: municip council,
2,municip council,2: municip council,
2,municip council,2: municip council,
2,municip council,2: municip council,
2,municip council,2: municip council,
2,municip council,2: municip council,
2,municip council,2: municip council,
2,municip council,2: municip council,
2,municip council,2: municip council,
2,municip council,2: municip council,
2,municip council,2: municip council,
2,municip council,2: municip council,
2,municip council,2: municip council,
2,municip council,2: municip council,
2,municip council,2: municip council,
2,municip council,2: municip council,
2,municip council,2: municip council,
2,municip council,2: municip council,
2,municip council,2: municip council,
2,municip council,2: municip council,
2,municip council,2: municip council,
2,municip council,2: municip council,
2,municip council,2: municip council,
2,municip council,2: municip council,
2,municip council,2: municip council,
2,municip council,2: municip council,
2,municip council,2: municip council,
2,municip council,2: municip council,
2,municip council,2: municip council,
2,municip council,2: municip council,
2,municip council,2: municip council,
2,municip council,2: municip council,
2,municip council,2: municip council,
2,municip council,2: municip council,
2,municip council,2: municip council,
2,municip council,2: municip council,
2,municip council,2: municip council,
2,municip council,2: municip council,
2,municip council,2: municip council,
2,municip council,2: municip council,
2,municip council,2: municip council,
2,municip council,2: municip council,
2,municip council,2: municip council,
2,municip council,2: municip council,
2,municip council,2: municip council,
2,municip council,2: municip council,
2,municip council,2: municip council,
2,municip council,2: municip council,
2,municip council,2: municip council,
2,municip council,2: municip council,
2,municip council,2: municip council,
2,municip council,2: municip council,
2,municip council,2: municip council,
2,municip council,2: municip council,
2,municip council,2: municip council,
2,municip council,2: municip council,
2,municip council,2: municip council,
2,municip council,2: municip council,
2,municip council,2: municip council,
2,municip council,2: municip council,
2,municip council,2: municip council,
2,municip council,2: municip council,
2,municip council,2: municip council,
2,municip council,2: municip council,
2,municip council,2: municip council,
2,municip council,2: municip council,
2,municip council,2: municip council,
2,municip council,2: municip council,
2,municip council,2: municip council,
2,municip council,2: municip council,
2,municip council,2: municip council,
2,municip council,2: municip council,
2,municip council,2: municip council,
2,municip council,2: municip council,
2,municip council,2: municip council,
2,municip council,2: municip council,
2,municip council,2: municip council,
2,municip council,2: municip council,
2,municip council,2: municip council,
2,municip council,2: municip council,
2,municip council,2: municip council,
2,municip council,2: municip council,
2,municip council,2: municip council,
2,municip council,2: municip council,
2,municip council,2: municip council,
2,municip council,2: municip council,
2,municip council,2: municip council,
2,municip council,2: municip council,
2,municip council,2: municip council,
2,municip council,2: municip council,
2,municip council,2: municip council,
8,wind turbin,8: wind turbin,
8,wind turbin,8: wind turbin,
8,wind turbin,8: wind turbin,
8,wind turbin,8: wind turbin,
8,wind turbin,8: wind turbin,
8,wind turbin,8: wind turbin,
8,wind turbin,8: wind turbin,
8,wind turbin,8: wind turbin,
8,wind turbin,8: wind turbin,
8,wind turbin,8: wind turbin,
8,wind turbin,8: wind turbin,
8,wind turbin,8: wind turbin,
8,wind turbin,8: wind turbin,
8,wind turbin,8: wind turbin,
8,wind turbin,8: wind turbin,
8,wind turbin,8: wind turbin,
8,wind turbin,8: wind turbin,
8,wind turbin,8: wind turbin,
8,wind turbin,8: wind turbin,
8,wind turbin,8: wind turbin,
8,wind turbin,8: wind turbin,
8,wind turbin,8: wind turbin,
8,wind turbin,8: wind turbin,
8,wind turbin,8: wind turbin,
8,wind turbin,8: wind turbin,
8,wind turbin,8: wind turbin,
8,wind turbin,8: wind turbin,
8,wind turbin,8: wind turbin,
8,wind turbin,8: wind turbin,
8,wind turbin,8: wind turbin,
8,wind turbin,8: wind turbin,
8,wind turbin,8: wind turbin,
8,wind turbin,8: wind turbin,
8,wind turbin,8: wind turbin,
8,wind turbin,8: wind turbin,
8,wind turbin,8: wind turbin,
8,wind turbin,8: wind turbin,
8,wind turbin,8: wind turbin,
8,wind turbin,8: wind turbin,
8,wind turbin,8: wind turbin,
8,wind turbin,8: wind turbin,
8,wind turbin,8: wind turbin,
8,wind turbin,8: wind turbin,
8,wind turbin,8: wind turbin,
8,wind turbin,8: wind turbin,
8,wind turbin,8: wind turbin,
8,wind turbin,8: wind turbin,
8,wind turbin,8: wind turbin,
8,wind turbin,8: wind turbin,
8,wind turbin,8: wind turbin,
8,wind turbin,8: wind turbin,
8,wind turbin,8: wind turbin,
8,wind turbin,8: wind turbin,
8,wind turbin,8: wind turbin,
8,wind turbin,8: wind turbin,
8,wind turbin,8: wind turbin,
8,wind turbin,8: wind turbin,
8,wind turbin,8: wind turbin,
8,wind turbin,8: wind turbin,
8,wind turbin,8: wind turbin,
8,wind turbin,8: wind turbin,
8,wind turbin,8: wind turbin,
8,wind turbin,8: wind turbin,
8,wind turbin,8: wind turbin,
8,wind turbin,8: wind turbin,
8,wind turbin,8: wind turbin,
8,wind turbin,8: wind turbin,
8,wind turbin,8: wind turbin,
8,wind turbin,8: wind turbin,
8,wind turbin,8: wind turbin,
8,wind turbin,8: wind turbin,
8,wind turbin,8: wind turbin,
8,wind turbin,8: wind turbin,
8,wind turbin,8: wind turbin,
8,wind turbin,8: wind turbin,
8,wind turbin,8: wind turbin,
8,wind turbin,8: wind turbin,
8,wind turbin,8: wind turbin,
8,wind turbin,8: wind turbin,
8,wind turbin,8: wind turbin,
8,wind turbin,8: wind turbin,
8,wind turbin,8: wind turbin,
8,wind turbin,8: wind turbin,
8,wind turbin,8: wind turbin,
8,wind turbin,8: wind turbin,
8,wind turbin,8: wind turbin,
8,wind turbin,8: wind turbin,
8,wind turbin,8: wind turbin,
8,wind turbin,8: wind turbin,
8,wind turbin,8: wind turbin,
8,wind turbin,8: wind turbin,
8,wind turbin,8: wind turbin,
8,wind turbin,8: wind turbin,
8,wind turbin,8: wind turbin,
8,wind turbin,8: wind turbin,
8,wind turbin,8: wind turbin,
8,wind turbin,8: wind turbin,
8,wind turbin,8: wind turbin,
8,wind turbin,8: wind turbin,
8,wind turbin,8: wind turbin,
8,wind turbin,8: wind turbin,
8,wind turbin,8: wind turbin,
8,wind turbin,8: wind turbin,
8,wind turbin,8: wind turbin,
8,wind turbin,8: wind turbin,
8,wind turbin,8: wind turbin,
8,wind turbin,8: wind turbin,
8,wind turbin,8: wind turbin,
8,wind turbin,8: wind turbin,
8,wind turbin,8: wind turbin,
8,wind turbin,8: wind turbin,
8,wind turbin,8: wind turbin,
8,wind turbin,8: wind turbin,
8,wind turbin,8: wind turbin,
8,wind turbin,8: wind turbin,
8,wind turbin,8: wind turbin,
8,wind turbin,8: wind turbin,
8,wind turbin,8: wind turbin,
8,wind turbin,8: wind turbin,
8,wind turbin,8: wind turbin,
8,wind turbin,8: wind turbin,
8,wind turbin,8: wind turbin,
8,wind turbin,8: wind turbin,
8,wind turbin,8: wind turbin,
8,wind turbin,8: wind turbin,
8,wind turbin,8: wind turbin,
8,wind turbin,8: wind turbin,
8,wind turbin,8: wind turbin,
8,wind turbin,8: wind turbin,
8,wind turbin,8: wind turbin,
6,energiø bornholm,6: energiø bornholm,
6,energiø bornholm,6: energiø bornholm,
6,energiø bornholm,6: energiø bornholm,
6,energiø bornholm,6: energiø bornholm,
6,energiø bornholm,6: energiø bornholm,
6,energiø bornholm,6: energiø bornholm,
6,energiø bornholm,6: energiø bornholm,
6,energiø bornholm,6: energiø bornholm,
6,energiø bornholm,6: energiø bornholm,
6,energiø bornholm,6: energiø bornholm,
6,energiø bornholm,6: energiø bornholm,
6,energiø bornholm,6: energiø bornholm,
6,energiø bornholm,6: energiø bornholm,
6,energiø bornholm,6: energiø bornholm,
6,energiø bornholm,6: energiø bornholm,
6,energiø bornholm,6: energiø bornholm,
6,energiø bornholm,6: energiø bornholm,
6,energiø bornholm,6: energiø bornholm,
6,energiø bornholm,6: energiø bornholm,
6,energiø bornholm,6: energiø bornholm,
6,energiø bornholm,6: energiø bornholm,
6,energiø bornholm,6: energiø bornholm,
6,energiø bornholm,6: energiø bornholm,
6,energiø bornholm,6: energiø bornholm,
6,energiø bornholm,6: energiø bornholm,
6,energiø bornholm,6: energiø bornholm,
6,energiø bornholm,6: energiø bornholm,
6,energiø bornholm,6: energiø bornholm,
6,energiø bornholm,6: energiø bornholm,
6,energiø bornholm,6: energiø bornholm,
6,energiø bornholm,6: energiø bornholm,
6,energiø bornholm,6: energiø bornholm,
6,energiø bornholm,6: energiø bornholm,
6,energiø bornholm,6: energiø bornholm,
6,energiø bornholm,6: energiø bornholm,
6,energiø bornholm,6: energiø bornholm,
6,energiø bornholm,6: energiø bornholm,
6,energiø bornholm,6: energiø bornholm,
6,energiø bornholm,6: energiø bornholm,
6,energiø bornholm,6: energiø bornholm,
6,energiø bornholm,6: energiø bornholm,
6,energiø bornholm,6: energiø bornholm,
6,energiø bornholm,6: energiø bornholm,
6,energiø bornholm,6: energiø bornholm,
6,energiø bornholm,6: energiø bornholm,
6,energiø bornholm,6: energiø bornholm,
6,energiø bornholm,6: energiø bornholm,
6,energiø bornholm,6: energiø bornholm,
6,energiø bornholm,6: energiø bornholm,
6,energiø bornholm,6: energiø bornholm,
6,energiø bornholm,6: energiø bornholm,
6,energiø bornholm,6: energiø bornholm,
6,energiø bornholm,6: energiø bornholm,
6,energiø bornholm,6: energiø bornholm,
6,energiø bornholm,6: energiø bornholm,
6,energiø bornholm,6: energiø bornholm,
6,energiø bornholm,6: energiø bornholm,
6,energiø bornholm,6: energiø bornholm,
6,energiø bornholm,6: energiø bornholm,
6,energiø bornholm,6: energiø bornholm,
6,energiø bornholm,6: energiø bornholm,
6,energiø bornholm,6: energiø bornholm,
6,energiø bornholm,6: energiø bornholm,
6,energiø bornholm,6: energiø bornholm,
6,energiø bornholm,6: energiø bornholm,
6,energiø bornholm,6: energiø bornholm,
6,energiø bornholm,6: energiø bornholm,
6,energiø bornholm,6: energiø bornholm,
6,energiø bornholm,6: energiø bornholm,
6,energiø bornholm,6: energiø bornholm,
6,energiø bornholm,6: energiø bornholm,
6,energiø bornholm,6: energiø bornholm,
6,energiø bornholm,6: energiø bornholm,
6,energiø bornholm,6: energiø bornholm,
6,energiø bornholm,6: energiø bornholm,
6,energiø bornholm,6: energiø bornholm,
6,energiø bornholm,6: energiø bornholm,
6,energiø bornholm,6: energiø bornholm,
6,energiø bornholm,6: energiø bornholm,
6,energiø bornholm,6: energiø bornholm,
6,energiø bornholm,6: energiø bornholm,
6,energiø bornholm,6: energiø bornholm,
6,energiø bornholm,6: energiø bornholm,
6,energiø bornholm,6: energiø bornholm,
6,energiø bornholm,6: energiø bornholm,
6,energiø bornholm,6: energiø bornholm,
6,energiø bornholm,6: energiø bornholm,
6,energiø bornholm,6: energiø bornholm,
6,energiø bornholm,6: energiø bornholm,
6,energiø bornholm,6: energiø bornholm,
6,energiø bornholm,6: energiø bornholm,
6,energiø bornholm,6: energiø bornholm,
6,energiø bornholm,6: energiø bornholm,
6,energiø bornholm,6: energiø bornholm,
6,energiø bornholm,6: energiø bornholm,
6,energiø bornholm,6: energiø bornholm,
6,energiø bornholm,6: energiø bornholm,
6,energiø bornholm,6: energiø bornholm,
6,energiø bornholm,6: energiø bornholm,
6,energiø bornholm,6: energiø bornholm,
6,energiø bornholm,6: energiø bornholm,
6,energiø bornholm,6: energiø bornholm,
6,energiø bornholm,6: energiø bornholm,
6,energiø bornholm,6: energiø bornholm,
6,energiø bornholm,6: energiø bornholm,
6,energiø bornholm,6: energiø bornholm,
6,energiø bornholm,6: energiø bornholm,
6,energiø bornholm,6: energiø bornholm,
6,energiø bornholm,6: energiø bornholm,
6,energiø bornholm,6: energiø bornholm,
6,energiø bornholm,6: energiø bornholm,
6,energiø bornholm,6: energiø bornholm,
6,energiø bornholm,6: energiø bornholm,
6,energiø bornholm,6: energiø bornholm,
6,energiø bornholm,6: energiø bornholm,
6,energiø bornholm,6: energiø bornholm,
6,energiø bornholm,6: energiø bornholm,
6,energiø bornholm,6: energiø bornholm,
6,energiø bornholm,6: energiø bornholm,
6,energiø bornholm,6: energiø bornholm,
6,energiø bornholm,6: energiø bornholm,
6,energiø bornholm,6: energiø bornholm,
6,energiø bornholm,6: energiø bornholm,
6,energiø bornholm,6: energiø bornholm,
6,energiø bornholm,6: energiø bornholm,
6,energiø bornholm,6: energiø bornholm,
6,energiø bornholm,6: energiø bornholm,
6,energiø bornholm,6: energiø bornholm,
6,energiø bornholm,6: energiø bornholm,
6,energiø bornholm,6: energiø bornholm,
6,energiø bornholm,6: energiø bornholm,
6,energiø bornholm,6: energiø bornholm,
6,energiø bornholm,6: energiø bornholm,
6,energiø bornholm,6: energiø bornholm,
6,energiø bornholm,6: energiø bornholm,
6,energiø bornholm,6: energiø bornholm,
6,energiø bornholm,6: energiø bornholm,
6,energiø bornholm,6: energiø bornholm,
6,energiø bornholm,6: energiø bornholm,
6,energiø bornholm,6: energiø bornholm,
6,energiø bornholm,6: energiø bornholm,
6,energiø bornholm,6: energiø bornholm,
6,energiø bornholm,6: energiø bornholm,
6,energiø bornholm,6: energiø bornholm,
6,energiø bornholm,6: energiø bornholm,
6,energiø bornholm,6: energiø bornholm,
6,energiø bornholm,6: energiø bornholm,
6,energiø bornholm,6: energiø bornholm,
6,energiø bornholm,6: energiø bornholm,
6,energiø bornholm,6: energiø bornholm,
6,energiø bornholm,6: energiø bornholm,
6,energiø bornholm,6: energiø bornholm,
6,energiø bornholm,6: energiø bornholm,
6,energiø bornholm,6: energiø bornholm,
6,energiø bornholm,6: energiø bornholm,
6,energiø bornholm,6: energiø bornholm,
6,energiø bornholm,6: energiø bornholm,
6,energiø bornholm,6: energiø bornholm,
6,energiø bornholm,6: energiø bornholm,
6,energiø bornholm,6: energiø bornholm,
6,energiø bornholm,6: energiø bornholm,
6,energiø bornholm,6: energiø bornholm,
6,energiø bornholm,6: energiø bornholm,
6,energiø bornholm,6: energiø bornholm,
6,energiø bornholm,6: energiø bornholm,
6,energiø bornholm,6: energiø bornholm,
6,energiø bornholm,6: energiø bornholm,
6,energiø bornholm,6: energiø bornholm,
6,energiø bornholm,6: energiø bornholm,
6,energiø bornholm,6: energiø bornholm,
6,energiø bornholm,6: energiø bornholm,
0,energi island,0: energi island,
0,energi island,0: energi island,
0,energi island,0: energi island,
0,energi island,0: energi island,
0,energi island,0: energi island,
0,energi island,0: energi island,
0,energi island,0: energi island,
0,energi island,0: energi island,
0,energi island,0: energi island,
0,energi island,0: energi island,
0,energi island,0: energi island,
0,energi island,0: energi island,
0,energi island,0: energi island,
0,energi island,0: energi island,
0,energi island,0: energi island,
0,energi island,0: energi island,
0,energi island,0: energi island,
0,energi island,0: energi island,
0,energi island,0: energi island,
0,energi island,0: energi island,
0,energi island,0: energi island,
0,energi island,0: energi island,
0,energi island,0: energi island,
0,energi island,0: energi island,
0,energi island,0: energi island,
0,energi island,0: energi island,
0,energi island,0: energi island,
0,energi island,0: energi island,
0,energi island,0: energi island,
0,energi island,0: energi island,
0,energi island,0: energi island,
0,energi island,0: energi island,
0,energi island,0: energi island,
0,energi island,0: energi island,
0,energi island,0: energi island,
0,energi island,0: energi island,
0,energi island,0: energi island,
0,energi island,0: energi island,
0,energi island,0: energi island,
0,energi island,0: energi island,
0,energi island,0: energi island,
0,energi island,0: energi island,
0,energi island,0: energi island,
0,energi island,0: energi island,
0,energi island,0: energi island,
0,energi island,0: energi island,
0,energi island,0: energi island,
0,energi island,0: energi island,
0,energi island,0: energi island,
0,energi island,0: energi island,
0,energi island,0: energi island,
0,energi island,0: energi island,
0,energi island,0: energi island,
0,energi island,0: energi island,
0,energi island,0: energi island,
0,energi island,0: energi island,
0,energi island,0: energi island,
0,energi island,0: energi island,
0,energi island,0: energi island,
0,energi island,0: energi island,
0,energi island,0: energi island,
0,energi island,0: energi island,
0,energi island,0: energi island,
0,energi island,0: energi island,
0,energi island,0: energi island,
0,energi island,0: energi island,
0,energi island,0: energi island,
0,energi island,0: energi island,
0,energi island,0: energi island,
0,energi island,0: energi island,
0,energi island,0: energi island,
0,energi island,0: energi island,
0,energi island,0: energi island,
0,energi island,0: energi island,
0,energi island,0: energi island,
0,energi island,0: energi island,
0,energi island,0: energi island,
0,energi island,0: energi island,
0,energi island,0: energi island,
0,energi island,0: energi island,
0,energi island,0: energi island,
0,energi island,0: energi island,
0,energi island,0: energi island,
0,energi island,0: energi island,
0,energi island,0: energi island,
0,energi island,0: energi island,
0,energi island,0: energi island,
0,energi island,0: energi island,
0,energi island,0: energi island,
0,energi island,0: energi island,
0,energi island,0: energi island,
0,energi island,0: energi island,
0,energi island,0: energi island,
0,energi island,0: energi island,
0,energi island,0: energi island,
0,energi island,0: energi island,
0,energi island,0: energi island,
0,energi island,0: energi island,
0,energi island,0: energi island,
0,energi island,0: energi island,
0,energi island,0: energi island,
0,energi island,0: energi island,
0,energi island,0: energi island,
0,energi island,0: energi island,
0,energi island,0: energi island,
0,energi island,0: energi island,
0,energi island,0: energi island,
0,energi island,0: energi island,
0,energi island,0: energi island,
0,energi island,0: energi island,
0,energi island,0: energi island,
0,energi island,0: energi island,
0,energi island,0: energi island,
0,energi island,0: energi island,
0,energi island,0: energi island,
0,energi island,0: energi island,
0,energi island,0: energi island,
0,energi island,0: energi island,
0,energi island,0: energi island,
0,energi island,0: energi island,
0,energi island,0: energi island,
0,energi island,0: energi island,
0,energi island,0: energi island,
0,energi island,0: energi island,
0,energi island,0: energi island,
0,energi island,0: energi island,
0,energi island,0: energi island,
0,energi island,0: energi island,
0,energi island,0: energi island,
0,energi island,0: energi island,
0,energi island,0: energi island,
0,energi island,0: energi island,
0,energi island,0: energi island,
0,energi island,0: energi island,
0,energi island,0: energi island,
0,energi island,0: energi island,
0,energi island,0: energi island,
0,energi island,0: energi island,
0,energi island,0: energi island,
0,energi island,0: energi island,
0,energi island,0: energi island,
0,energi island,0: energi island,
0,energi island,0: energi island,
0,energi island,0: energi island,
0,energi island,0: energi island,
0,energi island,0: energi island,
0,energi island,0: energi island,
0,energi island,0: energi island,
0,energi island,0: energi island,
0,energi island,0: energi island,
0,energi island,0: energi island,
0,energi island,0: energi island,
0,energi island,0: energi island,
0,energi island,0: energi island,
0,energi island,0: energi island,
0,energi island,0: energi island,
0,energi island,0: energi island,
6,energiø bornholm,6: energiø bornholm,
6,energiø bornholm,6: energiø bornholm,
6,energiø bornholm,6: energiø bornholm,
6,energiø bornholm,6: energiø bornholm,
6,energiø bornholm,6: energiø bornholm,
6,energiø bornholm,6: energiø bornholm,
6,energiø bornholm,6: energiø bornholm,
6,energiø bornholm,6: energiø bornholm,
6,energiø bornholm,6: energiø bornholm,
6,energiø bornholm,6: energiø bornholm,
6,energiø bornholm,6: energiø bornholm,
6,energiø bornholm,6: energiø bornholm,
6,energiø bornholm,6: energiø bornholm,
6,energiø bornholm,6: energiø bornholm,
6,energiø bornholm,6: energiø bornholm,
6,energiø bornholm,6: energiø bornholm,
6,energiø bornholm,6: energiø bornholm,
6,energiø bornholm,6: energiø bornholm,
6,energiø bornholm,6: energiø bornholm,
6,energiø bornholm,6: energiø bornholm,
6,energiø bornholm,6: energiø bornholm,
6,energiø bornholm,6: energiø bornholm,
6,energiø bornholm,6: energiø bornholm,
6,energiø bornholm,6: energiø bornholm,
6,energiø bornholm,6: energiø bornholm,
6,energiø bornholm,6: energiø bornholm,
6,energiø bornholm,6: energiø bornholm,
6,energiø bornholm,6: energiø bornholm,
6,energiø bornholm,6: energiø bornholm,
6,energiø bornholm,6: energiø bornholm,
6,energiø bornholm,6: energiø bornholm,
6,energiø bornholm,6: energiø bornholm,
6,energiø bornholm,6: energiø bornholm,
6,energiø bornholm,6: energiø bornholm,
6,energiø bornholm,6: energiø bornholm,
6,energiø bornholm,6: energiø bornholm,
6,energiø bornholm,6: energiø bornholm,
6,energiø bornholm,6: energiø bornholm,
6,energiø bornholm,6: energiø bornholm,
6,energiø bornholm,6: energiø bornholm,
6,energiø bornholm,6: energiø bornholm,
6,energiø bornholm,6: energiø bornholm,
6,energiø bornholm,6: energiø bornholm,
6,energiø bornholm,6: energiø bornholm,
6,energiø bornholm,6: energiø bornholm,
6,energiø bornholm,6: energiø bornholm,
6,energiø bornholm,6: energiø bornholm,
6,energiø bornholm,6: energiø bornholm,
6,energiø bornholm,6: energiø bornholm,
6,energiø bornholm,6: energiø bornholm,
6,energiø bornholm,6: energiø bornholm,
6,energiø bornholm,6: energiø bornholm,
6,energiø bornholm,6: energiø bornholm,
6,energiø bornholm,6: energiø bornholm,
6,energiø bornholm,6: energiø bornholm,
6,energiø bornholm,6: energiø bornholm,
6,energiø bornholm,6: energiø bornholm,
6,energiø bornholm,6: energiø bornholm,
6,energiø bornholm,6: energiø bornholm,
6,energiø bornholm,6: energiø bornholm,
6,energiø bornholm,6: energiø bornholm,
6,energiø bornholm,6: energiø bornholm,
6,energiø bornholm,6: energiø bornholm,
6,energiø bornholm,6: energiø bornholm,
6,energiø bornholm,6: energiø bornholm,
6,energiø bornholm,6: energiø bornholm,
6,energiø bornholm,6: energiø bornholm,
6,energiø bornholm,6: energiø bornholm,
6,energiø bornholm,6: energiø bornholm,
6,energiø bornholm,6: energiø bornholm,
6,energiø bornholm,6: energiø bornholm,
6,energiø bornholm,6: energiø bornholm,
6,energiø bornholm,6: energiø bornholm,
6,energiø bornholm,6: energiø bornholm,
6,energiø bornholm,6: energiø bornholm,
6,energiø bornholm,6: energiø bornholm,
6,energiø bornholm,6: energiø bornholm,
6,energiø bornholm,6: energiø bornholm,
6,energiø bornholm,6: energiø bornholm,
6,energiø bornholm,6: energiø bornholm,
6,energiø bornholm,6: energiø bornholm,
6,energiø bornholm,6: energiø bornholm,
6,energiø bornholm,6: energiø bornholm,
6,energiø bornholm,6: energiø bornholm,
6,energiø bornholm,6: energiø bornholm,
6,energiø bornholm,6: energiø bornholm,
6,energiø bornholm,6: energiø bornholm,
6,energiø bornholm,6: energiø bornholm,
6,energiø bornholm,6: energiø bornholm,
6,energiø bornholm,6: energiø bornholm,
6,energiø bornholm,6: energiø bornholm,
6,energiø bornholm,6: energiø bornholm,
6,energiø bornholm,6: energiø bornholm,
6,energiø bornholm,6: energiø bornholm,
6,energiø bornholm,6: energiø bornholm,
6,energiø bornholm,6: energiø bornholm,
6,energiø bornholm,6: energiø bornholm,
6,energiø bornholm,6: energiø bornholm,
6,energiø bornholm,6: energiø bornholm,
6,energiø bornholm,6: energiø bornholm,
6,energiø bornholm,6: energiø bornholm,
6,energiø bornholm,6: energiø bornholm,
6,energiø bornholm,6: energiø bornholm,
6,energiø bornholm,6: energiø bornholm,
6,energiø bornholm,6: energiø bornholm,
6,energiø bornholm,6: energiø bornholm,
6,energiø bornholm,6: energiø bornholm,
6,energiø bornholm,6: energiø bornholm,
6,energiø bornholm,6: energiø bornholm,
6,energiø bornholm,6: energiø bornholm,
6,energiø bornholm,6: energiø bornholm,
6,energiø bornholm,6: energiø bornholm,
6,energiø bornholm,6: energiø bornholm,
6,energiø bornholm,6: energiø bornholm,
6,energiø bornholm,6: energiø bornholm,
6,energiø bornholm,6: energiø bornholm,
6,energiø bornholm,6: energiø bornholm,
6,energiø bornholm,6: energiø bornholm,
6,energiø bornholm,6: energiø bornholm,
6,energiø bornholm,6: energiø bornholm,
6,energiø bornholm,6: energiø bornholm,
6,energiø bornholm,6: energiø bornholm,
6,energiø bornholm,6: energiø bornholm,
6,energiø bornholm,6: energiø bornholm,
6,energiø bornholm,6: energiø bornholm,
6,energiø bornholm,6: energiø bornholm,
6,energiø bornholm,6: energiø bornholm,
6,energiø bornholm,6: energiø bornholm,
6,energiø bornholm,6: energiø bornholm,
6,energiø bornholm,6: energiø bornholm,
6,energiø bornholm,6: energiø bornholm,
6,energiø bornholm,6: energiø bornholm,
6,energiø bornholm,6: energiø bornholm,
6,energiø bornholm,6: energiø bornholm,
6,energiø bornholm,6: energiø bornholm,
6,energiø bornholm,6: energiø bornholm,
6,energiø bornholm,6: energiø bornholm,
6,energiø bornholm,6: energiø bornholm,
6,energiø bornholm,6: energiø bornholm,
6,energiø bornholm,6: energiø bornholm,
6,energiø bornholm,6: energiø bornholm,
6,energiø bornholm,6: energiø bornholm,
6,energiø bornholm,6: energiø bornholm,
6,energiø bornholm,6: energiø bornholm,
6,energiø bornholm,6: energiø bornholm,
6,energiø bornholm,6: energiø bornholm,
6,energiø bornholm,6: energiø bornholm,
6,energiø bornholm,6: energiø bornholm,
6,energiø bornholm,6: energiø bornholm,
6,energiø bornholm,6: energiø bornholm,
6,energiø bornholm,6: energiø bornholm,
6,energiø bornholm,6: energiø bornholm,
6,energiø bornholm,6: energiø bornholm,
6,energiø bornholm,6: energiø bornholm,
6,energiø bornholm,6: energiø bornholm,
6,energiø bornholm,6: energiø bornholm,
6,energiø bornholm,6: energiø bornholm,
6,energiø bornholm,6: energiø bornholm,
6,energiø bornholm,6: energiø bornholm,
6,energiø bornholm,6: energiø bornholm,
6,energiø bornholm,6: energiø bornholm,
6,energiø bornholm,6: energiø bornholm,
6,energiø bornholm,6: energiø bornholm,
6,energiø bornholm,6: energiø bornholm,
6,energiø bornholm,6: energiø bornholm,
6,energiø bornholm,6: energiø bornholm,
6,energiø bornholm,6: energiø bornholm,
6,energiø bornholm,6: energiø bornholm,
6,energiø bornholm,6: energiø bornholm,
6,energiø bornholm,6: energiø bornholm,
6,energiø bornholm,6: energiø bornholm,
8,wind turbin,8: wind turbin,
8,wind turbin,8: wind turbin,
8,wind turbin,8: wind turbin,
8,wind turbin,8: wind turbin,
8,wind turbin,8: wind turbin,
8,wind turbin,8: wind turbin,
8,wind turbin,8: wind turbin,
8,wind turbin,8: wind turbin,
8,wind turbin,8: wind turbin,
8,wind turbin,8: wind turbin,
8,wind turbin,8: wind turbin,
8,wind turbin,8: wind turbin,
8,wind turbin,8: wind turbin,
8,wind turbin,8: wind turbin,
8,wind turbin,8: wind turbin,
8,wind turbin,8: wind turbin,
8,wind turbin,8: wind turbin,
8,wind turbin,8: wind turbin,
8,wind turbin,8: wind turbin,
8,wind turbin,8: wind turbin,
8,wind turbin,8: wind turbin,
8,wind turbin,8: wind turbin,
8,wind turbin,8: wind turbin,
8,wind turbin,8: wind turbin,
8,wind turbin,8: wind turbin,
8,wind turbin,8: wind turbin,
8,wind turbin,8: wind turbin,
8,wind turbin,8: wind turbin,
8,wind turbin,8: wind turbin,
8,wind turbin,8: wind turbin,
8,wind turbin,8: wind turbin,
8,wind turbin,8: wind turbin,
8,wind turbin,8: wind turbin,
8,wind turbin,8: wind turbin,
8,wind turbin,8: wind turbin,
8,wind turbin,8: wind turbin,
8,wind turbin,8: wind turbin,
8,wind turbin,8: wind turbin,
8,wind turbin,8: wind turbin,
8,wind turbin,8: wind turbin,
8,wind turbin,8: wind turbin,
8,wind turbin,8: wind turbin,
8,wind turbin,8: wind turbin,
8,wind turbin,8: wind turbin,
8,wind turbin,8: wind turbin,
8,wind turbin,8: wind turbin,
8,wind turbin,8: wind turbin,
8,wind turbin,8: wind turbin,
8,wind turbin,8: wind turbin,
8,wind turbin,8: wind turbin,
8,wind turbin,8: wind turbin,
8,wind turbin,8: wind turbin,
8,wind turbin,8: wind turbin,
8,wind turbin,8: wind turbin,
8,wind turbin,8: wind turbin,
8,wind turbin,8: wind turbin,
8,wind turbin,8: wind turbin,
8,wind turbin,8: wind turbin,
8,wind turbin,8: wind turbin,
8,wind turbin,8: wind turbin,
8,wind turbin,8: wind turbin,
8,wind turbin,8: wind turbin,
8,wind turbin,8: wind turbin,
8,wind turbin,8: wind turbin,
8,wind turbin,8: wind turbin,
8,wind turbin,8: wind turbin,
8,wind turbin,8: wind turbin,
8,wind turbin,8: wind turbin,
8,wind turbin,8: wind turbin,
8,wind turbin,8: wind turbin,
8,wind turbin,8: wind turbin,
8,wind turbin,8: wind turbin,
8,wind turbin,8: wind turbin,
8,wind turbin,8: wind turbin,
8,wind turbin,8: wind turbin,
8,wind turbin,8: wind turbin,
8,wind turbin,8: wind turbin,
8,wind turbin,8: wind turbin,
8,wind turbin,8: wind turbin,
8,wind turbin,8: wind turbin,
8,wind turbin,8: wind turbin,
8,wind turbin,8: wind turbin,
8,wind turbin,8: wind turbin,
8,wind turbin,8: wind turbin,
8,wind turbin,8: wind turbin,
8,wind turbin,8: wind turbin,
8,wind turbin,8: wind turbin,
8,wind turbin,8: wind turbin,
8,wind turbin,8: wind turbin,
8,wind turbin,8: wind turbin,
8,wind turbin,8: wind turbin,
8,wind turbin,8: wind turbin,
8,wind turbin,8: wind turbin,
8,wind turbin,8: wind turbin,
8,wind turbin,8: wind turbin,
8,wind turbin,8: wind turbin,
8,wind turbin,8: wind turbin,
8,wind turbin,8: wind turbin,
8,wind turbin,8: wind turbin,
8,wind turbin,8: wind turbin,
8,wind turbin,8: wind turbin,
8,wind turbin,8: wind turbin,
8,wind turbin,8: wind turbin,
8,wind turbin,8: wind turbin,
8,wind turbin,8: wind turbin,
8,wind turbin,8: wind turbin,
8,wind turbin,8: wind turbin,
8,wind turbin,8: wind turbin,
8,wind turbin,8: wind turbin,
8,wind turbin,8: wind turbin,
8,wind turbin,8: wind turbin,
8,wind turbin,8: wind turbin,
8,wind turbin,8: wind turbin,
8,wind turbin,8: wind turbin,
8,wind turbin,8: wind turbin,
8,wind turbin,8: wind turbin,
8,wind turbin,8: wind turbin,
8,wind turbin,8: wind turbin,
8,wind turbin,8: wind turbin,
8,wind turbin,8: wind turbin,
8,wind turbin,8: wind turbin,
8,wind turbin,8: wind turbin,
8,wind turbin,8: wind turbin,
8,wind turbin,8: wind turbin,
8,wind turbin,8: wind turbin,
8,wind turbin,8: wind turbin,
8,wind turbin,8: wind turbin,
8,wind turbin,8: wind turbin,
8,wind turbin,8: wind turbin,
8,wind turbin,8: wind turbin,
2,municip council,2: municip council,
2,municip council,2: municip council,
2,municip council,2: municip council,
2,municip council,2: municip council,
2,municip council,2: municip council,
2,municip council,2: municip council,
2,municip council,2: municip council,
2,municip council,2: municip council,
2,municip council,2: municip council,
2,municip council,2: municip council,
2,municip council,2: municip council,
2,municip council,2: municip council,
2,municip council,2: municip council,
2,municip council,2: municip council,
2,municip council,2: municip council,
2,municip council,2: municip council,
2,municip council,2: municip council,
2,municip council,2: municip council,
2,municip council,2: municip council,
2,municip council,2: municip council,
2,municip council,2: municip council,
2,municip council,2: municip council,
2,municip council,2: municip council,
2,municip council,2: municip council,
2,municip council,2: municip council,
2,municip council,2: municip council,
2,municip council,2: municip council,
2,municip council,2: municip council,
2,municip council,2: municip council,
2,municip council,2: municip council,
2,municip council,2: municip council,
2,municip council,2: municip council,
2,municip council,2: municip council,
2,municip council,2: municip council,
2,municip council,2: municip council,
2,municip council,2: municip council,
2,municip council,2: municip council,
2,municip council,2: municip council,
2,municip council,2: municip council,
2,municip council,2: municip council,
2,municip council,2: municip council,
2,municip council,2: municip council,
2,municip council,2: municip council,
2,municip council,2: municip council,
2,municip council,2: municip council,
2,municip council,2: municip council,
2,municip council,2: municip council,
2,municip council,2: municip council,
2,municip council,2: municip council,
2,municip council,2: municip council,
2,municip council,2: municip council,
2,municip council,2: municip council,
2,municip council,2: municip council,
2,municip council,2: municip council,
2,municip council,2: municip council,
2,municip council,2: municip council,
2,municip council,2: municip council,
2,municip council,2: municip council,
2,municip council,2: municip council,
2,municip council,2: municip council,
2,municip council,2: municip council,
2,municip council,2: municip council,
2,municip council,2: municip council,
2,municip council,2: municip council,
2,municip council,2: municip council,
2,municip council,2: municip council,
2,municip council,2: municip council,
2,municip council,2: municip council,
2,municip council,2: municip council,
2,municip council,2: municip council,
2,municip council,2: municip council,
2,municip council,2: municip council,
2,municip council,2: municip council,
2,municip council,2: municip council,
2,municip council,2: municip council,
2,municip council,2: municip council,
2,municip council,2: municip council,
2,municip council,2: municip council,
2,municip council,2: municip council,
2,municip council,2: municip council,
2,municip council,2: municip council,
2,municip council,2: municip council,
2,municip council,2: municip council,
2,municip council,2: municip council,
2,municip council,2: municip council,
2,municip council,2: municip council,
2,municip council,2: municip council,
2,municip council,2: municip council,
2,municip council,2: municip council,
2,municip council,2: municip council,
2,municip council,2: municip council,
2,municip council,2: municip council,
2,municip council,2: municip council,
2,municip council,2: municip council,
2,municip council,2: municip council,
2,municip council,2: municip council,
2,municip council,2: municip council,
2,municip council,2: municip council,
2,municip council,2: municip council,
2,municip council,2: municip council,
2,municip council,2: municip council,
2,municip council,2: municip council,
2,municip council,2: municip council,
2,municip council,2: municip council,
2,municip council,2: municip council,
2,municip council,2: municip council,
2,municip council,2: municip council,
2,municip council,2: municip council,
2,municip council,2: municip council,
2,municip council,2: municip council,
2,municip council,2: municip council,
2,municip council,2: municip council,
2,municip council,2: municip council,
2,municip council,2: municip council,
2,municip council,2: municip council,
2,municip council,2: municip council,
2,municip council,2: municip council,
2,municip council,2: municip council,
2,municip council,2: municip council,
2,municip council,2: municip council,
2,municip council,2: municip council,
2,municip council,2: municip council,
2,municip council,2: municip council,
2,municip council,2: municip council,
2,municip council,2: municip council,
2,municip council,2: municip council,
2,municip council,2: municip council,
2,municip council,2: municip council,
2,municip council,2: municip council,
2,municip council,2: municip council,
2,municip council,2: municip council,
2,municip council,2: municip council,
2,municip council,2: municip council,
2,municip council,2: municip council,
2,municip council,2: municip council,
2,municip council,2: municip council,
2,municip council,2: municip council,
2,municip council,2: municip council,
2,municip council,2: municip council,
2,municip council,2: municip council,
2,municip council,2: municip council,
2,municip council,2: municip council,
2,municip council,2: municip council,
2,municip council,2: municip council,
2,municip council,2: municip council,
2,municip council,2: municip council,
2,municip council,2: municip council,
2,municip council,2: municip council,
2,municip council,2: municip council,
2,municip council,2: municip council,
2,municip council,2: municip council,
2,municip council,2: municip council,
2,municip council,2: municip council,
2,municip council,2: municip council,
2,municip council,2: municip council,
2,municip council,2: municip council,
6,energiø bornholm,6: energiø bornholm,
6,energiø bornholm,6: energiø bornholm,
6,energiø bornholm,6: energiø bornholm,
6,energiø bornholm,6: energiø bornholm,
6,energiø bornholm,6: energiø bornholm,
6,energiø bornholm,6: energiø bornholm,
6,energiø bornholm,6: energiø bornholm,
6,energiø bornholm,6: energiø bornholm,
6,energiø bornholm,6: energiø bornholm,
6,energiø bornholm,6: energiø bornholm,
6,energiø bornholm,6: energiø bornholm,
6,energiø bornholm,6: energiø bornholm,
6,energiø bornholm,6: energiø bornholm,
6,energiø bornholm,6: energiø bornholm,
6,energiø bornholm,6: energiø bornholm,
6,energiø bornholm,6: energiø bornholm,
6,energiø bornholm,6: energiø bornholm,
6,energiø bornholm,6: energiø bornholm,
6,energiø bornholm,6: energiø bornholm,
6,energiø bornholm,6: energiø bornholm,
6,energiø bornholm,6: energiø bornholm,
6,energiø bornholm,6: energiø bornholm,
6,energiø bornholm,6: energiø bornholm,
6,energiø bornholm,6: energiø bornholm,
6,energiø bornholm,6: energiø bornholm,
6,energiø bornholm,6: energiø bornholm,
6,energiø bornholm,6: energiø bornholm,
6,energiø bornholm,6: energiø bornholm,
6,energiø bornholm,6: energiø bornholm,
6,energiø bornholm,6: energiø bornholm,
6,energiø bornholm,6: energiø bornholm,
6,energiø bornholm,6: energiø bornholm,
6,energiø bornholm,6: energiø bornholm,
6,energiø bornholm,6: energiø bornholm,
6,energiø bornholm,6: energiø bornholm,
6,energiø bornholm,6: energiø bornholm,
6,energiø bornholm,6: energiø bornholm,
6,energiø bornholm,6: energiø bornholm,
6,energiø bornholm,6: energiø bornholm,
6,energiø bornholm,6: energiø bornholm,
6,energiø bornholm,6: energiø bornholm,
6,energiø bornholm,6: energiø bornholm,
6,energiø bornholm,6: energiø bornholm,
6,energiø bornholm,6: energiø bornholm,
6,energiø bornholm,6: energiø bornholm,
6,energiø bornholm,6: energiø bornholm,
6,energiø bornholm,6: energiø bornholm,
6,energiø bornholm,6: energiø bornholm,
6,energiø bornholm,6: energiø bornholm,
6,energiø bornholm,6: energiø bornholm,
6,energiø bornholm,6: energiø bornholm,
6,energiø bornholm,6: energiø bornholm,
6,energiø bornholm,6: energiø bornholm,
6,energiø bornholm,6: energiø bornholm,
6,energiø bornholm,6: energiø bornholm,
6,energiø bornholm,6: energiø bornholm,
6,energiø bornholm,6: energiø bornholm,
6,energiø bornholm,6: energiø bornholm,
6,energiø bornholm,6: energiø bornholm,
6,energiø bornholm,6: energiø bornholm,
6,energiø bornholm,6: energiø bornholm,
6,energiø bornholm,6: energiø bornholm,
6,energiø bornholm,6: energiø bornholm,
6,energiø bornholm,6: energiø bornholm,
6,energiø bornholm,6: energiø bornholm,
6,energiø bornholm,6: energiø bornholm,
6,energiø bornholm,6: energiø bornholm,
6,energiø bornholm,6: energiø bornholm,
6,energiø bornholm,6: energiø bornholm,
6,energiø bornholm,6: energiø bornholm,
6,energiø bornholm,6: energiø bornholm,
6,energiø bornholm,6: energiø bornholm,
6,energiø bornholm,6: energiø bornholm,
6,energiø bornholm,6: energiø bornholm,
6,energiø bornholm,6: energiø bornholm,
6,energiø bornholm,6: energiø bornholm,
6,energiø bornholm,6: energiø bornholm,
6,energiø bornholm,6: energiø bornholm,
6,energiø bornholm,6: energiø bornholm,
6,energiø bornholm,6: energiø bornholm,
6,energiø bornholm,6: energiø bornholm,
6,energiø bornholm,6: energiø bornholm,
6,energiø bornholm,6: energiø bornholm,
6,energiø bornholm,6: energiø bornholm,
6,energiø bornholm,6: energiø bornholm,
6,energiø bornholm,6: energiø bornholm,
6,energiø bornholm,6: energiø bornholm,
6,energiø bornholm,6: energiø bornholm,
6,energiø bornholm,6: energiø bornholm,
6,energiø bornholm,6: energiø bornholm,
6,energiø bornholm,6: energiø bornholm,
6,energiø bornholm,6: energiø bornholm,
6,energiø bornholm,6: energiø bornholm,
6,energiø bornholm,6: energiø bornholm,
6,energiø bornholm,6: energiø bornholm,
6,energiø bornholm,6: energiø bornholm,
6,energiø bornholm,6: energiø bornholm,
6,energiø bornholm,6: energiø bornholm,
6,energiø bornholm,6: energiø bornholm,
6,energiø bornholm,6: energiø bornholm,
6,energiø bornholm,6: energiø bornholm,
6,energiø bornholm,6: energiø bornholm,
6,energiø bornholm,6: energiø bornholm,
6,energiø bornholm,6: energiø bornholm,
6,energiø bornholm,6: energiø bornholm,
6,energiø bornholm,6: energiø bornholm,
6,energiø bornholm,6: energiø bornholm,
6,energiø bornholm,6: energiø bornholm,
6,energiø bornholm,6: energiø bornholm,
6,energiø bornholm,6: energiø bornholm,
6,energiø bornholm,6: energiø bornholm,
6,energiø bornholm,6: energiø bornholm,
6,energiø bornholm,6: energiø bornholm,
6,energiø bornholm,6: energiø bornholm,
6,energiø bornholm,6: energiø bornholm,
6,energiø bornholm,6: energiø bornholm,
6,energiø bornholm,6: energiø bornholm,
6,energiø bornholm,6: energiø bornholm,
6,energiø bornholm,6: energiø bornholm,
6,energiø bornholm,6: energiø bornholm,
6,energiø bornholm,6: energiø bornholm,
6,energiø bornholm,6: energiø bornholm,
6,energiø bornholm,6: energiø bornholm,
6,energiø bornholm,6: energiø bornholm,
6,energiø bornholm,6: energiø bornholm,
6,energiø bornholm,6: energiø bornholm,
6,energiø bornholm,6: energiø bornholm,
6,energiø bornholm,6: energiø bornholm,
6,energiø bornholm,6: energiø bornholm,
6,energiø bornholm,6: energiø bornholm,
6,energiø bornholm,6: energiø bornholm,
6,energiø bornholm,6: energiø bornholm,
6,energiø bornholm,6: energiø bornholm,
6,energiø bornholm,6: energiø bornholm,
6,energiø bornholm,6: energiø bornholm,
6,energiø bornholm,6: energiø bornholm,
6,energiø bornholm,6: energiø bornholm,
6,energiø bornholm,6: energiø bornholm,
6,energiø bornholm,6: energiø bornholm,
6,energiø bornholm,6: energiø bornholm,
6,energiø bornholm,6: energiø bornholm,
6,energiø bornholm,6: energiø bornholm,
6,energiø bornholm,6: energiø bornholm,
6,energiø bornholm,6: energiø bornholm,
6,energiø bornholm,6: energiø bornholm,
6,energiø bornholm,6: energiø bornholm,
6,energiø bornholm,6: energiø bornholm,
6,energiø bornholm,6: energiø bornholm,
6,energiø bornholm,6: energiø bornholm,
6,energiø bornholm,6: energiø bornholm,
6,energiø bornholm,6: energiø bornholm,
6,energiø bornholm,6: energiø bornholm,
6,energiø bornholm,6: energiø bornholm,
6,energiø bornholm,6: energiø bornholm,
6,energiø bornholm,6: energiø bornholm,
6,energiø bornholm,6: energiø bornholm,
6,energiø bornholm,6: energiø bornholm,
6,energiø bornholm,6: energiø bornholm,
6,energiø bornholm,6: energiø bornholm,
6,energiø bornholm,6: energiø bornholm,
6,energiø bornholm,6: energiø bornholm,
6,energiø bornholm,6: energiø bornholm,
6,energiø bornholm,6: energiø bornholm,
6,energiø bornholm,6: energiø bornholm,
6,energiø bornholm,6: energiø bornholm,
6,energiø bornholm,6: energiø bornholm,
6,energiø bornholm,6: energiø bornholm,
6,energiø bornholm,6: energiø bornholm,
6,energiø bornholm,6: energiø bornholm,
6,energiø bornholm,6: energiø bornholm,
6,energiø bornholm,6: energiø bornholm,
2,municip council,2: municip council,
2,municip council,2: municip council,
2,municip council,2: municip council,
2,municip council,2: municip council,
2,municip council,2: municip council,
2,municip council,2: municip council,
2,municip council,2: municip council,
2,municip council,2: municip council,
2,municip council,2: municip council,
2,municip council,2: municip council,
2,municip council,2: municip council,
2,municip council,2: municip council,
2,municip council,2: municip council,
2,municip council,2: municip council,
2,municip council,2: municip council,
2,municip council,2: municip council,
2,municip council,2: municip council,
2,municip council,2: municip council,
2,municip council,2: municip council,
2,municip council,2: municip council,
2,municip council,2: municip council,
2,municip council,2: municip council,
2,municip council,2: municip council,
2,municip council,2: municip council,
2,municip council,2: municip council,
2,municip council,2: municip council,
2,municip council,2: municip council,
2,municip council,2: municip council,
2,municip council,2: municip council,
2,municip council,2: municip council,
2,municip council,2: municip council,
2,municip council,2: municip council,
2,municip council,2: municip council,
2,municip council,2: municip council,
2,municip council,2: municip council,
2,municip council,2: municip council,
2,municip council,2: municip council,
2,municip council,2: municip council,
2,municip council,2: municip council,
2,municip council,2: municip council,
2,municip council,2: municip council,
2,municip council,2: municip council,
2,municip council,2: municip council,
2,municip council,2: municip council,
2,municip council,2: municip council,
2,municip council,2: municip council,
2,municip council,2: municip council,
2,municip council,2: municip council,
2,municip council,2: municip council,
2,municip council,2: municip council,
2,municip council,2: municip council,
2,municip council,2: municip council,
2,municip council,2: municip council,
2,municip council,2: municip council,
2,municip council,2: municip council,
2,municip council,2: municip council,
2,municip council,2: municip council,
2,municip council,2: municip council,
2,municip council,2: municip council,
2,municip council,2: municip council,
2,municip council,2: municip council,
2,municip council,2: municip council,
2,municip council,2: municip council,
2,municip council,2: municip council,
2,municip council,2: municip council,
2,municip council,2: municip council,
2,municip council,2: municip council,
2,municip council,2: municip council,
2,municip council,2: municip council,
2,municip council,2: municip council,
2,municip council,2: municip council,
2,municip council,2: municip council,
2,municip council,2: municip council,
2,municip council,2: municip council,
2,municip council,2: municip council,
2,municip council,2: municip council,
2,municip council,2: municip council,
2,municip council,2: municip council,
2,municip council,2: municip council,
2,municip council,2: municip council,
2,municip council,2: municip council,
2,municip council,2: municip council,
2,municip council,2: municip council,
2,municip council,2: municip council,
2,municip council,2: municip council,
2,municip council,2: municip council,
2,municip council,2: municip council,
2,municip council,2: municip council,
2,municip council,2: municip council,
2,municip council,2: municip council,
2,municip council,2: municip council,
2,municip council,2: municip council,
2,municip council,2: municip council,
2,municip council,2: municip council,
2,municip council,2: municip council,
2,municip council,2: municip council,
2,municip council,2: municip council,
2,municip council,2: municip council,
2,municip council,2: municip council,
2,municip council,2: municip council,
2,municip council,2: municip council,
2,municip council,2: municip council,
2,municip council,2: municip council,
2,municip council,2: municip council,
2,municip council,2: municip council,
2,municip council,2: municip council,
2,municip council,2: municip council,
2,municip council,2: municip council,
2,municip council,2: municip council,
2,municip council,2: municip council,
2,municip council,2: municip council,
2,municip council,2: municip council,
2,municip council,2: municip council,
2,municip council,2: municip council,
2,municip council,2: municip council,
2,municip council,2: municip council,
2,municip council,2: municip council,
2,municip council,2: municip council,
2,municip council,2: municip council,
2,municip council,2: municip council,
2,municip council,2: municip council,
2,municip council,2: municip council,
2,municip council,2: municip council,
2,municip council,2: municip council,
2,municip council,2: municip council,
2,municip council,2: municip council,
2,municip council,2: municip council,
2,municip council,2: municip council,
2,municip council,2: municip council,
2,municip council,2: municip council,
2,municip council,2: municip council,
2,municip council,2: municip council,
2,municip council,2: municip council,
2,municip council,2: municip council,
2,municip council,2: municip council,
2,municip council,2: municip council,
2,municip council,2: municip council,
2,municip council,2: municip council,
2,municip council,2: municip council,
2,municip council,2: municip council,
2,municip council,2: municip council,
2,municip council,2: municip council,
2,municip council,2: municip council,
2,municip council,2: municip council,
2,municip council,2: municip council,
2,municip council,2: municip council,
2,municip council,2: municip council,
2,municip council,2: municip council,
2,municip council,2: municip council,
2,municip council,2: municip council,
2,municip council,2: municip council,
2,municip council,2: municip council,
2,municip council,2: municip council,
2,municip council,2: municip council,
2,municip council,2: municip council,
2,municip council,2: municip council,
4,baltic sea,4: baltic sea,
4,baltic sea,4: baltic sea,
4,baltic sea,4: baltic sea,
4,baltic sea,4: baltic sea,
4,baltic sea,4: baltic sea,
4,baltic sea,4: baltic sea,
4,baltic sea,4: baltic sea,
4,baltic sea,4: baltic sea,
4,baltic sea,4: baltic sea,
4,baltic sea,4: baltic sea,
4,baltic sea,4: baltic sea,
4,baltic sea,4: baltic sea,
4,baltic sea,4: baltic sea,
4,baltic sea,4: baltic sea,
4,baltic sea,4: baltic sea,
4,baltic sea,4: baltic sea,
4,baltic sea,4: baltic sea,
4,baltic sea,4: baltic sea,
4,baltic sea,4: baltic sea,
4,baltic sea,4: baltic sea,
4,baltic sea,4: baltic sea,
4,baltic sea,4: baltic sea,
4,baltic sea,4: baltic sea,
4,baltic sea,4: baltic sea,
4,baltic sea,4: baltic sea,
4,baltic sea,4: baltic sea,
4,baltic sea,4: baltic sea,
4,baltic sea,4: baltic sea,
4,baltic sea,4: baltic sea,
4,baltic sea,4: baltic sea,
4,baltic sea,4: baltic sea,
4,baltic sea,4: baltic sea,
4,baltic sea,4: baltic sea,
4,baltic sea,4: baltic sea,
4,baltic sea,4: baltic sea,
4,baltic sea,4: baltic sea,
4,baltic sea,4: baltic sea,
4,baltic sea,4: baltic sea,
4,baltic sea,4: baltic sea,
4,baltic sea,4: baltic sea,
4,baltic sea,4: baltic sea,
4,baltic sea,4: baltic sea,
4,baltic sea,4: baltic sea,
4,baltic sea,4: baltic sea,
4,baltic sea,4: baltic sea,
4,baltic sea,4: baltic sea,
4,baltic sea,4: baltic sea,
4,baltic sea,4: baltic sea,
4,baltic sea,4: baltic sea,
4,baltic sea,4: baltic sea,
4,baltic sea,4: baltic sea,
4,baltic sea,4: baltic sea,
4,baltic sea,4: baltic sea,
4,baltic sea,4: baltic sea,
4,baltic sea,4: baltic sea,
4,baltic sea,4: baltic sea,
4,baltic sea,4: baltic sea,
4,baltic sea,4: baltic sea,
4,baltic sea,4: baltic sea,
4,baltic sea,4: baltic sea,
4,baltic sea,4: baltic sea,
4,baltic sea,4: baltic sea,
4,baltic sea,4: baltic sea,
4,baltic sea,4: baltic sea,
4,baltic sea,4: baltic sea,
4,baltic sea,4: baltic sea,
4,baltic sea,4: baltic sea,
4,baltic sea,4: baltic sea,
4,baltic sea,4: baltic sea,
4,baltic sea,4: baltic sea,
4,baltic sea,4: baltic sea,
4,baltic sea,4: baltic sea,
4,baltic sea,4: baltic sea,
4,baltic sea,4: baltic sea,
4,baltic sea,4: baltic sea,
4,baltic sea,4: baltic sea,
4,baltic sea,4: baltic sea,
4,baltic sea,4: baltic sea,
4,baltic sea,4: baltic sea,
4,baltic sea,4: baltic sea,
4,baltic sea,4: baltic sea,
4,baltic sea,4: baltic sea,
4,baltic sea,4: baltic sea,
4,baltic sea,4: baltic sea,
4,baltic sea,4: baltic sea,
4,baltic sea,4: baltic sea,
4,baltic sea,4: baltic sea,
4,baltic sea,4: baltic sea,
4,baltic sea,4: baltic sea,
4,baltic sea,4: baltic sea,
4,baltic sea,4: baltic sea,
4,baltic sea,4: baltic sea,
4,baltic sea,4: baltic sea,
4,baltic sea,4: baltic sea,
4,baltic sea,4: baltic sea,
4,baltic sea,4: baltic sea,
4,baltic sea,4: baltic sea,
4,baltic sea,4: baltic sea,
4,baltic sea,4: baltic sea,
4,baltic sea,4: baltic sea,
4,baltic sea,4: baltic sea,
4,baltic sea,4: baltic sea,
4,baltic sea,4: baltic sea,
4,baltic sea,4: baltic sea,
4,baltic sea,4: baltic sea,
4,baltic sea,4: baltic sea,
4,baltic sea,4: baltic sea,
4,baltic sea,4: baltic sea,
4,baltic sea,4: baltic sea,
4,baltic sea,4: baltic sea,
4,baltic sea,4: baltic sea,
4,baltic sea,4: baltic sea,
4,baltic sea,4: baltic sea,
4,baltic sea,4: baltic sea,
4,baltic sea,4: baltic sea,
4,baltic sea,4: baltic sea,
4,baltic sea,4: baltic sea,
4,baltic sea,4: baltic sea,
4,baltic sea,4: baltic sea,
4,baltic sea,4: baltic sea,
4,baltic sea,4: baltic sea,
4,baltic sea,4: baltic sea,
4,baltic sea,4: baltic sea,
4,baltic sea,4: baltic sea,
4,baltic sea,4: baltic sea,
4,baltic sea,4: baltic sea,
4,baltic sea,4: baltic sea,
4,baltic sea,4: baltic sea,
4,baltic sea,4: baltic sea,
4,baltic sea,4: baltic sea,
4,baltic sea,4: baltic sea,
4,baltic sea,4: baltic sea,
4,baltic sea,4: baltic sea,
4,baltic sea,4: baltic sea,
4,baltic sea,4: baltic sea,
4,baltic sea,4: baltic sea,
4,baltic sea,4: baltic sea,
4,baltic sea,4: baltic sea,
2,municip council,2: municip council,
2,municip council,2: municip council,
2,municip council,2: municip council,
2,municip council,2: municip council,
2,municip council,2: municip council,
2,municip council,2: municip council,
2,municip council,2: municip council,
2,municip council,2: municip council,
2,municip council,2: municip council,
2,municip council,2: municip council,
2,municip council,2: municip council,
2,municip council,2: municip council,
2,municip council,2: municip council,
2,municip council,2: municip council,
2,municip council,2: municip council,
2,municip council,2: municip council,
2,municip council,2: municip council,
2,municip council,2: municip council,
2,municip council,2: municip council,
2,municip council,2: municip council,
2,municip council,2: municip council,
2,municip council,2: municip council,
2,municip council,2: municip council,
2,municip council,2: municip council,
2,municip council,2: municip council,
2,municip council,2: municip council,
2,municip council,2: municip council,
2,municip council,2: municip council,
2,municip council,2: municip council,
2,municip council,2: municip council,
2,municip council,2: municip council,
2,municip council,2: municip council,
2,municip council,2: municip council,
2,municip council,2: municip council,
2,municip council,2: municip council,
2,municip council,2: municip council,
2,municip council,2: municip council,
2,municip council,2: municip council,
2,municip council,2: municip council,
2,municip council,2: municip council,
2,municip council,2: municip council,
2,municip council,2: municip council,
2,municip council,2: municip council,
2,municip council,2: municip council,
2,municip council,2: municip council,
2,municip council,2: municip council,
2,municip council,2: municip council,
2,municip council,2: municip council,
2,municip council,2: municip council,
2,municip council,2: municip council,
2,municip council,2: municip council,
2,municip council,2: municip council,
2,municip council,2: municip council,
2,municip council,2: municip council,
2,municip council,2: municip council,
2,municip council,2: municip council,
2,municip council,2: municip council,
2,municip council,2: municip council,
2,municip council,2: municip council,
2,municip council,2: municip council,
2,municip council,2: municip council,
2,municip council,2: municip council,
2,municip council,2: municip council,
2,municip council,2: municip council,
2,municip council,2: municip council,
2,municip council,2: municip council,
2,municip council,2: municip council,
2,municip council,2: municip council,
2,municip council,2: municip council,
2,municip council,2: municip council,
2,municip council,2: municip council,
2,municip council,2: municip council,
2,municip council,2: municip council,
2,municip council,2: municip council,
2,municip council,2: municip council,
2,municip council,2: municip council,
2,municip council,2: municip council,
2,municip council,2: municip council,
2,municip council,2: municip council,
2,municip council,2: municip council,
2,municip council,2: municip council,
2,municip council,2: municip council,
2,municip council,2: municip council,
2,municip council,2: municip council,
2,municip council,2: municip council,
2,municip council,2: municip council,
2,municip council,2: municip council,
2,municip council,2: municip council,
2,municip council,2: municip council,
2,municip council,2: municip council,
2,municip council,2: municip council,
2,municip council,2: municip council,
2,municip council,2: municip council,
2,municip council,2: municip council,
2,municip council,2: municip council,
2,municip council,2: municip council,
2,municip council,2: municip council,
2,municip council,2: municip council,
2,municip council,2: municip council,
2,municip council,2: municip council,
2,municip council,2: municip council,
2,municip council,2: municip council,
2,municip council,2: municip council,
2,municip council,2: municip council,
2,municip council,2: municip council,
2,municip council,2: municip council,
2,municip council,2: municip council,
2,municip council,2: municip council,
2,municip council,2: municip council,
2,municip council,2: municip council,
2,municip council,2: municip council,
2,municip council,2: municip council,
2,municip council,2: municip council,
2,municip council,2: municip council,
2,municip council,2: municip council,
2,municip council,2: municip council,
2,municip council,2: municip council,
2,municip council,2: municip council,
2,municip council,2: municip council,
2,municip council,2: municip council,
2,municip council,2: municip council,
2,municip council,2: municip council,
2,municip council,2: municip council,
2,municip council,2: municip council,
2,municip council,2: municip council,
2,municip council,2: municip council,
2,municip council,2: municip council,
2,municip council,2: municip council,
2,municip council,2: municip council,
2,municip council,2: municip council,
2,municip council,2: municip council,
2,municip council,2: municip council,
2,municip council,2: municip council,
2,municip council,2: municip council,
2,municip council,2: municip council,
2,municip council,2: municip council,
2,municip council,2: municip council,
2,municip council,2: municip council,
2,municip council,2: municip council,
2,municip council,2: municip council,
2,municip council,2: municip council,
2,municip council,2: municip council,
2,municip council,2: municip council,
2,municip council,2: municip council,
2,municip council,2: municip council,
2,municip council,2: municip council,
2,municip council,2: municip council,
2,municip council,2: municip council,
2,municip council,2: municip council,
2,municip council,2: municip council,
2,municip council,2: municip council,
2,municip council,2: municip council,
2,municip council,2: municip council,
2,municip council,2: municip council,
2,municip council,2: municip council,
2,municip council,2: municip council,
2,municip council,2: municip council,
2,municip council,2: municip council,
2,municip council,2: municip council,
2,municip council,2: municip council,
2,municip council,2: municip council,
2,municip council,2: municip council,
2,municip council,2: municip council,
2,municip council,2: municip council,
2,municip council,2: municip council,
2,municip council,2: municip council,
2,municip council,2: municip council,
2,municip council,2: municip council,
2,municip council,2: municip council,
2,municip council,2: municip council,
2,municip council,2: municip council,
2,municip council,2: municip council,
2,municip council,2: municip council,
2,municip council,2: municip council,
2,municip council,2: municip council,
2,municip council,2: municip council,
2,municip council,2: municip council,
2,municip council,2: municip council,
2,municip council,2: municip council,
2,municip council,2: municip council,
2,municip council,2: municip council,
2,municip council,2: municip council,
2,municip council,2: municip council,
2,municip council,2: municip council,
2,municip council,2: municip council,
2,municip council,2: municip council,
2,municip council,2: municip council,
2,municip council,2: municip council,
2,municip council,2: municip council,
2,municip council,2: municip council,
2,municip council,2: municip council,
2,municip council,2: municip council,
2,municip council,2: municip council,
2,municip council,2: municip council,
2,municip council,2: municip council,
2,municip council,2: municip council,
2,municip council,2: municip council,
2,municip council,2: municip council,
2,municip council,2: municip council,
2,municip council,2: municip council,
2,municip council,2: municip council,
2,municip council,2: municip council,
2,municip council,2: municip council,
2,municip council,2: municip council,
2,municip council,2: municip council,
2,municip council,2: municip council,
2,municip council,2: municip council,
2,municip council,2: municip council,
2,municip council,2: municip council,
2,municip council,2: municip council,
2,municip council,2: municip council,
2,municip council,2: municip council,
2,municip council,2: municip council,
2,municip council,2: municip council,
2,municip council,2: municip council,
2,municip council,2: municip council,
2,municip council,2: municip council,
2,municip council,2: municip council,
2,municip council,2: municip council,
2,municip council,2: municip council,
2,municip council,2: municip council,
2,municip council,2: municip council,
2,municip council,2: municip council,
2,municip council,2: municip council,
2,municip council,2: municip council,
2,municip council,2: municip council,
2,municip council,2: municip council,
2,municip council,2: municip council,
2,municip council,2: municip council,
2,municip council,2: municip council,
2,municip council,2: municip council,
2,municip council,2: municip council,
2,municip council,2: municip council,
2,municip council,2: municip council,
2,municip council,2: municip council,
2,municip council,2: municip council,
2,municip council,2: municip council,
2,municip council,2: municip council,
2,municip council,2: municip council,
2,municip council,2: municip council,
2,municip council,2: municip council,
2,municip council,2: municip council,
2,municip council,2: municip council,
2,municip council,2: municip council,
2,municip council,2: municip council,
2,municip council,2: municip council,
2,municip council,2: municip council,
2,municip council,2: municip council,
2,municip council,2: municip council,
2,municip council,2: municip council,
2,municip council,2: municip council,
2,municip council,2: municip council,
2,municip council,2: municip council,
2,municip council,2: municip council,
2,municip council,2: municip council,
2,municip council,2: municip council,
2,municip council,2: municip council,
2,municip council,2: municip council,
2,municip council,2: municip council,
2,municip council,2: municip council,
2,municip council,2: municip council,
2,municip council,2: municip council,
2,municip council,2: municip council,
2,municip council,2: municip council,
2,municip council,2: municip council,
2,municip council,2: municip council,
2,municip council,2: municip council,
2,municip council,2: municip council,
2,municip council,2: municip council,
2,municip council,2: municip council,
2,municip council,2: municip council,
2,municip council,2: municip council,
2,municip council,2: municip council,
2,municip council,2: municip council,
2,municip council,2: municip council,
2,municip council,2: municip council,
2,municip council,2: municip council,
2,municip council,2: municip council,
2,municip council,2: municip council,
2,municip council,2: municip council,
2,municip council,2: municip council,
2,municip council,2: municip council,
2,municip council,2: municip council,
2,municip council,2: municip council,
2,municip council,2: municip council,
2,municip council,2: municip council,
2,municip council,2: municip council,
2,municip council,2: municip council,
2,municip council,2: municip council,
2,municip council,2: municip council,
2,municip council,2: municip council,
2,municip council,2: municip council,
2,municip council,2: municip council,
2,municip council,2: municip council,
2,municip council,2: municip council,
2,municip council,2: municip council,
2,municip council,2: municip council,
2,municip council,2: municip council,
2,municip council,2: municip council,
2,municip council,2: municip council,
2,municip council,2: municip council,
2,municip council,2: municip council,
2,municip council,2: municip council,
2,municip council,2: municip council,
2,municip council,2: municip council,
2,municip council,2: municip council,
2,municip council,2: municip council,
2,municip council,2: municip council,
2,municip council,2: municip council,
2,municip council,2: municip council,
2,municip council,2: municip council,
2,municip council,2: municip council,
2,municip council,2: municip council,
2,municip council,2: municip council,
2,municip council,2: municip council,
2,municip council,2: municip council,
2,municip council,2: municip council,
2,municip council,2: municip council,
2,municip council,2: municip council,
2,municip council,2: municip council,
2,municip council,2: municip council,
2,municip council,2: municip council,
2,municip council,2: municip council,
2,municip council,2: municip council,
2,municip council,2: municip council,
2,municip council,2: municip council,
2,municip council,2: municip council,
2,municip council,2: municip council,
2,municip council,2: municip council,
2,municip council,2: municip council,
2,municip council,2: municip council,
2,municip council,2: municip council,
2,municip council,2: municip council,
2,municip council,2: municip council,
2,municip council,2: municip council,
2,municip council,2: municip council,
2,municip council,2: municip council,
2,municip council,2: municip council,
2,municip council,2: municip council,
2,municip council,2: municip council,
2,municip council,2: municip council,
2,municip council,2: municip council,
2,municip council,2: municip council,
2,municip council,2: municip council,
2,municip council,2: municip council,
2,municip council,2: municip council,
2,municip council,2: municip council,
2,municip council,2: municip council,
2,municip council,2: municip council,
2,municip council,2: municip council,
2,municip council,2: municip council,
2,municip council,2: municip council,
2,municip council,2: municip council,
2,municip council,2: municip council,
2,municip council,2: municip council,
2,municip council,2: municip council,
2,municip council,2: municip council,
2,municip council,2: municip council,
2,municip council,2: municip council,
2,municip council,2: municip council,
2,municip council,2: municip council,
2,municip council,2: municip council,
2,municip council,2: municip council,
2,municip council,2: municip council,
2,municip council,2: municip council,
2,municip council,2: municip council,
2,municip council,2: municip council,
2,municip council,2: municip council,
2,municip council,2: municip council,
2,municip council,2: municip council,
2,municip council,2: municip council,
2,municip council,2: municip council,
2,municip council,2: municip council,
2,municip council,2: municip council,
2,municip council,2: municip council,
2,municip council,2: municip council,
2,municip council,2: municip council,
2,municip council,2: municip council,
2,municip council,2: municip council,
2,municip council,2: municip council,
2,municip council,2: municip council,
2,municip council,2: municip council,
2,municip council,2: municip council,
2,municip council,2: municip council,
2,municip council,2: municip council,
2,municip council,2: municip council,
2,municip council,2: municip council,
2,municip council,2: municip council,
2,municip council,2: municip council,
2,municip council,2: municip council,
2,municip council,2: municip council,
2,municip council,2: municip council,
2,municip council,2: municip council,
2,municip council,2: municip council,
2,municip council,2: municip council,
2,municip council,2: municip council,
2,municip council,2: municip council,
2,municip council,2: municip council,
2,municip council,2: municip council,
2,municip council,2: municip council,
2,municip council,2: municip council,
2,municip council,2: municip council,
2,municip council,2: municip council,
2,municip council,2: municip council,
2,municip council,2: municip council,
2,municip council,2: municip council,
2,municip council,2: municip council,
2,municip council,2: municip council,
2,municip council,2: municip council,
2,municip council,2: municip council,
2,municip council,2: municip council,
2,municip council,2: municip council,
2,municip council,2: municip council,
2,municip council,2: municip council,
2,municip council,2: municip council,
2,municip council,2: municip council,
2,municip council,2: municip council,
2,municip council,2: municip council,
2,municip council,2: municip council,
2,municip council,2: municip council,
2,municip council,2: municip council,
2,municip council,2: municip council,
2,municip council,2: municip council,
2,municip council,2: municip council,
2,municip council,2: municip council,
2,municip council,2: municip council,
2,municip council,2: municip council,
2,municip council,2: municip council,
2,municip council,2: municip council,
2,municip council,2: municip council,
2,municip council,2: municip council,
2,municip council,2: municip council,
2,municip council,2: municip council,
2,municip council,2: municip council,
2,municip council,2: municip council,
2,municip council,2: municip council,
2,municip council,2: municip council,
2,municip council,2: municip council,
2,municip council,2: municip council,
2,municip council,2: municip council,
2,municip council,2: municip council,
2,municip council,2: municip council,
2,municip council,2: municip council,
2,municip council,2: municip council,
2,municip council,2: municip council,
2,municip council,2: municip council,
2,municip council,2: municip council,
2,municip council,2: municip council,
2,municip council,2: municip council,
2,municip council,2: municip council,
2,municip council,2: municip council,
2,municip council,2: municip council,
2,municip council,2: municip council,
2,municip council,2: municip council,
2,municip council,2: municip council,
2,municip council,2: municip council,
2,municip council,2: municip council,
2,municip council,2: municip council,
2,municip council,2: municip council,
2,municip council,2: municip council,
2,municip council,2: municip council,
2,municip council,2: municip council,
2,municip council,2: municip council,
2,municip council,2: municip council,
2,municip council,2: municip council,
2,municip council,2: municip council,
2,municip council,2: municip council,
2,municip council,2: municip council,
2,municip council,2: municip council,
2,municip council,2: municip council,
2,municip council,2: municip council,
2,municip council,2: municip council,
2,municip council,2: municip council,
2,municip council,2: municip council,
2,municip council,2: municip council,
2,municip council,2: municip council,
2,municip council,2: municip council,
2,municip council,2: municip council,
2,municip council,2: municip council,
2,municip council,2: municip council,
2,municip council,2: municip council,
2,municip council,2: municip council,
2,municip council,2: municip council,
2,municip council,2: municip council,
2,municip council,2: municip council,
2,municip council,2: municip council,
2,municip council,2: municip council,
2,municip council,2: municip council,
2,municip council,2: municip council,
2,municip council,2: municip council,
2,municip council,2: municip council,
2,municip council,2: municip council,
2,municip council,2: municip council,
2,municip council,2: municip council,
2,municip council,2: municip council,
2,municip council,2: municip council,
2,municip council,2: municip council,
2,municip council,2: municip council,
2,municip council,2: municip council,
2,municip council,2: municip council,
2,municip council,2: municip council,
2,municip council,2: municip council,
2,municip council,2: municip council,
2,municip council,2: municip council,
2,municip council,2: municip council,
2,municip council,2: municip council,
2,municip council,2: municip council,
2,municip council,2: municip council,
2,municip council,2: municip council,
2,municip council,2: municip council,
2,municip council,2: municip council,
2,municip council,2: municip council,
2,municip council,2: municip council,
2,municip council,2: municip council,
2,municip council,2: municip council,
2,municip council,2: municip council,
2,municip council,2: municip council,
2,municip council,2: municip council,
2,municip council,2: municip council,
2,municip council,2: municip council,
2,municip council,2: municip council,
2,municip council,2: municip council,
2,municip council,2: municip council,
2,municip council,2: municip council,
2,municip council,2: municip council,
2,municip council,2: municip council,
2,municip council,2: municip council,
2,municip council,2: municip council,
2,municip council,2: municip council,
2,municip council,2: municip council,
2,municip council,2: municip council,
2,municip council,2: municip council,
2,municip council,2: municip council,
2,municip council,2: municip council,
2,municip council,2: municip council,
2,municip council,2: municip council,
2,municip council,2: municip council,
2,municip council,2: municip council,
2,municip council,2: municip council,
2,municip council,2: municip council,
2,municip council,2: municip council,
2,municip council,2: municip council,
2,municip council,2: municip council,
2,municip council,2: municip council,
2,municip council,2: municip council,
2,municip council,2: municip council,
2,municip council,2: municip council,
2,municip council,2: municip council,
2,municip council,2: municip council,
2,municip council,2: municip council,
2,municip council,2: municip council,
2,municip council,2: municip council,
2,municip council,2: municip council,
2,municip council,2: municip council,
2,municip council,2: municip council,
2,municip council,2: municip council,
2,municip council,2: municip council,
2,municip council,2: municip council,
2,municip council,2: municip council,
2,municip council,2: municip council,
2,municip council,2: municip council,
2,municip council,2: municip council,
2,municip council,2: municip council,
2,municip council,2: municip council,
2,municip council,2: municip council,
2,municip council,2: municip council,
2,municip council,2: municip council,
2,municip council,2: municip council,
2,municip council,2: municip council,
2,municip council,2: municip council,
2,municip council,2: municip council,
2,municip council,2: municip council,
2,municip council,2: municip council,
2,municip council,2: municip council,
2,municip council,2: municip council,
2,municip council,2: municip council,
2,municip council,2: municip council,
2,municip council,2: municip council,
2,municip council,2: municip council,
2,municip council,2: municip council,
2,municip council,2: municip council,
2,municip council,2: municip council,
2,municip council,2: municip council,
2,municip council,2: municip council,
2,municip council,2: municip council,
2,municip council,2: municip council,
2,municip council,2: municip council,
2,municip council,2: municip council,
2,municip council,2: municip council,
2,municip council,2: municip council,
2,municip council,2: municip council,
2,municip council,2: municip council,
2,municip council,2: municip council,
2,municip council,2: municip council,
2,municip council,2: municip council,
2,municip council,2: municip council,
2,municip council,2: municip council,
2,municip council,2: municip council,
2,municip council,2: municip council,
2,municip council,2: municip council,
2,municip council,2: municip council,
2,municip council,2: municip council,
2,municip council,2: municip council,
2,municip council,2: municip council,
2,municip council,2: municip council,
2,municip council,2: municip council,
2,municip council,2: municip council,
2,municip council,2: municip council,
2,municip council,2: municip council,
2,municip council,2: municip council,
2,municip council,2: municip council,
2,municip council,2: municip council,
2,municip council,2: municip council,
2,municip council,2: municip council,
2,municip council,2: municip council,
2,municip council,2: municip council,
2,municip council,2: municip council,
2,municip council,2: municip council,
2,municip council,2: municip council,
2,municip council,2: municip council,
2,municip council,2: municip council,
2,municip council,2: municip council,
2,municip council,2: municip council,
2,municip council,2: municip council,
2,municip council,2: municip council,
2,municip council,2: municip council,
2,municip council,2: municip council,
2,municip council,2: municip council,
2,municip council,2: municip council,
2,municip council,2: municip council,
2,municip council,2: municip council,
2,municip council,2: municip council,
2,municip council,2: municip council,
2,municip council,2: municip council,
2,municip council,2: municip council,
2,municip council,2: municip council,
2,municip council,2: municip council,
2,municip council,2: municip council,
2,municip council,2: municip council,
2,municip council,2: municip council,
2,municip council,2: municip council,
2,municip council,2: municip council,
2,municip council,2: municip council,
2,municip council,2: municip council,
2,municip council,2: municip council,
2,municip council,2: municip council,
2,municip council,2: municip council,
2,municip council,2: municip council,
2,municip council,2: municip council,
2,municip council,2: municip council,
2,municip council,2: municip council,
2,municip council,2: municip council,
2,municip council,2: municip council,
2,municip council,2: municip council,
2,municip council,2: municip council,
2,municip council,2: municip council,
2,municip council,2: municip council,
2,municip council,2: municip council,
2,municip council,2: municip council,
2,municip council,2: municip council,
2,municip council,2: municip council,
2,municip council,2: municip council,
2,municip council,2: municip council,
2,municip council,2: municip council,
2,municip council,2: municip council,
2,municip council,2: municip council,
2,municip council,2: municip council,
2,municip council,2: municip council,
2,municip council,2: municip council,
2,municip council,2: municip council,
2,municip council,2: municip council,
2,municip council,2: municip council,
2,municip council,2: municip council,
2,municip council,2: municip council,
2,municip council,2: municip council,
2,municip council,2: municip council,
2,municip council,2: municip council,
2,municip council,2: municip council,
2,municip council,2: municip council,
2,municip council,2: municip council,
2,municip council,2: municip council,
2,municip council,2: municip council,
2,municip council,2: municip council,
2,municip council,2: municip council,
2,municip council,2: municip council,
2,municip council,2: municip council,
2,municip council,2: municip council,
2,municip council,2: municip council,
2,municip council,2: municip council,
2,municip council,2: municip council,
2,municip council,2: municip council,
2,municip council,2: municip council,
2,municip council,2: municip council,
2,municip council,2: municip council,
2,municip council,2: municip council,
2,municip council,2: municip council,
2,municip council,2: municip council,
2,municip council,2: municip council,
2,municip council,2: municip council,
2,municip council,2: municip council,
2,municip council,2: municip council,
2,municip council,2: municip council,
2,municip council,2: municip council,
2,municip council,2: municip council,
2,municip council,2: municip council,
2,municip council,2: municip council,
2,municip council,2: municip council,
2,municip council,2: municip council,
2,municip council,2: municip council,
2,municip council,2: municip council,
2,municip council,2: municip council,
2,municip council,2: municip council,
2,municip council,2: municip council,
2,municip council,2: municip council,
2,municip council,2: municip council,
2,municip council,2: municip council,
2,municip council,2: municip council,
2,municip council,2: municip council,
2,municip council,2: municip council,
2,municip council,2: municip council,
2,municip council,2: municip council,
2,municip council,2: municip council,
2,municip council,2: municip council,
2,municip council,2: municip council,
2,municip council,2: municip council,
2,municip council,2: municip council,
2,municip council,2: municip council,
2,municip council,2: municip council,
2,municip council,2: municip council,
2,municip council,2: municip council,
2,municip council,2: municip council,
2,municip council,2: municip council,
2,municip council,2: municip council,
2,municip council,2: municip council,
2,municip council,2: municip council,
2,municip council,2: municip council,
2,municip council,2: municip council,
2,municip council,2: municip council,
2,municip council,2: municip council,
2,municip council,2: municip council,
2,municip council,2: municip council,
2,municip council,2: municip council,
2,municip council,2: municip council,
2,municip council,2: municip council,
2,municip council,2: municip council,
2,municip council,2: municip council,
2,municip council,2: municip council,
2,municip council,2: municip council,
2,municip council,2: municip council,
2,municip council,2: municip council,
2,municip council,2: municip council,
2,municip council,2: municip council,
2,municip council,2: municip council,
2,municip council,2: municip council,
2,municip council,2: municip council,
2,municip council,2: municip council,
2,municip council,2: municip council,
2,municip council,2: municip council,
2,municip council,2: municip council,
2,municip council,2: municip council,
2,municip council,2: municip council,
2,municip council,2: municip council,
2,municip council,2: municip council,
2,municip council,2: municip council,
2,municip council,2: municip council,
2,municip council,2: municip council,
2,municip council,2: municip council,
2,municip council,2: municip council,
2,municip council,2: municip council,
2,municip council,2: municip council,
2,municip council,2: municip council,
2,municip council,2: municip council,
2,municip council,2: municip council,
2,municip council,2: municip council,
2,municip council,2: municip council,
2,municip council,2: municip council,
2,municip council,2: municip council,
2,municip council,2: municip council,
2,municip council,2: municip council,
2,municip council,2: municip council,
2,municip council,2: municip council,
2,municip council,2: municip council,
2,municip council,2: municip council,
2,municip council,2: municip council,
2,municip council,2: municip council,
2,municip council,2: municip council,
2,municip council,2: municip council,
2,municip council,2: municip council,
2,municip council,2: municip council,
2,municip council,2: municip council,
2,municip council,2: municip council,
2,municip council,2: municip council,
2,municip council,2: municip council,
2,municip council,2: municip council,
2,municip council,2: municip council,
2,municip council,2: municip council,
2,municip council,2: municip council,
2,municip council,2: municip council,
2,municip council,2: municip council,
2,municip council,2: municip council,
2,municip council,2: municip council,
2,municip council,2: municip council,
2,municip council,2: municip council,
2,municip council,2: municip council,
2,municip council,2: municip council,
2,municip council,2: municip council,
2,municip council,2: municip council,
2,municip council,2: municip council,
2,municip council,2: municip council,
2,municip council,2: municip council,
2,municip council,2: municip council,
2,municip council,2: municip council,
2,municip council,2: municip council,
2,municip council,2: municip council,
2,municip council,2: municip council,
2,municip council,2: municip council,
2,municip council,2: municip council,
2,municip council,2: municip council,
2,municip council,2: municip council,
2,municip council,2: municip council,
2,municip council,2: municip council,
2,municip council,2: municip council,
2,municip council,2: municip council,
2,municip council,2: municip council,
2,municip council,2: municip council,
2,municip council,2: municip council,
2,municip council,2: municip council,
2,municip council,2: municip council,
2,municip council,2: municip council,
2,municip council,2: municip council,
2,municip council,2: municip council,
2,municip council,2: municip council,
2,municip council,2: municip council,
2,municip council,2: municip council,
2,municip council,2: municip council,
2,municip council,2: municip council,
2,municip council,2: municip council,
2,municip council,2: municip council,
2,municip council,2: municip council,
2,municip council,2: municip council,
2,municip council,2: municip council,
2,municip council,2: municip council,
2,municip council,2: municip council,
2,municip council,2: municip council,
2,municip council,2: municip council,
2,municip council,2: municip council,
2,municip council,2: municip council,
2,municip council,2: municip council,
2,municip council,2: municip council,
2,municip council,2: municip council,
2,municip council,2: municip council,
2,municip council,2: municip council,
2,municip council,2: municip council,
2,municip council,2: municip council,
2,municip council,2: municip council,
2,municip council,2: municip council,
2,municip council,2: municip council,
2,municip council,2: municip council,
2,municip council,2: municip council,
2,municip council,2: municip council,
2,municip council,2: municip council,
2,municip council,2: municip council,
2,municip council,2: municip council,
2,municip council,2: municip council,
2,municip council,2: municip council,
2,municip council,2: municip council,
2,municip council,2: municip council,
2,municip council,2: municip council,
2,municip council,2: municip council,
2,municip council,2: municip council,
2,municip council,2: municip council,
2,municip council,2: municip council,
2,municip council,2: municip council,
2,municip council,2: municip council,
2,municip council,2: municip council,
2,municip council,2: municip council,
2,municip council,2: municip council,
2,municip council,2: municip council,
2,municip council,2: municip council,
2,municip council,2: municip council,
2,municip council,2: municip council,
2,municip council,2: municip council,
2,municip council,2: municip council,
2,municip council,2: municip council,
2,municip council,2: municip council,
2,municip council,2: municip council,
2,municip council,2: municip council,
2,municip council,2: municip council,
2,municip council,2: municip council,
2,municip council,2: municip council,
2,municip council,2: municip council,
2,municip council,2: municip council,
2,municip council,2: municip council,
2,municip council,2: municip council,
2,municip council,2: municip council,
2,municip council,2: municip council,
2,municip council,2: municip council,
2,municip council,2: municip council,
2,municip council,2: municip council,
2,municip council,2: municip council,
2,municip council,2: municip council,
2,municip council,2: municip council,
2,municip council,2: municip council,
2,municip council,2: municip council,
2,municip council,2: municip council,
2,municip council,2: municip council,
2,municip council,2: municip council,
2,municip council,2: municip council,
2,municip council,2: municip council,
2,municip council,2: municip council,
2,municip council,2: municip council,
2,municip council,2: municip council,
2,municip council,2: municip council,
2,municip council,2: municip council,
2,municip council,2: municip council,
2,municip council,2: municip council,
2,municip council,2: municip council,
2,municip council,2: municip council,
2,municip council,2: municip council,
2,municip council,2: municip council,
2,municip council,2: municip council,
2,municip council,2: municip council,
2,municip council,2: municip council,
2,municip council,2: municip council,
2,municip council,2: municip council,
2,municip council,2: municip council,
2,municip council,2: municip council,
2,municip council,2: municip council,
2,municip council,2: municip council,
2,municip council,2: municip council,
2,municip council,2: municip council,
2,municip council,2: municip council,
2,municip council,2: municip council,
2,municip council,2: municip council,
2,municip council,2: municip council,
2,municip council,2: municip council,
4,baltic sea,4: baltic sea,
4,baltic sea,4: baltic sea,
4,baltic sea,4: baltic sea,
4,baltic sea,4: baltic sea,
4,baltic sea,4: baltic sea,
4,baltic sea,4: baltic sea,
4,baltic sea,4: baltic sea,
4,baltic sea,4: baltic sea,
4,baltic sea,4: baltic sea,
4,baltic sea,4: baltic sea,
4,baltic sea,4: baltic sea,
4,baltic sea,4: baltic sea,
4,baltic sea,4: baltic sea,
4,baltic sea,4: baltic sea,
4,baltic sea,4: baltic sea,
4,baltic sea,4: baltic sea,
4,baltic sea,4: baltic sea,
4,baltic sea,4: baltic sea,
4,baltic sea,4: baltic sea,
4,baltic sea,4: baltic sea,
4,baltic sea,4: baltic sea,
4,baltic sea,4: baltic sea,
4,baltic sea,4: baltic sea,
4,baltic sea,4: baltic sea,
4,baltic sea,4: baltic sea,
4,baltic sea,4: baltic sea,
4,baltic sea,4: baltic sea,
4,baltic sea,4: baltic sea,
4,baltic sea,4: baltic sea,
4,baltic sea,4: baltic sea,
4,baltic sea,4: baltic sea,
4,baltic sea,4: baltic sea,
4,baltic sea,4: baltic sea,
4,baltic sea,4: baltic sea,
4,baltic sea,4: baltic sea,
4,baltic sea,4: baltic sea,
4,baltic sea,4: baltic sea,
4,baltic sea,4: baltic sea,
4,baltic sea,4: baltic sea,
4,baltic sea,4: baltic sea,
4,baltic sea,4: baltic sea,
4,baltic sea,4: baltic sea,
4,baltic sea,4: baltic sea,
4,baltic sea,4: baltic sea,
4,baltic sea,4: baltic sea,
4,baltic sea,4: baltic sea,
4,baltic sea,4: baltic sea,
4,baltic sea,4: baltic sea,
4,baltic sea,4: baltic sea,
4,baltic sea,4: baltic sea,
4,baltic sea,4: baltic sea,
4,baltic sea,4: baltic sea,
4,baltic sea,4: baltic sea,
4,baltic sea,4: baltic sea,
4,baltic sea,4: baltic sea,
4,baltic sea,4: baltic sea,
4,baltic sea,4: baltic sea,
4,baltic sea,4: baltic sea,
4,baltic sea,4: baltic sea,
4,baltic sea,4: baltic sea,
4,baltic sea,4: baltic sea,
4,baltic sea,4: baltic sea,
4,baltic sea,4: baltic sea,
4,baltic sea,4: baltic sea,
4,baltic sea,4: baltic sea,
4,baltic sea,4: baltic sea,
4,baltic sea,4: baltic sea,
4,baltic sea,4: baltic sea,
4,baltic sea,4: baltic sea,
4,baltic sea,4: baltic sea,
4,baltic sea,4: baltic sea,
4,baltic sea,4: baltic sea,
4,baltic sea,4: baltic sea,
4,baltic sea,4: baltic sea,
4,baltic sea,4: baltic sea,
4,baltic sea,4: baltic sea,
4,baltic sea,4: baltic sea,
4,baltic sea,4: baltic sea,
4,baltic sea,4: baltic sea,
4,baltic sea,4: baltic sea,
4,baltic sea,4: baltic sea,
4,baltic sea,4: baltic sea,
4,baltic sea,4: baltic sea,
4,baltic sea,4: baltic sea,
4,baltic sea,4: baltic sea,
4,baltic sea,4: baltic sea,
4,baltic sea,4: baltic sea,
4,baltic sea,4: baltic sea,
4,baltic sea,4: baltic sea,
4,baltic sea,4: baltic sea,
4,baltic sea,4: baltic sea,
4,baltic sea,4: baltic sea,
4,baltic sea,4: baltic sea,
4,baltic sea,4: baltic sea,
4,baltic sea,4: baltic sea,
4,baltic sea,4: baltic sea,
4,baltic sea,4: baltic sea,
4,baltic sea,4: baltic sea,
4,baltic sea,4: baltic sea,
4,baltic sea,4: baltic sea,
4,baltic sea,4: baltic sea,
4,baltic sea,4: baltic sea,
4,baltic sea,4: baltic sea,
4,baltic sea,4: baltic sea,
4,baltic sea,4: baltic sea,
4,baltic sea,4: baltic sea,
4,baltic sea,4: baltic sea,
4,baltic sea,4: baltic sea,
4,baltic sea,4: baltic sea,
4,baltic sea,4: baltic sea,
4,baltic sea,4: baltic sea,
4,baltic sea,4: baltic sea,
4,baltic sea,4: baltic sea,
4,baltic sea,4: baltic sea,
4,baltic sea,4: baltic sea,
4,baltic sea,4: baltic sea,
4,baltic sea,4: baltic sea,
4,baltic sea,4: baltic sea,
4,baltic sea,4: baltic sea,
4,baltic sea,4: baltic sea,
4,baltic sea,4: baltic sea,
4,baltic sea,4: baltic sea,
4,baltic sea,4: baltic sea,
4,baltic sea,4: baltic sea,
4,baltic sea,4: baltic sea,
4,baltic sea,4: baltic sea,
4,baltic sea,4: baltic sea,
4,baltic sea,4: baltic sea,
4,baltic sea,4: baltic sea,
4,baltic sea,4: baltic sea,
4,baltic sea,4: baltic sea,
4,baltic sea,4: baltic sea,
4,baltic sea,4: baltic sea,
4,baltic sea,4: baltic sea,
4,baltic sea,4: baltic sea,
4,baltic sea,4: baltic sea,
4,baltic sea,4: baltic sea,
4,baltic sea,4: baltic sea,
4,baltic sea,4: baltic sea,
4,baltic sea,4: baltic sea,
4,baltic sea,4: baltic sea,
4,baltic sea,4: baltic sea,
4,baltic sea,4: baltic sea,
4,baltic sea,4: baltic sea,
4,baltic sea,4: baltic sea,
4,baltic sea,4: baltic sea,
4,baltic sea,4: baltic sea,
4,baltic sea,4: baltic sea,
4,baltic sea,4: baltic sea,
4,baltic sea,4: baltic sea,
4,baltic sea,4: baltic sea,
4,baltic sea,4: baltic sea,
4,baltic sea,4: baltic sea,
4,baltic sea,4: baltic sea,
4,baltic sea,4: baltic sea,
4,baltic sea,4: baltic sea,
4,baltic sea,4: baltic sea,
4,baltic sea,4: baltic sea,
4,baltic sea,4: baltic sea,
4,baltic sea,4: baltic sea,
4,baltic sea,4: baltic sea,
4,baltic sea,4: baltic sea,
4,baltic sea,4: baltic sea,
4,baltic sea,4: baltic sea,
4,baltic sea,4: baltic sea,
4,baltic sea,4: baltic sea,
4,baltic sea,4: baltic sea,
4,baltic sea,4: baltic sea,
4,baltic sea,4: baltic sea,
4,baltic sea,4: baltic sea,
4,baltic sea,4: baltic sea,
4,baltic sea,4: baltic sea,
4,baltic sea,4: baltic sea,
4,baltic sea,4: baltic sea,
4,baltic sea,4: baltic sea,
4,baltic sea,4: baltic sea,
4,baltic sea,4: baltic sea,
4,baltic sea,4: baltic sea,
4,baltic sea,4: baltic sea,
4,baltic sea,4: baltic sea,
4,baltic sea,4: baltic sea,
4,baltic sea,4: baltic sea,
4,baltic sea,4: baltic sea,
4,baltic sea,4: baltic sea,
4,baltic sea,4: baltic sea,
4,baltic sea,4: baltic sea,
4,baltic sea,4: baltic sea,
4,baltic sea,4: baltic sea,
4,baltic sea,4: baltic sea,
4,baltic sea,4: baltic sea,
4,baltic sea,4: baltic sea,
4,baltic sea,4: baltic sea,
4,baltic sea,4: baltic sea,
4,baltic sea,4: baltic sea,
4,baltic sea,4: baltic sea,
4,baltic sea,4: baltic sea,
4,baltic sea,4: baltic sea,
4,baltic sea,4: baltic sea,
4,baltic sea,4: baltic sea,
4,baltic sea,4: baltic sea,
4,baltic sea,4: baltic sea,
4,baltic sea,4: baltic sea,
4,baltic sea,4: baltic sea,
4,baltic sea,4: baltic sea,
4,baltic sea,4: baltic sea,
4,baltic sea,4: baltic sea,
4,baltic sea,4: baltic sea,
4,baltic sea,4: baltic sea,
4,baltic sea,4: baltic sea,
4,baltic sea,4: baltic sea,
4,baltic sea,4: baltic sea,
4,baltic sea,4: baltic sea,
4,baltic sea,4: baltic sea,
4,baltic sea,4: baltic sea,
4,baltic sea,4: baltic sea,
4,baltic sea,4: baltic sea,
4,baltic sea,4: baltic sea,
4,baltic sea,4: baltic sea,
4,baltic sea,4: baltic sea,
4,baltic sea,4: baltic sea,
4,baltic sea,4: baltic sea,
4,baltic sea,4: baltic sea,
4,baltic sea,4: baltic sea,
4,baltic sea,4: baltic sea,
4,baltic sea,4: baltic sea,
4,baltic sea,4: baltic sea,
4,baltic sea,4: baltic sea,
4,baltic sea,4: baltic sea,
4,baltic sea,4: baltic sea,
4,baltic sea,4: baltic sea,
4,baltic sea,4: baltic sea,
4,baltic sea,4: baltic sea,
4,baltic sea,4: baltic sea,
4,baltic sea,4: baltic sea,
4,baltic sea,4: baltic sea,
4,baltic sea,4: baltic sea,
4,baltic sea,4: baltic sea,
4,baltic sea,4: baltic sea,
4,baltic sea,4: baltic sea,
4,baltic sea,4: baltic sea,
4,baltic sea,4: baltic sea,
4,baltic sea,4: baltic sea,
4,baltic sea,4: baltic sea,
4,baltic sea,4: baltic sea,
4,baltic sea,4: baltic sea,
4,baltic sea,4: baltic sea,
4,baltic sea,4: baltic sea,
4,baltic sea,4: baltic sea,
4,baltic sea,4: baltic sea,
4,baltic sea,4: baltic sea,
4,baltic sea,4: baltic sea,
4,baltic sea,4: baltic sea,
4,baltic sea,4: baltic sea,
4,baltic sea,4: baltic sea,
4,baltic sea,4: baltic sea,
4,baltic sea,4: baltic sea,
4,baltic sea,4: baltic sea,
4,baltic sea,4: baltic sea,
4,baltic sea,4: baltic sea,
4,baltic sea,4: baltic sea,
4,baltic sea,4: baltic sea,
4,baltic sea,4: baltic sea,
4,baltic sea,4: baltic sea,
4,baltic sea,4: baltic sea,
4,baltic sea,4: baltic sea,
4,baltic sea,4: baltic sea,
4,baltic sea,4: baltic sea,
4,baltic sea,4: baltic sea,
4,baltic sea,4: baltic sea,
4,baltic sea,4: baltic sea,
4,baltic sea,4: baltic sea,
4,baltic sea,4: baltic sea,
4,baltic sea,4: baltic sea,
4,baltic sea,4: baltic sea,
4,baltic sea,4: baltic sea,
4,baltic sea,4: baltic sea,
6,energiø bornholm,6: energiø bornholm,
6,energiø bornholm,6: energiø bornholm,
6,energiø bornholm,6: energiø bornholm,
6,energiø bornholm,6: energiø bornholm,
6,energiø bornholm,6: energiø bornholm,
6,energiø bornholm,6: energiø bornholm,
6,energiø bornholm,6: energiø bornholm,
6,energiø bornholm,6: energiø bornholm,
6,energiø bornholm,6: energiø bornholm,
6,energiø bornholm,6: energiø bornholm,
6,energiø bornholm,6: energiø bornholm,
6,energiø bornholm,6: energiø bornholm,
6,energiø bornholm,6: energiø bornholm,
6,energiø bornholm,6: energiø bornholm,
6,energiø bornholm,6: energiø bornholm,
6,energiø bornholm,6: energiø bornholm,
6,energiø bornholm,6: energiø bornholm,
6,energiø bornholm,6: energiø bornholm,
6,energiø bornholm,6: energiø bornholm,
6,energiø bornholm,6: energiø bornholm,
6,energiø bornholm,6: energiø bornholm,
6,energiø bornholm,6: energiø bornholm,
6,energiø bornholm,6: energiø bornholm,
6,energiø bornholm,6: energiø bornholm,
6,energiø bornholm,6: energiø bornholm,
6,energiø bornholm,6: energiø bornholm,
6,energiø bornholm,6: energiø bornholm,
6,energiø bornholm,6: energiø bornholm,
6,energiø bornholm,6: energiø bornholm,
6,energiø bornholm,6: energiø bornholm,
6,energiø bornholm,6: energiø bornholm,
6,energiø bornholm,6: energiø bornholm,
6,energiø bornholm,6: energiø bornholm,
6,energiø bornholm,6: energiø bornholm,
6,energiø bornholm,6: energiø bornholm,
6,energiø bornholm,6: energiø bornholm,
6,energiø bornholm,6: energiø bornholm,
6,energiø bornholm,6: energiø bornholm,
6,energiø bornholm,6: energiø bornholm,
6,energiø bornholm,6: energiø bornholm,
6,energiø bornholm,6: energiø bornholm,
6,energiø bornholm,6: energiø bornholm,
6,energiø bornholm,6: energiø bornholm,
6,energiø bornholm,6: energiø bornholm,
6,energiø bornholm,6: energiø bornholm,
6,energiø bornholm,6: energiø bornholm,
6,energiø bornholm,6: energiø bornholm,
6,energiø bornholm,6: energiø bornholm,
6,energiø bornholm,6: energiø bornholm,
6,energiø bornholm,6: energiø bornholm,
6,energiø bornholm,6: energiø bornholm,
6,energiø bornholm,6: energiø bornholm,
6,energiø bornholm,6: energiø bornholm,
6,energiø bornholm,6: energiø bornholm,
6,energiø bornholm,6: energiø bornholm,
6,energiø bornholm,6: energiø bornholm,
6,energiø bornholm,6: energiø bornholm,
6,energiø bornholm,6: energiø bornholm,
6,energiø bornholm,6: energiø bornholm,
6,energiø bornholm,6: energiø bornholm,
6,energiø bornholm,6: energiø bornholm,
6,energiø bornholm,6: energiø bornholm,
6,energiø bornholm,6: energiø bornholm,
6,energiø bornholm,6: energiø bornholm,
6,energiø bornholm,6: energiø bornholm,
6,energiø bornholm,6: energiø bornholm,
6,energiø bornholm,6: energiø bornholm,
6,energiø bornholm,6: energiø bornholm,
6,energiø bornholm,6: energiø bornholm,
6,energiø bornholm,6: energiø bornholm,
6,energiø bornholm,6: energiø bornholm,
6,energiø bornholm,6: energiø bornholm,
6,energiø bornholm,6: energiø bornholm,
6,energiø bornholm,6: energiø bornholm,
6,energiø bornholm,6: energiø bornholm,
6,energiø bornholm,6: energiø bornholm,
6,energiø bornholm,6: energiø bornholm,
6,energiø bornholm,6: energiø bornholm,
6,energiø bornholm,6: energiø bornholm,
6,energiø bornholm,6: energiø bornholm,
6,energiø bornholm,6: energiø bornholm,
6,energiø bornholm,6: energiø bornholm,
6,energiø bornholm,6: energiø bornholm,
6,energiø bornholm,6: energiø bornholm,
6,energiø bornholm,6: energiø bornholm,
6,energiø bornholm,6: energiø bornholm,
6,energiø bornholm,6: energiø bornholm,
6,energiø bornholm,6: energiø bornholm,
6,energiø bornholm,6: energiø bornholm,
6,energiø bornholm,6: energiø bornholm,
6,energiø bornholm,6: energiø bornholm,
6,energiø bornholm,6: energiø bornholm,
6,energiø bornholm,6: energiø bornholm,
6,energiø bornholm,6: energiø bornholm,
6,energiø bornholm,6: energiø bornholm,
6,energiø bornholm,6: energiø bornholm,
6,energiø bornholm,6: energiø bornholm,
6,energiø bornholm,6: energiø bornholm,
6,energiø bornholm,6: energiø bornholm,
6,energiø bornholm,6: energiø bornholm,
6,energiø bornholm,6: energiø bornholm,
6,energiø bornholm,6: energiø bornholm,
6,energiø bornholm,6: energiø bornholm,
6,energiø bornholm,6: energiø bornholm,
6,energiø bornholm,6: energiø bornholm,
6,energiø bornholm,6: energiø bornholm,
6,energiø bornholm,6: energiø bornholm,
6,energiø bornholm,6: energiø bornholm,
6,energiø bornholm,6: energiø bornholm,
6,energiø bornholm,6: energiø bornholm,
6,energiø bornholm,6: energiø bornholm,
6,energiø bornholm,6: energiø bornholm,
6,energiø bornholm,6: energiø bornholm,
6,energiø bornholm,6: energiø bornholm,
6,energiø bornholm,6: energiø bornholm,
6,energiø bornholm,6: energiø bornholm,
6,energiø bornholm,6: energiø bornholm,
6,energiø bornholm,6: energiø bornholm,
6,energiø bornholm,6: energiø bornholm,
6,energiø bornholm,6: energiø bornholm,
6,energiø bornholm,6: energiø bornholm,
6,energiø bornholm,6: energiø bornholm,
6,energiø bornholm,6: energiø bornholm,
6,energiø bornholm,6: energiø bornholm,
6,energiø bornholm,6: energiø bornholm,
6,energiø bornholm,6: energiø bornholm,
6,energiø bornholm,6: energiø bornholm,
6,energiø bornholm,6: energiø bornholm,
6,energiø bornholm,6: energiø bornholm,
6,energiø bornholm,6: energiø bornholm,
6,energiø bornholm,6: energiø bornholm,
6,energiø bornholm,6: energiø bornholm,
6,energiø bornholm,6: energiø bornholm,
6,energiø bornholm,6: energiø bornholm,
6,energiø bornholm,6: energiø bornholm,
6,energiø bornholm,6: energiø bornholm,
6,energiø bornholm,6: energiø bornholm,
6,energiø bornholm,6: energiø bornholm,
6,energiø bornholm,6: energiø bornholm,
6,energiø bornholm,6: energiø bornholm,
6,energiø bornholm,6: energiø bornholm,
6,energiø bornholm,6: energiø bornholm,
6,energiø bornholm,6: energiø bornholm,
6,energiø bornholm,6: energiø bornholm,
6,energiø bornholm,6: energiø bornholm,
6,energiø bornholm,6: energiø bornholm,
6,energiø bornholm,6: energiø bornholm,
6,energiø bornholm,6: energiø bornholm,
6,energiø bornholm,6: energiø bornholm,
6,energiø bornholm,6: energiø bornholm,
6,energiø bornholm,6: energiø bornholm,
6,energiø bornholm,6: energiø bornholm,
6,energiø bornholm,6: energiø bornholm,
6,energiø bornholm,6: energiø bornholm,
6,energiø bornholm,6: energiø bornholm,
6,energiø bornholm,6: energiø bornholm,
6,energiø bornholm,6: energiø bornholm,
6,energiø bornholm,6: energiø bornholm,
6,energiø bornholm,6: energiø bornholm,
6,energiø bornholm,6: energiø bornholm,
6,energiø bornholm,6: energiø bornholm,
6,energiø bornholm,6: energiø bornholm,
6,energiø bornholm,6: energiø bornholm,
6,energiø bornholm,6: energiø bornholm,
6,energiø bornholm,6: energiø bornholm,
6,energiø bornholm,6: energiø bornholm,
6,energiø bornholm,6: energiø bornholm,
6,energiø bornholm,6: energiø bornholm,
6,energiø bornholm,6: energiø bornholm,
6,energiø bornholm,6: energiø bornholm,
6,energiø bornholm,6: energiø bornholm,
6,energiø bornholm,6: energiø bornholm,
6,energiø bornholm,6: energiø bornholm,
6,energiø bornholm,6: energiø bornholm,
6,energiø bornholm,6: energiø bornholm,
6,energiø bornholm,6: energiø bornholm,
6,energiø bornholm,6: energiø bornholm,
6,energiø bornholm,6: energiø bornholm,
6,energiø bornholm,6: energiø bornholm,
6,energiø bornholm,6: energiø bornholm,
6,energiø bornholm,6: energiø bornholm,
6,energiø bornholm,6: energiø bornholm,
6,energiø bornholm,6: energiø bornholm,
6,energiø bornholm,6: energiø bornholm,
6,energiø bornholm,6: energiø bornholm,
6,energiø bornholm,6: energiø bornholm,
6,energiø bornholm,6: energiø bornholm,
6,energiø bornholm,6: energiø bornholm,
6,energiø bornholm,6: energiø bornholm,
6,energiø bornholm,6: energiø bornholm,
6,energiø bornholm,6: energiø bornholm,
6,energiø bornholm,6: energiø bornholm,
6,energiø bornholm,6: energiø bornholm,
6,energiø bornholm,6: energiø bornholm,
6,energiø bornholm,6: energiø bornholm,
6,energiø bornholm,6: energiø bornholm,
6,energiø bornholm,6: energiø bornholm,
6,energiø bornholm,6: energiø bornholm,
6,energiø bornholm,6: energiø bornholm,
6,energiø bornholm,6: energiø bornholm,
6,energiø bornholm,6: energiø bornholm,
6,energiø bornholm,6: energiø bornholm,
6,energiø bornholm,6: energiø bornholm,
6,energiø bornholm,6: energiø bornholm,
6,energiø bornholm,6: energiø bornholm,
6,energiø bornholm,6: energiø bornholm,
6,energiø bornholm,6: energiø bornholm,
6,energiø bornholm,6: energiø bornholm,
6,energiø bornholm,6: energiø bornholm,
6,energiø bornholm,6: energiø bornholm,
6,energiø bornholm,6: energiø bornholm,
6,energiø bornholm,6: energiø bornholm,
6,energiø bornholm,6: energiø bornholm,
6,energiø bornholm,6: energiø bornholm,
6,energiø bornholm,6: energiø bornholm,
6,energiø bornholm,6: energiø bornholm,
6,energiø bornholm,6: energiø bornholm,
6,energiø bornholm,6: energiø bornholm,
6,energiø bornholm,6: energiø bornholm,
6,energiø bornholm,6: energiø bornholm,
6,energiø bornholm,6: energiø bornholm,
6,energiø bornholm,6: energiø bornholm,
6,energiø bornholm,6: energiø bornholm,
6,energiø bornholm,6: energiø bornholm,
6,energiø bornholm,6: energiø bornholm,
6,energiø bornholm,6: energiø bornholm,
6,energiø bornholm,6: energiø bornholm,
6,energiø bornholm,6: energiø bornholm,
6,energiø bornholm,6: energiø bornholm,
6,energiø bornholm,6: energiø bornholm,
6,energiø bornholm,6: energiø bornholm,
6,energiø bornholm,6: energiø bornholm,
6,energiø bornholm,6: energiø bornholm,
6,energiø bornholm,6: energiø bornholm,
6,energiø bornholm,6: energiø bornholm,
6,energiø bornholm,6: energiø bornholm,
6,energiø bornholm,6: energiø bornholm,
6,energiø bornholm,6: energiø bornholm,
6,energiø bornholm,6: energiø bornholm,
6,energiø bornholm,6: energiø bornholm,
6,energiø bornholm,6: energiø bornholm,
6,energiø bornholm,6: energiø bornholm,
6,energiø bornholm,6: energiø bornholm,
6,energiø bornholm,6: energiø bornholm,
6,energiø bornholm,6: energiø bornholm,
6,energiø bornholm,6: energiø bornholm,
6,energiø bornholm,6: energiø bornholm,
6,energiø bornholm,6: energiø bornholm,
6,energiø bornholm,6: energiø bornholm,
6,energiø bornholm,6: energiø bornholm,
6,energiø bornholm,6: energiø bornholm,
6,energiø bornholm,6: energiø bornholm,
6,energiø bornholm,6: energiø bornholm,
6,energiø bornholm,6: energiø bornholm,
6,energiø bornholm,6: energiø bornholm,
6,energiø bornholm,6: energiø bornholm,
6,energiø bornholm,6: energiø bornholm,
6,energiø bornholm,6: energiø bornholm,
6,energiø bornholm,6: energiø bornholm,
6,energiø bornholm,6: energiø bornholm,
6,energiø bornholm,6: energiø bornholm,
6,energiø bornholm,6: energiø bornholm,
6,energiø bornholm,6: energiø bornholm,
6,energiø bornholm,6: energiø bornholm,
6,energiø bornholm,6: energiø bornholm,
6,energiø bornholm,6: energiø bornholm,
6,energiø bornholm,6: energiø bornholm,
6,energiø bornholm,6: energiø bornholm,
6,energiø bornholm,6: energiø bornholm,
6,energiø bornholm,6: energiø bornholm,
6,energiø bornholm,6: energiø bornholm,
6,energiø bornholm,6: energiø bornholm,
6,energiø bornholm,6: energiø bornholm,
6,energiø bornholm,6: energiø bornholm,
6,energiø bornholm,6: energiø bornholm,
6,energiø bornholm,6: energiø bornholm,
6,energiø bornholm,6: energiø bornholm,
6,energiø bornholm,6: energiø bornholm,
6,energiø bornholm,6: energiø bornholm,
6,energiø bornholm,6: energiø bornholm,
6,energiø bornholm,6: energiø bornholm,
6,energiø bornholm,6: energiø bornholm,
6,energiø bornholm,6: energiø bornholm,
6,energiø bornholm,6: energiø bornholm,
6,energiø bornholm,6: energiø bornholm,
6,energiø bornholm,6: energiø bornholm,
6,energiø bornholm,6: energiø bornholm,
6,energiø bornholm,6: energiø bornholm,
6,energiø bornholm,6: energiø bornholm,
6,energiø bornholm,6: energiø bornholm,
6,energiø bornholm,6: energiø bornholm,
6,energiø bornholm,6: energiø bornholm,
6,energiø bornholm,6: energiø bornholm,
6,energiø bornholm,6: energiø bornholm,
6,energiø bornholm,6: energiø bornholm,
6,energiø bornholm,6: energiø bornholm,
6,energiø bornholm,6: energiø bornholm,
6,energiø bornholm,6: energiø bornholm,
6,energiø bornholm,6: energiø bornholm,
6,energiø bornholm,6: energiø bornholm,
6,energiø bornholm,6: energiø bornholm,
6,energiø bornholm,6: energiø bornholm,
6,energiø bornholm,6: energiø bornholm,
6,energiø bornholm,6: energiø bornholm,
6,energiø bornholm,6: energiø bornholm,
6,energiø bornholm,6: energiø bornholm,
6,energiø bornholm,6: energiø bornholm,
6,energiø bornholm,6: energiø bornholm,
6,energiø bornholm,6: energiø bornholm,
6,energiø bornholm,6: energiø bornholm,
6,energiø bornholm,6: energiø bornholm,
6,energiø bornholm,6: energiø bornholm,
6,energiø bornholm,6: energiø bornholm,
6,energiø bornholm,6: energiø bornholm,
6,energiø bornholm,6: energiø bornholm,
6,energiø bornholm,6: energiø bornholm,
6,energiø bornholm,6: energiø bornholm,
6,energiø bornholm,6: energiø bornholm,
6,energiø bornholm,6: energiø bornholm,
6,energiø bornholm,6: energiø bornholm,
6,energiø bornholm,6: energiø bornholm,
6,energiø bornholm,6: energiø bornholm,
6,energiø bornholm,6: energiø bornholm,
6,energiø bornholm,6: energiø bornholm,
6,energiø bornholm,6: energiø bornholm,
6,energiø bornholm,6: energiø bornholm,
6,energiø bornholm,6: energiø bornholm,
6,energiø bornholm,6: energiø bornholm,
6,energiø bornholm,6: energiø bornholm,
6,energiø bornholm,6: energiø bornholm,
6,energiø bornholm,6: energiø bornholm,
6,energiø bornholm,6: energiø bornholm,
6,energiø bornholm,6: energiø bornholm,
6,energiø bornholm,6: energiø bornholm,
6,energiø bornholm,6: energiø bornholm,
6,energiø bornholm,6: energiø bornholm,
6,energiø bornholm,6: energiø bornholm,
6,energiø bornholm,6: energiø bornholm,
6,energiø bornholm,6: energiø bornholm,
6,energiø bornholm,6: energiø bornholm,
6,energiø bornholm,6: energiø bornholm,
6,energiø bornholm,6: energiø bornholm,
0,energi island,0: energi island,
0,energi island,0: energi island,
0,energi island,0: energi island,
0,energi island,0: energi island,
0,energi island,0: energi island,
0,energi island,0: energi island,
0,energi island,0: energi island,
0,energi island,0: energi island,
0,energi island,0: energi island,
0,energi island,0: energi island,
0,energi island,0: energi island,
0,energi island,0: energi island,
0,energi island,0: energi island,
0,energi island,0: energi island,
0,energi island,0: energi island,
0,energi island,0: energi island,
0,energi island,0: energi island,
0,energi island,0: energi island,
0,energi island,0: energi island,
0,energi island,0: energi island,
0,energi island,0: energi island,
0,energi island,0: energi island,
0,energi island,0: energi island,
0,energi island,0: energi island,
0,energi island,0: energi island,
0,energi island,0: energi island,
0,energi island,0: energi island,
0,energi island,0: energi island,
0,energi island,0: energi island,
0,energi island,0: energi island,
0,energi island,0: energi island,
0,energi island,0: energi island,
0,energi island,0: energi island,
0,energi island,0: energi island,
0,energi island,0: energi island,
0,energi island,0: energi island,
0,energi island,0: energi island,
0,energi island,0: energi island,
0,energi island,0: energi island,
0,energi island,0: energi island,
0,energi island,0: energi island,
0,energi island,0: energi island,
0,energi island,0: energi island,
0,energi island,0: energi island,
0,energi island,0: energi island,
0,energi island,0: energi island,
0,energi island,0: energi island,
0,energi island,0: energi island,
0,energi island,0: energi island,
0,energi island,0: energi island,
0,energi island,0: energi island,
0,energi island,0: energi island,
0,energi island,0: energi island,
0,energi island,0: energi island,
0,energi island,0: energi island,
0,energi island,0: energi island,
0,energi island,0: energi island,
0,energi island,0: energi island,
0,energi island,0: energi island,
0,energi island,0: energi island,
0,energi island,0: energi island,
0,energi island,0: energi island,
0,energi island,0: energi island,
0,energi island,0: energi island,
0,energi island,0: energi island,
0,energi island,0: energi island,
0,energi island,0: energi island,
0,energi island,0: energi island,
0,energi island,0: energi island,
0,energi island,0: energi island,
0,energi island,0: energi island,
0,energi island,0: energi island,
0,energi island,0: energi island,
0,energi island,0: energi island,
0,energi island,0: energi island,
0,energi island,0: energi island,
0,energi island,0: energi island,
0,energi island,0: energi island,
0,energi island,0: energi island,
0,energi island,0: energi island,
0,energi island,0: energi island,
0,energi island,0: energi island,
0,energi island,0: energi island,
0,energi island,0: energi island,
0,energi island,0: energi island,
0,energi island,0: energi island,
0,energi island,0: energi island,
0,energi island,0: energi island,
0,energi island,0: energi island,
0,energi island,0: energi island,
0,energi island,0: energi island,
0,energi island,0: energi island,
0,energi island,0: energi island,
0,energi island,0: energi island,
0,energi island,0: energi island,
0,energi island,0: energi island,
0,energi island,0: energi island,
0,energi island,0: energi island,
0,energi island,0: energi island,
0,energi island,0: energi island,
0,energi island,0: energi island,
0,energi island,0: energi island,
0,energi island,0: energi island,
0,energi island,0: energi island,
0,energi island,0: energi island,
0,energi island,0: energi island,
0,energi island,0: energi island,
0,energi island,0: energi island,
0,energi island,0: energi island,
0,energi island,0: energi island,
0,energi island,0: energi island,
0,energi island,0: energi island,
0,energi island,0: energi island,
0,energi island,0: energi island,
0,energi island,0: energi island,
0,energi island,0: energi island,
0,energi island,0: energi island,
0,energi island,0: energi island,
0,energi island,0: energi island,
0,energi island,0: energi island,
0,energi island,0: energi island,
0,energi island,0: energi island,
0,energi island,0: energi island,
0,energi island,0: energi island,
0,energi island,0: energi island,
0,energi island,0: energi island,
0,energi island,0: energi island,
0,energi island,0: energi island,
0,energi island,0: energi island,
0,energi island,0: energi island,
0,energi island,0: energi island,
0,energi island,0: energi island,
0,energi island,0: energi island,
0,energi island,0: energi island,
0,energi island,0: energi island,
0,energi island,0: energi island,
0,energi island,0: energi island,
0,energi island,0: energi island,
0,energi island,0: energi island,
0,energi island,0: energi island,
0,energi island,0: energi island,
0,energi island,0: energi island,
0,energi island,0: energi island,
0,energi island,0: energi island,
0,energi island,0: energi island,
0,energi island,0: energi island,
0,energi island,0: energi island,
0,energi island,0: energi island,
0,energi island,0: energi island,
0,energi island,0: energi island,
0,energi island,0: energi island,
0,energi island,0: energi island,
0,energi island,0: energi island,
0,energi island,0: energi island,
0,energi island,0: energi island,
0,energi island,0: energi island,
0,energi island,0: energi island,
0,energi island,0: energi island,
0,energi island,0: energi island,
0,energi island,0: energi island,
0,energi island,0: energi island,
0,energi island,0: energi island,
0,energi island,0: energi island,
0,energi island,0: energi island,
0,energi island,0: energi island,
0,energi island,0: energi island,
0,energi island,0: energi island,
0,energi island,0: energi island,
0,energi island,0: energi island,
0,energi island,0: energi island,
0,energi island,0: energi island,
0,energi island,0: energi island,
0,energi island,0: energi island,
0,energi island,0: energi island,
0,energi island,0: energi island,
0,energi island,0: energi island,
0,energi island,0: energi island,
0,energi island,0: energi island,
0,energi island,0: energi island,
0,energi island,0: energi island,
0,energi island,0: energi island,
0,energi island,0: energi island,
0,energi island,0: energi island,
0,energi island,0: energi island,
0,energi island,0: energi island,
0,energi island,0: energi island,
0,energi island,0: energi island,
0,energi island,0: energi island,
0,energi island,0: energi island,
0,energi island,0: energi island,
0,energi island,0: energi island,
0,energi island,0: energi island,
0,energi island,0: energi island,
0,energi island,0: energi island,
0,energi island,0: energi island,
0,energi island,0: energi island,
0,energi island,0: energi island,
0,energi island,0: energi island,
0,energi island,0: energi island,
0,energi island,0: energi island,
0,energi island,0: energi island,
0,energi island,0: energi island,
0,energi island,0: energi island,
0,energi island,0: energi island,
0,energi island,0: energi island,
0,energi island,0: energi island,
0,energi island,0: energi island,
0,energi island,0: energi island,
0,energi island,0: energi island,
0,energi island,0: energi island,
0,energi island,0: energi island,
0,energi island,0: energi island,
0,energi island,0: energi island,
0,energi island,0: energi island,
0,energi island,0: energi island,
0,energi island,0: energi island,
0,energi island,0: energi island,
0,energi island,0: energi island,
0,energi island,0: energi island,
0,energi island,0: energi island,
0,energi island,0: energi island,
0,energi island,0: energi island,
0,energi island,0: energi island,
0,energi island,0: energi island,
0,energi island,0: energi island,
0,energi island,0: energi island,
0,energi island,0: energi island,
0,energi island,0: energi island,
0,energi island,0: energi island,
0,energi island,0: energi island,
0,energi island,0: energi island,
0,energi island,0: energi island,
0,energi island,0: energi island,
0,energi island,0: energi island,
0,energi island,0: energi island,
0,energi island,0: energi island,
0,energi island,0: energi island,
0,energi island,0: energi island,
0,energi island,0: energi island,
0,energi island,0: energi island,
0,energi island,0: energi island,
0,energi island,0: energi island,
0,energi island,0: energi island,
0,energi island,0: energi island,
0,energi island,0: energi island,
0,energi island,0: energi island,
0,energi island,0: energi island,
0,energi island,0: energi island,
0,energi island,0: energi island,
0,energi island,0: energi island,
0,energi island,0: energi island,
0,energi island,0: energi island,
0,energi island,0: energi island,
0,energi island,0: energi island,
0,energi island,0: energi island,
0,energi island,0: energi island,
0,energi island,0: energi island,
0,energi island,0: energi island,
0,energi island,0: energi island,
0,energi island,0: energi island,
0,energi island,0: energi island,
0,energi island,0: energi island,
0,energi island,0: energi island,
0,energi island,0: energi island,
0,energi island,0: energi island,
0,energi island,0: energi island,
0,energi island,0: energi island,
0,energi island,0: energi island,
0,energi island,0: energi island,
0,energi island,0: energi island,
0,energi island,0: energi island,
0,energi island,0: energi island,
0,energi island,0: energi island,
0,energi island,0: energi island,
0,energi island,0: energi island,
0,energi island,0: energi island,
0,energi island,0: energi island,
0,energi island,0: energi island,
0,energi island,0: energi island,
0,energi island,0: energi island,
0,energi island,0: energi island,
0,energi island,0: energi island,
0,energi island,0: energi island,
0,energi island,0: energi island,
0,energi island,0: energi island,
0,energi island,0: energi island,
0,energi island,0: energi island,
0,energi island,0: energi island,
0,energi island,0: energi island,
0,energi island,0: energi island,
0,energi island,0: energi island,
0,energi island,0: energi island,
0,energi island,0: energi island,
0,energi island,0: energi island,
0,energi island,0: energi island,
0,energi island,0: energi island,
0,energi island,0: energi island,
0,energi island,0: energi island,
0,energi island,0: energi island,
0,energi island,0: energi island,
0,energi island,0: energi island,
0,energi island,0: energi island,
0,energi island,0: energi island,
0,energi island,0: energi island,
0,energi island,0: energi island,
0,energi island,0: energi island,
0,energi island,0: energi island,
0,energi island,0: energi island,
0,energi island,0: energi island,
0,energi island,0: energi island,
0,energi island,0: energi island,
0,energi island,0: energi island,
0,energi island,0: energi island,
0,energi island,0: energi island,
2,municip council,2: municip council,
2,municip council,2: municip council,
2,municip council,2: municip council,
2,municip council,2: municip council,
2,municip council,2: municip council,
2,municip council,2: municip council,
2,municip council,2: municip council,
2,municip council,2: municip council,
2,municip council,2: municip council,
2,municip council,2: municip council,
2,municip council,2: municip council,
2,municip council,2: municip council,
2,municip council,2: municip council,
2,municip council,2: municip council,
2,municip council,2: municip council,
2,municip council,2: municip council,
2,municip council,2: municip council,
2,municip council,2: municip council,
2,municip council,2: municip council,
2,municip council,2: municip council,
2,municip council,2: municip council,
2,municip council,2: municip council,
2,municip council,2: municip council,
2,municip council,2: municip council,
2,municip council,2: municip council,
2,municip council,2: municip council,
2,municip council,2: municip council,
2,municip council,2: municip council,
2,municip council,2: municip council,
2,municip council,2: municip council,
2,municip council,2: municip council,
2,municip council,2: municip council,
2,municip council,2: municip council,
2,municip council,2: municip council,
2,municip council,2: municip council,
2,municip council,2: municip council,
2,municip council,2: municip council,
2,municip council,2: municip council,
2,municip council,2: municip council,
2,municip council,2: municip council,
2,municip council,2: municip council,
2,municip council,2: municip council,
2,municip council,2: municip council,
2,municip council,2: municip council,
2,municip council,2: municip council,
2,municip council,2: municip council,
2,municip council,2: municip council,
2,municip council,2: municip council,
2,municip council,2: municip council,
2,municip council,2: municip council,
2,municip council,2: municip council,
2,municip council,2: municip council,
2,municip council,2: municip council,
2,municip council,2: municip council,
2,municip council,2: municip council,
2,municip council,2: municip council,
2,municip council,2: municip council,
2,municip council,2: municip council,
2,municip council,2: municip council,
2,municip council,2: municip council,
2,municip council,2: municip council,
2,municip council,2: municip council,
2,municip council,2: municip council,
2,municip council,2: municip council,
2,municip council,2: municip council,
2,municip council,2: municip council,
2,municip council,2: municip council,
2,municip council,2: municip council,
2,municip council,2: municip council,
2,municip council,2: municip council,
2,municip council,2: municip council,
2,municip council,2: municip council,
2,municip council,2: municip council,
2,municip council,2: municip council,
2,municip council,2: municip council,
2,municip council,2: municip council,
2,municip council,2: municip council,
2,municip council,2: municip council,
2,municip council,2: municip council,
2,municip council,2: municip council,
2,municip council,2: municip council,
2,municip council,2: municip council,
2,municip council,2: municip council,
2,municip council,2: municip council,
2,municip council,2: municip council,
2,municip council,2: municip council,
2,municip council,2: municip council,
2,municip council,2: municip council,
2,municip council,2: municip council,
2,municip council,2: municip council,
2,municip council,2: municip council,
2,municip council,2: municip council,
2,municip council,2: municip council,
2,municip council,2: municip council,
2,municip council,2: municip council,
2,municip council,2: municip council,
2,municip council,2: municip council,
2,municip council,2: municip council,
2,municip council,2: municip council,
2,municip council,2: municip council,
2,municip council,2: municip council,
2,municip council,2: municip council,
2,municip council,2: municip council,
2,municip council,2: municip council,
2,municip council,2: municip council,
2,municip council,2: municip council,
2,municip council,2: municip council,
2,municip council,2: municip council,
2,municip council,2: municip council,
2,municip council,2: municip council,
2,municip council,2: municip council,
2,municip council,2: municip council,
2,municip council,2: municip council,
2,municip council,2: municip council,
2,municip council,2: municip council,
2,municip council,2: municip council,
2,municip council,2: municip council,
2,municip council,2: municip council,
2,municip council,2: municip council,
2,municip council,2: municip council,
2,municip council,2: municip council,
2,municip council,2: municip council,
2,municip council,2: municip council,
2,municip council,2: municip council,
2,municip council,2: municip council,
2,municip council,2: municip council,
2,municip council,2: municip council,
2,municip council,2: municip council,
2,municip council,2: municip council,
2,municip council,2: municip council,
2,municip council,2: municip council,
2,municip council,2: municip council,
2,municip council,2: municip council,
2,municip council,2: municip council,
2,municip council,2: municip council,
2,municip council,2: municip council,
2,municip council,2: municip council,
2,municip council,2: municip council,
2,municip council,2: municip council,
2,municip council,2: municip council,
2,municip council,2: municip council,
2,municip council,2: municip council,
2,municip council,2: municip council,
2,municip council,2: municip council,
2,municip council,2: municip council,
2,municip council,2: municip council,
2,municip council,2: municip council,
2,municip council,2: municip council,
2,municip council,2: municip council,
2,municip council,2: municip council,
2,municip council,2: municip council,
2,municip council,2: municip council,
2,municip council,2: municip council,
2,municip council,2: municip council,
2,municip council,2: municip council,
2,municip council,2: municip council,
4,baltic sea,4: baltic sea,
4,baltic sea,4: baltic sea,
4,baltic sea,4: baltic sea,
4,baltic sea,4: baltic sea,
4,baltic sea,4: baltic sea,
4,baltic sea,4: baltic sea,
4,baltic sea,4: baltic sea,
4,baltic sea,4: baltic sea,
4,baltic sea,4: baltic sea,
4,baltic sea,4: baltic sea,
4,baltic sea,4: baltic sea,
4,baltic sea,4: baltic sea,
4,baltic sea,4: baltic sea,
4,baltic sea,4: baltic sea,
4,baltic sea,4: baltic sea,
4,baltic sea,4: baltic sea,
4,baltic sea,4: baltic sea,
4,baltic sea,4: baltic sea,
4,baltic sea,4: baltic sea,
4,baltic sea,4: baltic sea,
4,baltic sea,4: baltic sea,
4,baltic sea,4: baltic sea,
4,baltic sea,4: baltic sea,
4,baltic sea,4: baltic sea,
4,baltic sea,4: baltic sea,
4,baltic sea,4: baltic sea,
4,baltic sea,4: baltic sea,
4,baltic sea,4: baltic sea,
4,baltic sea,4: baltic sea,
4,baltic sea,4: baltic sea,
4,baltic sea,4: baltic sea,
4,baltic sea,4: baltic sea,
4,baltic sea,4: baltic sea,
4,baltic sea,4: baltic sea,
4,baltic sea,4: baltic sea,
4,baltic sea,4: baltic sea,
4,baltic sea,4: baltic sea,
4,baltic sea,4: baltic sea,
4,baltic sea,4: baltic sea,
4,baltic sea,4: baltic sea,
4,baltic sea,4: baltic sea,
4,baltic sea,4: baltic sea,
4,baltic sea,4: baltic sea,
4,baltic sea,4: baltic sea,
4,baltic sea,4: baltic sea,
4,baltic sea,4: baltic sea,
4,baltic sea,4: baltic sea,
4,baltic sea,4: baltic sea,
4,baltic sea,4: baltic sea,
4,baltic sea,4: baltic sea,
4,baltic sea,4: baltic sea,
4,baltic sea,4: baltic sea,
4,baltic sea,4: baltic sea,
4,baltic sea,4: baltic sea,
4,baltic sea,4: baltic sea,
4,baltic sea,4: baltic sea,
4,baltic sea,4: baltic sea,
4,baltic sea,4: baltic sea,
4,baltic sea,4: baltic sea,
4,baltic sea,4: baltic sea,
4,baltic sea,4: baltic sea,
4,baltic sea,4: baltic sea,
4,baltic sea,4: baltic sea,
4,baltic sea,4: baltic sea,
4,baltic sea,4: baltic sea,
4,baltic sea,4: baltic sea,
4,baltic sea,4: baltic sea,
4,baltic sea,4: baltic sea,
4,baltic sea,4: baltic sea,
4,baltic sea,4: baltic sea,
4,baltic sea,4: baltic sea,
4,baltic sea,4: baltic sea,
4,baltic sea,4: baltic sea,
4,baltic sea,4: baltic sea,
4,baltic sea,4: baltic sea,
4,baltic sea,4: baltic sea,
4,baltic sea,4: baltic sea,
4,baltic sea,4: baltic sea,
4,baltic sea,4: baltic sea,
4,baltic sea,4: baltic sea,
4,baltic sea,4: baltic sea,
4,baltic sea,4: baltic sea,
4,baltic sea,4: baltic sea,
4,baltic sea,4: baltic sea,
4,baltic sea,4: baltic sea,
4,baltic sea,4: baltic sea,
4,baltic sea,4: baltic sea,
4,baltic sea,4: baltic sea,
4,baltic sea,4: baltic sea,
4,baltic sea,4: baltic sea,
4,baltic sea,4: baltic sea,
4,baltic sea,4: baltic sea,
4,baltic sea,4: baltic sea,
4,baltic sea,4: baltic sea,
4,baltic sea,4: baltic sea,
4,baltic sea,4: baltic sea,
4,baltic sea,4: baltic sea,
4,baltic sea,4: baltic sea,
4,baltic sea,4: baltic sea,
4,baltic sea,4: baltic sea,
4,baltic sea,4: baltic sea,
4,baltic sea,4: baltic sea,
4,baltic sea,4: baltic sea,
4,baltic sea,4: baltic sea,
4,baltic sea,4: baltic sea,
4,baltic sea,4: baltic sea,
4,baltic sea,4: baltic sea,
4,baltic sea,4: baltic sea,
4,baltic sea,4: baltic sea,
4,baltic sea,4: baltic sea,
4,baltic sea,4: baltic sea,
4,baltic sea,4: baltic sea,
4,baltic sea,4: baltic sea,
4,baltic sea,4: baltic sea,
4,baltic sea,4: baltic sea,
4,baltic sea,4: baltic sea,
4,baltic sea,4: baltic sea,
4,baltic sea,4: baltic sea,
4,baltic sea,4: baltic sea,
4,baltic sea,4: baltic sea,
4,baltic sea,4: baltic sea,
4,baltic sea,4: baltic sea,
4,baltic sea,4: baltic sea,
4,baltic sea,4: baltic sea,
4,baltic sea,4: baltic sea,
4,baltic sea,4: baltic sea,
4,baltic sea,4: baltic sea,
4,baltic sea,4: baltic sea,
4,baltic sea,4: baltic sea,
4,baltic sea,4: baltic sea,
4,baltic sea,4: baltic sea,
4,baltic sea,4: baltic sea,
4,baltic sea,4: baltic sea,
4,baltic sea,4: baltic sea,
4,baltic sea,4: baltic sea,
4,baltic sea,4: baltic sea,
4,baltic sea,4: baltic sea,
4,baltic sea,4: baltic sea,
2,municip council,2: municip council,
2,municip council,2: municip council,
2,municip council,2: municip council,
2,municip council,2: municip council,
2,municip council,2: municip council,
2,municip council,2: municip council,
2,municip council,2: municip council,
2,municip council,2: municip council,
2,municip council,2: municip council,
2,municip council,2: municip council,
2,municip council,2: municip council,
2,municip council,2: municip council,
2,municip council,2: municip council,
2,municip council,2: municip council,
2,municip council,2: municip council,
2,municip council,2: municip council,
2,municip council,2: municip council,
2,municip council,2: municip council,
2,municip council,2: municip council,
2,municip council,2: municip council,
2,municip council,2: municip council,
2,municip council,2: municip council,
2,municip council,2: municip council,
2,municip council,2: municip council,
2,municip council,2: municip council,
2,municip council,2: municip council,
2,municip council,2: municip council,
2,municip council,2: municip council,
2,municip council,2: municip council,
2,municip council,2: municip council,
2,municip council,2: municip council,
2,municip council,2: municip council,
2,municip council,2: municip council,
2,municip council,2: municip council,
2,municip council,2: municip council,
2,municip council,2: municip council,
2,municip council,2: municip council,
2,municip council,2: municip council,
2,municip council,2: municip council,
2,municip council,2: municip council,
2,municip council,2: municip council,
2,municip council,2: municip council,
2,municip council,2: municip council,
2,municip council,2: municip council,
2,municip council,2: municip council,
2,municip council,2: municip council,
2,municip council,2: municip council,
2,municip council,2: municip council,
2,municip council,2: municip council,
2,municip council,2: municip council,
2,municip council,2: municip council,
2,municip council,2: municip council,
2,municip council,2: municip council,
2,municip council,2: municip council,
2,municip council,2: municip council,
2,municip council,2: municip council,
2,municip council,2: municip council,
2,municip council,2: municip council,
2,municip council,2: municip council,
2,municip council,2: municip council,
2,municip council,2: municip council,
2,municip council,2: municip council,
2,municip council,2: municip council,
2,municip council,2: municip council,
2,municip council,2: municip council,
2,municip council,2: municip council,
2,municip council,2: municip council,
2,municip council,2: municip council,
2,municip council,2: municip council,
2,municip council,2: municip council,
2,municip council,2: municip council,
2,municip council,2: municip council,
2,municip council,2: municip council,
2,municip council,2: municip council,
2,municip council,2: municip council,
2,municip council,2: municip council,
2,municip council,2: municip council,
2,municip council,2: municip council,
2,municip council,2: municip council,
2,municip council,2: municip council,
2,municip council,2: municip council,
2,municip council,2: municip council,
2,municip council,2: municip council,
2,municip council,2: municip council,
2,municip council,2: municip council,
2,municip council,2: municip council,
2,municip council,2: municip council,
2,municip council,2: municip council,
2,municip council,2: municip council,
2,municip council,2: municip council,
2,municip council,2: municip council,
2,municip council,2: municip council,
2,municip council,2: municip council,
2,municip council,2: municip council,
2,municip council,2: municip council,
2,municip council,2: municip council,
2,municip council,2: municip council,
2,municip council,2: municip council,
2,municip council,2: municip council,
2,municip council,2: municip council,
2,municip council,2: municip council,
2,municip council,2: municip council,
2,municip council,2: municip council,
2,municip council,2: municip council,
2,municip council,2: municip council,
2,municip council,2: municip council,
2,municip council,2: municip council,
2,municip council,2: municip council,
2,municip council,2: municip council,
2,municip council,2: municip council,
2,municip council,2: municip council,
2,municip council,2: municip council,
2,municip council,2: municip council,
2,municip council,2: municip council,
2,municip council,2: municip council,
2,municip council,2: municip council,
2,municip council,2: municip council,
2,municip council,2: municip council,
2,municip council,2: municip council,
2,municip council,2: municip council,
2,municip council,2: municip council,
2,municip council,2: municip council,
2,municip council,2: municip council,
2,municip council,2: municip council,
2,municip council,2: municip council,
2,municip council,2: municip council,
2,municip council,2: municip council,
2,municip council,2: municip council,
2,municip council,2: municip council,
2,municip council,2: municip council,
2,municip council,2: municip council,
2,municip council,2: municip council,
2,municip council,2: municip council,
2,municip council,2: municip council,
2,municip council,2: municip council,
2,municip council,2: municip council,
2,municip council,2: municip council,
2,municip council,2: municip council,
2,municip council,2: municip council,
2,municip council,2: municip council,
2,municip council,2: municip council,
2,municip council,2: municip council,
2,municip council,2: municip council,
2,municip council,2: municip council,
2,municip council,2: municip council,
2,municip council,2: municip council,
2,municip council,2: municip council,
2,municip council,2: municip council,
2,municip council,2: municip council,
2,municip council,2: municip council,
2,municip council,2: municip council,
2,municip council,2: municip council,
2,municip council,2: municip council,
2,municip council,2: municip council,
2,municip council,2: municip council,
2,municip council,2: municip council,
4,baltic sea,4: baltic sea,
4,baltic sea,4: baltic sea,
4,baltic sea,4: baltic sea,
4,baltic sea,4: baltic sea,
4,baltic sea,4: baltic sea,
4,baltic sea,4: baltic sea,
4,baltic sea,4: baltic sea,
4,baltic sea,4: baltic sea,
4,baltic sea,4: baltic sea,
4,baltic sea,4: baltic sea,
4,baltic sea,4: baltic sea,
4,baltic sea,4: baltic sea,
4,baltic sea,4: baltic sea,
4,baltic sea,4: baltic sea,
4,baltic sea,4: baltic sea,
4,baltic sea,4: baltic sea,
4,baltic sea,4: baltic sea,
4,baltic sea,4: baltic sea,
4,baltic sea,4: baltic sea,
4,baltic sea,4: baltic sea,
4,baltic sea,4: baltic sea,
4,baltic sea,4: baltic sea,
4,baltic sea,4: baltic sea,
4,baltic sea,4: baltic sea,
4,baltic sea,4: baltic sea,
4,baltic sea,4: baltic sea,
4,baltic sea,4: baltic sea,
4,baltic sea,4: baltic sea,
4,baltic sea,4: baltic sea,
4,baltic sea,4: baltic sea,
4,baltic sea,4: baltic sea,
4,baltic sea,4: baltic sea,
4,baltic sea,4: baltic sea,
4,baltic sea,4: baltic sea,
4,baltic sea,4: baltic sea,
4,baltic sea,4: baltic sea,
4,baltic sea,4: baltic sea,
4,baltic sea,4: baltic sea,
4,baltic sea,4: baltic sea,
4,baltic sea,4: baltic sea,
4,baltic sea,4: baltic sea,
4,baltic sea,4: baltic sea,
4,baltic sea,4: baltic sea,
4,baltic sea,4: baltic sea,
4,baltic sea,4: baltic sea,
4,baltic sea,4: baltic sea,
4,baltic sea,4: baltic sea,
4,baltic sea,4: baltic sea,
4,baltic sea,4: baltic sea,
4,baltic sea,4: baltic sea,
4,baltic sea,4: baltic sea,
4,baltic sea,4: baltic sea,
4,baltic sea,4: baltic sea,
4,baltic sea,4: baltic sea,
4,baltic sea,4: baltic sea,
4,baltic sea,4: baltic sea,
4,baltic sea,4: baltic sea,
4,baltic sea,4: baltic sea,
4,baltic sea,4: baltic sea,
4,baltic sea,4: baltic sea,
4,baltic sea,4: baltic sea,
4,baltic sea,4: baltic sea,
4,baltic sea,4: baltic sea,
4,baltic sea,4: baltic sea,
4,baltic sea,4: baltic sea,
4,baltic sea,4: baltic sea,
4,baltic sea,4: baltic sea,
4,baltic sea,4: baltic sea,
4,baltic sea,4: baltic sea,
4,baltic sea,4: baltic sea,
4,baltic sea,4: baltic sea,
4,baltic sea,4: baltic sea,
4,baltic sea,4: baltic sea,
4,baltic sea,4: baltic sea,
4,baltic sea,4: baltic sea,
4,baltic sea,4: baltic sea,
4,baltic sea,4: baltic sea,
4,baltic sea,4: baltic sea,
4,baltic sea,4: baltic sea,
4,baltic sea,4: baltic sea,
4,baltic sea,4: baltic sea,
4,baltic sea,4: baltic sea,
4,baltic sea,4: baltic sea,
4,baltic sea,4: baltic sea,
4,baltic sea,4: baltic sea,
4,baltic sea,4: baltic sea,
4,baltic sea,4: baltic sea,
4,baltic sea,4: baltic sea,
4,baltic sea,4: baltic sea,
4,baltic sea,4: baltic sea,
4,baltic sea,4: baltic sea,
4,baltic sea,4: baltic sea,
4,baltic sea,4: baltic sea,
4,baltic sea,4: baltic sea,
4,baltic sea,4: baltic sea,
4,baltic sea,4: baltic sea,
4,baltic sea,4: baltic sea,
4,baltic sea,4: baltic sea,
4,baltic sea,4: baltic sea,
4,baltic sea,4: baltic sea,
4,baltic sea,4: baltic sea,
4,baltic sea,4: baltic sea,
4,baltic sea,4: baltic sea,
4,baltic sea,4: baltic sea,
4,baltic sea,4: baltic sea,
4,baltic sea,4: baltic sea,
4,baltic sea,4: baltic sea,
4,baltic sea,4: baltic sea,
4,baltic sea,4: baltic sea,
4,baltic sea,4: baltic sea,
4,baltic sea,4: baltic sea,
4,baltic sea,4: baltic sea,
4,baltic sea,4: baltic sea,
4,baltic sea,4: baltic sea,
4,baltic sea,4: baltic sea,
4,baltic sea,4: baltic sea,
4,baltic sea,4: baltic sea,
4,baltic sea,4: baltic sea,
4,baltic sea,4: baltic sea,
4,baltic sea,4: baltic sea,
4,baltic sea,4: baltic sea,
4,baltic sea,4: baltic sea,
4,baltic sea,4: baltic sea,
4,baltic sea,4: baltic sea,
4,baltic sea,4: baltic sea,
4,baltic sea,4: baltic sea,
4,baltic sea,4: baltic sea,
4,baltic sea,4: baltic sea,
4,baltic sea,4: baltic sea,
4,baltic sea,4: baltic sea,
4,baltic sea,4: baltic sea,
4,baltic sea,4: baltic sea,
4,baltic sea,4: baltic sea,
4,baltic sea,4: baltic sea,
4,baltic sea,4: baltic sea,
4,baltic sea,4: baltic sea,
4,baltic sea,4: baltic sea,
4,baltic sea,4: baltic sea,
0,energi island,0: energi island,
0,energi island,0: energi island,
0,energi island,0: energi island,
0,energi island,0: energi island,
0,energi island,0: energi island,
0,energi island,0: energi island,
0,energi island,0: energi island,
0,energi island,0: energi island,
0,energi island,0: energi island,
0,energi island,0: energi island,
0,energi island,0: energi island,
0,energi island,0: energi island,
0,energi island,0: energi island,
0,energi island,0: energi island,
0,energi island,0: energi island,
0,energi island,0: energi island,
0,energi island,0: energi island,
0,energi island,0: energi island,
0,energi island,0: energi island,
0,energi island,0: energi island,
0,energi island,0: energi island,
0,energi island,0: energi island,
0,energi island,0: energi island,
0,energi island,0: energi island,
0,energi island,0: energi island,
0,energi island,0: energi island,
0,energi island,0: energi island,
0,energi island,0: energi island,
0,energi island,0: energi island,
0,energi island,0: energi island,
0,energi island,0: energi island,
0,energi island,0: energi island,
0,energi island,0: energi island,
0,energi island,0: energi island,
0,energi island,0: energi island,
0,energi island,0: energi island,
0,energi island,0: energi island,
0,energi island,0: energi island,
0,energi island,0: energi island,
0,energi island,0: energi island,
0,energi island,0: energi island,
0,energi island,0: energi island,
0,energi island,0: energi island,
0,energi island,0: energi island,
0,energi island,0: energi island,
0,energi island,0: energi island,
0,energi island,0: energi island,
0,energi island,0: energi island,
0,energi island,0: energi island,
0,energi island,0: energi island,
0,energi island,0: energi island,
0,energi island,0: energi island,
0,energi island,0: energi island,
0,energi island,0: energi island,
0,energi island,0: energi island,
0,energi island,0: energi island,
0,energi island,0: energi island,
0,energi island,0: energi island,
0,energi island,0: energi island,
0,energi island,0: energi island,
0,energi island,0: energi island,
0,energi island,0: energi island,
0,energi island,0: energi island,
0,energi island,0: energi island,
0,energi island,0: energi island,
0,energi island,0: energi island,
0,energi island,0: energi island,
0,energi island,0: energi island,
0,energi island,0: energi island,
0,energi island,0: energi island,
0,energi island,0: energi island,
0,energi island,0: energi island,
0,energi island,0: energi island,
0,energi island,0: energi island,
0,energi island,0: energi island,
0,energi island,0: energi island,
0,energi island,0: energi island,
0,energi island,0: energi island,
0,energi island,0: energi island,
0,energi island,0: energi island,
0,energi island,0: energi island,
0,energi island,0: energi island,
0,energi island,0: energi island,
0,energi island,0: energi island,
0,energi island,0: energi island,
0,energi island,0: energi island,
0,energi island,0: energi island,
0,energi island,0: energi island,
0,energi island,0: energi island,
0,energi island,0: energi island,
0,energi island,0: energi island,
0,energi island,0: energi island,
0,energi island,0: energi island,
0,energi island,0: energi island,
0,energi island,0: energi island,
0,energi island,0: energi island,
0,energi island,0: energi island,
0,energi island,0: energi island,
0,energi island,0: energi island,
0,energi island,0: energi island,
0,energi island,0: energi island,
0,energi island,0: energi island,
0,energi island,0: energi island,
0,energi island,0: energi island,
0,energi island,0: energi island,
0,energi island,0: energi island,
0,energi island,0: energi island,
0,energi island,0: energi island,
0,energi island,0: energi island,
0,energi island,0: energi island,
0,energi island,0: energi island,
0,energi island,0: energi island,
0,energi island,0: energi island,
0,energi island,0: energi island,
0,energi island,0: energi island,
0,energi island,0: energi island,
0,energi island,0: energi island,
0,energi island,0: energi island,
0,energi island,0: energi island,
0,energi island,0: energi island,
0,energi island,0: energi island,
0,energi island,0: energi island,
0,energi island,0: energi island,
0,energi island,0: energi island,
0,energi island,0: energi island,
0,energi island,0: energi island,
0,energi island,0: energi island,
0,energi island,0: energi island,
0,energi island,0: energi island,
0,energi island,0: energi island,
0,energi island,0: energi island,
0,energi island,0: energi island,
0,energi island,0: energi island,
0,energi island,0: energi island,
0,energi island,0: energi island,
0,energi island,0: energi island,
0,energi island,0: energi island,
0,energi island,0: energi island,
0,energi island,0: energi island,
0,energi island,0: energi island,
0,energi island,0: energi island,
0,energi island,0: energi island,
0,energi island,0: energi island,
0,energi island,0: energi island,
0,energi island,0: energi island,
0,energi island,0: energi island,
0,energi island,0: energi island,
0,energi island,0: energi island,
0,energi island,0: energi island,
0,energi island,0: energi island,
0,energi island,0: energi island,
0,energi island,0: energi island,
0,energi island,0: energi island,
0,energi island,0: energi island,
0,energi island,0: energi island,
0,energi island,0: energi island,
0,energi island,0: energi island,
2,municip council,2: municip council,
2,municip council,2: municip council,
2,municip council,2: municip council,
2,municip council,2: municip council,
2,municip council,2: municip council,
2,municip council,2: municip council,
2,municip council,2: municip council,
2,municip council,2: municip council,
2,municip council,2: municip council,
2,municip council,2: municip council,
2,municip council,2: municip council,
2,municip council,2: municip council,
2,municip council,2: municip council,
2,municip council,2: municip council,
2,municip council,2: municip council,
2,municip council,2: municip council,
2,municip council,2: municip council,
2,municip council,2: municip council,
2,municip council,2: municip council,
2,municip council,2: municip council,
2,municip council,2: municip council,
2,municip council,2: municip council,
2,municip council,2: municip council,
2,municip council,2: municip council,
2,municip council,2: municip council,
2,municip council,2: municip council,
2,municip council,2: municip council,
2,municip council,2: municip council,
2,municip council,2: municip council,
2,municip council,2: municip council,
2,municip council,2: municip council,
2,municip council,2: municip council,
2,municip council,2: municip council,
2,municip council,2: municip council,
2,municip council,2: municip council,
2,municip council,2: municip council,
2,municip council,2: municip council,
2,municip council,2: municip council,
2,municip council,2: municip council,
2,municip council,2: municip council,
2,municip council,2: municip council,
2,municip council,2: municip council,
2,municip council,2: municip council,
2,municip council,2: municip council,
2,municip council,2: municip council,
2,municip council,2: municip council,
2,municip council,2: municip council,
2,municip council,2: municip council,
2,municip council,2: municip council,
2,municip council,2: municip council,
2,municip council,2: municip council,
2,municip council,2: municip council,
2,municip council,2: municip council,
2,municip council,2: municip council,
2,municip council,2: municip council,
2,municip council,2: municip council,
2,municip council,2: municip council,
2,municip council,2: municip council,
2,municip council,2: municip council,
2,municip council,2: municip council,
2,municip council,2: municip council,
2,municip council,2: municip council,
2,municip council,2: municip council,
2,municip council,2: municip council,
2,municip council,2: municip council,
2,municip council,2: municip council,
2,municip council,2: municip council,
2,municip council,2: municip council,
2,municip council,2: municip council,
2,municip council,2: municip council,
2,municip council,2: municip council,
2,municip council,2: municip council,
2,municip council,2: municip council,
2,municip council,2: municip council,
2,municip council,2: municip council,
2,municip council,2: municip council,
2,municip council,2: municip council,
2,municip council,2: municip council,
2,municip council,2: municip council,
2,municip council,2: municip council,
2,municip council,2: municip council,
2,municip council,2: municip council,
2,municip council,2: municip council,
2,municip council,2: municip council,
2,municip council,2: municip council,
2,municip council,2: municip council,
2,municip council,2: municip council,
2,municip council,2: municip council,
2,municip council,2: municip council,
2,municip council,2: municip council,
2,municip council,2: municip council,
2,municip council,2: municip council,
2,municip council,2: municip council,
2,municip council,2: municip council,
2,municip council,2: municip council,
2,municip council,2: municip council,
2,municip council,2: municip council,
2,municip council,2: municip council,
2,municip council,2: municip council,
2,municip council,2: municip council,
2,municip council,2: municip council,
2,municip council,2: municip council,
2,municip council,2: municip council,
2,municip council,2: municip council,
2,municip council,2: municip council,
2,municip council,2: municip council,
2,municip council,2: municip council,
2,municip council,2: municip council,
2,municip council,2: municip council,
2,municip council,2: municip council,
2,municip council,2: municip council,
2,municip council,2: municip council,
2,municip council,2: municip council,
2,municip council,2: municip council,
2,municip council,2: municip council,
2,municip council,2: municip council,
2,municip council,2: municip council,
2,municip council,2: municip council,
2,municip council,2: municip council,
2,municip council,2: municip council,
2,municip council,2: municip council,
2,municip council,2: municip council,
2,municip council,2: municip council,
2,municip council,2: municip council,
2,municip council,2: municip council,
2,municip council,2: municip council,
2,municip council,2: municip council,
2,municip council,2: municip council,
2,municip council,2: municip council,
2,municip council,2: municip council,
2,municip council,2: municip council,
2,municip council,2: municip council,
2,municip council,2: municip council,
2,municip council,2: municip council,
2,municip council,2: municip council,
2,municip council,2: municip council,
2,municip council,2: municip council,
2,municip council,2: municip council,
2,municip council,2: municip council,
2,municip council,2: municip council,
2,municip council,2: municip council,
2,municip council,2: municip council,
2,municip council,2: municip council,
2,municip council,2: municip council,
2,municip council,2: municip council,
2,municip council,2: municip council,
2,municip council,2: municip council,
2,municip council,2: municip council,
2,municip council,2: municip council,
2,municip council,2: municip council,
2,municip council,2: municip council,
2,municip council,2: municip council,
2,municip council,2: municip council,
2,municip council,2: municip council,
2,municip council,2: municip council,
2,municip council,2: municip council,
0,energi island,0: energi island,
0,energi island,0: energi island,
0,energi island,0: energi island,
0,energi island,0: energi island,
0,energi island,0: energi island,
0,energi island,0: energi island,
0,energi island,0: energi island,
0,energi island,0: energi island,
0,energi island,0: energi island,
0,energi island,0: energi island,
0,energi island,0: energi island,
0,energi island,0: energi island,
0,energi island,0: energi island,
0,energi island,0: energi island,
0,energi island,0: energi island,
0,energi island,0: energi island,
0,energi island,0: energi island,
0,energi island,0: energi island,
0,energi island,0: energi island,
0,energi island,0: energi island,
0,energi island,0: energi island,
0,energi island,0: energi island,
0,energi island,0: energi island,
0,energi island,0: energi island,
0,energi island,0: energi island,
0,energi island,0: energi island,
0,energi island,0: energi island,
0,energi island,0: energi island,
0,energi island,0: energi island,
0,energi island,0: energi island,
0,energi island,0: energi island,
0,energi island,0: energi island,
0,energi island,0: energi island,
0,energi island,0: energi island,
0,energi island,0: energi island,
0,energi island,0: energi island,
0,energi island,0: energi island,
0,energi island,0: energi island,
0,energi island,0: energi island,
0,energi island,0: energi island,
0,energi island,0: energi island,
0,energi island,0: energi island,
0,energi island,0: energi island,
0,energi island,0: energi island,
0,energi island,0: energi island,
0,energi island,0: energi island,
0,energi island,0: energi island,
0,energi island,0: energi island,
0,energi island,0: energi island,
0,energi island,0: energi island,
0,energi island,0: energi island,
0,energi island,0: energi island,
0,energi island,0: energi island,
0,energi island,0: energi island,
0,energi island,0: energi island,
0,energi island,0: energi island,
0,energi island,0: energi island,
0,energi island,0: energi island,
0,energi island,0: energi island,
0,energi island,0: energi island,
0,energi island,0: energi island,
0,energi island,0: energi island,
0,energi island,0: energi island,
0,energi island,0: energi island,
0,energi island,0: energi island,
0,energi island,0: energi island,
0,energi island,0: energi island,
0,energi island,0: energi island,
0,energi island,0: energi island,
0,energi island,0: energi island,
0,energi island,0: energi island,
0,energi island,0: energi island,
0,energi island,0: energi island,
0,energi island,0: energi island,
0,energi island,0: energi island,
0,energi island,0: energi island,
0,energi island,0: energi island,
0,energi island,0: energi island,
0,energi island,0: energi island,
0,energi island,0: energi island,
0,energi island,0: energi island,
0,energi island,0: energi island,
0,energi island,0: energi island,
0,energi island,0: energi island,
0,energi island,0: energi island,
0,energi island,0: energi island,
0,energi island,0: energi island,
0,energi island,0: energi island,
0,energi island,0: energi island,
0,energi island,0: energi island,
0,energi island,0: energi island,
0,energi island,0: energi island,
0,energi island,0: energi island,
0,energi island,0: energi island,
0,energi island,0: energi island,
0,energi island,0: energi island,
0,energi island,0: energi island,
0,energi island,0: energi island,
0,energi island,0: energi island,
0,energi island,0: energi island,
0,energi island,0: energi island,
0,energi island,0: energi island,
0,energi island,0: energi island,
0,energi island,0: energi island,
0,energi island,0: energi island,
0,energi island,0: energi island,
0,energi island,0: energi island,
0,energi island,0: energi island,
0,energi island,0: energi island,
0,energi island,0: energi island,
0,energi island,0: energi island,
0,energi island,0: energi island,
0,energi island,0: energi island,
0,energi island,0: energi island,
0,energi island,0: energi island,
0,energi island,0: energi island,
0,energi island,0: energi island,
0,energi island,0: energi island,
0,energi island,0: energi island,
0,energi island,0: energi island,
0,energi island,0: energi island,
0,energi island,0: energi island,
0,energi island,0: energi island,
0,energi island,0: energi island,
0,energi island,0: energi island,
0,energi island,0: energi island,
0,energi island,0: energi island,
0,energi island,0: energi island,
0,energi island,0: energi island,
0,energi island,0: energi island,
0,energi island,0: energi island,
0,energi island,0: energi island,
0,energi island,0: energi island,
0,energi island,0: energi island,
0,energi island,0: energi island,
0,energi island,0: energi island,
0,energi island,0: energi island,
0,energi island,0: energi island,
0,energi island,0: energi island,
0,energi island,0: energi island,
0,energi island,0: energi island,
0,energi island,0: energi island,
0,energi island,0: energi island,
0,energi island,0: energi island,
0,energi island,0: energi island,
0,energi island,0: energi island,
0,energi island,0: energi island,
0,energi island,0: energi island,
0,energi island,0: energi island,
0,energi island,0: energi island,
0,energi island,0: energi island,
0,energi island,0: energi island,
0,energi island,0: energi island,
0,energi island,0: energi island,
0,energi island,0: energi island,
0,energi island,0: energi island,
0,energi island,0: energi island,
0,energi island,0: energi island,
0,energi island,0: energi island,
0,energi island,0: energi island,
0,energi island,0: energi island,
0,energi island,0: energi island,
0,energi island,0: energi island,
0,energi island,0: energi island,
0,energi island,0: energi island,
0,energi island,0: energi island,
0,energi island,0: energi island,
0,energi island,0: energi island,
0,energi island,0: energi island,
0,energi island,0: energi island,
0,energi island,0: energi island,
0,energi island,0: energi island,
0,energi island,0: energi island,
0,energi island,0: energi island,
0,energi island,0: energi island,
0,energi island,0: energi island,
0,energi island,0: energi island,
0,energi island,0: energi island,
0,energi island,0: energi island,
0,energi island,0: energi island,
0,energi island,0: energi island,
0,energi island,0: energi island,
0,energi island,0: energi island,
0,energi island,0: energi island,
0,energi island,0: energi island,
0,energi island,0: energi island,
0,energi island,0: energi island,
0,energi island,0: energi island,
0,energi island,0: energi island,
0,energi island,0: energi island,
0,energi island,0: energi island,
0,energi island,0: energi island,
0,energi island,0: energi island,
0,energi island,0: energi island,
0,energi island,0: energi island,
0,energi island,0: energi island,
0,energi island,0: energi island,
0,energi island,0: energi island,
0,energi island,0: energi island,
0,energi island,0: energi island,
0,energi island,0: energi island,
0,energi island,0: energi island,
0,energi island,0: energi island,
0,energi island,0: energi island,
0,energi island,0: energi island,
0,energi island,0: energi island,
0,energi island,0: energi island,
0,energi island,0: energi island,
0,energi island,0: energi island,
0,energi island,0: energi island,
0,energi island,0: energi island,
0,energi island,0: energi island,
0,energi island,0: energi island,
0,energi island,0: energi island,
0,energi island,0: energi island,
0,energi island,0: energi island,
0,energi island,0: energi island,
0,energi island,0: energi island,
0,energi island,0: energi island,
0,energi island,0: energi island,
0,energi island,0: energi island,
0,energi island,0: energi island,
0,energi island,0: energi island,
0,energi island,0: energi island,
0,energi island,0: energi island,
0,energi island,0: energi island,
0,energi island,0: energi island,
0,energi island,0: energi island,
0,energi island,0: energi island,
0,energi island,0: energi island,
0,energi island,0: energi island,
0,energi island,0: energi island,
0,energi island,0: energi island,
0,energi island,0: energi island,
0,energi island,0: energi island,
0,energi island,0: energi island,
0,energi island,0: energi island,
0,energi island,0: energi island,
0,energi island,0: energi island,
0,energi island,0: energi island,
0,energi island,0: energi island,
0,energi island,0: energi island,
0,energi island,0: energi island,
0,energi island,0: energi island,
0,energi island,0: energi island,
0,energi island,0: energi island,
0,energi island,0: energi island,
0,energi island,0: energi island,
0,energi island,0: energi island,
0,energi island,0: energi island,
0,energi island,0: energi island,
0,energi island,0: energi island,
0,energi island,0: energi island,
0,energi island,0: energi island,
0,energi island,0: energi island,
0,energi island,0: energi island,
0,energi island,0: energi island,
0,energi island,0: energi island,
0,energi island,0: energi island,
0,energi island,0: energi island,
0,energi island,0: energi island,
0,energi island,0: energi island,
0,energi island,0: energi island,
0,energi island,0: energi island,
0,energi island,0: energi island,
0,energi island,0: energi island,
0,energi island,0: energi island,
0,energi island,0: energi island,
0,energi island,0: energi island,
0,energi island,0: energi island,
0,energi island,0: energi island,
0,energi island,0: energi island,
0,energi island,0: energi island,
0,energi island,0: energi island,
0,energi island,0: energi island,
0,energi island,0: energi island,
0,energi island,0: energi island,
0,energi island,0: energi island,
0,energi island,0: energi island,
0,energi island,0: energi island,
0,energi island,0: energi island,
0,energi island,0: energi island,
0,energi island,0: energi island,
0,energi island,0: energi island,
0,energi island,0: energi island,
0,energi island,0: energi island,
0,energi island,0: energi island,
0,energi island,0: energi island,
0,energi island,0: energi island,
0,energi island,0: energi island,
0,energi island,0: energi island,
0,energi island,0: energi island,
0,energi island,0: energi island,
0,energi island,0: energi island,
0,energi island,0: energi island,
0,energi island,0: energi island,
0,energi island,0: energi island,
0,energi island,0: energi island,
0,energi island,0: energi island,
0,energi island,0: energi island,
0,energi island,0: energi island,
0,energi island,0: energi island,
0,energi island,0: energi island,
0,energi island,0: energi island,
0,energi island,0: energi island,
0,energi island,0: energi island,
0,energi island,0: energi island,
0,energi island,0: energi island,
0,energi island,0: energi island,
0,energi island,0: energi island,
0,energi island,0: energi island,
0,energi island,0: energi island,
0,energi island,0: energi island,
0,energi island,0: energi island,
6,energiø bornholm,6: energiø bornholm,
6,energiø bornholm,6: energiø bornholm,
6,energiø bornholm,6: energiø bornholm,
6,energiø bornholm,6: energiø bornholm,
6,energiø bornholm,6: energiø bornholm,
6,energiø bornholm,6: energiø bornholm,
6,energiø bornholm,6: energiø bornholm,
6,energiø bornholm,6: energiø bornholm,
6,energiø bornholm,6: energiø bornholm,
6,energiø bornholm,6: energiø bornholm,
6,energiø bornholm,6: energiø bornholm,
6,energiø bornholm,6: energiø bornholm,
6,energiø bornholm,6: energiø bornholm,
6,energiø bornholm,6: energiø bornholm,
6,energiø bornholm,6: energiø bornholm,
6,energiø bornholm,6: energiø bornholm,
6,energiø bornholm,6: energiø bornholm,
6,energiø bornholm,6: energiø bornholm,
6,energiø bornholm,6: energiø bornholm,
6,energiø bornholm,6: energiø bornholm,
6,energiø bornholm,6: energiø bornholm,
6,energiø bornholm,6: energiø bornholm,
6,energiø bornholm,6: energiø bornholm,
6,energiø bornholm,6: energiø bornholm,
6,energiø bornholm,6: energiø bornholm,
6,energiø bornholm,6: energiø bornholm,
6,energiø bornholm,6: energiø bornholm,
6,energiø bornholm,6: energiø bornholm,
6,energiø bornholm,6: energiø bornholm,
6,energiø bornholm,6: energiø bornholm,
6,energiø bornholm,6: energiø bornholm,
6,energiø bornholm,6: energiø bornholm,
6,energiø bornholm,6: energiø bornholm,
6,energiø bornholm,6: energiø bornholm,
6,energiø bornholm,6: energiø bornholm,
6,energiø bornholm,6: energiø bornholm,
6,energiø bornholm,6: energiø bornholm,
6,energiø bornholm,6: energiø bornholm,
6,energiø bornholm,6: energiø bornholm,
6,energiø bornholm,6: energiø bornholm,
6,energiø bornholm,6: energiø bornholm,
6,energiø bornholm,6: energiø bornholm,
6,energiø bornholm,6: energiø bornholm,
6,energiø bornholm,6: energiø bornholm,
6,energiø bornholm,6: energiø bornholm,
6,energiø bornholm,6: energiø bornholm,
6,energiø bornholm,6: energiø bornholm,
6,energiø bornholm,6: energiø bornholm,
6,energiø bornholm,6: energiø bornholm,
6,energiø bornholm,6: energiø bornholm,
6,energiø bornholm,6: energiø bornholm,
6,energiø bornholm,6: energiø bornholm,
6,energiø bornholm,6: energiø bornholm,
6,energiø bornholm,6: energiø bornholm,
6,energiø bornholm,6: energiø bornholm,
6,energiø bornholm,6: energiø bornholm,
6,energiø bornholm,6: energiø bornholm,
6,energiø bornholm,6: energiø bornholm,
6,energiø bornholm,6: energiø bornholm,
6,energiø bornholm,6: energiø bornholm,
6,energiø bornholm,6: energiø bornholm,
6,energiø bornholm,6: energiø bornholm,
6,energiø bornholm,6: energiø bornholm,
6,energiø bornholm,6: energiø bornholm,
6,energiø bornholm,6: energiø bornholm,
6,energiø bornholm,6: energiø bornholm,
6,energiø bornholm,6: energiø bornholm,
6,energiø bornholm,6: energiø bornholm,
6,energiø bornholm,6: energiø bornholm,
6,energiø bornholm,6: energiø bornholm,
6,energiø bornholm,6: energiø bornholm,
6,energiø bornholm,6: energiø bornholm,
6,energiø bornholm,6: energiø bornholm,
6,energiø bornholm,6: energiø bornholm,
6,energiø bornholm,6: energiø bornholm,
6,energiø bornholm,6: energiø bornholm,
6,energiø bornholm,6: energiø bornholm,
6,energiø bornholm,6: energiø bornholm,
6,energiø bornholm,6: energiø bornholm,
6,energiø bornholm,6: energiø bornholm,
6,energiø bornholm,6: energiø bornholm,
6,energiø bornholm,6: energiø bornholm,
6,energiø bornholm,6: energiø bornholm,
6,energiø bornholm,6: energiø bornholm,
6,energiø bornholm,6: energiø bornholm,
6,energiø bornholm,6: energiø bornholm,
6,energiø bornholm,6: energiø bornholm,
6,energiø bornholm,6: energiø bornholm,
6,energiø bornholm,6: energiø bornholm,
6,energiø bornholm,6: energiø bornholm,
6,energiø bornholm,6: energiø bornholm,
6,energiø bornholm,6: energiø bornholm,
6,energiø bornholm,6: energiø bornholm,
6,energiø bornholm,6: energiø bornholm,
6,energiø bornholm,6: energiø bornholm,
6,energiø bornholm,6: energiø bornholm,
6,energiø bornholm,6: energiø bornholm,
6,energiø bornholm,6: energiø bornholm,
6,energiø bornholm,6: energiø bornholm,
6,energiø bornholm,6: energiø bornholm,
6,energiø bornholm,6: energiø bornholm,
6,energiø bornholm,6: energiø bornholm,
6,energiø bornholm,6: energiø bornholm,
6,energiø bornholm,6: energiø bornholm,
6,energiø bornholm,6: energiø bornholm,
6,energiø bornholm,6: energiø bornholm,
6,energiø bornholm,6: energiø bornholm,
6,energiø bornholm,6: energiø bornholm,
6,energiø bornholm,6: energiø bornholm,
6,energiø bornholm,6: energiø bornholm,
6,energiø bornholm,6: energiø bornholm,
6,energiø bornholm,6: energiø bornholm,
6,energiø bornholm,6: energiø bornholm,
6,energiø bornholm,6: energiø bornholm,
6,energiø bornholm,6: energiø bornholm,
6,energiø bornholm,6: energiø bornholm,
6,energiø bornholm,6: energiø bornholm,
6,energiø bornholm,6: energiø bornholm,
6,energiø bornholm,6: energiø bornholm,
6,energiø bornholm,6: energiø bornholm,
6,energiø bornholm,6: energiø bornholm,
6,energiø bornholm,6: energiø bornholm,
6,energiø bornholm,6: energiø bornholm,
6,energiø bornholm,6: energiø bornholm,
6,energiø bornholm,6: energiø bornholm,
6,energiø bornholm,6: energiø bornholm,
6,energiø bornholm,6: energiø bornholm,
6,energiø bornholm,6: energiø bornholm,
6,energiø bornholm,6: energiø bornholm,
6,energiø bornholm,6: energiø bornholm,
6,energiø bornholm,6: energiø bornholm,
6,energiø bornholm,6: energiø bornholm,
6,energiø bornholm,6: energiø bornholm,
6,energiø bornholm,6: energiø bornholm,
6,energiø bornholm,6: energiø bornholm,
6,energiø bornholm,6: energiø bornholm,
6,energiø bornholm,6: energiø bornholm,
6,energiø bornholm,6: energiø bornholm,
6,energiø bornholm,6: energiø bornholm,
6,energiø bornholm,6: energiø bornholm,
6,energiø bornholm,6: energiø bornholm,
6,energiø bornholm,6: energiø bornholm,
6,energiø bornholm,6: energiø bornholm,
6,energiø bornholm,6: energiø bornholm,
6,energiø bornholm,6: energiø bornholm,
6,energiø bornholm,6: energiø bornholm,
6,energiø bornholm,6: energiø bornholm,
6,energiø bornholm,6: energiø bornholm,
6,energiø bornholm,6: energiø bornholm,
6,energiø bornholm,6: energiø bornholm,
6,energiø bornholm,6: energiø bornholm,
6,energiø bornholm,6: energiø bornholm,
6,energiø bornholm,6: energiø bornholm,
6,energiø bornholm,6: energiø bornholm,
6,energiø bornholm,6: energiø bornholm,
6,energiø bornholm,6: energiø bornholm,
6,energiø bornholm,6: energiø bornholm,
6,energiø bornholm,6: energiø bornholm,
6,energiø bornholm,6: energiø bornholm,
6,energiø bornholm,6: energiø bornholm,
6,energiø bornholm,6: energiø bornholm,
6,energiø bornholm,6: energiø bornholm,
6,energiø bornholm,6: energiø bornholm,
6,energiø bornholm,6: energiø bornholm,
6,energiø bornholm,6: energiø bornholm,
6,energiø bornholm,6: energiø bornholm,
6,energiø bornholm,6: energiø bornholm,
6,energiø bornholm,6: energiø bornholm,
6,energiø bornholm,6: energiø bornholm,
6,energiø bornholm,6: energiø bornholm,
6,energiø bornholm,6: energiø bornholm,
0,energi island,0: energi island,
0,energi island,0: energi island,
0,energi island,0: energi island,
0,energi island,0: energi island,
0,energi island,0: energi island,
0,energi island,0: energi island,
0,energi island,0: energi island,
0,energi island,0: energi island,
0,energi island,0: energi island,
0,energi island,0: energi island,
0,energi island,0: energi island,
0,energi island,0: energi island,
0,energi island,0: energi island,
0,energi island,0: energi island,
0,energi island,0: energi island,
0,energi island,0: energi island,
0,energi island,0: energi island,
0,energi island,0: energi island,
0,energi island,0: energi island,
0,energi island,0: energi island,
0,energi island,0: energi island,
0,energi island,0: energi island,
0,energi island,0: energi island,
0,energi island,0: energi island,
0,energi island,0: energi island,
0,energi island,0: energi island,
0,energi island,0: energi island,
0,energi island,0: energi island,
0,energi island,0: energi island,
0,energi island,0: energi island,
0,energi island,0: energi island,
0,energi island,0: energi island,
0,energi island,0: energi island,
0,energi island,0: energi island,
0,energi island,0: energi island,
0,energi island,0: energi island,
0,energi island,0: energi island,
0,energi island,0: energi island,
0,energi island,0: energi island,
0,energi island,0: energi island,
0,energi island,0: energi island,
0,energi island,0: energi island,
0,energi island,0: energi island,
0,energi island,0: energi island,
0,energi island,0: energi island,
0,energi island,0: energi island,
0,energi island,0: energi island,
0,energi island,0: energi island,
0,energi island,0: energi island,
0,energi island,0: energi island,
0,energi island,0: energi island,
0,energi island,0: energi island,
0,energi island,0: energi island,
0,energi island,0: energi island,
0,energi island,0: energi island,
0,energi island,0: energi island,
0,energi island,0: energi island,
0,energi island,0: energi island,
0,energi island,0: energi island,
0,energi island,0: energi island,
0,energi island,0: energi island,
0,energi island,0: energi island,
0,energi island,0: energi island,
0,energi island,0: energi island,
0,energi island,0: energi island,
0,energi island,0: energi island,
0,energi island,0: energi island,
0,energi island,0: energi island,
0,energi island,0: energi island,
0,energi island,0: energi island,
0,energi island,0: energi island,
0,energi island,0: energi island,
0,energi island,0: energi island,
0,energi island,0: energi island,
0,energi island,0: energi island,
0,energi island,0: energi island,
0,energi island,0: energi island,
0,energi island,0: energi island,
0,energi island,0: energi island,
0,energi island,0: energi island,
0,energi island,0: energi island,
0,energi island,0: energi island,
0,energi island,0: energi island,
0,energi island,0: energi island,
0,energi island,0: energi island,
0,energi island,0: energi island,
0,energi island,0: energi island,
0,energi island,0: energi island,
0,energi island,0: energi island,
0,energi island,0: energi island,
0,energi island,0: energi island,
0,energi island,0: energi island,
0,energi island,0: energi island,
0,energi island,0: energi island,
0,energi island,0: energi island,
0,energi island,0: energi island,
0,energi island,0: energi island,
0,energi island,0: energi island,
0,energi island,0: energi island,
0,energi island,0: energi island,
0,energi island,0: energi island,
0,energi island,0: energi island,
0,energi island,0: energi island,
0,energi island,0: energi island,
0,energi island,0: energi island,
0,energi island,0: energi island,
0,energi island,0: energi island,
0,energi island,0: energi island,
0,energi island,0: energi island,
0,energi island,0: energi island,
0,energi island,0: energi island,
0,energi island,0: energi island,
0,energi island,0: energi island,
0,energi island,0: energi island,
0,energi island,0: energi island,
0,energi island,0: energi island,
0,energi island,0: energi island,
0,energi island,0: energi island,
0,energi island,0: energi island,
0,energi island,0: energi island,
0,energi island,0: energi island,
0,energi island,0: energi island,
0,energi island,0: energi island,
0,energi island,0: energi island,
0,energi island,0: energi island,
0,energi island,0: energi island,
0,energi island,0: energi island,
0,energi island,0: energi island,
0,energi island,0: energi island,
0,energi island,0: energi island,
0,energi island,0: energi island,
0,energi island,0: energi island,
0,energi island,0: energi island,
0,energi island,0: energi island,
0,energi island,0: energi island,
0,energi island,0: energi island,
0,energi island,0: energi island,
0,energi island,0: energi island,
0,energi island,0: energi island,
0,energi island,0: energi island,
0,energi island,0: energi island,
0,energi island,0: energi island,
0,energi island,0: energi island,
0,energi island,0: energi island,
0,energi island,0: energi island,
0,energi island,0: energi island,
0,energi island,0: energi island,
0,energi island,0: energi island,
0,energi island,0: energi island,
0,energi island,0: energi island,
0,energi island,0: energi island,
0,energi island,0: energi island,
0,energi island,0: energi island,
0,energi island,0: energi island,
0,energi island,0: energi island,
0,energi island,0: energi island,
0,energi island,0: energi island,
0,energi island,0: energi island,
0,energi island,0: energi island,
0,energi island,0: energi island,
0,energi island,0: energi island,
0,energi island,0: energi island,
0,energi island,0: energi island,
0,energi island,0: energi island,
0,energi island,0: energi island,
0,energi island,0: energi island,
0,energi island,0: energi island,
0,energi island,0: energi island,
0,energi island,0: energi island,
0,energi island,0: energi island,
0,energi island,0: energi island,
0,energi island,0: energi island,
0,energi island,0: energi island,
0,energi island,0: energi island,
0,energi island,0: energi island,
0,energi island,0: energi island,
0,energi island,0: energi island,
0,energi island,0: energi island,
0,energi island,0: energi island,
0,energi island,0: energi island,
0,energi island,0: energi island,
0,energi island,0: energi island,
0,energi island,0: energi island,
0,energi island,0: energi island,
0,energi island,0: energi island,
0,energi island,0: energi island,
0,energi island,0: energi island,
0,energi island,0: energi island,
0,energi island,0: energi island,
0,energi island,0: energi island,
0,energi island,0: energi island,
0,energi island,0: energi island,
0,energi island,0: energi island,
0,energi island,0: energi island,
0,energi island,0: energi island,
0,energi island,0: energi island,
0,energi island,0: energi island,
0,energi island,0: energi island,
0,energi island,0: energi island,
0,energi island,0: energi island,
0,energi island,0: energi island,
0,energi island,0: energi island,
0,energi island,0: energi island,
0,energi island,0: energi island,
0,energi island,0: energi island,
0,energi island,0: energi island,
0,energi island,0: energi island,
0,energi island,0: energi island,
0,energi island,0: energi island,
0,energi island,0: energi island,
0,energi island,0: energi island,
0,energi island,0: energi island,
0,energi island,0: energi island,
0,energi island,0: energi island,
0,energi island,0: energi island,
0,energi island,0: energi island,
0,energi island,0: energi island,
0,energi island,0: energi island,
0,energi island,0: energi island,
0,energi island,0: energi island,
0,energi island,0: energi island,
0,energi island,0: energi island,
0,energi island,0: energi island,
0,energi island,0: energi island,
0,energi island,0: energi island,
0,energi island,0: energi island,
0,energi island,0: energi island,
0,energi island,0: energi island,
0,energi island,0: energi island,
0,energi island,0: energi island,
0,energi island,0: energi island,
0,energi island,0: energi island,
0,energi island,0: energi island,
0,energi island,0: energi island,
0,energi island,0: energi island,
0,energi island,0: energi island,
0,energi island,0: energi island,
0,energi island,0: energi island,
0,energi island,0: energi island,
0,energi island,0: energi island,
0,energi island,0: energi island,
0,energi island,0: energi island,
0,energi island,0: energi island,
0,energi island,0: energi island,
0,energi island,0: energi island,
0,energi island,0: energi island,
0,energi island,0: energi island,
0,energi island,0: energi island,
0,energi island,0: energi island,
0,energi island,0: energi island,
0,energi island,0: energi island,
0,energi island,0: energi island,
0,energi island,0: energi island,
0,energi island,0: energi island,
0,energi island,0: energi island,
0,energi island,0: energi island,
0,energi island,0: energi island,
0,energi island,0: energi island,
0,energi island,0: energi island,
0,energi island,0: energi island,
0,energi island,0: energi island,
0,energi island,0: energi island,
0,energi island,0: energi island,
0,energi island,0: energi island,
0,energi island,0: energi island,
0,energi island,0: energi island,
0,energi island,0: energi island,
0,energi island,0: energi island,
0,energi island,0: energi island,
0,energi island,0: energi island,
0,energi island,0: energi island,
0,energi island,0: energi island,
0,energi island,0: energi island,
0,energi island,0: energi island,
0,energi island,0: energi island,
0,energi island,0: energi island,
0,energi island,0: energi island,
0,energi island,0: energi island,
0,energi island,0: energi island,
0,energi island,0: energi island,
0,energi island,0: energi island,
0,energi island,0: energi island,
0,energi island,0: energi island,
0,energi island,0: energi island,
0,energi island,0: energi island,
0,energi island,0: energi island,
0,energi island,0: energi island,
0,energi island,0: energi island,
0,energi island,0: energi island,
0,energi island,0: energi island,
0,energi island,0: energi island,
0,energi island,0: energi island,
0,energi island,0: energi island,
0,energi island,0: energi island,
0,energi island,0: energi island,
0,energi island,0: energi island,
0,energi island,0: energi island,
0,energi island,0: energi island,
0,energi island,0: energi island,
0,energi island,0: energi island,
0,energi island,0: energi island,
0,energi island,0: energi island,
0,energi island,0: energi island,
0,energi island,0: energi island,
0,energi island,0: energi island,
0,energi island,0: energi island,
0,energi island,0: energi island,
0,energi island,0: energi island,
0,energi island,0: energi island,
0,energi island,0: energi island,
0,energi island,0: energi island,
0,energi island,0: energi island,
0,energi island,0: energi island,
0,energi island,0: energi island,
6,energiø bornholm,6: energiø bornholm,
6,energiø bornholm,6: energiø bornholm,
6,energiø bornholm,6: energiø bornholm,
6,energiø bornholm,6: energiø bornholm,
6,energiø bornholm,6: energiø bornholm,
6,energiø bornholm,6: energiø bornholm,
6,energiø bornholm,6: energiø bornholm,
6,energiø bornholm,6: energiø bornholm,
6,energiø bornholm,6: energiø bornholm,
6,energiø bornholm,6: energiø bornholm,
6,energiø bornholm,6: energiø bornholm,
6,energiø bornholm,6: energiø bornholm,
6,energiø bornholm,6: energiø bornholm,
6,energiø bornholm,6: energiø bornholm,
6,energiø bornholm,6: energiø bornholm,
6,energiø bornholm,6: energiø bornholm,
6,energiø bornholm,6: energiø bornholm,
6,energiø bornholm,6: energiø bornholm,
6,energiø bornholm,6: energiø bornholm,
6,energiø bornholm,6: energiø bornholm,
6,energiø bornholm,6: energiø bornholm,
6,energiø bornholm,6: energiø bornholm,
6,energiø bornholm,6: energiø bornholm,
6,energiø bornholm,6: energiø bornholm,
6,energiø bornholm,6: energiø bornholm,
6,energiø bornholm,6: energiø bornholm,
6,energiø bornholm,6: energiø bornholm,
6,energiø bornholm,6: energiø bornholm,
6,energiø bornholm,6: energiø bornholm,
6,energiø bornholm,6: energiø bornholm,
6,energiø bornholm,6: energiø bornholm,
6,energiø bornholm,6: energiø bornholm,
6,energiø bornholm,6: energiø bornholm,
6,energiø bornholm,6: energiø bornholm,
6,energiø bornholm,6: energiø bornholm,
6,energiø bornholm,6: energiø bornholm,
6,energiø bornholm,6: energiø bornholm,
6,energiø bornholm,6: energiø bornholm,
6,energiø bornholm,6: energiø bornholm,
6,energiø bornholm,6: energiø bornholm,
6,energiø bornholm,6: energiø bornholm,
6,energiø bornholm,6: energiø bornholm,
6,energiø bornholm,6: energiø bornholm,
6,energiø bornholm,6: energiø bornholm,
6,energiø bornholm,6: energiø bornholm,
6,energiø bornholm,6: energiø bornholm,
6,energiø bornholm,6: energiø bornholm,
6,energiø bornholm,6: energiø bornholm,
6,energiø bornholm,6: energiø bornholm,
6,energiø bornholm,6: energiø bornholm,
6,energiø bornholm,6: energiø bornholm,
6,energiø bornholm,6: energiø bornholm,
6,energiø bornholm,6: energiø bornholm,
6,energiø bornholm,6: energiø bornholm,
6,energiø bornholm,6: energiø bornholm,
6,energiø bornholm,6: energiø bornholm,
6,energiø bornholm,6: energiø bornholm,
6,energiø bornholm,6: energiø bornholm,
6,energiø bornholm,6: energiø bornholm,
6,energiø bornholm,6: energiø bornholm,
6,energiø bornholm,6: energiø bornholm,
6,energiø bornholm,6: energiø bornholm,
6,energiø bornholm,6: energiø bornholm,
6,energiø bornholm,6: energiø bornholm,
6,energiø bornholm,6: energiø bornholm,
6,energiø bornholm,6: energiø bornholm,
6,energiø bornholm,6: energiø bornholm,
6,energiø bornholm,6: energiø bornholm,
6,energiø bornholm,6: energiø bornholm,
6,energiø bornholm,6: energiø bornholm,
6,energiø bornholm,6: energiø bornholm,
6,energiø bornholm,6: energiø bornholm,
6,energiø bornholm,6: energiø bornholm,
6,energiø bornholm,6: energiø bornholm,
6,energiø bornholm,6: energiø bornholm,
6,energiø bornholm,6: energiø bornholm,
6,energiø bornholm,6: energiø bornholm,
6,energiø bornholm,6: energiø bornholm,
6,energiø bornholm,6: energiø bornholm,
6,energiø bornholm,6: energiø bornholm,
6,energiø bornholm,6: energiø bornholm,
6,energiø bornholm,6: energiø bornholm,
6,energiø bornholm,6: energiø bornholm,
6,energiø bornholm,6: energiø bornholm,
6,energiø bornholm,6: energiø bornholm,
6,energiø bornholm,6: energiø bornholm,
6,energiø bornholm,6: energiø bornholm,
6,energiø bornholm,6: energiø bornholm,
6,energiø bornholm,6: energiø bornholm,
6,energiø bornholm,6: energiø bornholm,
6,energiø bornholm,6: energiø bornholm,
6,energiø bornholm,6: energiø bornholm,
6,energiø bornholm,6: energiø bornholm,
6,energiø bornholm,6: energiø bornholm,
6,energiø bornholm,6: energiø bornholm,
6,energiø bornholm,6: energiø bornholm,
6,energiø bornholm,6: energiø bornholm,
6,energiø bornholm,6: energiø bornholm,
6,energiø bornholm,6: energiø bornholm,
6,energiø bornholm,6: energiø bornholm,
6,energiø bornholm,6: energiø bornholm,
6,energiø bornholm,6: energiø bornholm,
6,energiø bornholm,6: energiø bornholm,
6,energiø bornholm,6: energiø bornholm,
6,energiø bornholm,6: energiø bornholm,
6,energiø bornholm,6: energiø bornholm,
6,energiø bornholm,6: energiø bornholm,
6,energiø bornholm,6: energiø bornholm,
6,energiø bornholm,6: energiø bornholm,
6,energiø bornholm,6: energiø bornholm,
6,energiø bornholm,6: energiø bornholm,
6,energiø bornholm,6: energiø bornholm,
6,energiø bornholm,6: energiø bornholm,
6,energiø bornholm,6: energiø bornholm,
6,energiø bornholm,6: energiø bornholm,
6,energiø bornholm,6: energiø bornholm,
6,energiø bornholm,6: energiø bornholm,
6,energiø bornholm,6: energiø bornholm,
6,energiø bornholm,6: energiø bornholm,
6,energiø bornholm,6: energiø bornholm,
6,energiø bornholm,6: energiø bornholm,
6,energiø bornholm,6: energiø bornholm,
6,energiø bornholm,6: energiø bornholm,
6,energiø bornholm,6: energiø bornholm,
6,energiø bornholm,6: energiø bornholm,
6,energiø bornholm,6: energiø bornholm,
6,energiø bornholm,6: energiø bornholm,
6,energiø bornholm,6: energiø bornholm,
6,energiø bornholm,6: energiø bornholm,
6,energiø bornholm,6: energiø bornholm,
6,energiø bornholm,6: energiø bornholm,
6,energiø bornholm,6: energiø bornholm,
6,energiø bornholm,6: energiø bornholm,
6,energiø bornholm,6: energiø bornholm,
6,energiø bornholm,6: energiø bornholm,
6,energiø bornholm,6: energiø bornholm,
6,energiø bornholm,6: energiø bornholm,
6,energiø bornholm,6: energiø bornholm,
6,energiø bornholm,6: energiø bornholm,
6,energiø bornholm,6: energiø bornholm,
6,energiø bornholm,6: energiø bornholm,
6,energiø bornholm,6: energiø bornholm,
6,energiø bornholm,6: energiø bornholm,
6,energiø bornholm,6: energiø bornholm,
6,energiø bornholm,6: energiø bornholm,
6,energiø bornholm,6: energiø bornholm,
6,energiø bornholm,6: energiø bornholm,
6,energiø bornholm,6: energiø bornholm,
6,energiø bornholm,6: energiø bornholm,
6,energiø bornholm,6: energiø bornholm,
6,energiø bornholm,6: energiø bornholm,
6,energiø bornholm,6: energiø bornholm,
6,energiø bornholm,6: energiø bornholm,
6,energiø bornholm,6: energiø bornholm,
6,energiø bornholm,6: energiø bornholm,
6,energiø bornholm,6: energiø bornholm,
6,energiø bornholm,6: energiø bornholm,
6,energiø bornholm,6: energiø bornholm,
6,energiø bornholm,6: energiø bornholm,
6,energiø bornholm,6: energiø bornholm,
6,energiø bornholm,6: energiø bornholm,
6,energiø bornholm,6: energiø bornholm,
6,energiø bornholm,6: energiø bornholm,
6,energiø bornholm,6: energiø bornholm,
6,energiø bornholm,6: energiø bornholm,
6,energiø bornholm,6: energiø bornholm,
6,energiø bornholm,6: energiø bornholm,
6,energiø bornholm,6: energiø bornholm,
6,energiø bornholm,6: energiø bornholm,
6,energiø bornholm,6: energiø bornholm,
6,energiø bornholm,6: energiø bornholm,
0,energi island,0: energi island,
0,energi island,0: energi island,
0,energi island,0: energi island,
0,energi island,0: energi island,
0,energi island,0: energi island,
0,energi island,0: energi island,
0,energi island,0: energi island,
0,energi island,0: energi island,
0,energi island,0: energi island,
0,energi island,0: energi island,
0,energi island,0: energi island,
0,energi island,0: energi island,
0,energi island,0: energi island,
0,energi island,0: energi island,
0,energi island,0: energi island,
0,energi island,0: energi island,
0,energi island,0: energi island,
0,energi island,0: energi island,
0,energi island,0: energi island,
0,energi island,0: energi island,
0,energi island,0: energi island,
0,energi island,0: energi island,
0,energi island,0: energi island,
0,energi island,0: energi island,
0,energi island,0: energi island,
0,energi island,0: energi island,
0,energi island,0: energi island,
0,energi island,0: energi island,
0,energi island,0: energi island,
0,energi island,0: energi island,
0,energi island,0: energi island,
0,energi island,0: energi island,
0,energi island,0: energi island,
0,energi island,0: energi island,
0,energi island,0: energi island,
0,energi island,0: energi island,
0,energi island,0: energi island,
0,energi island,0: energi island,
0,energi island,0: energi island,
0,energi island,0: energi island,
0,energi island,0: energi island,
0,energi island,0: energi island,
0,energi island,0: energi island,
0,energi island,0: energi island,
0,energi island,0: energi island,
0,energi island,0: energi island,
0,energi island,0: energi island,
0,energi island,0: energi island,
0,energi island,0: energi island,
0,energi island,0: energi island,
0,energi island,0: energi island,
0,energi island,0: energi island,
0,energi island,0: energi island,
0,energi island,0: energi island,
0,energi island,0: energi island,
0,energi island,0: energi island,
0,energi island,0: energi island,
0,energi island,0: energi island,
0,energi island,0: energi island,
0,energi island,0: energi island,
0,energi island,0: energi island,
0,energi island,0: energi island,
0,energi island,0: energi island,
0,energi island,0: energi island,
0,energi island,0: energi island,
0,energi island,0: energi island,
0,energi island,0: energi island,
0,energi island,0: energi island,
0,energi island,0: energi island,
0,energi island,0: energi island,
0,energi island,0: energi island,
0,energi island,0: energi island,
0,energi island,0: energi island,
0,energi island,0: energi island,
0,energi island,0: energi island,
0,energi island,0: energi island,
0,energi island,0: energi island,
0,energi island,0: energi island,
0,energi island,0: energi island,
0,energi island,0: energi island,
0,energi island,0: energi island,
0,energi island,0: energi island,
0,energi island,0: energi island,
0,energi island,0: energi island,
0,energi island,0: energi island,
0,energi island,0: energi island,
0,energi island,0: energi island,
0,energi island,0: energi island,
0,energi island,0: energi island,
0,energi island,0: energi island,
0,energi island,0: energi island,
0,energi island,0: energi island,
0,energi island,0: energi island,
0,energi island,0: energi island,
0,energi island,0: energi island,
0,energi island,0: energi island,
0,energi island,0: energi island,
0,energi island,0: energi island,
0,energi island,0: energi island,
0,energi island,0: energi island,
0,energi island,0: energi island,
0,energi island,0: energi island,
0,energi island,0: energi island,
0,energi island,0: energi island,
0,energi island,0: energi island,
0,energi island,0: energi island,
0,energi island,0: energi island,
0,energi island,0: energi island,
0,energi island,0: energi island,
0,energi island,0: energi island,
0,energi island,0: energi island,
0,energi island,0: energi island,
0,energi island,0: energi island,
0,energi island,0: energi island,
0,energi island,0: energi island,
0,energi island,0: energi island,
0,energi island,0: energi island,
0,energi island,0: energi island,
0,energi island,0: energi island,
0,energi island,0: energi island,
0,energi island,0: energi island,
0,energi island,0: energi island,
0,energi island,0: energi island,
0,energi island,0: energi island,
0,energi island,0: energi island,
0,energi island,0: energi island,
0,energi island,0: energi island,
0,energi island,0: energi island,
0,energi island,0: energi island,
0,energi island,0: energi island,
0,energi island,0: energi island,
0,energi island,0: energi island,
0,energi island,0: energi island,
0,energi island,0: energi island,
0,energi island,0: energi island,
0,energi island,0: energi island,
0,energi island,0: energi island,
0,energi island,0: energi island,
0,energi island,0: energi island,
0,energi island,0: energi island,
0,energi island,0: energi island,
0,energi island,0: energi island,
0,energi island,0: energi island,
0,energi island,0: energi island,
0,energi island,0: energi island,
0,energi island,0: energi island,
0,energi island,0: energi island,
0,energi island,0: energi island,
0,energi island,0: energi island,
0,energi island,0: energi island,
0,energi island,0: energi island,
0,energi island,0: energi island,
0,energi island,0: energi island,
0,energi island,0: energi island,
0,energi island,0: energi island,
0,energi island,0: energi island,
0,energi island,0: energi island,
2,municip council,2: municip council,
2,municip council,2: municip council,
2,municip council,2: municip council,
2,municip council,2: municip council,
2,municip council,2: municip council,
2,municip council,2: municip council,
2,municip council,2: municip council,
2,municip council,2: municip council,
2,municip council,2: municip council,
2,municip council,2: municip council,
2,municip council,2: municip council,
2,municip council,2: municip council,
2,municip council,2: municip council,
2,municip council,2: municip council,
2,municip council,2: municip council,
2,municip council,2: municip council,
2,municip council,2: municip council,
2,municip council,2: municip council,
2,municip council,2: municip council,
2,municip council,2: municip council,
2,municip council,2: municip council,
2,municip council,2: municip council,
2,municip council,2: municip council,
2,municip council,2: municip council,
2,municip council,2: municip council,
2,municip council,2: municip council,
2,municip council,2: municip council,
2,municip council,2: municip council,
2,municip council,2: municip council,
2,municip council,2: municip council,
2,municip council,2: municip council,
2,municip council,2: municip council,
2,municip council,2: municip council,
2,municip council,2: municip council,
2,municip council,2: municip council,
2,municip council,2: municip council,
2,municip council,2: municip council,
2,municip council,2: municip council,
2,municip council,2: municip council,
2,municip council,2: municip council,
2,municip council,2: municip council,
2,municip council,2: municip council,
2,municip council,2: municip council,
2,municip council,2: municip council,
2,municip council,2: municip council,
2,municip council,2: municip council,
2,municip council,2: municip council,
2,municip council,2: municip council,
2,municip council,2: municip council,
2,municip council,2: municip council,
2,municip council,2: municip council,
2,municip council,2: municip council,
2,municip council,2: municip council,
2,municip council,2: municip council,
2,municip council,2: municip council,
2,municip council,2: municip council,
2,municip council,2: municip council,
2,municip council,2: municip council,
2,municip council,2: municip council,
2,municip council,2: municip council,
2,municip council,2: municip council,
2,municip council,2: municip council,
2,municip council,2: municip council,
2,municip council,2: municip council,
2,municip council,2: municip council,
2,municip council,2: municip council,
2,municip council,2: municip council,
2,municip council,2: municip council,
2,municip council,2: municip council,
2,municip council,2: municip council,
2,municip council,2: municip council,
2,municip council,2: municip council,
2,municip council,2: municip council,
2,municip council,2: municip council,
2,municip council,2: municip council,
2,municip council,2: municip council,
2,municip council,2: municip council,
2,municip council,2: municip council,
2,municip council,2: municip council,
2,municip council,2: municip council,
2,municip council,2: municip council,
2,municip council,2: municip council,
2,municip council,2: municip council,
2,municip council,2: municip council,
2,municip council,2: municip council,
2,municip council,2: municip council,
2,municip council,2: municip council,
2,municip council,2: municip council,
2,municip council,2: municip council,
2,municip council,2: municip council,
2,municip council,2: municip council,
2,municip council,2: municip council,
2,municip council,2: municip council,
2,municip council,2: municip council,
2,municip council,2: municip council,
2,municip council,2: municip council,
2,municip council,2: municip council,
2,municip council,2: municip council,
2,municip council,2: municip council,
2,municip council,2: municip council,
2,municip council,2: municip council,
2,municip council,2: municip council,
2,municip council,2: municip council,
2,municip council,2: municip council,
2,municip council,2: municip council,
2,municip council,2: municip council,
2,municip council,2: municip council,
2,municip council,2: municip council,
2,municip council,2: municip council,
2,municip council,2: municip council,
2,municip council,2: municip council,
2,municip council,2: municip council,
2,municip council,2: municip council,
2,municip council,2: municip council,
2,municip council,2: municip council,
2,municip council,2: municip council,
2,municip council,2: municip council,
2,municip council,2: municip council,
2,municip council,2: municip council,
2,municip council,2: municip council,
2,municip council,2: municip council,
2,municip council,2: municip council,
2,municip council,2: municip council,
2,municip council,2: municip council,
2,municip council,2: municip council,
2,municip council,2: municip council,
2,municip council,2: municip council,
2,municip council,2: municip council,
2,municip council,2: municip council,
2,municip council,2: municip council,
2,municip council,2: municip council,
2,municip council,2: municip council,
2,municip council,2: municip council,
2,municip council,2: municip council,
2,municip council,2: municip council,
2,municip council,2: municip council,
2,municip council,2: municip council,
2,municip council,2: municip council,
2,municip council,2: municip council,
2,municip council,2: municip council,
2,municip council,2: municip council,
2,municip council,2: municip council,
2,municip council,2: municip council,
2,municip council,2: municip council,
2,municip council,2: municip council,
2,municip council,2: municip council,
2,municip council,2: municip council,
2,municip council,2: municip council,
2,municip council,2: municip council,
2,municip council,2: municip council,
2,municip council,2: municip council,
2,municip council,2: municip council,
2,municip council,2: municip council,
2,municip council,2: municip council,
2,municip council,2: municip council,
2,municip council,2: municip council,
6,energiø bornholm,6: energiø bornholm,
6,energiø bornholm,6: energiø bornholm,
6,energiø bornholm,6: energiø bornholm,
6,energiø bornholm,6: energiø bornholm,
6,energiø bornholm,6: energiø bornholm,
6,energiø bornholm,6: energiø bornholm,
6,energiø bornholm,6: energiø bornholm,
6,energiø bornholm,6: energiø bornholm,
6,energiø bornholm,6: energiø bornholm,
6,energiø bornholm,6: energiø bornholm,
6,energiø bornholm,6: energiø bornholm,
6,energiø bornholm,6: energiø bornholm,
6,energiø bornholm,6: energiø bornholm,
6,energiø bornholm,6: energiø bornholm,
6,energiø bornholm,6: energiø bornholm,
6,energiø bornholm,6: energiø bornholm,
6,energiø bornholm,6: energiø bornholm,
6,energiø bornholm,6: energiø bornholm,
6,energiø bornholm,6: energiø bornholm,
6,energiø bornholm,6: energiø bornholm,
6,energiø bornholm,6: energiø bornholm,
6,energiø bornholm,6: energiø bornholm,
6,energiø bornholm,6: energiø bornholm,
6,energiø bornholm,6: energiø bornholm,
6,energiø bornholm,6: energiø bornholm,
6,energiø bornholm,6: energiø bornholm,
6,energiø bornholm,6: energiø bornholm,
6,energiø bornholm,6: energiø bornholm,
6,energiø bornholm,6: energiø bornholm,
6,energiø bornholm,6: energiø bornholm,
6,energiø bornholm,6: energiø bornholm,
6,energiø bornholm,6: energiø bornholm,
6,energiø bornholm,6: energiø bornholm,
6,energiø bornholm,6: energiø bornholm,
6,energiø bornholm,6: energiø bornholm,
6,energiø bornholm,6: energiø bornholm,
6,energiø bornholm,6: energiø bornholm,
6,energiø bornholm,6: energiø bornholm,
6,energiø bornholm,6: energiø bornholm,
6,energiø bornholm,6: energiø bornholm,
6,energiø bornholm,6: energiø bornholm,
6,energiø bornholm,6: energiø bornholm,
6,energiø bornholm,6: energiø bornholm,
6,energiø bornholm,6: energiø bornholm,
6,energiø bornholm,6: energiø bornholm,
6,energiø bornholm,6: energiø bornholm,
6,energiø bornholm,6: energiø bornholm,
6,energiø bornholm,6: energiø bornholm,
6,energiø bornholm,6: energiø bornholm,
6,energiø bornholm,6: energiø bornholm,
6,energiø bornholm,6: energiø bornholm,
6,energiø bornholm,6: energiø bornholm,
6,energiø bornholm,6: energiø bornholm,
6,energiø bornholm,6: energiø bornholm,
6,energiø bornholm,6: energiø bornholm,
6,energiø bornholm,6: energiø bornholm,
6,energiø bornholm,6: energiø bornholm,
6,energiø bornholm,6: energiø bornholm,
6,energiø bornholm,6: energiø bornholm,
6,energiø bornholm,6: energiø bornholm,
6,energiø bornholm,6: energiø bornholm,
6,energiø bornholm,6: energiø bornholm,
6,energiø bornholm,6: energiø bornholm,
6,energiø bornholm,6: energiø bornholm,
6,energiø bornholm,6: energiø bornholm,
6,energiø bornholm,6: energiø bornholm,
6,energiø bornholm,6: energiø bornholm,
6,energiø bornholm,6: energiø bornholm,
6,energiø bornholm,6: energiø bornholm,
6,energiø bornholm,6: energiø bornholm,
6,energiø bornholm,6: energiø bornholm,
6,energiø bornholm,6: energiø bornholm,
6,energiø bornholm,6: energiø bornholm,
6,energiø bornholm,6: energiø bornholm,
6,energiø bornholm,6: energiø bornholm,
6,energiø bornholm,6: energiø bornholm,
6,energiø bornholm,6: energiø bornholm,
6,energiø bornholm,6: energiø bornholm,
6,energiø bornholm,6: energiø bornholm,
6,energiø bornholm,6: energiø bornholm,
6,energiø bornholm,6: energiø bornholm,
6,energiø bornholm,6: energiø bornholm,
6,energiø bornholm,6: energiø bornholm,
6,energiø bornholm,6: energiø bornholm,
6,energiø bornholm,6: energiø bornholm,
6,energiø bornholm,6: energiø bornholm,
6,energiø bornholm,6: energiø bornholm,
6,energiø bornholm,6: energiø bornholm,
6,energiø bornholm,6: energiø bornholm,
6,energiø bornholm,6: energiø bornholm,
6,energiø bornholm,6: energiø bornholm,
6,energiø bornholm,6: energiø bornholm,
6,energiø bornholm,6: energiø bornholm,
6,energiø bornholm,6: energiø bornholm,
6,energiø bornholm,6: energiø bornholm,
6,energiø bornholm,6: energiø bornholm,
6,energiø bornholm,6: energiø bornholm,
6,energiø bornholm,6: energiø bornholm,
6,energiø bornholm,6: energiø bornholm,
6,energiø bornholm,6: energiø bornholm,
6,energiø bornholm,6: energiø bornholm,
6,energiø bornholm,6: energiø bornholm,
6,energiø bornholm,6: energiø bornholm,
6,energiø bornholm,6: energiø bornholm,
6,energiø bornholm,6: energiø bornholm,
6,energiø bornholm,6: energiø bornholm,
6,energiø bornholm,6: energiø bornholm,
6,energiø bornholm,6: energiø bornholm,
6,energiø bornholm,6: energiø bornholm,
6,energiø bornholm,6: energiø bornholm,
6,energiø bornholm,6: energiø bornholm,
6,energiø bornholm,6: energiø bornholm,
6,energiø bornholm,6: energiø bornholm,
6,energiø bornholm,6: energiø bornholm,
6,energiø bornholm,6: energiø bornholm,
6,energiø bornholm,6: energiø bornholm,
6,energiø bornholm,6: energiø bornholm,
6,energiø bornholm,6: energiø bornholm,
6,energiø bornholm,6: energiø bornholm,
6,energiø bornholm,6: energiø bornholm,
6,energiø bornholm,6: energiø bornholm,
6,energiø bornholm,6: energiø bornholm,
6,energiø bornholm,6: energiø bornholm,
6,energiø bornholm,6: energiø bornholm,
6,energiø bornholm,6: energiø bornholm,
6,energiø bornholm,6: energiø bornholm,
6,energiø bornholm,6: energiø bornholm,
6,energiø bornholm,6: energiø bornholm,
6,energiø bornholm,6: energiø bornholm,
6,energiø bornholm,6: energiø bornholm,
6,energiø bornholm,6: energiø bornholm,
6,energiø bornholm,6: energiø bornholm,
6,energiø bornholm,6: energiø bornholm,
6,energiø bornholm,6: energiø bornholm,
6,energiø bornholm,6: energiø bornholm,
6,energiø bornholm,6: energiø bornholm,
6,energiø bornholm,6: energiø bornholm,
6,energiø bornholm,6: energiø bornholm,
6,energiø bornholm,6: energiø bornholm,
6,energiø bornholm,6: energiø bornholm,
6,energiø bornholm,6: energiø bornholm,
6,energiø bornholm,6: energiø bornholm,
6,energiø bornholm,6: energiø bornholm,
6,energiø bornholm,6: energiø bornholm,
6,energiø bornholm,6: energiø bornholm,
6,energiø bornholm,6: energiø bornholm,
6,energiø bornholm,6: energiø bornholm,
6,energiø bornholm,6: energiø bornholm,
6,energiø bornholm,6: energiø bornholm,
6,energiø bornholm,6: energiø bornholm,
6,energiø bornholm,6: energiø bornholm,
6,energiø bornholm,6: energiø bornholm,
6,energiø bornholm,6: energiø bornholm,
6,energiø bornholm,6: energiø bornholm,
6,energiø bornholm,6: energiø bornholm,
6,energiø bornholm,6: energiø bornholm,
6,energiø bornholm,6: energiø bornholm,
6,energiø bornholm,6: energiø bornholm,
6,energiø bornholm,6: energiø bornholm,
6,energiø bornholm,6: energiø bornholm,
6,energiø bornholm,6: energiø bornholm,
6,energiø bornholm,6: energiø bornholm,
6,energiø bornholm,6: energiø bornholm,
6,energiø bornholm,6: energiø bornholm,
6,energiø bornholm,6: energiø bornholm,
6,energiø bornholm,6: energiø bornholm,
6,energiø bornholm,6: energiø bornholm,
6,energiø bornholm,6: energiø bornholm,
6,energiø bornholm,6: energiø bornholm,
6,energiø bornholm,6: energiø bornholm,
6,energiø bornholm,6: energiø bornholm,
6,energiø bornholm,6: energiø bornholm,
6,energiø bornholm,6: energiø bornholm,
6,energiø bornholm,6: energiø bornholm,
6,energiø bornholm,6: energiø bornholm,
6,energiø bornholm,6: energiø bornholm,
6,energiø bornholm,6: energiø bornholm,
6,energiø bornholm,6: energiø bornholm,
6,energiø bornholm,6: energiø bornholm,
6,energiø bornholm,6: energiø bornholm,
6,energiø bornholm,6: energiø bornholm,
6,energiø bornholm,6: energiø bornholm,
6,energiø bornholm,6: energiø bornholm,
6,energiø bornholm,6: energiø bornholm,
6,energiø bornholm,6: energiø bornholm,
6,energiø bornholm,6: energiø bornholm,
6,energiø bornholm,6: energiø bornholm,
6,energiø bornholm,6: energiø bornholm,
6,energiø bornholm,6: energiø bornholm,
6,energiø bornholm,6: energiø bornholm,
6,energiø bornholm,6: energiø bornholm,
6,energiø bornholm,6: energiø bornholm,
6,energiø bornholm,6: energiø bornholm,
6,energiø bornholm,6: energiø bornholm,
6,energiø bornholm,6: energiø bornholm,
6,energiø bornholm,6: energiø bornholm,
6,energiø bornholm,6: energiø bornholm,
6,energiø bornholm,6: energiø bornholm,
6,energiø bornholm,6: energiø bornholm,
6,energiø bornholm,6: energiø bornholm,
6,energiø bornholm,6: energiø bornholm,
6,energiø bornholm,6: energiø bornholm,
6,energiø bornholm,6: energiø bornholm,
6,energiø bornholm,6: energiø bornholm,
6,energiø bornholm,6: energiø bornholm,
6,energiø bornholm,6: energiø bornholm,
6,energiø bornholm,6: energiø bornholm,
6,energiø bornholm,6: energiø bornholm,
6,energiø bornholm,6: energiø bornholm,
6,energiø bornholm,6: energiø bornholm,
6,energiø bornholm,6: energiø bornholm,
6,energiø bornholm,6: energiø bornholm,
6,energiø bornholm,6: energiø bornholm,
6,energiø bornholm,6: energiø bornholm,
6,energiø bornholm,6: energiø bornholm,
6,energiø bornholm,6: energiø bornholm,
6,energiø bornholm,6: energiø bornholm,
6,energiø bornholm,6: energiø bornholm,
6,energiø bornholm,6: energiø bornholm,
6,energiø bornholm,6: energiø bornholm,
6,energiø bornholm,6: energiø bornholm,
6,energiø bornholm,6: energiø bornholm,
6,energiø bornholm,6: energiø bornholm,
6,energiø bornholm,6: energiø bornholm,
6,energiø bornholm,6: energiø bornholm,
6,energiø bornholm,6: energiø bornholm,
6,energiø bornholm,6: energiø bornholm,
6,energiø bornholm,6: energiø bornholm,
6,energiø bornholm,6: energiø bornholm,
6,energiø bornholm,6: energiø bornholm,
6,energiø bornholm,6: energiø bornholm,
6,energiø bornholm,6: energiø bornholm,
6,energiø bornholm,6: energiø bornholm,
6,energiø bornholm,6: energiø bornholm,
6,energiø bornholm,6: energiø bornholm,
6,energiø bornholm,6: energiø bornholm,
6,energiø bornholm,6: energiø bornholm,
6,energiø bornholm,6: energiø bornholm,
6,energiø bornholm,6: energiø bornholm,
6,energiø bornholm,6: energiø bornholm,
6,energiø bornholm,6: energiø bornholm,
6,energiø bornholm,6: energiø bornholm,
6,energiø bornholm,6: energiø bornholm,
6,energiø bornholm,6: energiø bornholm,
6,energiø bornholm,6: energiø bornholm,
6,energiø bornholm,6: energiø bornholm,
6,energiø bornholm,6: energiø bornholm,
6,energiø bornholm,6: energiø bornholm,
6,energiø bornholm,6: energiø bornholm,
6,energiø bornholm,6: energiø bornholm,
6,energiø bornholm,6: energiø bornholm,
6,energiø bornholm,6: energiø bornholm,
6,energiø bornholm,6: energiø bornholm,
6,energiø bornholm,6: energiø bornholm,
6,energiø bornholm,6: energiø bornholm,
6,energiø bornholm,6: energiø bornholm,
6,energiø bornholm,6: energiø bornholm,
6,energiø bornholm,6: energiø bornholm,
6,energiø bornholm,6: energiø bornholm,
6,energiø bornholm,6: energiø bornholm,
6,energiø bornholm,6: energiø bornholm,
6,energiø bornholm,6: energiø bornholm,
6,energiø bornholm,6: energiø bornholm,
6,energiø bornholm,6: energiø bornholm,
6,energiø bornholm,6: energiø bornholm,
6,energiø bornholm,6: energiø bornholm,
6,energiø bornholm,6: energiø bornholm,
6,energiø bornholm,6: energiø bornholm,
6,energiø bornholm,6: energiø bornholm,
6,energiø bornholm,6: energiø bornholm,
6,energiø bornholm,6: energiø bornholm,
6,energiø bornholm,6: energiø bornholm,
6,energiø bornholm,6: energiø bornholm,
6,energiø bornholm,6: energiø bornholm,
6,energiø bornholm,6: energiø bornholm,
6,energiø bornholm,6: energiø bornholm,
6,energiø bornholm,6: energiø bornholm,
6,energiø bornholm,6: energiø bornholm,
6,energiø bornholm,6: energiø bornholm,
6,energiø bornholm,6: energiø bornholm,
6,energiø bornholm,6: energiø bornholm,
6,energiø bornholm,6: energiø bornholm,
6,energiø bornholm,6: energiø bornholm,
6,energiø bornholm,6: energiø bornholm,
6,energiø bornholm,6: energiø bornholm,
6,energiø bornholm,6: energiø bornholm,
6,energiø bornholm,6: energiø bornholm,
6,energiø bornholm,6: energiø bornholm,
6,energiø bornholm,6: energiø bornholm,
6,energiø bornholm,6: energiø bornholm,
6,energiø bornholm,6: energiø bornholm,
6,energiø bornholm,6: energiø bornholm,
6,energiø bornholm,6: energiø bornholm,
6,energiø bornholm,6: energiø bornholm,
6,energiø bornholm,6: energiø bornholm,
6,energiø bornholm,6: energiø bornholm,
6,energiø bornholm,6: energiø bornholm,
6,energiø bornholm,6: energiø bornholm,
6,energiø bornholm,6: energiø bornholm,
6,energiø bornholm,6: energiø bornholm,
6,energiø bornholm,6: energiø bornholm,
6,energiø bornholm,6: energiø bornholm,
6,energiø bornholm,6: energiø bornholm,
6,energiø bornholm,6: energiø bornholm,
6,energiø bornholm,6: energiø bornholm,
6,energiø bornholm,6: energiø bornholm,
6,energiø bornholm,6: energiø bornholm,
6,energiø bornholm,6: energiø bornholm,
6,energiø bornholm,6: energiø bornholm,
6,energiø bornholm,6: energiø bornholm,
6,energiø bornholm,6: energiø bornholm,
6,energiø bornholm,6: energiø bornholm,
6,energiø bornholm,6: energiø bornholm,
6,energiø bornholm,6: energiø bornholm,
6,energiø bornholm,6: energiø bornholm,
6,energiø bornholm,6: energiø bornholm,
6,energiø bornholm,6: energiø bornholm,
6,energiø bornholm,6: energiø bornholm,
6,energiø bornholm,6: energiø bornholm,
6,energiø bornholm,6: energiø bornholm,
6,energiø bornholm,6: energiø bornholm,
6,energiø bornholm,6: energiø bornholm,
6,energiø bornholm,6: energiø bornholm,
6,energiø bornholm,6: energiø bornholm,
6,energiø bornholm,6: energiø bornholm,
6,energiø bornholm,6: energiø bornholm,
6,energiø bornholm,6: energiø bornholm,
6,energiø bornholm,6: energiø bornholm,
6,energiø bornholm,6: energiø bornholm,
6,energiø bornholm,6: energiø bornholm,
6,energiø bornholm,6: energiø bornholm,
6,energiø bornholm,6: energiø bornholm,
6,energiø bornholm,6: energiø bornholm,
6,energiø bornholm,6: energiø bornholm,
6,energiø bornholm,6: energiø bornholm,
6,energiø bornholm,6: energiø bornholm,
6,energiø bornholm,6: energiø bornholm,
6,energiø bornholm,6: energiø bornholm,
6,energiø bornholm,6: energiø bornholm,
6,energiø bornholm,6: energiø bornholm,
6,energiø bornholm,6: energiø bornholm,
6,energiø bornholm,6: energiø bornholm,
6,energiø bornholm,6: energiø bornholm,
6,energiø bornholm,6: energiø bornholm,
6,energiø bornholm,6: energiø bornholm,
6,energiø bornholm,6: energiø bornholm,
6,energiø bornholm,6: energiø bornholm,
6,energiø bornholm,6: energiø bornholm,
6,energiø bornholm,6: energiø bornholm,
6,energiø bornholm,6: energiø bornholm,
6,energiø bornholm,6: energiø bornholm,
6,energiø bornholm,6: energiø bornholm,
6,energiø bornholm,6: energiø bornholm,
6,energiø bornholm,6: energiø bornholm,
6,energiø bornholm,6: energiø bornholm,
6,energiø bornholm,6: energiø bornholm,
6,energiø bornholm,6: energiø bornholm,
6,energiø bornholm,6: energiø bornholm,
6,energiø bornholm,6: energiø bornholm,
6,energiø bornholm,6: energiø bornholm,
6,energiø bornholm,6: energiø bornholm,
6,energiø bornholm,6: energiø bornholm,
6,energiø bornholm,6: energiø bornholm,
6,energiø bornholm,6: energiø bornholm,
6,energiø bornholm,6: energiø bornholm,
6,energiø bornholm,6: energiø bornholm,
6,energiø bornholm,6: energiø bornholm,
6,energiø bornholm,6: energiø bornholm,
6,energiø bornholm,6: energiø bornholm,
6,energiø bornholm,6: energiø bornholm,
6,energiø bornholm,6: energiø bornholm,
6,energiø bornholm,6: energiø bornholm,
6,energiø bornholm,6: energiø bornholm,
6,energiø bornholm,6: energiø bornholm,
6,energiø bornholm,6: energiø bornholm,
6,energiø bornholm,6: energiø bornholm,
6,energiø bornholm,6: energiø bornholm,
6,energiø bornholm,6: energiø bornholm,
6,energiø bornholm,6: energiø bornholm,
6,energiø bornholm,6: energiø bornholm,
6,energiø bornholm,6: energiø bornholm,
6,energiø bornholm,6: energiø bornholm,
6,energiø bornholm,6: energiø bornholm,
6,energiø bornholm,6: energiø bornholm,
6,energiø bornholm,6: energiø bornholm,
6,energiø bornholm,6: energiø bornholm,
6,energiø bornholm,6: energiø bornholm,
6,energiø bornholm,6: energiø bornholm,
6,energiø bornholm,6: energiø bornholm,
6,energiø bornholm,6: energiø bornholm,
6,energiø bornholm,6: energiø bornholm,
6,energiø bornholm,6: energiø bornholm,
6,energiø bornholm,6: energiø bornholm,
6,energiø bornholm,6: energiø bornholm,
6,energiø bornholm,6: energiø bornholm,
6,energiø bornholm,6: energiø bornholm,
6,energiø bornholm,6: energiø bornholm,
6,energiø bornholm,6: energiø bornholm,
6,energiø bornholm,6: energiø bornholm,
6,energiø bornholm,6: energiø bornholm,
6,energiø bornholm,6: energiø bornholm,
6,energiø bornholm,6: energiø bornholm,
6,energiø bornholm,6: energiø bornholm,
6,energiø bornholm,6: energiø bornholm,
6,energiø bornholm,6: energiø bornholm,
6,energiø bornholm,6: energiø bornholm,
6,energiø bornholm,6: energiø bornholm,
6,energiø bornholm,6: energiø bornholm,
6,energiø bornholm,6: energiø bornholm,
6,energiø bornholm,6: energiø bornholm,
6,energiø bornholm,6: energiø bornholm,
6,energiø bornholm,6: energiø bornholm,
6,energiø bornholm,6: energiø bornholm,
6,energiø bornholm,6: energiø bornholm,
6,energiø bornholm,6: energiø bornholm,
6,energiø bornholm,6: energiø bornholm,
6,energiø bornholm,6: energiø bornholm,
6,energiø bornholm,6: energiø bornholm,
6,energiø bornholm,6: energiø bornholm,
6,energiø bornholm,6: energiø bornholm,
6,energiø bornholm,6: energiø bornholm,
6,energiø bornholm,6: energiø bornholm,
6,energiø bornholm,6: energiø bornholm,
6,energiø bornholm,6: energiø bornholm,
6,energiø bornholm,6: energiø bornholm,
6,energiø bornholm,6: energiø bornholm,
6,energiø bornholm,6: energiø bornholm,
6,energiø bornholm,6: energiø bornholm,
6,energiø bornholm,6: energiø bornholm,
6,energiø bornholm,6: energiø bornholm,
6,energiø bornholm,6: energiø bornholm,
6,energiø bornholm,6: energiø bornholm,
6,energiø bornholm,6: energiø bornholm,
6,energiø bornholm,6: energiø bornholm,
6,energiø bornholm,6: energiø bornholm,
6,energiø bornholm,6: energiø bornholm,
6,energiø bornholm,6: energiø bornholm,
6,energiø bornholm,6: energiø bornholm,
6,energiø bornholm,6: energiø bornholm,
6,energiø bornholm,6: energiø bornholm,
6,energiø bornholm,6: energiø bornholm,
6,energiø bornholm,6: energiø bornholm,
6,energiø bornholm,6: energiø bornholm,
6,energiø bornholm,6: energiø bornholm,
6,energiø bornholm,6: energiø bornholm,
6,energiø bornholm,6: energiø bornholm,
6,energiø bornholm,6: energiø bornholm,
6,energiø bornholm,6: energiø bornholm,
6,energiø bornholm,6: energiø bornholm,
6,energiø bornholm,6: energiø bornholm,
6,energiø bornholm,6: energiø bornholm,
6,energiø bornholm,6: energiø bornholm,
6,energiø bornholm,6: energiø bornholm,
6,energiø bornholm,6: energiø bornholm,
6,energiø bornholm,6: energiø bornholm,
6,energiø bornholm,6: energiø bornholm,
6,energiø bornholm,6: energiø bornholm,
6,energiø bornholm,6: energiø bornholm,
6,energiø bornholm,6: energiø bornholm,
6,energiø bornholm,6: energiø bornholm,
6,energiø bornholm,6: energiø bornholm,
6,energiø bornholm,6: energiø bornholm,
6,energiø bornholm,6: energiø bornholm,
6,energiø bornholm,6: energiø bornholm,
6,energiø bornholm,6: energiø bornholm,
6,energiø bornholm,6: energiø bornholm,
6,energiø bornholm,6: energiø bornholm,
6,energiø bornholm,6: energiø bornholm,
6,energiø bornholm,6: energiø bornholm,
6,energiø bornholm,6: energiø bornholm,
6,energiø bornholm,6: energiø bornholm,
6,energiø bornholm,6: energiø bornholm,
6,energiø bornholm,6: energiø bornholm,
6,energiø bornholm,6: energiø bornholm,
6,energiø bornholm,6: energiø bornholm,
6,energiø bornholm,6: energiø bornholm,
6,energiø bornholm,6: energiø bornholm,
6,energiø bornholm,6: energiø bornholm,
6,energiø bornholm,6: energiø bornholm,
6,energiø bornholm,6: energiø bornholm,
6,energiø bornholm,6: energiø bornholm,
6,energiø bornholm,6: energiø bornholm,
6,energiø bornholm,6: energiø bornholm,
6,energiø bornholm,6: energiø bornholm,
6,energiø bornholm,6: energiø bornholm,
6,energiø bornholm,6: energiø bornholm,
6,energiø bornholm,6: energiø bornholm,
6,energiø bornholm,6: energiø bornholm,
6,energiø bornholm,6: energiø bornholm,
6,energiø bornholm,6: energiø bornholm,
6,energiø bornholm,6: energiø bornholm,
6,energiø bornholm,6: energiø bornholm,
6,energiø bornholm,6: energiø bornholm,
6,energiø bornholm,6: energiø bornholm,
6,energiø bornholm,6: energiø bornholm,
6,energiø bornholm,6: energiø bornholm,
6,energiø bornholm,6: energiø bornholm,
6,energiø bornholm,6: energiø bornholm,
6,energiø bornholm,6: energiø bornholm,
6,energiø bornholm,6: energiø bornholm,
6,energiø bornholm,6: energiø bornholm,
6,energiø bornholm,6: energiø bornholm,
6,energiø bornholm,6: energiø bornholm,
6,energiø bornholm,6: energiø bornholm,
6,energiø bornholm,6: energiø bornholm,
6,energiø bornholm,6: energiø bornholm,
6,energiø bornholm,6: energiø bornholm,
6,energiø bornholm,6: energiø bornholm,
6,energiø bornholm,6: energiø bornholm,
6,energiø bornholm,6: energiø bornholm,
6,energiø bornholm,6: energiø bornholm,
6,energiø bornholm,6: energiø bornholm,
6,energiø bornholm,6: energiø bornholm,
0,energi island,0: energi island,
0,energi island,0: energi island,
0,energi island,0: energi island,
0,energi island,0: energi island,
0,energi island,0: energi island,
0,energi island,0: energi island,
0,energi island,0: energi island,
0,energi island,0: energi island,
0,energi island,0: energi island,
0,energi island,0: energi island,
0,energi island,0: energi island,
0,energi island,0: energi island,
0,energi island,0: energi island,
0,energi island,0: energi island,
0,energi island,0: energi island,
0,energi island,0: energi island,
0,energi island,0: energi island,
0,energi island,0: energi island,
0,energi island,0: energi island,
0,energi island,0: energi island,
0,energi island,0: energi island,
0,energi island,0: energi island,
0,energi island,0: energi island,
0,energi island,0: energi island,
0,energi island,0: energi island,
0,energi island,0: energi island,
0,energi island,0: energi island,
0,energi island,0: energi island,
0,energi island,0: energi island,
0,energi island,0: energi island,
0,energi island,0: energi island,
0,energi island,0: energi island,
0,energi island,0: energi island,
0,energi island,0: energi island,
0,energi island,0: energi island,
0,energi island,0: energi island,
0,energi island,0: energi island,
0,energi island,0: energi island,
0,energi island,0: energi island,
0,energi island,0: energi island,
0,energi island,0: energi island,
0,energi island,0: energi island,
0,energi island,0: energi island,
0,energi island,0: energi island,
0,energi island,0: energi island,
0,energi island,0: energi island,
0,energi island,0: energi island,
0,energi island,0: energi island,
0,energi island,0: energi island,
0,energi island,0: energi island,
0,energi island,0: energi island,
0,energi island,0: energi island,
0,energi island,0: energi island,
0,energi island,0: energi island,
0,energi island,0: energi island,
0,energi island,0: energi island,
0,energi island,0: energi island,
0,energi island,0: energi island,
0,energi island,0: energi island,
0,energi island,0: energi island,
0,energi island,0: energi island,
0,energi island,0: energi island,
0,energi island,0: energi island,
0,energi island,0: energi island,
0,energi island,0: energi island,
0,energi island,0: energi island,
0,energi island,0: energi island,
0,energi island,0: energi island,
0,energi island,0: energi island,
0,energi island,0: energi island,
0,energi island,0: energi island,
0,energi island,0: energi island,
0,energi island,0: energi island,
0,energi island,0: energi island,
0,energi island,0: energi island,
0,energi island,0: energi island,
0,energi island,0: energi island,
0,energi island,0: energi island,
0,energi island,0: energi island,
0,energi island,0: energi island,
0,energi island,0: energi island,
0,energi island,0: energi island,
0,energi island,0: energi island,
0,energi island,0: energi island,
0,energi island,0: energi island,
0,energi island,0: energi island,
0,energi island,0: energi island,
0,energi island,0: energi island,
0,energi island,0: energi island,
0,energi island,0: energi island,
0,energi island,0: energi island,
0,energi island,0: energi island,
0,energi island,0: energi island,
0,energi island,0: energi island,
0,energi island,0: energi island,
0,energi island,0: energi island,
0,energi island,0: energi island,
0,energi island,0: energi island,
0,energi island,0: energi island,
0,energi island,0: energi island,
0,energi island,0: energi island,
0,energi island,0: energi island,
0,energi island,0: energi island,
0,energi island,0: energi island,
0,energi island,0: energi island,
0,energi island,0: energi island,
0,energi island,0: energi island,
0,energi island,0: energi island,
0,energi island,0: energi island,
0,energi island,0: energi island,
0,energi island,0: energi island,
0,energi island,0: energi island,
0,energi island,0: energi island,
0,energi island,0: energi island,
0,energi island,0: energi island,
0,energi island,0: energi island,
0,energi island,0: energi island,
0,energi island,0: energi island,
0,energi island,0: energi island,
0,energi island,0: energi island,
0,energi island,0: energi island,
0,energi island,0: energi island,
0,energi island,0: energi island,
0,energi island,0: energi island,
0,energi island,0: energi island,
0,energi island,0: energi island,
0,energi island,0: energi island,
0,energi island,0: energi island,
0,energi island,0: energi island,
0,energi island,0: energi island,
0,energi island,0: energi island,
0,energi island,0: energi island,
0,energi island,0: energi island,
0,energi island,0: energi island,
0,energi island,0: energi island,
0,energi island,0: energi island,
0,energi island,0: energi island,
0,energi island,0: energi island,
0,energi island,0: energi island,
0,energi island,0: energi island,
0,energi island,0: energi island,
0,energi island,0: energi island,
0,energi island,0: energi island,
0,energi island,0: energi island,
0,energi island,0: energi island,
0,energi island,0: energi island,
0,energi island,0: energi island,
0,energi island,0: energi island,
0,energi island,0: energi island,
0,energi island,0: energi island,
0,energi island,0: energi island,
0,energi island,0: energi island,
0,energi island,0: energi island,
0,energi island,0: energi island,
0,energi island,0: energi island,
0,energi island,0: energi island,
0,energi island,0: energi island,
2,municip council,2: municip council,
2,municip council,2: municip council,
2,municip council,2: municip council,
2,municip council,2: municip council,
2,municip council,2: municip council,
2,municip council,2: municip council,
2,municip council,2: municip council,
2,municip council,2: municip council,
2,municip council,2: municip council,
2,municip council,2: municip council,
2,municip council,2: municip council,
2,municip council,2: municip council,
2,municip council,2: municip council,
2,municip council,2: municip council,
2,municip council,2: municip council,
2,municip council,2: municip council,
2,municip council,2: municip council,
2,municip council,2: municip council,
2,municip council,2: municip council,
2,municip council,2: municip council,
2,municip council,2: municip council,
2,municip council,2: municip council,
2,municip council,2: municip council,
2,municip council,2: municip council,
2,municip council,2: municip council,
2,municip council,2: municip council,
2,municip council,2: municip council,
2,municip council,2: municip council,
2,municip council,2: municip council,
2,municip council,2: municip council,
2,municip council,2: municip council,
2,municip council,2: municip council,
2,municip council,2: municip council,
2,municip council,2: municip council,
2,municip council,2: municip council,
2,municip council,2: municip council,
2,municip council,2: municip council,
2,municip council,2: municip council,
2,municip council,2: municip council,
2,municip council,2: municip council,
2,municip council,2: municip council,
2,municip council,2: municip council,
2,municip council,2: municip council,
2,municip council,2: municip council,
2,municip council,2: municip council,
2,municip council,2: municip council,
2,municip council,2: municip council,
2,municip council,2: municip council,
2,municip council,2: municip council,
2,municip council,2: municip council,
2,municip council,2: municip council,
2,municip council,2: municip council,
2,municip council,2: municip council,
2,municip council,2: municip council,
2,municip council,2: municip council,
2,municip council,2: municip council,
2,municip council,2: municip council,
2,municip council,2: municip council,
2,municip council,2: municip council,
2,municip council,2: municip council,
2,municip council,2: municip council,
2,municip council,2: municip council,
2,municip council,2: municip council,
2,municip council,2: municip council,
2,municip council,2: municip council,
2,municip council,2: municip council,
2,municip council,2: municip council,
2,municip council,2: municip council,
2,municip council,2: municip council,
2,municip council,2: municip council,
2,municip council,2: municip council,
2,municip council,2: municip council,
2,municip council,2: municip council,
2,municip council,2: municip council,
2,municip council,2: municip council,
2,municip council,2: municip council,
2,municip council,2: municip council,
2,municip council,2: municip council,
2,municip council,2: municip council,
2,municip council,2: municip council,
2,municip council,2: municip council,
2,municip council,2: municip council,
2,municip council,2: municip council,
2,municip council,2: municip council,
2,municip council,2: municip council,
2,municip council,2: municip council,
2,municip council,2: municip council,
2,municip council,2: municip council,
2,municip council,2: municip council,
2,municip council,2: municip council,
2,municip council,2: municip council,
2,municip council,2: municip council,
2,municip council,2: municip council,
2,municip council,2: municip council,
2,municip council,2: municip council,
2,municip council,2: municip council,
2,municip council,2: municip council,
2,municip council,2: municip council,
2,municip council,2: municip council,
2,municip council,2: municip council,
2,municip council,2: municip council,
2,municip council,2: municip council,
2,municip council,2: municip council,
2,municip council,2: municip council,
2,municip council,2: municip council,
2,municip council,2: municip council,
2,municip council,2: municip council,
2,municip council,2: municip council,
2,municip council,2: municip council,
2,municip council,2: municip council,
2,municip council,2: municip council,
2,municip council,2: municip council,
2,municip council,2: municip council,
2,municip council,2: municip council,
2,municip council,2: municip council,
2,municip council,2: municip council,
2,municip council,2: municip council,
2,municip council,2: municip council,
2,municip council,2: municip council,
2,municip council,2: municip council,
2,municip council,2: municip council,
2,municip council,2: municip council,
2,municip council,2: municip council,
2,municip council,2: municip council,
2,municip council,2: municip council,
2,municip council,2: municip council,
2,municip council,2: municip council,
2,municip council,2: municip council,
2,municip council,2: municip council,
2,municip council,2: municip council,
2,municip council,2: municip council,
2,municip council,2: municip council,
2,municip council,2: municip council,
2,municip council,2: municip council,
2,municip council,2: municip council,
2,municip council,2: municip council,
2,municip council,2: municip council,
2,municip council,2: municip council,
2,municip council,2: municip council,
2,municip council,2: municip council,
2,municip council,2: municip council,
2,municip council,2: municip council,
2,municip council,2: municip council,
2,municip council,2: municip council,
2,municip council,2: municip council,
2,municip council,2: municip council,
2,municip council,2: municip council,
2,municip council,2: municip council,
2,municip council,2: municip council,
2,municip council,2: municip council,
2,municip council,2: municip council,
2,municip council,2: municip council,
2,municip council,2: municip council,
2,municip council,2: municip council,
2,municip council,2: municip council,
2,municip council,2: municip council,
2,municip council,2: municip council,
2,municip council,2: municip council,
2,municip council,2: municip council,
2,municip council,2: municip council,
2,municip council,2: municip council,
2,municip council,2: municip council,
2,municip council,2: municip council,
2,municip council,2: municip council,
2,municip council,2: municip council,
2,municip council,2: municip council,
2,municip council,2: municip council,
2,municip council,2: municip council,
2,municip council,2: municip council,
2,municip council,2: municip council,
2,municip council,2: municip council,
2,municip council,2: municip council,
2,municip council,2: municip council,
2,municip council,2: municip council,
2,municip council,2: municip council,
2,municip council,2: municip council,
2,municip council,2: municip council,
2,municip council,2: municip council,
2,municip council,2: municip council,
2,municip council,2: municip council,
2,municip council,2: municip council,
2,municip council,2: municip council,
2,municip council,2: municip council,
2,municip council,2: municip council,
2,municip council,2: municip council,
2,municip council,2: municip council,
2,municip council,2: municip council,
2,municip council,2: municip council,
2,municip council,2: municip council,
2,municip council,2: municip council,
2,municip council,2: municip council,
2,municip council,2: municip council,
2,municip council,2: municip council,
2,municip council,2: municip council,
2,municip council,2: municip council,
2,municip council,2: municip council,
2,municip council,2: municip council,
2,municip council,2: municip council,
2,municip council,2: municip council,
2,municip council,2: municip council,
2,municip council,2: municip council,
2,municip council,2: municip council,
2,municip council,2: municip council,
2,municip council,2: municip council,
2,municip council,2: municip council,
2,municip council,2: municip council,
2,municip council,2: municip council,
2,municip council,2: municip council,
2,municip council,2: municip council,
2,municip council,2: municip council,
2,municip council,2: municip council,
2,municip council,2: municip council,
2,municip council,2: municip council,
2,municip council,2: municip council,
2,municip council,2: municip council,
2,municip council,2: municip council,
2,municip council,2: municip council,
2,municip council,2: municip council,
2,municip council,2: municip council,
2,municip council,2: municip council,
2,municip council,2: municip council,
2,municip council,2: municip council,
2,municip council,2: municip council,
2,municip council,2: municip council,
2,municip council,2: municip council,
2,municip council,2: municip council,
2,municip council,2: municip council,
2,municip council,2: municip council,
2,municip council,2: municip council,
2,municip council,2: municip council,
2,municip council,2: municip council,
2,municip council,2: municip council,
2,municip council,2: municip council,
2,municip council,2: municip council,
2,municip council,2: municip council,
2,municip council,2: municip council,
2,municip council,2: municip council,
2,municip council,2: municip council,
2,municip council,2: municip council,
2,municip council,2: municip council,
2,municip council,2: municip council,
2,municip council,2: municip council,
2,municip council,2: municip council,
2,municip council,2: municip council,
2,municip council,2: municip council,
2,municip council,2: municip council,
2,municip council,2: municip council,
2,municip council,2: municip council,
2,municip council,2: municip council,
2,municip council,2: municip council,
2,municip council,2: municip council,
2,municip council,2: municip council,
2,municip council,2: municip council,
2,municip council,2: municip council,
2,municip council,2: municip council,
2,municip council,2: municip council,
2,municip council,2: municip council,
2,municip council,2: municip council,
2,municip council,2: municip council,
2,municip council,2: municip council,
2,municip council,2: municip council,
2,municip council,2: municip council,
2,municip council,2: municip council,
2,municip council,2: municip council,
2,municip council,2: municip council,
2,municip council,2: municip council,
2,municip council,2: municip council,
2,municip council,2: municip council,
2,municip council,2: municip council,
2,municip council,2: municip council,
2,municip council,2: municip council,
2,municip council,2: municip council,
2,municip council,2: municip council,
2,municip council,2: municip council,
2,municip council,2: municip council,
2,municip council,2: municip council,
2,municip council,2: municip council,
2,municip council,2: municip council,
2,municip council,2: municip council,
2,municip council,2: municip council,
2,municip council,2: municip council,
2,municip council,2: municip council,
2,municip council,2: municip council,
2,municip council,2: municip council,
2,municip council,2: municip council,
2,municip council,2: municip council,
2,municip council,2: municip council,
2,municip council,2: municip council,
2,municip council,2: municip council,
2,municip council,2: municip council,
2,municip council,2: municip council,
2,municip council,2: municip council,
2,municip council,2: municip council,
2,municip council,2: municip council,
2,municip council,2: municip council,
2,municip council,2: municip council,
2,municip council,2: municip council,
2,municip council,2: municip council,
2,municip council,2: municip council,
2,municip council,2: municip council,
2,municip council,2: municip council,
2,municip council,2: municip council,
2,municip council,2: municip council,
2,municip council,2: municip council,
2,municip council,2: municip council,
2,municip council,2: municip council,
2,municip council,2: municip council,
2,municip council,2: municip council,
2,municip council,2: municip council,
2,municip council,2: municip council,
2,municip council,2: municip council,
2,municip council,2: municip council,
0,energi island,0: energi island,
0,energi island,0: energi island,
0,energi island,0: energi island,
0,energi island,0: energi island,
0,energi island,0: energi island,
0,energi island,0: energi island,
0,energi island,0: energi island,
0,energi island,0: energi island,
0,energi island,0: energi island,
0,energi island,0: energi island,
0,energi island,0: energi island,
0,energi island,0: energi island,
0,energi island,0: energi island,
0,energi island,0: energi island,
0,energi island,0: energi island,
0,energi island,0: energi island,
0,energi island,0: energi island,
0,energi island,0: energi island,
0,energi island,0: energi island,
0,energi island,0: energi island,
0,energi island,0: energi island,
0,energi island,0: energi island,
0,energi island,0: energi island,
0,energi island,0: energi island,
0,energi island,0: energi island,
0,energi island,0: energi island,
0,energi island,0: energi island,
0,energi island,0: energi island,
0,energi island,0: energi island,
0,energi island,0: energi island,
0,energi island,0: energi island,
0,energi island,0: energi island,
0,energi island,0: energi island,
0,energi island,0: energi island,
0,energi island,0: energi island,
0,energi island,0: energi island,
0,energi island,0: energi island,
0,energi island,0: energi island,
0,energi island,0: energi island,
0,energi island,0: energi island,
0,energi island,0: energi island,
0,energi island,0: energi island,
0,energi island,0: energi island,
0,energi island,0: energi island,
0,energi island,0: energi island,
0,energi island,0: energi island,
0,energi island,0: energi island,
0,energi island,0: energi island,
0,energi island,0: energi island,
0,energi island,0: energi island,
0,energi island,0: energi island,
0,energi island,0: energi island,
0,energi island,0: energi island,
0,energi island,0: energi island,
0,energi island,0: energi island,
0,energi island,0: energi island,
0,energi island,0: energi island,
0,energi island,0: energi island,
0,energi island,0: energi island,
0,energi island,0: energi island,
0,energi island,0: energi island,
0,energi island,0: energi island,
0,energi island,0: energi island,
0,energi island,0: energi island,
0,energi island,0: energi island,
0,energi island,0: energi island,
0,energi island,0: energi island,
0,energi island,0: energi island,
0,energi island,0: energi island,
0,energi island,0: energi island,
0,energi island,0: energi island,
0,energi island,0: energi island,
0,energi island,0: energi island,
0,energi island,0: energi island,
0,energi island,0: energi island,
0,energi island,0: energi island,
0,energi island,0: energi island,
0,energi island,0: energi island,
0,energi island,0: energi island,
0,energi island,0: energi island,
0,energi island,0: energi island,
0,energi island,0: energi island,
0,energi island,0: energi island,
0,energi island,0: energi island,
0,energi island,0: energi island,
0,energi island,0: energi island,
0,energi island,0: energi island,
0,energi island,0: energi island,
0,energi island,0: energi island,
0,energi island,0: energi island,
0,energi island,0: energi island,
0,energi island,0: energi island,
0,energi island,0: energi island,
0,energi island,0: energi island,
0,energi island,0: energi island,
0,energi island,0: energi island,
0,energi island,0: energi island,
0,energi island,0: energi island,
0,energi island,0: energi island,
0,energi island,0: energi island,
0,energi island,0: energi island,
0,energi island,0: energi island,
0,energi island,0: energi island,
0,energi island,0: energi island,
0,energi island,0: energi island,
0,energi island,0: energi island,
0,energi island,0: energi island,
0,energi island,0: energi island,
0,energi island,0: energi island,
0,energi island,0: energi island,
0,energi island,0: energi island,
0,energi island,0: energi island,
0,energi island,0: energi island,
0,energi island,0: energi island,
0,energi island,0: energi island,
0,energi island,0: energi island,
0,energi island,0: energi island,
0,energi island,0: energi island,
0,energi island,0: energi island,
0,energi island,0: energi island,
0,energi island,0: energi island,
0,energi island,0: energi island,
0,energi island,0: energi island,
0,energi island,0: energi island,
0,energi island,0: energi island,
0,energi island,0: energi island,
0,energi island,0: energi island,
0,energi island,0: energi island,
0,energi island,0: energi island,
0,energi island,0: energi island,
0,energi island,0: energi island,
0,energi island,0: energi island,
0,energi island,0: energi island,
0,energi island,0: energi island,
0,energi island,0: energi island,
0,energi island,0: energi island,
0,energi island,0: energi island,
0,energi island,0: energi island,
0,energi island,0: energi island,
0,energi island,0: energi island,
0,energi island,0: energi island,
0,energi island,0: energi island,
0,energi island,0: energi island,
0,energi island,0: energi island,
0,energi island,0: energi island,
0,energi island,0: energi island,
0,energi island,0: energi island,
0,energi island,0: energi island,
0,energi island,0: energi island,
0,energi island,0: energi island,
0,energi island,0: energi island,
0,energi island,0: energi island,
0,energi island,0: energi island,
0,energi island,0: energi island,
0,energi island,0: energi island,
0,energi island,0: energi island,
0,energi island,0: energi island,
0,energi island,0: energi island,
0,energi island,0: energi island,
0,energi island,0: energi island,
0,energi island,0: energi island,
0,energi island,0: energi island,
0,energi island,0: energi island,
0,energi island,0: energi island,
0,energi island,0: energi island,
0,energi island,0: energi island,
0,energi island,0: energi island,
0,energi island,0: energi island,
0,energi island,0: energi island,
0,energi island,0: energi island,
0,energi island,0: energi island,
0,energi island,0: energi island,
0,energi island,0: energi island,
0,energi island,0: energi island,
0,energi island,0: energi island,
0,energi island,0: energi island,
0,energi island,0: energi island,
0,energi island,0: energi island,
0,energi island,0: energi island,
0,energi island,0: energi island,
0,energi island,0: energi island,
0,energi island,0: energi island,
0,energi island,0: energi island,
0,energi island,0: energi island,
0,energi island,0: energi island,
0,energi island,0: energi island,
0,energi island,0: energi island,
0,energi island,0: energi island,
0,energi island,0: energi island,
0,energi island,0: energi island,
0,energi island,0: energi island,
0,energi island,0: energi island,
0,energi island,0: energi island,
0,energi island,0: energi island,
0,energi island,0: energi island,
0,energi island,0: energi island,
0,energi island,0: energi island,
0,energi island,0: energi island,
0,energi island,0: energi island,
0,energi island,0: energi island,
0,energi island,0: energi island,
0,energi island,0: energi island,
0,energi island,0: energi island,
0,energi island,0: energi island,
0,energi island,0: energi island,
0,energi island,0: energi island,
0,energi island,0: energi island,
0,energi island,0: energi island,
0,energi island,0: energi island,
0,energi island,0: energi island,
0,energi island,0: energi island,
0,energi island,0: energi island,
0,energi island,0: energi island,
0,energi island,0: energi island,
0,energi island,0: energi island,
0,energi island,0: energi island,
0,energi island,0: energi island,
0,energi island,0: energi island,
0,energi island,0: energi island,
0,energi island,0: energi island,
0,energi island,0: energi island,
0,energi island,0: energi island,
0,energi island,0: energi island,
0,energi island,0: energi island,
0,energi island,0: energi island,
0,energi island,0: energi island,
0,energi island,0: energi island,
0,energi island,0: energi island,
0,energi island,0: energi island,
0,energi island,0: energi island,
0,energi island,0: energi island,
0,energi island,0: energi island,
0,energi island,0: energi island,
0,energi island,0: energi island,
0,energi island,0: energi island,
0,energi island,0: energi island,
0,energi island,0: energi island,
0,energi island,0: energi island,
0,energi island,0: energi island,
0,energi island,0: energi island,
0,energi island,0: energi island,
0,energi island,0: energi island,
0,energi island,0: energi island,
0,energi island,0: energi island,
0,energi island,0: energi island,
0,energi island,0: energi island,
0,energi island,0: energi island,
0,energi island,0: energi island,
0,energi island,0: energi island,
0,energi island,0: energi island,
0,energi island,0: energi island,
0,energi island,0: energi island,
0,energi island,0: energi island,
0,energi island,0: energi island,
0,energi island,0: energi island,
0,energi island,0: energi island,
0,energi island,0: energi island,
0,energi island,0: energi island,
0,energi island,0: energi island,
0,energi island,0: energi island,
0,energi island,0: energi island,
0,energi island,0: energi island,
0,energi island,0: energi island,
0,energi island,0: energi island,
0,energi island,0: energi island,
0,energi island,0: energi island,
0,energi island,0: energi island,
0,energi island,0: energi island,
0,energi island,0: energi island,
0,energi island,0: energi island,
0,energi island,0: energi island,
0,energi island,0: energi island,
0,energi island,0: energi island,
0,energi island,0: energi island,
0,energi island,0: energi island,
0,energi island,0: energi island,
0,energi island,0: energi island,
0,energi island,0: energi island,
0,energi island,0: energi island,
0,energi island,0: energi island,
0,energi island,0: energi island,
0,energi island,0: energi island,
0,energi island,0: energi island,
0,energi island,0: energi island,
0,energi island,0: energi island,
0,energi island,0: energi island,
0,energi island,0: energi island,
0,energi island,0: energi island,
0,energi island,0: energi island,
0,energi island,0: energi island,
0,energi island,0: energi island,
0,energi island,0: energi island,
0,energi island,0: energi island,
0,energi island,0: energi island,
0,energi island,0: energi island,
0,energi island,0: energi island,
0,energi island,0: energi island,
0,energi island,0: energi island,
0,energi island,0: energi island,
0,energi island,0: energi island,
0,energi island,0: energi island,
0,energi island,0: energi island,
0,energi island,0: energi island,
0,energi island,0: energi island,
0,energi island,0: energi island,
0,energi island,0: energi island,
0,energi island,0: energi island,
0,energi island,0: energi island,
0,energi island,0: energi island,
0,energi island,0: energi island,
0,energi island,0: energi island,
0,energi island,0: energi island,
0,energi island,0: energi island,
0,energi island,0: energi island,
2,municip council,2: municip council,
2,municip council,2: municip council,
2,municip council,2: municip council,
2,municip council,2: municip council,
2,municip council,2: municip council,
2,municip council,2: municip council,
2,municip council,2: municip council,
2,municip council,2: municip council,
2,municip council,2: municip council,
2,municip council,2: municip council,
2,municip council,2: municip council,
2,municip council,2: municip council,
2,municip council,2: municip council,
2,municip council,2: municip council,
2,municip council,2: municip council,
2,municip council,2: municip council,
2,municip council,2: municip council,
2,municip council,2: municip council,
2,municip council,2: municip council,
2,municip council,2: municip council,
2,municip council,2: municip council,
2,municip council,2: municip council,
2,municip council,2: municip council,
2,municip council,2: municip council,
2,municip council,2: municip council,
2,municip council,2: municip council,
2,municip council,2: municip council,
2,municip council,2: municip council,
2,municip council,2: municip council,
2,municip council,2: municip council,
2,municip council,2: municip council,
2,municip council,2: municip council,
2,municip council,2: municip council,
2,municip council,2: municip council,
2,municip council,2: municip council,
2,municip council,2: municip council,
2,municip council,2: municip council,
2,municip council,2: municip council,
2,municip council,2: municip council,
2,municip council,2: municip council,
2,municip council,2: municip council,
2,municip council,2: municip council,
2,municip council,2: municip council,
2,municip council,2: municip council,
2,municip council,2: municip council,
2,municip council,2: municip council,
2,municip council,2: municip council,
2,municip council,2: municip council,
2,municip council,2: municip council,
2,municip council,2: municip council,
2,municip council,2: municip council,
2,municip council,2: municip council,
2,municip council,2: municip council,
2,municip council,2: municip council,
2,municip council,2: municip council,
2,municip council,2: municip council,
2,municip council,2: municip council,
2,municip council,2: municip council,
2,municip council,2: municip council,
2,municip council,2: municip council,
2,municip council,2: municip council,
2,municip council,2: municip council,
2,municip council,2: municip council,
2,municip council,2: municip council,
2,municip council,2: municip council,
2,municip council,2: municip council,
2,municip council,2: municip council,
2,municip council,2: municip council,
2,municip council,2: municip council,
2,municip council,2: municip council,
2,municip council,2: municip council,
2,municip council,2: municip council,
2,municip council,2: municip council,
2,municip council,2: municip council,
2,municip council,2: municip council,
2,municip council,2: municip council,
2,municip council,2: municip council,
2,municip council,2: municip council,
2,municip council,2: municip council,
2,municip council,2: municip council,
2,municip council,2: municip council,
2,municip council,2: municip council,
2,municip council,2: municip council,
2,municip council,2: municip council,
2,municip council,2: municip council,
2,municip council,2: municip council,
2,municip council,2: municip council,
2,municip council,2: municip council,
2,municip council,2: municip council,
2,municip council,2: municip council,
2,municip council,2: municip council,
2,municip council,2: municip council,
2,municip council,2: municip council,
2,municip council,2: municip council,
2,municip council,2: municip council,
2,municip council,2: municip council,
2,municip council,2: municip council,
2,municip council,2: municip council,
2,municip council,2: municip council,
2,municip council,2: municip council,
2,municip council,2: municip council,
2,municip council,2: municip council,
2,municip council,2: municip council,
2,municip council,2: municip council,
2,municip council,2: municip council,
2,municip council,2: municip council,
2,municip council,2: municip council,
2,municip council,2: municip council,
2,municip council,2: municip council,
2,municip council,2: municip council,
2,municip council,2: municip council,
2,municip council,2: municip council,
2,municip council,2: municip council,
2,municip council,2: municip council,
2,municip council,2: municip council,
2,municip council,2: municip council,
2,municip council,2: municip council,
2,municip council,2: municip council,
2,municip council,2: municip council,
2,municip council,2: municip council,
2,municip council,2: municip council,
2,municip council,2: municip council,
2,municip council,2: municip council,
2,municip council,2: municip council,
2,municip council,2: municip council,
2,municip council,2: municip council,
2,municip council,2: municip council,
2,municip council,2: municip council,
2,municip council,2: municip council,
2,municip council,2: municip council,
2,municip council,2: municip council,
2,municip council,2: municip council,
2,municip council,2: municip council,
2,municip council,2: municip council,
2,municip council,2: municip council,
2,municip council,2: municip council,
2,municip council,2: municip council,
2,municip council,2: municip council,
2,municip council,2: municip council,
2,municip council,2: municip council,
2,municip council,2: municip council,
2,municip council,2: municip council,
2,municip council,2: municip council,
2,municip council,2: municip council,
2,municip council,2: municip council,
2,municip council,2: municip council,
2,municip council,2: municip council,
2,municip council,2: municip council,
2,municip council,2: municip council,
2,municip council,2: municip council,
2,municip council,2: municip council,
2,municip council,2: municip council,
2,municip council,2: municip council,
2,municip council,2: municip council,
2,municip council,2: municip council,
2,municip council,2: municip council,
8,wind turbin,8: wind turbin,
8,wind turbin,8: wind turbin,
8,wind turbin,8: wind turbin,
8,wind turbin,8: wind turbin,
8,wind turbin,8: wind turbin,
8,wind turbin,8: wind turbin,
8,wind turbin,8: wind turbin,
8,wind turbin,8: wind turbin,
8,wind turbin,8: wind turbin,
8,wind turbin,8: wind turbin,
8,wind turbin,8: wind turbin,
8,wind turbin,8: wind turbin,
8,wind turbin,8: wind turbin,
8,wind turbin,8: wind turbin,
8,wind turbin,8: wind turbin,
8,wind turbin,8: wind turbin,
8,wind turbin,8: wind turbin,
8,wind turbin,8: wind turbin,
8,wind turbin,8: wind turbin,
8,wind turbin,8: wind turbin,
8,wind turbin,8: wind turbin,
8,wind turbin,8: wind turbin,
8,wind turbin,8: wind turbin,
8,wind turbin,8: wind turbin,
8,wind turbin,8: wind turbin,
8,wind turbin,8: wind turbin,
8,wind turbin,8: wind turbin,
8,wind turbin,8: wind turbin,
8,wind turbin,8: wind turbin,
8,wind turbin,8: wind turbin,
8,wind turbin,8: wind turbin,
8,wind turbin,8: wind turbin,
8,wind turbin,8: wind turbin,
8,wind turbin,8: wind turbin,
8,wind turbin,8: wind turbin,
8,wind turbin,8: wind turbin,
8,wind turbin,8: wind turbin,
8,wind turbin,8: wind turbin,
8,wind turbin,8: wind turbin,
8,wind turbin,8: wind turbin,
8,wind turbin,8: wind turbin,
8,wind turbin,8: wind turbin,
8,wind turbin,8: wind turbin,
8,wind turbin,8: wind turbin,
8,wind turbin,8: wind turbin,
8,wind turbin,8: wind turbin,
8,wind turbin,8: wind turbin,
8,wind turbin,8: wind turbin,
8,wind turbin,8: wind turbin,
8,wind turbin,8: wind turbin,
8,wind turbin,8: wind turbin,
8,wind turbin,8: wind turbin,
8,wind turbin,8: wind turbin,
8,wind turbin,8: wind turbin,
8,wind turbin,8: wind turbin,
8,wind turbin,8: wind turbin,
8,wind turbin,8: wind turbin,
8,wind turbin,8: wind turbin,
8,wind turbin,8: wind turbin,
8,wind turbin,8: wind turbin,
8,wind turbin,8: wind turbin,
8,wind turbin,8: wind turbin,
8,wind turbin,8: wind turbin,
8,wind turbin,8: wind turbin,
8,wind turbin,8: wind turbin,
8,wind turbin,8: wind turbin,
8,wind turbin,8: wind turbin,
8,wind turbin,8: wind turbin,
8,wind turbin,8: wind turbin,
8,wind turbin,8: wind turbin,
8,wind turbin,8: wind turbin,
8,wind turbin,8: wind turbin,
8,wind turbin,8: wind turbin,
8,wind turbin,8: wind turbin,
8,wind turbin,8: wind turbin,
8,wind turbin,8: wind turbin,
8,wind turbin,8: wind turbin,
8,wind turbin,8: wind turbin,
8,wind turbin,8: wind turbin,
8,wind turbin,8: wind turbin,
8,wind turbin,8: wind turbin,
8,wind turbin,8: wind turbin,
8,wind turbin,8: wind turbin,
8,wind turbin,8: wind turbin,
8,wind turbin,8: wind turbin,
8,wind turbin,8: wind turbin,
8,wind turbin,8: wind turbin,
8,wind turbin,8: wind turbin,
8,wind turbin,8: wind turbin,
8,wind turbin,8: wind turbin,
8,wind turbin,8: wind turbin,
8,wind turbin,8: wind turbin,
8,wind turbin,8: wind turbin,
8,wind turbin,8: wind turbin,
8,wind turbin,8: wind turbin,
8,wind turbin,8: wind turbin,
8,wind turbin,8: wind turbin,
8,wind turbin,8: wind turbin,
8,wind turbin,8: wind turbin,
8,wind turbin,8: wind turbin,
8,wind turbin,8: wind turbin,
8,wind turbin,8: wind turbin,
8,wind turbin,8: wind turbin,
8,wind turbin,8: wind turbin,
8,wind turbin,8: wind turbin,
8,wind turbin,8: wind turbin,
8,wind turbin,8: wind turbin,
8,wind turbin,8: wind turbin,
8,wind turbin,8: wind turbin,
8,wind turbin,8: wind turbin,
8,wind turbin,8: wind turbin,
8,wind turbin,8: wind turbin,
8,wind turbin,8: wind turbin,
8,wind turbin,8: wind turbin,
8,wind turbin,8: wind turbin,
8,wind turbin,8: wind turbin,
8,wind turbin,8: wind turbin,
8,wind turbin,8: wind turbin,
8,wind turbin,8: wind turbin,
8,wind turbin,8: wind turbin,
8,wind turbin,8: wind turbin,
8,wind turbin,8: wind turbin,
8,wind turbin,8: wind turbin,
8,wind turbin,8: wind turbin,
8,wind turbin,8: wind turbin,
8,wind turbin,8: wind turbin,
8,wind turbin,8: wind turbin,
8,wind turbin,8: wind turbin,
8,wind turbin,8: wind turbin,
8,wind turbin,8: wind turbin,
0,energi island,0: energi island,
0,energi island,0: energi island,
0,energi island,0: energi island,
0,energi island,0: energi island,
0,energi island,0: energi island,
0,energi island,0: energi island,
0,energi island,0: energi island,
0,energi island,0: energi island,
0,energi island,0: energi island,
0,energi island,0: energi island,
0,energi island,0: energi island,
0,energi island,0: energi island,
0,energi island,0: energi island,
0,energi island,0: energi island,
0,energi island,0: energi island,
0,energi island,0: energi island,
0,energi island,0: energi island,
0,energi island,0: energi island,
0,energi island,0: energi island,
0,energi island,0: energi island,
0,energi island,0: energi island,
0,energi island,0: energi island,
0,energi island,0: energi island,
0,energi island,0: energi island,
0,energi island,0: energi island,
0,energi island,0: energi island,
0,energi island,0: energi island,
0,energi island,0: energi island,
0,energi island,0: energi island,
0,energi island,0: energi island,
0,energi island,0: energi island,
0,energi island,0: energi island,
0,energi island,0: energi island,
0,energi island,0: energi island,
0,energi island,0: energi island,
0,energi island,0: energi island,
0,energi island,0: energi island,
0,energi island,0: energi island,
0,energi island,0: energi island,
0,energi island,0: energi island,
0,energi island,0: energi island,
0,energi island,0: energi island,
0,energi island,0: energi island,
0,energi island,0: energi island,
0,energi island,0: energi island,
0,energi island,0: energi island,
0,energi island,0: energi island,
0,energi island,0: energi island,
0,energi island,0: energi island,
0,energi island,0: energi island,
0,energi island,0: energi island,
0,energi island,0: energi island,
0,energi island,0: energi island,
0,energi island,0: energi island,
0,energi island,0: energi island,
0,energi island,0: energi island,
0,energi island,0: energi island,
0,energi island,0: energi island,
0,energi island,0: energi island,
0,energi island,0: energi island,
0,energi island,0: energi island,
0,energi island,0: energi island,
0,energi island,0: energi island,
0,energi island,0: energi island,
0,energi island,0: energi island,
0,energi island,0: energi island,
0,energi island,0: energi island,
0,energi island,0: energi island,
0,energi island,0: energi island,
0,energi island,0: energi island,
0,energi island,0: energi island,
0,energi island,0: energi island,
0,energi island,0: energi island,
0,energi island,0: energi island,
0,energi island,0: energi island,
0,energi island,0: energi island,
0,energi island,0: energi island,
0,energi island,0: energi island,
0,energi island,0: energi island,
0,energi island,0: energi island,
0,energi island,0: energi island,
0,energi island,0: energi island,
0,energi island,0: energi island,
0,energi island,0: energi island,
0,energi island,0: energi island,
0,energi island,0: energi island,
0,energi island,0: energi island,
0,energi island,0: energi island,
0,energi island,0: energi island,
0,energi island,0: energi island,
0,energi island,0: energi island,
0,energi island,0: energi island,
0,energi island,0: energi island,
0,energi island,0: energi island,
0,energi island,0: energi island,
0,energi island,0: energi island,
0,energi island,0: energi island,
0,energi island,0: energi island,
0,energi island,0: energi island,
0,energi island,0: energi island,
0,energi island,0: energi island,
0,energi island,0: energi island,
0,energi island,0: energi island,
0,energi island,0: energi island,
0,energi island,0: energi island,
0,energi island,0: energi island,
0,energi island,0: energi island,
0,energi island,0: energi island,
0,energi island,0: energi island,
0,energi island,0: energi island,
0,energi island,0: energi island,
0,energi island,0: energi island,
0,energi island,0: energi island,
0,energi island,0: energi island,
0,energi island,0: energi island,
0,energi island,0: energi island,
0,energi island,0: energi island,
0,energi island,0: energi island,
0,energi island,0: energi island,
0,energi island,0: energi island,
0,energi island,0: energi island,
0,energi island,0: energi island,
0,energi island,0: energi island,
0,energi island,0: energi island,
0,energi island,0: energi island,
0,energi island,0: energi island,
0,energi island,0: energi island,
0,energi island,0: energi island,
0,energi island,0: energi island,
0,energi island,0: energi island,
0,energi island,0: energi island,
0,energi island,0: energi island,
0,energi island,0: energi island,
0,energi island,0: energi island,
0,energi island,0: energi island,
0,energi island,0: energi island,
0,energi island,0: energi island,
0,energi island,0: energi island,
0,energi island,0: energi island,
0,energi island,0: energi island,
0,energi island,0: energi island,
0,energi island,0: energi island,
0,energi island,0: energi island,
0,energi island,0: energi island,
0,energi island,0: energi island,
0,energi island,0: energi island,
0,energi island,0: energi island,
0,energi island,0: energi island,
0,energi island,0: energi island,
0,energi island,0: energi island,
0,energi island,0: energi island,
0,energi island,0: energi island,
0,energi island,0: energi island,
0,energi island,0: energi island,
0,energi island,0: energi island,
0,energi island,0: energi island,
0,energi island,0: energi island,
8,wind turbin,8: wind turbin,
8,wind turbin,8: wind turbin,
8,wind turbin,8: wind turbin,
8,wind turbin,8: wind turbin,
8,wind turbin,8: wind turbin,
8,wind turbin,8: wind turbin,
8,wind turbin,8: wind turbin,
8,wind turbin,8: wind turbin,
8,wind turbin,8: wind turbin,
8,wind turbin,8: wind turbin,
8,wind turbin,8: wind turbin,
8,wind turbin,8: wind turbin,
8,wind turbin,8: wind turbin,
8,wind turbin,8: wind turbin,
8,wind turbin,8: wind turbin,
8,wind turbin,8: wind turbin,
8,wind turbin,8: wind turbin,
8,wind turbin,8: wind turbin,
8,wind turbin,8: wind turbin,
8,wind turbin,8: wind turbin,
8,wind turbin,8: wind turbin,
8,wind turbin,8: wind turbin,
8,wind turbin,8: wind turbin,
8,wind turbin,8: wind turbin,
8,wind turbin,8: wind turbin,
8,wind turbin,8: wind turbin,
8,wind turbin,8: wind turbin,
8,wind turbin,8: wind turbin,
8,wind turbin,8: wind turbin,
8,wind turbin,8: wind turbin,
8,wind turbin,8: wind turbin,
8,wind turbin,8: wind turbin,
8,wind turbin,8: wind turbin,
8,wind turbin,8: wind turbin,
8,wind turbin,8: wind turbin,
8,wind turbin,8: wind turbin,
8,wind turbin,8: wind turbin,
8,wind turbin,8: wind turbin,
8,wind turbin,8: wind turbin,
8,wind turbin,8: wind turbin,
8,wind turbin,8: wind turbin,
8,wind turbin,8: wind turbin,
8,wind turbin,8: wind turbin,
8,wind turbin,8: wind turbin,
8,wind turbin,8: wind turbin,
8,wind turbin,8: wind turbin,
8,wind turbin,8: wind turbin,
8,wind turbin,8: wind turbin,
8,wind turbin,8: wind turbin,
8,wind turbin,8: wind turbin,
8,wind turbin,8: wind turbin,
8,wind turbin,8: wind turbin,
8,wind turbin,8: wind turbin,
8,wind turbin,8: wind turbin,
8,wind turbin,8: wind turbin,
8,wind turbin,8: wind turbin,
8,wind turbin,8: wind turbin,
8,wind turbin,8: wind turbin,
8,wind turbin,8: wind turbin,
8,wind turbin,8: wind turbin,
8,wind turbin,8: wind turbin,
8,wind turbin,8: wind turbin,
8,wind turbin,8: wind turbin,
8,wind turbin,8: wind turbin,
8,wind turbin,8: wind turbin,
8,wind turbin,8: wind turbin,
8,wind turbin,8: wind turbin,
8,wind turbin,8: wind turbin,
8,wind turbin,8: wind turbin,
8,wind turbin,8: wind turbin,
8,wind turbin,8: wind turbin,
8,wind turbin,8: wind turbin,
8,wind turbin,8: wind turbin,
8,wind turbin,8: wind turbin,
8,wind turbin,8: wind turbin,
8,wind turbin,8: wind turbin,
8,wind turbin,8: wind turbin,
8,wind turbin,8: wind turbin,
8,wind turbin,8: wind turbin,
8,wind turbin,8: wind turbin,
8,wind turbin,8: wind turbin,
8,wind turbin,8: wind turbin,
8,wind turbin,8: wind turbin,
8,wind turbin,8: wind turbin,
8,wind turbin,8: wind turbin,
8,wind turbin,8: wind turbin,
8,wind turbin,8: wind turbin,
8,wind turbin,8: wind turbin,
8,wind turbin,8: wind turbin,
8,wind turbin,8: wind turbin,
8,wind turbin,8: wind turbin,
8,wind turbin,8: wind turbin,
8,wind turbin,8: wind turbin,
8,wind turbin,8: wind turbin,
8,wind turbin,8: wind turbin,
8,wind turbin,8: wind turbin,
8,wind turbin,8: wind turbin,
8,wind turbin,8: wind turbin,
8,wind turbin,8: wind turbin,
8,wind turbin,8: wind turbin,
8,wind turbin,8: wind turbin,
8,wind turbin,8: wind turbin,
8,wind turbin,8: wind turbin,
8,wind turbin,8: wind turbin,
8,wind turbin,8: wind turbin,
8,wind turbin,8: wind turbin,
8,wind turbin,8: wind turbin,
8,wind turbin,8: wind turbin,
8,wind turbin,8: wind turbin,
8,wind turbin,8: wind turbin,
8,wind turbin,8: wind turbin,
8,wind turbin,8: wind turbin,
8,wind turbin,8: wind turbin,
8,wind turbin,8: wind turbin,
8,wind turbin,8: wind turbin,
8,wind turbin,8: wind turbin,
8,wind turbin,8: wind turbin,
8,wind turbin,8: wind turbin,
8,wind turbin,8: wind turbin,
8,wind turbin,8: wind turbin,
8,wind turbin,8: wind turbin,
8,wind turbin,8: wind turbin,
8,wind turbin,8: wind turbin,
8,wind turbin,8: wind turbin,
8,wind turbin,8: wind turbin,
8,wind turbin,8: wind turbin,
8,wind turbin,8: wind turbin,
8,wind turbin,8: wind turbin,
8,wind turbin,8: wind turbin,
8,wind turbin,8: wind turbin,
4,baltic sea,4: baltic sea,
4,baltic sea,4: baltic sea,
4,baltic sea,4: baltic sea,
4,baltic sea,4: baltic sea,
4,baltic sea,4: baltic sea,
4,baltic sea,4: baltic sea,
4,baltic sea,4: baltic sea,
4,baltic sea,4: baltic sea,
4,baltic sea,4: baltic sea,
4,baltic sea,4: baltic sea,
4,baltic sea,4: baltic sea,
4,baltic sea,4: baltic sea,
4,baltic sea,4: baltic sea,
4,baltic sea,4: baltic sea,
4,baltic sea,4: baltic sea,
4,baltic sea,4: baltic sea,
4,baltic sea,4: baltic sea,
4,baltic sea,4: baltic sea,
4,baltic sea,4: baltic sea,
4,baltic sea,4: baltic sea,
4,baltic sea,4: baltic sea,
4,baltic sea,4: baltic sea,
4,baltic sea,4: baltic sea,
4,baltic sea,4: baltic sea,
4,baltic sea,4: baltic sea,
4,baltic sea,4: baltic sea,
4,baltic sea,4: baltic sea,
4,baltic sea,4: baltic sea,
4,baltic sea,4: baltic sea,
4,baltic sea,4: baltic sea,
4,baltic sea,4: baltic sea,
4,baltic sea,4: baltic sea,
4,baltic sea,4: baltic sea,
4,baltic sea,4: baltic sea,
4,baltic sea,4: baltic sea,
4,baltic sea,4: baltic sea,
4,baltic sea,4: baltic sea,
4,baltic sea,4: baltic sea,
4,baltic sea,4: baltic sea,
4,baltic sea,4: baltic sea,
4,baltic sea,4: baltic sea,
4,baltic sea,4: baltic sea,
4,baltic sea,4: baltic sea,
4,baltic sea,4: baltic sea,
4,baltic sea,4: baltic sea,
4,baltic sea,4: baltic sea,
4,baltic sea,4: baltic sea,
4,baltic sea,4: baltic sea,
4,baltic sea,4: baltic sea,
4,baltic sea,4: baltic sea,
4,baltic sea,4: baltic sea,
4,baltic sea,4: baltic sea,
4,baltic sea,4: baltic sea,
4,baltic sea,4: baltic sea,
4,baltic sea,4: baltic sea,
4,baltic sea,4: baltic sea,
4,baltic sea,4: baltic sea,
4,baltic sea,4: baltic sea,
4,baltic sea,4: baltic sea,
4,baltic sea,4: baltic sea,
4,baltic sea,4: baltic sea,
4,baltic sea,4: baltic sea,
4,baltic sea,4: baltic sea,
4,baltic sea,4: baltic sea,
4,baltic sea,4: baltic sea,
4,baltic sea,4: baltic sea,
4,baltic sea,4: baltic sea,
4,baltic sea,4: baltic sea,
4,baltic sea,4: baltic sea,
4,baltic sea,4: baltic sea,
4,baltic sea,4: baltic sea,
4,baltic sea,4: baltic sea,
4,baltic sea,4: baltic sea,
4,baltic sea,4: baltic sea,
4,baltic sea,4: baltic sea,
4,baltic sea,4: baltic sea,
4,baltic sea,4: baltic sea,
4,baltic sea,4: baltic sea,
4,baltic sea,4: baltic sea,
4,baltic sea,4: baltic sea,
4,baltic sea,4: baltic sea,
4,baltic sea,4: baltic sea,
4,baltic sea,4: baltic sea,
4,baltic sea,4: baltic sea,
4,baltic sea,4: baltic sea,
4,baltic sea,4: baltic sea,
4,baltic sea,4: baltic sea,
4,baltic sea,4: baltic sea,
4,baltic sea,4: baltic sea,
4,baltic sea,4: baltic sea,
4,baltic sea,4: baltic sea,
4,baltic sea,4: baltic sea,
4,baltic sea,4: baltic sea,
4,baltic sea,4: baltic sea,
4,baltic sea,4: baltic sea,
4,baltic sea,4: baltic sea,
4,baltic sea,4: baltic sea,
4,baltic sea,4: baltic sea,
4,baltic sea,4: baltic sea,
4,baltic sea,4: baltic sea,
4,baltic sea,4: baltic sea,
4,baltic sea,4: baltic sea,
4,baltic sea,4: baltic sea,
4,baltic sea,4: baltic sea,
4,baltic sea,4: baltic sea,
4,baltic sea,4: baltic sea,
4,baltic sea,4: baltic sea,
4,baltic sea,4: baltic sea,
4,baltic sea,4: baltic sea,
4,baltic sea,4: baltic sea,
4,baltic sea,4: baltic sea,
4,baltic sea,4: baltic sea,
4,baltic sea,4: baltic sea,
4,baltic sea,4: baltic sea,
4,baltic sea,4: baltic sea,
4,baltic sea,4: baltic sea,
4,baltic sea,4: baltic sea,
4,baltic sea,4: baltic sea,
4,baltic sea,4: baltic sea,
4,baltic sea,4: baltic sea,
4,baltic sea,4: baltic sea,
4,baltic sea,4: baltic sea,
4,baltic sea,4: baltic sea,
4,baltic sea,4: baltic sea,
4,baltic sea,4: baltic sea,
4,baltic sea,4: baltic sea,
4,baltic sea,4: baltic sea,
4,baltic sea,4: baltic sea,
4,baltic sea,4: baltic sea,
4,baltic sea,4: baltic sea,
4,baltic sea,4: baltic sea,
4,baltic sea,4: baltic sea,
4,baltic sea,4: baltic sea,
4,baltic sea,4: baltic sea,
4,baltic sea,4: baltic sea,
4,baltic sea,4: baltic sea,
4,baltic sea,4: baltic sea,
4,baltic sea,4: baltic sea,
8,wind turbin,8: wind turbin,
8,wind turbin,8: wind turbin,
8,wind turbin,8: wind turbin,
8,wind turbin,8: wind turbin,
8,wind turbin,8: wind turbin,
8,wind turbin,8: wind turbin,
8,wind turbin,8: wind turbin,
8,wind turbin,8: wind turbin,
8,wind turbin,8: wind turbin,
8,wind turbin,8: wind turbin,
8,wind turbin,8: wind turbin,
8,wind turbin,8: wind turbin,
8,wind turbin,8: wind turbin,
8,wind turbin,8: wind turbin,
8,wind turbin,8: wind turbin,
8,wind turbin,8: wind turbin,
8,wind turbin,8: wind turbin,
8,wind turbin,8: wind turbin,
8,wind turbin,8: wind turbin,
8,wind turbin,8: wind turbin,
8,wind turbin,8: wind turbin,
8,wind turbin,8: wind turbin,
8,wind turbin,8: wind turbin,
8,wind turbin,8: wind turbin,
8,wind turbin,8: wind turbin,
8,wind turbin,8: wind turbin,
8,wind turbin,8: wind turbin,
8,wind turbin,8: wind turbin,
8,wind turbin,8: wind turbin,
8,wind turbin,8: wind turbin,
8,wind turbin,8: wind turbin,
8,wind turbin,8: wind turbin,
8,wind turbin,8: wind turbin,
8,wind turbin,8: wind turbin,
8,wind turbin,8: wind turbin,
8,wind turbin,8: wind turbin,
8,wind turbin,8: wind turbin,
8,wind turbin,8: wind turbin,
8,wind turbin,8: wind turbin,
8,wind turbin,8: wind turbin,
8,wind turbin,8: wind turbin,
8,wind turbin,8: wind turbin,
8,wind turbin,8: wind turbin,
8,wind turbin,8: wind turbin,
8,wind turbin,8: wind turbin,
8,wind turbin,8: wind turbin,
8,wind turbin,8: wind turbin,
8,wind turbin,8: wind turbin,
8,wind turbin,8: wind turbin,
8,wind turbin,8: wind turbin,
8,wind turbin,8: wind turbin,
8,wind turbin,8: wind turbin,
8,wind turbin,8: wind turbin,
8,wind turbin,8: wind turbin,
8,wind turbin,8: wind turbin,
8,wind turbin,8: wind turbin,
8,wind turbin,8: wind turbin,
8,wind turbin,8: wind turbin,
8,wind turbin,8: wind turbin,
8,wind turbin,8: wind turbin,
8,wind turbin,8: wind turbin,
8,wind turbin,8: wind turbin,
8,wind turbin,8: wind turbin,
8,wind turbin,8: wind turbin,
8,wind turbin,8: wind turbin,
8,wind turbin,8: wind turbin,
8,wind turbin,8: wind turbin,
8,wind turbin,8: wind turbin,
8,wind turbin,8: wind turbin,
8,wind turbin,8: wind turbin,
8,wind turbin,8: wind turbin,
8,wind turbin,8: wind turbin,
8,wind turbin,8: wind turbin,
8,wind turbin,8: wind turbin,
8,wind turbin,8: wind turbin,
8,wind turbin,8: wind turbin,
8,wind turbin,8: wind turbin,
8,wind turbin,8: wind turbin,
8,wind turbin,8: wind turbin,
8,wind turbin,8: wind turbin,
8,wind turbin,8: wind turbin,
8,wind turbin,8: wind turbin,
8,wind turbin,8: wind turbin,
8,wind turbin,8: wind turbin,
8,wind turbin,8: wind turbin,
8,wind turbin,8: wind turbin,
8,wind turbin,8: wind turbin,
8,wind turbin,8: wind turbin,
8,wind turbin,8: wind turbin,
8,wind turbin,8: wind turbin,
8,wind turbin,8: wind turbin,
8,wind turbin,8: wind turbin,
8,wind turbin,8: wind turbin,
8,wind turbin,8: wind turbin,
8,wind turbin,8: wind turbin,
8,wind turbin,8: wind turbin,
8,wind turbin,8: wind turbin,
8,wind turbin,8: wind turbin,
8,wind turbin,8: wind turbin,
8,wind turbin,8: wind turbin,
8,wind turbin,8: wind turbin,
8,wind turbin,8: wind turbin,
8,wind turbin,8: wind turbin,
8,wind turbin,8: wind turbin,
8,wind turbin,8: wind turbin,
8,wind turbin,8: wind turbin,
8,wind turbin,8: wind turbin,
8,wind turbin,8: wind turbin,
8,wind turbin,8: wind turbin,
8,wind turbin,8: wind turbin,
8,wind turbin,8: wind turbin,
8,wind turbin,8: wind turbin,
8,wind turbin,8: wind turbin,
8,wind turbin,8: wind turbin,
8,wind turbin,8: wind turbin,
8,wind turbin,8: wind turbin,
8,wind turbin,8: wind turbin,
8,wind turbin,8: wind turbin,
8,wind turbin,8: wind turbin,
8,wind turbin,8: wind turbin,
8,wind turbin,8: wind turbin,
8,wind turbin,8: wind turbin,
8,wind turbin,8: wind turbin,
8,wind turbin,8: wind turbin,
8,wind turbin,8: wind turbin,
8,wind turbin,8: wind turbin,
8,wind turbin,8: wind turbin,
8,wind turbin,8: wind turbin,
8,wind turbin,8: wind turbin,
8,wind turbin,8: wind turbin,
0,energi island,0: energi island,
0,energi island,0: energi island,
0,energi island,0: energi island,
0,energi island,0: energi island,
0,energi island,0: energi island,
0,energi island,0: energi island,
0,energi island,0: energi island,
0,energi island,0: energi island,
0,energi island,0: energi island,
0,energi island,0: energi island,
0,energi island,0: energi island,
0,energi island,0: energi island,
0,energi island,0: energi island,
0,energi island,0: energi island,
0,energi island,0: energi island,
0,energi island,0: energi island,
0,energi island,0: energi island,
0,energi island,0: energi island,
0,energi island,0: energi island,
0,energi island,0: energi island,
0,energi island,0: energi island,
0,energi island,0: energi island,
0,energi island,0: energi island,
0,energi island,0: energi island,
0,energi island,0: energi island,
0,energi island,0: energi island,
0,energi island,0: energi island,
0,energi island,0: energi island,
0,energi island,0: energi island,
0,energi island,0: energi island,
0,energi island,0: energi island,
0,energi island,0: energi island,
0,energi island,0: energi island,
0,energi island,0: energi island,
0,energi island,0: energi island,
0,energi island,0: energi island,
0,energi island,0: energi island,
0,energi island,0: energi island,
0,energi island,0: energi island,
0,energi island,0: energi island,
0,energi island,0: energi island,
0,energi island,0: energi island,
0,energi island,0: energi island,
0,energi island,0: energi island,
0,energi island,0: energi island,
0,energi island,0: energi island,
0,energi island,0: energi island,
0,energi island,0: energi island,
0,energi island,0: energi island,
0,energi island,0: energi island,
0,energi island,0: energi island,
0,energi island,0: energi island,
0,energi island,0: energi island,
0,energi island,0: energi island,
0,energi island,0: energi island,
0,energi island,0: energi island,
0,energi island,0: energi island,
0,energi island,0: energi island,
0,energi island,0: energi island,
0,energi island,0: energi island,
0,energi island,0: energi island,
0,energi island,0: energi island,
0,energi island,0: energi island,
0,energi island,0: energi island,
0,energi island,0: energi island,
0,energi island,0: energi island,
0,energi island,0: energi island,
0,energi island,0: energi island,
0,energi island,0: energi island,
0,energi island,0: energi island,
0,energi island,0: energi island,
0,energi island,0: energi island,
0,energi island,0: energi island,
0,energi island,0: energi island,
0,energi island,0: energi island,
0,energi island,0: energi island,
0,energi island,0: energi island,
0,energi island,0: energi island,
0,energi island,0: energi island,
0,energi island,0: energi island,
0,energi island,0: energi island,
0,energi island,0: energi island,
0,energi island,0: energi island,
0,energi island,0: energi island,
0,energi island,0: energi island,
0,energi island,0: energi island,
0,energi island,0: energi island,
0,energi island,0: energi island,
0,energi island,0: energi island,
0,energi island,0: energi island,
0,energi island,0: energi island,
0,energi island,0: energi island,
0,energi island,0: energi island,
0,energi island,0: energi island,
0,energi island,0: energi island,
0,energi island,0: energi island,
0,energi island,0: energi island,
0,energi island,0: energi island,
0,energi island,0: energi island,
0,energi island,0: energi island,
0,energi island,0: energi island,
0,energi island,0: energi island,
0,energi island,0: energi island,
0,energi island,0: energi island,
0,energi island,0: energi island,
0,energi island,0: energi island,
0,energi island,0: energi island,
0,energi island,0: energi island,
0,energi island,0: energi island,
0,energi island,0: energi island,
0,energi island,0: energi island,
0,energi island,0: energi island,
0,energi island,0: energi island,
0,energi island,0: energi island,
0,energi island,0: energi island,
0,energi island,0: energi island,
0,energi island,0: energi island,
0,energi island,0: energi island,
0,energi island,0: energi island,
0,energi island,0: energi island,
0,energi island,0: energi island,
0,energi island,0: energi island,
0,energi island,0: energi island,
0,energi island,0: energi island,
0,energi island,0: energi island,
0,energi island,0: energi island,
0,energi island,0: energi island,
0,energi island,0: energi island,
0,energi island,0: energi island,
0,energi island,0: energi island,
0,energi island,0: energi island,
0,energi island,0: energi island,
0,energi island,0: energi island,
0,energi island,0: energi island,
0,energi island,0: energi island,
0,energi island,0: energi island,
0,energi island,0: energi island,
0,energi island,0: energi island,
0,energi island,0: energi island,
0,energi island,0: energi island,
0,energi island,0: energi island,
0,energi island,0: energi island,
0,energi island,0: energi island,
0,energi island,0: energi island,
0,energi island,0: energi island,
0,energi island,0: energi island,
0,energi island,0: energi island,
0,energi island,0: energi island,
0,energi island,0: energi island,
0,energi island,0: energi island,
0,energi island,0: energi island,
0,energi island,0: energi island,
0,energi island,0: energi island,
0,energi island,0: energi island,
0,energi island,0: energi island,
0,energi island,0: energi island,
0,energi island,0: energi island,
2,municip council,2: municip council,
2,municip council,2: municip council,
2,municip council,2: municip council,
2,municip council,2: municip council,
2,municip council,2: municip council,
2,municip council,2: municip council,
2,municip council,2: municip council,
2,municip council,2: municip council,
2,municip council,2: municip council,
2,municip council,2: municip council,
2,municip council,2: municip council,
2,municip council,2: municip council,
2,municip council,2: municip council,
2,municip council,2: municip council,
2,municip council,2: municip council,
2,municip council,2: municip council,
2,municip council,2: municip council,
2,municip council,2: municip council,
2,municip council,2: municip council,
2,municip council,2: municip council,
2,municip council,2: municip council,
2,municip council,2: municip council,
2,municip council,2: municip council,
2,municip council,2: municip council,
2,municip council,2: municip council,
2,municip council,2: municip council,
2,municip council,2: municip council,
2,municip council,2: municip council,
2,municip council,2: municip council,
2,municip council,2: municip council,
2,municip council,2: municip council,
2,municip council,2: municip council,
2,municip council,2: municip council,
2,municip council,2: municip council,
2,municip council,2: municip council,
2,municip council,2: municip council,
2,municip council,2: municip council,
2,municip council,2: municip council,
2,municip council,2: municip council,
2,municip council,2: municip council,
2,municip council,2: municip council,
2,municip council,2: municip council,
2,municip council,2: municip council,
2,municip council,2: municip council,
2,municip council,2: municip council,
2,municip council,2: municip council,
2,municip council,2: municip council,
2,municip council,2: municip council,
2,municip council,2: municip council,
2,municip council,2: municip council,
2,municip council,2: municip council,
2,municip council,2: municip council,
2,municip council,2: municip council,
2,municip council,2: municip council,
2,municip council,2: municip council,
2,municip council,2: municip council,
2,municip council,2: municip council,
2,municip council,2: municip council,
2,municip council,2: municip council,
2,municip council,2: municip council,
2,municip council,2: municip council,
2,municip council,2: municip council,
2,municip council,2: municip council,
2,municip council,2: municip council,
2,municip council,2: municip council,
2,municip council,2: municip council,
2,municip council,2: municip council,
2,municip council,2: municip council,
2,municip council,2: municip council,
2,municip council,2: municip council,
2,municip council,2: municip council,
2,municip council,2: municip council,
2,municip council,2: municip council,
2,municip council,2: municip council,
2,municip council,2: municip council,
2,municip council,2: municip council,
2,municip council,2: municip council,
2,municip council,2: municip council,
2,municip council,2: municip council,
2,municip council,2: municip council,
2,municip council,2: municip council,
2,municip council,2: municip council,
2,municip council,2: municip council,
2,municip council,2: municip council,
2,municip council,2: municip council,
2,municip council,2: municip council,
2,municip council,2: municip council,
2,municip council,2: municip council,
2,municip council,2: municip council,
2,municip council,2: municip council,
2,municip council,2: municip council,
2,municip council,2: municip council,
2,municip council,2: municip council,
2,municip council,2: municip council,
2,municip council,2: municip council,
2,municip council,2: municip council,
2,municip council,2: municip council,
2,municip council,2: municip council,
2,municip council,2: municip council,
2,municip council,2: municip council,
2,municip council,2: municip council,
2,municip council,2: municip council,
2,municip council,2: municip council,
2,municip council,2: municip council,
2,municip council,2: municip council,
2,municip council,2: municip council,
2,municip council,2: municip council,
2,municip council,2: municip council,
2,municip council,2: municip council,
2,municip council,2: municip council,
2,municip council,2: municip council,
2,municip council,2: municip council,
2,municip council,2: municip council,
2,municip council,2: municip council,
2,municip council,2: municip council,
2,municip council,2: municip council,
2,municip council,2: municip council,
2,municip council,2: municip council,
2,municip council,2: municip council,
2,municip council,2: municip council,
2,municip council,2: municip council,
2,municip council,2: municip council,
2,municip council,2: municip council,
2,municip council,2: municip council,
2,municip council,2: municip council,
2,municip council,2: municip council,
2,municip council,2: municip council,
2,municip council,2: municip council,
2,municip council,2: municip council,
2,municip council,2: municip council,
2,municip council,2: municip council,
2,municip council,2: municip council,
2,municip council,2: municip council,
2,municip council,2: municip council,
2,municip council,2: municip council,
2,municip council,2: municip council,
2,municip council,2: municip council,
2,municip council,2: municip council,
2,municip council,2: municip council,
2,municip council,2: municip council,
2,municip council,2: municip council,
2,municip council,2: municip council,
2,municip council,2: municip council,
2,municip council,2: municip council,
2,municip council,2: municip council,
2,municip council,2: municip council,
2,municip council,2: municip council,
2,municip council,2: municip council,
2,municip council,2: municip council,
2,municip council,2: municip council,
2,municip council,2: municip council,
2,municip council,2: municip council,
2,municip council,2: municip council,
2,municip council,2: municip council,
2,municip council,2: municip council,
2,municip council,2: municip council,
0,energi island,0: energi island,
0,energi island,0: energi island,
0,energi island,0: energi island,
0,energi island,0: energi island,
0,energi island,0: energi island,
0,energi island,0: energi island,
0,energi island,0: energi island,
0,energi island,0: energi island,
0,energi island,0: energi island,
0,energi island,0: energi island,
0,energi island,0: energi island,
0,energi island,0: energi island,
0,energi island,0: energi island,
0,energi island,0: energi island,
0,energi island,0: energi island,
0,energi island,0: energi island,
0,energi island,0: energi island,
0,energi island,0: energi island,
0,energi island,0: energi island,
0,energi island,0: energi island,
0,energi island,0: energi island,
0,energi island,0: energi island,
0,energi island,0: energi island,
0,energi island,0: energi island,
0,energi island,0: energi island,
0,energi island,0: energi island,
0,energi island,0: energi island,
0,energi island,0: energi island,
0,energi island,0: energi island,
0,energi island,0: energi island,
0,energi island,0: energi island,
0,energi island,0: energi island,
0,energi island,0: energi island,
0,energi island,0: energi island,
0,energi island,0: energi island,
0,energi island,0: energi island,
0,energi island,0: energi island,
0,energi island,0: energi island,
0,energi island,0: energi island,
0,energi island,0: energi island,
0,energi island,0: energi island,
0,energi island,0: energi island,
0,energi island,0: energi island,
0,energi island,0: energi island,
0,energi island,0: energi island,
0,energi island,0: energi island,
0,energi island,0: energi island,
0,energi island,0: energi island,
0,energi island,0: energi island,
0,energi island,0: energi island,
0,energi island,0: energi island,
0,energi island,0: energi island,
0,energi island,0: energi island,
0,energi island,0: energi island,
0,energi island,0: energi island,
0,energi island,0: energi island,
0,energi island,0: energi island,
0,energi island,0: energi island,
0,energi island,0: energi island,
0,energi island,0: energi island,
0,energi island,0: energi island,
0,energi island,0: energi island,
0,energi island,0: energi island,
0,energi island,0: energi island,
0,energi island,0: energi island,
0,energi island,0: energi island,
0,energi island,0: energi island,
0,energi island,0: energi island,
0,energi island,0: energi island,
0,energi island,0: energi island,
0,energi island,0: energi island,
0,energi island,0: energi island,
0,energi island,0: energi island,
0,energi island,0: energi island,
0,energi island,0: energi island,
0,energi island,0: energi island,
0,energi island,0: energi island,
0,energi island,0: energi island,
0,energi island,0: energi island,
0,energi island,0: energi island,
0,energi island,0: energi island,
0,energi island,0: energi island,
0,energi island,0: energi island,
0,energi island,0: energi island,
0,energi island,0: energi island,
0,energi island,0: energi island,
0,energi island,0: energi island,
0,energi island,0: energi island,
0,energi island,0: energi island,
0,energi island,0: energi island,
0,energi island,0: energi island,
0,energi island,0: energi island,
0,energi island,0: energi island,
0,energi island,0: energi island,
0,energi island,0: energi island,
0,energi island,0: energi island,
0,energi island,0: energi island,
0,energi island,0: energi island,
0,energi island,0: energi island,
0,energi island,0: energi island,
0,energi island,0: energi island,
0,energi island,0: energi island,
0,energi island,0: energi island,
0,energi island,0: energi island,
0,energi island,0: energi island,
0,energi island,0: energi island,
0,energi island,0: energi island,
0,energi island,0: energi island,
0,energi island,0: energi island,
0,energi island,0: energi island,
0,energi island,0: energi island,
0,energi island,0: energi island,
0,energi island,0: energi island,
0,energi island,0: energi island,
0,energi island,0: energi island,
0,energi island,0: energi island,
0,energi island,0: energi island,
0,energi island,0: energi island,
0,energi island,0: energi island,
0,energi island,0: energi island,
0,energi island,0: energi island,
0,energi island,0: energi island,
0,energi island,0: energi island,
0,energi island,0: energi island,
0,energi island,0: energi island,
0,energi island,0: energi island,
0,energi island,0: energi island,
0,energi island,0: energi island,
0,energi island,0: energi island,
0,energi island,0: energi island,
0,energi island,0: energi island,
0,energi island,0: energi island,
0,energi island,0: energi island,
0,energi island,0: energi island,
0,energi island,0: energi island,
0,energi island,0: energi island,
0,energi island,0: energi island,
0,energi island,0: energi island,
0,energi island,0: energi island,
0,energi island,0: energi island,
0,energi island,0: energi island,
0,energi island,0: energi island,
0,energi island,0: energi island,
0,energi island,0: energi island,
0,energi island,0: energi island,
0,energi island,0: energi island,
0,energi island,0: energi island,
0,energi island,0: energi island,
0,energi island,0: energi island,
0,energi island,0: energi island,
0,energi island,0: energi island,
0,energi island,0: energi island,
0,energi island,0: energi island,
0,energi island,0: energi island,
0,energi island,0: energi island,
0,energi island,0: energi island,
0,energi island,0: energi island,
0,energi island,0: energi island,
0,energi island,0: energi island,
0,energi island,0: energi island,
0,energi island,0: energi island,
0,energi island,0: energi island,
0,energi island,0: energi island,
0,energi island,0: energi island,
0,energi island,0: energi island,
0,energi island,0: energi island,
0,energi island,0: energi island,
0,energi island,0: energi island,
0,energi island,0: energi island,
0,energi island,0: energi island,
0,energi island,0: energi island,
0,energi island,0: energi island,
0,energi island,0: energi island,
0,energi island,0: energi island,
0,energi island,0: energi island,
0,energi island,0: energi island,
0,energi island,0: energi island,
0,energi island,0: energi island,
0,energi island,0: energi island,
0,energi island,0: energi island,
0,energi island,0: energi island,
0,energi island,0: energi island,
0,energi island,0: energi island,
0,energi island,0: energi island,
0,energi island,0: energi island,
0,energi island,0: energi island,
0,energi island,0: energi island,
0,energi island,0: energi island,
0,energi island,0: energi island,
0,energi island,0: energi island,
0,energi island,0: energi island,
0,energi island,0: energi island,
0,energi island,0: energi island,
0,energi island,0: energi island,
0,energi island,0: energi island,
0,energi island,0: energi island,
0,energi island,0: energi island,
0,energi island,0: energi island,
0,energi island,0: energi island,
0,energi island,0: energi island,
0,energi island,0: energi island,
0,energi island,0: energi island,
0,energi island,0: energi island,
0,energi island,0: energi island,
0,energi island,0: energi island,
0,energi island,0: energi island,
0,energi island,0: energi island,
0,energi island,0: energi island,
0,energi island,0: energi island,
0,energi island,0: energi island,
0,energi island,0: energi island,
0,energi island,0: energi island,
0,energi island,0: energi island,
0,energi island,0: energi island,
0,energi island,0: energi island,
0,energi island,0: energi island,
0,energi island,0: energi island,
0,energi island,0: energi island,
0,energi island,0: energi island,
0,energi island,0: energi island,
0,energi island,0: energi island,
0,energi island,0: energi island,
0,energi island,0: energi island,
0,energi island,0: energi island,
0,energi island,0: energi island,
0,energi island,0: energi island,
0,energi island,0: energi island,
0,energi island,0: energi island,
0,energi island,0: energi island,
0,energi island,0: energi island,
0,energi island,0: energi island,
0,energi island,0: energi island,
0,energi island,0: energi island,
0,energi island,0: energi island,
0,energi island,0: energi island,
0,energi island,0: energi island,
0,energi island,0: energi island,
0,energi island,0: energi island,
0,energi island,0: energi island,
0,energi island,0: energi island,
0,energi island,0: energi island,
0,energi island,0: energi island,
0,energi island,0: energi island,
0,energi island,0: energi island,
0,energi island,0: energi island,
0,energi island,0: energi island,
0,energi island,0: energi island,
0,energi island,0: energi island,
0,energi island,0: energi island,
0,energi island,0: energi island,
0,energi island,0: energi island,
0,energi island,0: energi island,
0,energi island,0: energi island,
0,energi island,0: energi island,
0,energi island,0: energi island,
0,energi island,0: energi island,
0,energi island,0: energi island,
0,energi island,0: energi island,
0,energi island,0: energi island,
0,energi island,0: energi island,
0,energi island,0: energi island,
0,energi island,0: energi island,
0,energi island,0: energi island,
0,energi island,0: energi island,
0,energi island,0: energi island,
0,energi island,0: energi island,
0,energi island,0: energi island,
0,energi island,0: energi island,
0,energi island,0: energi island,
0,energi island,0: energi island,
0,energi island,0: energi island,
0,energi island,0: energi island,
0,energi island,0: energi island,
0,energi island,0: energi island,
0,energi island,0: energi island,
0,energi island,0: energi island,
0,energi island,0: energi island,
0,energi island,0: energi island,
0,energi island,0: energi island,
0,energi island,0: energi island,
0,energi island,0: energi island,
0,energi island,0: energi island,
0,energi island,0: energi island,
0,energi island,0: energi island,
0,energi island,0: energi island,
0,energi island,0: energi island,
0,energi island,0: energi island,
0,energi island,0: energi island,
0,energi island,0: energi island,
0,energi island,0: energi island,
0,energi island,0: energi island,
0,energi island,0: energi island,
0,energi island,0: energi island,
0,energi island,0: energi island,
0,energi island,0: energi island,
0,energi island,0: energi island,
0,energi island,0: energi island,
0,energi island,0: energi island,
0,energi island,0: energi island,
0,energi island,0: energi island,
0,energi island,0: energi island,
0,energi island,0: energi island,
0,energi island,0: energi island,
0,energi island,0: energi island,
0,energi island,0: energi island,
0,energi island,0: energi island,
0,energi island,0: energi island,
0,energi island,0: energi island,
0,energi island,0: energi island,
0,energi island,0: energi island,
0,energi island,0: energi island,
0,energi island,0: energi island,
0,energi island,0: energi island,
0,energi island,0: energi island,
2,municip council,2: municip council,
2,municip council,2: municip council,
2,municip council,2: municip council,
2,municip council,2: municip council,
2,municip council,2: municip council,
2,municip council,2: municip council,
2,municip council,2: municip council,
2,municip council,2: municip council,
2,municip council,2: municip council,
2,municip council,2: municip council,
2,municip council,2: municip council,
2,municip council,2: municip council,
2,municip council,2: municip council,
2,municip council,2: municip council,
2,municip council,2: municip council,
2,municip council,2: municip council,
2,municip council,2: municip council,
2,municip council,2: municip council,
2,municip council,2: municip council,
2,municip council,2: municip council,
2,municip council,2: municip council,
2,municip council,2: municip council,
2,municip council,2: municip council,
2,municip council,2: municip council,
2,municip council,2: municip council,
2,municip council,2: municip council,
2,municip council,2: municip council,
2,municip council,2: municip council,
2,municip council,2: municip council,
2,municip council,2: municip council,
2,municip council,2: municip council,
2,municip council,2: municip council,
2,municip council,2: municip council,
2,municip council,2: municip council,
2,municip council,2: municip council,
2,municip council,2: municip council,
2,municip council,2: municip council,
2,municip council,2: municip council,
2,municip council,2: municip council,
2,municip council,2: municip council,
2,municip council,2: municip council,
2,municip council,2: municip council,
2,municip council,2: municip council,
2,municip council,2: municip council,
2,municip council,2: municip council,
2,municip council,2: municip council,
2,municip council,2: municip council,
2,municip council,2: municip council,
2,municip council,2: municip council,
2,municip council,2: municip council,
2,municip council,2: municip council,
2,municip council,2: municip council,
2,municip council,2: municip council,
2,municip council,2: municip council,
2,municip council,2: municip council,
2,municip council,2: municip council,
2,municip council,2: municip council,
2,municip council,2: municip council,
2,municip council,2: municip council,
2,municip council,2: municip council,
2,municip council,2: municip council,
2,municip council,2: municip council,
2,municip council,2: municip council,
2,municip council,2: municip council,
2,municip council,2: municip council,
2,municip council,2: municip council,
2,municip council,2: municip council,
2,municip council,2: municip council,
2,municip council,2: municip council,
2,municip council,2: municip council,
2,municip council,2: municip council,
2,municip council,2: municip council,
2,municip council,2: municip council,
2,municip council,2: municip council,
2,municip council,2: municip council,
2,municip council,2: municip council,
2,municip council,2: municip council,
2,municip council,2: municip council,
2,municip council,2: municip council,
2,municip council,2: municip council,
2,municip council,2: municip council,
2,municip council,2: municip council,
2,municip council,2: municip council,
2,municip council,2: municip council,
2,municip council,2: municip council,
2,municip council,2: municip council,
2,municip council,2: municip council,
2,municip council,2: municip council,
2,municip council,2: municip council,
2,municip council,2: municip council,
2,municip council,2: municip council,
2,municip council,2: municip council,
2,municip council,2: municip council,
2,municip council,2: municip council,
2,municip council,2: municip council,
2,municip council,2: municip council,
2,municip council,2: municip council,
2,municip council,2: municip council,
2,municip council,2: municip council,
2,municip council,2: municip council,
2,municip council,2: municip council,
2,municip council,2: municip council,
2,municip council,2: municip council,
2,municip council,2: municip council,
2,municip council,2: municip council,
2,municip council,2: municip council,
2,municip council,2: municip council,
2,municip council,2: municip council,
2,municip council,2: municip council,
2,municip council,2: municip council,
2,municip council,2: municip council,
2,municip council,2: municip council,
2,municip council,2: municip council,
2,municip council,2: municip council,
2,municip council,2: municip council,
2,municip council,2: municip council,
2,municip council,2: municip council,
2,municip council,2: municip council,
2,municip council,2: municip council,
2,municip council,2: municip council,
2,municip council,2: municip council,
2,municip council,2: municip council,
2,municip council,2: municip council,
2,municip council,2: municip council,
2,municip council,2: municip council,
2,municip council,2: municip council,
2,municip council,2: municip council,
2,municip council,2: municip council,
2,municip council,2: municip council,
2,municip council,2: municip council,
2,municip council,2: municip council,
2,municip council,2: municip council,
2,municip council,2: municip council,
2,municip council,2: municip council,
2,municip council,2: municip council,
2,municip council,2: municip council,
2,municip council,2: municip council,
2,municip council,2: municip council,
2,municip council,2: municip council,
2,municip council,2: municip council,
2,municip council,2: municip council,
2,municip council,2: municip council,
2,municip council,2: municip council,
2,municip council,2: municip council,
2,municip council,2: municip council,
2,municip council,2: municip council,
2,municip council,2: municip council,
2,municip council,2: municip council,
2,municip council,2: municip council,
2,municip council,2: municip council,
2,municip council,2: municip council,
2,municip council,2: municip council,
2,municip council,2: municip council,
2,municip council,2: municip council,
2,municip council,2: municip council,
2,municip council,2: municip council,
3,offshor wind,3: offshor wind,
3,offshor wind,3: offshor wind,
3,offshor wind,3: offshor wind,
3,offshor wind,3: offshor wind,
3,offshor wind,3: offshor wind,
3,offshor wind,3: offshor wind,
3,offshor wind,3: offshor wind,
3,offshor wind,3: offshor wind,
3,offshor wind,3: offshor wind,
3,offshor wind,3: offshor wind,
3,offshor wind,3: offshor wind,
3,offshor wind,3: offshor wind,
3,offshor wind,3: offshor wind,
3,offshor wind,3: offshor wind,
3,offshor wind,3: offshor wind,
3,offshor wind,3: offshor wind,
3,offshor wind,3: offshor wind,
3,offshor wind,3: offshor wind,
3,offshor wind,3: offshor wind,
3,offshor wind,3: offshor wind,
3,offshor wind,3: offshor wind,
3,offshor wind,3: offshor wind,
3,offshor wind,3: offshor wind,
3,offshor wind,3: offshor wind,
3,offshor wind,3: offshor wind,
3,offshor wind,3: offshor wind,
3,offshor wind,3: offshor wind,
3,offshor wind,3: offshor wind,
3,offshor wind,3: offshor wind,
3,offshor wind,3: offshor wind,
3,offshor wind,3: offshor wind,
3,offshor wind,3: offshor wind,
3,offshor wind,3: offshor wind,
3,offshor wind,3: offshor wind,
3,offshor wind,3: offshor wind,
3,offshor wind,3: offshor wind,
3,offshor wind,3: offshor wind,
3,offshor wind,3: offshor wind,
3,offshor wind,3: offshor wind,
3,offshor wind,3: offshor wind,
3,offshor wind,3: offshor wind,
3,offshor wind,3: offshor wind,
3,offshor wind,3: offshor wind,
3,offshor wind,3: offshor wind,
3,offshor wind,3: offshor wind,
3,offshor wind,3: offshor wind,
3,offshor wind,3: offshor wind,
3,offshor wind,3: offshor wind,
3,offshor wind,3: offshor wind,
3,offshor wind,3: offshor wind,
3,offshor wind,3: offshor wind,
3,offshor wind,3: offshor wind,
3,offshor wind,3: offshor wind,
3,offshor wind,3: offshor wind,
3,offshor wind,3: offshor wind,
3,offshor wind,3: offshor wind,
3,offshor wind,3: offshor wind,
3,offshor wind,3: offshor wind,
3,offshor wind,3: offshor wind,
3,offshor wind,3: offshor wind,
3,offshor wind,3: offshor wind,
3,offshor wind,3: offshor wind,
3,offshor wind,3: offshor wind,
3,offshor wind,3: offshor wind,
3,offshor wind,3: offshor wind,
3,offshor wind,3: offshor wind,
3,offshor wind,3: offshor wind,
3,offshor wind,3: offshor wind,
3,offshor wind,3: offshor wind,
3,offshor wind,3: offshor wind,
3,offshor wind,3: offshor wind,
3,offshor wind,3: offshor wind,
3,offshor wind,3: offshor wind,
3,offshor wind,3: offshor wind,
3,offshor wind,3: offshor wind,
3,offshor wind,3: offshor wind,
3,offshor wind,3: offshor wind,
3,offshor wind,3: offshor wind,
3,offshor wind,3: offshor wind,
3,offshor wind,3: offshor wind,
3,offshor wind,3: offshor wind,
3,offshor wind,3: offshor wind,
3,offshor wind,3: offshor wind,
3,offshor wind,3: offshor wind,
3,offshor wind,3: offshor wind,
3,offshor wind,3: offshor wind,
3,offshor wind,3: offshor wind,
3,offshor wind,3: offshor wind,
3,offshor wind,3: offshor wind,
3,offshor wind,3: offshor wind,
3,offshor wind,3: offshor wind,
3,offshor wind,3: offshor wind,
3,offshor wind,3: offshor wind,
3,offshor wind,3: offshor wind,
3,offshor wind,3: offshor wind,
3,offshor wind,3: offshor wind,
3,offshor wind,3: offshor wind,
3,offshor wind,3: offshor wind,
3,offshor wind,3: offshor wind,
3,offshor wind,3: offshor wind,
3,offshor wind,3: offshor wind,
3,offshor wind,3: offshor wind,
3,offshor wind,3: offshor wind,
3,offshor wind,3: offshor wind,
3,offshor wind,3: offshor wind,
3,offshor wind,3: offshor wind,
3,offshor wind,3: offshor wind,
3,offshor wind,3: offshor wind,
3,offshor wind,3: offshor wind,
3,offshor wind,3: offshor wind,
3,offshor wind,3: offshor wind,
3,offshor wind,3: offshor wind,
3,offshor wind,3: offshor wind,
6,energiø bornholm,6: energiø bornholm,
6,energiø bornholm,6: energiø bornholm,
6,energiø bornholm,6: energiø bornholm,
6,energiø bornholm,6: energiø bornholm,
6,energiø bornholm,6: energiø bornholm,
6,energiø bornholm,6: energiø bornholm,
6,energiø bornholm,6: energiø bornholm,
6,energiø bornholm,6: energiø bornholm,
6,energiø bornholm,6: energiø bornholm,
6,energiø bornholm,6: energiø bornholm,
6,energiø bornholm,6: energiø bornholm,
6,energiø bornholm,6: energiø bornholm,
6,energiø bornholm,6: energiø bornholm,
6,energiø bornholm,6: energiø bornholm,
6,energiø bornholm,6: energiø bornholm,
6,energiø bornholm,6: energiø bornholm,
6,energiø bornholm,6: energiø bornholm,
6,energiø bornholm,6: energiø bornholm,
6,energiø bornholm,6: energiø bornholm,
6,energiø bornholm,6: energiø bornholm,
6,energiø bornholm,6: energiø bornholm,
6,energiø bornholm,6: energiø bornholm,
6,energiø bornholm,6: energiø bornholm,
6,energiø bornholm,6: energiø bornholm,
6,energiø bornholm,6: energiø bornholm,
6,energiø bornholm,6: energiø bornholm,
6,energiø bornholm,6: energiø bornholm,
6,energiø bornholm,6: energiø bornholm,
6,energiø bornholm,6: energiø bornholm,
6,energiø bornholm,6: energiø bornholm,
6,energiø bornholm,6: energiø bornholm,
6,energiø bornholm,6: energiø bornholm,
6,energiø bornholm,6: energiø bornholm,
6,energiø bornholm,6: energiø bornholm,
6,energiø bornholm,6: energiø bornholm,
6,energiø bornholm,6: energiø bornholm,
6,energiø bornholm,6: energiø bornholm,
6,energiø bornholm,6: energiø bornholm,
6,energiø bornholm,6: energiø bornholm,
6,energiø bornholm,6: energiø bornholm,
6,energiø bornholm,6: energiø bornholm,
6,energiø bornholm,6: energiø bornholm,
6,energiø bornholm,6: energiø bornholm,
6,energiø bornholm,6: energiø bornholm,
6,energiø bornholm,6: energiø bornholm,
6,energiø bornholm,6: energiø bornholm,
6,energiø bornholm,6: energiø bornholm,
6,energiø bornholm,6: energiø bornholm,
6,energiø bornholm,6: energiø bornholm,
6,energiø bornholm,6: energiø bornholm,
6,energiø bornholm,6: energiø bornholm,
6,energiø bornholm,6: energiø bornholm,
6,energiø bornholm,6: energiø bornholm,
6,energiø bornholm,6: energiø bornholm,
6,energiø bornholm,6: energiø bornholm,
6,energiø bornholm,6: energiø bornholm,
6,energiø bornholm,6: energiø bornholm,
6,energiø bornholm,6: energiø bornholm,
6,energiø bornholm,6: energiø bornholm,
6,energiø bornholm,6: energiø bornholm,
6,energiø bornholm,6: energiø bornholm,
6,energiø bornholm,6: energiø bornholm,
6,energiø bornholm,6: energiø bornholm,
6,energiø bornholm,6: energiø bornholm,
6,energiø bornholm,6: energiø bornholm,
6,energiø bornholm,6: energiø bornholm,
6,energiø bornholm,6: energiø bornholm,
6,energiø bornholm,6: energiø bornholm,
6,energiø bornholm,6: energiø bornholm,
6,energiø bornholm,6: energiø bornholm,
6,energiø bornholm,6: energiø bornholm,
6,energiø bornholm,6: energiø bornholm,
6,energiø bornholm,6: energiø bornholm,
6,energiø bornholm,6: energiø bornholm,
6,energiø bornholm,6: energiø bornholm,
6,energiø bornholm,6: energiø bornholm,
6,energiø bornholm,6: energiø bornholm,
6,energiø bornholm,6: energiø bornholm,
6,energiø bornholm,6: energiø bornholm,
6,energiø bornholm,6: energiø bornholm,
6,energiø bornholm,6: energiø bornholm,
6,energiø bornholm,6: energiø bornholm,
6,energiø bornholm,6: energiø bornholm,
6,energiø bornholm,6: energiø bornholm,
6,energiø bornholm,6: energiø bornholm,
6,energiø bornholm,6: energiø bornholm,
6,energiø bornholm,6: energiø bornholm,
6,energiø bornholm,6: energiø bornholm,
6,energiø bornholm,6: energiø bornholm,
6,energiø bornholm,6: energiø bornholm,
6,energiø bornholm,6: energiø bornholm,
6,energiø bornholm,6: energiø bornholm,
6,energiø bornholm,6: energiø bornholm,
6,energiø bornholm,6: energiø bornholm,
6,energiø bornholm,6: energiø bornholm,
6,energiø bornholm,6: energiø bornholm,
6,energiø bornholm,6: energiø bornholm,
6,energiø bornholm,6: energiø bornholm,
6,energiø bornholm,6: energiø bornholm,
6,energiø bornholm,6: energiø bornholm,
6,energiø bornholm,6: energiø bornholm,
6,energiø bornholm,6: energiø bornholm,
6,energiø bornholm,6: energiø bornholm,
6,energiø bornholm,6: energiø bornholm,
6,energiø bornholm,6: energiø bornholm,
6,energiø bornholm,6: energiø bornholm,
6,energiø bornholm,6: energiø bornholm,
6,energiø bornholm,6: energiø bornholm,
6,energiø bornholm,6: energiø bornholm,
6,energiø bornholm,6: energiø bornholm,
6,energiø bornholm,6: energiø bornholm,
6,energiø bornholm,6: energiø bornholm,
6,energiø bornholm,6: energiø bornholm,
6,energiø bornholm,6: energiø bornholm,
6,energiø bornholm,6: energiø bornholm,
6,energiø bornholm,6: energiø bornholm,
6,energiø bornholm,6: energiø bornholm,
6,energiø bornholm,6: energiø bornholm,
6,energiø bornholm,6: energiø bornholm,
6,energiø bornholm,6: energiø bornholm,
6,energiø bornholm,6: energiø bornholm,
6,energiø bornholm,6: energiø bornholm,
6,energiø bornholm,6: energiø bornholm,
6,energiø bornholm,6: energiø bornholm,
6,energiø bornholm,6: energiø bornholm,
6,energiø bornholm,6: energiø bornholm,
6,energiø bornholm,6: energiø bornholm,
6,energiø bornholm,6: energiø bornholm,
6,energiø bornholm,6: energiø bornholm,
6,energiø bornholm,6: energiø bornholm,
6,energiø bornholm,6: energiø bornholm,
6,energiø bornholm,6: energiø bornholm,
6,energiø bornholm,6: energiø bornholm,
6,energiø bornholm,6: energiø bornholm,
6,energiø bornholm,6: energiø bornholm,
6,energiø bornholm,6: energiø bornholm,
6,energiø bornholm,6: energiø bornholm,
6,energiø bornholm,6: energiø bornholm,
6,energiø bornholm,6: energiø bornholm,
6,energiø bornholm,6: energiø bornholm,
6,energiø bornholm,6: energiø bornholm,
6,energiø bornholm,6: energiø bornholm,
6,energiø bornholm,6: energiø bornholm,
6,energiø bornholm,6: energiø bornholm,
6,energiø bornholm,6: energiø bornholm,
6,energiø bornholm,6: energiø bornholm,
6,energiø bornholm,6: energiø bornholm,
6,energiø bornholm,6: energiø bornholm,
6,energiø bornholm,6: energiø bornholm,
6,energiø bornholm,6: energiø bornholm,
6,energiø bornholm,6: energiø bornholm,
6,energiø bornholm,6: energiø bornholm,
6,energiø bornholm,6: energiø bornholm,
6,energiø bornholm,6: energiø bornholm,
6,energiø bornholm,6: energiø bornholm,
6,energiø bornholm,6: energiø bornholm,
6,energiø bornholm,6: energiø bornholm,
6,energiø bornholm,6: energiø bornholm,
6,energiø bornholm,6: energiø bornholm,
6,energiø bornholm,6: energiø bornholm,
6,energiø bornholm,6: energiø bornholm,
6,energiø bornholm,6: energiø bornholm,
6,energiø bornholm,6: energiø bornholm,
6,energiø bornholm,6: energiø bornholm,
6,energiø bornholm,6: energiø bornholm,
6,energiø bornholm,6: energiø bornholm,
6,energiø bornholm,6: energiø bornholm,
6,energiø bornholm,6: energiø bornholm,
6,energiø bornholm,6: energiø bornholm,
6,energiø bornholm,6: energiø bornholm,
6,energiø bornholm,6: energiø bornholm,
8,wind turbin,8: wind turbin,
8,wind turbin,8: wind turbin,
8,wind turbin,8: wind turbin,
8,wind turbin,8: wind turbin,
8,wind turbin,8: wind turbin,
8,wind turbin,8: wind turbin,
8,wind turbin,8: wind turbin,
8,wind turbin,8: wind turbin,
8,wind turbin,8: wind turbin,
8,wind turbin,8: wind turbin,
8,wind turbin,8: wind turbin,
8,wind turbin,8: wind turbin,
8,wind turbin,8: wind turbin,
8,wind turbin,8: wind turbin,
8,wind turbin,8: wind turbin,
8,wind turbin,8: wind turbin,
8,wind turbin,8: wind turbin,
8,wind turbin,8: wind turbin,
8,wind turbin,8: wind turbin,
8,wind turbin,8: wind turbin,
8,wind turbin,8: wind turbin,
8,wind turbin,8: wind turbin,
8,wind turbin,8: wind turbin,
8,wind turbin,8: wind turbin,
8,wind turbin,8: wind turbin,
8,wind turbin,8: wind turbin,
8,wind turbin,8: wind turbin,
8,wind turbin,8: wind turbin,
8,wind turbin,8: wind turbin,
8,wind turbin,8: wind turbin,
8,wind turbin,8: wind turbin,
8,wind turbin,8: wind turbin,
8,wind turbin,8: wind turbin,
8,wind turbin,8: wind turbin,
8,wind turbin,8: wind turbin,
8,wind turbin,8: wind turbin,
8,wind turbin,8: wind turbin,
8,wind turbin,8: wind turbin,
8,wind turbin,8: wind turbin,
8,wind turbin,8: wind turbin,
8,wind turbin,8: wind turbin,
8,wind turbin,8: wind turbin,
8,wind turbin,8: wind turbin,
8,wind turbin,8: wind turbin,
8,wind turbin,8: wind turbin,
8,wind turbin,8: wind turbin,
8,wind turbin,8: wind turbin,
8,wind turbin,8: wind turbin,
8,wind turbin,8: wind turbin,
8,wind turbin,8: wind turbin,
8,wind turbin,8: wind turbin,
8,wind turbin,8: wind turbin,
8,wind turbin,8: wind turbin,
8,wind turbin,8: wind turbin,
8,wind turbin,8: wind turbin,
8,wind turbin,8: wind turbin,
8,wind turbin,8: wind turbin,
8,wind turbin,8: wind turbin,
8,wind turbin,8: wind turbin,
8,wind turbin,8: wind turbin,
8,wind turbin,8: wind turbin,
8,wind turbin,8: wind turbin,
8,wind turbin,8: wind turbin,
8,wind turbin,8: wind turbin,
8,wind turbin,8: wind turbin,
8,wind turbin,8: wind turbin,
8,wind turbin,8: wind turbin,
8,wind turbin,8: wind turbin,
8,wind turbin,8: wind turbin,
8,wind turbin,8: wind turbin,
8,wind turbin,8: wind turbin,
8,wind turbin,8: wind turbin,
8,wind turbin,8: wind turbin,
8,wind turbin,8: wind turbin,
8,wind turbin,8: wind turbin,
8,wind turbin,8: wind turbin,
8,wind turbin,8: wind turbin,
8,wind turbin,8: wind turbin,
8,wind turbin,8: wind turbin,
8,wind turbin,8: wind turbin,
8,wind turbin,8: wind turbin,
8,wind turbin,8: wind turbin,
8,wind turbin,8: wind turbin,
8,wind turbin,8: wind turbin,
8,wind turbin,8: wind turbin,
8,wind turbin,8: wind turbin,
8,wind turbin,8: wind turbin,
8,wind turbin,8: wind turbin,
8,wind turbin,8: wind turbin,
8,wind turbin,8: wind turbin,
8,wind turbin,8: wind turbin,
8,wind turbin,8: wind turbin,
8,wind turbin,8: wind turbin,
8,wind turbin,8: wind turbin,
8,wind turbin,8: wind turbin,
8,wind turbin,8: wind turbin,
8,wind turbin,8: wind turbin,
8,wind turbin,8: wind turbin,
8,wind turbin,8: wind turbin,
8,wind turbin,8: wind turbin,
8,wind turbin,8: wind turbin,
8,wind turbin,8: wind turbin,
8,wind turbin,8: wind turbin,
8,wind turbin,8: wind turbin,
8,wind turbin,8: wind turbin,
8,wind turbin,8: wind turbin,
8,wind turbin,8: wind turbin,
8,wind turbin,8: wind turbin,
8,wind turbin,8: wind turbin,
8,wind turbin,8: wind turbin,
8,wind turbin,8: wind turbin,
8,wind turbin,8: wind turbin,
8,wind turbin,8: wind turbin,
8,wind turbin,8: wind turbin,
8,wind turbin,8: wind turbin,
8,wind turbin,8: wind turbin,
8,wind turbin,8: wind turbin,
8,wind turbin,8: wind turbin,
8,wind turbin,8: wind turbin,
8,wind turbin,8: wind turbin,
8,wind turbin,8: wind turbin,
8,wind turbin,8: wind turbin,
8,wind turbin,8: wind turbin,
8,wind turbin,8: wind turbin,
8,wind turbin,8: wind turbin,
8,wind turbin,8: wind turbin,
8,wind turbin,8: wind turbin,
8,wind turbin,8: wind turbin,
8,wind turbin,8: wind turbin,
8,wind turbin,8: wind turbin,
2,municip council,2: municip council,
2,municip council,2: municip council,
2,municip council,2: municip council,
2,municip council,2: municip council,
2,municip council,2: municip council,
2,municip council,2: municip council,
2,municip council,2: municip council,
2,municip council,2: municip council,
2,municip council,2: municip council,
2,municip council,2: municip council,
2,municip council,2: municip council,
2,municip council,2: municip council,
2,municip council,2: municip council,
2,municip council,2: municip council,
2,municip council,2: municip council,
2,municip council,2: municip council,
2,municip council,2: municip council,
2,municip council,2: municip council,
2,municip council,2: municip council,
2,municip council,2: municip council,
2,municip council,2: municip council,
2,municip council,2: municip council,
2,municip council,2: municip council,
2,municip council,2: municip council,
2,municip council,2: municip council,
2,municip council,2: municip council,
2,municip council,2: municip council,
2,municip council,2: municip council,
2,municip council,2: municip council,
2,municip council,2: municip council,
2,municip council,2: municip council,
2,municip council,2: municip council,
2,municip council,2: municip council,
2,municip council,2: municip council,
2,municip council,2: municip council,
2,municip council,2: municip council,
2,municip council,2: municip council,
2,municip council,2: municip council,
2,municip council,2: municip council,
2,municip council,2: municip council,
2,municip council,2: municip council,
2,municip council,2: municip council,
2,municip council,2: municip council,
2,municip council,2: municip council,
2,municip council,2: municip council,
2,municip council,2: municip council,
2,municip council,2: municip council,
2,municip council,2: municip council,
2,municip council,2: municip council,
2,municip council,2: municip council,
2,municip council,2: municip council,
2,municip council,2: municip council,
2,municip council,2: municip council,
2,municip council,2: municip council,
2,municip council,2: municip council,
2,municip council,2: municip council,
2,municip council,2: municip council,
2,municip council,2: municip council,
2,municip council,2: municip council,
2,municip council,2: municip council,
2,municip council,2: municip council,
2,municip council,2: municip council,
2,municip council,2: municip council,
2,municip council,2: municip council,
2,municip council,2: municip council,
2,municip council,2: municip council,
2,municip council,2: municip council,
2,municip council,2: municip council,
2,municip council,2: municip council,
2,municip council,2: municip council,
2,municip council,2: municip council,
2,municip council,2: municip council,
2,municip council,2: municip council,
2,municip council,2: municip council,
2,municip council,2: municip council,
2,municip council,2: municip council,
2,municip council,2: municip council,
2,municip council,2: municip council,
2,municip council,2: municip council,
2,municip council,2: municip council,
2,municip council,2: municip council,
2,municip council,2: municip council,
2,municip council,2: municip council,
2,municip council,2: municip council,
2,municip council,2: municip council,
2,municip council,2: municip council,
2,municip council,2: municip council,
2,municip council,2: municip council,
2,municip council,2: municip council,
2,municip council,2: municip council,
2,municip council,2: municip council,
2,municip council,2: municip council,
2,municip council,2: municip council,
2,municip council,2: municip council,
2,municip council,2: municip council,
2,municip council,2: municip council,
2,municip council,2: municip council,
2,municip council,2: municip council,
2,municip council,2: municip council,
2,municip council,2: municip council,
2,municip council,2: municip council,
2,municip council,2: municip council,
2,municip council,2: municip council,
2,municip council,2: municip council,
2,municip council,2: municip council,
2,municip council,2: municip council,
2,municip council,2: municip council,
2,municip council,2: municip council,
2,municip council,2: municip council,
2,municip council,2: municip council,
2,municip council,2: municip council,
2,municip council,2: municip council,
2,municip council,2: municip council,
2,municip council,2: municip council,
2,municip council,2: municip council,
2,municip council,2: municip council,
2,municip council,2: municip council,
2,municip council,2: municip council,
2,municip council,2: municip council,
2,municip council,2: municip council,
2,municip council,2: municip council,
2,municip council,2: municip council,
2,municip council,2: municip council,
2,municip council,2: municip council,
2,municip council,2: municip council,
2,municip council,2: municip council,
2,municip council,2: municip council,
2,municip council,2: municip council,
2,municip council,2: municip council,
2,municip council,2: municip council,
2,municip council,2: municip council,
2,municip council,2: municip council,
2,municip council,2: municip council,
2,municip council,2: municip council,
2,municip council,2: municip council,
2,municip council,2: municip council,
2,municip council,2: municip council,
2,municip council,2: municip council,
2,municip council,2: municip council,
2,municip council,2: municip council,
2,municip council,2: municip council,
2,municip council,2: municip council,
2,municip council,2: municip council,
2,municip council,2: municip council,
2,municip council,2: municip council,
2,municip council,2: municip council,
2,municip council,2: municip council,
2,municip council,2: municip council,
2,municip council,2: municip council,
2,municip council,2: municip council,
2,municip council,2: municip council,
2,municip council,2: municip council,
2,municip council,2: municip council,
2,municip council,2: municip council,
2,municip council,2: municip council,
2,municip council,2: municip council,
2,municip council,2: municip council,
2,municip council,2: municip council,
2,municip council,2: municip council,
2,municip council,2: municip council,
2,municip council,2: municip council,
2,municip council,2: municip council,
2,municip council,2: municip council,
2,municip council,2: municip council,
2,municip council,2: municip council,
2,municip council,2: municip council,
2,municip council,2: municip council,
2,municip council,2: municip council,
2,municip council,2: municip council,
2,municip council,2: municip council,
2,municip council,2: municip council,
2,municip council,2: municip council,
2,municip council,2: municip council,
2,municip council,2: municip council,
2,municip council,2: municip council,
2,municip council,2: municip council,
2,municip council,2: municip council,
2,municip council,2: municip council,
2,municip council,2: municip council,
2,municip council,2: municip council,
2,municip council,2: municip council,
2,municip council,2: municip council,
2,municip council,2: municip council,
2,municip council,2: municip council,
2,municip council,2: municip council,
2,municip council,2: municip council,
2,municip council,2: municip council,
2,municip council,2: municip council,
2,municip council,2: municip council,
2,municip council,2: municip council,
2,municip council,2: municip council,
2,municip council,2: municip council,
2,municip council,2: municip council,
2,municip council,2: municip council,
2,municip council,2: municip council,
2,municip council,2: municip council,
2,municip council,2: municip council,
2,municip council,2: municip council,
2,municip council,2: municip council,
2,municip council,2: municip council,
2,municip council,2: municip council,
2,municip council,2: municip council,
2,municip council,2: municip council,
2,municip council,2: municip council,
2,municip council,2: municip council,
2,municip council,2: municip council,
2,municip council,2: municip council,
2,municip council,2: municip council,
2,municip council,2: municip council,
2,municip council,2: municip council,
2,municip council,2: municip council,
2,municip council,2: municip council,
2,municip council,2: municip council,
2,municip council,2: municip council,
2,municip council,2: municip council,
2,municip council,2: municip council,
2,municip council,2: municip council,
2,municip council,2: municip council,
2,municip council,2: municip council,
2,municip council,2: municip council,
2,municip council,2: municip council,
2,municip council,2: municip council,
2,municip council,2: municip council,
2,municip council,2: municip council,
2,municip council,2: municip council,
2,municip council,2: municip council,
2,municip council,2: municip council,
2,municip council,2: municip council,
2,municip council,2: municip council,
2,municip council,2: municip council,
2,municip council,2: municip council,
2,municip council,2: municip council,
2,municip council,2: municip council,
2,municip council,2: municip council,
2,municip council,2: municip council,
2,municip council,2: municip council,
2,municip council,2: municip council,
2,municip council,2: municip council,
2,municip council,2: municip council,
2,municip council,2: municip council,
2,municip council,2: municip council,
2,municip council,2: municip council,
2,municip council,2: municip council,
2,municip council,2: municip council,
2,municip council,2: municip council,
2,municip council,2: municip council,
2,municip council,2: municip council,
2,municip council,2: municip council,
2,municip council,2: municip council,
2,municip council,2: municip council,
2,municip council,2: municip council,
2,municip council,2: municip council,
2,municip council,2: municip council,
2,municip council,2: municip council,
2,municip council,2: municip council,
2,municip council,2: municip council,
2,municip council,2: municip council,
2,municip council,2: municip council,
2,municip council,2: municip council,
2,municip council,2: municip council,
2,municip council,2: municip council,
2,municip council,2: municip council,
2,municip council,2: municip council,
2,municip council,2: municip council,
2,municip council,2: municip council,
2,municip council,2: municip council,
2,municip council,2: municip council,
2,municip council,2: municip council,
2,municip council,2: municip council,
2,municip council,2: municip council,
2,municip council,2: municip council,
2,municip council,2: municip council,
2,municip council,2: municip council,
2,municip council,2: municip council,
2,municip council,2: municip council,
2,municip council,2: municip council,
2,municip council,2: municip council,
2,municip council,2: municip council,
2,municip council,2: municip council,
2,municip council,2: municip council,
2,municip council,2: municip council,
2,municip council,2: municip council,
2,municip council,2: municip council,
2,municip council,2: municip council,
2,municip council,2: municip council,
2,municip council,2: municip council,
2,municip council,2: municip council,
2,municip council,2: municip council,
2,municip council,2: municip council,
2,municip council,2: municip council,
2,municip council,2: municip council,
2,municip council,2: municip council,
2,municip council,2: municip council,
2,municip council,2: municip council,
2,municip council,2: municip council,
2,municip council,2: municip council,
2,municip council,2: municip council,
2,municip council,2: municip council,
2,municip council,2: municip council,
2,municip council,2: municip council,
2,municip council,2: municip council,
2,municip council,2: municip council,
2,municip council,2: municip council,
2,municip council,2: municip council,
2,municip council,2: municip council,
2,municip council,2: municip council,
2,municip council,2: municip council,
2,municip council,2: municip council,
2,municip council,2: municip council,
2,municip council,2: municip council,
2,municip council,2: municip council,
2,municip council,2: municip council,
9,wind farm,9: wind farm,
9,wind farm,9: wind farm,
9,wind farm,9: wind farm,
9,wind farm,9: wind farm,
9,wind farm,9: wind farm,
9,wind farm,9: wind farm,
9,wind farm,9: wind farm,
9,wind farm,9: wind farm,
9,wind farm,9: wind farm,
9,wind farm,9: wind farm,
9,wind farm,9: wind farm,
9,wind farm,9: wind farm,
9,wind farm,9: wind farm,
9,wind farm,9: wind farm,
9,wind farm,9: wind farm,
9,wind farm,9: wind farm,
9,wind farm,9: wind farm,
9,wind farm,9: wind farm,
9,wind farm,9: wind farm,
9,wind farm,9: wind farm,
9,wind farm,9: wind farm,
9,wind farm,9: wind farm,
9,wind farm,9: wind farm,
9,wind farm,9: wind farm,
9,wind farm,9: wind farm,
9,wind farm,9: wind farm,
9,wind farm,9: wind farm,
9,wind farm,9: wind farm,
9,wind farm,9: wind farm,
9,wind farm,9: wind farm,
9,wind farm,9: wind farm,
9,wind farm,9: wind farm,
9,wind farm,9: wind farm,
9,wind farm,9: wind farm,
9,wind farm,9: wind farm,
9,wind farm,9: wind farm,
9,wind farm,9: wind farm,
9,wind farm,9: wind farm,
9,wind farm,9: wind farm,
9,wind farm,9: wind farm,
9,wind farm,9: wind farm,
9,wind farm,9: wind farm,
9,wind farm,9: wind farm,
9,wind farm,9: wind farm,
9,wind farm,9: wind farm,
9,wind farm,9: wind farm,
9,wind farm,9: wind farm,
9,wind farm,9: wind farm,
9,wind farm,9: wind farm,
9,wind farm,9: wind farm,
9,wind farm,9: wind farm,
9,wind farm,9: wind farm,
9,wind farm,9: wind farm,
9,wind farm,9: wind farm,
9,wind farm,9: wind farm,
9,wind farm,9: wind farm,
9,wind farm,9: wind farm,
9,wind farm,9: wind farm,
9,wind farm,9: wind farm,
9,wind farm,9: wind farm,
9,wind farm,9: wind farm,
9,wind farm,9: wind farm,
9,wind farm,9: wind farm,
9,wind farm,9: wind farm,
9,wind farm,9: wind farm,
9,wind farm,9: wind farm,
9,wind farm,9: wind farm,
9,wind farm,9: wind farm,
9,wind farm,9: wind farm,
9,wind farm,9: wind farm,
9,wind farm,9: wind farm,
9,wind farm,9: wind farm,
9,wind farm,9: wind farm,
9,wind farm,9: wind farm,
9,wind farm,9: wind farm,
9,wind farm,9: wind farm,
9,wind farm,9: wind farm,
9,wind farm,9: wind farm,
9,wind farm,9: wind farm,
9,wind farm,9: wind farm,
9,wind farm,9: wind farm,
9,wind farm,9: wind farm,
9,wind farm,9: wind farm,
9,wind farm,9: wind farm,
9,wind farm,9: wind farm,
9,wind farm,9: wind farm,
9,wind farm,9: wind farm,
9,wind farm,9: wind farm,
9,wind farm,9: wind farm,
9,wind farm,9: wind farm,
9,wind farm,9: wind farm,
9,wind farm,9: wind farm,
9,wind farm,9: wind farm,
9,wind farm,9: wind farm,
9,wind farm,9: wind farm,
9,wind farm,9: wind farm,
9,wind farm,9: wind farm,
9,wind farm,9: wind farm,
9,wind farm,9: wind farm,
9,wind farm,9: wind farm,
9,wind farm,9: wind farm,
9,wind farm,9: wind farm,
9,wind farm,9: wind farm,
9,wind farm,9: wind farm,
9,wind farm,9: wind farm,
9,wind farm,9: wind farm,
9,wind farm,9: wind farm,
9,wind farm,9: wind farm,
9,wind farm,9: wind farm,
9,wind farm,9: wind farm,
9,wind farm,9: wind farm,
9,wind farm,9: wind farm,
9,wind farm,9: wind farm,
9,wind farm,9: wind farm,
9,wind farm,9: wind farm,
9,wind farm,9: wind farm,
9,wind farm,9: wind farm,
9,wind farm,9: wind farm,
9,wind farm,9: wind farm,
9,wind farm,9: wind farm,
9,wind farm,9: wind farm,
9,wind farm,9: wind farm,
9,wind farm,9: wind farm,
9,wind farm,9: wind farm,
9,wind farm,9: wind farm,
9,wind farm,9: wind farm,
9,wind farm,9: wind farm,
9,wind farm,9: wind farm,
9,wind farm,9: wind farm,
9,wind farm,9: wind farm,
9,wind farm,9: wind farm,
9,wind farm,9: wind farm,
9,wind farm,9: wind farm,
9,wind farm,9: wind farm,
9,wind farm,9: wind farm,
9,wind farm,9: wind farm,
9,wind farm,9: wind farm,
9,wind farm,9: wind farm,
9,wind farm,9: wind farm,
9,wind farm,9: wind farm,
9,wind farm,9: wind farm,
9,wind farm,9: wind farm,
9,wind farm,9: wind farm,
9,wind farm,9: wind farm,
9,wind farm,9: wind farm,
9,wind farm,9: wind farm,
9,wind farm,9: wind farm,
9,wind farm,9: wind farm,
9,wind farm,9: wind farm,
9,wind farm,9: wind farm,
9,wind farm,9: wind farm,
9,wind farm,9: wind farm,
9,wind farm,9: wind farm,
9,wind farm,9: wind farm,
9,wind farm,9: wind farm,
9,wind farm,9: wind farm,
9,wind farm,9: wind farm,
9,wind farm,9: wind farm,
9,wind farm,9: wind farm,
9,wind farm,9: wind farm,
9,wind farm,9: wind farm,
3,offshor wind,3: offshor wind,
3,offshor wind,3: offshor wind,
3,offshor wind,3: offshor wind,
3,offshor wind,3: offshor wind,
3,offshor wind,3: offshor wind,
3,offshor wind,3: offshor wind,
3,offshor wind,3: offshor wind,
3,offshor wind,3: offshor wind,
3,offshor wind,3: offshor wind,
3,offshor wind,3: offshor wind,
3,offshor wind,3: offshor wind,
3,offshor wind,3: offshor wind,
3,offshor wind,3: offshor wind,
3,offshor wind,3: offshor wind,
3,offshor wind,3: offshor wind,
3,offshor wind,3: offshor wind,
3,offshor wind,3: offshor wind,
3,offshor wind,3: offshor wind,
3,offshor wind,3: offshor wind,
3,offshor wind,3: offshor wind,
3,offshor wind,3: offshor wind,
3,offshor wind,3: offshor wind,
3,offshor wind,3: offshor wind,
3,offshor wind,3: offshor wind,
3,offshor wind,3: offshor wind,
3,offshor wind,3: offshor wind,
3,offshor wind,3: offshor wind,
3,offshor wind,3: offshor wind,
3,offshor wind,3: offshor wind,
3,offshor wind,3: offshor wind,
3,offshor wind,3: offshor wind,
3,offshor wind,3: offshor wind,
3,offshor wind,3: offshor wind,
3,offshor wind,3: offshor wind,
3,offshor wind,3: offshor wind,
3,offshor wind,3: offshor wind,
3,offshor wind,3: offshor wind,
3,offshor wind,3: offshor wind,
3,offshor wind,3: offshor wind,
3,offshor wind,3: offshor wind,
3,offshor wind,3: offshor wind,
3,offshor wind,3: offshor wind,
3,offshor wind,3: offshor wind,
3,offshor wind,3: offshor wind,
3,offshor wind,3: offshor wind,
3,offshor wind,3: offshor wind,
3,offshor wind,3: offshor wind,
3,offshor wind,3: offshor wind,
3,offshor wind,3: offshor wind,
3,offshor wind,3: offshor wind,
3,offshor wind,3: offshor wind,
3,offshor wind,3: offshor wind,
3,offshor wind,3: offshor wind,
3,offshor wind,3: offshor wind,
3,offshor wind,3: offshor wind,
3,offshor wind,3: offshor wind,
3,offshor wind,3: offshor wind,
3,offshor wind,3: offshor wind,
3,offshor wind,3: offshor wind,
3,offshor wind,3: offshor wind,
3,offshor wind,3: offshor wind,
3,offshor wind,3: offshor wind,
3,offshor wind,3: offshor wind,
3,offshor wind,3: offshor wind,
3,offshor wind,3: offshor wind,
3,offshor wind,3: offshor wind,
3,offshor wind,3: offshor wind,
3,offshor wind,3: offshor wind,
3,offshor wind,3: offshor wind,
3,offshor wind,3: offshor wind,
3,offshor wind,3: offshor wind,
3,offshor wind,3: offshor wind,
3,offshor wind,3: offshor wind,
3,offshor wind,3: offshor wind,
3,offshor wind,3: offshor wind,
3,offshor wind,3: offshor wind,
3,offshor wind,3: offshor wind,
3,offshor wind,3: offshor wind,
3,offshor wind,3: offshor wind,
3,offshor wind,3: offshor wind,
3,offshor wind,3: offshor wind,
3,offshor wind,3: offshor wind,
3,offshor wind,3: offshor wind,
3,offshor wind,3: offshor wind,
3,offshor wind,3: offshor wind,
3,offshor wind,3: offshor wind,
3,offshor wind,3: offshor wind,
3,offshor wind,3: offshor wind,
3,offshor wind,3: offshor wind,
3,offshor wind,3: offshor wind,
3,offshor wind,3: offshor wind,
3,offshor wind,3: offshor wind,
3,offshor wind,3: offshor wind,
3,offshor wind,3: offshor wind,
3,offshor wind,3: offshor wind,
3,offshor wind,3: offshor wind,
3,offshor wind,3: offshor wind,
3,offshor wind,3: offshor wind,
3,offshor wind,3: offshor wind,
3,offshor wind,3: offshor wind,
3,offshor wind,3: offshor wind,
3,offshor wind,3: offshor wind,
3,offshor wind,3: offshor wind,
3,offshor wind,3: offshor wind,
3,offshor wind,3: offshor wind,
3,offshor wind,3: offshor wind,
3,offshor wind,3: offshor wind,
3,offshor wind,3: offshor wind,
3,offshor wind,3: offshor wind,
3,offshor wind,3: offshor wind,
3,offshor wind,3: offshor wind,
3,offshor wind,3: offshor wind,
3,offshor wind,3: offshor wind,
8,wind turbin,8: wind turbin,
8,wind turbin,8: wind turbin,
8,wind turbin,8: wind turbin,
8,wind turbin,8: wind turbin,
8,wind turbin,8: wind turbin,
8,wind turbin,8: wind turbin,
8,wind turbin,8: wind turbin,
8,wind turbin,8: wind turbin,
8,wind turbin,8: wind turbin,
8,wind turbin,8: wind turbin,
8,wind turbin,8: wind turbin,
8,wind turbin,8: wind turbin,
8,wind turbin,8: wind turbin,
8,wind turbin,8: wind turbin,
8,wind turbin,8: wind turbin,
8,wind turbin,8: wind turbin,
8,wind turbin,8: wind turbin,
8,wind turbin,8: wind turbin,
8,wind turbin,8: wind turbin,
8,wind turbin,8: wind turbin,
8,wind turbin,8: wind turbin,
8,wind turbin,8: wind turbin,
8,wind turbin,8: wind turbin,
8,wind turbin,8: wind turbin,
8,wind turbin,8: wind turbin,
8,wind turbin,8: wind turbin,
8,wind turbin,8: wind turbin,
8,wind turbin,8: wind turbin,
8,wind turbin,8: wind turbin,
8,wind turbin,8: wind turbin,
8,wind turbin,8: wind turbin,
8,wind turbin,8: wind turbin,
8,wind turbin,8: wind turbin,
8,wind turbin,8: wind turbin,
8,wind turbin,8: wind turbin,
8,wind turbin,8: wind turbin,
8,wind turbin,8: wind turbin,
8,wind turbin,8: wind turbin,
8,wind turbin,8: wind turbin,
8,wind turbin,8: wind turbin,
8,wind turbin,8: wind turbin,
8,wind turbin,8: wind turbin,
8,wind turbin,8: wind turbin,
8,wind turbin,8: wind turbin,
8,wind turbin,8: wind turbin,
8,wind turbin,8: wind turbin,
8,wind turbin,8: wind turbin,
8,wind turbin,8: wind turbin,
8,wind turbin,8: wind turbin,
8,wind turbin,8: wind turbin,
8,wind turbin,8: wind turbin,
8,wind turbin,8: wind turbin,
8,wind turbin,8: wind turbin,
8,wind turbin,8: wind turbin,
8,wind turbin,8: wind turbin,
8,wind turbin,8: wind turbin,
8,wind turbin,8: wind turbin,
8,wind turbin,8: wind turbin,
8,wind turbin,8: wind turbin,
8,wind turbin,8: wind turbin,
8,wind turbin,8: wind turbin,
8,wind turbin,8: wind turbin,
8,wind turbin,8: wind turbin,
8,wind turbin,8: wind turbin,
8,wind turbin,8: wind turbin,
8,wind turbin,8: wind turbin,
8,wind turbin,8: wind turbin,
8,wind turbin,8: wind turbin,
8,wind turbin,8: wind turbin,
8,wind turbin,8: wind turbin,
8,wind turbin,8: wind turbin,
8,wind turbin,8: wind turbin,
8,wind turbin,8: wind turbin,
8,wind turbin,8: wind turbin,
8,wind turbin,8: wind turbin,
8,wind turbin,8: wind turbin,
8,wind turbin,8: wind turbin,
8,wind turbin,8: wind turbin,
8,wind turbin,8: wind turbin,
8,wind turbin,8: wind turbin,
8,wind turbin,8: wind turbin,
8,wind turbin,8: wind turbin,
8,wind turbin,8: wind turbin,
8,wind turbin,8: wind turbin,
8,wind turbin,8: wind turbin,
8,wind turbin,8: wind turbin,
8,wind turbin,8: wind turbin,
8,wind turbin,8: wind turbin,
8,wind turbin,8: wind turbin,
8,wind turbin,8: wind turbin,
8,wind turbin,8: wind turbin,
8,wind turbin,8: wind turbin,
8,wind turbin,8: wind turbin,
8,wind turbin,8: wind turbin,
8,wind turbin,8: wind turbin,
8,wind turbin,8: wind turbin,
8,wind turbin,8: wind turbin,
8,wind turbin,8: wind turbin,
8,wind turbin,8: wind turbin,
8,wind turbin,8: wind turbin,
8,wind turbin,8: wind turbin,
8,wind turbin,8: wind turbin,
8,wind turbin,8: wind turbin,
8,wind turbin,8: wind turbin,
8,wind turbin,8: wind turbin,
8,wind turbin,8: wind turbin,
8,wind turbin,8: wind turbin,
8,wind turbin,8: wind turbin,
8,wind turbin,8: wind turbin,
8,wind turbin,8: wind turbin,
8,wind turbin,8: wind turbin,
8,wind turbin,8: wind turbin,
8,wind turbin,8: wind turbin,
8,wind turbin,8: wind turbin,
8,wind turbin,8: wind turbin,
8,wind turbin,8: wind turbin,
8,wind turbin,8: wind turbin,
8,wind turbin,8: wind turbin,
8,wind turbin,8: wind turbin,
8,wind turbin,8: wind turbin,
8,wind turbin,8: wind turbin,
8,wind turbin,8: wind turbin,
8,wind turbin,8: wind turbin,
8,wind turbin,8: wind turbin,
8,wind turbin,8: wind turbin,
8,wind turbin,8: wind turbin,
8,wind turbin,8: wind turbin,
8,wind turbin,8: wind turbin,
8,wind turbin,8: wind turbin,
8,wind turbin,8: wind turbin,
7,renew energi,7: renew energi,
7,renew energi,7: renew energi,
7,renew energi,7: renew energi,
7,renew energi,7: renew energi,
7,renew energi,7: renew energi,
7,renew energi,7: renew energi,
7,renew energi,7: renew energi,
7,renew energi,7: renew energi,
7,renew energi,7: renew energi,
7,renew energi,7: renew energi,
7,renew energi,7: renew energi,
7,renew energi,7: renew energi,
7,renew energi,7: renew energi,
7,renew energi,7: renew energi,
7,renew energi,7: renew energi,
7,renew energi,7: renew energi,
7,renew energi,7: renew energi,
7,renew energi,7: renew energi,
7,renew energi,7: renew energi,
7,renew energi,7: renew energi,
7,renew energi,7: renew energi,
7,renew energi,7: renew energi,
7,renew energi,7: renew energi,
7,renew energi,7: renew energi,
7,renew energi,7: renew energi,
7,renew energi,7: renew energi,
7,renew energi,7: renew energi,
7,renew energi,7: renew energi,
7,renew energi,7: renew energi,
7,renew energi,7: renew energi,
7,renew energi,7: renew energi,
7,renew energi,7: renew energi,
7,renew energi,7: renew energi,
7,renew energi,7: renew energi,
7,renew energi,7: renew energi,
7,renew energi,7: renew energi,
7,renew energi,7: renew energi,
7,renew energi,7: renew energi,
7,renew energi,7: renew energi,
7,renew energi,7: renew energi,
7,renew energi,7: renew energi,
7,renew energi,7: renew energi,
7,renew energi,7: renew energi,
7,renew energi,7: renew energi,
7,renew energi,7: renew energi,
7,renew energi,7: renew energi,
7,renew energi,7: renew energi,
7,renew energi,7: renew energi,
7,renew energi,7: renew energi,
7,renew energi,7: renew energi,
7,renew energi,7: renew energi,
7,renew energi,7: renew energi,
7,renew energi,7: renew energi,
7,renew energi,7: renew energi,
7,renew energi,7: renew energi,
7,renew energi,7: renew energi,
7,renew energi,7: renew energi,
7,renew energi,7: renew energi,
7,renew energi,7: renew energi,
7,renew energi,7: renew energi,
7,renew energi,7: renew energi,
7,renew energi,7: renew energi,
7,renew energi,7: renew energi,
7,renew energi,7: renew energi,
7,renew energi,7: renew energi,
7,renew energi,7: renew energi,
7,renew energi,7: renew energi,
7,renew energi,7: renew energi,
7,renew energi,7: renew energi,
7,renew energi,7: renew energi,
7,renew energi,7: renew energi,
7,renew energi,7: renew energi,
7,renew energi,7: renew energi,
7,renew energi,7: renew energi,
7,renew energi,7: renew energi,
7,renew energi,7: renew energi,
7,renew energi,7: renew energi,
7,renew energi,7: renew energi,
7,renew energi,7: renew energi,
7,renew energi,7: renew energi,
7,renew energi,7: renew energi,
7,renew energi,7: renew energi,
7,renew energi,7: renew energi,
7,renew energi,7: renew energi,
7,renew energi,7: renew energi,
7,renew energi,7: renew energi,
7,renew energi,7: renew energi,
7,renew energi,7: renew energi,
7,renew energi,7: renew energi,
7,renew energi,7: renew energi,
7,renew energi,7: renew energi,
7,renew energi,7: renew energi,
7,renew energi,7: renew energi,
7,renew energi,7: renew energi,
7,renew energi,7: renew energi,
7,renew energi,7: renew energi,
7,renew energi,7: renew energi,
7,renew energi,7: renew energi,
7,renew energi,7: renew energi,
7,renew energi,7: renew energi,
7,renew energi,7: renew energi,
7,renew energi,7: renew energi,
7,renew energi,7: renew energi,
7,renew energi,7: renew energi,
7,renew energi,7: renew energi,
7,renew energi,7: renew energi,
7,renew energi,7: renew energi,
7,renew energi,7: renew energi,
7,renew energi,7: renew energi,
7,renew energi,7: renew energi,
7,renew energi,7: renew energi,
7,renew energi,7: renew energi,
7,renew energi,7: renew energi,
7,renew energi,7: renew energi,
7,renew energi,7: renew energi,
7,renew energi,7: renew energi,
7,renew energi,7: renew energi,
7,renew energi,7: renew energi,
7,renew energi,7: renew energi,
7,renew energi,7: renew energi,
7,renew energi,7: renew energi,
7,renew energi,7: renew energi,
7,renew energi,7: renew energi,
7,renew energi,7: renew energi,
7,renew energi,7: renew energi,
7,renew energi,7: renew energi,
7,renew energi,7: renew energi,
7,renew energi,7: renew energi,
7,renew energi,7: renew energi,
7,renew energi,7: renew energi,
7,renew energi,7: renew energi,
7,renew energi,7: renew energi,
7,renew energi,7: renew energi,
7,renew energi,7: renew energi,
7,renew energi,7: renew energi,
7,renew energi,7: renew energi,
7,renew energi,7: renew energi,
7,renew energi,7: renew energi,
7,renew energi,7: renew energi,
7,renew energi,7: renew energi,
7,renew energi,7: renew energi,
7,renew energi,7: renew energi,
7,renew energi,7: renew energi,
7,renew energi,7: renew energi,
7,renew energi,7: renew energi,
7,renew energi,7: renew energi,
3,offshor wind,3: offshor wind,
3,offshor wind,3: offshor wind,
3,offshor wind,3: offshor wind,
3,offshor wind,3: offshor wind,
3,offshor wind,3: offshor wind,
3,offshor wind,3: offshor wind,
3,offshor wind,3: offshor wind,
3,offshor wind,3: offshor wind,
3,offshor wind,3: offshor wind,
3,offshor wind,3: offshor wind,
3,offshor wind,3: offshor wind,
3,offshor wind,3: offshor wind,
3,offshor wind,3: offshor wind,
3,offshor wind,3: offshor wind,
3,offshor wind,3: offshor wind,
3,offshor wind,3: offshor wind,
3,offshor wind,3: offshor wind,
3,offshor wind,3: offshor wind,
3,offshor wind,3: offshor wind,
3,offshor wind,3: offshor wind,
3,offshor wind,3: offshor wind,
3,offshor wind,3: offshor wind,
3,offshor wind,3: offshor wind,
3,offshor wind,3: offshor wind,
3,offshor wind,3: offshor wind,
3,offshor wind,3: offshor wind,
3,offshor wind,3: offshor wind,
3,offshor wind,3: offshor wind,
3,offshor wind,3: offshor wind,
3,offshor wind,3: offshor wind,
3,offshor wind,3: offshor wind,
3,offshor wind,3: offshor wind,
3,offshor wind,3: offshor wind,
3,offshor wind,3: offshor wind,
3,offshor wind,3: offshor wind,
3,offshor wind,3: offshor wind,
3,offshor wind,3: offshor wind,
3,offshor wind,3: offshor wind,
3,offshor wind,3: offshor wind,
3,offshor wind,3: offshor wind,
3,offshor wind,3: offshor wind,
3,offshor wind,3: offshor wind,
3,offshor wind,3: offshor wind,
3,offshor wind,3: offshor wind,
3,offshor wind,3: offshor wind,
3,offshor wind,3: offshor wind,
3,offshor wind,3: offshor wind,
3,offshor wind,3: offshor wind,
3,offshor wind,3: offshor wind,
3,offshor wind,3: offshor wind,
3,offshor wind,3: offshor wind,
3,offshor wind,3: offshor wind,
3,offshor wind,3: offshor wind,
3,offshor wind,3: offshor wind,
3,offshor wind,3: offshor wind,
3,offshor wind,3: offshor wind,
3,offshor wind,3: offshor wind,
3,offshor wind,3: offshor wind,
3,offshor wind,3: offshor wind,
3,offshor wind,3: offshor wind,
3,offshor wind,3: offshor wind,
3,offshor wind,3: offshor wind,
3,offshor wind,3: offshor wind,
3,offshor wind,3: offshor wind,
3,offshor wind,3: offshor wind,
3,offshor wind,3: offshor wind,
3,offshor wind,3: offshor wind,
3,offshor wind,3: offshor wind,
3,offshor wind,3: offshor wind,
3,offshor wind,3: offshor wind,
3,offshor wind,3: offshor wind,
3,offshor wind,3: offshor wind,
3,offshor wind,3: offshor wind,
3,offshor wind,3: offshor wind,
3,offshor wind,3: offshor wind,
3,offshor wind,3: offshor wind,
3,offshor wind,3: offshor wind,
3,offshor wind,3: offshor wind,
3,offshor wind,3: offshor wind,
3,offshor wind,3: offshor wind,
3,offshor wind,3: offshor wind,
3,offshor wind,3: offshor wind,
3,offshor wind,3: offshor wind,
3,offshor wind,3: offshor wind,
3,offshor wind,3: offshor wind,
3,offshor wind,3: offshor wind,
3,offshor wind,3: offshor wind,
3,offshor wind,3: offshor wind,
3,offshor wind,3: offshor wind,
3,offshor wind,3: offshor wind,
3,offshor wind,3: offshor wind,
3,offshor wind,3: offshor wind,
3,offshor wind,3: offshor wind,
3,offshor wind,3: offshor wind,
3,offshor wind,3: offshor wind,
3,offshor wind,3: offshor wind,
3,offshor wind,3: offshor wind,
3,offshor wind,3: offshor wind,
3,offshor wind,3: offshor wind,
3,offshor wind,3: offshor wind,
3,offshor wind,3: offshor wind,
3,offshor wind,3: offshor wind,
3,offshor wind,3: offshor wind,
3,offshor wind,3: offshor wind,
3,offshor wind,3: offshor wind,
3,offshor wind,3: offshor wind,
3,offshor wind,3: offshor wind,
3,offshor wind,3: offshor wind,
3,offshor wind,3: offshor wind,
3,offshor wind,3: offshor wind,
3,offshor wind,3: offshor wind,
3,offshor wind,3: offshor wind,
3,offshor wind,3: offshor wind,
9,wind farm,9: wind farm,
9,wind farm,9: wind farm,
9,wind farm,9: wind farm,
9,wind farm,9: wind farm,
9,wind farm,9: wind farm,
9,wind farm,9: wind farm,
9,wind farm,9: wind farm,
9,wind farm,9: wind farm,
9,wind farm,9: wind farm,
9,wind farm,9: wind farm,
9,wind farm,9: wind farm,
9,wind farm,9: wind farm,
9,wind farm,9: wind farm,
9,wind farm,9: wind farm,
9,wind farm,9: wind farm,
9,wind farm,9: wind farm,
9,wind farm,9: wind farm,
9,wind farm,9: wind farm,
9,wind farm,9: wind farm,
9,wind farm,9: wind farm,
9,wind farm,9: wind farm,
9,wind farm,9: wind farm,
9,wind farm,9: wind farm,
9,wind farm,9: wind farm,
9,wind farm,9: wind farm,
9,wind farm,9: wind farm,
9,wind farm,9: wind farm,
9,wind farm,9: wind farm,
9,wind farm,9: wind farm,
9,wind farm,9: wind farm,
9,wind farm,9: wind farm,
9,wind farm,9: wind farm,
9,wind farm,9: wind farm,
9,wind farm,9: wind farm,
9,wind farm,9: wind farm,
9,wind farm,9: wind farm,
9,wind farm,9: wind farm,
9,wind farm,9: wind farm,
9,wind farm,9: wind farm,
9,wind farm,9: wind farm,
9,wind farm,9: wind farm,
9,wind farm,9: wind farm,
9,wind farm,9: wind farm,
9,wind farm,9: wind farm,
9,wind farm,9: wind farm,
9,wind farm,9: wind farm,
9,wind farm,9: wind farm,
9,wind farm,9: wind farm,
9,wind farm,9: wind farm,
9,wind farm,9: wind farm,
9,wind farm,9: wind farm,
9,wind farm,9: wind farm,
9,wind farm,9: wind farm,
9,wind farm,9: wind farm,
9,wind farm,9: wind farm,
9,wind farm,9: wind farm,
9,wind farm,9: wind farm,
9,wind farm,9: wind farm,
9,wind farm,9: wind farm,
9,wind farm,9: wind farm,
9,wind farm,9: wind farm,
9,wind farm,9: wind farm,
9,wind farm,9: wind farm,
9,wind farm,9: wind farm,
9,wind farm,9: wind farm,
9,wind farm,9: wind farm,
9,wind farm,9: wind farm,
9,wind farm,9: wind farm,
9,wind farm,9: wind farm,
9,wind farm,9: wind farm,
9,wind farm,9: wind farm,
9,wind farm,9: wind farm,
9,wind farm,9: wind farm,
9,wind farm,9: wind farm,
9,wind farm,9: wind farm,
9,wind farm,9: wind farm,
9,wind farm,9: wind farm,
9,wind farm,9: wind farm,
9,wind farm,9: wind farm,
9,wind farm,9: wind farm,
9,wind farm,9: wind farm,
9,wind farm,9: wind farm,
9,wind farm,9: wind farm,
9,wind farm,9: wind farm,
9,wind farm,9: wind farm,
9,wind farm,9: wind farm,
9,wind farm,9: wind farm,
9,wind farm,9: wind farm,
9,wind farm,9: wind farm,
9,wind farm,9: wind farm,
9,wind farm,9: wind farm,
9,wind farm,9: wind farm,
9,wind farm,9: wind farm,
9,wind farm,9: wind farm,
9,wind farm,9: wind farm,
9,wind farm,9: wind farm,
9,wind farm,9: wind farm,
9,wind farm,9: wind farm,
9,wind farm,9: wind farm,
9,wind farm,9: wind farm,
9,wind farm,9: wind farm,
9,wind farm,9: wind farm,
9,wind farm,9: wind farm,
9,wind farm,9: wind farm,
9,wind farm,9: wind farm,
9,wind farm,9: wind farm,
9,wind farm,9: wind farm,
9,wind farm,9: wind farm,
9,wind farm,9: wind farm,
9,wind farm,9: wind farm,
9,wind farm,9: wind farm,
9,wind farm,9: wind farm,
9,wind farm,9: wind farm,
9,wind farm,9: wind farm,
9,wind farm,9: wind farm,
9,wind farm,9: wind farm,
9,wind farm,9: wind farm,
9,wind farm,9: wind farm,
9,wind farm,9: wind farm,
9,wind farm,9: wind farm,
9,wind farm,9: wind farm,
9,wind farm,9: wind farm,
9,wind farm,9: wind farm,
9,wind farm,9: wind farm,
9,wind farm,9: wind farm,
9,wind farm,9: wind farm,
9,wind farm,9: wind farm,
9,wind farm,9: wind farm,
9,wind farm,9: wind farm,
9,wind farm,9: wind farm,
9,wind farm,9: wind farm,
9,wind farm,9: wind farm,
9,wind farm,9: wind farm,
9,wind farm,9: wind farm,
9,wind farm,9: wind farm,
9,wind farm,9: wind farm,
9,wind farm,9: wind farm,
9,wind farm,9: wind farm,
9,wind farm,9: wind farm,
9,wind farm,9: wind farm,
9,wind farm,9: wind farm,
9,wind farm,9: wind farm,
9,wind farm,9: wind farm,
9,wind farm,9: wind farm,
9,wind farm,9: wind farm,
9,wind farm,9: wind farm,
9,wind farm,9: wind farm,
9,wind farm,9: wind farm,
9,wind farm,9: wind farm,
9,wind farm,9: wind farm,
9,wind farm,9: wind farm,
9,wind farm,9: wind farm,
9,wind farm,9: wind farm,
9,wind farm,9: wind farm,
9,wind farm,9: wind farm,
9,wind farm,9: wind farm,
9,wind farm,9: wind farm,
9,wind farm,9: wind farm,
9,wind farm,9: wind farm,
9,wind farm,9: wind farm,
9,wind farm,9: wind farm,
1,abstract avail,1: abstract avail,
1,abstract avail,1: abstract avail,
1,abstract avail,1: abstract avail,
1,abstract avail,1: abstract avail,
1,abstract avail,1: abstract avail,
1,abstract avail,1: abstract avail,
1,abstract avail,1: abstract avail,
1,abstract avail,1: abstract avail,
1,abstract avail,1: abstract avail,
1,abstract avail,1: abstract avail,
1,abstract avail,1: abstract avail,
1,abstract avail,1: abstract avail,
1,abstract avail,1: abstract avail,
1,abstract avail,1: abstract avail,
1,abstract avail,1: abstract avail,
1,abstract avail,1: abstract avail,
1,abstract avail,1: abstract avail,
1,abstract avail,1: abstract avail,
1,abstract avail,1: abstract avail,
1,abstract avail,1: abstract avail,
1,abstract avail,1: abstract avail,
1,abstract avail,1: abstract avail,
1,abstract avail,1: abstract avail,
1,abstract avail,1: abstract avail,
1,abstract avail,1: abstract avail,
1,abstract avail,1: abstract avail,
1,abstract avail,1: abstract avail,
1,abstract avail,1: abstract avail,
1,abstract avail,1: abstract avail,
1,abstract avail,1: abstract avail,
1,abstract avail,1: abstract avail,
1,abstract avail,1: abstract avail,
1,abstract avail,1: abstract avail,
1,abstract avail,1: abstract avail,
1,abstract avail,1: abstract avail,
1,abstract avail,1: abstract avail,
1,abstract avail,1: abstract avail,
1,abstract avail,1: abstract avail,
1,abstract avail,1: abstract avail,
1,abstract avail,1: abstract avail,
1,abstract avail,1: abstract avail,
1,abstract avail,1: abstract avail,
1,abstract avail,1: abstract avail,
1,abstract avail,1: abstract avail,
1,abstract avail,1: abstract avail,
1,abstract avail,1: abstract avail,
1,abstract avail,1: abstract avail,
1,abstract avail,1: abstract avail,
1,abstract avail,1: abstract avail,
1,abstract avail,1: abstract avail,
1,abstract avail,1: abstract avail,
1,abstract avail,1: abstract avail,
1,abstract avail,1: abstract avail,
1,abstract avail,1: abstract avail,
1,abstract avail,1: abstract avail,
1,abstract avail,1: abstract avail,
1,abstract avail,1: abstract avail,
1,abstract avail,1: abstract avail,
1,abstract avail,1: abstract avail,
1,abstract avail,1: abstract avail,
1,abstract avail,1: abstract avail,
1,abstract avail,1: abstract avail,
1,abstract avail,1: abstract avail,
1,abstract avail,1: abstract avail,
1,abstract avail,1: abstract avail,
1,abstract avail,1: abstract avail,
1,abstract avail,1: abstract avail,
1,abstract avail,1: abstract avail,
1,abstract avail,1: abstract avail,
1,abstract avail,1: abstract avail,
1,abstract avail,1: abstract avail,
1,abstract avail,1: abstract avail,
1,abstract avail,1: abstract avail,
1,abstract avail,1: abstract avail,
1,abstract avail,1: abstract avail,
1,abstract avail,1: abstract avail,
1,abstract avail,1: abstract avail,
1,abstract avail,1: abstract avail,
1,abstract avail,1: abstract avail,
1,abstract avail,1: abstract avail,
1,abstract avail,1: abstract avail,
5,offshor grid,5: offshor grid,
5,offshor grid,5: offshor grid,
5,offshor grid,5: offshor grid,
5,offshor grid,5: offshor grid,
5,offshor grid,5: offshor grid,
5,offshor grid,5: offshor grid,
5,offshor grid,5: offshor grid,
5,offshor grid,5: offshor grid,
5,offshor grid,5: offshor grid,
5,offshor grid,5: offshor grid,
5,offshor grid,5: offshor grid,
5,offshor grid,5: offshor grid,
5,offshor grid,5: offshor grid,
5,offshor grid,5: offshor grid,
5,offshor grid,5: offshor grid,
5,offshor grid,5: offshor grid,
5,offshor grid,5: offshor grid,
5,offshor grid,5: offshor grid,
5,offshor grid,5: offshor grid,
5,offshor grid,5: offshor grid,
5,offshor grid,5: offshor grid,
5,offshor grid,5: offshor grid,
5,offshor grid,5: offshor grid,
5,offshor grid,5: offshor grid,
5,offshor grid,5: offshor grid,
5,offshor grid,5: offshor grid,
5,offshor grid,5: offshor grid,
5,offshor grid,5: offshor grid,
5,offshor grid,5: offshor grid,
5,offshor grid,5: offshor grid,
5,offshor grid,5: offshor grid,
5,offshor grid,5: offshor grid,
5,offshor grid,5: offshor grid,
5,offshor grid,5: offshor grid,
5,offshor grid,5: offshor grid,
5,offshor grid,5: offshor grid,
5,offshor grid,5: offshor grid,
5,offshor grid,5: offshor grid,
5,offshor grid,5: offshor grid,
5,offshor grid,5: offshor grid,
5,offshor grid,5: offshor grid,
5,offshor grid,5: offshor grid,
5,offshor grid,5: offshor grid,
5,offshor grid,5: offshor grid,
5,offshor grid,5: offshor grid,
5,offshor grid,5: offshor grid,
5,offshor grid,5: offshor grid,
5,offshor grid,5: offshor grid,
5,offshor grid,5: offshor grid,
5,offshor grid,5: offshor grid,
5,offshor grid,5: offshor grid,
5,offshor grid,5: offshor grid,
5,offshor grid,5: offshor grid,
5,offshor grid,5: offshor grid,
5,offshor grid,5: offshor grid,
5,offshor grid,5: offshor grid,
5,offshor grid,5: offshor grid,
5,offshor grid,5: offshor grid,
5,offshor grid,5: offshor grid,
5,offshor grid,5: offshor grid,
5,offshor grid,5: offshor grid,
5,offshor grid,5: offshor grid,
5,offshor grid,5: offshor grid,
5,offshor grid,5: offshor grid,
5,offshor grid,5: offshor grid,
5,offshor grid,5: offshor grid,
5,offshor grid,5: offshor grid,
5,offshor grid,5: offshor grid,
5,offshor grid,5: offshor grid,
5,offshor grid,5: offshor grid,
5,offshor grid,5: offshor grid,
5,offshor grid,5: offshor grid,
5,offshor grid,5: offshor grid,
5,offshor grid,5: offshor grid,
5,offshor grid,5: offshor grid,
5,offshor grid,5: offshor grid,
5,offshor grid,5: offshor grid,
5,offshor grid,5: offshor grid,
5,offshor grid,5: offshor grid,
5,offshor grid,5: offshor grid,
5,offshor grid,5: offshor grid,
5,offshor grid,5: offshor grid,
5,offshor grid,5: offshor grid,
5,offshor grid,5: offshor grid,
5,offshor grid,5: offshor grid,
5,offshor grid,5: offshor grid,
5,offshor grid,5: offshor grid,
5,offshor grid,5: offshor grid,
5,offshor grid,5: offshor grid,
5,offshor grid,5: offshor grid,
5,offshor grid,5: offshor grid,
5,offshor grid,5: offshor grid,
5,offshor grid,5: offshor grid,
5,offshor grid,5: offshor grid,
5,offshor grid,5: offshor grid,
5,offshor grid,5: offshor grid,
5,offshor grid,5: offshor grid,
5,offshor grid,5: offshor grid,
5,offshor grid,5: offshor grid,
5,offshor grid,5: offshor grid,
5,offshor grid,5: offshor grid,
5,offshor grid,5: offshor grid,
5,offshor grid,5: offshor grid,
5,offshor grid,5: offshor grid,
5,offshor grid,5: offshor grid,
5,offshor grid,5: offshor grid,
5,offshor grid,5: offshor grid,
5,offshor grid,5: offshor grid,
5,offshor grid,5: offshor grid,
5,offshor grid,5: offshor grid,
5,offshor grid,5: offshor grid,
5,offshor grid,5: offshor grid,
5,offshor grid,5: offshor grid,
5,offshor grid,5: offshor grid,
5,offshor grid,5: offshor grid,
5,offshor grid,5: offshor grid,
5,offshor grid,5: offshor grid,
5,offshor grid,5: offshor grid,
5,offshor grid,5: offshor grid,
5,offshor grid,5: offshor grid,
5,offshor grid,5: offshor grid,
5,offshor grid,5: offshor grid,
5,offshor grid,5: offshor grid,
5,offshor grid,5: offshor grid,
5,offshor grid,5: offshor grid,
5,offshor grid,5: offshor grid,
5,offshor grid,5: offshor grid,
5,offshor grid,5: offshor grid,
5,offshor grid,5: offshor grid,
5,offshor grid,5: offshor grid,
5,offshor grid,5: offshor grid,
5,offshor grid,5: offshor grid,
5,offshor grid,5: offshor grid,
5,offshor grid,5: offshor grid,
5,offshor grid,5: offshor grid,
5,offshor grid,5: offshor grid,
5,offshor grid,5: offshor grid,
5,offshor grid,5: offshor grid,
5,offshor grid,5: offshor grid,
5,offshor grid,5: offshor grid,
5,offshor grid,5: offshor grid,
5,offshor grid,5: offshor grid,
5,offshor grid,5: offshor grid,
5,offshor grid,5: offshor grid,
5,offshor grid,5: offshor grid,
5,offshor grid,5: offshor grid,
5,offshor grid,5: offshor grid,
5,offshor grid,5: offshor grid,
5,offshor grid,5: offshor grid,
5,offshor grid,5: offshor grid,
5,offshor grid,5: offshor grid,
5,offshor grid,5: offshor grid,
5,offshor grid,5: offshor grid,
5,offshor grid,5: offshor grid,
5,offshor grid,5: offshor grid,
5,offshor grid,5: offshor grid,
5,offshor grid,5: offshor grid,
5,offshor grid,5: offshor grid,
5,offshor grid,5: offshor grid,
5,offshor grid,5: offshor grid,
5,offshor grid,5: offshor grid,
5,offshor grid,5: offshor grid,
5,offshor grid,5: offshor grid,
5,offshor grid,5: offshor grid,
5,offshor grid,5: offshor grid,
5,offshor grid,5: offshor grid,
5,offshor grid,5: offshor grid,
5,offshor grid,5: offshor grid,
5,offshor grid,5: offshor grid,
5,offshor grid,5: offshor grid,
5,offshor grid,5: offshor grid,
5,offshor grid,5: offshor grid,
5,offshor grid,5: offshor grid,
5,offshor grid,5: offshor grid,
5,offshor grid,5: offshor grid,
9,wind farm,9: wind farm,
9,wind farm,9: wind farm,
9,wind farm,9: wind farm,
9,wind farm,9: wind farm,
9,wind farm,9: wind farm,
9,wind farm,9: wind farm,
9,wind farm,9: wind farm,
9,wind farm,9: wind farm,
9,wind farm,9: wind farm,
9,wind farm,9: wind farm,
9,wind farm,9: wind farm,
9,wind farm,9: wind farm,
9,wind farm,9: wind farm,
9,wind farm,9: wind farm,
9,wind farm,9: wind farm,
9,wind farm,9: wind farm,
9,wind farm,9: wind farm,
9,wind farm,9: wind farm,
9,wind farm,9: wind farm,
9,wind farm,9: wind farm,
9,wind farm,9: wind farm,
9,wind farm,9: wind farm,
9,wind farm,9: wind farm,
9,wind farm,9: wind farm,
9,wind farm,9: wind farm,
9,wind farm,9: wind farm,
9,wind farm,9: wind farm,
9,wind farm,9: wind farm,
9,wind farm,9: wind farm,
9,wind farm,9: wind farm,
9,wind farm,9: wind farm,
9,wind farm,9: wind farm,
9,wind farm,9: wind farm,
9,wind farm,9: wind farm,
9,wind farm,9: wind farm,
9,wind farm,9: wind farm,
9,wind farm,9: wind farm,
9,wind farm,9: wind farm,
9,wind farm,9: wind farm,
9,wind farm,9: wind farm,
9,wind farm,9: wind farm,
9,wind farm,9: wind farm,
9,wind farm,9: wind farm,
9,wind farm,9: wind farm,
9,wind farm,9: wind farm,
9,wind farm,9: wind farm,
9,wind farm,9: wind farm,
9,wind farm,9: wind farm,
9,wind farm,9: wind farm,
9,wind farm,9: wind farm,
9,wind farm,9: wind farm,
9,wind farm,9: wind farm,
9,wind farm,9: wind farm,
9,wind farm,9: wind farm,
9,wind farm,9: wind farm,
9,wind farm,9: wind farm,
9,wind farm,9: wind farm,
9,wind farm,9: wind farm,
9,wind farm,9: wind farm,
9,wind farm,9: wind farm,
9,wind farm,9: wind farm,
9,wind farm,9: wind farm,
9,wind farm,9: wind farm,
9,wind farm,9: wind farm,
9,wind farm,9: wind farm,
9,wind farm,9: wind farm,
9,wind farm,9: wind farm,
9,wind farm,9: wind farm,
9,wind farm,9: wind farm,
9,wind farm,9: wind farm,
9,wind farm,9: wind farm,
9,wind farm,9: wind farm,
9,wind farm,9: wind farm,
9,wind farm,9: wind farm,
9,wind farm,9: wind farm,
9,wind farm,9: wind farm,
9,wind farm,9: wind farm,
9,wind farm,9: wind farm,
9,wind farm,9: wind farm,
9,wind farm,9: wind farm,
9,wind farm,9: wind farm,
9,wind farm,9: wind farm,
9,wind farm,9: wind farm,
9,wind farm,9: wind farm,
9,wind farm,9: wind farm,
9,wind farm,9: wind farm,
9,wind farm,9: wind farm,
9,wind farm,9: wind farm,
9,wind farm,9: wind farm,
9,wind farm,9: wind farm,
9,wind farm,9: wind farm,
9,wind farm,9: wind farm,
9,wind farm,9: wind farm,
9,wind farm,9: wind farm,
9,wind farm,9: wind farm,
9,wind farm,9: wind farm,
9,wind farm,9: wind farm,
9,wind farm,9: wind farm,
9,wind farm,9: wind farm,
9,wind farm,9: wind farm,
9,wind farm,9: wind farm,
9,wind farm,9: wind farm,
9,wind farm,9: wind farm,
9,wind farm,9: wind farm,
9,wind farm,9: wind farm,
9,wind farm,9: wind farm,
9,wind farm,9: wind farm,
9,wind farm,9: wind farm,
9,wind farm,9: wind farm,
9,wind farm,9: wind farm,
9,wind farm,9: wind farm,
9,wind farm,9: wind farm,
9,wind farm,9: wind farm,
9,wind farm,9: wind farm,
9,wind farm,9: wind farm,
9,wind farm,9: wind farm,
9,wind farm,9: wind farm,
9,wind farm,9: wind farm,
9,wind farm,9: wind farm,
9,wind farm,9: wind farm,
9,wind farm,9: wind farm,
9,wind farm,9: wind farm,
9,wind farm,9: wind farm,
9,wind farm,9: wind farm,
9,wind farm,9: wind farm,
9,wind farm,9: wind farm,
9,wind farm,9: wind farm,
9,wind farm,9: wind farm,
9,wind farm,9: wind farm,
9,wind farm,9: wind farm,
9,wind farm,9: wind farm,
9,wind farm,9: wind farm,
9,wind farm,9: wind farm,
9,wind farm,9: wind farm,
9,wind farm,9: wind farm,
9,wind farm,9: wind farm,
9,wind farm,9: wind farm,
9,wind farm,9: wind farm,
9,wind farm,9: wind farm,
9,wind farm,9: wind farm,
9,wind farm,9: wind farm,
9,wind farm,9: wind farm,
9,wind farm,9: wind farm,
9,wind farm,9: wind farm,
9,wind farm,9: wind farm,
9,wind farm,9: wind farm,
9,wind farm,9: wind farm,
9,wind farm,9: wind farm,
9,wind farm,9: wind farm,
9,wind farm,9: wind farm,
9,wind farm,9: wind farm,
9,wind farm,9: wind farm,
9,wind farm,9: wind farm,
9,wind farm,9: wind farm,
9,wind farm,9: wind farm,
9,wind farm,9: wind farm,
9,wind farm,9: wind farm,
9,wind farm,9: wind farm,
9,wind farm,9: wind farm,
9,wind farm,9: wind farm,
9,wind farm,9: wind farm,
9,wind farm,9: wind farm,
9,wind farm,9: wind farm,
9,wind farm,9: wind farm,
9,wind farm,9: wind farm,
9,wind farm,9: wind farm,
9,wind farm,9: wind farm,
9,wind farm,9: wind farm,
9,wind farm,9: wind farm,
9,wind farm,9: wind farm,
9,wind farm,9: wind farm,
9,wind farm,9: wind farm,
9,wind farm,9: wind farm,
9,wind farm,9: wind farm,
9,wind farm,9: wind farm,
9,wind farm,9: wind farm,
9,wind farm,9: wind farm,
9,wind farm,9: wind farm,
9,wind farm,9: wind farm,
9,wind farm,9: wind farm,
9,wind farm,9: wind farm,
9,wind farm,9: wind farm,
9,wind farm,9: wind farm,
9,wind farm,9: wind farm,
9,wind farm,9: wind farm,
9,wind farm,9: wind farm,
9,wind farm,9: wind farm,
9,wind farm,9: wind farm,
9,wind farm,9: wind farm,
9,wind farm,9: wind farm,
9,wind farm,9: wind farm,
9,wind farm,9: wind farm,
9,wind farm,9: wind farm,
9,wind farm,9: wind farm,
9,wind farm,9: wind farm,
9,wind farm,9: wind farm,
9,wind farm,9: wind farm,
9,wind farm,9: wind farm,
9,wind farm,9: wind farm,
9,wind farm,9: wind farm,
9,wind farm,9: wind farm,
9,wind farm,9: wind farm,
9,wind farm,9: wind farm,
9,wind farm,9: wind farm,
9,wind farm,9: wind farm,
9,wind farm,9: wind farm,
9,wind farm,9: wind farm,
9,wind farm,9: wind farm,
9,wind farm,9: wind farm,
9,wind farm,9: wind farm,
9,wind farm,9: wind farm,
9,wind farm,9: wind farm,
9,wind farm,9: wind farm,
9,wind farm,9: wind farm,
9,wind farm,9: wind farm,
9,wind farm,9: wind farm,
9,wind farm,9: wind farm,
9,wind farm,9: wind farm,
9,wind farm,9: wind farm,
9,wind farm,9: wind farm,
9,wind farm,9: wind farm,
9,wind farm,9: wind farm,
9,wind farm,9: wind farm,
9,wind farm,9: wind farm,
9,wind farm,9: wind farm,
9,wind farm,9: wind farm,
9,wind farm,9: wind farm,
9,wind farm,9: wind farm,
9,wind farm,9: wind farm,
9,wind farm,9: wind farm,
9,wind farm,9: wind farm,
9,wind farm,9: wind farm,
9,wind farm,9: wind farm,
9,wind farm,9: wind farm,
9,wind farm,9: wind farm,
9,wind farm,9: wind farm,
9,wind farm,9: wind farm,
9,wind farm,9: wind farm,
9,wind farm,9: wind farm,
9,wind farm,9: wind farm,
9,wind farm,9: wind farm,
9,wind farm,9: wind farm,
9,wind farm,9: wind farm,
9,wind farm,9: wind farm,
9,wind farm,9: wind farm,
9,wind farm,9: wind farm,
9,wind farm,9: wind farm,
9,wind farm,9: wind farm,
9,wind farm,9: wind farm,
9,wind farm,9: wind farm,
9,wind farm,9: wind farm,
9,wind farm,9: wind farm,
9,wind farm,9: wind farm,
9,wind farm,9: wind farm,
9,wind farm,9: wind farm,
9,wind farm,9: wind farm,
9,wind farm,9: wind farm,
9,wind farm,9: wind farm,
9,wind farm,9: wind farm,
9,wind farm,9: wind farm,
9,wind farm,9: wind farm,
9,wind farm,9: wind farm,
9,wind farm,9: wind farm,
9,wind farm,9: wind farm,
9,wind farm,9: wind farm,
9,wind farm,9: wind farm,
9,wind farm,9: wind farm,
9,wind farm,9: wind farm,
9,wind farm,9: wind farm,
9,wind farm,9: wind farm,
9,wind farm,9: wind farm,
9,wind farm,9: wind farm,
9,wind farm,9: wind farm,
9,wind farm,9: wind farm,
9,wind farm,9: wind farm,
9,wind farm,9: wind farm,
9,wind farm,9: wind farm,
9,wind farm,9: wind farm,
9,wind farm,9: wind farm,
9,wind farm,9: wind farm,
9,wind farm,9: wind farm,
9,wind farm,9: wind farm,
9,wind farm,9: wind farm,
9,wind farm,9: wind farm,
9,wind farm,9: wind farm,
9,wind farm,9: wind farm,
9,wind farm,9: wind farm,
9,wind farm,9: wind farm,
9,wind farm,9: wind farm,
9,wind farm,9: wind farm,
9,wind farm,9: wind farm,
9,wind farm,9: wind farm,
9,wind farm,9: wind farm,
9,wind farm,9: wind farm,
9,wind farm,9: wind farm,
9,wind farm,9: wind farm,
9,wind farm,9: wind farm,
9,wind farm,9: wind farm,
9,wind farm,9: wind farm,
9,wind farm,9: wind farm,
9,wind farm,9: wind farm,
9,wind farm,9: wind farm,
9,wind farm,9: wind farm,
9,wind farm,9: wind farm,
9,wind farm,9: wind farm,
9,wind farm,9: wind farm,
9,wind farm,9: wind farm,
9,wind farm,9: wind farm,
9,wind farm,9: wind farm,
9,wind farm,9: wind farm,
9,wind farm,9: wind farm,
9,wind farm,9: wind farm,
9,wind farm,9: wind farm,
9,wind farm,9: wind farm,
9,wind farm,9: wind farm,
9,wind farm,9: wind farm,
9,wind farm,9: wind farm,
9,wind farm,9: wind farm,
9,wind farm,9: wind farm,
9,wind farm,9: wind farm,
9,wind farm,9: wind farm,
9,wind farm,9: wind farm,
7,renew energi,7: renew energi,
7,renew energi,7: renew energi,
7,renew energi,7: renew energi,
7,renew energi,7: renew energi,
7,renew energi,7: renew energi,
7,renew energi,7: renew energi,
7,renew energi,7: renew energi,
7,renew energi,7: renew energi,
7,renew energi,7: renew energi,
7,renew energi,7: renew energi,
7,renew energi,7: renew energi,
7,renew energi,7: renew energi,
7,renew energi,7: renew energi,
7,renew energi,7: renew energi,
7,renew energi,7: renew energi,
7,renew energi,7: renew energi,
7,renew energi,7: renew energi,
7,renew energi,7: renew energi,
7,renew energi,7: renew energi,
7,renew energi,7: renew energi,
7,renew energi,7: renew energi,
7,renew energi,7: renew energi,
7,renew energi,7: renew energi,
7,renew energi,7: renew energi,
7,renew energi,7: renew energi,
7,renew energi,7: renew energi,
7,renew energi,7: renew energi,
7,renew energi,7: renew energi,
7,renew energi,7: renew energi,
7,renew energi,7: renew energi,
7,renew energi,7: renew energi,
7,renew energi,7: renew energi,
7,renew energi,7: renew energi,
7,renew energi,7: renew energi,
7,renew energi,7: renew energi,
7,renew energi,7: renew energi,
7,renew energi,7: renew energi,
7,renew energi,7: renew energi,
7,renew energi,7: renew energi,
7,renew energi,7: renew energi,
7,renew energi,7: renew energi,
7,renew energi,7: renew energi,
7,renew energi,7: renew energi,
7,renew energi,7: renew energi,
7,renew energi,7: renew energi,
7,renew energi,7: renew energi,
7,renew energi,7: renew energi,
7,renew energi,7: renew energi,
7,renew energi,7: renew energi,
7,renew energi,7: renew energi,
7,renew energi,7: renew energi,
7,renew energi,7: renew energi,
7,renew energi,7: renew energi,
7,renew energi,7: renew energi,
7,renew energi,7: renew energi,
7,renew energi,7: renew energi,
7,renew energi,7: renew energi,
7,renew energi,7: renew energi,
7,renew energi,7: renew energi,
7,renew energi,7: renew energi,
7,renew energi,7: renew energi,
7,renew energi,7: renew energi,
7,renew energi,7: renew energi,
7,renew energi,7: renew energi,
7,renew energi,7: renew energi,
7,renew energi,7: renew energi,
7,renew energi,7: renew energi,
7,renew energi,7: renew energi,
7,renew energi,7: renew energi,
7,renew energi,7: renew energi,
7,renew energi,7: renew energi,
7,renew energi,7: renew energi,
7,renew energi,7: renew energi,
7,renew energi,7: renew energi,
7,renew energi,7: renew energi,
7,renew energi,7: renew energi,
7,renew energi,7: renew energi,
7,renew energi,7: renew energi,
7,renew energi,7: renew energi,
7,renew energi,7: renew energi,
7,renew energi,7: renew energi,
7,renew energi,7: renew energi,
7,renew energi,7: renew energi,
7,renew energi,7: renew energi,
7,renew energi,7: renew energi,
7,renew energi,7: renew energi,
7,renew energi,7: renew energi,
7,renew energi,7: renew energi,
7,renew energi,7: renew energi,
7,renew energi,7: renew energi,
7,renew energi,7: renew energi,
7,renew energi,7: renew energi,
7,renew energi,7: renew energi,
7,renew energi,7: renew energi,
7,renew energi,7: renew energi,
7,renew energi,7: renew energi,
7,renew energi,7: renew energi,
7,renew energi,7: renew energi,
7,renew energi,7: renew energi,
7,renew energi,7: renew energi,
7,renew energi,7: renew energi,
7,renew energi,7: renew energi,
7,renew energi,7: renew energi,
7,renew energi,7: renew energi,
7,renew energi,7: renew energi,
7,renew energi,7: renew energi,
7,renew energi,7: renew energi,
7,renew energi,7: renew energi,
7,renew energi,7: renew energi,
7,renew energi,7: renew energi,
7,renew energi,7: renew energi,
7,renew energi,7: renew energi,
7,renew energi,7: renew energi,
7,renew energi,7: renew energi,
7,renew energi,7: renew energi,
7,renew energi,7: renew energi,
7,renew energi,7: renew energi,
7,renew energi,7: renew energi,
7,renew energi,7: renew energi,
7,renew energi,7: renew energi,
7,renew energi,7: renew energi,
7,renew energi,7: renew energi,
7,renew energi,7: renew energi,
7,renew energi,7: renew energi,
7,renew energi,7: renew energi,
7,renew energi,7: renew energi,
7,renew energi,7: renew energi,
7,renew energi,7: renew energi,
7,renew energi,7: renew energi,
7,renew energi,7: renew energi,
7,renew energi,7: renew energi,
7,renew energi,7: renew energi,
7,renew energi,7: renew energi,
7,renew energi,7: renew energi,
7,renew energi,7: renew energi,
7,renew energi,7: renew energi,
7,renew energi,7: renew energi,
7,renew energi,7: renew energi,
7,renew energi,7: renew energi,
7,renew energi,7: renew energi,
7,renew energi,7: renew energi,
7,renew energi,7: renew energi,
7,renew energi,7: renew energi,
7,renew energi,7: renew energi,
7,renew energi,7: renew energi,
7,renew energi,7: renew energi,
3,offshor wind,3: offshor wind,
3,offshor wind,3: offshor wind,
3,offshor wind,3: offshor wind,
3,offshor wind,3: offshor wind,
3,offshor wind,3: offshor wind,
3,offshor wind,3: offshor wind,
3,offshor wind,3: offshor wind,
3,offshor wind,3: offshor wind,
3,offshor wind,3: offshor wind,
3,offshor wind,3: offshor wind,
3,offshor wind,3: offshor wind,
3,offshor wind,3: offshor wind,
3,offshor wind,3: offshor wind,
3,offshor wind,3: offshor wind,
3,offshor wind,3: offshor wind,
3,offshor wind,3: offshor wind,
3,offshor wind,3: offshor wind,
3,offshor wind,3: offshor wind,
3,offshor wind,3: offshor wind,
3,offshor wind,3: offshor wind,
3,offshor wind,3: offshor wind,
3,offshor wind,3: offshor wind,
3,offshor wind,3: offshor wind,
3,offshor wind,3: offshor wind,
3,offshor wind,3: offshor wind,
3,offshor wind,3: offshor wind,
3,offshor wind,3: offshor wind,
3,offshor wind,3: offshor wind,
3,offshor wind,3: offshor wind,
3,offshor wind,3: offshor wind,
3,offshor wind,3: offshor wind,
3,offshor wind,3: offshor wind,
3,offshor wind,3: offshor wind,
3,offshor wind,3: offshor wind,
3,offshor wind,3: offshor wind,
3,offshor wind,3: offshor wind,
3,offshor wind,3: offshor wind,
3,offshor wind,3: offshor wind,
3,offshor wind,3: offshor wind,
3,offshor wind,3: offshor wind,
3,offshor wind,3: offshor wind,
3,offshor wind,3: offshor wind,
3,offshor wind,3: offshor wind,
3,offshor wind,3: offshor wind,
3,offshor wind,3: offshor wind,
3,offshor wind,3: offshor wind,
3,offshor wind,3: offshor wind,
3,offshor wind,3: offshor wind,
3,offshor wind,3: offshor wind,
3,offshor wind,3: offshor wind,
3,offshor wind,3: offshor wind,
3,offshor wind,3: offshor wind,
3,offshor wind,3: offshor wind,
3,offshor wind,3: offshor wind,
3,offshor wind,3: offshor wind,
3,offshor wind,3: offshor wind,
3,offshor wind,3: offshor wind,
3,offshor wind,3: offshor wind,
3,offshor wind,3: offshor wind,
3,offshor wind,3: offshor wind,
3,offshor wind,3: offshor wind,
3,offshor wind,3: offshor wind,
3,offshor wind,3: offshor wind,
3,offshor wind,3: offshor wind,
3,offshor wind,3: offshor wind,
3,offshor wind,3: offshor wind,
3,offshor wind,3: offshor wind,
3,offshor wind,3: offshor wind,
3,offshor wind,3: offshor wind,
3,offshor wind,3: offshor wind,
3,offshor wind,3: offshor wind,
3,offshor wind,3: offshor wind,
3,offshor wind,3: offshor wind,
3,offshor wind,3: offshor wind,
3,offshor wind,3: offshor wind,
3,offshor wind,3: offshor wind,
3,offshor wind,3: offshor wind,
3,offshor wind,3: offshor wind,
3,offshor wind,3: offshor wind,
3,offshor wind,3: offshor wind,
3,offshor wind,3: offshor wind,
3,offshor wind,3: offshor wind,
3,offshor wind,3: offshor wind,
3,offshor wind,3: offshor wind,
3,offshor wind,3: offshor wind,
3,offshor wind,3: offshor wind,
3,offshor wind,3: offshor wind,
3,offshor wind,3: offshor wind,
3,offshor wind,3: offshor wind,
3,offshor wind,3: offshor wind,
3,offshor wind,3: offshor wind,
3,offshor wind,3: offshor wind,
3,offshor wind,3: offshor wind,
3,offshor wind,3: offshor wind,
3,offshor wind,3: offshor wind,
3,offshor wind,3: offshor wind,
3,offshor wind,3: offshor wind,
3,offshor wind,3: offshor wind,
3,offshor wind,3: offshor wind,
3,offshor wind,3: offshor wind,
3,offshor wind,3: offshor wind,
3,offshor wind,3: offshor wind,
3,offshor wind,3: offshor wind,
3,offshor wind,3: offshor wind,
3,offshor wind,3: offshor wind,
3,offshor wind,3: offshor wind,
3,offshor wind,3: offshor wind,
3,offshor wind,3: offshor wind,
3,offshor wind,3: offshor wind,
3,offshor wind,3: offshor wind,
3,offshor wind,3: offshor wind,
3,offshor wind,3: offshor wind,
3,offshor wind,3: offshor wind,
9,wind farm,9: wind farm,
9,wind farm,9: wind farm,
9,wind farm,9: wind farm,
9,wind farm,9: wind farm,
9,wind farm,9: wind farm,
9,wind farm,9: wind farm,
9,wind farm,9: wind farm,
9,wind farm,9: wind farm,
9,wind farm,9: wind farm,
9,wind farm,9: wind farm,
9,wind farm,9: wind farm,
9,wind farm,9: wind farm,
9,wind farm,9: wind farm,
9,wind farm,9: wind farm,
9,wind farm,9: wind farm,
9,wind farm,9: wind farm,
9,wind farm,9: wind farm,
9,wind farm,9: wind farm,
9,wind farm,9: wind farm,
9,wind farm,9: wind farm,
9,wind farm,9: wind farm,
9,wind farm,9: wind farm,
9,wind farm,9: wind farm,
9,wind farm,9: wind farm,
9,wind farm,9: wind farm,
9,wind farm,9: wind farm,
9,wind farm,9: wind farm,
9,wind farm,9: wind farm,
9,wind farm,9: wind farm,
9,wind farm,9: wind farm,
9,wind farm,9: wind farm,
9,wind farm,9: wind farm,
9,wind farm,9: wind farm,
9,wind farm,9: wind farm,
9,wind farm,9: wind farm,
9,wind farm,9: wind farm,
9,wind farm,9: wind farm,
9,wind farm,9: wind farm,
9,wind farm,9: wind farm,
9,wind farm,9: wind farm,
9,wind farm,9: wind farm,
9,wind farm,9: wind farm,
9,wind farm,9: wind farm,
9,wind farm,9: wind farm,
9,wind farm,9: wind farm,
9,wind farm,9: wind farm,
9,wind farm,9: wind farm,
9,wind farm,9: wind farm,
9,wind farm,9: wind farm,
9,wind farm,9: wind farm,
9,wind farm,9: wind farm,
9,wind farm,9: wind farm,
9,wind farm,9: wind farm,
9,wind farm,9: wind farm,
9,wind farm,9: wind farm,
9,wind farm,9: wind farm,
9,wind farm,9: wind farm,
9,wind farm,9: wind farm,
9,wind farm,9: wind farm,
9,wind farm,9: wind farm,
9,wind farm,9: wind farm,
9,wind farm,9: wind farm,
9,wind farm,9: wind farm,
9,wind farm,9: wind farm,
9,wind farm,9: wind farm,
9,wind farm,9: wind farm,
9,wind farm,9: wind farm,
9,wind farm,9: wind farm,
9,wind farm,9: wind farm,
9,wind farm,9: wind farm,
9,wind farm,9: wind farm,
9,wind farm,9: wind farm,
9,wind farm,9: wind farm,
9,wind farm,9: wind farm,
9,wind farm,9: wind farm,
9,wind farm,9: wind farm,
9,wind farm,9: wind farm,
9,wind farm,9: wind farm,
9,wind farm,9: wind farm,
9,wind farm,9: wind farm,
9,wind farm,9: wind farm,
9,wind farm,9: wind farm,
9,wind farm,9: wind farm,
9,wind farm,9: wind farm,
9,wind farm,9: wind farm,
9,wind farm,9: wind farm,
9,wind farm,9: wind farm,
9,wind farm,9: wind farm,
9,wind farm,9: wind farm,
9,wind farm,9: wind farm,
9,wind farm,9: wind farm,
9,wind farm,9: wind farm,
9,wind farm,9: wind farm,
9,wind farm,9: wind farm,
9,wind farm,9: wind farm,
9,wind farm,9: wind farm,
9,wind farm,9: wind farm,
9,wind farm,9: wind farm,
9,wind farm,9: wind farm,
9,wind farm,9: wind farm,
9,wind farm,9: wind farm,
9,wind farm,9: wind farm,
9,wind farm,9: wind farm,
9,wind farm,9: wind farm,
9,wind farm,9: wind farm,
9,wind farm,9: wind farm,
9,wind farm,9: wind farm,
9,wind farm,9: wind farm,
9,wind farm,9: wind farm,
9,wind farm,9: wind farm,
9,wind farm,9: wind farm,
9,wind farm,9: wind farm,
9,wind farm,9: wind farm,
9,wind farm,9: wind farm,
9,wind farm,9: wind farm,
9,wind farm,9: wind farm,
9,wind farm,9: wind farm,
9,wind farm,9: wind farm,
9,wind farm,9: wind farm,
9,wind farm,9: wind farm,
9,wind farm,9: wind farm,
9,wind farm,9: wind farm,
9,wind farm,9: wind farm,
9,wind farm,9: wind farm,
9,wind farm,9: wind farm,
9,wind farm,9: wind farm,
9,wind farm,9: wind farm,
9,wind farm,9: wind farm,
9,wind farm,9: wind farm,
9,wind farm,9: wind farm,
9,wind farm,9: wind farm,
9,wind farm,9: wind farm,
9,wind farm,9: wind farm,
9,wind farm,9: wind farm,
9,wind farm,9: wind farm,
9,wind farm,9: wind farm,
9,wind farm,9: wind farm,
9,wind farm,9: wind farm,
9,wind farm,9: wind farm,
9,wind farm,9: wind farm,
9,wind farm,9: wind farm,
9,wind farm,9: wind farm,
9,wind farm,9: wind farm,
9,wind farm,9: wind farm,
9,wind farm,9: wind farm,
9,wind farm,9: wind farm,
9,wind farm,9: wind farm,
9,wind farm,9: wind farm,
9,wind farm,9: wind farm,
9,wind farm,9: wind farm,
9,wind farm,9: wind farm,
9,wind farm,9: wind farm,
9,wind farm,9: wind farm,
9,wind farm,9: wind farm,
9,wind farm,9: wind farm,
9,wind farm,9: wind farm,
9,wind farm,9: wind farm,
9,wind farm,9: wind farm,
9,wind farm,9: wind farm,
9,wind farm,9: wind farm,
9,wind farm,9: wind farm,
9,wind farm,9: wind farm,
9,wind farm,9: wind farm,
9,wind farm,9: wind farm,
9,wind farm,9: wind farm,
9,wind farm,9: wind farm,
9,wind farm,9: wind farm,
9,wind farm,9: wind farm,
9,wind farm,9: wind farm,
9,wind farm,9: wind farm,
9,wind farm,9: wind farm,
9,wind farm,9: wind farm,
9,wind farm,9: wind farm,
9,wind farm,9: wind farm,
9,wind farm,9: wind farm,
9,wind farm,9: wind farm,
9,wind farm,9: wind farm,
9,wind farm,9: wind farm,
9,wind farm,9: wind farm,
9,wind farm,9: wind farm,
9,wind farm,9: wind farm,
9,wind farm,9: wind farm,
9,wind farm,9: wind farm,
9,wind farm,9: wind farm,
9,wind farm,9: wind farm,
9,wind farm,9: wind farm,
9,wind farm,9: wind farm,
9,wind farm,9: wind farm,
9,wind farm,9: wind farm,
9,wind farm,9: wind farm,
9,wind farm,9: wind farm,
9,wind farm,9: wind farm,
9,wind farm,9: wind farm,
9,wind farm,9: wind farm,
9,wind farm,9: wind farm,
9,wind farm,9: wind farm,
9,wind farm,9: wind farm,
9,wind farm,9: wind farm,
9,wind farm,9: wind farm,
9,wind farm,9: wind farm,
9,wind farm,9: wind farm,
9,wind farm,9: wind farm,
9,wind farm,9: wind farm,
9,wind farm,9: wind farm,
9,wind farm,9: wind farm,
9,wind farm,9: wind farm,
9,wind farm,9: wind farm,
9,wind farm,9: wind farm,
9,wind farm,9: wind farm,
9,wind farm,9: wind farm,
9,wind farm,9: wind farm,
9,wind farm,9: wind farm,
9,wind farm,9: wind farm,
9,wind farm,9: wind farm,
9,wind farm,9: wind farm,
9,wind farm,9: wind farm,
9,wind farm,9: wind farm,
9,wind farm,9: wind farm,
9,wind farm,9: wind farm,
9,wind farm,9: wind farm,
9,wind farm,9: wind farm,
9,wind farm,9: wind farm,
9,wind farm,9: wind farm,
9,wind farm,9: wind farm,
9,wind farm,9: wind farm,
9,wind farm,9: wind farm,
9,wind farm,9: wind farm,
9,wind farm,9: wind farm,
9,wind farm,9: wind farm,
9,wind farm,9: wind farm,
9,wind farm,9: wind farm,
9,wind farm,9: wind farm,
9,wind farm,9: wind farm,
9,wind farm,9: wind farm,
9,wind farm,9: wind farm,
9,wind farm,9: wind farm,
9,wind farm,9: wind farm,
9,wind farm,9: wind farm,
9,wind farm,9: wind farm,
9,wind farm,9: wind farm,
9,wind farm,9: wind farm,
9,wind farm,9: wind farm,
9,wind farm,9: wind farm,
9,wind farm,9: wind farm,
9,wind farm,9: wind farm,
9,wind farm,9: wind farm,
9,wind farm,9: wind farm,
9,wind farm,9: wind farm,
9,wind farm,9: wind farm,
9,wind farm,9: wind farm,
9,wind farm,9: wind farm,
9,wind farm,9: wind farm,
9,wind farm,9: wind farm,
9,wind farm,9: wind farm,
9,wind farm,9: wind farm,
9,wind farm,9: wind farm,
9,wind farm,9: wind farm,
9,wind farm,9: wind farm,
9,wind farm,9: wind farm,
9,wind farm,9: wind farm,
9,wind farm,9: wind farm,
9,wind farm,9: wind farm,
9,wind farm,9: wind farm,
9,wind farm,9: wind farm,
9,wind farm,9: wind farm,
9,wind farm,9: wind farm,
9,wind farm,9: wind farm,
9,wind farm,9: wind farm,
9,wind farm,9: wind farm,
9,wind farm,9: wind farm,
9,wind farm,9: wind farm,
9,wind farm,9: wind farm,
9,wind farm,9: wind farm,
9,wind farm,9: wind farm,
9,wind farm,9: wind farm,
9,wind farm,9: wind farm,
9,wind farm,9: wind farm,
9,wind farm,9: wind farm,
9,wind farm,9: wind farm,
9,wind farm,9: wind farm,
9,wind farm,9: wind farm,
9,wind farm,9: wind farm,
9,wind farm,9: wind farm,
9,wind farm,9: wind farm,
9,wind farm,9: wind farm,
9,wind farm,9: wind farm,
9,wind farm,9: wind farm,
9,wind farm,9: wind farm,
9,wind farm,9: wind farm,
9,wind farm,9: wind farm,
9,wind farm,9: wind farm,
9,wind farm,9: wind farm,
9,wind farm,9: wind farm,
9,wind farm,9: wind farm,
9,wind farm,9: wind farm,
9,wind farm,9: wind farm,
9,wind farm,9: wind farm,
9,wind farm,9: wind farm,
9,wind farm,9: wind farm,
9,wind farm,9: wind farm,
9,wind farm,9: wind farm,
9,wind farm,9: wind farm,
9,wind farm,9: wind farm,
9,wind farm,9: wind farm,
9,wind farm,9: wind farm,
9,wind farm,9: wind farm,
9,wind farm,9: wind farm,
9,wind farm,9: wind farm,
9,wind farm,9: wind farm,
9,wind farm,9: wind farm,
9,wind farm,9: wind farm,
9,wind farm,9: wind farm,
9,wind farm,9: wind farm,
9,wind farm,9: wind farm,
9,wind farm,9: wind farm,
9,wind farm,9: wind farm,
9,wind farm,9: wind farm,
9,wind farm,9: wind farm,
9,wind farm,9: wind farm,
9,wind farm,9: wind farm,
9,wind farm,9: wind farm,
9,wind farm,9: wind farm,
9,wind farm,9: wind farm,
9,wind farm,9: wind farm,
9,wind farm,9: wind farm,
9,wind farm,9: wind farm,
9,wind farm,9: wind farm,
9,wind farm,9: wind farm,
9,wind farm,9: wind farm,
9,wind farm,9: wind farm,
9,wind farm,9: wind farm,
9,wind farm,9: wind farm,
9,wind farm,9: wind farm,
9,wind farm,9: wind farm,
9,wind farm,9: wind farm,
9,wind farm,9: wind farm,
9,wind farm,9: wind farm,
9,wind farm,9: wind farm,
9,wind farm,9: wind farm,
9,wind farm,9: wind farm,
9,wind farm,9: wind farm,
9,wind farm,9: wind farm,
9,wind farm,9: wind farm,
9,wind farm,9: wind farm,
9,wind farm,9: wind farm,
9,wind farm,9: wind farm,
9,wind farm,9: wind farm,
9,wind farm,9: wind farm,
9,wind farm,9: wind farm,
9,wind farm,9: wind farm,
9,wind farm,9: wind farm,
9,wind farm,9: wind farm,
9,wind farm,9: wind farm,
9,wind farm,9: wind farm,
9,wind farm,9: wind farm,
9,wind farm,9: wind farm,
9,wind farm,9: wind farm,
9,wind farm,9: wind farm,
9,wind farm,9: wind farm,
9,wind farm,9: wind farm,
9,wind farm,9: wind farm,
9,wind farm,9: wind farm,
9,wind farm,9: wind farm,
9,wind farm,9: wind farm,
9,wind farm,9: wind farm,
9,wind farm,9: wind farm,
9,wind farm,9: wind farm,
9,wind farm,9: wind farm,
9,wind farm,9: wind farm,
9,wind farm,9: wind farm,
9,wind farm,9: wind farm,
9,wind farm,9: wind farm,
9,wind farm,9: wind farm,
9,wind farm,9: wind farm,
9,wind farm,9: wind farm,
9,wind farm,9: wind farm,
9,wind farm,9: wind farm,
9,wind farm,9: wind farm,
9,wind farm,9: wind farm,
9,wind farm,9: wind farm,
9,wind farm,9: wind farm,
9,wind farm,9: wind farm,
9,wind farm,9: wind farm,
9,wind farm,9: wind farm,
9,wind farm,9: wind farm,
9,wind farm,9: wind farm,
9,wind farm,9: wind farm,
9,wind farm,9: wind farm,
9,wind farm,9: wind farm,
9,wind farm,9: wind farm,
9,wind farm,9: wind farm,
9,wind farm,9: wind farm,
9,wind farm,9: wind farm,
9,wind farm,9: wind farm,
9,wind farm,9: wind farm,
9,wind farm,9: wind farm,
9,wind farm,9: wind farm,
9,wind farm,9: wind farm,
9,wind farm,9: wind farm,
9,wind farm,9: wind farm,
9,wind farm,9: wind farm,
9,wind farm,9: wind farm,
9,wind farm,9: wind farm,
9,wind farm,9: wind farm,
9,wind farm,9: wind farm,
9,wind farm,9: wind farm,
9,wind farm,9: wind farm,
9,wind farm,9: wind farm,
9,wind farm,9: wind farm,
9,wind farm,9: wind farm,
9,wind farm,9: wind farm,
9,wind farm,9: wind farm,
9,wind farm,9: wind farm,
9,wind farm,9: wind farm,
9,wind farm,9: wind farm,
9,wind farm,9: wind farm,
9,wind farm,9: wind farm,
9,wind farm,9: wind farm,
9,wind farm,9: wind farm,
9,wind farm,9: wind farm,
9,wind farm,9: wind farm,
9,wind farm,9: wind farm,
9,wind farm,9: wind farm,
9,wind farm,9: wind farm,
9,wind farm,9: wind farm,
9,wind farm,9: wind farm,
9,wind farm,9: wind farm,
9,wind farm,9: wind farm,
9,wind farm,9: wind farm,
9,wind farm,9: wind farm,
9,wind farm,9: wind farm,
9,wind farm,9: wind farm,
9,wind farm,9: wind farm,
9,wind farm,9: wind farm,
9,wind farm,9: wind farm,
9,wind farm,9: wind farm,
9,wind farm,9: wind farm,
9,wind farm,9: wind farm,
9,wind farm,9: wind farm,
9,wind farm,9: wind farm,
9,wind farm,9: wind farm,
9,wind farm,9: wind farm,
9,wind farm,9: wind farm,
9,wind farm,9: wind farm,
9,wind farm,9: wind farm,
9,wind farm,9: wind farm,
9,wind farm,9: wind farm,
9,wind farm,9: wind farm,
9,wind farm,9: wind farm,
9,wind farm,9: wind farm,
9,wind farm,9: wind farm,
9,wind farm,9: wind farm,
9,wind farm,9: wind farm,
9,wind farm,9: wind farm,
9,wind farm,9: wind farm,
9,wind farm,9: wind farm,
9,wind farm,9: wind farm,
9,wind farm,9: wind farm,
9,wind farm,9: wind farm,
9,wind farm,9: wind farm,
9,wind farm,9: wind farm,
9,wind farm,9: wind farm,
9,wind farm,9: wind farm,
9,wind farm,9: wind farm,
9,wind farm,9: wind farm,
9,wind farm,9: wind farm,
9,wind farm,9: wind farm,
9,wind farm,9: wind farm,
9,wind farm,9: wind farm,
9,wind farm,9: wind farm,
9,wind farm,9: wind farm,
9,wind farm,9: wind farm,
9,wind farm,9: wind farm,
9,wind farm,9: wind farm,
9,wind farm,9: wind farm,
9,wind farm,9: wind farm,
9,wind farm,9: wind farm,
9,wind farm,9: wind farm,
9,wind farm,9: wind farm,
9,wind farm,9: wind farm,
9,wind farm,9: wind farm,
9,wind farm,9: wind farm,
9,wind farm,9: wind farm,
3,offshor wind,3: offshor wind,
3,offshor wind,3: offshor wind,
3,offshor wind,3: offshor wind,
3,offshor wind,3: offshor wind,
3,offshor wind,3: offshor wind,
3,offshor wind,3: offshor wind,
3,offshor wind,3: offshor wind,
3,offshor wind,3: offshor wind,
3,offshor wind,3: offshor wind,
3,offshor wind,3: offshor wind,
3,offshor wind,3: offshor wind,
3,offshor wind,3: offshor wind,
3,offshor wind,3: offshor wind,
3,offshor wind,3: offshor wind,
3,offshor wind,3: offshor wind,
3,offshor wind,3: offshor wind,
3,offshor wind,3: offshor wind,
3,offshor wind,3: offshor wind,
3,offshor wind,3: offshor wind,
3,offshor wind,3: offshor wind,
3,offshor wind,3: offshor wind,
3,offshor wind,3: offshor wind,
3,offshor wind,3: offshor wind,
3,offshor wind,3: offshor wind,
3,offshor wind,3: offshor wind,
3,offshor wind,3: offshor wind,
3,offshor wind,3: offshor wind,
3,offshor wind,3: offshor wind,
3,offshor wind,3: offshor wind,
3,offshor wind,3: offshor wind,
3,offshor wind,3: offshor wind,
3,offshor wind,3: offshor wind,
3,offshor wind,3: offshor wind,
3,offshor wind,3: offshor wind,
3,offshor wind,3: offshor wind,
3,offshor wind,3: offshor wind,
3,offshor wind,3: offshor wind,
3,offshor wind,3: offshor wind,
3,offshor wind,3: offshor wind,
3,offshor wind,3: offshor wind,
3,offshor wind,3: offshor wind,
3,offshor wind,3: offshor wind,
3,offshor wind,3: offshor wind,
3,offshor wind,3: offshor wind,
3,offshor wind,3: offshor wind,
3,offshor wind,3: offshor wind,
3,offshor wind,3: offshor wind,
3,offshor wind,3: offshor wind,
3,offshor wind,3: offshor wind,
3,offshor wind,3: offshor wind,
3,offshor wind,3: offshor wind,
3,offshor wind,3: offshor wind,
3,offshor wind,3: offshor wind,
3,offshor wind,3: offshor wind,
3,offshor wind,3: offshor wind,
3,offshor wind,3: offshor wind,
3,offshor wind,3: offshor wind,
3,offshor wind,3: offshor wind,
3,offshor wind,3: offshor wind,
3,offshor wind,3: offshor wind,
3,offshor wind,3: offshor wind,
3,offshor wind,3: offshor wind,
3,offshor wind,3: offshor wind,
3,offshor wind,3: offshor wind,
3,offshor wind,3: offshor wind,
3,offshor wind,3: offshor wind,
3,offshor wind,3: offshor wind,
3,offshor wind,3: offshor wind,
3,offshor wind,3: offshor wind,
3,offshor wind,3: offshor wind,
3,offshor wind,3: offshor wind,
3,offshor wind,3: offshor wind,
3,offshor wind,3: offshor wind,
3,offshor wind,3: offshor wind,
3,offshor wind,3: offshor wind,
3,offshor wind,3: offshor wind,
3,offshor wind,3: offshor wind,
3,offshor wind,3: offshor wind,
3,offshor wind,3: offshor wind,
3,offshor wind,3: offshor wind,
3,offshor wind,3: offshor wind,
3,offshor wind,3: offshor wind,
3,offshor wind,3: offshor wind,
3,offshor wind,3: offshor wind,
3,offshor wind,3: offshor wind,
3,offshor wind,3: offshor wind,
3,offshor wind,3: offshor wind,
3,offshor wind,3: offshor wind,
3,offshor wind,3: offshor wind,
3,offshor wind,3: offshor wind,
3,offshor wind,3: offshor wind,
3,offshor wind,3: offshor wind,
3,offshor wind,3: offshor wind,
3,offshor wind,3: offshor wind,
3,offshor wind,3: offshor wind,
3,offshor wind,3: offshor wind,
3,offshor wind,3: offshor wind,
3,offshor wind,3: offshor wind,
3,offshor wind,3: offshor wind,
3,offshor wind,3: offshor wind,
3,offshor wind,3: offshor wind,
3,offshor wind,3: offshor wind,
3,offshor wind,3: offshor wind,
3,offshor wind,3: offshor wind,
3,offshor wind,3: offshor wind,
3,offshor wind,3: offshor wind,
3,offshor wind,3: offshor wind,
3,offshor wind,3: offshor wind,
3,offshor wind,3: offshor wind,
3,offshor wind,3: offshor wind,
3,offshor wind,3: offshor wind,
3,offshor wind,3: offshor wind,
3,offshor wind,3: offshor wind,
9,wind farm,9: wind farm,
9,wind farm,9: wind farm,
9,wind farm,9: wind farm,
9,wind farm,9: wind farm,
9,wind farm,9: wind farm,
9,wind farm,9: wind farm,
9,wind farm,9: wind farm,
9,wind farm,9: wind farm,
9,wind farm,9: wind farm,
9,wind farm,9: wind farm,
9,wind farm,9: wind farm,
9,wind farm,9: wind farm,
9,wind farm,9: wind farm,
9,wind farm,9: wind farm,
9,wind farm,9: wind farm,
9,wind farm,9: wind farm,
9,wind farm,9: wind farm,
9,wind farm,9: wind farm,
9,wind farm,9: wind farm,
9,wind farm,9: wind farm,
9,wind farm,9: wind farm,
9,wind farm,9: wind farm,
9,wind farm,9: wind farm,
9,wind farm,9: wind farm,
9,wind farm,9: wind farm,
9,wind farm,9: wind farm,
9,wind farm,9: wind farm,
9,wind farm,9: wind farm,
9,wind farm,9: wind farm,
9,wind farm,9: wind farm,
9,wind farm,9: wind farm,
9,wind farm,9: wind farm,
9,wind farm,9: wind farm,
9,wind farm,9: wind farm,
9,wind farm,9: wind farm,
9,wind farm,9: wind farm,
9,wind farm,9: wind farm,
9,wind farm,9: wind farm,
9,wind farm,9: wind farm,
9,wind farm,9: wind farm,
9,wind farm,9: wind farm,
9,wind farm,9: wind farm,
9,wind farm,9: wind farm,
9,wind farm,9: wind farm,
9,wind farm,9: wind farm,
9,wind farm,9: wind farm,
9,wind farm,9: wind farm,
9,wind farm,9: wind farm,
9,wind farm,9: wind farm,
9,wind farm,9: wind farm,
9,wind farm,9: wind farm,
9,wind farm,9: wind farm,
9,wind farm,9: wind farm,
9,wind farm,9: wind farm,
9,wind farm,9: wind farm,
9,wind farm,9: wind farm,
9,wind farm,9: wind farm,
9,wind farm,9: wind farm,
9,wind farm,9: wind farm,
9,wind farm,9: wind farm,
9,wind farm,9: wind farm,
9,wind farm,9: wind farm,
9,wind farm,9: wind farm,
9,wind farm,9: wind farm,
9,wind farm,9: wind farm,
9,wind farm,9: wind farm,
9,wind farm,9: wind farm,
9,wind farm,9: wind farm,
9,wind farm,9: wind farm,
9,wind farm,9: wind farm,
9,wind farm,9: wind farm,
9,wind farm,9: wind farm,
9,wind farm,9: wind farm,
9,wind farm,9: wind farm,
9,wind farm,9: wind farm,
9,wind farm,9: wind farm,
9,wind farm,9: wind farm,
9,wind farm,9: wind farm,
9,wind farm,9: wind farm,
9,wind farm,9: wind farm,
9,wind farm,9: wind farm,
9,wind farm,9: wind farm,
9,wind farm,9: wind farm,
9,wind farm,9: wind farm,
9,wind farm,9: wind farm,
9,wind farm,9: wind farm,
9,wind farm,9: wind farm,
9,wind farm,9: wind farm,
9,wind farm,9: wind farm,
9,wind farm,9: wind farm,
9,wind farm,9: wind farm,
9,wind farm,9: wind farm,
9,wind farm,9: wind farm,
9,wind farm,9: wind farm,
9,wind farm,9: wind farm,
9,wind farm,9: wind farm,
9,wind farm,9: wind farm,
9,wind farm,9: wind farm,
9,wind farm,9: wind farm,
9,wind farm,9: wind farm,
9,wind farm,9: wind farm,
9,wind farm,9: wind farm,
9,wind farm,9: wind farm,
9,wind farm,9: wind farm,
9,wind farm,9: wind farm,
9,wind farm,9: wind farm,
9,wind farm,9: wind farm,
9,wind farm,9: wind farm,
9,wind farm,9: wind farm,
9,wind farm,9: wind farm,
9,wind farm,9: wind farm,
9,wind farm,9: wind farm,
9,wind farm,9: wind farm,
9,wind farm,9: wind farm,
9,wind farm,9: wind farm,
9,wind farm,9: wind farm,
9,wind farm,9: wind farm,
9,wind farm,9: wind farm,
9,wind farm,9: wind farm,
9,wind farm,9: wind farm,
9,wind farm,9: wind farm,
9,wind farm,9: wind farm,
9,wind farm,9: wind farm,
9,wind farm,9: wind farm,
9,wind farm,9: wind farm,
9,wind farm,9: wind farm,
9,wind farm,9: wind farm,
9,wind farm,9: wind farm,
9,wind farm,9: wind farm,
9,wind farm,9: wind farm,
9,wind farm,9: wind farm,
9,wind farm,9: wind farm,
9,wind farm,9: wind farm,
9,wind farm,9: wind farm,
9,wind farm,9: wind farm,
9,wind farm,9: wind farm,
9,wind farm,9: wind farm,
9,wind farm,9: wind farm,
9,wind farm,9: wind farm,
9,wind farm,9: wind farm,
9,wind farm,9: wind farm,
9,wind farm,9: wind farm,
9,wind farm,9: wind farm,
9,wind farm,9: wind farm,
9,wind farm,9: wind farm,
9,wind farm,9: wind farm,
9,wind farm,9: wind farm,
9,wind farm,9: wind farm,
9,wind farm,9: wind farm,
9,wind farm,9: wind farm,
9,wind farm,9: wind farm,
9,wind farm,9: wind farm,
9,wind farm,9: wind farm,
9,wind farm,9: wind farm,
9,wind farm,9: wind farm,
9,wind farm,9: wind farm,
9,wind farm,9: wind farm,
9,wind farm,9: wind farm,
9,wind farm,9: wind farm,
9,wind farm,9: wind farm,
9,wind farm,9: wind farm,
5,offshor grid,5: offshor grid,
5,offshor grid,5: offshor grid,
5,offshor grid,5: offshor grid,
5,offshor grid,5: offshor grid,
5,offshor grid,5: offshor grid,
5,offshor grid,5: offshor grid,
5,offshor grid,5: offshor grid,
5,offshor grid,5: offshor grid,
5,offshor grid,5: offshor grid,
5,offshor grid,5: offshor grid,
5,offshor grid,5: offshor grid,
5,offshor grid,5: offshor grid,
5,offshor grid,5: offshor grid,
5,offshor grid,5: offshor grid,
5,offshor grid,5: offshor grid,
5,offshor grid,5: offshor grid,
5,offshor grid,5: offshor grid,
5,offshor grid,5: offshor grid,
5,offshor grid,5: offshor grid,
5,offshor grid,5: offshor grid,
5,offshor grid,5: offshor grid,
5,offshor grid,5: offshor grid,
5,offshor grid,5: offshor grid,
5,offshor grid,5: offshor grid,
5,offshor grid,5: offshor grid,
5,offshor grid,5: offshor grid,
5,offshor grid,5: offshor grid,
5,offshor grid,5: offshor grid,
5,offshor grid,5: offshor grid,
5,offshor grid,5: offshor grid,
5,offshor grid,5: offshor grid,
5,offshor grid,5: offshor grid,
5,offshor grid,5: offshor grid,
5,offshor grid,5: offshor grid,
5,offshor grid,5: offshor grid,
5,offshor grid,5: offshor grid,
5,offshor grid,5: offshor grid,
5,offshor grid,5: offshor grid,
5,offshor grid,5: offshor grid,
5,offshor grid,5: offshor grid,
5,offshor grid,5: offshor grid,
5,offshor grid,5: offshor grid,
5,offshor grid,5: offshor grid,
5,offshor grid,5: offshor grid,
5,offshor grid,5: offshor grid,
5,offshor grid,5: offshor grid,
5,offshor grid,5: offshor grid,
5,offshor grid,5: offshor grid,
5,offshor grid,5: offshor grid,
5,offshor grid,5: offshor grid,
5,offshor grid,5: offshor grid,
5,offshor grid,5: offshor grid,
5,offshor grid,5: offshor grid,
5,offshor grid,5: offshor grid,
5,offshor grid,5: offshor grid,
5,offshor grid,5: offshor grid,
5,offshor grid,5: offshor grid,
5,offshor grid,5: offshor grid,
5,offshor grid,5: offshor grid,
5,offshor grid,5: offshor grid,
5,offshor grid,5: offshor grid,
5,offshor grid,5: offshor grid,
5,offshor grid,5: offshor grid,
5,offshor grid,5: offshor grid,
5,offshor grid,5: offshor grid,
5,offshor grid,5: offshor grid,
5,offshor grid,5: offshor grid,
5,offshor grid,5: offshor grid,
5,offshor grid,5: offshor grid,
5,offshor grid,5: offshor grid,
5,offshor grid,5: offshor grid,
5,offshor grid,5: offshor grid,
5,offshor grid,5: offshor grid,
5,offshor grid,5: offshor grid,
5,offshor grid,5: offshor grid,
5,offshor grid,5: offshor grid,
5,offshor grid,5: offshor grid,
5,offshor grid,5: offshor grid,
5,offshor grid,5: offshor grid,
5,offshor grid,5: offshor grid,
5,offshor grid,5: offshor grid,
5,offshor grid,5: offshor grid,
5,offshor grid,5: offshor grid,
5,offshor grid,5: offshor grid,
5,offshor grid,5: offshor grid,
5,offshor grid,5: offshor grid,
5,offshor grid,5: offshor grid,
5,offshor grid,5: offshor grid,
5,offshor grid,5: offshor grid,
5,offshor grid,5: offshor grid,
5,offshor grid,5: offshor grid,
5,offshor grid,5: offshor grid,
5,offshor grid,5: offshor grid,
5,offshor grid,5: offshor grid,
5,offshor grid,5: offshor grid,
5,offshor grid,5: offshor grid,
5,offshor grid,5: offshor grid,
5,offshor grid,5: offshor grid,
5,offshor grid,5: offshor grid,
5,offshor grid,5: offshor grid,
5,offshor grid,5: offshor grid,
5,offshor grid,5: offshor grid,
5,offshor grid,5: offshor grid,
5,offshor grid,5: offshor grid,
5,offshor grid,5: offshor grid,
5,offshor grid,5: offshor grid,
5,offshor grid,5: offshor grid,
5,offshor grid,5: offshor grid,
5,offshor grid,5: offshor grid,
5,offshor grid,5: offshor grid,
5,offshor grid,5: offshor grid,
5,offshor grid,5: offshor grid,
5,offshor grid,5: offshor grid,
5,offshor grid,5: offshor grid,
5,offshor grid,5: offshor grid,
5,offshor grid,5: offshor grid,
5,offshor grid,5: offshor grid,
5,offshor grid,5: offshor grid,
5,offshor grid,5: offshor grid,
5,offshor grid,5: offshor grid,
5,offshor grid,5: offshor grid,
5,offshor grid,5: offshor grid,
5,offshor grid,5: offshor grid,
5,offshor grid,5: offshor grid,
5,offshor grid,5: offshor grid,
5,offshor grid,5: offshor grid,
5,offshor grid,5: offshor grid,
5,offshor grid,5: offshor grid,
5,offshor grid,5: offshor grid,
5,offshor grid,5: offshor grid,
5,offshor grid,5: offshor grid,
5,offshor grid,5: offshor grid,
5,offshor grid,5: offshor grid,
5,offshor grid,5: offshor grid,
5,offshor grid,5: offshor grid,
5,offshor grid,5: offshor grid,
5,offshor grid,5: offshor grid,
5,offshor grid,5: offshor grid,
5,offshor grid,5: offshor grid,
5,offshor grid,5: offshor grid,
5,offshor grid,5: offshor grid,
5,offshor grid,5: offshor grid,
5,offshor grid,5: offshor grid,
5,offshor grid,5: offshor grid,
5,offshor grid,5: offshor grid,
5,offshor grid,5: offshor grid,
5,offshor grid,5: offshor grid,
5,offshor grid,5: offshor grid,
5,offshor grid,5: offshor grid,
5,offshor grid,5: offshor grid,
5,offshor grid,5: offshor grid,
5,offshor grid,5: offshor grid,
5,offshor grid,5: offshor grid,
5,offshor grid,5: offshor grid,
5,offshor grid,5: offshor grid,
5,offshor grid,5: offshor grid,
5,offshor grid,5: offshor grid,
5,offshor grid,5: offshor grid,
5,offshor grid,5: offshor grid,
5,offshor grid,5: offshor grid,
5,offshor grid,5: offshor grid,
5,offshor grid,5: offshor grid,
5,offshor grid,5: offshor grid,
5,offshor grid,5: offshor grid,
5,offshor grid,5: offshor grid,
5,offshor grid,5: offshor grid,
5,offshor grid,5: offshor grid,
5,offshor grid,5: offshor grid,
5,offshor grid,5: offshor grid,
5,offshor grid,5: offshor grid,
5,offshor grid,5: offshor grid,
5,offshor grid,5: offshor grid,
5,offshor grid,5: offshor grid,
5,offshor grid,5: offshor grid,
5,offshor grid,5: offshor grid,
7,renew energi,7: renew energi,
7,renew energi,7: renew energi,
7,renew energi,7: renew energi,
7,renew energi,7: renew energi,
7,renew energi,7: renew energi,
7,renew energi,7: renew energi,
7,renew energi,7: renew energi,
7,renew energi,7: renew energi,
7,renew energi,7: renew energi,
7,renew energi,7: renew energi,
7,renew energi,7: renew energi,
7,renew energi,7: renew energi,
7,renew energi,7: renew energi,
7,renew energi,7: renew energi,
7,renew energi,7: renew energi,
7,renew energi,7: renew energi,
7,renew energi,7: renew energi,
7,renew energi,7: renew energi,
7,renew energi,7: renew energi,
7,renew energi,7: renew energi,
7,renew energi,7: renew energi,
7,renew energi,7: renew energi,
7,renew energi,7: renew energi,
7,renew energi,7: renew energi,
7,renew energi,7: renew energi,
7,renew energi,7: renew energi,
7,renew energi,7: renew energi,
7,renew energi,7: renew energi,
7,renew energi,7: renew energi,
7,renew energi,7: renew energi,
7,renew energi,7: renew energi,
7,renew energi,7: renew energi,
7,renew energi,7: renew energi,
7,renew energi,7: renew energi,
7,renew energi,7: renew energi,
7,renew energi,7: renew energi,
7,renew energi,7: renew energi,
7,renew energi,7: renew energi,
7,renew energi,7: renew energi,
7,renew energi,7: renew energi,
7,renew energi,7: renew energi,
7,renew energi,7: renew energi,
7,renew energi,7: renew energi,
7,renew energi,7: renew energi,
7,renew energi,7: renew energi,
7,renew energi,7: renew energi,
7,renew energi,7: renew energi,
7,renew energi,7: renew energi,
7,renew energi,7: renew energi,
7,renew energi,7: renew energi,
7,renew energi,7: renew energi,
7,renew energi,7: renew energi,
7,renew energi,7: renew energi,
7,renew energi,7: renew energi,
7,renew energi,7: renew energi,
7,renew energi,7: renew energi,
7,renew energi,7: renew energi,
7,renew energi,7: renew energi,
7,renew energi,7: renew energi,
7,renew energi,7: renew energi,
7,renew energi,7: renew energi,
7,renew energi,7: renew energi,
7,renew energi,7: renew energi,
7,renew energi,7: renew energi,
7,renew energi,7: renew energi,
7,renew energi,7: renew energi,
7,renew energi,7: renew energi,
7,renew energi,7: renew energi,
7,renew energi,7: renew energi,
7,renew energi,7: renew energi,
7,renew energi,7: renew energi,
7,renew energi,7: renew energi,
7,renew energi,7: renew energi,
7,renew energi,7: renew energi,
7,renew energi,7: renew energi,
7,renew energi,7: renew energi,
7,renew energi,7: renew energi,
7,renew energi,7: renew energi,
7,renew energi,7: renew energi,
7,renew energi,7: renew energi,
7,renew energi,7: renew energi,
7,renew energi,7: renew energi,
7,renew energi,7: renew energi,
7,renew energi,7: renew energi,
7,renew energi,7: renew energi,
7,renew energi,7: renew energi,
7,renew energi,7: renew energi,
7,renew energi,7: renew energi,
7,renew energi,7: renew energi,
7,renew energi,7: renew energi,
7,renew energi,7: renew energi,
7,renew energi,7: renew energi,
7,renew energi,7: renew energi,
7,renew energi,7: renew energi,
7,renew energi,7: renew energi,
7,renew energi,7: renew energi,
7,renew energi,7: renew energi,
7,renew energi,7: renew energi,
7,renew energi,7: renew energi,
7,renew energi,7: renew energi,
7,renew energi,7: renew energi,
7,renew energi,7: renew energi,
7,renew energi,7: renew energi,
7,renew energi,7: renew energi,
7,renew energi,7: renew energi,
7,renew energi,7: renew energi,
7,renew energi,7: renew energi,
7,renew energi,7: renew energi,
7,renew energi,7: renew energi,
7,renew energi,7: renew energi,
7,renew energi,7: renew energi,
7,renew energi,7: renew energi,
7,renew energi,7: renew energi,
7,renew energi,7: renew energi,
7,renew energi,7: renew energi,
7,renew energi,7: renew energi,
7,renew energi,7: renew energi,
7,renew energi,7: renew energi,
7,renew energi,7: renew energi,
7,renew energi,7: renew energi,
7,renew energi,7: renew energi,
7,renew energi,7: renew energi,
7,renew energi,7: renew energi,
7,renew energi,7: renew energi,
7,renew energi,7: renew energi,
7,renew energi,7: renew energi,
7,renew energi,7: renew energi,
7,renew energi,7: renew energi,
7,renew energi,7: renew energi,
7,renew energi,7: renew energi,
7,renew energi,7: renew energi,
7,renew energi,7: renew energi,
7,renew energi,7: renew energi,
7,renew energi,7: renew energi,
7,renew energi,7: renew energi,
7,renew energi,7: renew energi,
7,renew energi,7: renew energi,
7,renew energi,7: renew energi,
7,renew energi,7: renew energi,
7,renew energi,7: renew energi,
7,renew energi,7: renew energi,
7,renew energi,7: renew energi,
7,renew energi,7: renew energi,
7,renew energi,7: renew energi,
7,renew energi,7: renew energi,
7,renew energi,7: renew energi,
1,abstract avail,1: abstract avail,
1,abstract avail,1: abstract avail,
1,abstract avail,1: abstract avail,
1,abstract avail,1: abstract avail,
1,abstract avail,1: abstract avail,
1,abstract avail,1: abstract avail,
1,abstract avail,1: abstract avail,
1,abstract avail,1: abstract avail,
1,abstract avail,1: abstract avail,
1,abstract avail,1: abstract avail,
1,abstract avail,1: abstract avail,
1,abstract avail,1: abstract avail,
1,abstract avail,1: abstract avail,
1,abstract avail,1: abstract avail,
1,abstract avail,1: abstract avail,
1,abstract avail,1: abstract avail,
1,abstract avail,1: abstract avail,
1,abstract avail,1: abstract avail,
1,abstract avail,1: abstract avail,
1,abstract avail,1: abstract avail,
1,abstract avail,1: abstract avail,
1,abstract avail,1: abstract avail,
1,abstract avail,1: abstract avail,
1,abstract avail,1: abstract avail,
1,abstract avail,1: abstract avail,
1,abstract avail,1: abstract avail,
1,abstract avail,1: abstract avail,
1,abstract avail,1: abstract avail,
1,abstract avail,1: abstract avail,
1,abstract avail,1: abstract avail,
1,abstract avail,1: abstract avail,
1,abstract avail,1: abstract avail,
1,abstract avail,1: abstract avail,
1,abstract avail,1: abstract avail,
1,abstract avail,1: abstract avail,
1,abstract avail,1: abstract avail,
1,abstract avail,1: abstract avail,
1,abstract avail,1: abstract avail,
1,abstract avail,1: abstract avail,
1,abstract avail,1: abstract avail,
1,abstract avail,1: abstract avail,
1,abstract avail,1: abstract avail,
1,abstract avail,1: abstract avail,
1,abstract avail,1: abstract avail,
1,abstract avail,1: abstract avail,
1,abstract avail,1: abstract avail,
1,abstract avail,1: abstract avail,
1,abstract avail,1: abstract avail,
1,abstract avail,1: abstract avail,
1,abstract avail,1: abstract avail,
1,abstract avail,1: abstract avail,
1,abstract avail,1: abstract avail,
1,abstract avail,1: abstract avail,
1,abstract avail,1: abstract avail,
1,abstract avail,1: abstract avail,
1,abstract avail,1: abstract avail,
1,abstract avail,1: abstract avail,
1,abstract avail,1: abstract avail,
1,abstract avail,1: abstract avail,
1,abstract avail,1: abstract avail,
1,abstract avail,1: abstract avail,
1,abstract avail,1: abstract avail,
1,abstract avail,1: abstract avail,
1,abstract avail,1: abstract avail,
1,abstract avail,1: abstract avail,
1,abstract avail,1: abstract avail,
1,abstract avail,1: abstract avail,
1,abstract avail,1: abstract avail,
1,abstract avail,1: abstract avail,
1,abstract avail,1: abstract avail,
1,abstract avail,1: abstract avail,
1,abstract avail,1: abstract avail,
1,abstract avail,1: abstract avail,
1,abstract avail,1: abstract avail,
1,abstract avail,1: abstract avail,
1,abstract avail,1: abstract avail,
1,abstract avail,1: abstract avail,
1,abstract avail,1: abstract avail,
1,abstract avail,1: abstract avail,
1,abstract avail,1: abstract avail,
1,abstract avail,1: abstract avail,
7,renew energi,7: renew energi,
7,renew energi,7: renew energi,
7,renew energi,7: renew energi,
7,renew energi,7: renew energi,
7,renew energi,7: renew energi,
7,renew energi,7: renew energi,
7,renew energi,7: renew energi,
7,renew energi,7: renew energi,
7,renew energi,7: renew energi,
7,renew energi,7: renew energi,
7,renew energi,7: renew energi,
7,renew energi,7: renew energi,
7,renew energi,7: renew energi,
7,renew energi,7: renew energi,
7,renew energi,7: renew energi,
7,renew energi,7: renew energi,
7,renew energi,7: renew energi,
7,renew energi,7: renew energi,
7,renew energi,7: renew energi,
7,renew energi,7: renew energi,
7,renew energi,7: renew energi,
7,renew energi,7: renew energi,
7,renew energi,7: renew energi,
7,renew energi,7: renew energi,
7,renew energi,7: renew energi,
7,renew energi,7: renew energi,
7,renew energi,7: renew energi,
7,renew energi,7: renew energi,
7,renew energi,7: renew energi,
7,renew energi,7: renew energi,
7,renew energi,7: renew energi,
7,renew energi,7: renew energi,
7,renew energi,7: renew energi,
7,renew energi,7: renew energi,
7,renew energi,7: renew energi,
7,renew energi,7: renew energi,
7,renew energi,7: renew energi,
7,renew energi,7: renew energi,
7,renew energi,7: renew energi,
7,renew energi,7: renew energi,
7,renew energi,7: renew energi,
7,renew energi,7: renew energi,
7,renew energi,7: renew energi,
7,renew energi,7: renew energi,
7,renew energi,7: renew energi,
7,renew energi,7: renew energi,
7,renew energi,7: renew energi,
7,renew energi,7: renew energi,
7,renew energi,7: renew energi,
7,renew energi,7: renew energi,
7,renew energi,7: renew energi,
7,renew energi,7: renew energi,
7,renew energi,7: renew energi,
7,renew energi,7: renew energi,
7,renew energi,7: renew energi,
7,renew energi,7: renew energi,
7,renew energi,7: renew energi,
7,renew energi,7: renew energi,
7,renew energi,7: renew energi,
7,renew energi,7: renew energi,
7,renew energi,7: renew energi,
7,renew energi,7: renew energi,
7,renew energi,7: renew energi,
7,renew energi,7: renew energi,
7,renew energi,7: renew energi,
7,renew energi,7: renew energi,
7,renew energi,7: renew energi,
7,renew energi,7: renew energi,
7,renew energi,7: renew energi,
7,renew energi,7: renew energi,
7,renew energi,7: renew energi,
7,renew energi,7: renew energi,
7,renew energi,7: renew energi,
7,renew energi,7: renew energi,
7,renew energi,7: renew energi,
7,renew energi,7: renew energi,
7,renew energi,7: renew energi,
7,renew energi,7: renew energi,
7,renew energi,7: renew energi,
7,renew energi,7: renew energi,
7,renew energi,7: renew energi,
7,renew energi,7: renew energi,
7,renew energi,7: renew energi,
7,renew energi,7: renew energi,
7,renew energi,7: renew energi,
7,renew energi,7: renew energi,
7,renew energi,7: renew energi,
7,renew energi,7: renew energi,
7,renew energi,7: renew energi,
7,renew energi,7: renew energi,
7,renew energi,7: renew energi,
7,renew energi,7: renew energi,
7,renew energi,7: renew energi,
7,renew energi,7: renew energi,
7,renew energi,7: renew energi,
7,renew energi,7: renew energi,
7,renew energi,7: renew energi,
7,renew energi,7: renew energi,
7,renew energi,7: renew energi,
7,renew energi,7: renew energi,
7,renew energi,7: renew energi,
7,renew energi,7: renew energi,
7,renew energi,7: renew energi,
7,renew energi,7: renew energi,
7,renew energi,7: renew energi,
7,renew energi,7: renew energi,
7,renew energi,7: renew energi,
7,renew energi,7: renew energi,
7,renew energi,7: renew energi,
7,renew energi,7: renew energi,
7,renew energi,7: renew energi,
7,renew energi,7: renew energi,
7,renew energi,7: renew energi,
7,renew energi,7: renew energi,
7,renew energi,7: renew energi,
7,renew energi,7: renew energi,
7,renew energi,7: renew energi,
7,renew energi,7: renew energi,
7,renew energi,7: renew energi,
7,renew energi,7: renew energi,
7,renew energi,7: renew energi,
7,renew energi,7: renew energi,
7,renew energi,7: renew energi,
7,renew energi,7: renew energi,
7,renew energi,7: renew energi,
7,renew energi,7: renew energi,
7,renew energi,7: renew energi,
7,renew energi,7: renew energi,
7,renew energi,7: renew energi,
7,renew energi,7: renew energi,
7,renew energi,7: renew energi,
7,renew energi,7: renew energi,
7,renew energi,7: renew energi,
7,renew energi,7: renew energi,
7,renew energi,7: renew energi,
7,renew energi,7: renew energi,
7,renew energi,7: renew energi,
7,renew energi,7: renew energi,
7,renew energi,7: renew energi,
7,renew energi,7: renew energi,
7,renew energi,7: renew energi,
7,renew energi,7: renew energi,
7,renew energi,7: renew energi,
7,renew energi,7: renew energi,
7,renew energi,7: renew energi,
7,renew energi,7: renew energi,
3,offshor wind,3: offshor wind,
3,offshor wind,3: offshor wind,
3,offshor wind,3: offshor wind,
3,offshor wind,3: offshor wind,
3,offshor wind,3: offshor wind,
3,offshor wind,3: offshor wind,
3,offshor wind,3: offshor wind,
3,offshor wind,3: offshor wind,
3,offshor wind,3: offshor wind,
3,offshor wind,3: offshor wind,
3,offshor wind,3: offshor wind,
3,offshor wind,3: offshor wind,
3,offshor wind,3: offshor wind,
3,offshor wind,3: offshor wind,
3,offshor wind,3: offshor wind,
3,offshor wind,3: offshor wind,
3,offshor wind,3: offshor wind,
3,offshor wind,3: offshor wind,
3,offshor wind,3: offshor wind,
3,offshor wind,3: offshor wind,
3,offshor wind,3: offshor wind,
3,offshor wind,3: offshor wind,
3,offshor wind,3: offshor wind,
3,offshor wind,3: offshor wind,
3,offshor wind,3: offshor wind,
3,offshor wind,3: offshor wind,
3,offshor wind,3: offshor wind,
3,offshor wind,3: offshor wind,
3,offshor wind,3: offshor wind,
3,offshor wind,3: offshor wind,
3,offshor wind,3: offshor wind,
3,offshor wind,3: offshor wind,
3,offshor wind,3: offshor wind,
3,offshor wind,3: offshor wind,
3,offshor wind,3: offshor wind,
3,offshor wind,3: offshor wind,
3,offshor wind,3: offshor wind,
3,offshor wind,3: offshor wind,
3,offshor wind,3: offshor wind,
3,offshor wind,3: offshor wind,
3,offshor wind,3: offshor wind,
3,offshor wind,3: offshor wind,
3,offshor wind,3: offshor wind,
3,offshor wind,3: offshor wind,
3,offshor wind,3: offshor wind,
3,offshor wind,3: offshor wind,
3,offshor wind,3: offshor wind,
3,offshor wind,3: offshor wind,
3,offshor wind,3: offshor wind,
3,offshor wind,3: offshor wind,
3,offshor wind,3: offshor wind,
3,offshor wind,3: offshor wind,
3,offshor wind,3: offshor wind,
3,offshor wind,3: offshor wind,
3,offshor wind,3: offshor wind,
3,offshor wind,3: offshor wind,
3,offshor wind,3: offshor wind,
3,offshor wind,3: offshor wind,
3,offshor wind,3: offshor wind,
3,offshor wind,3: offshor wind,
3,offshor wind,3: offshor wind,
3,offshor wind,3: offshor wind,
3,offshor wind,3: offshor wind,
3,offshor wind,3: offshor wind,
3,offshor wind,3: offshor wind,
3,offshor wind,3: offshor wind,
3,offshor wind,3: offshor wind,
3,offshor wind,3: offshor wind,
3,offshor wind,3: offshor wind,
3,offshor wind,3: offshor wind,
3,offshor wind,3: offshor wind,
3,offshor wind,3: offshor wind,
3,offshor wind,3: offshor wind,
3,offshor wind,3: offshor wind,
3,offshor wind,3: offshor wind,
3,offshor wind,3: offshor wind,
3,offshor wind,3: offshor wind,
3,offshor wind,3: offshor wind,
3,offshor wind,3: offshor wind,
3,offshor wind,3: offshor wind,
3,offshor wind,3: offshor wind,
3,offshor wind,3: offshor wind,
3,offshor wind,3: offshor wind,
3,offshor wind,3: offshor wind,
3,offshor wind,3: offshor wind,
3,offshor wind,3: offshor wind,
3,offshor wind,3: offshor wind,
3,offshor wind,3: offshor wind,
3,offshor wind,3: offshor wind,
3,offshor wind,3: offshor wind,
3,offshor wind,3: offshor wind,
3,offshor wind,3: offshor wind,
3,offshor wind,3: offshor wind,
3,offshor wind,3: offshor wind,
3,offshor wind,3: offshor wind,
3,offshor wind,3: offshor wind,
3,offshor wind,3: offshor wind,
3,offshor wind,3: offshor wind,
3,offshor wind,3: offshor wind,
3,offshor wind,3: offshor wind,
3,offshor wind,3: offshor wind,
3,offshor wind,3: offshor wind,
3,offshor wind,3: offshor wind,
3,offshor wind,3: offshor wind,
3,offshor wind,3: offshor wind,
3,offshor wind,3: offshor wind,
3,offshor wind,3: offshor wind,
3,offshor wind,3: offshor wind,
3,offshor wind,3: offshor wind,
3,offshor wind,3: offshor wind,
3,offshor wind,3: offshor wind,
3,offshor wind,3: offshor wind,
3,offshor wind,3: offshor wind,
3,offshor wind,3: offshor wind,
3,offshor wind,3: offshor wind,
3,offshor wind,3: offshor wind,
3,offshor wind,3: offshor wind,
3,offshor wind,3: offshor wind,
3,offshor wind,3: offshor wind,
3,offshor wind,3: offshor wind,
3,offshor wind,3: offshor wind,
3,offshor wind,3: offshor wind,
3,offshor wind,3: offshor wind,
3,offshor wind,3: offshor wind,
3,offshor wind,3: offshor wind,
3,offshor wind,3: offshor wind,
3,offshor wind,3: offshor wind,
3,offshor wind,3: offshor wind,
3,offshor wind,3: offshor wind,
3,offshor wind,3: offshor wind,
3,offshor wind,3: offshor wind,
3,offshor wind,3: offshor wind,
3,offshor wind,3: offshor wind,
3,offshor wind,3: offshor wind,
3,offshor wind,3: offshor wind,
3,offshor wind,3: offshor wind,
3,offshor wind,3: offshor wind,
3,offshor wind,3: offshor wind,
3,offshor wind,3: offshor wind,
3,offshor wind,3: offshor wind,
3,offshor wind,3: offshor wind,
3,offshor wind,3: offshor wind,
3,offshor wind,3: offshor wind,
3,offshor wind,3: offshor wind,
3,offshor wind,3: offshor wind,
3,offshor wind,3: offshor wind,
3,offshor wind,3: offshor wind,
3,offshor wind,3: offshor wind,
3,offshor wind,3: offshor wind,
3,offshor wind,3: offshor wind,
3,offshor wind,3: offshor wind,
3,offshor wind,3: offshor wind,
3,offshor wind,3: offshor wind,
3,offshor wind,3: offshor wind,
3,offshor wind,3: offshor wind,
3,offshor wind,3: offshor wind,
3,offshor wind,3: offshor wind,
3,offshor wind,3: offshor wind,
3,offshor wind,3: offshor wind,
3,offshor wind,3: offshor wind,
3,offshor wind,3: offshor wind,
3,offshor wind,3: offshor wind,
3,offshor wind,3: offshor wind,
3,offshor wind,3: offshor wind,
3,offshor wind,3: offshor wind,
3,offshor wind,3: offshor wind,
3,offshor wind,3: offshor wind,
3,offshor wind,3: offshor wind,
3,offshor wind,3: offshor wind,
3,offshor wind,3: offshor wind,
3,offshor wind,3: offshor wind,
3,offshor wind,3: offshor wind,
3,offshor wind,3: offshor wind,
3,offshor wind,3: offshor wind,
3,offshor wind,3: offshor wind,
3,offshor wind,3: offshor wind,
3,offshor wind,3: offshor wind,
3,offshor wind,3: offshor wind,
3,offshor wind,3: offshor wind,
3,offshor wind,3: offshor wind,
3,offshor wind,3: offshor wind,
3,offshor wind,3: offshor wind,
3,offshor wind,3: offshor wind,
3,offshor wind,3: offshor wind,
3,offshor wind,3: offshor wind,
3,offshor wind,3: offshor wind,
3,offshor wind,3: offshor wind,
3,offshor wind,3: offshor wind,
3,offshor wind,3: offshor wind,
3,offshor wind,3: offshor wind,
3,offshor wind,3: offshor wind,
3,offshor wind,3: offshor wind,
3,offshor wind,3: offshor wind,
3,offshor wind,3: offshor wind,
3,offshor wind,3: offshor wind,
3,offshor wind,3: offshor wind,
3,offshor wind,3: offshor wind,
3,offshor wind,3: offshor wind,
3,offshor wind,3: offshor wind,
3,offshor wind,3: offshor wind,
3,offshor wind,3: offshor wind,
3,offshor wind,3: offshor wind,
3,offshor wind,3: offshor wind,
3,offshor wind,3: offshor wind,
3,offshor wind,3: offshor wind,
3,offshor wind,3: offshor wind,
3,offshor wind,3: offshor wind,
3,offshor wind,3: offshor wind,
3,offshor wind,3: offshor wind,
3,offshor wind,3: offshor wind,
3,offshor wind,3: offshor wind,
3,offshor wind,3: offshor wind,
3,offshor wind,3: offshor wind,
3,offshor wind,3: offshor wind,
3,offshor wind,3: offshor wind,
3,offshor wind,3: offshor wind,
3,offshor wind,3: offshor wind,
3,offshor wind,3: offshor wind,
3,offshor wind,3: offshor wind,
3,offshor wind,3: offshor wind,
3,offshor wind,3: offshor wind,
3,offshor wind,3: offshor wind,
3,offshor wind,3: offshor wind,
3,offshor wind,3: offshor wind,
3,offshor wind,3: offshor wind,
3,offshor wind,3: offshor wind,
7,renew energi,7: renew energi,
7,renew energi,7: renew energi,
7,renew energi,7: renew energi,
7,renew energi,7: renew energi,
7,renew energi,7: renew energi,
7,renew energi,7: renew energi,
7,renew energi,7: renew energi,
7,renew energi,7: renew energi,
7,renew energi,7: renew energi,
7,renew energi,7: renew energi,
7,renew energi,7: renew energi,
7,renew energi,7: renew energi,
7,renew energi,7: renew energi,
7,renew energi,7: renew energi,
7,renew energi,7: renew energi,
7,renew energi,7: renew energi,
7,renew energi,7: renew energi,
7,renew energi,7: renew energi,
7,renew energi,7: renew energi,
7,renew energi,7: renew energi,
7,renew energi,7: renew energi,
7,renew energi,7: renew energi,
7,renew energi,7: renew energi,
7,renew energi,7: renew energi,
7,renew energi,7: renew energi,
7,renew energi,7: renew energi,
7,renew energi,7: renew energi,
7,renew energi,7: renew energi,
7,renew energi,7: renew energi,
7,renew energi,7: renew energi,
7,renew energi,7: renew energi,
7,renew energi,7: renew energi,
7,renew energi,7: renew energi,
7,renew energi,7: renew energi,
7,renew energi,7: renew energi,
7,renew energi,7: renew energi,
7,renew energi,7: renew energi,
7,renew energi,7: renew energi,
7,renew energi,7: renew energi,
7,renew energi,7: renew energi,
7,renew energi,7: renew energi,
7,renew energi,7: renew energi,
7,renew energi,7: renew energi,
7,renew energi,7: renew energi,
7,renew energi,7: renew energi,
7,renew energi,7: renew energi,
7,renew energi,7: renew energi,
7,renew energi,7: renew energi,
7,renew energi,7: renew energi,
7,renew energi,7: renew energi,
7,renew energi,7: renew energi,
7,renew energi,7: renew energi,
7,renew energi,7: renew energi,
7,renew energi,7: renew energi,
7,renew energi,7: renew energi,
7,renew energi,7: renew energi,
7,renew energi,7: renew energi,
7,renew energi,7: renew energi,
7,renew energi,7: renew energi,
7,renew energi,7: renew energi,
7,renew energi,7: renew energi,
7,renew energi,7: renew energi,
7,renew energi,7: renew energi,
7,renew energi,7: renew energi,
7,renew energi,7: renew energi,
7,renew energi,7: renew energi,
7,renew energi,7: renew energi,
7,renew energi,7: renew energi,
7,renew energi,7: renew energi,
7,renew energi,7: renew energi,
7,renew energi,7: renew energi,
7,renew energi,7: renew energi,
7,renew energi,7: renew energi,
7,renew energi,7: renew energi,
7,renew energi,7: renew energi,
7,renew energi,7: renew energi,
7,renew energi,7: renew energi,
7,renew energi,7: renew energi,
7,renew energi,7: renew energi,
7,renew energi,7: renew energi,
7,renew energi,7: renew energi,
7,renew energi,7: renew energi,
7,renew energi,7: renew energi,
7,renew energi,7: renew energi,
7,renew energi,7: renew energi,
7,renew energi,7: renew energi,
7,renew energi,7: renew energi,
7,renew energi,7: renew energi,
7,renew energi,7: renew energi,
7,renew energi,7: renew energi,
7,renew energi,7: renew energi,
7,renew energi,7: renew energi,
7,renew energi,7: renew energi,
7,renew energi,7: renew energi,
7,renew energi,7: renew energi,
7,renew energi,7: renew energi,
7,renew energi,7: renew energi,
7,renew energi,7: renew energi,
7,renew energi,7: renew energi,
7,renew energi,7: renew energi,
7,renew energi,7: renew energi,
7,renew energi,7: renew energi,
7,renew energi,7: renew energi,
7,renew energi,7: renew energi,
7,renew energi,7: renew energi,
7,renew energi,7: renew energi,
7,renew energi,7: renew energi,
7,renew energi,7: renew energi,
7,renew energi,7: renew energi,
7,renew energi,7: renew energi,
7,renew energi,7: renew energi,
7,renew energi,7: renew energi,
7,renew energi,7: renew energi,
7,renew energi,7: renew energi,
7,renew energi,7: renew energi,
7,renew energi,7: renew energi,
7,renew energi,7: renew energi,
7,renew energi,7: renew energi,
7,renew energi,7: renew energi,
7,renew energi,7: renew energi,
7,renew energi,7: renew energi,
7,renew energi,7: renew energi,
7,renew energi,7: renew energi,
7,renew energi,7: renew energi,
7,renew energi,7: renew energi,
7,renew energi,7: renew energi,
7,renew energi,7: renew energi,
7,renew energi,7: renew energi,
7,renew energi,7: renew energi,
7,renew energi,7: renew energi,
7,renew energi,7: renew energi,
7,renew energi,7: renew energi,
7,renew energi,7: renew energi,
7,renew energi,7: renew energi,
7,renew energi,7: renew energi,
7,renew energi,7: renew energi,
7,renew energi,7: renew energi,
7,renew energi,7: renew energi,
7,renew energi,7: renew energi,
7,renew energi,7: renew energi,
7,renew energi,7: renew energi,
7,renew energi,7: renew energi,
7,renew energi,7: renew energi,
7,renew energi,7: renew energi,
7,renew energi,7: renew energi,
7,renew energi,7: renew energi,
4,baltic sea,4: baltic sea,
4,baltic sea,4: baltic sea,
4,baltic sea,4: baltic sea,
4,baltic sea,4: baltic sea,
4,baltic sea,4: baltic sea,
4,baltic sea,4: baltic sea,
4,baltic sea,4: baltic sea,
4,baltic sea,4: baltic sea,
4,baltic sea,4: baltic sea,
4,baltic sea,4: baltic sea,
4,baltic sea,4: baltic sea,
4,baltic sea,4: baltic sea,
4,baltic sea,4: baltic sea,
4,baltic sea,4: baltic sea,
4,baltic sea,4: baltic sea,
4,baltic sea,4: baltic sea,
4,baltic sea,4: baltic sea,
4,baltic sea,4: baltic sea,
4,baltic sea,4: baltic sea,
4,baltic sea,4: baltic sea,
4,baltic sea,4: baltic sea,
4,baltic sea,4: baltic sea,
4,baltic sea,4: baltic sea,
4,baltic sea,4: baltic sea,
4,baltic sea,4: baltic sea,
4,baltic sea,4: baltic sea,
4,baltic sea,4: baltic sea,
4,baltic sea,4: baltic sea,
4,baltic sea,4: baltic sea,
4,baltic sea,4: baltic sea,
4,baltic sea,4: baltic sea,
4,baltic sea,4: baltic sea,
4,baltic sea,4: baltic sea,
4,baltic sea,4: baltic sea,
4,baltic sea,4: baltic sea,
4,baltic sea,4: baltic sea,
4,baltic sea,4: baltic sea,
4,baltic sea,4: baltic sea,
4,baltic sea,4: baltic sea,
4,baltic sea,4: baltic sea,
4,baltic sea,4: baltic sea,
4,baltic sea,4: baltic sea,
4,baltic sea,4: baltic sea,
4,baltic sea,4: baltic sea,
4,baltic sea,4: baltic sea,
4,baltic sea,4: baltic sea,
4,baltic sea,4: baltic sea,
4,baltic sea,4: baltic sea,
4,baltic sea,4: baltic sea,
4,baltic sea,4: baltic sea,
4,baltic sea,4: baltic sea,
4,baltic sea,4: baltic sea,
4,baltic sea,4: baltic sea,
4,baltic sea,4: baltic sea,
4,baltic sea,4: baltic sea,
4,baltic sea,4: baltic sea,
4,baltic sea,4: baltic sea,
4,baltic sea,4: baltic sea,
4,baltic sea,4: baltic sea,
4,baltic sea,4: baltic sea,
4,baltic sea,4: baltic sea,
4,baltic sea,4: baltic sea,
4,baltic sea,4: baltic sea,
4,baltic sea,4: baltic sea,
4,baltic sea,4: baltic sea,
4,baltic sea,4: baltic sea,
4,baltic sea,4: baltic sea,
4,baltic sea,4: baltic sea,
4,baltic sea,4: baltic sea,
4,baltic sea,4: baltic sea,
4,baltic sea,4: baltic sea,
4,baltic sea,4: baltic sea,
4,baltic sea,4: baltic sea,
4,baltic sea,4: baltic sea,
4,baltic sea,4: baltic sea,
4,baltic sea,4: baltic sea,
4,baltic sea,4: baltic sea,
4,baltic sea,4: baltic sea,
4,baltic sea,4: baltic sea,
4,baltic sea,4: baltic sea,
4,baltic sea,4: baltic sea,
4,baltic sea,4: baltic sea,
4,baltic sea,4: baltic sea,
4,baltic sea,4: baltic sea,
4,baltic sea,4: baltic sea,
4,baltic sea,4: baltic sea,
4,baltic sea,4: baltic sea,
4,baltic sea,4: baltic sea,
4,baltic sea,4: baltic sea,
4,baltic sea,4: baltic sea,
4,baltic sea,4: baltic sea,
4,baltic sea,4: baltic sea,
4,baltic sea,4: baltic sea,
4,baltic sea,4: baltic sea,
4,baltic sea,4: baltic sea,
4,baltic sea,4: baltic sea,
4,baltic sea,4: baltic sea,
4,baltic sea,4: baltic sea,
4,baltic sea,4: baltic sea,
4,baltic sea,4: baltic sea,
4,baltic sea,4: baltic sea,
4,baltic sea,4: baltic sea,
4,baltic sea,4: baltic sea,
4,baltic sea,4: baltic sea,
4,baltic sea,4: baltic sea,
4,baltic sea,4: baltic sea,
4,baltic sea,4: baltic sea,
4,baltic sea,4: baltic sea,
4,baltic sea,4: baltic sea,
4,baltic sea,4: baltic sea,
4,baltic sea,4: baltic sea,
4,baltic sea,4: baltic sea,
4,baltic sea,4: baltic sea,
4,baltic sea,4: baltic sea,
4,baltic sea,4: baltic sea,
4,baltic sea,4: baltic sea,
4,baltic sea,4: baltic sea,
4,baltic sea,4: baltic sea,
4,baltic sea,4: baltic sea,
4,baltic sea,4: baltic sea,
4,baltic sea,4: baltic sea,
4,baltic sea,4: baltic sea,
4,baltic sea,4: baltic sea,
4,baltic sea,4: baltic sea,
4,baltic sea,4: baltic sea,
4,baltic sea,4: baltic sea,
4,baltic sea,4: baltic sea,
4,baltic sea,4: baltic sea,
4,baltic sea,4: baltic sea,
4,baltic sea,4: baltic sea,
4,baltic sea,4: baltic sea,
4,baltic sea,4: baltic sea,
4,baltic sea,4: baltic sea,
4,baltic sea,4: baltic sea,
4,baltic sea,4: baltic sea,
4,baltic sea,4: baltic sea,
4,baltic sea,4: baltic sea,
4,baltic sea,4: baltic sea,
7,renew energi,7: renew energi,
7,renew energi,7: renew energi,
7,renew energi,7: renew energi,
7,renew energi,7: renew energi,
7,renew energi,7: renew energi,
7,renew energi,7: renew energi,
7,renew energi,7: renew energi,
7,renew energi,7: renew energi,
7,renew energi,7: renew energi,
7,renew energi,7: renew energi,
7,renew energi,7: renew energi,
7,renew energi,7: renew energi,
7,renew energi,7: renew energi,
7,renew energi,7: renew energi,
7,renew energi,7: renew energi,
7,renew energi,7: renew energi,
7,renew energi,7: renew energi,
7,renew energi,7: renew energi,
7,renew energi,7: renew energi,
7,renew energi,7: renew energi,
7,renew energi,7: renew energi,
7,renew energi,7: renew energi,
7,renew energi,7: renew energi,
7,renew energi,7: renew energi,
7,renew energi,7: renew energi,
7,renew energi,7: renew energi,
7,renew energi,7: renew energi,
7,renew energi,7: renew energi,
7,renew energi,7: renew energi,
7,renew energi,7: renew energi,
7,renew energi,7: renew energi,
7,renew energi,7: renew energi,
7,renew energi,7: renew energi,
7,renew energi,7: renew energi,
7,renew energi,7: renew energi,
7,renew energi,7: renew energi,
7,renew energi,7: renew energi,
7,renew energi,7: renew energi,
7,renew energi,7: renew energi,
7,renew energi,7: renew energi,
7,renew energi,7: renew energi,
7,renew energi,7: renew energi,
7,renew energi,7: renew energi,
7,renew energi,7: renew energi,
7,renew energi,7: renew energi,
7,renew energi,7: renew energi,
7,renew energi,7: renew energi,
7,renew energi,7: renew energi,
7,renew energi,7: renew energi,
7,renew energi,7: renew energi,
7,renew energi,7: renew energi,
7,renew energi,7: renew energi,
7,renew energi,7: renew energi,
7,renew energi,7: renew energi,
7,renew energi,7: renew energi,
7,renew energi,7: renew energi,
7,renew energi,7: renew energi,
7,renew energi,7: renew energi,
7,renew energi,7: renew energi,
7,renew energi,7: renew energi,
7,renew energi,7: renew energi,
7,renew energi,7: renew energi,
7,renew energi,7: renew energi,
7,renew energi,7: renew energi,
7,renew energi,7: renew energi,
7,renew energi,7: renew energi,
7,renew energi,7: renew energi,
7,renew energi,7: renew energi,
7,renew energi,7: renew energi,
7,renew energi,7: renew energi,
7,renew energi,7: renew energi,
7,renew energi,7: renew energi,
7,renew energi,7: renew energi,
7,renew energi,7: renew energi,
7,renew energi,7: renew energi,
7,renew energi,7: renew energi,
7,renew energi,7: renew energi,
7,renew energi,7: renew energi,
7,renew energi,7: renew energi,
7,renew energi,7: renew energi,
7,renew energi,7: renew energi,
7,renew energi,7: renew energi,
7,renew energi,7: renew energi,
7,renew energi,7: renew energi,
7,renew energi,7: renew energi,
7,renew energi,7: renew energi,
7,renew energi,7: renew energi,
7,renew energi,7: renew energi,
7,renew energi,7: renew energi,
7,renew energi,7: renew energi,
7,renew energi,7: renew energi,
7,renew energi,7: renew energi,
7,renew energi,7: renew energi,
7,renew energi,7: renew energi,
7,renew energi,7: renew energi,
7,renew energi,7: renew energi,
7,renew energi,7: renew energi,
7,renew energi,7: renew energi,
7,renew energi,7: renew energi,
7,renew energi,7: renew energi,
7,renew energi,7: renew energi,
7,renew energi,7: renew energi,
7,renew energi,7: renew energi,
7,renew energi,7: renew energi,
7,renew energi,7: renew energi,
7,renew energi,7: renew energi,
7,renew energi,7: renew energi,
7,renew energi,7: renew energi,
7,renew energi,7: renew energi,
7,renew energi,7: renew energi,
7,renew energi,7: renew energi,
7,renew energi,7: renew energi,
7,renew energi,7: renew energi,
7,renew energi,7: renew energi,
7,renew energi,7: renew energi,
7,renew energi,7: renew energi,
7,renew energi,7: renew energi,
7,renew energi,7: renew energi,
7,renew energi,7: renew energi,
7,renew energi,7: renew energi,
7,renew energi,7: renew energi,
7,renew energi,7: renew energi,
7,renew energi,7: renew energi,
7,renew energi,7: renew energi,
7,renew energi,7: renew energi,
7,renew energi,7: renew energi,
7,renew energi,7: renew energi,
7,renew energi,7: renew energi,
7,renew energi,7: renew energi,
7,renew energi,7: renew energi,
7,renew energi,7: renew energi,
7,renew energi,7: renew energi,
7,renew energi,7: renew energi,
7,renew energi,7: renew energi,
7,renew energi,7: renew energi,
7,renew energi,7: renew energi,
7,renew energi,7: renew energi,
7,renew energi,7: renew energi,
7,renew energi,7: renew energi,
7,renew energi,7: renew energi,
7,renew energi,7: renew energi,
7,renew energi,7: renew energi,
7,renew energi,7: renew energi,
7,renew energi,7: renew energi,
7,renew energi,7: renew energi,
7,renew energi,7: renew energi,
5,offshor grid,5: offshor grid,
5,offshor grid,5: offshor grid,
5,offshor grid,5: offshor grid,
5,offshor grid,5: offshor grid,
5,offshor grid,5: offshor grid,
5,offshor grid,5: offshor grid,
5,offshor grid,5: offshor grid,
5,offshor grid,5: offshor grid,
5,offshor grid,5: offshor grid,
5,offshor grid,5: offshor grid,
5,offshor grid,5: offshor grid,
5,offshor grid,5: offshor grid,
5,offshor grid,5: offshor grid,
5,offshor grid,5: offshor grid,
5,offshor grid,5: offshor grid,
5,offshor grid,5: offshor grid,
5,offshor grid,5: offshor grid,
5,offshor grid,5: offshor grid,
5,offshor grid,5: offshor grid,
5,offshor grid,5: offshor grid,
5,offshor grid,5: offshor grid,
5,offshor grid,5: offshor grid,
5,offshor grid,5: offshor grid,
5,offshor grid,5: offshor grid,
5,offshor grid,5: offshor grid,
5,offshor grid,5: offshor grid,
5,offshor grid,5: offshor grid,
5,offshor grid,5: offshor grid,
5,offshor grid,5: offshor grid,
5,offshor grid,5: offshor grid,
5,offshor grid,5: offshor grid,
5,offshor grid,5: offshor grid,
5,offshor grid,5: offshor grid,
5,offshor grid,5: offshor grid,
5,offshor grid,5: offshor grid,
5,offshor grid,5: offshor grid,
5,offshor grid,5: offshor grid,
5,offshor grid,5: offshor grid,
5,offshor grid,5: offshor grid,
5,offshor grid,5: offshor grid,
5,offshor grid,5: offshor grid,
5,offshor grid,5: offshor grid,
5,offshor grid,5: offshor grid,
5,offshor grid,5: offshor grid,
5,offshor grid,5: offshor grid,
5,offshor grid,5: offshor grid,
5,offshor grid,5: offshor grid,
5,offshor grid,5: offshor grid,
5,offshor grid,5: offshor grid,
5,offshor grid,5: offshor grid,
5,offshor grid,5: offshor grid,
5,offshor grid,5: offshor grid,
5,offshor grid,5: offshor grid,
5,offshor grid,5: offshor grid,
5,offshor grid,5: offshor grid,
5,offshor grid,5: offshor grid,
5,offshor grid,5: offshor grid,
5,offshor grid,5: offshor grid,
5,offshor grid,5: offshor grid,
5,offshor grid,5: offshor grid,
5,offshor grid,5: offshor grid,
5,offshor grid,5: offshor grid,
5,offshor grid,5: offshor grid,
5,offshor grid,5: offshor grid,
5,offshor grid,5: offshor grid,
5,offshor grid,5: offshor grid,
5,offshor grid,5: offshor grid,
5,offshor grid,5: offshor grid,
5,offshor grid,5: offshor grid,
5,offshor grid,5: offshor grid,
5,offshor grid,5: offshor grid,
5,offshor grid,5: offshor grid,
5,offshor grid,5: offshor grid,
5,offshor grid,5: offshor grid,
5,offshor grid,5: offshor grid,
5,offshor grid,5: offshor grid,
5,offshor grid,5: offshor grid,
5,offshor grid,5: offshor grid,
5,offshor grid,5: offshor grid,
5,offshor grid,5: offshor grid,
5,offshor grid,5: offshor grid,
5,offshor grid,5: offshor grid,
5,offshor grid,5: offshor grid,
5,offshor grid,5: offshor grid,
5,offshor grid,5: offshor grid,
5,offshor grid,5: offshor grid,
5,offshor grid,5: offshor grid,
5,offshor grid,5: offshor grid,
5,offshor grid,5: offshor grid,
5,offshor grid,5: offshor grid,
5,offshor grid,5: offshor grid,
5,offshor grid,5: offshor grid,
5,offshor grid,5: offshor grid,
5,offshor grid,5: offshor grid,
5,offshor grid,5: offshor grid,
5,offshor grid,5: offshor grid,
5,offshor grid,5: offshor grid,
5,offshor grid,5: offshor grid,
5,offshor grid,5: offshor grid,
5,offshor grid,5: offshor grid,
5,offshor grid,5: offshor grid,
5,offshor grid,5: offshor grid,
5,offshor grid,5: offshor grid,
5,offshor grid,5: offshor grid,
5,offshor grid,5: offshor grid,
5,offshor grid,5: offshor grid,
5,offshor grid,5: offshor grid,
5,offshor grid,5: offshor grid,
5,offshor grid,5: offshor grid,
5,offshor grid,5: offshor grid,
5,offshor grid,5: offshor grid,
5,offshor grid,5: offshor grid,
5,offshor grid,5: offshor grid,
5,offshor grid,5: offshor grid,
5,offshor grid,5: offshor grid,
5,offshor grid,5: offshor grid,
5,offshor grid,5: offshor grid,
5,offshor grid,5: offshor grid,
5,offshor grid,5: offshor grid,
5,offshor grid,5: offshor grid,
5,offshor grid,5: offshor grid,
5,offshor grid,5: offshor grid,
5,offshor grid,5: offshor grid,
5,offshor grid,5: offshor grid,
5,offshor grid,5: offshor grid,
5,offshor grid,5: offshor grid,
5,offshor grid,5: offshor grid,
5,offshor grid,5: offshor grid,
5,offshor grid,5: offshor grid,
5,offshor grid,5: offshor grid,
5,offshor grid,5: offshor grid,
5,offshor grid,5: offshor grid,
5,offshor grid,5: offshor grid,
5,offshor grid,5: offshor grid,
5,offshor grid,5: offshor grid,
5,offshor grid,5: offshor grid,
5,offshor grid,5: offshor grid,
5,offshor grid,5: offshor grid,
5,offshor grid,5: offshor grid,
5,offshor grid,5: offshor grid,
5,offshor grid,5: offshor grid,
5,offshor grid,5: offshor grid,
5,offshor grid,5: offshor grid,
5,offshor grid,5: offshor grid,
5,offshor grid,5: offshor grid,
5,offshor grid,5: offshor grid,
5,offshor grid,5: offshor grid,
5,offshor grid,5: offshor grid,
5,offshor grid,5: offshor grid,
5,offshor grid,5: offshor grid,
5,offshor grid,5: offshor grid,
5,offshor grid,5: offshor grid,
5,offshor grid,5: offshor grid,
5,offshor grid,5: offshor grid,
5,offshor grid,5: offshor grid,
5,offshor grid,5: offshor grid,
5,offshor grid,5: offshor grid,
5,offshor grid,5: offshor grid,
5,offshor grid,5: offshor grid,
5,offshor grid,5: offshor grid,
5,offshor grid,5: offshor grid,
5,offshor grid,5: offshor grid,
5,offshor grid,5: offshor grid,
5,offshor grid,5: offshor grid,
5,offshor grid,5: offshor grid,
5,offshor grid,5: offshor grid,
5,offshor grid,5: offshor grid,
5,offshor grid,5: offshor grid,
5,offshor grid,5: offshor grid,
5,offshor grid,5: offshor grid,
5,offshor grid,5: offshor grid,
5,offshor grid,5: offshor grid,
5,offshor grid,5: offshor grid,
5,offshor grid,5: offshor grid,
5,offshor grid,5: offshor grid,
5,offshor grid,5: offshor grid,
5,offshor grid,5: offshor grid,
5,offshor grid,5: offshor grid,
5,offshor grid,5: offshor grid,
5,offshor grid,5: offshor grid,
5,offshor grid,5: offshor grid,
5,offshor grid,5: offshor grid,
5,offshor grid,5: offshor grid,
5,offshor grid,5: offshor grid,
5,offshor grid,5: offshor grid,
5,offshor grid,5: offshor grid,
5,offshor grid,5: offshor grid,
5,offshor grid,5: offshor grid,
5,offshor grid,5: offshor grid,
5,offshor grid,5: offshor grid,
5,offshor grid,5: offshor grid,
5,offshor grid,5: offshor grid,
5,offshor grid,5: offshor grid,
5,offshor grid,5: offshor grid,
5,offshor grid,5: offshor grid,
5,offshor grid,5: offshor grid,
5,offshor grid,5: offshor grid,
5,offshor grid,5: offshor grid,
5,offshor grid,5: offshor grid,
5,offshor grid,5: offshor grid,
5,offshor grid,5: offshor grid,
5,offshor grid,5: offshor grid,
5,offshor grid,5: offshor grid,
5,offshor grid,5: offshor grid,
5,offshor grid,5: offshor grid,
5,offshor grid,5: offshor grid,
5,offshor grid,5: offshor grid,
5,offshor grid,5: offshor grid,
5,offshor grid,5: offshor grid,
5,offshor grid,5: offshor grid,
5,offshor grid,5: offshor grid,
5,offshor grid,5: offshor grid,
5,offshor grid,5: offshor grid,
5,offshor grid,5: offshor grid,
5,offshor grid,5: offshor grid,
5,offshor grid,5: offshor grid,
5,offshor grid,5: offshor grid,
5,offshor grid,5: offshor grid,
5,offshor grid,5: offshor grid,
5,offshor grid,5: offshor grid,
5,offshor grid,5: offshor grid,
5,offshor grid,5: offshor grid,
5,offshor grid,5: offshor grid,
5,offshor grid,5: offshor grid,
5,offshor grid,5: offshor grid,
5,offshor grid,5: offshor grid,
5,offshor grid,5: offshor grid,
5,offshor grid,5: offshor grid,
5,offshor grid,5: offshor grid,
5,offshor grid,5: offshor grid,
5,offshor grid,5: offshor grid,
5,offshor grid,5: offshor grid,
5,offshor grid,5: offshor grid,
5,offshor grid,5: offshor grid,
5,offshor grid,5: offshor grid,
5,offshor grid,5: offshor grid,
5,offshor grid,5: offshor grid,
5,offshor grid,5: offshor grid,
5,offshor grid,5: offshor grid,
5,offshor grid,5: offshor grid,
5,offshor grid,5: offshor grid,
5,offshor grid,5: offshor grid,
5,offshor grid,5: offshor grid,
5,offshor grid,5: offshor grid,
5,offshor grid,5: offshor grid,
5,offshor grid,5: offshor grid,
5,offshor grid,5: offshor grid,
5,offshor grid,5: offshor grid,
5,offshor grid,5: offshor grid,
5,offshor grid,5: offshor grid,
5,offshor grid,5: offshor grid,
5,offshor grid,5: offshor grid,
5,offshor grid,5: offshor grid,
5,offshor grid,5: offshor grid,
5,offshor grid,5: offshor grid,
5,offshor grid,5: offshor grid,
5,offshor grid,5: offshor grid,
5,offshor grid,5: offshor grid,
5,offshor grid,5: offshor grid,
5,offshor grid,5: offshor grid,
5,offshor grid,5: offshor grid,
5,offshor grid,5: offshor grid,
5,offshor grid,5: offshor grid,
5,offshor grid,5: offshor grid,
5,offshor grid,5: offshor grid,
5,offshor grid,5: offshor grid,
5,offshor grid,5: offshor grid,
5,offshor grid,5: offshor grid,
5,offshor grid,5: offshor grid,
5,offshor grid,5: offshor grid,
5,offshor grid,5: offshor grid,
5,offshor grid,5: offshor grid,
5,offshor grid,5: offshor grid,
5,offshor grid,5: offshor grid,
5,offshor grid,5: offshor grid,
5,offshor grid,5: offshor grid,
5,offshor grid,5: offshor grid,
5,offshor grid,5: offshor grid,
5,offshor grid,5: offshor grid,
5,offshor grid,5: offshor grid,
5,offshor grid,5: offshor grid,
5,offshor grid,5: offshor grid,
5,offshor grid,5: offshor grid,
5,offshor grid,5: offshor grid,
5,offshor grid,5: offshor grid,
5,offshor grid,5: offshor grid,
5,offshor grid,5: offshor grid,
5,offshor grid,5: offshor grid,
5,offshor grid,5: offshor grid,
5,offshor grid,5: offshor grid,
5,offshor grid,5: offshor grid,
5,offshor grid,5: offshor grid,
5,offshor grid,5: offshor grid,
5,offshor grid,5: offshor grid,
5,offshor grid,5: offshor grid,
5,offshor grid,5: offshor grid,
5,offshor grid,5: offshor grid,
5,offshor grid,5: offshor grid,
5,offshor grid,5: offshor grid,
5,offshor grid,5: offshor grid,
5,offshor grid,5: offshor grid,
5,offshor grid,5: offshor grid,
5,offshor grid,5: offshor grid,
5,offshor grid,5: offshor grid,
5,offshor grid,5: offshor grid,
5,offshor grid,5: offshor grid,
5,offshor grid,5: offshor grid,
5,offshor grid,5: offshor grid,
5,offshor grid,5: offshor grid,
5,offshor grid,5: offshor grid,
5,offshor grid,5: offshor grid,
5,offshor grid,5: offshor grid,
5,offshor grid,5: offshor grid,
5,offshor grid,5: offshor grid,
5,offshor grid,5: offshor grid,
5,offshor grid,5: offshor grid,
5,offshor grid,5: offshor grid,
5,offshor grid,5: offshor grid,
5,offshor grid,5: offshor grid,
5,offshor grid,5: offshor grid,
5,offshor grid,5: offshor grid,
5,offshor grid,5: offshor grid,
5,offshor grid,5: offshor grid,
5,offshor grid,5: offshor grid,
5,offshor grid,5: offshor grid,
5,offshor grid,5: offshor grid,
5,offshor grid,5: offshor grid,
5,offshor grid,5: offshor grid,
5,offshor grid,5: offshor grid,
5,offshor grid,5: offshor grid,
5,offshor grid,5: offshor grid,
5,offshor grid,5: offshor grid,
5,offshor grid,5: offshor grid,
5,offshor grid,5: offshor grid,
5,offshor grid,5: offshor grid,
5,offshor grid,5: offshor grid,
5,offshor grid,5: offshor grid,
5,offshor grid,5: offshor grid,
5,offshor grid,5: offshor grid,
5,offshor grid,5: offshor grid,
5,offshor grid,5: offshor grid,
5,offshor grid,5: offshor grid,
5,offshor grid,5: offshor grid,
5,offshor grid,5: offshor grid,
5,offshor grid,5: offshor grid,
5,offshor grid,5: offshor grid,
5,offshor grid,5: offshor grid,
5,offshor grid,5: offshor grid,
5,offshor grid,5: offshor grid,
5,offshor grid,5: offshor grid,
7,renew energi,7: renew energi,
7,renew energi,7: renew energi,
7,renew energi,7: renew energi,
7,renew energi,7: renew energi,
7,renew energi,7: renew energi,
7,renew energi,7: renew energi,
7,renew energi,7: renew energi,
7,renew energi,7: renew energi,
7,renew energi,7: renew energi,
7,renew energi,7: renew energi,
7,renew energi,7: renew energi,
7,renew energi,7: renew energi,
7,renew energi,7: renew energi,
7,renew energi,7: renew energi,
7,renew energi,7: renew energi,
7,renew energi,7: renew energi,
7,renew energi,7: renew energi,
7,renew energi,7: renew energi,
7,renew energi,7: renew energi,
7,renew energi,7: renew energi,
7,renew energi,7: renew energi,
7,renew energi,7: renew energi,
7,renew energi,7: renew energi,
7,renew energi,7: renew energi,
7,renew energi,7: renew energi,
7,renew energi,7: renew energi,
7,renew energi,7: renew energi,
7,renew energi,7: renew energi,
7,renew energi,7: renew energi,
7,renew energi,7: renew energi,
7,renew energi,7: renew energi,
7,renew energi,7: renew energi,
7,renew energi,7: renew energi,
7,renew energi,7: renew energi,
7,renew energi,7: renew energi,
7,renew energi,7: renew energi,
7,renew energi,7: renew energi,
7,renew energi,7: renew energi,
7,renew energi,7: renew energi,
7,renew energi,7: renew energi,
7,renew energi,7: renew energi,
7,renew energi,7: renew energi,
7,renew energi,7: renew energi,
7,renew energi,7: renew energi,
7,renew energi,7: renew energi,
7,renew energi,7: renew energi,
7,renew energi,7: renew energi,
7,renew energi,7: renew energi,
7,renew energi,7: renew energi,
7,renew energi,7: renew energi,
7,renew energi,7: renew energi,
7,renew energi,7: renew energi,
7,renew energi,7: renew energi,
7,renew energi,7: renew energi,
7,renew energi,7: renew energi,
7,renew energi,7: renew energi,
7,renew energi,7: renew energi,
7,renew energi,7: renew energi,
7,renew energi,7: renew energi,
7,renew energi,7: renew energi,
7,renew energi,7: renew energi,
7,renew energi,7: renew energi,
7,renew energi,7: renew energi,
7,renew energi,7: renew energi,
7,renew energi,7: renew energi,
7,renew energi,7: renew energi,
7,renew energi,7: renew energi,
7,renew energi,7: renew energi,
7,renew energi,7: renew energi,
7,renew energi,7: renew energi,
7,renew energi,7: renew energi,
7,renew energi,7: renew energi,
7,renew energi,7: renew energi,
7,renew energi,7: renew energi,
7,renew energi,7: renew energi,
7,renew energi,7: renew energi,
7,renew energi,7: renew energi,
7,renew energi,7: renew energi,
7,renew energi,7: renew energi,
7,renew energi,7: renew energi,
7,renew energi,7: renew energi,
7,renew energi,7: renew energi,
7,renew energi,7: renew energi,
7,renew energi,7: renew energi,
7,renew energi,7: renew energi,
7,renew energi,7: renew energi,
7,renew energi,7: renew energi,
7,renew energi,7: renew energi,
7,renew energi,7: renew energi,
7,renew energi,7: renew energi,
7,renew energi,7: renew energi,
7,renew energi,7: renew energi,
7,renew energi,7: renew energi,
7,renew energi,7: renew energi,
7,renew energi,7: renew energi,
7,renew energi,7: renew energi,
7,renew energi,7: renew energi,
7,renew energi,7: renew energi,
7,renew energi,7: renew energi,
7,renew energi,7: renew energi,
7,renew energi,7: renew energi,
7,renew energi,7: renew energi,
7,renew energi,7: renew energi,
7,renew energi,7: renew energi,
7,renew energi,7: renew energi,
7,renew energi,7: renew energi,
7,renew energi,7: renew energi,
7,renew energi,7: renew energi,
7,renew energi,7: renew energi,
7,renew energi,7: renew energi,
7,renew energi,7: renew energi,
7,renew energi,7: renew energi,
7,renew energi,7: renew energi,
7,renew energi,7: renew energi,
7,renew energi,7: renew energi,
7,renew energi,7: renew energi,
7,renew energi,7: renew energi,
7,renew energi,7: renew energi,
7,renew energi,7: renew energi,
7,renew energi,7: renew energi,
7,renew energi,7: renew energi,
7,renew energi,7: renew energi,
7,renew energi,7: renew energi,
7,renew energi,7: renew energi,
7,renew energi,7: renew energi,
7,renew energi,7: renew energi,
7,renew energi,7: renew energi,
7,renew energi,7: renew energi,
7,renew energi,7: renew energi,
7,renew energi,7: renew energi,
7,renew energi,7: renew energi,
7,renew energi,7: renew energi,
7,renew energi,7: renew energi,
7,renew energi,7: renew energi,
7,renew energi,7: renew energi,
7,renew energi,7: renew energi,
7,renew energi,7: renew energi,
7,renew energi,7: renew energi,
7,renew energi,7: renew energi,
7,renew energi,7: renew energi,
7,renew energi,7: renew energi,
7,renew energi,7: renew energi,
7,renew energi,7: renew energi,
7,renew energi,7: renew energi,
7,renew energi,7: renew energi,
7,renew energi,7: renew energi,
1,abstract avail,1: abstract avail,
1,abstract avail,1: abstract avail,
1,abstract avail,1: abstract avail,
1,abstract avail,1: abstract avail,
1,abstract avail,1: abstract avail,
1,abstract avail,1: abstract avail,
1,abstract avail,1: abstract avail,
1,abstract avail,1: abstract avail,
1,abstract avail,1: abstract avail,
1,abstract avail,1: abstract avail,
1,abstract avail,1: abstract avail,
1,abstract avail,1: abstract avail,
1,abstract avail,1: abstract avail,
1,abstract avail,1: abstract avail,
1,abstract avail,1: abstract avail,
1,abstract avail,1: abstract avail,
1,abstract avail,1: abstract avail,
1,abstract avail,1: abstract avail,
1,abstract avail,1: abstract avail,
1,abstract avail,1: abstract avail,
1,abstract avail,1: abstract avail,
1,abstract avail,1: abstract avail,
1,abstract avail,1: abstract avail,
1,abstract avail,1: abstract avail,
1,abstract avail,1: abstract avail,
1,abstract avail,1: abstract avail,
1,abstract avail,1: abstract avail,
1,abstract avail,1: abstract avail,
1,abstract avail,1: abstract avail,
1,abstract avail,1: abstract avail,
1,abstract avail,1: abstract avail,
1,abstract avail,1: abstract avail,
1,abstract avail,1: abstract avail,
1,abstract avail,1: abstract avail,
1,abstract avail,1: abstract avail,
1,abstract avail,1: abstract avail,
1,abstract avail,1: abstract avail,
1,abstract avail,1: abstract avail,
1,abstract avail,1: abstract avail,
1,abstract avail,1: abstract avail,
1,abstract avail,1: abstract avail,
1,abstract avail,1: abstract avail,
1,abstract avail,1: abstract avail,
1,abstract avail,1: abstract avail,
1,abstract avail,1: abstract avail,
1,abstract avail,1: abstract avail,
1,abstract avail,1: abstract avail,
1,abstract avail,1: abstract avail,
1,abstract avail,1: abstract avail,
1,abstract avail,1: abstract avail,
1,abstract avail,1: abstract avail,
1,abstract avail,1: abstract avail,
1,abstract avail,1: abstract avail,
1,abstract avail,1: abstract avail,
1,abstract avail,1: abstract avail,
1,abstract avail,1: abstract avail,
1,abstract avail,1: abstract avail,
1,abstract avail,1: abstract avail,
1,abstract avail,1: abstract avail,
1,abstract avail,1: abstract avail,
1,abstract avail,1: abstract avail,
1,abstract avail,1: abstract avail,
1,abstract avail,1: abstract avail,
1,abstract avail,1: abstract avail,
1,abstract avail,1: abstract avail,
1,abstract avail,1: abstract avail,
1,abstract avail,1: abstract avail,
1,abstract avail,1: abstract avail,
1,abstract avail,1: abstract avail,
1,abstract avail,1: abstract avail,
1,abstract avail,1: abstract avail,
1,abstract avail,1: abstract avail,
1,abstract avail,1: abstract avail,
1,abstract avail,1: abstract avail,
1,abstract avail,1: abstract avail,
1,abstract avail,1: abstract avail,
1,abstract avail,1: abstract avail,
1,abstract avail,1: abstract avail,
1,abstract avail,1: abstract avail,
1,abstract avail,1: abstract avail,
1,abstract avail,1: abstract avail,
9,wind farm,9: wind farm,
9,wind farm,9: wind farm,
9,wind farm,9: wind farm,
9,wind farm,9: wind farm,
9,wind farm,9: wind farm,
9,wind farm,9: wind farm,
9,wind farm,9: wind farm,
9,wind farm,9: wind farm,
9,wind farm,9: wind farm,
9,wind farm,9: wind farm,
9,wind farm,9: wind farm,
9,wind farm,9: wind farm,
9,wind farm,9: wind farm,
9,wind farm,9: wind farm,
9,wind farm,9: wind farm,
9,wind farm,9: wind farm,
9,wind farm,9: wind farm,
9,wind farm,9: wind farm,
9,wind farm,9: wind farm,
9,wind farm,9: wind farm,
9,wind farm,9: wind farm,
9,wind farm,9: wind farm,
9,wind farm,9: wind farm,
9,wind farm,9: wind farm,
9,wind farm,9: wind farm,
9,wind farm,9: wind farm,
9,wind farm,9: wind farm,
9,wind farm,9: wind farm,
9,wind farm,9: wind farm,
9,wind farm,9: wind farm,
9,wind farm,9: wind farm,
9,wind farm,9: wind farm,
9,wind farm,9: wind farm,
9,wind farm,9: wind farm,
9,wind farm,9: wind farm,
9,wind farm,9: wind farm,
9,wind farm,9: wind farm,
9,wind farm,9: wind farm,
9,wind farm,9: wind farm,
9,wind farm,9: wind farm,
9,wind farm,9: wind farm,
9,wind farm,9: wind farm,
9,wind farm,9: wind farm,
9,wind farm,9: wind farm,
9,wind farm,9: wind farm,
9,wind farm,9: wind farm,
9,wind farm,9: wind farm,
9,wind farm,9: wind farm,
9,wind farm,9: wind farm,
9,wind farm,9: wind farm,
9,wind farm,9: wind farm,
9,wind farm,9: wind farm,
9,wind farm,9: wind farm,
9,wind farm,9: wind farm,
9,wind farm,9: wind farm,
9,wind farm,9: wind farm,
9,wind farm,9: wind farm,
9,wind farm,9: wind farm,
9,wind farm,9: wind farm,
9,wind farm,9: wind farm,
9,wind farm,9: wind farm,
9,wind farm,9: wind farm,
9,wind farm,9: wind farm,
9,wind farm,9: wind farm,
9,wind farm,9: wind farm,
9,wind farm,9: wind farm,
9,wind farm,9: wind farm,
9,wind farm,9: wind farm,
9,wind farm,9: wind farm,
9,wind farm,9: wind farm,
9,wind farm,9: wind farm,
9,wind farm,9: wind farm,
9,wind farm,9: wind farm,
9,wind farm,9: wind farm,
9,wind farm,9: wind farm,
9,wind farm,9: wind farm,
9,wind farm,9: wind farm,
9,wind farm,9: wind farm,
9,wind farm,9: wind farm,
9,wind farm,9: wind farm,
9,wind farm,9: wind farm,
9,wind farm,9: wind farm,
9,wind farm,9: wind farm,
9,wind farm,9: wind farm,
9,wind farm,9: wind farm,
9,wind farm,9: wind farm,
9,wind farm,9: wind farm,
9,wind farm,9: wind farm,
9,wind farm,9: wind farm,
9,wind farm,9: wind farm,
9,wind farm,9: wind farm,
9,wind farm,9: wind farm,
9,wind farm,9: wind farm,
9,wind farm,9: wind farm,
9,wind farm,9: wind farm,
9,wind farm,9: wind farm,
9,wind farm,9: wind farm,
9,wind farm,9: wind farm,
9,wind farm,9: wind farm,
9,wind farm,9: wind farm,
9,wind farm,9: wind farm,
9,wind farm,9: wind farm,
9,wind farm,9: wind farm,
9,wind farm,9: wind farm,
9,wind farm,9: wind farm,
9,wind farm,9: wind farm,
9,wind farm,9: wind farm,
9,wind farm,9: wind farm,
9,wind farm,9: wind farm,
9,wind farm,9: wind farm,
9,wind farm,9: wind farm,
9,wind farm,9: wind farm,
9,wind farm,9: wind farm,
9,wind farm,9: wind farm,
9,wind farm,9: wind farm,
9,wind farm,9: wind farm,
9,wind farm,9: wind farm,
9,wind farm,9: wind farm,
9,wind farm,9: wind farm,
9,wind farm,9: wind farm,
9,wind farm,9: wind farm,
9,wind farm,9: wind farm,
9,wind farm,9: wind farm,
9,wind farm,9: wind farm,
9,wind farm,9: wind farm,
9,wind farm,9: wind farm,
9,wind farm,9: wind farm,
9,wind farm,9: wind farm,
9,wind farm,9: wind farm,
9,wind farm,9: wind farm,
9,wind farm,9: wind farm,
9,wind farm,9: wind farm,
9,wind farm,9: wind farm,
9,wind farm,9: wind farm,
9,wind farm,9: wind farm,
9,wind farm,9: wind farm,
9,wind farm,9: wind farm,
9,wind farm,9: wind farm,
9,wind farm,9: wind farm,
9,wind farm,9: wind farm,
9,wind farm,9: wind farm,
9,wind farm,9: wind farm,
9,wind farm,9: wind farm,
9,wind farm,9: wind farm,
9,wind farm,9: wind farm,
9,wind farm,9: wind farm,
9,wind farm,9: wind farm,
9,wind farm,9: wind farm,
9,wind farm,9: wind farm,
9,wind farm,9: wind farm,
9,wind farm,9: wind farm,
9,wind farm,9: wind farm,
9,wind farm,9: wind farm,
9,wind farm,9: wind farm,
9,wind farm,9: wind farm,
9,wind farm,9: wind farm,
9,wind farm,9: wind farm,
9,wind farm,9: wind farm,
9,wind farm,9: wind farm,
9,wind farm,9: wind farm,
9,wind farm,9: wind farm,
7,renew energi,7: renew energi,
7,renew energi,7: renew energi,
7,renew energi,7: renew energi,
7,renew energi,7: renew energi,
7,renew energi,7: renew energi,
7,renew energi,7: renew energi,
7,renew energi,7: renew energi,
7,renew energi,7: renew energi,
7,renew energi,7: renew energi,
7,renew energi,7: renew energi,
7,renew energi,7: renew energi,
7,renew energi,7: renew energi,
7,renew energi,7: renew energi,
7,renew energi,7: renew energi,
7,renew energi,7: renew energi,
7,renew energi,7: renew energi,
7,renew energi,7: renew energi,
7,renew energi,7: renew energi,
7,renew energi,7: renew energi,
7,renew energi,7: renew energi,
7,renew energi,7: renew energi,
7,renew energi,7: renew energi,
7,renew energi,7: renew energi,
7,renew energi,7: renew energi,
7,renew energi,7: renew energi,
7,renew energi,7: renew energi,
7,renew energi,7: renew energi,
7,renew energi,7: renew energi,
7,renew energi,7: renew energi,
7,renew energi,7: renew energi,
7,renew energi,7: renew energi,
7,renew energi,7: renew energi,
7,renew energi,7: renew energi,
7,renew energi,7: renew energi,
7,renew energi,7: renew energi,
7,renew energi,7: renew energi,
7,renew energi,7: renew energi,
7,renew energi,7: renew energi,
7,renew energi,7: renew energi,
7,renew energi,7: renew energi,
7,renew energi,7: renew energi,
7,renew energi,7: renew energi,
7,renew energi,7: renew energi,
7,renew energi,7: renew energi,
7,renew energi,7: renew energi,
7,renew energi,7: renew energi,
7,renew energi,7: renew energi,
7,renew energi,7: renew energi,
7,renew energi,7: renew energi,
7,renew energi,7: renew energi,
7,renew energi,7: renew energi,
7,renew energi,7: renew energi,
7,renew energi,7: renew energi,
7,renew energi,7: renew energi,
7,renew energi,7: renew energi,
7,renew energi,7: renew energi,
7,renew energi,7: renew energi,
7,renew energi,7: renew energi,
7,renew energi,7: renew energi,
7,renew energi,7: renew energi,
7,renew energi,7: renew energi,
7,renew energi,7: renew energi,
7,renew energi,7: renew energi,
7,renew energi,7: renew energi,
7,renew energi,7: renew energi,
7,renew energi,7: renew energi,
7,renew energi,7: renew energi,
7,renew energi,7: renew energi,
7,renew energi,7: renew energi,
7,renew energi,7: renew energi,
7,renew energi,7: renew energi,
7,renew energi,7: renew energi,
7,renew energi,7: renew energi,
7,renew energi,7: renew energi,
7,renew energi,7: renew energi,
7,renew energi,7: renew energi,
7,renew energi,7: renew energi,
7,renew energi,7: renew energi,
7,renew energi,7: renew energi,
7,renew energi,7: renew energi,
7,renew energi,7: renew energi,
7,renew energi,7: renew energi,
7,renew energi,7: renew energi,
7,renew energi,7: renew energi,
7,renew energi,7: renew energi,
7,renew energi,7: renew energi,
7,renew energi,7: renew energi,
7,renew energi,7: renew energi,
7,renew energi,7: renew energi,
7,renew energi,7: renew energi,
7,renew energi,7: renew energi,
7,renew energi,7: renew energi,
7,renew energi,7: renew energi,
7,renew energi,7: renew energi,
7,renew energi,7: renew energi,
7,renew energi,7: renew energi,
7,renew energi,7: renew energi,
7,renew energi,7: renew energi,
7,renew energi,7: renew energi,
7,renew energi,7: renew energi,
7,renew energi,7: renew energi,
7,renew energi,7: renew energi,
7,renew energi,7: renew energi,
7,renew energi,7: renew energi,
7,renew energi,7: renew energi,
7,renew energi,7: renew energi,
7,renew energi,7: renew energi,
7,renew energi,7: renew energi,
7,renew energi,7: renew energi,
7,renew energi,7: renew energi,
7,renew energi,7: renew energi,
7,renew energi,7: renew energi,
7,renew energi,7: renew energi,
7,renew energi,7: renew energi,
7,renew energi,7: renew energi,
7,renew energi,7: renew energi,
7,renew energi,7: renew energi,
7,renew energi,7: renew energi,
7,renew energi,7: renew energi,
7,renew energi,7: renew energi,
7,renew energi,7: renew energi,
7,renew energi,7: renew energi,
7,renew energi,7: renew energi,
7,renew energi,7: renew energi,
7,renew energi,7: renew energi,
7,renew energi,7: renew energi,
7,renew energi,7: renew energi,
7,renew energi,7: renew energi,
7,renew energi,7: renew energi,
7,renew energi,7: renew energi,
7,renew energi,7: renew energi,
7,renew energi,7: renew energi,
7,renew energi,7: renew energi,
7,renew energi,7: renew energi,
7,renew energi,7: renew energi,
7,renew energi,7: renew energi,
7,renew energi,7: renew energi,
7,renew energi,7: renew energi,
7,renew energi,7: renew energi,
7,renew energi,7: renew energi,
7,renew energi,7: renew energi,
7,renew energi,7: renew energi,
7,renew energi,7: renew energi,
7,renew energi,7: renew energi,
7,renew energi,7: renew energi,
7,renew energi,7: renew energi,
7,renew energi,7: renew energi,
7,renew energi,7: renew energi,
7,renew energi,7: renew energi,
7,renew energi,7: renew energi,
7,renew energi,7: renew energi,
7,renew energi,7: renew energi,
7,renew energi,7: renew energi,
7,renew energi,7: renew energi,
7,renew energi,7: renew energi,
7,renew energi,7: renew energi,
7,renew energi,7: renew energi,
7,renew energi,7: renew energi,
7,renew energi,7: renew energi,
7,renew energi,7: renew energi,
7,renew energi,7: renew energi,
7,renew energi,7: renew energi,
7,renew energi,7: renew energi,
7,renew energi,7: renew energi,
7,renew energi,7: renew energi,
7,renew energi,7: renew energi,
7,renew energi,7: renew energi,
7,renew energi,7: renew energi,
7,renew energi,7: renew energi,
7,renew energi,7: renew energi,
7,renew energi,7: renew energi,
7,renew energi,7: renew energi,
7,renew energi,7: renew energi,
7,renew energi,7: renew energi,
7,renew energi,7: renew energi,
7,renew energi,7: renew energi,
7,renew energi,7: renew energi,
7,renew energi,7: renew energi,
7,renew energi,7: renew energi,
7,renew energi,7: renew energi,
7,renew energi,7: renew energi,
7,renew energi,7: renew energi,
7,renew energi,7: renew energi,
7,renew energi,7: renew energi,
7,renew energi,7: renew energi,
7,renew energi,7: renew energi,
7,renew energi,7: renew energi,
7,renew energi,7: renew energi,
7,renew energi,7: renew energi,
7,renew energi,7: renew energi,
7,renew energi,7: renew energi,
7,renew energi,7: renew energi,
7,renew energi,7: renew energi,
7,renew energi,7: renew energi,
7,renew energi,7: renew energi,
7,renew energi,7: renew energi,
7,renew energi,7: renew energi,
7,renew energi,7: renew energi,
7,renew energi,7: renew energi,
7,renew energi,7: renew energi,
7,renew energi,7: renew energi,
7,renew energi,7: renew energi,
7,renew energi,7: renew energi,
7,renew energi,7: renew energi,
7,renew energi,7: renew energi,
7,renew energi,7: renew energi,
7,renew energi,7: renew energi,
7,renew energi,7: renew energi,
7,renew energi,7: renew energi,
7,renew energi,7: renew energi,
7,renew energi,7: renew energi,
7,renew energi,7: renew energi,
7,renew energi,7: renew energi,
7,renew energi,7: renew energi,
7,renew energi,7: renew energi,
7,renew energi,7: renew energi,
7,renew energi,7: renew energi,
7,renew energi,7: renew energi,
7,renew energi,7: renew energi,
7,renew energi,7: renew energi,
7,renew energi,7: renew energi,
7,renew energi,7: renew energi,
7,renew energi,7: renew energi,
7,renew energi,7: renew energi,
7,renew energi,7: renew energi,
7,renew energi,7: renew energi,
7,renew energi,7: renew energi,
7,renew energi,7: renew energi,
7,renew energi,7: renew energi,
7,renew energi,7: renew energi,
7,renew energi,7: renew energi,
7,renew energi,7: renew energi,
7,renew energi,7: renew energi,
7,renew energi,7: renew energi,
7,renew energi,7: renew energi,
7,renew energi,7: renew energi,
7,renew energi,7: renew energi,
7,renew energi,7: renew energi,
7,renew energi,7: renew energi,
7,renew energi,7: renew energi,
7,renew energi,7: renew energi,
7,renew energi,7: renew energi,
7,renew energi,7: renew energi,
7,renew energi,7: renew energi,
7,renew energi,7: renew energi,
7,renew energi,7: renew energi,
7,renew energi,7: renew energi,
7,renew energi,7: renew energi,
7,renew energi,7: renew energi,
7,renew energi,7: renew energi,
7,renew energi,7: renew energi,
7,renew energi,7: renew energi,
7,renew energi,7: renew energi,
7,renew energi,7: renew energi,
7,renew energi,7: renew energi,
7,renew energi,7: renew energi,
7,renew energi,7: renew energi,
7,renew energi,7: renew energi,
7,renew energi,7: renew energi,
7,renew energi,7: renew energi,
7,renew energi,7: renew energi,
7,renew energi,7: renew energi,
7,renew energi,7: renew energi,
7,renew energi,7: renew energi,
7,renew energi,7: renew energi,
7,renew energi,7: renew energi,
7,renew energi,7: renew energi,
7,renew energi,7: renew energi,
7,renew energi,7: renew energi,
7,renew energi,7: renew energi,
7,renew energi,7: renew energi,
7,renew energi,7: renew energi,
7,renew energi,7: renew energi,
7,renew energi,7: renew energi,
7,renew energi,7: renew energi,
7,renew energi,7: renew energi,
7,renew energi,7: renew energi,
7,renew energi,7: renew energi,
7,renew energi,7: renew energi,
7,renew energi,7: renew energi,
7,renew energi,7: renew energi,
7,renew energi,7: renew energi,
7,renew energi,7: renew energi,
7,renew energi,7: renew energi,
7,renew energi,7: renew energi,
7,renew energi,7: renew energi,
7,renew energi,7: renew energi,
7,renew energi,7: renew energi,
7,renew energi,7: renew energi,
7,renew energi,7: renew energi,
7,renew energi,7: renew energi,
7,renew energi,7: renew energi,
9,wind farm,9: wind farm,
9,wind farm,9: wind farm,
9,wind farm,9: wind farm,
9,wind farm,9: wind farm,
9,wind farm,9: wind farm,
9,wind farm,9: wind farm,
9,wind farm,9: wind farm,
9,wind farm,9: wind farm,
9,wind farm,9: wind farm,
9,wind farm,9: wind farm,
9,wind farm,9: wind farm,
9,wind farm,9: wind farm,
9,wind farm,9: wind farm,
9,wind farm,9: wind farm,
9,wind farm,9: wind farm,
9,wind farm,9: wind farm,
9,wind farm,9: wind farm,
9,wind farm,9: wind farm,
9,wind farm,9: wind farm,
9,wind farm,9: wind farm,
9,wind farm,9: wind farm,
9,wind farm,9: wind farm,
9,wind farm,9: wind farm,
9,wind farm,9: wind farm,
9,wind farm,9: wind farm,
9,wind farm,9: wind farm,
9,wind farm,9: wind farm,
9,wind farm,9: wind farm,
9,wind farm,9: wind farm,
9,wind farm,9: wind farm,
9,wind farm,9: wind farm,
9,wind farm,9: wind farm,
9,wind farm,9: wind farm,
9,wind farm,9: wind farm,
9,wind farm,9: wind farm,
9,wind farm,9: wind farm,
9,wind farm,9: wind farm,
9,wind farm,9: wind farm,
9,wind farm,9: wind farm,
9,wind farm,9: wind farm,
9,wind farm,9: wind farm,
9,wind farm,9: wind farm,
9,wind farm,9: wind farm,
9,wind farm,9: wind farm,
9,wind farm,9: wind farm,
9,wind farm,9: wind farm,
9,wind farm,9: wind farm,
9,wind farm,9: wind farm,
9,wind farm,9: wind farm,
9,wind farm,9: wind farm,
9,wind farm,9: wind farm,
9,wind farm,9: wind farm,
9,wind farm,9: wind farm,
9,wind farm,9: wind farm,
9,wind farm,9: wind farm,
9,wind farm,9: wind farm,
9,wind farm,9: wind farm,
9,wind farm,9: wind farm,
9,wind farm,9: wind farm,
9,wind farm,9: wind farm,
9,wind farm,9: wind farm,
9,wind farm,9: wind farm,
9,wind farm,9: wind farm,
9,wind farm,9: wind farm,
9,wind farm,9: wind farm,
9,wind farm,9: wind farm,
9,wind farm,9: wind farm,
9,wind farm,9: wind farm,
9,wind farm,9: wind farm,
9,wind farm,9: wind farm,
9,wind farm,9: wind farm,
9,wind farm,9: wind farm,
9,wind farm,9: wind farm,
9,wind farm,9: wind farm,
9,wind farm,9: wind farm,
9,wind farm,9: wind farm,
9,wind farm,9: wind farm,
9,wind farm,9: wind farm,
9,wind farm,9: wind farm,
9,wind farm,9: wind farm,
9,wind farm,9: wind farm,
9,wind farm,9: wind farm,
9,wind farm,9: wind farm,
9,wind farm,9: wind farm,
9,wind farm,9: wind farm,
9,wind farm,9: wind farm,
9,wind farm,9: wind farm,
9,wind farm,9: wind farm,
9,wind farm,9: wind farm,
9,wind farm,9: wind farm,
9,wind farm,9: wind farm,
9,wind farm,9: wind farm,
9,wind farm,9: wind farm,
9,wind farm,9: wind farm,
9,wind farm,9: wind farm,
9,wind farm,9: wind farm,
9,wind farm,9: wind farm,
9,wind farm,9: wind farm,
9,wind farm,9: wind farm,
9,wind farm,9: wind farm,
9,wind farm,9: wind farm,
9,wind farm,9: wind farm,
9,wind farm,9: wind farm,
9,wind farm,9: wind farm,
9,wind farm,9: wind farm,
9,wind farm,9: wind farm,
9,wind farm,9: wind farm,
9,wind farm,9: wind farm,
9,wind farm,9: wind farm,
9,wind farm,9: wind farm,
9,wind farm,9: wind farm,
9,wind farm,9: wind farm,
9,wind farm,9: wind farm,
9,wind farm,9: wind farm,
9,wind farm,9: wind farm,
9,wind farm,9: wind farm,
9,wind farm,9: wind farm,
9,wind farm,9: wind farm,
9,wind farm,9: wind farm,
9,wind farm,9: wind farm,
9,wind farm,9: wind farm,
9,wind farm,9: wind farm,
9,wind farm,9: wind farm,
9,wind farm,9: wind farm,
9,wind farm,9: wind farm,
9,wind farm,9: wind farm,
9,wind farm,9: wind farm,
9,wind farm,9: wind farm,
9,wind farm,9: wind farm,
9,wind farm,9: wind farm,
9,wind farm,9: wind farm,
9,wind farm,9: wind farm,
9,wind farm,9: wind farm,
9,wind farm,9: wind farm,
9,wind farm,9: wind farm,
9,wind farm,9: wind farm,
9,wind farm,9: wind farm,
9,wind farm,9: wind farm,
9,wind farm,9: wind farm,
9,wind farm,9: wind farm,
9,wind farm,9: wind farm,
9,wind farm,9: wind farm,
9,wind farm,9: wind farm,
9,wind farm,9: wind farm,
9,wind farm,9: wind farm,
9,wind farm,9: wind farm,
9,wind farm,9: wind farm,
9,wind farm,9: wind farm,
9,wind farm,9: wind farm,
9,wind farm,9: wind farm,
9,wind farm,9: wind farm,
9,wind farm,9: wind farm,
9,wind farm,9: wind farm,
9,wind farm,9: wind farm,
9,wind farm,9: wind farm,
9,wind farm,9: wind farm,
9,wind farm,9: wind farm,
9,wind farm,9: wind farm,
9,wind farm,9: wind farm,
9,wind farm,9: wind farm,
9,wind farm,9: wind farm,
7,renew energi,7: renew energi,
7,renew energi,7: renew energi,
7,renew energi,7: renew energi,
7,renew energi,7: renew energi,
7,renew energi,7: renew energi,
7,renew energi,7: renew energi,
7,renew energi,7: renew energi,
7,renew energi,7: renew energi,
7,renew energi,7: renew energi,
7,renew energi,7: renew energi,
7,renew energi,7: renew energi,
7,renew energi,7: renew energi,
7,renew energi,7: renew energi,
7,renew energi,7: renew energi,
7,renew energi,7: renew energi,
7,renew energi,7: renew energi,
7,renew energi,7: renew energi,
7,renew energi,7: renew energi,
7,renew energi,7: renew energi,
7,renew energi,7: renew energi,
7,renew energi,7: renew energi,
7,renew energi,7: renew energi,
7,renew energi,7: renew energi,
7,renew energi,7: renew energi,
7,renew energi,7: renew energi,
7,renew energi,7: renew energi,
7,renew energi,7: renew energi,
7,renew energi,7: renew energi,
7,renew energi,7: renew energi,
7,renew energi,7: renew energi,
7,renew energi,7: renew energi,
7,renew energi,7: renew energi,
7,renew energi,7: renew energi,
7,renew energi,7: renew energi,
7,renew energi,7: renew energi,
7,renew energi,7: renew energi,
7,renew energi,7: renew energi,
7,renew energi,7: renew energi,
7,renew energi,7: renew energi,
7,renew energi,7: renew energi,
7,renew energi,7: renew energi,
7,renew energi,7: renew energi,
7,renew energi,7: renew energi,
7,renew energi,7: renew energi,
7,renew energi,7: renew energi,
7,renew energi,7: renew energi,
7,renew energi,7: renew energi,
7,renew energi,7: renew energi,
7,renew energi,7: renew energi,
7,renew energi,7: renew energi,
7,renew energi,7: renew energi,
7,renew energi,7: renew energi,
7,renew energi,7: renew energi,
7,renew energi,7: renew energi,
7,renew energi,7: renew energi,
7,renew energi,7: renew energi,
7,renew energi,7: renew energi,
7,renew energi,7: renew energi,
7,renew energi,7: renew energi,
7,renew energi,7: renew energi,
7,renew energi,7: renew energi,
7,renew energi,7: renew energi,
7,renew energi,7: renew energi,
7,renew energi,7: renew energi,
7,renew energi,7: renew energi,
7,renew energi,7: renew energi,
7,renew energi,7: renew energi,
7,renew energi,7: renew energi,
7,renew energi,7: renew energi,
7,renew energi,7: renew energi,
7,renew energi,7: renew energi,
7,renew energi,7: renew energi,
7,renew energi,7: renew energi,
7,renew energi,7: renew energi,
7,renew energi,7: renew energi,
7,renew energi,7: renew energi,
7,renew energi,7: renew energi,
7,renew energi,7: renew energi,
7,renew energi,7: renew energi,
7,renew energi,7: renew energi,
7,renew energi,7: renew energi,
7,renew energi,7: renew energi,
7,renew energi,7: renew energi,
7,renew energi,7: renew energi,
7,renew energi,7: renew energi,
7,renew energi,7: renew energi,
7,renew energi,7: renew energi,
7,renew energi,7: renew energi,
7,renew energi,7: renew energi,
7,renew energi,7: renew energi,
7,renew energi,7: renew energi,
7,renew energi,7: renew energi,
7,renew energi,7: renew energi,
7,renew energi,7: renew energi,
7,renew energi,7: renew energi,
7,renew energi,7: renew energi,
7,renew energi,7: renew energi,
7,renew energi,7: renew energi,
7,renew energi,7: renew energi,
7,renew energi,7: renew energi,
7,renew energi,7: renew energi,
7,renew energi,7: renew energi,
7,renew energi,7: renew energi,
7,renew energi,7: renew energi,
7,renew energi,7: renew energi,
7,renew energi,7: renew energi,
7,renew energi,7: renew energi,
7,renew energi,7: renew energi,
7,renew energi,7: renew energi,
7,renew energi,7: renew energi,
7,renew energi,7: renew energi,
7,renew energi,7: renew energi,
7,renew energi,7: renew energi,
7,renew energi,7: renew energi,
7,renew energi,7: renew energi,
7,renew energi,7: renew energi,
7,renew energi,7: renew energi,
7,renew energi,7: renew energi,
7,renew energi,7: renew energi,
7,renew energi,7: renew energi,
7,renew energi,7: renew energi,
7,renew energi,7: renew energi,
7,renew energi,7: renew energi,
7,renew energi,7: renew energi,
7,renew energi,7: renew energi,
7,renew energi,7: renew energi,
7,renew energi,7: renew energi,
7,renew energi,7: renew energi,
7,renew energi,7: renew energi,
7,renew energi,7: renew energi,
7,renew energi,7: renew energi,
7,renew energi,7: renew energi,
7,renew energi,7: renew energi,
7,renew energi,7: renew energi,
7,renew energi,7: renew energi,
7,renew energi,7: renew energi,
7,renew energi,7: renew energi,
7,renew energi,7: renew energi,
7,renew energi,7: renew energi,
7,renew energi,7: renew energi,
7,renew energi,7: renew energi,
7,renew energi,7: renew energi,
7,renew energi,7: renew energi,
7,renew energi,7: renew energi,
7,renew energi,7: renew energi,
7,renew energi,7: renew energi,
5,offshor grid,5: offshor grid,
5,offshor grid,5: offshor grid,
5,offshor grid,5: offshor grid,
5,offshor grid,5: offshor grid,
5,offshor grid,5: offshor grid,
5,offshor grid,5: offshor grid,
5,offshor grid,5: offshor grid,
5,offshor grid,5: offshor grid,
5,offshor grid,5: offshor grid,
5,offshor grid,5: offshor grid,
5,offshor grid,5: offshor grid,
5,offshor grid,5: offshor grid,
5,offshor grid,5: offshor grid,
5,offshor grid,5: offshor grid,
5,offshor grid,5: offshor grid,
5,offshor grid,5: offshor grid,
5,offshor grid,5: offshor grid,
5,offshor grid,5: offshor grid,
5,offshor grid,5: offshor grid,
5,offshor grid,5: offshor grid,
5,offshor grid,5: offshor grid,
5,offshor grid,5: offshor grid,
5,offshor grid,5: offshor grid,
5,offshor grid,5: offshor grid,
5,offshor grid,5: offshor grid,
5,offshor grid,5: offshor grid,
5,offshor grid,5: offshor grid,
5,offshor grid,5: offshor grid,
5,offshor grid,5: offshor grid,
5,offshor grid,5: offshor grid,
5,offshor grid,5: offshor grid,
5,offshor grid,5: offshor grid,
5,offshor grid,5: offshor grid,
5,offshor grid,5: offshor grid,
5,offshor grid,5: offshor grid,
5,offshor grid,5: offshor grid,
5,offshor grid,5: offshor grid,
5,offshor grid,5: offshor grid,
5,offshor grid,5: offshor grid,
5,offshor grid,5: offshor grid,
5,offshor grid,5: offshor grid,
5,offshor grid,5: offshor grid,
5,offshor grid,5: offshor grid,
5,offshor grid,5: offshor grid,
5,offshor grid,5: offshor grid,
5,offshor grid,5: offshor grid,
5,offshor grid,5: offshor grid,
5,offshor grid,5: offshor grid,
5,offshor grid,5: offshor grid,
5,offshor grid,5: offshor grid,
5,offshor grid,5: offshor grid,
5,offshor grid,5: offshor grid,
5,offshor grid,5: offshor grid,
5,offshor grid,5: offshor grid,
5,offshor grid,5: offshor grid,
5,offshor grid,5: offshor grid,
5,offshor grid,5: offshor grid,
5,offshor grid,5: offshor grid,
5,offshor grid,5: offshor grid,
5,offshor grid,5: offshor grid,
5,offshor grid,5: offshor grid,
5,offshor grid,5: offshor grid,
5,offshor grid,5: offshor grid,
5,offshor grid,5: offshor grid,
5,offshor grid,5: offshor grid,
5,offshor grid,5: offshor grid,
5,offshor grid,5: offshor grid,
5,offshor grid,5: offshor grid,
5,offshor grid,5: offshor grid,
5,offshor grid,5: offshor grid,
5,offshor grid,5: offshor grid,
5,offshor grid,5: offshor grid,
5,offshor grid,5: offshor grid,
5,offshor grid,5: offshor grid,
5,offshor grid,5: offshor grid,
5,offshor grid,5: offshor grid,
5,offshor grid,5: offshor grid,
5,offshor grid,5: offshor grid,
5,offshor grid,5: offshor grid,
5,offshor grid,5: offshor grid,
5,offshor grid,5: offshor grid,
5,offshor grid,5: offshor grid,
5,offshor grid,5: offshor grid,
5,offshor grid,5: offshor grid,
5,offshor grid,5: offshor grid,
5,offshor grid,5: offshor grid,
5,offshor grid,5: offshor grid,
5,offshor grid,5: offshor grid,
5,offshor grid,5: offshor grid,
5,offshor grid,5: offshor grid,
5,offshor grid,5: offshor grid,
5,offshor grid,5: offshor grid,
5,offshor grid,5: offshor grid,
5,offshor grid,5: offshor grid,
5,offshor grid,5: offshor grid,
5,offshor grid,5: offshor grid,
5,offshor grid,5: offshor grid,
5,offshor grid,5: offshor grid,
5,offshor grid,5: offshor grid,
5,offshor grid,5: offshor grid,
5,offshor grid,5: offshor grid,
5,offshor grid,5: offshor grid,
5,offshor grid,5: offshor grid,
5,offshor grid,5: offshor grid,
5,offshor grid,5: offshor grid,
5,offshor grid,5: offshor grid,
5,offshor grid,5: offshor grid,
5,offshor grid,5: offshor grid,
5,offshor grid,5: offshor grid,
5,offshor grid,5: offshor grid,
5,offshor grid,5: offshor grid,
5,offshor grid,5: offshor grid,
5,offshor grid,5: offshor grid,
5,offshor grid,5: offshor grid,
5,offshor grid,5: offshor grid,
5,offshor grid,5: offshor grid,
5,offshor grid,5: offshor grid,
5,offshor grid,5: offshor grid,
5,offshor grid,5: offshor grid,
5,offshor grid,5: offshor grid,
5,offshor grid,5: offshor grid,
5,offshor grid,5: offshor grid,
5,offshor grid,5: offshor grid,
5,offshor grid,5: offshor grid,
5,offshor grid,5: offshor grid,
5,offshor grid,5: offshor grid,
5,offshor grid,5: offshor grid,
5,offshor grid,5: offshor grid,
5,offshor grid,5: offshor grid,
5,offshor grid,5: offshor grid,
5,offshor grid,5: offshor grid,
5,offshor grid,5: offshor grid,
5,offshor grid,5: offshor grid,
5,offshor grid,5: offshor grid,
5,offshor grid,5: offshor grid,
5,offshor grid,5: offshor grid,
5,offshor grid,5: offshor grid,
5,offshor grid,5: offshor grid,
5,offshor grid,5: offshor grid,
5,offshor grid,5: offshor grid,
5,offshor grid,5: offshor grid,
5,offshor grid,5: offshor grid,
5,offshor grid,5: offshor grid,
5,offshor grid,5: offshor grid,
5,offshor grid,5: offshor grid,
5,offshor grid,5: offshor grid,
5,offshor grid,5: offshor grid,
5,offshor grid,5: offshor grid,
5,offshor grid,5: offshor grid,
5,offshor grid,5: offshor grid,
5,offshor grid,5: offshor grid,
5,offshor grid,5: offshor grid,
5,offshor grid,5: offshor grid,
5,offshor grid,5: offshor grid,
5,offshor grid,5: offshor grid,
5,offshor grid,5: offshor grid,
5,offshor grid,5: offshor grid,
5,offshor grid,5: offshor grid,
5,offshor grid,5: offshor grid,
5,offshor grid,5: offshor grid,
5,offshor grid,5: offshor grid,
5,offshor grid,5: offshor grid,
5,offshor grid,5: offshor grid,
5,offshor grid,5: offshor grid,
5,offshor grid,5: offshor grid,
5,offshor grid,5: offshor grid,
5,offshor grid,5: offshor grid,
5,offshor grid,5: offshor grid,
5,offshor grid,5: offshor grid,
5,offshor grid,5: offshor grid,
5,offshor grid,5: offshor grid,
5,offshor grid,5: offshor grid,
5,offshor grid,5: offshor grid,
5,offshor grid,5: offshor grid,
5,offshor grid,5: offshor grid,
1,abstract avail,1: abstract avail,
1,abstract avail,1: abstract avail,
1,abstract avail,1: abstract avail,
1,abstract avail,1: abstract avail,
1,abstract avail,1: abstract avail,
1,abstract avail,1: abstract avail,
1,abstract avail,1: abstract avail,
1,abstract avail,1: abstract avail,
1,abstract avail,1: abstract avail,
1,abstract avail,1: abstract avail,
1,abstract avail,1: abstract avail,
1,abstract avail,1: abstract avail,
1,abstract avail,1: abstract avail,
1,abstract avail,1: abstract avail,
1,abstract avail,1: abstract avail,
1,abstract avail,1: abstract avail,
1,abstract avail,1: abstract avail,
1,abstract avail,1: abstract avail,
1,abstract avail,1: abstract avail,
1,abstract avail,1: abstract avail,
1,abstract avail,1: abstract avail,
1,abstract avail,1: abstract avail,
1,abstract avail,1: abstract avail,
1,abstract avail,1: abstract avail,
1,abstract avail,1: abstract avail,
1,abstract avail,1: abstract avail,
1,abstract avail,1: abstract avail,
1,abstract avail,1: abstract avail,
1,abstract avail,1: abstract avail,
1,abstract avail,1: abstract avail,
1,abstract avail,1: abstract avail,
1,abstract avail,1: abstract avail,
1,abstract avail,1: abstract avail,
1,abstract avail,1: abstract avail,
1,abstract avail,1: abstract avail,
1,abstract avail,1: abstract avail,
1,abstract avail,1: abstract avail,
1,abstract avail,1: abstract avail,
1,abstract avail,1: abstract avail,
1,abstract avail,1: abstract avail,
1,abstract avail,1: abstract avail,
1,abstract avail,1: abstract avail,
1,abstract avail,1: abstract avail,
1,abstract avail,1: abstract avail,
1,abstract avail,1: abstract avail,
1,abstract avail,1: abstract avail,
1,abstract avail,1: abstract avail,
1,abstract avail,1: abstract avail,
1,abstract avail,1: abstract avail,
1,abstract avail,1: abstract avail,
1,abstract avail,1: abstract avail,
1,abstract avail,1: abstract avail,
1,abstract avail,1: abstract avail,
1,abstract avail,1: abstract avail,
1,abstract avail,1: abstract avail,
1,abstract avail,1: abstract avail,
1,abstract avail,1: abstract avail,
1,abstract avail,1: abstract avail,
1,abstract avail,1: abstract avail,
1,abstract avail,1: abstract avail,
1,abstract avail,1: abstract avail,
1,abstract avail,1: abstract avail,
1,abstract avail,1: abstract avail,
1,abstract avail,1: abstract avail,
1,abstract avail,1: abstract avail,
1,abstract avail,1: abstract avail,
1,abstract avail,1: abstract avail,
1,abstract avail,1: abstract avail,
1,abstract avail,1: abstract avail,
1,abstract avail,1: abstract avail,
1,abstract avail,1: abstract avail,
1,abstract avail,1: abstract avail,
1,abstract avail,1: abstract avail,
1,abstract avail,1: abstract avail,
1,abstract avail,1: abstract avail,
1,abstract avail,1: abstract avail,
1,abstract avail,1: abstract avail,
1,abstract avail,1: abstract avail,
1,abstract avail,1: abstract avail,
1,abstract avail,1: abstract avail,
1,abstract avail,1: abstract avail,
1,abstract avail,1: abstract avail,
1,abstract avail,1: abstract avail,
1,abstract avail,1: abstract avail,
1,abstract avail,1: abstract avail,
1,abstract avail,1: abstract avail,
1,abstract avail,1: abstract avail,
1,abstract avail,1: abstract avail,
1,abstract avail,1: abstract avail,
1,abstract avail,1: abstract avail,
1,abstract avail,1: abstract avail,
1,abstract avail,1: abstract avail,
1,abstract avail,1: abstract avail,
1,abstract avail,1: abstract avail,
1,abstract avail,1: abstract avail,
1,abstract avail,1: abstract avail,
1,abstract avail,1: abstract avail,
1,abstract avail,1: abstract avail,
1,abstract avail,1: abstract avail,
1,abstract avail,1: abstract avail,
1,abstract avail,1: abstract avail,
1,abstract avail,1: abstract avail,
1,abstract avail,1: abstract avail,
1,abstract avail,1: abstract avail,
1,abstract avail,1: abstract avail,
1,abstract avail,1: abstract avail,
1,abstract avail,1: abstract avail,
1,abstract avail,1: abstract avail,
1,abstract avail,1: abstract avail,
1,abstract avail,1: abstract avail,
1,abstract avail,1: abstract avail,
1,abstract avail,1: abstract avail,
1,abstract avail,1: abstract avail,
1,abstract avail,1: abstract avail,
1,abstract avail,1: abstract avail,
1,abstract avail,1: abstract avail,
1,abstract avail,1: abstract avail,
1,abstract avail,1: abstract avail,
1,abstract avail,1: abstract avail,
1,abstract avail,1: abstract avail,
1,abstract avail,1: abstract avail,
1,abstract avail,1: abstract avail,
1,abstract avail,1: abstract avail,
1,abstract avail,1: abstract avail,
1,abstract avail,1: abstract avail,
1,abstract avail,1: abstract avail,
1,abstract avail,1: abstract avail,
1,abstract avail,1: abstract avail,
1,abstract avail,1: abstract avail,
1,abstract avail,1: abstract avail,
1,abstract avail,1: abstract avail,
1,abstract avail,1: abstract avail,
1,abstract avail,1: abstract avail,
1,abstract avail,1: abstract avail,
1,abstract avail,1: abstract avail,
1,abstract avail,1: abstract avail,
1,abstract avail,1: abstract avail,
1,abstract avail,1: abstract avail,
1,abstract avail,1: abstract avail,
1,abstract avail,1: abstract avail,
1,abstract avail,1: abstract avail,
1,abstract avail,1: abstract avail,
1,abstract avail,1: abstract avail,
1,abstract avail,1: abstract avail,
1,abstract avail,1: abstract avail,
1,abstract avail,1: abstract avail,
1,abstract avail,1: abstract avail,
1,abstract avail,1: abstract avail,
1,abstract avail,1: abstract avail,
1,abstract avail,1: abstract avail,
1,abstract avail,1: abstract avail,
1,abstract avail,1: abstract avail,
1,abstract avail,1: abstract avail,
1,abstract avail,1: abstract avail,
1,abstract avail,1: abstract avail,
1,abstract avail,1: abstract avail,
1,abstract avail,1: abstract avail,
1,abstract avail,1: abstract avail,
1,abstract avail,1: abstract avail,
1,abstract avail,1: abstract avail,
1,abstract avail,1: abstract avail,
1,abstract avail,1: abstract avail,
7,renew energi,7: renew energi,
7,renew energi,7: renew energi,
7,renew energi,7: renew energi,
7,renew energi,7: renew energi,
7,renew energi,7: renew energi,
7,renew energi,7: renew energi,
7,renew energi,7: renew energi,
7,renew energi,7: renew energi,
7,renew energi,7: renew energi,
7,renew energi,7: renew energi,
7,renew energi,7: renew energi,
7,renew energi,7: renew energi,
7,renew energi,7: renew energi,
7,renew energi,7: renew energi,
7,renew energi,7: renew energi,
7,renew energi,7: renew energi,
7,renew energi,7: renew energi,
7,renew energi,7: renew energi,
7,renew energi,7: renew energi,
7,renew energi,7: renew energi,
7,renew energi,7: renew energi,
7,renew energi,7: renew energi,
7,renew energi,7: renew energi,
7,renew energi,7: renew energi,
7,renew energi,7: renew energi,
7,renew energi,7: renew energi,
7,renew energi,7: renew energi,
7,renew energi,7: renew energi,
7,renew energi,7: renew energi,
7,renew energi,7: renew energi,
7,renew energi,7: renew energi,
7,renew energi,7: renew energi,
7,renew energi,7: renew energi,
7,renew energi,7: renew energi,
7,renew energi,7: renew energi,
7,renew energi,7: renew energi,
7,renew energi,7: renew energi,
7,renew energi,7: renew energi,
7,renew energi,7: renew energi,
7,renew energi,7: renew energi,
7,renew energi,7: renew energi,
7,renew energi,7: renew energi,
7,renew energi,7: renew energi,
7,renew energi,7: renew energi,
7,renew energi,7: renew energi,
7,renew energi,7: renew energi,
7,renew energi,7: renew energi,
7,renew energi,7: renew energi,
7,renew energi,7: renew energi,
7,renew energi,7: renew energi,
7,renew energi,7: renew energi,
7,renew energi,7: renew energi,
7,renew energi,7: renew energi,
7,renew energi,7: renew energi,
7,renew energi,7: renew energi,
7,renew energi,7: renew energi,
7,renew energi,7: renew energi,
7,renew energi,7: renew energi,
7,renew energi,7: renew energi,
7,renew energi,7: renew energi,
7,renew energi,7: renew energi,
7,renew energi,7: renew energi,
7,renew energi,7: renew energi,
7,renew energi,7: renew energi,
7,renew energi,7: renew energi,
7,renew energi,7: renew energi,
7,renew energi,7: renew energi,
7,renew energi,7: renew energi,
7,renew energi,7: renew energi,
7,renew energi,7: renew energi,
7,renew energi,7: renew energi,
7,renew energi,7: renew energi,
7,renew energi,7: renew energi,
7,renew energi,7: renew energi,
7,renew energi,7: renew energi,
7,renew energi,7: renew energi,
7,renew energi,7: renew energi,
7,renew energi,7: renew energi,
7,renew energi,7: renew energi,
7,renew energi,7: renew energi,
7,renew energi,7: renew energi,
7,renew energi,7: renew energi,
7,renew energi,7: renew energi,
7,renew energi,7: renew energi,
7,renew energi,7: renew energi,
7,renew energi,7: renew energi,
7,renew energi,7: renew energi,
7,renew energi,7: renew energi,
7,renew energi,7: renew energi,
7,renew energi,7: renew energi,
7,renew energi,7: renew energi,
7,renew energi,7: renew energi,
7,renew energi,7: renew energi,
7,renew energi,7: renew energi,
7,renew energi,7: renew energi,
7,renew energi,7: renew energi,
7,renew energi,7: renew energi,
7,renew energi,7: renew energi,
7,renew energi,7: renew energi,
7,renew energi,7: renew energi,
7,renew energi,7: renew energi,
7,renew energi,7: renew energi,
7,renew energi,7: renew energi,
7,renew energi,7: renew energi,
7,renew energi,7: renew energi,
7,renew energi,7: renew energi,
7,renew energi,7: renew energi,
7,renew energi,7: renew energi,
7,renew energi,7: renew energi,
7,renew energi,7: renew energi,
7,renew energi,7: renew energi,
7,renew energi,7: renew energi,
7,renew energi,7: renew energi,
7,renew energi,7: renew energi,
7,renew energi,7: renew energi,
7,renew energi,7: renew energi,
7,renew energi,7: renew energi,
7,renew energi,7: renew energi,
7,renew energi,7: renew energi,
7,renew energi,7: renew energi,
7,renew energi,7: renew energi,
7,renew energi,7: renew energi,
7,renew energi,7: renew energi,
7,renew energi,7: renew energi,
7,renew energi,7: renew energi,
7,renew energi,7: renew energi,
7,renew energi,7: renew energi,
7,renew energi,7: renew energi,
7,renew energi,7: renew energi,
7,renew energi,7: renew energi,
7,renew energi,7: renew energi,
7,renew energi,7: renew energi,
7,renew energi,7: renew energi,
7,renew energi,7: renew energi,
7,renew energi,7: renew energi,
7,renew energi,7: renew energi,
7,renew energi,7: renew energi,
7,renew energi,7: renew energi,
7,renew energi,7: renew energi,
7,renew energi,7: renew energi,
7,renew energi,7: renew energi,
7,renew energi,7: renew energi,
7,renew energi,7: renew energi,
7,renew energi,7: renew energi,
7,renew energi,7: renew energi,
7,renew energi,7: renew energi,
3,offshor wind,3: offshor wind,
3,offshor wind,3: offshor wind,
3,offshor wind,3: offshor wind,
3,offshor wind,3: offshor wind,
3,offshor wind,3: offshor wind,
3,offshor wind,3: offshor wind,
3,offshor wind,3: offshor wind,
3,offshor wind,3: offshor wind,
3,offshor wind,3: offshor wind,
3,offshor wind,3: offshor wind,
3,offshor wind,3: offshor wind,
3,offshor wind,3: offshor wind,
3,offshor wind,3: offshor wind,
3,offshor wind,3: offshor wind,
3,offshor wind,3: offshor wind,
3,offshor wind,3: offshor wind,
3,offshor wind,3: offshor wind,
3,offshor wind,3: offshor wind,
3,offshor wind,3: offshor wind,
3,offshor wind,3: offshor wind,
3,offshor wind,3: offshor wind,
3,offshor wind,3: offshor wind,
3,offshor wind,3: offshor wind,
3,offshor wind,3: offshor wind,
3,offshor wind,3: offshor wind,
3,offshor wind,3: offshor wind,
3,offshor wind,3: offshor wind,
3,offshor wind,3: offshor wind,
3,offshor wind,3: offshor wind,
3,offshor wind,3: offshor wind,
3,offshor wind,3: offshor wind,
3,offshor wind,3: offshor wind,
3,offshor wind,3: offshor wind,
3,offshor wind,3: offshor wind,
3,offshor wind,3: offshor wind,
3,offshor wind,3: offshor wind,
3,offshor wind,3: offshor wind,
3,offshor wind,3: offshor wind,
3,offshor wind,3: offshor wind,
3,offshor wind,3: offshor wind,
3,offshor wind,3: offshor wind,
3,offshor wind,3: offshor wind,
3,offshor wind,3: offshor wind,
3,offshor wind,3: offshor wind,
3,offshor wind,3: offshor wind,
3,offshor wind,3: offshor wind,
3,offshor wind,3: offshor wind,
3,offshor wind,3: offshor wind,
3,offshor wind,3: offshor wind,
3,offshor wind,3: offshor wind,
3,offshor wind,3: offshor wind,
3,offshor wind,3: offshor wind,
3,offshor wind,3: offshor wind,
3,offshor wind,3: offshor wind,
3,offshor wind,3: offshor wind,
3,offshor wind,3: offshor wind,
3,offshor wind,3: offshor wind,
3,offshor wind,3: offshor wind,
3,offshor wind,3: offshor wind,
3,offshor wind,3: offshor wind,
3,offshor wind,3: offshor wind,
3,offshor wind,3: offshor wind,
3,offshor wind,3: offshor wind,
3,offshor wind,3: offshor wind,
3,offshor wind,3: offshor wind,
3,offshor wind,3: offshor wind,
3,offshor wind,3: offshor wind,
3,offshor wind,3: offshor wind,
3,offshor wind,3: offshor wind,
3,offshor wind,3: offshor wind,
3,offshor wind,3: offshor wind,
3,offshor wind,3: offshor wind,
3,offshor wind,3: offshor wind,
3,offshor wind,3: offshor wind,
3,offshor wind,3: offshor wind,
3,offshor wind,3: offshor wind,
3,offshor wind,3: offshor wind,
3,offshor wind,3: offshor wind,
3,offshor wind,3: offshor wind,
3,offshor wind,3: offshor wind,
3,offshor wind,3: offshor wind,
3,offshor wind,3: offshor wind,
3,offshor wind,3: offshor wind,
3,offshor wind,3: offshor wind,
3,offshor wind,3: offshor wind,
3,offshor wind,3: offshor wind,
3,offshor wind,3: offshor wind,
3,offshor wind,3: offshor wind,
3,offshor wind,3: offshor wind,
3,offshor wind,3: offshor wind,
3,offshor wind,3: offshor wind,
3,offshor wind,3: offshor wind,
3,offshor wind,3: offshor wind,
3,offshor wind,3: offshor wind,
3,offshor wind,3: offshor wind,
3,offshor wind,3: offshor wind,
3,offshor wind,3: offshor wind,
3,offshor wind,3: offshor wind,
3,offshor wind,3: offshor wind,
3,offshor wind,3: offshor wind,
3,offshor wind,3: offshor wind,
3,offshor wind,3: offshor wind,
3,offshor wind,3: offshor wind,
3,offshor wind,3: offshor wind,
3,offshor wind,3: offshor wind,
3,offshor wind,3: offshor wind,
3,offshor wind,3: offshor wind,
3,offshor wind,3: offshor wind,
3,offshor wind,3: offshor wind,
3,offshor wind,3: offshor wind,
3,offshor wind,3: offshor wind,
3,offshor wind,3: offshor wind,
3,offshor wind,3: offshor wind,
3,offshor wind,3: offshor wind,
3,offshor wind,3: offshor wind,
3,offshor wind,3: offshor wind,
3,offshor wind,3: offshor wind,
3,offshor wind,3: offshor wind,
3,offshor wind,3: offshor wind,
3,offshor wind,3: offshor wind,
3,offshor wind,3: offshor wind,
3,offshor wind,3: offshor wind,
3,offshor wind,3: offshor wind,
3,offshor wind,3: offshor wind,
3,offshor wind,3: offshor wind,
3,offshor wind,3: offshor wind,
3,offshor wind,3: offshor wind,
3,offshor wind,3: offshor wind,
3,offshor wind,3: offshor wind,
3,offshor wind,3: offshor wind,
3,offshor wind,3: offshor wind,
3,offshor wind,3: offshor wind,
3,offshor wind,3: offshor wind,
3,offshor wind,3: offshor wind,
3,offshor wind,3: offshor wind,
3,offshor wind,3: offshor wind,
3,offshor wind,3: offshor wind,
3,offshor wind,3: offshor wind,
3,offshor wind,3: offshor wind,
3,offshor wind,3: offshor wind,
3,offshor wind,3: offshor wind,
3,offshor wind,3: offshor wind,
3,offshor wind,3: offshor wind,
3,offshor wind,3: offshor wind,
3,offshor wind,3: offshor wind,
3,offshor wind,3: offshor wind,
3,offshor wind,3: offshor wind,
3,offshor wind,3: offshor wind,
3,offshor wind,3: offshor wind,
3,offshor wind,3: offshor wind,
3,offshor wind,3: offshor wind,
3,offshor wind,3: offshor wind,
3,offshor wind,3: offshor wind,
3,offshor wind,3: offshor wind,
3,offshor wind,3: offshor wind,
3,offshor wind,3: offshor wind,
3,offshor wind,3: offshor wind,
3,offshor wind,3: offshor wind,
3,offshor wind,3: offshor wind,
3,offshor wind,3: offshor wind,
3,offshor wind,3: offshor wind,
3,offshor wind,3: offshor wind,
3,offshor wind,3: offshor wind,
3,offshor wind,3: offshor wind,
3,offshor wind,3: offshor wind,
3,offshor wind,3: offshor wind,
3,offshor wind,3: offshor wind,
3,offshor wind,3: offshor wind,
3,offshor wind,3: offshor wind,
3,offshor wind,3: offshor wind,
3,offshor wind,3: offshor wind,
3,offshor wind,3: offshor wind,
3,offshor wind,3: offshor wind,
3,offshor wind,3: offshor wind,
3,offshor wind,3: offshor wind,
3,offshor wind,3: offshor wind,
3,offshor wind,3: offshor wind,
3,offshor wind,3: offshor wind,
3,offshor wind,3: offshor wind,
3,offshor wind,3: offshor wind,
3,offshor wind,3: offshor wind,
3,offshor wind,3: offshor wind,
3,offshor wind,3: offshor wind,
3,offshor wind,3: offshor wind,
3,offshor wind,3: offshor wind,
3,offshor wind,3: offshor wind,
3,offshor wind,3: offshor wind,
3,offshor wind,3: offshor wind,
3,offshor wind,3: offshor wind,
3,offshor wind,3: offshor wind,
3,offshor wind,3: offshor wind,
3,offshor wind,3: offshor wind,
3,offshor wind,3: offshor wind,
3,offshor wind,3: offshor wind,
3,offshor wind,3: offshor wind,
3,offshor wind,3: offshor wind,
3,offshor wind,3: offshor wind,
3,offshor wind,3: offshor wind,
3,offshor wind,3: offshor wind,
3,offshor wind,3: offshor wind,
3,offshor wind,3: offshor wind,
3,offshor wind,3: offshor wind,
3,offshor wind,3: offshor wind,
3,offshor wind,3: offshor wind,
3,offshor wind,3: offshor wind,
3,offshor wind,3: offshor wind,
3,offshor wind,3: offshor wind,
3,offshor wind,3: offshor wind,
3,offshor wind,3: offshor wind,
3,offshor wind,3: offshor wind,
3,offshor wind,3: offshor wind,
3,offshor wind,3: offshor wind,
3,offshor wind,3: offshor wind,
3,offshor wind,3: offshor wind,
3,offshor wind,3: offshor wind,
3,offshor wind,3: offshor wind,
3,offshor wind,3: offshor wind,
3,offshor wind,3: offshor wind,
3,offshor wind,3: offshor wind,
3,offshor wind,3: offshor wind,
3,offshor wind,3: offshor wind,
3,offshor wind,3: offshor wind,
3,offshor wind,3: offshor wind,
3,offshor wind,3: offshor wind,
3,offshor wind,3: offshor wind,
3,offshor wind,3: offshor wind,
1,abstract avail,1: abstract avail,
1,abstract avail,1: abstract avail,
1,abstract avail,1: abstract avail,
1,abstract avail,1: abstract avail,
1,abstract avail,1: abstract avail,
1,abstract avail,1: abstract avail,
1,abstract avail,1: abstract avail,
1,abstract avail,1: abstract avail,
1,abstract avail,1: abstract avail,
1,abstract avail,1: abstract avail,
1,abstract avail,1: abstract avail,
1,abstract avail,1: abstract avail,
1,abstract avail,1: abstract avail,
1,abstract avail,1: abstract avail,
1,abstract avail,1: abstract avail,
1,abstract avail,1: abstract avail,
1,abstract avail,1: abstract avail,
1,abstract avail,1: abstract avail,
1,abstract avail,1: abstract avail,
1,abstract avail,1: abstract avail,
1,abstract avail,1: abstract avail,
1,abstract avail,1: abstract avail,
1,abstract avail,1: abstract avail,
1,abstract avail,1: abstract avail,
1,abstract avail,1: abstract avail,
1,abstract avail,1: abstract avail,
1,abstract avail,1: abstract avail,
1,abstract avail,1: abstract avail,
1,abstract avail,1: abstract avail,
1,abstract avail,1: abstract avail,
1,abstract avail,1: abstract avail,
1,abstract avail,1: abstract avail,
1,abstract avail,1: abstract avail,
1,abstract avail,1: abstract avail,
1,abstract avail,1: abstract avail,
1,abstract avail,1: abstract avail,
1,abstract avail,1: abstract avail,
1,abstract avail,1: abstract avail,
1,abstract avail,1: abstract avail,
1,abstract avail,1: abstract avail,
1,abstract avail,1: abstract avail,
1,abstract avail,1: abstract avail,
1,abstract avail,1: abstract avail,
1,abstract avail,1: abstract avail,
1,abstract avail,1: abstract avail,
1,abstract avail,1: abstract avail,
1,abstract avail,1: abstract avail,
1,abstract avail,1: abstract avail,
1,abstract avail,1: abstract avail,
1,abstract avail,1: abstract avail,
1,abstract avail,1: abstract avail,
1,abstract avail,1: abstract avail,
1,abstract avail,1: abstract avail,
1,abstract avail,1: abstract avail,
1,abstract avail,1: abstract avail,
1,abstract avail,1: abstract avail,
1,abstract avail,1: abstract avail,
1,abstract avail,1: abstract avail,
1,abstract avail,1: abstract avail,
1,abstract avail,1: abstract avail,
1,abstract avail,1: abstract avail,
1,abstract avail,1: abstract avail,
1,abstract avail,1: abstract avail,
1,abstract avail,1: abstract avail,
1,abstract avail,1: abstract avail,
1,abstract avail,1: abstract avail,
1,abstract avail,1: abstract avail,
1,abstract avail,1: abstract avail,
1,abstract avail,1: abstract avail,
1,abstract avail,1: abstract avail,
1,abstract avail,1: abstract avail,
1,abstract avail,1: abstract avail,
1,abstract avail,1: abstract avail,
1,abstract avail,1: abstract avail,
1,abstract avail,1: abstract avail,
1,abstract avail,1: abstract avail,
1,abstract avail,1: abstract avail,
1,abstract avail,1: abstract avail,
1,abstract avail,1: abstract avail,
1,abstract avail,1: abstract avail,
1,abstract avail,1: abstract avail,
5,offshor grid,5: offshor grid,
5,offshor grid,5: offshor grid,
5,offshor grid,5: offshor grid,
5,offshor grid,5: offshor grid,
5,offshor grid,5: offshor grid,
5,offshor grid,5: offshor grid,
5,offshor grid,5: offshor grid,
5,offshor grid,5: offshor grid,
5,offshor grid,5: offshor grid,
5,offshor grid,5: offshor grid,
5,offshor grid,5: offshor grid,
5,offshor grid,5: offshor grid,
5,offshor grid,5: offshor grid,
5,offshor grid,5: offshor grid,
5,offshor grid,5: offshor grid,
5,offshor grid,5: offshor grid,
5,offshor grid,5: offshor grid,
5,offshor grid,5: offshor grid,
5,offshor grid,5: offshor grid,
5,offshor grid,5: offshor grid,
5,offshor grid,5: offshor grid,
5,offshor grid,5: offshor grid,
5,offshor grid,5: offshor grid,
5,offshor grid,5: offshor grid,
5,offshor grid,5: offshor grid,
5,offshor grid,5: offshor grid,
5,offshor grid,5: offshor grid,
5,offshor grid,5: offshor grid,
5,offshor grid,5: offshor grid,
5,offshor grid,5: offshor grid,
5,offshor grid,5: offshor grid,
5,offshor grid,5: offshor grid,
5,offshor grid,5: offshor grid,
5,offshor grid,5: offshor grid,
5,offshor grid,5: offshor grid,
5,offshor grid,5: offshor grid,
5,offshor grid,5: offshor grid,
5,offshor grid,5: offshor grid,
5,offshor grid,5: offshor grid,
5,offshor grid,5: offshor grid,
5,offshor grid,5: offshor grid,
5,offshor grid,5: offshor grid,
5,offshor grid,5: offshor grid,
5,offshor grid,5: offshor grid,
5,offshor grid,5: offshor grid,
5,offshor grid,5: offshor grid,
5,offshor grid,5: offshor grid,
5,offshor grid,5: offshor grid,
5,offshor grid,5: offshor grid,
5,offshor grid,5: offshor grid,
5,offshor grid,5: offshor grid,
5,offshor grid,5: offshor grid,
5,offshor grid,5: offshor grid,
5,offshor grid,5: offshor grid,
5,offshor grid,5: offshor grid,
5,offshor grid,5: offshor grid,
5,offshor grid,5: offshor grid,
5,offshor grid,5: offshor grid,
5,offshor grid,5: offshor grid,
5,offshor grid,5: offshor grid,
5,offshor grid,5: offshor grid,
5,offshor grid,5: offshor grid,
5,offshor grid,5: offshor grid,
5,offshor grid,5: offshor grid,
5,offshor grid,5: offshor grid,
5,offshor grid,5: offshor grid,
5,offshor grid,5: offshor grid,
5,offshor grid,5: offshor grid,
5,offshor grid,5: offshor grid,
5,offshor grid,5: offshor grid,
5,offshor grid,5: offshor grid,
5,offshor grid,5: offshor grid,
5,offshor grid,5: offshor grid,
5,offshor grid,5: offshor grid,
5,offshor grid,5: offshor grid,
5,offshor grid,5: offshor grid,
5,offshor grid,5: offshor grid,
5,offshor grid,5: offshor grid,
5,offshor grid,5: offshor grid,
5,offshor grid,5: offshor grid,
5,offshor grid,5: offshor grid,
5,offshor grid,5: offshor grid,
5,offshor grid,5: offshor grid,
5,offshor grid,5: offshor grid,
5,offshor grid,5: offshor grid,
5,offshor grid,5: offshor grid,
5,offshor grid,5: offshor grid,
5,offshor grid,5: offshor grid,
5,offshor grid,5: offshor grid,
5,offshor grid,5: offshor grid,
5,offshor grid,5: offshor grid,
5,offshor grid,5: offshor grid,
5,offshor grid,5: offshor grid,
5,offshor grid,5: offshor grid,
5,offshor grid,5: offshor grid,
5,offshor grid,5: offshor grid,
5,offshor grid,5: offshor grid,
5,offshor grid,5: offshor grid,
5,offshor grid,5: offshor grid,
5,offshor grid,5: offshor grid,
5,offshor grid,5: offshor grid,
5,offshor grid,5: offshor grid,
5,offshor grid,5: offshor grid,
5,offshor grid,5: offshor grid,
5,offshor grid,5: offshor grid,
5,offshor grid,5: offshor grid,
5,offshor grid,5: offshor grid,
5,offshor grid,5: offshor grid,
5,offshor grid,5: offshor grid,
5,offshor grid,5: offshor grid,
5,offshor grid,5: offshor grid,
5,offshor grid,5: offshor grid,
5,offshor grid,5: offshor grid,
5,offshor grid,5: offshor grid,
5,offshor grid,5: offshor grid,
5,offshor grid,5: offshor grid,
5,offshor grid,5: offshor grid,
5,offshor grid,5: offshor grid,
5,offshor grid,5: offshor grid,
5,offshor grid,5: offshor grid,
5,offshor grid,5: offshor grid,
5,offshor grid,5: offshor grid,
5,offshor grid,5: offshor grid,
5,offshor grid,5: offshor grid,
5,offshor grid,5: offshor grid,
5,offshor grid,5: offshor grid,
5,offshor grid,5: offshor grid,
5,offshor grid,5: offshor grid,
5,offshor grid,5: offshor grid,
5,offshor grid,5: offshor grid,
5,offshor grid,5: offshor grid,
5,offshor grid,5: offshor grid,
5,offshor grid,5: offshor grid,
5,offshor grid,5: offshor grid,
5,offshor grid,5: offshor grid,
5,offshor grid,5: offshor grid,
5,offshor grid,5: offshor grid,
5,offshor grid,5: offshor grid,
5,offshor grid,5: offshor grid,
5,offshor grid,5: offshor grid,
5,offshor grid,5: offshor grid,
5,offshor grid,5: offshor grid,
5,offshor grid,5: offshor grid,
5,offshor grid,5: offshor grid,
5,offshor grid,5: offshor grid,
5,offshor grid,5: offshor grid,
5,offshor grid,5: offshor grid,
5,offshor grid,5: offshor grid,
5,offshor grid,5: offshor grid,
5,offshor grid,5: offshor grid,
5,offshor grid,5: offshor grid,
5,offshor grid,5: offshor grid,
5,offshor grid,5: offshor grid,
5,offshor grid,5: offshor grid,
5,offshor grid,5: offshor grid,
5,offshor grid,5: offshor grid,
5,offshor grid,5: offshor grid,
5,offshor grid,5: offshor grid,
5,offshor grid,5: offshor grid,
5,offshor grid,5: offshor grid,
5,offshor grid,5: offshor grid,
5,offshor grid,5: offshor grid,
5,offshor grid,5: offshor grid,
5,offshor grid,5: offshor grid,
5,offshor grid,5: offshor grid,
5,offshor grid,5: offshor grid,
5,offshor grid,5: offshor grid,
5,offshor grid,5: offshor grid,
5,offshor grid,5: offshor grid,
5,offshor grid,5: offshor grid,
5,offshor grid,5: offshor grid,
5,offshor grid,5: offshor grid,
5,offshor grid,5: offshor grid,
5,offshor grid,5: offshor grid,
5,offshor grid,5: offshor grid,
5,offshor grid,5: offshor grid,
5,offshor grid,5: offshor grid,
5,offshor grid,5: offshor grid,
5,offshor grid,5: offshor grid,
5,offshor grid,5: offshor grid,
5,offshor grid,5: offshor grid,
5,offshor grid,5: offshor grid,
5,offshor grid,5: offshor grid,
5,offshor grid,5: offshor grid,
5,offshor grid,5: offshor grid,
5,offshor grid,5: offshor grid,
5,offshor grid,5: offshor grid,
5,offshor grid,5: offshor grid,
5,offshor grid,5: offshor grid,
5,offshor grid,5: offshor grid,
5,offshor grid,5: offshor grid,
5,offshor grid,5: offshor grid,
5,offshor grid,5: offshor grid,
5,offshor grid,5: offshor grid,
5,offshor grid,5: offshor grid,
5,offshor grid,5: offshor grid,
5,offshor grid,5: offshor grid,
5,offshor grid,5: offshor grid,
5,offshor grid,5: offshor grid,
5,offshor grid,5: offshor grid,
5,offshor grid,5: offshor grid,
5,offshor grid,5: offshor grid,
5,offshor grid,5: offshor grid,
5,offshor grid,5: offshor grid,
5,offshor grid,5: offshor grid,
5,offshor grid,5: offshor grid,
5,offshor grid,5: offshor grid,
5,offshor grid,5: offshor grid,
5,offshor grid,5: offshor grid,
5,offshor grid,5: offshor grid,
5,offshor grid,5: offshor grid,
5,offshor grid,5: offshor grid,
5,offshor grid,5: offshor grid,
5,offshor grid,5: offshor grid,
5,offshor grid,5: offshor grid,
5,offshor grid,5: offshor grid,
5,offshor grid,5: offshor grid,
5,offshor grid,5: offshor grid,
5,offshor grid,5: offshor grid,
5,offshor grid,5: offshor grid,
5,offshor grid,5: offshor grid,
5,offshor grid,5: offshor grid,
5,offshor grid,5: offshor grid,
5,offshor grid,5: offshor grid,
5,offshor grid,5: offshor grid,
5,offshor grid,5: offshor grid,
5,offshor grid,5: offshor grid,
5,offshor grid,5: offshor grid,
5,offshor grid,5: offshor grid,
5,offshor grid,5: offshor grid,
5,offshor grid,5: offshor grid,
5,offshor grid,5: offshor grid,
5,offshor grid,5: offshor grid,
5,offshor grid,5: offshor grid,
5,offshor grid,5: offshor grid,
5,offshor grid,5: offshor grid,
5,offshor grid,5: offshor grid,
5,offshor grid,5: offshor grid,
5,offshor grid,5: offshor grid,
5,offshor grid,5: offshor grid,
5,offshor grid,5: offshor grid,
5,offshor grid,5: offshor grid,
5,offshor grid,5: offshor grid,
5,offshor grid,5: offshor grid,
5,offshor grid,5: offshor grid,
5,offshor grid,5: offshor grid,
5,offshor grid,5: offshor grid,
5,offshor grid,5: offshor grid,
5,offshor grid,5: offshor grid,
5,offshor grid,5: offshor grid,
5,offshor grid,5: offshor grid,
5,offshor grid,5: offshor grid,
5,offshor grid,5: offshor grid,
5,offshor grid,5: offshor grid,
5,offshor grid,5: offshor grid,
5,offshor grid,5: offshor grid,
5,offshor grid,5: offshor grid,
5,offshor grid,5: offshor grid,
5,offshor grid,5: offshor grid,
5,offshor grid,5: offshor grid,
5,offshor grid,5: offshor grid,
5,offshor grid,5: offshor grid,
5,offshor grid,5: offshor grid,
5,offshor grid,5: offshor grid,
5,offshor grid,5: offshor grid,
5,offshor grid,5: offshor grid,
5,offshor grid,5: offshor grid,
5,offshor grid,5: offshor grid,
5,offshor grid,5: offshor grid,
5,offshor grid,5: offshor grid,
5,offshor grid,5: offshor grid,
5,offshor grid,5: offshor grid,
5,offshor grid,5: offshor grid,
5,offshor grid,5: offshor grid,
5,offshor grid,5: offshor grid,
5,offshor grid,5: offshor grid,
5,offshor grid,5: offshor grid,
5,offshor grid,5: offshor grid,
5,offshor grid,5: offshor grid,
5,offshor grid,5: offshor grid,
5,offshor grid,5: offshor grid,
5,offshor grid,5: offshor grid,
5,offshor grid,5: offshor grid,
5,offshor grid,5: offshor grid,
5,offshor grid,5: offshor grid,
5,offshor grid,5: offshor grid,
5,offshor grid,5: offshor grid,
5,offshor grid,5: offshor grid,
5,offshor grid,5: offshor grid,
5,offshor grid,5: offshor grid,
5,offshor grid,5: offshor grid,
5,offshor grid,5: offshor grid,
5,offshor grid,5: offshor grid,
5,offshor grid,5: offshor grid,
5,offshor grid,5: offshor grid,
5,offshor grid,5: offshor grid,
5,offshor grid,5: offshor grid,
5,offshor grid,5: offshor grid,
5,offshor grid,5: offshor grid,
5,offshor grid,5: offshor grid,
5,offshor grid,5: offshor grid,
5,offshor grid,5: offshor grid,
5,offshor grid,5: offshor grid,
5,offshor grid,5: offshor grid,
5,offshor grid,5: offshor grid,
5,offshor grid,5: offshor grid,
5,offshor grid,5: offshor grid,
5,offshor grid,5: offshor grid,
5,offshor grid,5: offshor grid,
5,offshor grid,5: offshor grid,
5,offshor grid,5: offshor grid,
5,offshor grid,5: offshor grid,
5,offshor grid,5: offshor grid,
5,offshor grid,5: offshor grid,
5,offshor grid,5: offshor grid,
5,offshor grid,5: offshor grid,
5,offshor grid,5: offshor grid,
5,offshor grid,5: offshor grid,
5,offshor grid,5: offshor grid,
5,offshor grid,5: offshor grid,
5,offshor grid,5: offshor grid,
5,offshor grid,5: offshor grid,
5,offshor grid,5: offshor grid,
5,offshor grid,5: offshor grid,
5,offshor grid,5: offshor grid,
5,offshor grid,5: offshor grid,
5,offshor grid,5: offshor grid,
5,offshor grid,5: offshor grid,
5,offshor grid,5: offshor grid,
5,offshor grid,5: offshor grid,
5,offshor grid,5: offshor grid,
5,offshor grid,5: offshor grid,
5,offshor grid,5: offshor grid,
5,offshor grid,5: offshor grid,
5,offshor grid,5: offshor grid,
5,offshor grid,5: offshor grid,
5,offshor grid,5: offshor grid,
5,offshor grid,5: offshor grid,
5,offshor grid,5: offshor grid,
5,offshor grid,5: offshor grid,
5,offshor grid,5: offshor grid,
5,offshor grid,5: offshor grid,
5,offshor grid,5: offshor grid,
5,offshor grid,5: offshor grid,
5,offshor grid,5: offshor grid,
5,offshor grid,5: offshor grid,
5,offshor grid,5: offshor grid,
5,offshor grid,5: offshor grid,
5,offshor grid,5: offshor grid,
5,offshor grid,5: offshor grid,
7,renew energi,7: renew energi,
7,renew energi,7: renew energi,
7,renew energi,7: renew energi,
7,renew energi,7: renew energi,
7,renew energi,7: renew energi,
7,renew energi,7: renew energi,
7,renew energi,7: renew energi,
7,renew energi,7: renew energi,
7,renew energi,7: renew energi,
7,renew energi,7: renew energi,
7,renew energi,7: renew energi,
7,renew energi,7: renew energi,
7,renew energi,7: renew energi,
7,renew energi,7: renew energi,
7,renew energi,7: renew energi,
7,renew energi,7: renew energi,
7,renew energi,7: renew energi,
7,renew energi,7: renew energi,
7,renew energi,7: renew energi,
7,renew energi,7: renew energi,
7,renew energi,7: renew energi,
7,renew energi,7: renew energi,
7,renew energi,7: renew energi,
7,renew energi,7: renew energi,
7,renew energi,7: renew energi,
7,renew energi,7: renew energi,
7,renew energi,7: renew energi,
7,renew energi,7: renew energi,
7,renew energi,7: renew energi,
7,renew energi,7: renew energi,
7,renew energi,7: renew energi,
7,renew energi,7: renew energi,
7,renew energi,7: renew energi,
7,renew energi,7: renew energi,
7,renew energi,7: renew energi,
7,renew energi,7: renew energi,
7,renew energi,7: renew energi,
7,renew energi,7: renew energi,
7,renew energi,7: renew energi,
7,renew energi,7: renew energi,
7,renew energi,7: renew energi,
7,renew energi,7: renew energi,
7,renew energi,7: renew energi,
7,renew energi,7: renew energi,
7,renew energi,7: renew energi,
7,renew energi,7: renew energi,
7,renew energi,7: renew energi,
7,renew energi,7: renew energi,
7,renew energi,7: renew energi,
7,renew energi,7: renew energi,
7,renew energi,7: renew energi,
7,renew energi,7: renew energi,
7,renew energi,7: renew energi,
7,renew energi,7: renew energi,
7,renew energi,7: renew energi,
7,renew energi,7: renew energi,
7,renew energi,7: renew energi,
7,renew energi,7: renew energi,
7,renew energi,7: renew energi,
7,renew energi,7: renew energi,
7,renew energi,7: renew energi,
7,renew energi,7: renew energi,
7,renew energi,7: renew energi,
7,renew energi,7: renew energi,
7,renew energi,7: renew energi,
7,renew energi,7: renew energi,
7,renew energi,7: renew energi,
7,renew energi,7: renew energi,
7,renew energi,7: renew energi,
7,renew energi,7: renew energi,
7,renew energi,7: renew energi,
7,renew energi,7: renew energi,
7,renew energi,7: renew energi,
7,renew energi,7: renew energi,
7,renew energi,7: renew energi,
7,renew energi,7: renew energi,
7,renew energi,7: renew energi,
7,renew energi,7: renew energi,
7,renew energi,7: renew energi,
7,renew energi,7: renew energi,
7,renew energi,7: renew energi,
7,renew energi,7: renew energi,
7,renew energi,7: renew energi,
7,renew energi,7: renew energi,
7,renew energi,7: renew energi,
7,renew energi,7: renew energi,
7,renew energi,7: renew energi,
7,renew energi,7: renew energi,
7,renew energi,7: renew energi,
7,renew energi,7: renew energi,
7,renew energi,7: renew energi,
7,renew energi,7: renew energi,
7,renew energi,7: renew energi,
7,renew energi,7: renew energi,
7,renew energi,7: renew energi,
7,renew energi,7: renew energi,
7,renew energi,7: renew energi,
7,renew energi,7: renew energi,
7,renew energi,7: renew energi,
7,renew energi,7: renew energi,
7,renew energi,7: renew energi,
7,renew energi,7: renew energi,
7,renew energi,7: renew energi,
7,renew energi,7: renew energi,
7,renew energi,7: renew energi,
7,renew energi,7: renew energi,
7,renew energi,7: renew energi,
7,renew energi,7: renew energi,
7,renew energi,7: renew energi,
7,renew energi,7: renew energi,
7,renew energi,7: renew energi,
7,renew energi,7: renew energi,
7,renew energi,7: renew energi,
7,renew energi,7: renew energi,
7,renew energi,7: renew energi,
7,renew energi,7: renew energi,
7,renew energi,7: renew energi,
7,renew energi,7: renew energi,
7,renew energi,7: renew energi,
7,renew energi,7: renew energi,
7,renew energi,7: renew energi,
7,renew energi,7: renew energi,
7,renew energi,7: renew energi,
7,renew energi,7: renew energi,
7,renew energi,7: renew energi,
7,renew energi,7: renew energi,
7,renew energi,7: renew energi,
7,renew energi,7: renew energi,
7,renew energi,7: renew energi,
7,renew energi,7: renew energi,
7,renew energi,7: renew energi,
7,renew energi,7: renew energi,
7,renew energi,7: renew energi,
7,renew energi,7: renew energi,
7,renew energi,7: renew energi,
7,renew energi,7: renew energi,
7,renew energi,7: renew energi,
7,renew energi,7: renew energi,
7,renew energi,7: renew energi,
7,renew energi,7: renew energi,
7,renew energi,7: renew energi,
7,renew energi,7: renew energi,
7,renew energi,7: renew energi,
7,renew energi,7: renew energi,
7,renew energi,7: renew energi,
7,renew energi,7: renew energi,
9,wind farm,9: wind farm,
9,wind farm,9: wind farm,
9,wind farm,9: wind farm,
9,wind farm,9: wind farm,
9,wind farm,9: wind farm,
9,wind farm,9: wind farm,
9,wind farm,9: wind farm,
9,wind farm,9: wind farm,
9,wind farm,9: wind farm,
9,wind farm,9: wind farm,
9,wind farm,9: wind farm,
9,wind farm,9: wind farm,
9,wind farm,9: wind farm,
9,wind farm,9: wind farm,
9,wind farm,9: wind farm,
9,wind farm,9: wind farm,
9,wind farm,9: wind farm,
9,wind farm,9: wind farm,
9,wind farm,9: wind farm,
9,wind farm,9: wind farm,
9,wind farm,9: wind farm,
9,wind farm,9: wind farm,
9,wind farm,9: wind farm,
9,wind farm,9: wind farm,
9,wind farm,9: wind farm,
9,wind farm,9: wind farm,
9,wind farm,9: wind farm,
9,wind farm,9: wind farm,
9,wind farm,9: wind farm,
9,wind farm,9: wind farm,
9,wind farm,9: wind farm,
9,wind farm,9: wind farm,
9,wind farm,9: wind farm,
9,wind farm,9: wind farm,
9,wind farm,9: wind farm,
9,wind farm,9: wind farm,
9,wind farm,9: wind farm,
9,wind farm,9: wind farm,
9,wind farm,9: wind farm,
9,wind farm,9: wind farm,
9,wind farm,9: wind farm,
9,wind farm,9: wind farm,
9,wind farm,9: wind farm,
9,wind farm,9: wind farm,
9,wind farm,9: wind farm,
9,wind farm,9: wind farm,
9,wind farm,9: wind farm,
9,wind farm,9: wind farm,
9,wind farm,9: wind farm,
9,wind farm,9: wind farm,
9,wind farm,9: wind farm,
9,wind farm,9: wind farm,
9,wind farm,9: wind farm,
9,wind farm,9: wind farm,
9,wind farm,9: wind farm,
9,wind farm,9: wind farm,
9,wind farm,9: wind farm,
9,wind farm,9: wind farm,
9,wind farm,9: wind farm,
9,wind farm,9: wind farm,
9,wind farm,9: wind farm,
9,wind farm,9: wind farm,
9,wind farm,9: wind farm,
9,wind farm,9: wind farm,
9,wind farm,9: wind farm,
9,wind farm,9: wind farm,
9,wind farm,9: wind farm,
9,wind farm,9: wind farm,
9,wind farm,9: wind farm,
9,wind farm,9: wind farm,
9,wind farm,9: wind farm,
9,wind farm,9: wind farm,
9,wind farm,9: wind farm,
9,wind farm,9: wind farm,
9,wind farm,9: wind farm,
9,wind farm,9: wind farm,
9,wind farm,9: wind farm,
9,wind farm,9: wind farm,
9,wind farm,9: wind farm,
9,wind farm,9: wind farm,
9,wind farm,9: wind farm,
9,wind farm,9: wind farm,
9,wind farm,9: wind farm,
9,wind farm,9: wind farm,
9,wind farm,9: wind farm,
9,wind farm,9: wind farm,
9,wind farm,9: wind farm,
9,wind farm,9: wind farm,
9,wind farm,9: wind farm,
9,wind farm,9: wind farm,
9,wind farm,9: wind farm,
9,wind farm,9: wind farm,
9,wind farm,9: wind farm,
9,wind farm,9: wind farm,
9,wind farm,9: wind farm,
9,wind farm,9: wind farm,
9,wind farm,9: wind farm,
9,wind farm,9: wind farm,
9,wind farm,9: wind farm,
9,wind farm,9: wind farm,
9,wind farm,9: wind farm,
9,wind farm,9: wind farm,
9,wind farm,9: wind farm,
9,wind farm,9: wind farm,
9,wind farm,9: wind farm,
9,wind farm,9: wind farm,
9,wind farm,9: wind farm,
9,wind farm,9: wind farm,
9,wind farm,9: wind farm,
9,wind farm,9: wind farm,
9,wind farm,9: wind farm,
9,wind farm,9: wind farm,
9,wind farm,9: wind farm,
9,wind farm,9: wind farm,
9,wind farm,9: wind farm,
9,wind farm,9: wind farm,
9,wind farm,9: wind farm,
9,wind farm,9: wind farm,
9,wind farm,9: wind farm,
9,wind farm,9: wind farm,
9,wind farm,9: wind farm,
9,wind farm,9: wind farm,
9,wind farm,9: wind farm,
9,wind farm,9: wind farm,
9,wind farm,9: wind farm,
9,wind farm,9: wind farm,
9,wind farm,9: wind farm,
9,wind farm,9: wind farm,
9,wind farm,9: wind farm,
9,wind farm,9: wind farm,
9,wind farm,9: wind farm,
9,wind farm,9: wind farm,
9,wind farm,9: wind farm,
9,wind farm,9: wind farm,
9,wind farm,9: wind farm,
9,wind farm,9: wind farm,
9,wind farm,9: wind farm,
9,wind farm,9: wind farm,
9,wind farm,9: wind farm,
9,wind farm,9: wind farm,
9,wind farm,9: wind farm,
9,wind farm,9: wind farm,
9,wind farm,9: wind farm,
9,wind farm,9: wind farm,
9,wind farm,9: wind farm,
9,wind farm,9: wind farm,
9,wind farm,9: wind farm,
9,wind farm,9: wind farm,
9,wind farm,9: wind farm,
9,wind farm,9: wind farm,
9,wind farm,9: wind farm,
9,wind farm,9: wind farm,
9,wind farm,9: wind farm,
9,wind farm,9: wind farm,
9,wind farm,9: wind farm,
9,wind farm,9: wind farm,
9,wind farm,9: wind farm,
9,wind farm,9: wind farm,
9,wind farm,9: wind farm,
9,wind farm,9: wind farm,
9,wind farm,9: wind farm,
3,offshor wind,3: offshor wind,
3,offshor wind,3: offshor wind,
3,offshor wind,3: offshor wind,
3,offshor wind,3: offshor wind,
3,offshor wind,3: offshor wind,
3,offshor wind,3: offshor wind,
3,offshor wind,3: offshor wind,
3,offshor wind,3: offshor wind,
3,offshor wind,3: offshor wind,
3,offshor wind,3: offshor wind,
3,offshor wind,3: offshor wind,
3,offshor wind,3: offshor wind,
3,offshor wind,3: offshor wind,
3,offshor wind,3: offshor wind,
3,offshor wind,3: offshor wind,
3,offshor wind,3: offshor wind,
3,offshor wind,3: offshor wind,
3,offshor wind,3: offshor wind,
3,offshor wind,3: offshor wind,
3,offshor wind,3: offshor wind,
3,offshor wind,3: offshor wind,
3,offshor wind,3: offshor wind,
3,offshor wind,3: offshor wind,
3,offshor wind,3: offshor wind,
3,offshor wind,3: offshor wind,
3,offshor wind,3: offshor wind,
3,offshor wind,3: offshor wind,
3,offshor wind,3: offshor wind,
3,offshor wind,3: offshor wind,
3,offshor wind,3: offshor wind,
3,offshor wind,3: offshor wind,
3,offshor wind,3: offshor wind,
3,offshor wind,3: offshor wind,
3,offshor wind,3: offshor wind,
3,offshor wind,3: offshor wind,
3,offshor wind,3: offshor wind,
3,offshor wind,3: offshor wind,
3,offshor wind,3: offshor wind,
3,offshor wind,3: offshor wind,
3,offshor wind,3: offshor wind,
3,offshor wind,3: offshor wind,
3,offshor wind,3: offshor wind,
3,offshor wind,3: offshor wind,
3,offshor wind,3: offshor wind,
3,offshor wind,3: offshor wind,
3,offshor wind,3: offshor wind,
3,offshor wind,3: offshor wind,
3,offshor wind,3: offshor wind,
3,offshor wind,3: offshor wind,
3,offshor wind,3: offshor wind,
3,offshor wind,3: offshor wind,
3,offshor wind,3: offshor wind,
3,offshor wind,3: offshor wind,
3,offshor wind,3: offshor wind,
3,offshor wind,3: offshor wind,
3,offshor wind,3: offshor wind,
3,offshor wind,3: offshor wind,
3,offshor wind,3: offshor wind,
3,offshor wind,3: offshor wind,
3,offshor wind,3: offshor wind,
3,offshor wind,3: offshor wind,
3,offshor wind,3: offshor wind,
3,offshor wind,3: offshor wind,
3,offshor wind,3: offshor wind,
3,offshor wind,3: offshor wind,
3,offshor wind,3: offshor wind,
3,offshor wind,3: offshor wind,
3,offshor wind,3: offshor wind,
3,offshor wind,3: offshor wind,
3,offshor wind,3: offshor wind,
3,offshor wind,3: offshor wind,
3,offshor wind,3: offshor wind,
3,offshor wind,3: offshor wind,
3,offshor wind,3: offshor wind,
3,offshor wind,3: offshor wind,
3,offshor wind,3: offshor wind,
3,offshor wind,3: offshor wind,
3,offshor wind,3: offshor wind,
3,offshor wind,3: offshor wind,
3,offshor wind,3: offshor wind,
3,offshor wind,3: offshor wind,
3,offshor wind,3: offshor wind,
3,offshor wind,3: offshor wind,
3,offshor wind,3: offshor wind,
3,offshor wind,3: offshor wind,
3,offshor wind,3: offshor wind,
3,offshor wind,3: offshor wind,
3,offshor wind,3: offshor wind,
3,offshor wind,3: offshor wind,
3,offshor wind,3: offshor wind,
3,offshor wind,3: offshor wind,
3,offshor wind,3: offshor wind,
3,offshor wind,3: offshor wind,
3,offshor wind,3: offshor wind,
3,offshor wind,3: offshor wind,
3,offshor wind,3: offshor wind,
3,offshor wind,3: offshor wind,
3,offshor wind,3: offshor wind,
3,offshor wind,3: offshor wind,
3,offshor wind,3: offshor wind,
3,offshor wind,3: offshor wind,
3,offshor wind,3: offshor wind,
3,offshor wind,3: offshor wind,
3,offshor wind,3: offshor wind,
3,offshor wind,3: offshor wind,
3,offshor wind,3: offshor wind,
3,offshor wind,3: offshor wind,
3,offshor wind,3: offshor wind,
3,offshor wind,3: offshor wind,
3,offshor wind,3: offshor wind,
3,offshor wind,3: offshor wind,
3,offshor wind,3: offshor wind,
3,offshor wind,3: offshor wind,
9,wind farm,9: wind farm,
9,wind farm,9: wind farm,
9,wind farm,9: wind farm,
9,wind farm,9: wind farm,
9,wind farm,9: wind farm,
9,wind farm,9: wind farm,
9,wind farm,9: wind farm,
9,wind farm,9: wind farm,
9,wind farm,9: wind farm,
9,wind farm,9: wind farm,
9,wind farm,9: wind farm,
9,wind farm,9: wind farm,
9,wind farm,9: wind farm,
9,wind farm,9: wind farm,
9,wind farm,9: wind farm,
9,wind farm,9: wind farm,
9,wind farm,9: wind farm,
9,wind farm,9: wind farm,
9,wind farm,9: wind farm,
9,wind farm,9: wind farm,
9,wind farm,9: wind farm,
9,wind farm,9: wind farm,
9,wind farm,9: wind farm,
9,wind farm,9: wind farm,
9,wind farm,9: wind farm,
9,wind farm,9: wind farm,
9,wind farm,9: wind farm,
9,wind farm,9: wind farm,
9,wind farm,9: wind farm,
9,wind farm,9: wind farm,
9,wind farm,9: wind farm,
9,wind farm,9: wind farm,
9,wind farm,9: wind farm,
9,wind farm,9: wind farm,
9,wind farm,9: wind farm,
9,wind farm,9: wind farm,
9,wind farm,9: wind farm,
9,wind farm,9: wind farm,
9,wind farm,9: wind farm,
9,wind farm,9: wind farm,
9,wind farm,9: wind farm,
9,wind farm,9: wind farm,
9,wind farm,9: wind farm,
9,wind farm,9: wind farm,
9,wind farm,9: wind farm,
9,wind farm,9: wind farm,
9,wind farm,9: wind farm,
9,wind farm,9: wind farm,
9,wind farm,9: wind farm,
9,wind farm,9: wind farm,
9,wind farm,9: wind farm,
9,wind farm,9: wind farm,
9,wind farm,9: wind farm,
9,wind farm,9: wind farm,
9,wind farm,9: wind farm,
9,wind farm,9: wind farm,
9,wind farm,9: wind farm,
9,wind farm,9: wind farm,
9,wind farm,9: wind farm,
9,wind farm,9: wind farm,
9,wind farm,9: wind farm,
9,wind farm,9: wind farm,
9,wind farm,9: wind farm,
9,wind farm,9: wind farm,
9,wind farm,9: wind farm,
9,wind farm,9: wind farm,
9,wind farm,9: wind farm,
9,wind farm,9: wind farm,
9,wind farm,9: wind farm,
9,wind farm,9: wind farm,
9,wind farm,9: wind farm,
9,wind farm,9: wind farm,
9,wind farm,9: wind farm,
9,wind farm,9: wind farm,
9,wind farm,9: wind farm,
9,wind farm,9: wind farm,
9,wind farm,9: wind farm,
9,wind farm,9: wind farm,
9,wind farm,9: wind farm,
9,wind farm,9: wind farm,
9,wind farm,9: wind farm,
9,wind farm,9: wind farm,
9,wind farm,9: wind farm,
9,wind farm,9: wind farm,
9,wind farm,9: wind farm,
9,wind farm,9: wind farm,
9,wind farm,9: wind farm,
9,wind farm,9: wind farm,
9,wind farm,9: wind farm,
9,wind farm,9: wind farm,
9,wind farm,9: wind farm,
9,wind farm,9: wind farm,
9,wind farm,9: wind farm,
9,wind farm,9: wind farm,
9,wind farm,9: wind farm,
9,wind farm,9: wind farm,
9,wind farm,9: wind farm,
9,wind farm,9: wind farm,
9,wind farm,9: wind farm,
9,wind farm,9: wind farm,
9,wind farm,9: wind farm,
9,wind farm,9: wind farm,
9,wind farm,9: wind farm,
9,wind farm,9: wind farm,
9,wind farm,9: wind farm,
9,wind farm,9: wind farm,
9,wind farm,9: wind farm,
9,wind farm,9: wind farm,
9,wind farm,9: wind farm,
9,wind farm,9: wind farm,
9,wind farm,9: wind farm,
9,wind farm,9: wind farm,
9,wind farm,9: wind farm,
9,wind farm,9: wind farm,
9,wind farm,9: wind farm,
9,wind farm,9: wind farm,
9,wind farm,9: wind farm,
9,wind farm,9: wind farm,
9,wind farm,9: wind farm,
9,wind farm,9: wind farm,
9,wind farm,9: wind farm,
9,wind farm,9: wind farm,
9,wind farm,9: wind farm,
9,wind farm,9: wind farm,
9,wind farm,9: wind farm,
9,wind farm,9: wind farm,
9,wind farm,9: wind farm,
9,wind farm,9: wind farm,
9,wind farm,9: wind farm,
9,wind farm,9: wind farm,
9,wind farm,9: wind farm,
9,wind farm,9: wind farm,
9,wind farm,9: wind farm,
9,wind farm,9: wind farm,
9,wind farm,9: wind farm,
9,wind farm,9: wind farm,
9,wind farm,9: wind farm,
9,wind farm,9: wind farm,
9,wind farm,9: wind farm,
9,wind farm,9: wind farm,
9,wind farm,9: wind farm,
9,wind farm,9: wind farm,
9,wind farm,9: wind farm,
9,wind farm,9: wind farm,
9,wind farm,9: wind farm,
9,wind farm,9: wind farm,
9,wind farm,9: wind farm,
9,wind farm,9: wind farm,
9,wind farm,9: wind farm,
9,wind farm,9: wind farm,
9,wind farm,9: wind farm,
9,wind farm,9: wind farm,
9,wind farm,9: wind farm,
9,wind farm,9: wind farm,
9,wind farm,9: wind farm,
9,wind farm,9: wind farm,
9,wind farm,9: wind farm,
9,wind farm,9: wind farm,
9,wind farm,9: wind farm,
9,wind farm,9: wind farm,
9,wind farm,9: wind farm,
7,renew energi,7: renew energi,
7,renew energi,7: renew energi,
7,renew energi,7: renew energi,
7,renew energi,7: renew energi,
7,renew energi,7: renew energi,
7,renew energi,7: renew energi,
7,renew energi,7: renew energi,
7,renew energi,7: renew energi,
7,renew energi,7: renew energi,
7,renew energi,7: renew energi,
7,renew energi,7: renew energi,
7,renew energi,7: renew energi,
7,renew energi,7: renew energi,
7,renew energi,7: renew energi,
7,renew energi,7: renew energi,
7,renew energi,7: renew energi,
7,renew energi,7: renew energi,
7,renew energi,7: renew energi,
7,renew energi,7: renew energi,
7,renew energi,7: renew energi,
7,renew energi,7: renew energi,
7,renew energi,7: renew energi,
7,renew energi,7: renew energi,
7,renew energi,7: renew energi,
7,renew energi,7: renew energi,
7,renew energi,7: renew energi,
7,renew energi,7: renew energi,
7,renew energi,7: renew energi,
7,renew energi,7: renew energi,
7,renew energi,7: renew energi,
7,renew energi,7: renew energi,
7,renew energi,7: renew energi,
7,renew energi,7: renew energi,
7,renew energi,7: renew energi,
7,renew energi,7: renew energi,
7,renew energi,7: renew energi,
7,renew energi,7: renew energi,
7,renew energi,7: renew energi,
7,renew energi,7: renew energi,
7,renew energi,7: renew energi,
7,renew energi,7: renew energi,
7,renew energi,7: renew energi,
7,renew energi,7: renew energi,
7,renew energi,7: renew energi,
7,renew energi,7: renew energi,
7,renew energi,7: renew energi,
7,renew energi,7: renew energi,
7,renew energi,7: renew energi,
7,renew energi,7: renew energi,
7,renew energi,7: renew energi,
7,renew energi,7: renew energi,
7,renew energi,7: renew energi,
7,renew energi,7: renew energi,
7,renew energi,7: renew energi,
7,renew energi,7: renew energi,
7,renew energi,7: renew energi,
7,renew energi,7: renew energi,
7,renew energi,7: renew energi,
7,renew energi,7: renew energi,
7,renew energi,7: renew energi,
7,renew energi,7: renew energi,
7,renew energi,7: renew energi,
7,renew energi,7: renew energi,
7,renew energi,7: renew energi,
7,renew energi,7: renew energi,
7,renew energi,7: renew energi,
7,renew energi,7: renew energi,
7,renew energi,7: renew energi,
7,renew energi,7: renew energi,
7,renew energi,7: renew energi,
7,renew energi,7: renew energi,
7,renew energi,7: renew energi,
7,renew energi,7: renew energi,
7,renew energi,7: renew energi,
7,renew energi,7: renew energi,
7,renew energi,7: renew energi,
7,renew energi,7: renew energi,
7,renew energi,7: renew energi,
7,renew energi,7: renew energi,
7,renew energi,7: renew energi,
7,renew energi,7: renew energi,
7,renew energi,7: renew energi,
7,renew energi,7: renew energi,
7,renew energi,7: renew energi,
7,renew energi,7: renew energi,
7,renew energi,7: renew energi,
7,renew energi,7: renew energi,
7,renew energi,7: renew energi,
7,renew energi,7: renew energi,
7,renew energi,7: renew energi,
7,renew energi,7: renew energi,
7,renew energi,7: renew energi,
7,renew energi,7: renew energi,
7,renew energi,7: renew energi,
7,renew energi,7: renew energi,
7,renew energi,7: renew energi,
7,renew energi,7: renew energi,
7,renew energi,7: renew energi,
7,renew energi,7: renew energi,
7,renew energi,7: renew energi,
7,renew energi,7: renew energi,
7,renew energi,7: renew energi,
7,renew energi,7: renew energi,
7,renew energi,7: renew energi,
7,renew energi,7: renew energi,
7,renew energi,7: renew energi,
7,renew energi,7: renew energi,
7,renew energi,7: renew energi,
7,renew energi,7: renew energi,
7,renew energi,7: renew energi,
7,renew energi,7: renew energi,
7,renew energi,7: renew energi,
7,renew energi,7: renew energi,
7,renew energi,7: renew energi,
7,renew energi,7: renew energi,
7,renew energi,7: renew energi,
7,renew energi,7: renew energi,
7,renew energi,7: renew energi,
7,renew energi,7: renew energi,
7,renew energi,7: renew energi,
7,renew energi,7: renew energi,
7,renew energi,7: renew energi,
7,renew energi,7: renew energi,
7,renew energi,7: renew energi,
7,renew energi,7: renew energi,
7,renew energi,7: renew energi,
7,renew energi,7: renew energi,
7,renew energi,7: renew energi,
7,renew energi,7: renew energi,
7,renew energi,7: renew energi,
7,renew energi,7: renew energi,
7,renew energi,7: renew energi,
7,renew energi,7: renew energi,
7,renew energi,7: renew energi,
7,renew energi,7: renew energi,
7,renew energi,7: renew energi,
7,renew energi,7: renew energi,
7,renew energi,7: renew energi,
7,renew energi,7: renew energi,
7,renew energi,7: renew energi,
7,renew energi,7: renew energi,
7,renew energi,7: renew energi,
7,renew energi,7: renew energi,
7,renew energi,7: renew energi,
7,renew energi,7: renew energi,
7,renew energi,7: renew energi,
7,renew energi,7: renew energi,
7,renew energi,7: renew energi,
7,renew energi,7: renew energi,
7,renew energi,7: renew energi,
7,renew energi,7: renew energi,
7,renew energi,7: renew energi,
7,renew energi,7: renew energi,
7,renew energi,7: renew energi,
7,renew energi,7: renew energi,
7,renew energi,7: renew energi,
7,renew energi,7: renew energi,
7,renew energi,7: renew energi,
7,renew energi,7: renew energi,
7,renew energi,7: renew energi,
7,renew energi,7: renew energi,
7,renew energi,7: renew energi,
7,renew energi,7: renew energi,
7,renew energi,7: renew energi,
7,renew energi,7: renew energi,
7,renew energi,7: renew energi,
7,renew energi,7: renew energi,
7,renew energi,7: renew energi,
7,renew energi,7: renew energi,
7,renew energi,7: renew energi,
7,renew energi,7: renew energi,
7,renew energi,7: renew energi,
7,renew energi,7: renew energi,
7,renew energi,7: renew energi,
7,renew energi,7: renew energi,
7,renew energi,7: renew energi,
7,renew energi,7: renew energi,
7,renew energi,7: renew energi,
7,renew energi,7: renew energi,
7,renew energi,7: renew energi,
7,renew energi,7: renew energi,
7,renew energi,7: renew energi,
7,renew energi,7: renew energi,
7,renew energi,7: renew energi,
7,renew energi,7: renew energi,
7,renew energi,7: renew energi,
7,renew energi,7: renew energi,
7,renew energi,7: renew energi,
7,renew energi,7: renew energi,
7,renew energi,7: renew energi,
7,renew energi,7: renew energi,
7,renew energi,7: renew energi,
7,renew energi,7: renew energi,
7,renew energi,7: renew energi,
7,renew energi,7: renew energi,
7,renew energi,7: renew energi,
7,renew energi,7: renew energi,
7,renew energi,7: renew energi,
7,renew energi,7: renew energi,
7,renew energi,7: renew energi,
7,renew energi,7: renew energi,
7,renew energi,7: renew energi,
7,renew energi,7: renew energi,
7,renew energi,7: renew energi,
7,renew energi,7: renew energi,
7,renew energi,7: renew energi,
7,renew energi,7: renew energi,
7,renew energi,7: renew energi,
7,renew energi,7: renew energi,
7,renew energi,7: renew energi,
7,renew energi,7: renew energi,
7,renew energi,7: renew energi,
7,renew energi,7: renew energi,
7,renew energi,7: renew energi,
7,renew energi,7: renew energi,
7,renew energi,7: renew energi,
7,renew energi,7: renew energi,
7,renew energi,7: renew energi,
7,renew energi,7: renew energi,
7,renew energi,7: renew energi,
7,renew energi,7: renew energi,
7,renew energi,7: renew energi,
7,renew energi,7: renew energi,
7,renew energi,7: renew energi,
7,renew energi,7: renew energi,
7,renew energi,7: renew energi,
7,renew energi,7: renew energi,
7,renew energi,7: renew energi,
7,renew energi,7: renew energi,
7,renew energi,7: renew energi,
7,renew energi,7: renew energi,
7,renew energi,7: renew energi,
7,renew energi,7: renew energi,
7,renew energi,7: renew energi,
7,renew energi,7: renew energi,
7,renew energi,7: renew energi,
7,renew energi,7: renew energi,
7,renew energi,7: renew energi,
7,renew energi,7: renew energi,
7,renew energi,7: renew energi,
7,renew energi,7: renew energi,
7,renew energi,7: renew energi,
7,renew energi,7: renew energi,
7,renew energi,7: renew energi,
7,renew energi,7: renew energi,
7,renew energi,7: renew energi,
7,renew energi,7: renew energi,
7,renew energi,7: renew energi,
7,renew energi,7: renew energi,
7,renew energi,7: renew energi,
7,renew energi,7: renew energi,
7,renew energi,7: renew energi,
7,renew energi,7: renew energi,
7,renew energi,7: renew energi,
7,renew energi,7: renew energi,
7,renew energi,7: renew energi,
7,renew energi,7: renew energi,
7,renew energi,7: renew energi,
7,renew energi,7: renew energi,
7,renew energi,7: renew energi,
7,renew energi,7: renew energi,
7,renew energi,7: renew energi,
7,renew energi,7: renew energi,
7,renew energi,7: renew energi,
7,renew energi,7: renew energi,
7,renew energi,7: renew energi,
7,renew energi,7: renew energi,
7,renew energi,7: renew energi,
7,renew energi,7: renew energi,
7,renew energi,7: renew energi,
7,renew energi,7: renew energi,
7,renew energi,7: renew energi,
7,renew energi,7: renew energi,
7,renew energi,7: renew energi,
7,renew energi,7: renew energi,
7,renew energi,7: renew energi,
7,renew energi,7: renew energi,
7,renew energi,7: renew energi,
7,renew energi,7: renew energi,
7,renew energi,7: renew energi,
7,renew energi,7: renew energi,
7,renew energi,7: renew energi,
7,renew energi,7: renew energi,
7,renew energi,7: renew energi,
7,renew energi,7: renew energi,
7,renew energi,7: renew energi,
7,renew energi,7: renew energi,
7,renew energi,7: renew energi,
7,renew energi,7: renew energi,
7,renew energi,7: renew energi,
7,renew energi,7: renew energi,
7,renew energi,7: renew energi,
7,renew energi,7: renew energi,
7,renew energi,7: renew energi,
7,renew energi,7: renew energi,
7,renew energi,7: renew energi,
7,renew energi,7: renew energi,
7,renew energi,7: renew energi,
7,renew energi,7: renew energi,
7,renew energi,7: renew energi,
7,renew energi,7: renew energi,
7,renew energi,7: renew energi,
7,renew energi,7: renew energi,
7,renew energi,7: renew energi,
7,renew energi,7: renew energi,
7,renew energi,7: renew energi,
7,renew energi,7: renew energi,
7,renew energi,7: renew energi,
7,renew energi,7: renew energi,
7,renew energi,7: renew energi,
7,renew energi,7: renew energi,
7,renew energi,7: renew energi,
7,renew energi,7: renew energi,
7,renew energi,7: renew energi,
7,renew energi,7: renew energi,
7,renew energi,7: renew energi,
7,renew energi,7: renew energi,
7,renew energi,7: renew energi,
7,renew energi,7: renew energi,
7,renew energi,7: renew energi,
7,renew energi,7: renew energi,
7,renew energi,7: renew energi,
7,renew energi,7: renew energi,
7,renew energi,7: renew energi,
7,renew energi,7: renew energi,
7,renew energi,7: renew energi,
7,renew energi,7: renew energi,
7,renew energi,7: renew energi,
7,renew energi,7: renew energi,
7,renew energi,7: renew energi,
7,renew energi,7: renew energi,
7,renew energi,7: renew energi,
7,renew energi,7: renew energi,
7,renew energi,7: renew energi,
7,renew energi,7: renew energi,
7,renew energi,7: renew energi,
7,renew energi,7: renew energi,
7,renew energi,7: renew energi,
7,renew energi,7: renew energi,
7,renew energi,7: renew energi,
7,renew energi,7: renew energi,
7,renew energi,7: renew energi,
7,renew energi,7: renew energi,
7,renew energi,7: renew energi,
7,renew energi,7: renew energi,
7,renew energi,7: renew energi,
7,renew energi,7: renew energi,
7,renew energi,7: renew energi,
7,renew energi,7: renew energi,
7,renew energi,7: renew energi,
7,renew energi,7: renew energi,
7,renew energi,7: renew energi,
7,renew energi,7: renew energi,
7,renew energi,7: renew energi,
7,renew energi,7: renew energi,
7,renew energi,7: renew energi,
7,renew energi,7: renew energi,
7,renew energi,7: renew energi,
7,renew energi,7: renew energi,
7,renew energi,7: renew energi,
7,renew energi,7: renew energi,
7,renew energi,7: renew energi,
7,renew energi,7: renew energi,
7,renew energi,7: renew energi,
7,renew energi,7: renew energi,
7,renew energi,7: renew energi,
7,renew energi,7: renew energi,
7,renew energi,7: renew energi,
7,renew energi,7: renew energi,
7,renew energi,7: renew energi,
7,renew energi,7: renew energi,
7,renew energi,7: renew energi,
7,renew energi,7: renew energi,
7,renew energi,7: renew energi,
7,renew energi,7: renew energi,
7,renew energi,7: renew energi,
7,renew energi,7: renew energi,
7,renew energi,7: renew energi,
7,renew energi,7: renew energi,
7,renew energi,7: renew energi,
7,renew energi,7: renew energi,
7,renew energi,7: renew energi,
7,renew energi,7: renew energi,
7,renew energi,7: renew energi,
7,renew energi,7: renew energi,
7,renew energi,7: renew energi,
7,renew energi,7: renew energi,
7,renew energi,7: renew energi,
7,renew energi,7: renew energi,
7,renew energi,7: renew energi,
7,renew energi,7: renew energi,
7,renew energi,7: renew energi,
7,renew energi,7: renew energi,
7,renew energi,7: renew energi,
7,renew energi,7: renew energi,
7,renew energi,7: renew energi,
7,renew energi,7: renew energi,
7,renew energi,7: renew energi,
7,renew energi,7: renew energi,
7,renew energi,7: renew energi,
7,renew energi,7: renew energi,
7,renew energi,7: renew energi,
7,renew energi,7: renew energi,
7,renew energi,7: renew energi,
7,renew energi,7: renew energi,
7,renew energi,7: renew energi,
7,renew energi,7: renew energi,
7,renew energi,7: renew energi,
7,renew energi,7: renew energi,
7,renew energi,7: renew energi,
7,renew energi,7: renew energi,
7,renew energi,7: renew energi,
7,renew energi,7: renew energi,
7,renew energi,7: renew energi,
7,renew energi,7: renew energi,
7,renew energi,7: renew energi,
7,renew energi,7: renew energi,
7,renew energi,7: renew energi,
7,renew energi,7: renew energi,
7,renew energi,7: renew energi,
7,renew energi,7: renew energi,
7,renew energi,7: renew energi,
7,renew energi,7: renew energi,
7,renew energi,7: renew energi,
7,renew energi,7: renew energi,
7,renew energi,7: renew energi,
7,renew energi,7: renew energi,
7,renew energi,7: renew energi,
7,renew energi,7: renew energi,
7,renew energi,7: renew energi,
7,renew energi,7: renew energi,
7,renew energi,7: renew energi,
7,renew energi,7: renew energi,
7,renew energi,7: renew energi,
7,renew energi,7: renew energi,
7,renew energi,7: renew energi,
7,renew energi,7: renew energi,
7,renew energi,7: renew energi,
9,wind farm,9: wind farm,
9,wind farm,9: wind farm,
9,wind farm,9: wind farm,
9,wind farm,9: wind farm,
9,wind farm,9: wind farm,
9,wind farm,9: wind farm,
9,wind farm,9: wind farm,
9,wind farm,9: wind farm,
9,wind farm,9: wind farm,
9,wind farm,9: wind farm,
9,wind farm,9: wind farm,
9,wind farm,9: wind farm,
9,wind farm,9: wind farm,
9,wind farm,9: wind farm,
9,wind farm,9: wind farm,
9,wind farm,9: wind farm,
9,wind farm,9: wind farm,
9,wind farm,9: wind farm,
9,wind farm,9: wind farm,
9,wind farm,9: wind farm,
9,wind farm,9: wind farm,
9,wind farm,9: wind farm,
9,wind farm,9: wind farm,
9,wind farm,9: wind farm,
9,wind farm,9: wind farm,
9,wind farm,9: wind farm,
9,wind farm,9: wind farm,
9,wind farm,9: wind farm,
9,wind farm,9: wind farm,
9,wind farm,9: wind farm,
9,wind farm,9: wind farm,
9,wind farm,9: wind farm,
9,wind farm,9: wind farm,
9,wind farm,9: wind farm,
9,wind farm,9: wind farm,
9,wind farm,9: wind farm,
9,wind farm,9: wind farm,
9,wind farm,9: wind farm,
9,wind farm,9: wind farm,
9,wind farm,9: wind farm,
9,wind farm,9: wind farm,
9,wind farm,9: wind farm,
9,wind farm,9: wind farm,
9,wind farm,9: wind farm,
9,wind farm,9: wind farm,
9,wind farm,9: wind farm,
9,wind farm,9: wind farm,
9,wind farm,9: wind farm,
9,wind farm,9: wind farm,
9,wind farm,9: wind farm,
9,wind farm,9: wind farm,
9,wind farm,9: wind farm,
9,wind farm,9: wind farm,
9,wind farm,9: wind farm,
9,wind farm,9: wind farm,
9,wind farm,9: wind farm,
9,wind farm,9: wind farm,
9,wind farm,9: wind farm,
9,wind farm,9: wind farm,
9,wind farm,9: wind farm,
9,wind farm,9: wind farm,
9,wind farm,9: wind farm,
9,wind farm,9: wind farm,
9,wind farm,9: wind farm,
9,wind farm,9: wind farm,
9,wind farm,9: wind farm,
9,wind farm,9: wind farm,
9,wind farm,9: wind farm,
9,wind farm,9: wind farm,
9,wind farm,9: wind farm,
9,wind farm,9: wind farm,
9,wind farm,9: wind farm,
9,wind farm,9: wind farm,
9,wind farm,9: wind farm,
9,wind farm,9: wind farm,
9,wind farm,9: wind farm,
9,wind farm,9: wind farm,
9,wind farm,9: wind farm,
9,wind farm,9: wind farm,
9,wind farm,9: wind farm,
9,wind farm,9: wind farm,
9,wind farm,9: wind farm,
9,wind farm,9: wind farm,
9,wind farm,9: wind farm,
9,wind farm,9: wind farm,
9,wind farm,9: wind farm,
9,wind farm,9: wind farm,
9,wind farm,9: wind farm,
9,wind farm,9: wind farm,
9,wind farm,9: wind farm,
9,wind farm,9: wind farm,
9,wind farm,9: wind farm,
9,wind farm,9: wind farm,
9,wind farm,9: wind farm,
9,wind farm,9: wind farm,
9,wind farm,9: wind farm,
9,wind farm,9: wind farm,
9,wind farm,9: wind farm,
9,wind farm,9: wind farm,
9,wind farm,9: wind farm,
9,wind farm,9: wind farm,
9,wind farm,9: wind farm,
9,wind farm,9: wind farm,
9,wind farm,9: wind farm,
9,wind farm,9: wind farm,
9,wind farm,9: wind farm,
9,wind farm,9: wind farm,
9,wind farm,9: wind farm,
9,wind farm,9: wind farm,
9,wind farm,9: wind farm,
9,wind farm,9: wind farm,
9,wind farm,9: wind farm,
9,wind farm,9: wind farm,
9,wind farm,9: wind farm,
9,wind farm,9: wind farm,
9,wind farm,9: wind farm,
9,wind farm,9: wind farm,
9,wind farm,9: wind farm,
9,wind farm,9: wind farm,
9,wind farm,9: wind farm,
9,wind farm,9: wind farm,
9,wind farm,9: wind farm,
9,wind farm,9: wind farm,
9,wind farm,9: wind farm,
9,wind farm,9: wind farm,
9,wind farm,9: wind farm,
9,wind farm,9: wind farm,
9,wind farm,9: wind farm,
9,wind farm,9: wind farm,
9,wind farm,9: wind farm,
9,wind farm,9: wind farm,
9,wind farm,9: wind farm,
9,wind farm,9: wind farm,
9,wind farm,9: wind farm,
9,wind farm,9: wind farm,
9,wind farm,9: wind farm,
9,wind farm,9: wind farm,
9,wind farm,9: wind farm,
9,wind farm,9: wind farm,
9,wind farm,9: wind farm,
9,wind farm,9: wind farm,
9,wind farm,9: wind farm,
9,wind farm,9: wind farm,
9,wind farm,9: wind farm,
9,wind farm,9: wind farm,
9,wind farm,9: wind farm,
9,wind farm,9: wind farm,
9,wind farm,9: wind farm,
9,wind farm,9: wind farm,
9,wind farm,9: wind farm,
9,wind farm,9: wind farm,
9,wind farm,9: wind farm,
9,wind farm,9: wind farm,
9,wind farm,9: wind farm,
9,wind farm,9: wind farm,
9,wind farm,9: wind farm,
9,wind farm,9: wind farm,
9,wind farm,9: wind farm,
9,wind farm,9: wind farm,
9,wind farm,9: wind farm,
9,wind farm,9: wind farm,
7,renew energi,7: renew energi,
7,renew energi,7: renew energi,
7,renew energi,7: renew energi,
7,renew energi,7: renew energi,
7,renew energi,7: renew energi,
7,renew energi,7: renew energi,
7,renew energi,7: renew energi,
7,renew energi,7: renew energi,
7,renew energi,7: renew energi,
7,renew energi,7: renew energi,
7,renew energi,7: renew energi,
7,renew energi,7: renew energi,
7,renew energi,7: renew energi,
7,renew energi,7: renew energi,
7,renew energi,7: renew energi,
7,renew energi,7: renew energi,
7,renew energi,7: renew energi,
7,renew energi,7: renew energi,
7,renew energi,7: renew energi,
7,renew energi,7: renew energi,
7,renew energi,7: renew energi,
7,renew energi,7: renew energi,
7,renew energi,7: renew energi,
7,renew energi,7: renew energi,
7,renew energi,7: renew energi,
7,renew energi,7: renew energi,
7,renew energi,7: renew energi,
7,renew energi,7: renew energi,
7,renew energi,7: renew energi,
7,renew energi,7: renew energi,
7,renew energi,7: renew energi,
7,renew energi,7: renew energi,
7,renew energi,7: renew energi,
7,renew energi,7: renew energi,
7,renew energi,7: renew energi,
7,renew energi,7: renew energi,
7,renew energi,7: renew energi,
7,renew energi,7: renew energi,
7,renew energi,7: renew energi,
7,renew energi,7: renew energi,
7,renew energi,7: renew energi,
7,renew energi,7: renew energi,
7,renew energi,7: renew energi,
7,renew energi,7: renew energi,
7,renew energi,7: renew energi,
7,renew energi,7: renew energi,
7,renew energi,7: renew energi,
7,renew energi,7: renew energi,
7,renew energi,7: renew energi,
7,renew energi,7: renew energi,
7,renew energi,7: renew energi,
7,renew energi,7: renew energi,
7,renew energi,7: renew energi,
7,renew energi,7: renew energi,
7,renew energi,7: renew energi,
7,renew energi,7: renew energi,
7,renew energi,7: renew energi,
7,renew energi,7: renew energi,
7,renew energi,7: renew energi,
7,renew energi,7: renew energi,
7,renew energi,7: renew energi,
7,renew energi,7: renew energi,
7,renew energi,7: renew energi,
7,renew energi,7: renew energi,
7,renew energi,7: renew energi,
7,renew energi,7: renew energi,
7,renew energi,7: renew energi,
7,renew energi,7: renew energi,
7,renew energi,7: renew energi,
7,renew energi,7: renew energi,
7,renew energi,7: renew energi,
7,renew energi,7: renew energi,
7,renew energi,7: renew energi,
7,renew energi,7: renew energi,
7,renew energi,7: renew energi,
7,renew energi,7: renew energi,
7,renew energi,7: renew energi,
7,renew energi,7: renew energi,
7,renew energi,7: renew energi,
7,renew energi,7: renew energi,
7,renew energi,7: renew energi,
7,renew energi,7: renew energi,
7,renew energi,7: renew energi,
7,renew energi,7: renew energi,
7,renew energi,7: renew energi,
7,renew energi,7: renew energi,
7,renew energi,7: renew energi,
7,renew energi,7: renew energi,
7,renew energi,7: renew energi,
7,renew energi,7: renew energi,
7,renew energi,7: renew energi,
7,renew energi,7: renew energi,
7,renew energi,7: renew energi,
7,renew energi,7: renew energi,
7,renew energi,7: renew energi,
7,renew energi,7: renew energi,
7,renew energi,7: renew energi,
7,renew energi,7: renew energi,
7,renew energi,7: renew energi,
7,renew energi,7: renew energi,
7,renew energi,7: renew energi,
7,renew energi,7: renew energi,
7,renew energi,7: renew energi,
7,renew energi,7: renew energi,
7,renew energi,7: renew energi,
7,renew energi,7: renew energi,
7,renew energi,7: renew energi,
7,renew energi,7: renew energi,
7,renew energi,7: renew energi,
7,renew energi,7: renew energi,
7,renew energi,7: renew energi,
7,renew energi,7: renew energi,
7,renew energi,7: renew energi,
7,renew energi,7: renew energi,
7,renew energi,7: renew energi,
7,renew energi,7: renew energi,
7,renew energi,7: renew energi,
7,renew energi,7: renew energi,
7,renew energi,7: renew energi,
7,renew energi,7: renew energi,
7,renew energi,7: renew energi,
7,renew energi,7: renew energi,
7,renew energi,7: renew energi,
7,renew energi,7: renew energi,
7,renew energi,7: renew energi,
7,renew energi,7: renew energi,
7,renew energi,7: renew energi,
7,renew energi,7: renew energi,
7,renew energi,7: renew energi,
7,renew energi,7: renew energi,
7,renew energi,7: renew energi,
7,renew energi,7: renew energi,
7,renew energi,7: renew energi,
7,renew energi,7: renew energi,
7,renew energi,7: renew energi,
7,renew energi,7: renew energi,
7,renew energi,7: renew energi,
7,renew energi,7: renew energi,
7,renew energi,7: renew energi,
7,renew energi,7: renew energi,
7,renew energi,7: renew energi,
7,renew energi,7: renew energi,
7,renew energi,7: renew energi,
7,renew energi,7: renew energi,
7,renew energi,7: renew energi,
7,renew energi,7: renew energi,
9,wind farm,9: wind farm,
9,wind farm,9: wind farm,
9,wind farm,9: wind farm,
9,wind farm,9: wind farm,
9,wind farm,9: wind farm,
9,wind farm,9: wind farm,
9,wind farm,9: wind farm,
9,wind farm,9: wind farm,
9,wind farm,9: wind farm,
9,wind farm,9: wind farm,
9,wind farm,9: wind farm,
9,wind farm,9: wind farm,
9,wind farm,9: wind farm,
9,wind farm,9: wind farm,
9,wind farm,9: wind farm,
9,wind farm,9: wind farm,
9,wind farm,9: wind farm,
9,wind farm,9: wind farm,
9,wind farm,9: wind farm,
9,wind farm,9: wind farm,
9,wind farm,9: wind farm,
9,wind farm,9: wind farm,
9,wind farm,9: wind farm,
9,wind farm,9: wind farm,
9,wind farm,9: wind farm,
9,wind farm,9: wind farm,
9,wind farm,9: wind farm,
9,wind farm,9: wind farm,
9,wind farm,9: wind farm,
9,wind farm,9: wind farm,
9,wind farm,9: wind farm,
9,wind farm,9: wind farm,
9,wind farm,9: wind farm,
9,wind farm,9: wind farm,
9,wind farm,9: wind farm,
9,wind farm,9: wind farm,
9,wind farm,9: wind farm,
9,wind farm,9: wind farm,
9,wind farm,9: wind farm,
9,wind farm,9: wind farm,
9,wind farm,9: wind farm,
9,wind farm,9: wind farm,
9,wind farm,9: wind farm,
9,wind farm,9: wind farm,
9,wind farm,9: wind farm,
9,wind farm,9: wind farm,
9,wind farm,9: wind farm,
9,wind farm,9: wind farm,
9,wind farm,9: wind farm,
9,wind farm,9: wind farm,
9,wind farm,9: wind farm,
9,wind farm,9: wind farm,
9,wind farm,9: wind farm,
9,wind farm,9: wind farm,
9,wind farm,9: wind farm,
9,wind farm,9: wind farm,
9,wind farm,9: wind farm,
9,wind farm,9: wind farm,
9,wind farm,9: wind farm,
9,wind farm,9: wind farm,
9,wind farm,9: wind farm,
9,wind farm,9: wind farm,
9,wind farm,9: wind farm,
9,wind farm,9: wind farm,
9,wind farm,9: wind farm,
9,wind farm,9: wind farm,
9,wind farm,9: wind farm,
9,wind farm,9: wind farm,
9,wind farm,9: wind farm,
9,wind farm,9: wind farm,
9,wind farm,9: wind farm,
9,wind farm,9: wind farm,
9,wind farm,9: wind farm,
9,wind farm,9: wind farm,
9,wind farm,9: wind farm,
9,wind farm,9: wind farm,
9,wind farm,9: wind farm,
9,wind farm,9: wind farm,
9,wind farm,9: wind farm,
9,wind farm,9: wind farm,
9,wind farm,9: wind farm,
9,wind farm,9: wind farm,
9,wind farm,9: wind farm,
9,wind farm,9: wind farm,
9,wind farm,9: wind farm,
9,wind farm,9: wind farm,
9,wind farm,9: wind farm,
9,wind farm,9: wind farm,
9,wind farm,9: wind farm,
9,wind farm,9: wind farm,
9,wind farm,9: wind farm,
9,wind farm,9: wind farm,
9,wind farm,9: wind farm,
9,wind farm,9: wind farm,
9,wind farm,9: wind farm,
9,wind farm,9: wind farm,
9,wind farm,9: wind farm,
9,wind farm,9: wind farm,
9,wind farm,9: wind farm,
9,wind farm,9: wind farm,
9,wind farm,9: wind farm,
9,wind farm,9: wind farm,
9,wind farm,9: wind farm,
9,wind farm,9: wind farm,
9,wind farm,9: wind farm,
9,wind farm,9: wind farm,
9,wind farm,9: wind farm,
9,wind farm,9: wind farm,
9,wind farm,9: wind farm,
9,wind farm,9: wind farm,
9,wind farm,9: wind farm,
9,wind farm,9: wind farm,
9,wind farm,9: wind farm,
9,wind farm,9: wind farm,
9,wind farm,9: wind farm,
9,wind farm,9: wind farm,
9,wind farm,9: wind farm,
9,wind farm,9: wind farm,
9,wind farm,9: wind farm,
9,wind farm,9: wind farm,
9,wind farm,9: wind farm,
9,wind farm,9: wind farm,
9,wind farm,9: wind farm,
9,wind farm,9: wind farm,
9,wind farm,9: wind farm,
9,wind farm,9: wind farm,
9,wind farm,9: wind farm,
9,wind farm,9: wind farm,
9,wind farm,9: wind farm,
9,wind farm,9: wind farm,
9,wind farm,9: wind farm,
9,wind farm,9: wind farm,
9,wind farm,9: wind farm,
9,wind farm,9: wind farm,
9,wind farm,9: wind farm,
9,wind farm,9: wind farm,
9,wind farm,9: wind farm,
9,wind farm,9: wind farm,
9,wind farm,9: wind farm,
9,wind farm,9: wind farm,
9,wind farm,9: wind farm,
9,wind farm,9: wind farm,
9,wind farm,9: wind farm,
9,wind farm,9: wind farm,
9,wind farm,9: wind farm,
9,wind farm,9: wind farm,
9,wind farm,9: wind farm,
9,wind farm,9: wind farm,
9,wind farm,9: wind farm,
9,wind farm,9: wind farm,
9,wind farm,9: wind farm,
9,wind farm,9: wind farm,
9,wind farm,9: wind farm,
9,wind farm,9: wind farm,
9,wind farm,9: wind farm,
9,wind farm,9: wind farm,
9,wind farm,9: wind farm,
9,wind farm,9: wind farm,
9,wind farm,9: wind farm,
9,wind farm,9: wind farm,
9,wind farm,9: wind farm,
9,wind farm,9: wind farm,
9,wind farm,9: wind farm,
9,wind farm,9: wind farm,
9,wind farm,9: wind farm,
9,wind farm,9: wind farm,
9,wind farm,9: wind farm,
9,wind farm,9: wind farm,
9,wind farm,9: wind farm,
9,wind farm,9: wind farm,
9,wind farm,9: wind farm,
9,wind farm,9: wind farm,
9,wind farm,9: wind farm,
9,wind farm,9: wind farm,
9,wind farm,9: wind farm,
9,wind farm,9: wind farm,
9,wind farm,9: wind farm,
9,wind farm,9: wind farm,
9,wind farm,9: wind farm,
9,wind farm,9: wind farm,
9,wind farm,9: wind farm,
9,wind farm,9: wind farm,
9,wind farm,9: wind farm,
9,wind farm,9: wind farm,
9,wind farm,9: wind farm,
9,wind farm,9: wind farm,
9,wind farm,9: wind farm,
9,wind farm,9: wind farm,
9,wind farm,9: wind farm,
9,wind farm,9: wind farm,
9,wind farm,9: wind farm,
9,wind farm,9: wind farm,
9,wind farm,9: wind farm,
9,wind farm,9: wind farm,
9,wind farm,9: wind farm,
9,wind farm,9: wind farm,
9,wind farm,9: wind farm,
9,wind farm,9: wind farm,
9,wind farm,9: wind farm,
9,wind farm,9: wind farm,
9,wind farm,9: wind farm,
9,wind farm,9: wind farm,
9,wind farm,9: wind farm,
9,wind farm,9: wind farm,
9,wind farm,9: wind farm,
9,wind farm,9: wind farm,
9,wind farm,9: wind farm,
9,wind farm,9: wind farm,
9,wind farm,9: wind farm,
9,wind farm,9: wind farm,
9,wind farm,9: wind farm,
9,wind farm,9: wind farm,
9,wind farm,9: wind farm,
9,wind farm,9: wind farm,
9,wind farm,9: wind farm,
9,wind farm,9: wind farm,
9,wind farm,9: wind farm,
9,wind farm,9: wind farm,
9,wind farm,9: wind farm,
9,wind farm,9: wind farm,
9,wind farm,9: wind farm,
9,wind farm,9: wind farm,
9,wind farm,9: wind farm,
9,wind farm,9: wind farm,
9,wind farm,9: wind farm,
9,wind farm,9: wind farm,
9,wind farm,9: wind farm,
9,wind farm,9: wind farm,
9,wind farm,9: wind farm,
9,wind farm,9: wind farm,
9,wind farm,9: wind farm,
9,wind farm,9: wind farm,
9,wind farm,9: wind farm,
9,wind farm,9: wind farm,
9,wind farm,9: wind farm,
9,wind farm,9: wind farm,
9,wind farm,9: wind farm,
9,wind farm,9: wind farm,
9,wind farm,9: wind farm,
9,wind farm,9: wind farm,
9,wind farm,9: wind farm,
9,wind farm,9: wind farm,
9,wind farm,9: wind farm,
9,wind farm,9: wind farm,
9,wind farm,9: wind farm,
9,wind farm,9: wind farm,
9,wind farm,9: wind farm,
9,wind farm,9: wind farm,
9,wind farm,9: wind farm,
9,wind farm,9: wind farm,
9,wind farm,9: wind farm,
9,wind farm,9: wind farm,
9,wind farm,9: wind farm,
9,wind farm,9: wind farm,
9,wind farm,9: wind farm,
9,wind farm,9: wind farm,
9,wind farm,9: wind farm,
9,wind farm,9: wind farm,
9,wind farm,9: wind farm,
9,wind farm,9: wind farm,
9,wind farm,9: wind farm,
9,wind farm,9: wind farm,
9,wind farm,9: wind farm,
9,wind farm,9: wind farm,
9,wind farm,9: wind farm,
9,wind farm,9: wind farm,
9,wind farm,9: wind farm,
9,wind farm,9: wind farm,
9,wind farm,9: wind farm,
9,wind farm,9: wind farm,
9,wind farm,9: wind farm,
9,wind farm,9: wind farm,
9,wind farm,9: wind farm,
9,wind farm,9: wind farm,
9,wind farm,9: wind farm,
9,wind farm,9: wind farm,
9,wind farm,9: wind farm,
9,wind farm,9: wind farm,
9,wind farm,9: wind farm,
9,wind farm,9: wind farm,
9,wind farm,9: wind farm,
9,wind farm,9: wind farm,
9,wind farm,9: wind farm,
9,wind farm,9: wind farm,
9,wind farm,9: wind farm,
9,wind farm,9: wind farm,
9,wind farm,9: wind farm,
9,wind farm,9: wind farm,
9,wind farm,9: wind farm,
9,wind farm,9: wind farm,
9,wind farm,9: wind farm,
9,wind farm,9: wind farm,
9,wind farm,9: wind farm,
9,wind farm,9: wind farm,
9,wind farm,9: wind farm,
9,wind farm,9: wind farm,
9,wind farm,9: wind farm,
9,wind farm,9: wind farm,
9,wind farm,9: wind farm,
9,wind farm,9: wind farm,
9,wind farm,9: wind farm,
9,wind farm,9: wind farm,
9,wind farm,9: wind farm,
9,wind farm,9: wind farm,
9,wind farm,9: wind farm,
9,wind farm,9: wind farm,
9,wind farm,9: wind farm,
9,wind farm,9: wind farm,
9,wind farm,9: wind farm,
9,wind farm,9: wind farm,
9,wind farm,9: wind farm,
9,wind farm,9: wind farm,
9,wind farm,9: wind farm,
9,wind farm,9: wind farm,
9,wind farm,9: wind farm,
9,wind farm,9: wind farm,
9,wind farm,9: wind farm,
9,wind farm,9: wind farm,
9,wind farm,9: wind farm,
9,wind farm,9: wind farm,
9,wind farm,9: wind farm,
9,wind farm,9: wind farm,
7,renew energi,7: renew energi,
7,renew energi,7: renew energi,
7,renew energi,7: renew energi,
7,renew energi,7: renew energi,
7,renew energi,7: renew energi,
7,renew energi,7: renew energi,
7,renew energi,7: renew energi,
7,renew energi,7: renew energi,
7,renew energi,7: renew energi,
7,renew energi,7: renew energi,
7,renew energi,7: renew energi,
7,renew energi,7: renew energi,
7,renew energi,7: renew energi,
7,renew energi,7: renew energi,
7,renew energi,7: renew energi,
7,renew energi,7: renew energi,
7,renew energi,7: renew energi,
7,renew energi,7: renew energi,
7,renew energi,7: renew energi,
7,renew energi,7: renew energi,
7,renew energi,7: renew energi,
7,renew energi,7: renew energi,
7,renew energi,7: renew energi,
7,renew energi,7: renew energi,
7,renew energi,7: renew energi,
7,renew energi,7: renew energi,
7,renew energi,7: renew energi,
7,renew energi,7: renew energi,
7,renew energi,7: renew energi,
7,renew energi,7: renew energi,
7,renew energi,7: renew energi,
7,renew energi,7: renew energi,
7,renew energi,7: renew energi,
7,renew energi,7: renew energi,
7,renew energi,7: renew energi,
7,renew energi,7: renew energi,
7,renew energi,7: renew energi,
7,renew energi,7: renew energi,
7,renew energi,7: renew energi,
7,renew energi,7: renew energi,
7,renew energi,7: renew energi,
7,renew energi,7: renew energi,
7,renew energi,7: renew energi,
7,renew energi,7: renew energi,
7,renew energi,7: renew energi,
7,renew energi,7: renew energi,
7,renew energi,7: renew energi,
7,renew energi,7: renew energi,
7,renew energi,7: renew energi,
7,renew energi,7: renew energi,
7,renew energi,7: renew energi,
7,renew energi,7: renew energi,
7,renew energi,7: renew energi,
7,renew energi,7: renew energi,
7,renew energi,7: renew energi,
7,renew energi,7: renew energi,
7,renew energi,7: renew energi,
7,renew energi,7: renew energi,
7,renew energi,7: renew energi,
7,renew energi,7: renew energi,
7,renew energi,7: renew energi,
7,renew energi,7: renew energi,
7,renew energi,7: renew energi,
7,renew energi,7: renew energi,
7,renew energi,7: renew energi,
7,renew energi,7: renew energi,
7,renew energi,7: renew energi,
7,renew energi,7: renew energi,
7,renew energi,7: renew energi,
7,renew energi,7: renew energi,
7,renew energi,7: renew energi,
7,renew energi,7: renew energi,
7,renew energi,7: renew energi,
7,renew energi,7: renew energi,
7,renew energi,7: renew energi,
7,renew energi,7: renew energi,
7,renew energi,7: renew energi,
7,renew energi,7: renew energi,
7,renew energi,7: renew energi,
7,renew energi,7: renew energi,
7,renew energi,7: renew energi,
7,renew energi,7: renew energi,
7,renew energi,7: renew energi,
7,renew energi,7: renew energi,
7,renew energi,7: renew energi,
7,renew energi,7: renew energi,
7,renew energi,7: renew energi,
7,renew energi,7: renew energi,
7,renew energi,7: renew energi,
7,renew energi,7: renew energi,
7,renew energi,7: renew energi,
7,renew energi,7: renew energi,
7,renew energi,7: renew energi,
7,renew energi,7: renew energi,
7,renew energi,7: renew energi,
7,renew energi,7: renew energi,
7,renew energi,7: renew energi,
7,renew energi,7: renew energi,
7,renew energi,7: renew energi,
7,renew energi,7: renew energi,
7,renew energi,7: renew energi,
7,renew energi,7: renew energi,
7,renew energi,7: renew energi,
7,renew energi,7: renew energi,
7,renew energi,7: renew energi,
7,renew energi,7: renew energi,
7,renew energi,7: renew energi,
7,renew energi,7: renew energi,
7,renew energi,7: renew energi,
7,renew energi,7: renew energi,
7,renew energi,7: renew energi,
7,renew energi,7: renew energi,
7,renew energi,7: renew energi,
7,renew energi,7: renew energi,
7,renew energi,7: renew energi,
7,renew energi,7: renew energi,
7,renew energi,7: renew energi,
7,renew energi,7: renew energi,
7,renew energi,7: renew energi,
7,renew energi,7: renew energi,
7,renew energi,7: renew energi,
7,renew energi,7: renew energi,
7,renew energi,7: renew energi,
7,renew energi,7: renew energi,
7,renew energi,7: renew energi,
7,renew energi,7: renew energi,
7,renew energi,7: renew energi,
7,renew energi,7: renew energi,
7,renew energi,7: renew energi,
7,renew energi,7: renew energi,
7,renew energi,7: renew energi,
7,renew energi,7: renew energi,
7,renew energi,7: renew energi,
7,renew energi,7: renew energi,
7,renew energi,7: renew energi,
7,renew energi,7: renew energi,
7,renew energi,7: renew energi,
7,renew energi,7: renew energi,
7,renew energi,7: renew energi,
7,renew energi,7: renew energi,
7,renew energi,7: renew energi,
7,renew energi,7: renew energi,
7,renew energi,7: renew energi,
7,renew energi,7: renew energi,
7,renew energi,7: renew energi,
7,renew energi,7: renew energi,
9,wind farm,9: wind farm,
9,wind farm,9: wind farm,
9,wind farm,9: wind farm,
9,wind farm,9: wind farm,
9,wind farm,9: wind farm,
9,wind farm,9: wind farm,
9,wind farm,9: wind farm,
9,wind farm,9: wind farm,
9,wind farm,9: wind farm,
9,wind farm,9: wind farm,
9,wind farm,9: wind farm,
9,wind farm,9: wind farm,
9,wind farm,9: wind farm,
9,wind farm,9: wind farm,
9,wind farm,9: wind farm,
9,wind farm,9: wind farm,
9,wind farm,9: wind farm,
9,wind farm,9: wind farm,
9,wind farm,9: wind farm,
9,wind farm,9: wind farm,
9,wind farm,9: wind farm,
9,wind farm,9: wind farm,
9,wind farm,9: wind farm,
9,wind farm,9: wind farm,
9,wind farm,9: wind farm,
9,wind farm,9: wind farm,
9,wind farm,9: wind farm,
9,wind farm,9: wind farm,
9,wind farm,9: wind farm,
9,wind farm,9: wind farm,
9,wind farm,9: wind farm,
9,wind farm,9: wind farm,
9,wind farm,9: wind farm,
9,wind farm,9: wind farm,
9,wind farm,9: wind farm,
9,wind farm,9: wind farm,
9,wind farm,9: wind farm,
9,wind farm,9: wind farm,
9,wind farm,9: wind farm,
9,wind farm,9: wind farm,
9,wind farm,9: wind farm,
9,wind farm,9: wind farm,
9,wind farm,9: wind farm,
9,wind farm,9: wind farm,
9,wind farm,9: wind farm,
9,wind farm,9: wind farm,
9,wind farm,9: wind farm,
9,wind farm,9: wind farm,
9,wind farm,9: wind farm,
9,wind farm,9: wind farm,
9,wind farm,9: wind farm,
9,wind farm,9: wind farm,
9,wind farm,9: wind farm,
9,wind farm,9: wind farm,
9,wind farm,9: wind farm,
9,wind farm,9: wind farm,
9,wind farm,9: wind farm,
9,wind farm,9: wind farm,
9,wind farm,9: wind farm,
9,wind farm,9: wind farm,
9,wind farm,9: wind farm,
9,wind farm,9: wind farm,
9,wind farm,9: wind farm,
9,wind farm,9: wind farm,
9,wind farm,9: wind farm,
9,wind farm,9: wind farm,
9,wind farm,9: wind farm,
9,wind farm,9: wind farm,
9,wind farm,9: wind farm,
9,wind farm,9: wind farm,
9,wind farm,9: wind farm,
9,wind farm,9: wind farm,
9,wind farm,9: wind farm,
9,wind farm,9: wind farm,
9,wind farm,9: wind farm,
9,wind farm,9: wind farm,
9,wind farm,9: wind farm,
9,wind farm,9: wind farm,
9,wind farm,9: wind farm,
9,wind farm,9: wind farm,
9,wind farm,9: wind farm,
9,wind farm,9: wind farm,
9,wind farm,9: wind farm,
9,wind farm,9: wind farm,
9,wind farm,9: wind farm,
9,wind farm,9: wind farm,
9,wind farm,9: wind farm,
9,wind farm,9: wind farm,
9,wind farm,9: wind farm,
9,wind farm,9: wind farm,
9,wind farm,9: wind farm,
9,wind farm,9: wind farm,
9,wind farm,9: wind farm,
9,wind farm,9: wind farm,
9,wind farm,9: wind farm,
9,wind farm,9: wind farm,
9,wind farm,9: wind farm,
9,wind farm,9: wind farm,
9,wind farm,9: wind farm,
9,wind farm,9: wind farm,
9,wind farm,9: wind farm,
9,wind farm,9: wind farm,
9,wind farm,9: wind farm,
9,wind farm,9: wind farm,
9,wind farm,9: wind farm,
9,wind farm,9: wind farm,
9,wind farm,9: wind farm,
9,wind farm,9: wind farm,
9,wind farm,9: wind farm,
9,wind farm,9: wind farm,
9,wind farm,9: wind farm,
9,wind farm,9: wind farm,
9,wind farm,9: wind farm,
9,wind farm,9: wind farm,
9,wind farm,9: wind farm,
9,wind farm,9: wind farm,
9,wind farm,9: wind farm,
9,wind farm,9: wind farm,
9,wind farm,9: wind farm,
9,wind farm,9: wind farm,
9,wind farm,9: wind farm,
9,wind farm,9: wind farm,
9,wind farm,9: wind farm,
9,wind farm,9: wind farm,
9,wind farm,9: wind farm,
9,wind farm,9: wind farm,
9,wind farm,9: wind farm,
9,wind farm,9: wind farm,
9,wind farm,9: wind farm,
9,wind farm,9: wind farm,
9,wind farm,9: wind farm,
9,wind farm,9: wind farm,
9,wind farm,9: wind farm,
9,wind farm,9: wind farm,
9,wind farm,9: wind farm,
9,wind farm,9: wind farm,
9,wind farm,9: wind farm,
9,wind farm,9: wind farm,
9,wind farm,9: wind farm,
9,wind farm,9: wind farm,
9,wind farm,9: wind farm,
9,wind farm,9: wind farm,
9,wind farm,9: wind farm,
9,wind farm,9: wind farm,
9,wind farm,9: wind farm,
9,wind farm,9: wind farm,
9,wind farm,9: wind farm,
9,wind farm,9: wind farm,
9,wind farm,9: wind farm,
9,wind farm,9: wind farm,
9,wind farm,9: wind farm,
9,wind farm,9: wind farm,
9,wind farm,9: wind farm,
9,wind farm,9: wind farm,
9,wind farm,9: wind farm,
9,wind farm,9: wind farm,
9,wind farm,9: wind farm,
9,wind farm,9: wind farm,
9,wind farm,9: wind farm,
9,wind farm,9: wind farm,
9,wind farm,9: wind farm,
9,wind farm,9: wind farm,
9,wind farm,9: wind farm,
9,wind farm,9: wind farm,
9,wind farm,9: wind farm,
9,wind farm,9: wind farm,
9,wind farm,9: wind farm,
9,wind farm,9: wind farm,
9,wind farm,9: wind farm,
9,wind farm,9: wind farm,
9,wind farm,9: wind farm,
9,wind farm,9: wind farm,
9,wind farm,9: wind farm,
9,wind farm,9: wind farm,
9,wind farm,9: wind farm,
9,wind farm,9: wind farm,
9,wind farm,9: wind farm,
9,wind farm,9: wind farm,
9,wind farm,9: wind farm,
9,wind farm,9: wind farm,
9,wind farm,9: wind farm,
9,wind farm,9: wind farm,
9,wind farm,9: wind farm,
9,wind farm,9: wind farm,
9,wind farm,9: wind farm,
9,wind farm,9: wind farm,
9,wind farm,9: wind farm,
9,wind farm,9: wind farm,
9,wind farm,9: wind farm,
9,wind farm,9: wind farm,
9,wind farm,9: wind farm,
9,wind farm,9: wind farm,
9,wind farm,9: wind farm,
9,wind farm,9: wind farm,
9,wind farm,9: wind farm,
9,wind farm,9: wind farm,
9,wind farm,9: wind farm,
9,wind farm,9: wind farm,
9,wind farm,9: wind farm,
9,wind farm,9: wind farm,
9,wind farm,9: wind farm,
9,wind farm,9: wind farm,
9,wind farm,9: wind farm,
9,wind farm,9: wind farm,
9,wind farm,9: wind farm,
9,wind farm,9: wind farm,
9,wind farm,9: wind farm,
9,wind farm,9: wind farm,
9,wind farm,9: wind farm,
9,wind farm,9: wind farm,
9,wind farm,9: wind farm,
9,wind farm,9: wind farm,
9,wind farm,9: wind farm,
9,wind farm,9: wind farm,
9,wind farm,9: wind farm,
9,wind farm,9: wind farm,
9,wind farm,9: wind farm,
9,wind farm,9: wind farm,
9,wind farm,9: wind farm,
9,wind farm,9: wind farm,
9,wind farm,9: wind farm,
9,wind farm,9: wind farm,
9,wind farm,9: wind farm,
9,wind farm,9: wind farm,
9,wind farm,9: wind farm,
9,wind farm,9: wind farm,
9,wind farm,9: wind farm,
9,wind farm,9: wind farm,
9,wind farm,9: wind farm,
9,wind farm,9: wind farm,
9,wind farm,9: wind farm,
9,wind farm,9: wind farm,
9,wind farm,9: wind farm,
9,wind farm,9: wind farm,
9,wind farm,9: wind farm,
9,wind farm,9: wind farm,
9,wind farm,9: wind farm,
9,wind farm,9: wind farm,
9,wind farm,9: wind farm,
9,wind farm,9: wind farm,
9,wind farm,9: wind farm,
9,wind farm,9: wind farm,
9,wind farm,9: wind farm,
9,wind farm,9: wind farm,
9,wind farm,9: wind farm,
9,wind farm,9: wind farm,
9,wind farm,9: wind farm,
9,wind farm,9: wind farm,
9,wind farm,9: wind farm,
9,wind farm,9: wind farm,
9,wind farm,9: wind farm,
9,wind farm,9: wind farm,
9,wind farm,9: wind farm,
9,wind farm,9: wind farm,
9,wind farm,9: wind farm,
9,wind farm,9: wind farm,
9,wind farm,9: wind farm,
9,wind farm,9: wind farm,
9,wind farm,9: wind farm,
9,wind farm,9: wind farm,
9,wind farm,9: wind farm,
9,wind farm,9: wind farm,
9,wind farm,9: wind farm,
9,wind farm,9: wind farm,
9,wind farm,9: wind farm,
9,wind farm,9: wind farm,
9,wind farm,9: wind farm,
9,wind farm,9: wind farm,
9,wind farm,9: wind farm,
9,wind farm,9: wind farm,
9,wind farm,9: wind farm,
9,wind farm,9: wind farm,
9,wind farm,9: wind farm,
9,wind farm,9: wind farm,
9,wind farm,9: wind farm,
9,wind farm,9: wind farm,
9,wind farm,9: wind farm,
9,wind farm,9: wind farm,
9,wind farm,9: wind farm,
9,wind farm,9: wind farm,
9,wind farm,9: wind farm,
9,wind farm,9: wind farm,
9,wind farm,9: wind farm,
9,wind farm,9: wind farm,
9,wind farm,9: wind farm,
9,wind farm,9: wind farm,
9,wind farm,9: wind farm,
9,wind farm,9: wind farm,
9,wind farm,9: wind farm,
9,wind farm,9: wind farm,
9,wind farm,9: wind farm,
9,wind farm,9: wind farm,
9,wind farm,9: wind farm,
9,wind farm,9: wind farm,
9,wind farm,9: wind farm,
9,wind farm,9: wind farm,
9,wind farm,9: wind farm,
9,wind farm,9: wind farm,
9,wind farm,9: wind farm,
9,wind farm,9: wind farm,
9,wind farm,9: wind farm,
9,wind farm,9: wind farm,
9,wind farm,9: wind farm,
9,wind farm,9: wind farm,
9,wind farm,9: wind farm,
9,wind farm,9: wind farm,
9,wind farm,9: wind farm,
9,wind farm,9: wind farm,
9,wind farm,9: wind farm,
9,wind farm,9: wind farm,
9,wind farm,9: wind farm,
9,wind farm,9: wind farm,
9,wind farm,9: wind farm,
9,wind farm,9: wind farm,
9,wind farm,9: wind farm,
9,wind farm,9: wind farm,
9,wind farm,9: wind farm,
9,wind farm,9: wind farm,
9,wind farm,9: wind farm,
9,wind farm,9: wind farm,
9,wind farm,9: wind farm,
9,wind farm,9: wind farm,
3,offshor wind,3: offshor wind,
3,offshor wind,3: offshor wind,
3,offshor wind,3: offshor wind,
3,offshor wind,3: offshor wind,
3,offshor wind,3: offshor wind,
3,offshor wind,3: offshor wind,
3,offshor wind,3: offshor wind,
3,offshor wind,3: offshor wind,
3,offshor wind,3: offshor wind,
3,offshor wind,3: offshor wind,
3,offshor wind,3: offshor wind,
3,offshor wind,3: offshor wind,
3,offshor wind,3: offshor wind,
3,offshor wind,3: offshor wind,
3,offshor wind,3: offshor wind,
3,offshor wind,3: offshor wind,
3,offshor wind,3: offshor wind,
3,offshor wind,3: offshor wind,
3,offshor wind,3: offshor wind,
3,offshor wind,3: offshor wind,
3,offshor wind,3: offshor wind,
3,offshor wind,3: offshor wind,
3,offshor wind,3: offshor wind,
3,offshor wind,3: offshor wind,
3,offshor wind,3: offshor wind,
3,offshor wind,3: offshor wind,
3,offshor wind,3: offshor wind,
3,offshor wind,3: offshor wind,
3,offshor wind,3: offshor wind,
3,offshor wind,3: offshor wind,
3,offshor wind,3: offshor wind,
3,offshor wind,3: offshor wind,
3,offshor wind,3: offshor wind,
3,offshor wind,3: offshor wind,
3,offshor wind,3: offshor wind,
3,offshor wind,3: offshor wind,
3,offshor wind,3: offshor wind,
3,offshor wind,3: offshor wind,
3,offshor wind,3: offshor wind,
3,offshor wind,3: offshor wind,
3,offshor wind,3: offshor wind,
3,offshor wind,3: offshor wind,
3,offshor wind,3: offshor wind,
3,offshor wind,3: offshor wind,
3,offshor wind,3: offshor wind,
3,offshor wind,3: offshor wind,
3,offshor wind,3: offshor wind,
3,offshor wind,3: offshor wind,
3,offshor wind,3: offshor wind,
3,offshor wind,3: offshor wind,
3,offshor wind,3: offshor wind,
3,offshor wind,3: offshor wind,
3,offshor wind,3: offshor wind,
3,offshor wind,3: offshor wind,
3,offshor wind,3: offshor wind,
3,offshor wind,3: offshor wind,
3,offshor wind,3: offshor wind,
3,offshor wind,3: offshor wind,
3,offshor wind,3: offshor wind,
3,offshor wind,3: offshor wind,
3,offshor wind,3: offshor wind,
3,offshor wind,3: offshor wind,
3,offshor wind,3: offshor wind,
3,offshor wind,3: offshor wind,
3,offshor wind,3: offshor wind,
3,offshor wind,3: offshor wind,
3,offshor wind,3: offshor wind,
3,offshor wind,3: offshor wind,
3,offshor wind,3: offshor wind,
3,offshor wind,3: offshor wind,
3,offshor wind,3: offshor wind,
3,offshor wind,3: offshor wind,
3,offshor wind,3: offshor wind,
3,offshor wind,3: offshor wind,
3,offshor wind,3: offshor wind,
3,offshor wind,3: offshor wind,
3,offshor wind,3: offshor wind,
3,offshor wind,3: offshor wind,
3,offshor wind,3: offshor wind,
3,offshor wind,3: offshor wind,
3,offshor wind,3: offshor wind,
3,offshor wind,3: offshor wind,
3,offshor wind,3: offshor wind,
3,offshor wind,3: offshor wind,
3,offshor wind,3: offshor wind,
3,offshor wind,3: offshor wind,
3,offshor wind,3: offshor wind,
3,offshor wind,3: offshor wind,
3,offshor wind,3: offshor wind,
3,offshor wind,3: offshor wind,
3,offshor wind,3: offshor wind,
3,offshor wind,3: offshor wind,
3,offshor wind,3: offshor wind,
3,offshor wind,3: offshor wind,
3,offshor wind,3: offshor wind,
3,offshor wind,3: offshor wind,
3,offshor wind,3: offshor wind,
3,offshor wind,3: offshor wind,
3,offshor wind,3: offshor wind,
3,offshor wind,3: offshor wind,
3,offshor wind,3: offshor wind,
3,offshor wind,3: offshor wind,
3,offshor wind,3: offshor wind,
3,offshor wind,3: offshor wind,
3,offshor wind,3: offshor wind,
3,offshor wind,3: offshor wind,
3,offshor wind,3: offshor wind,
3,offshor wind,3: offshor wind,
3,offshor wind,3: offshor wind,
3,offshor wind,3: offshor wind,
3,offshor wind,3: offshor wind,
3,offshor wind,3: offshor wind,
3,offshor wind,3: offshor wind,
5,offshor grid,5: offshor grid,
5,offshor grid,5: offshor grid,
5,offshor grid,5: offshor grid,
5,offshor grid,5: offshor grid,
5,offshor grid,5: offshor grid,
5,offshor grid,5: offshor grid,
5,offshor grid,5: offshor grid,
5,offshor grid,5: offshor grid,
5,offshor grid,5: offshor grid,
5,offshor grid,5: offshor grid,
5,offshor grid,5: offshor grid,
5,offshor grid,5: offshor grid,
5,offshor grid,5: offshor grid,
5,offshor grid,5: offshor grid,
5,offshor grid,5: offshor grid,
5,offshor grid,5: offshor grid,
5,offshor grid,5: offshor grid,
5,offshor grid,5: offshor grid,
5,offshor grid,5: offshor grid,
5,offshor grid,5: offshor grid,
5,offshor grid,5: offshor grid,
5,offshor grid,5: offshor grid,
5,offshor grid,5: offshor grid,
5,offshor grid,5: offshor grid,
5,offshor grid,5: offshor grid,
5,offshor grid,5: offshor grid,
5,offshor grid,5: offshor grid,
5,offshor grid,5: offshor grid,
5,offshor grid,5: offshor grid,
5,offshor grid,5: offshor grid,
5,offshor grid,5: offshor grid,
5,offshor grid,5: offshor grid,
5,offshor grid,5: offshor grid,
5,offshor grid,5: offshor grid,
5,offshor grid,5: offshor grid,
5,offshor grid,5: offshor grid,
5,offshor grid,5: offshor grid,
5,offshor grid,5: offshor grid,
5,offshor grid,5: offshor grid,
5,offshor grid,5: offshor grid,
5,offshor grid,5: offshor grid,
5,offshor grid,5: offshor grid,
5,offshor grid,5: offshor grid,
5,offshor grid,5: offshor grid,
5,offshor grid,5: offshor grid,
5,offshor grid,5: offshor grid,
5,offshor grid,5: offshor grid,
5,offshor grid,5: offshor grid,
5,offshor grid,5: offshor grid,
5,offshor grid,5: offshor grid,
5,offshor grid,5: offshor grid,
5,offshor grid,5: offshor grid,
5,offshor grid,5: offshor grid,
5,offshor grid,5: offshor grid,
5,offshor grid,5: offshor grid,
5,offshor grid,5: offshor grid,
5,offshor grid,5: offshor grid,
5,offshor grid,5: offshor grid,
5,offshor grid,5: offshor grid,
5,offshor grid,5: offshor grid,
5,offshor grid,5: offshor grid,
5,offshor grid,5: offshor grid,
5,offshor grid,5: offshor grid,
5,offshor grid,5: offshor grid,
5,offshor grid,5: offshor grid,
5,offshor grid,5: offshor grid,
5,offshor grid,5: offshor grid,
5,offshor grid,5: offshor grid,
5,offshor grid,5: offshor grid,
5,offshor grid,5: offshor grid,
5,offshor grid,5: offshor grid,
5,offshor grid,5: offshor grid,
5,offshor grid,5: offshor grid,
5,offshor grid,5: offshor grid,
5,offshor grid,5: offshor grid,
5,offshor grid,5: offshor grid,
5,offshor grid,5: offshor grid,
5,offshor grid,5: offshor grid,
5,offshor grid,5: offshor grid,
5,offshor grid,5: offshor grid,
5,offshor grid,5: offshor grid,
5,offshor grid,5: offshor grid,
5,offshor grid,5: offshor grid,
5,offshor grid,5: offshor grid,
5,offshor grid,5: offshor grid,
5,offshor grid,5: offshor grid,
5,offshor grid,5: offshor grid,
5,offshor grid,5: offshor grid,
5,offshor grid,5: offshor grid,
5,offshor grid,5: offshor grid,
5,offshor grid,5: offshor grid,
5,offshor grid,5: offshor grid,
5,offshor grid,5: offshor grid,
5,offshor grid,5: offshor grid,
5,offshor grid,5: offshor grid,
5,offshor grid,5: offshor grid,
5,offshor grid,5: offshor grid,
5,offshor grid,5: offshor grid,
5,offshor grid,5: offshor grid,
5,offshor grid,5: offshor grid,
5,offshor grid,5: offshor grid,
5,offshor grid,5: offshor grid,
5,offshor grid,5: offshor grid,
5,offshor grid,5: offshor grid,
5,offshor grid,5: offshor grid,
5,offshor grid,5: offshor grid,
5,offshor grid,5: offshor grid,
5,offshor grid,5: offshor grid,
5,offshor grid,5: offshor grid,
5,offshor grid,5: offshor grid,
5,offshor grid,5: offshor grid,
5,offshor grid,5: offshor grid,
5,offshor grid,5: offshor grid,
5,offshor grid,5: offshor grid,
5,offshor grid,5: offshor grid,
5,offshor grid,5: offshor grid,
5,offshor grid,5: offshor grid,
5,offshor grid,5: offshor grid,
5,offshor grid,5: offshor grid,
5,offshor grid,5: offshor grid,
5,offshor grid,5: offshor grid,
5,offshor grid,5: offshor grid,
5,offshor grid,5: offshor grid,
5,offshor grid,5: offshor grid,
5,offshor grid,5: offshor grid,
5,offshor grid,5: offshor grid,
5,offshor grid,5: offshor grid,
5,offshor grid,5: offshor grid,
5,offshor grid,5: offshor grid,
5,offshor grid,5: offshor grid,
5,offshor grid,5: offshor grid,
5,offshor grid,5: offshor grid,
5,offshor grid,5: offshor grid,
5,offshor grid,5: offshor grid,
5,offshor grid,5: offshor grid,
5,offshor grid,5: offshor grid,
5,offshor grid,5: offshor grid,
5,offshor grid,5: offshor grid,
5,offshor grid,5: offshor grid,
5,offshor grid,5: offshor grid,
5,offshor grid,5: offshor grid,
5,offshor grid,5: offshor grid,
5,offshor grid,5: offshor grid,
5,offshor grid,5: offshor grid,
5,offshor grid,5: offshor grid,
5,offshor grid,5: offshor grid,
5,offshor grid,5: offshor grid,
5,offshor grid,5: offshor grid,
5,offshor grid,5: offshor grid,
5,offshor grid,5: offshor grid,
5,offshor grid,5: offshor grid,
5,offshor grid,5: offshor grid,
5,offshor grid,5: offshor grid,
5,offshor grid,5: offshor grid,
5,offshor grid,5: offshor grid,
5,offshor grid,5: offshor grid,
5,offshor grid,5: offshor grid,
5,offshor grid,5: offshor grid,
5,offshor grid,5: offshor grid,
5,offshor grid,5: offshor grid,
5,offshor grid,5: offshor grid,
5,offshor grid,5: offshor grid,
5,offshor grid,5: offshor grid,
5,offshor grid,5: offshor grid,
5,offshor grid,5: offshor grid,
5,offshor grid,5: offshor grid,
5,offshor grid,5: offshor grid,
5,offshor grid,5: offshor grid,
5,offshor grid,5: offshor grid,
5,offshor grid,5: offshor grid,
5,offshor grid,5: offshor grid,
5,offshor grid,5: offshor grid,
5,offshor grid,5: offshor grid,
5,offshor grid,5: offshor grid,
5,offshor grid,5: offshor grid,
3,offshor wind,3: offshor wind,
3,offshor wind,3: offshor wind,
3,offshor wind,3: offshor wind,
3,offshor wind,3: offshor wind,
3,offshor wind,3: offshor wind,
3,offshor wind,3: offshor wind,
3,offshor wind,3: offshor wind,
3,offshor wind,3: offshor wind,
3,offshor wind,3: offshor wind,
3,offshor wind,3: offshor wind,
3,offshor wind,3: offshor wind,
3,offshor wind,3: offshor wind,
3,offshor wind,3: offshor wind,
3,offshor wind,3: offshor wind,
3,offshor wind,3: offshor wind,
3,offshor wind,3: offshor wind,
3,offshor wind,3: offshor wind,
3,offshor wind,3: offshor wind,
3,offshor wind,3: offshor wind,
3,offshor wind,3: offshor wind,
3,offshor wind,3: offshor wind,
3,offshor wind,3: offshor wind,
3,offshor wind,3: offshor wind,
3,offshor wind,3: offshor wind,
3,offshor wind,3: offshor wind,
3,offshor wind,3: offshor wind,
3,offshor wind,3: offshor wind,
3,offshor wind,3: offshor wind,
3,offshor wind,3: offshor wind,
3,offshor wind,3: offshor wind,
3,offshor wind,3: offshor wind,
3,offshor wind,3: offshor wind,
3,offshor wind,3: offshor wind,
3,offshor wind,3: offshor wind,
3,offshor wind,3: offshor wind,
3,offshor wind,3: offshor wind,
3,offshor wind,3: offshor wind,
3,offshor wind,3: offshor wind,
3,offshor wind,3: offshor wind,
3,offshor wind,3: offshor wind,
3,offshor wind,3: offshor wind,
3,offshor wind,3: offshor wind,
3,offshor wind,3: offshor wind,
3,offshor wind,3: offshor wind,
3,offshor wind,3: offshor wind,
3,offshor wind,3: offshor wind,
3,offshor wind,3: offshor wind,
3,offshor wind,3: offshor wind,
3,offshor wind,3: offshor wind,
3,offshor wind,3: offshor wind,
3,offshor wind,3: offshor wind,
3,offshor wind,3: offshor wind,
3,offshor wind,3: offshor wind,
3,offshor wind,3: offshor wind,
3,offshor wind,3: offshor wind,
3,offshor wind,3: offshor wind,
3,offshor wind,3: offshor wind,
3,offshor wind,3: offshor wind,
3,offshor wind,3: offshor wind,
3,offshor wind,3: offshor wind,
3,offshor wind,3: offshor wind,
3,offshor wind,3: offshor wind,
3,offshor wind,3: offshor wind,
3,offshor wind,3: offshor wind,
3,offshor wind,3: offshor wind,
3,offshor wind,3: offshor wind,
3,offshor wind,3: offshor wind,
3,offshor wind,3: offshor wind,
3,offshor wind,3: offshor wind,
3,offshor wind,3: offshor wind,
3,offshor wind,3: offshor wind,
3,offshor wind,3: offshor wind,
3,offshor wind,3: offshor wind,
3,offshor wind,3: offshor wind,
3,offshor wind,3: offshor wind,
3,offshor wind,3: offshor wind,
3,offshor wind,3: offshor wind,
3,offshor wind,3: offshor wind,
3,offshor wind,3: offshor wind,
3,offshor wind,3: offshor wind,
3,offshor wind,3: offshor wind,
3,offshor wind,3: offshor wind,
3,offshor wind,3: offshor wind,
3,offshor wind,3: offshor wind,
3,offshor wind,3: offshor wind,
3,offshor wind,3: offshor wind,
3,offshor wind,3: offshor wind,
3,offshor wind,3: offshor wind,
3,offshor wind,3: offshor wind,
3,offshor wind,3: offshor wind,
3,offshor wind,3: offshor wind,
3,offshor wind,3: offshor wind,
3,offshor wind,3: offshor wind,
3,offshor wind,3: offshor wind,
3,offshor wind,3: offshor wind,
3,offshor wind,3: offshor wind,
3,offshor wind,3: offshor wind,
3,offshor wind,3: offshor wind,
3,offshor wind,3: offshor wind,
3,offshor wind,3: offshor wind,
3,offshor wind,3: offshor wind,
3,offshor wind,3: offshor wind,
3,offshor wind,3: offshor wind,
3,offshor wind,3: offshor wind,
3,offshor wind,3: offshor wind,
3,offshor wind,3: offshor wind,
3,offshor wind,3: offshor wind,
3,offshor wind,3: offshor wind,
3,offshor wind,3: offshor wind,
3,offshor wind,3: offshor wind,
3,offshor wind,3: offshor wind,
3,offshor wind,3: offshor wind,
3,offshor wind,3: offshor wind,
9,wind farm,9: wind farm,
9,wind farm,9: wind farm,
9,wind farm,9: wind farm,
9,wind farm,9: wind farm,
9,wind farm,9: wind farm,
9,wind farm,9: wind farm,
9,wind farm,9: wind farm,
9,wind farm,9: wind farm,
9,wind farm,9: wind farm,
9,wind farm,9: wind farm,
9,wind farm,9: wind farm,
9,wind farm,9: wind farm,
9,wind farm,9: wind farm,
9,wind farm,9: wind farm,
9,wind farm,9: wind farm,
9,wind farm,9: wind farm,
9,wind farm,9: wind farm,
9,wind farm,9: wind farm,
9,wind farm,9: wind farm,
9,wind farm,9: wind farm,
9,wind farm,9: wind farm,
9,wind farm,9: wind farm,
9,wind farm,9: wind farm,
9,wind farm,9: wind farm,
9,wind farm,9: wind farm,
9,wind farm,9: wind farm,
9,wind farm,9: wind farm,
9,wind farm,9: wind farm,
9,wind farm,9: wind farm,
9,wind farm,9: wind farm,
9,wind farm,9: wind farm,
9,wind farm,9: wind farm,
9,wind farm,9: wind farm,
9,wind farm,9: wind farm,
9,wind farm,9: wind farm,
9,wind farm,9: wind farm,
9,wind farm,9: wind farm,
9,wind farm,9: wind farm,
9,wind farm,9: wind farm,
9,wind farm,9: wind farm,
9,wind farm,9: wind farm,
9,wind farm,9: wind farm,
9,wind farm,9: wind farm,
9,wind farm,9: wind farm,
9,wind farm,9: wind farm,
9,wind farm,9: wind farm,
9,wind farm,9: wind farm,
9,wind farm,9: wind farm,
9,wind farm,9: wind farm,
9,wind farm,9: wind farm,
9,wind farm,9: wind farm,
9,wind farm,9: wind farm,
9,wind farm,9: wind farm,
9,wind farm,9: wind farm,
9,wind farm,9: wind farm,
9,wind farm,9: wind farm,
9,wind farm,9: wind farm,
9,wind farm,9: wind farm,
9,wind farm,9: wind farm,
9,wind farm,9: wind farm,
9,wind farm,9: wind farm,
9,wind farm,9: wind farm,
9,wind farm,9: wind farm,
9,wind farm,9: wind farm,
9,wind farm,9: wind farm,
9,wind farm,9: wind farm,
9,wind farm,9: wind farm,
9,wind farm,9: wind farm,
9,wind farm,9: wind farm,
9,wind farm,9: wind farm,
9,wind farm,9: wind farm,
9,wind farm,9: wind farm,
9,wind farm,9: wind farm,
9,wind farm,9: wind farm,
9,wind farm,9: wind farm,
9,wind farm,9: wind farm,
9,wind farm,9: wind farm,
9,wind farm,9: wind farm,
9,wind farm,9: wind farm,
9,wind farm,9: wind farm,
9,wind farm,9: wind farm,
9,wind farm,9: wind farm,
9,wind farm,9: wind farm,
9,wind farm,9: wind farm,
9,wind farm,9: wind farm,
9,wind farm,9: wind farm,
9,wind farm,9: wind farm,
9,wind farm,9: wind farm,
9,wind farm,9: wind farm,
9,wind farm,9: wind farm,
9,wind farm,9: wind farm,
9,wind farm,9: wind farm,
9,wind farm,9: wind farm,
9,wind farm,9: wind farm,
9,wind farm,9: wind farm,
9,wind farm,9: wind farm,
9,wind farm,9: wind farm,
9,wind farm,9: wind farm,
9,wind farm,9: wind farm,
9,wind farm,9: wind farm,
9,wind farm,9: wind farm,
9,wind farm,9: wind farm,
9,wind farm,9: wind farm,
9,wind farm,9: wind farm,
9,wind farm,9: wind farm,
9,wind farm,9: wind farm,
9,wind farm,9: wind farm,
9,wind farm,9: wind farm,
9,wind farm,9: wind farm,
9,wind farm,9: wind farm,
9,wind farm,9: wind farm,
9,wind farm,9: wind farm,
9,wind farm,9: wind farm,
9,wind farm,9: wind farm,
9,wind farm,9: wind farm,
9,wind farm,9: wind farm,
9,wind farm,9: wind farm,
9,wind farm,9: wind farm,
9,wind farm,9: wind farm,
9,wind farm,9: wind farm,
9,wind farm,9: wind farm,
9,wind farm,9: wind farm,
9,wind farm,9: wind farm,
9,wind farm,9: wind farm,
9,wind farm,9: wind farm,
9,wind farm,9: wind farm,
9,wind farm,9: wind farm,
9,wind farm,9: wind farm,
9,wind farm,9: wind farm,
9,wind farm,9: wind farm,
9,wind farm,9: wind farm,
9,wind farm,9: wind farm,
9,wind farm,9: wind farm,
9,wind farm,9: wind farm,
9,wind farm,9: wind farm,
9,wind farm,9: wind farm,
9,wind farm,9: wind farm,
9,wind farm,9: wind farm,
9,wind farm,9: wind farm,
9,wind farm,9: wind farm,
9,wind farm,9: wind farm,
9,wind farm,9: wind farm,
9,wind farm,9: wind farm,
9,wind farm,9: wind farm,
9,wind farm,9: wind farm,
9,wind farm,9: wind farm,
9,wind farm,9: wind farm,
9,wind farm,9: wind farm,
9,wind farm,9: wind farm,
9,wind farm,9: wind farm,
9,wind farm,9: wind farm,
9,wind farm,9: wind farm,
9,wind farm,9: wind farm,
9,wind farm,9: wind farm,
9,wind farm,9: wind farm,
9,wind farm,9: wind farm,
9,wind farm,9: wind farm,
9,wind farm,9: wind farm,
9,wind farm,9: wind farm,
9,wind farm,9: wind farm,
9,wind farm,9: wind farm,
5,offshor grid,5: offshor grid,
5,offshor grid,5: offshor grid,
5,offshor grid,5: offshor grid,
5,offshor grid,5: offshor grid,
5,offshor grid,5: offshor grid,
5,offshor grid,5: offshor grid,
5,offshor grid,5: offshor grid,
5,offshor grid,5: offshor grid,
5,offshor grid,5: offshor grid,
5,offshor grid,5: offshor grid,
5,offshor grid,5: offshor grid,
5,offshor grid,5: offshor grid,
5,offshor grid,5: offshor grid,
5,offshor grid,5: offshor grid,
5,offshor grid,5: offshor grid,
5,offshor grid,5: offshor grid,
5,offshor grid,5: offshor grid,
5,offshor grid,5: offshor grid,
5,offshor grid,5: offshor grid,
5,offshor grid,5: offshor grid,
5,offshor grid,5: offshor grid,
5,offshor grid,5: offshor grid,
5,offshor grid,5: offshor grid,
5,offshor grid,5: offshor grid,
5,offshor grid,5: offshor grid,
5,offshor grid,5: offshor grid,
5,offshor grid,5: offshor grid,
5,offshor grid,5: offshor grid,
5,offshor grid,5: offshor grid,
5,offshor grid,5: offshor grid,
5,offshor grid,5: offshor grid,
5,offshor grid,5: offshor grid,
5,offshor grid,5: offshor grid,
5,offshor grid,5: offshor grid,
5,offshor grid,5: offshor grid,
5,offshor grid,5: offshor grid,
5,offshor grid,5: offshor grid,
5,offshor grid,5: offshor grid,
5,offshor grid,5: offshor grid,
5,offshor grid,5: offshor grid,
5,offshor grid,5: offshor grid,
5,offshor grid,5: offshor grid,
5,offshor grid,5: offshor grid,
5,offshor grid,5: offshor grid,
5,offshor grid,5: offshor grid,
5,offshor grid,5: offshor grid,
5,offshor grid,5: offshor grid,
5,offshor grid,5: offshor grid,
5,offshor grid,5: offshor grid,
5,offshor grid,5: offshor grid,
5,offshor grid,5: offshor grid,
5,offshor grid,5: offshor grid,
5,offshor grid,5: offshor grid,
5,offshor grid,5: offshor grid,
5,offshor grid,5: offshor grid,
5,offshor grid,5: offshor grid,
5,offshor grid,5: offshor grid,
5,offshor grid,5: offshor grid,
5,offshor grid,5: offshor grid,
5,offshor grid,5: offshor grid,
5,offshor grid,5: offshor grid,
5,offshor grid,5: offshor grid,
5,offshor grid,5: offshor grid,
5,offshor grid,5: offshor grid,
5,offshor grid,5: offshor grid,
5,offshor grid,5: offshor grid,
5,offshor grid,5: offshor grid,
5,offshor grid,5: offshor grid,
5,offshor grid,5: offshor grid,
5,offshor grid,5: offshor grid,
5,offshor grid,5: offshor grid,
5,offshor grid,5: offshor grid,
5,offshor grid,5: offshor grid,
5,offshor grid,5: offshor grid,
5,offshor grid,5: offshor grid,
5,offshor grid,5: offshor grid,
5,offshor grid,5: offshor grid,
5,offshor grid,5: offshor grid,
5,offshor grid,5: offshor grid,
5,offshor grid,5: offshor grid,
5,offshor grid,5: offshor grid,
5,offshor grid,5: offshor grid,
5,offshor grid,5: offshor grid,
5,offshor grid,5: offshor grid,
5,offshor grid,5: offshor grid,
5,offshor grid,5: offshor grid,
5,offshor grid,5: offshor grid,
5,offshor grid,5: offshor grid,
5,offshor grid,5: offshor grid,
5,offshor grid,5: offshor grid,
5,offshor grid,5: offshor grid,
5,offshor grid,5: offshor grid,
5,offshor grid,5: offshor grid,
5,offshor grid,5: offshor grid,
5,offshor grid,5: offshor grid,
5,offshor grid,5: offshor grid,
5,offshor grid,5: offshor grid,
5,offshor grid,5: offshor grid,
5,offshor grid,5: offshor grid,
5,offshor grid,5: offshor grid,
5,offshor grid,5: offshor grid,
5,offshor grid,5: offshor grid,
5,offshor grid,5: offshor grid,
5,offshor grid,5: offshor grid,
5,offshor grid,5: offshor grid,
5,offshor grid,5: offshor grid,
5,offshor grid,5: offshor grid,
5,offshor grid,5: offshor grid,
5,offshor grid,5: offshor grid,
5,offshor grid,5: offshor grid,
5,offshor grid,5: offshor grid,
5,offshor grid,5: offshor grid,
5,offshor grid,5: offshor grid,
5,offshor grid,5: offshor grid,
5,offshor grid,5: offshor grid,
5,offshor grid,5: offshor grid,
5,offshor grid,5: offshor grid,
5,offshor grid,5: offshor grid,
5,offshor grid,5: offshor grid,
5,offshor grid,5: offshor grid,
5,offshor grid,5: offshor grid,
5,offshor grid,5: offshor grid,
5,offshor grid,5: offshor grid,
5,offshor grid,5: offshor grid,
5,offshor grid,5: offshor grid,
5,offshor grid,5: offshor grid,
5,offshor grid,5: offshor grid,
5,offshor grid,5: offshor grid,
5,offshor grid,5: offshor grid,
5,offshor grid,5: offshor grid,
5,offshor grid,5: offshor grid,
5,offshor grid,5: offshor grid,
5,offshor grid,5: offshor grid,
5,offshor grid,5: offshor grid,
5,offshor grid,5: offshor grid,
5,offshor grid,5: offshor grid,
5,offshor grid,5: offshor grid,
5,offshor grid,5: offshor grid,
5,offshor grid,5: offshor grid,
5,offshor grid,5: offshor grid,
5,offshor grid,5: offshor grid,
5,offshor grid,5: offshor grid,
5,offshor grid,5: offshor grid,
5,offshor grid,5: offshor grid,
5,offshor grid,5: offshor grid,
5,offshor grid,5: offshor grid,
5,offshor grid,5: offshor grid,
5,offshor grid,5: offshor grid,
5,offshor grid,5: offshor grid,
5,offshor grid,5: offshor grid,
5,offshor grid,5: offshor grid,
5,offshor grid,5: offshor grid,
5,offshor grid,5: offshor grid,
5,offshor grid,5: offshor grid,
5,offshor grid,5: offshor grid,
5,offshor grid,5: offshor grid,
5,offshor grid,5: offshor grid,
5,offshor grid,5: offshor grid,
5,offshor grid,5: offshor grid,
5,offshor grid,5: offshor grid,
5,offshor grid,5: offshor grid,
5,offshor grid,5: offshor grid,
5,offshor grid,5: offshor grid,
5,offshor grid,5: offshor grid,
5,offshor grid,5: offshor grid,
5,offshor grid,5: offshor grid,
5,offshor grid,5: offshor grid,
5,offshor grid,5: offshor grid,
5,offshor grid,5: offshor grid,
5,offshor grid,5: offshor grid,
5,offshor grid,5: offshor grid,
5,offshor grid,5: offshor grid,
5,offshor grid,5: offshor grid,
5,offshor grid,5: offshor grid,
5,offshor grid,5: offshor grid,
1,abstract avail,1: abstract avail,
1,abstract avail,1: abstract avail,
1,abstract avail,1: abstract avail,
1,abstract avail,1: abstract avail,
1,abstract avail,1: abstract avail,
1,abstract avail,1: abstract avail,
1,abstract avail,1: abstract avail,
1,abstract avail,1: abstract avail,
1,abstract avail,1: abstract avail,
1,abstract avail,1: abstract avail,
1,abstract avail,1: abstract avail,
1,abstract avail,1: abstract avail,
1,abstract avail,1: abstract avail,
1,abstract avail,1: abstract avail,
1,abstract avail,1: abstract avail,
1,abstract avail,1: abstract avail,
1,abstract avail,1: abstract avail,
1,abstract avail,1: abstract avail,
1,abstract avail,1: abstract avail,
1,abstract avail,1: abstract avail,
1,abstract avail,1: abstract avail,
1,abstract avail,1: abstract avail,
1,abstract avail,1: abstract avail,
1,abstract avail,1: abstract avail,
1,abstract avail,1: abstract avail,
1,abstract avail,1: abstract avail,
1,abstract avail,1: abstract avail,
1,abstract avail,1: abstract avail,
1,abstract avail,1: abstract avail,
1,abstract avail,1: abstract avail,
1,abstract avail,1: abstract avail,
1,abstract avail,1: abstract avail,
1,abstract avail,1: abstract avail,
1,abstract avail,1: abstract avail,
1,abstract avail,1: abstract avail,
1,abstract avail,1: abstract avail,
1,abstract avail,1: abstract avail,
1,abstract avail,1: abstract avail,
1,abstract avail,1: abstract avail,
1,abstract avail,1: abstract avail,
1,abstract avail,1: abstract avail,
1,abstract avail,1: abstract avail,
1,abstract avail,1: abstract avail,
1,abstract avail,1: abstract avail,
1,abstract avail,1: abstract avail,
1,abstract avail,1: abstract avail,
1,abstract avail,1: abstract avail,
1,abstract avail,1: abstract avail,
1,abstract avail,1: abstract avail,
1,abstract avail,1: abstract avail,
1,abstract avail,1: abstract avail,
1,abstract avail,1: abstract avail,
1,abstract avail,1: abstract avail,
1,abstract avail,1: abstract avail,
1,abstract avail,1: abstract avail,
1,abstract avail,1: abstract avail,
1,abstract avail,1: abstract avail,
1,abstract avail,1: abstract avail,
1,abstract avail,1: abstract avail,
1,abstract avail,1: abstract avail,
1,abstract avail,1: abstract avail,
1,abstract avail,1: abstract avail,
1,abstract avail,1: abstract avail,
1,abstract avail,1: abstract avail,
1,abstract avail,1: abstract avail,
1,abstract avail,1: abstract avail,
1,abstract avail,1: abstract avail,
1,abstract avail,1: abstract avail,
1,abstract avail,1: abstract avail,
1,abstract avail,1: abstract avail,
1,abstract avail,1: abstract avail,
1,abstract avail,1: abstract avail,
1,abstract avail,1: abstract avail,
1,abstract avail,1: abstract avail,
1,abstract avail,1: abstract avail,
1,abstract avail,1: abstract avail,
1,abstract avail,1: abstract avail,
1,abstract avail,1: abstract avail,
1,abstract avail,1: abstract avail,
1,abstract avail,1: abstract avail,
1,abstract avail,1: abstract avail,
7,renew energi,7: renew energi,
7,renew energi,7: renew energi,
7,renew energi,7: renew energi,
7,renew energi,7: renew energi,
7,renew energi,7: renew energi,
7,renew energi,7: renew energi,
7,renew energi,7: renew energi,
7,renew energi,7: renew energi,
7,renew energi,7: renew energi,
7,renew energi,7: renew energi,
7,renew energi,7: renew energi,
7,renew energi,7: renew energi,
7,renew energi,7: renew energi,
7,renew energi,7: renew energi,
7,renew energi,7: renew energi,
7,renew energi,7: renew energi,
7,renew energi,7: renew energi,
7,renew energi,7: renew energi,
7,renew energi,7: renew energi,
7,renew energi,7: renew energi,
7,renew energi,7: renew energi,
7,renew energi,7: renew energi,
7,renew energi,7: renew energi,
7,renew energi,7: renew energi,
7,renew energi,7: renew energi,
7,renew energi,7: renew energi,
7,renew energi,7: renew energi,
7,renew energi,7: renew energi,
7,renew energi,7: renew energi,
7,renew energi,7: renew energi,
7,renew energi,7: renew energi,
7,renew energi,7: renew energi,
7,renew energi,7: renew energi,
7,renew energi,7: renew energi,
7,renew energi,7: renew energi,
7,renew energi,7: renew energi,
7,renew energi,7: renew energi,
7,renew energi,7: renew energi,
7,renew energi,7: renew energi,
7,renew energi,7: renew energi,
7,renew energi,7: renew energi,
7,renew energi,7: renew energi,
7,renew energi,7: renew energi,
7,renew energi,7: renew energi,
7,renew energi,7: renew energi,
7,renew energi,7: renew energi,
7,renew energi,7: renew energi,
7,renew energi,7: renew energi,
7,renew energi,7: renew energi,
7,renew energi,7: renew energi,
7,renew energi,7: renew energi,
7,renew energi,7: renew energi,
7,renew energi,7: renew energi,
7,renew energi,7: renew energi,
7,renew energi,7: renew energi,
7,renew energi,7: renew energi,
7,renew energi,7: renew energi,
7,renew energi,7: renew energi,
7,renew energi,7: renew energi,
7,renew energi,7: renew energi,
7,renew energi,7: renew energi,
7,renew energi,7: renew energi,
7,renew energi,7: renew energi,
7,renew energi,7: renew energi,
7,renew energi,7: renew energi,
7,renew energi,7: renew energi,
7,renew energi,7: renew energi,
7,renew energi,7: renew energi,
7,renew energi,7: renew energi,
7,renew energi,7: renew energi,
7,renew energi,7: renew energi,
7,renew energi,7: renew energi,
7,renew energi,7: renew energi,
7,renew energi,7: renew energi,
7,renew energi,7: renew energi,
7,renew energi,7: renew energi,
7,renew energi,7: renew energi,
7,renew energi,7: renew energi,
7,renew energi,7: renew energi,
7,renew energi,7: renew energi,
7,renew energi,7: renew energi,
7,renew energi,7: renew energi,
7,renew energi,7: renew energi,
7,renew energi,7: renew energi,
7,renew energi,7: renew energi,
7,renew energi,7: renew energi,
7,renew energi,7: renew energi,
7,renew energi,7: renew energi,
7,renew energi,7: renew energi,
7,renew energi,7: renew energi,
7,renew energi,7: renew energi,
7,renew energi,7: renew energi,
7,renew energi,7: renew energi,
7,renew energi,7: renew energi,
7,renew energi,7: renew energi,
7,renew energi,7: renew energi,
7,renew energi,7: renew energi,
7,renew energi,7: renew energi,
7,renew energi,7: renew energi,
7,renew energi,7: renew energi,
7,renew energi,7: renew energi,
7,renew energi,7: renew energi,
7,renew energi,7: renew energi,
7,renew energi,7: renew energi,
7,renew energi,7: renew energi,
7,renew energi,7: renew energi,
7,renew energi,7: renew energi,
7,renew energi,7: renew energi,
7,renew energi,7: renew energi,
7,renew energi,7: renew energi,
7,renew energi,7: renew energi,
7,renew energi,7: renew energi,
7,renew energi,7: renew energi,
7,renew energi,7: renew energi,
7,renew energi,7: renew energi,
7,renew energi,7: renew energi,
7,renew energi,7: renew energi,
7,renew energi,7: renew energi,
7,renew energi,7: renew energi,
7,renew energi,7: renew energi,
7,renew energi,7: renew energi,
7,renew energi,7: renew energi,
7,renew energi,7: renew energi,
7,renew energi,7: renew energi,
7,renew energi,7: renew energi,
7,renew energi,7: renew energi,
7,renew energi,7: renew energi,
7,renew energi,7: renew energi,
7,renew energi,7: renew energi,
7,renew energi,7: renew energi,
7,renew energi,7: renew energi,
7,renew energi,7: renew energi,
7,renew energi,7: renew energi,
7,renew energi,7: renew energi,
7,renew energi,7: renew energi,
7,renew energi,7: renew energi,
7,renew energi,7: renew energi,
7,renew energi,7: renew energi,
7,renew energi,7: renew energi,
7,renew energi,7: renew energi,
7,renew energi,7: renew energi,
7,renew energi,7: renew energi,
7,renew energi,7: renew energi,
7,renew energi,7: renew energi,
7,renew energi,7: renew energi,
7,renew energi,7: renew energi,
5,offshor grid,5: offshor grid,
5,offshor grid,5: offshor grid,
5,offshor grid,5: offshor grid,
5,offshor grid,5: offshor grid,
5,offshor grid,5: offshor grid,
5,offshor grid,5: offshor grid,
5,offshor grid,5: offshor grid,
5,offshor grid,5: offshor grid,
5,offshor grid,5: offshor grid,
5,offshor grid,5: offshor grid,
5,offshor grid,5: offshor grid,
5,offshor grid,5: offshor grid,
5,offshor grid,5: offshor grid,
5,offshor grid,5: offshor grid,
5,offshor grid,5: offshor grid,
5,offshor grid,5: offshor grid,
5,offshor grid,5: offshor grid,
5,offshor grid,5: offshor grid,
5,offshor grid,5: offshor grid,
5,offshor grid,5: offshor grid,
5,offshor grid,5: offshor grid,
5,offshor grid,5: offshor grid,
5,offshor grid,5: offshor grid,
5,offshor grid,5: offshor grid,
5,offshor grid,5: offshor grid,
5,offshor grid,5: offshor grid,
5,offshor grid,5: offshor grid,
5,offshor grid,5: offshor grid,
5,offshor grid,5: offshor grid,
5,offshor grid,5: offshor grid,
5,offshor grid,5: offshor grid,
5,offshor grid,5: offshor grid,
5,offshor grid,5: offshor grid,
5,offshor grid,5: offshor grid,
5,offshor grid,5: offshor grid,
5,offshor grid,5: offshor grid,
5,offshor grid,5: offshor grid,
5,offshor grid,5: offshor grid,
5,offshor grid,5: offshor grid,
5,offshor grid,5: offshor grid,
5,offshor grid,5: offshor grid,
5,offshor grid,5: offshor grid,
5,offshor grid,5: offshor grid,
5,offshor grid,5: offshor grid,
5,offshor grid,5: offshor grid,
5,offshor grid,5: offshor grid,
5,offshor grid,5: offshor grid,
5,offshor grid,5: offshor grid,
5,offshor grid,5: offshor grid,
5,offshor grid,5: offshor grid,
5,offshor grid,5: offshor grid,
5,offshor grid,5: offshor grid,
5,offshor grid,5: offshor grid,
5,offshor grid,5: offshor grid,
5,offshor grid,5: offshor grid,
5,offshor grid,5: offshor grid,
5,offshor grid,5: offshor grid,
5,offshor grid,5: offshor grid,
5,offshor grid,5: offshor grid,
5,offshor grid,5: offshor grid,
5,offshor grid,5: offshor grid,
5,offshor grid,5: offshor grid,
5,offshor grid,5: offshor grid,
5,offshor grid,5: offshor grid,
5,offshor grid,5: offshor grid,
5,offshor grid,5: offshor grid,
5,offshor grid,5: offshor grid,
5,offshor grid,5: offshor grid,
5,offshor grid,5: offshor grid,
5,offshor grid,5: offshor grid,
5,offshor grid,5: offshor grid,
5,offshor grid,5: offshor grid,
5,offshor grid,5: offshor grid,
5,offshor grid,5: offshor grid,
5,offshor grid,5: offshor grid,
5,offshor grid,5: offshor grid,
5,offshor grid,5: offshor grid,
5,offshor grid,5: offshor grid,
5,offshor grid,5: offshor grid,
5,offshor grid,5: offshor grid,
5,offshor grid,5: offshor grid,
5,offshor grid,5: offshor grid,
5,offshor grid,5: offshor grid,
5,offshor grid,5: offshor grid,
5,offshor grid,5: offshor grid,
5,offshor grid,5: offshor grid,
5,offshor grid,5: offshor grid,
5,offshor grid,5: offshor grid,
5,offshor grid,5: offshor grid,
5,offshor grid,5: offshor grid,
5,offshor grid,5: offshor grid,
5,offshor grid,5: offshor grid,
5,offshor grid,5: offshor grid,
5,offshor grid,5: offshor grid,
5,offshor grid,5: offshor grid,
5,offshor grid,5: offshor grid,
5,offshor grid,5: offshor grid,
5,offshor grid,5: offshor grid,
5,offshor grid,5: offshor grid,
5,offshor grid,5: offshor grid,
5,offshor grid,5: offshor grid,
5,offshor grid,5: offshor grid,
5,offshor grid,5: offshor grid,
5,offshor grid,5: offshor grid,
5,offshor grid,5: offshor grid,
5,offshor grid,5: offshor grid,
5,offshor grid,5: offshor grid,
5,offshor grid,5: offshor grid,
5,offshor grid,5: offshor grid,
5,offshor grid,5: offshor grid,
5,offshor grid,5: offshor grid,
5,offshor grid,5: offshor grid,
5,offshor grid,5: offshor grid,
5,offshor grid,5: offshor grid,
5,offshor grid,5: offshor grid,
5,offshor grid,5: offshor grid,
5,offshor grid,5: offshor grid,
5,offshor grid,5: offshor grid,
5,offshor grid,5: offshor grid,
5,offshor grid,5: offshor grid,
5,offshor grid,5: offshor grid,
5,offshor grid,5: offshor grid,
5,offshor grid,5: offshor grid,
5,offshor grid,5: offshor grid,
5,offshor grid,5: offshor grid,
5,offshor grid,5: offshor grid,
5,offshor grid,5: offshor grid,
5,offshor grid,5: offshor grid,
5,offshor grid,5: offshor grid,
5,offshor grid,5: offshor grid,
5,offshor grid,5: offshor grid,
5,offshor grid,5: offshor grid,
5,offshor grid,5: offshor grid,
5,offshor grid,5: offshor grid,
5,offshor grid,5: offshor grid,
5,offshor grid,5: offshor grid,
5,offshor grid,5: offshor grid,
5,offshor grid,5: offshor grid,
5,offshor grid,5: offshor grid,
5,offshor grid,5: offshor grid,
5,offshor grid,5: offshor grid,
5,offshor grid,5: offshor grid,
5,offshor grid,5: offshor grid,
5,offshor grid,5: offshor grid,
5,offshor grid,5: offshor grid,
5,offshor grid,5: offshor grid,
5,offshor grid,5: offshor grid,
5,offshor grid,5: offshor grid,
5,offshor grid,5: offshor grid,
5,offshor grid,5: offshor grid,
5,offshor grid,5: offshor grid,
5,offshor grid,5: offshor grid,
5,offshor grid,5: offshor grid,
5,offshor grid,5: offshor grid,
5,offshor grid,5: offshor grid,
5,offshor grid,5: offshor grid,
5,offshor grid,5: offshor grid,
5,offshor grid,5: offshor grid,
5,offshor grid,5: offshor grid,
5,offshor grid,5: offshor grid,
5,offshor grid,5: offshor grid,
5,offshor grid,5: offshor grid,
5,offshor grid,5: offshor grid,
5,offshor grid,5: offshor grid,
5,offshor grid,5: offshor grid,
5,offshor grid,5: offshor grid,
5,offshor grid,5: offshor grid,
5,offshor grid,5: offshor grid,
5,offshor grid,5: offshor grid,
5,offshor grid,5: offshor grid,
5,offshor grid,5: offshor grid,
5,offshor grid,5: offshor grid,
5,offshor grid,5: offshor grid,
5,offshor grid,5: offshor grid,
5,offshor grid,5: offshor grid,
1,abstract avail,1: abstract avail,
1,abstract avail,1: abstract avail,
1,abstract avail,1: abstract avail,
1,abstract avail,1: abstract avail,
1,abstract avail,1: abstract avail,
1,abstract avail,1: abstract avail,
1,abstract avail,1: abstract avail,
1,abstract avail,1: abstract avail,
1,abstract avail,1: abstract avail,
1,abstract avail,1: abstract avail,
1,abstract avail,1: abstract avail,
1,abstract avail,1: abstract avail,
1,abstract avail,1: abstract avail,
1,abstract avail,1: abstract avail,
1,abstract avail,1: abstract avail,
1,abstract avail,1: abstract avail,
1,abstract avail,1: abstract avail,
1,abstract avail,1: abstract avail,
1,abstract avail,1: abstract avail,
1,abstract avail,1: abstract avail,
1,abstract avail,1: abstract avail,
1,abstract avail,1: abstract avail,
1,abstract avail,1: abstract avail,
1,abstract avail,1: abstract avail,
1,abstract avail,1: abstract avail,
1,abstract avail,1: abstract avail,
1,abstract avail,1: abstract avail,
1,abstract avail,1: abstract avail,
1,abstract avail,1: abstract avail,
1,abstract avail,1: abstract avail,
1,abstract avail,1: abstract avail,
1,abstract avail,1: abstract avail,
1,abstract avail,1: abstract avail,
1,abstract avail,1: abstract avail,
1,abstract avail,1: abstract avail,
1,abstract avail,1: abstract avail,
1,abstract avail,1: abstract avail,
1,abstract avail,1: abstract avail,
1,abstract avail,1: abstract avail,
1,abstract avail,1: abstract avail,
1,abstract avail,1: abstract avail,
1,abstract avail,1: abstract avail,
1,abstract avail,1: abstract avail,
1,abstract avail,1: abstract avail,
1,abstract avail,1: abstract avail,
1,abstract avail,1: abstract avail,
1,abstract avail,1: abstract avail,
1,abstract avail,1: abstract avail,
1,abstract avail,1: abstract avail,
1,abstract avail,1: abstract avail,
1,abstract avail,1: abstract avail,
1,abstract avail,1: abstract avail,
1,abstract avail,1: abstract avail,
1,abstract avail,1: abstract avail,
1,abstract avail,1: abstract avail,
1,abstract avail,1: abstract avail,
1,abstract avail,1: abstract avail,
1,abstract avail,1: abstract avail,
1,abstract avail,1: abstract avail,
1,abstract avail,1: abstract avail,
1,abstract avail,1: abstract avail,
1,abstract avail,1: abstract avail,
1,abstract avail,1: abstract avail,
1,abstract avail,1: abstract avail,
1,abstract avail,1: abstract avail,
1,abstract avail,1: abstract avail,
1,abstract avail,1: abstract avail,
1,abstract avail,1: abstract avail,
1,abstract avail,1: abstract avail,
1,abstract avail,1: abstract avail,
1,abstract avail,1: abstract avail,
1,abstract avail,1: abstract avail,
1,abstract avail,1: abstract avail,
1,abstract avail,1: abstract avail,
1,abstract avail,1: abstract avail,
1,abstract avail,1: abstract avail,
1,abstract avail,1: abstract avail,
1,abstract avail,1: abstract avail,
1,abstract avail,1: abstract avail,
1,abstract avail,1: abstract avail,
1,abstract avail,1: abstract avail,
1,abstract avail,1: abstract avail,
1,abstract avail,1: abstract avail,
1,abstract avail,1: abstract avail,
1,abstract avail,1: abstract avail,
1,abstract avail,1: abstract avail,
1,abstract avail,1: abstract avail,
1,abstract avail,1: abstract avail,
1,abstract avail,1: abstract avail,
1,abstract avail,1: abstract avail,
1,abstract avail,1: abstract avail,
1,abstract avail,1: abstract avail,
1,abstract avail,1: abstract avail,
1,abstract avail,1: abstract avail,
1,abstract avail,1: abstract avail,
1,abstract avail,1: abstract avail,
1,abstract avail,1: abstract avail,
1,abstract avail,1: abstract avail,
1,abstract avail,1: abstract avail,
1,abstract avail,1: abstract avail,
1,abstract avail,1: abstract avail,
1,abstract avail,1: abstract avail,
1,abstract avail,1: abstract avail,
1,abstract avail,1: abstract avail,
1,abstract avail,1: abstract avail,
1,abstract avail,1: abstract avail,
1,abstract avail,1: abstract avail,
1,abstract avail,1: abstract avail,
1,abstract avail,1: abstract avail,
1,abstract avail,1: abstract avail,
1,abstract avail,1: abstract avail,
1,abstract avail,1: abstract avail,
1,abstract avail,1: abstract avail,
1,abstract avail,1: abstract avail,
1,abstract avail,1: abstract avail,
1,abstract avail,1: abstract avail,
1,abstract avail,1: abstract avail,
1,abstract avail,1: abstract avail,
1,abstract avail,1: abstract avail,
1,abstract avail,1: abstract avail,
1,abstract avail,1: abstract avail,
1,abstract avail,1: abstract avail,
1,abstract avail,1: abstract avail,
1,abstract avail,1: abstract avail,
1,abstract avail,1: abstract avail,
1,abstract avail,1: abstract avail,
1,abstract avail,1: abstract avail,
1,abstract avail,1: abstract avail,
1,abstract avail,1: abstract avail,
1,abstract avail,1: abstract avail,
1,abstract avail,1: abstract avail,
1,abstract avail,1: abstract avail,
1,abstract avail,1: abstract avail,
1,abstract avail,1: abstract avail,
1,abstract avail,1: abstract avail,
1,abstract avail,1: abstract avail,
1,abstract avail,1: abstract avail,
1,abstract avail,1: abstract avail,
1,abstract avail,1: abstract avail,
1,abstract avail,1: abstract avail,
1,abstract avail,1: abstract avail,
1,abstract avail,1: abstract avail,
1,abstract avail,1: abstract avail,
1,abstract avail,1: abstract avail,
1,abstract avail,1: abstract avail,
1,abstract avail,1: abstract avail,
1,abstract avail,1: abstract avail,
1,abstract avail,1: abstract avail,
1,abstract avail,1: abstract avail,
1,abstract avail,1: abstract avail,
1,abstract avail,1: abstract avail,
1,abstract avail,1: abstract avail,
1,abstract avail,1: abstract avail,
1,abstract avail,1: abstract avail,
1,abstract avail,1: abstract avail,
1,abstract avail,1: abstract avail,
1,abstract avail,1: abstract avail,
1,abstract avail,1: abstract avail,
1,abstract avail,1: abstract avail,
1,abstract avail,1: abstract avail,
1,abstract avail,1: abstract avail,
1,abstract avail,1: abstract avail,
9,wind farm,9: wind farm,
9,wind farm,9: wind farm,
9,wind farm,9: wind farm,
9,wind farm,9: wind farm,
9,wind farm,9: wind farm,
9,wind farm,9: wind farm,
9,wind farm,9: wind farm,
9,wind farm,9: wind farm,
9,wind farm,9: wind farm,
9,wind farm,9: wind farm,
9,wind farm,9: wind farm,
9,wind farm,9: wind farm,
9,wind farm,9: wind farm,
9,wind farm,9: wind farm,
9,wind farm,9: wind farm,
9,wind farm,9: wind farm,
9,wind farm,9: wind farm,
9,wind farm,9: wind farm,
9,wind farm,9: wind farm,
9,wind farm,9: wind farm,
9,wind farm,9: wind farm,
9,wind farm,9: wind farm,
9,wind farm,9: wind farm,
9,wind farm,9: wind farm,
9,wind farm,9: wind farm,
9,wind farm,9: wind farm,
9,wind farm,9: wind farm,
9,wind farm,9: wind farm,
9,wind farm,9: wind farm,
9,wind farm,9: wind farm,
9,wind farm,9: wind farm,
9,wind farm,9: wind farm,
9,wind farm,9: wind farm,
9,wind farm,9: wind farm,
9,wind farm,9: wind farm,
9,wind farm,9: wind farm,
9,wind farm,9: wind farm,
9,wind farm,9: wind farm,
9,wind farm,9: wind farm,
9,wind farm,9: wind farm,
9,wind farm,9: wind farm,
9,wind farm,9: wind farm,
9,wind farm,9: wind farm,
9,wind farm,9: wind farm,
9,wind farm,9: wind farm,
9,wind farm,9: wind farm,
9,wind farm,9: wind farm,
9,wind farm,9: wind farm,
9,wind farm,9: wind farm,
9,wind farm,9: wind farm,
9,wind farm,9: wind farm,
9,wind farm,9: wind farm,
9,wind farm,9: wind farm,
9,wind farm,9: wind farm,
9,wind farm,9: wind farm,
9,wind farm,9: wind farm,
9,wind farm,9: wind farm,
9,wind farm,9: wind farm,
9,wind farm,9: wind farm,
9,wind farm,9: wind farm,
9,wind farm,9: wind farm,
9,wind farm,9: wind farm,
9,wind farm,9: wind farm,
9,wind farm,9: wind farm,
9,wind farm,9: wind farm,
9,wind farm,9: wind farm,
9,wind farm,9: wind farm,
9,wind farm,9: wind farm,
9,wind farm,9: wind farm,
9,wind farm,9: wind farm,
9,wind farm,9: wind farm,
9,wind farm,9: wind farm,
9,wind farm,9: wind farm,
9,wind farm,9: wind farm,
9,wind farm,9: wind farm,
9,wind farm,9: wind farm,
9,wind farm,9: wind farm,
9,wind farm,9: wind farm,
9,wind farm,9: wind farm,
9,wind farm,9: wind farm,
9,wind farm,9: wind farm,
9,wind farm,9: wind farm,
9,wind farm,9: wind farm,
9,wind farm,9: wind farm,
9,wind farm,9: wind farm,
9,wind farm,9: wind farm,
9,wind farm,9: wind farm,
9,wind farm,9: wind farm,
9,wind farm,9: wind farm,
9,wind farm,9: wind farm,
9,wind farm,9: wind farm,
9,wind farm,9: wind farm,
9,wind farm,9: wind farm,
9,wind farm,9: wind farm,
9,wind farm,9: wind farm,
9,wind farm,9: wind farm,
9,wind farm,9: wind farm,
9,wind farm,9: wind farm,
9,wind farm,9: wind farm,
9,wind farm,9: wind farm,
9,wind farm,9: wind farm,
9,wind farm,9: wind farm,
9,wind farm,9: wind farm,
9,wind farm,9: wind farm,
9,wind farm,9: wind farm,
9,wind farm,9: wind farm,
9,wind farm,9: wind farm,
9,wind farm,9: wind farm,
9,wind farm,9: wind farm,
9,wind farm,9: wind farm,
9,wind farm,9: wind farm,
9,wind farm,9: wind farm,
9,wind farm,9: wind farm,
9,wind farm,9: wind farm,
9,wind farm,9: wind farm,
9,wind farm,9: wind farm,
9,wind farm,9: wind farm,
9,wind farm,9: wind farm,
9,wind farm,9: wind farm,
9,wind farm,9: wind farm,
9,wind farm,9: wind farm,
9,wind farm,9: wind farm,
9,wind farm,9: wind farm,
9,wind farm,9: wind farm,
9,wind farm,9: wind farm,
9,wind farm,9: wind farm,
9,wind farm,9: wind farm,
9,wind farm,9: wind farm,
9,wind farm,9: wind farm,
9,wind farm,9: wind farm,
9,wind farm,9: wind farm,
9,wind farm,9: wind farm,
9,wind farm,9: wind farm,
9,wind farm,9: wind farm,
9,wind farm,9: wind farm,
9,wind farm,9: wind farm,
9,wind farm,9: wind farm,
9,wind farm,9: wind farm,
9,wind farm,9: wind farm,
9,wind farm,9: wind farm,
9,wind farm,9: wind farm,
9,wind farm,9: wind farm,
9,wind farm,9: wind farm,
9,wind farm,9: wind farm,
9,wind farm,9: wind farm,
9,wind farm,9: wind farm,
9,wind farm,9: wind farm,
9,wind farm,9: wind farm,
9,wind farm,9: wind farm,
9,wind farm,9: wind farm,
9,wind farm,9: wind farm,
9,wind farm,9: wind farm,
9,wind farm,9: wind farm,
9,wind farm,9: wind farm,
9,wind farm,9: wind farm,
9,wind farm,9: wind farm,
9,wind farm,9: wind farm,
9,wind farm,9: wind farm,
9,wind farm,9: wind farm,
9,wind farm,9: wind farm,
9,wind farm,9: wind farm,
1,abstract avail,1: abstract avail,
1,abstract avail,1: abstract avail,
1,abstract avail,1: abstract avail,
1,abstract avail,1: abstract avail,
1,abstract avail,1: abstract avail,
1,abstract avail,1: abstract avail,
1,abstract avail,1: abstract avail,
1,abstract avail,1: abstract avail,
1,abstract avail,1: abstract avail,
1,abstract avail,1: abstract avail,
1,abstract avail,1: abstract avail,
1,abstract avail,1: abstract avail,
1,abstract avail,1: abstract avail,
1,abstract avail,1: abstract avail,
1,abstract avail,1: abstract avail,
1,abstract avail,1: abstract avail,
1,abstract avail,1: abstract avail,
1,abstract avail,1: abstract avail,
1,abstract avail,1: abstract avail,
1,abstract avail,1: abstract avail,
1,abstract avail,1: abstract avail,
1,abstract avail,1: abstract avail,
1,abstract avail,1: abstract avail,
1,abstract avail,1: abstract avail,
1,abstract avail,1: abstract avail,
1,abstract avail,1: abstract avail,
1,abstract avail,1: abstract avail,
1,abstract avail,1: abstract avail,
1,abstract avail,1: abstract avail,
1,abstract avail,1: abstract avail,
1,abstract avail,1: abstract avail,
1,abstract avail,1: abstract avail,
1,abstract avail,1: abstract avail,
1,abstract avail,1: abstract avail,
1,abstract avail,1: abstract avail,
1,abstract avail,1: abstract avail,
1,abstract avail,1: abstract avail,
1,abstract avail,1: abstract avail,
1,abstract avail,1: abstract avail,
1,abstract avail,1: abstract avail,
1,abstract avail,1: abstract avail,
1,abstract avail,1: abstract avail,
1,abstract avail,1: abstract avail,
1,abstract avail,1: abstract avail,
1,abstract avail,1: abstract avail,
1,abstract avail,1: abstract avail,
1,abstract avail,1: abstract avail,
1,abstract avail,1: abstract avail,
1,abstract avail,1: abstract avail,
1,abstract avail,1: abstract avail,
1,abstract avail,1: abstract avail,
1,abstract avail,1: abstract avail,
1,abstract avail,1: abstract avail,
1,abstract avail,1: abstract avail,
1,abstract avail,1: abstract avail,
1,abstract avail,1: abstract avail,
1,abstract avail,1: abstract avail,
1,abstract avail,1: abstract avail,
1,abstract avail,1: abstract avail,
1,abstract avail,1: abstract avail,
1,abstract avail,1: abstract avail,
1,abstract avail,1: abstract avail,
1,abstract avail,1: abstract avail,
1,abstract avail,1: abstract avail,
1,abstract avail,1: abstract avail,
1,abstract avail,1: abstract avail,
1,abstract avail,1: abstract avail,
1,abstract avail,1: abstract avail,
1,abstract avail,1: abstract avail,
1,abstract avail,1: abstract avail,
1,abstract avail,1: abstract avail,
1,abstract avail,1: abstract avail,
1,abstract avail,1: abstract avail,
1,abstract avail,1: abstract avail,
1,abstract avail,1: abstract avail,
1,abstract avail,1: abstract avail,
1,abstract avail,1: abstract avail,
1,abstract avail,1: abstract avail,
1,abstract avail,1: abstract avail,
1,abstract avail,1: abstract avail,
1,abstract avail,1: abstract avail,
9,wind farm,9: wind farm,
9,wind farm,9: wind farm,
9,wind farm,9: wind farm,
9,wind farm,9: wind farm,
9,wind farm,9: wind farm,
9,wind farm,9: wind farm,
9,wind farm,9: wind farm,
9,wind farm,9: wind farm,
9,wind farm,9: wind farm,
9,wind farm,9: wind farm,
9,wind farm,9: wind farm,
9,wind farm,9: wind farm,
9,wind farm,9: wind farm,
9,wind farm,9: wind farm,
9,wind farm,9: wind farm,
9,wind farm,9: wind farm,
9,wind farm,9: wind farm,
9,wind farm,9: wind farm,
9,wind farm,9: wind farm,
9,wind farm,9: wind farm,
9,wind farm,9: wind farm,
9,wind farm,9: wind farm,
9,wind farm,9: wind farm,
9,wind farm,9: wind farm,
9,wind farm,9: wind farm,
9,wind farm,9: wind farm,
9,wind farm,9: wind farm,
9,wind farm,9: wind farm,
9,wind farm,9: wind farm,
9,wind farm,9: wind farm,
9,wind farm,9: wind farm,
9,wind farm,9: wind farm,
9,wind farm,9: wind farm,
9,wind farm,9: wind farm,
9,wind farm,9: wind farm,
9,wind farm,9: wind farm,
9,wind farm,9: wind farm,
9,wind farm,9: wind farm,
9,wind farm,9: wind farm,
9,wind farm,9: wind farm,
9,wind farm,9: wind farm,
9,wind farm,9: wind farm,
9,wind farm,9: wind farm,
9,wind farm,9: wind farm,
9,wind farm,9: wind farm,
9,wind farm,9: wind farm,
9,wind farm,9: wind farm,
9,wind farm,9: wind farm,
9,wind farm,9: wind farm,
9,wind farm,9: wind farm,
9,wind farm,9: wind farm,
9,wind farm,9: wind farm,
9,wind farm,9: wind farm,
9,wind farm,9: wind farm,
9,wind farm,9: wind farm,
9,wind farm,9: wind farm,
9,wind farm,9: wind farm,
9,wind farm,9: wind farm,
9,wind farm,9: wind farm,
9,wind farm,9: wind farm,
9,wind farm,9: wind farm,
9,wind farm,9: wind farm,
9,wind farm,9: wind farm,
9,wind farm,9: wind farm,
9,wind farm,9: wind farm,
9,wind farm,9: wind farm,
9,wind farm,9: wind farm,
9,wind farm,9: wind farm,
9,wind farm,9: wind farm,
9,wind farm,9: wind farm,
9,wind farm,9: wind farm,
9,wind farm,9: wind farm,
9,wind farm,9: wind farm,
9,wind farm,9: wind farm,
9,wind farm,9: wind farm,
9,wind farm,9: wind farm,
9,wind farm,9: wind farm,
9,wind farm,9: wind farm,
9,wind farm,9: wind farm,
9,wind farm,9: wind farm,
9,wind farm,9: wind farm,
9,wind farm,9: wind farm,
9,wind farm,9: wind farm,
9,wind farm,9: wind farm,
9,wind farm,9: wind farm,
9,wind farm,9: wind farm,
9,wind farm,9: wind farm,
9,wind farm,9: wind farm,
9,wind farm,9: wind farm,
9,wind farm,9: wind farm,
9,wind farm,9: wind farm,
9,wind farm,9: wind farm,
9,wind farm,9: wind farm,
9,wind farm,9: wind farm,
9,wind farm,9: wind farm,
9,wind farm,9: wind farm,
9,wind farm,9: wind farm,
9,wind farm,9: wind farm,
9,wind farm,9: wind farm,
9,wind farm,9: wind farm,
9,wind farm,9: wind farm,
9,wind farm,9: wind farm,
9,wind farm,9: wind farm,
9,wind farm,9: wind farm,
9,wind farm,9: wind farm,
9,wind farm,9: wind farm,
9,wind farm,9: wind farm,
9,wind farm,9: wind farm,
9,wind farm,9: wind farm,
9,wind farm,9: wind farm,
9,wind farm,9: wind farm,
9,wind farm,9: wind farm,
9,wind farm,9: wind farm,
9,wind farm,9: wind farm,
9,wind farm,9: wind farm,
9,wind farm,9: wind farm,
9,wind farm,9: wind farm,
9,wind farm,9: wind farm,
9,wind farm,9: wind farm,
9,wind farm,9: wind farm,
9,wind farm,9: wind farm,
9,wind farm,9: wind farm,
9,wind farm,9: wind farm,
9,wind farm,9: wind farm,
9,wind farm,9: wind farm,
9,wind farm,9: wind farm,
9,wind farm,9: wind farm,
9,wind farm,9: wind farm,
9,wind farm,9: wind farm,
9,wind farm,9: wind farm,
9,wind farm,9: wind farm,
9,wind farm,9: wind farm,
9,wind farm,9: wind farm,
9,wind farm,9: wind farm,
9,wind farm,9: wind farm,
9,wind farm,9: wind farm,
9,wind farm,9: wind farm,
9,wind farm,9: wind farm,
9,wind farm,9: wind farm,
9,wind farm,9: wind farm,
9,wind farm,9: wind farm,
9,wind farm,9: wind farm,
9,wind farm,9: wind farm,
9,wind farm,9: wind farm,
9,wind farm,9: wind farm,
9,wind farm,9: wind farm,
9,wind farm,9: wind farm,
9,wind farm,9: wind farm,
9,wind farm,9: wind farm,
9,wind farm,9: wind farm,
9,wind farm,9: wind farm,
9,wind farm,9: wind farm,
9,wind farm,9: wind farm,
9,wind farm,9: wind farm,
9,wind farm,9: wind farm,
9,wind farm,9: wind farm,
9,wind farm,9: wind farm,
9,wind farm,9: wind farm,
9,wind farm,9: wind farm,
9,wind farm,9: wind farm,
9,wind farm,9: wind farm,
5,offshor grid,5: offshor grid,
5,offshor grid,5: offshor grid,
5,offshor grid,5: offshor grid,
5,offshor grid,5: offshor grid,
5,offshor grid,5: offshor grid,
5,offshor grid,5: offshor grid,
5,offshor grid,5: offshor grid,
5,offshor grid,5: offshor grid,
5,offshor grid,5: offshor grid,
5,offshor grid,5: offshor grid,
5,offshor grid,5: offshor grid,
5,offshor grid,5: offshor grid,
5,offshor grid,5: offshor grid,
5,offshor grid,5: offshor grid,
5,offshor grid,5: offshor grid,
5,offshor grid,5: offshor grid,
5,offshor grid,5: offshor grid,
5,offshor grid,5: offshor grid,
5,offshor grid,5: offshor grid,
5,offshor grid,5: offshor grid,
5,offshor grid,5: offshor grid,
5,offshor grid,5: offshor grid,
5,offshor grid,5: offshor grid,
5,offshor grid,5: offshor grid,
5,offshor grid,5: offshor grid,
5,offshor grid,5: offshor grid,
5,offshor grid,5: offshor grid,
5,offshor grid,5: offshor grid,
5,offshor grid,5: offshor grid,
5,offshor grid,5: offshor grid,
5,offshor grid,5: offshor grid,
5,offshor grid,5: offshor grid,
5,offshor grid,5: offshor grid,
5,offshor grid,5: offshor grid,
5,offshor grid,5: offshor grid,
5,offshor grid,5: offshor grid,
5,offshor grid,5: offshor grid,
5,offshor grid,5: offshor grid,
5,offshor grid,5: offshor grid,
5,offshor grid,5: offshor grid,
5,offshor grid,5: offshor grid,
5,offshor grid,5: offshor grid,
5,offshor grid,5: offshor grid,
5,offshor grid,5: offshor grid,
5,offshor grid,5: offshor grid,
5,offshor grid,5: offshor grid,
5,offshor grid,5: offshor grid,
5,offshor grid,5: offshor grid,
5,offshor grid,5: offshor grid,
5,offshor grid,5: offshor grid,
5,offshor grid,5: offshor grid,
5,offshor grid,5: offshor grid,
5,offshor grid,5: offshor grid,
5,offshor grid,5: offshor grid,
5,offshor grid,5: offshor grid,
5,offshor grid,5: offshor grid,
5,offshor grid,5: offshor grid,
5,offshor grid,5: offshor grid,
5,offshor grid,5: offshor grid,
5,offshor grid,5: offshor grid,
5,offshor grid,5: offshor grid,
5,offshor grid,5: offshor grid,
5,offshor grid,5: offshor grid,
5,offshor grid,5: offshor grid,
5,offshor grid,5: offshor grid,
5,offshor grid,5: offshor grid,
5,offshor grid,5: offshor grid,
5,offshor grid,5: offshor grid,
5,offshor grid,5: offshor grid,
5,offshor grid,5: offshor grid,
5,offshor grid,5: offshor grid,
5,offshor grid,5: offshor grid,
5,offshor grid,5: offshor grid,
5,offshor grid,5: offshor grid,
5,offshor grid,5: offshor grid,
5,offshor grid,5: offshor grid,
5,offshor grid,5: offshor grid,
5,offshor grid,5: offshor grid,
5,offshor grid,5: offshor grid,
5,offshor grid,5: offshor grid,
5,offshor grid,5: offshor grid,
5,offshor grid,5: offshor grid,
5,offshor grid,5: offshor grid,
5,offshor grid,5: offshor grid,
5,offshor grid,5: offshor grid,
5,offshor grid,5: offshor grid,
5,offshor grid,5: offshor grid,
5,offshor grid,5: offshor grid,
5,offshor grid,5: offshor grid,
5,offshor grid,5: offshor grid,
5,offshor grid,5: offshor grid,
5,offshor grid,5: offshor grid,
5,offshor grid,5: offshor grid,
5,offshor grid,5: offshor grid,
5,offshor grid,5: offshor grid,
5,offshor grid,5: offshor grid,
5,offshor grid,5: offshor grid,
5,offshor grid,5: offshor grid,
5,offshor grid,5: offshor grid,
5,offshor grid,5: offshor grid,
5,offshor grid,5: offshor grid,
5,offshor grid,5: offshor grid,
5,offshor grid,5: offshor grid,
5,offshor grid,5: offshor grid,
5,offshor grid,5: offshor grid,
5,offshor grid,5: offshor grid,
5,offshor grid,5: offshor grid,
5,offshor grid,5: offshor grid,
5,offshor grid,5: offshor grid,
5,offshor grid,5: offshor grid,
5,offshor grid,5: offshor grid,
5,offshor grid,5: offshor grid,
5,offshor grid,5: offshor grid,
5,offshor grid,5: offshor grid,
5,offshor grid,5: offshor grid,
5,offshor grid,5: offshor grid,
5,offshor grid,5: offshor grid,
5,offshor grid,5: offshor grid,
5,offshor grid,5: offshor grid,
5,offshor grid,5: offshor grid,
5,offshor grid,5: offshor grid,
5,offshor grid,5: offshor grid,
5,offshor grid,5: offshor grid,
5,offshor grid,5: offshor grid,
5,offshor grid,5: offshor grid,
5,offshor grid,5: offshor grid,
5,offshor grid,5: offshor grid,
5,offshor grid,5: offshor grid,
5,offshor grid,5: offshor grid,
5,offshor grid,5: offshor grid,
5,offshor grid,5: offshor grid,
5,offshor grid,5: offshor grid,
5,offshor grid,5: offshor grid,
5,offshor grid,5: offshor grid,
5,offshor grid,5: offshor grid,
5,offshor grid,5: offshor grid,
5,offshor grid,5: offshor grid,
5,offshor grid,5: offshor grid,
5,offshor grid,5: offshor grid,
5,offshor grid,5: offshor grid,
5,offshor grid,5: offshor grid,
5,offshor grid,5: offshor grid,
5,offshor grid,5: offshor grid,
5,offshor grid,5: offshor grid,
5,offshor grid,5: offshor grid,
5,offshor grid,5: offshor grid,
5,offshor grid,5: offshor grid,
5,offshor grid,5: offshor grid,
5,offshor grid,5: offshor grid,
5,offshor grid,5: offshor grid,
5,offshor grid,5: offshor grid,
5,offshor grid,5: offshor grid,
5,offshor grid,5: offshor grid,
5,offshor grid,5: offshor grid,
5,offshor grid,5: offshor grid,
5,offshor grid,5: offshor grid,
5,offshor grid,5: offshor grid,
5,offshor grid,5: offshor grid,
5,offshor grid,5: offshor grid,
5,offshor grid,5: offshor grid,
5,offshor grid,5: offshor grid,
5,offshor grid,5: offshor grid,
5,offshor grid,5: offshor grid,
5,offshor grid,5: offshor grid,
5,offshor grid,5: offshor grid,
5,offshor grid,5: offshor grid,
5,offshor grid,5: offshor grid,
5,offshor grid,5: offshor grid,
5,offshor grid,5: offshor grid,
5,offshor grid,5: offshor grid,
5,offshor grid,5: offshor grid,
5,offshor grid,5: offshor grid,
5,offshor grid,5: offshor grid,
5,offshor grid,5: offshor grid,
5,offshor grid,5: offshor grid,
9,wind farm,9: wind farm,
9,wind farm,9: wind farm,
9,wind farm,9: wind farm,
9,wind farm,9: wind farm,
9,wind farm,9: wind farm,
9,wind farm,9: wind farm,
9,wind farm,9: wind farm,
9,wind farm,9: wind farm,
9,wind farm,9: wind farm,
9,wind farm,9: wind farm,
9,wind farm,9: wind farm,
9,wind farm,9: wind farm,
9,wind farm,9: wind farm,
9,wind farm,9: wind farm,
9,wind farm,9: wind farm,
9,wind farm,9: wind farm,
9,wind farm,9: wind farm,
9,wind farm,9: wind farm,
9,wind farm,9: wind farm,
9,wind farm,9: wind farm,
9,wind farm,9: wind farm,
9,wind farm,9: wind farm,
9,wind farm,9: wind farm,
9,wind farm,9: wind farm,
9,wind farm,9: wind farm,
9,wind farm,9: wind farm,
9,wind farm,9: wind farm,
9,wind farm,9: wind farm,
9,wind farm,9: wind farm,
9,wind farm,9: wind farm,
9,wind farm,9: wind farm,
9,wind farm,9: wind farm,
9,wind farm,9: wind farm,
9,wind farm,9: wind farm,
9,wind farm,9: wind farm,
9,wind farm,9: wind farm,
9,wind farm,9: wind farm,
9,wind farm,9: wind farm,
9,wind farm,9: wind farm,
9,wind farm,9: wind farm,
9,wind farm,9: wind farm,
9,wind farm,9: wind farm,
9,wind farm,9: wind farm,
9,wind farm,9: wind farm,
9,wind farm,9: wind farm,
9,wind farm,9: wind farm,
9,wind farm,9: wind farm,
9,wind farm,9: wind farm,
9,wind farm,9: wind farm,
9,wind farm,9: wind farm,
9,wind farm,9: wind farm,
9,wind farm,9: wind farm,
9,wind farm,9: wind farm,
9,wind farm,9: wind farm,
9,wind farm,9: wind farm,
9,wind farm,9: wind farm,
9,wind farm,9: wind farm,
9,wind farm,9: wind farm,
9,wind farm,9: wind farm,
9,wind farm,9: wind farm,
9,wind farm,9: wind farm,
9,wind farm,9: wind farm,
9,wind farm,9: wind farm,
9,wind farm,9: wind farm,
9,wind farm,9: wind farm,
9,wind farm,9: wind farm,
9,wind farm,9: wind farm,
9,wind farm,9: wind farm,
9,wind farm,9: wind farm,
9,wind farm,9: wind farm,
9,wind farm,9: wind farm,
9,wind farm,9: wind farm,
9,wind farm,9: wind farm,
9,wind farm,9: wind farm,
9,wind farm,9: wind farm,
9,wind farm,9: wind farm,
9,wind farm,9: wind farm,
9,wind farm,9: wind farm,
9,wind farm,9: wind farm,
9,wind farm,9: wind farm,
9,wind farm,9: wind farm,
9,wind farm,9: wind farm,
9,wind farm,9: wind farm,
9,wind farm,9: wind farm,
9,wind farm,9: wind farm,
9,wind farm,9: wind farm,
9,wind farm,9: wind farm,
9,wind farm,9: wind farm,
9,wind farm,9: wind farm,
9,wind farm,9: wind farm,
9,wind farm,9: wind farm,
9,wind farm,9: wind farm,
9,wind farm,9: wind farm,
9,wind farm,9: wind farm,
9,wind farm,9: wind farm,
9,wind farm,9: wind farm,
9,wind farm,9: wind farm,
9,wind farm,9: wind farm,
9,wind farm,9: wind farm,
9,wind farm,9: wind farm,
9,wind farm,9: wind farm,
9,wind farm,9: wind farm,
9,wind farm,9: wind farm,
9,wind farm,9: wind farm,
9,wind farm,9: wind farm,
9,wind farm,9: wind farm,
9,wind farm,9: wind farm,
9,wind farm,9: wind farm,
9,wind farm,9: wind farm,
9,wind farm,9: wind farm,
9,wind farm,9: wind farm,
9,wind farm,9: wind farm,
9,wind farm,9: wind farm,
9,wind farm,9: wind farm,
9,wind farm,9: wind farm,
9,wind farm,9: wind farm,
9,wind farm,9: wind farm,
9,wind farm,9: wind farm,
9,wind farm,9: wind farm,
9,wind farm,9: wind farm,
9,wind farm,9: wind farm,
9,wind farm,9: wind farm,
9,wind farm,9: wind farm,
9,wind farm,9: wind farm,
9,wind farm,9: wind farm,
9,wind farm,9: wind farm,
9,wind farm,9: wind farm,
9,wind farm,9: wind farm,
9,wind farm,9: wind farm,
9,wind farm,9: wind farm,
9,wind farm,9: wind farm,
9,wind farm,9: wind farm,
9,wind farm,9: wind farm,
9,wind farm,9: wind farm,
9,wind farm,9: wind farm,
9,wind farm,9: wind farm,
9,wind farm,9: wind farm,
9,wind farm,9: wind farm,
9,wind farm,9: wind farm,
9,wind farm,9: wind farm,
9,wind farm,9: wind farm,
9,wind farm,9: wind farm,
9,wind farm,9: wind farm,
9,wind farm,9: wind farm,
9,wind farm,9: wind farm,
9,wind farm,9: wind farm,
9,wind farm,9: wind farm,
9,wind farm,9: wind farm,
9,wind farm,9: wind farm,
9,wind farm,9: wind farm,
9,wind farm,9: wind farm,
9,wind farm,9: wind farm,
9,wind farm,9: wind farm,
9,wind farm,9: wind farm,
9,wind farm,9: wind farm,
9,wind farm,9: wind farm,
9,wind farm,9: wind farm,
9,wind farm,9: wind farm,
9,wind farm,9: wind farm,
9,wind farm,9: wind farm,
9,wind farm,9: wind farm,
5,offshor grid,5: offshor grid,
5,offshor grid,5: offshor grid,
5,offshor grid,5: offshor grid,
5,offshor grid,5: offshor grid,
5,offshor grid,5: offshor grid,
5,offshor grid,5: offshor grid,
5,offshor grid,5: offshor grid,
5,offshor grid,5: offshor grid,
5,offshor grid,5: offshor grid,
5,offshor grid,5: offshor grid,
5,offshor grid,5: offshor grid,
5,offshor grid,5: offshor grid,
5,offshor grid,5: offshor grid,
5,offshor grid,5: offshor grid,
5,offshor grid,5: offshor grid,
5,offshor grid,5: offshor grid,
5,offshor grid,5: offshor grid,
5,offshor grid,5: offshor grid,
5,offshor grid,5: offshor grid,
5,offshor grid,5: offshor grid,
5,offshor grid,5: offshor grid,
5,offshor grid,5: offshor grid,
5,offshor grid,5: offshor grid,
5,offshor grid,5: offshor grid,
5,offshor grid,5: offshor grid,
5,offshor grid,5: offshor grid,
5,offshor grid,5: offshor grid,
5,offshor grid,5: offshor grid,
5,offshor grid,5: offshor grid,
5,offshor grid,5: offshor grid,
5,offshor grid,5: offshor grid,
5,offshor grid,5: offshor grid,
5,offshor grid,5: offshor grid,
5,offshor grid,5: offshor grid,
5,offshor grid,5: offshor grid,
5,offshor grid,5: offshor grid,
5,offshor grid,5: offshor grid,
5,offshor grid,5: offshor grid,
5,offshor grid,5: offshor grid,
5,offshor grid,5: offshor grid,
5,offshor grid,5: offshor grid,
5,offshor grid,5: offshor grid,
5,offshor grid,5: offshor grid,
5,offshor grid,5: offshor grid,
5,offshor grid,5: offshor grid,
5,offshor grid,5: offshor grid,
5,offshor grid,5: offshor grid,
5,offshor grid,5: offshor grid,
5,offshor grid,5: offshor grid,
5,offshor grid,5: offshor grid,
5,offshor grid,5: offshor grid,
5,offshor grid,5: offshor grid,
5,offshor grid,5: offshor grid,
5,offshor grid,5: offshor grid,
5,offshor grid,5: offshor grid,
5,offshor grid,5: offshor grid,
5,offshor grid,5: offshor grid,
5,offshor grid,5: offshor grid,
5,offshor grid,5: offshor grid,
5,offshor grid,5: offshor grid,
5,offshor grid,5: offshor grid,
5,offshor grid,5: offshor grid,
5,offshor grid,5: offshor grid,
5,offshor grid,5: offshor grid,
5,offshor grid,5: offshor grid,
5,offshor grid,5: offshor grid,
5,offshor grid,5: offshor grid,
5,offshor grid,5: offshor grid,
5,offshor grid,5: offshor grid,
5,offshor grid,5: offshor grid,
5,offshor grid,5: offshor grid,
5,offshor grid,5: offshor grid,
5,offshor grid,5: offshor grid,
5,offshor grid,5: offshor grid,
5,offshor grid,5: offshor grid,
5,offshor grid,5: offshor grid,
5,offshor grid,5: offshor grid,
5,offshor grid,5: offshor grid,
5,offshor grid,5: offshor grid,
5,offshor grid,5: offshor grid,
5,offshor grid,5: offshor grid,
5,offshor grid,5: offshor grid,
5,offshor grid,5: offshor grid,
5,offshor grid,5: offshor grid,
5,offshor grid,5: offshor grid,
5,offshor grid,5: offshor grid,
5,offshor grid,5: offshor grid,
5,offshor grid,5: offshor grid,
5,offshor grid,5: offshor grid,
5,offshor grid,5: offshor grid,
5,offshor grid,5: offshor grid,
5,offshor grid,5: offshor grid,
5,offshor grid,5: offshor grid,
5,offshor grid,5: offshor grid,
5,offshor grid,5: offshor grid,
5,offshor grid,5: offshor grid,
5,offshor grid,5: offshor grid,
5,offshor grid,5: offshor grid,
5,offshor grid,5: offshor grid,
5,offshor grid,5: offshor grid,
5,offshor grid,5: offshor grid,
5,offshor grid,5: offshor grid,
5,offshor grid,5: offshor grid,
5,offshor grid,5: offshor grid,
5,offshor grid,5: offshor grid,
5,offshor grid,5: offshor grid,
5,offshor grid,5: offshor grid,
5,offshor grid,5: offshor grid,
5,offshor grid,5: offshor grid,
5,offshor grid,5: offshor grid,
5,offshor grid,5: offshor grid,
5,offshor grid,5: offshor grid,
5,offshor grid,5: offshor grid,
5,offshor grid,5: offshor grid,
5,offshor grid,5: offshor grid,
5,offshor grid,5: offshor grid,
5,offshor grid,5: offshor grid,
5,offshor grid,5: offshor grid,
5,offshor grid,5: offshor grid,
5,offshor grid,5: offshor grid,
5,offshor grid,5: offshor grid,
5,offshor grid,5: offshor grid,
5,offshor grid,5: offshor grid,
5,offshor grid,5: offshor grid,
5,offshor grid,5: offshor grid,
5,offshor grid,5: offshor grid,
5,offshor grid,5: offshor grid,
5,offshor grid,5: offshor grid,
5,offshor grid,5: offshor grid,
5,offshor grid,5: offshor grid,
5,offshor grid,5: offshor grid,
5,offshor grid,5: offshor grid,
5,offshor grid,5: offshor grid,
5,offshor grid,5: offshor grid,
5,offshor grid,5: offshor grid,
5,offshor grid,5: offshor grid,
5,offshor grid,5: offshor grid,
5,offshor grid,5: offshor grid,
5,offshor grid,5: offshor grid,
5,offshor grid,5: offshor grid,
5,offshor grid,5: offshor grid,
5,offshor grid,5: offshor grid,
5,offshor grid,5: offshor grid,
5,offshor grid,5: offshor grid,
5,offshor grid,5: offshor grid,
5,offshor grid,5: offshor grid,
5,offshor grid,5: offshor grid,
5,offshor grid,5: offshor grid,
5,offshor grid,5: offshor grid,
5,offshor grid,5: offshor grid,
5,offshor grid,5: offshor grid,
5,offshor grid,5: offshor grid,
5,offshor grid,5: offshor grid,
5,offshor grid,5: offshor grid,
5,offshor grid,5: offshor grid,
5,offshor grid,5: offshor grid,
5,offshor grid,5: offshor grid,
5,offshor grid,5: offshor grid,
5,offshor grid,5: offshor grid,
5,offshor grid,5: offshor grid,
5,offshor grid,5: offshor grid,
5,offshor grid,5: offshor grid,
5,offshor grid,5: offshor grid,
5,offshor grid,5: offshor grid,
5,offshor grid,5: offshor grid,
5,offshor grid,5: offshor grid,
5,offshor grid,5: offshor grid,
5,offshor grid,5: offshor grid,
5,offshor grid,5: offshor grid,
5,offshor grid,5: offshor grid,
5,offshor grid,5: offshor grid,
5,offshor grid,5: offshor grid,
5,offshor grid,5: offshor grid,
5,offshor grid,5: offshor grid,
5,offshor grid,5: offshor grid,
7,renew energi,7: renew energi,
7,renew energi,7: renew energi,
7,renew energi,7: renew energi,
7,renew energi,7: renew energi,
7,renew energi,7: renew energi,
7,renew energi,7: renew energi,
7,renew energi,7: renew energi,
7,renew energi,7: renew energi,
7,renew energi,7: renew energi,
7,renew energi,7: renew energi,
7,renew energi,7: renew energi,
7,renew energi,7: renew energi,
7,renew energi,7: renew energi,
7,renew energi,7: renew energi,
7,renew energi,7: renew energi,
7,renew energi,7: renew energi,
7,renew energi,7: renew energi,
7,renew energi,7: renew energi,
7,renew energi,7: renew energi,
7,renew energi,7: renew energi,
7,renew energi,7: renew energi,
7,renew energi,7: renew energi,
7,renew energi,7: renew energi,
7,renew energi,7: renew energi,
7,renew energi,7: renew energi,
7,renew energi,7: renew energi,
7,renew energi,7: renew energi,
7,renew energi,7: renew energi,
7,renew energi,7: renew energi,
7,renew energi,7: renew energi,
7,renew energi,7: renew energi,
7,renew energi,7: renew energi,
7,renew energi,7: renew energi,
7,renew energi,7: renew energi,
7,renew energi,7: renew energi,
7,renew energi,7: renew energi,
7,renew energi,7: renew energi,
7,renew energi,7: renew energi,
7,renew energi,7: renew energi,
7,renew energi,7: renew energi,
7,renew energi,7: renew energi,
7,renew energi,7: renew energi,
7,renew energi,7: renew energi,
7,renew energi,7: renew energi,
7,renew energi,7: renew energi,
7,renew energi,7: renew energi,
7,renew energi,7: renew energi,
7,renew energi,7: renew energi,
7,renew energi,7: renew energi,
7,renew energi,7: renew energi,
7,renew energi,7: renew energi,
7,renew energi,7: renew energi,
7,renew energi,7: renew energi,
7,renew energi,7: renew energi,
7,renew energi,7: renew energi,
7,renew energi,7: renew energi,
7,renew energi,7: renew energi,
7,renew energi,7: renew energi,
7,renew energi,7: renew energi,
7,renew energi,7: renew energi,
7,renew energi,7: renew energi,
7,renew energi,7: renew energi,
7,renew energi,7: renew energi,
7,renew energi,7: renew energi,
7,renew energi,7: renew energi,
7,renew energi,7: renew energi,
7,renew energi,7: renew energi,
7,renew energi,7: renew energi,
7,renew energi,7: renew energi,
7,renew energi,7: renew energi,
7,renew energi,7: renew energi,
7,renew energi,7: renew energi,
7,renew energi,7: renew energi,
7,renew energi,7: renew energi,
7,renew energi,7: renew energi,
7,renew energi,7: renew energi,
7,renew energi,7: renew energi,
7,renew energi,7: renew energi,
7,renew energi,7: renew energi,
7,renew energi,7: renew energi,
7,renew energi,7: renew energi,
7,renew energi,7: renew energi,
7,renew energi,7: renew energi,
7,renew energi,7: renew energi,
7,renew energi,7: renew energi,
7,renew energi,7: renew energi,
7,renew energi,7: renew energi,
7,renew energi,7: renew energi,
7,renew energi,7: renew energi,
7,renew energi,7: renew energi,
7,renew energi,7: renew energi,
7,renew energi,7: renew energi,
7,renew energi,7: renew energi,
7,renew energi,7: renew energi,
7,renew energi,7: renew energi,
7,renew energi,7: renew energi,
7,renew energi,7: renew energi,
7,renew energi,7: renew energi,
7,renew energi,7: renew energi,
7,renew energi,7: renew energi,
7,renew energi,7: renew energi,
7,renew energi,7: renew energi,
7,renew energi,7: renew energi,
7,renew energi,7: renew energi,
7,renew energi,7: renew energi,
7,renew energi,7: renew energi,
7,renew energi,7: renew energi,
7,renew energi,7: renew energi,
7,renew energi,7: renew energi,
7,renew energi,7: renew energi,
7,renew energi,7: renew energi,
7,renew energi,7: renew energi,
7,renew energi,7: renew energi,
7,renew energi,7: renew energi,
7,renew energi,7: renew energi,
7,renew energi,7: renew energi,
7,renew energi,7: renew energi,
7,renew energi,7: renew energi,
7,renew energi,7: renew energi,
7,renew energi,7: renew energi,
7,renew energi,7: renew energi,
7,renew energi,7: renew energi,
7,renew energi,7: renew energi,
7,renew energi,7: renew energi,
7,renew energi,7: renew energi,
7,renew energi,7: renew energi,
7,renew energi,7: renew energi,
7,renew energi,7: renew energi,
7,renew energi,7: renew energi,
7,renew energi,7: renew energi,
7,renew energi,7: renew energi,
7,renew energi,7: renew energi,
7,renew energi,7: renew energi,
7,renew energi,7: renew energi,
7,renew energi,7: renew energi,
7,renew energi,7: renew energi,
7,renew energi,7: renew energi,
7,renew energi,7: renew energi,
7,renew energi,7: renew energi,
7,renew energi,7: renew energi,
7,renew energi,7: renew energi,
7,renew energi,7: renew energi,
7,renew energi,7: renew energi,
7,renew energi,7: renew energi,
7,renew energi,7: renew energi,
7,renew energi,7: renew energi,
7,renew energi,7: renew energi,
7,renew energi,7: renew energi,
7,renew energi,7: renew energi,
7,renew energi,7: renew energi,
7,renew energi,7: renew energi,
7,renew energi,7: renew energi,
7,renew energi,7: renew energi,
7,renew energi,7: renew energi,
7,renew energi,7: renew energi,
7,renew energi,7: renew energi,
7,renew energi,7: renew energi,
7,renew energi,7: renew energi,
7,renew energi,7: renew energi,
7,renew energi,7: renew energi,
7,renew energi,7: renew energi,
7,renew energi,7: renew energi,
7,renew energi,7: renew energi,
7,renew energi,7: renew energi,
7,renew energi,7: renew energi,
7,renew energi,7: renew energi,
7,renew energi,7: renew energi,
7,renew energi,7: renew energi,
7,renew energi,7: renew energi,
7,renew energi,7: renew energi,
7,renew energi,7: renew energi,
7,renew energi,7: renew energi,
7,renew energi,7: renew energi,
7,renew energi,7: renew energi,
7,renew energi,7: renew energi,
7,renew energi,7: renew energi,
7,renew energi,7: renew energi,
7,renew energi,7: renew energi,
7,renew energi,7: renew energi,
7,renew energi,7: renew energi,
7,renew energi,7: renew energi,
7,renew energi,7: renew energi,
7,renew energi,7: renew energi,
7,renew energi,7: renew energi,
7,renew energi,7: renew energi,
7,renew energi,7: renew energi,
7,renew energi,7: renew energi,
7,renew energi,7: renew energi,
7,renew energi,7: renew energi,
7,renew energi,7: renew energi,
7,renew energi,7: renew energi,
7,renew energi,7: renew energi,
7,renew energi,7: renew energi,
7,renew energi,7: renew energi,
7,renew energi,7: renew energi,
7,renew energi,7: renew energi,
7,renew energi,7: renew energi,
7,renew energi,7: renew energi,
7,renew energi,7: renew energi,
7,renew energi,7: renew energi,
7,renew energi,7: renew energi,
7,renew energi,7: renew energi,
7,renew energi,7: renew energi,
7,renew energi,7: renew energi,
7,renew energi,7: renew energi,
7,renew energi,7: renew energi,
7,renew energi,7: renew energi,
7,renew energi,7: renew energi,
7,renew energi,7: renew energi,
7,renew energi,7: renew energi,
7,renew energi,7: renew energi,
7,renew energi,7: renew energi,
7,renew energi,7: renew energi,
7,renew energi,7: renew energi,
7,renew energi,7: renew energi,
7,renew energi,7: renew energi,
7,renew energi,7: renew energi,
7,renew energi,7: renew energi,
7,renew energi,7: renew energi,
7,renew energi,7: renew energi,
7,renew energi,7: renew energi,
7,renew energi,7: renew energi,
7,renew energi,7: renew energi,
7,renew energi,7: renew energi,
7,renew energi,7: renew energi,
7,renew energi,7: renew energi,
7,renew energi,7: renew energi,
7,renew energi,7: renew energi,
7,renew energi,7: renew energi,
7,renew energi,7: renew energi,
7,renew energi,7: renew energi,
7,renew energi,7: renew energi,
7,renew energi,7: renew energi,
7,renew energi,7: renew energi,
7,renew energi,7: renew energi,
7,renew energi,7: renew energi,
7,renew energi,7: renew energi,
7,renew energi,7: renew energi,
7,renew energi,7: renew energi,
7,renew energi,7: renew energi,
7,renew energi,7: renew energi,
7,renew energi,7: renew energi,
7,renew energi,7: renew energi,
7,renew energi,7: renew energi,
7,renew energi,7: renew energi,
7,renew energi,7: renew energi,
7,renew energi,7: renew energi,
7,renew energi,7: renew energi,
7,renew energi,7: renew energi,
7,renew energi,7: renew energi,
7,renew energi,7: renew energi,
7,renew energi,7: renew energi,
7,renew energi,7: renew energi,
7,renew energi,7: renew energi,
7,renew energi,7: renew energi,
7,renew energi,7: renew energi,
7,renew energi,7: renew energi,
7,renew energi,7: renew energi,
7,renew energi,7: renew energi,
7,renew energi,7: renew energi,
7,renew energi,7: renew energi,
7,renew energi,7: renew energi,
7,renew energi,7: renew energi,
7,renew energi,7: renew energi,
7,renew energi,7: renew energi,
7,renew energi,7: renew energi,
7,renew energi,7: renew energi,
7,renew energi,7: renew energi,
7,renew energi,7: renew energi,
7,renew energi,7: renew energi,
7,renew energi,7: renew energi,
7,renew energi,7: renew energi,
7,renew energi,7: renew energi,
7,renew energi,7: renew energi,
7,renew energi,7: renew energi,
7,renew energi,7: renew energi,
7,renew energi,7: renew energi,
7,renew energi,7: renew energi,
7,renew energi,7: renew energi,
7,renew energi,7: renew energi,
7,renew energi,7: renew energi,
7,renew energi,7: renew energi,
7,renew energi,7: renew energi,
7,renew energi,7: renew energi,
7,renew energi,7: renew energi,
7,renew energi,7: renew energi,
7,renew energi,7: renew energi,
7,renew energi,7: renew energi,
7,renew energi,7: renew energi,
7,renew energi,7: renew energi,
7,renew energi,7: renew energi,
7,renew energi,7: renew energi,
7,renew energi,7: renew energi,
7,renew energi,7: renew energi,
7,renew energi,7: renew energi,
7,renew energi,7: renew energi,
7,renew energi,7: renew energi,
7,renew energi,7: renew energi,
7,renew energi,7: renew energi,
7,renew energi,7: renew energi,
7,renew energi,7: renew energi,
7,renew energi,7: renew energi,
7,renew energi,7: renew energi,
7,renew energi,7: renew energi,
7,renew energi,7: renew energi,
7,renew energi,7: renew energi,
7,renew energi,7: renew energi,
7,renew energi,7: renew energi,
7,renew energi,7: renew energi,
7,renew energi,7: renew energi,
7,renew energi,7: renew energi,
7,renew energi,7: renew energi,
7,renew energi,7: renew energi,
7,renew energi,7: renew energi,
7,renew energi,7: renew energi,
7,renew energi,7: renew energi,
7,renew energi,7: renew energi,
7,renew energi,7: renew energi,
7,renew energi,7: renew energi,
7,renew energi,7: renew energi,
7,renew energi,7: renew energi,
7,renew energi,7: renew energi,
7,renew energi,7: renew energi,
7,renew energi,7: renew energi,
7,renew energi,7: renew energi,
7,renew energi,7: renew energi,
7,renew energi,7: renew energi,
7,renew energi,7: renew energi,
7,renew energi,7: renew energi,
7,renew energi,7: renew energi,
7,renew energi,7: renew energi,
7,renew energi,7: renew energi,
7,renew energi,7: renew energi,
7,renew energi,7: renew energi,
7,renew energi,7: renew energi,
7,renew energi,7: renew energi,
7,renew energi,7: renew energi,
7,renew energi,7: renew energi,
7,renew energi,7: renew energi,
7,renew energi,7: renew energi,
7,renew energi,7: renew energi,
7,renew energi,7: renew energi,
7,renew energi,7: renew energi,
7,renew energi,7: renew energi,
7,renew energi,7: renew energi,
7,renew energi,7: renew energi,
7,renew energi,7: renew energi,
7,renew energi,7: renew energi,
7,renew energi,7: renew energi,
7,renew energi,7: renew energi,
7,renew energi,7: renew energi,
7,renew energi,7: renew energi,
7,renew energi,7: renew energi,
7,renew energi,7: renew energi,
7,renew energi,7: renew energi,
7,renew energi,7: renew energi,
7,renew energi,7: renew energi,
7,renew energi,7: renew energi,
7,renew energi,7: renew energi,
7,renew energi,7: renew energi,
7,renew energi,7: renew energi,
7,renew energi,7: renew energi,
7,renew energi,7: renew energi,
7,renew energi,7: renew energi,
7,renew energi,7: renew energi,
7,renew energi,7: renew energi,
7,renew energi,7: renew energi,
7,renew energi,7: renew energi,
7,renew energi,7: renew energi,
7,renew energi,7: renew energi,
7,renew energi,7: renew energi,
7,renew energi,7: renew energi,
7,renew energi,7: renew energi,
7,renew energi,7: renew energi,
7,renew energi,7: renew energi,
7,renew energi,7: renew energi,
7,renew energi,7: renew energi,
7,renew energi,7: renew energi,
7,renew energi,7: renew energi,
7,renew energi,7: renew energi,
7,renew energi,7: renew energi,
7,renew energi,7: renew energi,
7,renew energi,7: renew energi,
7,renew energi,7: renew energi,
7,renew energi,7: renew energi,
7,renew energi,7: renew energi,
7,renew energi,7: renew energi,
7,renew energi,7: renew energi,
7,renew energi,7: renew energi,
7,renew energi,7: renew energi,
7,renew energi,7: renew energi,
7,renew energi,7: renew energi,
7,renew energi,7: renew energi,
7,renew energi,7: renew energi,
7,renew energi,7: renew energi,
7,renew energi,7: renew energi,
7,renew energi,7: renew energi,
7,renew energi,7: renew energi,
7,renew energi,7: renew energi,
7,renew energi,7: renew energi,
7,renew energi,7: renew energi,
7,renew energi,7: renew energi,
7,renew energi,7: renew energi,
7,renew energi,7: renew energi,
7,renew energi,7: renew energi,
7,renew energi,7: renew energi,
7,renew energi,7: renew energi,
7,renew energi,7: renew energi,
7,renew energi,7: renew energi,
7,renew energi,7: renew energi,
7,renew energi,7: renew energi,
7,renew energi,7: renew energi,
7,renew energi,7: renew energi,
7,renew energi,7: renew energi,
7,renew energi,7: renew energi,
7,renew energi,7: renew energi,
7,renew energi,7: renew energi,
7,renew energi,7: renew energi,
7,renew energi,7: renew energi,
7,renew energi,7: renew energi,
7,renew energi,7: renew energi,
7,renew energi,7: renew energi,
7,renew energi,7: renew energi,
7,renew energi,7: renew energi,
7,renew energi,7: renew energi,
7,renew energi,7: renew energi,
7,renew energi,7: renew energi,
7,renew energi,7: renew energi,
7,renew energi,7: renew energi,
7,renew energi,7: renew energi,
7,renew energi,7: renew energi,
7,renew energi,7: renew energi,
7,renew energi,7: renew energi,
7,renew energi,7: renew energi,
7,renew energi,7: renew energi,
7,renew energi,7: renew energi,
7,renew energi,7: renew energi,
7,renew energi,7: renew energi,
7,renew energi,7: renew energi,
7,renew energi,7: renew energi,
7,renew energi,7: renew energi,
7,renew energi,7: renew energi,
7,renew energi,7: renew energi,
7,renew energi,7: renew energi,
7,renew energi,7: renew energi,
7,renew energi,7: renew energi,
7,renew energi,7: renew energi,
7,renew energi,7: renew energi,
7,renew energi,7: renew energi,
7,renew energi,7: renew energi,
7,renew energi,7: renew energi,
7,renew energi,7: renew energi,
7,renew energi,7: renew energi,
7,renew energi,7: renew energi,
7,renew energi,7: renew energi,
7,renew energi,7: renew energi,
7,renew energi,7: renew energi,
7,renew energi,7: renew energi,
7,renew energi,7: renew energi,
7,renew energi,7: renew energi,
7,renew energi,7: renew energi,
7,renew energi,7: renew energi,
7,renew energi,7: renew energi,
7,renew energi,7: renew energi,
7,renew energi,7: renew energi,
7,renew energi,7: renew energi,
7,renew energi,7: renew energi,
7,renew energi,7: renew energi,
7,renew energi,7: renew energi,
7,renew energi,7: renew energi,
7,renew energi,7: renew energi,
7,renew energi,7: renew energi,
7,renew energi,7: renew energi,
7,renew energi,7: renew energi,
7,renew energi,7: renew energi,
7,renew energi,7: renew energi,
7,renew energi,7: renew energi,
7,renew energi,7: renew energi,
7,renew energi,7: renew energi,
7,renew energi,7: renew energi,
7,renew energi,7: renew energi,
7,renew energi,7: renew energi,
7,renew energi,7: renew energi,
7,renew energi,7: renew energi,
7,renew energi,7: renew energi,
7,renew energi,7: renew energi,
7,renew energi,7: renew energi,
7,renew energi,7: renew energi,
7,renew energi,7: renew energi,
7,renew energi,7: renew energi,
7,renew energi,7: renew energi,
7,renew energi,7: renew energi,
7,renew energi,7: renew energi,
7,renew energi,7: renew energi,
7,renew energi,7: renew energi,
7,renew energi,7: renew energi,
7,renew energi,7: renew energi,
7,renew energi,7: renew energi,
7,renew energi,7: renew energi,
7,renew energi,7: renew energi,
7,renew energi,7: renew energi,
7,renew energi,7: renew energi,
7,renew energi,7: renew energi,
7,renew energi,7: renew energi,
7,renew energi,7: renew energi,
7,renew energi,7: renew energi,
7,renew energi,7: renew energi,
7,renew energi,7: renew energi,
7,renew energi,7: renew energi,
7,renew energi,7: renew energi,
7,renew energi,7: renew energi,
7,renew energi,7: renew energi,
7,renew energi,7: renew energi,
7,renew energi,7: renew energi,
7,renew energi,7: renew energi,
7,renew energi,7: renew energi,
7,renew energi,7: renew energi,
7,renew energi,7: renew energi,
7,renew energi,7: renew energi,
7,renew energi,7: renew energi,
7,renew energi,7: renew energi,
7,renew energi,7: renew energi,
7,renew energi,7: renew energi,
7,renew energi,7: renew energi,
7,renew energi,7: renew energi,
7,renew energi,7: renew energi,
7,renew energi,7: renew energi,
7,renew energi,7: renew energi,
7,renew energi,7: renew energi,
7,renew energi,7: renew energi,
7,renew energi,7: renew energi,
7,renew energi,7: renew energi,
7,renew energi,7: renew energi,
7,renew energi,7: renew energi,
7,renew energi,7: renew energi,
7,renew energi,7: renew energi,
7,renew energi,7: renew energi,
7,renew energi,7: renew energi,
7,renew energi,7: renew energi,
7,renew energi,7: renew energi,
7,renew energi,7: renew energi,
7,renew energi,7: renew energi,
7,renew energi,7: renew energi,
7,renew energi,7: renew energi,
7,renew energi,7: renew energi,
7,renew energi,7: renew energi,
7,renew energi,7: renew energi,
7,renew energi,7: renew energi,
7,renew energi,7: renew energi,
7,renew energi,7: renew energi,
7,renew energi,7: renew energi,
7,renew energi,7: renew energi,
7,renew energi,7: renew energi,
7,renew energi,7: renew energi,
7,renew energi,7: renew energi,
7,renew energi,7: renew energi,
7,renew energi,7: renew energi,
7,renew energi,7: renew energi,
7,renew energi,7: renew energi,
7,renew energi,7: renew energi,
7,renew energi,7: renew energi,
7,renew energi,7: renew energi,
7,renew energi,7: renew energi,
7,renew energi,7: renew energi,
7,renew energi,7: renew energi,
7,renew energi,7: renew energi,
7,renew energi,7: renew energi,
7,renew energi,7: renew energi,
7,renew energi,7: renew energi,
7,renew energi,7: renew energi,
7,renew energi,7: renew energi,
7,renew energi,7: renew energi,
7,renew energi,7: renew energi,
7,renew energi,7: renew energi,
7,renew energi,7: renew energi,
7,renew energi,7: renew energi,
7,renew energi,7: renew energi,
7,renew energi,7: renew energi,
7,renew energi,7: renew energi,
7,renew energi,7: renew energi,
7,renew energi,7: renew energi,
7,renew energi,7: renew energi,
7,renew energi,7: renew energi,
7,renew energi,7: renew energi,
3,offshor wind,3: offshor wind,
3,offshor wind,3: offshor wind,
3,offshor wind,3: offshor wind,
3,offshor wind,3: offshor wind,
3,offshor wind,3: offshor wind,
3,offshor wind,3: offshor wind,
3,offshor wind,3: offshor wind,
3,offshor wind,3: offshor wind,
3,offshor wind,3: offshor wind,
3,offshor wind,3: offshor wind,
3,offshor wind,3: offshor wind,
3,offshor wind,3: offshor wind,
3,offshor wind,3: offshor wind,
3,offshor wind,3: offshor wind,
3,offshor wind,3: offshor wind,
3,offshor wind,3: offshor wind,
3,offshor wind,3: offshor wind,
3,offshor wind,3: offshor wind,
3,offshor wind,3: offshor wind,
3,offshor wind,3: offshor wind,
3,offshor wind,3: offshor wind,
3,offshor wind,3: offshor wind,
3,offshor wind,3: offshor wind,
3,offshor wind,3: offshor wind,
3,offshor wind,3: offshor wind,
3,offshor wind,3: offshor wind,
3,offshor wind,3: offshor wind,
3,offshor wind,3: offshor wind,
3,offshor wind,3: offshor wind,
3,offshor wind,3: offshor wind,
3,offshor wind,3: offshor wind,
3,offshor wind,3: offshor wind,
3,offshor wind,3: offshor wind,
3,offshor wind,3: offshor wind,
3,offshor wind,3: offshor wind,
3,offshor wind,3: offshor wind,
3,offshor wind,3: offshor wind,
3,offshor wind,3: offshor wind,
3,offshor wind,3: offshor wind,
3,offshor wind,3: offshor wind,
3,offshor wind,3: offshor wind,
3,offshor wind,3: offshor wind,
3,offshor wind,3: offshor wind,
3,offshor wind,3: offshor wind,
3,offshor wind,3: offshor wind,
3,offshor wind,3: offshor wind,
3,offshor wind,3: offshor wind,
3,offshor wind,3: offshor wind,
3,offshor wind,3: offshor wind,
3,offshor wind,3: offshor wind,
3,offshor wind,3: offshor wind,
3,offshor wind,3: offshor wind,
3,offshor wind,3: offshor wind,
3,offshor wind,3: offshor wind,
3,offshor wind,3: offshor wind,
3,offshor wind,3: offshor wind,
3,offshor wind,3: offshor wind,
3,offshor wind,3: offshor wind,
3,offshor wind,3: offshor wind,
3,offshor wind,3: offshor wind,
3,offshor wind,3: offshor wind,
3,offshor wind,3: offshor wind,
3,offshor wind,3: offshor wind,
3,offshor wind,3: offshor wind,
3,offshor wind,3: offshor wind,
3,offshor wind,3: offshor wind,
3,offshor wind,3: offshor wind,
3,offshor wind,3: offshor wind,
3,offshor wind,3: offshor wind,
3,offshor wind,3: offshor wind,
3,offshor wind,3: offshor wind,
3,offshor wind,3: offshor wind,
3,offshor wind,3: offshor wind,
3,offshor wind,3: offshor wind,
3,offshor wind,3: offshor wind,
3,offshor wind,3: offshor wind,
3,offshor wind,3: offshor wind,
3,offshor wind,3: offshor wind,
3,offshor wind,3: offshor wind,
3,offshor wind,3: offshor wind,
3,offshor wind,3: offshor wind,
3,offshor wind,3: offshor wind,
3,offshor wind,3: offshor wind,
3,offshor wind,3: offshor wind,
3,offshor wind,3: offshor wind,
3,offshor wind,3: offshor wind,
3,offshor wind,3: offshor wind,
3,offshor wind,3: offshor wind,
3,offshor wind,3: offshor wind,
3,offshor wind,3: offshor wind,
3,offshor wind,3: offshor wind,
3,offshor wind,3: offshor wind,
3,offshor wind,3: offshor wind,
3,offshor wind,3: offshor wind,
3,offshor wind,3: offshor wind,
3,offshor wind,3: offshor wind,
3,offshor wind,3: offshor wind,
3,offshor wind,3: offshor wind,
3,offshor wind,3: offshor wind,
3,offshor wind,3: offshor wind,
3,offshor wind,3: offshor wind,
3,offshor wind,3: offshor wind,
3,offshor wind,3: offshor wind,
3,offshor wind,3: offshor wind,
3,offshor wind,3: offshor wind,
3,offshor wind,3: offshor wind,
3,offshor wind,3: offshor wind,
3,offshor wind,3: offshor wind,
3,offshor wind,3: offshor wind,
3,offshor wind,3: offshor wind,
3,offshor wind,3: offshor wind,
3,offshor wind,3: offshor wind,
3,offshor wind,3: offshor wind,
1,abstract avail,1: abstract avail,
1,abstract avail,1: abstract avail,
1,abstract avail,1: abstract avail,
1,abstract avail,1: abstract avail,
1,abstract avail,1: abstract avail,
1,abstract avail,1: abstract avail,
1,abstract avail,1: abstract avail,
1,abstract avail,1: abstract avail,
1,abstract avail,1: abstract avail,
1,abstract avail,1: abstract avail,
1,abstract avail,1: abstract avail,
1,abstract avail,1: abstract avail,
1,abstract avail,1: abstract avail,
1,abstract avail,1: abstract avail,
1,abstract avail,1: abstract avail,
1,abstract avail,1: abstract avail,
1,abstract avail,1: abstract avail,
1,abstract avail,1: abstract avail,
1,abstract avail,1: abstract avail,
1,abstract avail,1: abstract avail,
1,abstract avail,1: abstract avail,
1,abstract avail,1: abstract avail,
1,abstract avail,1: abstract avail,
1,abstract avail,1: abstract avail,
1,abstract avail,1: abstract avail,
1,abstract avail,1: abstract avail,
1,abstract avail,1: abstract avail,
1,abstract avail,1: abstract avail,
1,abstract avail,1: abstract avail,
1,abstract avail,1: abstract avail,
1,abstract avail,1: abstract avail,
1,abstract avail,1: abstract avail,
1,abstract avail,1: abstract avail,
1,abstract avail,1: abstract avail,
1,abstract avail,1: abstract avail,
1,abstract avail,1: abstract avail,
1,abstract avail,1: abstract avail,
1,abstract avail,1: abstract avail,
1,abstract avail,1: abstract avail,
1,abstract avail,1: abstract avail,
1,abstract avail,1: abstract avail,
1,abstract avail,1: abstract avail,
1,abstract avail,1: abstract avail,
1,abstract avail,1: abstract avail,
1,abstract avail,1: abstract avail,
1,abstract avail,1: abstract avail,
1,abstract avail,1: abstract avail,
1,abstract avail,1: abstract avail,
1,abstract avail,1: abstract avail,
1,abstract avail,1: abstract avail,
1,abstract avail,1: abstract avail,
1,abstract avail,1: abstract avail,
1,abstract avail,1: abstract avail,
1,abstract avail,1: abstract avail,
1,abstract avail,1: abstract avail,
1,abstract avail,1: abstract avail,
1,abstract avail,1: abstract avail,
1,abstract avail,1: abstract avail,
1,abstract avail,1: abstract avail,
1,abstract avail,1: abstract avail,
1,abstract avail,1: abstract avail,
1,abstract avail,1: abstract avail,
1,abstract avail,1: abstract avail,
1,abstract avail,1: abstract avail,
1,abstract avail,1: abstract avail,
1,abstract avail,1: abstract avail,
1,abstract avail,1: abstract avail,
1,abstract avail,1: abstract avail,
1,abstract avail,1: abstract avail,
1,abstract avail,1: abstract avail,
1,abstract avail,1: abstract avail,
1,abstract avail,1: abstract avail,
1,abstract avail,1: abstract avail,
1,abstract avail,1: abstract avail,
1,abstract avail,1: abstract avail,
1,abstract avail,1: abstract avail,
1,abstract avail,1: abstract avail,
1,abstract avail,1: abstract avail,
1,abstract avail,1: abstract avail,
1,abstract avail,1: abstract avail,
1,abstract avail,1: abstract avail,
7,renew energi,7: renew energi,
7,renew energi,7: renew energi,
7,renew energi,7: renew energi,
7,renew energi,7: renew energi,
7,renew energi,7: renew energi,
7,renew energi,7: renew energi,
7,renew energi,7: renew energi,
7,renew energi,7: renew energi,
7,renew energi,7: renew energi,
7,renew energi,7: renew energi,
7,renew energi,7: renew energi,
7,renew energi,7: renew energi,
7,renew energi,7: renew energi,
7,renew energi,7: renew energi,
7,renew energi,7: renew energi,
7,renew energi,7: renew energi,
7,renew energi,7: renew energi,
7,renew energi,7: renew energi,
7,renew energi,7: renew energi,
7,renew energi,7: renew energi,
7,renew energi,7: renew energi,
7,renew energi,7: renew energi,
7,renew energi,7: renew energi,
7,renew energi,7: renew energi,
7,renew energi,7: renew energi,
7,renew energi,7: renew energi,
7,renew energi,7: renew energi,
7,renew energi,7: renew energi,
7,renew energi,7: renew energi,
7,renew energi,7: renew energi,
7,renew energi,7: renew energi,
7,renew energi,7: renew energi,
7,renew energi,7: renew energi,
7,renew energi,7: renew energi,
7,renew energi,7: renew energi,
7,renew energi,7: renew energi,
7,renew energi,7: renew energi,
7,renew energi,7: renew energi,
7,renew energi,7: renew energi,
7,renew energi,7: renew energi,
7,renew energi,7: renew energi,
7,renew energi,7: renew energi,
7,renew energi,7: renew energi,
7,renew energi,7: renew energi,
7,renew energi,7: renew energi,
7,renew energi,7: renew energi,
7,renew energi,7: renew energi,
7,renew energi,7: renew energi,
7,renew energi,7: renew energi,
7,renew energi,7: renew energi,
7,renew energi,7: renew energi,
7,renew energi,7: renew energi,
7,renew energi,7: renew energi,
7,renew energi,7: renew energi,
7,renew energi,7: renew energi,
7,renew energi,7: renew energi,
7,renew energi,7: renew energi,
7,renew energi,7: renew energi,
7,renew energi,7: renew energi,
7,renew energi,7: renew energi,
7,renew energi,7: renew energi,
7,renew energi,7: renew energi,
7,renew energi,7: renew energi,
7,renew energi,7: renew energi,
7,renew energi,7: renew energi,
7,renew energi,7: renew energi,
7,renew energi,7: renew energi,
7,renew energi,7: renew energi,
7,renew energi,7: renew energi,
7,renew energi,7: renew energi,
7,renew energi,7: renew energi,
7,renew energi,7: renew energi,
7,renew energi,7: renew energi,
7,renew energi,7: renew energi,
7,renew energi,7: renew energi,
7,renew energi,7: renew energi,
7,renew energi,7: renew energi,
7,renew energi,7: renew energi,
7,renew energi,7: renew energi,
7,renew energi,7: renew energi,
7,renew energi,7: renew energi,
7,renew energi,7: renew energi,
7,renew energi,7: renew energi,
7,renew energi,7: renew energi,
7,renew energi,7: renew energi,
7,renew energi,7: renew energi,
7,renew energi,7: renew energi,
7,renew energi,7: renew energi,
7,renew energi,7: renew energi,
7,renew energi,7: renew energi,
7,renew energi,7: renew energi,
7,renew energi,7: renew energi,
7,renew energi,7: renew energi,
7,renew energi,7: renew energi,
7,renew energi,7: renew energi,
7,renew energi,7: renew energi,
7,renew energi,7: renew energi,
7,renew energi,7: renew energi,
7,renew energi,7: renew energi,
7,renew energi,7: renew energi,
7,renew energi,7: renew energi,
7,renew energi,7: renew energi,
7,renew energi,7: renew energi,
7,renew energi,7: renew energi,
7,renew energi,7: renew energi,
7,renew energi,7: renew energi,
7,renew energi,7: renew energi,
7,renew energi,7: renew energi,
7,renew energi,7: renew energi,
7,renew energi,7: renew energi,
7,renew energi,7: renew energi,
7,renew energi,7: renew energi,
7,renew energi,7: renew energi,
7,renew energi,7: renew energi,
7,renew energi,7: renew energi,
7,renew energi,7: renew energi,
7,renew energi,7: renew energi,
7,renew energi,7: renew energi,
7,renew energi,7: renew energi,
7,renew energi,7: renew energi,
7,renew energi,7: renew energi,
7,renew energi,7: renew energi,
7,renew energi,7: renew energi,
7,renew energi,7: renew energi,
7,renew energi,7: renew energi,
7,renew energi,7: renew energi,
7,renew energi,7: renew energi,
7,renew energi,7: renew energi,
7,renew energi,7: renew energi,
7,renew energi,7: renew energi,
7,renew energi,7: renew energi,
7,renew energi,7: renew energi,
7,renew energi,7: renew energi,
7,renew energi,7: renew energi,
7,renew energi,7: renew energi,
7,renew energi,7: renew energi,
7,renew energi,7: renew energi,
7,renew energi,7: renew energi,
7,renew energi,7: renew energi,
7,renew energi,7: renew energi,
7,renew energi,7: renew energi,
7,renew energi,7: renew energi,
7,renew energi,7: renew energi,
7,renew energi,7: renew energi,
7,renew energi,7: renew energi,
7,renew energi,7: renew energi,
3,offshor wind,3: offshor wind,
3,offshor wind,3: offshor wind,
3,offshor wind,3: offshor wind,
3,offshor wind,3: offshor wind,
3,offshor wind,3: offshor wind,
3,offshor wind,3: offshor wind,
3,offshor wind,3: offshor wind,
3,offshor wind,3: offshor wind,
3,offshor wind,3: offshor wind,
3,offshor wind,3: offshor wind,
3,offshor wind,3: offshor wind,
3,offshor wind,3: offshor wind,
3,offshor wind,3: offshor wind,
3,offshor wind,3: offshor wind,
3,offshor wind,3: offshor wind,
3,offshor wind,3: offshor wind,
3,offshor wind,3: offshor wind,
3,offshor wind,3: offshor wind,
3,offshor wind,3: offshor wind,
3,offshor wind,3: offshor wind,
3,offshor wind,3: offshor wind,
3,offshor wind,3: offshor wind,
3,offshor wind,3: offshor wind,
3,offshor wind,3: offshor wind,
3,offshor wind,3: offshor wind,
3,offshor wind,3: offshor wind,
3,offshor wind,3: offshor wind,
3,offshor wind,3: offshor wind,
3,offshor wind,3: offshor wind,
3,offshor wind,3: offshor wind,
3,offshor wind,3: offshor wind,
3,offshor wind,3: offshor wind,
3,offshor wind,3: offshor wind,
3,offshor wind,3: offshor wind,
3,offshor wind,3: offshor wind,
3,offshor wind,3: offshor wind,
3,offshor wind,3: offshor wind,
3,offshor wind,3: offshor wind,
3,offshor wind,3: offshor wind,
3,offshor wind,3: offshor wind,
3,offshor wind,3: offshor wind,
3,offshor wind,3: offshor wind,
3,offshor wind,3: offshor wind,
3,offshor wind,3: offshor wind,
3,offshor wind,3: offshor wind,
3,offshor wind,3: offshor wind,
3,offshor wind,3: offshor wind,
3,offshor wind,3: offshor wind,
3,offshor wind,3: offshor wind,
3,offshor wind,3: offshor wind,
3,offshor wind,3: offshor wind,
3,offshor wind,3: offshor wind,
3,offshor wind,3: offshor wind,
3,offshor wind,3: offshor wind,
3,offshor wind,3: offshor wind,
3,offshor wind,3: offshor wind,
3,offshor wind,3: offshor wind,
3,offshor wind,3: offshor wind,
3,offshor wind,3: offshor wind,
3,offshor wind,3: offshor wind,
3,offshor wind,3: offshor wind,
3,offshor wind,3: offshor wind,
3,offshor wind,3: offshor wind,
3,offshor wind,3: offshor wind,
3,offshor wind,3: offshor wind,
3,offshor wind,3: offshor wind,
3,offshor wind,3: offshor wind,
3,offshor wind,3: offshor wind,
3,offshor wind,3: offshor wind,
3,offshor wind,3: offshor wind,
3,offshor wind,3: offshor wind,
3,offshor wind,3: offshor wind,
3,offshor wind,3: offshor wind,
3,offshor wind,3: offshor wind,
3,offshor wind,3: offshor wind,
3,offshor wind,3: offshor wind,
3,offshor wind,3: offshor wind,
3,offshor wind,3: offshor wind,
3,offshor wind,3: offshor wind,
3,offshor wind,3: offshor wind,
3,offshor wind,3: offshor wind,
3,offshor wind,3: offshor wind,
3,offshor wind,3: offshor wind,
3,offshor wind,3: offshor wind,
3,offshor wind,3: offshor wind,
3,offshor wind,3: offshor wind,
3,offshor wind,3: offshor wind,
3,offshor wind,3: offshor wind,
3,offshor wind,3: offshor wind,
3,offshor wind,3: offshor wind,
3,offshor wind,3: offshor wind,
3,offshor wind,3: offshor wind,
3,offshor wind,3: offshor wind,
3,offshor wind,3: offshor wind,
3,offshor wind,3: offshor wind,
3,offshor wind,3: offshor wind,
3,offshor wind,3: offshor wind,
3,offshor wind,3: offshor wind,
3,offshor wind,3: offshor wind,
3,offshor wind,3: offshor wind,
3,offshor wind,3: offshor wind,
3,offshor wind,3: offshor wind,
3,offshor wind,3: offshor wind,
3,offshor wind,3: offshor wind,
3,offshor wind,3: offshor wind,
3,offshor wind,3: offshor wind,
3,offshor wind,3: offshor wind,
3,offshor wind,3: offshor wind,
3,offshor wind,3: offshor wind,
3,offshor wind,3: offshor wind,
3,offshor wind,3: offshor wind,
3,offshor wind,3: offshor wind,
3,offshor wind,3: offshor wind,
9,wind farm,9: wind farm,
9,wind farm,9: wind farm,
9,wind farm,9: wind farm,
9,wind farm,9: wind farm,
9,wind farm,9: wind farm,
9,wind farm,9: wind farm,
9,wind farm,9: wind farm,
9,wind farm,9: wind farm,
9,wind farm,9: wind farm,
9,wind farm,9: wind farm,
9,wind farm,9: wind farm,
9,wind farm,9: wind farm,
9,wind farm,9: wind farm,
9,wind farm,9: wind farm,
9,wind farm,9: wind farm,
9,wind farm,9: wind farm,
9,wind farm,9: wind farm,
9,wind farm,9: wind farm,
9,wind farm,9: wind farm,
9,wind farm,9: wind farm,
9,wind farm,9: wind farm,
9,wind farm,9: wind farm,
9,wind farm,9: wind farm,
9,wind farm,9: wind farm,
9,wind farm,9: wind farm,
9,wind farm,9: wind farm,
9,wind farm,9: wind farm,
9,wind farm,9: wind farm,
9,wind farm,9: wind farm,
9,wind farm,9: wind farm,
9,wind farm,9: wind farm,
9,wind farm,9: wind farm,
9,wind farm,9: wind farm,
9,wind farm,9: wind farm,
9,wind farm,9: wind farm,
9,wind farm,9: wind farm,
9,wind farm,9: wind farm,
9,wind farm,9: wind farm,
9,wind farm,9: wind farm,
9,wind farm,9: wind farm,
9,wind farm,9: wind farm,
9,wind farm,9: wind farm,
9,wind farm,9: wind farm,
9,wind farm,9: wind farm,
9,wind farm,9: wind farm,
9,wind farm,9: wind farm,
9,wind farm,9: wind farm,
9,wind farm,9: wind farm,
9,wind farm,9: wind farm,
9,wind farm,9: wind farm,
9,wind farm,9: wind farm,
9,wind farm,9: wind farm,
9,wind farm,9: wind farm,
9,wind farm,9: wind farm,
9,wind farm,9: wind farm,
9,wind farm,9: wind farm,
9,wind farm,9: wind farm,
9,wind farm,9: wind farm,
9,wind farm,9: wind farm,
9,wind farm,9: wind farm,
9,wind farm,9: wind farm,
9,wind farm,9: wind farm,
9,wind farm,9: wind farm,
9,wind farm,9: wind farm,
9,wind farm,9: wind farm,
9,wind farm,9: wind farm,
9,wind farm,9: wind farm,
9,wind farm,9: wind farm,
9,wind farm,9: wind farm,
9,wind farm,9: wind farm,
9,wind farm,9: wind farm,
9,wind farm,9: wind farm,
9,wind farm,9: wind farm,
9,wind farm,9: wind farm,
9,wind farm,9: wind farm,
9,wind farm,9: wind farm,
9,wind farm,9: wind farm,
9,wind farm,9: wind farm,
9,wind farm,9: wind farm,
9,wind farm,9: wind farm,
9,wind farm,9: wind farm,
9,wind farm,9: wind farm,
9,wind farm,9: wind farm,
9,wind farm,9: wind farm,
9,wind farm,9: wind farm,
9,wind farm,9: wind farm,
9,wind farm,9: wind farm,
9,wind farm,9: wind farm,
9,wind farm,9: wind farm,
9,wind farm,9: wind farm,
9,wind farm,9: wind farm,
9,wind farm,9: wind farm,
9,wind farm,9: wind farm,
9,wind farm,9: wind farm,
9,wind farm,9: wind farm,
9,wind farm,9: wind farm,
9,wind farm,9: wind farm,
9,wind farm,9: wind farm,
9,wind farm,9: wind farm,
9,wind farm,9: wind farm,
9,wind farm,9: wind farm,
9,wind farm,9: wind farm,
9,wind farm,9: wind farm,
9,wind farm,9: wind farm,
9,wind farm,9: wind farm,
9,wind farm,9: wind farm,
9,wind farm,9: wind farm,
9,wind farm,9: wind farm,
9,wind farm,9: wind farm,
9,wind farm,9: wind farm,
9,wind farm,9: wind farm,
9,wind farm,9: wind farm,
9,wind farm,9: wind farm,
9,wind farm,9: wind farm,
9,wind farm,9: wind farm,
9,wind farm,9: wind farm,
9,wind farm,9: wind farm,
9,wind farm,9: wind farm,
9,wind farm,9: wind farm,
9,wind farm,9: wind farm,
9,wind farm,9: wind farm,
9,wind farm,9: wind farm,
9,wind farm,9: wind farm,
9,wind farm,9: wind farm,
9,wind farm,9: wind farm,
9,wind farm,9: wind farm,
9,wind farm,9: wind farm,
9,wind farm,9: wind farm,
9,wind farm,9: wind farm,
9,wind farm,9: wind farm,
9,wind farm,9: wind farm,
9,wind farm,9: wind farm,
9,wind farm,9: wind farm,
9,wind farm,9: wind farm,
9,wind farm,9: wind farm,
9,wind farm,9: wind farm,
9,wind farm,9: wind farm,
9,wind farm,9: wind farm,
9,wind farm,9: wind farm,
9,wind farm,9: wind farm,
9,wind farm,9: wind farm,
9,wind farm,9: wind farm,
9,wind farm,9: wind farm,
9,wind farm,9: wind farm,
9,wind farm,9: wind farm,
9,wind farm,9: wind farm,
9,wind farm,9: wind farm,
9,wind farm,9: wind farm,
9,wind farm,9: wind farm,
9,wind farm,9: wind farm,
9,wind farm,9: wind farm,
9,wind farm,9: wind farm,
9,wind farm,9: wind farm,
9,wind farm,9: wind farm,
9,wind farm,9: wind farm,
9,wind farm,9: wind farm,
9,wind farm,9: wind farm,
9,wind farm,9: wind farm,
9,wind farm,9: wind farm,
9,wind farm,9: wind farm,
9,wind farm,9: wind farm,
3,offshor wind,3: offshor wind,
3,offshor wind,3: offshor wind,
3,offshor wind,3: offshor wind,
3,offshor wind,3: offshor wind,
3,offshor wind,3: offshor wind,
3,offshor wind,3: offshor wind,
3,offshor wind,3: offshor wind,
3,offshor wind,3: offshor wind,
3,offshor wind,3: offshor wind,
3,offshor wind,3: offshor wind,
3,offshor wind,3: offshor wind,
3,offshor wind,3: offshor wind,
3,offshor wind,3: offshor wind,
3,offshor wind,3: offshor wind,
3,offshor wind,3: offshor wind,
3,offshor wind,3: offshor wind,
3,offshor wind,3: offshor wind,
3,offshor wind,3: offshor wind,
3,offshor wind,3: offshor wind,
3,offshor wind,3: offshor wind,
3,offshor wind,3: offshor wind,
3,offshor wind,3: offshor wind,
3,offshor wind,3: offshor wind,
3,offshor wind,3: offshor wind,
3,offshor wind,3: offshor wind,
3,offshor wind,3: offshor wind,
3,offshor wind,3: offshor wind,
3,offshor wind,3: offshor wind,
3,offshor wind,3: offshor wind,
3,offshor wind,3: offshor wind,
3,offshor wind,3: offshor wind,
3,offshor wind,3: offshor wind,
3,offshor wind,3: offshor wind,
3,offshor wind,3: offshor wind,
3,offshor wind,3: offshor wind,
3,offshor wind,3: offshor wind,
3,offshor wind,3: offshor wind,
3,offshor wind,3: offshor wind,
3,offshor wind,3: offshor wind,
3,offshor wind,3: offshor wind,
3,offshor wind,3: offshor wind,
3,offshor wind,3: offshor wind,
3,offshor wind,3: offshor wind,
3,offshor wind,3: offshor wind,
3,offshor wind,3: offshor wind,
3,offshor wind,3: offshor wind,
3,offshor wind,3: offshor wind,
3,offshor wind,3: offshor wind,
3,offshor wind,3: offshor wind,
3,offshor wind,3: offshor wind,
3,offshor wind,3: offshor wind,
3,offshor wind,3: offshor wind,
3,offshor wind,3: offshor wind,
3,offshor wind,3: offshor wind,
3,offshor wind,3: offshor wind,
3,offshor wind,3: offshor wind,
3,offshor wind,3: offshor wind,
3,offshor wind,3: offshor wind,
3,offshor wind,3: offshor wind,
3,offshor wind,3: offshor wind,
3,offshor wind,3: offshor wind,
3,offshor wind,3: offshor wind,
3,offshor wind,3: offshor wind,
3,offshor wind,3: offshor wind,
3,offshor wind,3: offshor wind,
3,offshor wind,3: offshor wind,
3,offshor wind,3: offshor wind,
3,offshor wind,3: offshor wind,
3,offshor wind,3: offshor wind,
3,offshor wind,3: offshor wind,
3,offshor wind,3: offshor wind,
3,offshor wind,3: offshor wind,
3,offshor wind,3: offshor wind,
3,offshor wind,3: offshor wind,
3,offshor wind,3: offshor wind,
3,offshor wind,3: offshor wind,
3,offshor wind,3: offshor wind,
3,offshor wind,3: offshor wind,
3,offshor wind,3: offshor wind,
3,offshor wind,3: offshor wind,
3,offshor wind,3: offshor wind,
3,offshor wind,3: offshor wind,
3,offshor wind,3: offshor wind,
3,offshor wind,3: offshor wind,
3,offshor wind,3: offshor wind,
3,offshor wind,3: offshor wind,
3,offshor wind,3: offshor wind,
3,offshor wind,3: offshor wind,
3,offshor wind,3: offshor wind,
3,offshor wind,3: offshor wind,
3,offshor wind,3: offshor wind,
3,offshor wind,3: offshor wind,
3,offshor wind,3: offshor wind,
3,offshor wind,3: offshor wind,
3,offshor wind,3: offshor wind,
3,offshor wind,3: offshor wind,
3,offshor wind,3: offshor wind,
3,offshor wind,3: offshor wind,
3,offshor wind,3: offshor wind,
3,offshor wind,3: offshor wind,
3,offshor wind,3: offshor wind,
3,offshor wind,3: offshor wind,
3,offshor wind,3: offshor wind,
3,offshor wind,3: offshor wind,
3,offshor wind,3: offshor wind,
3,offshor wind,3: offshor wind,
3,offshor wind,3: offshor wind,
3,offshor wind,3: offshor wind,
3,offshor wind,3: offshor wind,
3,offshor wind,3: offshor wind,
3,offshor wind,3: offshor wind,
3,offshor wind,3: offshor wind,
3,offshor wind,3: offshor wind,
7,renew energi,7: renew energi,
7,renew energi,7: renew energi,
7,renew energi,7: renew energi,
7,renew energi,7: renew energi,
7,renew energi,7: renew energi,
7,renew energi,7: renew energi,
7,renew energi,7: renew energi,
7,renew energi,7: renew energi,
7,renew energi,7: renew energi,
7,renew energi,7: renew energi,
7,renew energi,7: renew energi,
7,renew energi,7: renew energi,
7,renew energi,7: renew energi,
7,renew energi,7: renew energi,
7,renew energi,7: renew energi,
7,renew energi,7: renew energi,
7,renew energi,7: renew energi,
7,renew energi,7: renew energi,
7,renew energi,7: renew energi,
7,renew energi,7: renew energi,
7,renew energi,7: renew energi,
7,renew energi,7: renew energi,
7,renew energi,7: renew energi,
7,renew energi,7: renew energi,
7,renew energi,7: renew energi,
7,renew energi,7: renew energi,
7,renew energi,7: renew energi,
7,renew energi,7: renew energi,
7,renew energi,7: renew energi,
7,renew energi,7: renew energi,
7,renew energi,7: renew energi,
7,renew energi,7: renew energi,
7,renew energi,7: renew energi,
7,renew energi,7: renew energi,
7,renew energi,7: renew energi,
7,renew energi,7: renew energi,
7,renew energi,7: renew energi,
7,renew energi,7: renew energi,
7,renew energi,7: renew energi,
7,renew energi,7: renew energi,
7,renew energi,7: renew energi,
7,renew energi,7: renew energi,
7,renew energi,7: renew energi,
7,renew energi,7: renew energi,
7,renew energi,7: renew energi,
7,renew energi,7: renew energi,
7,renew energi,7: renew energi,
7,renew energi,7: renew energi,
7,renew energi,7: renew energi,
7,renew energi,7: renew energi,
7,renew energi,7: renew energi,
7,renew energi,7: renew energi,
7,renew energi,7: renew energi,
7,renew energi,7: renew energi,
7,renew energi,7: renew energi,
7,renew energi,7: renew energi,
7,renew energi,7: renew energi,
7,renew energi,7: renew energi,
7,renew energi,7: renew energi,
7,renew energi,7: renew energi,
7,renew energi,7: renew energi,
7,renew energi,7: renew energi,
7,renew energi,7: renew energi,
7,renew energi,7: renew energi,
7,renew energi,7: renew energi,
7,renew energi,7: renew energi,
7,renew energi,7: renew energi,
7,renew energi,7: renew energi,
7,renew energi,7: renew energi,
7,renew energi,7: renew energi,
7,renew energi,7: renew energi,
7,renew energi,7: renew energi,
7,renew energi,7: renew energi,
7,renew energi,7: renew energi,
7,renew energi,7: renew energi,
7,renew energi,7: renew energi,
7,renew energi,7: renew energi,
7,renew energi,7: renew energi,
7,renew energi,7: renew energi,
7,renew energi,7: renew energi,
7,renew energi,7: renew energi,
7,renew energi,7: renew energi,
7,renew energi,7: renew energi,
7,renew energi,7: renew energi,
7,renew energi,7: renew energi,
7,renew energi,7: renew energi,
7,renew energi,7: renew energi,
7,renew energi,7: renew energi,
7,renew energi,7: renew energi,
7,renew energi,7: renew energi,
7,renew energi,7: renew energi,
7,renew energi,7: renew energi,
7,renew energi,7: renew energi,
7,renew energi,7: renew energi,
7,renew energi,7: renew energi,
7,renew energi,7: renew energi,
7,renew energi,7: renew energi,
7,renew energi,7: renew energi,
7,renew energi,7: renew energi,
7,renew energi,7: renew energi,
7,renew energi,7: renew energi,
7,renew energi,7: renew energi,
7,renew energi,7: renew energi,
7,renew energi,7: renew energi,
7,renew energi,7: renew energi,
7,renew energi,7: renew energi,
7,renew energi,7: renew energi,
7,renew energi,7: renew energi,
7,renew energi,7: renew energi,
7,renew energi,7: renew energi,
7,renew energi,7: renew energi,
7,renew energi,7: renew energi,
7,renew energi,7: renew energi,
7,renew energi,7: renew energi,
7,renew energi,7: renew energi,
7,renew energi,7: renew energi,
7,renew energi,7: renew energi,
7,renew energi,7: renew energi,
7,renew energi,7: renew energi,
7,renew energi,7: renew energi,
7,renew energi,7: renew energi,
7,renew energi,7: renew energi,
7,renew energi,7: renew energi,
7,renew energi,7: renew energi,
7,renew energi,7: renew energi,
7,renew energi,7: renew energi,
7,renew energi,7: renew energi,
7,renew energi,7: renew energi,
7,renew energi,7: renew energi,
7,renew energi,7: renew energi,
7,renew energi,7: renew energi,
7,renew energi,7: renew energi,
7,renew energi,7: renew energi,
7,renew energi,7: renew energi,
7,renew energi,7: renew energi,
7,renew energi,7: renew energi,
7,renew energi,7: renew energi,
7,renew energi,7: renew energi,
7,renew energi,7: renew energi,
7,renew energi,7: renew energi,
7,renew energi,7: renew energi,
7,renew energi,7: renew energi,
7,renew energi,7: renew energi,
7,renew energi,7: renew energi,
7,renew energi,7: renew energi,
7,renew energi,7: renew energi,
9,wind farm,9: wind farm,
9,wind farm,9: wind farm,
9,wind farm,9: wind farm,
9,wind farm,9: wind farm,
9,wind farm,9: wind farm,
9,wind farm,9: wind farm,
9,wind farm,9: wind farm,
9,wind farm,9: wind farm,
9,wind farm,9: wind farm,
9,wind farm,9: wind farm,
9,wind farm,9: wind farm,
9,wind farm,9: wind farm,
9,wind farm,9: wind farm,
9,wind farm,9: wind farm,
9,wind farm,9: wind farm,
9,wind farm,9: wind farm,
9,wind farm,9: wind farm,
9,wind farm,9: wind farm,
9,wind farm,9: wind farm,
9,wind farm,9: wind farm,
9,wind farm,9: wind farm,
9,wind farm,9: wind farm,
9,wind farm,9: wind farm,
9,wind farm,9: wind farm,
9,wind farm,9: wind farm,
9,wind farm,9: wind farm,
9,wind farm,9: wind farm,
9,wind farm,9: wind farm,
9,wind farm,9: wind farm,
9,wind farm,9: wind farm,
9,wind farm,9: wind farm,
9,wind farm,9: wind farm,
9,wind farm,9: wind farm,
9,wind farm,9: wind farm,
9,wind farm,9: wind farm,
9,wind farm,9: wind farm,
9,wind farm,9: wind farm,
9,wind farm,9: wind farm,
9,wind farm,9: wind farm,
9,wind farm,9: wind farm,
9,wind farm,9: wind farm,
9,wind farm,9: wind farm,
9,wind farm,9: wind farm,
9,wind farm,9: wind farm,
9,wind farm,9: wind farm,
9,wind farm,9: wind farm,
9,wind farm,9: wind farm,
9,wind farm,9: wind farm,
9,wind farm,9: wind farm,
9,wind farm,9: wind farm,
9,wind farm,9: wind farm,
9,wind farm,9: wind farm,
9,wind farm,9: wind farm,
9,wind farm,9: wind farm,
9,wind farm,9: wind farm,
9,wind farm,9: wind farm,
9,wind farm,9: wind farm,
9,wind farm,9: wind farm,
9,wind farm,9: wind farm,
9,wind farm,9: wind farm,
9,wind farm,9: wind farm,
9,wind farm,9: wind farm,
9,wind farm,9: wind farm,
9,wind farm,9: wind farm,
9,wind farm,9: wind farm,
9,wind farm,9: wind farm,
9,wind farm,9: wind farm,
9,wind farm,9: wind farm,
9,wind farm,9: wind farm,
9,wind farm,9: wind farm,
9,wind farm,9: wind farm,
9,wind farm,9: wind farm,
9,wind farm,9: wind farm,
9,wind farm,9: wind farm,
9,wind farm,9: wind farm,
9,wind farm,9: wind farm,
9,wind farm,9: wind farm,
9,wind farm,9: wind farm,
9,wind farm,9: wind farm,
9,wind farm,9: wind farm,
9,wind farm,9: wind farm,
9,wind farm,9: wind farm,
9,wind farm,9: wind farm,
9,wind farm,9: wind farm,
9,wind farm,9: wind farm,
9,wind farm,9: wind farm,
9,wind farm,9: wind farm,
9,wind farm,9: wind farm,
9,wind farm,9: wind farm,
9,wind farm,9: wind farm,
9,wind farm,9: wind farm,
9,wind farm,9: wind farm,
9,wind farm,9: wind farm,
9,wind farm,9: wind farm,
9,wind farm,9: wind farm,
9,wind farm,9: wind farm,
9,wind farm,9: wind farm,
9,wind farm,9: wind farm,
9,wind farm,9: wind farm,
9,wind farm,9: wind farm,
9,wind farm,9: wind farm,
9,wind farm,9: wind farm,
9,wind farm,9: wind farm,
9,wind farm,9: wind farm,
9,wind farm,9: wind farm,
9,wind farm,9: wind farm,
9,wind farm,9: wind farm,
9,wind farm,9: wind farm,
9,wind farm,9: wind farm,
9,wind farm,9: wind farm,
9,wind farm,9: wind farm,
9,wind farm,9: wind farm,
9,wind farm,9: wind farm,
9,wind farm,9: wind farm,
9,wind farm,9: wind farm,
9,wind farm,9: wind farm,
9,wind farm,9: wind farm,
9,wind farm,9: wind farm,
9,wind farm,9: wind farm,
9,wind farm,9: wind farm,
9,wind farm,9: wind farm,
9,wind farm,9: wind farm,
9,wind farm,9: wind farm,
9,wind farm,9: wind farm,
9,wind farm,9: wind farm,
9,wind farm,9: wind farm,
9,wind farm,9: wind farm,
9,wind farm,9: wind farm,
9,wind farm,9: wind farm,
9,wind farm,9: wind farm,
9,wind farm,9: wind farm,
9,wind farm,9: wind farm,
9,wind farm,9: wind farm,
9,wind farm,9: wind farm,
9,wind farm,9: wind farm,
9,wind farm,9: wind farm,
9,wind farm,9: wind farm,
9,wind farm,9: wind farm,
9,wind farm,9: wind farm,
9,wind farm,9: wind farm,
9,wind farm,9: wind farm,
9,wind farm,9: wind farm,
9,wind farm,9: wind farm,
9,wind farm,9: wind farm,
9,wind farm,9: wind farm,
9,wind farm,9: wind farm,
9,wind farm,9: wind farm,
9,wind farm,9: wind farm,
9,wind farm,9: wind farm,
9,wind farm,9: wind farm,
9,wind farm,9: wind farm,
9,wind farm,9: wind farm,
9,wind farm,9: wind farm,
9,wind farm,9: wind farm,
9,wind farm,9: wind farm,
9,wind farm,9: wind farm,
9,wind farm,9: wind farm,
9,wind farm,9: wind farm,
9,wind farm,9: wind farm,
9,wind farm,9: wind farm,
9,wind farm,9: wind farm,
5,offshor grid,5: offshor grid,
5,offshor grid,5: offshor grid,
5,offshor grid,5: offshor grid,
5,offshor grid,5: offshor grid,
5,offshor grid,5: offshor grid,
5,offshor grid,5: offshor grid,
5,offshor grid,5: offshor grid,
5,offshor grid,5: offshor grid,
5,offshor grid,5: offshor grid,
5,offshor grid,5: offshor grid,
5,offshor grid,5: offshor grid,
5,offshor grid,5: offshor grid,
5,offshor grid,5: offshor grid,
5,offshor grid,5: offshor grid,
5,offshor grid,5: offshor grid,
5,offshor grid,5: offshor grid,
5,offshor grid,5: offshor grid,
5,offshor grid,5: offshor grid,
5,offshor grid,5: offshor grid,
5,offshor grid,5: offshor grid,
5,offshor grid,5: offshor grid,
5,offshor grid,5: offshor grid,
5,offshor grid,5: offshor grid,
5,offshor grid,5: offshor grid,
5,offshor grid,5: offshor grid,
5,offshor grid,5: offshor grid,
5,offshor grid,5: offshor grid,
5,offshor grid,5: offshor grid,
5,offshor grid,5: offshor grid,
5,offshor grid,5: offshor grid,
5,offshor grid,5: offshor grid,
5,offshor grid,5: offshor grid,
5,offshor grid,5: offshor grid,
5,offshor grid,5: offshor grid,
5,offshor grid,5: offshor grid,
5,offshor grid,5: offshor grid,
5,offshor grid,5: offshor grid,
5,offshor grid,5: offshor grid,
5,offshor grid,5: offshor grid,
5,offshor grid,5: offshor grid,
5,offshor grid,5: offshor grid,
5,offshor grid,5: offshor grid,
5,offshor grid,5: offshor grid,
5,offshor grid,5: offshor grid,
5,offshor grid,5: offshor grid,
5,offshor grid,5: offshor grid,
5,offshor grid,5: offshor grid,
5,offshor grid,5: offshor grid,
5,offshor grid,5: offshor grid,
5,offshor grid,5: offshor grid,
5,offshor grid,5: offshor grid,
5,offshor grid,5: offshor grid,
5,offshor grid,5: offshor grid,
5,offshor grid,5: offshor grid,
5,offshor grid,5: offshor grid,
5,offshor grid,5: offshor grid,
5,offshor grid,5: offshor grid,
5,offshor grid,5: offshor grid,
5,offshor grid,5: offshor grid,
5,offshor grid,5: offshor grid,
5,offshor grid,5: offshor grid,
5,offshor grid,5: offshor grid,
5,offshor grid,5: offshor grid,
5,offshor grid,5: offshor grid,
5,offshor grid,5: offshor grid,
5,offshor grid,5: offshor grid,
5,offshor grid,5: offshor grid,
5,offshor grid,5: offshor grid,
5,offshor grid,5: offshor grid,
5,offshor grid,5: offshor grid,
5,offshor grid,5: offshor grid,
5,offshor grid,5: offshor grid,
5,offshor grid,5: offshor grid,
5,offshor grid,5: offshor grid,
5,offshor grid,5: offshor grid,
5,offshor grid,5: offshor grid,
5,offshor grid,5: offshor grid,
5,offshor grid,5: offshor grid,
5,offshor grid,5: offshor grid,
5,offshor grid,5: offshor grid,
5,offshor grid,5: offshor grid,
5,offshor grid,5: offshor grid,
5,offshor grid,5: offshor grid,
5,offshor grid,5: offshor grid,
5,offshor grid,5: offshor grid,
5,offshor grid,5: offshor grid,
5,offshor grid,5: offshor grid,
5,offshor grid,5: offshor grid,
5,offshor grid,5: offshor grid,
5,offshor grid,5: offshor grid,
5,offshor grid,5: offshor grid,
5,offshor grid,5: offshor grid,
5,offshor grid,5: offshor grid,
5,offshor grid,5: offshor grid,
5,offshor grid,5: offshor grid,
5,offshor grid,5: offshor grid,
5,offshor grid,5: offshor grid,
5,offshor grid,5: offshor grid,
5,offshor grid,5: offshor grid,
5,offshor grid,5: offshor grid,
5,offshor grid,5: offshor grid,
5,offshor grid,5: offshor grid,
5,offshor grid,5: offshor grid,
5,offshor grid,5: offshor grid,
5,offshor grid,5: offshor grid,
5,offshor grid,5: offshor grid,
5,offshor grid,5: offshor grid,
5,offshor grid,5: offshor grid,
5,offshor grid,5: offshor grid,
5,offshor grid,5: offshor grid,
5,offshor grid,5: offshor grid,
5,offshor grid,5: offshor grid,
5,offshor grid,5: offshor grid,
5,offshor grid,5: offshor grid,
5,offshor grid,5: offshor grid,
5,offshor grid,5: offshor grid,
5,offshor grid,5: offshor grid,
5,offshor grid,5: offshor grid,
5,offshor grid,5: offshor grid,
5,offshor grid,5: offshor grid,
5,offshor grid,5: offshor grid,
5,offshor grid,5: offshor grid,
5,offshor grid,5: offshor grid,
5,offshor grid,5: offshor grid,
5,offshor grid,5: offshor grid,
5,offshor grid,5: offshor grid,
5,offshor grid,5: offshor grid,
5,offshor grid,5: offshor grid,
5,offshor grid,5: offshor grid,
5,offshor grid,5: offshor grid,
5,offshor grid,5: offshor grid,
5,offshor grid,5: offshor grid,
5,offshor grid,5: offshor grid,
5,offshor grid,5: offshor grid,
5,offshor grid,5: offshor grid,
5,offshor grid,5: offshor grid,
5,offshor grid,5: offshor grid,
5,offshor grid,5: offshor grid,
5,offshor grid,5: offshor grid,
5,offshor grid,5: offshor grid,
5,offshor grid,5: offshor grid,
5,offshor grid,5: offshor grid,
5,offshor grid,5: offshor grid,
5,offshor grid,5: offshor grid,
5,offshor grid,5: offshor grid,
5,offshor grid,5: offshor grid,
5,offshor grid,5: offshor grid,
5,offshor grid,5: offshor grid,
5,offshor grid,5: offshor grid,
5,offshor grid,5: offshor grid,
5,offshor grid,5: offshor grid,
5,offshor grid,5: offshor grid,
5,offshor grid,5: offshor grid,
5,offshor grid,5: offshor grid,
5,offshor grid,5: offshor grid,
5,offshor grid,5: offshor grid,
5,offshor grid,5: offshor grid,
5,offshor grid,5: offshor grid,
5,offshor grid,5: offshor grid,
5,offshor grid,5: offshor grid,
5,offshor grid,5: offshor grid,
5,offshor grid,5: offshor grid,
5,offshor grid,5: offshor grid,
5,offshor grid,5: offshor grid,
5,offshor grid,5: offshor grid,
5,offshor grid,5: offshor grid,
5,offshor grid,5: offshor grid,
5,offshor grid,5: offshor grid,
5,offshor grid,5: offshor grid,
5,offshor grid,5: offshor grid,
5,offshor grid,5: offshor grid,
5,offshor grid,5: offshor grid,
5,offshor grid,5: offshor grid,
5,offshor grid,5: offshor grid,
5,offshor grid,5: offshor grid,
3,offshor wind,3: offshor wind,
3,offshor wind,3: offshor wind,
3,offshor wind,3: offshor wind,
3,offshor wind,3: offshor wind,
3,offshor wind,3: offshor wind,
3,offshor wind,3: offshor wind,
3,offshor wind,3: offshor wind,
3,offshor wind,3: offshor wind,
3,offshor wind,3: offshor wind,
3,offshor wind,3: offshor wind,
3,offshor wind,3: offshor wind,
3,offshor wind,3: offshor wind,
3,offshor wind,3: offshor wind,
3,offshor wind,3: offshor wind,
3,offshor wind,3: offshor wind,
3,offshor wind,3: offshor wind,
3,offshor wind,3: offshor wind,
3,offshor wind,3: offshor wind,
3,offshor wind,3: offshor wind,
3,offshor wind,3: offshor wind,
3,offshor wind,3: offshor wind,
3,offshor wind,3: offshor wind,
3,offshor wind,3: offshor wind,
3,offshor wind,3: offshor wind,
3,offshor wind,3: offshor wind,
3,offshor wind,3: offshor wind,
3,offshor wind,3: offshor wind,
3,offshor wind,3: offshor wind,
3,offshor wind,3: offshor wind,
3,offshor wind,3: offshor wind,
3,offshor wind,3: offshor wind,
3,offshor wind,3: offshor wind,
3,offshor wind,3: offshor wind,
3,offshor wind,3: offshor wind,
3,offshor wind,3: offshor wind,
3,offshor wind,3: offshor wind,
3,offshor wind,3: offshor wind,
3,offshor wind,3: offshor wind,
3,offshor wind,3: offshor wind,
3,offshor wind,3: offshor wind,
3,offshor wind,3: offshor wind,
3,offshor wind,3: offshor wind,
3,offshor wind,3: offshor wind,
3,offshor wind,3: offshor wind,
3,offshor wind,3: offshor wind,
3,offshor wind,3: offshor wind,
3,offshor wind,3: offshor wind,
3,offshor wind,3: offshor wind,
3,offshor wind,3: offshor wind,
3,offshor wind,3: offshor wind,
3,offshor wind,3: offshor wind,
3,offshor wind,3: offshor wind,
3,offshor wind,3: offshor wind,
3,offshor wind,3: offshor wind,
3,offshor wind,3: offshor wind,
3,offshor wind,3: offshor wind,
3,offshor wind,3: offshor wind,
3,offshor wind,3: offshor wind,
3,offshor wind,3: offshor wind,
3,offshor wind,3: offshor wind,
3,offshor wind,3: offshor wind,
3,offshor wind,3: offshor wind,
3,offshor wind,3: offshor wind,
3,offshor wind,3: offshor wind,
3,offshor wind,3: offshor wind,
3,offshor wind,3: offshor wind,
3,offshor wind,3: offshor wind,
3,offshor wind,3: offshor wind,
3,offshor wind,3: offshor wind,
3,offshor wind,3: offshor wind,
3,offshor wind,3: offshor wind,
3,offshor wind,3: offshor wind,
3,offshor wind,3: offshor wind,
3,offshor wind,3: offshor wind,
3,offshor wind,3: offshor wind,
3,offshor wind,3: offshor wind,
3,offshor wind,3: offshor wind,
3,offshor wind,3: offshor wind,
3,offshor wind,3: offshor wind,
3,offshor wind,3: offshor wind,
3,offshor wind,3: offshor wind,
3,offshor wind,3: offshor wind,
3,offshor wind,3: offshor wind,
3,offshor wind,3: offshor wind,
3,offshor wind,3: offshor wind,
3,offshor wind,3: offshor wind,
3,offshor wind,3: offshor wind,
3,offshor wind,3: offshor wind,
3,offshor wind,3: offshor wind,
3,offshor wind,3: offshor wind,
3,offshor wind,3: offshor wind,
3,offshor wind,3: offshor wind,
3,offshor wind,3: offshor wind,
3,offshor wind,3: offshor wind,
3,offshor wind,3: offshor wind,
3,offshor wind,3: offshor wind,
3,offshor wind,3: offshor wind,
3,offshor wind,3: offshor wind,
3,offshor wind,3: offshor wind,
3,offshor wind,3: offshor wind,
3,offshor wind,3: offshor wind,
3,offshor wind,3: offshor wind,
3,offshor wind,3: offshor wind,
3,offshor wind,3: offshor wind,
3,offshor wind,3: offshor wind,
3,offshor wind,3: offshor wind,
3,offshor wind,3: offshor wind,
3,offshor wind,3: offshor wind,
3,offshor wind,3: offshor wind,
3,offshor wind,3: offshor wind,
3,offshor wind,3: offshor wind,
3,offshor wind,3: offshor wind,
3,offshor wind,3: offshor wind,
7,renew energi,7: renew energi,
7,renew energi,7: renew energi,
7,renew energi,7: renew energi,
7,renew energi,7: renew energi,
7,renew energi,7: renew energi,
7,renew energi,7: renew energi,
7,renew energi,7: renew energi,
7,renew energi,7: renew energi,
7,renew energi,7: renew energi,
7,renew energi,7: renew energi,
7,renew energi,7: renew energi,
7,renew energi,7: renew energi,
7,renew energi,7: renew energi,
7,renew energi,7: renew energi,
7,renew energi,7: renew energi,
7,renew energi,7: renew energi,
7,renew energi,7: renew energi,
7,renew energi,7: renew energi,
7,renew energi,7: renew energi,
7,renew energi,7: renew energi,
7,renew energi,7: renew energi,
7,renew energi,7: renew energi,
7,renew energi,7: renew energi,
7,renew energi,7: renew energi,
7,renew energi,7: renew energi,
7,renew energi,7: renew energi,
7,renew energi,7: renew energi,
7,renew energi,7: renew energi,
7,renew energi,7: renew energi,
7,renew energi,7: renew energi,
7,renew energi,7: renew energi,
7,renew energi,7: renew energi,
7,renew energi,7: renew energi,
7,renew energi,7: renew energi,
7,renew energi,7: renew energi,
7,renew energi,7: renew energi,
7,renew energi,7: renew energi,
7,renew energi,7: renew energi,
7,renew energi,7: renew energi,
7,renew energi,7: renew energi,
7,renew energi,7: renew energi,
7,renew energi,7: renew energi,
7,renew energi,7: renew energi,
7,renew energi,7: renew energi,
7,renew energi,7: renew energi,
7,renew energi,7: renew energi,
7,renew energi,7: renew energi,
7,renew energi,7: renew energi,
7,renew energi,7: renew energi,
7,renew energi,7: renew energi,
7,renew energi,7: renew energi,
7,renew energi,7: renew energi,
7,renew energi,7: renew energi,
7,renew energi,7: renew energi,
7,renew energi,7: renew energi,
7,renew energi,7: renew energi,
7,renew energi,7: renew energi,
7,renew energi,7: renew energi,
7,renew energi,7: renew energi,
7,renew energi,7: renew energi,
7,renew energi,7: renew energi,
7,renew energi,7: renew energi,
7,renew energi,7: renew energi,
7,renew energi,7: renew energi,
7,renew energi,7: renew energi,
7,renew energi,7: renew energi,
7,renew energi,7: renew energi,
7,renew energi,7: renew energi,
7,renew energi,7: renew energi,
7,renew energi,7: renew energi,
7,renew energi,7: renew energi,
7,renew energi,7: renew energi,
7,renew energi,7: renew energi,
7,renew energi,7: renew energi,
7,renew energi,7: renew energi,
7,renew energi,7: renew energi,
7,renew energi,7: renew energi,
7,renew energi,7: renew energi,
7,renew energi,7: renew energi,
7,renew energi,7: renew energi,
7,renew energi,7: renew energi,
7,renew energi,7: renew energi,
7,renew energi,7: renew energi,
7,renew energi,7: renew energi,
7,renew energi,7: renew energi,
7,renew energi,7: renew energi,
7,renew energi,7: renew energi,
7,renew energi,7: renew energi,
7,renew energi,7: renew energi,
7,renew energi,7: renew energi,
7,renew energi,7: renew energi,
7,renew energi,7: renew energi,
7,renew energi,7: renew energi,
7,renew energi,7: renew energi,
7,renew energi,7: renew energi,
7,renew energi,7: renew energi,
7,renew energi,7: renew energi,
7,renew energi,7: renew energi,
7,renew energi,7: renew energi,
7,renew energi,7: renew energi,
7,renew energi,7: renew energi,
7,renew energi,7: renew energi,
7,renew energi,7: renew energi,
7,renew energi,7: renew energi,
7,renew energi,7: renew energi,
7,renew energi,7: renew energi,
7,renew energi,7: renew energi,
7,renew energi,7: renew energi,
7,renew energi,7: renew energi,
7,renew energi,7: renew energi,
7,renew energi,7: renew energi,
7,renew energi,7: renew energi,
7,renew energi,7: renew energi,
7,renew energi,7: renew energi,
7,renew energi,7: renew energi,
7,renew energi,7: renew energi,
7,renew energi,7: renew energi,
7,renew energi,7: renew energi,
7,renew energi,7: renew energi,
7,renew energi,7: renew energi,
7,renew energi,7: renew energi,
7,renew energi,7: renew energi,
7,renew energi,7: renew energi,
7,renew energi,7: renew energi,
7,renew energi,7: renew energi,
7,renew energi,7: renew energi,
7,renew energi,7: renew energi,
7,renew energi,7: renew energi,
7,renew energi,7: renew energi,
7,renew energi,7: renew energi,
7,renew energi,7: renew energi,
7,renew energi,7: renew energi,
7,renew energi,7: renew energi,
7,renew energi,7: renew energi,
7,renew energi,7: renew energi,
7,renew energi,7: renew energi,
7,renew energi,7: renew energi,
7,renew energi,7: renew energi,
7,renew energi,7: renew energi,
7,renew energi,7: renew energi,
7,renew energi,7: renew energi,
7,renew energi,7: renew energi,
7,renew energi,7: renew energi,
7,renew energi,7: renew energi,
7,renew energi,7: renew energi,
7,renew energi,7: renew energi,
5,offshor grid,5: offshor grid,
5,offshor grid,5: offshor grid,
5,offshor grid,5: offshor grid,
5,offshor grid,5: offshor grid,
5,offshor grid,5: offshor grid,
5,offshor grid,5: offshor grid,
5,offshor grid,5: offshor grid,
5,offshor grid,5: offshor grid,
5,offshor grid,5: offshor grid,
5,offshor grid,5: offshor grid,
5,offshor grid,5: offshor grid,
5,offshor grid,5: offshor grid,
5,offshor grid,5: offshor grid,
5,offshor grid,5: offshor grid,
5,offshor grid,5: offshor grid,
5,offshor grid,5: offshor grid,
5,offshor grid,5: offshor grid,
5,offshor grid,5: offshor grid,
5,offshor grid,5: offshor grid,
5,offshor grid,5: offshor grid,
5,offshor grid,5: offshor grid,
5,offshor grid,5: offshor grid,
5,offshor grid,5: offshor grid,
5,offshor grid,5: offshor grid,
5,offshor grid,5: offshor grid,
5,offshor grid,5: offshor grid,
5,offshor grid,5: offshor grid,
5,offshor grid,5: offshor grid,
5,offshor grid,5: offshor grid,
5,offshor grid,5: offshor grid,
5,offshor grid,5: offshor grid,
5,offshor grid,5: offshor grid,
5,offshor grid,5: offshor grid,
5,offshor grid,5: offshor grid,
5,offshor grid,5: offshor grid,
5,offshor grid,5: offshor grid,
5,offshor grid,5: offshor grid,
5,offshor grid,5: offshor grid,
5,offshor grid,5: offshor grid,
5,offshor grid,5: offshor grid,
5,offshor grid,5: offshor grid,
5,offshor grid,5: offshor grid,
5,offshor grid,5: offshor grid,
5,offshor grid,5: offshor grid,
5,offshor grid,5: offshor grid,
5,offshor grid,5: offshor grid,
5,offshor grid,5: offshor grid,
5,offshor grid,5: offshor grid,
5,offshor grid,5: offshor grid,
5,offshor grid,5: offshor grid,
5,offshor grid,5: offshor grid,
5,offshor grid,5: offshor grid,
5,offshor grid,5: offshor grid,
5,offshor grid,5: offshor grid,
5,offshor grid,5: offshor grid,
5,offshor grid,5: offshor grid,
5,offshor grid,5: offshor grid,
5,offshor grid,5: offshor grid,
5,offshor grid,5: offshor grid,
5,offshor grid,5: offshor grid,
5,offshor grid,5: offshor grid,
5,offshor grid,5: offshor grid,
5,offshor grid,5: offshor grid,
5,offshor grid,5: offshor grid,
5,offshor grid,5: offshor grid,
5,offshor grid,5: offshor grid,
5,offshor grid,5: offshor grid,
5,offshor grid,5: offshor grid,
5,offshor grid,5: offshor grid,
5,offshor grid,5: offshor grid,
5,offshor grid,5: offshor grid,
5,offshor grid,5: offshor grid,
5,offshor grid,5: offshor grid,
5,offshor grid,5: offshor grid,
5,offshor grid,5: offshor grid,
5,offshor grid,5: offshor grid,
5,offshor grid,5: offshor grid,
5,offshor grid,5: offshor grid,
5,offshor grid,5: offshor grid,
5,offshor grid,5: offshor grid,
5,offshor grid,5: offshor grid,
5,offshor grid,5: offshor grid,
5,offshor grid,5: offshor grid,
5,offshor grid,5: offshor grid,
5,offshor grid,5: offshor grid,
5,offshor grid,5: offshor grid,
5,offshor grid,5: offshor grid,
5,offshor grid,5: offshor grid,
5,offshor grid,5: offshor grid,
5,offshor grid,5: offshor grid,
5,offshor grid,5: offshor grid,
5,offshor grid,5: offshor grid,
5,offshor grid,5: offshor grid,
5,offshor grid,5: offshor grid,
5,offshor grid,5: offshor grid,
5,offshor grid,5: offshor grid,
5,offshor grid,5: offshor grid,
5,offshor grid,5: offshor grid,
5,offshor grid,5: offshor grid,
5,offshor grid,5: offshor grid,
5,offshor grid,5: offshor grid,
5,offshor grid,5: offshor grid,
5,offshor grid,5: offshor grid,
5,offshor grid,5: offshor grid,
5,offshor grid,5: offshor grid,
5,offshor grid,5: offshor grid,
5,offshor grid,5: offshor grid,
5,offshor grid,5: offshor grid,
5,offshor grid,5: offshor grid,
5,offshor grid,5: offshor grid,
5,offshor grid,5: offshor grid,
5,offshor grid,5: offshor grid,
5,offshor grid,5: offshor grid,
5,offshor grid,5: offshor grid,
5,offshor grid,5: offshor grid,
5,offshor grid,5: offshor grid,
5,offshor grid,5: offshor grid,
5,offshor grid,5: offshor grid,
5,offshor grid,5: offshor grid,
5,offshor grid,5: offshor grid,
5,offshor grid,5: offshor grid,
5,offshor grid,5: offshor grid,
5,offshor grid,5: offshor grid,
5,offshor grid,5: offshor grid,
5,offshor grid,5: offshor grid,
5,offshor grid,5: offshor grid,
5,offshor grid,5: offshor grid,
5,offshor grid,5: offshor grid,
5,offshor grid,5: offshor grid,
5,offshor grid,5: offshor grid,
5,offshor grid,5: offshor grid,
5,offshor grid,5: offshor grid,
5,offshor grid,5: offshor grid,
5,offshor grid,5: offshor grid,
5,offshor grid,5: offshor grid,
5,offshor grid,5: offshor grid,
5,offshor grid,5: offshor grid,
5,offshor grid,5: offshor grid,
5,offshor grid,5: offshor grid,
5,offshor grid,5: offshor grid,
5,offshor grid,5: offshor grid,
5,offshor grid,5: offshor grid,
5,offshor grid,5: offshor grid,
5,offshor grid,5: offshor grid,
5,offshor grid,5: offshor grid,
5,offshor grid,5: offshor grid,
5,offshor grid,5: offshor grid,
5,offshor grid,5: offshor grid,
5,offshor grid,5: offshor grid,
5,offshor grid,5: offshor grid,
5,offshor grid,5: offshor grid,
5,offshor grid,5: offshor grid,
5,offshor grid,5: offshor grid,
5,offshor grid,5: offshor grid,
5,offshor grid,5: offshor grid,
5,offshor grid,5: offshor grid,
5,offshor grid,5: offshor grid,
5,offshor grid,5: offshor grid,
5,offshor grid,5: offshor grid,
5,offshor grid,5: offshor grid,
5,offshor grid,5: offshor grid,
5,offshor grid,5: offshor grid,
5,offshor grid,5: offshor grid,
5,offshor grid,5: offshor grid,
5,offshor grid,5: offshor grid,
5,offshor grid,5: offshor grid,
5,offshor grid,5: offshor grid,
5,offshor grid,5: offshor grid,
5,offshor grid,5: offshor grid,
5,offshor grid,5: offshor grid,
5,offshor grid,5: offshor grid,
5,offshor grid,5: offshor grid,
5,offshor grid,5: offshor grid,
5,offshor grid,5: offshor grid,
5,offshor grid,5: offshor grid,
5,offshor grid,5: offshor grid,
5,offshor grid,5: offshor grid,
5,offshor grid,5: offshor grid,
5,offshor grid,5: offshor grid,
5,offshor grid,5: offshor grid,
5,offshor grid,5: offshor grid,
5,offshor grid,5: offshor grid,
5,offshor grid,5: offshor grid,
5,offshor grid,5: offshor grid,
5,offshor grid,5: offshor grid,
5,offshor grid,5: offshor grid,
5,offshor grid,5: offshor grid,
5,offshor grid,5: offshor grid,
5,offshor grid,5: offshor grid,
5,offshor grid,5: offshor grid,
5,offshor grid,5: offshor grid,
5,offshor grid,5: offshor grid,
5,offshor grid,5: offshor grid,
5,offshor grid,5: offshor grid,
5,offshor grid,5: offshor grid,
5,offshor grid,5: offshor grid,
5,offshor grid,5: offshor grid,
5,offshor grid,5: offshor grid,
5,offshor grid,5: offshor grid,
5,offshor grid,5: offshor grid,
5,offshor grid,5: offshor grid,
5,offshor grid,5: offshor grid,
5,offshor grid,5: offshor grid,
5,offshor grid,5: offshor grid,
5,offshor grid,5: offshor grid,
5,offshor grid,5: offshor grid,
5,offshor grid,5: offshor grid,
5,offshor grid,5: offshor grid,
5,offshor grid,5: offshor grid,
5,offshor grid,5: offshor grid,
5,offshor grid,5: offshor grid,
5,offshor grid,5: offshor grid,
5,offshor grid,5: offshor grid,
5,offshor grid,5: offshor grid,
5,offshor grid,5: offshor grid,
5,offshor grid,5: offshor grid,
5,offshor grid,5: offshor grid,
5,offshor grid,5: offshor grid,
5,offshor grid,5: offshor grid,
5,offshor grid,5: offshor grid,
5,offshor grid,5: offshor grid,
5,offshor grid,5: offshor grid,
5,offshor grid,5: offshor grid,
5,offshor grid,5: offshor grid,
5,offshor grid,5: offshor grid,
5,offshor grid,5: offshor grid,
5,offshor grid,5: offshor grid,
5,offshor grid,5: offshor grid,
5,offshor grid,5: offshor grid,
5,offshor grid,5: offshor grid,
5,offshor grid,5: offshor grid,
5,offshor grid,5: offshor grid,
5,offshor grid,5: offshor grid,
5,offshor grid,5: offshor grid,
5,offshor grid,5: offshor grid,
5,offshor grid,5: offshor grid,
5,offshor grid,5: offshor grid,
5,offshor grid,5: offshor grid,
5,offshor grid,5: offshor grid,
5,offshor grid,5: offshor grid,
5,offshor grid,5: offshor grid,
5,offshor grid,5: offshor grid,
5,offshor grid,5: offshor grid,
5,offshor grid,5: offshor grid,
5,offshor grid,5: offshor grid,
5,offshor grid,5: offshor grid,
5,offshor grid,5: offshor grid,
5,offshor grid,5: offshor grid,
5,offshor grid,5: offshor grid,
5,offshor grid,5: offshor grid,
5,offshor grid,5: offshor grid,
5,offshor grid,5: offshor grid,
5,offshor grid,5: offshor grid,
5,offshor grid,5: offshor grid,
5,offshor grid,5: offshor grid,
5,offshor grid,5: offshor grid,
5,offshor grid,5: offshor grid,
5,offshor grid,5: offshor grid,
5,offshor grid,5: offshor grid,
5,offshor grid,5: offshor grid,
5,offshor grid,5: offshor grid,
5,offshor grid,5: offshor grid,
5,offshor grid,5: offshor grid,
5,offshor grid,5: offshor grid,
5,offshor grid,5: offshor grid,
5,offshor grid,5: offshor grid,
5,offshor grid,5: offshor grid,
5,offshor grid,5: offshor grid,
5,offshor grid,5: offshor grid,
5,offshor grid,5: offshor grid,
5,offshor grid,5: offshor grid,
5,offshor grid,5: offshor grid,
5,offshor grid,5: offshor grid,
5,offshor grid,5: offshor grid,
5,offshor grid,5: offshor grid,
5,offshor grid,5: offshor grid,
5,offshor grid,5: offshor grid,
5,offshor grid,5: offshor grid,
5,offshor grid,5: offshor grid,
5,offshor grid,5: offshor grid,
5,offshor grid,5: offshor grid,
5,offshor grid,5: offshor grid,
5,offshor grid,5: offshor grid,
5,offshor grid,5: offshor grid,
5,offshor grid,5: offshor grid,
5,offshor grid,5: offshor grid,
5,offshor grid,5: offshor grid,
5,offshor grid,5: offshor grid,
5,offshor grid,5: offshor grid,
5,offshor grid,5: offshor grid,
5,offshor grid,5: offshor grid,
5,offshor grid,5: offshor grid,
5,offshor grid,5: offshor grid,
5,offshor grid,5: offshor grid,
5,offshor grid,5: offshor grid,
5,offshor grid,5: offshor grid,
5,offshor grid,5: offshor grid,
5,offshor grid,5: offshor grid,
5,offshor grid,5: offshor grid,
5,offshor grid,5: offshor grid,
5,offshor grid,5: offshor grid,
5,offshor grid,5: offshor grid,
5,offshor grid,5: offshor grid,
5,offshor grid,5: offshor grid,
5,offshor grid,5: offshor grid,
5,offshor grid,5: offshor grid,
5,offshor grid,5: offshor grid,
5,offshor grid,5: offshor grid,
5,offshor grid,5: offshor grid,
5,offshor grid,5: offshor grid,
5,offshor grid,5: offshor grid,
5,offshor grid,5: offshor grid,
5,offshor grid,5: offshor grid,
5,offshor grid,5: offshor grid,
5,offshor grid,5: offshor grid,
5,offshor grid,5: offshor grid,
5,offshor grid,5: offshor grid,
5,offshor grid,5: offshor grid,
5,offshor grid,5: offshor grid,
5,offshor grid,5: offshor grid,
5,offshor grid,5: offshor grid,
5,offshor grid,5: offshor grid,
5,offshor grid,5: offshor grid,
5,offshor grid,5: offshor grid,
5,offshor grid,5: offshor grid,
5,offshor grid,5: offshor grid,
5,offshor grid,5: offshor grid,
5,offshor grid,5: offshor grid,
5,offshor grid,5: offshor grid,
5,offshor grid,5: offshor grid,
5,offshor grid,5: offshor grid,
5,offshor grid,5: offshor grid,
5,offshor grid,5: offshor grid,
5,offshor grid,5: offshor grid,
5,offshor grid,5: offshor grid,
5,offshor grid,5: offshor grid,
5,offshor grid,5: offshor grid,
5,offshor grid,5: offshor grid,
5,offshor grid,5: offshor grid,
5,offshor grid,5: offshor grid,
5,offshor grid,5: offshor grid,
5,offshor grid,5: offshor grid,
5,offshor grid,5: offshor grid,
5,offshor grid,5: offshor grid,
5,offshor grid,5: offshor grid,
5,offshor grid,5: offshor grid,
5,offshor grid,5: offshor grid,
5,offshor grid,5: offshor grid,
5,offshor grid,5: offshor grid,
5,offshor grid,5: offshor grid,
9,wind farm,9: wind farm,
9,wind farm,9: wind farm,
9,wind farm,9: wind farm,
9,wind farm,9: wind farm,
9,wind farm,9: wind farm,
9,wind farm,9: wind farm,
9,wind farm,9: wind farm,
9,wind farm,9: wind farm,
9,wind farm,9: wind farm,
9,wind farm,9: wind farm,
9,wind farm,9: wind farm,
9,wind farm,9: wind farm,
9,wind farm,9: wind farm,
9,wind farm,9: wind farm,
9,wind farm,9: wind farm,
9,wind farm,9: wind farm,
9,wind farm,9: wind farm,
9,wind farm,9: wind farm,
9,wind farm,9: wind farm,
9,wind farm,9: wind farm,
9,wind farm,9: wind farm,
9,wind farm,9: wind farm,
9,wind farm,9: wind farm,
9,wind farm,9: wind farm,
9,wind farm,9: wind farm,
9,wind farm,9: wind farm,
9,wind farm,9: wind farm,
9,wind farm,9: wind farm,
9,wind farm,9: wind farm,
9,wind farm,9: wind farm,
9,wind farm,9: wind farm,
9,wind farm,9: wind farm,
9,wind farm,9: wind farm,
9,wind farm,9: wind farm,
9,wind farm,9: wind farm,
9,wind farm,9: wind farm,
9,wind farm,9: wind farm,
9,wind farm,9: wind farm,
9,wind farm,9: wind farm,
9,wind farm,9: wind farm,
9,wind farm,9: wind farm,
9,wind farm,9: wind farm,
9,wind farm,9: wind farm,
9,wind farm,9: wind farm,
9,wind farm,9: wind farm,
9,wind farm,9: wind farm,
9,wind farm,9: wind farm,
9,wind farm,9: wind farm,
9,wind farm,9: wind farm,
9,wind farm,9: wind farm,
9,wind farm,9: wind farm,
9,wind farm,9: wind farm,
9,wind farm,9: wind farm,
9,wind farm,9: wind farm,
9,wind farm,9: wind farm,
9,wind farm,9: wind farm,
9,wind farm,9: wind farm,
9,wind farm,9: wind farm,
9,wind farm,9: wind farm,
9,wind farm,9: wind farm,
9,wind farm,9: wind farm,
9,wind farm,9: wind farm,
9,wind farm,9: wind farm,
9,wind farm,9: wind farm,
9,wind farm,9: wind farm,
9,wind farm,9: wind farm,
9,wind farm,9: wind farm,
9,wind farm,9: wind farm,
9,wind farm,9: wind farm,
9,wind farm,9: wind farm,
9,wind farm,9: wind farm,
9,wind farm,9: wind farm,
9,wind farm,9: wind farm,
9,wind farm,9: wind farm,
9,wind farm,9: wind farm,
9,wind farm,9: wind farm,
9,wind farm,9: wind farm,
9,wind farm,9: wind farm,
9,wind farm,9: wind farm,
9,wind farm,9: wind farm,
9,wind farm,9: wind farm,
9,wind farm,9: wind farm,
9,wind farm,9: wind farm,
9,wind farm,9: wind farm,
9,wind farm,9: wind farm,
9,wind farm,9: wind farm,
9,wind farm,9: wind farm,
9,wind farm,9: wind farm,
9,wind farm,9: wind farm,
9,wind farm,9: wind farm,
9,wind farm,9: wind farm,
9,wind farm,9: wind farm,
9,wind farm,9: wind farm,
9,wind farm,9: wind farm,
9,wind farm,9: wind farm,
9,wind farm,9: wind farm,
9,wind farm,9: wind farm,
9,wind farm,9: wind farm,
9,wind farm,9: wind farm,
9,wind farm,9: wind farm,
9,wind farm,9: wind farm,
9,wind farm,9: wind farm,
9,wind farm,9: wind farm,
9,wind farm,9: wind farm,
9,wind farm,9: wind farm,
9,wind farm,9: wind farm,
9,wind farm,9: wind farm,
9,wind farm,9: wind farm,
9,wind farm,9: wind farm,
9,wind farm,9: wind farm,
9,wind farm,9: wind farm,
9,wind farm,9: wind farm,
9,wind farm,9: wind farm,
9,wind farm,9: wind farm,
9,wind farm,9: wind farm,
9,wind farm,9: wind farm,
9,wind farm,9: wind farm,
9,wind farm,9: wind farm,
9,wind farm,9: wind farm,
9,wind farm,9: wind farm,
9,wind farm,9: wind farm,
9,wind farm,9: wind farm,
9,wind farm,9: wind farm,
9,wind farm,9: wind farm,
9,wind farm,9: wind farm,
9,wind farm,9: wind farm,
9,wind farm,9: wind farm,
9,wind farm,9: wind farm,
9,wind farm,9: wind farm,
9,wind farm,9: wind farm,
9,wind farm,9: wind farm,
9,wind farm,9: wind farm,
9,wind farm,9: wind farm,
9,wind farm,9: wind farm,
9,wind farm,9: wind farm,
9,wind farm,9: wind farm,
9,wind farm,9: wind farm,
9,wind farm,9: wind farm,
9,wind farm,9: wind farm,
9,wind farm,9: wind farm,
9,wind farm,9: wind farm,
9,wind farm,9: wind farm,
9,wind farm,9: wind farm,
9,wind farm,9: wind farm,
9,wind farm,9: wind farm,
9,wind farm,9: wind farm,
9,wind farm,9: wind farm,
9,wind farm,9: wind farm,
9,wind farm,9: wind farm,
9,wind farm,9: wind farm,
9,wind farm,9: wind farm,
9,wind farm,9: wind farm,
9,wind farm,9: wind farm,
9,wind farm,9: wind farm,
9,wind farm,9: wind farm,
9,wind farm,9: wind farm,
9,wind farm,9: wind farm,
9,wind farm,9: wind farm,
9,wind farm,9: wind farm,
9,wind farm,9: wind farm,
9,wind farm,9: wind farm,
9,wind farm,9: wind farm,
9,wind farm,9: wind farm,
9,wind farm,9: wind farm,
9,wind farm,9: wind farm,
9,wind farm,9: wind farm,
9,wind farm,9: wind farm,
9,wind farm,9: wind farm,
9,wind farm,9: wind farm,
9,wind farm,9: wind farm,
9,wind farm,9: wind farm,
9,wind farm,9: wind farm,
9,wind farm,9: wind farm,
9,wind farm,9: wind farm,
9,wind farm,9: wind farm,
9,wind farm,9: wind farm,
9,wind farm,9: wind farm,
9,wind farm,9: wind farm,
9,wind farm,9: wind farm,
9,wind farm,9: wind farm,
9,wind farm,9: wind farm,
9,wind farm,9: wind farm,
9,wind farm,9: wind farm,
9,wind farm,9: wind farm,
9,wind farm,9: wind farm,
9,wind farm,9: wind farm,
9,wind farm,9: wind farm,
9,wind farm,9: wind farm,
9,wind farm,9: wind farm,
9,wind farm,9: wind farm,
9,wind farm,9: wind farm,
9,wind farm,9: wind farm,
9,wind farm,9: wind farm,
9,wind farm,9: wind farm,
9,wind farm,9: wind farm,
9,wind farm,9: wind farm,
9,wind farm,9: wind farm,
9,wind farm,9: wind farm,
9,wind farm,9: wind farm,
9,wind farm,9: wind farm,
9,wind farm,9: wind farm,
9,wind farm,9: wind farm,
9,wind farm,9: wind farm,
9,wind farm,9: wind farm,
9,wind farm,9: wind farm,
9,wind farm,9: wind farm,
9,wind farm,9: wind farm,
9,wind farm,9: wind farm,
9,wind farm,9: wind farm,
9,wind farm,9: wind farm,
9,wind farm,9: wind farm,
9,wind farm,9: wind farm,
9,wind farm,9: wind farm,
9,wind farm,9: wind farm,
9,wind farm,9: wind farm,
9,wind farm,9: wind farm,
9,wind farm,9: wind farm,
9,wind farm,9: wind farm,
9,wind farm,9: wind farm,
9,wind farm,9: wind farm,
9,wind farm,9: wind farm,
9,wind farm,9: wind farm,
9,wind farm,9: wind farm,
9,wind farm,9: wind farm,
9,wind farm,9: wind farm,
9,wind farm,9: wind farm,
9,wind farm,9: wind farm,
9,wind farm,9: wind farm,
9,wind farm,9: wind farm,
9,wind farm,9: wind farm,
9,wind farm,9: wind farm,
9,wind farm,9: wind farm,
9,wind farm,9: wind farm,
9,wind farm,9: wind farm,
9,wind farm,9: wind farm,
9,wind farm,9: wind farm,
9,wind farm,9: wind farm,
9,wind farm,9: wind farm,
9,wind farm,9: wind farm,
9,wind farm,9: wind farm,
9,wind farm,9: wind farm,
9,wind farm,9: wind farm,
9,wind farm,9: wind farm,
9,wind farm,9: wind farm,
9,wind farm,9: wind farm,
9,wind farm,9: wind farm,
9,wind farm,9: wind farm,
9,wind farm,9: wind farm,
9,wind farm,9: wind farm,
9,wind farm,9: wind farm,
9,wind farm,9: wind farm,
9,wind farm,9: wind farm,
9,wind farm,9: wind farm,
9,wind farm,9: wind farm,
9,wind farm,9: wind farm,
9,wind farm,9: wind farm,
9,wind farm,9: wind farm,
9,wind farm,9: wind farm,
9,wind farm,9: wind farm,
9,wind farm,9: wind farm,
9,wind farm,9: wind farm,
9,wind farm,9: wind farm,
9,wind farm,9: wind farm,
9,wind farm,9: wind farm,
9,wind farm,9: wind farm,
9,wind farm,9: wind farm,
9,wind farm,9: wind farm,
9,wind farm,9: wind farm,
9,wind farm,9: wind farm,
9,wind farm,9: wind farm,
9,wind farm,9: wind farm,
9,wind farm,9: wind farm,
9,wind farm,9: wind farm,
9,wind farm,9: wind farm,
9,wind farm,9: wind farm,
9,wind farm,9: wind farm,
9,wind farm,9: wind farm,
9,wind farm,9: wind farm,
9,wind farm,9: wind farm,
9,wind farm,9: wind farm,
9,wind farm,9: wind farm,
9,wind farm,9: wind farm,
9,wind farm,9: wind farm,
9,wind farm,9: wind farm,
9,wind farm,9: wind farm,
9,wind farm,9: wind farm,
9,wind farm,9: wind farm,
9,wind farm,9: wind farm,
9,wind farm,9: wind farm,
9,wind farm,9: wind farm,
9,wind farm,9: wind farm,
9,wind farm,9: wind farm,
9,wind farm,9: wind farm,
9,wind farm,9: wind farm,
9,wind farm,9: wind farm,
9,wind farm,9: wind farm,
9,wind farm,9: wind farm,
9,wind farm,9: wind farm,
9,wind farm,9: wind farm,
9,wind farm,9: wind farm,
9,wind farm,9: wind farm,
9,wind farm,9: wind farm,
9,wind farm,9: wind farm,
9,wind farm,9: wind farm,
9,wind farm,9: wind farm,
9,wind farm,9: wind farm,
9,wind farm,9: wind farm,
9,wind farm,9: wind farm,
9,wind farm,9: wind farm,
9,wind farm,9: wind farm,
9,wind farm,9: wind farm,
9,wind farm,9: wind farm,
9,wind farm,9: wind farm,
9,wind farm,9: wind farm,
9,wind farm,9: wind farm,
9,wind farm,9: wind farm,
9,wind farm,9: wind farm,
9,wind farm,9: wind farm,
9,wind farm,9: wind farm,
9,wind farm,9: wind farm,
9,wind farm,9: wind farm,
9,wind farm,9: wind farm,
1,abstract avail,1: abstract avail,
1,abstract avail,1: abstract avail,
1,abstract avail,1: abstract avail,
1,abstract avail,1: abstract avail,
1,abstract avail,1: abstract avail,
1,abstract avail,1: abstract avail,
1,abstract avail,1: abstract avail,
1,abstract avail,1: abstract avail,
1,abstract avail,1: abstract avail,
1,abstract avail,1: abstract avail,
1,abstract avail,1: abstract avail,
1,abstract avail,1: abstract avail,
1,abstract avail,1: abstract avail,
1,abstract avail,1: abstract avail,
1,abstract avail,1: abstract avail,
1,abstract avail,1: abstract avail,
1,abstract avail,1: abstract avail,
1,abstract avail,1: abstract avail,
1,abstract avail,1: abstract avail,
1,abstract avail,1: abstract avail,
1,abstract avail,1: abstract avail,
1,abstract avail,1: abstract avail,
1,abstract avail,1: abstract avail,
1,abstract avail,1: abstract avail,
1,abstract avail,1: abstract avail,
1,abstract avail,1: abstract avail,
1,abstract avail,1: abstract avail,
1,abstract avail,1: abstract avail,
1,abstract avail,1: abstract avail,
1,abstract avail,1: abstract avail,
1,abstract avail,1: abstract avail,
1,abstract avail,1: abstract avail,
1,abstract avail,1: abstract avail,
1,abstract avail,1: abstract avail,
1,abstract avail,1: abstract avail,
1,abstract avail,1: abstract avail,
1,abstract avail,1: abstract avail,
1,abstract avail,1: abstract avail,
1,abstract avail,1: abstract avail,
1,abstract avail,1: abstract avail,
1,abstract avail,1: abstract avail,
1,abstract avail,1: abstract avail,
1,abstract avail,1: abstract avail,
1,abstract avail,1: abstract avail,
1,abstract avail,1: abstract avail,
1,abstract avail,1: abstract avail,
1,abstract avail,1: abstract avail,
1,abstract avail,1: abstract avail,
1,abstract avail,1: abstract avail,
1,abstract avail,1: abstract avail,
1,abstract avail,1: abstract avail,
1,abstract avail,1: abstract avail,
1,abstract avail,1: abstract avail,
1,abstract avail,1: abstract avail,
1,abstract avail,1: abstract avail,
1,abstract avail,1: abstract avail,
1,abstract avail,1: abstract avail,
1,abstract avail,1: abstract avail,
1,abstract avail,1: abstract avail,
1,abstract avail,1: abstract avail,
1,abstract avail,1: abstract avail,
1,abstract avail,1: abstract avail,
1,abstract avail,1: abstract avail,
1,abstract avail,1: abstract avail,
1,abstract avail,1: abstract avail,
1,abstract avail,1: abstract avail,
1,abstract avail,1: abstract avail,
1,abstract avail,1: abstract avail,
1,abstract avail,1: abstract avail,
1,abstract avail,1: abstract avail,
1,abstract avail,1: abstract avail,
1,abstract avail,1: abstract avail,
1,abstract avail,1: abstract avail,
1,abstract avail,1: abstract avail,
1,abstract avail,1: abstract avail,
1,abstract avail,1: abstract avail,
1,abstract avail,1: abstract avail,
1,abstract avail,1: abstract avail,
1,abstract avail,1: abstract avail,
1,abstract avail,1: abstract avail,
1,abstract avail,1: abstract avail,
5,offshor grid,5: offshor grid,
5,offshor grid,5: offshor grid,
5,offshor grid,5: offshor grid,
5,offshor grid,5: offshor grid,
5,offshor grid,5: offshor grid,
5,offshor grid,5: offshor grid,
5,offshor grid,5: offshor grid,
5,offshor grid,5: offshor grid,
5,offshor grid,5: offshor grid,
5,offshor grid,5: offshor grid,
5,offshor grid,5: offshor grid,
5,offshor grid,5: offshor grid,
5,offshor grid,5: offshor grid,
5,offshor grid,5: offshor grid,
5,offshor grid,5: offshor grid,
5,offshor grid,5: offshor grid,
5,offshor grid,5: offshor grid,
5,offshor grid,5: offshor grid,
5,offshor grid,5: offshor grid,
5,offshor grid,5: offshor grid,
5,offshor grid,5: offshor grid,
5,offshor grid,5: offshor grid,
5,offshor grid,5: offshor grid,
5,offshor grid,5: offshor grid,
5,offshor grid,5: offshor grid,
5,offshor grid,5: offshor grid,
5,offshor grid,5: offshor grid,
5,offshor grid,5: offshor grid,
5,offshor grid,5: offshor grid,
5,offshor grid,5: offshor grid,
5,offshor grid,5: offshor grid,
5,offshor grid,5: offshor grid,
5,offshor grid,5: offshor grid,
5,offshor grid,5: offshor grid,
5,offshor grid,5: offshor grid,
5,offshor grid,5: offshor grid,
5,offshor grid,5: offshor grid,
5,offshor grid,5: offshor grid,
5,offshor grid,5: offshor grid,
5,offshor grid,5: offshor grid,
5,offshor grid,5: offshor grid,
5,offshor grid,5: offshor grid,
5,offshor grid,5: offshor grid,
5,offshor grid,5: offshor grid,
5,offshor grid,5: offshor grid,
5,offshor grid,5: offshor grid,
5,offshor grid,5: offshor grid,
5,offshor grid,5: offshor grid,
5,offshor grid,5: offshor grid,
5,offshor grid,5: offshor grid,
5,offshor grid,5: offshor grid,
5,offshor grid,5: offshor grid,
5,offshor grid,5: offshor grid,
5,offshor grid,5: offshor grid,
5,offshor grid,5: offshor grid,
5,offshor grid,5: offshor grid,
5,offshor grid,5: offshor grid,
5,offshor grid,5: offshor grid,
5,offshor grid,5: offshor grid,
5,offshor grid,5: offshor grid,
5,offshor grid,5: offshor grid,
5,offshor grid,5: offshor grid,
5,offshor grid,5: offshor grid,
5,offshor grid,5: offshor grid,
5,offshor grid,5: offshor grid,
5,offshor grid,5: offshor grid,
5,offshor grid,5: offshor grid,
5,offshor grid,5: offshor grid,
5,offshor grid,5: offshor grid,
5,offshor grid,5: offshor grid,
5,offshor grid,5: offshor grid,
5,offshor grid,5: offshor grid,
5,offshor grid,5: offshor grid,
5,offshor grid,5: offshor grid,
5,offshor grid,5: offshor grid,
5,offshor grid,5: offshor grid,
5,offshor grid,5: offshor grid,
5,offshor grid,5: offshor grid,
5,offshor grid,5: offshor grid,
5,offshor grid,5: offshor grid,
5,offshor grid,5: offshor grid,
5,offshor grid,5: offshor grid,
5,offshor grid,5: offshor grid,
5,offshor grid,5: offshor grid,
5,offshor grid,5: offshor grid,
5,offshor grid,5: offshor grid,
5,offshor grid,5: offshor grid,
5,offshor grid,5: offshor grid,
5,offshor grid,5: offshor grid,
5,offshor grid,5: offshor grid,
5,offshor grid,5: offshor grid,
5,offshor grid,5: offshor grid,
5,offshor grid,5: offshor grid,
5,offshor grid,5: offshor grid,
5,offshor grid,5: offshor grid,
5,offshor grid,5: offshor grid,
5,offshor grid,5: offshor grid,
5,offshor grid,5: offshor grid,
5,offshor grid,5: offshor grid,
5,offshor grid,5: offshor grid,
5,offshor grid,5: offshor grid,
5,offshor grid,5: offshor grid,
5,offshor grid,5: offshor grid,
5,offshor grid,5: offshor grid,
5,offshor grid,5: offshor grid,
5,offshor grid,5: offshor grid,
5,offshor grid,5: offshor grid,
5,offshor grid,5: offshor grid,
5,offshor grid,5: offshor grid,
5,offshor grid,5: offshor grid,
5,offshor grid,5: offshor grid,
5,offshor grid,5: offshor grid,
5,offshor grid,5: offshor grid,
5,offshor grid,5: offshor grid,
5,offshor grid,5: offshor grid,
5,offshor grid,5: offshor grid,
5,offshor grid,5: offshor grid,
5,offshor grid,5: offshor grid,
5,offshor grid,5: offshor grid,
5,offshor grid,5: offshor grid,
5,offshor grid,5: offshor grid,
5,offshor grid,5: offshor grid,
5,offshor grid,5: offshor grid,
5,offshor grid,5: offshor grid,
5,offshor grid,5: offshor grid,
5,offshor grid,5: offshor grid,
5,offshor grid,5: offshor grid,
5,offshor grid,5: offshor grid,
5,offshor grid,5: offshor grid,
5,offshor grid,5: offshor grid,
5,offshor grid,5: offshor grid,
5,offshor grid,5: offshor grid,
5,offshor grid,5: offshor grid,
5,offshor grid,5: offshor grid,
5,offshor grid,5: offshor grid,
5,offshor grid,5: offshor grid,
5,offshor grid,5: offshor grid,
5,offshor grid,5: offshor grid,
5,offshor grid,5: offshor grid,
5,offshor grid,5: offshor grid,
5,offshor grid,5: offshor grid,
5,offshor grid,5: offshor grid,
5,offshor grid,5: offshor grid,
5,offshor grid,5: offshor grid,
5,offshor grid,5: offshor grid,
5,offshor grid,5: offshor grid,
5,offshor grid,5: offshor grid,
5,offshor grid,5: offshor grid,
5,offshor grid,5: offshor grid,
5,offshor grid,5: offshor grid,
5,offshor grid,5: offshor grid,
5,offshor grid,5: offshor grid,
5,offshor grid,5: offshor grid,
5,offshor grid,5: offshor grid,
5,offshor grid,5: offshor grid,
5,offshor grid,5: offshor grid,
5,offshor grid,5: offshor grid,
5,offshor grid,5: offshor grid,
5,offshor grid,5: offshor grid,
5,offshor grid,5: offshor grid,
5,offshor grid,5: offshor grid,
5,offshor grid,5: offshor grid,
5,offshor grid,5: offshor grid,
5,offshor grid,5: offshor grid,
5,offshor grid,5: offshor grid,
5,offshor grid,5: offshor grid,
5,offshor grid,5: offshor grid,
5,offshor grid,5: offshor grid,
5,offshor grid,5: offshor grid,
5,offshor grid,5: offshor grid,
5,offshor grid,5: offshor grid,
5,offshor grid,5: offshor grid,
5,offshor grid,5: offshor grid,
5,offshor grid,5: offshor grid,
5,offshor grid,5: offshor grid,
7,renew energi,7: renew energi,
7,renew energi,7: renew energi,
7,renew energi,7: renew energi,
7,renew energi,7: renew energi,
7,renew energi,7: renew energi,
7,renew energi,7: renew energi,
7,renew energi,7: renew energi,
7,renew energi,7: renew energi,
7,renew energi,7: renew energi,
7,renew energi,7: renew energi,
7,renew energi,7: renew energi,
7,renew energi,7: renew energi,
7,renew energi,7: renew energi,
7,renew energi,7: renew energi,
7,renew energi,7: renew energi,
7,renew energi,7: renew energi,
7,renew energi,7: renew energi,
7,renew energi,7: renew energi,
7,renew energi,7: renew energi,
7,renew energi,7: renew energi,
7,renew energi,7: renew energi,
7,renew energi,7: renew energi,
7,renew energi,7: renew energi,
7,renew energi,7: renew energi,
7,renew energi,7: renew energi,
7,renew energi,7: renew energi,
7,renew energi,7: renew energi,
7,renew energi,7: renew energi,
7,renew energi,7: renew energi,
7,renew energi,7: renew energi,
7,renew energi,7: renew energi,
7,renew energi,7: renew energi,
7,renew energi,7: renew energi,
7,renew energi,7: renew energi,
7,renew energi,7: renew energi,
7,renew energi,7: renew energi,
7,renew energi,7: renew energi,
7,renew energi,7: renew energi,
7,renew energi,7: renew energi,
7,renew energi,7: renew energi,
7,renew energi,7: renew energi,
7,renew energi,7: renew energi,
7,renew energi,7: renew energi,
7,renew energi,7: renew energi,
7,renew energi,7: renew energi,
7,renew energi,7: renew energi,
7,renew energi,7: renew energi,
7,renew energi,7: renew energi,
7,renew energi,7: renew energi,
7,renew energi,7: renew energi,
7,renew energi,7: renew energi,
7,renew energi,7: renew energi,
7,renew energi,7: renew energi,
7,renew energi,7: renew energi,
7,renew energi,7: renew energi,
7,renew energi,7: renew energi,
7,renew energi,7: renew energi,
7,renew energi,7: renew energi,
7,renew energi,7: renew energi,
7,renew energi,7: renew energi,
7,renew energi,7: renew energi,
7,renew energi,7: renew energi,
7,renew energi,7: renew energi,
7,renew energi,7: renew energi,
7,renew energi,7: renew energi,
7,renew energi,7: renew energi,
7,renew energi,7: renew energi,
7,renew energi,7: renew energi,
7,renew energi,7: renew energi,
7,renew energi,7: renew energi,
7,renew energi,7: renew energi,
7,renew energi,7: renew energi,
7,renew energi,7: renew energi,
7,renew energi,7: renew energi,
7,renew energi,7: renew energi,
7,renew energi,7: renew energi,
7,renew energi,7: renew energi,
7,renew energi,7: renew energi,
7,renew energi,7: renew energi,
7,renew energi,7: renew energi,
7,renew energi,7: renew energi,
7,renew energi,7: renew energi,
7,renew energi,7: renew energi,
7,renew energi,7: renew energi,
7,renew energi,7: renew energi,
7,renew energi,7: renew energi,
7,renew energi,7: renew energi,
7,renew energi,7: renew energi,
7,renew energi,7: renew energi,
7,renew energi,7: renew energi,
7,renew energi,7: renew energi,
7,renew energi,7: renew energi,
7,renew energi,7: renew energi,
7,renew energi,7: renew energi,
7,renew energi,7: renew energi,
7,renew energi,7: renew energi,
7,renew energi,7: renew energi,
7,renew energi,7: renew energi,
7,renew energi,7: renew energi,
7,renew energi,7: renew energi,
7,renew energi,7: renew energi,
7,renew energi,7: renew energi,
7,renew energi,7: renew energi,
7,renew energi,7: renew energi,
7,renew energi,7: renew energi,
7,renew energi,7: renew energi,
7,renew energi,7: renew energi,
7,renew energi,7: renew energi,
7,renew energi,7: renew energi,
7,renew energi,7: renew energi,
7,renew energi,7: renew energi,
7,renew energi,7: renew energi,
7,renew energi,7: renew energi,
7,renew energi,7: renew energi,
7,renew energi,7: renew energi,
7,renew energi,7: renew energi,
7,renew energi,7: renew energi,
7,renew energi,7: renew energi,
7,renew energi,7: renew energi,
7,renew energi,7: renew energi,
7,renew energi,7: renew energi,
7,renew energi,7: renew energi,
7,renew energi,7: renew energi,
7,renew energi,7: renew energi,
7,renew energi,7: renew energi,
7,renew energi,7: renew energi,
7,renew energi,7: renew energi,
7,renew energi,7: renew energi,
7,renew energi,7: renew energi,
7,renew energi,7: renew energi,
7,renew energi,7: renew energi,
7,renew energi,7: renew energi,
7,renew energi,7: renew energi,
7,renew energi,7: renew energi,
7,renew energi,7: renew energi,
7,renew energi,7: renew energi,
7,renew energi,7: renew energi,
7,renew energi,7: renew energi,
7,renew energi,7: renew energi,
7,renew energi,7: renew energi,
7,renew energi,7: renew energi,
7,renew energi,7: renew energi,
7,renew energi,7: renew energi,
7,renew energi,7: renew energi,
7,renew energi,7: renew energi,
7,renew energi,7: renew energi,
9,wind farm,9: wind farm,
9,wind farm,9: wind farm,
9,wind farm,9: wind farm,
9,wind farm,9: wind farm,
9,wind farm,9: wind farm,
9,wind farm,9: wind farm,
9,wind farm,9: wind farm,
9,wind farm,9: wind farm,
9,wind farm,9: wind farm,
9,wind farm,9: wind farm,
9,wind farm,9: wind farm,
9,wind farm,9: wind farm,
9,wind farm,9: wind farm,
9,wind farm,9: wind farm,
9,wind farm,9: wind farm,
9,wind farm,9: wind farm,
9,wind farm,9: wind farm,
9,wind farm,9: wind farm,
9,wind farm,9: wind farm,
9,wind farm,9: wind farm,
9,wind farm,9: wind farm,
9,wind farm,9: wind farm,
9,wind farm,9: wind farm,
9,wind farm,9: wind farm,
9,wind farm,9: wind farm,
9,wind farm,9: wind farm,
9,wind farm,9: wind farm,
9,wind farm,9: wind farm,
9,wind farm,9: wind farm,
9,wind farm,9: wind farm,
9,wind farm,9: wind farm,
9,wind farm,9: wind farm,
9,wind farm,9: wind farm,
9,wind farm,9: wind farm,
9,wind farm,9: wind farm,
9,wind farm,9: wind farm,
9,wind farm,9: wind farm,
9,wind farm,9: wind farm,
9,wind farm,9: wind farm,
9,wind farm,9: wind farm,
9,wind farm,9: wind farm,
9,wind farm,9: wind farm,
9,wind farm,9: wind farm,
9,wind farm,9: wind farm,
9,wind farm,9: wind farm,
9,wind farm,9: wind farm,
9,wind farm,9: wind farm,
9,wind farm,9: wind farm,
9,wind farm,9: wind farm,
9,wind farm,9: wind farm,
9,wind farm,9: wind farm,
9,wind farm,9: wind farm,
9,wind farm,9: wind farm,
9,wind farm,9: wind farm,
9,wind farm,9: wind farm,
9,wind farm,9: wind farm,
9,wind farm,9: wind farm,
9,wind farm,9: wind farm,
9,wind farm,9: wind farm,
9,wind farm,9: wind farm,
9,wind farm,9: wind farm,
9,wind farm,9: wind farm,
9,wind farm,9: wind farm,
9,wind farm,9: wind farm,
9,wind farm,9: wind farm,
9,wind farm,9: wind farm,
9,wind farm,9: wind farm,
9,wind farm,9: wind farm,
9,wind farm,9: wind farm,
9,wind farm,9: wind farm,
9,wind farm,9: wind farm,
9,wind farm,9: wind farm,
9,wind farm,9: wind farm,
9,wind farm,9: wind farm,
9,wind farm,9: wind farm,
9,wind farm,9: wind farm,
9,wind farm,9: wind farm,
9,wind farm,9: wind farm,
9,wind farm,9: wind farm,
9,wind farm,9: wind farm,
9,wind farm,9: wind farm,
9,wind farm,9: wind farm,
9,wind farm,9: wind farm,
9,wind farm,9: wind farm,
9,wind farm,9: wind farm,
9,wind farm,9: wind farm,
9,wind farm,9: wind farm,
9,wind farm,9: wind farm,
9,wind farm,9: wind farm,
9,wind farm,9: wind farm,
9,wind farm,9: wind farm,
9,wind farm,9: wind farm,
9,wind farm,9: wind farm,
9,wind farm,9: wind farm,
9,wind farm,9: wind farm,
9,wind farm,9: wind farm,
9,wind farm,9: wind farm,
9,wind farm,9: wind farm,
9,wind farm,9: wind farm,
9,wind farm,9: wind farm,
9,wind farm,9: wind farm,
9,wind farm,9: wind farm,
9,wind farm,9: wind farm,
9,wind farm,9: wind farm,
9,wind farm,9: wind farm,
9,wind farm,9: wind farm,
9,wind farm,9: wind farm,
9,wind farm,9: wind farm,
9,wind farm,9: wind farm,
9,wind farm,9: wind farm,
9,wind farm,9: wind farm,
9,wind farm,9: wind farm,
9,wind farm,9: wind farm,
9,wind farm,9: wind farm,
9,wind farm,9: wind farm,
9,wind farm,9: wind farm,
9,wind farm,9: wind farm,
9,wind farm,9: wind farm,
9,wind farm,9: wind farm,
9,wind farm,9: wind farm,
9,wind farm,9: wind farm,
9,wind farm,9: wind farm,
9,wind farm,9: wind farm,
9,wind farm,9: wind farm,
9,wind farm,9: wind farm,
9,wind farm,9: wind farm,
9,wind farm,9: wind farm,
9,wind farm,9: wind farm,
9,wind farm,9: wind farm,
9,wind farm,9: wind farm,
9,wind farm,9: wind farm,
9,wind farm,9: wind farm,
9,wind farm,9: wind farm,
9,wind farm,9: wind farm,
9,wind farm,9: wind farm,
9,wind farm,9: wind farm,
9,wind farm,9: wind farm,
9,wind farm,9: wind farm,
9,wind farm,9: wind farm,
9,wind farm,9: wind farm,
9,wind farm,9: wind farm,
9,wind farm,9: wind farm,
9,wind farm,9: wind farm,
9,wind farm,9: wind farm,
9,wind farm,9: wind farm,
9,wind farm,9: wind farm,
9,wind farm,9: wind farm,
9,wind farm,9: wind farm,
9,wind farm,9: wind farm,
9,wind farm,9: wind farm,
9,wind farm,9: wind farm,
9,wind farm,9: wind farm,
9,wind farm,9: wind farm,
9,wind farm,9: wind farm,
9,wind farm,9: wind farm,
9,wind farm,9: wind farm,
9,wind farm,9: wind farm,
9,wind farm,9: wind farm,
9,wind farm,9: wind farm,
9,wind farm,9: wind farm,
9,wind farm,9: wind farm,
7,renew energi,7: renew energi,
7,renew energi,7: renew energi,
7,renew energi,7: renew energi,
7,renew energi,7: renew energi,
7,renew energi,7: renew energi,
7,renew energi,7: renew energi,
7,renew energi,7: renew energi,
7,renew energi,7: renew energi,
7,renew energi,7: renew energi,
7,renew energi,7: renew energi,
7,renew energi,7: renew energi,
7,renew energi,7: renew energi,
7,renew energi,7: renew energi,
7,renew energi,7: renew energi,
7,renew energi,7: renew energi,
7,renew energi,7: renew energi,
7,renew energi,7: renew energi,
7,renew energi,7: renew energi,
7,renew energi,7: renew energi,
7,renew energi,7: renew energi,
7,renew energi,7: renew energi,
7,renew energi,7: renew energi,
7,renew energi,7: renew energi,
7,renew energi,7: renew energi,
7,renew energi,7: renew energi,
7,renew energi,7: renew energi,
7,renew energi,7: renew energi,
7,renew energi,7: renew energi,
7,renew energi,7: renew energi,
7,renew energi,7: renew energi,
7,renew energi,7: renew energi,
7,renew energi,7: renew energi,
7,renew energi,7: renew energi,
7,renew energi,7: renew energi,
7,renew energi,7: renew energi,
7,renew energi,7: renew energi,
7,renew energi,7: renew energi,
7,renew energi,7: renew energi,
7,renew energi,7: renew energi,
7,renew energi,7: renew energi,
7,renew energi,7: renew energi,
7,renew energi,7: renew energi,
7,renew energi,7: renew energi,
7,renew energi,7: renew energi,
7,renew energi,7: renew energi,
7,renew energi,7: renew energi,
7,renew energi,7: renew energi,
7,renew energi,7: renew energi,
7,renew energi,7: renew energi,
7,renew energi,7: renew energi,
7,renew energi,7: renew energi,
7,renew energi,7: renew energi,
7,renew energi,7: renew energi,
7,renew energi,7: renew energi,
7,renew energi,7: renew energi,
7,renew energi,7: renew energi,
7,renew energi,7: renew energi,
7,renew energi,7: renew energi,
7,renew energi,7: renew energi,
7,renew energi,7: renew energi,
7,renew energi,7: renew energi,
7,renew energi,7: renew energi,
7,renew energi,7: renew energi,
7,renew energi,7: renew energi,
7,renew energi,7: renew energi,
7,renew energi,7: renew energi,
7,renew energi,7: renew energi,
7,renew energi,7: renew energi,
7,renew energi,7: renew energi,
7,renew energi,7: renew energi,
7,renew energi,7: renew energi,
7,renew energi,7: renew energi,
7,renew energi,7: renew energi,
7,renew energi,7: renew energi,
7,renew energi,7: renew energi,
7,renew energi,7: renew energi,
7,renew energi,7: renew energi,
7,renew energi,7: renew energi,
7,renew energi,7: renew energi,
7,renew energi,7: renew energi,
7,renew energi,7: renew energi,
7,renew energi,7: renew energi,
7,renew energi,7: renew energi,
7,renew energi,7: renew energi,
7,renew energi,7: renew energi,
7,renew energi,7: renew energi,
7,renew energi,7: renew energi,
7,renew energi,7: renew energi,
7,renew energi,7: renew energi,
7,renew energi,7: renew energi,
7,renew energi,7: renew energi,
7,renew energi,7: renew energi,
7,renew energi,7: renew energi,
7,renew energi,7: renew energi,
7,renew energi,7: renew energi,
7,renew energi,7: renew energi,
7,renew energi,7: renew energi,
7,renew energi,7: renew energi,
7,renew energi,7: renew energi,
7,renew energi,7: renew energi,
7,renew energi,7: renew energi,
7,renew energi,7: renew energi,
7,renew energi,7: renew energi,
7,renew energi,7: renew energi,
7,renew energi,7: renew energi,
7,renew energi,7: renew energi,
7,renew energi,7: renew energi,
7,renew energi,7: renew energi,
7,renew energi,7: renew energi,
7,renew energi,7: renew energi,
7,renew energi,7: renew energi,
7,renew energi,7: renew energi,
7,renew energi,7: renew energi,
7,renew energi,7: renew energi,
7,renew energi,7: renew energi,
7,renew energi,7: renew energi,
7,renew energi,7: renew energi,
7,renew energi,7: renew energi,
7,renew energi,7: renew energi,
7,renew energi,7: renew energi,
7,renew energi,7: renew energi,
7,renew energi,7: renew energi,
7,renew energi,7: renew energi,
7,renew energi,7: renew energi,
7,renew energi,7: renew energi,
7,renew energi,7: renew energi,
7,renew energi,7: renew energi,
7,renew energi,7: renew energi,
7,renew energi,7: renew energi,
7,renew energi,7: renew energi,
7,renew energi,7: renew energi,
7,renew energi,7: renew energi,
7,renew energi,7: renew energi,
7,renew energi,7: renew energi,
7,renew energi,7: renew energi,
7,renew energi,7: renew energi,
7,renew energi,7: renew energi,
7,renew energi,7: renew energi,
7,renew energi,7: renew energi,
7,renew energi,7: renew energi,
7,renew energi,7: renew energi,
7,renew energi,7: renew energi,
7,renew energi,7: renew energi,
7,renew energi,7: renew energi,
7,renew energi,7: renew energi,
7,renew energi,7: renew energi,
7,renew energi,7: renew energi,
7,renew energi,7: renew energi,
7,renew energi,7: renew energi,
7,renew energi,7: renew energi,
7,renew energi,7: renew energi,
7,renew energi,7: renew energi,
7,renew energi,7: renew energi,
7,renew energi,7: renew energi,
7,renew energi,7: renew energi,
7,renew energi,7: renew energi,
7,renew energi,7: renew energi,
7,renew energi,7: renew energi,
7,renew energi,7: renew energi,
7,renew energi,7: renew energi,
7,renew energi,7: renew energi,
7,renew energi,7: renew energi,
7,renew energi,7: renew energi,
7,renew energi,7: renew energi,
7,renew energi,7: renew energi,
7,renew energi,7: renew energi,
7,renew energi,7: renew energi,
7,renew energi,7: renew energi,
7,renew energi,7: renew energi,
7,renew energi,7: renew energi,
7,renew energi,7: renew energi,
7,renew energi,7: renew energi,
7,renew energi,7: renew energi,
7,renew energi,7: renew energi,
7,renew energi,7: renew energi,
7,renew energi,7: renew energi,
7,renew energi,7: renew energi,
7,renew energi,7: renew energi,
7,renew energi,7: renew energi,
7,renew energi,7: renew energi,
7,renew energi,7: renew energi,
7,renew energi,7: renew energi,
7,renew energi,7: renew energi,
7,renew energi,7: renew energi,
7,renew energi,7: renew energi,
7,renew energi,7: renew energi,
7,renew energi,7: renew energi,
7,renew energi,7: renew energi,
7,renew energi,7: renew energi,
7,renew energi,7: renew energi,
7,renew energi,7: renew energi,
7,renew energi,7: renew energi,
7,renew energi,7: renew energi,
7,renew energi,7: renew energi,
7,renew energi,7: renew energi,
7,renew energi,7: renew energi,
7,renew energi,7: renew energi,
7,renew energi,7: renew energi,
7,renew energi,7: renew energi,
7,renew energi,7: renew energi,
7,renew energi,7: renew energi,
7,renew energi,7: renew energi,
7,renew energi,7: renew energi,
7,renew energi,7: renew energi,
7,renew energi,7: renew energi,
7,renew energi,7: renew energi,
7,renew energi,7: renew energi,
7,renew energi,7: renew energi,
7,renew energi,7: renew energi,
7,renew energi,7: renew energi,
7,renew energi,7: renew energi,
7,renew energi,7: renew energi,
7,renew energi,7: renew energi,
7,renew energi,7: renew energi,
7,renew energi,7: renew energi,
7,renew energi,7: renew energi,
7,renew energi,7: renew energi,
7,renew energi,7: renew energi,
7,renew energi,7: renew energi,
7,renew energi,7: renew energi,
7,renew energi,7: renew energi,
7,renew energi,7: renew energi,
7,renew energi,7: renew energi,
7,renew energi,7: renew energi,
7,renew energi,7: renew energi,
7,renew energi,7: renew energi,
7,renew energi,7: renew energi,
7,renew energi,7: renew energi,
7,renew energi,7: renew energi,
7,renew energi,7: renew energi,
7,renew energi,7: renew energi,
7,renew energi,7: renew energi,
7,renew energi,7: renew energi,
7,renew energi,7: renew energi,
7,renew energi,7: renew energi,
7,renew energi,7: renew energi,
7,renew energi,7: renew energi,
7,renew energi,7: renew energi,
7,renew energi,7: renew energi,
7,renew energi,7: renew energi,
7,renew energi,7: renew energi,
7,renew energi,7: renew energi,
7,renew energi,7: renew energi,
7,renew energi,7: renew energi,
7,renew energi,7: renew energi,
7,renew energi,7: renew energi,
7,renew energi,7: renew energi,
7,renew energi,7: renew energi,
7,renew energi,7: renew energi,
7,renew energi,7: renew energi,
7,renew energi,7: renew energi,
7,renew energi,7: renew energi,
7,renew energi,7: renew energi,
7,renew energi,7: renew energi,
7,renew energi,7: renew energi,
7,renew energi,7: renew energi,
7,renew energi,7: renew energi,
7,renew energi,7: renew energi,
7,renew energi,7: renew energi,
7,renew energi,7: renew energi,
7,renew energi,7: renew energi,
7,renew energi,7: renew energi,
7,renew energi,7: renew energi,
7,renew energi,7: renew energi,
7,renew energi,7: renew energi,
7,renew energi,7: renew energi,
7,renew energi,7: renew energi,
7,renew energi,7: renew energi,
7,renew energi,7: renew energi,
7,renew energi,7: renew energi,
7,renew energi,7: renew energi,
7,renew energi,7: renew energi,
7,renew energi,7: renew energi,
7,renew energi,7: renew energi,
7,renew energi,7: renew energi,
7,renew energi,7: renew energi,
7,renew energi,7: renew energi,
7,renew energi,7: renew energi,
7,renew energi,7: renew energi,
7,renew energi,7: renew energi,
7,renew energi,7: renew energi,
7,renew energi,7: renew energi,
7,renew energi,7: renew energi,
7,renew energi,7: renew energi,
7,renew energi,7: renew energi,
7,renew energi,7: renew energi,
7,renew energi,7: renew energi,
7,renew energi,7: renew energi,
7,renew energi,7: renew energi,
7,renew energi,7: renew energi,
7,renew energi,7: renew energi,
7,renew energi,7: renew energi,
5,offshor grid,5: offshor grid,
5,offshor grid,5: offshor grid,
5,offshor grid,5: offshor grid,
5,offshor grid,5: offshor grid,
5,offshor grid,5: offshor grid,
5,offshor grid,5: offshor grid,
5,offshor grid,5: offshor grid,
5,offshor grid,5: offshor grid,
5,offshor grid,5: offshor grid,
5,offshor grid,5: offshor grid,
5,offshor grid,5: offshor grid,
5,offshor grid,5: offshor grid,
5,offshor grid,5: offshor grid,
5,offshor grid,5: offshor grid,
5,offshor grid,5: offshor grid,
5,offshor grid,5: offshor grid,
5,offshor grid,5: offshor grid,
5,offshor grid,5: offshor grid,
5,offshor grid,5: offshor grid,
5,offshor grid,5: offshor grid,
5,offshor grid,5: offshor grid,
5,offshor grid,5: offshor grid,
5,offshor grid,5: offshor grid,
5,offshor grid,5: offshor grid,
5,offshor grid,5: offshor grid,
5,offshor grid,5: offshor grid,
5,offshor grid,5: offshor grid,
5,offshor grid,5: offshor grid,
5,offshor grid,5: offshor grid,
5,offshor grid,5: offshor grid,
5,offshor grid,5: offshor grid,
5,offshor grid,5: offshor grid,
5,offshor grid,5: offshor grid,
5,offshor grid,5: offshor grid,
5,offshor grid,5: offshor grid,
5,offshor grid,5: offshor grid,
5,offshor grid,5: offshor grid,
5,offshor grid,5: offshor grid,
5,offshor grid,5: offshor grid,
5,offshor grid,5: offshor grid,
5,offshor grid,5: offshor grid,
5,offshor grid,5: offshor grid,
5,offshor grid,5: offshor grid,
5,offshor grid,5: offshor grid,
5,offshor grid,5: offshor grid,
5,offshor grid,5: offshor grid,
5,offshor grid,5: offshor grid,
5,offshor grid,5: offshor grid,
5,offshor grid,5: offshor grid,
5,offshor grid,5: offshor grid,
5,offshor grid,5: offshor grid,
5,offshor grid,5: offshor grid,
5,offshor grid,5: offshor grid,
5,offshor grid,5: offshor grid,
5,offshor grid,5: offshor grid,
5,offshor grid,5: offshor grid,
5,offshor grid,5: offshor grid,
5,offshor grid,5: offshor grid,
5,offshor grid,5: offshor grid,
5,offshor grid,5: offshor grid,
5,offshor grid,5: offshor grid,
5,offshor grid,5: offshor grid,
5,offshor grid,5: offshor grid,
5,offshor grid,5: offshor grid,
5,offshor grid,5: offshor grid,
5,offshor grid,5: offshor grid,
5,offshor grid,5: offshor grid,
5,offshor grid,5: offshor grid,
5,offshor grid,5: offshor grid,
5,offshor grid,5: offshor grid,
5,offshor grid,5: offshor grid,
5,offshor grid,5: offshor grid,
5,offshor grid,5: offshor grid,
5,offshor grid,5: offshor grid,
5,offshor grid,5: offshor grid,
5,offshor grid,5: offshor grid,
5,offshor grid,5: offshor grid,
5,offshor grid,5: offshor grid,
5,offshor grid,5: offshor grid,
5,offshor grid,5: offshor grid,
5,offshor grid,5: offshor grid,
5,offshor grid,5: offshor grid,
5,offshor grid,5: offshor grid,
5,offshor grid,5: offshor grid,
5,offshor grid,5: offshor grid,
5,offshor grid,5: offshor grid,
5,offshor grid,5: offshor grid,
5,offshor grid,5: offshor grid,
5,offshor grid,5: offshor grid,
5,offshor grid,5: offshor grid,
5,offshor grid,5: offshor grid,
5,offshor grid,5: offshor grid,
5,offshor grid,5: offshor grid,
5,offshor grid,5: offshor grid,
5,offshor grid,5: offshor grid,
5,offshor grid,5: offshor grid,
5,offshor grid,5: offshor grid,
5,offshor grid,5: offshor grid,
5,offshor grid,5: offshor grid,
5,offshor grid,5: offshor grid,
5,offshor grid,5: offshor grid,
5,offshor grid,5: offshor grid,
5,offshor grid,5: offshor grid,
5,offshor grid,5: offshor grid,
5,offshor grid,5: offshor grid,
5,offshor grid,5: offshor grid,
5,offshor grid,5: offshor grid,
5,offshor grid,5: offshor grid,
5,offshor grid,5: offshor grid,
5,offshor grid,5: offshor grid,
5,offshor grid,5: offshor grid,
5,offshor grid,5: offshor grid,
5,offshor grid,5: offshor grid,
5,offshor grid,5: offshor grid,
5,offshor grid,5: offshor grid,
5,offshor grid,5: offshor grid,
5,offshor grid,5: offshor grid,
5,offshor grid,5: offshor grid,
5,offshor grid,5: offshor grid,
5,offshor grid,5: offshor grid,
5,offshor grid,5: offshor grid,
5,offshor grid,5: offshor grid,
5,offshor grid,5: offshor grid,
5,offshor grid,5: offshor grid,
5,offshor grid,5: offshor grid,
5,offshor grid,5: offshor grid,
5,offshor grid,5: offshor grid,
5,offshor grid,5: offshor grid,
5,offshor grid,5: offshor grid,
5,offshor grid,5: offshor grid,
5,offshor grid,5: offshor grid,
5,offshor grid,5: offshor grid,
5,offshor grid,5: offshor grid,
5,offshor grid,5: offshor grid,
5,offshor grid,5: offshor grid,
5,offshor grid,5: offshor grid,
5,offshor grid,5: offshor grid,
5,offshor grid,5: offshor grid,
5,offshor grid,5: offshor grid,
5,offshor grid,5: offshor grid,
5,offshor grid,5: offshor grid,
5,offshor grid,5: offshor grid,
5,offshor grid,5: offshor grid,
5,offshor grid,5: offshor grid,
5,offshor grid,5: offshor grid,
5,offshor grid,5: offshor grid,
5,offshor grid,5: offshor grid,
5,offshor grid,5: offshor grid,
5,offshor grid,5: offshor grid,
5,offshor grid,5: offshor grid,
5,offshor grid,5: offshor grid,
5,offshor grid,5: offshor grid,
5,offshor grid,5: offshor grid,
5,offshor grid,5: offshor grid,
5,offshor grid,5: offshor grid,
5,offshor grid,5: offshor grid,
5,offshor grid,5: offshor grid,
5,offshor grid,5: offshor grid,
5,offshor grid,5: offshor grid,
5,offshor grid,5: offshor grid,
5,offshor grid,5: offshor grid,
5,offshor grid,5: offshor grid,
5,offshor grid,5: offshor grid,
5,offshor grid,5: offshor grid,
5,offshor grid,5: offshor grid,
5,offshor grid,5: offshor grid,
5,offshor grid,5: offshor grid,
5,offshor grid,5: offshor grid,
5,offshor grid,5: offshor grid,
5,offshor grid,5: offshor grid,
5,offshor grid,5: offshor grid,
5,offshor grid,5: offshor grid,
5,offshor grid,5: offshor grid,
5,offshor grid,5: offshor grid,
5,offshor grid,5: offshor grid,
7,renew energi,7: renew energi,
7,renew energi,7: renew energi,
7,renew energi,7: renew energi,
7,renew energi,7: renew energi,
7,renew energi,7: renew energi,
7,renew energi,7: renew energi,
7,renew energi,7: renew energi,
7,renew energi,7: renew energi,
7,renew energi,7: renew energi,
7,renew energi,7: renew energi,
7,renew energi,7: renew energi,
7,renew energi,7: renew energi,
7,renew energi,7: renew energi,
7,renew energi,7: renew energi,
7,renew energi,7: renew energi,
7,renew energi,7: renew energi,
7,renew energi,7: renew energi,
7,renew energi,7: renew energi,
7,renew energi,7: renew energi,
7,renew energi,7: renew energi,
7,renew energi,7: renew energi,
7,renew energi,7: renew energi,
7,renew energi,7: renew energi,
7,renew energi,7: renew energi,
7,renew energi,7: renew energi,
7,renew energi,7: renew energi,
7,renew energi,7: renew energi,
7,renew energi,7: renew energi,
7,renew energi,7: renew energi,
7,renew energi,7: renew energi,
7,renew energi,7: renew energi,
7,renew energi,7: renew energi,
7,renew energi,7: renew energi,
7,renew energi,7: renew energi,
7,renew energi,7: renew energi,
7,renew energi,7: renew energi,
7,renew energi,7: renew energi,
7,renew energi,7: renew energi,
7,renew energi,7: renew energi,
7,renew energi,7: renew energi,
7,renew energi,7: renew energi,
7,renew energi,7: renew energi,
7,renew energi,7: renew energi,
7,renew energi,7: renew energi,
7,renew energi,7: renew energi,
7,renew energi,7: renew energi,
7,renew energi,7: renew energi,
7,renew energi,7: renew energi,
7,renew energi,7: renew energi,
7,renew energi,7: renew energi,
7,renew energi,7: renew energi,
7,renew energi,7: renew energi,
7,renew energi,7: renew energi,
7,renew energi,7: renew energi,
7,renew energi,7: renew energi,
7,renew energi,7: renew energi,
7,renew energi,7: renew energi,
7,renew energi,7: renew energi,
7,renew energi,7: renew energi,
7,renew energi,7: renew energi,
7,renew energi,7: renew energi,
7,renew energi,7: renew energi,
7,renew energi,7: renew energi,
7,renew energi,7: renew energi,
7,renew energi,7: renew energi,
7,renew energi,7: renew energi,
7,renew energi,7: renew energi,
7,renew energi,7: renew energi,
7,renew energi,7: renew energi,
7,renew energi,7: renew energi,
7,renew energi,7: renew energi,
7,renew energi,7: renew energi,
7,renew energi,7: renew energi,
7,renew energi,7: renew energi,
7,renew energi,7: renew energi,
7,renew energi,7: renew energi,
7,renew energi,7: renew energi,
7,renew energi,7: renew energi,
7,renew energi,7: renew energi,
7,renew energi,7: renew energi,
7,renew energi,7: renew energi,
7,renew energi,7: renew energi,
7,renew energi,7: renew energi,
7,renew energi,7: renew energi,
7,renew energi,7: renew energi,
7,renew energi,7: renew energi,
7,renew energi,7: renew energi,
7,renew energi,7: renew energi,
7,renew energi,7: renew energi,
7,renew energi,7: renew energi,
7,renew energi,7: renew energi,
7,renew energi,7: renew energi,
7,renew energi,7: renew energi,
7,renew energi,7: renew energi,
7,renew energi,7: renew energi,
7,renew energi,7: renew energi,
7,renew energi,7: renew energi,
7,renew energi,7: renew energi,
7,renew energi,7: renew energi,
7,renew energi,7: renew energi,
7,renew energi,7: renew energi,
7,renew energi,7: renew energi,
7,renew energi,7: renew energi,
7,renew energi,7: renew energi,
7,renew energi,7: renew energi,
7,renew energi,7: renew energi,
7,renew energi,7: renew energi,
7,renew energi,7: renew energi,
7,renew energi,7: renew energi,
7,renew energi,7: renew energi,
7,renew energi,7: renew energi,
7,renew energi,7: renew energi,
7,renew energi,7: renew energi,
7,renew energi,7: renew energi,
7,renew energi,7: renew energi,
7,renew energi,7: renew energi,
7,renew energi,7: renew energi,
7,renew energi,7: renew energi,
7,renew energi,7: renew energi,
7,renew energi,7: renew energi,
7,renew energi,7: renew energi,
7,renew energi,7: renew energi,
7,renew energi,7: renew energi,
7,renew energi,7: renew energi,
7,renew energi,7: renew energi,
7,renew energi,7: renew energi,
7,renew energi,7: renew energi,
7,renew energi,7: renew energi,
7,renew energi,7: renew energi,
7,renew energi,7: renew energi,
7,renew energi,7: renew energi,
7,renew energi,7: renew energi,
7,renew energi,7: renew energi,
7,renew energi,7: renew energi,
7,renew energi,7: renew energi,
7,renew energi,7: renew energi,
7,renew energi,7: renew energi,
7,renew energi,7: renew energi,
7,renew energi,7: renew energi,
7,renew energi,7: renew energi,
7,renew energi,7: renew energi,
7,renew energi,7: renew energi,
7,renew energi,7: renew energi,
7,renew energi,7: renew energi,
7,renew energi,7: renew energi,
7,renew energi,7: renew energi,
9,wind farm,9: wind farm,
9,wind farm,9: wind farm,
9,wind farm,9: wind farm,
9,wind farm,9: wind farm,
9,wind farm,9: wind farm,
9,wind farm,9: wind farm,
9,wind farm,9: wind farm,
9,wind farm,9: wind farm,
9,wind farm,9: wind farm,
9,wind farm,9: wind farm,
9,wind farm,9: wind farm,
9,wind farm,9: wind farm,
9,wind farm,9: wind farm,
9,wind farm,9: wind farm,
9,wind farm,9: wind farm,
9,wind farm,9: wind farm,
9,wind farm,9: wind farm,
9,wind farm,9: wind farm,
9,wind farm,9: wind farm,
9,wind farm,9: wind farm,
9,wind farm,9: wind farm,
9,wind farm,9: wind farm,
9,wind farm,9: wind farm,
9,wind farm,9: wind farm,
9,wind farm,9: wind farm,
9,wind farm,9: wind farm,
9,wind farm,9: wind farm,
9,wind farm,9: wind farm,
9,wind farm,9: wind farm,
9,wind farm,9: wind farm,
9,wind farm,9: wind farm,
9,wind farm,9: wind farm,
9,wind farm,9: wind farm,
9,wind farm,9: wind farm,
9,wind farm,9: wind farm,
9,wind farm,9: wind farm,
9,wind farm,9: wind farm,
9,wind farm,9: wind farm,
9,wind farm,9: wind farm,
9,wind farm,9: wind farm,
9,wind farm,9: wind farm,
9,wind farm,9: wind farm,
9,wind farm,9: wind farm,
9,wind farm,9: wind farm,
9,wind farm,9: wind farm,
9,wind farm,9: wind farm,
9,wind farm,9: wind farm,
9,wind farm,9: wind farm,
9,wind farm,9: wind farm,
9,wind farm,9: wind farm,
9,wind farm,9: wind farm,
9,wind farm,9: wind farm,
9,wind farm,9: wind farm,
9,wind farm,9: wind farm,
9,wind farm,9: wind farm,
9,wind farm,9: wind farm,
9,wind farm,9: wind farm,
9,wind farm,9: wind farm,
9,wind farm,9: wind farm,
9,wind farm,9: wind farm,
9,wind farm,9: wind farm,
9,wind farm,9: wind farm,
9,wind farm,9: wind farm,
9,wind farm,9: wind farm,
9,wind farm,9: wind farm,
9,wind farm,9: wind farm,
9,wind farm,9: wind farm,
9,wind farm,9: wind farm,
9,wind farm,9: wind farm,
9,wind farm,9: wind farm,
9,wind farm,9: wind farm,
9,wind farm,9: wind farm,
9,wind farm,9: wind farm,
9,wind farm,9: wind farm,
9,wind farm,9: wind farm,
9,wind farm,9: wind farm,
9,wind farm,9: wind farm,
9,wind farm,9: wind farm,
9,wind farm,9: wind farm,
9,wind farm,9: wind farm,
9,wind farm,9: wind farm,
9,wind farm,9: wind farm,
9,wind farm,9: wind farm,
9,wind farm,9: wind farm,
9,wind farm,9: wind farm,
9,wind farm,9: wind farm,
9,wind farm,9: wind farm,
9,wind farm,9: wind farm,
9,wind farm,9: wind farm,
9,wind farm,9: wind farm,
9,wind farm,9: wind farm,
9,wind farm,9: wind farm,
9,wind farm,9: wind farm,
9,wind farm,9: wind farm,
9,wind farm,9: wind farm,
9,wind farm,9: wind farm,
9,wind farm,9: wind farm,
9,wind farm,9: wind farm,
9,wind farm,9: wind farm,
9,wind farm,9: wind farm,
9,wind farm,9: wind farm,
9,wind farm,9: wind farm,
9,wind farm,9: wind farm,
9,wind farm,9: wind farm,
9,wind farm,9: wind farm,
9,wind farm,9: wind farm,
9,wind farm,9: wind farm,
9,wind farm,9: wind farm,
9,wind farm,9: wind farm,
9,wind farm,9: wind farm,
9,wind farm,9: wind farm,
9,wind farm,9: wind farm,
9,wind farm,9: wind farm,
9,wind farm,9: wind farm,
9,wind farm,9: wind farm,
9,wind farm,9: wind farm,
9,wind farm,9: wind farm,
9,wind farm,9: wind farm,
9,wind farm,9: wind farm,
9,wind farm,9: wind farm,
9,wind farm,9: wind farm,
9,wind farm,9: wind farm,
9,wind farm,9: wind farm,
9,wind farm,9: wind farm,
9,wind farm,9: wind farm,
9,wind farm,9: wind farm,
9,wind farm,9: wind farm,
9,wind farm,9: wind farm,
9,wind farm,9: wind farm,
9,wind farm,9: wind farm,
9,wind farm,9: wind farm,
9,wind farm,9: wind farm,
9,wind farm,9: wind farm,
9,wind farm,9: wind farm,
9,wind farm,9: wind farm,
9,wind farm,9: wind farm,
9,wind farm,9: wind farm,
9,wind farm,9: wind farm,
9,wind farm,9: wind farm,
9,wind farm,9: wind farm,
9,wind farm,9: wind farm,
9,wind farm,9: wind farm,
9,wind farm,9: wind farm,
9,wind farm,9: wind farm,
9,wind farm,9: wind farm,
9,wind farm,9: wind farm,
9,wind farm,9: wind farm,
9,wind farm,9: wind farm,
9,wind farm,9: wind farm,
9,wind farm,9: wind farm,
9,wind farm,9: wind farm,
9,wind farm,9: wind farm,
9,wind farm,9: wind farm,
9,wind farm,9: wind farm,
9,wind farm,9: wind farm,
9,wind farm,9: wind farm,
9,wind farm,9: wind farm,
9,wind farm,9: wind farm,
9,wind farm,9: wind farm,
9,wind farm,9: wind farm,
9,wind farm,9: wind farm,
1,abstract avail,1: abstract avail,
1,abstract avail,1: abstract avail,
1,abstract avail,1: abstract avail,
1,abstract avail,1: abstract avail,
1,abstract avail,1: abstract avail,
1,abstract avail,1: abstract avail,
1,abstract avail,1: abstract avail,
1,abstract avail,1: abstract avail,
1,abstract avail,1: abstract avail,
1,abstract avail,1: abstract avail,
1,abstract avail,1: abstract avail,
1,abstract avail,1: abstract avail,
1,abstract avail,1: abstract avail,
1,abstract avail,1: abstract avail,
1,abstract avail,1: abstract avail,
1,abstract avail,1: abstract avail,
1,abstract avail,1: abstract avail,
1,abstract avail,1: abstract avail,
1,abstract avail,1: abstract avail,
1,abstract avail,1: abstract avail,
1,abstract avail,1: abstract avail,
1,abstract avail,1: abstract avail,
1,abstract avail,1: abstract avail,
1,abstract avail,1: abstract avail,
1,abstract avail,1: abstract avail,
1,abstract avail,1: abstract avail,
1,abstract avail,1: abstract avail,
1,abstract avail,1: abstract avail,
1,abstract avail,1: abstract avail,
1,abstract avail,1: abstract avail,
1,abstract avail,1: abstract avail,
1,abstract avail,1: abstract avail,
1,abstract avail,1: abstract avail,
1,abstract avail,1: abstract avail,
1,abstract avail,1: abstract avail,
1,abstract avail,1: abstract avail,
1,abstract avail,1: abstract avail,
1,abstract avail,1: abstract avail,
1,abstract avail,1: abstract avail,
1,abstract avail,1: abstract avail,
1,abstract avail,1: abstract avail,
1,abstract avail,1: abstract avail,
1,abstract avail,1: abstract avail,
1,abstract avail,1: abstract avail,
1,abstract avail,1: abstract avail,
1,abstract avail,1: abstract avail,
1,abstract avail,1: abstract avail,
1,abstract avail,1: abstract avail,
1,abstract avail,1: abstract avail,
1,abstract avail,1: abstract avail,
1,abstract avail,1: abstract avail,
1,abstract avail,1: abstract avail,
1,abstract avail,1: abstract avail,
1,abstract avail,1: abstract avail,
1,abstract avail,1: abstract avail,
1,abstract avail,1: abstract avail,
1,abstract avail,1: abstract avail,
1,abstract avail,1: abstract avail,
1,abstract avail,1: abstract avail,
1,abstract avail,1: abstract avail,
1,abstract avail,1: abstract avail,
1,abstract avail,1: abstract avail,
1,abstract avail,1: abstract avail,
1,abstract avail,1: abstract avail,
1,abstract avail,1: abstract avail,
1,abstract avail,1: abstract avail,
1,abstract avail,1: abstract avail,
1,abstract avail,1: abstract avail,
1,abstract avail,1: abstract avail,
1,abstract avail,1: abstract avail,
1,abstract avail,1: abstract avail,
1,abstract avail,1: abstract avail,
1,abstract avail,1: abstract avail,
1,abstract avail,1: abstract avail,
1,abstract avail,1: abstract avail,
1,abstract avail,1: abstract avail,
1,abstract avail,1: abstract avail,
1,abstract avail,1: abstract avail,
1,abstract avail,1: abstract avail,
1,abstract avail,1: abstract avail,
1,abstract avail,1: abstract avail,
7,renew energi,7: renew energi,
7,renew energi,7: renew energi,
7,renew energi,7: renew energi,
7,renew energi,7: renew energi,
7,renew energi,7: renew energi,
7,renew energi,7: renew energi,
7,renew energi,7: renew energi,
7,renew energi,7: renew energi,
7,renew energi,7: renew energi,
7,renew energi,7: renew energi,
7,renew energi,7: renew energi,
7,renew energi,7: renew energi,
7,renew energi,7: renew energi,
7,renew energi,7: renew energi,
7,renew energi,7: renew energi,
7,renew energi,7: renew energi,
7,renew energi,7: renew energi,
7,renew energi,7: renew energi,
7,renew energi,7: renew energi,
7,renew energi,7: renew energi,
7,renew energi,7: renew energi,
7,renew energi,7: renew energi,
7,renew energi,7: renew energi,
7,renew energi,7: renew energi,
7,renew energi,7: renew energi,
7,renew energi,7: renew energi,
7,renew energi,7: renew energi,
7,renew energi,7: renew energi,
7,renew energi,7: renew energi,
7,renew energi,7: renew energi,
7,renew energi,7: renew energi,
7,renew energi,7: renew energi,
7,renew energi,7: renew energi,
7,renew energi,7: renew energi,
7,renew energi,7: renew energi,
7,renew energi,7: renew energi,
7,renew energi,7: renew energi,
7,renew energi,7: renew energi,
7,renew energi,7: renew energi,
7,renew energi,7: renew energi,
7,renew energi,7: renew energi,
7,renew energi,7: renew energi,
7,renew energi,7: renew energi,
7,renew energi,7: renew energi,
7,renew energi,7: renew energi,
7,renew energi,7: renew energi,
7,renew energi,7: renew energi,
7,renew energi,7: renew energi,
7,renew energi,7: renew energi,
7,renew energi,7: renew energi,
7,renew energi,7: renew energi,
7,renew energi,7: renew energi,
7,renew energi,7: renew energi,
7,renew energi,7: renew energi,
7,renew energi,7: renew energi,
7,renew energi,7: renew energi,
7,renew energi,7: renew energi,
7,renew energi,7: renew energi,
7,renew energi,7: renew energi,
7,renew energi,7: renew energi,
7,renew energi,7: renew energi,
7,renew energi,7: renew energi,
7,renew energi,7: renew energi,
7,renew energi,7: renew energi,
7,renew energi,7: renew energi,
7,renew energi,7: renew energi,
7,renew energi,7: renew energi,
7,renew energi,7: renew energi,
7,renew energi,7: renew energi,
7,renew energi,7: renew energi,
7,renew energi,7: renew energi,
7,renew energi,7: renew energi,
7,renew energi,7: renew energi,
7,renew energi,7: renew energi,
7,renew energi,7: renew energi,
7,renew energi,7: renew energi,
7,renew energi,7: renew energi,
7,renew energi,7: renew energi,
7,renew energi,7: renew energi,
7,renew energi,7: renew energi,
7,renew energi,7: renew energi,
7,renew energi,7: renew energi,
7,renew energi,7: renew energi,
7,renew energi,7: renew energi,
7,renew energi,7: renew energi,
7,renew energi,7: renew energi,
7,renew energi,7: renew energi,
7,renew energi,7: renew energi,
7,renew energi,7: renew energi,
7,renew energi,7: renew energi,
7,renew energi,7: renew energi,
7,renew energi,7: renew energi,
7,renew energi,7: renew energi,
7,renew energi,7: renew energi,
7,renew energi,7: renew energi,
7,renew energi,7: renew energi,
7,renew energi,7: renew energi,
7,renew energi,7: renew energi,
7,renew energi,7: renew energi,
7,renew energi,7: renew energi,
7,renew energi,7: renew energi,
7,renew energi,7: renew energi,
7,renew energi,7: renew energi,
7,renew energi,7: renew energi,
7,renew energi,7: renew energi,
7,renew energi,7: renew energi,
7,renew energi,7: renew energi,
7,renew energi,7: renew energi,
7,renew energi,7: renew energi,
7,renew energi,7: renew energi,
7,renew energi,7: renew energi,
7,renew energi,7: renew energi,
7,renew energi,7: renew energi,
7,renew energi,7: renew energi,
7,renew energi,7: renew energi,
7,renew energi,7: renew energi,
7,renew energi,7: renew energi,
7,renew energi,7: renew energi,
7,renew energi,7: renew energi,
7,renew energi,7: renew energi,
7,renew energi,7: renew energi,
7,renew energi,7: renew energi,
7,renew energi,7: renew energi,
7,renew energi,7: renew energi,
7,renew energi,7: renew energi,
7,renew energi,7: renew energi,
7,renew energi,7: renew energi,
7,renew energi,7: renew energi,
7,renew energi,7: renew energi,
7,renew energi,7: renew energi,
7,renew energi,7: renew energi,
7,renew energi,7: renew energi,
7,renew energi,7: renew energi,
7,renew energi,7: renew energi,
7,renew energi,7: renew energi,
7,renew energi,7: renew energi,
7,renew energi,7: renew energi,
7,renew energi,7: renew energi,
7,renew energi,7: renew energi,
7,renew energi,7: renew energi,
7,renew energi,7: renew energi,
7,renew energi,7: renew energi,
7,renew energi,7: renew energi,
7,renew energi,7: renew energi,
7,renew energi,7: renew energi,
7,renew energi,7: renew energi,
3,offshor wind,3: offshor wind,
3,offshor wind,3: offshor wind,
3,offshor wind,3: offshor wind,
3,offshor wind,3: offshor wind,
3,offshor wind,3: offshor wind,
3,offshor wind,3: offshor wind,
3,offshor wind,3: offshor wind,
3,offshor wind,3: offshor wind,
3,offshor wind,3: offshor wind,
3,offshor wind,3: offshor wind,
3,offshor wind,3: offshor wind,
3,offshor wind,3: offshor wind,
3,offshor wind,3: offshor wind,
3,offshor wind,3: offshor wind,
3,offshor wind,3: offshor wind,
3,offshor wind,3: offshor wind,
3,offshor wind,3: offshor wind,
3,offshor wind,3: offshor wind,
3,offshor wind,3: offshor wind,
3,offshor wind,3: offshor wind,
3,offshor wind,3: offshor wind,
3,offshor wind,3: offshor wind,
3,offshor wind,3: offshor wind,
3,offshor wind,3: offshor wind,
3,offshor wind,3: offshor wind,
3,offshor wind,3: offshor wind,
3,offshor wind,3: offshor wind,
3,offshor wind,3: offshor wind,
3,offshor wind,3: offshor wind,
3,offshor wind,3: offshor wind,
3,offshor wind,3: offshor wind,
3,offshor wind,3: offshor wind,
3,offshor wind,3: offshor wind,
3,offshor wind,3: offshor wind,
3,offshor wind,3: offshor wind,
3,offshor wind,3: offshor wind,
3,offshor wind,3: offshor wind,
3,offshor wind,3: offshor wind,
3,offshor wind,3: offshor wind,
3,offshor wind,3: offshor wind,
3,offshor wind,3: offshor wind,
3,offshor wind,3: offshor wind,
3,offshor wind,3: offshor wind,
3,offshor wind,3: offshor wind,
3,offshor wind,3: offshor wind,
3,offshor wind,3: offshor wind,
3,offshor wind,3: offshor wind,
3,offshor wind,3: offshor wind,
3,offshor wind,3: offshor wind,
3,offshor wind,3: offshor wind,
3,offshor wind,3: offshor wind,
3,offshor wind,3: offshor wind,
3,offshor wind,3: offshor wind,
3,offshor wind,3: offshor wind,
3,offshor wind,3: offshor wind,
3,offshor wind,3: offshor wind,
3,offshor wind,3: offshor wind,
3,offshor wind,3: offshor wind,
3,offshor wind,3: offshor wind,
3,offshor wind,3: offshor wind,
3,offshor wind,3: offshor wind,
3,offshor wind,3: offshor wind,
3,offshor wind,3: offshor wind,
3,offshor wind,3: offshor wind,
3,offshor wind,3: offshor wind,
3,offshor wind,3: offshor wind,
3,offshor wind,3: offshor wind,
3,offshor wind,3: offshor wind,
3,offshor wind,3: offshor wind,
3,offshor wind,3: offshor wind,
3,offshor wind,3: offshor wind,
3,offshor wind,3: offshor wind,
3,offshor wind,3: offshor wind,
3,offshor wind,3: offshor wind,
3,offshor wind,3: offshor wind,
3,offshor wind,3: offshor wind,
3,offshor wind,3: offshor wind,
3,offshor wind,3: offshor wind,
3,offshor wind,3: offshor wind,
3,offshor wind,3: offshor wind,
3,offshor wind,3: offshor wind,
3,offshor wind,3: offshor wind,
3,offshor wind,3: offshor wind,
3,offshor wind,3: offshor wind,
3,offshor wind,3: offshor wind,
3,offshor wind,3: offshor wind,
3,offshor wind,3: offshor wind,
3,offshor wind,3: offshor wind,
3,offshor wind,3: offshor wind,
3,offshor wind,3: offshor wind,
3,offshor wind,3: offshor wind,
3,offshor wind,3: offshor wind,
3,offshor wind,3: offshor wind,
3,offshor wind,3: offshor wind,
3,offshor wind,3: offshor wind,
3,offshor wind,3: offshor wind,
3,offshor wind,3: offshor wind,
3,offshor wind,3: offshor wind,
3,offshor wind,3: offshor wind,
3,offshor wind,3: offshor wind,
3,offshor wind,3: offshor wind,
3,offshor wind,3: offshor wind,
3,offshor wind,3: offshor wind,
3,offshor wind,3: offshor wind,
3,offshor wind,3: offshor wind,
3,offshor wind,3: offshor wind,
3,offshor wind,3: offshor wind,
3,offshor wind,3: offshor wind,
3,offshor wind,3: offshor wind,
3,offshor wind,3: offshor wind,
3,offshor wind,3: offshor wind,
3,offshor wind,3: offshor wind,
3,offshor wind,3: offshor wind,
7,renew energi,7: renew energi,
7,renew energi,7: renew energi,
7,renew energi,7: renew energi,
7,renew energi,7: renew energi,
7,renew energi,7: renew energi,
7,renew energi,7: renew energi,
7,renew energi,7: renew energi,
7,renew energi,7: renew energi,
7,renew energi,7: renew energi,
7,renew energi,7: renew energi,
7,renew energi,7: renew energi,
7,renew energi,7: renew energi,
7,renew energi,7: renew energi,
7,renew energi,7: renew energi,
7,renew energi,7: renew energi,
7,renew energi,7: renew energi,
7,renew energi,7: renew energi,
7,renew energi,7: renew energi,
7,renew energi,7: renew energi,
7,renew energi,7: renew energi,
7,renew energi,7: renew energi,
7,renew energi,7: renew energi,
7,renew energi,7: renew energi,
7,renew energi,7: renew energi,
7,renew energi,7: renew energi,
7,renew energi,7: renew energi,
7,renew energi,7: renew energi,
7,renew energi,7: renew energi,
7,renew energi,7: renew energi,
7,renew energi,7: renew energi,
7,renew energi,7: renew energi,
7,renew energi,7: renew energi,
7,renew energi,7: renew energi,
7,renew energi,7: renew energi,
7,renew energi,7: renew energi,
7,renew energi,7: renew energi,
7,renew energi,7: renew energi,
7,renew energi,7: renew energi,
7,renew energi,7: renew energi,
7,renew energi,7: renew energi,
7,renew energi,7: renew energi,
7,renew energi,7: renew energi,
7,renew energi,7: renew energi,
7,renew energi,7: renew energi,
7,renew energi,7: renew energi,
7,renew energi,7: renew energi,
7,renew energi,7: renew energi,
7,renew energi,7: renew energi,
7,renew energi,7: renew energi,
7,renew energi,7: renew energi,
7,renew energi,7: renew energi,
7,renew energi,7: renew energi,
7,renew energi,7: renew energi,
7,renew energi,7: renew energi,
7,renew energi,7: renew energi,
7,renew energi,7: renew energi,
7,renew energi,7: renew energi,
7,renew energi,7: renew energi,
7,renew energi,7: renew energi,
7,renew energi,7: renew energi,
7,renew energi,7: renew energi,
7,renew energi,7: renew energi,
7,renew energi,7: renew energi,
7,renew energi,7: renew energi,
7,renew energi,7: renew energi,
7,renew energi,7: renew energi,
7,renew energi,7: renew energi,
7,renew energi,7: renew energi,
7,renew energi,7: renew energi,
7,renew energi,7: renew energi,
7,renew energi,7: renew energi,
7,renew energi,7: renew energi,
7,renew energi,7: renew energi,
7,renew energi,7: renew energi,
7,renew energi,7: renew energi,
7,renew energi,7: renew energi,
7,renew energi,7: renew energi,
7,renew energi,7: renew energi,
7,renew energi,7: renew energi,
7,renew energi,7: renew energi,
7,renew energi,7: renew energi,
7,renew energi,7: renew energi,
7,renew energi,7: renew energi,
7,renew energi,7: renew energi,
7,renew energi,7: renew energi,
7,renew energi,7: renew energi,
7,renew energi,7: renew energi,
7,renew energi,7: renew energi,
7,renew energi,7: renew energi,
7,renew energi,7: renew energi,
7,renew energi,7: renew energi,
7,renew energi,7: renew energi,
7,renew energi,7: renew energi,
7,renew energi,7: renew energi,
7,renew energi,7: renew energi,
7,renew energi,7: renew energi,
7,renew energi,7: renew energi,
7,renew energi,7: renew energi,
7,renew energi,7: renew energi,
7,renew energi,7: renew energi,
7,renew energi,7: renew energi,
7,renew energi,7: renew energi,
7,renew energi,7: renew energi,
7,renew energi,7: renew energi,
7,renew energi,7: renew energi,
7,renew energi,7: renew energi,
7,renew energi,7: renew energi,
7,renew energi,7: renew energi,
7,renew energi,7: renew energi,
7,renew energi,7: renew energi,
7,renew energi,7: renew energi,
7,renew energi,7: renew energi,
7,renew energi,7: renew energi,
7,renew energi,7: renew energi,
7,renew energi,7: renew energi,
7,renew energi,7: renew energi,
7,renew energi,7: renew energi,
7,renew energi,7: renew energi,
7,renew energi,7: renew energi,
7,renew energi,7: renew energi,
7,renew energi,7: renew energi,
7,renew energi,7: renew energi,
7,renew energi,7: renew energi,
7,renew energi,7: renew energi,
7,renew energi,7: renew energi,
7,renew energi,7: renew energi,
7,renew energi,7: renew energi,
7,renew energi,7: renew energi,
7,renew energi,7: renew energi,
7,renew energi,7: renew energi,
7,renew energi,7: renew energi,
7,renew energi,7: renew energi,
7,renew energi,7: renew energi,
7,renew energi,7: renew energi,
7,renew energi,7: renew energi,
7,renew energi,7: renew energi,
7,renew energi,7: renew energi,
7,renew energi,7: renew energi,
7,renew energi,7: renew energi,
7,renew energi,7: renew energi,
7,renew energi,7: renew energi,
7,renew energi,7: renew energi,
7,renew energi,7: renew energi,
7,renew energi,7: renew energi,
7,renew energi,7: renew energi,
7,renew energi,7: renew energi,
7,renew energi,7: renew energi,
7,renew energi,7: renew energi,
7,renew energi,7: renew energi,
7,renew energi,7: renew energi,
7,renew energi,7: renew energi,
7,renew energi,7: renew energi,
7,renew energi,7: renew energi,
7,renew energi,7: renew energi,
7,renew energi,7: renew energi,
7,renew energi,7: renew energi,
7,renew energi,7: renew energi,
7,renew energi,7: renew energi,
7,renew energi,7: renew energi,
7,renew energi,7: renew energi,
7,renew energi,7: renew energi,
7,renew energi,7: renew energi,
7,renew energi,7: renew energi,
7,renew energi,7: renew energi,
7,renew energi,7: renew energi,
7,renew energi,7: renew energi,
7,renew energi,7: renew energi,
7,renew energi,7: renew energi,
7,renew energi,7: renew energi,
7,renew energi,7: renew energi,
7,renew energi,7: renew energi,
7,renew energi,7: renew energi,
7,renew energi,7: renew energi,
7,renew energi,7: renew energi,
7,renew energi,7: renew energi,
7,renew energi,7: renew energi,
7,renew energi,7: renew energi,
7,renew energi,7: renew energi,
7,renew energi,7: renew energi,
7,renew energi,7: renew energi,
7,renew energi,7: renew energi,
7,renew energi,7: renew energi,
7,renew energi,7: renew energi,
7,renew energi,7: renew energi,
7,renew energi,7: renew energi,
7,renew energi,7: renew energi,
7,renew energi,7: renew energi,
7,renew energi,7: renew energi,
7,renew energi,7: renew energi,
7,renew energi,7: renew energi,
7,renew energi,7: renew energi,
7,renew energi,7: renew energi,
7,renew energi,7: renew energi,
7,renew energi,7: renew energi,
7,renew energi,7: renew energi,
7,renew energi,7: renew energi,
7,renew energi,7: renew energi,
7,renew energi,7: renew energi,
7,renew energi,7: renew energi,
7,renew energi,7: renew energi,
7,renew energi,7: renew energi,
7,renew energi,7: renew energi,
7,renew energi,7: renew energi,
7,renew energi,7: renew energi,
7,renew energi,7: renew energi,
7,renew energi,7: renew energi,
7,renew energi,7: renew energi,
7,renew energi,7: renew energi,
7,renew energi,7: renew energi,
7,renew energi,7: renew energi,
7,renew energi,7: renew energi,
7,renew energi,7: renew energi,
7,renew energi,7: renew energi,
7,renew energi,7: renew energi,
7,renew energi,7: renew energi,
7,renew energi,7: renew energi,
7,renew energi,7: renew energi,
7,renew energi,7: renew energi,
7,renew energi,7: renew energi,
7,renew energi,7: renew energi,
7,renew energi,7: renew energi,
7,renew energi,7: renew energi,
7,renew energi,7: renew energi,
7,renew energi,7: renew energi,
7,renew energi,7: renew energi,
7,renew energi,7: renew energi,
7,renew energi,7: renew energi,
7,renew energi,7: renew energi,
7,renew energi,7: renew energi,
7,renew energi,7: renew energi,
7,renew energi,7: renew energi,
7,renew energi,7: renew energi,
7,renew energi,7: renew energi,
7,renew energi,7: renew energi,
7,renew energi,7: renew energi,
7,renew energi,7: renew energi,
7,renew energi,7: renew energi,
7,renew energi,7: renew energi,
7,renew energi,7: renew energi,
7,renew energi,7: renew energi,
7,renew energi,7: renew energi,
7,renew energi,7: renew energi,
7,renew energi,7: renew energi,
7,renew energi,7: renew energi,
7,renew energi,7: renew energi,
7,renew energi,7: renew energi,
7,renew energi,7: renew energi,
7,renew energi,7: renew energi,
7,renew energi,7: renew energi,
7,renew energi,7: renew energi,
7,renew energi,7: renew energi,
7,renew energi,7: renew energi,
7,renew energi,7: renew energi,
7,renew energi,7: renew energi,
7,renew energi,7: renew energi,
7,renew energi,7: renew energi,
7,renew energi,7: renew energi,
7,renew energi,7: renew energi,
7,renew energi,7: renew energi,
7,renew energi,7: renew energi,
7,renew energi,7: renew energi,
7,renew energi,7: renew energi,
7,renew energi,7: renew energi,
7,renew energi,7: renew energi,
7,renew energi,7: renew energi,
7,renew energi,7: renew energi,
7,renew energi,7: renew energi,
7,renew energi,7: renew energi,
7,renew energi,7: renew energi,
7,renew energi,7: renew energi,
7,renew energi,7: renew energi,
7,renew energi,7: renew energi,
7,renew energi,7: renew energi,
7,renew energi,7: renew energi,
7,renew energi,7: renew energi,
7,renew energi,7: renew energi,
7,renew energi,7: renew energi,
7,renew energi,7: renew energi,
7,renew energi,7: renew energi,
7,renew energi,7: renew energi,
7,renew energi,7: renew energi,
7,renew energi,7: renew energi,
7,renew energi,7: renew energi,
7,renew energi,7: renew energi,
7,renew energi,7: renew energi,
7,renew energi,7: renew energi,
7,renew energi,7: renew energi,
7,renew energi,7: renew energi,
7,renew energi,7: renew energi,
7,renew energi,7: renew energi,
7,renew energi,7: renew energi,
7,renew energi,7: renew energi,
1,abstract avail,1: abstract avail,
1,abstract avail,1: abstract avail,
1,abstract avail,1: abstract avail,
1,abstract avail,1: abstract avail,
1,abstract avail,1: abstract avail,
1,abstract avail,1: abstract avail,
1,abstract avail,1: abstract avail,
1,abstract avail,1: abstract avail,
1,abstract avail,1: abstract avail,
1,abstract avail,1: abstract avail,
1,abstract avail,1: abstract avail,
1,abstract avail,1: abstract avail,
1,abstract avail,1: abstract avail,
1,abstract avail,1: abstract avail,
1,abstract avail,1: abstract avail,
1,abstract avail,1: abstract avail,
1,abstract avail,1: abstract avail,
1,abstract avail,1: abstract avail,
1,abstract avail,1: abstract avail,
1,abstract avail,1: abstract avail,
1,abstract avail,1: abstract avail,
1,abstract avail,1: abstract avail,
1,abstract avail,1: abstract avail,
1,abstract avail,1: abstract avail,
1,abstract avail,1: abstract avail,
1,abstract avail,1: abstract avail,
1,abstract avail,1: abstract avail,
1,abstract avail,1: abstract avail,
1,abstract avail,1: abstract avail,
1,abstract avail,1: abstract avail,
1,abstract avail,1: abstract avail,
1,abstract avail,1: abstract avail,
1,abstract avail,1: abstract avail,
1,abstract avail,1: abstract avail,
1,abstract avail,1: abstract avail,
1,abstract avail,1: abstract avail,
1,abstract avail,1: abstract avail,
1,abstract avail,1: abstract avail,
1,abstract avail,1: abstract avail,
1,abstract avail,1: abstract avail,
1,abstract avail,1: abstract avail,
1,abstract avail,1: abstract avail,
1,abstract avail,1: abstract avail,
1,abstract avail,1: abstract avail,
1,abstract avail,1: abstract avail,
1,abstract avail,1: abstract avail,
1,abstract avail,1: abstract avail,
1,abstract avail,1: abstract avail,
1,abstract avail,1: abstract avail,
1,abstract avail,1: abstract avail,
1,abstract avail,1: abstract avail,
1,abstract avail,1: abstract avail,
1,abstract avail,1: abstract avail,
1,abstract avail,1: abstract avail,
1,abstract avail,1: abstract avail,
1,abstract avail,1: abstract avail,
1,abstract avail,1: abstract avail,
1,abstract avail,1: abstract avail,
1,abstract avail,1: abstract avail,
1,abstract avail,1: abstract avail,
1,abstract avail,1: abstract avail,
1,abstract avail,1: abstract avail,
1,abstract avail,1: abstract avail,
1,abstract avail,1: abstract avail,
1,abstract avail,1: abstract avail,
1,abstract avail,1: abstract avail,
1,abstract avail,1: abstract avail,
1,abstract avail,1: abstract avail,
1,abstract avail,1: abstract avail,
1,abstract avail,1: abstract avail,
1,abstract avail,1: abstract avail,
1,abstract avail,1: abstract avail,
1,abstract avail,1: abstract avail,
1,abstract avail,1: abstract avail,
1,abstract avail,1: abstract avail,
1,abstract avail,1: abstract avail,
1,abstract avail,1: abstract avail,
1,abstract avail,1: abstract avail,
1,abstract avail,1: abstract avail,
1,abstract avail,1: abstract avail,
1,abstract avail,1: abstract avail,
7,renew energi,7: renew energi,
7,renew energi,7: renew energi,
7,renew energi,7: renew energi,
7,renew energi,7: renew energi,
7,renew energi,7: renew energi,
7,renew energi,7: renew energi,
7,renew energi,7: renew energi,
7,renew energi,7: renew energi,
7,renew energi,7: renew energi,
7,renew energi,7: renew energi,
7,renew energi,7: renew energi,
7,renew energi,7: renew energi,
7,renew energi,7: renew energi,
7,renew energi,7: renew energi,
7,renew energi,7: renew energi,
7,renew energi,7: renew energi,
7,renew energi,7: renew energi,
7,renew energi,7: renew energi,
7,renew energi,7: renew energi,
7,renew energi,7: renew energi,
7,renew energi,7: renew energi,
7,renew energi,7: renew energi,
7,renew energi,7: renew energi,
7,renew energi,7: renew energi,
7,renew energi,7: renew energi,
7,renew energi,7: renew energi,
7,renew energi,7: renew energi,
7,renew energi,7: renew energi,
7,renew energi,7: renew energi,
7,renew energi,7: renew energi,
7,renew energi,7: renew energi,
7,renew energi,7: renew energi,
7,renew energi,7: renew energi,
7,renew energi,7: renew energi,
7,renew energi,7: renew energi,
7,renew energi,7: renew energi,
7,renew energi,7: renew energi,
7,renew energi,7: renew energi,
7,renew energi,7: renew energi,
7,renew energi,7: renew energi,
7,renew energi,7: renew energi,
7,renew energi,7: renew energi,
7,renew energi,7: renew energi,
7,renew energi,7: renew energi,
7,renew energi,7: renew energi,
7,renew energi,7: renew energi,
7,renew energi,7: renew energi,
7,renew energi,7: renew energi,
7,renew energi,7: renew energi,
7,renew energi,7: renew energi,
7,renew energi,7: renew energi,
7,renew energi,7: renew energi,
7,renew energi,7: renew energi,
7,renew energi,7: renew energi,
7,renew energi,7: renew energi,
7,renew energi,7: renew energi,
7,renew energi,7: renew energi,
7,renew energi,7: renew energi,
7,renew energi,7: renew energi,
7,renew energi,7: renew energi,
7,renew energi,7: renew energi,
7,renew energi,7: renew energi,
7,renew energi,7: renew energi,
7,renew energi,7: renew energi,
7,renew energi,7: renew energi,
7,renew energi,7: renew energi,
7,renew energi,7: renew energi,
7,renew energi,7: renew energi,
7,renew energi,7: renew energi,
7,renew energi,7: renew energi,
7,renew energi,7: renew energi,
7,renew energi,7: renew energi,
7,renew energi,7: renew energi,
7,renew energi,7: renew energi,
7,renew energi,7: renew energi,
7,renew energi,7: renew energi,
7,renew energi,7: renew energi,
7,renew energi,7: renew energi,
7,renew energi,7: renew energi,
7,renew energi,7: renew energi,
7,renew energi,7: renew energi,
7,renew energi,7: renew energi,
7,renew energi,7: renew energi,
7,renew energi,7: renew energi,
7,renew energi,7: renew energi,
7,renew energi,7: renew energi,
7,renew energi,7: renew energi,
7,renew energi,7: renew energi,
7,renew energi,7: renew energi,
7,renew energi,7: renew energi,
7,renew energi,7: renew energi,
7,renew energi,7: renew energi,
7,renew energi,7: renew energi,
7,renew energi,7: renew energi,
7,renew energi,7: renew energi,
7,renew energi,7: renew energi,
7,renew energi,7: renew energi,
7,renew energi,7: renew energi,
7,renew energi,7: renew energi,
7,renew energi,7: renew energi,
7,renew energi,7: renew energi,
7,renew energi,7: renew energi,
7,renew energi,7: renew energi,
7,renew energi,7: renew energi,
7,renew energi,7: renew energi,
7,renew energi,7: renew energi,
7,renew energi,7: renew energi,
7,renew energi,7: renew energi,
7,renew energi,7: renew energi,
7,renew energi,7: renew energi,
7,renew energi,7: renew energi,
7,renew energi,7: renew energi,
7,renew energi,7: renew energi,
7,renew energi,7: renew energi,
7,renew energi,7: renew energi,
7,renew energi,7: renew energi,
7,renew energi,7: renew energi,
7,renew energi,7: renew energi,
7,renew energi,7: renew energi,
7,renew energi,7: renew energi,
7,renew energi,7: renew energi,
7,renew energi,7: renew energi,
7,renew energi,7: renew energi,
7,renew energi,7: renew energi,
7,renew energi,7: renew energi,
7,renew energi,7: renew energi,
7,renew energi,7: renew energi,
7,renew energi,7: renew energi,
7,renew energi,7: renew energi,
7,renew energi,7: renew energi,
7,renew energi,7: renew energi,
7,renew energi,7: renew energi,
7,renew energi,7: renew energi,
7,renew energi,7: renew energi,
7,renew energi,7: renew energi,
7,renew energi,7: renew energi,
7,renew energi,7: renew energi,
7,renew energi,7: renew energi,
7,renew energi,7: renew energi,
7,renew energi,7: renew energi,
7,renew energi,7: renew energi,
7,renew energi,7: renew energi,
7,renew energi,7: renew energi,
7,renew energi,7: renew energi,
7,renew energi,7: renew energi,
7,renew energi,7: renew energi,
9,wind farm,9: wind farm,
9,wind farm,9: wind farm,
9,wind farm,9: wind farm,
9,wind farm,9: wind farm,
9,wind farm,9: wind farm,
9,wind farm,9: wind farm,
9,wind farm,9: wind farm,
9,wind farm,9: wind farm,
9,wind farm,9: wind farm,
9,wind farm,9: wind farm,
9,wind farm,9: wind farm,
9,wind farm,9: wind farm,
9,wind farm,9: wind farm,
9,wind farm,9: wind farm,
9,wind farm,9: wind farm,
9,wind farm,9: wind farm,
9,wind farm,9: wind farm,
9,wind farm,9: wind farm,
9,wind farm,9: wind farm,
9,wind farm,9: wind farm,
9,wind farm,9: wind farm,
9,wind farm,9: wind farm,
9,wind farm,9: wind farm,
9,wind farm,9: wind farm,
9,wind farm,9: wind farm,
9,wind farm,9: wind farm,
9,wind farm,9: wind farm,
9,wind farm,9: wind farm,
9,wind farm,9: wind farm,
9,wind farm,9: wind farm,
9,wind farm,9: wind farm,
9,wind farm,9: wind farm,
9,wind farm,9: wind farm,
9,wind farm,9: wind farm,
9,wind farm,9: wind farm,
9,wind farm,9: wind farm,
9,wind farm,9: wind farm,
9,wind farm,9: wind farm,
9,wind farm,9: wind farm,
9,wind farm,9: wind farm,
9,wind farm,9: wind farm,
9,wind farm,9: wind farm,
9,wind farm,9: wind farm,
9,wind farm,9: wind farm,
9,wind farm,9: wind farm,
9,wind farm,9: wind farm,
9,wind farm,9: wind farm,
9,wind farm,9: wind farm,
9,wind farm,9: wind farm,
9,wind farm,9: wind farm,
9,wind farm,9: wind farm,
9,wind farm,9: wind farm,
9,wind farm,9: wind farm,
9,wind farm,9: wind farm,
9,wind farm,9: wind farm,
9,wind farm,9: wind farm,
9,wind farm,9: wind farm,
9,wind farm,9: wind farm,
9,wind farm,9: wind farm,
9,wind farm,9: wind farm,
9,wind farm,9: wind farm,
9,wind farm,9: wind farm,
9,wind farm,9: wind farm,
9,wind farm,9: wind farm,
9,wind farm,9: wind farm,
9,wind farm,9: wind farm,
9,wind farm,9: wind farm,
9,wind farm,9: wind farm,
9,wind farm,9: wind farm,
9,wind farm,9: wind farm,
9,wind farm,9: wind farm,
9,wind farm,9: wind farm,
9,wind farm,9: wind farm,
9,wind farm,9: wind farm,
9,wind farm,9: wind farm,
9,wind farm,9: wind farm,
9,wind farm,9: wind farm,
9,wind farm,9: wind farm,
9,wind farm,9: wind farm,
9,wind farm,9: wind farm,
9,wind farm,9: wind farm,
9,wind farm,9: wind farm,
9,wind farm,9: wind farm,
9,wind farm,9: wind farm,
9,wind farm,9: wind farm,
9,wind farm,9: wind farm,
9,wind farm,9: wind farm,
9,wind farm,9: wind farm,
9,wind farm,9: wind farm,
9,wind farm,9: wind farm,
9,wind farm,9: wind farm,
9,wind farm,9: wind farm,
9,wind farm,9: wind farm,
9,wind farm,9: wind farm,
9,wind farm,9: wind farm,
9,wind farm,9: wind farm,
9,wind farm,9: wind farm,
9,wind farm,9: wind farm,
9,wind farm,9: wind farm,
9,wind farm,9: wind farm,
9,wind farm,9: wind farm,
9,wind farm,9: wind farm,
9,wind farm,9: wind farm,
9,wind farm,9: wind farm,
9,wind farm,9: wind farm,
9,wind farm,9: wind farm,
9,wind farm,9: wind farm,
9,wind farm,9: wind farm,
9,wind farm,9: wind farm,
9,wind farm,9: wind farm,
9,wind farm,9: wind farm,
9,wind farm,9: wind farm,
9,wind farm,9: wind farm,
9,wind farm,9: wind farm,
9,wind farm,9: wind farm,
9,wind farm,9: wind farm,
9,wind farm,9: wind farm,
9,wind farm,9: wind farm,
9,wind farm,9: wind farm,
9,wind farm,9: wind farm,
9,wind farm,9: wind farm,
9,wind farm,9: wind farm,
9,wind farm,9: wind farm,
9,wind farm,9: wind farm,
9,wind farm,9: wind farm,
9,wind farm,9: wind farm,
9,wind farm,9: wind farm,
9,wind farm,9: wind farm,
9,wind farm,9: wind farm,
9,wind farm,9: wind farm,
9,wind farm,9: wind farm,
9,wind farm,9: wind farm,
9,wind farm,9: wind farm,
9,wind farm,9: wind farm,
9,wind farm,9: wind farm,
9,wind farm,9: wind farm,
9,wind farm,9: wind farm,
9,wind farm,9: wind farm,
9,wind farm,9: wind farm,
9,wind farm,9: wind farm,
9,wind farm,9: wind farm,
9,wind farm,9: wind farm,
9,wind farm,9: wind farm,
9,wind farm,9: wind farm,
9,wind farm,9: wind farm,
9,wind farm,9: wind farm,
9,wind farm,9: wind farm,
9,wind farm,9: wind farm,
9,wind farm,9: wind farm,
9,wind farm,9: wind farm,
9,wind farm,9: wind farm,
9,wind farm,9: wind farm,
9,wind farm,9: wind farm,
9,wind farm,9: wind farm,
9,wind farm,9: wind farm,
9,wind farm,9: wind farm,
9,wind farm,9: wind farm,
9,wind farm,9: wind farm,
9,wind farm,9: wind farm,
9,wind farm,9: wind farm,
9,wind farm,9: wind farm,
3,offshor wind,3: offshor wind,
3,offshor wind,3: offshor wind,
3,offshor wind,3: offshor wind,
3,offshor wind,3: offshor wind,
3,offshor wind,3: offshor wind,
3,offshor wind,3: offshor wind,
3,offshor wind,3: offshor wind,
3,offshor wind,3: offshor wind,
3,offshor wind,3: offshor wind,
3,offshor wind,3: offshor wind,
3,offshor wind,3: offshor wind,
3,offshor wind,3: offshor wind,
3,offshor wind,3: offshor wind,
3,offshor wind,3: offshor wind,
3,offshor wind,3: offshor wind,
3,offshor wind,3: offshor wind,
3,offshor wind,3: offshor wind,
3,offshor wind,3: offshor wind,
3,offshor wind,3: offshor wind,
3,offshor wind,3: offshor wind,
3,offshor wind,3: offshor wind,
3,offshor wind,3: offshor wind,
3,offshor wind,3: offshor wind,
3,offshor wind,3: offshor wind,
3,offshor wind,3: offshor wind,
3,offshor wind,3: offshor wind,
3,offshor wind,3: offshor wind,
3,offshor wind,3: offshor wind,
3,offshor wind,3: offshor wind,
3,offshor wind,3: offshor wind,
3,offshor wind,3: offshor wind,
3,offshor wind,3: offshor wind,
3,offshor wind,3: offshor wind,
3,offshor wind,3: offshor wind,
3,offshor wind,3: offshor wind,
3,offshor wind,3: offshor wind,
3,offshor wind,3: offshor wind,
3,offshor wind,3: offshor wind,
3,offshor wind,3: offshor wind,
3,offshor wind,3: offshor wind,
3,offshor wind,3: offshor wind,
3,offshor wind,3: offshor wind,
3,offshor wind,3: offshor wind,
3,offshor wind,3: offshor wind,
3,offshor wind,3: offshor wind,
3,offshor wind,3: offshor wind,
3,offshor wind,3: offshor wind,
3,offshor wind,3: offshor wind,
3,offshor wind,3: offshor wind,
3,offshor wind,3: offshor wind,
3,offshor wind,3: offshor wind,
3,offshor wind,3: offshor wind,
3,offshor wind,3: offshor wind,
3,offshor wind,3: offshor wind,
3,offshor wind,3: offshor wind,
3,offshor wind,3: offshor wind,
3,offshor wind,3: offshor wind,
3,offshor wind,3: offshor wind,
3,offshor wind,3: offshor wind,
3,offshor wind,3: offshor wind,
3,offshor wind,3: offshor wind,
3,offshor wind,3: offshor wind,
3,offshor wind,3: offshor wind,
3,offshor wind,3: offshor wind,
3,offshor wind,3: offshor wind,
3,offshor wind,3: offshor wind,
3,offshor wind,3: offshor wind,
3,offshor wind,3: offshor wind,
3,offshor wind,3: offshor wind,
3,offshor wind,3: offshor wind,
3,offshor wind,3: offshor wind,
3,offshor wind,3: offshor wind,
3,offshor wind,3: offshor wind,
3,offshor wind,3: offshor wind,
3,offshor wind,3: offshor wind,
3,offshor wind,3: offshor wind,
3,offshor wind,3: offshor wind,
3,offshor wind,3: offshor wind,
3,offshor wind,3: offshor wind,
3,offshor wind,3: offshor wind,
3,offshor wind,3: offshor wind,
3,offshor wind,3: offshor wind,
3,offshor wind,3: offshor wind,
3,offshor wind,3: offshor wind,
3,offshor wind,3: offshor wind,
3,offshor wind,3: offshor wind,
3,offshor wind,3: offshor wind,
3,offshor wind,3: offshor wind,
3,offshor wind,3: offshor wind,
3,offshor wind,3: offshor wind,
3,offshor wind,3: offshor wind,
3,offshor wind,3: offshor wind,
3,offshor wind,3: offshor wind,
3,offshor wind,3: offshor wind,
3,offshor wind,3: offshor wind,
3,offshor wind,3: offshor wind,
3,offshor wind,3: offshor wind,
3,offshor wind,3: offshor wind,
3,offshor wind,3: offshor wind,
3,offshor wind,3: offshor wind,
3,offshor wind,3: offshor wind,
3,offshor wind,3: offshor wind,
3,offshor wind,3: offshor wind,
3,offshor wind,3: offshor wind,
3,offshor wind,3: offshor wind,
3,offshor wind,3: offshor wind,
3,offshor wind,3: offshor wind,
3,offshor wind,3: offshor wind,
3,offshor wind,3: offshor wind,
3,offshor wind,3: offshor wind,
3,offshor wind,3: offshor wind,
3,offshor wind,3: offshor wind,
3,offshor wind,3: offshor wind,
3,offshor wind,3: offshor wind,
3,offshor wind,3: offshor wind,
3,offshor wind,3: offshor wind,
3,offshor wind,3: offshor wind,
3,offshor wind,3: offshor wind,
3,offshor wind,3: offshor wind,
3,offshor wind,3: offshor wind,
3,offshor wind,3: offshor wind,
3,offshor wind,3: offshor wind,
3,offshor wind,3: offshor wind,
3,offshor wind,3: offshor wind,
3,offshor wind,3: offshor wind,
3,offshor wind,3: offshor wind,
3,offshor wind,3: offshor wind,
3,offshor wind,3: offshor wind,
3,offshor wind,3: offshor wind,
3,offshor wind,3: offshor wind,
3,offshor wind,3: offshor wind,
3,offshor wind,3: offshor wind,
3,offshor wind,3: offshor wind,
3,offshor wind,3: offshor wind,
3,offshor wind,3: offshor wind,
3,offshor wind,3: offshor wind,
3,offshor wind,3: offshor wind,
3,offshor wind,3: offshor wind,
3,offshor wind,3: offshor wind,
3,offshor wind,3: offshor wind,
3,offshor wind,3: offshor wind,
3,offshor wind,3: offshor wind,
3,offshor wind,3: offshor wind,
3,offshor wind,3: offshor wind,
3,offshor wind,3: offshor wind,
3,offshor wind,3: offshor wind,
3,offshor wind,3: offshor wind,
3,offshor wind,3: offshor wind,
3,offshor wind,3: offshor wind,
3,offshor wind,3: offshor wind,
3,offshor wind,3: offshor wind,
3,offshor wind,3: offshor wind,
3,offshor wind,3: offshor wind,
3,offshor wind,3: offshor wind,
3,offshor wind,3: offshor wind,
3,offshor wind,3: offshor wind,
3,offshor wind,3: offshor wind,
3,offshor wind,3: offshor wind,
3,offshor wind,3: offshor wind,
3,offshor wind,3: offshor wind,
3,offshor wind,3: offshor wind,
3,offshor wind,3: offshor wind,
3,offshor wind,3: offshor wind,
3,offshor wind,3: offshor wind,
3,offshor wind,3: offshor wind,
3,offshor wind,3: offshor wind,
3,offshor wind,3: offshor wind,
3,offshor wind,3: offshor wind,
3,offshor wind,3: offshor wind,
3,offshor wind,3: offshor wind,
3,offshor wind,3: offshor wind,
3,offshor wind,3: offshor wind,
3,offshor wind,3: offshor wind,
3,offshor wind,3: offshor wind,
3,offshor wind,3: offshor wind,
3,offshor wind,3: offshor wind,
3,offshor wind,3: offshor wind,
3,offshor wind,3: offshor wind,
3,offshor wind,3: offshor wind,
3,offshor wind,3: offshor wind,
3,offshor wind,3: offshor wind,
3,offshor wind,3: offshor wind,
3,offshor wind,3: offshor wind,
3,offshor wind,3: offshor wind,
3,offshor wind,3: offshor wind,
3,offshor wind,3: offshor wind,
3,offshor wind,3: offshor wind,
3,offshor wind,3: offshor wind,
3,offshor wind,3: offshor wind,
3,offshor wind,3: offshor wind,
3,offshor wind,3: offshor wind,
3,offshor wind,3: offshor wind,
3,offshor wind,3: offshor wind,
3,offshor wind,3: offshor wind,
3,offshor wind,3: offshor wind,
3,offshor wind,3: offshor wind,
3,offshor wind,3: offshor wind,
3,offshor wind,3: offshor wind,
3,offshor wind,3: offshor wind,
3,offshor wind,3: offshor wind,
3,offshor wind,3: offshor wind,
3,offshor wind,3: offshor wind,
3,offshor wind,3: offshor wind,
3,offshor wind,3: offshor wind,
3,offshor wind,3: offshor wind,
3,offshor wind,3: offshor wind,
3,offshor wind,3: offshor wind,
3,offshor wind,3: offshor wind,
3,offshor wind,3: offshor wind,
3,offshor wind,3: offshor wind,
3,offshor wind,3: offshor wind,
3,offshor wind,3: offshor wind,
3,offshor wind,3: offshor wind,
3,offshor wind,3: offshor wind,
3,offshor wind,3: offshor wind,
3,offshor wind,3: offshor wind,
3,offshor wind,3: offshor wind,
3,offshor wind,3: offshor wind,
3,offshor wind,3: offshor wind,
3,offshor wind,3: offshor wind,
3,offshor wind,3: offshor wind,
3,offshor wind,3: offshor wind,
3,offshor wind,3: offshor wind,
3,offshor wind,3: offshor wind,
3,offshor wind,3: offshor wind,
3,offshor wind,3: offshor wind,
7,renew energi,7: renew energi,
7,renew energi,7: renew energi,
7,renew energi,7: renew energi,
7,renew energi,7: renew energi,
7,renew energi,7: renew energi,
7,renew energi,7: renew energi,
7,renew energi,7: renew energi,
7,renew energi,7: renew energi,
7,renew energi,7: renew energi,
7,renew energi,7: renew energi,
7,renew energi,7: renew energi,
7,renew energi,7: renew energi,
7,renew energi,7: renew energi,
7,renew energi,7: renew energi,
7,renew energi,7: renew energi,
7,renew energi,7: renew energi,
7,renew energi,7: renew energi,
7,renew energi,7: renew energi,
7,renew energi,7: renew energi,
7,renew energi,7: renew energi,
7,renew energi,7: renew energi,
7,renew energi,7: renew energi,
7,renew energi,7: renew energi,
7,renew energi,7: renew energi,
7,renew energi,7: renew energi,
7,renew energi,7: renew energi,
7,renew energi,7: renew energi,
7,renew energi,7: renew energi,
7,renew energi,7: renew energi,
7,renew energi,7: renew energi,
7,renew energi,7: renew energi,
7,renew energi,7: renew energi,
7,renew energi,7: renew energi,
7,renew energi,7: renew energi,
7,renew energi,7: renew energi,
7,renew energi,7: renew energi,
7,renew energi,7: renew energi,
7,renew energi,7: renew energi,
7,renew energi,7: renew energi,
7,renew energi,7: renew energi,
7,renew energi,7: renew energi,
7,renew energi,7: renew energi,
7,renew energi,7: renew energi,
7,renew energi,7: renew energi,
7,renew energi,7: renew energi,
7,renew energi,7: renew energi,
7,renew energi,7: renew energi,
7,renew energi,7: renew energi,
7,renew energi,7: renew energi,
7,renew energi,7: renew energi,
7,renew energi,7: renew energi,
7,renew energi,7: renew energi,
7,renew energi,7: renew energi,
7,renew energi,7: renew energi,
7,renew energi,7: renew energi,
7,renew energi,7: renew energi,
7,renew energi,7: renew energi,
7,renew energi,7: renew energi,
7,renew energi,7: renew energi,
7,renew energi,7: renew energi,
7,renew energi,7: renew energi,
7,renew energi,7: renew energi,
7,renew energi,7: renew energi,
7,renew energi,7: renew energi,
7,renew energi,7: renew energi,
7,renew energi,7: renew energi,
7,renew energi,7: renew energi,
7,renew energi,7: renew energi,
7,renew energi,7: renew energi,
7,renew energi,7: renew energi,
7,renew energi,7: renew energi,
7,renew energi,7: renew energi,
7,renew energi,7: renew energi,
7,renew energi,7: renew energi,
7,renew energi,7: renew energi,
7,renew energi,7: renew energi,
7,renew energi,7: renew energi,
7,renew energi,7: renew energi,
7,renew energi,7: renew energi,
7,renew energi,7: renew energi,
7,renew energi,7: renew energi,
7,renew energi,7: renew energi,
7,renew energi,7: renew energi,
7,renew energi,7: renew energi,
7,renew energi,7: renew energi,
7,renew energi,7: renew energi,
7,renew energi,7: renew energi,
7,renew energi,7: renew energi,
7,renew energi,7: renew energi,
7,renew energi,7: renew energi,
7,renew energi,7: renew energi,
7,renew energi,7: renew energi,
7,renew energi,7: renew energi,
7,renew energi,7: renew energi,
7,renew energi,7: renew energi,
7,renew energi,7: renew energi,
7,renew energi,7: renew energi,
7,renew energi,7: renew energi,
7,renew energi,7: renew energi,
7,renew energi,7: renew energi,
7,renew energi,7: renew energi,
7,renew energi,7: renew energi,
7,renew energi,7: renew energi,
7,renew energi,7: renew energi,
7,renew energi,7: renew energi,
7,renew energi,7: renew energi,
7,renew energi,7: renew energi,
7,renew energi,7: renew energi,
7,renew energi,7: renew energi,
7,renew energi,7: renew energi,
7,renew energi,7: renew energi,
7,renew energi,7: renew energi,
7,renew energi,7: renew energi,
7,renew energi,7: renew energi,
7,renew energi,7: renew energi,
7,renew energi,7: renew energi,
7,renew energi,7: renew energi,
7,renew energi,7: renew energi,
7,renew energi,7: renew energi,
7,renew energi,7: renew energi,
7,renew energi,7: renew energi,
7,renew energi,7: renew energi,
7,renew energi,7: renew energi,
7,renew energi,7: renew energi,
7,renew energi,7: renew energi,
7,renew energi,7: renew energi,
7,renew energi,7: renew energi,
7,renew energi,7: renew energi,
7,renew energi,7: renew energi,
7,renew energi,7: renew energi,
7,renew energi,7: renew energi,
7,renew energi,7: renew energi,
7,renew energi,7: renew energi,
7,renew energi,7: renew energi,
7,renew energi,7: renew energi,
7,renew energi,7: renew energi,
7,renew energi,7: renew energi,
7,renew energi,7: renew energi,
7,renew energi,7: renew energi,
7,renew energi,7: renew energi,
7,renew energi,7: renew energi,
7,renew energi,7: renew energi,
7,renew energi,7: renew energi,
7,renew energi,7: renew energi,
7,renew energi,7: renew energi,
7,renew energi,7: renew energi,
9,wind farm,9: wind farm,
9,wind farm,9: wind farm,
9,wind farm,9: wind farm,
9,wind farm,9: wind farm,
9,wind farm,9: wind farm,
9,wind farm,9: wind farm,
9,wind farm,9: wind farm,
9,wind farm,9: wind farm,
9,wind farm,9: wind farm,
9,wind farm,9: wind farm,
9,wind farm,9: wind farm,
9,wind farm,9: wind farm,
9,wind farm,9: wind farm,
9,wind farm,9: wind farm,
9,wind farm,9: wind farm,
9,wind farm,9: wind farm,
9,wind farm,9: wind farm,
9,wind farm,9: wind farm,
9,wind farm,9: wind farm,
9,wind farm,9: wind farm,
9,wind farm,9: wind farm,
9,wind farm,9: wind farm,
9,wind farm,9: wind farm,
9,wind farm,9: wind farm,
9,wind farm,9: wind farm,
9,wind farm,9: wind farm,
9,wind farm,9: wind farm,
9,wind farm,9: wind farm,
9,wind farm,9: wind farm,
9,wind farm,9: wind farm,
9,wind farm,9: wind farm,
9,wind farm,9: wind farm,
9,wind farm,9: wind farm,
9,wind farm,9: wind farm,
9,wind farm,9: wind farm,
9,wind farm,9: wind farm,
9,wind farm,9: wind farm,
9,wind farm,9: wind farm,
9,wind farm,9: wind farm,
9,wind farm,9: wind farm,
9,wind farm,9: wind farm,
9,wind farm,9: wind farm,
9,wind farm,9: wind farm,
9,wind farm,9: wind farm,
9,wind farm,9: wind farm,
9,wind farm,9: wind farm,
9,wind farm,9: wind farm,
9,wind farm,9: wind farm,
9,wind farm,9: wind farm,
9,wind farm,9: wind farm,
9,wind farm,9: wind farm,
9,wind farm,9: wind farm,
9,wind farm,9: wind farm,
9,wind farm,9: wind farm,
9,wind farm,9: wind farm,
9,wind farm,9: wind farm,
9,wind farm,9: wind farm,
9,wind farm,9: wind farm,
9,wind farm,9: wind farm,
9,wind farm,9: wind farm,
9,wind farm,9: wind farm,
9,wind farm,9: wind farm,
9,wind farm,9: wind farm,
9,wind farm,9: wind farm,
9,wind farm,9: wind farm,
9,wind farm,9: wind farm,
9,wind farm,9: wind farm,
9,wind farm,9: wind farm,
9,wind farm,9: wind farm,
9,wind farm,9: wind farm,
9,wind farm,9: wind farm,
9,wind farm,9: wind farm,
9,wind farm,9: wind farm,
9,wind farm,9: wind farm,
9,wind farm,9: wind farm,
9,wind farm,9: wind farm,
9,wind farm,9: wind farm,
9,wind farm,9: wind farm,
9,wind farm,9: wind farm,
9,wind farm,9: wind farm,
9,wind farm,9: wind farm,
9,wind farm,9: wind farm,
9,wind farm,9: wind farm,
9,wind farm,9: wind farm,
9,wind farm,9: wind farm,
9,wind farm,9: wind farm,
9,wind farm,9: wind farm,
9,wind farm,9: wind farm,
9,wind farm,9: wind farm,
9,wind farm,9: wind farm,
9,wind farm,9: wind farm,
9,wind farm,9: wind farm,
9,wind farm,9: wind farm,
9,wind farm,9: wind farm,
9,wind farm,9: wind farm,
9,wind farm,9: wind farm,
9,wind farm,9: wind farm,
9,wind farm,9: wind farm,
9,wind farm,9: wind farm,
9,wind farm,9: wind farm,
9,wind farm,9: wind farm,
9,wind farm,9: wind farm,
9,wind farm,9: wind farm,
9,wind farm,9: wind farm,
9,wind farm,9: wind farm,
9,wind farm,9: wind farm,
9,wind farm,9: wind farm,
9,wind farm,9: wind farm,
9,wind farm,9: wind farm,
9,wind farm,9: wind farm,
9,wind farm,9: wind farm,
9,wind farm,9: wind farm,
9,wind farm,9: wind farm,
9,wind farm,9: wind farm,
9,wind farm,9: wind farm,
9,wind farm,9: wind farm,
9,wind farm,9: wind farm,
9,wind farm,9: wind farm,
9,wind farm,9: wind farm,
9,wind farm,9: wind farm,
9,wind farm,9: wind farm,
9,wind farm,9: wind farm,
9,wind farm,9: wind farm,
9,wind farm,9: wind farm,
9,wind farm,9: wind farm,
9,wind farm,9: wind farm,
9,wind farm,9: wind farm,
9,wind farm,9: wind farm,
9,wind farm,9: wind farm,
9,wind farm,9: wind farm,
9,wind farm,9: wind farm,
9,wind farm,9: wind farm,
9,wind farm,9: wind farm,
9,wind farm,9: wind farm,
9,wind farm,9: wind farm,
9,wind farm,9: wind farm,
9,wind farm,9: wind farm,
9,wind farm,9: wind farm,
9,wind farm,9: wind farm,
9,wind farm,9: wind farm,
9,wind farm,9: wind farm,
9,wind farm,9: wind farm,
9,wind farm,9: wind farm,
9,wind farm,9: wind farm,
9,wind farm,9: wind farm,
9,wind farm,9: wind farm,
9,wind farm,9: wind farm,
9,wind farm,9: wind farm,
9,wind farm,9: wind farm,
9,wind farm,9: wind farm,
9,wind farm,9: wind farm,
9,wind farm,9: wind farm,
9,wind farm,9: wind farm,
9,wind farm,9: wind farm,
9,wind farm,9: wind farm,
9,wind farm,9: wind farm,
9,wind farm,9: wind farm,
9,wind farm,9: wind farm,
9,wind farm,9: wind farm,
9,wind farm,9: wind farm,
9,wind farm,9: wind farm,
1,abstract avail,1: abstract avail,
1,abstract avail,1: abstract avail,
1,abstract avail,1: abstract avail,
1,abstract avail,1: abstract avail,
1,abstract avail,1: abstract avail,
1,abstract avail,1: abstract avail,
1,abstract avail,1: abstract avail,
1,abstract avail,1: abstract avail,
1,abstract avail,1: abstract avail,
1,abstract avail,1: abstract avail,
1,abstract avail,1: abstract avail,
1,abstract avail,1: abstract avail,
1,abstract avail,1: abstract avail,
1,abstract avail,1: abstract avail,
1,abstract avail,1: abstract avail,
1,abstract avail,1: abstract avail,
1,abstract avail,1: abstract avail,
1,abstract avail,1: abstract avail,
1,abstract avail,1: abstract avail,
1,abstract avail,1: abstract avail,
1,abstract avail,1: abstract avail,
1,abstract avail,1: abstract avail,
1,abstract avail,1: abstract avail,
1,abstract avail,1: abstract avail,
1,abstract avail,1: abstract avail,
1,abstract avail,1: abstract avail,
1,abstract avail,1: abstract avail,
1,abstract avail,1: abstract avail,
1,abstract avail,1: abstract avail,
1,abstract avail,1: abstract avail,
1,abstract avail,1: abstract avail,
1,abstract avail,1: abstract avail,
1,abstract avail,1: abstract avail,
1,abstract avail,1: abstract avail,
1,abstract avail,1: abstract avail,
1,abstract avail,1: abstract avail,
1,abstract avail,1: abstract avail,
1,abstract avail,1: abstract avail,
1,abstract avail,1: abstract avail,
1,abstract avail,1: abstract avail,
1,abstract avail,1: abstract avail,
1,abstract avail,1: abstract avail,
1,abstract avail,1: abstract avail,
1,abstract avail,1: abstract avail,
1,abstract avail,1: abstract avail,
1,abstract avail,1: abstract avail,
1,abstract avail,1: abstract avail,
1,abstract avail,1: abstract avail,
1,abstract avail,1: abstract avail,
1,abstract avail,1: abstract avail,
1,abstract avail,1: abstract avail,
1,abstract avail,1: abstract avail,
1,abstract avail,1: abstract avail,
1,abstract avail,1: abstract avail,
1,abstract avail,1: abstract avail,
1,abstract avail,1: abstract avail,
1,abstract avail,1: abstract avail,
1,abstract avail,1: abstract avail,
1,abstract avail,1: abstract avail,
1,abstract avail,1: abstract avail,
1,abstract avail,1: abstract avail,
1,abstract avail,1: abstract avail,
1,abstract avail,1: abstract avail,
1,abstract avail,1: abstract avail,
1,abstract avail,1: abstract avail,
1,abstract avail,1: abstract avail,
1,abstract avail,1: abstract avail,
1,abstract avail,1: abstract avail,
1,abstract avail,1: abstract avail,
1,abstract avail,1: abstract avail,
1,abstract avail,1: abstract avail,
1,abstract avail,1: abstract avail,
1,abstract avail,1: abstract avail,
1,abstract avail,1: abstract avail,
1,abstract avail,1: abstract avail,
1,abstract avail,1: abstract avail,
1,abstract avail,1: abstract avail,
1,abstract avail,1: abstract avail,
1,abstract avail,1: abstract avail,
1,abstract avail,1: abstract avail,
1,abstract avail,1: abstract avail,
7,renew energi,7: renew energi,
7,renew energi,7: renew energi,
7,renew energi,7: renew energi,
7,renew energi,7: renew energi,
7,renew energi,7: renew energi,
7,renew energi,7: renew energi,
7,renew energi,7: renew energi,
7,renew energi,7: renew energi,
7,renew energi,7: renew energi,
7,renew energi,7: renew energi,
7,renew energi,7: renew energi,
7,renew energi,7: renew energi,
7,renew energi,7: renew energi,
7,renew energi,7: renew energi,
7,renew energi,7: renew energi,
7,renew energi,7: renew energi,
7,renew energi,7: renew energi,
7,renew energi,7: renew energi,
7,renew energi,7: renew energi,
7,renew energi,7: renew energi,
7,renew energi,7: renew energi,
7,renew energi,7: renew energi,
7,renew energi,7: renew energi,
7,renew energi,7: renew energi,
7,renew energi,7: renew energi,
7,renew energi,7: renew energi,
7,renew energi,7: renew energi,
7,renew energi,7: renew energi,
7,renew energi,7: renew energi,
7,renew energi,7: renew energi,
7,renew energi,7: renew energi,
7,renew energi,7: renew energi,
7,renew energi,7: renew energi,
7,renew energi,7: renew energi,
7,renew energi,7: renew energi,
7,renew energi,7: renew energi,
7,renew energi,7: renew energi,
7,renew energi,7: renew energi,
7,renew energi,7: renew energi,
7,renew energi,7: renew energi,
7,renew energi,7: renew energi,
7,renew energi,7: renew energi,
7,renew energi,7: renew energi,
7,renew energi,7: renew energi,
7,renew energi,7: renew energi,
7,renew energi,7: renew energi,
7,renew energi,7: renew energi,
7,renew energi,7: renew energi,
7,renew energi,7: renew energi,
7,renew energi,7: renew energi,
7,renew energi,7: renew energi,
7,renew energi,7: renew energi,
7,renew energi,7: renew energi,
7,renew energi,7: renew energi,
7,renew energi,7: renew energi,
7,renew energi,7: renew energi,
7,renew energi,7: renew energi,
7,renew energi,7: renew energi,
7,renew energi,7: renew energi,
7,renew energi,7: renew energi,
7,renew energi,7: renew energi,
7,renew energi,7: renew energi,
7,renew energi,7: renew energi,
7,renew energi,7: renew energi,
7,renew energi,7: renew energi,
7,renew energi,7: renew energi,
7,renew energi,7: renew energi,
7,renew energi,7: renew energi,
7,renew energi,7: renew energi,
7,renew energi,7: renew energi,
7,renew energi,7: renew energi,
7,renew energi,7: renew energi,
7,renew energi,7: renew energi,
7,renew energi,7: renew energi,
7,renew energi,7: renew energi,
7,renew energi,7: renew energi,
7,renew energi,7: renew energi,
7,renew energi,7: renew energi,
7,renew energi,7: renew energi,
7,renew energi,7: renew energi,
7,renew energi,7: renew energi,
7,renew energi,7: renew energi,
7,renew energi,7: renew energi,
7,renew energi,7: renew energi,
7,renew energi,7: renew energi,
7,renew energi,7: renew energi,
7,renew energi,7: renew energi,
7,renew energi,7: renew energi,
7,renew energi,7: renew energi,
7,renew energi,7: renew energi,
7,renew energi,7: renew energi,
7,renew energi,7: renew energi,
7,renew energi,7: renew energi,
7,renew energi,7: renew energi,
7,renew energi,7: renew energi,
7,renew energi,7: renew energi,
7,renew energi,7: renew energi,
7,renew energi,7: renew energi,
7,renew energi,7: renew energi,
7,renew energi,7: renew energi,
7,renew energi,7: renew energi,
7,renew energi,7: renew energi,
7,renew energi,7: renew energi,
7,renew energi,7: renew energi,
7,renew energi,7: renew energi,
7,renew energi,7: renew energi,
7,renew energi,7: renew energi,
7,renew energi,7: renew energi,
7,renew energi,7: renew energi,
7,renew energi,7: renew energi,
7,renew energi,7: renew energi,
7,renew energi,7: renew energi,
7,renew energi,7: renew energi,
7,renew energi,7: renew energi,
7,renew energi,7: renew energi,
7,renew energi,7: renew energi,
7,renew energi,7: renew energi,
7,renew energi,7: renew energi,
7,renew energi,7: renew energi,
7,renew energi,7: renew energi,
7,renew energi,7: renew energi,
7,renew energi,7: renew energi,
7,renew energi,7: renew energi,
7,renew energi,7: renew energi,
7,renew energi,7: renew energi,
7,renew energi,7: renew energi,
7,renew energi,7: renew energi,
7,renew energi,7: renew energi,
7,renew energi,7: renew energi,
7,renew energi,7: renew energi,
7,renew energi,7: renew energi,
7,renew energi,7: renew energi,
7,renew energi,7: renew energi,
7,renew energi,7: renew energi,
7,renew energi,7: renew energi,
7,renew energi,7: renew energi,
7,renew energi,7: renew energi,
7,renew energi,7: renew energi,
7,renew energi,7: renew energi,
7,renew energi,7: renew energi,
7,renew energi,7: renew energi,
7,renew energi,7: renew energi,
7,renew energi,7: renew energi,
7,renew energi,7: renew energi,
7,renew energi,7: renew energi,
7,renew energi,7: renew energi,
7,renew energi,7: renew energi,
7,renew energi,7: renew energi,
7,renew energi,7: renew energi,
7,renew energi,7: renew energi,
7,renew energi,7: renew energi,
7,renew energi,7: renew energi,
7,renew energi,7: renew energi,
7,renew energi,7: renew energi,
7,renew energi,7: renew energi,
7,renew energi,7: renew energi,
7,renew energi,7: renew energi,
7,renew energi,7: renew energi,
7,renew energi,7: renew energi,
7,renew energi,7: renew energi,
7,renew energi,7: renew energi,
7,renew energi,7: renew energi,
7,renew energi,7: renew energi,
7,renew energi,7: renew energi,
7,renew energi,7: renew energi,
7,renew energi,7: renew energi,
7,renew energi,7: renew energi,
7,renew energi,7: renew energi,
7,renew energi,7: renew energi,
7,renew energi,7: renew energi,
7,renew energi,7: renew energi,
7,renew energi,7: renew energi,
7,renew energi,7: renew energi,
7,renew energi,7: renew energi,
7,renew energi,7: renew energi,
7,renew energi,7: renew energi,
7,renew energi,7: renew energi,
7,renew energi,7: renew energi,
7,renew energi,7: renew energi,
7,renew energi,7: renew energi,
7,renew energi,7: renew energi,
7,renew energi,7: renew energi,
7,renew energi,7: renew energi,
7,renew energi,7: renew energi,
7,renew energi,7: renew energi,
7,renew energi,7: renew energi,
7,renew energi,7: renew energi,
7,renew energi,7: renew energi,
7,renew energi,7: renew energi,
7,renew energi,7: renew energi,
7,renew energi,7: renew energi,
7,renew energi,7: renew energi,
7,renew energi,7: renew energi,
7,renew energi,7: renew energi,
7,renew energi,7: renew energi,
7,renew energi,7: renew energi,
7,renew energi,7: renew energi,
7,renew energi,7: renew energi,
7,renew energi,7: renew energi,
7,renew energi,7: renew energi,
7,renew energi,7: renew energi,
7,renew energi,7: renew energi,
7,renew energi,7: renew energi,
7,renew energi,7: renew energi,
7,renew energi,7: renew energi,
7,renew energi,7: renew energi,
7,renew energi,7: renew energi,
7,renew energi,7: renew energi,
7,renew energi,7: renew energi,
7,renew energi,7: renew energi,
7,renew energi,7: renew energi,
7,renew energi,7: renew energi,
7,renew energi,7: renew energi,
7,renew energi,7: renew energi,
7,renew energi,7: renew energi,
7,renew energi,7: renew energi,
7,renew energi,7: renew energi,
7,renew energi,7: renew energi,
7,renew energi,7: renew energi,
7,renew energi,7: renew energi,
7,renew energi,7: renew energi,
7,renew energi,7: renew energi,
7,renew energi,7: renew energi,
7,renew energi,7: renew energi,
7,renew energi,7: renew energi,
7,renew energi,7: renew energi,
7,renew energi,7: renew energi,
7,renew energi,7: renew energi,
7,renew energi,7: renew energi,
7,renew energi,7: renew energi,
7,renew energi,7: renew energi,
7,renew energi,7: renew energi,
7,renew energi,7: renew energi,
7,renew energi,7: renew energi,
7,renew energi,7: renew energi,
7,renew energi,7: renew energi,
7,renew energi,7: renew energi,
7,renew energi,7: renew energi,
7,renew energi,7: renew energi,
7,renew energi,7: renew energi,
7,renew energi,7: renew energi,
7,renew energi,7: renew energi,
7,renew energi,7: renew energi,
7,renew energi,7: renew energi,
7,renew energi,7: renew energi,
7,renew energi,7: renew energi,
7,renew energi,7: renew energi,
7,renew energi,7: renew energi,
7,renew energi,7: renew energi,
7,renew energi,7: renew energi,
7,renew energi,7: renew energi,
7,renew energi,7: renew energi,
7,renew energi,7: renew energi,
7,renew energi,7: renew energi,
7,renew energi,7: renew energi,
7,renew energi,7: renew energi,
7,renew energi,7: renew energi,
7,renew energi,7: renew energi,
7,renew energi,7: renew energi,
7,renew energi,7: renew energi,
7,renew energi,7: renew energi,
7,renew energi,7: renew energi,
7,renew energi,7: renew energi,
7,renew energi,7: renew energi,
7,renew energi,7: renew energi,
7,renew energi,7: renew energi,
7,renew energi,7: renew energi,
7,renew energi,7: renew energi,
7,renew energi,7: renew energi,
7,renew energi,7: renew energi,
7,renew energi,7: renew energi,
7,renew energi,7: renew energi,
7,renew energi,7: renew energi,
7,renew energi,7: renew energi,
7,renew energi,7: renew energi,
7,renew energi,7: renew energi,
7,renew energi,7: renew energi,
7,renew energi,7: renew energi,
7,renew energi,7: renew energi,
7,renew energi,7: renew energi,
7,renew energi,7: renew energi,
7,renew energi,7: renew energi,
7,renew energi,7: renew energi,
7,renew energi,7: renew energi,
7,renew energi,7: renew energi,
7,renew energi,7: renew energi,
7,renew energi,7: renew energi,
7,renew energi,7: renew energi,
7,renew energi,7: renew energi,
7,renew energi,7: renew energi,
7,renew energi,7: renew energi,
7,renew energi,7: renew energi,
1,abstract avail,1: abstract avail,
1,abstract avail,1: abstract avail,
1,abstract avail,1: abstract avail,
1,abstract avail,1: abstract avail,
1,abstract avail,1: abstract avail,
1,abstract avail,1: abstract avail,
1,abstract avail,1: abstract avail,
1,abstract avail,1: abstract avail,
1,abstract avail,1: abstract avail,
1,abstract avail,1: abstract avail,
1,abstract avail,1: abstract avail,
1,abstract avail,1: abstract avail,
1,abstract avail,1: abstract avail,
1,abstract avail,1: abstract avail,
1,abstract avail,1: abstract avail,
1,abstract avail,1: abstract avail,
1,abstract avail,1: abstract avail,
1,abstract avail,1: abstract avail,
1,abstract avail,1: abstract avail,
1,abstract avail,1: abstract avail,
1,abstract avail,1: abstract avail,
1,abstract avail,1: abstract avail,
1,abstract avail,1: abstract avail,
1,abstract avail,1: abstract avail,
1,abstract avail,1: abstract avail,
1,abstract avail,1: abstract avail,
1,abstract avail,1: abstract avail,
1,abstract avail,1: abstract avail,
1,abstract avail,1: abstract avail,
1,abstract avail,1: abstract avail,
1,abstract avail,1: abstract avail,
1,abstract avail,1: abstract avail,
1,abstract avail,1: abstract avail,
1,abstract avail,1: abstract avail,
1,abstract avail,1: abstract avail,
1,abstract avail,1: abstract avail,
1,abstract avail,1: abstract avail,
1,abstract avail,1: abstract avail,
1,abstract avail,1: abstract avail,
1,abstract avail,1: abstract avail,
1,abstract avail,1: abstract avail,
1,abstract avail,1: abstract avail,
1,abstract avail,1: abstract avail,
1,abstract avail,1: abstract avail,
1,abstract avail,1: abstract avail,
1,abstract avail,1: abstract avail,
1,abstract avail,1: abstract avail,
1,abstract avail,1: abstract avail,
1,abstract avail,1: abstract avail,
1,abstract avail,1: abstract avail,
1,abstract avail,1: abstract avail,
1,abstract avail,1: abstract avail,
1,abstract avail,1: abstract avail,
1,abstract avail,1: abstract avail,
1,abstract avail,1: abstract avail,
1,abstract avail,1: abstract avail,
1,abstract avail,1: abstract avail,
1,abstract avail,1: abstract avail,
1,abstract avail,1: abstract avail,
1,abstract avail,1: abstract avail,
1,abstract avail,1: abstract avail,
1,abstract avail,1: abstract avail,
1,abstract avail,1: abstract avail,
1,abstract avail,1: abstract avail,
1,abstract avail,1: abstract avail,
1,abstract avail,1: abstract avail,
1,abstract avail,1: abstract avail,
1,abstract avail,1: abstract avail,
1,abstract avail,1: abstract avail,
1,abstract avail,1: abstract avail,
1,abstract avail,1: abstract avail,
1,abstract avail,1: abstract avail,
1,abstract avail,1: abstract avail,
1,abstract avail,1: abstract avail,
1,abstract avail,1: abstract avail,
1,abstract avail,1: abstract avail,
1,abstract avail,1: abstract avail,
1,abstract avail,1: abstract avail,
1,abstract avail,1: abstract avail,
1,abstract avail,1: abstract avail,
1,abstract avail,1: abstract avail,
5,offshor grid,5: offshor grid,
5,offshor grid,5: offshor grid,
5,offshor grid,5: offshor grid,
5,offshor grid,5: offshor grid,
5,offshor grid,5: offshor grid,
5,offshor grid,5: offshor grid,
5,offshor grid,5: offshor grid,
5,offshor grid,5: offshor grid,
5,offshor grid,5: offshor grid,
5,offshor grid,5: offshor grid,
5,offshor grid,5: offshor grid,
5,offshor grid,5: offshor grid,
5,offshor grid,5: offshor grid,
5,offshor grid,5: offshor grid,
5,offshor grid,5: offshor grid,
5,offshor grid,5: offshor grid,
5,offshor grid,5: offshor grid,
5,offshor grid,5: offshor grid,
5,offshor grid,5: offshor grid,
5,offshor grid,5: offshor grid,
5,offshor grid,5: offshor grid,
5,offshor grid,5: offshor grid,
5,offshor grid,5: offshor grid,
5,offshor grid,5: offshor grid,
5,offshor grid,5: offshor grid,
5,offshor grid,5: offshor grid,
5,offshor grid,5: offshor grid,
5,offshor grid,5: offshor grid,
5,offshor grid,5: offshor grid,
5,offshor grid,5: offshor grid,
5,offshor grid,5: offshor grid,
5,offshor grid,5: offshor grid,
5,offshor grid,5: offshor grid,
5,offshor grid,5: offshor grid,
5,offshor grid,5: offshor grid,
5,offshor grid,5: offshor grid,
5,offshor grid,5: offshor grid,
5,offshor grid,5: offshor grid,
5,offshor grid,5: offshor grid,
5,offshor grid,5: offshor grid,
5,offshor grid,5: offshor grid,
5,offshor grid,5: offshor grid,
5,offshor grid,5: offshor grid,
5,offshor grid,5: offshor grid,
5,offshor grid,5: offshor grid,
5,offshor grid,5: offshor grid,
5,offshor grid,5: offshor grid,
5,offshor grid,5: offshor grid,
5,offshor grid,5: offshor grid,
5,offshor grid,5: offshor grid,
5,offshor grid,5: offshor grid,
5,offshor grid,5: offshor grid,
5,offshor grid,5: offshor grid,
5,offshor grid,5: offshor grid,
5,offshor grid,5: offshor grid,
5,offshor grid,5: offshor grid,
5,offshor grid,5: offshor grid,
5,offshor grid,5: offshor grid,
5,offshor grid,5: offshor grid,
5,offshor grid,5: offshor grid,
5,offshor grid,5: offshor grid,
5,offshor grid,5: offshor grid,
5,offshor grid,5: offshor grid,
5,offshor grid,5: offshor grid,
5,offshor grid,5: offshor grid,
5,offshor grid,5: offshor grid,
5,offshor grid,5: offshor grid,
5,offshor grid,5: offshor grid,
5,offshor grid,5: offshor grid,
5,offshor grid,5: offshor grid,
5,offshor grid,5: offshor grid,
5,offshor grid,5: offshor grid,
5,offshor grid,5: offshor grid,
5,offshor grid,5: offshor grid,
5,offshor grid,5: offshor grid,
5,offshor grid,5: offshor grid,
5,offshor grid,5: offshor grid,
5,offshor grid,5: offshor grid,
5,offshor grid,5: offshor grid,
5,offshor grid,5: offshor grid,
5,offshor grid,5: offshor grid,
5,offshor grid,5: offshor grid,
5,offshor grid,5: offshor grid,
5,offshor grid,5: offshor grid,
5,offshor grid,5: offshor grid,
5,offshor grid,5: offshor grid,
5,offshor grid,5: offshor grid,
5,offshor grid,5: offshor grid,
5,offshor grid,5: offshor grid,
5,offshor grid,5: offshor grid,
5,offshor grid,5: offshor grid,
5,offshor grid,5: offshor grid,
5,offshor grid,5: offshor grid,
5,offshor grid,5: offshor grid,
5,offshor grid,5: offshor grid,
5,offshor grid,5: offshor grid,
5,offshor grid,5: offshor grid,
5,offshor grid,5: offshor grid,
5,offshor grid,5: offshor grid,
5,offshor grid,5: offshor grid,
5,offshor grid,5: offshor grid,
5,offshor grid,5: offshor grid,
5,offshor grid,5: offshor grid,
5,offshor grid,5: offshor grid,
5,offshor grid,5: offshor grid,
5,offshor grid,5: offshor grid,
5,offshor grid,5: offshor grid,
5,offshor grid,5: offshor grid,
5,offshor grid,5: offshor grid,
5,offshor grid,5: offshor grid,
5,offshor grid,5: offshor grid,
5,offshor grid,5: offshor grid,
5,offshor grid,5: offshor grid,
5,offshor grid,5: offshor grid,
5,offshor grid,5: offshor grid,
5,offshor grid,5: offshor grid,
5,offshor grid,5: offshor grid,
5,offshor grid,5: offshor grid,
5,offshor grid,5: offshor grid,
5,offshor grid,5: offshor grid,
5,offshor grid,5: offshor grid,
5,offshor grid,5: offshor grid,
5,offshor grid,5: offshor grid,
5,offshor grid,5: offshor grid,
5,offshor grid,5: offshor grid,
5,offshor grid,5: offshor grid,
5,offshor grid,5: offshor grid,
5,offshor grid,5: offshor grid,
5,offshor grid,5: offshor grid,
5,offshor grid,5: offshor grid,
5,offshor grid,5: offshor grid,
5,offshor grid,5: offshor grid,
5,offshor grid,5: offshor grid,
5,offshor grid,5: offshor grid,
5,offshor grid,5: offshor grid,
5,offshor grid,5: offshor grid,
5,offshor grid,5: offshor grid,
5,offshor grid,5: offshor grid,
5,offshor grid,5: offshor grid,
5,offshor grid,5: offshor grid,
5,offshor grid,5: offshor grid,
5,offshor grid,5: offshor grid,
5,offshor grid,5: offshor grid,
5,offshor grid,5: offshor grid,
5,offshor grid,5: offshor grid,
5,offshor grid,5: offshor grid,
5,offshor grid,5: offshor grid,
5,offshor grid,5: offshor grid,
5,offshor grid,5: offshor grid,
5,offshor grid,5: offshor grid,
5,offshor grid,5: offshor grid,
5,offshor grid,5: offshor grid,
5,offshor grid,5: offshor grid,
5,offshor grid,5: offshor grid,
5,offshor grid,5: offshor grid,
5,offshor grid,5: offshor grid,
5,offshor grid,5: offshor grid,
5,offshor grid,5: offshor grid,
5,offshor grid,5: offshor grid,
5,offshor grid,5: offshor grid,
5,offshor grid,5: offshor grid,
5,offshor grid,5: offshor grid,
5,offshor grid,5: offshor grid,
5,offshor grid,5: offshor grid,
5,offshor grid,5: offshor grid,
5,offshor grid,5: offshor grid,
5,offshor grid,5: offshor grid,
5,offshor grid,5: offshor grid,
5,offshor grid,5: offshor grid,
5,offshor grid,5: offshor grid,
5,offshor grid,5: offshor grid,
5,offshor grid,5: offshor grid,
5,offshor grid,5: offshor grid,
5,offshor grid,5: offshor grid,
5,offshor grid,5: offshor grid,
9,wind farm,9: wind farm,
9,wind farm,9: wind farm,
9,wind farm,9: wind farm,
9,wind farm,9: wind farm,
9,wind farm,9: wind farm,
9,wind farm,9: wind farm,
9,wind farm,9: wind farm,
9,wind farm,9: wind farm,
9,wind farm,9: wind farm,
9,wind farm,9: wind farm,
9,wind farm,9: wind farm,
9,wind farm,9: wind farm,
9,wind farm,9: wind farm,
9,wind farm,9: wind farm,
9,wind farm,9: wind farm,
9,wind farm,9: wind farm,
9,wind farm,9: wind farm,
9,wind farm,9: wind farm,
9,wind farm,9: wind farm,
9,wind farm,9: wind farm,
9,wind farm,9: wind farm,
9,wind farm,9: wind farm,
9,wind farm,9: wind farm,
9,wind farm,9: wind farm,
9,wind farm,9: wind farm,
9,wind farm,9: wind farm,
9,wind farm,9: wind farm,
9,wind farm,9: wind farm,
9,wind farm,9: wind farm,
9,wind farm,9: wind farm,
9,wind farm,9: wind farm,
9,wind farm,9: wind farm,
9,wind farm,9: wind farm,
9,wind farm,9: wind farm,
9,wind farm,9: wind farm,
9,wind farm,9: wind farm,
9,wind farm,9: wind farm,
9,wind farm,9: wind farm,
9,wind farm,9: wind farm,
9,wind farm,9: wind farm,
9,wind farm,9: wind farm,
9,wind farm,9: wind farm,
9,wind farm,9: wind farm,
9,wind farm,9: wind farm,
9,wind farm,9: wind farm,
9,wind farm,9: wind farm,
9,wind farm,9: wind farm,
9,wind farm,9: wind farm,
9,wind farm,9: wind farm,
9,wind farm,9: wind farm,
9,wind farm,9: wind farm,
9,wind farm,9: wind farm,
9,wind farm,9: wind farm,
9,wind farm,9: wind farm,
9,wind farm,9: wind farm,
9,wind farm,9: wind farm,
9,wind farm,9: wind farm,
9,wind farm,9: wind farm,
9,wind farm,9: wind farm,
9,wind farm,9: wind farm,
9,wind farm,9: wind farm,
9,wind farm,9: wind farm,
9,wind farm,9: wind farm,
9,wind farm,9: wind farm,
9,wind farm,9: wind farm,
9,wind farm,9: wind farm,
9,wind farm,9: wind farm,
9,wind farm,9: wind farm,
9,wind farm,9: wind farm,
9,wind farm,9: wind farm,
9,wind farm,9: wind farm,
9,wind farm,9: wind farm,
9,wind farm,9: wind farm,
9,wind farm,9: wind farm,
9,wind farm,9: wind farm,
9,wind farm,9: wind farm,
9,wind farm,9: wind farm,
9,wind farm,9: wind farm,
9,wind farm,9: wind farm,
9,wind farm,9: wind farm,
9,wind farm,9: wind farm,
9,wind farm,9: wind farm,
9,wind farm,9: wind farm,
9,wind farm,9: wind farm,
9,wind farm,9: wind farm,
9,wind farm,9: wind farm,
9,wind farm,9: wind farm,
9,wind farm,9: wind farm,
9,wind farm,9: wind farm,
9,wind farm,9: wind farm,
9,wind farm,9: wind farm,
9,wind farm,9: wind farm,
9,wind farm,9: wind farm,
9,wind farm,9: wind farm,
9,wind farm,9: wind farm,
9,wind farm,9: wind farm,
9,wind farm,9: wind farm,
9,wind farm,9: wind farm,
9,wind farm,9: wind farm,
9,wind farm,9: wind farm,
9,wind farm,9: wind farm,
9,wind farm,9: wind farm,
9,wind farm,9: wind farm,
9,wind farm,9: wind farm,
9,wind farm,9: wind farm,
9,wind farm,9: wind farm,
9,wind farm,9: wind farm,
9,wind farm,9: wind farm,
9,wind farm,9: wind farm,
9,wind farm,9: wind farm,
9,wind farm,9: wind farm,
9,wind farm,9: wind farm,
9,wind farm,9: wind farm,
9,wind farm,9: wind farm,
9,wind farm,9: wind farm,
9,wind farm,9: wind farm,
9,wind farm,9: wind farm,
9,wind farm,9: wind farm,
9,wind farm,9: wind farm,
9,wind farm,9: wind farm,
9,wind farm,9: wind farm,
9,wind farm,9: wind farm,
9,wind farm,9: wind farm,
9,wind farm,9: wind farm,
9,wind farm,9: wind farm,
9,wind farm,9: wind farm,
9,wind farm,9: wind farm,
9,wind farm,9: wind farm,
9,wind farm,9: wind farm,
9,wind farm,9: wind farm,
9,wind farm,9: wind farm,
9,wind farm,9: wind farm,
9,wind farm,9: wind farm,
9,wind farm,9: wind farm,
9,wind farm,9: wind farm,
9,wind farm,9: wind farm,
9,wind farm,9: wind farm,
9,wind farm,9: wind farm,
9,wind farm,9: wind farm,
9,wind farm,9: wind farm,
9,wind farm,9: wind farm,
9,wind farm,9: wind farm,
9,wind farm,9: wind farm,
9,wind farm,9: wind farm,
9,wind farm,9: wind farm,
9,wind farm,9: wind farm,
9,wind farm,9: wind farm,
9,wind farm,9: wind farm,
9,wind farm,9: wind farm,
9,wind farm,9: wind farm,
9,wind farm,9: wind farm,
9,wind farm,9: wind farm,
9,wind farm,9: wind farm,
9,wind farm,9: wind farm,
9,wind farm,9: wind farm,
9,wind farm,9: wind farm,
9,wind farm,9: wind farm,
9,wind farm,9: wind farm,
9,wind farm,9: wind farm,
9,wind farm,9: wind farm,
9,wind farm,9: wind farm,
3,offshor wind,3: offshor wind,
3,offshor wind,3: offshor wind,
3,offshor wind,3: offshor wind,
3,offshor wind,3: offshor wind,
3,offshor wind,3: offshor wind,
3,offshor wind,3: offshor wind,
3,offshor wind,3: offshor wind,
3,offshor wind,3: offshor wind,
3,offshor wind,3: offshor wind,
3,offshor wind,3: offshor wind,
3,offshor wind,3: offshor wind,
3,offshor wind,3: offshor wind,
3,offshor wind,3: offshor wind,
3,offshor wind,3: offshor wind,
3,offshor wind,3: offshor wind,
3,offshor wind,3: offshor wind,
3,offshor wind,3: offshor wind,
3,offshor wind,3: offshor wind,
3,offshor wind,3: offshor wind,
3,offshor wind,3: offshor wind,
3,offshor wind,3: offshor wind,
3,offshor wind,3: offshor wind,
3,offshor wind,3: offshor wind,
3,offshor wind,3: offshor wind,
3,offshor wind,3: offshor wind,
3,offshor wind,3: offshor wind,
3,offshor wind,3: offshor wind,
3,offshor wind,3: offshor wind,
3,offshor wind,3: offshor wind,
3,offshor wind,3: offshor wind,
3,offshor wind,3: offshor wind,
3,offshor wind,3: offshor wind,
3,offshor wind,3: offshor wind,
3,offshor wind,3: offshor wind,
3,offshor wind,3: offshor wind,
3,offshor wind,3: offshor wind,
3,offshor wind,3: offshor wind,
3,offshor wind,3: offshor wind,
3,offshor wind,3: offshor wind,
3,offshor wind,3: offshor wind,
3,offshor wind,3: offshor wind,
3,offshor wind,3: offshor wind,
3,offshor wind,3: offshor wind,
3,offshor wind,3: offshor wind,
3,offshor wind,3: offshor wind,
3,offshor wind,3: offshor wind,
3,offshor wind,3: offshor wind,
3,offshor wind,3: offshor wind,
3,offshor wind,3: offshor wind,
3,offshor wind,3: offshor wind,
3,offshor wind,3: offshor wind,
3,offshor wind,3: offshor wind,
3,offshor wind,3: offshor wind,
3,offshor wind,3: offshor wind,
3,offshor wind,3: offshor wind,
3,offshor wind,3: offshor wind,
3,offshor wind,3: offshor wind,
3,offshor wind,3: offshor wind,
3,offshor wind,3: offshor wind,
3,offshor wind,3: offshor wind,
3,offshor wind,3: offshor wind,
3,offshor wind,3: offshor wind,
3,offshor wind,3: offshor wind,
3,offshor wind,3: offshor wind,
3,offshor wind,3: offshor wind,
3,offshor wind,3: offshor wind,
3,offshor wind,3: offshor wind,
3,offshor wind,3: offshor wind,
3,offshor wind,3: offshor wind,
3,offshor wind,3: offshor wind,
3,offshor wind,3: offshor wind,
3,offshor wind,3: offshor wind,
3,offshor wind,3: offshor wind,
3,offshor wind,3: offshor wind,
3,offshor wind,3: offshor wind,
3,offshor wind,3: offshor wind,
3,offshor wind,3: offshor wind,
3,offshor wind,3: offshor wind,
3,offshor wind,3: offshor wind,
3,offshor wind,3: offshor wind,
3,offshor wind,3: offshor wind,
3,offshor wind,3: offshor wind,
3,offshor wind,3: offshor wind,
3,offshor wind,3: offshor wind,
3,offshor wind,3: offshor wind,
3,offshor wind,3: offshor wind,
3,offshor wind,3: offshor wind,
3,offshor wind,3: offshor wind,
3,offshor wind,3: offshor wind,
3,offshor wind,3: offshor wind,
3,offshor wind,3: offshor wind,
3,offshor wind,3: offshor wind,
3,offshor wind,3: offshor wind,
3,offshor wind,3: offshor wind,
3,offshor wind,3: offshor wind,
3,offshor wind,3: offshor wind,
3,offshor wind,3: offshor wind,
3,offshor wind,3: offshor wind,
3,offshor wind,3: offshor wind,
3,offshor wind,3: offshor wind,
3,offshor wind,3: offshor wind,
3,offshor wind,3: offshor wind,
3,offshor wind,3: offshor wind,
3,offshor wind,3: offshor wind,
3,offshor wind,3: offshor wind,
3,offshor wind,3: offshor wind,
3,offshor wind,3: offshor wind,
3,offshor wind,3: offshor wind,
3,offshor wind,3: offshor wind,
3,offshor wind,3: offshor wind,
3,offshor wind,3: offshor wind,
3,offshor wind,3: offshor wind,
3,offshor wind,3: offshor wind,
7,renew energi,7: renew energi,
7,renew energi,7: renew energi,
7,renew energi,7: renew energi,
7,renew energi,7: renew energi,
7,renew energi,7: renew energi,
7,renew energi,7: renew energi,
7,renew energi,7: renew energi,
7,renew energi,7: renew energi,
7,renew energi,7: renew energi,
7,renew energi,7: renew energi,
7,renew energi,7: renew energi,
7,renew energi,7: renew energi,
7,renew energi,7: renew energi,
7,renew energi,7: renew energi,
7,renew energi,7: renew energi,
7,renew energi,7: renew energi,
7,renew energi,7: renew energi,
7,renew energi,7: renew energi,
7,renew energi,7: renew energi,
7,renew energi,7: renew energi,
7,renew energi,7: renew energi,
7,renew energi,7: renew energi,
7,renew energi,7: renew energi,
7,renew energi,7: renew energi,
7,renew energi,7: renew energi,
7,renew energi,7: renew energi,
7,renew energi,7: renew energi,
7,renew energi,7: renew energi,
7,renew energi,7: renew energi,
7,renew energi,7: renew energi,
7,renew energi,7: renew energi,
7,renew energi,7: renew energi,
7,renew energi,7: renew energi,
7,renew energi,7: renew energi,
7,renew energi,7: renew energi,
7,renew energi,7: renew energi,
7,renew energi,7: renew energi,
7,renew energi,7: renew energi,
7,renew energi,7: renew energi,
7,renew energi,7: renew energi,
7,renew energi,7: renew energi,
7,renew energi,7: renew energi,
7,renew energi,7: renew energi,
7,renew energi,7: renew energi,
7,renew energi,7: renew energi,
7,renew energi,7: renew energi,
7,renew energi,7: renew energi,
7,renew energi,7: renew energi,
7,renew energi,7: renew energi,
7,renew energi,7: renew energi,
7,renew energi,7: renew energi,
7,renew energi,7: renew energi,
7,renew energi,7: renew energi,
7,renew energi,7: renew energi,
7,renew energi,7: renew energi,
7,renew energi,7: renew energi,
7,renew energi,7: renew energi,
7,renew energi,7: renew energi,
7,renew energi,7: renew energi,
7,renew energi,7: renew energi,
7,renew energi,7: renew energi,
7,renew energi,7: renew energi,
7,renew energi,7: renew energi,
7,renew energi,7: renew energi,
7,renew energi,7: renew energi,
7,renew energi,7: renew energi,
7,renew energi,7: renew energi,
7,renew energi,7: renew energi,
7,renew energi,7: renew energi,
7,renew energi,7: renew energi,
7,renew energi,7: renew energi,
7,renew energi,7: renew energi,
7,renew energi,7: renew energi,
7,renew energi,7: renew energi,
7,renew energi,7: renew energi,
7,renew energi,7: renew energi,
7,renew energi,7: renew energi,
7,renew energi,7: renew energi,
7,renew energi,7: renew energi,
7,renew energi,7: renew energi,
7,renew energi,7: renew energi,
7,renew energi,7: renew energi,
7,renew energi,7: renew energi,
7,renew energi,7: renew energi,
7,renew energi,7: renew energi,
7,renew energi,7: renew energi,
7,renew energi,7: renew energi,
7,renew energi,7: renew energi,
7,renew energi,7: renew energi,
7,renew energi,7: renew energi,
7,renew energi,7: renew energi,
7,renew energi,7: renew energi,
7,renew energi,7: renew energi,
7,renew energi,7: renew energi,
7,renew energi,7: renew energi,
7,renew energi,7: renew energi,
7,renew energi,7: renew energi,
7,renew energi,7: renew energi,
7,renew energi,7: renew energi,
7,renew energi,7: renew energi,
7,renew energi,7: renew energi,
7,renew energi,7: renew energi,
7,renew energi,7: renew energi,
7,renew energi,7: renew energi,
7,renew energi,7: renew energi,
7,renew energi,7: renew energi,
7,renew energi,7: renew energi,
7,renew energi,7: renew energi,
7,renew energi,7: renew energi,
7,renew energi,7: renew energi,
7,renew energi,7: renew energi,
7,renew energi,7: renew energi,
7,renew energi,7: renew energi,
7,renew energi,7: renew energi,
7,renew energi,7: renew energi,
7,renew energi,7: renew energi,
7,renew energi,7: renew energi,
7,renew energi,7: renew energi,
7,renew energi,7: renew energi,
7,renew energi,7: renew energi,
7,renew energi,7: renew energi,
7,renew energi,7: renew energi,
7,renew energi,7: renew energi,
7,renew energi,7: renew energi,
7,renew energi,7: renew energi,
7,renew energi,7: renew energi,
7,renew energi,7: renew energi,
7,renew energi,7: renew energi,
7,renew energi,7: renew energi,
7,renew energi,7: renew energi,
7,renew energi,7: renew energi,
7,renew energi,7: renew energi,
7,renew energi,7: renew energi,
7,renew energi,7: renew energi,
7,renew energi,7: renew energi,
7,renew energi,7: renew energi,
7,renew energi,7: renew energi,
7,renew energi,7: renew energi,
7,renew energi,7: renew energi,
7,renew energi,7: renew energi,
7,renew energi,7: renew energi,
7,renew energi,7: renew energi,
7,renew energi,7: renew energi,
7,renew energi,7: renew energi,
7,renew energi,7: renew energi,
7,renew energi,7: renew energi,
7,renew energi,7: renew energi,
7,renew energi,7: renew energi,
7,renew energi,7: renew energi,
7,renew energi,7: renew energi,
7,renew energi,7: renew energi,
7,renew energi,7: renew energi,
7,renew energi,7: renew energi,
7,renew energi,7: renew energi,
7,renew energi,7: renew energi,
7,renew energi,7: renew energi,
7,renew energi,7: renew energi,
7,renew energi,7: renew energi,
7,renew energi,7: renew energi,
7,renew energi,7: renew energi,
7,renew energi,7: renew energi,
7,renew energi,7: renew energi,
7,renew energi,7: renew energi,
7,renew energi,7: renew energi,
7,renew energi,7: renew energi,
7,renew energi,7: renew energi,
7,renew energi,7: renew energi,
7,renew energi,7: renew energi,
7,renew energi,7: renew energi,
7,renew energi,7: renew energi,
7,renew energi,7: renew energi,
7,renew energi,7: renew energi,
7,renew energi,7: renew energi,
7,renew energi,7: renew energi,
7,renew energi,7: renew energi,
7,renew energi,7: renew energi,
7,renew energi,7: renew energi,
7,renew energi,7: renew energi,
7,renew energi,7: renew energi,
7,renew energi,7: renew energi,
7,renew energi,7: renew energi,
7,renew energi,7: renew energi,
7,renew energi,7: renew energi,
7,renew energi,7: renew energi,
7,renew energi,7: renew energi,
7,renew energi,7: renew energi,
7,renew energi,7: renew energi,
7,renew energi,7: renew energi,
7,renew energi,7: renew energi,
7,renew energi,7: renew energi,
7,renew energi,7: renew energi,
7,renew energi,7: renew energi,
7,renew energi,7: renew energi,
7,renew energi,7: renew energi,
7,renew energi,7: renew energi,
7,renew energi,7: renew energi,
7,renew energi,7: renew energi,
7,renew energi,7: renew energi,
7,renew energi,7: renew energi,
7,renew energi,7: renew energi,
7,renew energi,7: renew energi,
7,renew energi,7: renew energi,
7,renew energi,7: renew energi,
7,renew energi,7: renew energi,
7,renew energi,7: renew energi,
7,renew energi,7: renew energi,
7,renew energi,7: renew energi,
7,renew energi,7: renew energi,
7,renew energi,7: renew energi,
7,renew energi,7: renew energi,
7,renew energi,7: renew energi,
7,renew energi,7: renew energi,
7,renew energi,7: renew energi,
7,renew energi,7: renew energi,
7,renew energi,7: renew energi,
7,renew energi,7: renew energi,
7,renew energi,7: renew energi,
7,renew energi,7: renew energi,
7,renew energi,7: renew energi,
7,renew energi,7: renew energi,
7,renew energi,7: renew energi,
7,renew energi,7: renew energi,
7,renew energi,7: renew energi,
7,renew energi,7: renew energi,
7,renew energi,7: renew energi,
7,renew energi,7: renew energi,
7,renew energi,7: renew energi,
7,renew energi,7: renew energi,
7,renew energi,7: renew energi,
7,renew energi,7: renew energi,
7,renew energi,7: renew energi,
7,renew energi,7: renew energi,
7,renew energi,7: renew energi,
7,renew energi,7: renew energi,
7,renew energi,7: renew energi,
7,renew energi,7: renew energi,
7,renew energi,7: renew energi,
7,renew energi,7: renew energi,
7,renew energi,7: renew energi,
7,renew energi,7: renew energi,
7,renew energi,7: renew energi,
7,renew energi,7: renew energi,
7,renew energi,7: renew energi,
7,renew energi,7: renew energi,
7,renew energi,7: renew energi,
7,renew energi,7: renew energi,
7,renew energi,7: renew energi,
7,renew energi,7: renew energi,
7,renew energi,7: renew energi,
7,renew energi,7: renew energi,
7,renew energi,7: renew energi,
7,renew energi,7: renew energi,
7,renew energi,7: renew energi,
7,renew energi,7: renew energi,
7,renew energi,7: renew energi,
7,renew energi,7: renew energi,
7,renew energi,7: renew energi,
7,renew energi,7: renew energi,
7,renew energi,7: renew energi,
7,renew energi,7: renew energi,
7,renew energi,7: renew energi,
7,renew energi,7: renew energi,
7,renew energi,7: renew energi,
7,renew energi,7: renew energi,
7,renew energi,7: renew energi,
7,renew energi,7: renew energi,
7,renew energi,7: renew energi,
7,renew energi,7: renew energi,
7,renew energi,7: renew energi,
7,renew energi,7: renew energi,
7,renew energi,7: renew energi,
7,renew energi,7: renew energi,
7,renew energi,7: renew energi,
7,renew energi,7: renew energi,
7,renew energi,7: renew energi,
7,renew energi,7: renew energi,
7,renew energi,7: renew energi,
7,renew energi,7: renew energi,
7,renew energi,7: renew energi,
7,renew energi,7: renew energi,
7,renew energi,7: renew energi,
7,renew energi,7: renew energi,
7,renew energi,7: renew energi,
7,renew energi,7: renew energi,
7,renew energi,7: renew energi,
7,renew energi,7: renew energi,
7,renew energi,7: renew energi,
7,renew energi,7: renew energi,
7,renew energi,7: renew energi,
7,renew energi,7: renew energi,
7,renew energi,7: renew energi,
7,renew energi,7: renew energi,
5,offshor grid,5: offshor grid,
5,offshor grid,5: offshor grid,
5,offshor grid,5: offshor grid,
5,offshor grid,5: offshor grid,
5,offshor grid,5: offshor grid,
5,offshor grid,5: offshor grid,
5,offshor grid,5: offshor grid,
5,offshor grid,5: offshor grid,
5,offshor grid,5: offshor grid,
5,offshor grid,5: offshor grid,
5,offshor grid,5: offshor grid,
5,offshor grid,5: offshor grid,
5,offshor grid,5: offshor grid,
5,offshor grid,5: offshor grid,
5,offshor grid,5: offshor grid,
5,offshor grid,5: offshor grid,
5,offshor grid,5: offshor grid,
5,offshor grid,5: offshor grid,
5,offshor grid,5: offshor grid,
5,offshor grid,5: offshor grid,
5,offshor grid,5: offshor grid,
5,offshor grid,5: offshor grid,
5,offshor grid,5: offshor grid,
5,offshor grid,5: offshor grid,
5,offshor grid,5: offshor grid,
5,offshor grid,5: offshor grid,
5,offshor grid,5: offshor grid,
5,offshor grid,5: offshor grid,
5,offshor grid,5: offshor grid,
5,offshor grid,5: offshor grid,
5,offshor grid,5: offshor grid,
5,offshor grid,5: offshor grid,
5,offshor grid,5: offshor grid,
5,offshor grid,5: offshor grid,
5,offshor grid,5: offshor grid,
5,offshor grid,5: offshor grid,
5,offshor grid,5: offshor grid,
5,offshor grid,5: offshor grid,
5,offshor grid,5: offshor grid,
5,offshor grid,5: offshor grid,
5,offshor grid,5: offshor grid,
5,offshor grid,5: offshor grid,
5,offshor grid,5: offshor grid,
5,offshor grid,5: offshor grid,
5,offshor grid,5: offshor grid,
5,offshor grid,5: offshor grid,
5,offshor grid,5: offshor grid,
5,offshor grid,5: offshor grid,
5,offshor grid,5: offshor grid,
5,offshor grid,5: offshor grid,
5,offshor grid,5: offshor grid,
5,offshor grid,5: offshor grid,
5,offshor grid,5: offshor grid,
5,offshor grid,5: offshor grid,
5,offshor grid,5: offshor grid,
5,offshor grid,5: offshor grid,
5,offshor grid,5: offshor grid,
5,offshor grid,5: offshor grid,
5,offshor grid,5: offshor grid,
5,offshor grid,5: offshor grid,
5,offshor grid,5: offshor grid,
5,offshor grid,5: offshor grid,
5,offshor grid,5: offshor grid,
5,offshor grid,5: offshor grid,
5,offshor grid,5: offshor grid,
5,offshor grid,5: offshor grid,
5,offshor grid,5: offshor grid,
5,offshor grid,5: offshor grid,
5,offshor grid,5: offshor grid,
5,offshor grid,5: offshor grid,
5,offshor grid,5: offshor grid,
5,offshor grid,5: offshor grid,
5,offshor grid,5: offshor grid,
5,offshor grid,5: offshor grid,
5,offshor grid,5: offshor grid,
5,offshor grid,5: offshor grid,
5,offshor grid,5: offshor grid,
5,offshor grid,5: offshor grid,
5,offshor grid,5: offshor grid,
5,offshor grid,5: offshor grid,
5,offshor grid,5: offshor grid,
5,offshor grid,5: offshor grid,
5,offshor grid,5: offshor grid,
5,offshor grid,5: offshor grid,
5,offshor grid,5: offshor grid,
5,offshor grid,5: offshor grid,
5,offshor grid,5: offshor grid,
5,offshor grid,5: offshor grid,
5,offshor grid,5: offshor grid,
5,offshor grid,5: offshor grid,
5,offshor grid,5: offshor grid,
5,offshor grid,5: offshor grid,
5,offshor grid,5: offshor grid,
5,offshor grid,5: offshor grid,
5,offshor grid,5: offshor grid,
5,offshor grid,5: offshor grid,
5,offshor grid,5: offshor grid,
5,offshor grid,5: offshor grid,
5,offshor grid,5: offshor grid,
5,offshor grid,5: offshor grid,
5,offshor grid,5: offshor grid,
5,offshor grid,5: offshor grid,
5,offshor grid,5: offshor grid,
5,offshor grid,5: offshor grid,
5,offshor grid,5: offshor grid,
5,offshor grid,5: offshor grid,
5,offshor grid,5: offshor grid,
5,offshor grid,5: offshor grid,
5,offshor grid,5: offshor grid,
5,offshor grid,5: offshor grid,
5,offshor grid,5: offshor grid,
5,offshor grid,5: offshor grid,
5,offshor grid,5: offshor grid,
5,offshor grid,5: offshor grid,
5,offshor grid,5: offshor grid,
5,offshor grid,5: offshor grid,
5,offshor grid,5: offshor grid,
5,offshor grid,5: offshor grid,
5,offshor grid,5: offshor grid,
5,offshor grid,5: offshor grid,
5,offshor grid,5: offshor grid,
5,offshor grid,5: offshor grid,
5,offshor grid,5: offshor grid,
5,offshor grid,5: offshor grid,
5,offshor grid,5: offshor grid,
5,offshor grid,5: offshor grid,
5,offshor grid,5: offshor grid,
5,offshor grid,5: offshor grid,
5,offshor grid,5: offshor grid,
5,offshor grid,5: offshor grid,
5,offshor grid,5: offshor grid,
5,offshor grid,5: offshor grid,
5,offshor grid,5: offshor grid,
5,offshor grid,5: offshor grid,
5,offshor grid,5: offshor grid,
5,offshor grid,5: offshor grid,
5,offshor grid,5: offshor grid,
5,offshor grid,5: offshor grid,
5,offshor grid,5: offshor grid,
5,offshor grid,5: offshor grid,
5,offshor grid,5: offshor grid,
5,offshor grid,5: offshor grid,
5,offshor grid,5: offshor grid,
5,offshor grid,5: offshor grid,
5,offshor grid,5: offshor grid,
5,offshor grid,5: offshor grid,
5,offshor grid,5: offshor grid,
5,offshor grid,5: offshor grid,
5,offshor grid,5: offshor grid,
5,offshor grid,5: offshor grid,
5,offshor grid,5: offshor grid,
5,offshor grid,5: offshor grid,
5,offshor grid,5: offshor grid,
5,offshor grid,5: offshor grid,
5,offshor grid,5: offshor grid,
5,offshor grid,5: offshor grid,
5,offshor grid,5: offshor grid,
5,offshor grid,5: offshor grid,
5,offshor grid,5: offshor grid,
5,offshor grid,5: offshor grid,
5,offshor grid,5: offshor grid,
5,offshor grid,5: offshor grid,
5,offshor grid,5: offshor grid,
5,offshor grid,5: offshor grid,
5,offshor grid,5: offshor grid,
5,offshor grid,5: offshor grid,
5,offshor grid,5: offshor grid,
5,offshor grid,5: offshor grid,
5,offshor grid,5: offshor grid,
5,offshor grid,5: offshor grid,
5,offshor grid,5: offshor grid,
5,offshor grid,5: offshor grid,
5,offshor grid,5: offshor grid,
5,offshor grid,5: offshor grid,
5,offshor grid,5: offshor grid,
9,wind farm,9: wind farm,
9,wind farm,9: wind farm,
9,wind farm,9: wind farm,
9,wind farm,9: wind farm,
9,wind farm,9: wind farm,
9,wind farm,9: wind farm,
9,wind farm,9: wind farm,
9,wind farm,9: wind farm,
9,wind farm,9: wind farm,
9,wind farm,9: wind farm,
9,wind farm,9: wind farm,
9,wind farm,9: wind farm,
9,wind farm,9: wind farm,
9,wind farm,9: wind farm,
9,wind farm,9: wind farm,
9,wind farm,9: wind farm,
9,wind farm,9: wind farm,
9,wind farm,9: wind farm,
9,wind farm,9: wind farm,
9,wind farm,9: wind farm,
9,wind farm,9: wind farm,
9,wind farm,9: wind farm,
9,wind farm,9: wind farm,
9,wind farm,9: wind farm,
9,wind farm,9: wind farm,
9,wind farm,9: wind farm,
9,wind farm,9: wind farm,
9,wind farm,9: wind farm,
9,wind farm,9: wind farm,
9,wind farm,9: wind farm,
9,wind farm,9: wind farm,
9,wind farm,9: wind farm,
9,wind farm,9: wind farm,
9,wind farm,9: wind farm,
9,wind farm,9: wind farm,
9,wind farm,9: wind farm,
9,wind farm,9: wind farm,
9,wind farm,9: wind farm,
9,wind farm,9: wind farm,
9,wind farm,9: wind farm,
9,wind farm,9: wind farm,
9,wind farm,9: wind farm,
9,wind farm,9: wind farm,
9,wind farm,9: wind farm,
9,wind farm,9: wind farm,
9,wind farm,9: wind farm,
9,wind farm,9: wind farm,
9,wind farm,9: wind farm,
9,wind farm,9: wind farm,
9,wind farm,9: wind farm,
9,wind farm,9: wind farm,
9,wind farm,9: wind farm,
9,wind farm,9: wind farm,
9,wind farm,9: wind farm,
9,wind farm,9: wind farm,
9,wind farm,9: wind farm,
9,wind farm,9: wind farm,
9,wind farm,9: wind farm,
9,wind farm,9: wind farm,
9,wind farm,9: wind farm,
9,wind farm,9: wind farm,
9,wind farm,9: wind farm,
9,wind farm,9: wind farm,
9,wind farm,9: wind farm,
9,wind farm,9: wind farm,
9,wind farm,9: wind farm,
9,wind farm,9: wind farm,
9,wind farm,9: wind farm,
9,wind farm,9: wind farm,
9,wind farm,9: wind farm,
9,wind farm,9: wind farm,
9,wind farm,9: wind farm,
9,wind farm,9: wind farm,
9,wind farm,9: wind farm,
9,wind farm,9: wind farm,
9,wind farm,9: wind farm,
9,wind farm,9: wind farm,
9,wind farm,9: wind farm,
9,wind farm,9: wind farm,
9,wind farm,9: wind farm,
9,wind farm,9: wind farm,
9,wind farm,9: wind farm,
9,wind farm,9: wind farm,
9,wind farm,9: wind farm,
9,wind farm,9: wind farm,
9,wind farm,9: wind farm,
9,wind farm,9: wind farm,
9,wind farm,9: wind farm,
9,wind farm,9: wind farm,
9,wind farm,9: wind farm,
9,wind farm,9: wind farm,
9,wind farm,9: wind farm,
9,wind farm,9: wind farm,
9,wind farm,9: wind farm,
9,wind farm,9: wind farm,
9,wind farm,9: wind farm,
9,wind farm,9: wind farm,
9,wind farm,9: wind farm,
9,wind farm,9: wind farm,
9,wind farm,9: wind farm,
9,wind farm,9: wind farm,
9,wind farm,9: wind farm,
9,wind farm,9: wind farm,
9,wind farm,9: wind farm,
9,wind farm,9: wind farm,
9,wind farm,9: wind farm,
9,wind farm,9: wind farm,
9,wind farm,9: wind farm,
9,wind farm,9: wind farm,
9,wind farm,9: wind farm,
9,wind farm,9: wind farm,
9,wind farm,9: wind farm,
9,wind farm,9: wind farm,
9,wind farm,9: wind farm,
9,wind farm,9: wind farm,
9,wind farm,9: wind farm,
9,wind farm,9: wind farm,
9,wind farm,9: wind farm,
9,wind farm,9: wind farm,
9,wind farm,9: wind farm,
9,wind farm,9: wind farm,
9,wind farm,9: wind farm,
9,wind farm,9: wind farm,
9,wind farm,9: wind farm,
9,wind farm,9: wind farm,
9,wind farm,9: wind farm,
9,wind farm,9: wind farm,
9,wind farm,9: wind farm,
9,wind farm,9: wind farm,
9,wind farm,9: wind farm,
9,wind farm,9: wind farm,
9,wind farm,9: wind farm,
9,wind farm,9: wind farm,
9,wind farm,9: wind farm,
9,wind farm,9: wind farm,
9,wind farm,9: wind farm,
9,wind farm,9: wind farm,
9,wind farm,9: wind farm,
9,wind farm,9: wind farm,
9,wind farm,9: wind farm,
9,wind farm,9: wind farm,
9,wind farm,9: wind farm,
9,wind farm,9: wind farm,
9,wind farm,9: wind farm,
9,wind farm,9: wind farm,
9,wind farm,9: wind farm,
9,wind farm,9: wind farm,
9,wind farm,9: wind farm,
9,wind farm,9: wind farm,
9,wind farm,9: wind farm,
9,wind farm,9: wind farm,
9,wind farm,9: wind farm,
9,wind farm,9: wind farm,
9,wind farm,9: wind farm,
9,wind farm,9: wind farm,
9,wind farm,9: wind farm,
9,wind farm,9: wind farm,
9,wind farm,9: wind farm,
9,wind farm,9: wind farm,
9,wind farm,9: wind farm,
9,wind farm,9: wind farm,
7,renew energi,7: renew energi,
7,renew energi,7: renew energi,
7,renew energi,7: renew energi,
7,renew energi,7: renew energi,
7,renew energi,7: renew energi,
7,renew energi,7: renew energi,
7,renew energi,7: renew energi,
7,renew energi,7: renew energi,
7,renew energi,7: renew energi,
7,renew energi,7: renew energi,
7,renew energi,7: renew energi,
7,renew energi,7: renew energi,
7,renew energi,7: renew energi,
7,renew energi,7: renew energi,
7,renew energi,7: renew energi,
7,renew energi,7: renew energi,
7,renew energi,7: renew energi,
7,renew energi,7: renew energi,
7,renew energi,7: renew energi,
7,renew energi,7: renew energi,
7,renew energi,7: renew energi,
7,renew energi,7: renew energi,
7,renew energi,7: renew energi,
7,renew energi,7: renew energi,
7,renew energi,7: renew energi,
7,renew energi,7: renew energi,
7,renew energi,7: renew energi,
7,renew energi,7: renew energi,
7,renew energi,7: renew energi,
7,renew energi,7: renew energi,
7,renew energi,7: renew energi,
7,renew energi,7: renew energi,
7,renew energi,7: renew energi,
7,renew energi,7: renew energi,
7,renew energi,7: renew energi,
7,renew energi,7: renew energi,
7,renew energi,7: renew energi,
7,renew energi,7: renew energi,
7,renew energi,7: renew energi,
7,renew energi,7: renew energi,
7,renew energi,7: renew energi,
7,renew energi,7: renew energi,
7,renew energi,7: renew energi,
7,renew energi,7: renew energi,
7,renew energi,7: renew energi,
7,renew energi,7: renew energi,
7,renew energi,7: renew energi,
7,renew energi,7: renew energi,
7,renew energi,7: renew energi,
7,renew energi,7: renew energi,
7,renew energi,7: renew energi,
7,renew energi,7: renew energi,
7,renew energi,7: renew energi,
7,renew energi,7: renew energi,
7,renew energi,7: renew energi,
7,renew energi,7: renew energi,
7,renew energi,7: renew energi,
7,renew energi,7: renew energi,
7,renew energi,7: renew energi,
7,renew energi,7: renew energi,
7,renew energi,7: renew energi,
7,renew energi,7: renew energi,
7,renew energi,7: renew energi,
7,renew energi,7: renew energi,
7,renew energi,7: renew energi,
7,renew energi,7: renew energi,
7,renew energi,7: renew energi,
7,renew energi,7: renew energi,
7,renew energi,7: renew energi,
7,renew energi,7: renew energi,
7,renew energi,7: renew energi,
7,renew energi,7: renew energi,
7,renew energi,7: renew energi,
7,renew energi,7: renew energi,
7,renew energi,7: renew energi,
7,renew energi,7: renew energi,
7,renew energi,7: renew energi,
7,renew energi,7: renew energi,
7,renew energi,7: renew energi,
7,renew energi,7: renew energi,
7,renew energi,7: renew energi,
7,renew energi,7: renew energi,
7,renew energi,7: renew energi,
7,renew energi,7: renew energi,
7,renew energi,7: renew energi,
7,renew energi,7: renew energi,
7,renew energi,7: renew energi,
7,renew energi,7: renew energi,
7,renew energi,7: renew energi,
7,renew energi,7: renew energi,
7,renew energi,7: renew energi,
7,renew energi,7: renew energi,
7,renew energi,7: renew energi,
7,renew energi,7: renew energi,
7,renew energi,7: renew energi,
7,renew energi,7: renew energi,
7,renew energi,7: renew energi,
7,renew energi,7: renew energi,
7,renew energi,7: renew energi,
7,renew energi,7: renew energi,
7,renew energi,7: renew energi,
7,renew energi,7: renew energi,
7,renew energi,7: renew energi,
7,renew energi,7: renew energi,
7,renew energi,7: renew energi,
7,renew energi,7: renew energi,
7,renew energi,7: renew energi,
7,renew energi,7: renew energi,
7,renew energi,7: renew energi,
7,renew energi,7: renew energi,
7,renew energi,7: renew energi,
7,renew energi,7: renew energi,
7,renew energi,7: renew energi,
7,renew energi,7: renew energi,
7,renew energi,7: renew energi,
7,renew energi,7: renew energi,
7,renew energi,7: renew energi,
7,renew energi,7: renew energi,
7,renew energi,7: renew energi,
7,renew energi,7: renew energi,
7,renew energi,7: renew energi,
7,renew energi,7: renew energi,
7,renew energi,7: renew energi,
7,renew energi,7: renew energi,
7,renew energi,7: renew energi,
7,renew energi,7: renew energi,
7,renew energi,7: renew energi,
7,renew energi,7: renew energi,
7,renew energi,7: renew energi,
7,renew energi,7: renew energi,
7,renew energi,7: renew energi,
7,renew energi,7: renew energi,
7,renew energi,7: renew energi,
7,renew energi,7: renew energi,
7,renew energi,7: renew energi,
7,renew energi,7: renew energi,
7,renew energi,7: renew energi,
7,renew energi,7: renew energi,
7,renew energi,7: renew energi,
7,renew energi,7: renew energi,
7,renew energi,7: renew energi,
7,renew energi,7: renew energi,
7,renew energi,7: renew energi,
7,renew energi,7: renew energi,
7,renew energi,7: renew energi,
7,renew energi,7: renew energi,
5,offshor grid,5: offshor grid,
5,offshor grid,5: offshor grid,
5,offshor grid,5: offshor grid,
5,offshor grid,5: offshor grid,
5,offshor grid,5: offshor grid,
5,offshor grid,5: offshor grid,
5,offshor grid,5: offshor grid,
5,offshor grid,5: offshor grid,
5,offshor grid,5: offshor grid,
5,offshor grid,5: offshor grid,
5,offshor grid,5: offshor grid,
5,offshor grid,5: offshor grid,
5,offshor grid,5: offshor grid,
5,offshor grid,5: offshor grid,
5,offshor grid,5: offshor grid,
5,offshor grid,5: offshor grid,
5,offshor grid,5: offshor grid,
5,offshor grid,5: offshor grid,
5,offshor grid,5: offshor grid,
5,offshor grid,5: offshor grid,
5,offshor grid,5: offshor grid,
5,offshor grid,5: offshor grid,
5,offshor grid,5: offshor grid,
5,offshor grid,5: offshor grid,
5,offshor grid,5: offshor grid,
5,offshor grid,5: offshor grid,
5,offshor grid,5: offshor grid,
5,offshor grid,5: offshor grid,
5,offshor grid,5: offshor grid,
5,offshor grid,5: offshor grid,
5,offshor grid,5: offshor grid,
5,offshor grid,5: offshor grid,
5,offshor grid,5: offshor grid,
5,offshor grid,5: offshor grid,
5,offshor grid,5: offshor grid,
5,offshor grid,5: offshor grid,
5,offshor grid,5: offshor grid,
5,offshor grid,5: offshor grid,
5,offshor grid,5: offshor grid,
5,offshor grid,5: offshor grid,
5,offshor grid,5: offshor grid,
5,offshor grid,5: offshor grid,
5,offshor grid,5: offshor grid,
5,offshor grid,5: offshor grid,
5,offshor grid,5: offshor grid,
5,offshor grid,5: offshor grid,
5,offshor grid,5: offshor grid,
5,offshor grid,5: offshor grid,
5,offshor grid,5: offshor grid,
5,offshor grid,5: offshor grid,
5,offshor grid,5: offshor grid,
5,offshor grid,5: offshor grid,
5,offshor grid,5: offshor grid,
5,offshor grid,5: offshor grid,
5,offshor grid,5: offshor grid,
5,offshor grid,5: offshor grid,
5,offshor grid,5: offshor grid,
5,offshor grid,5: offshor grid,
5,offshor grid,5: offshor grid,
5,offshor grid,5: offshor grid,
5,offshor grid,5: offshor grid,
5,offshor grid,5: offshor grid,
5,offshor grid,5: offshor grid,
5,offshor grid,5: offshor grid,
5,offshor grid,5: offshor grid,
5,offshor grid,5: offshor grid,
5,offshor grid,5: offshor grid,
5,offshor grid,5: offshor grid,
5,offshor grid,5: offshor grid,
5,offshor grid,5: offshor grid,
5,offshor grid,5: offshor grid,
5,offshor grid,5: offshor grid,
5,offshor grid,5: offshor grid,
5,offshor grid,5: offshor grid,
5,offshor grid,5: offshor grid,
5,offshor grid,5: offshor grid,
5,offshor grid,5: offshor grid,
5,offshor grid,5: offshor grid,
5,offshor grid,5: offshor grid,
5,offshor grid,5: offshor grid,
5,offshor grid,5: offshor grid,
5,offshor grid,5: offshor grid,
5,offshor grid,5: offshor grid,
5,offshor grid,5: offshor grid,
5,offshor grid,5: offshor grid,
5,offshor grid,5: offshor grid,
5,offshor grid,5: offshor grid,
5,offshor grid,5: offshor grid,
5,offshor grid,5: offshor grid,
5,offshor grid,5: offshor grid,
5,offshor grid,5: offshor grid,
5,offshor grid,5: offshor grid,
5,offshor grid,5: offshor grid,
5,offshor grid,5: offshor grid,
5,offshor grid,5: offshor grid,
5,offshor grid,5: offshor grid,
5,offshor grid,5: offshor grid,
5,offshor grid,5: offshor grid,
5,offshor grid,5: offshor grid,
5,offshor grid,5: offshor grid,
5,offshor grid,5: offshor grid,
5,offshor grid,5: offshor grid,
5,offshor grid,5: offshor grid,
5,offshor grid,5: offshor grid,
5,offshor grid,5: offshor grid,
5,offshor grid,5: offshor grid,
5,offshor grid,5: offshor grid,
5,offshor grid,5: offshor grid,
5,offshor grid,5: offshor grid,
5,offshor grid,5: offshor grid,
5,offshor grid,5: offshor grid,
5,offshor grid,5: offshor grid,
5,offshor grid,5: offshor grid,
5,offshor grid,5: offshor grid,
5,offshor grid,5: offshor grid,
5,offshor grid,5: offshor grid,
5,offshor grid,5: offshor grid,
5,offshor grid,5: offshor grid,
5,offshor grid,5: offshor grid,
5,offshor grid,5: offshor grid,
5,offshor grid,5: offshor grid,
5,offshor grid,5: offshor grid,
5,offshor grid,5: offshor grid,
5,offshor grid,5: offshor grid,
5,offshor grid,5: offshor grid,
5,offshor grid,5: offshor grid,
5,offshor grid,5: offshor grid,
5,offshor grid,5: offshor grid,
5,offshor grid,5: offshor grid,
5,offshor grid,5: offshor grid,
5,offshor grid,5: offshor grid,
5,offshor grid,5: offshor grid,
5,offshor grid,5: offshor grid,
5,offshor grid,5: offshor grid,
5,offshor grid,5: offshor grid,
5,offshor grid,5: offshor grid,
5,offshor grid,5: offshor grid,
5,offshor grid,5: offshor grid,
5,offshor grid,5: offshor grid,
5,offshor grid,5: offshor grid,
5,offshor grid,5: offshor grid,
5,offshor grid,5: offshor grid,
5,offshor grid,5: offshor grid,
5,offshor grid,5: offshor grid,
5,offshor grid,5: offshor grid,
5,offshor grid,5: offshor grid,
5,offshor grid,5: offshor grid,
5,offshor grid,5: offshor grid,
5,offshor grid,5: offshor grid,
5,offshor grid,5: offshor grid,
5,offshor grid,5: offshor grid,
5,offshor grid,5: offshor grid,
5,offshor grid,5: offshor grid,
5,offshor grid,5: offshor grid,
5,offshor grid,5: offshor grid,
5,offshor grid,5: offshor grid,
5,offshor grid,5: offshor grid,
5,offshor grid,5: offshor grid,
5,offshor grid,5: offshor grid,
5,offshor grid,5: offshor grid,
5,offshor grid,5: offshor grid,
5,offshor grid,5: offshor grid,
5,offshor grid,5: offshor grid,
5,offshor grid,5: offshor grid,
5,offshor grid,5: offshor grid,
5,offshor grid,5: offshor grid,
5,offshor grid,5: offshor grid,
5,offshor grid,5: offshor grid,
5,offshor grid,5: offshor grid,
5,offshor grid,5: offshor grid,
5,offshor grid,5: offshor grid,
5,offshor grid,5: offshor grid,
5,offshor grid,5: offshor grid,
5,offshor grid,5: offshor grid,
5,offshor grid,5: offshor grid,
9,wind farm,9: wind farm,
9,wind farm,9: wind farm,
9,wind farm,9: wind farm,
9,wind farm,9: wind farm,
9,wind farm,9: wind farm,
9,wind farm,9: wind farm,
9,wind farm,9: wind farm,
9,wind farm,9: wind farm,
9,wind farm,9: wind farm,
9,wind farm,9: wind farm,
9,wind farm,9: wind farm,
9,wind farm,9: wind farm,
9,wind farm,9: wind farm,
9,wind farm,9: wind farm,
9,wind farm,9: wind farm,
9,wind farm,9: wind farm,
9,wind farm,9: wind farm,
9,wind farm,9: wind farm,
9,wind farm,9: wind farm,
9,wind farm,9: wind farm,
9,wind farm,9: wind farm,
9,wind farm,9: wind farm,
9,wind farm,9: wind farm,
9,wind farm,9: wind farm,
9,wind farm,9: wind farm,
9,wind farm,9: wind farm,
9,wind farm,9: wind farm,
9,wind farm,9: wind farm,
9,wind farm,9: wind farm,
9,wind farm,9: wind farm,
9,wind farm,9: wind farm,
9,wind farm,9: wind farm,
9,wind farm,9: wind farm,
9,wind farm,9: wind farm,
9,wind farm,9: wind farm,
9,wind farm,9: wind farm,
9,wind farm,9: wind farm,
9,wind farm,9: wind farm,
9,wind farm,9: wind farm,
9,wind farm,9: wind farm,
9,wind farm,9: wind farm,
9,wind farm,9: wind farm,
9,wind farm,9: wind farm,
9,wind farm,9: wind farm,
9,wind farm,9: wind farm,
9,wind farm,9: wind farm,
9,wind farm,9: wind farm,
9,wind farm,9: wind farm,
9,wind farm,9: wind farm,
9,wind farm,9: wind farm,
9,wind farm,9: wind farm,
9,wind farm,9: wind farm,
9,wind farm,9: wind farm,
9,wind farm,9: wind farm,
9,wind farm,9: wind farm,
9,wind farm,9: wind farm,
9,wind farm,9: wind farm,
9,wind farm,9: wind farm,
9,wind farm,9: wind farm,
9,wind farm,9: wind farm,
9,wind farm,9: wind farm,
9,wind farm,9: wind farm,
9,wind farm,9: wind farm,
9,wind farm,9: wind farm,
9,wind farm,9: wind farm,
9,wind farm,9: wind farm,
9,wind farm,9: wind farm,
9,wind farm,9: wind farm,
9,wind farm,9: wind farm,
9,wind farm,9: wind farm,
9,wind farm,9: wind farm,
9,wind farm,9: wind farm,
9,wind farm,9: wind farm,
9,wind farm,9: wind farm,
9,wind farm,9: wind farm,
9,wind farm,9: wind farm,
9,wind farm,9: wind farm,
9,wind farm,9: wind farm,
9,wind farm,9: wind farm,
9,wind farm,9: wind farm,
9,wind farm,9: wind farm,
9,wind farm,9: wind farm,
9,wind farm,9: wind farm,
9,wind farm,9: wind farm,
9,wind farm,9: wind farm,
9,wind farm,9: wind farm,
9,wind farm,9: wind farm,
9,wind farm,9: wind farm,
9,wind farm,9: wind farm,
9,wind farm,9: wind farm,
9,wind farm,9: wind farm,
9,wind farm,9: wind farm,
9,wind farm,9: wind farm,
9,wind farm,9: wind farm,
9,wind farm,9: wind farm,
9,wind farm,9: wind farm,
9,wind farm,9: wind farm,
9,wind farm,9: wind farm,
9,wind farm,9: wind farm,
9,wind farm,9: wind farm,
9,wind farm,9: wind farm,
9,wind farm,9: wind farm,
9,wind farm,9: wind farm,
9,wind farm,9: wind farm,
9,wind farm,9: wind farm,
9,wind farm,9: wind farm,
9,wind farm,9: wind farm,
9,wind farm,9: wind farm,
9,wind farm,9: wind farm,
9,wind farm,9: wind farm,
9,wind farm,9: wind farm,
9,wind farm,9: wind farm,
9,wind farm,9: wind farm,
9,wind farm,9: wind farm,
9,wind farm,9: wind farm,
9,wind farm,9: wind farm,
9,wind farm,9: wind farm,
9,wind farm,9: wind farm,
9,wind farm,9: wind farm,
9,wind farm,9: wind farm,
9,wind farm,9: wind farm,
9,wind farm,9: wind farm,
9,wind farm,9: wind farm,
9,wind farm,9: wind farm,
9,wind farm,9: wind farm,
9,wind farm,9: wind farm,
9,wind farm,9: wind farm,
9,wind farm,9: wind farm,
9,wind farm,9: wind farm,
9,wind farm,9: wind farm,
9,wind farm,9: wind farm,
9,wind farm,9: wind farm,
9,wind farm,9: wind farm,
9,wind farm,9: wind farm,
9,wind farm,9: wind farm,
9,wind farm,9: wind farm,
9,wind farm,9: wind farm,
9,wind farm,9: wind farm,
9,wind farm,9: wind farm,
9,wind farm,9: wind farm,
9,wind farm,9: wind farm,
9,wind farm,9: wind farm,
9,wind farm,9: wind farm,
9,wind farm,9: wind farm,
9,wind farm,9: wind farm,
9,wind farm,9: wind farm,
9,wind farm,9: wind farm,
9,wind farm,9: wind farm,
9,wind farm,9: wind farm,
9,wind farm,9: wind farm,
9,wind farm,9: wind farm,
9,wind farm,9: wind farm,
9,wind farm,9: wind farm,
9,wind farm,9: wind farm,
9,wind farm,9: wind farm,
9,wind farm,9: wind farm,
9,wind farm,9: wind farm,
9,wind farm,9: wind farm,
9,wind farm,9: wind farm,
9,wind farm,9: wind farm,
9,wind farm,9: wind farm,
3,offshor wind,3: offshor wind,
3,offshor wind,3: offshor wind,
3,offshor wind,3: offshor wind,
3,offshor wind,3: offshor wind,
3,offshor wind,3: offshor wind,
3,offshor wind,3: offshor wind,
3,offshor wind,3: offshor wind,
3,offshor wind,3: offshor wind,
3,offshor wind,3: offshor wind,
3,offshor wind,3: offshor wind,
3,offshor wind,3: offshor wind,
3,offshor wind,3: offshor wind,
3,offshor wind,3: offshor wind,
3,offshor wind,3: offshor wind,
3,offshor wind,3: offshor wind,
3,offshor wind,3: offshor wind,
3,offshor wind,3: offshor wind,
3,offshor wind,3: offshor wind,
3,offshor wind,3: offshor wind,
3,offshor wind,3: offshor wind,
3,offshor wind,3: offshor wind,
3,offshor wind,3: offshor wind,
3,offshor wind,3: offshor wind,
3,offshor wind,3: offshor wind,
3,offshor wind,3: offshor wind,
3,offshor wind,3: offshor wind,
3,offshor wind,3: offshor wind,
3,offshor wind,3: offshor wind,
3,offshor wind,3: offshor wind,
3,offshor wind,3: offshor wind,
3,offshor wind,3: offshor wind,
3,offshor wind,3: offshor wind,
3,offshor wind,3: offshor wind,
3,offshor wind,3: offshor wind,
3,offshor wind,3: offshor wind,
3,offshor wind,3: offshor wind,
3,offshor wind,3: offshor wind,
3,offshor wind,3: offshor wind,
3,offshor wind,3: offshor wind,
3,offshor wind,3: offshor wind,
3,offshor wind,3: offshor wind,
3,offshor wind,3: offshor wind,
3,offshor wind,3: offshor wind,
3,offshor wind,3: offshor wind,
3,offshor wind,3: offshor wind,
3,offshor wind,3: offshor wind,
3,offshor wind,3: offshor wind,
3,offshor wind,3: offshor wind,
3,offshor wind,3: offshor wind,
3,offshor wind,3: offshor wind,
3,offshor wind,3: offshor wind,
3,offshor wind,3: offshor wind,
3,offshor wind,3: offshor wind,
3,offshor wind,3: offshor wind,
3,offshor wind,3: offshor wind,
3,offshor wind,3: offshor wind,
3,offshor wind,3: offshor wind,
3,offshor wind,3: offshor wind,
3,offshor wind,3: offshor wind,
3,offshor wind,3: offshor wind,
3,offshor wind,3: offshor wind,
3,offshor wind,3: offshor wind,
3,offshor wind,3: offshor wind,
3,offshor wind,3: offshor wind,
3,offshor wind,3: offshor wind,
3,offshor wind,3: offshor wind,
3,offshor wind,3: offshor wind,
3,offshor wind,3: offshor wind,
3,offshor wind,3: offshor wind,
3,offshor wind,3: offshor wind,
3,offshor wind,3: offshor wind,
3,offshor wind,3: offshor wind,
3,offshor wind,3: offshor wind,
3,offshor wind,3: offshor wind,
3,offshor wind,3: offshor wind,
3,offshor wind,3: offshor wind,
3,offshor wind,3: offshor wind,
3,offshor wind,3: offshor wind,
3,offshor wind,3: offshor wind,
3,offshor wind,3: offshor wind,
3,offshor wind,3: offshor wind,
3,offshor wind,3: offshor wind,
3,offshor wind,3: offshor wind,
3,offshor wind,3: offshor wind,
3,offshor wind,3: offshor wind,
3,offshor wind,3: offshor wind,
3,offshor wind,3: offshor wind,
3,offshor wind,3: offshor wind,
3,offshor wind,3: offshor wind,
3,offshor wind,3: offshor wind,
3,offshor wind,3: offshor wind,
3,offshor wind,3: offshor wind,
3,offshor wind,3: offshor wind,
3,offshor wind,3: offshor wind,
3,offshor wind,3: offshor wind,
3,offshor wind,3: offshor wind,
3,offshor wind,3: offshor wind,
3,offshor wind,3: offshor wind,
3,offshor wind,3: offshor wind,
3,offshor wind,3: offshor wind,
3,offshor wind,3: offshor wind,
3,offshor wind,3: offshor wind,
3,offshor wind,3: offshor wind,
3,offshor wind,3: offshor wind,
3,offshor wind,3: offshor wind,
3,offshor wind,3: offshor wind,
3,offshor wind,3: offshor wind,
3,offshor wind,3: offshor wind,
3,offshor wind,3: offshor wind,
3,offshor wind,3: offshor wind,
3,offshor wind,3: offshor wind,
3,offshor wind,3: offshor wind,
3,offshor wind,3: offshor wind,
9,wind farm,9: wind farm,
9,wind farm,9: wind farm,
9,wind farm,9: wind farm,
9,wind farm,9: wind farm,
9,wind farm,9: wind farm,
9,wind farm,9: wind farm,
9,wind farm,9: wind farm,
9,wind farm,9: wind farm,
9,wind farm,9: wind farm,
9,wind farm,9: wind farm,
9,wind farm,9: wind farm,
9,wind farm,9: wind farm,
9,wind farm,9: wind farm,
9,wind farm,9: wind farm,
9,wind farm,9: wind farm,
9,wind farm,9: wind farm,
9,wind farm,9: wind farm,
9,wind farm,9: wind farm,
9,wind farm,9: wind farm,
9,wind farm,9: wind farm,
9,wind farm,9: wind farm,
9,wind farm,9: wind farm,
9,wind farm,9: wind farm,
9,wind farm,9: wind farm,
9,wind farm,9: wind farm,
9,wind farm,9: wind farm,
9,wind farm,9: wind farm,
9,wind farm,9: wind farm,
9,wind farm,9: wind farm,
9,wind farm,9: wind farm,
9,wind farm,9: wind farm,
9,wind farm,9: wind farm,
9,wind farm,9: wind farm,
9,wind farm,9: wind farm,
9,wind farm,9: wind farm,
9,wind farm,9: wind farm,
9,wind farm,9: wind farm,
9,wind farm,9: wind farm,
9,wind farm,9: wind farm,
9,wind farm,9: wind farm,
9,wind farm,9: wind farm,
9,wind farm,9: wind farm,
9,wind farm,9: wind farm,
9,wind farm,9: wind farm,
9,wind farm,9: wind farm,
9,wind farm,9: wind farm,
9,wind farm,9: wind farm,
9,wind farm,9: wind farm,
9,wind farm,9: wind farm,
9,wind farm,9: wind farm,
9,wind farm,9: wind farm,
9,wind farm,9: wind farm,
9,wind farm,9: wind farm,
9,wind farm,9: wind farm,
9,wind farm,9: wind farm,
9,wind farm,9: wind farm,
9,wind farm,9: wind farm,
9,wind farm,9: wind farm,
9,wind farm,9: wind farm,
9,wind farm,9: wind farm,
9,wind farm,9: wind farm,
9,wind farm,9: wind farm,
9,wind farm,9: wind farm,
9,wind farm,9: wind farm,
9,wind farm,9: wind farm,
9,wind farm,9: wind farm,
9,wind farm,9: wind farm,
9,wind farm,9: wind farm,
9,wind farm,9: wind farm,
9,wind farm,9: wind farm,
9,wind farm,9: wind farm,
9,wind farm,9: wind farm,
9,wind farm,9: wind farm,
9,wind farm,9: wind farm,
9,wind farm,9: wind farm,
9,wind farm,9: wind farm,
9,wind farm,9: wind farm,
9,wind farm,9: wind farm,
9,wind farm,9: wind farm,
9,wind farm,9: wind farm,
9,wind farm,9: wind farm,
9,wind farm,9: wind farm,
9,wind farm,9: wind farm,
9,wind farm,9: wind farm,
9,wind farm,9: wind farm,
9,wind farm,9: wind farm,
9,wind farm,9: wind farm,
9,wind farm,9: wind farm,
9,wind farm,9: wind farm,
9,wind farm,9: wind farm,
9,wind farm,9: wind farm,
9,wind farm,9: wind farm,
9,wind farm,9: wind farm,
9,wind farm,9: wind farm,
9,wind farm,9: wind farm,
9,wind farm,9: wind farm,
9,wind farm,9: wind farm,
9,wind farm,9: wind farm,
9,wind farm,9: wind farm,
9,wind farm,9: wind farm,
9,wind farm,9: wind farm,
9,wind farm,9: wind farm,
9,wind farm,9: wind farm,
9,wind farm,9: wind farm,
9,wind farm,9: wind farm,
9,wind farm,9: wind farm,
9,wind farm,9: wind farm,
9,wind farm,9: wind farm,
9,wind farm,9: wind farm,
9,wind farm,9: wind farm,
9,wind farm,9: wind farm,
9,wind farm,9: wind farm,
9,wind farm,9: wind farm,
9,wind farm,9: wind farm,
9,wind farm,9: wind farm,
9,wind farm,9: wind farm,
9,wind farm,9: wind farm,
9,wind farm,9: wind farm,
9,wind farm,9: wind farm,
9,wind farm,9: wind farm,
9,wind farm,9: wind farm,
9,wind farm,9: wind farm,
9,wind farm,9: wind farm,
9,wind farm,9: wind farm,
9,wind farm,9: wind farm,
9,wind farm,9: wind farm,
9,wind farm,9: wind farm,
9,wind farm,9: wind farm,
9,wind farm,9: wind farm,
9,wind farm,9: wind farm,
9,wind farm,9: wind farm,
9,wind farm,9: wind farm,
9,wind farm,9: wind farm,
9,wind farm,9: wind farm,
9,wind farm,9: wind farm,
9,wind farm,9: wind farm,
9,wind farm,9: wind farm,
9,wind farm,9: wind farm,
9,wind farm,9: wind farm,
9,wind farm,9: wind farm,
9,wind farm,9: wind farm,
9,wind farm,9: wind farm,
9,wind farm,9: wind farm,
9,wind farm,9: wind farm,
9,wind farm,9: wind farm,
9,wind farm,9: wind farm,
9,wind farm,9: wind farm,
9,wind farm,9: wind farm,
9,wind farm,9: wind farm,
9,wind farm,9: wind farm,
9,wind farm,9: wind farm,
9,wind farm,9: wind farm,
9,wind farm,9: wind farm,
9,wind farm,9: wind farm,
9,wind farm,9: wind farm,
9,wind farm,9: wind farm,
9,wind farm,9: wind farm,
9,wind farm,9: wind farm,
9,wind farm,9: wind farm,
9,wind farm,9: wind farm,
9,wind farm,9: wind farm,
5,offshor grid,5: offshor grid,
5,offshor grid,5: offshor grid,
5,offshor grid,5: offshor grid,
5,offshor grid,5: offshor grid,
5,offshor grid,5: offshor grid,
5,offshor grid,5: offshor grid,
5,offshor grid,5: offshor grid,
5,offshor grid,5: offshor grid,
5,offshor grid,5: offshor grid,
5,offshor grid,5: offshor grid,
5,offshor grid,5: offshor grid,
5,offshor grid,5: offshor grid,
5,offshor grid,5: offshor grid,
5,offshor grid,5: offshor grid,
5,offshor grid,5: offshor grid,
5,offshor grid,5: offshor grid,
5,offshor grid,5: offshor grid,
5,offshor grid,5: offshor grid,
5,offshor grid,5: offshor grid,
5,offshor grid,5: offshor grid,
5,offshor grid,5: offshor grid,
5,offshor grid,5: offshor grid,
5,offshor grid,5: offshor grid,
5,offshor grid,5: offshor grid,
5,offshor grid,5: offshor grid,
5,offshor grid,5: offshor grid,
5,offshor grid,5: offshor grid,
5,offshor grid,5: offshor grid,
5,offshor grid,5: offshor grid,
5,offshor grid,5: offshor grid,
5,offshor grid,5: offshor grid,
5,offshor grid,5: offshor grid,
5,offshor grid,5: offshor grid,
5,offshor grid,5: offshor grid,
5,offshor grid,5: offshor grid,
5,offshor grid,5: offshor grid,
5,offshor grid,5: offshor grid,
5,offshor grid,5: offshor grid,
5,offshor grid,5: offshor grid,
5,offshor grid,5: offshor grid,
5,offshor grid,5: offshor grid,
5,offshor grid,5: offshor grid,
5,offshor grid,5: offshor grid,
5,offshor grid,5: offshor grid,
5,offshor grid,5: offshor grid,
5,offshor grid,5: offshor grid,
5,offshor grid,5: offshor grid,
5,offshor grid,5: offshor grid,
5,offshor grid,5: offshor grid,
5,offshor grid,5: offshor grid,
5,offshor grid,5: offshor grid,
5,offshor grid,5: offshor grid,
5,offshor grid,5: offshor grid,
5,offshor grid,5: offshor grid,
5,offshor grid,5: offshor grid,
5,offshor grid,5: offshor grid,
5,offshor grid,5: offshor grid,
5,offshor grid,5: offshor grid,
5,offshor grid,5: offshor grid,
5,offshor grid,5: offshor grid,
5,offshor grid,5: offshor grid,
5,offshor grid,5: offshor grid,
5,offshor grid,5: offshor grid,
5,offshor grid,5: offshor grid,
5,offshor grid,5: offshor grid,
5,offshor grid,5: offshor grid,
5,offshor grid,5: offshor grid,
5,offshor grid,5: offshor grid,
5,offshor grid,5: offshor grid,
5,offshor grid,5: offshor grid,
5,offshor grid,5: offshor grid,
5,offshor grid,5: offshor grid,
5,offshor grid,5: offshor grid,
5,offshor grid,5: offshor grid,
5,offshor grid,5: offshor grid,
5,offshor grid,5: offshor grid,
5,offshor grid,5: offshor grid,
5,offshor grid,5: offshor grid,
5,offshor grid,5: offshor grid,
5,offshor grid,5: offshor grid,
5,offshor grid,5: offshor grid,
5,offshor grid,5: offshor grid,
5,offshor grid,5: offshor grid,
5,offshor grid,5: offshor grid,
5,offshor grid,5: offshor grid,
5,offshor grid,5: offshor grid,
5,offshor grid,5: offshor grid,
5,offshor grid,5: offshor grid,
5,offshor grid,5: offshor grid,
5,offshor grid,5: offshor grid,
5,offshor grid,5: offshor grid,
5,offshor grid,5: offshor grid,
5,offshor grid,5: offshor grid,
5,offshor grid,5: offshor grid,
5,offshor grid,5: offshor grid,
5,offshor grid,5: offshor grid,
5,offshor grid,5: offshor grid,
5,offshor grid,5: offshor grid,
5,offshor grid,5: offshor grid,
5,offshor grid,5: offshor grid,
5,offshor grid,5: offshor grid,
5,offshor grid,5: offshor grid,
5,offshor grid,5: offshor grid,
5,offshor grid,5: offshor grid,
5,offshor grid,5: offshor grid,
5,offshor grid,5: offshor grid,
5,offshor grid,5: offshor grid,
5,offshor grid,5: offshor grid,
5,offshor grid,5: offshor grid,
5,offshor grid,5: offshor grid,
5,offshor grid,5: offshor grid,
5,offshor grid,5: offshor grid,
5,offshor grid,5: offshor grid,
5,offshor grid,5: offshor grid,
5,offshor grid,5: offshor grid,
5,offshor grid,5: offshor grid,
5,offshor grid,5: offshor grid,
5,offshor grid,5: offshor grid,
5,offshor grid,5: offshor grid,
5,offshor grid,5: offshor grid,
5,offshor grid,5: offshor grid,
5,offshor grid,5: offshor grid,
5,offshor grid,5: offshor grid,
5,offshor grid,5: offshor grid,
5,offshor grid,5: offshor grid,
5,offshor grid,5: offshor grid,
5,offshor grid,5: offshor grid,
5,offshor grid,5: offshor grid,
5,offshor grid,5: offshor grid,
5,offshor grid,5: offshor grid,
5,offshor grid,5: offshor grid,
5,offshor grid,5: offshor grid,
5,offshor grid,5: offshor grid,
5,offshor grid,5: offshor grid,
5,offshor grid,5: offshor grid,
5,offshor grid,5: offshor grid,
5,offshor grid,5: offshor grid,
5,offshor grid,5: offshor grid,
5,offshor grid,5: offshor grid,
5,offshor grid,5: offshor grid,
5,offshor grid,5: offshor grid,
5,offshor grid,5: offshor grid,
5,offshor grid,5: offshor grid,
5,offshor grid,5: offshor grid,
5,offshor grid,5: offshor grid,
5,offshor grid,5: offshor grid,
5,offshor grid,5: offshor grid,
5,offshor grid,5: offshor grid,
5,offshor grid,5: offshor grid,
5,offshor grid,5: offshor grid,
5,offshor grid,5: offshor grid,
5,offshor grid,5: offshor grid,
5,offshor grid,5: offshor grid,
5,offshor grid,5: offshor grid,
5,offshor grid,5: offshor grid,
5,offshor grid,5: offshor grid,
5,offshor grid,5: offshor grid,
5,offshor grid,5: offshor grid,
5,offshor grid,5: offshor grid,
5,offshor grid,5: offshor grid,
5,offshor grid,5: offshor grid,
5,offshor grid,5: offshor grid,
5,offshor grid,5: offshor grid,
5,offshor grid,5: offshor grid,
5,offshor grid,5: offshor grid,
5,offshor grid,5: offshor grid,
5,offshor grid,5: offshor grid,
5,offshor grid,5: offshor grid,
5,offshor grid,5: offshor grid,
5,offshor grid,5: offshor grid,
5,offshor grid,5: offshor grid,
5,offshor grid,5: offshor grid,
5,offshor grid,5: offshor grid,
5,offshor grid,5: offshor grid,
5,offshor grid,5: offshor grid,
1,abstract avail,1: abstract avail,
1,abstract avail,1: abstract avail,
1,abstract avail,1: abstract avail,
1,abstract avail,1: abstract avail,
1,abstract avail,1: abstract avail,
1,abstract avail,1: abstract avail,
1,abstract avail,1: abstract avail,
1,abstract avail,1: abstract avail,
1,abstract avail,1: abstract avail,
1,abstract avail,1: abstract avail,
1,abstract avail,1: abstract avail,
1,abstract avail,1: abstract avail,
1,abstract avail,1: abstract avail,
1,abstract avail,1: abstract avail,
1,abstract avail,1: abstract avail,
1,abstract avail,1: abstract avail,
1,abstract avail,1: abstract avail,
1,abstract avail,1: abstract avail,
1,abstract avail,1: abstract avail,
1,abstract avail,1: abstract avail,
1,abstract avail,1: abstract avail,
1,abstract avail,1: abstract avail,
1,abstract avail,1: abstract avail,
1,abstract avail,1: abstract avail,
1,abstract avail,1: abstract avail,
1,abstract avail,1: abstract avail,
1,abstract avail,1: abstract avail,
1,abstract avail,1: abstract avail,
1,abstract avail,1: abstract avail,
1,abstract avail,1: abstract avail,
1,abstract avail,1: abstract avail,
1,abstract avail,1: abstract avail,
1,abstract avail,1: abstract avail,
1,abstract avail,1: abstract avail,
1,abstract avail,1: abstract avail,
1,abstract avail,1: abstract avail,
1,abstract avail,1: abstract avail,
1,abstract avail,1: abstract avail,
1,abstract avail,1: abstract avail,
1,abstract avail,1: abstract avail,
1,abstract avail,1: abstract avail,
1,abstract avail,1: abstract avail,
1,abstract avail,1: abstract avail,
1,abstract avail,1: abstract avail,
1,abstract avail,1: abstract avail,
1,abstract avail,1: abstract avail,
1,abstract avail,1: abstract avail,
1,abstract avail,1: abstract avail,
1,abstract avail,1: abstract avail,
1,abstract avail,1: abstract avail,
1,abstract avail,1: abstract avail,
1,abstract avail,1: abstract avail,
1,abstract avail,1: abstract avail,
1,abstract avail,1: abstract avail,
1,abstract avail,1: abstract avail,
1,abstract avail,1: abstract avail,
1,abstract avail,1: abstract avail,
1,abstract avail,1: abstract avail,
1,abstract avail,1: abstract avail,
1,abstract avail,1: abstract avail,
1,abstract avail,1: abstract avail,
1,abstract avail,1: abstract avail,
1,abstract avail,1: abstract avail,
1,abstract avail,1: abstract avail,
1,abstract avail,1: abstract avail,
1,abstract avail,1: abstract avail,
1,abstract avail,1: abstract avail,
1,abstract avail,1: abstract avail,
1,abstract avail,1: abstract avail,
1,abstract avail,1: abstract avail,
1,abstract avail,1: abstract avail,
1,abstract avail,1: abstract avail,
1,abstract avail,1: abstract avail,
1,abstract avail,1: abstract avail,
1,abstract avail,1: abstract avail,
1,abstract avail,1: abstract avail,
1,abstract avail,1: abstract avail,
1,abstract avail,1: abstract avail,
1,abstract avail,1: abstract avail,
1,abstract avail,1: abstract avail,
1,abstract avail,1: abstract avail,
5,offshor grid,5: offshor grid,
5,offshor grid,5: offshor grid,
5,offshor grid,5: offshor grid,
5,offshor grid,5: offshor grid,
5,offshor grid,5: offshor grid,
5,offshor grid,5: offshor grid,
5,offshor grid,5: offshor grid,
5,offshor grid,5: offshor grid,
5,offshor grid,5: offshor grid,
5,offshor grid,5: offshor grid,
5,offshor grid,5: offshor grid,
5,offshor grid,5: offshor grid,
5,offshor grid,5: offshor grid,
5,offshor grid,5: offshor grid,
5,offshor grid,5: offshor grid,
5,offshor grid,5: offshor grid,
5,offshor grid,5: offshor grid,
5,offshor grid,5: offshor grid,
5,offshor grid,5: offshor grid,
5,offshor grid,5: offshor grid,
5,offshor grid,5: offshor grid,
5,offshor grid,5: offshor grid,
5,offshor grid,5: offshor grid,
5,offshor grid,5: offshor grid,
5,offshor grid,5: offshor grid,
5,offshor grid,5: offshor grid,
5,offshor grid,5: offshor grid,
5,offshor grid,5: offshor grid,
5,offshor grid,5: offshor grid,
5,offshor grid,5: offshor grid,
5,offshor grid,5: offshor grid,
5,offshor grid,5: offshor grid,
5,offshor grid,5: offshor grid,
5,offshor grid,5: offshor grid,
5,offshor grid,5: offshor grid,
5,offshor grid,5: offshor grid,
5,offshor grid,5: offshor grid,
5,offshor grid,5: offshor grid,
5,offshor grid,5: offshor grid,
5,offshor grid,5: offshor grid,
5,offshor grid,5: offshor grid,
5,offshor grid,5: offshor grid,
5,offshor grid,5: offshor grid,
5,offshor grid,5: offshor grid,
5,offshor grid,5: offshor grid,
5,offshor grid,5: offshor grid,
5,offshor grid,5: offshor grid,
5,offshor grid,5: offshor grid,
5,offshor grid,5: offshor grid,
5,offshor grid,5: offshor grid,
5,offshor grid,5: offshor grid,
5,offshor grid,5: offshor grid,
5,offshor grid,5: offshor grid,
5,offshor grid,5: offshor grid,
5,offshor grid,5: offshor grid,
5,offshor grid,5: offshor grid,
5,offshor grid,5: offshor grid,
5,offshor grid,5: offshor grid,
5,offshor grid,5: offshor grid,
5,offshor grid,5: offshor grid,
5,offshor grid,5: offshor grid,
5,offshor grid,5: offshor grid,
5,offshor grid,5: offshor grid,
5,offshor grid,5: offshor grid,
5,offshor grid,5: offshor grid,
5,offshor grid,5: offshor grid,
5,offshor grid,5: offshor grid,
5,offshor grid,5: offshor grid,
5,offshor grid,5: offshor grid,
5,offshor grid,5: offshor grid,
5,offshor grid,5: offshor grid,
5,offshor grid,5: offshor grid,
5,offshor grid,5: offshor grid,
5,offshor grid,5: offshor grid,
5,offshor grid,5: offshor grid,
5,offshor grid,5: offshor grid,
5,offshor grid,5: offshor grid,
5,offshor grid,5: offshor grid,
5,offshor grid,5: offshor grid,
5,offshor grid,5: offshor grid,
5,offshor grid,5: offshor grid,
5,offshor grid,5: offshor grid,
5,offshor grid,5: offshor grid,
5,offshor grid,5: offshor grid,
5,offshor grid,5: offshor grid,
5,offshor grid,5: offshor grid,
5,offshor grid,5: offshor grid,
5,offshor grid,5: offshor grid,
5,offshor grid,5: offshor grid,
5,offshor grid,5: offshor grid,
5,offshor grid,5: offshor grid,
5,offshor grid,5: offshor grid,
5,offshor grid,5: offshor grid,
5,offshor grid,5: offshor grid,
5,offshor grid,5: offshor grid,
5,offshor grid,5: offshor grid,
5,offshor grid,5: offshor grid,
5,offshor grid,5: offshor grid,
5,offshor grid,5: offshor grid,
5,offshor grid,5: offshor grid,
5,offshor grid,5: offshor grid,
5,offshor grid,5: offshor grid,
5,offshor grid,5: offshor grid,
5,offshor grid,5: offshor grid,
5,offshor grid,5: offshor grid,
5,offshor grid,5: offshor grid,
5,offshor grid,5: offshor grid,
5,offshor grid,5: offshor grid,
5,offshor grid,5: offshor grid,
5,offshor grid,5: offshor grid,
5,offshor grid,5: offshor grid,
5,offshor grid,5: offshor grid,
5,offshor grid,5: offshor grid,
5,offshor grid,5: offshor grid,
5,offshor grid,5: offshor grid,
5,offshor grid,5: offshor grid,
5,offshor grid,5: offshor grid,
5,offshor grid,5: offshor grid,
5,offshor grid,5: offshor grid,
5,offshor grid,5: offshor grid,
5,offshor grid,5: offshor grid,
5,offshor grid,5: offshor grid,
5,offshor grid,5: offshor grid,
5,offshor grid,5: offshor grid,
5,offshor grid,5: offshor grid,
5,offshor grid,5: offshor grid,
5,offshor grid,5: offshor grid,
5,offshor grid,5: offshor grid,
5,offshor grid,5: offshor grid,
5,offshor grid,5: offshor grid,
5,offshor grid,5: offshor grid,
5,offshor grid,5: offshor grid,
5,offshor grid,5: offshor grid,
5,offshor grid,5: offshor grid,
5,offshor grid,5: offshor grid,
5,offshor grid,5: offshor grid,
5,offshor grid,5: offshor grid,
5,offshor grid,5: offshor grid,
5,offshor grid,5: offshor grid,
5,offshor grid,5: offshor grid,
5,offshor grid,5: offshor grid,
5,offshor grid,5: offshor grid,
5,offshor grid,5: offshor grid,
5,offshor grid,5: offshor grid,
5,offshor grid,5: offshor grid,
5,offshor grid,5: offshor grid,
5,offshor grid,5: offshor grid,
5,offshor grid,5: offshor grid,
5,offshor grid,5: offshor grid,
5,offshor grid,5: offshor grid,
5,offshor grid,5: offshor grid,
5,offshor grid,5: offshor grid,
5,offshor grid,5: offshor grid,
5,offshor grid,5: offshor grid,
5,offshor grid,5: offshor grid,
5,offshor grid,5: offshor grid,
5,offshor grid,5: offshor grid,
5,offshor grid,5: offshor grid,
5,offshor grid,5: offshor grid,
5,offshor grid,5: offshor grid,
5,offshor grid,5: offshor grid,
5,offshor grid,5: offshor grid,
5,offshor grid,5: offshor grid,
5,offshor grid,5: offshor grid,
5,offshor grid,5: offshor grid,
5,offshor grid,5: offshor grid,
5,offshor grid,5: offshor grid,
5,offshor grid,5: offshor grid,
5,offshor grid,5: offshor grid,
5,offshor grid,5: offshor grid,
5,offshor grid,5: offshor grid,
5,offshor grid,5: offshor grid,
5,offshor grid,5: offshor grid,
5,offshor grid,5: offshor grid,
5,offshor grid,5: offshor grid,
9,wind farm,9: wind farm,
9,wind farm,9: wind farm,
9,wind farm,9: wind farm,
9,wind farm,9: wind farm,
9,wind farm,9: wind farm,
9,wind farm,9: wind farm,
9,wind farm,9: wind farm,
9,wind farm,9: wind farm,
9,wind farm,9: wind farm,
9,wind farm,9: wind farm,
9,wind farm,9: wind farm,
9,wind farm,9: wind farm,
9,wind farm,9: wind farm,
9,wind farm,9: wind farm,
9,wind farm,9: wind farm,
9,wind farm,9: wind farm,
9,wind farm,9: wind farm,
9,wind farm,9: wind farm,
9,wind farm,9: wind farm,
9,wind farm,9: wind farm,
9,wind farm,9: wind farm,
9,wind farm,9: wind farm,
9,wind farm,9: wind farm,
9,wind farm,9: wind farm,
9,wind farm,9: wind farm,
9,wind farm,9: wind farm,
9,wind farm,9: wind farm,
9,wind farm,9: wind farm,
9,wind farm,9: wind farm,
9,wind farm,9: wind farm,
9,wind farm,9: wind farm,
9,wind farm,9: wind farm,
9,wind farm,9: wind farm,
9,wind farm,9: wind farm,
9,wind farm,9: wind farm,
9,wind farm,9: wind farm,
9,wind farm,9: wind farm,
9,wind farm,9: wind farm,
9,wind farm,9: wind farm,
9,wind farm,9: wind farm,
9,wind farm,9: wind farm,
9,wind farm,9: wind farm,
9,wind farm,9: wind farm,
9,wind farm,9: wind farm,
9,wind farm,9: wind farm,
9,wind farm,9: wind farm,
9,wind farm,9: wind farm,
9,wind farm,9: wind farm,
9,wind farm,9: wind farm,
9,wind farm,9: wind farm,
9,wind farm,9: wind farm,
9,wind farm,9: wind farm,
9,wind farm,9: wind farm,
9,wind farm,9: wind farm,
9,wind farm,9: wind farm,
9,wind farm,9: wind farm,
9,wind farm,9: wind farm,
9,wind farm,9: wind farm,
9,wind farm,9: wind farm,
9,wind farm,9: wind farm,
9,wind farm,9: wind farm,
9,wind farm,9: wind farm,
9,wind farm,9: wind farm,
9,wind farm,9: wind farm,
9,wind farm,9: wind farm,
9,wind farm,9: wind farm,
9,wind farm,9: wind farm,
9,wind farm,9: wind farm,
9,wind farm,9: wind farm,
9,wind farm,9: wind farm,
9,wind farm,9: wind farm,
9,wind farm,9: wind farm,
9,wind farm,9: wind farm,
9,wind farm,9: wind farm,
9,wind farm,9: wind farm,
9,wind farm,9: wind farm,
9,wind farm,9: wind farm,
9,wind farm,9: wind farm,
9,wind farm,9: wind farm,
9,wind farm,9: wind farm,
9,wind farm,9: wind farm,
9,wind farm,9: wind farm,
9,wind farm,9: wind farm,
9,wind farm,9: wind farm,
9,wind farm,9: wind farm,
9,wind farm,9: wind farm,
9,wind farm,9: wind farm,
9,wind farm,9: wind farm,
9,wind farm,9: wind farm,
9,wind farm,9: wind farm,
9,wind farm,9: wind farm,
9,wind farm,9: wind farm,
9,wind farm,9: wind farm,
9,wind farm,9: wind farm,
9,wind farm,9: wind farm,
9,wind farm,9: wind farm,
9,wind farm,9: wind farm,
9,wind farm,9: wind farm,
9,wind farm,9: wind farm,
9,wind farm,9: wind farm,
9,wind farm,9: wind farm,
9,wind farm,9: wind farm,
9,wind farm,9: wind farm,
9,wind farm,9: wind farm,
9,wind farm,9: wind farm,
9,wind farm,9: wind farm,
9,wind farm,9: wind farm,
9,wind farm,9: wind farm,
9,wind farm,9: wind farm,
9,wind farm,9: wind farm,
9,wind farm,9: wind farm,
9,wind farm,9: wind farm,
9,wind farm,9: wind farm,
9,wind farm,9: wind farm,
9,wind farm,9: wind farm,
9,wind farm,9: wind farm,
9,wind farm,9: wind farm,
9,wind farm,9: wind farm,
9,wind farm,9: wind farm,
9,wind farm,9: wind farm,
9,wind farm,9: wind farm,
9,wind farm,9: wind farm,
9,wind farm,9: wind farm,
9,wind farm,9: wind farm,
9,wind farm,9: wind farm,
9,wind farm,9: wind farm,
9,wind farm,9: wind farm,
9,wind farm,9: wind farm,
9,wind farm,9: wind farm,
9,wind farm,9: wind farm,
9,wind farm,9: wind farm,
9,wind farm,9: wind farm,
9,wind farm,9: wind farm,
9,wind farm,9: wind farm,
9,wind farm,9: wind farm,
9,wind farm,9: wind farm,
9,wind farm,9: wind farm,
9,wind farm,9: wind farm,
9,wind farm,9: wind farm,
9,wind farm,9: wind farm,
9,wind farm,9: wind farm,
9,wind farm,9: wind farm,
9,wind farm,9: wind farm,
9,wind farm,9: wind farm,
9,wind farm,9: wind farm,
9,wind farm,9: wind farm,
9,wind farm,9: wind farm,
9,wind farm,9: wind farm,
9,wind farm,9: wind farm,
9,wind farm,9: wind farm,
9,wind farm,9: wind farm,
9,wind farm,9: wind farm,
9,wind farm,9: wind farm,
9,wind farm,9: wind farm,
9,wind farm,9: wind farm,
9,wind farm,9: wind farm,
9,wind farm,9: wind farm,
9,wind farm,9: wind farm,
9,wind farm,9: wind farm,
9,wind farm,9: wind farm,
9,wind farm,9: wind farm,
1,abstract avail,1: abstract avail,
1,abstract avail,1: abstract avail,
1,abstract avail,1: abstract avail,
1,abstract avail,1: abstract avail,
1,abstract avail,1: abstract avail,
1,abstract avail,1: abstract avail,
1,abstract avail,1: abstract avail,
1,abstract avail,1: abstract avail,
1,abstract avail,1: abstract avail,
1,abstract avail,1: abstract avail,
1,abstract avail,1: abstract avail,
1,abstract avail,1: abstract avail,
1,abstract avail,1: abstract avail,
1,abstract avail,1: abstract avail,
1,abstract avail,1: abstract avail,
1,abstract avail,1: abstract avail,
1,abstract avail,1: abstract avail,
1,abstract avail,1: abstract avail,
1,abstract avail,1: abstract avail,
1,abstract avail,1: abstract avail,
1,abstract avail,1: abstract avail,
1,abstract avail,1: abstract avail,
1,abstract avail,1: abstract avail,
1,abstract avail,1: abstract avail,
1,abstract avail,1: abstract avail,
1,abstract avail,1: abstract avail,
1,abstract avail,1: abstract avail,
1,abstract avail,1: abstract avail,
1,abstract avail,1: abstract avail,
1,abstract avail,1: abstract avail,
1,abstract avail,1: abstract avail,
1,abstract avail,1: abstract avail,
1,abstract avail,1: abstract avail,
1,abstract avail,1: abstract avail,
1,abstract avail,1: abstract avail,
1,abstract avail,1: abstract avail,
1,abstract avail,1: abstract avail,
1,abstract avail,1: abstract avail,
1,abstract avail,1: abstract avail,
1,abstract avail,1: abstract avail,
1,abstract avail,1: abstract avail,
1,abstract avail,1: abstract avail,
1,abstract avail,1: abstract avail,
1,abstract avail,1: abstract avail,
1,abstract avail,1: abstract avail,
1,abstract avail,1: abstract avail,
1,abstract avail,1: abstract avail,
1,abstract avail,1: abstract avail,
1,abstract avail,1: abstract avail,
1,abstract avail,1: abstract avail,
1,abstract avail,1: abstract avail,
1,abstract avail,1: abstract avail,
1,abstract avail,1: abstract avail,
1,abstract avail,1: abstract avail,
1,abstract avail,1: abstract avail,
1,abstract avail,1: abstract avail,
1,abstract avail,1: abstract avail,
1,abstract avail,1: abstract avail,
1,abstract avail,1: abstract avail,
1,abstract avail,1: abstract avail,
1,abstract avail,1: abstract avail,
1,abstract avail,1: abstract avail,
1,abstract avail,1: abstract avail,
1,abstract avail,1: abstract avail,
1,abstract avail,1: abstract avail,
1,abstract avail,1: abstract avail,
1,abstract avail,1: abstract avail,
1,abstract avail,1: abstract avail,
1,abstract avail,1: abstract avail,
1,abstract avail,1: abstract avail,
1,abstract avail,1: abstract avail,
1,abstract avail,1: abstract avail,
1,abstract avail,1: abstract avail,
1,abstract avail,1: abstract avail,
1,abstract avail,1: abstract avail,
1,abstract avail,1: abstract avail,
1,abstract avail,1: abstract avail,
1,abstract avail,1: abstract avail,
1,abstract avail,1: abstract avail,
1,abstract avail,1: abstract avail,
1,abstract avail,1: abstract avail,
9,wind farm,9: wind farm,
9,wind farm,9: wind farm,
9,wind farm,9: wind farm,
9,wind farm,9: wind farm,
9,wind farm,9: wind farm,
9,wind farm,9: wind farm,
9,wind farm,9: wind farm,
9,wind farm,9: wind farm,
9,wind farm,9: wind farm,
9,wind farm,9: wind farm,
9,wind farm,9: wind farm,
9,wind farm,9: wind farm,
9,wind farm,9: wind farm,
9,wind farm,9: wind farm,
9,wind farm,9: wind farm,
9,wind farm,9: wind farm,
9,wind farm,9: wind farm,
9,wind farm,9: wind farm,
9,wind farm,9: wind farm,
9,wind farm,9: wind farm,
9,wind farm,9: wind farm,
9,wind farm,9: wind farm,
9,wind farm,9: wind farm,
9,wind farm,9: wind farm,
9,wind farm,9: wind farm,
9,wind farm,9: wind farm,
9,wind farm,9: wind farm,
9,wind farm,9: wind farm,
9,wind farm,9: wind farm,
9,wind farm,9: wind farm,
9,wind farm,9: wind farm,
9,wind farm,9: wind farm,
9,wind farm,9: wind farm,
9,wind farm,9: wind farm,
9,wind farm,9: wind farm,
9,wind farm,9: wind farm,
9,wind farm,9: wind farm,
9,wind farm,9: wind farm,
9,wind farm,9: wind farm,
9,wind farm,9: wind farm,
9,wind farm,9: wind farm,
9,wind farm,9: wind farm,
9,wind farm,9: wind farm,
9,wind farm,9: wind farm,
9,wind farm,9: wind farm,
9,wind farm,9: wind farm,
9,wind farm,9: wind farm,
9,wind farm,9: wind farm,
9,wind farm,9: wind farm,
9,wind farm,9: wind farm,
9,wind farm,9: wind farm,
9,wind farm,9: wind farm,
9,wind farm,9: wind farm,
9,wind farm,9: wind farm,
9,wind farm,9: wind farm,
9,wind farm,9: wind farm,
9,wind farm,9: wind farm,
9,wind farm,9: wind farm,
9,wind farm,9: wind farm,
9,wind farm,9: wind farm,
9,wind farm,9: wind farm,
9,wind farm,9: wind farm,
9,wind farm,9: wind farm,
9,wind farm,9: wind farm,
9,wind farm,9: wind farm,
9,wind farm,9: wind farm,
9,wind farm,9: wind farm,
9,wind farm,9: wind farm,
9,wind farm,9: wind farm,
9,wind farm,9: wind farm,
9,wind farm,9: wind farm,
9,wind farm,9: wind farm,
9,wind farm,9: wind farm,
9,wind farm,9: wind farm,
9,wind farm,9: wind farm,
9,wind farm,9: wind farm,
9,wind farm,9: wind farm,
9,wind farm,9: wind farm,
9,wind farm,9: wind farm,
9,wind farm,9: wind farm,
9,wind farm,9: wind farm,
9,wind farm,9: wind farm,
9,wind farm,9: wind farm,
9,wind farm,9: wind farm,
9,wind farm,9: wind farm,
9,wind farm,9: wind farm,
9,wind farm,9: wind farm,
9,wind farm,9: wind farm,
9,wind farm,9: wind farm,
9,wind farm,9: wind farm,
9,wind farm,9: wind farm,
9,wind farm,9: wind farm,
9,wind farm,9: wind farm,
9,wind farm,9: wind farm,
9,wind farm,9: wind farm,
9,wind farm,9: wind farm,
9,wind farm,9: wind farm,
9,wind farm,9: wind farm,
9,wind farm,9: wind farm,
9,wind farm,9: wind farm,
9,wind farm,9: wind farm,
9,wind farm,9: wind farm,
9,wind farm,9: wind farm,
9,wind farm,9: wind farm,
9,wind farm,9: wind farm,
9,wind farm,9: wind farm,
9,wind farm,9: wind farm,
9,wind farm,9: wind farm,
9,wind farm,9: wind farm,
9,wind farm,9: wind farm,
9,wind farm,9: wind farm,
9,wind farm,9: wind farm,
9,wind farm,9: wind farm,
9,wind farm,9: wind farm,
9,wind farm,9: wind farm,
9,wind farm,9: wind farm,
9,wind farm,9: wind farm,
9,wind farm,9: wind farm,
9,wind farm,9: wind farm,
9,wind farm,9: wind farm,
9,wind farm,9: wind farm,
9,wind farm,9: wind farm,
9,wind farm,9: wind farm,
9,wind farm,9: wind farm,
9,wind farm,9: wind farm,
9,wind farm,9: wind farm,
9,wind farm,9: wind farm,
9,wind farm,9: wind farm,
9,wind farm,9: wind farm,
9,wind farm,9: wind farm,
9,wind farm,9: wind farm,
9,wind farm,9: wind farm,
9,wind farm,9: wind farm,
9,wind farm,9: wind farm,
9,wind farm,9: wind farm,
9,wind farm,9: wind farm,
9,wind farm,9: wind farm,
9,wind farm,9: wind farm,
9,wind farm,9: wind farm,
9,wind farm,9: wind farm,
9,wind farm,9: wind farm,
9,wind farm,9: wind farm,
9,wind farm,9: wind farm,
9,wind farm,9: wind farm,
9,wind farm,9: wind farm,
9,wind farm,9: wind farm,
9,wind farm,9: wind farm,
9,wind farm,9: wind farm,
9,wind farm,9: wind farm,
9,wind farm,9: wind farm,
9,wind farm,9: wind farm,
9,wind farm,9: wind farm,
9,wind farm,9: wind farm,
9,wind farm,9: wind farm,
9,wind farm,9: wind farm,
9,wind farm,9: wind farm,
9,wind farm,9: wind farm,
9,wind farm,9: wind farm,
9,wind farm,9: wind farm,
9,wind farm,9: wind farm,
9,wind farm,9: wind farm,
1,abstract avail,1: abstract avail,
1,abstract avail,1: abstract avail,
1,abstract avail,1: abstract avail,
1,abstract avail,1: abstract avail,
1,abstract avail,1: abstract avail,
1,abstract avail,1: abstract avail,
1,abstract avail,1: abstract avail,
1,abstract avail,1: abstract avail,
1,abstract avail,1: abstract avail,
1,abstract avail,1: abstract avail,
1,abstract avail,1: abstract avail,
1,abstract avail,1: abstract avail,
1,abstract avail,1: abstract avail,
1,abstract avail,1: abstract avail,
1,abstract avail,1: abstract avail,
1,abstract avail,1: abstract avail,
1,abstract avail,1: abstract avail,
1,abstract avail,1: abstract avail,
1,abstract avail,1: abstract avail,
1,abstract avail,1: abstract avail,
1,abstract avail,1: abstract avail,
1,abstract avail,1: abstract avail,
1,abstract avail,1: abstract avail,
1,abstract avail,1: abstract avail,
1,abstract avail,1: abstract avail,
1,abstract avail,1: abstract avail,
1,abstract avail,1: abstract avail,
1,abstract avail,1: abstract avail,
1,abstract avail,1: abstract avail,
1,abstract avail,1: abstract avail,
1,abstract avail,1: abstract avail,
1,abstract avail,1: abstract avail,
1,abstract avail,1: abstract avail,
1,abstract avail,1: abstract avail,
1,abstract avail,1: abstract avail,
1,abstract avail,1: abstract avail,
1,abstract avail,1: abstract avail,
1,abstract avail,1: abstract avail,
1,abstract avail,1: abstract avail,
1,abstract avail,1: abstract avail,
1,abstract avail,1: abstract avail,
1,abstract avail,1: abstract avail,
1,abstract avail,1: abstract avail,
1,abstract avail,1: abstract avail,
1,abstract avail,1: abstract avail,
1,abstract avail,1: abstract avail,
1,abstract avail,1: abstract avail,
1,abstract avail,1: abstract avail,
1,abstract avail,1: abstract avail,
1,abstract avail,1: abstract avail,
1,abstract avail,1: abstract avail,
1,abstract avail,1: abstract avail,
1,abstract avail,1: abstract avail,
1,abstract avail,1: abstract avail,
1,abstract avail,1: abstract avail,
1,abstract avail,1: abstract avail,
1,abstract avail,1: abstract avail,
1,abstract avail,1: abstract avail,
1,abstract avail,1: abstract avail,
1,abstract avail,1: abstract avail,
1,abstract avail,1: abstract avail,
1,abstract avail,1: abstract avail,
1,abstract avail,1: abstract avail,
1,abstract avail,1: abstract avail,
1,abstract avail,1: abstract avail,
1,abstract avail,1: abstract avail,
1,abstract avail,1: abstract avail,
1,abstract avail,1: abstract avail,
1,abstract avail,1: abstract avail,
1,abstract avail,1: abstract avail,
1,abstract avail,1: abstract avail,
1,abstract avail,1: abstract avail,
1,abstract avail,1: abstract avail,
1,abstract avail,1: abstract avail,
1,abstract avail,1: abstract avail,
1,abstract avail,1: abstract avail,
1,abstract avail,1: abstract avail,
1,abstract avail,1: abstract avail,
1,abstract avail,1: abstract avail,
1,abstract avail,1: abstract avail,
1,abstract avail,1: abstract avail,
7,renew energi,7: renew energi,
7,renew energi,7: renew energi,
7,renew energi,7: renew energi,
7,renew energi,7: renew energi,
7,renew energi,7: renew energi,
7,renew energi,7: renew energi,
7,renew energi,7: renew energi,
7,renew energi,7: renew energi,
7,renew energi,7: renew energi,
7,renew energi,7: renew energi,
7,renew energi,7: renew energi,
7,renew energi,7: renew energi,
7,renew energi,7: renew energi,
7,renew energi,7: renew energi,
7,renew energi,7: renew energi,
7,renew energi,7: renew energi,
7,renew energi,7: renew energi,
7,renew energi,7: renew energi,
7,renew energi,7: renew energi,
7,renew energi,7: renew energi,
7,renew energi,7: renew energi,
7,renew energi,7: renew energi,
7,renew energi,7: renew energi,
7,renew energi,7: renew energi,
7,renew energi,7: renew energi,
7,renew energi,7: renew energi,
7,renew energi,7: renew energi,
7,renew energi,7: renew energi,
7,renew energi,7: renew energi,
7,renew energi,7: renew energi,
7,renew energi,7: renew energi,
7,renew energi,7: renew energi,
7,renew energi,7: renew energi,
7,renew energi,7: renew energi,
7,renew energi,7: renew energi,
7,renew energi,7: renew energi,
7,renew energi,7: renew energi,
7,renew energi,7: renew energi,
7,renew energi,7: renew energi,
7,renew energi,7: renew energi,
7,renew energi,7: renew energi,
7,renew energi,7: renew energi,
7,renew energi,7: renew energi,
7,renew energi,7: renew energi,
7,renew energi,7: renew energi,
7,renew energi,7: renew energi,
7,renew energi,7: renew energi,
7,renew energi,7: renew energi,
7,renew energi,7: renew energi,
7,renew energi,7: renew energi,
7,renew energi,7: renew energi,
7,renew energi,7: renew energi,
7,renew energi,7: renew energi,
7,renew energi,7: renew energi,
7,renew energi,7: renew energi,
7,renew energi,7: renew energi,
7,renew energi,7: renew energi,
7,renew energi,7: renew energi,
7,renew energi,7: renew energi,
7,renew energi,7: renew energi,
7,renew energi,7: renew energi,
7,renew energi,7: renew energi,
7,renew energi,7: renew energi,
7,renew energi,7: renew energi,
7,renew energi,7: renew energi,
7,renew energi,7: renew energi,
7,renew energi,7: renew energi,
7,renew energi,7: renew energi,
7,renew energi,7: renew energi,
7,renew energi,7: renew energi,
7,renew energi,7: renew energi,
7,renew energi,7: renew energi,
7,renew energi,7: renew energi,
7,renew energi,7: renew energi,
7,renew energi,7: renew energi,
7,renew energi,7: renew energi,
7,renew energi,7: renew energi,
7,renew energi,7: renew energi,
7,renew energi,7: renew energi,
7,renew energi,7: renew energi,
7,renew energi,7: renew energi,
7,renew energi,7: renew energi,
7,renew energi,7: renew energi,
7,renew energi,7: renew energi,
7,renew energi,7: renew energi,
7,renew energi,7: renew energi,
7,renew energi,7: renew energi,
7,renew energi,7: renew energi,
7,renew energi,7: renew energi,
7,renew energi,7: renew energi,
7,renew energi,7: renew energi,
7,renew energi,7: renew energi,
7,renew energi,7: renew energi,
7,renew energi,7: renew energi,
7,renew energi,7: renew energi,
7,renew energi,7: renew energi,
7,renew energi,7: renew energi,
7,renew energi,7: renew energi,
7,renew energi,7: renew energi,
7,renew energi,7: renew energi,
7,renew energi,7: renew energi,
7,renew energi,7: renew energi,
7,renew energi,7: renew energi,
7,renew energi,7: renew energi,
7,renew energi,7: renew energi,
7,renew energi,7: renew energi,
7,renew energi,7: renew energi,
7,renew energi,7: renew energi,
7,renew energi,7: renew energi,
7,renew energi,7: renew energi,
7,renew energi,7: renew energi,
7,renew energi,7: renew energi,
7,renew energi,7: renew energi,
7,renew energi,7: renew energi,
7,renew energi,7: renew energi,
7,renew energi,7: renew energi,
7,renew energi,7: renew energi,
7,renew energi,7: renew energi,
7,renew energi,7: renew energi,
7,renew energi,7: renew energi,
7,renew energi,7: renew energi,
7,renew energi,7: renew energi,
7,renew energi,7: renew energi,
7,renew energi,7: renew energi,
7,renew energi,7: renew energi,
7,renew energi,7: renew energi,
7,renew energi,7: renew energi,
7,renew energi,7: renew energi,
7,renew energi,7: renew energi,
7,renew energi,7: renew energi,
7,renew energi,7: renew energi,
7,renew energi,7: renew energi,
7,renew energi,7: renew energi,
7,renew energi,7: renew energi,
7,renew energi,7: renew energi,
7,renew energi,7: renew energi,
7,renew energi,7: renew energi,
7,renew energi,7: renew energi,
7,renew energi,7: renew energi,
7,renew energi,7: renew energi,
7,renew energi,7: renew energi,
7,renew energi,7: renew energi,
7,renew energi,7: renew energi,
7,renew energi,7: renew energi,
7,renew energi,7: renew energi,
7,renew energi,7: renew energi,
0,energi island,0: energi island,
0,energi island,0: energi island,
0,energi island,0: energi island,
0,energi island,0: energi island,
0,energi island,0: energi island,
0,energi island,0: energi island,
0,energi island,0: energi island,
0,energi island,0: energi island,
0,energi island,0: energi island,
0,energi island,0: energi island,
0,energi island,0: energi island,
0,energi island,0: energi island,
0,energi island,0: energi island,
0,energi island,0: energi island,
0,energi island,0: energi island,
0,energi island,0: energi island,
0,energi island,0: energi island,
0,energi island,0: energi island,
0,energi island,0: energi island,
0,energi island,0: energi island,
0,energi island,0: energi island,
0,energi island,0: energi island,
0,energi island,0: energi island,
0,energi island,0: energi island,
0,energi island,0: energi island,
0,energi island,0: energi island,
0,energi island,0: energi island,
0,energi island,0: energi island,
0,energi island,0: energi island,
0,energi island,0: energi island,
0,energi island,0: energi island,
0,energi island,0: energi island,
0,energi island,0: energi island,
0,energi island,0: energi island,
0,energi island,0: energi island,
0,energi island,0: energi island,
0,energi island,0: energi island,
0,energi island,0: energi island,
0,energi island,0: energi island,
0,energi island,0: energi island,
0,energi island,0: energi island,
0,energi island,0: energi island,
0,energi island,0: energi island,
0,energi island,0: energi island,
0,energi island,0: energi island,
0,energi island,0: energi island,
0,energi island,0: energi island,
0,energi island,0: energi island,
0,energi island,0: energi island,
0,energi island,0: energi island,
0,energi island,0: energi island,
0,energi island,0: energi island,
0,energi island,0: energi island,
0,energi island,0: energi island,
0,energi island,0: energi island,
0,energi island,0: energi island,
0,energi island,0: energi island,
0,energi island,0: energi island,
0,energi island,0: energi island,
0,energi island,0: energi island,
0,energi island,0: energi island,
0,energi island,0: energi island,
0,energi island,0: energi island,
0,energi island,0: energi island,
0,energi island,0: energi island,
0,energi island,0: energi island,
0,energi island,0: energi island,
0,energi island,0: energi island,
0,energi island,0: energi island,
0,energi island,0: energi island,
0,energi island,0: energi island,
0,energi island,0: energi island,
0,energi island,0: energi island,
0,energi island,0: energi island,
0,energi island,0: energi island,
0,energi island,0: energi island,
0,energi island,0: energi island,
0,energi island,0: energi island,
0,energi island,0: energi island,
0,energi island,0: energi island,
0,energi island,0: energi island,
0,energi island,0: energi island,
0,energi island,0: energi island,
0,energi island,0: energi island,
0,energi island,0: energi island,
0,energi island,0: energi island,
0,energi island,0: energi island,
0,energi island,0: energi island,
0,energi island,0: energi island,
0,energi island,0: energi island,
0,energi island,0: energi island,
0,energi island,0: energi island,
0,energi island,0: energi island,
0,energi island,0: energi island,
0,energi island,0: energi island,
0,energi island,0: energi island,
0,energi island,0: energi island,
0,energi island,0: energi island,
0,energi island,0: energi island,
0,energi island,0: energi island,
0,energi island,0: energi island,
0,energi island,0: energi island,
0,energi island,0: energi island,
0,energi island,0: energi island,
0,energi island,0: energi island,
0,energi island,0: energi island,
0,energi island,0: energi island,
0,energi island,0: energi island,
0,energi island,0: energi island,
0,energi island,0: energi island,
0,energi island,0: energi island,
0,energi island,0: energi island,
0,energi island,0: energi island,
0,energi island,0: energi island,
0,energi island,0: energi island,
0,energi island,0: energi island,
0,energi island,0: energi island,
0,energi island,0: energi island,
0,energi island,0: energi island,
0,energi island,0: energi island,
0,energi island,0: energi island,
0,energi island,0: energi island,
0,energi island,0: energi island,
0,energi island,0: energi island,
0,energi island,0: energi island,
0,energi island,0: energi island,
0,energi island,0: energi island,
0,energi island,0: energi island,
0,energi island,0: energi island,
0,energi island,0: energi island,
0,energi island,0: energi island,
0,energi island,0: energi island,
0,energi island,0: energi island,
0,energi island,0: energi island,
0,energi island,0: energi island,
0,energi island,0: energi island,
0,energi island,0: energi island,
0,energi island,0: energi island,
0,energi island,0: energi island,
0,energi island,0: energi island,
0,energi island,0: energi island,
0,energi island,0: energi island,
0,energi island,0: energi island,
0,energi island,0: energi island,
0,energi island,0: energi island,
0,energi island,0: energi island,
0,energi island,0: energi island,
0,energi island,0: energi island,
0,energi island,0: energi island,
0,energi island,0: energi island,
0,energi island,0: energi island,
0,energi island,0: energi island,
0,energi island,0: energi island,
0,energi island,0: energi island,
0,energi island,0: energi island,
0,energi island,0: energi island,
0,energi island,0: energi island,
5,offshor grid,5: offshor grid,
5,offshor grid,5: offshor grid,
5,offshor grid,5: offshor grid,
5,offshor grid,5: offshor grid,
5,offshor grid,5: offshor grid,
5,offshor grid,5: offshor grid,
5,offshor grid,5: offshor grid,
5,offshor grid,5: offshor grid,
5,offshor grid,5: offshor grid,
5,offshor grid,5: offshor grid,
5,offshor grid,5: offshor grid,
5,offshor grid,5: offshor grid,
5,offshor grid,5: offshor grid,
5,offshor grid,5: offshor grid,
5,offshor grid,5: offshor grid,
5,offshor grid,5: offshor grid,
5,offshor grid,5: offshor grid,
5,offshor grid,5: offshor grid,
5,offshor grid,5: offshor grid,
5,offshor grid,5: offshor grid,
5,offshor grid,5: offshor grid,
5,offshor grid,5: offshor grid,
5,offshor grid,5: offshor grid,
5,offshor grid,5: offshor grid,
5,offshor grid,5: offshor grid,
5,offshor grid,5: offshor grid,
5,offshor grid,5: offshor grid,
5,offshor grid,5: offshor grid,
5,offshor grid,5: offshor grid,
5,offshor grid,5: offshor grid,
5,offshor grid,5: offshor grid,
5,offshor grid,5: offshor grid,
5,offshor grid,5: offshor grid,
5,offshor grid,5: offshor grid,
5,offshor grid,5: offshor grid,
5,offshor grid,5: offshor grid,
5,offshor grid,5: offshor grid,
5,offshor grid,5: offshor grid,
5,offshor grid,5: offshor grid,
5,offshor grid,5: offshor grid,
5,offshor grid,5: offshor grid,
5,offshor grid,5: offshor grid,
5,offshor grid,5: offshor grid,
5,offshor grid,5: offshor grid,
5,offshor grid,5: offshor grid,
5,offshor grid,5: offshor grid,
5,offshor grid,5: offshor grid,
5,offshor grid,5: offshor grid,
5,offshor grid,5: offshor grid,
5,offshor grid,5: offshor grid,
5,offshor grid,5: offshor grid,
5,offshor grid,5: offshor grid,
5,offshor grid,5: offshor grid,
5,offshor grid,5: offshor grid,
5,offshor grid,5: offshor grid,
5,offshor grid,5: offshor grid,
5,offshor grid,5: offshor grid,
5,offshor grid,5: offshor grid,
5,offshor grid,5: offshor grid,
5,offshor grid,5: offshor grid,
5,offshor grid,5: offshor grid,
5,offshor grid,5: offshor grid,
5,offshor grid,5: offshor grid,
5,offshor grid,5: offshor grid,
5,offshor grid,5: offshor grid,
5,offshor grid,5: offshor grid,
5,offshor grid,5: offshor grid,
5,offshor grid,5: offshor grid,
5,offshor grid,5: offshor grid,
5,offshor grid,5: offshor grid,
5,offshor grid,5: offshor grid,
5,offshor grid,5: offshor grid,
5,offshor grid,5: offshor grid,
5,offshor grid,5: offshor grid,
5,offshor grid,5: offshor grid,
5,offshor grid,5: offshor grid,
5,offshor grid,5: offshor grid,
5,offshor grid,5: offshor grid,
5,offshor grid,5: offshor grid,
5,offshor grid,5: offshor grid,
5,offshor grid,5: offshor grid,
5,offshor grid,5: offshor grid,
5,offshor grid,5: offshor grid,
5,offshor grid,5: offshor grid,
5,offshor grid,5: offshor grid,
5,offshor grid,5: offshor grid,
5,offshor grid,5: offshor grid,
5,offshor grid,5: offshor grid,
5,offshor grid,5: offshor grid,
5,offshor grid,5: offshor grid,
5,offshor grid,5: offshor grid,
5,offshor grid,5: offshor grid,
5,offshor grid,5: offshor grid,
5,offshor grid,5: offshor grid,
5,offshor grid,5: offshor grid,
5,offshor grid,5: offshor grid,
5,offshor grid,5: offshor grid,
5,offshor grid,5: offshor grid,
5,offshor grid,5: offshor grid,
5,offshor grid,5: offshor grid,
5,offshor grid,5: offshor grid,
5,offshor grid,5: offshor grid,
5,offshor grid,5: offshor grid,
5,offshor grid,5: offshor grid,
5,offshor grid,5: offshor grid,
5,offshor grid,5: offshor grid,
5,offshor grid,5: offshor grid,
5,offshor grid,5: offshor grid,
5,offshor grid,5: offshor grid,
5,offshor grid,5: offshor grid,
5,offshor grid,5: offshor grid,
5,offshor grid,5: offshor grid,
5,offshor grid,5: offshor grid,
5,offshor grid,5: offshor grid,
5,offshor grid,5: offshor grid,
5,offshor grid,5: offshor grid,
5,offshor grid,5: offshor grid,
5,offshor grid,5: offshor grid,
5,offshor grid,5: offshor grid,
5,offshor grid,5: offshor grid,
5,offshor grid,5: offshor grid,
5,offshor grid,5: offshor grid,
5,offshor grid,5: offshor grid,
5,offshor grid,5: offshor grid,
5,offshor grid,5: offshor grid,
5,offshor grid,5: offshor grid,
5,offshor grid,5: offshor grid,
5,offshor grid,5: offshor grid,
5,offshor grid,5: offshor grid,
5,offshor grid,5: offshor grid,
5,offshor grid,5: offshor grid,
5,offshor grid,5: offshor grid,
5,offshor grid,5: offshor grid,
5,offshor grid,5: offshor grid,
5,offshor grid,5: offshor grid,
5,offshor grid,5: offshor grid,
5,offshor grid,5: offshor grid,
5,offshor grid,5: offshor grid,
5,offshor grid,5: offshor grid,
5,offshor grid,5: offshor grid,
5,offshor grid,5: offshor grid,
5,offshor grid,5: offshor grid,
5,offshor grid,5: offshor grid,
5,offshor grid,5: offshor grid,
5,offshor grid,5: offshor grid,
5,offshor grid,5: offshor grid,
5,offshor grid,5: offshor grid,
5,offshor grid,5: offshor grid,
5,offshor grid,5: offshor grid,
5,offshor grid,5: offshor grid,
5,offshor grid,5: offshor grid,
5,offshor grid,5: offshor grid,
5,offshor grid,5: offshor grid,
5,offshor grid,5: offshor grid,
5,offshor grid,5: offshor grid,
5,offshor grid,5: offshor grid,
5,offshor grid,5: offshor grid,
5,offshor grid,5: offshor grid,
5,offshor grid,5: offshor grid,
5,offshor grid,5: offshor grid,
5,offshor grid,5: offshor grid,
5,offshor grid,5: offshor grid,
5,offshor grid,5: offshor grid,
5,offshor grid,5: offshor grid,
5,offshor grid,5: offshor grid,
5,offshor grid,5: offshor grid,
5,offshor grid,5: offshor grid,
5,offshor grid,5: offshor grid,
5,offshor grid,5: offshor grid,
5,offshor grid,5: offshor grid,
5,offshor grid,5: offshor grid,
5,offshor grid,5: offshor grid,
5,offshor grid,5: offshor grid,
5,offshor grid,5: offshor grid,
5,offshor grid,5: offshor grid,
9,wind farm,9: wind farm,
9,wind farm,9: wind farm,
9,wind farm,9: wind farm,
9,wind farm,9: wind farm,
9,wind farm,9: wind farm,
9,wind farm,9: wind farm,
9,wind farm,9: wind farm,
9,wind farm,9: wind farm,
9,wind farm,9: wind farm,
9,wind farm,9: wind farm,
9,wind farm,9: wind farm,
9,wind farm,9: wind farm,
9,wind farm,9: wind farm,
9,wind farm,9: wind farm,
9,wind farm,9: wind farm,
9,wind farm,9: wind farm,
9,wind farm,9: wind farm,
9,wind farm,9: wind farm,
9,wind farm,9: wind farm,
9,wind farm,9: wind farm,
9,wind farm,9: wind farm,
9,wind farm,9: wind farm,
9,wind farm,9: wind farm,
9,wind farm,9: wind farm,
9,wind farm,9: wind farm,
9,wind farm,9: wind farm,
9,wind farm,9: wind farm,
9,wind farm,9: wind farm,
9,wind farm,9: wind farm,
9,wind farm,9: wind farm,
9,wind farm,9: wind farm,
9,wind farm,9: wind farm,
9,wind farm,9: wind farm,
9,wind farm,9: wind farm,
9,wind farm,9: wind farm,
9,wind farm,9: wind farm,
9,wind farm,9: wind farm,
9,wind farm,9: wind farm,
9,wind farm,9: wind farm,
9,wind farm,9: wind farm,
9,wind farm,9: wind farm,
9,wind farm,9: wind farm,
9,wind farm,9: wind farm,
9,wind farm,9: wind farm,
9,wind farm,9: wind farm,
9,wind farm,9: wind farm,
9,wind farm,9: wind farm,
9,wind farm,9: wind farm,
9,wind farm,9: wind farm,
9,wind farm,9: wind farm,
9,wind farm,9: wind farm,
9,wind farm,9: wind farm,
9,wind farm,9: wind farm,
9,wind farm,9: wind farm,
9,wind farm,9: wind farm,
9,wind farm,9: wind farm,
9,wind farm,9: wind farm,
9,wind farm,9: wind farm,
9,wind farm,9: wind farm,
9,wind farm,9: wind farm,
9,wind farm,9: wind farm,
9,wind farm,9: wind farm,
9,wind farm,9: wind farm,
9,wind farm,9: wind farm,
9,wind farm,9: wind farm,
9,wind farm,9: wind farm,
9,wind farm,9: wind farm,
9,wind farm,9: wind farm,
9,wind farm,9: wind farm,
9,wind farm,9: wind farm,
9,wind farm,9: wind farm,
9,wind farm,9: wind farm,
9,wind farm,9: wind farm,
9,wind farm,9: wind farm,
9,wind farm,9: wind farm,
9,wind farm,9: wind farm,
9,wind farm,9: wind farm,
9,wind farm,9: wind farm,
9,wind farm,9: wind farm,
9,wind farm,9: wind farm,
9,wind farm,9: wind farm,
9,wind farm,9: wind farm,
9,wind farm,9: wind farm,
9,wind farm,9: wind farm,
9,wind farm,9: wind farm,
9,wind farm,9: wind farm,
9,wind farm,9: wind farm,
9,wind farm,9: wind farm,
9,wind farm,9: wind farm,
9,wind farm,9: wind farm,
9,wind farm,9: wind farm,
9,wind farm,9: wind farm,
9,wind farm,9: wind farm,
9,wind farm,9: wind farm,
9,wind farm,9: wind farm,
9,wind farm,9: wind farm,
9,wind farm,9: wind farm,
9,wind farm,9: wind farm,
9,wind farm,9: wind farm,
9,wind farm,9: wind farm,
9,wind farm,9: wind farm,
9,wind farm,9: wind farm,
9,wind farm,9: wind farm,
9,wind farm,9: wind farm,
9,wind farm,9: wind farm,
9,wind farm,9: wind farm,
9,wind farm,9: wind farm,
9,wind farm,9: wind farm,
9,wind farm,9: wind farm,
9,wind farm,9: wind farm,
9,wind farm,9: wind farm,
9,wind farm,9: wind farm,
9,wind farm,9: wind farm,
9,wind farm,9: wind farm,
9,wind farm,9: wind farm,
9,wind farm,9: wind farm,
9,wind farm,9: wind farm,
9,wind farm,9: wind farm,
9,wind farm,9: wind farm,
9,wind farm,9: wind farm,
9,wind farm,9: wind farm,
9,wind farm,9: wind farm,
9,wind farm,9: wind farm,
9,wind farm,9: wind farm,
9,wind farm,9: wind farm,
9,wind farm,9: wind farm,
9,wind farm,9: wind farm,
9,wind farm,9: wind farm,
9,wind farm,9: wind farm,
9,wind farm,9: wind farm,
9,wind farm,9: wind farm,
9,wind farm,9: wind farm,
9,wind farm,9: wind farm,
9,wind farm,9: wind farm,
9,wind farm,9: wind farm,
9,wind farm,9: wind farm,
9,wind farm,9: wind farm,
9,wind farm,9: wind farm,
9,wind farm,9: wind farm,
9,wind farm,9: wind farm,
9,wind farm,9: wind farm,
9,wind farm,9: wind farm,
9,wind farm,9: wind farm,
9,wind farm,9: wind farm,
9,wind farm,9: wind farm,
9,wind farm,9: wind farm,
9,wind farm,9: wind farm,
9,wind farm,9: wind farm,
9,wind farm,9: wind farm,
9,wind farm,9: wind farm,
9,wind farm,9: wind farm,
9,wind farm,9: wind farm,
9,wind farm,9: wind farm,
9,wind farm,9: wind farm,
9,wind farm,9: wind farm,
9,wind farm,9: wind farm,
9,wind farm,9: wind farm,
9,wind farm,9: wind farm,
9,wind farm,9: wind farm,
9,wind farm,9: wind farm,
9,wind farm,9: wind farm,
6,energiø bornholm,6: energiø bornholm,
6,energiø bornholm,6: energiø bornholm,
6,energiø bornholm,6: energiø bornholm,
6,energiø bornholm,6: energiø bornholm,
6,energiø bornholm,6: energiø bornholm,
6,energiø bornholm,6: energiø bornholm,
6,energiø bornholm,6: energiø bornholm,
6,energiø bornholm,6: energiø bornholm,
6,energiø bornholm,6: energiø bornholm,
6,energiø bornholm,6: energiø bornholm,
6,energiø bornholm,6: energiø bornholm,
6,energiø bornholm,6: energiø bornholm,
6,energiø bornholm,6: energiø bornholm,
6,energiø bornholm,6: energiø bornholm,
6,energiø bornholm,6: energiø bornholm,
6,energiø bornholm,6: energiø bornholm,
6,energiø bornholm,6: energiø bornholm,
6,energiø bornholm,6: energiø bornholm,
6,energiø bornholm,6: energiø bornholm,
6,energiø bornholm,6: energiø bornholm,
6,energiø bornholm,6: energiø bornholm,
6,energiø bornholm,6: energiø bornholm,
6,energiø bornholm,6: energiø bornholm,
6,energiø bornholm,6: energiø bornholm,
6,energiø bornholm,6: energiø bornholm,
6,energiø bornholm,6: energiø bornholm,
6,energiø bornholm,6: energiø bornholm,
6,energiø bornholm,6: energiø bornholm,
6,energiø bornholm,6: energiø bornholm,
6,energiø bornholm,6: energiø bornholm,
6,energiø bornholm,6: energiø bornholm,
6,energiø bornholm,6: energiø bornholm,
6,energiø bornholm,6: energiø bornholm,
6,energiø bornholm,6: energiø bornholm,
6,energiø bornholm,6: energiø bornholm,
6,energiø bornholm,6: energiø bornholm,
6,energiø bornholm,6: energiø bornholm,
6,energiø bornholm,6: energiø bornholm,
6,energiø bornholm,6: energiø bornholm,
6,energiø bornholm,6: energiø bornholm,
6,energiø bornholm,6: energiø bornholm,
6,energiø bornholm,6: energiø bornholm,
6,energiø bornholm,6: energiø bornholm,
6,energiø bornholm,6: energiø bornholm,
6,energiø bornholm,6: energiø bornholm,
6,energiø bornholm,6: energiø bornholm,
6,energiø bornholm,6: energiø bornholm,
6,energiø bornholm,6: energiø bornholm,
6,energiø bornholm,6: energiø bornholm,
6,energiø bornholm,6: energiø bornholm,
6,energiø bornholm,6: energiø bornholm,
6,energiø bornholm,6: energiø bornholm,
6,energiø bornholm,6: energiø bornholm,
6,energiø bornholm,6: energiø bornholm,
6,energiø bornholm,6: energiø bornholm,
6,energiø bornholm,6: energiø bornholm,
6,energiø bornholm,6: energiø bornholm,
6,energiø bornholm,6: energiø bornholm,
6,energiø bornholm,6: energiø bornholm,
6,energiø bornholm,6: energiø bornholm,
6,energiø bornholm,6: energiø bornholm,
6,energiø bornholm,6: energiø bornholm,
6,energiø bornholm,6: energiø bornholm,
6,energiø bornholm,6: energiø bornholm,
6,energiø bornholm,6: energiø bornholm,
6,energiø bornholm,6: energiø bornholm,
6,energiø bornholm,6: energiø bornholm,
6,energiø bornholm,6: energiø bornholm,
6,energiø bornholm,6: energiø bornholm,
6,energiø bornholm,6: energiø bornholm,
6,energiø bornholm,6: energiø bornholm,
6,energiø bornholm,6: energiø bornholm,
6,energiø bornholm,6: energiø bornholm,
6,energiø bornholm,6: energiø bornholm,
6,energiø bornholm,6: energiø bornholm,
6,energiø bornholm,6: energiø bornholm,
6,energiø bornholm,6: energiø bornholm,
6,energiø bornholm,6: energiø bornholm,
6,energiø bornholm,6: energiø bornholm,
6,energiø bornholm,6: energiø bornholm,
6,energiø bornholm,6: energiø bornholm,
6,energiø bornholm,6: energiø bornholm,
6,energiø bornholm,6: energiø bornholm,
6,energiø bornholm,6: energiø bornholm,
6,energiø bornholm,6: energiø bornholm,
6,energiø bornholm,6: energiø bornholm,
6,energiø bornholm,6: energiø bornholm,
6,energiø bornholm,6: energiø bornholm,
6,energiø bornholm,6: energiø bornholm,
6,energiø bornholm,6: energiø bornholm,
6,energiø bornholm,6: energiø bornholm,
6,energiø bornholm,6: energiø bornholm,
6,energiø bornholm,6: energiø bornholm,
6,energiø bornholm,6: energiø bornholm,
6,energiø bornholm,6: energiø bornholm,
6,energiø bornholm,6: energiø bornholm,
6,energiø bornholm,6: energiø bornholm,
6,energiø bornholm,6: energiø bornholm,
6,energiø bornholm,6: energiø bornholm,
6,energiø bornholm,6: energiø bornholm,
6,energiø bornholm,6: energiø bornholm,
6,energiø bornholm,6: energiø bornholm,
6,energiø bornholm,6: energiø bornholm,
6,energiø bornholm,6: energiø bornholm,
6,energiø bornholm,6: energiø bornholm,
6,energiø bornholm,6: energiø bornholm,
6,energiø bornholm,6: energiø bornholm,
6,energiø bornholm,6: energiø bornholm,
6,energiø bornholm,6: energiø bornholm,
6,energiø bornholm,6: energiø bornholm,
6,energiø bornholm,6: energiø bornholm,
6,energiø bornholm,6: energiø bornholm,
6,energiø bornholm,6: energiø bornholm,
6,energiø bornholm,6: energiø bornholm,
6,energiø bornholm,6: energiø bornholm,
6,energiø bornholm,6: energiø bornholm,
6,energiø bornholm,6: energiø bornholm,
6,energiø bornholm,6: energiø bornholm,
6,energiø bornholm,6: energiø bornholm,
6,energiø bornholm,6: energiø bornholm,
6,energiø bornholm,6: energiø bornholm,
6,energiø bornholm,6: energiø bornholm,
6,energiø bornholm,6: energiø bornholm,
6,energiø bornholm,6: energiø bornholm,
6,energiø bornholm,6: energiø bornholm,
6,energiø bornholm,6: energiø bornholm,
6,energiø bornholm,6: energiø bornholm,
6,energiø bornholm,6: energiø bornholm,
6,energiø bornholm,6: energiø bornholm,
6,energiø bornholm,6: energiø bornholm,
6,energiø bornholm,6: energiø bornholm,
6,energiø bornholm,6: energiø bornholm,
6,energiø bornholm,6: energiø bornholm,
6,energiø bornholm,6: energiø bornholm,
6,energiø bornholm,6: energiø bornholm,
6,energiø bornholm,6: energiø bornholm,
6,energiø bornholm,6: energiø bornholm,
6,energiø bornholm,6: energiø bornholm,
6,energiø bornholm,6: energiø bornholm,
6,energiø bornholm,6: energiø bornholm,
6,energiø bornholm,6: energiø bornholm,
6,energiø bornholm,6: energiø bornholm,
6,energiø bornholm,6: energiø bornholm,
6,energiø bornholm,6: energiø bornholm,
6,energiø bornholm,6: energiø bornholm,
6,energiø bornholm,6: energiø bornholm,
6,energiø bornholm,6: energiø bornholm,
6,energiø bornholm,6: energiø bornholm,
6,energiø bornholm,6: energiø bornholm,
6,energiø bornholm,6: energiø bornholm,
6,energiø bornholm,6: energiø bornholm,
6,energiø bornholm,6: energiø bornholm,
6,energiø bornholm,6: energiø bornholm,
6,energiø bornholm,6: energiø bornholm,
6,energiø bornholm,6: energiø bornholm,
6,energiø bornholm,6: energiø bornholm,
6,energiø bornholm,6: energiø bornholm,
6,energiø bornholm,6: energiø bornholm,
6,energiø bornholm,6: energiø bornholm,
6,energiø bornholm,6: energiø bornholm,
6,energiø bornholm,6: energiø bornholm,
6,energiø bornholm,6: energiø bornholm,
6,energiø bornholm,6: energiø bornholm,
6,energiø bornholm,6: energiø bornholm,
6,energiø bornholm,6: energiø bornholm,
6,energiø bornholm,6: energiø bornholm,
6,energiø bornholm,6: energiø bornholm,
6,energiø bornholm,6: energiø bornholm,
6,energiø bornholm,6: energiø bornholm,
6,energiø bornholm,6: energiø bornholm,
6,energiø bornholm,6: energiø bornholm,
1,abstract avail,1: abstract avail,
1,abstract avail,1: abstract avail,
1,abstract avail,1: abstract avail,
1,abstract avail,1: abstract avail,
1,abstract avail,1: abstract avail,
1,abstract avail,1: abstract avail,
1,abstract avail,1: abstract avail,
1,abstract avail,1: abstract avail,
1,abstract avail,1: abstract avail,
1,abstract avail,1: abstract avail,
1,abstract avail,1: abstract avail,
1,abstract avail,1: abstract avail,
1,abstract avail,1: abstract avail,
1,abstract avail,1: abstract avail,
1,abstract avail,1: abstract avail,
1,abstract avail,1: abstract avail,
1,abstract avail,1: abstract avail,
1,abstract avail,1: abstract avail,
1,abstract avail,1: abstract avail,
1,abstract avail,1: abstract avail,
1,abstract avail,1: abstract avail,
1,abstract avail,1: abstract avail,
1,abstract avail,1: abstract avail,
1,abstract avail,1: abstract avail,
1,abstract avail,1: abstract avail,
1,abstract avail,1: abstract avail,
1,abstract avail,1: abstract avail,
1,abstract avail,1: abstract avail,
1,abstract avail,1: abstract avail,
1,abstract avail,1: abstract avail,
1,abstract avail,1: abstract avail,
1,abstract avail,1: abstract avail,
1,abstract avail,1: abstract avail,
1,abstract avail,1: abstract avail,
1,abstract avail,1: abstract avail,
1,abstract avail,1: abstract avail,
1,abstract avail,1: abstract avail,
1,abstract avail,1: abstract avail,
1,abstract avail,1: abstract avail,
1,abstract avail,1: abstract avail,
1,abstract avail,1: abstract avail,
1,abstract avail,1: abstract avail,
1,abstract avail,1: abstract avail,
1,abstract avail,1: abstract avail,
1,abstract avail,1: abstract avail,
1,abstract avail,1: abstract avail,
1,abstract avail,1: abstract avail,
1,abstract avail,1: abstract avail,
1,abstract avail,1: abstract avail,
1,abstract avail,1: abstract avail,
1,abstract avail,1: abstract avail,
1,abstract avail,1: abstract avail,
1,abstract avail,1: abstract avail,
1,abstract avail,1: abstract avail,
1,abstract avail,1: abstract avail,
1,abstract avail,1: abstract avail,
1,abstract avail,1: abstract avail,
1,abstract avail,1: abstract avail,
1,abstract avail,1: abstract avail,
1,abstract avail,1: abstract avail,
1,abstract avail,1: abstract avail,
1,abstract avail,1: abstract avail,
1,abstract avail,1: abstract avail,
1,abstract avail,1: abstract avail,
1,abstract avail,1: abstract avail,
1,abstract avail,1: abstract avail,
1,abstract avail,1: abstract avail,
1,abstract avail,1: abstract avail,
1,abstract avail,1: abstract avail,
1,abstract avail,1: abstract avail,
1,abstract avail,1: abstract avail,
1,abstract avail,1: abstract avail,
1,abstract avail,1: abstract avail,
1,abstract avail,1: abstract avail,
1,abstract avail,1: abstract avail,
1,abstract avail,1: abstract avail,
1,abstract avail,1: abstract avail,
1,abstract avail,1: abstract avail,
1,abstract avail,1: abstract avail,
1,abstract avail,1: abstract avail,
1,abstract avail,1: abstract avail,
1,abstract avail,1: abstract avail,
1,abstract avail,1: abstract avail,
1,abstract avail,1: abstract avail,
1,abstract avail,1: abstract avail,
1,abstract avail,1: abstract avail,
1,abstract avail,1: abstract avail,
1,abstract avail,1: abstract avail,
1,abstract avail,1: abstract avail,
1,abstract avail,1: abstract avail,
1,abstract avail,1: abstract avail,
1,abstract avail,1: abstract avail,
1,abstract avail,1: abstract avail,
1,abstract avail,1: abstract avail,
1,abstract avail,1: abstract avail,
1,abstract avail,1: abstract avail,
1,abstract avail,1: abstract avail,
1,abstract avail,1: abstract avail,
1,abstract avail,1: abstract avail,
1,abstract avail,1: abstract avail,
1,abstract avail,1: abstract avail,
1,abstract avail,1: abstract avail,
1,abstract avail,1: abstract avail,
1,abstract avail,1: abstract avail,
1,abstract avail,1: abstract avail,
1,abstract avail,1: abstract avail,
1,abstract avail,1: abstract avail,
1,abstract avail,1: abstract avail,
1,abstract avail,1: abstract avail,
1,abstract avail,1: abstract avail,
1,abstract avail,1: abstract avail,
1,abstract avail,1: abstract avail,
1,abstract avail,1: abstract avail,
1,abstract avail,1: abstract avail,
1,abstract avail,1: abstract avail,
1,abstract avail,1: abstract avail,
1,abstract avail,1: abstract avail,
1,abstract avail,1: abstract avail,
1,abstract avail,1: abstract avail,
1,abstract avail,1: abstract avail,
1,abstract avail,1: abstract avail,
1,abstract avail,1: abstract avail,
1,abstract avail,1: abstract avail,
1,abstract avail,1: abstract avail,
1,abstract avail,1: abstract avail,
1,abstract avail,1: abstract avail,
1,abstract avail,1: abstract avail,
1,abstract avail,1: abstract avail,
1,abstract avail,1: abstract avail,
1,abstract avail,1: abstract avail,
1,abstract avail,1: abstract avail,
1,abstract avail,1: abstract avail,
1,abstract avail,1: abstract avail,
1,abstract avail,1: abstract avail,
1,abstract avail,1: abstract avail,
1,abstract avail,1: abstract avail,
1,abstract avail,1: abstract avail,
1,abstract avail,1: abstract avail,
1,abstract avail,1: abstract avail,
1,abstract avail,1: abstract avail,
1,abstract avail,1: abstract avail,
1,abstract avail,1: abstract avail,
1,abstract avail,1: abstract avail,
1,abstract avail,1: abstract avail,
1,abstract avail,1: abstract avail,
1,abstract avail,1: abstract avail,
1,abstract avail,1: abstract avail,
1,abstract avail,1: abstract avail,
1,abstract avail,1: abstract avail,
1,abstract avail,1: abstract avail,
1,abstract avail,1: abstract avail,
1,abstract avail,1: abstract avail,
1,abstract avail,1: abstract avail,
1,abstract avail,1: abstract avail,
1,abstract avail,1: abstract avail,
1,abstract avail,1: abstract avail,
1,abstract avail,1: abstract avail,
1,abstract avail,1: abstract avail,
1,abstract avail,1: abstract avail,
1,abstract avail,1: abstract avail,
1,abstract avail,1: abstract avail,
1,abstract avail,1: abstract avail,
1,abstract avail,1: abstract avail,
1,abstract avail,1: abstract avail,
1,abstract avail,1: abstract avail,
1,abstract avail,1: abstract avail,
1,abstract avail,1: abstract avail,
1,abstract avail,1: abstract avail,
1,abstract avail,1: abstract avail,
1,abstract avail,1: abstract avail,
1,abstract avail,1: abstract avail,
1,abstract avail,1: abstract avail,
1,abstract avail,1: abstract avail,
1,abstract avail,1: abstract avail,
1,abstract avail,1: abstract avail,
1,abstract avail,1: abstract avail,
1,abstract avail,1: abstract avail,
1,abstract avail,1: abstract avail,
1,abstract avail,1: abstract avail,
1,abstract avail,1: abstract avail,
1,abstract avail,1: abstract avail,
1,abstract avail,1: abstract avail,
1,abstract avail,1: abstract avail,
1,abstract avail,1: abstract avail,
1,abstract avail,1: abstract avail,
1,abstract avail,1: abstract avail,
1,abstract avail,1: abstract avail,
1,abstract avail,1: abstract avail,
1,abstract avail,1: abstract avail,
1,abstract avail,1: abstract avail,
1,abstract avail,1: abstract avail,
1,abstract avail,1: abstract avail,
1,abstract avail,1: abstract avail,
1,abstract avail,1: abstract avail,
1,abstract avail,1: abstract avail,
1,abstract avail,1: abstract avail,
1,abstract avail,1: abstract avail,
1,abstract avail,1: abstract avail,
1,abstract avail,1: abstract avail,
1,abstract avail,1: abstract avail,
1,abstract avail,1: abstract avail,
1,abstract avail,1: abstract avail,
1,abstract avail,1: abstract avail,
1,abstract avail,1: abstract avail,
1,abstract avail,1: abstract avail,
1,abstract avail,1: abstract avail,
1,abstract avail,1: abstract avail,
1,abstract avail,1: abstract avail,
1,abstract avail,1: abstract avail,
1,abstract avail,1: abstract avail,
1,abstract avail,1: abstract avail,
1,abstract avail,1: abstract avail,
1,abstract avail,1: abstract avail,
1,abstract avail,1: abstract avail,
1,abstract avail,1: abstract avail,
1,abstract avail,1: abstract avail,
1,abstract avail,1: abstract avail,
1,abstract avail,1: abstract avail,
1,abstract avail,1: abstract avail,
1,abstract avail,1: abstract avail,
1,abstract avail,1: abstract avail,
1,abstract avail,1: abstract avail,
1,abstract avail,1: abstract avail,
1,abstract avail,1: abstract avail,
1,abstract avail,1: abstract avail,
1,abstract avail,1: abstract avail,
1,abstract avail,1: abstract avail,
1,abstract avail,1: abstract avail,
1,abstract avail,1: abstract avail,
1,abstract avail,1: abstract avail,
1,abstract avail,1: abstract avail,
1,abstract avail,1: abstract avail,
1,abstract avail,1: abstract avail,
1,abstract avail,1: abstract avail,
1,abstract avail,1: abstract avail,
1,abstract avail,1: abstract avail,
1,abstract avail,1: abstract avail,
1,abstract avail,1: abstract avail,
1,abstract avail,1: abstract avail,
1,abstract avail,1: abstract avail,
1,abstract avail,1: abstract avail,
1,abstract avail,1: abstract avail,
1,abstract avail,1: abstract avail,
4,baltic sea,4: baltic sea,
4,baltic sea,4: baltic sea,
4,baltic sea,4: baltic sea,
4,baltic sea,4: baltic sea,
4,baltic sea,4: baltic sea,
4,baltic sea,4: baltic sea,
4,baltic sea,4: baltic sea,
4,baltic sea,4: baltic sea,
4,baltic sea,4: baltic sea,
4,baltic sea,4: baltic sea,
4,baltic sea,4: baltic sea,
4,baltic sea,4: baltic sea,
4,baltic sea,4: baltic sea,
4,baltic sea,4: baltic sea,
4,baltic sea,4: baltic sea,
4,baltic sea,4: baltic sea,
4,baltic sea,4: baltic sea,
4,baltic sea,4: baltic sea,
4,baltic sea,4: baltic sea,
4,baltic sea,4: baltic sea,
4,baltic sea,4: baltic sea,
4,baltic sea,4: baltic sea,
4,baltic sea,4: baltic sea,
4,baltic sea,4: baltic sea,
4,baltic sea,4: baltic sea,
4,baltic sea,4: baltic sea,
4,baltic sea,4: baltic sea,
4,baltic sea,4: baltic sea,
4,baltic sea,4: baltic sea,
4,baltic sea,4: baltic sea,
4,baltic sea,4: baltic sea,
4,baltic sea,4: baltic sea,
4,baltic sea,4: baltic sea,
4,baltic sea,4: baltic sea,
4,baltic sea,4: baltic sea,
4,baltic sea,4: baltic sea,
4,baltic sea,4: baltic sea,
4,baltic sea,4: baltic sea,
4,baltic sea,4: baltic sea,
4,baltic sea,4: baltic sea,
4,baltic sea,4: baltic sea,
4,baltic sea,4: baltic sea,
4,baltic sea,4: baltic sea,
4,baltic sea,4: baltic sea,
4,baltic sea,4: baltic sea,
4,baltic sea,4: baltic sea,
4,baltic sea,4: baltic sea,
4,baltic sea,4: baltic sea,
4,baltic sea,4: baltic sea,
4,baltic sea,4: baltic sea,
4,baltic sea,4: baltic sea,
4,baltic sea,4: baltic sea,
4,baltic sea,4: baltic sea,
4,baltic sea,4: baltic sea,
4,baltic sea,4: baltic sea,
4,baltic sea,4: baltic sea,
4,baltic sea,4: baltic sea,
4,baltic sea,4: baltic sea,
4,baltic sea,4: baltic sea,
4,baltic sea,4: baltic sea,
4,baltic sea,4: baltic sea,
4,baltic sea,4: baltic sea,
4,baltic sea,4: baltic sea,
4,baltic sea,4: baltic sea,
4,baltic sea,4: baltic sea,
4,baltic sea,4: baltic sea,
4,baltic sea,4: baltic sea,
4,baltic sea,4: baltic sea,
4,baltic sea,4: baltic sea,
4,baltic sea,4: baltic sea,
4,baltic sea,4: baltic sea,
4,baltic sea,4: baltic sea,
4,baltic sea,4: baltic sea,
4,baltic sea,4: baltic sea,
4,baltic sea,4: baltic sea,
4,baltic sea,4: baltic sea,
4,baltic sea,4: baltic sea,
4,baltic sea,4: baltic sea,
4,baltic sea,4: baltic sea,
4,baltic sea,4: baltic sea,
4,baltic sea,4: baltic sea,
4,baltic sea,4: baltic sea,
4,baltic sea,4: baltic sea,
4,baltic sea,4: baltic sea,
4,baltic sea,4: baltic sea,
4,baltic sea,4: baltic sea,
4,baltic sea,4: baltic sea,
4,baltic sea,4: baltic sea,
4,baltic sea,4: baltic sea,
4,baltic sea,4: baltic sea,
4,baltic sea,4: baltic sea,
4,baltic sea,4: baltic sea,
4,baltic sea,4: baltic sea,
4,baltic sea,4: baltic sea,
4,baltic sea,4: baltic sea,
4,baltic sea,4: baltic sea,
4,baltic sea,4: baltic sea,
4,baltic sea,4: baltic sea,
4,baltic sea,4: baltic sea,
4,baltic sea,4: baltic sea,
4,baltic sea,4: baltic sea,
4,baltic sea,4: baltic sea,
4,baltic sea,4: baltic sea,
4,baltic sea,4: baltic sea,
4,baltic sea,4: baltic sea,
4,baltic sea,4: baltic sea,
4,baltic sea,4: baltic sea,
4,baltic sea,4: baltic sea,
4,baltic sea,4: baltic sea,
4,baltic sea,4: baltic sea,
4,baltic sea,4: baltic sea,
4,baltic sea,4: baltic sea,
4,baltic sea,4: baltic sea,
4,baltic sea,4: baltic sea,
4,baltic sea,4: baltic sea,
4,baltic sea,4: baltic sea,
4,baltic sea,4: baltic sea,
4,baltic sea,4: baltic sea,
4,baltic sea,4: baltic sea,
4,baltic sea,4: baltic sea,
4,baltic sea,4: baltic sea,
4,baltic sea,4: baltic sea,
4,baltic sea,4: baltic sea,
4,baltic sea,4: baltic sea,
4,baltic sea,4: baltic sea,
4,baltic sea,4: baltic sea,
4,baltic sea,4: baltic sea,
4,baltic sea,4: baltic sea,
4,baltic sea,4: baltic sea,
4,baltic sea,4: baltic sea,
4,baltic sea,4: baltic sea,
4,baltic sea,4: baltic sea,
4,baltic sea,4: baltic sea,
4,baltic sea,4: baltic sea,
4,baltic sea,4: baltic sea,
4,baltic sea,4: baltic sea,
4,baltic sea,4: baltic sea,
4,baltic sea,4: baltic sea,
7,renew energi,7: renew energi,
7,renew energi,7: renew energi,
7,renew energi,7: renew energi,
7,renew energi,7: renew energi,
7,renew energi,7: renew energi,
7,renew energi,7: renew energi,
7,renew energi,7: renew energi,
7,renew energi,7: renew energi,
7,renew energi,7: renew energi,
7,renew energi,7: renew energi,
7,renew energi,7: renew energi,
7,renew energi,7: renew energi,
7,renew energi,7: renew energi,
7,renew energi,7: renew energi,
7,renew energi,7: renew energi,
7,renew energi,7: renew energi,
7,renew energi,7: renew energi,
7,renew energi,7: renew energi,
7,renew energi,7: renew energi,
7,renew energi,7: renew energi,
7,renew energi,7: renew energi,
7,renew energi,7: renew energi,
7,renew energi,7: renew energi,
7,renew energi,7: renew energi,
7,renew energi,7: renew energi,
7,renew energi,7: renew energi,
7,renew energi,7: renew energi,
7,renew energi,7: renew energi,
7,renew energi,7: renew energi,
7,renew energi,7: renew energi,
7,renew energi,7: renew energi,
7,renew energi,7: renew energi,
7,renew energi,7: renew energi,
7,renew energi,7: renew energi,
7,renew energi,7: renew energi,
7,renew energi,7: renew energi,
7,renew energi,7: renew energi,
7,renew energi,7: renew energi,
7,renew energi,7: renew energi,
7,renew energi,7: renew energi,
7,renew energi,7: renew energi,
7,renew energi,7: renew energi,
7,renew energi,7: renew energi,
7,renew energi,7: renew energi,
7,renew energi,7: renew energi,
7,renew energi,7: renew energi,
7,renew energi,7: renew energi,
7,renew energi,7: renew energi,
7,renew energi,7: renew energi,
7,renew energi,7: renew energi,
7,renew energi,7: renew energi,
7,renew energi,7: renew energi,
7,renew energi,7: renew energi,
7,renew energi,7: renew energi,
7,renew energi,7: renew energi,
7,renew energi,7: renew energi,
7,renew energi,7: renew energi,
7,renew energi,7: renew energi,
7,renew energi,7: renew energi,
7,renew energi,7: renew energi,
7,renew energi,7: renew energi,
7,renew energi,7: renew energi,
7,renew energi,7: renew energi,
7,renew energi,7: renew energi,
7,renew energi,7: renew energi,
7,renew energi,7: renew energi,
7,renew energi,7: renew energi,
7,renew energi,7: renew energi,
7,renew energi,7: renew energi,
7,renew energi,7: renew energi,
7,renew energi,7: renew energi,
7,renew energi,7: renew energi,
7,renew energi,7: renew energi,
7,renew energi,7: renew energi,
7,renew energi,7: renew energi,
7,renew energi,7: renew energi,
7,renew energi,7: renew energi,
7,renew energi,7: renew energi,
7,renew energi,7: renew energi,
7,renew energi,7: renew energi,
7,renew energi,7: renew energi,
7,renew energi,7: renew energi,
7,renew energi,7: renew energi,
7,renew energi,7: renew energi,
7,renew energi,7: renew energi,
7,renew energi,7: renew energi,
7,renew energi,7: renew energi,
7,renew energi,7: renew energi,
7,renew energi,7: renew energi,
7,renew energi,7: renew energi,
7,renew energi,7: renew energi,
7,renew energi,7: renew energi,
7,renew energi,7: renew energi,
7,renew energi,7: renew energi,
7,renew energi,7: renew energi,
7,renew energi,7: renew energi,
7,renew energi,7: renew energi,
7,renew energi,7: renew energi,
7,renew energi,7: renew energi,
7,renew energi,7: renew energi,
7,renew energi,7: renew energi,
7,renew energi,7: renew energi,
7,renew energi,7: renew energi,
7,renew energi,7: renew energi,
7,renew energi,7: renew energi,
7,renew energi,7: renew energi,
7,renew energi,7: renew energi,
7,renew energi,7: renew energi,
7,renew energi,7: renew energi,
7,renew energi,7: renew energi,
7,renew energi,7: renew energi,
7,renew energi,7: renew energi,
7,renew energi,7: renew energi,
7,renew energi,7: renew energi,
7,renew energi,7: renew energi,
7,renew energi,7: renew energi,
7,renew energi,7: renew energi,
7,renew energi,7: renew energi,
7,renew energi,7: renew energi,
7,renew energi,7: renew energi,
7,renew energi,7: renew energi,
7,renew energi,7: renew energi,
7,renew energi,7: renew energi,
7,renew energi,7: renew energi,
7,renew energi,7: renew energi,
7,renew energi,7: renew energi,
7,renew energi,7: renew energi,
7,renew energi,7: renew energi,
7,renew energi,7: renew energi,
7,renew energi,7: renew energi,
7,renew energi,7: renew energi,
7,renew energi,7: renew energi,
7,renew energi,7: renew energi,
7,renew energi,7: renew energi,
7,renew energi,7: renew energi,
7,renew energi,7: renew energi,
7,renew energi,7: renew energi,
7,renew energi,7: renew energi,
7,renew energi,7: renew energi,
7,renew energi,7: renew energi,
7,renew energi,7: renew energi,
7,renew energi,7: renew energi,
7,renew energi,7: renew energi,
7,renew energi,7: renew energi,
7,renew energi,7: renew energi,
7,renew energi,7: renew energi,
9,wind farm,9: wind farm,
9,wind farm,9: wind farm,
9,wind farm,9: wind farm,
9,wind farm,9: wind farm,
9,wind farm,9: wind farm,
9,wind farm,9: wind farm,
9,wind farm,9: wind farm,
9,wind farm,9: wind farm,
9,wind farm,9: wind farm,
9,wind farm,9: wind farm,
9,wind farm,9: wind farm,
9,wind farm,9: wind farm,
9,wind farm,9: wind farm,
9,wind farm,9: wind farm,
9,wind farm,9: wind farm,
9,wind farm,9: wind farm,
9,wind farm,9: wind farm,
9,wind farm,9: wind farm,
9,wind farm,9: wind farm,
9,wind farm,9: wind farm,
9,wind farm,9: wind farm,
9,wind farm,9: wind farm,
9,wind farm,9: wind farm,
9,wind farm,9: wind farm,
9,wind farm,9: wind farm,
9,wind farm,9: wind farm,
9,wind farm,9: wind farm,
9,wind farm,9: wind farm,
9,wind farm,9: wind farm,
9,wind farm,9: wind farm,
9,wind farm,9: wind farm,
9,wind farm,9: wind farm,
9,wind farm,9: wind farm,
9,wind farm,9: wind farm,
9,wind farm,9: wind farm,
9,wind farm,9: wind farm,
9,wind farm,9: wind farm,
9,wind farm,9: wind farm,
9,wind farm,9: wind farm,
9,wind farm,9: wind farm,
9,wind farm,9: wind farm,
9,wind farm,9: wind farm,
9,wind farm,9: wind farm,
9,wind farm,9: wind farm,
9,wind farm,9: wind farm,
9,wind farm,9: wind farm,
9,wind farm,9: wind farm,
9,wind farm,9: wind farm,
9,wind farm,9: wind farm,
9,wind farm,9: wind farm,
9,wind farm,9: wind farm,
9,wind farm,9: wind farm,
9,wind farm,9: wind farm,
9,wind farm,9: wind farm,
9,wind farm,9: wind farm,
9,wind farm,9: wind farm,
9,wind farm,9: wind farm,
9,wind farm,9: wind farm,
9,wind farm,9: wind farm,
9,wind farm,9: wind farm,
9,wind farm,9: wind farm,
9,wind farm,9: wind farm,
9,wind farm,9: wind farm,
9,wind farm,9: wind farm,
9,wind farm,9: wind farm,
9,wind farm,9: wind farm,
9,wind farm,9: wind farm,
9,wind farm,9: wind farm,
9,wind farm,9: wind farm,
9,wind farm,9: wind farm,
9,wind farm,9: wind farm,
9,wind farm,9: wind farm,
9,wind farm,9: wind farm,
9,wind farm,9: wind farm,
9,wind farm,9: wind farm,
9,wind farm,9: wind farm,
9,wind farm,9: wind farm,
9,wind farm,9: wind farm,
9,wind farm,9: wind farm,
9,wind farm,9: wind farm,
9,wind farm,9: wind farm,
9,wind farm,9: wind farm,
9,wind farm,9: wind farm,
9,wind farm,9: wind farm,
9,wind farm,9: wind farm,
9,wind farm,9: wind farm,
9,wind farm,9: wind farm,
9,wind farm,9: wind farm,
9,wind farm,9: wind farm,
9,wind farm,9: wind farm,
9,wind farm,9: wind farm,
9,wind farm,9: wind farm,
9,wind farm,9: wind farm,
9,wind farm,9: wind farm,
9,wind farm,9: wind farm,
9,wind farm,9: wind farm,
9,wind farm,9: wind farm,
9,wind farm,9: wind farm,
9,wind farm,9: wind farm,
9,wind farm,9: wind farm,
9,wind farm,9: wind farm,
9,wind farm,9: wind farm,
9,wind farm,9: wind farm,
9,wind farm,9: wind farm,
9,wind farm,9: wind farm,
9,wind farm,9: wind farm,
9,wind farm,9: wind farm,
9,wind farm,9: wind farm,
9,wind farm,9: wind farm,
9,wind farm,9: wind farm,
9,wind farm,9: wind farm,
9,wind farm,9: wind farm,
9,wind farm,9: wind farm,
9,wind farm,9: wind farm,
9,wind farm,9: wind farm,
9,wind farm,9: wind farm,
9,wind farm,9: wind farm,
9,wind farm,9: wind farm,
9,wind farm,9: wind farm,
9,wind farm,9: wind farm,
9,wind farm,9: wind farm,
9,wind farm,9: wind farm,
9,wind farm,9: wind farm,
9,wind farm,9: wind farm,
9,wind farm,9: wind farm,
9,wind farm,9: wind farm,
9,wind farm,9: wind farm,
9,wind farm,9: wind farm,
9,wind farm,9: wind farm,
9,wind farm,9: wind farm,
9,wind farm,9: wind farm,
9,wind farm,9: wind farm,
9,wind farm,9: wind farm,
9,wind farm,9: wind farm,
9,wind farm,9: wind farm,
9,wind farm,9: wind farm,
9,wind farm,9: wind farm,
9,wind farm,9: wind farm,
9,wind farm,9: wind farm,
9,wind farm,9: wind farm,
9,wind farm,9: wind farm,
9,wind farm,9: wind farm,
9,wind farm,9: wind farm,
9,wind farm,9: wind farm,
9,wind farm,9: wind farm,
9,wind farm,9: wind farm,
9,wind farm,9: wind farm,
9,wind farm,9: wind farm,
9,wind farm,9: wind farm,
9,wind farm,9: wind farm,
9,wind farm,9: wind farm,
9,wind farm,9: wind farm,
9,wind farm,9: wind farm,
9,wind farm,9: wind farm,
9,wind farm,9: wind farm,
9,wind farm,9: wind farm,
9,wind farm,9: wind farm,
9,wind farm,9: wind farm,
9,wind farm,9: wind farm,
9,wind farm,9: wind farm,
9,wind farm,9: wind farm,
9,wind farm,9: wind farm,
9,wind farm,9: wind farm,
9,wind farm,9: wind farm,
9,wind farm,9: wind farm,
9,wind farm,9: wind farm,
9,wind farm,9: wind farm,
9,wind farm,9: wind farm,
9,wind farm,9: wind farm,
9,wind farm,9: wind farm,
9,wind farm,9: wind farm,
9,wind farm,9: wind farm,
9,wind farm,9: wind farm,
9,wind farm,9: wind farm,
9,wind farm,9: wind farm,
9,wind farm,9: wind farm,
9,wind farm,9: wind farm,
9,wind farm,9: wind farm,
9,wind farm,9: wind farm,
9,wind farm,9: wind farm,
9,wind farm,9: wind farm,
9,wind farm,9: wind farm,
9,wind farm,9: wind farm,
9,wind farm,9: wind farm,
9,wind farm,9: wind farm,
9,wind farm,9: wind farm,
9,wind farm,9: wind farm,
9,wind farm,9: wind farm,
9,wind farm,9: wind farm,
9,wind farm,9: wind farm,
9,wind farm,9: wind farm,
9,wind farm,9: wind farm,
9,wind farm,9: wind farm,
9,wind farm,9: wind farm,
9,wind farm,9: wind farm,
9,wind farm,9: wind farm,
9,wind farm,9: wind farm,
9,wind farm,9: wind farm,
9,wind farm,9: wind farm,
9,wind farm,9: wind farm,
9,wind farm,9: wind farm,
9,wind farm,9: wind farm,
9,wind farm,9: wind farm,
9,wind farm,9: wind farm,
9,wind farm,9: wind farm,
9,wind farm,9: wind farm,
9,wind farm,9: wind farm,
9,wind farm,9: wind farm,
9,wind farm,9: wind farm,
9,wind farm,9: wind farm,
9,wind farm,9: wind farm,
9,wind farm,9: wind farm,
9,wind farm,9: wind farm,
9,wind farm,9: wind farm,
9,wind farm,9: wind farm,
9,wind farm,9: wind farm,
9,wind farm,9: wind farm,
9,wind farm,9: wind farm,
9,wind farm,9: wind farm,
9,wind farm,9: wind farm,
9,wind farm,9: wind farm,
9,wind farm,9: wind farm,
9,wind farm,9: wind farm,
9,wind farm,9: wind farm,
9,wind farm,9: wind farm,
9,wind farm,9: wind farm,
9,wind farm,9: wind farm,
9,wind farm,9: wind farm,
9,wind farm,9: wind farm,
9,wind farm,9: wind farm,
9,wind farm,9: wind farm,
9,wind farm,9: wind farm,
9,wind farm,9: wind farm,
9,wind farm,9: wind farm,
9,wind farm,9: wind farm,
9,wind farm,9: wind farm,
9,wind farm,9: wind farm,
9,wind farm,9: wind farm,
9,wind farm,9: wind farm,
9,wind farm,9: wind farm,
9,wind farm,9: wind farm,
9,wind farm,9: wind farm,
9,wind farm,9: wind farm,
9,wind farm,9: wind farm,
9,wind farm,9: wind farm,
9,wind farm,9: wind farm,
9,wind farm,9: wind farm,
9,wind farm,9: wind farm,
9,wind farm,9: wind farm,
9,wind farm,9: wind farm,
9,wind farm,9: wind farm,
9,wind farm,9: wind farm,
9,wind farm,9: wind farm,
9,wind farm,9: wind farm,
9,wind farm,9: wind farm,
9,wind farm,9: wind farm,
9,wind farm,9: wind farm,
9,wind farm,9: wind farm,
9,wind farm,9: wind farm,
9,wind farm,9: wind farm,
9,wind farm,9: wind farm,
9,wind farm,9: wind farm,
9,wind farm,9: wind farm,
9,wind farm,9: wind farm,
9,wind farm,9: wind farm,
9,wind farm,9: wind farm,
9,wind farm,9: wind farm,
9,wind farm,9: wind farm,
9,wind farm,9: wind farm,
9,wind farm,9: wind farm,
9,wind farm,9: wind farm,
9,wind farm,9: wind farm,
9,wind farm,9: wind farm,
9,wind farm,9: wind farm,
9,wind farm,9: wind farm,
9,wind farm,9: wind farm,
9,wind farm,9: wind farm,
9,wind farm,9: wind farm,
9,wind farm,9: wind farm,
9,wind farm,9: wind farm,
9,wind farm,9: wind farm,
9,wind farm,9: wind farm,
9,wind farm,9: wind farm,
9,wind farm,9: wind farm,
9,wind farm,9: wind farm,
9,wind farm,9: wind farm,
9,wind farm,9: wind farm,
9,wind farm,9: wind farm,
9,wind farm,9: wind farm,
9,wind farm,9: wind farm,
9,wind farm,9: wind farm,
9,wind farm,9: wind farm,
9,wind farm,9: wind farm,
9,wind farm,9: wind farm,
9,wind farm,9: wind farm,
9,wind farm,9: wind farm,
9,wind farm,9: wind farm,
9,wind farm,9: wind farm,
9,wind farm,9: wind farm,
9,wind farm,9: wind farm,
9,wind farm,9: wind farm,
9,wind farm,9: wind farm,
9,wind farm,9: wind farm,
9,wind farm,9: wind farm,
9,wind farm,9: wind farm,
9,wind farm,9: wind farm,
9,wind farm,9: wind farm,
9,wind farm,9: wind farm,
9,wind farm,9: wind farm,
9,wind farm,9: wind farm,
9,wind farm,9: wind farm,
9,wind farm,9: wind farm,
9,wind farm,9: wind farm,
9,wind farm,9: wind farm,
9,wind farm,9: wind farm,
9,wind farm,9: wind farm,
9,wind farm,9: wind farm,
9,wind farm,9: wind farm,
9,wind farm,9: wind farm,
9,wind farm,9: wind farm,
9,wind farm,9: wind farm,
9,wind farm,9: wind farm,
3,offshor wind,3: offshor wind,
3,offshor wind,3: offshor wind,
3,offshor wind,3: offshor wind,
3,offshor wind,3: offshor wind,
3,offshor wind,3: offshor wind,
3,offshor wind,3: offshor wind,
3,offshor wind,3: offshor wind,
3,offshor wind,3: offshor wind,
3,offshor wind,3: offshor wind,
3,offshor wind,3: offshor wind,
3,offshor wind,3: offshor wind,
3,offshor wind,3: offshor wind,
3,offshor wind,3: offshor wind,
3,offshor wind,3: offshor wind,
3,offshor wind,3: offshor wind,
3,offshor wind,3: offshor wind,
3,offshor wind,3: offshor wind,
3,offshor wind,3: offshor wind,
3,offshor wind,3: offshor wind,
3,offshor wind,3: offshor wind,
3,offshor wind,3: offshor wind,
3,offshor wind,3: offshor wind,
3,offshor wind,3: offshor wind,
3,offshor wind,3: offshor wind,
3,offshor wind,3: offshor wind,
3,offshor wind,3: offshor wind,
3,offshor wind,3: offshor wind,
3,offshor wind,3: offshor wind,
3,offshor wind,3: offshor wind,
3,offshor wind,3: offshor wind,
3,offshor wind,3: offshor wind,
3,offshor wind,3: offshor wind,
3,offshor wind,3: offshor wind,
3,offshor wind,3: offshor wind,
3,offshor wind,3: offshor wind,
3,offshor wind,3: offshor wind,
3,offshor wind,3: offshor wind,
3,offshor wind,3: offshor wind,
3,offshor wind,3: offshor wind,
3,offshor wind,3: offshor wind,
3,offshor wind,3: offshor wind,
3,offshor wind,3: offshor wind,
3,offshor wind,3: offshor wind,
3,offshor wind,3: offshor wind,
3,offshor wind,3: offshor wind,
3,offshor wind,3: offshor wind,
3,offshor wind,3: offshor wind,
3,offshor wind,3: offshor wind,
3,offshor wind,3: offshor wind,
3,offshor wind,3: offshor wind,
3,offshor wind,3: offshor wind,
3,offshor wind,3: offshor wind,
3,offshor wind,3: offshor wind,
3,offshor wind,3: offshor wind,
3,offshor wind,3: offshor wind,
3,offshor wind,3: offshor wind,
3,offshor wind,3: offshor wind,
3,offshor wind,3: offshor wind,
3,offshor wind,3: offshor wind,
3,offshor wind,3: offshor wind,
3,offshor wind,3: offshor wind,
3,offshor wind,3: offshor wind,
3,offshor wind,3: offshor wind,
3,offshor wind,3: offshor wind,
3,offshor wind,3: offshor wind,
3,offshor wind,3: offshor wind,
3,offshor wind,3: offshor wind,
3,offshor wind,3: offshor wind,
3,offshor wind,3: offshor wind,
3,offshor wind,3: offshor wind,
3,offshor wind,3: offshor wind,
3,offshor wind,3: offshor wind,
3,offshor wind,3: offshor wind,
3,offshor wind,3: offshor wind,
3,offshor wind,3: offshor wind,
3,offshor wind,3: offshor wind,
3,offshor wind,3: offshor wind,
3,offshor wind,3: offshor wind,
3,offshor wind,3: offshor wind,
3,offshor wind,3: offshor wind,
3,offshor wind,3: offshor wind,
3,offshor wind,3: offshor wind,
3,offshor wind,3: offshor wind,
3,offshor wind,3: offshor wind,
3,offshor wind,3: offshor wind,
3,offshor wind,3: offshor wind,
3,offshor wind,3: offshor wind,
3,offshor wind,3: offshor wind,
3,offshor wind,3: offshor wind,
3,offshor wind,3: offshor wind,
3,offshor wind,3: offshor wind,
3,offshor wind,3: offshor wind,
3,offshor wind,3: offshor wind,
3,offshor wind,3: offshor wind,
3,offshor wind,3: offshor wind,
3,offshor wind,3: offshor wind,
3,offshor wind,3: offshor wind,
3,offshor wind,3: offshor wind,
3,offshor wind,3: offshor wind,
3,offshor wind,3: offshor wind,
3,offshor wind,3: offshor wind,
3,offshor wind,3: offshor wind,
3,offshor wind,3: offshor wind,
3,offshor wind,3: offshor wind,
3,offshor wind,3: offshor wind,
3,offshor wind,3: offshor wind,
3,offshor wind,3: offshor wind,
3,offshor wind,3: offshor wind,
3,offshor wind,3: offshor wind,
3,offshor wind,3: offshor wind,
3,offshor wind,3: offshor wind,
3,offshor wind,3: offshor wind,
3,offshor wind,3: offshor wind,
5,offshor grid,5: offshor grid,
5,offshor grid,5: offshor grid,
5,offshor grid,5: offshor grid,
5,offshor grid,5: offshor grid,
5,offshor grid,5: offshor grid,
5,offshor grid,5: offshor grid,
5,offshor grid,5: offshor grid,
5,offshor grid,5: offshor grid,
5,offshor grid,5: offshor grid,
5,offshor grid,5: offshor grid,
5,offshor grid,5: offshor grid,
5,offshor grid,5: offshor grid,
5,offshor grid,5: offshor grid,
5,offshor grid,5: offshor grid,
5,offshor grid,5: offshor grid,
5,offshor grid,5: offshor grid,
5,offshor grid,5: offshor grid,
5,offshor grid,5: offshor grid,
5,offshor grid,5: offshor grid,
5,offshor grid,5: offshor grid,
5,offshor grid,5: offshor grid,
5,offshor grid,5: offshor grid,
5,offshor grid,5: offshor grid,
5,offshor grid,5: offshor grid,
5,offshor grid,5: offshor grid,
5,offshor grid,5: offshor grid,
5,offshor grid,5: offshor grid,
5,offshor grid,5: offshor grid,
5,offshor grid,5: offshor grid,
5,offshor grid,5: offshor grid,
5,offshor grid,5: offshor grid,
5,offshor grid,5: offshor grid,
5,offshor grid,5: offshor grid,
5,offshor grid,5: offshor grid,
5,offshor grid,5: offshor grid,
5,offshor grid,5: offshor grid,
5,offshor grid,5: offshor grid,
5,offshor grid,5: offshor grid,
5,offshor grid,5: offshor grid,
5,offshor grid,5: offshor grid,
5,offshor grid,5: offshor grid,
5,offshor grid,5: offshor grid,
5,offshor grid,5: offshor grid,
5,offshor grid,5: offshor grid,
5,offshor grid,5: offshor grid,
5,offshor grid,5: offshor grid,
5,offshor grid,5: offshor grid,
5,offshor grid,5: offshor grid,
5,offshor grid,5: offshor grid,
5,offshor grid,5: offshor grid,
5,offshor grid,5: offshor grid,
5,offshor grid,5: offshor grid,
5,offshor grid,5: offshor grid,
5,offshor grid,5: offshor grid,
5,offshor grid,5: offshor grid,
5,offshor grid,5: offshor grid,
5,offshor grid,5: offshor grid,
5,offshor grid,5: offshor grid,
5,offshor grid,5: offshor grid,
5,offshor grid,5: offshor grid,
5,offshor grid,5: offshor grid,
5,offshor grid,5: offshor grid,
5,offshor grid,5: offshor grid,
5,offshor grid,5: offshor grid,
5,offshor grid,5: offshor grid,
5,offshor grid,5: offshor grid,
5,offshor grid,5: offshor grid,
5,offshor grid,5: offshor grid,
5,offshor grid,5: offshor grid,
5,offshor grid,5: offshor grid,
5,offshor grid,5: offshor grid,
5,offshor grid,5: offshor grid,
5,offshor grid,5: offshor grid,
5,offshor grid,5: offshor grid,
5,offshor grid,5: offshor grid,
5,offshor grid,5: offshor grid,
5,offshor grid,5: offshor grid,
5,offshor grid,5: offshor grid,
5,offshor grid,5: offshor grid,
5,offshor grid,5: offshor grid,
5,offshor grid,5: offshor grid,
5,offshor grid,5: offshor grid,
5,offshor grid,5: offshor grid,
5,offshor grid,5: offshor grid,
5,offshor grid,5: offshor grid,
5,offshor grid,5: offshor grid,
5,offshor grid,5: offshor grid,
5,offshor grid,5: offshor grid,
5,offshor grid,5: offshor grid,
5,offshor grid,5: offshor grid,
5,offshor grid,5: offshor grid,
5,offshor grid,5: offshor grid,
5,offshor grid,5: offshor grid,
5,offshor grid,5: offshor grid,
5,offshor grid,5: offshor grid,
5,offshor grid,5: offshor grid,
5,offshor grid,5: offshor grid,
5,offshor grid,5: offshor grid,
5,offshor grid,5: offshor grid,
5,offshor grid,5: offshor grid,
5,offshor grid,5: offshor grid,
5,offshor grid,5: offshor grid,
5,offshor grid,5: offshor grid,
5,offshor grid,5: offshor grid,
5,offshor grid,5: offshor grid,
5,offshor grid,5: offshor grid,
5,offshor grid,5: offshor grid,
5,offshor grid,5: offshor grid,
5,offshor grid,5: offshor grid,
5,offshor grid,5: offshor grid,
5,offshor grid,5: offshor grid,
5,offshor grid,5: offshor grid,
5,offshor grid,5: offshor grid,
5,offshor grid,5: offshor grid,
5,offshor grid,5: offshor grid,
5,offshor grid,5: offshor grid,
5,offshor grid,5: offshor grid,
5,offshor grid,5: offshor grid,
5,offshor grid,5: offshor grid,
5,offshor grid,5: offshor grid,
5,offshor grid,5: offshor grid,
5,offshor grid,5: offshor grid,
5,offshor grid,5: offshor grid,
5,offshor grid,5: offshor grid,
5,offshor grid,5: offshor grid,
5,offshor grid,5: offshor grid,
5,offshor grid,5: offshor grid,
5,offshor grid,5: offshor grid,
5,offshor grid,5: offshor grid,
5,offshor grid,5: offshor grid,
5,offshor grid,5: offshor grid,
5,offshor grid,5: offshor grid,
5,offshor grid,5: offshor grid,
5,offshor grid,5: offshor grid,
5,offshor grid,5: offshor grid,
5,offshor grid,5: offshor grid,
5,offshor grid,5: offshor grid,
5,offshor grid,5: offshor grid,
5,offshor grid,5: offshor grid,
5,offshor grid,5: offshor grid,
5,offshor grid,5: offshor grid,
5,offshor grid,5: offshor grid,
5,offshor grid,5: offshor grid,
5,offshor grid,5: offshor grid,
5,offshor grid,5: offshor grid,
5,offshor grid,5: offshor grid,
5,offshor grid,5: offshor grid,
5,offshor grid,5: offshor grid,
5,offshor grid,5: offshor grid,
5,offshor grid,5: offshor grid,
5,offshor grid,5: offshor grid,
5,offshor grid,5: offshor grid,
5,offshor grid,5: offshor grid,
5,offshor grid,5: offshor grid,
5,offshor grid,5: offshor grid,
5,offshor grid,5: offshor grid,
5,offshor grid,5: offshor grid,
5,offshor grid,5: offshor grid,
5,offshor grid,5: offshor grid,
5,offshor grid,5: offshor grid,
5,offshor grid,5: offshor grid,
5,offshor grid,5: offshor grid,
5,offshor grid,5: offshor grid,
5,offshor grid,5: offshor grid,
5,offshor grid,5: offshor grid,
5,offshor grid,5: offshor grid,
5,offshor grid,5: offshor grid,
5,offshor grid,5: offshor grid,
5,offshor grid,5: offshor grid,
5,offshor grid,5: offshor grid,
5,offshor grid,5: offshor grid,
5,offshor grid,5: offshor grid,
5,offshor grid,5: offshor grid,
5,offshor grid,5: offshor grid,
5,offshor grid,5: offshor grid,
7,renew energi,7: renew energi,
7,renew energi,7: renew energi,
7,renew energi,7: renew energi,
7,renew energi,7: renew energi,
7,renew energi,7: renew energi,
7,renew energi,7: renew energi,
7,renew energi,7: renew energi,
7,renew energi,7: renew energi,
7,renew energi,7: renew energi,
7,renew energi,7: renew energi,
7,renew energi,7: renew energi,
7,renew energi,7: renew energi,
7,renew energi,7: renew energi,
7,renew energi,7: renew energi,
7,renew energi,7: renew energi,
7,renew energi,7: renew energi,
7,renew energi,7: renew energi,
7,renew energi,7: renew energi,
7,renew energi,7: renew energi,
7,renew energi,7: renew energi,
7,renew energi,7: renew energi,
7,renew energi,7: renew energi,
7,renew energi,7: renew energi,
7,renew energi,7: renew energi,
7,renew energi,7: renew energi,
7,renew energi,7: renew energi,
7,renew energi,7: renew energi,
7,renew energi,7: renew energi,
7,renew energi,7: renew energi,
7,renew energi,7: renew energi,
7,renew energi,7: renew energi,
7,renew energi,7: renew energi,
7,renew energi,7: renew energi,
7,renew energi,7: renew energi,
7,renew energi,7: renew energi,
7,renew energi,7: renew energi,
7,renew energi,7: renew energi,
7,renew energi,7: renew energi,
7,renew energi,7: renew energi,
7,renew energi,7: renew energi,
7,renew energi,7: renew energi,
7,renew energi,7: renew energi,
7,renew energi,7: renew energi,
7,renew energi,7: renew energi,
7,renew energi,7: renew energi,
7,renew energi,7: renew energi,
7,renew energi,7: renew energi,
7,renew energi,7: renew energi,
7,renew energi,7: renew energi,
7,renew energi,7: renew energi,
7,renew energi,7: renew energi,
7,renew energi,7: renew energi,
7,renew energi,7: renew energi,
7,renew energi,7: renew energi,
7,renew energi,7: renew energi,
7,renew energi,7: renew energi,
7,renew energi,7: renew energi,
7,renew energi,7: renew energi,
7,renew energi,7: renew energi,
7,renew energi,7: renew energi,
7,renew energi,7: renew energi,
7,renew energi,7: renew energi,
7,renew energi,7: renew energi,
7,renew energi,7: renew energi,
7,renew energi,7: renew energi,
7,renew energi,7: renew energi,
7,renew energi,7: renew energi,
7,renew energi,7: renew energi,
7,renew energi,7: renew energi,
7,renew energi,7: renew energi,
7,renew energi,7: renew energi,
7,renew energi,7: renew energi,
7,renew energi,7: renew energi,
7,renew energi,7: renew energi,
7,renew energi,7: renew energi,
7,renew energi,7: renew energi,
7,renew energi,7: renew energi,
7,renew energi,7: renew energi,
7,renew energi,7: renew energi,
7,renew energi,7: renew energi,
7,renew energi,7: renew energi,
7,renew energi,7: renew energi,
7,renew energi,7: renew energi,
7,renew energi,7: renew energi,
7,renew energi,7: renew energi,
7,renew energi,7: renew energi,
7,renew energi,7: renew energi,
7,renew energi,7: renew energi,
7,renew energi,7: renew energi,
7,renew energi,7: renew energi,
7,renew energi,7: renew energi,
7,renew energi,7: renew energi,
7,renew energi,7: renew energi,
7,renew energi,7: renew energi,
7,renew energi,7: renew energi,
7,renew energi,7: renew energi,
7,renew energi,7: renew energi,
7,renew energi,7: renew energi,
7,renew energi,7: renew energi,
7,renew energi,7: renew energi,
7,renew energi,7: renew energi,
7,renew energi,7: renew energi,
7,renew energi,7: renew energi,
7,renew energi,7: renew energi,
7,renew energi,7: renew energi,
7,renew energi,7: renew energi,
7,renew energi,7: renew energi,
7,renew energi,7: renew energi,
7,renew energi,7: renew energi,
7,renew energi,7: renew energi,
7,renew energi,7: renew energi,
7,renew energi,7: renew energi,
7,renew energi,7: renew energi,
7,renew energi,7: renew energi,
7,renew energi,7: renew energi,
7,renew energi,7: renew energi,
7,renew energi,7: renew energi,
7,renew energi,7: renew energi,
7,renew energi,7: renew energi,
7,renew energi,7: renew energi,
7,renew energi,7: renew energi,
7,renew energi,7: renew energi,
7,renew energi,7: renew energi,
7,renew energi,7: renew energi,
7,renew energi,7: renew energi,
7,renew energi,7: renew energi,
7,renew energi,7: renew energi,
7,renew energi,7: renew energi,
7,renew energi,7: renew energi,
7,renew energi,7: renew energi,
7,renew energi,7: renew energi,
7,renew energi,7: renew energi,
7,renew energi,7: renew energi,
7,renew energi,7: renew energi,
7,renew energi,7: renew energi,
7,renew energi,7: renew energi,
7,renew energi,7: renew energi,
7,renew energi,7: renew energi,
7,renew energi,7: renew energi,
7,renew energi,7: renew energi,
7,renew energi,7: renew energi,
7,renew energi,7: renew energi,
7,renew energi,7: renew energi,
7,renew energi,7: renew energi,
7,renew energi,7: renew energi,
7,renew energi,7: renew energi,
5,offshor grid,5: offshor grid,
5,offshor grid,5: offshor grid,
5,offshor grid,5: offshor grid,
5,offshor grid,5: offshor grid,
5,offshor grid,5: offshor grid,
5,offshor grid,5: offshor grid,
5,offshor grid,5: offshor grid,
5,offshor grid,5: offshor grid,
5,offshor grid,5: offshor grid,
5,offshor grid,5: offshor grid,
5,offshor grid,5: offshor grid,
5,offshor grid,5: offshor grid,
5,offshor grid,5: offshor grid,
5,offshor grid,5: offshor grid,
5,offshor grid,5: offshor grid,
5,offshor grid,5: offshor grid,
5,offshor grid,5: offshor grid,
5,offshor grid,5: offshor grid,
5,offshor grid,5: offshor grid,
5,offshor grid,5: offshor grid,
5,offshor grid,5: offshor grid,
5,offshor grid,5: offshor grid,
5,offshor grid,5: offshor grid,
5,offshor grid,5: offshor grid,
5,offshor grid,5: offshor grid,
5,offshor grid,5: offshor grid,
5,offshor grid,5: offshor grid,
5,offshor grid,5: offshor grid,
5,offshor grid,5: offshor grid,
5,offshor grid,5: offshor grid,
5,offshor grid,5: offshor grid,
5,offshor grid,5: offshor grid,
5,offshor grid,5: offshor grid,
5,offshor grid,5: offshor grid,
5,offshor grid,5: offshor grid,
5,offshor grid,5: offshor grid,
5,offshor grid,5: offshor grid,
5,offshor grid,5: offshor grid,
5,offshor grid,5: offshor grid,
5,offshor grid,5: offshor grid,
5,offshor grid,5: offshor grid,
5,offshor grid,5: offshor grid,
5,offshor grid,5: offshor grid,
5,offshor grid,5: offshor grid,
5,offshor grid,5: offshor grid,
5,offshor grid,5: offshor grid,
5,offshor grid,5: offshor grid,
5,offshor grid,5: offshor grid,
5,offshor grid,5: offshor grid,
5,offshor grid,5: offshor grid,
5,offshor grid,5: offshor grid,
5,offshor grid,5: offshor grid,
5,offshor grid,5: offshor grid,
5,offshor grid,5: offshor grid,
5,offshor grid,5: offshor grid,
5,offshor grid,5: offshor grid,
5,offshor grid,5: offshor grid,
5,offshor grid,5: offshor grid,
5,offshor grid,5: offshor grid,
5,offshor grid,5: offshor grid,
5,offshor grid,5: offshor grid,
5,offshor grid,5: offshor grid,
5,offshor grid,5: offshor grid,
5,offshor grid,5: offshor grid,
5,offshor grid,5: offshor grid,
5,offshor grid,5: offshor grid,
5,offshor grid,5: offshor grid,
5,offshor grid,5: offshor grid,
5,offshor grid,5: offshor grid,
5,offshor grid,5: offshor grid,
5,offshor grid,5: offshor grid,
5,offshor grid,5: offshor grid,
5,offshor grid,5: offshor grid,
5,offshor grid,5: offshor grid,
5,offshor grid,5: offshor grid,
5,offshor grid,5: offshor grid,
5,offshor grid,5: offshor grid,
5,offshor grid,5: offshor grid,
5,offshor grid,5: offshor grid,
5,offshor grid,5: offshor grid,
5,offshor grid,5: offshor grid,
5,offshor grid,5: offshor grid,
5,offshor grid,5: offshor grid,
5,offshor grid,5: offshor grid,
5,offshor grid,5: offshor grid,
5,offshor grid,5: offshor grid,
5,offshor grid,5: offshor grid,
5,offshor grid,5: offshor grid,
5,offshor grid,5: offshor grid,
5,offshor grid,5: offshor grid,
5,offshor grid,5: offshor grid,
5,offshor grid,5: offshor grid,
5,offshor grid,5: offshor grid,
5,offshor grid,5: offshor grid,
5,offshor grid,5: offshor grid,
5,offshor grid,5: offshor grid,
5,offshor grid,5: offshor grid,
5,offshor grid,5: offshor grid,
5,offshor grid,5: offshor grid,
5,offshor grid,5: offshor grid,
5,offshor grid,5: offshor grid,
5,offshor grid,5: offshor grid,
5,offshor grid,5: offshor grid,
5,offshor grid,5: offshor grid,
5,offshor grid,5: offshor grid,
5,offshor grid,5: offshor grid,
5,offshor grid,5: offshor grid,
5,offshor grid,5: offshor grid,
5,offshor grid,5: offshor grid,
5,offshor grid,5: offshor grid,
5,offshor grid,5: offshor grid,
5,offshor grid,5: offshor grid,
5,offshor grid,5: offshor grid,
5,offshor grid,5: offshor grid,
5,offshor grid,5: offshor grid,
5,offshor grid,5: offshor grid,
5,offshor grid,5: offshor grid,
5,offshor grid,5: offshor grid,
5,offshor grid,5: offshor grid,
5,offshor grid,5: offshor grid,
5,offshor grid,5: offshor grid,
5,offshor grid,5: offshor grid,
5,offshor grid,5: offshor grid,
5,offshor grid,5: offshor grid,
5,offshor grid,5: offshor grid,
5,offshor grid,5: offshor grid,
5,offshor grid,5: offshor grid,
5,offshor grid,5: offshor grid,
5,offshor grid,5: offshor grid,
5,offshor grid,5: offshor grid,
5,offshor grid,5: offshor grid,
5,offshor grid,5: offshor grid,
5,offshor grid,5: offshor grid,
5,offshor grid,5: offshor grid,
5,offshor grid,5: offshor grid,
5,offshor grid,5: offshor grid,
5,offshor grid,5: offshor grid,
5,offshor grid,5: offshor grid,
5,offshor grid,5: offshor grid,
5,offshor grid,5: offshor grid,
5,offshor grid,5: offshor grid,
5,offshor grid,5: offshor grid,
5,offshor grid,5: offshor grid,
5,offshor grid,5: offshor grid,
5,offshor grid,5: offshor grid,
5,offshor grid,5: offshor grid,
5,offshor grid,5: offshor grid,
5,offshor grid,5: offshor grid,
5,offshor grid,5: offshor grid,
5,offshor grid,5: offshor grid,
5,offshor grid,5: offshor grid,
5,offshor grid,5: offshor grid,
5,offshor grid,5: offshor grid,
5,offshor grid,5: offshor grid,
5,offshor grid,5: offshor grid,
5,offshor grid,5: offshor grid,
5,offshor grid,5: offshor grid,
5,offshor grid,5: offshor grid,
5,offshor grid,5: offshor grid,
5,offshor grid,5: offshor grid,
5,offshor grid,5: offshor grid,
5,offshor grid,5: offshor grid,
5,offshor grid,5: offshor grid,
5,offshor grid,5: offshor grid,
5,offshor grid,5: offshor grid,
5,offshor grid,5: offshor grid,
5,offshor grid,5: offshor grid,
5,offshor grid,5: offshor grid,
5,offshor grid,5: offshor grid,
5,offshor grid,5: offshor grid,
5,offshor grid,5: offshor grid,
5,offshor grid,5: offshor grid,
5,offshor grid,5: offshor grid,
5,offshor grid,5: offshor grid,
5,offshor grid,5: offshor grid,
9,wind farm,9: wind farm,
9,wind farm,9: wind farm,
9,wind farm,9: wind farm,
9,wind farm,9: wind farm,
9,wind farm,9: wind farm,
9,wind farm,9: wind farm,
9,wind farm,9: wind farm,
9,wind farm,9: wind farm,
9,wind farm,9: wind farm,
9,wind farm,9: wind farm,
9,wind farm,9: wind farm,
9,wind farm,9: wind farm,
9,wind farm,9: wind farm,
9,wind farm,9: wind farm,
9,wind farm,9: wind farm,
9,wind farm,9: wind farm,
9,wind farm,9: wind farm,
9,wind farm,9: wind farm,
9,wind farm,9: wind farm,
9,wind farm,9: wind farm,
9,wind farm,9: wind farm,
9,wind farm,9: wind farm,
9,wind farm,9: wind farm,
9,wind farm,9: wind farm,
9,wind farm,9: wind farm,
9,wind farm,9: wind farm,
9,wind farm,9: wind farm,
9,wind farm,9: wind farm,
9,wind farm,9: wind farm,
9,wind farm,9: wind farm,
9,wind farm,9: wind farm,
9,wind farm,9: wind farm,
9,wind farm,9: wind farm,
9,wind farm,9: wind farm,
9,wind farm,9: wind farm,
9,wind farm,9: wind farm,
9,wind farm,9: wind farm,
9,wind farm,9: wind farm,
9,wind farm,9: wind farm,
9,wind farm,9: wind farm,
9,wind farm,9: wind farm,
9,wind farm,9: wind farm,
9,wind farm,9: wind farm,
9,wind farm,9: wind farm,
9,wind farm,9: wind farm,
9,wind farm,9: wind farm,
9,wind farm,9: wind farm,
9,wind farm,9: wind farm,
9,wind farm,9: wind farm,
9,wind farm,9: wind farm,
9,wind farm,9: wind farm,
9,wind farm,9: wind farm,
9,wind farm,9: wind farm,
9,wind farm,9: wind farm,
9,wind farm,9: wind farm,
9,wind farm,9: wind farm,
9,wind farm,9: wind farm,
9,wind farm,9: wind farm,
9,wind farm,9: wind farm,
9,wind farm,9: wind farm,
9,wind farm,9: wind farm,
9,wind farm,9: wind farm,
9,wind farm,9: wind farm,
9,wind farm,9: wind farm,
9,wind farm,9: wind farm,
9,wind farm,9: wind farm,
9,wind farm,9: wind farm,
9,wind farm,9: wind farm,
9,wind farm,9: wind farm,
9,wind farm,9: wind farm,
9,wind farm,9: wind farm,
9,wind farm,9: wind farm,
9,wind farm,9: wind farm,
9,wind farm,9: wind farm,
9,wind farm,9: wind farm,
9,wind farm,9: wind farm,
9,wind farm,9: wind farm,
9,wind farm,9: wind farm,
9,wind farm,9: wind farm,
9,wind farm,9: wind farm,
9,wind farm,9: wind farm,
9,wind farm,9: wind farm,
9,wind farm,9: wind farm,
9,wind farm,9: wind farm,
9,wind farm,9: wind farm,
9,wind farm,9: wind farm,
9,wind farm,9: wind farm,
9,wind farm,9: wind farm,
9,wind farm,9: wind farm,
9,wind farm,9: wind farm,
9,wind farm,9: wind farm,
9,wind farm,9: wind farm,
9,wind farm,9: wind farm,
9,wind farm,9: wind farm,
9,wind farm,9: wind farm,
9,wind farm,9: wind farm,
9,wind farm,9: wind farm,
9,wind farm,9: wind farm,
9,wind farm,9: wind farm,
9,wind farm,9: wind farm,
9,wind farm,9: wind farm,
9,wind farm,9: wind farm,
9,wind farm,9: wind farm,
9,wind farm,9: wind farm,
9,wind farm,9: wind farm,
9,wind farm,9: wind farm,
9,wind farm,9: wind farm,
9,wind farm,9: wind farm,
9,wind farm,9: wind farm,
9,wind farm,9: wind farm,
9,wind farm,9: wind farm,
9,wind farm,9: wind farm,
9,wind farm,9: wind farm,
9,wind farm,9: wind farm,
9,wind farm,9: wind farm,
9,wind farm,9: wind farm,
9,wind farm,9: wind farm,
9,wind farm,9: wind farm,
9,wind farm,9: wind farm,
9,wind farm,9: wind farm,
9,wind farm,9: wind farm,
9,wind farm,9: wind farm,
9,wind farm,9: wind farm,
9,wind farm,9: wind farm,
9,wind farm,9: wind farm,
9,wind farm,9: wind farm,
9,wind farm,9: wind farm,
9,wind farm,9: wind farm,
9,wind farm,9: wind farm,
9,wind farm,9: wind farm,
9,wind farm,9: wind farm,
9,wind farm,9: wind farm,
9,wind farm,9: wind farm,
9,wind farm,9: wind farm,
9,wind farm,9: wind farm,
9,wind farm,9: wind farm,
9,wind farm,9: wind farm,
9,wind farm,9: wind farm,
9,wind farm,9: wind farm,
9,wind farm,9: wind farm,
9,wind farm,9: wind farm,
9,wind farm,9: wind farm,
9,wind farm,9: wind farm,
9,wind farm,9: wind farm,
9,wind farm,9: wind farm,
9,wind farm,9: wind farm,
9,wind farm,9: wind farm,
9,wind farm,9: wind farm,
9,wind farm,9: wind farm,
9,wind farm,9: wind farm,
9,wind farm,9: wind farm,
9,wind farm,9: wind farm,
9,wind farm,9: wind farm,
9,wind farm,9: wind farm,
9,wind farm,9: wind farm,
9,wind farm,9: wind farm,
9,wind farm,9: wind farm,
9,wind farm,9: wind farm,
9,wind farm,9: wind farm,
9,wind farm,9: wind farm,
9,wind farm,9: wind farm,
7,renew energi,7: renew energi,
7,renew energi,7: renew energi,
7,renew energi,7: renew energi,
7,renew energi,7: renew energi,
7,renew energi,7: renew energi,
7,renew energi,7: renew energi,
7,renew energi,7: renew energi,
7,renew energi,7: renew energi,
7,renew energi,7: renew energi,
7,renew energi,7: renew energi,
7,renew energi,7: renew energi,
7,renew energi,7: renew energi,
7,renew energi,7: renew energi,
7,renew energi,7: renew energi,
7,renew energi,7: renew energi,
7,renew energi,7: renew energi,
7,renew energi,7: renew energi,
7,renew energi,7: renew energi,
7,renew energi,7: renew energi,
7,renew energi,7: renew energi,
7,renew energi,7: renew energi,
7,renew energi,7: renew energi,
7,renew energi,7: renew energi,
7,renew energi,7: renew energi,
7,renew energi,7: renew energi,
7,renew energi,7: renew energi,
7,renew energi,7: renew energi,
7,renew energi,7: renew energi,
7,renew energi,7: renew energi,
7,renew energi,7: renew energi,
7,renew energi,7: renew energi,
7,renew energi,7: renew energi,
7,renew energi,7: renew energi,
7,renew energi,7: renew energi,
7,renew energi,7: renew energi,
7,renew energi,7: renew energi,
7,renew energi,7: renew energi,
7,renew energi,7: renew energi,
7,renew energi,7: renew energi,
7,renew energi,7: renew energi,
7,renew energi,7: renew energi,
7,renew energi,7: renew energi,
7,renew energi,7: renew energi,
7,renew energi,7: renew energi,
7,renew energi,7: renew energi,
7,renew energi,7: renew energi,
7,renew energi,7: renew energi,
7,renew energi,7: renew energi,
7,renew energi,7: renew energi,
7,renew energi,7: renew energi,
7,renew energi,7: renew energi,
7,renew energi,7: renew energi,
7,renew energi,7: renew energi,
7,renew energi,7: renew energi,
7,renew energi,7: renew energi,
7,renew energi,7: renew energi,
7,renew energi,7: renew energi,
7,renew energi,7: renew energi,
7,renew energi,7: renew energi,
7,renew energi,7: renew energi,
7,renew energi,7: renew energi,
7,renew energi,7: renew energi,
7,renew energi,7: renew energi,
7,renew energi,7: renew energi,
7,renew energi,7: renew energi,
7,renew energi,7: renew energi,
7,renew energi,7: renew energi,
7,renew energi,7: renew energi,
7,renew energi,7: renew energi,
7,renew energi,7: renew energi,
7,renew energi,7: renew energi,
7,renew energi,7: renew energi,
7,renew energi,7: renew energi,
7,renew energi,7: renew energi,
7,renew energi,7: renew energi,
7,renew energi,7: renew energi,
7,renew energi,7: renew energi,
7,renew energi,7: renew energi,
7,renew energi,7: renew energi,
7,renew energi,7: renew energi,
7,renew energi,7: renew energi,
7,renew energi,7: renew energi,
7,renew energi,7: renew energi,
7,renew energi,7: renew energi,
7,renew energi,7: renew energi,
7,renew energi,7: renew energi,
7,renew energi,7: renew energi,
7,renew energi,7: renew energi,
7,renew energi,7: renew energi,
7,renew energi,7: renew energi,
7,renew energi,7: renew energi,
7,renew energi,7: renew energi,
7,renew energi,7: renew energi,
7,renew energi,7: renew energi,
7,renew energi,7: renew energi,
7,renew energi,7: renew energi,
7,renew energi,7: renew energi,
7,renew energi,7: renew energi,
7,renew energi,7: renew energi,
7,renew energi,7: renew energi,
7,renew energi,7: renew energi,
7,renew energi,7: renew energi,
7,renew energi,7: renew energi,
7,renew energi,7: renew energi,
7,renew energi,7: renew energi,
7,renew energi,7: renew energi,
7,renew energi,7: renew energi,
7,renew energi,7: renew energi,
7,renew energi,7: renew energi,
7,renew energi,7: renew energi,
7,renew energi,7: renew energi,
7,renew energi,7: renew energi,
7,renew energi,7: renew energi,
7,renew energi,7: renew energi,
7,renew energi,7: renew energi,
7,renew energi,7: renew energi,
7,renew energi,7: renew energi,
7,renew energi,7: renew energi,
7,renew energi,7: renew energi,
7,renew energi,7: renew energi,
7,renew energi,7: renew energi,
7,renew energi,7: renew energi,
7,renew energi,7: renew energi,
7,renew energi,7: renew energi,
7,renew energi,7: renew energi,
7,renew energi,7: renew energi,
7,renew energi,7: renew energi,
7,renew energi,7: renew energi,
7,renew energi,7: renew energi,
7,renew energi,7: renew energi,
7,renew energi,7: renew energi,
7,renew energi,7: renew energi,
7,renew energi,7: renew energi,
7,renew energi,7: renew energi,
7,renew energi,7: renew energi,
7,renew energi,7: renew energi,
7,renew energi,7: renew energi,
7,renew energi,7: renew energi,
7,renew energi,7: renew energi,
7,renew energi,7: renew energi,
7,renew energi,7: renew energi,
7,renew energi,7: renew energi,
7,renew energi,7: renew energi,
7,renew energi,7: renew energi,
7,renew energi,7: renew energi,
7,renew energi,7: renew energi,
7,renew energi,7: renew energi,
7,renew energi,7: renew energi,
7,renew energi,7: renew energi,
7,renew energi,7: renew energi,
7,renew energi,7: renew energi,
7,renew energi,7: renew energi,
7,renew energi,7: renew energi,
7,renew energi,7: renew energi,
7,renew energi,7: renew energi,
7,renew energi,7: renew energi,
7,renew energi,7: renew energi,
7,renew energi,7: renew energi,
7,renew energi,7: renew energi,
7,renew energi,7: renew energi,
7,renew energi,7: renew energi,
7,renew energi,7: renew energi,
7,renew energi,7: renew energi,
7,renew energi,7: renew energi,
7,renew energi,7: renew energi,
7,renew energi,7: renew energi,
7,renew energi,7: renew energi,
7,renew energi,7: renew energi,
7,renew energi,7: renew energi,
7,renew energi,7: renew energi,
7,renew energi,7: renew energi,
7,renew energi,7: renew energi,
7,renew energi,7: renew energi,
7,renew energi,7: renew energi,
7,renew energi,7: renew energi,
7,renew energi,7: renew energi,
7,renew energi,7: renew energi,
7,renew energi,7: renew energi,
7,renew energi,7: renew energi,
7,renew energi,7: renew energi,
7,renew energi,7: renew energi,
7,renew energi,7: renew energi,
7,renew energi,7: renew energi,
7,renew energi,7: renew energi,
7,renew energi,7: renew energi,
7,renew energi,7: renew energi,
7,renew energi,7: renew energi,
7,renew energi,7: renew energi,
7,renew energi,7: renew energi,
7,renew energi,7: renew energi,
7,renew energi,7: renew energi,
7,renew energi,7: renew energi,
7,renew energi,7: renew energi,
7,renew energi,7: renew energi,
7,renew energi,7: renew energi,
7,renew energi,7: renew energi,
7,renew energi,7: renew energi,
7,renew energi,7: renew energi,
7,renew energi,7: renew energi,
7,renew energi,7: renew energi,
7,renew energi,7: renew energi,
7,renew energi,7: renew energi,
7,renew energi,7: renew energi,
7,renew energi,7: renew energi,
7,renew energi,7: renew energi,
7,renew energi,7: renew energi,
7,renew energi,7: renew energi,
7,renew energi,7: renew energi,
7,renew energi,7: renew energi,
7,renew energi,7: renew energi,
7,renew energi,7: renew energi,
7,renew energi,7: renew energi,
7,renew energi,7: renew energi,
7,renew energi,7: renew energi,
7,renew energi,7: renew energi,
7,renew energi,7: renew energi,
7,renew energi,7: renew energi,
7,renew energi,7: renew energi,
7,renew energi,7: renew energi,
7,renew energi,7: renew energi,
7,renew energi,7: renew energi,
7,renew energi,7: renew energi,
7,renew energi,7: renew energi,
7,renew energi,7: renew energi,
7,renew energi,7: renew energi,
7,renew energi,7: renew energi,
7,renew energi,7: renew energi,
7,renew energi,7: renew energi,
7,renew energi,7: renew energi,
7,renew energi,7: renew energi,
7,renew energi,7: renew energi,
7,renew energi,7: renew energi,
7,renew energi,7: renew energi,
7,renew energi,7: renew energi,
7,renew energi,7: renew energi,
7,renew energi,7: renew energi,
7,renew energi,7: renew energi,
7,renew energi,7: renew energi,
7,renew energi,7: renew energi,
7,renew energi,7: renew energi,
7,renew energi,7: renew energi,
7,renew energi,7: renew energi,
7,renew energi,7: renew energi,
7,renew energi,7: renew energi,
7,renew energi,7: renew energi,
7,renew energi,7: renew energi,
7,renew energi,7: renew energi,
7,renew energi,7: renew energi,
7,renew energi,7: renew energi,
7,renew energi,7: renew energi,
7,renew energi,7: renew energi,
7,renew energi,7: renew energi,
7,renew energi,7: renew energi,
7,renew energi,7: renew energi,
7,renew energi,7: renew energi,
7,renew energi,7: renew energi,
7,renew energi,7: renew energi,
7,renew energi,7: renew energi,
7,renew energi,7: renew energi,
7,renew energi,7: renew energi,
7,renew energi,7: renew energi,
7,renew energi,7: renew energi,
7,renew energi,7: renew energi,
7,renew energi,7: renew energi,
7,renew energi,7: renew energi,
7,renew energi,7: renew energi,
7,renew energi,7: renew energi,
7,renew energi,7: renew energi,
7,renew energi,7: renew energi,
7,renew energi,7: renew energi,
7,renew energi,7: renew energi,
7,renew energi,7: renew energi,
7,renew energi,7: renew energi,
7,renew energi,7: renew energi,
7,renew energi,7: renew energi,
7,renew energi,7: renew energi,
7,renew energi,7: renew energi,
7,renew energi,7: renew energi,
7,renew energi,7: renew energi,
7,renew energi,7: renew energi,
7,renew energi,7: renew energi,
7,renew energi,7: renew energi,
7,renew energi,7: renew energi,
7,renew energi,7: renew energi,
7,renew energi,7: renew energi,
7,renew energi,7: renew energi,
7,renew energi,7: renew energi,
7,renew energi,7: renew energi,
7,renew energi,7: renew energi,
7,renew energi,7: renew energi,
7,renew energi,7: renew energi,
7,renew energi,7: renew energi,
3,offshor wind,3: offshor wind,
3,offshor wind,3: offshor wind,
3,offshor wind,3: offshor wind,
3,offshor wind,3: offshor wind,
3,offshor wind,3: offshor wind,
3,offshor wind,3: offshor wind,
3,offshor wind,3: offshor wind,
3,offshor wind,3: offshor wind,
3,offshor wind,3: offshor wind,
3,offshor wind,3: offshor wind,
3,offshor wind,3: offshor wind,
3,offshor wind,3: offshor wind,
3,offshor wind,3: offshor wind,
3,offshor wind,3: offshor wind,
3,offshor wind,3: offshor wind,
3,offshor wind,3: offshor wind,
3,offshor wind,3: offshor wind,
3,offshor wind,3: offshor wind,
3,offshor wind,3: offshor wind,
3,offshor wind,3: offshor wind,
3,offshor wind,3: offshor wind,
3,offshor wind,3: offshor wind,
3,offshor wind,3: offshor wind,
3,offshor wind,3: offshor wind,
3,offshor wind,3: offshor wind,
3,offshor wind,3: offshor wind,
3,offshor wind,3: offshor wind,
3,offshor wind,3: offshor wind,
3,offshor wind,3: offshor wind,
3,offshor wind,3: offshor wind,
3,offshor wind,3: offshor wind,
3,offshor wind,3: offshor wind,
3,offshor wind,3: offshor wind,
3,offshor wind,3: offshor wind,
3,offshor wind,3: offshor wind,
3,offshor wind,3: offshor wind,
3,offshor wind,3: offshor wind,
3,offshor wind,3: offshor wind,
3,offshor wind,3: offshor wind,
3,offshor wind,3: offshor wind,
3,offshor wind,3: offshor wind,
3,offshor wind,3: offshor wind,
3,offshor wind,3: offshor wind,
3,offshor wind,3: offshor wind,
3,offshor wind,3: offshor wind,
3,offshor wind,3: offshor wind,
3,offshor wind,3: offshor wind,
3,offshor wind,3: offshor wind,
3,offshor wind,3: offshor wind,
3,offshor wind,3: offshor wind,
3,offshor wind,3: offshor wind,
3,offshor wind,3: offshor wind,
3,offshor wind,3: offshor wind,
3,offshor wind,3: offshor wind,
3,offshor wind,3: offshor wind,
3,offshor wind,3: offshor wind,
3,offshor wind,3: offshor wind,
3,offshor wind,3: offshor wind,
3,offshor wind,3: offshor wind,
3,offshor wind,3: offshor wind,
3,offshor wind,3: offshor wind,
3,offshor wind,3: offshor wind,
3,offshor wind,3: offshor wind,
3,offshor wind,3: offshor wind,
3,offshor wind,3: offshor wind,
3,offshor wind,3: offshor wind,
3,offshor wind,3: offshor wind,
3,offshor wind,3: offshor wind,
3,offshor wind,3: offshor wind,
3,offshor wind,3: offshor wind,
3,offshor wind,3: offshor wind,
3,offshor wind,3: offshor wind,
3,offshor wind,3: offshor wind,
3,offshor wind,3: offshor wind,
3,offshor wind,3: offshor wind,
3,offshor wind,3: offshor wind,
3,offshor wind,3: offshor wind,
3,offshor wind,3: offshor wind,
3,offshor wind,3: offshor wind,
3,offshor wind,3: offshor wind,
3,offshor wind,3: offshor wind,
3,offshor wind,3: offshor wind,
3,offshor wind,3: offshor wind,
3,offshor wind,3: offshor wind,
3,offshor wind,3: offshor wind,
3,offshor wind,3: offshor wind,
3,offshor wind,3: offshor wind,
3,offshor wind,3: offshor wind,
3,offshor wind,3: offshor wind,
3,offshor wind,3: offshor wind,
3,offshor wind,3: offshor wind,
3,offshor wind,3: offshor wind,
3,offshor wind,3: offshor wind,
3,offshor wind,3: offshor wind,
3,offshor wind,3: offshor wind,
3,offshor wind,3: offshor wind,
3,offshor wind,3: offshor wind,
3,offshor wind,3: offshor wind,
3,offshor wind,3: offshor wind,
3,offshor wind,3: offshor wind,
3,offshor wind,3: offshor wind,
3,offshor wind,3: offshor wind,
3,offshor wind,3: offshor wind,
3,offshor wind,3: offshor wind,
3,offshor wind,3: offshor wind,
3,offshor wind,3: offshor wind,
3,offshor wind,3: offshor wind,
3,offshor wind,3: offshor wind,
3,offshor wind,3: offshor wind,
3,offshor wind,3: offshor wind,
3,offshor wind,3: offshor wind,
3,offshor wind,3: offshor wind,
3,offshor wind,3: offshor wind,
1,abstract avail,1: abstract avail,
1,abstract avail,1: abstract avail,
1,abstract avail,1: abstract avail,
1,abstract avail,1: abstract avail,
1,abstract avail,1: abstract avail,
1,abstract avail,1: abstract avail,
1,abstract avail,1: abstract avail,
1,abstract avail,1: abstract avail,
1,abstract avail,1: abstract avail,
1,abstract avail,1: abstract avail,
1,abstract avail,1: abstract avail,
1,abstract avail,1: abstract avail,
1,abstract avail,1: abstract avail,
1,abstract avail,1: abstract avail,
1,abstract avail,1: abstract avail,
1,abstract avail,1: abstract avail,
1,abstract avail,1: abstract avail,
1,abstract avail,1: abstract avail,
1,abstract avail,1: abstract avail,
1,abstract avail,1: abstract avail,
1,abstract avail,1: abstract avail,
1,abstract avail,1: abstract avail,
1,abstract avail,1: abstract avail,
1,abstract avail,1: abstract avail,
1,abstract avail,1: abstract avail,
1,abstract avail,1: abstract avail,
1,abstract avail,1: abstract avail,
1,abstract avail,1: abstract avail,
1,abstract avail,1: abstract avail,
1,abstract avail,1: abstract avail,
1,abstract avail,1: abstract avail,
1,abstract avail,1: abstract avail,
1,abstract avail,1: abstract avail,
1,abstract avail,1: abstract avail,
1,abstract avail,1: abstract avail,
1,abstract avail,1: abstract avail,
1,abstract avail,1: abstract avail,
1,abstract avail,1: abstract avail,
1,abstract avail,1: abstract avail,
1,abstract avail,1: abstract avail,
1,abstract avail,1: abstract avail,
1,abstract avail,1: abstract avail,
1,abstract avail,1: abstract avail,
1,abstract avail,1: abstract avail,
1,abstract avail,1: abstract avail,
1,abstract avail,1: abstract avail,
1,abstract avail,1: abstract avail,
1,abstract avail,1: abstract avail,
1,abstract avail,1: abstract avail,
1,abstract avail,1: abstract avail,
1,abstract avail,1: abstract avail,
1,abstract avail,1: abstract avail,
1,abstract avail,1: abstract avail,
1,abstract avail,1: abstract avail,
1,abstract avail,1: abstract avail,
1,abstract avail,1: abstract avail,
1,abstract avail,1: abstract avail,
1,abstract avail,1: abstract avail,
1,abstract avail,1: abstract avail,
1,abstract avail,1: abstract avail,
1,abstract avail,1: abstract avail,
1,abstract avail,1: abstract avail,
1,abstract avail,1: abstract avail,
1,abstract avail,1: abstract avail,
1,abstract avail,1: abstract avail,
1,abstract avail,1: abstract avail,
1,abstract avail,1: abstract avail,
1,abstract avail,1: abstract avail,
1,abstract avail,1: abstract avail,
1,abstract avail,1: abstract avail,
1,abstract avail,1: abstract avail,
1,abstract avail,1: abstract avail,
1,abstract avail,1: abstract avail,
1,abstract avail,1: abstract avail,
1,abstract avail,1: abstract avail,
1,abstract avail,1: abstract avail,
1,abstract avail,1: abstract avail,
1,abstract avail,1: abstract avail,
1,abstract avail,1: abstract avail,
1,abstract avail,1: abstract avail,
1,abstract avail,1: abstract avail,
5,offshor grid,5: offshor grid,
5,offshor grid,5: offshor grid,
5,offshor grid,5: offshor grid,
5,offshor grid,5: offshor grid,
5,offshor grid,5: offshor grid,
5,offshor grid,5: offshor grid,
5,offshor grid,5: offshor grid,
5,offshor grid,5: offshor grid,
5,offshor grid,5: offshor grid,
5,offshor grid,5: offshor grid,
5,offshor grid,5: offshor grid,
5,offshor grid,5: offshor grid,
5,offshor grid,5: offshor grid,
5,offshor grid,5: offshor grid,
5,offshor grid,5: offshor grid,
5,offshor grid,5: offshor grid,
5,offshor grid,5: offshor grid,
5,offshor grid,5: offshor grid,
5,offshor grid,5: offshor grid,
5,offshor grid,5: offshor grid,
5,offshor grid,5: offshor grid,
5,offshor grid,5: offshor grid,
5,offshor grid,5: offshor grid,
5,offshor grid,5: offshor grid,
5,offshor grid,5: offshor grid,
5,offshor grid,5: offshor grid,
5,offshor grid,5: offshor grid,
5,offshor grid,5: offshor grid,
5,offshor grid,5: offshor grid,
5,offshor grid,5: offshor grid,
5,offshor grid,5: offshor grid,
5,offshor grid,5: offshor grid,
5,offshor grid,5: offshor grid,
5,offshor grid,5: offshor grid,
5,offshor grid,5: offshor grid,
5,offshor grid,5: offshor grid,
5,offshor grid,5: offshor grid,
5,offshor grid,5: offshor grid,
5,offshor grid,5: offshor grid,
5,offshor grid,5: offshor grid,
5,offshor grid,5: offshor grid,
5,offshor grid,5: offshor grid,
5,offshor grid,5: offshor grid,
5,offshor grid,5: offshor grid,
5,offshor grid,5: offshor grid,
5,offshor grid,5: offshor grid,
5,offshor grid,5: offshor grid,
5,offshor grid,5: offshor grid,
5,offshor grid,5: offshor grid,
5,offshor grid,5: offshor grid,
5,offshor grid,5: offshor grid,
5,offshor grid,5: offshor grid,
5,offshor grid,5: offshor grid,
5,offshor grid,5: offshor grid,
5,offshor grid,5: offshor grid,
5,offshor grid,5: offshor grid,
5,offshor grid,5: offshor grid,
5,offshor grid,5: offshor grid,
5,offshor grid,5: offshor grid,
5,offshor grid,5: offshor grid,
5,offshor grid,5: offshor grid,
5,offshor grid,5: offshor grid,
5,offshor grid,5: offshor grid,
5,offshor grid,5: offshor grid,
5,offshor grid,5: offshor grid,
5,offshor grid,5: offshor grid,
5,offshor grid,5: offshor grid,
5,offshor grid,5: offshor grid,
5,offshor grid,5: offshor grid,
5,offshor grid,5: offshor grid,
5,offshor grid,5: offshor grid,
5,offshor grid,5: offshor grid,
5,offshor grid,5: offshor grid,
5,offshor grid,5: offshor grid,
5,offshor grid,5: offshor grid,
5,offshor grid,5: offshor grid,
5,offshor grid,5: offshor grid,
5,offshor grid,5: offshor grid,
5,offshor grid,5: offshor grid,
5,offshor grid,5: offshor grid,
5,offshor grid,5: offshor grid,
5,offshor grid,5: offshor grid,
5,offshor grid,5: offshor grid,
5,offshor grid,5: offshor grid,
5,offshor grid,5: offshor grid,
5,offshor grid,5: offshor grid,
5,offshor grid,5: offshor grid,
5,offshor grid,5: offshor grid,
5,offshor grid,5: offshor grid,
5,offshor grid,5: offshor grid,
5,offshor grid,5: offshor grid,
5,offshor grid,5: offshor grid,
5,offshor grid,5: offshor grid,
5,offshor grid,5: offshor grid,
5,offshor grid,5: offshor grid,
5,offshor grid,5: offshor grid,
5,offshor grid,5: offshor grid,
5,offshor grid,5: offshor grid,
5,offshor grid,5: offshor grid,
5,offshor grid,5: offshor grid,
5,offshor grid,5: offshor grid,
5,offshor grid,5: offshor grid,
5,offshor grid,5: offshor grid,
5,offshor grid,5: offshor grid,
5,offshor grid,5: offshor grid,
5,offshor grid,5: offshor grid,
5,offshor grid,5: offshor grid,
5,offshor grid,5: offshor grid,
5,offshor grid,5: offshor grid,
5,offshor grid,5: offshor grid,
5,offshor grid,5: offshor grid,
5,offshor grid,5: offshor grid,
5,offshor grid,5: offshor grid,
5,offshor grid,5: offshor grid,
5,offshor grid,5: offshor grid,
5,offshor grid,5: offshor grid,
5,offshor grid,5: offshor grid,
5,offshor grid,5: offshor grid,
5,offshor grid,5: offshor grid,
5,offshor grid,5: offshor grid,
5,offshor grid,5: offshor grid,
5,offshor grid,5: offshor grid,
5,offshor grid,5: offshor grid,
5,offshor grid,5: offshor grid,
5,offshor grid,5: offshor grid,
5,offshor grid,5: offshor grid,
5,offshor grid,5: offshor grid,
5,offshor grid,5: offshor grid,
5,offshor grid,5: offshor grid,
5,offshor grid,5: offshor grid,
5,offshor grid,5: offshor grid,
5,offshor grid,5: offshor grid,
5,offshor grid,5: offshor grid,
5,offshor grid,5: offshor grid,
5,offshor grid,5: offshor grid,
5,offshor grid,5: offshor grid,
5,offshor grid,5: offshor grid,
5,offshor grid,5: offshor grid,
5,offshor grid,5: offshor grid,
5,offshor grid,5: offshor grid,
5,offshor grid,5: offshor grid,
5,offshor grid,5: offshor grid,
5,offshor grid,5: offshor grid,
5,offshor grid,5: offshor grid,
5,offshor grid,5: offshor grid,
5,offshor grid,5: offshor grid,
5,offshor grid,5: offshor grid,
5,offshor grid,5: offshor grid,
5,offshor grid,5: offshor grid,
5,offshor grid,5: offshor grid,
5,offshor grid,5: offshor grid,
5,offshor grid,5: offshor grid,
5,offshor grid,5: offshor grid,
5,offshor grid,5: offshor grid,
5,offshor grid,5: offshor grid,
5,offshor grid,5: offshor grid,
5,offshor grid,5: offshor grid,
5,offshor grid,5: offshor grid,
5,offshor grid,5: offshor grid,
5,offshor grid,5: offshor grid,
5,offshor grid,5: offshor grid,
5,offshor grid,5: offshor grid,
5,offshor grid,5: offshor grid,
5,offshor grid,5: offshor grid,
5,offshor grid,5: offshor grid,
5,offshor grid,5: offshor grid,
5,offshor grid,5: offshor grid,
5,offshor grid,5: offshor grid,
5,offshor grid,5: offshor grid,
5,offshor grid,5: offshor grid,
5,offshor grid,5: offshor grid,
5,offshor grid,5: offshor grid,
5,offshor grid,5: offshor grid,
5,offshor grid,5: offshor grid,
5,offshor grid,5: offshor grid,
7,renew energi,7: renew energi,
7,renew energi,7: renew energi,
7,renew energi,7: renew energi,
7,renew energi,7: renew energi,
7,renew energi,7: renew energi,
7,renew energi,7: renew energi,
7,renew energi,7: renew energi,
7,renew energi,7: renew energi,
7,renew energi,7: renew energi,
7,renew energi,7: renew energi,
7,renew energi,7: renew energi,
7,renew energi,7: renew energi,
7,renew energi,7: renew energi,
7,renew energi,7: renew energi,
7,renew energi,7: renew energi,
7,renew energi,7: renew energi,
7,renew energi,7: renew energi,
7,renew energi,7: renew energi,
7,renew energi,7: renew energi,
7,renew energi,7: renew energi,
7,renew energi,7: renew energi,
7,renew energi,7: renew energi,
7,renew energi,7: renew energi,
7,renew energi,7: renew energi,
7,renew energi,7: renew energi,
7,renew energi,7: renew energi,
7,renew energi,7: renew energi,
7,renew energi,7: renew energi,
7,renew energi,7: renew energi,
7,renew energi,7: renew energi,
7,renew energi,7: renew energi,
7,renew energi,7: renew energi,
7,renew energi,7: renew energi,
7,renew energi,7: renew energi,
7,renew energi,7: renew energi,
7,renew energi,7: renew energi,
7,renew energi,7: renew energi,
7,renew energi,7: renew energi,
7,renew energi,7: renew energi,
7,renew energi,7: renew energi,
7,renew energi,7: renew energi,
7,renew energi,7: renew energi,
7,renew energi,7: renew energi,
7,renew energi,7: renew energi,
7,renew energi,7: renew energi,
7,renew energi,7: renew energi,
7,renew energi,7: renew energi,
7,renew energi,7: renew energi,
7,renew energi,7: renew energi,
7,renew energi,7: renew energi,
7,renew energi,7: renew energi,
7,renew energi,7: renew energi,
7,renew energi,7: renew energi,
7,renew energi,7: renew energi,
7,renew energi,7: renew energi,
7,renew energi,7: renew energi,
7,renew energi,7: renew energi,
7,renew energi,7: renew energi,
7,renew energi,7: renew energi,
7,renew energi,7: renew energi,
7,renew energi,7: renew energi,
7,renew energi,7: renew energi,
7,renew energi,7: renew energi,
7,renew energi,7: renew energi,
7,renew energi,7: renew energi,
7,renew energi,7: renew energi,
7,renew energi,7: renew energi,
7,renew energi,7: renew energi,
7,renew energi,7: renew energi,
7,renew energi,7: renew energi,
7,renew energi,7: renew energi,
7,renew energi,7: renew energi,
7,renew energi,7: renew energi,
7,renew energi,7: renew energi,
7,renew energi,7: renew energi,
7,renew energi,7: renew energi,
7,renew energi,7: renew energi,
7,renew energi,7: renew energi,
7,renew energi,7: renew energi,
7,renew energi,7: renew energi,
7,renew energi,7: renew energi,
7,renew energi,7: renew energi,
7,renew energi,7: renew energi,
7,renew energi,7: renew energi,
7,renew energi,7: renew energi,
7,renew energi,7: renew energi,
7,renew energi,7: renew energi,
7,renew energi,7: renew energi,
7,renew energi,7: renew energi,
7,renew energi,7: renew energi,
7,renew energi,7: renew energi,
7,renew energi,7: renew energi,
7,renew energi,7: renew energi,
7,renew energi,7: renew energi,
7,renew energi,7: renew energi,
7,renew energi,7: renew energi,
7,renew energi,7: renew energi,
7,renew energi,7: renew energi,
7,renew energi,7: renew energi,
7,renew energi,7: renew energi,
7,renew energi,7: renew energi,
7,renew energi,7: renew energi,
7,renew energi,7: renew energi,
7,renew energi,7: renew energi,
7,renew energi,7: renew energi,
7,renew energi,7: renew energi,
7,renew energi,7: renew energi,
7,renew energi,7: renew energi,
7,renew energi,7: renew energi,
7,renew energi,7: renew energi,
7,renew energi,7: renew energi,
7,renew energi,7: renew energi,
7,renew energi,7: renew energi,
7,renew energi,7: renew energi,
7,renew energi,7: renew energi,
7,renew energi,7: renew energi,
7,renew energi,7: renew energi,
7,renew energi,7: renew energi,
7,renew energi,7: renew energi,
7,renew energi,7: renew energi,
7,renew energi,7: renew energi,
7,renew energi,7: renew energi,
7,renew energi,7: renew energi,
7,renew energi,7: renew energi,
7,renew energi,7: renew energi,
7,renew energi,7: renew energi,
7,renew energi,7: renew energi,
7,renew energi,7: renew energi,
7,renew energi,7: renew energi,
7,renew energi,7: renew energi,
7,renew energi,7: renew energi,
7,renew energi,7: renew energi,
7,renew energi,7: renew energi,
7,renew energi,7: renew energi,
7,renew energi,7: renew energi,
7,renew energi,7: renew energi,
7,renew energi,7: renew energi,
7,renew energi,7: renew energi,
7,renew energi,7: renew energi,
7,renew energi,7: renew energi,
7,renew energi,7: renew energi,
7,renew energi,7: renew energi,
7,renew energi,7: renew energi,
7,renew energi,7: renew energi,
7,renew energi,7: renew energi,
7,renew energi,7: renew energi,
7,renew energi,7: renew energi,
7,renew energi,7: renew energi,
7,renew energi,7: renew energi,
7,renew energi,7: renew energi,
7,renew energi,7: renew energi,
7,renew energi,7: renew energi,
7,renew energi,7: renew energi,
7,renew energi,7: renew energi,
7,renew energi,7: renew energi,
7,renew energi,7: renew energi,
7,renew energi,7: renew energi,
7,renew energi,7: renew energi,
7,renew energi,7: renew energi,
7,renew energi,7: renew energi,
7,renew energi,7: renew energi,
7,renew energi,7: renew energi,
7,renew energi,7: renew energi,
7,renew energi,7: renew energi,
7,renew energi,7: renew energi,
7,renew energi,7: renew energi,
7,renew energi,7: renew energi,
7,renew energi,7: renew energi,
7,renew energi,7: renew energi,
7,renew energi,7: renew energi,
7,renew energi,7: renew energi,
7,renew energi,7: renew energi,
7,renew energi,7: renew energi,
7,renew energi,7: renew energi,
7,renew energi,7: renew energi,
7,renew energi,7: renew energi,
7,renew energi,7: renew energi,
7,renew energi,7: renew energi,
7,renew energi,7: renew energi,
7,renew energi,7: renew energi,
7,renew energi,7: renew energi,
7,renew energi,7: renew energi,
7,renew energi,7: renew energi,
7,renew energi,7: renew energi,
7,renew energi,7: renew energi,
7,renew energi,7: renew energi,
7,renew energi,7: renew energi,
7,renew energi,7: renew energi,
7,renew energi,7: renew energi,
7,renew energi,7: renew energi,
7,renew energi,7: renew energi,
7,renew energi,7: renew energi,
7,renew energi,7: renew energi,
7,renew energi,7: renew energi,
7,renew energi,7: renew energi,
7,renew energi,7: renew energi,
7,renew energi,7: renew energi,
7,renew energi,7: renew energi,
7,renew energi,7: renew energi,
7,renew energi,7: renew energi,
7,renew energi,7: renew energi,
7,renew energi,7: renew energi,
7,renew energi,7: renew energi,
7,renew energi,7: renew energi,
7,renew energi,7: renew energi,
7,renew energi,7: renew energi,
7,renew energi,7: renew energi,
7,renew energi,7: renew energi,
7,renew energi,7: renew energi,
7,renew energi,7: renew energi,
7,renew energi,7: renew energi,
7,renew energi,7: renew energi,
7,renew energi,7: renew energi,
7,renew energi,7: renew energi,
7,renew energi,7: renew energi,
7,renew energi,7: renew energi,
7,renew energi,7: renew energi,
7,renew energi,7: renew energi,
7,renew energi,7: renew energi,
7,renew energi,7: renew energi,
7,renew energi,7: renew energi,
7,renew energi,7: renew energi,
7,renew energi,7: renew energi,
7,renew energi,7: renew energi,
7,renew energi,7: renew energi,
7,renew energi,7: renew energi,
7,renew energi,7: renew energi,
7,renew energi,7: renew energi,
7,renew energi,7: renew energi,
7,renew energi,7: renew energi,
7,renew energi,7: renew energi,
7,renew energi,7: renew energi,
7,renew energi,7: renew energi,
7,renew energi,7: renew energi,
7,renew energi,7: renew energi,
7,renew energi,7: renew energi,
7,renew energi,7: renew energi,
7,renew energi,7: renew energi,
7,renew energi,7: renew energi,
7,renew energi,7: renew energi,
7,renew energi,7: renew energi,
7,renew energi,7: renew energi,
7,renew energi,7: renew energi,
7,renew energi,7: renew energi,
7,renew energi,7: renew energi,
7,renew energi,7: renew energi,
7,renew energi,7: renew energi,
7,renew energi,7: renew energi,
7,renew energi,7: renew energi,
7,renew energi,7: renew energi,
7,renew energi,7: renew energi,
7,renew energi,7: renew energi,
7,renew energi,7: renew energi,
7,renew energi,7: renew energi,
7,renew energi,7: renew energi,
7,renew energi,7: renew energi,
7,renew energi,7: renew energi,
7,renew energi,7: renew energi,
7,renew energi,7: renew energi,
7,renew energi,7: renew energi,
7,renew energi,7: renew energi,
7,renew energi,7: renew energi,
7,renew energi,7: renew energi,
7,renew energi,7: renew energi,
7,renew energi,7: renew energi,
7,renew energi,7: renew energi,
7,renew energi,7: renew energi,
7,renew energi,7: renew energi,
7,renew energi,7: renew energi,
7,renew energi,7: renew energi,
7,renew energi,7: renew energi,
7,renew energi,7: renew energi,
7,renew energi,7: renew energi,
7,renew energi,7: renew energi,
7,renew energi,7: renew energi,
7,renew energi,7: renew energi,
7,renew energi,7: renew energi,
7,renew energi,7: renew energi,
7,renew energi,7: renew energi,
7,renew energi,7: renew energi,
7,renew energi,7: renew energi,
7,renew energi,7: renew energi,
7,renew energi,7: renew energi,
7,renew energi,7: renew energi,
7,renew energi,7: renew energi,
7,renew energi,7: renew energi,
7,renew energi,7: renew energi,
7,renew energi,7: renew energi,
7,renew energi,7: renew energi,
7,renew energi,7: renew energi,
7,renew energi,7: renew energi,
7,renew energi,7: renew energi,
9,wind farm,9: wind farm,
9,wind farm,9: wind farm,
9,wind farm,9: wind farm,
9,wind farm,9: wind farm,
9,wind farm,9: wind farm,
9,wind farm,9: wind farm,
9,wind farm,9: wind farm,
9,wind farm,9: wind farm,
9,wind farm,9: wind farm,
9,wind farm,9: wind farm,
9,wind farm,9: wind farm,
9,wind farm,9: wind farm,
9,wind farm,9: wind farm,
9,wind farm,9: wind farm,
9,wind farm,9: wind farm,
9,wind farm,9: wind farm,
9,wind farm,9: wind farm,
9,wind farm,9: wind farm,
9,wind farm,9: wind farm,
9,wind farm,9: wind farm,
9,wind farm,9: wind farm,
9,wind farm,9: wind farm,
9,wind farm,9: wind farm,
9,wind farm,9: wind farm,
9,wind farm,9: wind farm,
9,wind farm,9: wind farm,
9,wind farm,9: wind farm,
9,wind farm,9: wind farm,
9,wind farm,9: wind farm,
9,wind farm,9: wind farm,
9,wind farm,9: wind farm,
9,wind farm,9: wind farm,
9,wind farm,9: wind farm,
9,wind farm,9: wind farm,
9,wind farm,9: wind farm,
9,wind farm,9: wind farm,
9,wind farm,9: wind farm,
9,wind farm,9: wind farm,
9,wind farm,9: wind farm,
9,wind farm,9: wind farm,
9,wind farm,9: wind farm,
9,wind farm,9: wind farm,
9,wind farm,9: wind farm,
9,wind farm,9: wind farm,
9,wind farm,9: wind farm,
9,wind farm,9: wind farm,
9,wind farm,9: wind farm,
9,wind farm,9: wind farm,
9,wind farm,9: wind farm,
9,wind farm,9: wind farm,
9,wind farm,9: wind farm,
9,wind farm,9: wind farm,
9,wind farm,9: wind farm,
9,wind farm,9: wind farm,
9,wind farm,9: wind farm,
9,wind farm,9: wind farm,
9,wind farm,9: wind farm,
9,wind farm,9: wind farm,
9,wind farm,9: wind farm,
9,wind farm,9: wind farm,
9,wind farm,9: wind farm,
9,wind farm,9: wind farm,
9,wind farm,9: wind farm,
9,wind farm,9: wind farm,
9,wind farm,9: wind farm,
9,wind farm,9: wind farm,
9,wind farm,9: wind farm,
9,wind farm,9: wind farm,
9,wind farm,9: wind farm,
9,wind farm,9: wind farm,
9,wind farm,9: wind farm,
9,wind farm,9: wind farm,
9,wind farm,9: wind farm,
9,wind farm,9: wind farm,
9,wind farm,9: wind farm,
9,wind farm,9: wind farm,
9,wind farm,9: wind farm,
9,wind farm,9: wind farm,
9,wind farm,9: wind farm,
9,wind farm,9: wind farm,
9,wind farm,9: wind farm,
9,wind farm,9: wind farm,
9,wind farm,9: wind farm,
9,wind farm,9: wind farm,
9,wind farm,9: wind farm,
9,wind farm,9: wind farm,
9,wind farm,9: wind farm,
9,wind farm,9: wind farm,
9,wind farm,9: wind farm,
9,wind farm,9: wind farm,
9,wind farm,9: wind farm,
9,wind farm,9: wind farm,
9,wind farm,9: wind farm,
9,wind farm,9: wind farm,
9,wind farm,9: wind farm,
9,wind farm,9: wind farm,
9,wind farm,9: wind farm,
9,wind farm,9: wind farm,
9,wind farm,9: wind farm,
9,wind farm,9: wind farm,
9,wind farm,9: wind farm,
9,wind farm,9: wind farm,
9,wind farm,9: wind farm,
9,wind farm,9: wind farm,
9,wind farm,9: wind farm,
9,wind farm,9: wind farm,
9,wind farm,9: wind farm,
9,wind farm,9: wind farm,
9,wind farm,9: wind farm,
9,wind farm,9: wind farm,
9,wind farm,9: wind farm,
9,wind farm,9: wind farm,
9,wind farm,9: wind farm,
9,wind farm,9: wind farm,
9,wind farm,9: wind farm,
9,wind farm,9: wind farm,
9,wind farm,9: wind farm,
9,wind farm,9: wind farm,
9,wind farm,9: wind farm,
9,wind farm,9: wind farm,
9,wind farm,9: wind farm,
9,wind farm,9: wind farm,
9,wind farm,9: wind farm,
9,wind farm,9: wind farm,
9,wind farm,9: wind farm,
9,wind farm,9: wind farm,
9,wind farm,9: wind farm,
9,wind farm,9: wind farm,
9,wind farm,9: wind farm,
9,wind farm,9: wind farm,
9,wind farm,9: wind farm,
9,wind farm,9: wind farm,
9,wind farm,9: wind farm,
9,wind farm,9: wind farm,
9,wind farm,9: wind farm,
9,wind farm,9: wind farm,
9,wind farm,9: wind farm,
9,wind farm,9: wind farm,
9,wind farm,9: wind farm,
9,wind farm,9: wind farm,
9,wind farm,9: wind farm,
9,wind farm,9: wind farm,
9,wind farm,9: wind farm,
9,wind farm,9: wind farm,
9,wind farm,9: wind farm,
9,wind farm,9: wind farm,
9,wind farm,9: wind farm,
9,wind farm,9: wind farm,
9,wind farm,9: wind farm,
9,wind farm,9: wind farm,
9,wind farm,9: wind farm,
9,wind farm,9: wind farm,
9,wind farm,9: wind farm,
9,wind farm,9: wind farm,
9,wind farm,9: wind farm,
9,wind farm,9: wind farm,
9,wind farm,9: wind farm,
9,wind farm,9: wind farm,
9,wind farm,9: wind farm,
9,wind farm,9: wind farm,
9,wind farm,9: wind farm,
9,wind farm,9: wind farm,
9,wind farm,9: wind farm,
9,wind farm,9: wind farm,
9,wind farm,9: wind farm,
9,wind farm,9: wind farm,
9,wind farm,9: wind farm,
9,wind farm,9: wind farm,
9,wind farm,9: wind farm,
9,wind farm,9: wind farm,
9,wind farm,9: wind farm,
9,wind farm,9: wind farm,
9,wind farm,9: wind farm,
9,wind farm,9: wind farm,
9,wind farm,9: wind farm,
9,wind farm,9: wind farm,
9,wind farm,9: wind farm,
9,wind farm,9: wind farm,
9,wind farm,9: wind farm,
9,wind farm,9: wind farm,
9,wind farm,9: wind farm,
9,wind farm,9: wind farm,
9,wind farm,9: wind farm,
9,wind farm,9: wind farm,
9,wind farm,9: wind farm,
9,wind farm,9: wind farm,
9,wind farm,9: wind farm,
9,wind farm,9: wind farm,
9,wind farm,9: wind farm,
9,wind farm,9: wind farm,
9,wind farm,9: wind farm,
9,wind farm,9: wind farm,
9,wind farm,9: wind farm,
9,wind farm,9: wind farm,
9,wind farm,9: wind farm,
9,wind farm,9: wind farm,
9,wind farm,9: wind farm,
9,wind farm,9: wind farm,
9,wind farm,9: wind farm,
9,wind farm,9: wind farm,
9,wind farm,9: wind farm,
9,wind farm,9: wind farm,
9,wind farm,9: wind farm,
9,wind farm,9: wind farm,
9,wind farm,9: wind farm,
9,wind farm,9: wind farm,
9,wind farm,9: wind farm,
9,wind farm,9: wind farm,
9,wind farm,9: wind farm,
9,wind farm,9: wind farm,
9,wind farm,9: wind farm,
9,wind farm,9: wind farm,
9,wind farm,9: wind farm,
9,wind farm,9: wind farm,
9,wind farm,9: wind farm,
9,wind farm,9: wind farm,
9,wind farm,9: wind farm,
9,wind farm,9: wind farm,
9,wind farm,9: wind farm,
9,wind farm,9: wind farm,
9,wind farm,9: wind farm,
9,wind farm,9: wind farm,
9,wind farm,9: wind farm,
9,wind farm,9: wind farm,
9,wind farm,9: wind farm,
9,wind farm,9: wind farm,
9,wind farm,9: wind farm,
9,wind farm,9: wind farm,
9,wind farm,9: wind farm,
9,wind farm,9: wind farm,
9,wind farm,9: wind farm,
9,wind farm,9: wind farm,
9,wind farm,9: wind farm,
9,wind farm,9: wind farm,
9,wind farm,9: wind farm,
9,wind farm,9: wind farm,
9,wind farm,9: wind farm,
9,wind farm,9: wind farm,
9,wind farm,9: wind farm,
9,wind farm,9: wind farm,
9,wind farm,9: wind farm,
9,wind farm,9: wind farm,
9,wind farm,9: wind farm,
9,wind farm,9: wind farm,
9,wind farm,9: wind farm,
9,wind farm,9: wind farm,
9,wind farm,9: wind farm,
9,wind farm,9: wind farm,
9,wind farm,9: wind farm,
9,wind farm,9: wind farm,
9,wind farm,9: wind farm,
9,wind farm,9: wind farm,
9,wind farm,9: wind farm,
9,wind farm,9: wind farm,
9,wind farm,9: wind farm,
9,wind farm,9: wind farm,
9,wind farm,9: wind farm,
9,wind farm,9: wind farm,
9,wind farm,9: wind farm,
9,wind farm,9: wind farm,
9,wind farm,9: wind farm,
9,wind farm,9: wind farm,
9,wind farm,9: wind farm,
9,wind farm,9: wind farm,
9,wind farm,9: wind farm,
9,wind farm,9: wind farm,
9,wind farm,9: wind farm,
9,wind farm,9: wind farm,
9,wind farm,9: wind farm,
9,wind farm,9: wind farm,
9,wind farm,9: wind farm,
9,wind farm,9: wind farm,
9,wind farm,9: wind farm,
9,wind farm,9: wind farm,
9,wind farm,9: wind farm,
9,wind farm,9: wind farm,
9,wind farm,9: wind farm,
9,wind farm,9: wind farm,
9,wind farm,9: wind farm,
9,wind farm,9: wind farm,
9,wind farm,9: wind farm,
9,wind farm,9: wind farm,
9,wind farm,9: wind farm,
9,wind farm,9: wind farm,
9,wind farm,9: wind farm,
9,wind farm,9: wind farm,
9,wind farm,9: wind farm,
9,wind farm,9: wind farm,
9,wind farm,9: wind farm,
9,wind farm,9: wind farm,
9,wind farm,9: wind farm,
9,wind farm,9: wind farm,
9,wind farm,9: wind farm,
9,wind farm,9: wind farm,
9,wind farm,9: wind farm,
9,wind farm,9: wind farm,
9,wind farm,9: wind farm,
9,wind farm,9: wind farm,
9,wind farm,9: wind farm,
9,wind farm,9: wind farm,
9,wind farm,9: wind farm,
9,wind farm,9: wind farm,
9,wind farm,9: wind farm,
9,wind farm,9: wind farm,
9,wind farm,9: wind farm,
9,wind farm,9: wind farm,
9,wind farm,9: wind farm,
9,wind farm,9: wind farm,
9,wind farm,9: wind farm,
9,wind farm,9: wind farm,
9,wind farm,9: wind farm,
9,wind farm,9: wind farm,
9,wind farm,9: wind farm,
9,wind farm,9: wind farm,
9,wind farm,9: wind farm,
9,wind farm,9: wind farm,
9,wind farm,9: wind farm,
9,wind farm,9: wind farm,
9,wind farm,9: wind farm,
9,wind farm,9: wind farm,
9,wind farm,9: wind farm,
9,wind farm,9: wind farm,
7,renew energi,7: renew energi,
7,renew energi,7: renew energi,
7,renew energi,7: renew energi,
7,renew energi,7: renew energi,
7,renew energi,7: renew energi,
7,renew energi,7: renew energi,
7,renew energi,7: renew energi,
7,renew energi,7: renew energi,
7,renew energi,7: renew energi,
7,renew energi,7: renew energi,
7,renew energi,7: renew energi,
7,renew energi,7: renew energi,
7,renew energi,7: renew energi,
7,renew energi,7: renew energi,
7,renew energi,7: renew energi,
7,renew energi,7: renew energi,
7,renew energi,7: renew energi,
7,renew energi,7: renew energi,
7,renew energi,7: renew energi,
7,renew energi,7: renew energi,
7,renew energi,7: renew energi,
7,renew energi,7: renew energi,
7,renew energi,7: renew energi,
7,renew energi,7: renew energi,
7,renew energi,7: renew energi,
7,renew energi,7: renew energi,
7,renew energi,7: renew energi,
7,renew energi,7: renew energi,
7,renew energi,7: renew energi,
7,renew energi,7: renew energi,
7,renew energi,7: renew energi,
7,renew energi,7: renew energi,
7,renew energi,7: renew energi,
7,renew energi,7: renew energi,
7,renew energi,7: renew energi,
7,renew energi,7: renew energi,
7,renew energi,7: renew energi,
7,renew energi,7: renew energi,
7,renew energi,7: renew energi,
7,renew energi,7: renew energi,
7,renew energi,7: renew energi,
7,renew energi,7: renew energi,
7,renew energi,7: renew energi,
7,renew energi,7: renew energi,
7,renew energi,7: renew energi,
7,renew energi,7: renew energi,
7,renew energi,7: renew energi,
7,renew energi,7: renew energi,
7,renew energi,7: renew energi,
7,renew energi,7: renew energi,
7,renew energi,7: renew energi,
7,renew energi,7: renew energi,
7,renew energi,7: renew energi,
7,renew energi,7: renew energi,
7,renew energi,7: renew energi,
7,renew energi,7: renew energi,
7,renew energi,7: renew energi,
7,renew energi,7: renew energi,
7,renew energi,7: renew energi,
7,renew energi,7: renew energi,
7,renew energi,7: renew energi,
7,renew energi,7: renew energi,
7,renew energi,7: renew energi,
7,renew energi,7: renew energi,
7,renew energi,7: renew energi,
7,renew energi,7: renew energi,
7,renew energi,7: renew energi,
7,renew energi,7: renew energi,
7,renew energi,7: renew energi,
7,renew energi,7: renew energi,
7,renew energi,7: renew energi,
7,renew energi,7: renew energi,
7,renew energi,7: renew energi,
7,renew energi,7: renew energi,
7,renew energi,7: renew energi,
7,renew energi,7: renew energi,
7,renew energi,7: renew energi,
7,renew energi,7: renew energi,
7,renew energi,7: renew energi,
7,renew energi,7: renew energi,
7,renew energi,7: renew energi,
7,renew energi,7: renew energi,
7,renew energi,7: renew energi,
7,renew energi,7: renew energi,
7,renew energi,7: renew energi,
7,renew energi,7: renew energi,
7,renew energi,7: renew energi,
7,renew energi,7: renew energi,
7,renew energi,7: renew energi,
7,renew energi,7: renew energi,
7,renew energi,7: renew energi,
7,renew energi,7: renew energi,
7,renew energi,7: renew energi,
7,renew energi,7: renew energi,
7,renew energi,7: renew energi,
7,renew energi,7: renew energi,
7,renew energi,7: renew energi,
7,renew energi,7: renew energi,
7,renew energi,7: renew energi,
7,renew energi,7: renew energi,
7,renew energi,7: renew energi,
7,renew energi,7: renew energi,
7,renew energi,7: renew energi,
7,renew energi,7: renew energi,
7,renew energi,7: renew energi,
7,renew energi,7: renew energi,
7,renew energi,7: renew energi,
7,renew energi,7: renew energi,
7,renew energi,7: renew energi,
7,renew energi,7: renew energi,
7,renew energi,7: renew energi,
7,renew energi,7: renew energi,
7,renew energi,7: renew energi,
7,renew energi,7: renew energi,
7,renew energi,7: renew energi,
7,renew energi,7: renew energi,
7,renew energi,7: renew energi,
7,renew energi,7: renew energi,
7,renew energi,7: renew energi,
7,renew energi,7: renew energi,
7,renew energi,7: renew energi,
7,renew energi,7: renew energi,
7,renew energi,7: renew energi,
7,renew energi,7: renew energi,
7,renew energi,7: renew energi,
7,renew energi,7: renew energi,
7,renew energi,7: renew energi,
7,renew energi,7: renew energi,
7,renew energi,7: renew energi,
7,renew energi,7: renew energi,
7,renew energi,7: renew energi,
7,renew energi,7: renew energi,
7,renew energi,7: renew energi,
7,renew energi,7: renew energi,
7,renew energi,7: renew energi,
7,renew energi,7: renew energi,
7,renew energi,7: renew energi,
7,renew energi,7: renew energi,
7,renew energi,7: renew energi,
7,renew energi,7: renew energi,
7,renew energi,7: renew energi,
7,renew energi,7: renew energi,
7,renew energi,7: renew energi,
7,renew energi,7: renew energi,
7,renew energi,7: renew energi,
7,renew energi,7: renew energi,
7,renew energi,7: renew energi,
7,renew energi,7: renew energi,
7,renew energi,7: renew energi,
7,renew energi,7: renew energi,
7,renew energi,7: renew energi,
7,renew energi,7: renew energi,
7,renew energi,7: renew energi,
7,renew energi,7: renew energi,
7,renew energi,7: renew energi,
7,renew energi,7: renew energi,
7,renew energi,7: renew energi,
7,renew energi,7: renew energi,
7,renew energi,7: renew energi,
7,renew energi,7: renew energi,
7,renew energi,7: renew energi,
7,renew energi,7: renew energi,
7,renew energi,7: renew energi,
7,renew energi,7: renew energi,
7,renew energi,7: renew energi,
7,renew energi,7: renew energi,
7,renew energi,7: renew energi,
7,renew energi,7: renew energi,
7,renew energi,7: renew energi,
7,renew energi,7: renew energi,
7,renew energi,7: renew energi,
7,renew energi,7: renew energi,
7,renew energi,7: renew energi,
7,renew energi,7: renew energi,
7,renew energi,7: renew energi,
7,renew energi,7: renew energi,
7,renew energi,7: renew energi,
7,renew energi,7: renew energi,
7,renew energi,7: renew energi,
7,renew energi,7: renew energi,
7,renew energi,7: renew energi,
7,renew energi,7: renew energi,
7,renew energi,7: renew energi,
7,renew energi,7: renew energi,
7,renew energi,7: renew energi,
7,renew energi,7: renew energi,
7,renew energi,7: renew energi,
7,renew energi,7: renew energi,
7,renew energi,7: renew energi,
7,renew energi,7: renew energi,
7,renew energi,7: renew energi,
7,renew energi,7: renew energi,
7,renew energi,7: renew energi,
7,renew energi,7: renew energi,
7,renew energi,7: renew energi,
7,renew energi,7: renew energi,
7,renew energi,7: renew energi,
7,renew energi,7: renew energi,
7,renew energi,7: renew energi,
7,renew energi,7: renew energi,
7,renew energi,7: renew energi,
7,renew energi,7: renew energi,
7,renew energi,7: renew energi,
7,renew energi,7: renew energi,
7,renew energi,7: renew energi,
7,renew energi,7: renew energi,
7,renew energi,7: renew energi,
7,renew energi,7: renew energi,
7,renew energi,7: renew energi,
7,renew energi,7: renew energi,
7,renew energi,7: renew energi,
7,renew energi,7: renew energi,
7,renew energi,7: renew energi,
7,renew energi,7: renew energi,
7,renew energi,7: renew energi,
7,renew energi,7: renew energi,
7,renew energi,7: renew energi,
7,renew energi,7: renew energi,
7,renew energi,7: renew energi,
7,renew energi,7: renew energi,
7,renew energi,7: renew energi,
7,renew energi,7: renew energi,
7,renew energi,7: renew energi,
7,renew energi,7: renew energi,
7,renew energi,7: renew energi,
7,renew energi,7: renew energi,
7,renew energi,7: renew energi,
7,renew energi,7: renew energi,
7,renew energi,7: renew energi,
7,renew energi,7: renew energi,
7,renew energi,7: renew energi,
7,renew energi,7: renew energi,
7,renew energi,7: renew energi,
7,renew energi,7: renew energi,
7,renew energi,7: renew energi,
7,renew energi,7: renew energi,
7,renew energi,7: renew energi,
7,renew energi,7: renew energi,
7,renew energi,7: renew energi,
7,renew energi,7: renew energi,
7,renew energi,7: renew energi,
7,renew energi,7: renew energi,
7,renew energi,7: renew energi,
7,renew energi,7: renew energi,
7,renew energi,7: renew energi,
7,renew energi,7: renew energi,
7,renew energi,7: renew energi,
7,renew energi,7: renew energi,
7,renew energi,7: renew energi,
7,renew energi,7: renew energi,
7,renew energi,7: renew energi,
7,renew energi,7: renew energi,
7,renew energi,7: renew energi,
7,renew energi,7: renew energi,
7,renew energi,7: renew energi,
7,renew energi,7: renew energi,
7,renew energi,7: renew energi,
7,renew energi,7: renew energi,
7,renew energi,7: renew energi,
7,renew energi,7: renew energi,
7,renew energi,7: renew energi,
7,renew energi,7: renew energi,
7,renew energi,7: renew energi,
7,renew energi,7: renew energi,
7,renew energi,7: renew energi,
7,renew energi,7: renew energi,
7,renew energi,7: renew energi,
7,renew energi,7: renew energi,
7,renew energi,7: renew energi,
7,renew energi,7: renew energi,
7,renew energi,7: renew energi,
7,renew energi,7: renew energi,
7,renew energi,7: renew energi,
7,renew energi,7: renew energi,
7,renew energi,7: renew energi,
7,renew energi,7: renew energi,
7,renew energi,7: renew energi,
7,renew energi,7: renew energi,
7,renew energi,7: renew energi,
7,renew energi,7: renew energi,
7,renew energi,7: renew energi,
7,renew energi,7: renew energi,
7,renew energi,7: renew energi,
7,renew energi,7: renew energi,
7,renew energi,7: renew energi,
7,renew energi,7: renew energi,
7,renew energi,7: renew energi,
7,renew energi,7: renew energi,
7,renew energi,7: renew energi,
7,renew energi,7: renew energi,
7,renew energi,7: renew energi,
7,renew energi,7: renew energi,
1,abstract avail,1: abstract avail,
1,abstract avail,1: abstract avail,
1,abstract avail,1: abstract avail,
1,abstract avail,1: abstract avail,
1,abstract avail,1: abstract avail,
1,abstract avail,1: abstract avail,
1,abstract avail,1: abstract avail,
1,abstract avail,1: abstract avail,
1,abstract avail,1: abstract avail,
1,abstract avail,1: abstract avail,
1,abstract avail,1: abstract avail,
1,abstract avail,1: abstract avail,
1,abstract avail,1: abstract avail,
1,abstract avail,1: abstract avail,
1,abstract avail,1: abstract avail,
1,abstract avail,1: abstract avail,
1,abstract avail,1: abstract avail,
1,abstract avail,1: abstract avail,
1,abstract avail,1: abstract avail,
1,abstract avail,1: abstract avail,
1,abstract avail,1: abstract avail,
1,abstract avail,1: abstract avail,
1,abstract avail,1: abstract avail,
1,abstract avail,1: abstract avail,
1,abstract avail,1: abstract avail,
1,abstract avail,1: abstract avail,
1,abstract avail,1: abstract avail,
1,abstract avail,1: abstract avail,
1,abstract avail,1: abstract avail,
1,abstract avail,1: abstract avail,
1,abstract avail,1: abstract avail,
1,abstract avail,1: abstract avail,
1,abstract avail,1: abstract avail,
1,abstract avail,1: abstract avail,
1,abstract avail,1: abstract avail,
1,abstract avail,1: abstract avail,
1,abstract avail,1: abstract avail,
1,abstract avail,1: abstract avail,
1,abstract avail,1: abstract avail,
1,abstract avail,1: abstract avail,
1,abstract avail,1: abstract avail,
1,abstract avail,1: abstract avail,
1,abstract avail,1: abstract avail,
1,abstract avail,1: abstract avail,
1,abstract avail,1: abstract avail,
1,abstract avail,1: abstract avail,
1,abstract avail,1: abstract avail,
1,abstract avail,1: abstract avail,
1,abstract avail,1: abstract avail,
1,abstract avail,1: abstract avail,
1,abstract avail,1: abstract avail,
1,abstract avail,1: abstract avail,
1,abstract avail,1: abstract avail,
1,abstract avail,1: abstract avail,
1,abstract avail,1: abstract avail,
1,abstract avail,1: abstract avail,
1,abstract avail,1: abstract avail,
1,abstract avail,1: abstract avail,
1,abstract avail,1: abstract avail,
1,abstract avail,1: abstract avail,
1,abstract avail,1: abstract avail,
1,abstract avail,1: abstract avail,
1,abstract avail,1: abstract avail,
1,abstract avail,1: abstract avail,
1,abstract avail,1: abstract avail,
1,abstract avail,1: abstract avail,
1,abstract avail,1: abstract avail,
1,abstract avail,1: abstract avail,
1,abstract avail,1: abstract avail,
1,abstract avail,1: abstract avail,
1,abstract avail,1: abstract avail,
1,abstract avail,1: abstract avail,
1,abstract avail,1: abstract avail,
1,abstract avail,1: abstract avail,
1,abstract avail,1: abstract avail,
1,abstract avail,1: abstract avail,
1,abstract avail,1: abstract avail,
1,abstract avail,1: abstract avail,
1,abstract avail,1: abstract avail,
1,abstract avail,1: abstract avail,
1,abstract avail,1: abstract avail,
9,wind farm,9: wind farm,
9,wind farm,9: wind farm,
9,wind farm,9: wind farm,
9,wind farm,9: wind farm,
9,wind farm,9: wind farm,
9,wind farm,9: wind farm,
9,wind farm,9: wind farm,
9,wind farm,9: wind farm,
9,wind farm,9: wind farm,
9,wind farm,9: wind farm,
9,wind farm,9: wind farm,
9,wind farm,9: wind farm,
9,wind farm,9: wind farm,
9,wind farm,9: wind farm,
9,wind farm,9: wind farm,
9,wind farm,9: wind farm,
9,wind farm,9: wind farm,
9,wind farm,9: wind farm,
9,wind farm,9: wind farm,
9,wind farm,9: wind farm,
9,wind farm,9: wind farm,
9,wind farm,9: wind farm,
9,wind farm,9: wind farm,
9,wind farm,9: wind farm,
9,wind farm,9: wind farm,
9,wind farm,9: wind farm,
9,wind farm,9: wind farm,
9,wind farm,9: wind farm,
9,wind farm,9: wind farm,
9,wind farm,9: wind farm,
9,wind farm,9: wind farm,
9,wind farm,9: wind farm,
9,wind farm,9: wind farm,
9,wind farm,9: wind farm,
9,wind farm,9: wind farm,
9,wind farm,9: wind farm,
9,wind farm,9: wind farm,
9,wind farm,9: wind farm,
9,wind farm,9: wind farm,
9,wind farm,9: wind farm,
9,wind farm,9: wind farm,
9,wind farm,9: wind farm,
9,wind farm,9: wind farm,
9,wind farm,9: wind farm,
9,wind farm,9: wind farm,
9,wind farm,9: wind farm,
9,wind farm,9: wind farm,
9,wind farm,9: wind farm,
9,wind farm,9: wind farm,
9,wind farm,9: wind farm,
9,wind farm,9: wind farm,
9,wind farm,9: wind farm,
9,wind farm,9: wind farm,
9,wind farm,9: wind farm,
9,wind farm,9: wind farm,
9,wind farm,9: wind farm,
9,wind farm,9: wind farm,
9,wind farm,9: wind farm,
9,wind farm,9: wind farm,
9,wind farm,9: wind farm,
9,wind farm,9: wind farm,
9,wind farm,9: wind farm,
9,wind farm,9: wind farm,
9,wind farm,9: wind farm,
9,wind farm,9: wind farm,
9,wind farm,9: wind farm,
9,wind farm,9: wind farm,
9,wind farm,9: wind farm,
9,wind farm,9: wind farm,
9,wind farm,9: wind farm,
9,wind farm,9: wind farm,
9,wind farm,9: wind farm,
9,wind farm,9: wind farm,
9,wind farm,9: wind farm,
9,wind farm,9: wind farm,
9,wind farm,9: wind farm,
9,wind farm,9: wind farm,
9,wind farm,9: wind farm,
9,wind farm,9: wind farm,
9,wind farm,9: wind farm,
9,wind farm,9: wind farm,
9,wind farm,9: wind farm,
9,wind farm,9: wind farm,
9,wind farm,9: wind farm,
9,wind farm,9: wind farm,
9,wind farm,9: wind farm,
9,wind farm,9: wind farm,
9,wind farm,9: wind farm,
9,wind farm,9: wind farm,
9,wind farm,9: wind farm,
9,wind farm,9: wind farm,
9,wind farm,9: wind farm,
9,wind farm,9: wind farm,
9,wind farm,9: wind farm,
9,wind farm,9: wind farm,
9,wind farm,9: wind farm,
9,wind farm,9: wind farm,
9,wind farm,9: wind farm,
9,wind farm,9: wind farm,
9,wind farm,9: wind farm,
9,wind farm,9: wind farm,
9,wind farm,9: wind farm,
9,wind farm,9: wind farm,
9,wind farm,9: wind farm,
9,wind farm,9: wind farm,
9,wind farm,9: wind farm,
9,wind farm,9: wind farm,
9,wind farm,9: wind farm,
9,wind farm,9: wind farm,
9,wind farm,9: wind farm,
9,wind farm,9: wind farm,
9,wind farm,9: wind farm,
9,wind farm,9: wind farm,
9,wind farm,9: wind farm,
9,wind farm,9: wind farm,
9,wind farm,9: wind farm,
9,wind farm,9: wind farm,
9,wind farm,9: wind farm,
9,wind farm,9: wind farm,
9,wind farm,9: wind farm,
9,wind farm,9: wind farm,
9,wind farm,9: wind farm,
9,wind farm,9: wind farm,
9,wind farm,9: wind farm,
9,wind farm,9: wind farm,
9,wind farm,9: wind farm,
9,wind farm,9: wind farm,
9,wind farm,9: wind farm,
9,wind farm,9: wind farm,
9,wind farm,9: wind farm,
9,wind farm,9: wind farm,
9,wind farm,9: wind farm,
9,wind farm,9: wind farm,
9,wind farm,9: wind farm,
9,wind farm,9: wind farm,
9,wind farm,9: wind farm,
9,wind farm,9: wind farm,
9,wind farm,9: wind farm,
9,wind farm,9: wind farm,
9,wind farm,9: wind farm,
9,wind farm,9: wind farm,
9,wind farm,9: wind farm,
9,wind farm,9: wind farm,
9,wind farm,9: wind farm,
9,wind farm,9: wind farm,
9,wind farm,9: wind farm,
9,wind farm,9: wind farm,
9,wind farm,9: wind farm,
9,wind farm,9: wind farm,
9,wind farm,9: wind farm,
9,wind farm,9: wind farm,
9,wind farm,9: wind farm,
9,wind farm,9: wind farm,
9,wind farm,9: wind farm,
9,wind farm,9: wind farm,
9,wind farm,9: wind farm,
9,wind farm,9: wind farm,
9,wind farm,9: wind farm,
9,wind farm,9: wind farm,
9,wind farm,9: wind farm,
9,wind farm,9: wind farm,
0,energi island,0: energi island,
0,energi island,0: energi island,
0,energi island,0: energi island,
0,energi island,0: energi island,
0,energi island,0: energi island,
0,energi island,0: energi island,
0,energi island,0: energi island,
0,energi island,0: energi island,
0,energi island,0: energi island,
0,energi island,0: energi island,
0,energi island,0: energi island,
0,energi island,0: energi island,
0,energi island,0: energi island,
0,energi island,0: energi island,
0,energi island,0: energi island,
0,energi island,0: energi island,
0,energi island,0: energi island,
0,energi island,0: energi island,
0,energi island,0: energi island,
0,energi island,0: energi island,
0,energi island,0: energi island,
0,energi island,0: energi island,
0,energi island,0: energi island,
0,energi island,0: energi island,
0,energi island,0: energi island,
0,energi island,0: energi island,
0,energi island,0: energi island,
0,energi island,0: energi island,
0,energi island,0: energi island,
0,energi island,0: energi island,
0,energi island,0: energi island,
0,energi island,0: energi island,
0,energi island,0: energi island,
0,energi island,0: energi island,
0,energi island,0: energi island,
0,energi island,0: energi island,
0,energi island,0: energi island,
0,energi island,0: energi island,
0,energi island,0: energi island,
0,energi island,0: energi island,
0,energi island,0: energi island,
0,energi island,0: energi island,
0,energi island,0: energi island,
0,energi island,0: energi island,
0,energi island,0: energi island,
0,energi island,0: energi island,
0,energi island,0: energi island,
0,energi island,0: energi island,
0,energi island,0: energi island,
0,energi island,0: energi island,
0,energi island,0: energi island,
0,energi island,0: energi island,
0,energi island,0: energi island,
0,energi island,0: energi island,
0,energi island,0: energi island,
0,energi island,0: energi island,
0,energi island,0: energi island,
0,energi island,0: energi island,
0,energi island,0: energi island,
0,energi island,0: energi island,
0,energi island,0: energi island,
0,energi island,0: energi island,
0,energi island,0: energi island,
0,energi island,0: energi island,
0,energi island,0: energi island,
0,energi island,0: energi island,
0,energi island,0: energi island,
0,energi island,0: energi island,
0,energi island,0: energi island,
0,energi island,0: energi island,
0,energi island,0: energi island,
0,energi island,0: energi island,
0,energi island,0: energi island,
0,energi island,0: energi island,
0,energi island,0: energi island,
0,energi island,0: energi island,
0,energi island,0: energi island,
0,energi island,0: energi island,
0,energi island,0: energi island,
0,energi island,0: energi island,
0,energi island,0: energi island,
0,energi island,0: energi island,
0,energi island,0: energi island,
0,energi island,0: energi island,
0,energi island,0: energi island,
0,energi island,0: energi island,
0,energi island,0: energi island,
0,energi island,0: energi island,
0,energi island,0: energi island,
0,energi island,0: energi island,
0,energi island,0: energi island,
0,energi island,0: energi island,
0,energi island,0: energi island,
0,energi island,0: energi island,
0,energi island,0: energi island,
0,energi island,0: energi island,
0,energi island,0: energi island,
0,energi island,0: energi island,
0,energi island,0: energi island,
0,energi island,0: energi island,
0,energi island,0: energi island,
0,energi island,0: energi island,
0,energi island,0: energi island,
0,energi island,0: energi island,
0,energi island,0: energi island,
0,energi island,0: energi island,
0,energi island,0: energi island,
0,energi island,0: energi island,
0,energi island,0: energi island,
0,energi island,0: energi island,
0,energi island,0: energi island,
0,energi island,0: energi island,
0,energi island,0: energi island,
0,energi island,0: energi island,
0,energi island,0: energi island,
0,energi island,0: energi island,
0,energi island,0: energi island,
0,energi island,0: energi island,
0,energi island,0: energi island,
0,energi island,0: energi island,
0,energi island,0: energi island,
0,energi island,0: energi island,
0,energi island,0: energi island,
0,energi island,0: energi island,
0,energi island,0: energi island,
0,energi island,0: energi island,
0,energi island,0: energi island,
0,energi island,0: energi island,
0,energi island,0: energi island,
0,energi island,0: energi island,
0,energi island,0: energi island,
0,energi island,0: energi island,
0,energi island,0: energi island,
0,energi island,0: energi island,
0,energi island,0: energi island,
0,energi island,0: energi island,
0,energi island,0: energi island,
0,energi island,0: energi island,
0,energi island,0: energi island,
0,energi island,0: energi island,
0,energi island,0: energi island,
0,energi island,0: energi island,
0,energi island,0: energi island,
0,energi island,0: energi island,
0,energi island,0: energi island,
0,energi island,0: energi island,
0,energi island,0: energi island,
0,energi island,0: energi island,
0,energi island,0: energi island,
0,energi island,0: energi island,
0,energi island,0: energi island,
0,energi island,0: energi island,
0,energi island,0: energi island,
0,energi island,0: energi island,
0,energi island,0: energi island,
0,energi island,0: energi island,
0,energi island,0: energi island,
9,wind farm,9: wind farm,
9,wind farm,9: wind farm,
9,wind farm,9: wind farm,
9,wind farm,9: wind farm,
9,wind farm,9: wind farm,
9,wind farm,9: wind farm,
9,wind farm,9: wind farm,
9,wind farm,9: wind farm,
9,wind farm,9: wind farm,
9,wind farm,9: wind farm,
9,wind farm,9: wind farm,
9,wind farm,9: wind farm,
9,wind farm,9: wind farm,
9,wind farm,9: wind farm,
9,wind farm,9: wind farm,
9,wind farm,9: wind farm,
9,wind farm,9: wind farm,
9,wind farm,9: wind farm,
9,wind farm,9: wind farm,
9,wind farm,9: wind farm,
9,wind farm,9: wind farm,
9,wind farm,9: wind farm,
9,wind farm,9: wind farm,
9,wind farm,9: wind farm,
9,wind farm,9: wind farm,
9,wind farm,9: wind farm,
9,wind farm,9: wind farm,
9,wind farm,9: wind farm,
9,wind farm,9: wind farm,
9,wind farm,9: wind farm,
9,wind farm,9: wind farm,
9,wind farm,9: wind farm,
9,wind farm,9: wind farm,
9,wind farm,9: wind farm,
9,wind farm,9: wind farm,
9,wind farm,9: wind farm,
9,wind farm,9: wind farm,
9,wind farm,9: wind farm,
9,wind farm,9: wind farm,
9,wind farm,9: wind farm,
9,wind farm,9: wind farm,
9,wind farm,9: wind farm,
9,wind farm,9: wind farm,
9,wind farm,9: wind farm,
9,wind farm,9: wind farm,
9,wind farm,9: wind farm,
9,wind farm,9: wind farm,
9,wind farm,9: wind farm,
9,wind farm,9: wind farm,
9,wind farm,9: wind farm,
9,wind farm,9: wind farm,
9,wind farm,9: wind farm,
9,wind farm,9: wind farm,
9,wind farm,9: wind farm,
9,wind farm,9: wind farm,
9,wind farm,9: wind farm,
9,wind farm,9: wind farm,
9,wind farm,9: wind farm,
9,wind farm,9: wind farm,
9,wind farm,9: wind farm,
9,wind farm,9: wind farm,
9,wind farm,9: wind farm,
9,wind farm,9: wind farm,
9,wind farm,9: wind farm,
9,wind farm,9: wind farm,
9,wind farm,9: wind farm,
9,wind farm,9: wind farm,
9,wind farm,9: wind farm,
9,wind farm,9: wind farm,
9,wind farm,9: wind farm,
9,wind farm,9: wind farm,
9,wind farm,9: wind farm,
9,wind farm,9: wind farm,
9,wind farm,9: wind farm,
9,wind farm,9: wind farm,
9,wind farm,9: wind farm,
9,wind farm,9: wind farm,
9,wind farm,9: wind farm,
9,wind farm,9: wind farm,
9,wind farm,9: wind farm,
9,wind farm,9: wind farm,
9,wind farm,9: wind farm,
9,wind farm,9: wind farm,
9,wind farm,9: wind farm,
9,wind farm,9: wind farm,
9,wind farm,9: wind farm,
9,wind farm,9: wind farm,
9,wind farm,9: wind farm,
9,wind farm,9: wind farm,
9,wind farm,9: wind farm,
9,wind farm,9: wind farm,
9,wind farm,9: wind farm,
9,wind farm,9: wind farm,
9,wind farm,9: wind farm,
9,wind farm,9: wind farm,
9,wind farm,9: wind farm,
9,wind farm,9: wind farm,
9,wind farm,9: wind farm,
9,wind farm,9: wind farm,
9,wind farm,9: wind farm,
9,wind farm,9: wind farm,
9,wind farm,9: wind farm,
9,wind farm,9: wind farm,
9,wind farm,9: wind farm,
9,wind farm,9: wind farm,
9,wind farm,9: wind farm,
9,wind farm,9: wind farm,
9,wind farm,9: wind farm,
9,wind farm,9: wind farm,
9,wind farm,9: wind farm,
9,wind farm,9: wind farm,
9,wind farm,9: wind farm,
9,wind farm,9: wind farm,
9,wind farm,9: wind farm,
9,wind farm,9: wind farm,
9,wind farm,9: wind farm,
9,wind farm,9: wind farm,
9,wind farm,9: wind farm,
9,wind farm,9: wind farm,
9,wind farm,9: wind farm,
9,wind farm,9: wind farm,
9,wind farm,9: wind farm,
9,wind farm,9: wind farm,
9,wind farm,9: wind farm,
9,wind farm,9: wind farm,
9,wind farm,9: wind farm,
9,wind farm,9: wind farm,
9,wind farm,9: wind farm,
9,wind farm,9: wind farm,
9,wind farm,9: wind farm,
9,wind farm,9: wind farm,
9,wind farm,9: wind farm,
9,wind farm,9: wind farm,
9,wind farm,9: wind farm,
9,wind farm,9: wind farm,
9,wind farm,9: wind farm,
9,wind farm,9: wind farm,
9,wind farm,9: wind farm,
9,wind farm,9: wind farm,
9,wind farm,9: wind farm,
9,wind farm,9: wind farm,
9,wind farm,9: wind farm,
9,wind farm,9: wind farm,
9,wind farm,9: wind farm,
9,wind farm,9: wind farm,
9,wind farm,9: wind farm,
9,wind farm,9: wind farm,
9,wind farm,9: wind farm,
9,wind farm,9: wind farm,
9,wind farm,9: wind farm,
9,wind farm,9: wind farm,
9,wind farm,9: wind farm,
9,wind farm,9: wind farm,
9,wind farm,9: wind farm,
9,wind farm,9: wind farm,
9,wind farm,9: wind farm,
9,wind farm,9: wind farm,
9,wind farm,9: wind farm,
9,wind farm,9: wind farm,
9,wind farm,9: wind farm,
9,wind farm,9: wind farm,
7,renew energi,7: renew energi,
7,renew energi,7: renew energi,
7,renew energi,7: renew energi,
7,renew energi,7: renew energi,
7,renew energi,7: renew energi,
7,renew energi,7: renew energi,
7,renew energi,7: renew energi,
7,renew energi,7: renew energi,
7,renew energi,7: renew energi,
7,renew energi,7: renew energi,
7,renew energi,7: renew energi,
7,renew energi,7: renew energi,
7,renew energi,7: renew energi,
7,renew energi,7: renew energi,
7,renew energi,7: renew energi,
7,renew energi,7: renew energi,
7,renew energi,7: renew energi,
7,renew energi,7: renew energi,
7,renew energi,7: renew energi,
7,renew energi,7: renew energi,
7,renew energi,7: renew energi,
7,renew energi,7: renew energi,
7,renew energi,7: renew energi,
7,renew energi,7: renew energi,
7,renew energi,7: renew energi,
7,renew energi,7: renew energi,
7,renew energi,7: renew energi,
7,renew energi,7: renew energi,
7,renew energi,7: renew energi,
7,renew energi,7: renew energi,
7,renew energi,7: renew energi,
7,renew energi,7: renew energi,
7,renew energi,7: renew energi,
7,renew energi,7: renew energi,
7,renew energi,7: renew energi,
7,renew energi,7: renew energi,
7,renew energi,7: renew energi,
7,renew energi,7: renew energi,
7,renew energi,7: renew energi,
7,renew energi,7: renew energi,
7,renew energi,7: renew energi,
7,renew energi,7: renew energi,
7,renew energi,7: renew energi,
7,renew energi,7: renew energi,
7,renew energi,7: renew energi,
7,renew energi,7: renew energi,
7,renew energi,7: renew energi,
7,renew energi,7: renew energi,
7,renew energi,7: renew energi,
7,renew energi,7: renew energi,
7,renew energi,7: renew energi,
7,renew energi,7: renew energi,
7,renew energi,7: renew energi,
7,renew energi,7: renew energi,
7,renew energi,7: renew energi,
7,renew energi,7: renew energi,
7,renew energi,7: renew energi,
7,renew energi,7: renew energi,
7,renew energi,7: renew energi,
7,renew energi,7: renew energi,
7,renew energi,7: renew energi,
7,renew energi,7: renew energi,
7,renew energi,7: renew energi,
7,renew energi,7: renew energi,
7,renew energi,7: renew energi,
7,renew energi,7: renew energi,
7,renew energi,7: renew energi,
7,renew energi,7: renew energi,
7,renew energi,7: renew energi,
7,renew energi,7: renew energi,
7,renew energi,7: renew energi,
7,renew energi,7: renew energi,
7,renew energi,7: renew energi,
7,renew energi,7: renew energi,
7,renew energi,7: renew energi,
7,renew energi,7: renew energi,
7,renew energi,7: renew energi,
7,renew energi,7: renew energi,
7,renew energi,7: renew energi,
7,renew energi,7: renew energi,
7,renew energi,7: renew energi,
7,renew energi,7: renew energi,
7,renew energi,7: renew energi,
7,renew energi,7: renew energi,
7,renew energi,7: renew energi,
7,renew energi,7: renew energi,
7,renew energi,7: renew energi,
7,renew energi,7: renew energi,
7,renew energi,7: renew energi,
7,renew energi,7: renew energi,
7,renew energi,7: renew energi,
7,renew energi,7: renew energi,
7,renew energi,7: renew energi,
7,renew energi,7: renew energi,
7,renew energi,7: renew energi,
7,renew energi,7: renew energi,
7,renew energi,7: renew energi,
7,renew energi,7: renew energi,
7,renew energi,7: renew energi,
7,renew energi,7: renew energi,
7,renew energi,7: renew energi,
7,renew energi,7: renew energi,
7,renew energi,7: renew energi,
7,renew energi,7: renew energi,
7,renew energi,7: renew energi,
7,renew energi,7: renew energi,
7,renew energi,7: renew energi,
7,renew energi,7: renew energi,
7,renew energi,7: renew energi,
7,renew energi,7: renew energi,
7,renew energi,7: renew energi,
7,renew energi,7: renew energi,
7,renew energi,7: renew energi,
7,renew energi,7: renew energi,
7,renew energi,7: renew energi,
7,renew energi,7: renew energi,
7,renew energi,7: renew energi,
7,renew energi,7: renew energi,
7,renew energi,7: renew energi,
7,renew energi,7: renew energi,
7,renew energi,7: renew energi,
7,renew energi,7: renew energi,
7,renew energi,7: renew energi,
7,renew energi,7: renew energi,
7,renew energi,7: renew energi,
7,renew energi,7: renew energi,
7,renew energi,7: renew energi,
7,renew energi,7: renew energi,
7,renew energi,7: renew energi,
7,renew energi,7: renew energi,
7,renew energi,7: renew energi,
7,renew energi,7: renew energi,
7,renew energi,7: renew energi,
7,renew energi,7: renew energi,
7,renew energi,7: renew energi,
7,renew energi,7: renew energi,
7,renew energi,7: renew energi,
7,renew energi,7: renew energi,
7,renew energi,7: renew energi,
7,renew energi,7: renew energi,
7,renew energi,7: renew energi,
7,renew energi,7: renew energi,
7,renew energi,7: renew energi,
7,renew energi,7: renew energi,
7,renew energi,7: renew energi,
7,renew energi,7: renew energi,
9,wind farm,9: wind farm,
9,wind farm,9: wind farm,
9,wind farm,9: wind farm,
9,wind farm,9: wind farm,
9,wind farm,9: wind farm,
9,wind farm,9: wind farm,
9,wind farm,9: wind farm,
9,wind farm,9: wind farm,
9,wind farm,9: wind farm,
9,wind farm,9: wind farm,
9,wind farm,9: wind farm,
9,wind farm,9: wind farm,
9,wind farm,9: wind farm,
9,wind farm,9: wind farm,
9,wind farm,9: wind farm,
9,wind farm,9: wind farm,
9,wind farm,9: wind farm,
9,wind farm,9: wind farm,
9,wind farm,9: wind farm,
9,wind farm,9: wind farm,
9,wind farm,9: wind farm,
9,wind farm,9: wind farm,
9,wind farm,9: wind farm,
9,wind farm,9: wind farm,
9,wind farm,9: wind farm,
9,wind farm,9: wind farm,
9,wind farm,9: wind farm,
9,wind farm,9: wind farm,
9,wind farm,9: wind farm,
9,wind farm,9: wind farm,
9,wind farm,9: wind farm,
9,wind farm,9: wind farm,
9,wind farm,9: wind farm,
9,wind farm,9: wind farm,
9,wind farm,9: wind farm,
9,wind farm,9: wind farm,
9,wind farm,9: wind farm,
9,wind farm,9: wind farm,
9,wind farm,9: wind farm,
9,wind farm,9: wind farm,
9,wind farm,9: wind farm,
9,wind farm,9: wind farm,
9,wind farm,9: wind farm,
9,wind farm,9: wind farm,
9,wind farm,9: wind farm,
9,wind farm,9: wind farm,
9,wind farm,9: wind farm,
9,wind farm,9: wind farm,
9,wind farm,9: wind farm,
9,wind farm,9: wind farm,
9,wind farm,9: wind farm,
9,wind farm,9: wind farm,
9,wind farm,9: wind farm,
9,wind farm,9: wind farm,
9,wind farm,9: wind farm,
9,wind farm,9: wind farm,
9,wind farm,9: wind farm,
9,wind farm,9: wind farm,
9,wind farm,9: wind farm,
9,wind farm,9: wind farm,
9,wind farm,9: wind farm,
9,wind farm,9: wind farm,
9,wind farm,9: wind farm,
9,wind farm,9: wind farm,
9,wind farm,9: wind farm,
9,wind farm,9: wind farm,
9,wind farm,9: wind farm,
9,wind farm,9: wind farm,
9,wind farm,9: wind farm,
9,wind farm,9: wind farm,
9,wind farm,9: wind farm,
9,wind farm,9: wind farm,
9,wind farm,9: wind farm,
9,wind farm,9: wind farm,
9,wind farm,9: wind farm,
9,wind farm,9: wind farm,
9,wind farm,9: wind farm,
9,wind farm,9: wind farm,
9,wind farm,9: wind farm,
9,wind farm,9: wind farm,
9,wind farm,9: wind farm,
9,wind farm,9: wind farm,
9,wind farm,9: wind farm,
9,wind farm,9: wind farm,
9,wind farm,9: wind farm,
9,wind farm,9: wind farm,
9,wind farm,9: wind farm,
9,wind farm,9: wind farm,
9,wind farm,9: wind farm,
9,wind farm,9: wind farm,
9,wind farm,9: wind farm,
9,wind farm,9: wind farm,
9,wind farm,9: wind farm,
9,wind farm,9: wind farm,
9,wind farm,9: wind farm,
9,wind farm,9: wind farm,
9,wind farm,9: wind farm,
9,wind farm,9: wind farm,
9,wind farm,9: wind farm,
9,wind farm,9: wind farm,
9,wind farm,9: wind farm,
9,wind farm,9: wind farm,
9,wind farm,9: wind farm,
9,wind farm,9: wind farm,
9,wind farm,9: wind farm,
9,wind farm,9: wind farm,
9,wind farm,9: wind farm,
9,wind farm,9: wind farm,
9,wind farm,9: wind farm,
9,wind farm,9: wind farm,
9,wind farm,9: wind farm,
9,wind farm,9: wind farm,
9,wind farm,9: wind farm,
9,wind farm,9: wind farm,
9,wind farm,9: wind farm,
9,wind farm,9: wind farm,
9,wind farm,9: wind farm,
9,wind farm,9: wind farm,
9,wind farm,9: wind farm,
9,wind farm,9: wind farm,
9,wind farm,9: wind farm,
9,wind farm,9: wind farm,
9,wind farm,9: wind farm,
9,wind farm,9: wind farm,
9,wind farm,9: wind farm,
9,wind farm,9: wind farm,
9,wind farm,9: wind farm,
9,wind farm,9: wind farm,
9,wind farm,9: wind farm,
9,wind farm,9: wind farm,
9,wind farm,9: wind farm,
9,wind farm,9: wind farm,
9,wind farm,9: wind farm,
9,wind farm,9: wind farm,
9,wind farm,9: wind farm,
9,wind farm,9: wind farm,
9,wind farm,9: wind farm,
9,wind farm,9: wind farm,
9,wind farm,9: wind farm,
9,wind farm,9: wind farm,
9,wind farm,9: wind farm,
9,wind farm,9: wind farm,
9,wind farm,9: wind farm,
9,wind farm,9: wind farm,
9,wind farm,9: wind farm,
9,wind farm,9: wind farm,
9,wind farm,9: wind farm,
9,wind farm,9: wind farm,
9,wind farm,9: wind farm,
9,wind farm,9: wind farm,
9,wind farm,9: wind farm,
9,wind farm,9: wind farm,
9,wind farm,9: wind farm,
9,wind farm,9: wind farm,
9,wind farm,9: wind farm,
9,wind farm,9: wind farm,
9,wind farm,9: wind farm,
9,wind farm,9: wind farm,
9,wind farm,9: wind farm,
9,wind farm,9: wind farm,
9,wind farm,9: wind farm,
7,renew energi,7: renew energi,
7,renew energi,7: renew energi,
7,renew energi,7: renew energi,
7,renew energi,7: renew energi,
7,renew energi,7: renew energi,
7,renew energi,7: renew energi,
7,renew energi,7: renew energi,
7,renew energi,7: renew energi,
7,renew energi,7: renew energi,
7,renew energi,7: renew energi,
7,renew energi,7: renew energi,
7,renew energi,7: renew energi,
7,renew energi,7: renew energi,
7,renew energi,7: renew energi,
7,renew energi,7: renew energi,
7,renew energi,7: renew energi,
7,renew energi,7: renew energi,
7,renew energi,7: renew energi,
7,renew energi,7: renew energi,
7,renew energi,7: renew energi,
7,renew energi,7: renew energi,
7,renew energi,7: renew energi,
7,renew energi,7: renew energi,
7,renew energi,7: renew energi,
7,renew energi,7: renew energi,
7,renew energi,7: renew energi,
7,renew energi,7: renew energi,
7,renew energi,7: renew energi,
7,renew energi,7: renew energi,
7,renew energi,7: renew energi,
7,renew energi,7: renew energi,
7,renew energi,7: renew energi,
7,renew energi,7: renew energi,
7,renew energi,7: renew energi,
7,renew energi,7: renew energi,
7,renew energi,7: renew energi,
7,renew energi,7: renew energi,
7,renew energi,7: renew energi,
7,renew energi,7: renew energi,
7,renew energi,7: renew energi,
7,renew energi,7: renew energi,
7,renew energi,7: renew energi,
7,renew energi,7: renew energi,
7,renew energi,7: renew energi,
7,renew energi,7: renew energi,
7,renew energi,7: renew energi,
7,renew energi,7: renew energi,
7,renew energi,7: renew energi,
7,renew energi,7: renew energi,
7,renew energi,7: renew energi,
7,renew energi,7: renew energi,
7,renew energi,7: renew energi,
7,renew energi,7: renew energi,
7,renew energi,7: renew energi,
7,renew energi,7: renew energi,
7,renew energi,7: renew energi,
7,renew energi,7: renew energi,
7,renew energi,7: renew energi,
7,renew energi,7: renew energi,
7,renew energi,7: renew energi,
7,renew energi,7: renew energi,
7,renew energi,7: renew energi,
7,renew energi,7: renew energi,
7,renew energi,7: renew energi,
7,renew energi,7: renew energi,
7,renew energi,7: renew energi,
7,renew energi,7: renew energi,
7,renew energi,7: renew energi,
7,renew energi,7: renew energi,
7,renew energi,7: renew energi,
7,renew energi,7: renew energi,
7,renew energi,7: renew energi,
7,renew energi,7: renew energi,
7,renew energi,7: renew energi,
7,renew energi,7: renew energi,
7,renew energi,7: renew energi,
7,renew energi,7: renew energi,
7,renew energi,7: renew energi,
7,renew energi,7: renew energi,
7,renew energi,7: renew energi,
7,renew energi,7: renew energi,
7,renew energi,7: renew energi,
7,renew energi,7: renew energi,
7,renew energi,7: renew energi,
7,renew energi,7: renew energi,
7,renew energi,7: renew energi,
7,renew energi,7: renew energi,
7,renew energi,7: renew energi,
7,renew energi,7: renew energi,
7,renew energi,7: renew energi,
7,renew energi,7: renew energi,
7,renew energi,7: renew energi,
7,renew energi,7: renew energi,
7,renew energi,7: renew energi,
7,renew energi,7: renew energi,
7,renew energi,7: renew energi,
7,renew energi,7: renew energi,
7,renew energi,7: renew energi,
7,renew energi,7: renew energi,
7,renew energi,7: renew energi,
7,renew energi,7: renew energi,
7,renew energi,7: renew energi,
7,renew energi,7: renew energi,
7,renew energi,7: renew energi,
7,renew energi,7: renew energi,
7,renew energi,7: renew energi,
7,renew energi,7: renew energi,
7,renew energi,7: renew energi,
7,renew energi,7: renew energi,
7,renew energi,7: renew energi,
7,renew energi,7: renew energi,
7,renew energi,7: renew energi,
7,renew energi,7: renew energi,
7,renew energi,7: renew energi,
7,renew energi,7: renew energi,
7,renew energi,7: renew energi,
7,renew energi,7: renew energi,
7,renew energi,7: renew energi,
7,renew energi,7: renew energi,
7,renew energi,7: renew energi,
7,renew energi,7: renew energi,
7,renew energi,7: renew energi,
7,renew energi,7: renew energi,
7,renew energi,7: renew energi,
7,renew energi,7: renew energi,
7,renew energi,7: renew energi,
7,renew energi,7: renew energi,
7,renew energi,7: renew energi,
7,renew energi,7: renew energi,
7,renew energi,7: renew energi,
7,renew energi,7: renew energi,
7,renew energi,7: renew energi,
7,renew energi,7: renew energi,
7,renew energi,7: renew energi,
7,renew energi,7: renew energi,
7,renew energi,7: renew energi,
7,renew energi,7: renew energi,
7,renew energi,7: renew energi,
7,renew energi,7: renew energi,
7,renew energi,7: renew energi,
7,renew energi,7: renew energi,
7,renew energi,7: renew energi,
7,renew energi,7: renew energi,
7,renew energi,7: renew energi,
7,renew energi,7: renew energi,
7,renew energi,7: renew energi,
0,energi island,0: energi island,
0,energi island,0: energi island,
0,energi island,0: energi island,
0,energi island,0: energi island,
0,energi island,0: energi island,
0,energi island,0: energi island,
0,energi island,0: energi island,
0,energi island,0: energi island,
0,energi island,0: energi island,
0,energi island,0: energi island,
0,energi island,0: energi island,
0,energi island,0: energi island,
0,energi island,0: energi island,
0,energi island,0: energi island,
0,energi island,0: energi island,
0,energi island,0: energi island,
0,energi island,0: energi island,
0,energi island,0: energi island,
0,energi island,0: energi island,
0,energi island,0: energi island,
0,energi island,0: energi island,
0,energi island,0: energi island,
0,energi island,0: energi island,
0,energi island,0: energi island,
0,energi island,0: energi island,
0,energi island,0: energi island,
0,energi island,0: energi island,
0,energi island,0: energi island,
0,energi island,0: energi island,
0,energi island,0: energi island,
0,energi island,0: energi island,
0,energi island,0: energi island,
0,energi island,0: energi island,
0,energi island,0: energi island,
0,energi island,0: energi island,
0,energi island,0: energi island,
0,energi island,0: energi island,
0,energi island,0: energi island,
0,energi island,0: energi island,
0,energi island,0: energi island,
0,energi island,0: energi island,
0,energi island,0: energi island,
0,energi island,0: energi island,
0,energi island,0: energi island,
0,energi island,0: energi island,
0,energi island,0: energi island,
0,energi island,0: energi island,
0,energi island,0: energi island,
0,energi island,0: energi island,
0,energi island,0: energi island,
0,energi island,0: energi island,
0,energi island,0: energi island,
0,energi island,0: energi island,
0,energi island,0: energi island,
0,energi island,0: energi island,
0,energi island,0: energi island,
0,energi island,0: energi island,
0,energi island,0: energi island,
0,energi island,0: energi island,
0,energi island,0: energi island,
0,energi island,0: energi island,
0,energi island,0: energi island,
0,energi island,0: energi island,
0,energi island,0: energi island,
0,energi island,0: energi island,
0,energi island,0: energi island,
0,energi island,0: energi island,
0,energi island,0: energi island,
0,energi island,0: energi island,
0,energi island,0: energi island,
0,energi island,0: energi island,
0,energi island,0: energi island,
0,energi island,0: energi island,
0,energi island,0: energi island,
0,energi island,0: energi island,
0,energi island,0: energi island,
0,energi island,0: energi island,
0,energi island,0: energi island,
0,energi island,0: energi island,
0,energi island,0: energi island,
0,energi island,0: energi island,
0,energi island,0: energi island,
0,energi island,0: energi island,
0,energi island,0: energi island,
0,energi island,0: energi island,
0,energi island,0: energi island,
0,energi island,0: energi island,
0,energi island,0: energi island,
0,energi island,0: energi island,
0,energi island,0: energi island,
0,energi island,0: energi island,
0,energi island,0: energi island,
0,energi island,0: energi island,
0,energi island,0: energi island,
0,energi island,0: energi island,
0,energi island,0: energi island,
0,energi island,0: energi island,
0,energi island,0: energi island,
0,energi island,0: energi island,
0,energi island,0: energi island,
0,energi island,0: energi island,
0,energi island,0: energi island,
0,energi island,0: energi island,
0,energi island,0: energi island,
0,energi island,0: energi island,
0,energi island,0: energi island,
0,energi island,0: energi island,
0,energi island,0: energi island,
0,energi island,0: energi island,
0,energi island,0: energi island,
0,energi island,0: energi island,
0,energi island,0: energi island,
0,energi island,0: energi island,
0,energi island,0: energi island,
0,energi island,0: energi island,
0,energi island,0: energi island,
0,energi island,0: energi island,
0,energi island,0: energi island,
0,energi island,0: energi island,
0,energi island,0: energi island,
0,energi island,0: energi island,
0,energi island,0: energi island,
0,energi island,0: energi island,
0,energi island,0: energi island,
0,energi island,0: energi island,
0,energi island,0: energi island,
0,energi island,0: energi island,
0,energi island,0: energi island,
0,energi island,0: energi island,
0,energi island,0: energi island,
0,energi island,0: energi island,
0,energi island,0: energi island,
0,energi island,0: energi island,
0,energi island,0: energi island,
0,energi island,0: energi island,
0,energi island,0: energi island,
0,energi island,0: energi island,
0,energi island,0: energi island,
0,energi island,0: energi island,
0,energi island,0: energi island,
0,energi island,0: energi island,
0,energi island,0: energi island,
0,energi island,0: energi island,
0,energi island,0: energi island,
0,energi island,0: energi island,
0,energi island,0: energi island,
0,energi island,0: energi island,
0,energi island,0: energi island,
0,energi island,0: energi island,
0,energi island,0: energi island,
0,energi island,0: energi island,
0,energi island,0: energi island,
0,energi island,0: energi island,
0,energi island,0: energi island,
0,energi island,0: energi island,
0,energi island,0: energi island,
0,energi island,0: energi island,
1,abstract avail,1: abstract avail,
1,abstract avail,1: abstract avail,
1,abstract avail,1: abstract avail,
1,abstract avail,1: abstract avail,
1,abstract avail,1: abstract avail,
1,abstract avail,1: abstract avail,
1,abstract avail,1: abstract avail,
1,abstract avail,1: abstract avail,
1,abstract avail,1: abstract avail,
1,abstract avail,1: abstract avail,
1,abstract avail,1: abstract avail,
1,abstract avail,1: abstract avail,
1,abstract avail,1: abstract avail,
1,abstract avail,1: abstract avail,
1,abstract avail,1: abstract avail,
1,abstract avail,1: abstract avail,
1,abstract avail,1: abstract avail,
1,abstract avail,1: abstract avail,
1,abstract avail,1: abstract avail,
1,abstract avail,1: abstract avail,
1,abstract avail,1: abstract avail,
1,abstract avail,1: abstract avail,
1,abstract avail,1: abstract avail,
1,abstract avail,1: abstract avail,
1,abstract avail,1: abstract avail,
1,abstract avail,1: abstract avail,
1,abstract avail,1: abstract avail,
1,abstract avail,1: abstract avail,
1,abstract avail,1: abstract avail,
1,abstract avail,1: abstract avail,
1,abstract avail,1: abstract avail,
1,abstract avail,1: abstract avail,
1,abstract avail,1: abstract avail,
1,abstract avail,1: abstract avail,
1,abstract avail,1: abstract avail,
1,abstract avail,1: abstract avail,
1,abstract avail,1: abstract avail,
1,abstract avail,1: abstract avail,
1,abstract avail,1: abstract avail,
1,abstract avail,1: abstract avail,
1,abstract avail,1: abstract avail,
1,abstract avail,1: abstract avail,
1,abstract avail,1: abstract avail,
1,abstract avail,1: abstract avail,
1,abstract avail,1: abstract avail,
1,abstract avail,1: abstract avail,
1,abstract avail,1: abstract avail,
1,abstract avail,1: abstract avail,
1,abstract avail,1: abstract avail,
1,abstract avail,1: abstract avail,
1,abstract avail,1: abstract avail,
1,abstract avail,1: abstract avail,
1,abstract avail,1: abstract avail,
1,abstract avail,1: abstract avail,
1,abstract avail,1: abstract avail,
1,abstract avail,1: abstract avail,
1,abstract avail,1: abstract avail,
1,abstract avail,1: abstract avail,
1,abstract avail,1: abstract avail,
1,abstract avail,1: abstract avail,
1,abstract avail,1: abstract avail,
1,abstract avail,1: abstract avail,
1,abstract avail,1: abstract avail,
1,abstract avail,1: abstract avail,
1,abstract avail,1: abstract avail,
1,abstract avail,1: abstract avail,
1,abstract avail,1: abstract avail,
1,abstract avail,1: abstract avail,
1,abstract avail,1: abstract avail,
1,abstract avail,1: abstract avail,
1,abstract avail,1: abstract avail,
1,abstract avail,1: abstract avail,
1,abstract avail,1: abstract avail,
1,abstract avail,1: abstract avail,
1,abstract avail,1: abstract avail,
1,abstract avail,1: abstract avail,
1,abstract avail,1: abstract avail,
1,abstract avail,1: abstract avail,
1,abstract avail,1: abstract avail,
1,abstract avail,1: abstract avail,
1,abstract avail,1: abstract avail,
5,offshor grid,5: offshor grid,
5,offshor grid,5: offshor grid,
5,offshor grid,5: offshor grid,
5,offshor grid,5: offshor grid,
5,offshor grid,5: offshor grid,
5,offshor grid,5: offshor grid,
5,offshor grid,5: offshor grid,
5,offshor grid,5: offshor grid,
5,offshor grid,5: offshor grid,
5,offshor grid,5: offshor grid,
5,offshor grid,5: offshor grid,
5,offshor grid,5: offshor grid,
5,offshor grid,5: offshor grid,
5,offshor grid,5: offshor grid,
5,offshor grid,5: offshor grid,
5,offshor grid,5: offshor grid,
5,offshor grid,5: offshor grid,
5,offshor grid,5: offshor grid,
5,offshor grid,5: offshor grid,
5,offshor grid,5: offshor grid,
5,offshor grid,5: offshor grid,
5,offshor grid,5: offshor grid,
5,offshor grid,5: offshor grid,
5,offshor grid,5: offshor grid,
5,offshor grid,5: offshor grid,
5,offshor grid,5: offshor grid,
5,offshor grid,5: offshor grid,
5,offshor grid,5: offshor grid,
5,offshor grid,5: offshor grid,
5,offshor grid,5: offshor grid,
5,offshor grid,5: offshor grid,
5,offshor grid,5: offshor grid,
5,offshor grid,5: offshor grid,
5,offshor grid,5: offshor grid,
5,offshor grid,5: offshor grid,
5,offshor grid,5: offshor grid,
5,offshor grid,5: offshor grid,
5,offshor grid,5: offshor grid,
5,offshor grid,5: offshor grid,
5,offshor grid,5: offshor grid,
5,offshor grid,5: offshor grid,
5,offshor grid,5: offshor grid,
5,offshor grid,5: offshor grid,
5,offshor grid,5: offshor grid,
5,offshor grid,5: offshor grid,
5,offshor grid,5: offshor grid,
5,offshor grid,5: offshor grid,
5,offshor grid,5: offshor grid,
5,offshor grid,5: offshor grid,
5,offshor grid,5: offshor grid,
5,offshor grid,5: offshor grid,
5,offshor grid,5: offshor grid,
5,offshor grid,5: offshor grid,
5,offshor grid,5: offshor grid,
5,offshor grid,5: offshor grid,
5,offshor grid,5: offshor grid,
5,offshor grid,5: offshor grid,
5,offshor grid,5: offshor grid,
5,offshor grid,5: offshor grid,
5,offshor grid,5: offshor grid,
5,offshor grid,5: offshor grid,
5,offshor grid,5: offshor grid,
5,offshor grid,5: offshor grid,
5,offshor grid,5: offshor grid,
5,offshor grid,5: offshor grid,
5,offshor grid,5: offshor grid,
5,offshor grid,5: offshor grid,
5,offshor grid,5: offshor grid,
5,offshor grid,5: offshor grid,
5,offshor grid,5: offshor grid,
5,offshor grid,5: offshor grid,
5,offshor grid,5: offshor grid,
5,offshor grid,5: offshor grid,
5,offshor grid,5: offshor grid,
5,offshor grid,5: offshor grid,
5,offshor grid,5: offshor grid,
5,offshor grid,5: offshor grid,
5,offshor grid,5: offshor grid,
5,offshor grid,5: offshor grid,
5,offshor grid,5: offshor grid,
5,offshor grid,5: offshor grid,
5,offshor grid,5: offshor grid,
5,offshor grid,5: offshor grid,
5,offshor grid,5: offshor grid,
5,offshor grid,5: offshor grid,
5,offshor grid,5: offshor grid,
5,offshor grid,5: offshor grid,
5,offshor grid,5: offshor grid,
5,offshor grid,5: offshor grid,
5,offshor grid,5: offshor grid,
5,offshor grid,5: offshor grid,
5,offshor grid,5: offshor grid,
5,offshor grid,5: offshor grid,
5,offshor grid,5: offshor grid,
5,offshor grid,5: offshor grid,
5,offshor grid,5: offshor grid,
5,offshor grid,5: offshor grid,
5,offshor grid,5: offshor grid,
5,offshor grid,5: offshor grid,
5,offshor grid,5: offshor grid,
5,offshor grid,5: offshor grid,
5,offshor grid,5: offshor grid,
5,offshor grid,5: offshor grid,
5,offshor grid,5: offshor grid,
5,offshor grid,5: offshor grid,
5,offshor grid,5: offshor grid,
5,offshor grid,5: offshor grid,
5,offshor grid,5: offshor grid,
5,offshor grid,5: offshor grid,
5,offshor grid,5: offshor grid,
5,offshor grid,5: offshor grid,
5,offshor grid,5: offshor grid,
5,offshor grid,5: offshor grid,
5,offshor grid,5: offshor grid,
5,offshor grid,5: offshor grid,
5,offshor grid,5: offshor grid,
5,offshor grid,5: offshor grid,
5,offshor grid,5: offshor grid,
5,offshor grid,5: offshor grid,
5,offshor grid,5: offshor grid,
5,offshor grid,5: offshor grid,
5,offshor grid,5: offshor grid,
5,offshor grid,5: offshor grid,
5,offshor grid,5: offshor grid,
5,offshor grid,5: offshor grid,
5,offshor grid,5: offshor grid,
5,offshor grid,5: offshor grid,
5,offshor grid,5: offshor grid,
5,offshor grid,5: offshor grid,
5,offshor grid,5: offshor grid,
5,offshor grid,5: offshor grid,
5,offshor grid,5: offshor grid,
5,offshor grid,5: offshor grid,
5,offshor grid,5: offshor grid,
5,offshor grid,5: offshor grid,
5,offshor grid,5: offshor grid,
5,offshor grid,5: offshor grid,
5,offshor grid,5: offshor grid,
5,offshor grid,5: offshor grid,
5,offshor grid,5: offshor grid,
5,offshor grid,5: offshor grid,
5,offshor grid,5: offshor grid,
5,offshor grid,5: offshor grid,
5,offshor grid,5: offshor grid,
5,offshor grid,5: offshor grid,
5,offshor grid,5: offshor grid,
5,offshor grid,5: offshor grid,
5,offshor grid,5: offshor grid,
5,offshor grid,5: offshor grid,
5,offshor grid,5: offshor grid,
5,offshor grid,5: offshor grid,
5,offshor grid,5: offshor grid,
5,offshor grid,5: offshor grid,
5,offshor grid,5: offshor grid,
5,offshor grid,5: offshor grid,
5,offshor grid,5: offshor grid,
5,offshor grid,5: offshor grid,
5,offshor grid,5: offshor grid,
5,offshor grid,5: offshor grid,
5,offshor grid,5: offshor grid,
5,offshor grid,5: offshor grid,
5,offshor grid,5: offshor grid,
5,offshor grid,5: offshor grid,
5,offshor grid,5: offshor grid,
5,offshor grid,5: offshor grid,
5,offshor grid,5: offshor grid,
5,offshor grid,5: offshor grid,
5,offshor grid,5: offshor grid,
5,offshor grid,5: offshor grid,
5,offshor grid,5: offshor grid,
5,offshor grid,5: offshor grid,
5,offshor grid,5: offshor grid,
5,offshor grid,5: offshor grid,
5,offshor grid,5: offshor grid,
5,offshor grid,5: offshor grid,
5,offshor grid,5: offshor grid,
5,offshor grid,5: offshor grid,
5,offshor grid,5: offshor grid,
5,offshor grid,5: offshor grid,
5,offshor grid,5: offshor grid,
5,offshor grid,5: offshor grid,
5,offshor grid,5: offshor grid,
5,offshor grid,5: offshor grid,
5,offshor grid,5: offshor grid,
5,offshor grid,5: offshor grid,
5,offshor grid,5: offshor grid,
5,offshor grid,5: offshor grid,
5,offshor grid,5: offshor grid,
5,offshor grid,5: offshor grid,
5,offshor grid,5: offshor grid,
5,offshor grid,5: offshor grid,
5,offshor grid,5: offshor grid,
5,offshor grid,5: offshor grid,
5,offshor grid,5: offshor grid,
5,offshor grid,5: offshor grid,
5,offshor grid,5: offshor grid,
5,offshor grid,5: offshor grid,
5,offshor grid,5: offshor grid,
5,offshor grid,5: offshor grid,
5,offshor grid,5: offshor grid,
5,offshor grid,5: offshor grid,
5,offshor grid,5: offshor grid,
5,offshor grid,5: offshor grid,
5,offshor grid,5: offshor grid,
5,offshor grid,5: offshor grid,
5,offshor grid,5: offshor grid,
5,offshor grid,5: offshor grid,
5,offshor grid,5: offshor grid,
5,offshor grid,5: offshor grid,
5,offshor grid,5: offshor grid,
5,offshor grid,5: offshor grid,
5,offshor grid,5: offshor grid,
5,offshor grid,5: offshor grid,
5,offshor grid,5: offshor grid,
5,offshor grid,5: offshor grid,
5,offshor grid,5: offshor grid,
5,offshor grid,5: offshor grid,
5,offshor grid,5: offshor grid,
5,offshor grid,5: offshor grid,
5,offshor grid,5: offshor grid,
5,offshor grid,5: offshor grid,
5,offshor grid,5: offshor grid,
5,offshor grid,5: offshor grid,
5,offshor grid,5: offshor grid,
5,offshor grid,5: offshor grid,
5,offshor grid,5: offshor grid,
5,offshor grid,5: offshor grid,
5,offshor grid,5: offshor grid,
5,offshor grid,5: offshor grid,
5,offshor grid,5: offshor grid,
5,offshor grid,5: offshor grid,
5,offshor grid,5: offshor grid,
5,offshor grid,5: offshor grid,
5,offshor grid,5: offshor grid,
5,offshor grid,5: offshor grid,
5,offshor grid,5: offshor grid,
5,offshor grid,5: offshor grid,
5,offshor grid,5: offshor grid,
5,offshor grid,5: offshor grid,
5,offshor grid,5: offshor grid,
5,offshor grid,5: offshor grid,
5,offshor grid,5: offshor grid,
5,offshor grid,5: offshor grid,
5,offshor grid,5: offshor grid,
5,offshor grid,5: offshor grid,
5,offshor grid,5: offshor grid,
5,offshor grid,5: offshor grid,
5,offshor grid,5: offshor grid,
5,offshor grid,5: offshor grid,
5,offshor grid,5: offshor grid,
5,offshor grid,5: offshor grid,
5,offshor grid,5: offshor grid,
5,offshor grid,5: offshor grid,
5,offshor grid,5: offshor grid,
5,offshor grid,5: offshor grid,
5,offshor grid,5: offshor grid,
5,offshor grid,5: offshor grid,
5,offshor grid,5: offshor grid,
5,offshor grid,5: offshor grid,
5,offshor grid,5: offshor grid,
5,offshor grid,5: offshor grid,
5,offshor grid,5: offshor grid,
5,offshor grid,5: offshor grid,
5,offshor grid,5: offshor grid,
5,offshor grid,5: offshor grid,
5,offshor grid,5: offshor grid,
5,offshor grid,5: offshor grid,
5,offshor grid,5: offshor grid,
5,offshor grid,5: offshor grid,
5,offshor grid,5: offshor grid,
5,offshor grid,5: offshor grid,
5,offshor grid,5: offshor grid,
5,offshor grid,5: offshor grid,
5,offshor grid,5: offshor grid,
5,offshor grid,5: offshor grid,
5,offshor grid,5: offshor grid,
5,offshor grid,5: offshor grid,
5,offshor grid,5: offshor grid,
5,offshor grid,5: offshor grid,
5,offshor grid,5: offshor grid,
5,offshor grid,5: offshor grid,
5,offshor grid,5: offshor grid,
5,offshor grid,5: offshor grid,
5,offshor grid,5: offshor grid,
5,offshor grid,5: offshor grid,
5,offshor grid,5: offshor grid,
5,offshor grid,5: offshor grid,
5,offshor grid,5: offshor grid,
5,offshor grid,5: offshor grid,
5,offshor grid,5: offshor grid,
5,offshor grid,5: offshor grid,
5,offshor grid,5: offshor grid,
5,offshor grid,5: offshor grid,
5,offshor grid,5: offshor grid,
5,offshor grid,5: offshor grid,
5,offshor grid,5: offshor grid,
5,offshor grid,5: offshor grid,
5,offshor grid,5: offshor grid,
5,offshor grid,5: offshor grid,
5,offshor grid,5: offshor grid,
5,offshor grid,5: offshor grid,
5,offshor grid,5: offshor grid,
5,offshor grid,5: offshor grid,
5,offshor grid,5: offshor grid,
5,offshor grid,5: offshor grid,
5,offshor grid,5: offshor grid,
5,offshor grid,5: offshor grid,
5,offshor grid,5: offshor grid,
5,offshor grid,5: offshor grid,
5,offshor grid,5: offshor grid,
5,offshor grid,5: offshor grid,
5,offshor grid,5: offshor grid,
5,offshor grid,5: offshor grid,
5,offshor grid,5: offshor grid,
5,offshor grid,5: offshor grid,
5,offshor grid,5: offshor grid,
5,offshor grid,5: offshor grid,
5,offshor grid,5: offshor grid,
5,offshor grid,5: offshor grid,
5,offshor grid,5: offshor grid,
5,offshor grid,5: offshor grid,
5,offshor grid,5: offshor grid,
5,offshor grid,5: offshor grid,
5,offshor grid,5: offshor grid,
5,offshor grid,5: offshor grid,
5,offshor grid,5: offshor grid,
5,offshor grid,5: offshor grid,
5,offshor grid,5: offshor grid,
5,offshor grid,5: offshor grid,
5,offshor grid,5: offshor grid,
5,offshor grid,5: offshor grid,
5,offshor grid,5: offshor grid,
5,offshor grid,5: offshor grid,
5,offshor grid,5: offshor grid,
5,offshor grid,5: offshor grid,
5,offshor grid,5: offshor grid,
5,offshor grid,5: offshor grid,
5,offshor grid,5: offshor grid,
5,offshor grid,5: offshor grid,
5,offshor grid,5: offshor grid,
5,offshor grid,5: offshor grid,
5,offshor grid,5: offshor grid,
5,offshor grid,5: offshor grid,
5,offshor grid,5: offshor grid,
5,offshor grid,5: offshor grid,
5,offshor grid,5: offshor grid,
5,offshor grid,5: offshor grid,
5,offshor grid,5: offshor grid,
5,offshor grid,5: offshor grid,
5,offshor grid,5: offshor grid,
9,wind farm,9: wind farm,
9,wind farm,9: wind farm,
9,wind farm,9: wind farm,
9,wind farm,9: wind farm,
9,wind farm,9: wind farm,
9,wind farm,9: wind farm,
9,wind farm,9: wind farm,
9,wind farm,9: wind farm,
9,wind farm,9: wind farm,
9,wind farm,9: wind farm,
9,wind farm,9: wind farm,
9,wind farm,9: wind farm,
9,wind farm,9: wind farm,
9,wind farm,9: wind farm,
9,wind farm,9: wind farm,
9,wind farm,9: wind farm,
9,wind farm,9: wind farm,
9,wind farm,9: wind farm,
9,wind farm,9: wind farm,
9,wind farm,9: wind farm,
9,wind farm,9: wind farm,
9,wind farm,9: wind farm,
9,wind farm,9: wind farm,
9,wind farm,9: wind farm,
9,wind farm,9: wind farm,
9,wind farm,9: wind farm,
9,wind farm,9: wind farm,
9,wind farm,9: wind farm,
9,wind farm,9: wind farm,
9,wind farm,9: wind farm,
9,wind farm,9: wind farm,
9,wind farm,9: wind farm,
9,wind farm,9: wind farm,
9,wind farm,9: wind farm,
9,wind farm,9: wind farm,
9,wind farm,9: wind farm,
9,wind farm,9: wind farm,
9,wind farm,9: wind farm,
9,wind farm,9: wind farm,
9,wind farm,9: wind farm,
9,wind farm,9: wind farm,
9,wind farm,9: wind farm,
9,wind farm,9: wind farm,
9,wind farm,9: wind farm,
9,wind farm,9: wind farm,
9,wind farm,9: wind farm,
9,wind farm,9: wind farm,
9,wind farm,9: wind farm,
9,wind farm,9: wind farm,
9,wind farm,9: wind farm,
9,wind farm,9: wind farm,
9,wind farm,9: wind farm,
9,wind farm,9: wind farm,
9,wind farm,9: wind farm,
9,wind farm,9: wind farm,
9,wind farm,9: wind farm,
9,wind farm,9: wind farm,
9,wind farm,9: wind farm,
9,wind farm,9: wind farm,
9,wind farm,9: wind farm,
9,wind farm,9: wind farm,
9,wind farm,9: wind farm,
9,wind farm,9: wind farm,
9,wind farm,9: wind farm,
9,wind farm,9: wind farm,
9,wind farm,9: wind farm,
9,wind farm,9: wind farm,
9,wind farm,9: wind farm,
9,wind farm,9: wind farm,
9,wind farm,9: wind farm,
9,wind farm,9: wind farm,
9,wind farm,9: wind farm,
9,wind farm,9: wind farm,
9,wind farm,9: wind farm,
9,wind farm,9: wind farm,
9,wind farm,9: wind farm,
9,wind farm,9: wind farm,
9,wind farm,9: wind farm,
9,wind farm,9: wind farm,
9,wind farm,9: wind farm,
9,wind farm,9: wind farm,
9,wind farm,9: wind farm,
9,wind farm,9: wind farm,
9,wind farm,9: wind farm,
9,wind farm,9: wind farm,
9,wind farm,9: wind farm,
9,wind farm,9: wind farm,
9,wind farm,9: wind farm,
9,wind farm,9: wind farm,
9,wind farm,9: wind farm,
9,wind farm,9: wind farm,
9,wind farm,9: wind farm,
9,wind farm,9: wind farm,
9,wind farm,9: wind farm,
9,wind farm,9: wind farm,
9,wind farm,9: wind farm,
9,wind farm,9: wind farm,
9,wind farm,9: wind farm,
9,wind farm,9: wind farm,
9,wind farm,9: wind farm,
9,wind farm,9: wind farm,
9,wind farm,9: wind farm,
9,wind farm,9: wind farm,
9,wind farm,9: wind farm,
9,wind farm,9: wind farm,
9,wind farm,9: wind farm,
9,wind farm,9: wind farm,
9,wind farm,9: wind farm,
9,wind farm,9: wind farm,
9,wind farm,9: wind farm,
9,wind farm,9: wind farm,
9,wind farm,9: wind farm,
9,wind farm,9: wind farm,
9,wind farm,9: wind farm,
9,wind farm,9: wind farm,
9,wind farm,9: wind farm,
9,wind farm,9: wind farm,
9,wind farm,9: wind farm,
9,wind farm,9: wind farm,
9,wind farm,9: wind farm,
9,wind farm,9: wind farm,
9,wind farm,9: wind farm,
9,wind farm,9: wind farm,
9,wind farm,9: wind farm,
9,wind farm,9: wind farm,
9,wind farm,9: wind farm,
9,wind farm,9: wind farm,
9,wind farm,9: wind farm,
9,wind farm,9: wind farm,
9,wind farm,9: wind farm,
9,wind farm,9: wind farm,
9,wind farm,9: wind farm,
9,wind farm,9: wind farm,
9,wind farm,9: wind farm,
9,wind farm,9: wind farm,
9,wind farm,9: wind farm,
9,wind farm,9: wind farm,
9,wind farm,9: wind farm,
9,wind farm,9: wind farm,
9,wind farm,9: wind farm,
9,wind farm,9: wind farm,
9,wind farm,9: wind farm,
9,wind farm,9: wind farm,
9,wind farm,9: wind farm,
9,wind farm,9: wind farm,
9,wind farm,9: wind farm,
9,wind farm,9: wind farm,
9,wind farm,9: wind farm,
9,wind farm,9: wind farm,
9,wind farm,9: wind farm,
9,wind farm,9: wind farm,
9,wind farm,9: wind farm,
9,wind farm,9: wind farm,
9,wind farm,9: wind farm,
9,wind farm,9: wind farm,
9,wind farm,9: wind farm,
9,wind farm,9: wind farm,
9,wind farm,9: wind farm,
9,wind farm,9: wind farm,
9,wind farm,9: wind farm,
9,wind farm,9: wind farm,
7,renew energi,7: renew energi,
7,renew energi,7: renew energi,
7,renew energi,7: renew energi,
7,renew energi,7: renew energi,
7,renew energi,7: renew energi,
7,renew energi,7: renew energi,
7,renew energi,7: renew energi,
7,renew energi,7: renew energi,
7,renew energi,7: renew energi,
7,renew energi,7: renew energi,
7,renew energi,7: renew energi,
7,renew energi,7: renew energi,
7,renew energi,7: renew energi,
7,renew energi,7: renew energi,
7,renew energi,7: renew energi,
7,renew energi,7: renew energi,
7,renew energi,7: renew energi,
7,renew energi,7: renew energi,
7,renew energi,7: renew energi,
7,renew energi,7: renew energi,
7,renew energi,7: renew energi,
7,renew energi,7: renew energi,
7,renew energi,7: renew energi,
7,renew energi,7: renew energi,
7,renew energi,7: renew energi,
7,renew energi,7: renew energi,
7,renew energi,7: renew energi,
7,renew energi,7: renew energi,
7,renew energi,7: renew energi,
7,renew energi,7: renew energi,
7,renew energi,7: renew energi,
7,renew energi,7: renew energi,
7,renew energi,7: renew energi,
7,renew energi,7: renew energi,
7,renew energi,7: renew energi,
7,renew energi,7: renew energi,
7,renew energi,7: renew energi,
7,renew energi,7: renew energi,
7,renew energi,7: renew energi,
7,renew energi,7: renew energi,
7,renew energi,7: renew energi,
7,renew energi,7: renew energi,
7,renew energi,7: renew energi,
7,renew energi,7: renew energi,
7,renew energi,7: renew energi,
7,renew energi,7: renew energi,
7,renew energi,7: renew energi,
7,renew energi,7: renew energi,
7,renew energi,7: renew energi,
7,renew energi,7: renew energi,
7,renew energi,7: renew energi,
7,renew energi,7: renew energi,
7,renew energi,7: renew energi,
7,renew energi,7: renew energi,
7,renew energi,7: renew energi,
7,renew energi,7: renew energi,
7,renew energi,7: renew energi,
7,renew energi,7: renew energi,
7,renew energi,7: renew energi,
7,renew energi,7: renew energi,
7,renew energi,7: renew energi,
7,renew energi,7: renew energi,
7,renew energi,7: renew energi,
7,renew energi,7: renew energi,
7,renew energi,7: renew energi,
7,renew energi,7: renew energi,
7,renew energi,7: renew energi,
7,renew energi,7: renew energi,
7,renew energi,7: renew energi,
7,renew energi,7: renew energi,
7,renew energi,7: renew energi,
7,renew energi,7: renew energi,
7,renew energi,7: renew energi,
7,renew energi,7: renew energi,
7,renew energi,7: renew energi,
7,renew energi,7: renew energi,
7,renew energi,7: renew energi,
7,renew energi,7: renew energi,
7,renew energi,7: renew energi,
7,renew energi,7: renew energi,
7,renew energi,7: renew energi,
7,renew energi,7: renew energi,
7,renew energi,7: renew energi,
7,renew energi,7: renew energi,
7,renew energi,7: renew energi,
7,renew energi,7: renew energi,
7,renew energi,7: renew energi,
7,renew energi,7: renew energi,
7,renew energi,7: renew energi,
7,renew energi,7: renew energi,
7,renew energi,7: renew energi,
7,renew energi,7: renew energi,
7,renew energi,7: renew energi,
7,renew energi,7: renew energi,
7,renew energi,7: renew energi,
7,renew energi,7: renew energi,
7,renew energi,7: renew energi,
7,renew energi,7: renew energi,
7,renew energi,7: renew energi,
7,renew energi,7: renew energi,
7,renew energi,7: renew energi,
7,renew energi,7: renew energi,
7,renew energi,7: renew energi,
7,renew energi,7: renew energi,
7,renew energi,7: renew energi,
7,renew energi,7: renew energi,
7,renew energi,7: renew energi,
7,renew energi,7: renew energi,
7,renew energi,7: renew energi,
7,renew energi,7: renew energi,
7,renew energi,7: renew energi,
7,renew energi,7: renew energi,
7,renew energi,7: renew energi,
7,renew energi,7: renew energi,
7,renew energi,7: renew energi,
7,renew energi,7: renew energi,
7,renew energi,7: renew energi,
7,renew energi,7: renew energi,
7,renew energi,7: renew energi,
7,renew energi,7: renew energi,
7,renew energi,7: renew energi,
7,renew energi,7: renew energi,
7,renew energi,7: renew energi,
7,renew energi,7: renew energi,
7,renew energi,7: renew energi,
7,renew energi,7: renew energi,
7,renew energi,7: renew energi,
7,renew energi,7: renew energi,
7,renew energi,7: renew energi,
7,renew energi,7: renew energi,
7,renew energi,7: renew energi,
7,renew energi,7: renew energi,
7,renew energi,7: renew energi,
7,renew energi,7: renew energi,
7,renew energi,7: renew energi,
7,renew energi,7: renew energi,
7,renew energi,7: renew energi,
7,renew energi,7: renew energi,
7,renew energi,7: renew energi,
7,renew energi,7: renew energi,
7,renew energi,7: renew energi,
7,renew energi,7: renew energi,
7,renew energi,7: renew energi,
7,renew energi,7: renew energi,
7,renew energi,7: renew energi,
7,renew energi,7: renew energi,
0,energi island,0: energi island,
0,energi island,0: energi island,
0,energi island,0: energi island,
0,energi island,0: energi island,
0,energi island,0: energi island,
0,energi island,0: energi island,
0,energi island,0: energi island,
0,energi island,0: energi island,
0,energi island,0: energi island,
0,energi island,0: energi island,
0,energi island,0: energi island,
0,energi island,0: energi island,
0,energi island,0: energi island,
0,energi island,0: energi island,
0,energi island,0: energi island,
0,energi island,0: energi island,
0,energi island,0: energi island,
0,energi island,0: energi island,
0,energi island,0: energi island,
0,energi island,0: energi island,
0,energi island,0: energi island,
0,energi island,0: energi island,
0,energi island,0: energi island,
0,energi island,0: energi island,
0,energi island,0: energi island,
0,energi island,0: energi island,
0,energi island,0: energi island,
0,energi island,0: energi island,
0,energi island,0: energi island,
0,energi island,0: energi island,
0,energi island,0: energi island,
0,energi island,0: energi island,
0,energi island,0: energi island,
0,energi island,0: energi island,
0,energi island,0: energi island,
0,energi island,0: energi island,
0,energi island,0: energi island,
0,energi island,0: energi island,
0,energi island,0: energi island,
0,energi island,0: energi island,
0,energi island,0: energi island,
0,energi island,0: energi island,
0,energi island,0: energi island,
0,energi island,0: energi island,
0,energi island,0: energi island,
0,energi island,0: energi island,
0,energi island,0: energi island,
0,energi island,0: energi island,
0,energi island,0: energi island,
0,energi island,0: energi island,
0,energi island,0: energi island,
0,energi island,0: energi island,
0,energi island,0: energi island,
0,energi island,0: energi island,
0,energi island,0: energi island,
0,energi island,0: energi island,
0,energi island,0: energi island,
0,energi island,0: energi island,
0,energi island,0: energi island,
0,energi island,0: energi island,
0,energi island,0: energi island,
0,energi island,0: energi island,
0,energi island,0: energi island,
0,energi island,0: energi island,
0,energi island,0: energi island,
0,energi island,0: energi island,
0,energi island,0: energi island,
0,energi island,0: energi island,
0,energi island,0: energi island,
0,energi island,0: energi island,
0,energi island,0: energi island,
0,energi island,0: energi island,
0,energi island,0: energi island,
0,energi island,0: energi island,
0,energi island,0: energi island,
0,energi island,0: energi island,
0,energi island,0: energi island,
0,energi island,0: energi island,
0,energi island,0: energi island,
0,energi island,0: energi island,
0,energi island,0: energi island,
0,energi island,0: energi island,
0,energi island,0: energi island,
0,energi island,0: energi island,
0,energi island,0: energi island,
0,energi island,0: energi island,
0,energi island,0: energi island,
0,energi island,0: energi island,
0,energi island,0: energi island,
0,energi island,0: energi island,
0,energi island,0: energi island,
0,energi island,0: energi island,
0,energi island,0: energi island,
0,energi island,0: energi island,
0,energi island,0: energi island,
0,energi island,0: energi island,
0,energi island,0: energi island,
0,energi island,0: energi island,
0,energi island,0: energi island,
0,energi island,0: energi island,
0,energi island,0: energi island,
0,energi island,0: energi island,
0,energi island,0: energi island,
0,energi island,0: energi island,
0,energi island,0: energi island,
0,energi island,0: energi island,
0,energi island,0: energi island,
0,energi island,0: energi island,
0,energi island,0: energi island,
0,energi island,0: energi island,
0,energi island,0: energi island,
0,energi island,0: energi island,
0,energi island,0: energi island,
0,energi island,0: energi island,
0,energi island,0: energi island,
0,energi island,0: energi island,
0,energi island,0: energi island,
0,energi island,0: energi island,
0,energi island,0: energi island,
0,energi island,0: energi island,
0,energi island,0: energi island,
0,energi island,0: energi island,
0,energi island,0: energi island,
0,energi island,0: energi island,
0,energi island,0: energi island,
0,energi island,0: energi island,
0,energi island,0: energi island,
0,energi island,0: energi island,
0,energi island,0: energi island,
0,energi island,0: energi island,
0,energi island,0: energi island,
0,energi island,0: energi island,
0,energi island,0: energi island,
0,energi island,0: energi island,
0,energi island,0: energi island,
0,energi island,0: energi island,
0,energi island,0: energi island,
0,energi island,0: energi island,
0,energi island,0: energi island,
0,energi island,0: energi island,
0,energi island,0: energi island,
0,energi island,0: energi island,
0,energi island,0: energi island,
0,energi island,0: energi island,
0,energi island,0: energi island,
0,energi island,0: energi island,
0,energi island,0: energi island,
0,energi island,0: energi island,
0,energi island,0: energi island,
0,energi island,0: energi island,
0,energi island,0: energi island,
0,energi island,0: energi island,
0,energi island,0: energi island,
0,energi island,0: energi island,
0,energi island,0: energi island,
0,energi island,0: energi island,
0,energi island,0: energi island,
9,wind farm,9: wind farm,
9,wind farm,9: wind farm,
9,wind farm,9: wind farm,
9,wind farm,9: wind farm,
9,wind farm,9: wind farm,
9,wind farm,9: wind farm,
9,wind farm,9: wind farm,
9,wind farm,9: wind farm,
9,wind farm,9: wind farm,
9,wind farm,9: wind farm,
9,wind farm,9: wind farm,
9,wind farm,9: wind farm,
9,wind farm,9: wind farm,
9,wind farm,9: wind farm,
9,wind farm,9: wind farm,
9,wind farm,9: wind farm,
9,wind farm,9: wind farm,
9,wind farm,9: wind farm,
9,wind farm,9: wind farm,
9,wind farm,9: wind farm,
9,wind farm,9: wind farm,
9,wind farm,9: wind farm,
9,wind farm,9: wind farm,
9,wind farm,9: wind farm,
9,wind farm,9: wind farm,
9,wind farm,9: wind farm,
9,wind farm,9: wind farm,
9,wind farm,9: wind farm,
9,wind farm,9: wind farm,
9,wind farm,9: wind farm,
9,wind farm,9: wind farm,
9,wind farm,9: wind farm,
9,wind farm,9: wind farm,
9,wind farm,9: wind farm,
9,wind farm,9: wind farm,
9,wind farm,9: wind farm,
9,wind farm,9: wind farm,
9,wind farm,9: wind farm,
9,wind farm,9: wind farm,
9,wind farm,9: wind farm,
9,wind farm,9: wind farm,
9,wind farm,9: wind farm,
9,wind farm,9: wind farm,
9,wind farm,9: wind farm,
9,wind farm,9: wind farm,
9,wind farm,9: wind farm,
9,wind farm,9: wind farm,
9,wind farm,9: wind farm,
9,wind farm,9: wind farm,
9,wind farm,9: wind farm,
9,wind farm,9: wind farm,
9,wind farm,9: wind farm,
9,wind farm,9: wind farm,
9,wind farm,9: wind farm,
9,wind farm,9: wind farm,
9,wind farm,9: wind farm,
9,wind farm,9: wind farm,
9,wind farm,9: wind farm,
9,wind farm,9: wind farm,
9,wind farm,9: wind farm,
9,wind farm,9: wind farm,
9,wind farm,9: wind farm,
9,wind farm,9: wind farm,
9,wind farm,9: wind farm,
9,wind farm,9: wind farm,
9,wind farm,9: wind farm,
9,wind farm,9: wind farm,
9,wind farm,9: wind farm,
9,wind farm,9: wind farm,
9,wind farm,9: wind farm,
9,wind farm,9: wind farm,
9,wind farm,9: wind farm,
9,wind farm,9: wind farm,
9,wind farm,9: wind farm,
9,wind farm,9: wind farm,
9,wind farm,9: wind farm,
9,wind farm,9: wind farm,
9,wind farm,9: wind farm,
9,wind farm,9: wind farm,
9,wind farm,9: wind farm,
9,wind farm,9: wind farm,
9,wind farm,9: wind farm,
9,wind farm,9: wind farm,
9,wind farm,9: wind farm,
9,wind farm,9: wind farm,
9,wind farm,9: wind farm,
9,wind farm,9: wind farm,
9,wind farm,9: wind farm,
9,wind farm,9: wind farm,
9,wind farm,9: wind farm,
9,wind farm,9: wind farm,
9,wind farm,9: wind farm,
9,wind farm,9: wind farm,
9,wind farm,9: wind farm,
9,wind farm,9: wind farm,
9,wind farm,9: wind farm,
9,wind farm,9: wind farm,
9,wind farm,9: wind farm,
9,wind farm,9: wind farm,
9,wind farm,9: wind farm,
9,wind farm,9: wind farm,
9,wind farm,9: wind farm,
9,wind farm,9: wind farm,
9,wind farm,9: wind farm,
9,wind farm,9: wind farm,
9,wind farm,9: wind farm,
9,wind farm,9: wind farm,
9,wind farm,9: wind farm,
9,wind farm,9: wind farm,
9,wind farm,9: wind farm,
9,wind farm,9: wind farm,
9,wind farm,9: wind farm,
9,wind farm,9: wind farm,
9,wind farm,9: wind farm,
9,wind farm,9: wind farm,
9,wind farm,9: wind farm,
9,wind farm,9: wind farm,
9,wind farm,9: wind farm,
9,wind farm,9: wind farm,
9,wind farm,9: wind farm,
9,wind farm,9: wind farm,
9,wind farm,9: wind farm,
9,wind farm,9: wind farm,
9,wind farm,9: wind farm,
9,wind farm,9: wind farm,
9,wind farm,9: wind farm,
9,wind farm,9: wind farm,
9,wind farm,9: wind farm,
9,wind farm,9: wind farm,
9,wind farm,9: wind farm,
9,wind farm,9: wind farm,
9,wind farm,9: wind farm,
9,wind farm,9: wind farm,
9,wind farm,9: wind farm,
9,wind farm,9: wind farm,
9,wind farm,9: wind farm,
9,wind farm,9: wind farm,
9,wind farm,9: wind farm,
9,wind farm,9: wind farm,
9,wind farm,9: wind farm,
9,wind farm,9: wind farm,
9,wind farm,9: wind farm,
9,wind farm,9: wind farm,
9,wind farm,9: wind farm,
9,wind farm,9: wind farm,
9,wind farm,9: wind farm,
9,wind farm,9: wind farm,
9,wind farm,9: wind farm,
9,wind farm,9: wind farm,
9,wind farm,9: wind farm,
9,wind farm,9: wind farm,
9,wind farm,9: wind farm,
9,wind farm,9: wind farm,
9,wind farm,9: wind farm,
9,wind farm,9: wind farm,
9,wind farm,9: wind farm,
9,wind farm,9: wind farm,
9,wind farm,9: wind farm,
9,wind farm,9: wind farm,
9,wind farm,9: wind farm,
9,wind farm,9: wind farm,
5,offshor grid,5: offshor grid,
5,offshor grid,5: offshor grid,
5,offshor grid,5: offshor grid,
5,offshor grid,5: offshor grid,
5,offshor grid,5: offshor grid,
5,offshor grid,5: offshor grid,
5,offshor grid,5: offshor grid,
5,offshor grid,5: offshor grid,
5,offshor grid,5: offshor grid,
5,offshor grid,5: offshor grid,
5,offshor grid,5: offshor grid,
5,offshor grid,5: offshor grid,
5,offshor grid,5: offshor grid,
5,offshor grid,5: offshor grid,
5,offshor grid,5: offshor grid,
5,offshor grid,5: offshor grid,
5,offshor grid,5: offshor grid,
5,offshor grid,5: offshor grid,
5,offshor grid,5: offshor grid,
5,offshor grid,5: offshor grid,
5,offshor grid,5: offshor grid,
5,offshor grid,5: offshor grid,
5,offshor grid,5: offshor grid,
5,offshor grid,5: offshor grid,
5,offshor grid,5: offshor grid,
5,offshor grid,5: offshor grid,
5,offshor grid,5: offshor grid,
5,offshor grid,5: offshor grid,
5,offshor grid,5: offshor grid,
5,offshor grid,5: offshor grid,
5,offshor grid,5: offshor grid,
5,offshor grid,5: offshor grid,
5,offshor grid,5: offshor grid,
5,offshor grid,5: offshor grid,
5,offshor grid,5: offshor grid,
5,offshor grid,5: offshor grid,
5,offshor grid,5: offshor grid,
5,offshor grid,5: offshor grid,
5,offshor grid,5: offshor grid,
5,offshor grid,5: offshor grid,
5,offshor grid,5: offshor grid,
5,offshor grid,5: offshor grid,
5,offshor grid,5: offshor grid,
5,offshor grid,5: offshor grid,
5,offshor grid,5: offshor grid,
5,offshor grid,5: offshor grid,
5,offshor grid,5: offshor grid,
5,offshor grid,5: offshor grid,
5,offshor grid,5: offshor grid,
5,offshor grid,5: offshor grid,
5,offshor grid,5: offshor grid,
5,offshor grid,5: offshor grid,
5,offshor grid,5: offshor grid,
5,offshor grid,5: offshor grid,
5,offshor grid,5: offshor grid,
5,offshor grid,5: offshor grid,
5,offshor grid,5: offshor grid,
5,offshor grid,5: offshor grid,
5,offshor grid,5: offshor grid,
5,offshor grid,5: offshor grid,
5,offshor grid,5: offshor grid,
5,offshor grid,5: offshor grid,
5,offshor grid,5: offshor grid,
5,offshor grid,5: offshor grid,
5,offshor grid,5: offshor grid,
5,offshor grid,5: offshor grid,
5,offshor grid,5: offshor grid,
5,offshor grid,5: offshor grid,
5,offshor grid,5: offshor grid,
5,offshor grid,5: offshor grid,
5,offshor grid,5: offshor grid,
5,offshor grid,5: offshor grid,
5,offshor grid,5: offshor grid,
5,offshor grid,5: offshor grid,
5,offshor grid,5: offshor grid,
5,offshor grid,5: offshor grid,
5,offshor grid,5: offshor grid,
5,offshor grid,5: offshor grid,
5,offshor grid,5: offshor grid,
5,offshor grid,5: offshor grid,
5,offshor grid,5: offshor grid,
5,offshor grid,5: offshor grid,
5,offshor grid,5: offshor grid,
5,offshor grid,5: offshor grid,
5,offshor grid,5: offshor grid,
5,offshor grid,5: offshor grid,
5,offshor grid,5: offshor grid,
5,offshor grid,5: offshor grid,
5,offshor grid,5: offshor grid,
5,offshor grid,5: offshor grid,
5,offshor grid,5: offshor grid,
5,offshor grid,5: offshor grid,
5,offshor grid,5: offshor grid,
5,offshor grid,5: offshor grid,
5,offshor grid,5: offshor grid,
5,offshor grid,5: offshor grid,
5,offshor grid,5: offshor grid,
5,offshor grid,5: offshor grid,
5,offshor grid,5: offshor grid,
5,offshor grid,5: offshor grid,
5,offshor grid,5: offshor grid,
5,offshor grid,5: offshor grid,
5,offshor grid,5: offshor grid,
5,offshor grid,5: offshor grid,
5,offshor grid,5: offshor grid,
5,offshor grid,5: offshor grid,
5,offshor grid,5: offshor grid,
5,offshor grid,5: offshor grid,
5,offshor grid,5: offshor grid,
5,offshor grid,5: offshor grid,
5,offshor grid,5: offshor grid,
5,offshor grid,5: offshor grid,
5,offshor grid,5: offshor grid,
5,offshor grid,5: offshor grid,
5,offshor grid,5: offshor grid,
5,offshor grid,5: offshor grid,
5,offshor grid,5: offshor grid,
5,offshor grid,5: offshor grid,
5,offshor grid,5: offshor grid,
5,offshor grid,5: offshor grid,
5,offshor grid,5: offshor grid,
5,offshor grid,5: offshor grid,
5,offshor grid,5: offshor grid,
5,offshor grid,5: offshor grid,
5,offshor grid,5: offshor grid,
5,offshor grid,5: offshor grid,
5,offshor grid,5: offshor grid,
5,offshor grid,5: offshor grid,
5,offshor grid,5: offshor grid,
5,offshor grid,5: offshor grid,
5,offshor grid,5: offshor grid,
5,offshor grid,5: offshor grid,
5,offshor grid,5: offshor grid,
5,offshor grid,5: offshor grid,
5,offshor grid,5: offshor grid,
5,offshor grid,5: offshor grid,
5,offshor grid,5: offshor grid,
5,offshor grid,5: offshor grid,
5,offshor grid,5: offshor grid,
5,offshor grid,5: offshor grid,
5,offshor grid,5: offshor grid,
5,offshor grid,5: offshor grid,
5,offshor grid,5: offshor grid,
5,offshor grid,5: offshor grid,
5,offshor grid,5: offshor grid,
5,offshor grid,5: offshor grid,
5,offshor grid,5: offshor grid,
5,offshor grid,5: offshor grid,
5,offshor grid,5: offshor grid,
5,offshor grid,5: offshor grid,
5,offshor grid,5: offshor grid,
5,offshor grid,5: offshor grid,
5,offshor grid,5: offshor grid,
5,offshor grid,5: offshor grid,
5,offshor grid,5: offshor grid,
5,offshor grid,5: offshor grid,
5,offshor grid,5: offshor grid,
5,offshor grid,5: offshor grid,
5,offshor grid,5: offshor grid,
5,offshor grid,5: offshor grid,
5,offshor grid,5: offshor grid,
5,offshor grid,5: offshor grid,
5,offshor grid,5: offshor grid,
5,offshor grid,5: offshor grid,
5,offshor grid,5: offshor grid,
5,offshor grid,5: offshor grid,
5,offshor grid,5: offshor grid,
5,offshor grid,5: offshor grid,
5,offshor grid,5: offshor grid,
5,offshor grid,5: offshor grid,
5,offshor grid,5: offshor grid,
5,offshor grid,5: offshor grid,
5,offshor grid,5: offshor grid,
5,offshor grid,5: offshor grid,
5,offshor grid,5: offshor grid,
1,abstract avail,1: abstract avail,
1,abstract avail,1: abstract avail,
1,abstract avail,1: abstract avail,
1,abstract avail,1: abstract avail,
1,abstract avail,1: abstract avail,
1,abstract avail,1: abstract avail,
1,abstract avail,1: abstract avail,
1,abstract avail,1: abstract avail,
1,abstract avail,1: abstract avail,
1,abstract avail,1: abstract avail,
1,abstract avail,1: abstract avail,
1,abstract avail,1: abstract avail,
1,abstract avail,1: abstract avail,
1,abstract avail,1: abstract avail,
1,abstract avail,1: abstract avail,
1,abstract avail,1: abstract avail,
1,abstract avail,1: abstract avail,
1,abstract avail,1: abstract avail,
1,abstract avail,1: abstract avail,
1,abstract avail,1: abstract avail,
1,abstract avail,1: abstract avail,
1,abstract avail,1: abstract avail,
1,abstract avail,1: abstract avail,
1,abstract avail,1: abstract avail,
1,abstract avail,1: abstract avail,
1,abstract avail,1: abstract avail,
1,abstract avail,1: abstract avail,
1,abstract avail,1: abstract avail,
1,abstract avail,1: abstract avail,
1,abstract avail,1: abstract avail,
1,abstract avail,1: abstract avail,
1,abstract avail,1: abstract avail,
1,abstract avail,1: abstract avail,
1,abstract avail,1: abstract avail,
1,abstract avail,1: abstract avail,
1,abstract avail,1: abstract avail,
1,abstract avail,1: abstract avail,
1,abstract avail,1: abstract avail,
1,abstract avail,1: abstract avail,
1,abstract avail,1: abstract avail,
1,abstract avail,1: abstract avail,
1,abstract avail,1: abstract avail,
1,abstract avail,1: abstract avail,
1,abstract avail,1: abstract avail,
1,abstract avail,1: abstract avail,
1,abstract avail,1: abstract avail,
1,abstract avail,1: abstract avail,
1,abstract avail,1: abstract avail,
1,abstract avail,1: abstract avail,
1,abstract avail,1: abstract avail,
1,abstract avail,1: abstract avail,
1,abstract avail,1: abstract avail,
1,abstract avail,1: abstract avail,
1,abstract avail,1: abstract avail,
1,abstract avail,1: abstract avail,
1,abstract avail,1: abstract avail,
1,abstract avail,1: abstract avail,
1,abstract avail,1: abstract avail,
1,abstract avail,1: abstract avail,
1,abstract avail,1: abstract avail,
1,abstract avail,1: abstract avail,
1,abstract avail,1: abstract avail,
1,abstract avail,1: abstract avail,
1,abstract avail,1: abstract avail,
1,abstract avail,1: abstract avail,
1,abstract avail,1: abstract avail,
1,abstract avail,1: abstract avail,
1,abstract avail,1: abstract avail,
1,abstract avail,1: abstract avail,
1,abstract avail,1: abstract avail,
1,abstract avail,1: abstract avail,
1,abstract avail,1: abstract avail,
1,abstract avail,1: abstract avail,
1,abstract avail,1: abstract avail,
1,abstract avail,1: abstract avail,
1,abstract avail,1: abstract avail,
1,abstract avail,1: abstract avail,
1,abstract avail,1: abstract avail,
1,abstract avail,1: abstract avail,
1,abstract avail,1: abstract avail,
1,abstract avail,1: abstract avail,
7,renew energi,7: renew energi,
7,renew energi,7: renew energi,
7,renew energi,7: renew energi,
7,renew energi,7: renew energi,
7,renew energi,7: renew energi,
7,renew energi,7: renew energi,
7,renew energi,7: renew energi,
7,renew energi,7: renew energi,
7,renew energi,7: renew energi,
7,renew energi,7: renew energi,
7,renew energi,7: renew energi,
7,renew energi,7: renew energi,
7,renew energi,7: renew energi,
7,renew energi,7: renew energi,
7,renew energi,7: renew energi,
7,renew energi,7: renew energi,
7,renew energi,7: renew energi,
7,renew energi,7: renew energi,
7,renew energi,7: renew energi,
7,renew energi,7: renew energi,
7,renew energi,7: renew energi,
7,renew energi,7: renew energi,
7,renew energi,7: renew energi,
7,renew energi,7: renew energi,
7,renew energi,7: renew energi,
7,renew energi,7: renew energi,
7,renew energi,7: renew energi,
7,renew energi,7: renew energi,
7,renew energi,7: renew energi,
7,renew energi,7: renew energi,
7,renew energi,7: renew energi,
7,renew energi,7: renew energi,
7,renew energi,7: renew energi,
7,renew energi,7: renew energi,
7,renew energi,7: renew energi,
7,renew energi,7: renew energi,
7,renew energi,7: renew energi,
7,renew energi,7: renew energi,
7,renew energi,7: renew energi,
7,renew energi,7: renew energi,
7,renew energi,7: renew energi,
7,renew energi,7: renew energi,
7,renew energi,7: renew energi,
7,renew energi,7: renew energi,
7,renew energi,7: renew energi,
7,renew energi,7: renew energi,
7,renew energi,7: renew energi,
7,renew energi,7: renew energi,
7,renew energi,7: renew energi,
7,renew energi,7: renew energi,
7,renew energi,7: renew energi,
7,renew energi,7: renew energi,
7,renew energi,7: renew energi,
7,renew energi,7: renew energi,
7,renew energi,7: renew energi,
7,renew energi,7: renew energi,
7,renew energi,7: renew energi,
7,renew energi,7: renew energi,
7,renew energi,7: renew energi,
7,renew energi,7: renew energi,
7,renew energi,7: renew energi,
7,renew energi,7: renew energi,
7,renew energi,7: renew energi,
7,renew energi,7: renew energi,
7,renew energi,7: renew energi,
7,renew energi,7: renew energi,
7,renew energi,7: renew energi,
7,renew energi,7: renew energi,
7,renew energi,7: renew energi,
7,renew energi,7: renew energi,
7,renew energi,7: renew energi,
7,renew energi,7: renew energi,
7,renew energi,7: renew energi,
7,renew energi,7: renew energi,
7,renew energi,7: renew energi,
7,renew energi,7: renew energi,
7,renew energi,7: renew energi,
7,renew energi,7: renew energi,
7,renew energi,7: renew energi,
7,renew energi,7: renew energi,
7,renew energi,7: renew energi,
7,renew energi,7: renew energi,
7,renew energi,7: renew energi,
7,renew energi,7: renew energi,
7,renew energi,7: renew energi,
7,renew energi,7: renew energi,
7,renew energi,7: renew energi,
7,renew energi,7: renew energi,
7,renew energi,7: renew energi,
7,renew energi,7: renew energi,
7,renew energi,7: renew energi,
7,renew energi,7: renew energi,
7,renew energi,7: renew energi,
7,renew energi,7: renew energi,
7,renew energi,7: renew energi,
7,renew energi,7: renew energi,
7,renew energi,7: renew energi,
7,renew energi,7: renew energi,
7,renew energi,7: renew energi,
7,renew energi,7: renew energi,
7,renew energi,7: renew energi,
7,renew energi,7: renew energi,
7,renew energi,7: renew energi,
7,renew energi,7: renew energi,
7,renew energi,7: renew energi,
7,renew energi,7: renew energi,
7,renew energi,7: renew energi,
7,renew energi,7: renew energi,
7,renew energi,7: renew energi,
7,renew energi,7: renew energi,
7,renew energi,7: renew energi,
7,renew energi,7: renew energi,
7,renew energi,7: renew energi,
7,renew energi,7: renew energi,
7,renew energi,7: renew energi,
7,renew energi,7: renew energi,
7,renew energi,7: renew energi,
7,renew energi,7: renew energi,
7,renew energi,7: renew energi,
7,renew energi,7: renew energi,
7,renew energi,7: renew energi,
7,renew energi,7: renew energi,
7,renew energi,7: renew energi,
7,renew energi,7: renew energi,
7,renew energi,7: renew energi,
7,renew energi,7: renew energi,
7,renew energi,7: renew energi,
7,renew energi,7: renew energi,
7,renew energi,7: renew energi,
7,renew energi,7: renew energi,
7,renew energi,7: renew energi,
7,renew energi,7: renew energi,
7,renew energi,7: renew energi,
7,renew energi,7: renew energi,
7,renew energi,7: renew energi,
7,renew energi,7: renew energi,
7,renew energi,7: renew energi,
7,renew energi,7: renew energi,
7,renew energi,7: renew energi,
7,renew energi,7: renew energi,
7,renew energi,7: renew energi,
7,renew energi,7: renew energi,
7,renew energi,7: renew energi,
7,renew energi,7: renew energi,
7,renew energi,7: renew energi,
7,renew energi,7: renew energi,
1,abstract avail,1: abstract avail,
1,abstract avail,1: abstract avail,
1,abstract avail,1: abstract avail,
1,abstract avail,1: abstract avail,
1,abstract avail,1: abstract avail,
1,abstract avail,1: abstract avail,
1,abstract avail,1: abstract avail,
1,abstract avail,1: abstract avail,
1,abstract avail,1: abstract avail,
1,abstract avail,1: abstract avail,
1,abstract avail,1: abstract avail,
1,abstract avail,1: abstract avail,
1,abstract avail,1: abstract avail,
1,abstract avail,1: abstract avail,
1,abstract avail,1: abstract avail,
1,abstract avail,1: abstract avail,
1,abstract avail,1: abstract avail,
1,abstract avail,1: abstract avail,
1,abstract avail,1: abstract avail,
1,abstract avail,1: abstract avail,
1,abstract avail,1: abstract avail,
1,abstract avail,1: abstract avail,
1,abstract avail,1: abstract avail,
1,abstract avail,1: abstract avail,
1,abstract avail,1: abstract avail,
1,abstract avail,1: abstract avail,
1,abstract avail,1: abstract avail,
1,abstract avail,1: abstract avail,
1,abstract avail,1: abstract avail,
1,abstract avail,1: abstract avail,
1,abstract avail,1: abstract avail,
1,abstract avail,1: abstract avail,
1,abstract avail,1: abstract avail,
1,abstract avail,1: abstract avail,
1,abstract avail,1: abstract avail,
1,abstract avail,1: abstract avail,
1,abstract avail,1: abstract avail,
1,abstract avail,1: abstract avail,
1,abstract avail,1: abstract avail,
1,abstract avail,1: abstract avail,
1,abstract avail,1: abstract avail,
1,abstract avail,1: abstract avail,
1,abstract avail,1: abstract avail,
1,abstract avail,1: abstract avail,
1,abstract avail,1: abstract avail,
1,abstract avail,1: abstract avail,
1,abstract avail,1: abstract avail,
1,abstract avail,1: abstract avail,
1,abstract avail,1: abstract avail,
1,abstract avail,1: abstract avail,
1,abstract avail,1: abstract avail,
1,abstract avail,1: abstract avail,
1,abstract avail,1: abstract avail,
1,abstract avail,1: abstract avail,
1,abstract avail,1: abstract avail,
1,abstract avail,1: abstract avail,
1,abstract avail,1: abstract avail,
1,abstract avail,1: abstract avail,
1,abstract avail,1: abstract avail,
1,abstract avail,1: abstract avail,
1,abstract avail,1: abstract avail,
1,abstract avail,1: abstract avail,
1,abstract avail,1: abstract avail,
1,abstract avail,1: abstract avail,
1,abstract avail,1: abstract avail,
1,abstract avail,1: abstract avail,
1,abstract avail,1: abstract avail,
1,abstract avail,1: abstract avail,
1,abstract avail,1: abstract avail,
1,abstract avail,1: abstract avail,
1,abstract avail,1: abstract avail,
1,abstract avail,1: abstract avail,
1,abstract avail,1: abstract avail,
1,abstract avail,1: abstract avail,
1,abstract avail,1: abstract avail,
1,abstract avail,1: abstract avail,
1,abstract avail,1: abstract avail,
1,abstract avail,1: abstract avail,
1,abstract avail,1: abstract avail,
1,abstract avail,1: abstract avail,
1,abstract avail,1: abstract avail,
7,renew energi,7: renew energi,
7,renew energi,7: renew energi,
7,renew energi,7: renew energi,
7,renew energi,7: renew energi,
7,renew energi,7: renew energi,
7,renew energi,7: renew energi,
7,renew energi,7: renew energi,
7,renew energi,7: renew energi,
7,renew energi,7: renew energi,
7,renew energi,7: renew energi,
7,renew energi,7: renew energi,
7,renew energi,7: renew energi,
7,renew energi,7: renew energi,
7,renew energi,7: renew energi,
7,renew energi,7: renew energi,
7,renew energi,7: renew energi,
7,renew energi,7: renew energi,
7,renew energi,7: renew energi,
7,renew energi,7: renew energi,
7,renew energi,7: renew energi,
7,renew energi,7: renew energi,
7,renew energi,7: renew energi,
7,renew energi,7: renew energi,
7,renew energi,7: renew energi,
7,renew energi,7: renew energi,
7,renew energi,7: renew energi,
7,renew energi,7: renew energi,
7,renew energi,7: renew energi,
7,renew energi,7: renew energi,
7,renew energi,7: renew energi,
7,renew energi,7: renew energi,
7,renew energi,7: renew energi,
7,renew energi,7: renew energi,
7,renew energi,7: renew energi,
7,renew energi,7: renew energi,
7,renew energi,7: renew energi,
7,renew energi,7: renew energi,
7,renew energi,7: renew energi,
7,renew energi,7: renew energi,
7,renew energi,7: renew energi,
7,renew energi,7: renew energi,
7,renew energi,7: renew energi,
7,renew energi,7: renew energi,
7,renew energi,7: renew energi,
7,renew energi,7: renew energi,
7,renew energi,7: renew energi,
7,renew energi,7: renew energi,
7,renew energi,7: renew energi,
7,renew energi,7: renew energi,
7,renew energi,7: renew energi,
7,renew energi,7: renew energi,
7,renew energi,7: renew energi,
7,renew energi,7: renew energi,
7,renew energi,7: renew energi,
7,renew energi,7: renew energi,
7,renew energi,7: renew energi,
7,renew energi,7: renew energi,
7,renew energi,7: renew energi,
7,renew energi,7: renew energi,
7,renew energi,7: renew energi,
7,renew energi,7: renew energi,
7,renew energi,7: renew energi,
7,renew energi,7: renew energi,
7,renew energi,7: renew energi,
7,renew energi,7: renew energi,
7,renew energi,7: renew energi,
7,renew energi,7: renew energi,
7,renew energi,7: renew energi,
7,renew energi,7: renew energi,
7,renew energi,7: renew energi,
7,renew energi,7: renew energi,
7,renew energi,7: renew energi,
7,renew energi,7: renew energi,
7,renew energi,7: renew energi,
7,renew energi,7: renew energi,
7,renew energi,7: renew energi,
7,renew energi,7: renew energi,
7,renew energi,7: renew energi,
7,renew energi,7: renew energi,
7,renew energi,7: renew energi,
7,renew energi,7: renew energi,
7,renew energi,7: renew energi,
7,renew energi,7: renew energi,
7,renew energi,7: renew energi,
7,renew energi,7: renew energi,
7,renew energi,7: renew energi,
7,renew energi,7: renew energi,
7,renew energi,7: renew energi,
7,renew energi,7: renew energi,
7,renew energi,7: renew energi,
7,renew energi,7: renew energi,
7,renew energi,7: renew energi,
7,renew energi,7: renew energi,
7,renew energi,7: renew energi,
7,renew energi,7: renew energi,
7,renew energi,7: renew energi,
7,renew energi,7: renew energi,
7,renew energi,7: renew energi,
7,renew energi,7: renew energi,
7,renew energi,7: renew energi,
7,renew energi,7: renew energi,
7,renew energi,7: renew energi,
7,renew energi,7: renew energi,
7,renew energi,7: renew energi,
7,renew energi,7: renew energi,
7,renew energi,7: renew energi,
7,renew energi,7: renew energi,
7,renew energi,7: renew energi,
7,renew energi,7: renew energi,
7,renew energi,7: renew energi,
7,renew energi,7: renew energi,
7,renew energi,7: renew energi,
7,renew energi,7: renew energi,
7,renew energi,7: renew energi,
7,renew energi,7: renew energi,
7,renew energi,7: renew energi,
7,renew energi,7: renew energi,
7,renew energi,7: renew energi,
7,renew energi,7: renew energi,
7,renew energi,7: renew energi,
7,renew energi,7: renew energi,
7,renew energi,7: renew energi,
7,renew energi,7: renew energi,
7,renew energi,7: renew energi,
7,renew energi,7: renew energi,
7,renew energi,7: renew energi,
7,renew energi,7: renew energi,
7,renew energi,7: renew energi,
7,renew energi,7: renew energi,
7,renew energi,7: renew energi,
7,renew energi,7: renew energi,
7,renew energi,7: renew energi,
7,renew energi,7: renew energi,
7,renew energi,7: renew energi,
7,renew energi,7: renew energi,
7,renew energi,7: renew energi,
7,renew energi,7: renew energi,
7,renew energi,7: renew energi,
7,renew energi,7: renew energi,
7,renew energi,7: renew energi,
7,renew energi,7: renew energi,
7,renew energi,7: renew energi,
7,renew energi,7: renew energi,
7,renew energi,7: renew energi,
7,renew energi,7: renew energi,
7,renew energi,7: renew energi,
9,wind farm,9: wind farm,
9,wind farm,9: wind farm,
9,wind farm,9: wind farm,
9,wind farm,9: wind farm,
9,wind farm,9: wind farm,
9,wind farm,9: wind farm,
9,wind farm,9: wind farm,
9,wind farm,9: wind farm,
9,wind farm,9: wind farm,
9,wind farm,9: wind farm,
9,wind farm,9: wind farm,
9,wind farm,9: wind farm,
9,wind farm,9: wind farm,
9,wind farm,9: wind farm,
9,wind farm,9: wind farm,
9,wind farm,9: wind farm,
9,wind farm,9: wind farm,
9,wind farm,9: wind farm,
9,wind farm,9: wind farm,
9,wind farm,9: wind farm,
9,wind farm,9: wind farm,
9,wind farm,9: wind farm,
9,wind farm,9: wind farm,
9,wind farm,9: wind farm,
9,wind farm,9: wind farm,
9,wind farm,9: wind farm,
9,wind farm,9: wind farm,
9,wind farm,9: wind farm,
9,wind farm,9: wind farm,
9,wind farm,9: wind farm,
9,wind farm,9: wind farm,
9,wind farm,9: wind farm,
9,wind farm,9: wind farm,
9,wind farm,9: wind farm,
9,wind farm,9: wind farm,
9,wind farm,9: wind farm,
9,wind farm,9: wind farm,
9,wind farm,9: wind farm,
9,wind farm,9: wind farm,
9,wind farm,9: wind farm,
9,wind farm,9: wind farm,
9,wind farm,9: wind farm,
9,wind farm,9: wind farm,
9,wind farm,9: wind farm,
9,wind farm,9: wind farm,
9,wind farm,9: wind farm,
9,wind farm,9: wind farm,
9,wind farm,9: wind farm,
9,wind farm,9: wind farm,
9,wind farm,9: wind farm,
9,wind farm,9: wind farm,
9,wind farm,9: wind farm,
9,wind farm,9: wind farm,
9,wind farm,9: wind farm,
9,wind farm,9: wind farm,
9,wind farm,9: wind farm,
9,wind farm,9: wind farm,
9,wind farm,9: wind farm,
9,wind farm,9: wind farm,
9,wind farm,9: wind farm,
9,wind farm,9: wind farm,
9,wind farm,9: wind farm,
9,wind farm,9: wind farm,
9,wind farm,9: wind farm,
9,wind farm,9: wind farm,
9,wind farm,9: wind farm,
9,wind farm,9: wind farm,
9,wind farm,9: wind farm,
9,wind farm,9: wind farm,
9,wind farm,9: wind farm,
9,wind farm,9: wind farm,
9,wind farm,9: wind farm,
9,wind farm,9: wind farm,
9,wind farm,9: wind farm,
9,wind farm,9: wind farm,
9,wind farm,9: wind farm,
9,wind farm,9: wind farm,
9,wind farm,9: wind farm,
9,wind farm,9: wind farm,
9,wind farm,9: wind farm,
9,wind farm,9: wind farm,
9,wind farm,9: wind farm,
9,wind farm,9: wind farm,
9,wind farm,9: wind farm,
9,wind farm,9: wind farm,
9,wind farm,9: wind farm,
9,wind farm,9: wind farm,
9,wind farm,9: wind farm,
9,wind farm,9: wind farm,
9,wind farm,9: wind farm,
9,wind farm,9: wind farm,
9,wind farm,9: wind farm,
9,wind farm,9: wind farm,
9,wind farm,9: wind farm,
9,wind farm,9: wind farm,
9,wind farm,9: wind farm,
9,wind farm,9: wind farm,
9,wind farm,9: wind farm,
9,wind farm,9: wind farm,
9,wind farm,9: wind farm,
9,wind farm,9: wind farm,
9,wind farm,9: wind farm,
9,wind farm,9: wind farm,
9,wind farm,9: wind farm,
9,wind farm,9: wind farm,
9,wind farm,9: wind farm,
9,wind farm,9: wind farm,
9,wind farm,9: wind farm,
9,wind farm,9: wind farm,
9,wind farm,9: wind farm,
9,wind farm,9: wind farm,
9,wind farm,9: wind farm,
9,wind farm,9: wind farm,
9,wind farm,9: wind farm,
9,wind farm,9: wind farm,
9,wind farm,9: wind farm,
9,wind farm,9: wind farm,
9,wind farm,9: wind farm,
9,wind farm,9: wind farm,
9,wind farm,9: wind farm,
9,wind farm,9: wind farm,
9,wind farm,9: wind farm,
9,wind farm,9: wind farm,
9,wind farm,9: wind farm,
9,wind farm,9: wind farm,
9,wind farm,9: wind farm,
9,wind farm,9: wind farm,
9,wind farm,9: wind farm,
9,wind farm,9: wind farm,
9,wind farm,9: wind farm,
9,wind farm,9: wind farm,
9,wind farm,9: wind farm,
9,wind farm,9: wind farm,
9,wind farm,9: wind farm,
9,wind farm,9: wind farm,
9,wind farm,9: wind farm,
9,wind farm,9: wind farm,
9,wind farm,9: wind farm,
9,wind farm,9: wind farm,
9,wind farm,9: wind farm,
9,wind farm,9: wind farm,
9,wind farm,9: wind farm,
9,wind farm,9: wind farm,
9,wind farm,9: wind farm,
9,wind farm,9: wind farm,
9,wind farm,9: wind farm,
9,wind farm,9: wind farm,
9,wind farm,9: wind farm,
9,wind farm,9: wind farm,
9,wind farm,9: wind farm,
9,wind farm,9: wind farm,
9,wind farm,9: wind farm,
9,wind farm,9: wind farm,
9,wind farm,9: wind farm,
9,wind farm,9: wind farm,
9,wind farm,9: wind farm,
9,wind farm,9: wind farm,
9,wind farm,9: wind farm,
9,wind farm,9: wind farm,
9,wind farm,9: wind farm,
9,wind farm,9: wind farm,
1,abstract avail,1: abstract avail,
1,abstract avail,1: abstract avail,
1,abstract avail,1: abstract avail,
1,abstract avail,1: abstract avail,
1,abstract avail,1: abstract avail,
1,abstract avail,1: abstract avail,
1,abstract avail,1: abstract avail,
1,abstract avail,1: abstract avail,
1,abstract avail,1: abstract avail,
1,abstract avail,1: abstract avail,
1,abstract avail,1: abstract avail,
1,abstract avail,1: abstract avail,
1,abstract avail,1: abstract avail,
1,abstract avail,1: abstract avail,
1,abstract avail,1: abstract avail,
1,abstract avail,1: abstract avail,
1,abstract avail,1: abstract avail,
1,abstract avail,1: abstract avail,
1,abstract avail,1: abstract avail,
1,abstract avail,1: abstract avail,
1,abstract avail,1: abstract avail,
1,abstract avail,1: abstract avail,
1,abstract avail,1: abstract avail,
1,abstract avail,1: abstract avail,
1,abstract avail,1: abstract avail,
1,abstract avail,1: abstract avail,
1,abstract avail,1: abstract avail,
1,abstract avail,1: abstract avail,
1,abstract avail,1: abstract avail,
1,abstract avail,1: abstract avail,
1,abstract avail,1: abstract avail,
1,abstract avail,1: abstract avail,
1,abstract avail,1: abstract avail,
1,abstract avail,1: abstract avail,
1,abstract avail,1: abstract avail,
1,abstract avail,1: abstract avail,
1,abstract avail,1: abstract avail,
1,abstract avail,1: abstract avail,
1,abstract avail,1: abstract avail,
1,abstract avail,1: abstract avail,
1,abstract avail,1: abstract avail,
1,abstract avail,1: abstract avail,
1,abstract avail,1: abstract avail,
1,abstract avail,1: abstract avail,
1,abstract avail,1: abstract avail,
1,abstract avail,1: abstract avail,
1,abstract avail,1: abstract avail,
1,abstract avail,1: abstract avail,
1,abstract avail,1: abstract avail,
1,abstract avail,1: abstract avail,
1,abstract avail,1: abstract avail,
1,abstract avail,1: abstract avail,
1,abstract avail,1: abstract avail,
1,abstract avail,1: abstract avail,
1,abstract avail,1: abstract avail,
1,abstract avail,1: abstract avail,
1,abstract avail,1: abstract avail,
1,abstract avail,1: abstract avail,
1,abstract avail,1: abstract avail,
1,abstract avail,1: abstract avail,
1,abstract avail,1: abstract avail,
1,abstract avail,1: abstract avail,
1,abstract avail,1: abstract avail,
1,abstract avail,1: abstract avail,
1,abstract avail,1: abstract avail,
1,abstract avail,1: abstract avail,
1,abstract avail,1: abstract avail,
1,abstract avail,1: abstract avail,
1,abstract avail,1: abstract avail,
1,abstract avail,1: abstract avail,
1,abstract avail,1: abstract avail,
1,abstract avail,1: abstract avail,
1,abstract avail,1: abstract avail,
1,abstract avail,1: abstract avail,
1,abstract avail,1: abstract avail,
1,abstract avail,1: abstract avail,
1,abstract avail,1: abstract avail,
1,abstract avail,1: abstract avail,
1,abstract avail,1: abstract avail,
1,abstract avail,1: abstract avail,
1,abstract avail,1: abstract avail,
5,offshor grid,5: offshor grid,
5,offshor grid,5: offshor grid,
5,offshor grid,5: offshor grid,
5,offshor grid,5: offshor grid,
5,offshor grid,5: offshor grid,
5,offshor grid,5: offshor grid,
5,offshor grid,5: offshor grid,
5,offshor grid,5: offshor grid,
5,offshor grid,5: offshor grid,
5,offshor grid,5: offshor grid,
5,offshor grid,5: offshor grid,
5,offshor grid,5: offshor grid,
5,offshor grid,5: offshor grid,
5,offshor grid,5: offshor grid,
5,offshor grid,5: offshor grid,
5,offshor grid,5: offshor grid,
5,offshor grid,5: offshor grid,
5,offshor grid,5: offshor grid,
5,offshor grid,5: offshor grid,
5,offshor grid,5: offshor grid,
5,offshor grid,5: offshor grid,
5,offshor grid,5: offshor grid,
5,offshor grid,5: offshor grid,
5,offshor grid,5: offshor grid,
5,offshor grid,5: offshor grid,
5,offshor grid,5: offshor grid,
5,offshor grid,5: offshor grid,
5,offshor grid,5: offshor grid,
5,offshor grid,5: offshor grid,
5,offshor grid,5: offshor grid,
5,offshor grid,5: offshor grid,
5,offshor grid,5: offshor grid,
5,offshor grid,5: offshor grid,
5,offshor grid,5: offshor grid,
5,offshor grid,5: offshor grid,
5,offshor grid,5: offshor grid,
5,offshor grid,5: offshor grid,
5,offshor grid,5: offshor grid,
5,offshor grid,5: offshor grid,
5,offshor grid,5: offshor grid,
5,offshor grid,5: offshor grid,
5,offshor grid,5: offshor grid,
5,offshor grid,5: offshor grid,
5,offshor grid,5: offshor grid,
5,offshor grid,5: offshor grid,
5,offshor grid,5: offshor grid,
5,offshor grid,5: offshor grid,
5,offshor grid,5: offshor grid,
5,offshor grid,5: offshor grid,
5,offshor grid,5: offshor grid,
5,offshor grid,5: offshor grid,
5,offshor grid,5: offshor grid,
5,offshor grid,5: offshor grid,
5,offshor grid,5: offshor grid,
5,offshor grid,5: offshor grid,
5,offshor grid,5: offshor grid,
5,offshor grid,5: offshor grid,
5,offshor grid,5: offshor grid,
5,offshor grid,5: offshor grid,
5,offshor grid,5: offshor grid,
5,offshor grid,5: offshor grid,
5,offshor grid,5: offshor grid,
5,offshor grid,5: offshor grid,
5,offshor grid,5: offshor grid,
5,offshor grid,5: offshor grid,
5,offshor grid,5: offshor grid,
5,offshor grid,5: offshor grid,
5,offshor grid,5: offshor grid,
5,offshor grid,5: offshor grid,
5,offshor grid,5: offshor grid,
5,offshor grid,5: offshor grid,
5,offshor grid,5: offshor grid,
5,offshor grid,5: offshor grid,
5,offshor grid,5: offshor grid,
5,offshor grid,5: offshor grid,
5,offshor grid,5: offshor grid,
5,offshor grid,5: offshor grid,
5,offshor grid,5: offshor grid,
5,offshor grid,5: offshor grid,
5,offshor grid,5: offshor grid,
5,offshor grid,5: offshor grid,
5,offshor grid,5: offshor grid,
5,offshor grid,5: offshor grid,
5,offshor grid,5: offshor grid,
5,offshor grid,5: offshor grid,
5,offshor grid,5: offshor grid,
5,offshor grid,5: offshor grid,
5,offshor grid,5: offshor grid,
5,offshor grid,5: offshor grid,
5,offshor grid,5: offshor grid,
5,offshor grid,5: offshor grid,
5,offshor grid,5: offshor grid,
5,offshor grid,5: offshor grid,
5,offshor grid,5: offshor grid,
5,offshor grid,5: offshor grid,
5,offshor grid,5: offshor grid,
5,offshor grid,5: offshor grid,
5,offshor grid,5: offshor grid,
5,offshor grid,5: offshor grid,
5,offshor grid,5: offshor grid,
5,offshor grid,5: offshor grid,
5,offshor grid,5: offshor grid,
5,offshor grid,5: offshor grid,
5,offshor grid,5: offshor grid,
5,offshor grid,5: offshor grid,
5,offshor grid,5: offshor grid,
5,offshor grid,5: offshor grid,
5,offshor grid,5: offshor grid,
5,offshor grid,5: offshor grid,
5,offshor grid,5: offshor grid,
5,offshor grid,5: offshor grid,
5,offshor grid,5: offshor grid,
5,offshor grid,5: offshor grid,
5,offshor grid,5: offshor grid,
5,offshor grid,5: offshor grid,
5,offshor grid,5: offshor grid,
5,offshor grid,5: offshor grid,
5,offshor grid,5: offshor grid,
5,offshor grid,5: offshor grid,
5,offshor grid,5: offshor grid,
5,offshor grid,5: offshor grid,
5,offshor grid,5: offshor grid,
5,offshor grid,5: offshor grid,
5,offshor grid,5: offshor grid,
5,offshor grid,5: offshor grid,
5,offshor grid,5: offshor grid,
5,offshor grid,5: offshor grid,
5,offshor grid,5: offshor grid,
5,offshor grid,5: offshor grid,
5,offshor grid,5: offshor grid,
5,offshor grid,5: offshor grid,
5,offshor grid,5: offshor grid,
5,offshor grid,5: offshor grid,
5,offshor grid,5: offshor grid,
5,offshor grid,5: offshor grid,
5,offshor grid,5: offshor grid,
5,offshor grid,5: offshor grid,
5,offshor grid,5: offshor grid,
5,offshor grid,5: offshor grid,
5,offshor grid,5: offshor grid,
5,offshor grid,5: offshor grid,
5,offshor grid,5: offshor grid,
5,offshor grid,5: offshor grid,
5,offshor grid,5: offshor grid,
5,offshor grid,5: offshor grid,
5,offshor grid,5: offshor grid,
5,offshor grid,5: offshor grid,
5,offshor grid,5: offshor grid,
5,offshor grid,5: offshor grid,
5,offshor grid,5: offshor grid,
5,offshor grid,5: offshor grid,
5,offshor grid,5: offshor grid,
5,offshor grid,5: offshor grid,
5,offshor grid,5: offshor grid,
5,offshor grid,5: offshor grid,
5,offshor grid,5: offshor grid,
5,offshor grid,5: offshor grid,
5,offshor grid,5: offshor grid,
5,offshor grid,5: offshor grid,
5,offshor grid,5: offshor grid,
5,offshor grid,5: offshor grid,
5,offshor grid,5: offshor grid,
5,offshor grid,5: offshor grid,
5,offshor grid,5: offshor grid,
5,offshor grid,5: offshor grid,
5,offshor grid,5: offshor grid,
5,offshor grid,5: offshor grid,
5,offshor grid,5: offshor grid,
5,offshor grid,5: offshor grid,
5,offshor grid,5: offshor grid,
5,offshor grid,5: offshor grid,
5,offshor grid,5: offshor grid,
5,offshor grid,5: offshor grid,
5,offshor grid,5: offshor grid,
5,offshor grid,5: offshor grid,
7,renew energi,7: renew energi,
7,renew energi,7: renew energi,
7,renew energi,7: renew energi,
7,renew energi,7: renew energi,
7,renew energi,7: renew energi,
7,renew energi,7: renew energi,
7,renew energi,7: renew energi,
7,renew energi,7: renew energi,
7,renew energi,7: renew energi,
7,renew energi,7: renew energi,
7,renew energi,7: renew energi,
7,renew energi,7: renew energi,
7,renew energi,7: renew energi,
7,renew energi,7: renew energi,
7,renew energi,7: renew energi,
7,renew energi,7: renew energi,
7,renew energi,7: renew energi,
7,renew energi,7: renew energi,
7,renew energi,7: renew energi,
7,renew energi,7: renew energi,
7,renew energi,7: renew energi,
7,renew energi,7: renew energi,
7,renew energi,7: renew energi,
7,renew energi,7: renew energi,
7,renew energi,7: renew energi,
7,renew energi,7: renew energi,
7,renew energi,7: renew energi,
7,renew energi,7: renew energi,
7,renew energi,7: renew energi,
7,renew energi,7: renew energi,
7,renew energi,7: renew energi,
7,renew energi,7: renew energi,
7,renew energi,7: renew energi,
7,renew energi,7: renew energi,
7,renew energi,7: renew energi,
7,renew energi,7: renew energi,
7,renew energi,7: renew energi,
7,renew energi,7: renew energi,
7,renew energi,7: renew energi,
7,renew energi,7: renew energi,
7,renew energi,7: renew energi,
7,renew energi,7: renew energi,
7,renew energi,7: renew energi,
7,renew energi,7: renew energi,
7,renew energi,7: renew energi,
7,renew energi,7: renew energi,
7,renew energi,7: renew energi,
7,renew energi,7: renew energi,
7,renew energi,7: renew energi,
7,renew energi,7: renew energi,
7,renew energi,7: renew energi,
7,renew energi,7: renew energi,
7,renew energi,7: renew energi,
7,renew energi,7: renew energi,
7,renew energi,7: renew energi,
7,renew energi,7: renew energi,
7,renew energi,7: renew energi,
7,renew energi,7: renew energi,
7,renew energi,7: renew energi,
7,renew energi,7: renew energi,
7,renew energi,7: renew energi,
7,renew energi,7: renew energi,
7,renew energi,7: renew energi,
7,renew energi,7: renew energi,
7,renew energi,7: renew energi,
7,renew energi,7: renew energi,
7,renew energi,7: renew energi,
7,renew energi,7: renew energi,
7,renew energi,7: renew energi,
7,renew energi,7: renew energi,
7,renew energi,7: renew energi,
7,renew energi,7: renew energi,
7,renew energi,7: renew energi,
7,renew energi,7: renew energi,
7,renew energi,7: renew energi,
7,renew energi,7: renew energi,
7,renew energi,7: renew energi,
7,renew energi,7: renew energi,
7,renew energi,7: renew energi,
7,renew energi,7: renew energi,
7,renew energi,7: renew energi,
7,renew energi,7: renew energi,
7,renew energi,7: renew energi,
7,renew energi,7: renew energi,
7,renew energi,7: renew energi,
7,renew energi,7: renew energi,
7,renew energi,7: renew energi,
7,renew energi,7: renew energi,
7,renew energi,7: renew energi,
7,renew energi,7: renew energi,
7,renew energi,7: renew energi,
7,renew energi,7: renew energi,
7,renew energi,7: renew energi,
7,renew energi,7: renew energi,
7,renew energi,7: renew energi,
7,renew energi,7: renew energi,
7,renew energi,7: renew energi,
7,renew energi,7: renew energi,
7,renew energi,7: renew energi,
7,renew energi,7: renew energi,
7,renew energi,7: renew energi,
7,renew energi,7: renew energi,
7,renew energi,7: renew energi,
7,renew energi,7: renew energi,
7,renew energi,7: renew energi,
7,renew energi,7: renew energi,
7,renew energi,7: renew energi,
7,renew energi,7: renew energi,
7,renew energi,7: renew energi,
7,renew energi,7: renew energi,
7,renew energi,7: renew energi,
7,renew energi,7: renew energi,
7,renew energi,7: renew energi,
7,renew energi,7: renew energi,
7,renew energi,7: renew energi,
7,renew energi,7: renew energi,
7,renew energi,7: renew energi,
7,renew energi,7: renew energi,
7,renew energi,7: renew energi,
7,renew energi,7: renew energi,
7,renew energi,7: renew energi,
7,renew energi,7: renew energi,
7,renew energi,7: renew energi,
7,renew energi,7: renew energi,
7,renew energi,7: renew energi,
7,renew energi,7: renew energi,
7,renew energi,7: renew energi,
7,renew energi,7: renew energi,
7,renew energi,7: renew energi,
7,renew energi,7: renew energi,
7,renew energi,7: renew energi,
7,renew energi,7: renew energi,
7,renew energi,7: renew energi,
7,renew energi,7: renew energi,
7,renew energi,7: renew energi,
7,renew energi,7: renew energi,
7,renew energi,7: renew energi,
7,renew energi,7: renew energi,
7,renew energi,7: renew energi,
7,renew energi,7: renew energi,
7,renew energi,7: renew energi,
7,renew energi,7: renew energi,
7,renew energi,7: renew energi,
7,renew energi,7: renew energi,
7,renew energi,7: renew energi,
7,renew energi,7: renew energi,
1,abstract avail,1: abstract avail,
1,abstract avail,1: abstract avail,
1,abstract avail,1: abstract avail,
1,abstract avail,1: abstract avail,
1,abstract avail,1: abstract avail,
1,abstract avail,1: abstract avail,
1,abstract avail,1: abstract avail,
1,abstract avail,1: abstract avail,
1,abstract avail,1: abstract avail,
1,abstract avail,1: abstract avail,
1,abstract avail,1: abstract avail,
1,abstract avail,1: abstract avail,
1,abstract avail,1: abstract avail,
1,abstract avail,1: abstract avail,
1,abstract avail,1: abstract avail,
1,abstract avail,1: abstract avail,
1,abstract avail,1: abstract avail,
1,abstract avail,1: abstract avail,
1,abstract avail,1: abstract avail,
1,abstract avail,1: abstract avail,
1,abstract avail,1: abstract avail,
1,abstract avail,1: abstract avail,
1,abstract avail,1: abstract avail,
1,abstract avail,1: abstract avail,
1,abstract avail,1: abstract avail,
1,abstract avail,1: abstract avail,
1,abstract avail,1: abstract avail,
1,abstract avail,1: abstract avail,
1,abstract avail,1: abstract avail,
1,abstract avail,1: abstract avail,
1,abstract avail,1: abstract avail,
1,abstract avail,1: abstract avail,
1,abstract avail,1: abstract avail,
1,abstract avail,1: abstract avail,
1,abstract avail,1: abstract avail,
1,abstract avail,1: abstract avail,
1,abstract avail,1: abstract avail,
1,abstract avail,1: abstract avail,
1,abstract avail,1: abstract avail,
1,abstract avail,1: abstract avail,
1,abstract avail,1: abstract avail,
1,abstract avail,1: abstract avail,
1,abstract avail,1: abstract avail,
1,abstract avail,1: abstract avail,
1,abstract avail,1: abstract avail,
1,abstract avail,1: abstract avail,
1,abstract avail,1: abstract avail,
1,abstract avail,1: abstract avail,
1,abstract avail,1: abstract avail,
1,abstract avail,1: abstract avail,
1,abstract avail,1: abstract avail,
1,abstract avail,1: abstract avail,
1,abstract avail,1: abstract avail,
1,abstract avail,1: abstract avail,
1,abstract avail,1: abstract avail,
1,abstract avail,1: abstract avail,
1,abstract avail,1: abstract avail,
1,abstract avail,1: abstract avail,
1,abstract avail,1: abstract avail,
1,abstract avail,1: abstract avail,
1,abstract avail,1: abstract avail,
1,abstract avail,1: abstract avail,
1,abstract avail,1: abstract avail,
1,abstract avail,1: abstract avail,
1,abstract avail,1: abstract avail,
1,abstract avail,1: abstract avail,
1,abstract avail,1: abstract avail,
1,abstract avail,1: abstract avail,
1,abstract avail,1: abstract avail,
1,abstract avail,1: abstract avail,
1,abstract avail,1: abstract avail,
1,abstract avail,1: abstract avail,
1,abstract avail,1: abstract avail,
1,abstract avail,1: abstract avail,
1,abstract avail,1: abstract avail,
1,abstract avail,1: abstract avail,
1,abstract avail,1: abstract avail,
1,abstract avail,1: abstract avail,
1,abstract avail,1: abstract avail,
1,abstract avail,1: abstract avail,
1,abstract avail,1: abstract avail,
1,abstract avail,1: abstract avail,
1,abstract avail,1: abstract avail,
1,abstract avail,1: abstract avail,
1,abstract avail,1: abstract avail,
1,abstract avail,1: abstract avail,
1,abstract avail,1: abstract avail,
1,abstract avail,1: abstract avail,
1,abstract avail,1: abstract avail,
1,abstract avail,1: abstract avail,
1,abstract avail,1: abstract avail,
1,abstract avail,1: abstract avail,
1,abstract avail,1: abstract avail,
1,abstract avail,1: abstract avail,
1,abstract avail,1: abstract avail,
1,abstract avail,1: abstract avail,
1,abstract avail,1: abstract avail,
1,abstract avail,1: abstract avail,
1,abstract avail,1: abstract avail,
1,abstract avail,1: abstract avail,
1,abstract avail,1: abstract avail,
1,abstract avail,1: abstract avail,
1,abstract avail,1: abstract avail,
1,abstract avail,1: abstract avail,
1,abstract avail,1: abstract avail,
1,abstract avail,1: abstract avail,
1,abstract avail,1: abstract avail,
1,abstract avail,1: abstract avail,
1,abstract avail,1: abstract avail,
1,abstract avail,1: abstract avail,
1,abstract avail,1: abstract avail,
1,abstract avail,1: abstract avail,
1,abstract avail,1: abstract avail,
1,abstract avail,1: abstract avail,
1,abstract avail,1: abstract avail,
1,abstract avail,1: abstract avail,
1,abstract avail,1: abstract avail,
1,abstract avail,1: abstract avail,
1,abstract avail,1: abstract avail,
1,abstract avail,1: abstract avail,
1,abstract avail,1: abstract avail,
1,abstract avail,1: abstract avail,
1,abstract avail,1: abstract avail,
1,abstract avail,1: abstract avail,
1,abstract avail,1: abstract avail,
1,abstract avail,1: abstract avail,
1,abstract avail,1: abstract avail,
1,abstract avail,1: abstract avail,
1,abstract avail,1: abstract avail,
1,abstract avail,1: abstract avail,
1,abstract avail,1: abstract avail,
1,abstract avail,1: abstract avail,
1,abstract avail,1: abstract avail,
1,abstract avail,1: abstract avail,
1,abstract avail,1: abstract avail,
1,abstract avail,1: abstract avail,
1,abstract avail,1: abstract avail,
1,abstract avail,1: abstract avail,
1,abstract avail,1: abstract avail,
1,abstract avail,1: abstract avail,
1,abstract avail,1: abstract avail,
1,abstract avail,1: abstract avail,
1,abstract avail,1: abstract avail,
1,abstract avail,1: abstract avail,
1,abstract avail,1: abstract avail,
1,abstract avail,1: abstract avail,
1,abstract avail,1: abstract avail,
1,abstract avail,1: abstract avail,
1,abstract avail,1: abstract avail,
1,abstract avail,1: abstract avail,
1,abstract avail,1: abstract avail,
1,abstract avail,1: abstract avail,
1,abstract avail,1: abstract avail,
1,abstract avail,1: abstract avail,
1,abstract avail,1: abstract avail,
1,abstract avail,1: abstract avail,
1,abstract avail,1: abstract avail,
1,abstract avail,1: abstract avail,
1,abstract avail,1: abstract avail,
1,abstract avail,1: abstract avail,
1,abstract avail,1: abstract avail,
1,abstract avail,1: abstract avail,
9,wind farm,9: wind farm,
9,wind farm,9: wind farm,
9,wind farm,9: wind farm,
9,wind farm,9: wind farm,
9,wind farm,9: wind farm,
9,wind farm,9: wind farm,
9,wind farm,9: wind farm,
9,wind farm,9: wind farm,
9,wind farm,9: wind farm,
9,wind farm,9: wind farm,
9,wind farm,9: wind farm,
9,wind farm,9: wind farm,
9,wind farm,9: wind farm,
9,wind farm,9: wind farm,
9,wind farm,9: wind farm,
9,wind farm,9: wind farm,
9,wind farm,9: wind farm,
9,wind farm,9: wind farm,
9,wind farm,9: wind farm,
9,wind farm,9: wind farm,
9,wind farm,9: wind farm,
9,wind farm,9: wind farm,
9,wind farm,9: wind farm,
9,wind farm,9: wind farm,
9,wind farm,9: wind farm,
9,wind farm,9: wind farm,
9,wind farm,9: wind farm,
9,wind farm,9: wind farm,
9,wind farm,9: wind farm,
9,wind farm,9: wind farm,
9,wind farm,9: wind farm,
9,wind farm,9: wind farm,
9,wind farm,9: wind farm,
9,wind farm,9: wind farm,
9,wind farm,9: wind farm,
9,wind farm,9: wind farm,
9,wind farm,9: wind farm,
9,wind farm,9: wind farm,
9,wind farm,9: wind farm,
9,wind farm,9: wind farm,
9,wind farm,9: wind farm,
9,wind farm,9: wind farm,
9,wind farm,9: wind farm,
9,wind farm,9: wind farm,
9,wind farm,9: wind farm,
9,wind farm,9: wind farm,
9,wind farm,9: wind farm,
9,wind farm,9: wind farm,
9,wind farm,9: wind farm,
9,wind farm,9: wind farm,
9,wind farm,9: wind farm,
9,wind farm,9: wind farm,
9,wind farm,9: wind farm,
9,wind farm,9: wind farm,
9,wind farm,9: wind farm,
9,wind farm,9: wind farm,
9,wind farm,9: wind farm,
9,wind farm,9: wind farm,
9,wind farm,9: wind farm,
9,wind farm,9: wind farm,
9,wind farm,9: wind farm,
9,wind farm,9: wind farm,
9,wind farm,9: wind farm,
9,wind farm,9: wind farm,
9,wind farm,9: wind farm,
9,wind farm,9: wind farm,
9,wind farm,9: wind farm,
9,wind farm,9: wind farm,
9,wind farm,9: wind farm,
9,wind farm,9: wind farm,
9,wind farm,9: wind farm,
9,wind farm,9: wind farm,
9,wind farm,9: wind farm,
9,wind farm,9: wind farm,
9,wind farm,9: wind farm,
9,wind farm,9: wind farm,
9,wind farm,9: wind farm,
9,wind farm,9: wind farm,
9,wind farm,9: wind farm,
9,wind farm,9: wind farm,
9,wind farm,9: wind farm,
9,wind farm,9: wind farm,
9,wind farm,9: wind farm,
9,wind farm,9: wind farm,
9,wind farm,9: wind farm,
9,wind farm,9: wind farm,
9,wind farm,9: wind farm,
9,wind farm,9: wind farm,
9,wind farm,9: wind farm,
9,wind farm,9: wind farm,
9,wind farm,9: wind farm,
9,wind farm,9: wind farm,
9,wind farm,9: wind farm,
9,wind farm,9: wind farm,
9,wind farm,9: wind farm,
9,wind farm,9: wind farm,
9,wind farm,9: wind farm,
9,wind farm,9: wind farm,
9,wind farm,9: wind farm,
9,wind farm,9: wind farm,
9,wind farm,9: wind farm,
9,wind farm,9: wind farm,
9,wind farm,9: wind farm,
9,wind farm,9: wind farm,
9,wind farm,9: wind farm,
9,wind farm,9: wind farm,
9,wind farm,9: wind farm,
9,wind farm,9: wind farm,
9,wind farm,9: wind farm,
9,wind farm,9: wind farm,
9,wind farm,9: wind farm,
9,wind farm,9: wind farm,
9,wind farm,9: wind farm,
9,wind farm,9: wind farm,
9,wind farm,9: wind farm,
9,wind farm,9: wind farm,
9,wind farm,9: wind farm,
9,wind farm,9: wind farm,
9,wind farm,9: wind farm,
9,wind farm,9: wind farm,
9,wind farm,9: wind farm,
9,wind farm,9: wind farm,
9,wind farm,9: wind farm,
9,wind farm,9: wind farm,
9,wind farm,9: wind farm,
9,wind farm,9: wind farm,
9,wind farm,9: wind farm,
9,wind farm,9: wind farm,
9,wind farm,9: wind farm,
9,wind farm,9: wind farm,
9,wind farm,9: wind farm,
9,wind farm,9: wind farm,
9,wind farm,9: wind farm,
9,wind farm,9: wind farm,
9,wind farm,9: wind farm,
9,wind farm,9: wind farm,
9,wind farm,9: wind farm,
9,wind farm,9: wind farm,
9,wind farm,9: wind farm,
9,wind farm,9: wind farm,
9,wind farm,9: wind farm,
9,wind farm,9: wind farm,
9,wind farm,9: wind farm,
9,wind farm,9: wind farm,
9,wind farm,9: wind farm,
9,wind farm,9: wind farm,
9,wind farm,9: wind farm,
9,wind farm,9: wind farm,
9,wind farm,9: wind farm,
9,wind farm,9: wind farm,
9,wind farm,9: wind farm,
9,wind farm,9: wind farm,
9,wind farm,9: wind farm,
9,wind farm,9: wind farm,
9,wind farm,9: wind farm,
9,wind farm,9: wind farm,
9,wind farm,9: wind farm,
9,wind farm,9: wind farm,
9,wind farm,9: wind farm,
9,wind farm,9: wind farm,
9,wind farm,9: wind farm,
3,offshor wind,3: offshor wind,
3,offshor wind,3: offshor wind,
3,offshor wind,3: offshor wind,
3,offshor wind,3: offshor wind,
3,offshor wind,3: offshor wind,
3,offshor wind,3: offshor wind,
3,offshor wind,3: offshor wind,
3,offshor wind,3: offshor wind,
3,offshor wind,3: offshor wind,
3,offshor wind,3: offshor wind,
3,offshor wind,3: offshor wind,
3,offshor wind,3: offshor wind,
3,offshor wind,3: offshor wind,
3,offshor wind,3: offshor wind,
3,offshor wind,3: offshor wind,
3,offshor wind,3: offshor wind,
3,offshor wind,3: offshor wind,
3,offshor wind,3: offshor wind,
3,offshor wind,3: offshor wind,
3,offshor wind,3: offshor wind,
3,offshor wind,3: offshor wind,
3,offshor wind,3: offshor wind,
3,offshor wind,3: offshor wind,
3,offshor wind,3: offshor wind,
3,offshor wind,3: offshor wind,
3,offshor wind,3: offshor wind,
3,offshor wind,3: offshor wind,
3,offshor wind,3: offshor wind,
3,offshor wind,3: offshor wind,
3,offshor wind,3: offshor wind,
3,offshor wind,3: offshor wind,
3,offshor wind,3: offshor wind,
3,offshor wind,3: offshor wind,
3,offshor wind,3: offshor wind,
3,offshor wind,3: offshor wind,
3,offshor wind,3: offshor wind,
3,offshor wind,3: offshor wind,
3,offshor wind,3: offshor wind,
3,offshor wind,3: offshor wind,
3,offshor wind,3: offshor wind,
3,offshor wind,3: offshor wind,
3,offshor wind,3: offshor wind,
3,offshor wind,3: offshor wind,
3,offshor wind,3: offshor wind,
3,offshor wind,3: offshor wind,
3,offshor wind,3: offshor wind,
3,offshor wind,3: offshor wind,
3,offshor wind,3: offshor wind,
3,offshor wind,3: offshor wind,
3,offshor wind,3: offshor wind,
3,offshor wind,3: offshor wind,
3,offshor wind,3: offshor wind,
3,offshor wind,3: offshor wind,
3,offshor wind,3: offshor wind,
3,offshor wind,3: offshor wind,
3,offshor wind,3: offshor wind,
3,offshor wind,3: offshor wind,
3,offshor wind,3: offshor wind,
3,offshor wind,3: offshor wind,
3,offshor wind,3: offshor wind,
3,offshor wind,3: offshor wind,
3,offshor wind,3: offshor wind,
3,offshor wind,3: offshor wind,
3,offshor wind,3: offshor wind,
3,offshor wind,3: offshor wind,
3,offshor wind,3: offshor wind,
3,offshor wind,3: offshor wind,
3,offshor wind,3: offshor wind,
3,offshor wind,3: offshor wind,
3,offshor wind,3: offshor wind,
3,offshor wind,3: offshor wind,
3,offshor wind,3: offshor wind,
3,offshor wind,3: offshor wind,
3,offshor wind,3: offshor wind,
3,offshor wind,3: offshor wind,
3,offshor wind,3: offshor wind,
3,offshor wind,3: offshor wind,
3,offshor wind,3: offshor wind,
3,offshor wind,3: offshor wind,
3,offshor wind,3: offshor wind,
3,offshor wind,3: offshor wind,
3,offshor wind,3: offshor wind,
3,offshor wind,3: offshor wind,
3,offshor wind,3: offshor wind,
3,offshor wind,3: offshor wind,
3,offshor wind,3: offshor wind,
3,offshor wind,3: offshor wind,
3,offshor wind,3: offshor wind,
3,offshor wind,3: offshor wind,
3,offshor wind,3: offshor wind,
3,offshor wind,3: offshor wind,
3,offshor wind,3: offshor wind,
3,offshor wind,3: offshor wind,
3,offshor wind,3: offshor wind,
3,offshor wind,3: offshor wind,
3,offshor wind,3: offshor wind,
3,offshor wind,3: offshor wind,
3,offshor wind,3: offshor wind,
3,offshor wind,3: offshor wind,
3,offshor wind,3: offshor wind,
3,offshor wind,3: offshor wind,
3,offshor wind,3: offshor wind,
3,offshor wind,3: offshor wind,
3,offshor wind,3: offshor wind,
3,offshor wind,3: offshor wind,
3,offshor wind,3: offshor wind,
3,offshor wind,3: offshor wind,
3,offshor wind,3: offshor wind,
3,offshor wind,3: offshor wind,
3,offshor wind,3: offshor wind,
3,offshor wind,3: offshor wind,
3,offshor wind,3: offshor wind,
3,offshor wind,3: offshor wind,
7,renew energi,7: renew energi,
7,renew energi,7: renew energi,
7,renew energi,7: renew energi,
7,renew energi,7: renew energi,
7,renew energi,7: renew energi,
7,renew energi,7: renew energi,
7,renew energi,7: renew energi,
7,renew energi,7: renew energi,
7,renew energi,7: renew energi,
7,renew energi,7: renew energi,
7,renew energi,7: renew energi,
7,renew energi,7: renew energi,
7,renew energi,7: renew energi,
7,renew energi,7: renew energi,
7,renew energi,7: renew energi,
7,renew energi,7: renew energi,
7,renew energi,7: renew energi,
7,renew energi,7: renew energi,
7,renew energi,7: renew energi,
7,renew energi,7: renew energi,
7,renew energi,7: renew energi,
7,renew energi,7: renew energi,
7,renew energi,7: renew energi,
7,renew energi,7: renew energi,
7,renew energi,7: renew energi,
7,renew energi,7: renew energi,
7,renew energi,7: renew energi,
7,renew energi,7: renew energi,
7,renew energi,7: renew energi,
7,renew energi,7: renew energi,
7,renew energi,7: renew energi,
7,renew energi,7: renew energi,
7,renew energi,7: renew energi,
7,renew energi,7: renew energi,
7,renew energi,7: renew energi,
7,renew energi,7: renew energi,
7,renew energi,7: renew energi,
7,renew energi,7: renew energi,
7,renew energi,7: renew energi,
7,renew energi,7: renew energi,
7,renew energi,7: renew energi,
7,renew energi,7: renew energi,
7,renew energi,7: renew energi,
7,renew energi,7: renew energi,
7,renew energi,7: renew energi,
7,renew energi,7: renew energi,
7,renew energi,7: renew energi,
7,renew energi,7: renew energi,
7,renew energi,7: renew energi,
7,renew energi,7: renew energi,
7,renew energi,7: renew energi,
7,renew energi,7: renew energi,
7,renew energi,7: renew energi,
7,renew energi,7: renew energi,
7,renew energi,7: renew energi,
7,renew energi,7: renew energi,
7,renew energi,7: renew energi,
7,renew energi,7: renew energi,
7,renew energi,7: renew energi,
7,renew energi,7: renew energi,
7,renew energi,7: renew energi,
7,renew energi,7: renew energi,
7,renew energi,7: renew energi,
7,renew energi,7: renew energi,
7,renew energi,7: renew energi,
7,renew energi,7: renew energi,
7,renew energi,7: renew energi,
7,renew energi,7: renew energi,
7,renew energi,7: renew energi,
7,renew energi,7: renew energi,
7,renew energi,7: renew energi,
7,renew energi,7: renew energi,
7,renew energi,7: renew energi,
7,renew energi,7: renew energi,
7,renew energi,7: renew energi,
7,renew energi,7: renew energi,
7,renew energi,7: renew energi,
7,renew energi,7: renew energi,
7,renew energi,7: renew energi,
7,renew energi,7: renew energi,
7,renew energi,7: renew energi,
7,renew energi,7: renew energi,
7,renew energi,7: renew energi,
7,renew energi,7: renew energi,
7,renew energi,7: renew energi,
7,renew energi,7: renew energi,
7,renew energi,7: renew energi,
7,renew energi,7: renew energi,
7,renew energi,7: renew energi,
7,renew energi,7: renew energi,
7,renew energi,7: renew energi,
7,renew energi,7: renew energi,
7,renew energi,7: renew energi,
7,renew energi,7: renew energi,
7,renew energi,7: renew energi,
7,renew energi,7: renew energi,
7,renew energi,7: renew energi,
7,renew energi,7: renew energi,
7,renew energi,7: renew energi,
7,renew energi,7: renew energi,
7,renew energi,7: renew energi,
7,renew energi,7: renew energi,
7,renew energi,7: renew energi,
7,renew energi,7: renew energi,
7,renew energi,7: renew energi,
7,renew energi,7: renew energi,
7,renew energi,7: renew energi,
7,renew energi,7: renew energi,
7,renew energi,7: renew energi,
7,renew energi,7: renew energi,
7,renew energi,7: renew energi,
7,renew energi,7: renew energi,
7,renew energi,7: renew energi,
7,renew energi,7: renew energi,
7,renew energi,7: renew energi,
7,renew energi,7: renew energi,
7,renew energi,7: renew energi,
7,renew energi,7: renew energi,
7,renew energi,7: renew energi,
7,renew energi,7: renew energi,
7,renew energi,7: renew energi,
7,renew energi,7: renew energi,
7,renew energi,7: renew energi,
7,renew energi,7: renew energi,
7,renew energi,7: renew energi,
7,renew energi,7: renew energi,
7,renew energi,7: renew energi,
7,renew energi,7: renew energi,
7,renew energi,7: renew energi,
7,renew energi,7: renew energi,
7,renew energi,7: renew energi,
7,renew energi,7: renew energi,
7,renew energi,7: renew energi,
7,renew energi,7: renew energi,
7,renew energi,7: renew energi,
7,renew energi,7: renew energi,
7,renew energi,7: renew energi,
7,renew energi,7: renew energi,
7,renew energi,7: renew energi,
7,renew energi,7: renew energi,
7,renew energi,7: renew energi,
7,renew energi,7: renew energi,
7,renew energi,7: renew energi,
7,renew energi,7: renew energi,
7,renew energi,7: renew energi,
7,renew energi,7: renew energi,
1,abstract avail,1: abstract avail,
1,abstract avail,1: abstract avail,
1,abstract avail,1: abstract avail,
1,abstract avail,1: abstract avail,
1,abstract avail,1: abstract avail,
1,abstract avail,1: abstract avail,
1,abstract avail,1: abstract avail,
1,abstract avail,1: abstract avail,
1,abstract avail,1: abstract avail,
1,abstract avail,1: abstract avail,
1,abstract avail,1: abstract avail,
1,abstract avail,1: abstract avail,
1,abstract avail,1: abstract avail,
1,abstract avail,1: abstract avail,
1,abstract avail,1: abstract avail,
1,abstract avail,1: abstract avail,
1,abstract avail,1: abstract avail,
1,abstract avail,1: abstract avail,
1,abstract avail,1: abstract avail,
1,abstract avail,1: abstract avail,
1,abstract avail,1: abstract avail,
1,abstract avail,1: abstract avail,
1,abstract avail,1: abstract avail,
1,abstract avail,1: abstract avail,
1,abstract avail,1: abstract avail,
1,abstract avail,1: abstract avail,
1,abstract avail,1: abstract avail,
1,abstract avail,1: abstract avail,
1,abstract avail,1: abstract avail,
1,abstract avail,1: abstract avail,
1,abstract avail,1: abstract avail,
1,abstract avail,1: abstract avail,
1,abstract avail,1: abstract avail,
1,abstract avail,1: abstract avail,
1,abstract avail,1: abstract avail,
1,abstract avail,1: abstract avail,
1,abstract avail,1: abstract avail,
1,abstract avail,1: abstract avail,
1,abstract avail,1: abstract avail,
1,abstract avail,1: abstract avail,
1,abstract avail,1: abstract avail,
1,abstract avail,1: abstract avail,
1,abstract avail,1: abstract avail,
1,abstract avail,1: abstract avail,
1,abstract avail,1: abstract avail,
1,abstract avail,1: abstract avail,
1,abstract avail,1: abstract avail,
1,abstract avail,1: abstract avail,
1,abstract avail,1: abstract avail,
1,abstract avail,1: abstract avail,
1,abstract avail,1: abstract avail,
1,abstract avail,1: abstract avail,
1,abstract avail,1: abstract avail,
1,abstract avail,1: abstract avail,
1,abstract avail,1: abstract avail,
1,abstract avail,1: abstract avail,
1,abstract avail,1: abstract avail,
1,abstract avail,1: abstract avail,
1,abstract avail,1: abstract avail,
1,abstract avail,1: abstract avail,
1,abstract avail,1: abstract avail,
1,abstract avail,1: abstract avail,
1,abstract avail,1: abstract avail,
1,abstract avail,1: abstract avail,
1,abstract avail,1: abstract avail,
1,abstract avail,1: abstract avail,
1,abstract avail,1: abstract avail,
1,abstract avail,1: abstract avail,
1,abstract avail,1: abstract avail,
1,abstract avail,1: abstract avail,
1,abstract avail,1: abstract avail,
1,abstract avail,1: abstract avail,
1,abstract avail,1: abstract avail,
1,abstract avail,1: abstract avail,
1,abstract avail,1: abstract avail,
1,abstract avail,1: abstract avail,
1,abstract avail,1: abstract avail,
1,abstract avail,1: abstract avail,
1,abstract avail,1: abstract avail,
1,abstract avail,1: abstract avail,
1,abstract avail,1: abstract avail,
1,abstract avail,1: abstract avail,
1,abstract avail,1: abstract avail,
1,abstract avail,1: abstract avail,
1,abstract avail,1: abstract avail,
1,abstract avail,1: abstract avail,
1,abstract avail,1: abstract avail,
1,abstract avail,1: abstract avail,
1,abstract avail,1: abstract avail,
1,abstract avail,1: abstract avail,
1,abstract avail,1: abstract avail,
1,abstract avail,1: abstract avail,
1,abstract avail,1: abstract avail,
1,abstract avail,1: abstract avail,
1,abstract avail,1: abstract avail,
1,abstract avail,1: abstract avail,
1,abstract avail,1: abstract avail,
1,abstract avail,1: abstract avail,
1,abstract avail,1: abstract avail,
1,abstract avail,1: abstract avail,
1,abstract avail,1: abstract avail,
1,abstract avail,1: abstract avail,
1,abstract avail,1: abstract avail,
1,abstract avail,1: abstract avail,
1,abstract avail,1: abstract avail,
1,abstract avail,1: abstract avail,
1,abstract avail,1: abstract avail,
1,abstract avail,1: abstract avail,
1,abstract avail,1: abstract avail,
1,abstract avail,1: abstract avail,
1,abstract avail,1: abstract avail,
1,abstract avail,1: abstract avail,
1,abstract avail,1: abstract avail,
1,abstract avail,1: abstract avail,
1,abstract avail,1: abstract avail,
1,abstract avail,1: abstract avail,
1,abstract avail,1: abstract avail,
1,abstract avail,1: abstract avail,
1,abstract avail,1: abstract avail,
1,abstract avail,1: abstract avail,
1,abstract avail,1: abstract avail,
1,abstract avail,1: abstract avail,
1,abstract avail,1: abstract avail,
1,abstract avail,1: abstract avail,
1,abstract avail,1: abstract avail,
1,abstract avail,1: abstract avail,
1,abstract avail,1: abstract avail,
1,abstract avail,1: abstract avail,
1,abstract avail,1: abstract avail,
1,abstract avail,1: abstract avail,
1,abstract avail,1: abstract avail,
1,abstract avail,1: abstract avail,
1,abstract avail,1: abstract avail,
1,abstract avail,1: abstract avail,
1,abstract avail,1: abstract avail,
1,abstract avail,1: abstract avail,
1,abstract avail,1: abstract avail,
1,abstract avail,1: abstract avail,
1,abstract avail,1: abstract avail,
1,abstract avail,1: abstract avail,
1,abstract avail,1: abstract avail,
1,abstract avail,1: abstract avail,
1,abstract avail,1: abstract avail,
1,abstract avail,1: abstract avail,
1,abstract avail,1: abstract avail,
1,abstract avail,1: abstract avail,
1,abstract avail,1: abstract avail,
1,abstract avail,1: abstract avail,
1,abstract avail,1: abstract avail,
1,abstract avail,1: abstract avail,
1,abstract avail,1: abstract avail,
1,abstract avail,1: abstract avail,
1,abstract avail,1: abstract avail,
1,abstract avail,1: abstract avail,
1,abstract avail,1: abstract avail,
1,abstract avail,1: abstract avail,
1,abstract avail,1: abstract avail,
1,abstract avail,1: abstract avail,
1,abstract avail,1: abstract avail,
1,abstract avail,1: abstract avail,
1,abstract avail,1: abstract avail,
1,abstract avail,1: abstract avail,
1,abstract avail,1: abstract avail,
1,abstract avail,1: abstract avail,
1,abstract avail,1: abstract avail,
1,abstract avail,1: abstract avail,
1,abstract avail,1: abstract avail,
1,abstract avail,1: abstract avail,
1,abstract avail,1: abstract avail,
1,abstract avail,1: abstract avail,
1,abstract avail,1: abstract avail,
1,abstract avail,1: abstract avail,
1,abstract avail,1: abstract avail,
1,abstract avail,1: abstract avail,
1,abstract avail,1: abstract avail,
1,abstract avail,1: abstract avail,
1,abstract avail,1: abstract avail,
1,abstract avail,1: abstract avail,
1,abstract avail,1: abstract avail,
1,abstract avail,1: abstract avail,
1,abstract avail,1: abstract avail,
1,abstract avail,1: abstract avail,
1,abstract avail,1: abstract avail,
1,abstract avail,1: abstract avail,
1,abstract avail,1: abstract avail,
1,abstract avail,1: abstract avail,
1,abstract avail,1: abstract avail,
1,abstract avail,1: abstract avail,
1,abstract avail,1: abstract avail,
1,abstract avail,1: abstract avail,
1,abstract avail,1: abstract avail,
1,abstract avail,1: abstract avail,
1,abstract avail,1: abstract avail,
1,abstract avail,1: abstract avail,
1,abstract avail,1: abstract avail,
1,abstract avail,1: abstract avail,
1,abstract avail,1: abstract avail,
1,abstract avail,1: abstract avail,
1,abstract avail,1: abstract avail,
1,abstract avail,1: abstract avail,
1,abstract avail,1: abstract avail,
1,abstract avail,1: abstract avail,
1,abstract avail,1: abstract avail,
1,abstract avail,1: abstract avail,
1,abstract avail,1: abstract avail,
1,abstract avail,1: abstract avail,
1,abstract avail,1: abstract avail,
1,abstract avail,1: abstract avail,
1,abstract avail,1: abstract avail,
1,abstract avail,1: abstract avail,
1,abstract avail,1: abstract avail,
1,abstract avail,1: abstract avail,
1,abstract avail,1: abstract avail,
1,abstract avail,1: abstract avail,
1,abstract avail,1: abstract avail,
1,abstract avail,1: abstract avail,
1,abstract avail,1: abstract avail,
1,abstract avail,1: abstract avail,
1,abstract avail,1: abstract avail,
1,abstract avail,1: abstract avail,
1,abstract avail,1: abstract avail,
1,abstract avail,1: abstract avail,
1,abstract avail,1: abstract avail,
1,abstract avail,1: abstract avail,
1,abstract avail,1: abstract avail,
1,abstract avail,1: abstract avail,
1,abstract avail,1: abstract avail,
1,abstract avail,1: abstract avail,
1,abstract avail,1: abstract avail,
1,abstract avail,1: abstract avail,
1,abstract avail,1: abstract avail,
1,abstract avail,1: abstract avail,
1,abstract avail,1: abstract avail,
1,abstract avail,1: abstract avail,
1,abstract avail,1: abstract avail,
1,abstract avail,1: abstract avail,
1,abstract avail,1: abstract avail,
1,abstract avail,1: abstract avail,
1,abstract avail,1: abstract avail,
1,abstract avail,1: abstract avail,
1,abstract avail,1: abstract avail,
1,abstract avail,1: abstract avail,
1,abstract avail,1: abstract avail,
1,abstract avail,1: abstract avail,
1,abstract avail,1: abstract avail,
1,abstract avail,1: abstract avail,
1,abstract avail,1: abstract avail,
1,abstract avail,1: abstract avail,
1,abstract avail,1: abstract avail,
1,abstract avail,1: abstract avail,
1,abstract avail,1: abstract avail,
1,abstract avail,1: abstract avail,
1,abstract avail,1: abstract avail,
1,abstract avail,1: abstract avail,
1,abstract avail,1: abstract avail,
1,abstract avail,1: abstract avail,
1,abstract avail,1: abstract avail,
1,abstract avail,1: abstract avail,
1,abstract avail,1: abstract avail,
1,abstract avail,1: abstract avail,
1,abstract avail,1: abstract avail,
1,abstract avail,1: abstract avail,
1,abstract avail,1: abstract avail,
1,abstract avail,1: abstract avail,
1,abstract avail,1: abstract avail,
1,abstract avail,1: abstract avail,
1,abstract avail,1: abstract avail,
1,abstract avail,1: abstract avail,
1,abstract avail,1: abstract avail,
1,abstract avail,1: abstract avail,
1,abstract avail,1: abstract avail,
1,abstract avail,1: abstract avail,
1,abstract avail,1: abstract avail,
1,abstract avail,1: abstract avail,
1,abstract avail,1: abstract avail,
1,abstract avail,1: abstract avail,
1,abstract avail,1: abstract avail,
1,abstract avail,1: abstract avail,
1,abstract avail,1: abstract avail,
1,abstract avail,1: abstract avail,
1,abstract avail,1: abstract avail,
1,abstract avail,1: abstract avail,
1,abstract avail,1: abstract avail,
1,abstract avail,1: abstract avail,
1,abstract avail,1: abstract avail,
1,abstract avail,1: abstract avail,
1,abstract avail,1: abstract avail,
1,abstract avail,1: abstract avail,
1,abstract avail,1: abstract avail,
1,abstract avail,1: abstract avail,
1,abstract avail,1: abstract avail,
1,abstract avail,1: abstract avail,
1,abstract avail,1: abstract avail,
1,abstract avail,1: abstract avail,
1,abstract avail,1: abstract avail,
1,abstract avail,1: abstract avail,
1,abstract avail,1: abstract avail,
1,abstract avail,1: abstract avail,
1,abstract avail,1: abstract avail,
1,abstract avail,1: abstract avail,
1,abstract avail,1: abstract avail,
1,abstract avail,1: abstract avail,
1,abstract avail,1: abstract avail,
1,abstract avail,1: abstract avail,
1,abstract avail,1: abstract avail,
1,abstract avail,1: abstract avail,
1,abstract avail,1: abstract avail,
1,abstract avail,1: abstract avail,
1,abstract avail,1: abstract avail,
1,abstract avail,1: abstract avail,
1,abstract avail,1: abstract avail,
1,abstract avail,1: abstract avail,
1,abstract avail,1: abstract avail,
1,abstract avail,1: abstract avail,
1,abstract avail,1: abstract avail,
1,abstract avail,1: abstract avail,
1,abstract avail,1: abstract avail,
1,abstract avail,1: abstract avail,
1,abstract avail,1: abstract avail,
1,abstract avail,1: abstract avail,
1,abstract avail,1: abstract avail,
1,abstract avail,1: abstract avail,
1,abstract avail,1: abstract avail,
1,abstract avail,1: abstract avail,
1,abstract avail,1: abstract avail,
1,abstract avail,1: abstract avail,
1,abstract avail,1: abstract avail,
1,abstract avail,1: abstract avail,
1,abstract avail,1: abstract avail,
1,abstract avail,1: abstract avail,
1,abstract avail,1: abstract avail,
1,abstract avail,1: abstract avail,
1,abstract avail,1: abstract avail,
1,abstract avail,1: abstract avail,
1,abstract avail,1: abstract avail,
1,abstract avail,1: abstract avail,
1,abstract avail,1: abstract avail,
1,abstract avail,1: abstract avail,
1,abstract avail,1: abstract avail,
1,abstract avail,1: abstract avail,
1,abstract avail,1: abstract avail,
1,abstract avail,1: abstract avail,
1,abstract avail,1: abstract avail,
1,abstract avail,1: abstract avail,
1,abstract avail,1: abstract avail,
1,abstract avail,1: abstract avail,
1,abstract avail,1: abstract avail,
1,abstract avail,1: abstract avail,
1,abstract avail,1: abstract avail,
1,abstract avail,1: abstract avail,
1,abstract avail,1: abstract avail,
1,abstract avail,1: abstract avail,
1,abstract avail,1: abstract avail,
1,abstract avail,1: abstract avail,
1,abstract avail,1: abstract avail,
1,abstract avail,1: abstract avail,
1,abstract avail,1: abstract avail,
1,abstract avail,1: abstract avail,
1,abstract avail,1: abstract avail,
1,abstract avail,1: abstract avail,
1,abstract avail,1: abstract avail,
1,abstract avail,1: abstract avail,
1,abstract avail,1: abstract avail,
1,abstract avail,1: abstract avail,
1,abstract avail,1: abstract avail,
1,abstract avail,1: abstract avail,
1,abstract avail,1: abstract avail,
1,abstract avail,1: abstract avail,
1,abstract avail,1: abstract avail,
1,abstract avail,1: abstract avail,
1,abstract avail,1: abstract avail,
1,abstract avail,1: abstract avail,
1,abstract avail,1: abstract avail,
1,abstract avail,1: abstract avail,
1,abstract avail,1: abstract avail,
1,abstract avail,1: abstract avail,
1,abstract avail,1: abstract avail,
1,abstract avail,1: abstract avail,
1,abstract avail,1: abstract avail,
1,abstract avail,1: abstract avail,
1,abstract avail,1: abstract avail,
1,abstract avail,1: abstract avail,
1,abstract avail,1: abstract avail,
1,abstract avail,1: abstract avail,
1,abstract avail,1: abstract avail,
1,abstract avail,1: abstract avail,
1,abstract avail,1: abstract avail,
1,abstract avail,1: abstract avail,
1,abstract avail,1: abstract avail,
1,abstract avail,1: abstract avail,
1,abstract avail,1: abstract avail,
1,abstract avail,1: abstract avail,
1,abstract avail,1: abstract avail,
1,abstract avail,1: abstract avail,
1,abstract avail,1: abstract avail,
1,abstract avail,1: abstract avail,
1,abstract avail,1: abstract avail,
1,abstract avail,1: abstract avail,
1,abstract avail,1: abstract avail,
1,abstract avail,1: abstract avail,
1,abstract avail,1: abstract avail,
1,abstract avail,1: abstract avail,
1,abstract avail,1: abstract avail,
1,abstract avail,1: abstract avail,
1,abstract avail,1: abstract avail,
1,abstract avail,1: abstract avail,
1,abstract avail,1: abstract avail,
1,abstract avail,1: abstract avail,
1,abstract avail,1: abstract avail,
1,abstract avail,1: abstract avail,
1,abstract avail,1: abstract avail,
1,abstract avail,1: abstract avail,
1,abstract avail,1: abstract avail,
1,abstract avail,1: abstract avail,
1,abstract avail,1: abstract avail,
1,abstract avail,1: abstract avail,
1,abstract avail,1: abstract avail,
1,abstract avail,1: abstract avail,
1,abstract avail,1: abstract avail,
1,abstract avail,1: abstract avail,
1,abstract avail,1: abstract avail,
1,abstract avail,1: abstract avail,
1,abstract avail,1: abstract avail,
1,abstract avail,1: abstract avail,
1,abstract avail,1: abstract avail,
1,abstract avail,1: abstract avail,
1,abstract avail,1: abstract avail,
1,abstract avail,1: abstract avail,
1,abstract avail,1: abstract avail,
1,abstract avail,1: abstract avail,
1,abstract avail,1: abstract avail,
1,abstract avail,1: abstract avail,
1,abstract avail,1: abstract avail,
1,abstract avail,1: abstract avail,
1,abstract avail,1: abstract avail,
1,abstract avail,1: abstract avail,
1,abstract avail,1: abstract avail,
1,abstract avail,1: abstract avail,
1,abstract avail,1: abstract avail,
1,abstract avail,1: abstract avail,
1,abstract avail,1: abstract avail,
1,abstract avail,1: abstract avail,
1,abstract avail,1: abstract avail,
1,abstract avail,1: abstract avail,
1,abstract avail,1: abstract avail,
1,abstract avail,1: abstract avail,
1,abstract avail,1: abstract avail,
1,abstract avail,1: abstract avail,
1,abstract avail,1: abstract avail,
1,abstract avail,1: abstract avail,
1,abstract avail,1: abstract avail,
1,abstract avail,1: abstract avail,
1,abstract avail,1: abstract avail,
1,abstract avail,1: abstract avail,
1,abstract avail,1: abstract avail,
1,abstract avail,1: abstract avail,
1,abstract avail,1: abstract avail,
1,abstract avail,1: abstract avail,
1,abstract avail,1: abstract avail,
1,abstract avail,1: abstract avail,
1,abstract avail,1: abstract avail,
1,abstract avail,1: abstract avail,
1,abstract avail,1: abstract avail,
1,abstract avail,1: abstract avail,
1,abstract avail,1: abstract avail,
1,abstract avail,1: abstract avail,
1,abstract avail,1: abstract avail,
1,abstract avail,1: abstract avail,
1,abstract avail,1: abstract avail,
1,abstract avail,1: abstract avail,
1,abstract avail,1: abstract avail,
1,abstract avail,1: abstract avail,
1,abstract avail,1: abstract avail,
1,abstract avail,1: abstract avail,
1,abstract avail,1: abstract avail,
1,abstract avail,1: abstract avail,
1,abstract avail,1: abstract avail,
1,abstract avail,1: abstract avail,
1,abstract avail,1: abstract avail,
1,abstract avail,1: abstract avail,
1,abstract avail,1: abstract avail,
1,abstract avail,1: abstract avail,
1,abstract avail,1: abstract avail,
1,abstract avail,1: abstract avail,
1,abstract avail,1: abstract avail,
1,abstract avail,1: abstract avail,
5,offshor grid,5: offshor grid,
5,offshor grid,5: offshor grid,
5,offshor grid,5: offshor grid,
5,offshor grid,5: offshor grid,
5,offshor grid,5: offshor grid,
5,offshor grid,5: offshor grid,
5,offshor grid,5: offshor grid,
5,offshor grid,5: offshor grid,
5,offshor grid,5: offshor grid,
5,offshor grid,5: offshor grid,
5,offshor grid,5: offshor grid,
5,offshor grid,5: offshor grid,
5,offshor grid,5: offshor grid,
5,offshor grid,5: offshor grid,
5,offshor grid,5: offshor grid,
5,offshor grid,5: offshor grid,
5,offshor grid,5: offshor grid,
5,offshor grid,5: offshor grid,
5,offshor grid,5: offshor grid,
5,offshor grid,5: offshor grid,
5,offshor grid,5: offshor grid,
5,offshor grid,5: offshor grid,
5,offshor grid,5: offshor grid,
5,offshor grid,5: offshor grid,
5,offshor grid,5: offshor grid,
5,offshor grid,5: offshor grid,
5,offshor grid,5: offshor grid,
5,offshor grid,5: offshor grid,
5,offshor grid,5: offshor grid,
5,offshor grid,5: offshor grid,
5,offshor grid,5: offshor grid,
5,offshor grid,5: offshor grid,
5,offshor grid,5: offshor grid,
5,offshor grid,5: offshor grid,
5,offshor grid,5: offshor grid,
5,offshor grid,5: offshor grid,
5,offshor grid,5: offshor grid,
5,offshor grid,5: offshor grid,
5,offshor grid,5: offshor grid,
5,offshor grid,5: offshor grid,
5,offshor grid,5: offshor grid,
5,offshor grid,5: offshor grid,
5,offshor grid,5: offshor grid,
5,offshor grid,5: offshor grid,
5,offshor grid,5: offshor grid,
5,offshor grid,5: offshor grid,
5,offshor grid,5: offshor grid,
5,offshor grid,5: offshor grid,
5,offshor grid,5: offshor grid,
5,offshor grid,5: offshor grid,
5,offshor grid,5: offshor grid,
5,offshor grid,5: offshor grid,
5,offshor grid,5: offshor grid,
5,offshor grid,5: offshor grid,
5,offshor grid,5: offshor grid,
5,offshor grid,5: offshor grid,
5,offshor grid,5: offshor grid,
5,offshor grid,5: offshor grid,
5,offshor grid,5: offshor grid,
5,offshor grid,5: offshor grid,
5,offshor grid,5: offshor grid,
5,offshor grid,5: offshor grid,
5,offshor grid,5: offshor grid,
5,offshor grid,5: offshor grid,
5,offshor grid,5: offshor grid,
5,offshor grid,5: offshor grid,
5,offshor grid,5: offshor grid,
5,offshor grid,5: offshor grid,
5,offshor grid,5: offshor grid,
5,offshor grid,5: offshor grid,
5,offshor grid,5: offshor grid,
5,offshor grid,5: offshor grid,
5,offshor grid,5: offshor grid,
5,offshor grid,5: offshor grid,
5,offshor grid,5: offshor grid,
5,offshor grid,5: offshor grid,
5,offshor grid,5: offshor grid,
5,offshor grid,5: offshor grid,
5,offshor grid,5: offshor grid,
5,offshor grid,5: offshor grid,
5,offshor grid,5: offshor grid,
5,offshor grid,5: offshor grid,
5,offshor grid,5: offshor grid,
5,offshor grid,5: offshor grid,
5,offshor grid,5: offshor grid,
5,offshor grid,5: offshor grid,
5,offshor grid,5: offshor grid,
5,offshor grid,5: offshor grid,
5,offshor grid,5: offshor grid,
5,offshor grid,5: offshor grid,
5,offshor grid,5: offshor grid,
5,offshor grid,5: offshor grid,
5,offshor grid,5: offshor grid,
5,offshor grid,5: offshor grid,
5,offshor grid,5: offshor grid,
5,offshor grid,5: offshor grid,
5,offshor grid,5: offshor grid,
5,offshor grid,5: offshor grid,
5,offshor grid,5: offshor grid,
5,offshor grid,5: offshor grid,
5,offshor grid,5: offshor grid,
5,offshor grid,5: offshor grid,
5,offshor grid,5: offshor grid,
5,offshor grid,5: offshor grid,
5,offshor grid,5: offshor grid,
5,offshor grid,5: offshor grid,
5,offshor grid,5: offshor grid,
5,offshor grid,5: offshor grid,
5,offshor grid,5: offshor grid,
5,offshor grid,5: offshor grid,
5,offshor grid,5: offshor grid,
5,offshor grid,5: offshor grid,
5,offshor grid,5: offshor grid,
5,offshor grid,5: offshor grid,
5,offshor grid,5: offshor grid,
5,offshor grid,5: offshor grid,
5,offshor grid,5: offshor grid,
5,offshor grid,5: offshor grid,
5,offshor grid,5: offshor grid,
5,offshor grid,5: offshor grid,
5,offshor grid,5: offshor grid,
5,offshor grid,5: offshor grid,
5,offshor grid,5: offshor grid,
5,offshor grid,5: offshor grid,
5,offshor grid,5: offshor grid,
5,offshor grid,5: offshor grid,
5,offshor grid,5: offshor grid,
5,offshor grid,5: offshor grid,
5,offshor grid,5: offshor grid,
5,offshor grid,5: offshor grid,
5,offshor grid,5: offshor grid,
5,offshor grid,5: offshor grid,
5,offshor grid,5: offshor grid,
5,offshor grid,5: offshor grid,
5,offshor grid,5: offshor grid,
5,offshor grid,5: offshor grid,
5,offshor grid,5: offshor grid,
5,offshor grid,5: offshor grid,
5,offshor grid,5: offshor grid,
5,offshor grid,5: offshor grid,
5,offshor grid,5: offshor grid,
5,offshor grid,5: offshor grid,
5,offshor grid,5: offshor grid,
5,offshor grid,5: offshor grid,
5,offshor grid,5: offshor grid,
5,offshor grid,5: offshor grid,
5,offshor grid,5: offshor grid,
5,offshor grid,5: offshor grid,
5,offshor grid,5: offshor grid,
5,offshor grid,5: offshor grid,
5,offshor grid,5: offshor grid,
5,offshor grid,5: offshor grid,
5,offshor grid,5: offshor grid,
5,offshor grid,5: offshor grid,
5,offshor grid,5: offshor grid,
5,offshor grid,5: offshor grid,
5,offshor grid,5: offshor grid,
5,offshor grid,5: offshor grid,
5,offshor grid,5: offshor grid,
5,offshor grid,5: offshor grid,
5,offshor grid,5: offshor grid,
5,offshor grid,5: offshor grid,
5,offshor grid,5: offshor grid,
5,offshor grid,5: offshor grid,
5,offshor grid,5: offshor grid,
5,offshor grid,5: offshor grid,
5,offshor grid,5: offshor grid,
5,offshor grid,5: offshor grid,
5,offshor grid,5: offshor grid,
5,offshor grid,5: offshor grid,
5,offshor grid,5: offshor grid,
5,offshor grid,5: offshor grid,
5,offshor grid,5: offshor grid,
5,offshor grid,5: offshor grid,
5,offshor grid,5: offshor grid,
9,wind farm,9: wind farm,
9,wind farm,9: wind farm,
9,wind farm,9: wind farm,
9,wind farm,9: wind farm,
9,wind farm,9: wind farm,
9,wind farm,9: wind farm,
9,wind farm,9: wind farm,
9,wind farm,9: wind farm,
9,wind farm,9: wind farm,
9,wind farm,9: wind farm,
9,wind farm,9: wind farm,
9,wind farm,9: wind farm,
9,wind farm,9: wind farm,
9,wind farm,9: wind farm,
9,wind farm,9: wind farm,
9,wind farm,9: wind farm,
9,wind farm,9: wind farm,
9,wind farm,9: wind farm,
9,wind farm,9: wind farm,
9,wind farm,9: wind farm,
9,wind farm,9: wind farm,
9,wind farm,9: wind farm,
9,wind farm,9: wind farm,
9,wind farm,9: wind farm,
9,wind farm,9: wind farm,
9,wind farm,9: wind farm,
9,wind farm,9: wind farm,
9,wind farm,9: wind farm,
9,wind farm,9: wind farm,
9,wind farm,9: wind farm,
9,wind farm,9: wind farm,
9,wind farm,9: wind farm,
9,wind farm,9: wind farm,
9,wind farm,9: wind farm,
9,wind farm,9: wind farm,
9,wind farm,9: wind farm,
9,wind farm,9: wind farm,
9,wind farm,9: wind farm,
9,wind farm,9: wind farm,
9,wind farm,9: wind farm,
9,wind farm,9: wind farm,
9,wind farm,9: wind farm,
9,wind farm,9: wind farm,
9,wind farm,9: wind farm,
9,wind farm,9: wind farm,
9,wind farm,9: wind farm,
9,wind farm,9: wind farm,
9,wind farm,9: wind farm,
9,wind farm,9: wind farm,
9,wind farm,9: wind farm,
9,wind farm,9: wind farm,
9,wind farm,9: wind farm,
9,wind farm,9: wind farm,
9,wind farm,9: wind farm,
9,wind farm,9: wind farm,
9,wind farm,9: wind farm,
9,wind farm,9: wind farm,
9,wind farm,9: wind farm,
9,wind farm,9: wind farm,
9,wind farm,9: wind farm,
9,wind farm,9: wind farm,
9,wind farm,9: wind farm,
9,wind farm,9: wind farm,
9,wind farm,9: wind farm,
9,wind farm,9: wind farm,
9,wind farm,9: wind farm,
9,wind farm,9: wind farm,
9,wind farm,9: wind farm,
9,wind farm,9: wind farm,
9,wind farm,9: wind farm,
9,wind farm,9: wind farm,
9,wind farm,9: wind farm,
9,wind farm,9: wind farm,
9,wind farm,9: wind farm,
9,wind farm,9: wind farm,
9,wind farm,9: wind farm,
9,wind farm,9: wind farm,
9,wind farm,9: wind farm,
9,wind farm,9: wind farm,
9,wind farm,9: wind farm,
9,wind farm,9: wind farm,
9,wind farm,9: wind farm,
9,wind farm,9: wind farm,
9,wind farm,9: wind farm,
9,wind farm,9: wind farm,
9,wind farm,9: wind farm,
9,wind farm,9: wind farm,
9,wind farm,9: wind farm,
9,wind farm,9: wind farm,
9,wind farm,9: wind farm,
9,wind farm,9: wind farm,
9,wind farm,9: wind farm,
9,wind farm,9: wind farm,
9,wind farm,9: wind farm,
9,wind farm,9: wind farm,
9,wind farm,9: wind farm,
9,wind farm,9: wind farm,
9,wind farm,9: wind farm,
9,wind farm,9: wind farm,
9,wind farm,9: wind farm,
9,wind farm,9: wind farm,
9,wind farm,9: wind farm,
9,wind farm,9: wind farm,
9,wind farm,9: wind farm,
9,wind farm,9: wind farm,
9,wind farm,9: wind farm,
9,wind farm,9: wind farm,
9,wind farm,9: wind farm,
9,wind farm,9: wind farm,
9,wind farm,9: wind farm,
9,wind farm,9: wind farm,
9,wind farm,9: wind farm,
9,wind farm,9: wind farm,
9,wind farm,9: wind farm,
9,wind farm,9: wind farm,
9,wind farm,9: wind farm,
9,wind farm,9: wind farm,
9,wind farm,9: wind farm,
9,wind farm,9: wind farm,
9,wind farm,9: wind farm,
9,wind farm,9: wind farm,
9,wind farm,9: wind farm,
9,wind farm,9: wind farm,
9,wind farm,9: wind farm,
9,wind farm,9: wind farm,
9,wind farm,9: wind farm,
9,wind farm,9: wind farm,
9,wind farm,9: wind farm,
9,wind farm,9: wind farm,
9,wind farm,9: wind farm,
9,wind farm,9: wind farm,
9,wind farm,9: wind farm,
9,wind farm,9: wind farm,
9,wind farm,9: wind farm,
9,wind farm,9: wind farm,
9,wind farm,9: wind farm,
9,wind farm,9: wind farm,
9,wind farm,9: wind farm,
9,wind farm,9: wind farm,
9,wind farm,9: wind farm,
9,wind farm,9: wind farm,
9,wind farm,9: wind farm,
9,wind farm,9: wind farm,
9,wind farm,9: wind farm,
9,wind farm,9: wind farm,
9,wind farm,9: wind farm,
9,wind farm,9: wind farm,
9,wind farm,9: wind farm,
9,wind farm,9: wind farm,
9,wind farm,9: wind farm,
9,wind farm,9: wind farm,
9,wind farm,9: wind farm,
9,wind farm,9: wind farm,
9,wind farm,9: wind farm,
9,wind farm,9: wind farm,
9,wind farm,9: wind farm,
9,wind farm,9: wind farm,
9,wind farm,9: wind farm,
9,wind farm,9: wind farm,
9,wind farm,9: wind farm,
9,wind farm,9: wind farm,
7,renew energi,7: renew energi,
7,renew energi,7: renew energi,
7,renew energi,7: renew energi,
7,renew energi,7: renew energi,
7,renew energi,7: renew energi,
7,renew energi,7: renew energi,
7,renew energi,7: renew energi,
7,renew energi,7: renew energi,
7,renew energi,7: renew energi,
7,renew energi,7: renew energi,
7,renew energi,7: renew energi,
7,renew energi,7: renew energi,
7,renew energi,7: renew energi,
7,renew energi,7: renew energi,
7,renew energi,7: renew energi,
7,renew energi,7: renew energi,
7,renew energi,7: renew energi,
7,renew energi,7: renew energi,
7,renew energi,7: renew energi,
7,renew energi,7: renew energi,
7,renew energi,7: renew energi,
7,renew energi,7: renew energi,
7,renew energi,7: renew energi,
7,renew energi,7: renew energi,
7,renew energi,7: renew energi,
7,renew energi,7: renew energi,
7,renew energi,7: renew energi,
7,renew energi,7: renew energi,
7,renew energi,7: renew energi,
7,renew energi,7: renew energi,
7,renew energi,7: renew energi,
7,renew energi,7: renew energi,
7,renew energi,7: renew energi,
7,renew energi,7: renew energi,
7,renew energi,7: renew energi,
7,renew energi,7: renew energi,
7,renew energi,7: renew energi,
7,renew energi,7: renew energi,
7,renew energi,7: renew energi,
7,renew energi,7: renew energi,
7,renew energi,7: renew energi,
7,renew energi,7: renew energi,
7,renew energi,7: renew energi,
7,renew energi,7: renew energi,
7,renew energi,7: renew energi,
7,renew energi,7: renew energi,
7,renew energi,7: renew energi,
7,renew energi,7: renew energi,
7,renew energi,7: renew energi,
7,renew energi,7: renew energi,
7,renew energi,7: renew energi,
7,renew energi,7: renew energi,
7,renew energi,7: renew energi,
7,renew energi,7: renew energi,
7,renew energi,7: renew energi,
7,renew energi,7: renew energi,
7,renew energi,7: renew energi,
7,renew energi,7: renew energi,
7,renew energi,7: renew energi,
7,renew energi,7: renew energi,
7,renew energi,7: renew energi,
7,renew energi,7: renew energi,
7,renew energi,7: renew energi,
7,renew energi,7: renew energi,
7,renew energi,7: renew energi,
7,renew energi,7: renew energi,
7,renew energi,7: renew energi,
7,renew energi,7: renew energi,
7,renew energi,7: renew energi,
7,renew energi,7: renew energi,
7,renew energi,7: renew energi,
7,renew energi,7: renew energi,
7,renew energi,7: renew energi,
7,renew energi,7: renew energi,
7,renew energi,7: renew energi,
7,renew energi,7: renew energi,
7,renew energi,7: renew energi,
7,renew energi,7: renew energi,
7,renew energi,7: renew energi,
7,renew energi,7: renew energi,
7,renew energi,7: renew energi,
7,renew energi,7: renew energi,
7,renew energi,7: renew energi,
7,renew energi,7: renew energi,
7,renew energi,7: renew energi,
7,renew energi,7: renew energi,
7,renew energi,7: renew energi,
7,renew energi,7: renew energi,
7,renew energi,7: renew energi,
7,renew energi,7: renew energi,
7,renew energi,7: renew energi,
7,renew energi,7: renew energi,
7,renew energi,7: renew energi,
7,renew energi,7: renew energi,
7,renew energi,7: renew energi,
7,renew energi,7: renew energi,
7,renew energi,7: renew energi,
7,renew energi,7: renew energi,
7,renew energi,7: renew energi,
7,renew energi,7: renew energi,
7,renew energi,7: renew energi,
7,renew energi,7: renew energi,
7,renew energi,7: renew energi,
7,renew energi,7: renew energi,
7,renew energi,7: renew energi,
7,renew energi,7: renew energi,
7,renew energi,7: renew energi,
7,renew energi,7: renew energi,
7,renew energi,7: renew energi,
7,renew energi,7: renew energi,
7,renew energi,7: renew energi,
7,renew energi,7: renew energi,
7,renew energi,7: renew energi,
7,renew energi,7: renew energi,
7,renew energi,7: renew energi,
7,renew energi,7: renew energi,
7,renew energi,7: renew energi,
7,renew energi,7: renew energi,
7,renew energi,7: renew energi,
7,renew energi,7: renew energi,
7,renew energi,7: renew energi,
7,renew energi,7: renew energi,
7,renew energi,7: renew energi,
7,renew energi,7: renew energi,
7,renew energi,7: renew energi,
7,renew energi,7: renew energi,
7,renew energi,7: renew energi,
7,renew energi,7: renew energi,
7,renew energi,7: renew energi,
7,renew energi,7: renew energi,
7,renew energi,7: renew energi,
7,renew energi,7: renew energi,
7,renew energi,7: renew energi,
7,renew energi,7: renew energi,
7,renew energi,7: renew energi,
7,renew energi,7: renew energi,
7,renew energi,7: renew energi,
7,renew energi,7: renew energi,
7,renew energi,7: renew energi,
7,renew energi,7: renew energi,
7,renew energi,7: renew energi,
7,renew energi,7: renew energi,
7,renew energi,7: renew energi,
7,renew energi,7: renew energi,
7,renew energi,7: renew energi,
7,renew energi,7: renew energi,
7,renew energi,7: renew energi,
7,renew energi,7: renew energi,
7,renew energi,7: renew energi,
7,renew energi,7: renew energi,
7,renew energi,7: renew energi,
7,renew energi,7: renew energi,
7,renew energi,7: renew energi,
7,renew energi,7: renew energi,
7,renew energi,7: renew energi,
7,renew energi,7: renew energi,
7,renew energi,7: renew energi,
7,renew energi,7: renew energi,
7,renew energi,7: renew energi,
7,renew energi,7: renew energi,
7,renew energi,7: renew energi,
7,renew energi,7: renew energi,
7,renew energi,7: renew energi,
7,renew energi,7: renew energi,
7,renew energi,7: renew energi,
7,renew energi,7: renew energi,
7,renew energi,7: renew energi,
7,renew energi,7: renew energi,
7,renew energi,7: renew energi,
7,renew energi,7: renew energi,
7,renew energi,7: renew energi,
7,renew energi,7: renew energi,
7,renew energi,7: renew energi,
7,renew energi,7: renew energi,
7,renew energi,7: renew energi,
7,renew energi,7: renew energi,
7,renew energi,7: renew energi,
7,renew energi,7: renew energi,
7,renew energi,7: renew energi,
7,renew energi,7: renew energi,
7,renew energi,7: renew energi,
7,renew energi,7: renew energi,
7,renew energi,7: renew energi,
7,renew energi,7: renew energi,
7,renew energi,7: renew energi,
7,renew energi,7: renew energi,
7,renew energi,7: renew energi,
7,renew energi,7: renew energi,
7,renew energi,7: renew energi,
7,renew energi,7: renew energi,
7,renew energi,7: renew energi,
7,renew energi,7: renew energi,
7,renew energi,7: renew energi,
7,renew energi,7: renew energi,
7,renew energi,7: renew energi,
7,renew energi,7: renew energi,
7,renew energi,7: renew energi,
7,renew energi,7: renew energi,
7,renew energi,7: renew energi,
7,renew energi,7: renew energi,
7,renew energi,7: renew energi,
7,renew energi,7: renew energi,
7,renew energi,7: renew energi,
7,renew energi,7: renew energi,
7,renew energi,7: renew energi,
7,renew energi,7: renew energi,
7,renew energi,7: renew energi,
7,renew energi,7: renew energi,
7,renew energi,7: renew energi,
7,renew energi,7: renew energi,
7,renew energi,7: renew energi,
7,renew energi,7: renew energi,
7,renew energi,7: renew energi,
7,renew energi,7: renew energi,
7,renew energi,7: renew energi,
7,renew energi,7: renew energi,
7,renew energi,7: renew energi,
7,renew energi,7: renew energi,
7,renew energi,7: renew energi,
7,renew energi,7: renew energi,
7,renew energi,7: renew energi,
7,renew energi,7: renew energi,
7,renew energi,7: renew energi,
7,renew energi,7: renew energi,
7,renew energi,7: renew energi,
7,renew energi,7: renew energi,
7,renew energi,7: renew energi,
7,renew energi,7: renew energi,
7,renew energi,7: renew energi,
7,renew energi,7: renew energi,
7,renew energi,7: renew energi,
7,renew energi,7: renew energi,
7,renew energi,7: renew energi,
7,renew energi,7: renew energi,
7,renew energi,7: renew energi,
7,renew energi,7: renew energi,
7,renew energi,7: renew energi,
7,renew energi,7: renew energi,
7,renew energi,7: renew energi,
7,renew energi,7: renew energi,
7,renew energi,7: renew energi,
7,renew energi,7: renew energi,
7,renew energi,7: renew energi,
7,renew energi,7: renew energi,
7,renew energi,7: renew energi,
7,renew energi,7: renew energi,
7,renew energi,7: renew energi,
7,renew energi,7: renew energi,
7,renew energi,7: renew energi,
7,renew energi,7: renew energi,
7,renew energi,7: renew energi,
7,renew energi,7: renew energi,
7,renew energi,7: renew energi,
7,renew energi,7: renew energi,
7,renew energi,7: renew energi,
7,renew energi,7: renew energi,
7,renew energi,7: renew energi,
7,renew energi,7: renew energi,
7,renew energi,7: renew energi,
7,renew energi,7: renew energi,
7,renew energi,7: renew energi,
7,renew energi,7: renew energi,
7,renew energi,7: renew energi,
7,renew energi,7: renew energi,
7,renew energi,7: renew energi,
7,renew energi,7: renew energi,
7,renew energi,7: renew energi,
7,renew energi,7: renew energi,
7,renew energi,7: renew energi,
7,renew energi,7: renew energi,
7,renew energi,7: renew energi,
7,renew energi,7: renew energi,
7,renew energi,7: renew energi,
7,renew energi,7: renew energi,
7,renew energi,7: renew energi,
7,renew energi,7: renew energi,
7,renew energi,7: renew energi,
7,renew energi,7: renew energi,
7,renew energi,7: renew energi,
7,renew energi,7: renew energi,
7,renew energi,7: renew energi,
7,renew energi,7: renew energi,
7,renew energi,7: renew energi,
7,renew energi,7: renew energi,
7,renew energi,7: renew energi,
7,renew energi,7: renew energi,
7,renew energi,7: renew energi,
7,renew energi,7: renew energi,
7,renew energi,7: renew energi,
7,renew energi,7: renew energi,
7,renew energi,7: renew energi,
7,renew energi,7: renew energi,
9,wind farm,9: wind farm,
9,wind farm,9: wind farm,
9,wind farm,9: wind farm,
9,wind farm,9: wind farm,
9,wind farm,9: wind farm,
9,wind farm,9: wind farm,
9,wind farm,9: wind farm,
9,wind farm,9: wind farm,
9,wind farm,9: wind farm,
9,wind farm,9: wind farm,
9,wind farm,9: wind farm,
9,wind farm,9: wind farm,
9,wind farm,9: wind farm,
9,wind farm,9: wind farm,
9,wind farm,9: wind farm,
9,wind farm,9: wind farm,
9,wind farm,9: wind farm,
9,wind farm,9: wind farm,
9,wind farm,9: wind farm,
9,wind farm,9: wind farm,
9,wind farm,9: wind farm,
9,wind farm,9: wind farm,
9,wind farm,9: wind farm,
9,wind farm,9: wind farm,
9,wind farm,9: wind farm,
9,wind farm,9: wind farm,
9,wind farm,9: wind farm,
9,wind farm,9: wind farm,
9,wind farm,9: wind farm,
9,wind farm,9: wind farm,
9,wind farm,9: wind farm,
9,wind farm,9: wind farm,
9,wind farm,9: wind farm,
9,wind farm,9: wind farm,
9,wind farm,9: wind farm,
9,wind farm,9: wind farm,
9,wind farm,9: wind farm,
9,wind farm,9: wind farm,
9,wind farm,9: wind farm,
9,wind farm,9: wind farm,
9,wind farm,9: wind farm,
9,wind farm,9: wind farm,
9,wind farm,9: wind farm,
9,wind farm,9: wind farm,
9,wind farm,9: wind farm,
9,wind farm,9: wind farm,
9,wind farm,9: wind farm,
9,wind farm,9: wind farm,
9,wind farm,9: wind farm,
9,wind farm,9: wind farm,
9,wind farm,9: wind farm,
9,wind farm,9: wind farm,
9,wind farm,9: wind farm,
9,wind farm,9: wind farm,
9,wind farm,9: wind farm,
9,wind farm,9: wind farm,
9,wind farm,9: wind farm,
9,wind farm,9: wind farm,
9,wind farm,9: wind farm,
9,wind farm,9: wind farm,
9,wind farm,9: wind farm,
9,wind farm,9: wind farm,
9,wind farm,9: wind farm,
9,wind farm,9: wind farm,
9,wind farm,9: wind farm,
9,wind farm,9: wind farm,
9,wind farm,9: wind farm,
9,wind farm,9: wind farm,
9,wind farm,9: wind farm,
9,wind farm,9: wind farm,
9,wind farm,9: wind farm,
9,wind farm,9: wind farm,
9,wind farm,9: wind farm,
9,wind farm,9: wind farm,
9,wind farm,9: wind farm,
9,wind farm,9: wind farm,
9,wind farm,9: wind farm,
9,wind farm,9: wind farm,
9,wind farm,9: wind farm,
9,wind farm,9: wind farm,
9,wind farm,9: wind farm,
9,wind farm,9: wind farm,
9,wind farm,9: wind farm,
9,wind farm,9: wind farm,
9,wind farm,9: wind farm,
9,wind farm,9: wind farm,
9,wind farm,9: wind farm,
9,wind farm,9: wind farm,
9,wind farm,9: wind farm,
9,wind farm,9: wind farm,
9,wind farm,9: wind farm,
9,wind farm,9: wind farm,
9,wind farm,9: wind farm,
9,wind farm,9: wind farm,
9,wind farm,9: wind farm,
9,wind farm,9: wind farm,
9,wind farm,9: wind farm,
9,wind farm,9: wind farm,
9,wind farm,9: wind farm,
9,wind farm,9: wind farm,
9,wind farm,9: wind farm,
9,wind farm,9: wind farm,
9,wind farm,9: wind farm,
9,wind farm,9: wind farm,
9,wind farm,9: wind farm,
9,wind farm,9: wind farm,
9,wind farm,9: wind farm,
9,wind farm,9: wind farm,
9,wind farm,9: wind farm,
9,wind farm,9: wind farm,
9,wind farm,9: wind farm,
9,wind farm,9: wind farm,
9,wind farm,9: wind farm,
9,wind farm,9: wind farm,
9,wind farm,9: wind farm,
9,wind farm,9: wind farm,
9,wind farm,9: wind farm,
9,wind farm,9: wind farm,
9,wind farm,9: wind farm,
9,wind farm,9: wind farm,
9,wind farm,9: wind farm,
9,wind farm,9: wind farm,
9,wind farm,9: wind farm,
9,wind farm,9: wind farm,
9,wind farm,9: wind farm,
9,wind farm,9: wind farm,
9,wind farm,9: wind farm,
9,wind farm,9: wind farm,
9,wind farm,9: wind farm,
9,wind farm,9: wind farm,
9,wind farm,9: wind farm,
9,wind farm,9: wind farm,
9,wind farm,9: wind farm,
9,wind farm,9: wind farm,
9,wind farm,9: wind farm,
9,wind farm,9: wind farm,
9,wind farm,9: wind farm,
9,wind farm,9: wind farm,
9,wind farm,9: wind farm,
9,wind farm,9: wind farm,
9,wind farm,9: wind farm,
9,wind farm,9: wind farm,
9,wind farm,9: wind farm,
9,wind farm,9: wind farm,
9,wind farm,9: wind farm,
9,wind farm,9: wind farm,
9,wind farm,9: wind farm,
9,wind farm,9: wind farm,
9,wind farm,9: wind farm,
9,wind farm,9: wind farm,
9,wind farm,9: wind farm,
9,wind farm,9: wind farm,
9,wind farm,9: wind farm,
9,wind farm,9: wind farm,
9,wind farm,9: wind farm,
9,wind farm,9: wind farm,
9,wind farm,9: wind farm,
9,wind farm,9: wind farm,
9,wind farm,9: wind farm,
9,wind farm,9: wind farm,
9,wind farm,9: wind farm,
7,renew energi,7: renew energi,
7,renew energi,7: renew energi,
7,renew energi,7: renew energi,
7,renew energi,7: renew energi,
7,renew energi,7: renew energi,
7,renew energi,7: renew energi,
7,renew energi,7: renew energi,
7,renew energi,7: renew energi,
7,renew energi,7: renew energi,
7,renew energi,7: renew energi,
7,renew energi,7: renew energi,
7,renew energi,7: renew energi,
7,renew energi,7: renew energi,
7,renew energi,7: renew energi,
7,renew energi,7: renew energi,
7,renew energi,7: renew energi,
7,renew energi,7: renew energi,
7,renew energi,7: renew energi,
7,renew energi,7: renew energi,
7,renew energi,7: renew energi,
7,renew energi,7: renew energi,
7,renew energi,7: renew energi,
7,renew energi,7: renew energi,
7,renew energi,7: renew energi,
7,renew energi,7: renew energi,
7,renew energi,7: renew energi,
7,renew energi,7: renew energi,
7,renew energi,7: renew energi,
7,renew energi,7: renew energi,
7,renew energi,7: renew energi,
7,renew energi,7: renew energi,
7,renew energi,7: renew energi,
7,renew energi,7: renew energi,
7,renew energi,7: renew energi,
7,renew energi,7: renew energi,
7,renew energi,7: renew energi,
7,renew energi,7: renew energi,
7,renew energi,7: renew energi,
7,renew energi,7: renew energi,
7,renew energi,7: renew energi,
7,renew energi,7: renew energi,
7,renew energi,7: renew energi,
7,renew energi,7: renew energi,
7,renew energi,7: renew energi,
7,renew energi,7: renew energi,
7,renew energi,7: renew energi,
7,renew energi,7: renew energi,
7,renew energi,7: renew energi,
7,renew energi,7: renew energi,
7,renew energi,7: renew energi,
7,renew energi,7: renew energi,
7,renew energi,7: renew energi,
7,renew energi,7: renew energi,
7,renew energi,7: renew energi,
7,renew energi,7: renew energi,
7,renew energi,7: renew energi,
7,renew energi,7: renew energi,
7,renew energi,7: renew energi,
7,renew energi,7: renew energi,
7,renew energi,7: renew energi,
7,renew energi,7: renew energi,
7,renew energi,7: renew energi,
7,renew energi,7: renew energi,
7,renew energi,7: renew energi,
7,renew energi,7: renew energi,
7,renew energi,7: renew energi,
7,renew energi,7: renew energi,
7,renew energi,7: renew energi,
7,renew energi,7: renew energi,
7,renew energi,7: renew energi,
7,renew energi,7: renew energi,
7,renew energi,7: renew energi,
7,renew energi,7: renew energi,
7,renew energi,7: renew energi,
7,renew energi,7: renew energi,
7,renew energi,7: renew energi,
7,renew energi,7: renew energi,
7,renew energi,7: renew energi,
7,renew energi,7: renew energi,
7,renew energi,7: renew energi,
7,renew energi,7: renew energi,
7,renew energi,7: renew energi,
7,renew energi,7: renew energi,
7,renew energi,7: renew energi,
7,renew energi,7: renew energi,
7,renew energi,7: renew energi,
7,renew energi,7: renew energi,
7,renew energi,7: renew energi,
7,renew energi,7: renew energi,
7,renew energi,7: renew energi,
7,renew energi,7: renew energi,
7,renew energi,7: renew energi,
7,renew energi,7: renew energi,
7,renew energi,7: renew energi,
7,renew energi,7: renew energi,
7,renew energi,7: renew energi,
7,renew energi,7: renew energi,
7,renew energi,7: renew energi,
7,renew energi,7: renew energi,
7,renew energi,7: renew energi,
7,renew energi,7: renew energi,
7,renew energi,7: renew energi,
7,renew energi,7: renew energi,
7,renew energi,7: renew energi,
7,renew energi,7: renew energi,
7,renew energi,7: renew energi,
7,renew energi,7: renew energi,
7,renew energi,7: renew energi,
7,renew energi,7: renew energi,
7,renew energi,7: renew energi,
7,renew energi,7: renew energi,
7,renew energi,7: renew energi,
7,renew energi,7: renew energi,
7,renew energi,7: renew energi,
7,renew energi,7: renew energi,
7,renew energi,7: renew energi,
7,renew energi,7: renew energi,
7,renew energi,7: renew energi,
7,renew energi,7: renew energi,
7,renew energi,7: renew energi,
7,renew energi,7: renew energi,
7,renew energi,7: renew energi,
7,renew energi,7: renew energi,
7,renew energi,7: renew energi,
7,renew energi,7: renew energi,
7,renew energi,7: renew energi,
7,renew energi,7: renew energi,
7,renew energi,7: renew energi,
7,renew energi,7: renew energi,
7,renew energi,7: renew energi,
7,renew energi,7: renew energi,
7,renew energi,7: renew energi,
7,renew energi,7: renew energi,
7,renew energi,7: renew energi,
7,renew energi,7: renew energi,
7,renew energi,7: renew energi,
7,renew energi,7: renew energi,
7,renew energi,7: renew energi,
7,renew energi,7: renew energi,
7,renew energi,7: renew energi,
7,renew energi,7: renew energi,
7,renew energi,7: renew energi,
7,renew energi,7: renew energi,
7,renew energi,7: renew energi,
7,renew energi,7: renew energi,
7,renew energi,7: renew energi,
5,offshor grid,5: offshor grid,
5,offshor grid,5: offshor grid,
5,offshor grid,5: offshor grid,
5,offshor grid,5: offshor grid,
5,offshor grid,5: offshor grid,
5,offshor grid,5: offshor grid,
5,offshor grid,5: offshor grid,
5,offshor grid,5: offshor grid,
5,offshor grid,5: offshor grid,
5,offshor grid,5: offshor grid,
5,offshor grid,5: offshor grid,
5,offshor grid,5: offshor grid,
5,offshor grid,5: offshor grid,
5,offshor grid,5: offshor grid,
5,offshor grid,5: offshor grid,
5,offshor grid,5: offshor grid,
5,offshor grid,5: offshor grid,
5,offshor grid,5: offshor grid,
5,offshor grid,5: offshor grid,
5,offshor grid,5: offshor grid,
5,offshor grid,5: offshor grid,
5,offshor grid,5: offshor grid,
5,offshor grid,5: offshor grid,
5,offshor grid,5: offshor grid,
5,offshor grid,5: offshor grid,
5,offshor grid,5: offshor grid,
5,offshor grid,5: offshor grid,
5,offshor grid,5: offshor grid,
5,offshor grid,5: offshor grid,
5,offshor grid,5: offshor grid,
5,offshor grid,5: offshor grid,
5,offshor grid,5: offshor grid,
5,offshor grid,5: offshor grid,
5,offshor grid,5: offshor grid,
5,offshor grid,5: offshor grid,
5,offshor grid,5: offshor grid,
5,offshor grid,5: offshor grid,
5,offshor grid,5: offshor grid,
5,offshor grid,5: offshor grid,
5,offshor grid,5: offshor grid,
5,offshor grid,5: offshor grid,
5,offshor grid,5: offshor grid,
5,offshor grid,5: offshor grid,
5,offshor grid,5: offshor grid,
5,offshor grid,5: offshor grid,
5,offshor grid,5: offshor grid,
5,offshor grid,5: offshor grid,
5,offshor grid,5: offshor grid,
5,offshor grid,5: offshor grid,
5,offshor grid,5: offshor grid,
5,offshor grid,5: offshor grid,
5,offshor grid,5: offshor grid,
5,offshor grid,5: offshor grid,
5,offshor grid,5: offshor grid,
5,offshor grid,5: offshor grid,
5,offshor grid,5: offshor grid,
5,offshor grid,5: offshor grid,
5,offshor grid,5: offshor grid,
5,offshor grid,5: offshor grid,
5,offshor grid,5: offshor grid,
5,offshor grid,5: offshor grid,
5,offshor grid,5: offshor grid,
5,offshor grid,5: offshor grid,
5,offshor grid,5: offshor grid,
5,offshor grid,5: offshor grid,
5,offshor grid,5: offshor grid,
5,offshor grid,5: offshor grid,
5,offshor grid,5: offshor grid,
5,offshor grid,5: offshor grid,
5,offshor grid,5: offshor grid,
5,offshor grid,5: offshor grid,
5,offshor grid,5: offshor grid,
5,offshor grid,5: offshor grid,
5,offshor grid,5: offshor grid,
5,offshor grid,5: offshor grid,
5,offshor grid,5: offshor grid,
5,offshor grid,5: offshor grid,
5,offshor grid,5: offshor grid,
5,offshor grid,5: offshor grid,
5,offshor grid,5: offshor grid,
5,offshor grid,5: offshor grid,
5,offshor grid,5: offshor grid,
5,offshor grid,5: offshor grid,
5,offshor grid,5: offshor grid,
5,offshor grid,5: offshor grid,
5,offshor grid,5: offshor grid,
5,offshor grid,5: offshor grid,
5,offshor grid,5: offshor grid,
5,offshor grid,5: offshor grid,
5,offshor grid,5: offshor grid,
5,offshor grid,5: offshor grid,
5,offshor grid,5: offshor grid,
5,offshor grid,5: offshor grid,
5,offshor grid,5: offshor grid,
5,offshor grid,5: offshor grid,
5,offshor grid,5: offshor grid,
5,offshor grid,5: offshor grid,
5,offshor grid,5: offshor grid,
5,offshor grid,5: offshor grid,
5,offshor grid,5: offshor grid,
5,offshor grid,5: offshor grid,
5,offshor grid,5: offshor grid,
5,offshor grid,5: offshor grid,
5,offshor grid,5: offshor grid,
5,offshor grid,5: offshor grid,
5,offshor grid,5: offshor grid,
5,offshor grid,5: offshor grid,
5,offshor grid,5: offshor grid,
5,offshor grid,5: offshor grid,
5,offshor grid,5: offshor grid,
5,offshor grid,5: offshor grid,
5,offshor grid,5: offshor grid,
5,offshor grid,5: offshor grid,
5,offshor grid,5: offshor grid,
5,offshor grid,5: offshor grid,
5,offshor grid,5: offshor grid,
5,offshor grid,5: offshor grid,
5,offshor grid,5: offshor grid,
5,offshor grid,5: offshor grid,
5,offshor grid,5: offshor grid,
5,offshor grid,5: offshor grid,
5,offshor grid,5: offshor grid,
5,offshor grid,5: offshor grid,
5,offshor grid,5: offshor grid,
5,offshor grid,5: offshor grid,
5,offshor grid,5: offshor grid,
5,offshor grid,5: offshor grid,
5,offshor grid,5: offshor grid,
5,offshor grid,5: offshor grid,
5,offshor grid,5: offshor grid,
5,offshor grid,5: offshor grid,
5,offshor grid,5: offshor grid,
5,offshor grid,5: offshor grid,
5,offshor grid,5: offshor grid,
5,offshor grid,5: offshor grid,
5,offshor grid,5: offshor grid,
5,offshor grid,5: offshor grid,
5,offshor grid,5: offshor grid,
5,offshor grid,5: offshor grid,
5,offshor grid,5: offshor grid,
5,offshor grid,5: offshor grid,
5,offshor grid,5: offshor grid,
5,offshor grid,5: offshor grid,
5,offshor grid,5: offshor grid,
5,offshor grid,5: offshor grid,
5,offshor grid,5: offshor grid,
5,offshor grid,5: offshor grid,
5,offshor grid,5: offshor grid,
5,offshor grid,5: offshor grid,
5,offshor grid,5: offshor grid,
5,offshor grid,5: offshor grid,
5,offshor grid,5: offshor grid,
5,offshor grid,5: offshor grid,
5,offshor grid,5: offshor grid,
5,offshor grid,5: offshor grid,
5,offshor grid,5: offshor grid,
5,offshor grid,5: offshor grid,
5,offshor grid,5: offshor grid,
5,offshor grid,5: offshor grid,
5,offshor grid,5: offshor grid,
5,offshor grid,5: offshor grid,
5,offshor grid,5: offshor grid,
5,offshor grid,5: offshor grid,
5,offshor grid,5: offshor grid,
5,offshor grid,5: offshor grid,
5,offshor grid,5: offshor grid,
5,offshor grid,5: offshor grid,
5,offshor grid,5: offshor grid,
5,offshor grid,5: offshor grid,
5,offshor grid,5: offshor grid,
5,offshor grid,5: offshor grid,
5,offshor grid,5: offshor grid,
5,offshor grid,5: offshor grid,
5,offshor grid,5: offshor grid,
5,offshor grid,5: offshor grid,
3,offshor wind,3: offshor wind,
3,offshor wind,3: offshor wind,
3,offshor wind,3: offshor wind,
3,offshor wind,3: offshor wind,
3,offshor wind,3: offshor wind,
3,offshor wind,3: offshor wind,
3,offshor wind,3: offshor wind,
3,offshor wind,3: offshor wind,
3,offshor wind,3: offshor wind,
3,offshor wind,3: offshor wind,
3,offshor wind,3: offshor wind,
3,offshor wind,3: offshor wind,
3,offshor wind,3: offshor wind,
3,offshor wind,3: offshor wind,
3,offshor wind,3: offshor wind,
3,offshor wind,3: offshor wind,
3,offshor wind,3: offshor wind,
3,offshor wind,3: offshor wind,
3,offshor wind,3: offshor wind,
3,offshor wind,3: offshor wind,
3,offshor wind,3: offshor wind,
3,offshor wind,3: offshor wind,
3,offshor wind,3: offshor wind,
3,offshor wind,3: offshor wind,
3,offshor wind,3: offshor wind,
3,offshor wind,3: offshor wind,
3,offshor wind,3: offshor wind,
3,offshor wind,3: offshor wind,
3,offshor wind,3: offshor wind,
3,offshor wind,3: offshor wind,
3,offshor wind,3: offshor wind,
3,offshor wind,3: offshor wind,
3,offshor wind,3: offshor wind,
3,offshor wind,3: offshor wind,
3,offshor wind,3: offshor wind,
3,offshor wind,3: offshor wind,
3,offshor wind,3: offshor wind,
3,offshor wind,3: offshor wind,
3,offshor wind,3: offshor wind,
3,offshor wind,3: offshor wind,
3,offshor wind,3: offshor wind,
3,offshor wind,3: offshor wind,
3,offshor wind,3: offshor wind,
3,offshor wind,3: offshor wind,
3,offshor wind,3: offshor wind,
3,offshor wind,3: offshor wind,
3,offshor wind,3: offshor wind,
3,offshor wind,3: offshor wind,
3,offshor wind,3: offshor wind,
3,offshor wind,3: offshor wind,
3,offshor wind,3: offshor wind,
3,offshor wind,3: offshor wind,
3,offshor wind,3: offshor wind,
3,offshor wind,3: offshor wind,
3,offshor wind,3: offshor wind,
3,offshor wind,3: offshor wind,
3,offshor wind,3: offshor wind,
3,offshor wind,3: offshor wind,
3,offshor wind,3: offshor wind,
3,offshor wind,3: offshor wind,
3,offshor wind,3: offshor wind,
3,offshor wind,3: offshor wind,
3,offshor wind,3: offshor wind,
3,offshor wind,3: offshor wind,
3,offshor wind,3: offshor wind,
3,offshor wind,3: offshor wind,
3,offshor wind,3: offshor wind,
3,offshor wind,3: offshor wind,
3,offshor wind,3: offshor wind,
3,offshor wind,3: offshor wind,
3,offshor wind,3: offshor wind,
3,offshor wind,3: offshor wind,
3,offshor wind,3: offshor wind,
3,offshor wind,3: offshor wind,
3,offshor wind,3: offshor wind,
3,offshor wind,3: offshor wind,
3,offshor wind,3: offshor wind,
3,offshor wind,3: offshor wind,
3,offshor wind,3: offshor wind,
3,offshor wind,3: offshor wind,
3,offshor wind,3: offshor wind,
3,offshor wind,3: offshor wind,
3,offshor wind,3: offshor wind,
3,offshor wind,3: offshor wind,
3,offshor wind,3: offshor wind,
3,offshor wind,3: offshor wind,
3,offshor wind,3: offshor wind,
3,offshor wind,3: offshor wind,
3,offshor wind,3: offshor wind,
3,offshor wind,3: offshor wind,
3,offshor wind,3: offshor wind,
3,offshor wind,3: offshor wind,
3,offshor wind,3: offshor wind,
3,offshor wind,3: offshor wind,
3,offshor wind,3: offshor wind,
3,offshor wind,3: offshor wind,
3,offshor wind,3: offshor wind,
3,offshor wind,3: offshor wind,
3,offshor wind,3: offshor wind,
3,offshor wind,3: offshor wind,
3,offshor wind,3: offshor wind,
3,offshor wind,3: offshor wind,
3,offshor wind,3: offshor wind,
3,offshor wind,3: offshor wind,
3,offshor wind,3: offshor wind,
3,offshor wind,3: offshor wind,
3,offshor wind,3: offshor wind,
3,offshor wind,3: offshor wind,
3,offshor wind,3: offshor wind,
3,offshor wind,3: offshor wind,
3,offshor wind,3: offshor wind,
3,offshor wind,3: offshor wind,
3,offshor wind,3: offshor wind,
9,wind farm,9: wind farm,
9,wind farm,9: wind farm,
9,wind farm,9: wind farm,
9,wind farm,9: wind farm,
9,wind farm,9: wind farm,
9,wind farm,9: wind farm,
9,wind farm,9: wind farm,
9,wind farm,9: wind farm,
9,wind farm,9: wind farm,
9,wind farm,9: wind farm,
9,wind farm,9: wind farm,
9,wind farm,9: wind farm,
9,wind farm,9: wind farm,
9,wind farm,9: wind farm,
9,wind farm,9: wind farm,
9,wind farm,9: wind farm,
9,wind farm,9: wind farm,
9,wind farm,9: wind farm,
9,wind farm,9: wind farm,
9,wind farm,9: wind farm,
9,wind farm,9: wind farm,
9,wind farm,9: wind farm,
9,wind farm,9: wind farm,
9,wind farm,9: wind farm,
9,wind farm,9: wind farm,
9,wind farm,9: wind farm,
9,wind farm,9: wind farm,
9,wind farm,9: wind farm,
9,wind farm,9: wind farm,
9,wind farm,9: wind farm,
9,wind farm,9: wind farm,
9,wind farm,9: wind farm,
9,wind farm,9: wind farm,
9,wind farm,9: wind farm,
9,wind farm,9: wind farm,
9,wind farm,9: wind farm,
9,wind farm,9: wind farm,
9,wind farm,9: wind farm,
9,wind farm,9: wind farm,
9,wind farm,9: wind farm,
9,wind farm,9: wind farm,
9,wind farm,9: wind farm,
9,wind farm,9: wind farm,
9,wind farm,9: wind farm,
9,wind farm,9: wind farm,
9,wind farm,9: wind farm,
9,wind farm,9: wind farm,
9,wind farm,9: wind farm,
9,wind farm,9: wind farm,
9,wind farm,9: wind farm,
9,wind farm,9: wind farm,
9,wind farm,9: wind farm,
9,wind farm,9: wind farm,
9,wind farm,9: wind farm,
9,wind farm,9: wind farm,
9,wind farm,9: wind farm,
9,wind farm,9: wind farm,
9,wind farm,9: wind farm,
9,wind farm,9: wind farm,
9,wind farm,9: wind farm,
9,wind farm,9: wind farm,
9,wind farm,9: wind farm,
9,wind farm,9: wind farm,
9,wind farm,9: wind farm,
9,wind farm,9: wind farm,
9,wind farm,9: wind farm,
9,wind farm,9: wind farm,
9,wind farm,9: wind farm,
9,wind farm,9: wind farm,
9,wind farm,9: wind farm,
9,wind farm,9: wind farm,
9,wind farm,9: wind farm,
9,wind farm,9: wind farm,
9,wind farm,9: wind farm,
9,wind farm,9: wind farm,
9,wind farm,9: wind farm,
9,wind farm,9: wind farm,
9,wind farm,9: wind farm,
9,wind farm,9: wind farm,
9,wind farm,9: wind farm,
9,wind farm,9: wind farm,
9,wind farm,9: wind farm,
9,wind farm,9: wind farm,
9,wind farm,9: wind farm,
9,wind farm,9: wind farm,
9,wind farm,9: wind farm,
9,wind farm,9: wind farm,
9,wind farm,9: wind farm,
9,wind farm,9: wind farm,
9,wind farm,9: wind farm,
9,wind farm,9: wind farm,
9,wind farm,9: wind farm,
9,wind farm,9: wind farm,
9,wind farm,9: wind farm,
9,wind farm,9: wind farm,
9,wind farm,9: wind farm,
9,wind farm,9: wind farm,
9,wind farm,9: wind farm,
9,wind farm,9: wind farm,
9,wind farm,9: wind farm,
9,wind farm,9: wind farm,
9,wind farm,9: wind farm,
9,wind farm,9: wind farm,
9,wind farm,9: wind farm,
9,wind farm,9: wind farm,
9,wind farm,9: wind farm,
9,wind farm,9: wind farm,
9,wind farm,9: wind farm,
9,wind farm,9: wind farm,
9,wind farm,9: wind farm,
9,wind farm,9: wind farm,
9,wind farm,9: wind farm,
9,wind farm,9: wind farm,
9,wind farm,9: wind farm,
9,wind farm,9: wind farm,
9,wind farm,9: wind farm,
9,wind farm,9: wind farm,
9,wind farm,9: wind farm,
9,wind farm,9: wind farm,
9,wind farm,9: wind farm,
9,wind farm,9: wind farm,
9,wind farm,9: wind farm,
9,wind farm,9: wind farm,
9,wind farm,9: wind farm,
9,wind farm,9: wind farm,
9,wind farm,9: wind farm,
9,wind farm,9: wind farm,
9,wind farm,9: wind farm,
9,wind farm,9: wind farm,
9,wind farm,9: wind farm,
9,wind farm,9: wind farm,
9,wind farm,9: wind farm,
9,wind farm,9: wind farm,
9,wind farm,9: wind farm,
9,wind farm,9: wind farm,
9,wind farm,9: wind farm,
9,wind farm,9: wind farm,
9,wind farm,9: wind farm,
9,wind farm,9: wind farm,
9,wind farm,9: wind farm,
9,wind farm,9: wind farm,
9,wind farm,9: wind farm,
9,wind farm,9: wind farm,
9,wind farm,9: wind farm,
9,wind farm,9: wind farm,
9,wind farm,9: wind farm,
9,wind farm,9: wind farm,
9,wind farm,9: wind farm,
9,wind farm,9: wind farm,
9,wind farm,9: wind farm,
9,wind farm,9: wind farm,
9,wind farm,9: wind farm,
9,wind farm,9: wind farm,
9,wind farm,9: wind farm,
9,wind farm,9: wind farm,
9,wind farm,9: wind farm,
9,wind farm,9: wind farm,
9,wind farm,9: wind farm,
9,wind farm,9: wind farm,
9,wind farm,9: wind farm,
9,wind farm,9: wind farm,
7,renew energi,7: renew energi,
7,renew energi,7: renew energi,
7,renew energi,7: renew energi,
7,renew energi,7: renew energi,
7,renew energi,7: renew energi,
7,renew energi,7: renew energi,
7,renew energi,7: renew energi,
7,renew energi,7: renew energi,
7,renew energi,7: renew energi,
7,renew energi,7: renew energi,
7,renew energi,7: renew energi,
7,renew energi,7: renew energi,
7,renew energi,7: renew energi,
7,renew energi,7: renew energi,
7,renew energi,7: renew energi,
7,renew energi,7: renew energi,
7,renew energi,7: renew energi,
7,renew energi,7: renew energi,
7,renew energi,7: renew energi,
7,renew energi,7: renew energi,
7,renew energi,7: renew energi,
7,renew energi,7: renew energi,
7,renew energi,7: renew energi,
7,renew energi,7: renew energi,
7,renew energi,7: renew energi,
7,renew energi,7: renew energi,
7,renew energi,7: renew energi,
7,renew energi,7: renew energi,
7,renew energi,7: renew energi,
7,renew energi,7: renew energi,
7,renew energi,7: renew energi,
7,renew energi,7: renew energi,
7,renew energi,7: renew energi,
7,renew energi,7: renew energi,
7,renew energi,7: renew energi,
7,renew energi,7: renew energi,
7,renew energi,7: renew energi,
7,renew energi,7: renew energi,
7,renew energi,7: renew energi,
7,renew energi,7: renew energi,
7,renew energi,7: renew energi,
7,renew energi,7: renew energi,
7,renew energi,7: renew energi,
7,renew energi,7: renew energi,
7,renew energi,7: renew energi,
7,renew energi,7: renew energi,
7,renew energi,7: renew energi,
7,renew energi,7: renew energi,
7,renew energi,7: renew energi,
7,renew energi,7: renew energi,
7,renew energi,7: renew energi,
7,renew energi,7: renew energi,
7,renew energi,7: renew energi,
7,renew energi,7: renew energi,
7,renew energi,7: renew energi,
7,renew energi,7: renew energi,
7,renew energi,7: renew energi,
7,renew energi,7: renew energi,
7,renew energi,7: renew energi,
7,renew energi,7: renew energi,
7,renew energi,7: renew energi,
7,renew energi,7: renew energi,
7,renew energi,7: renew energi,
7,renew energi,7: renew energi,
7,renew energi,7: renew energi,
7,renew energi,7: renew energi,
7,renew energi,7: renew energi,
7,renew energi,7: renew energi,
7,renew energi,7: renew energi,
7,renew energi,7: renew energi,
7,renew energi,7: renew energi,
7,renew energi,7: renew energi,
7,renew energi,7: renew energi,
7,renew energi,7: renew energi,
7,renew energi,7: renew energi,
7,renew energi,7: renew energi,
7,renew energi,7: renew energi,
7,renew energi,7: renew energi,
7,renew energi,7: renew energi,
7,renew energi,7: renew energi,
7,renew energi,7: renew energi,
7,renew energi,7: renew energi,
7,renew energi,7: renew energi,
7,renew energi,7: renew energi,
7,renew energi,7: renew energi,
7,renew energi,7: renew energi,
7,renew energi,7: renew energi,
7,renew energi,7: renew energi,
7,renew energi,7: renew energi,
7,renew energi,7: renew energi,
7,renew energi,7: renew energi,
7,renew energi,7: renew energi,
7,renew energi,7: renew energi,
7,renew energi,7: renew energi,
7,renew energi,7: renew energi,
7,renew energi,7: renew energi,
7,renew energi,7: renew energi,
7,renew energi,7: renew energi,
7,renew energi,7: renew energi,
7,renew energi,7: renew energi,
7,renew energi,7: renew energi,
7,renew energi,7: renew energi,
7,renew energi,7: renew energi,
7,renew energi,7: renew energi,
7,renew energi,7: renew energi,
7,renew energi,7: renew energi,
7,renew energi,7: renew energi,
7,renew energi,7: renew energi,
7,renew energi,7: renew energi,
7,renew energi,7: renew energi,
7,renew energi,7: renew energi,
7,renew energi,7: renew energi,
7,renew energi,7: renew energi,
7,renew energi,7: renew energi,
7,renew energi,7: renew energi,
7,renew energi,7: renew energi,
7,renew energi,7: renew energi,
7,renew energi,7: renew energi,
7,renew energi,7: renew energi,
7,renew energi,7: renew energi,
7,renew energi,7: renew energi,
7,renew energi,7: renew energi,
7,renew energi,7: renew energi,
7,renew energi,7: renew energi,
7,renew energi,7: renew energi,
7,renew energi,7: renew energi,
7,renew energi,7: renew energi,
7,renew energi,7: renew energi,
7,renew energi,7: renew energi,
7,renew energi,7: renew energi,
7,renew energi,7: renew energi,
7,renew energi,7: renew energi,
7,renew energi,7: renew energi,
7,renew energi,7: renew energi,
7,renew energi,7: renew energi,
7,renew energi,7: renew energi,
7,renew energi,7: renew energi,
7,renew energi,7: renew energi,
7,renew energi,7: renew energi,
7,renew energi,7: renew energi,
7,renew energi,7: renew energi,
7,renew energi,7: renew energi,
7,renew energi,7: renew energi,
7,renew energi,7: renew energi,
7,renew energi,7: renew energi,
7,renew energi,7: renew energi,
7,renew energi,7: renew energi,
7,renew energi,7: renew energi,
7,renew energi,7: renew energi,
7,renew energi,7: renew energi,
7,renew energi,7: renew energi,
7,renew energi,7: renew energi,
7,renew energi,7: renew energi,
7,renew energi,7: renew energi,
7,renew energi,7: renew energi,
7,renew energi,7: renew energi,
7,renew energi,7: renew energi,
7,renew energi,7: renew energi,
7,renew energi,7: renew energi,
7,renew energi,7: renew energi,
7,renew energi,7: renew energi,
7,renew energi,7: renew energi,
7,renew energi,7: renew energi,
7,renew energi,7: renew energi,
7,renew energi,7: renew energi,
7,renew energi,7: renew energi,
7,renew energi,7: renew energi,
7,renew energi,7: renew energi,
7,renew energi,7: renew energi,
7,renew energi,7: renew energi,
7,renew energi,7: renew energi,
7,renew energi,7: renew energi,
7,renew energi,7: renew energi,
7,renew energi,7: renew energi,
7,renew energi,7: renew energi,
7,renew energi,7: renew energi,
7,renew energi,7: renew energi,
7,renew energi,7: renew energi,
7,renew energi,7: renew energi,
7,renew energi,7: renew energi,
7,renew energi,7: renew energi,
7,renew energi,7: renew energi,
7,renew energi,7: renew energi,
7,renew energi,7: renew energi,
7,renew energi,7: renew energi,
7,renew energi,7: renew energi,
7,renew energi,7: renew energi,
7,renew energi,7: renew energi,
7,renew energi,7: renew energi,
7,renew energi,7: renew energi,
7,renew energi,7: renew energi,
7,renew energi,7: renew energi,
7,renew energi,7: renew energi,
7,renew energi,7: renew energi,
7,renew energi,7: renew energi,
7,renew energi,7: renew energi,
7,renew energi,7: renew energi,
7,renew energi,7: renew energi,
7,renew energi,7: renew energi,
7,renew energi,7: renew energi,
7,renew energi,7: renew energi,
7,renew energi,7: renew energi,
7,renew energi,7: renew energi,
7,renew energi,7: renew energi,
7,renew energi,7: renew energi,
7,renew energi,7: renew energi,
7,renew energi,7: renew energi,
7,renew energi,7: renew energi,
7,renew energi,7: renew energi,
7,renew energi,7: renew energi,
7,renew energi,7: renew energi,
7,renew energi,7: renew energi,
7,renew energi,7: renew energi,
7,renew energi,7: renew energi,
7,renew energi,7: renew energi,
7,renew energi,7: renew energi,
7,renew energi,7: renew energi,
7,renew energi,7: renew energi,
7,renew energi,7: renew energi,
7,renew energi,7: renew energi,
7,renew energi,7: renew energi,
7,renew energi,7: renew energi,
7,renew energi,7: renew energi,
7,renew energi,7: renew energi,
7,renew energi,7: renew energi,
7,renew energi,7: renew energi,
7,renew energi,7: renew energi,
7,renew energi,7: renew energi,
7,renew energi,7: renew energi,
7,renew energi,7: renew energi,
7,renew energi,7: renew energi,
7,renew energi,7: renew energi,
7,renew energi,7: renew energi,
7,renew energi,7: renew energi,
7,renew energi,7: renew energi,
7,renew energi,7: renew energi,
7,renew energi,7: renew energi,
7,renew energi,7: renew energi,
7,renew energi,7: renew energi,
7,renew energi,7: renew energi,
7,renew energi,7: renew energi,
7,renew energi,7: renew energi,
7,renew energi,7: renew energi,
7,renew energi,7: renew energi,
7,renew energi,7: renew energi,
7,renew energi,7: renew energi,
7,renew energi,7: renew energi,
7,renew energi,7: renew energi,
7,renew energi,7: renew energi,
7,renew energi,7: renew energi,
7,renew energi,7: renew energi,
7,renew energi,7: renew energi,
7,renew energi,7: renew energi,
7,renew energi,7: renew energi,
7,renew energi,7: renew energi,
7,renew energi,7: renew energi,
7,renew energi,7: renew energi,
7,renew energi,7: renew energi,
7,renew energi,7: renew energi,
7,renew energi,7: renew energi,
7,renew energi,7: renew energi,
7,renew energi,7: renew energi,
7,renew energi,7: renew energi,
7,renew energi,7: renew energi,
7,renew energi,7: renew energi,
7,renew energi,7: renew energi,
7,renew energi,7: renew energi,
7,renew energi,7: renew energi,
7,renew energi,7: renew energi,
7,renew energi,7: renew energi,
7,renew energi,7: renew energi,
7,renew energi,7: renew energi,
7,renew energi,7: renew energi,
7,renew energi,7: renew energi,
7,renew energi,7: renew energi,
7,renew energi,7: renew energi,
7,renew energi,7: renew energi,
7,renew energi,7: renew energi,
7,renew energi,7: renew energi,
7,renew energi,7: renew energi,
7,renew energi,7: renew energi,
7,renew energi,7: renew energi,
7,renew energi,7: renew energi,
7,renew energi,7: renew energi,
7,renew energi,7: renew energi,
7,renew energi,7: renew energi,
7,renew energi,7: renew energi,
7,renew energi,7: renew energi,
7,renew energi,7: renew energi,
7,renew energi,7: renew energi,
7,renew energi,7: renew energi,
7,renew energi,7: renew energi,
9,wind farm,9: wind farm,
9,wind farm,9: wind farm,
9,wind farm,9: wind farm,
9,wind farm,9: wind farm,
9,wind farm,9: wind farm,
9,wind farm,9: wind farm,
9,wind farm,9: wind farm,
9,wind farm,9: wind farm,
9,wind farm,9: wind farm,
9,wind farm,9: wind farm,
9,wind farm,9: wind farm,
9,wind farm,9: wind farm,
9,wind farm,9: wind farm,
9,wind farm,9: wind farm,
9,wind farm,9: wind farm,
9,wind farm,9: wind farm,
9,wind farm,9: wind farm,
9,wind farm,9: wind farm,
9,wind farm,9: wind farm,
9,wind farm,9: wind farm,
9,wind farm,9: wind farm,
9,wind farm,9: wind farm,
9,wind farm,9: wind farm,
9,wind farm,9: wind farm,
9,wind farm,9: wind farm,
9,wind farm,9: wind farm,
9,wind farm,9: wind farm,
9,wind farm,9: wind farm,
9,wind farm,9: wind farm,
9,wind farm,9: wind farm,
9,wind farm,9: wind farm,
9,wind farm,9: wind farm,
9,wind farm,9: wind farm,
9,wind farm,9: wind farm,
9,wind farm,9: wind farm,
9,wind farm,9: wind farm,
9,wind farm,9: wind farm,
9,wind farm,9: wind farm,
9,wind farm,9: wind farm,
9,wind farm,9: wind farm,
9,wind farm,9: wind farm,
9,wind farm,9: wind farm,
9,wind farm,9: wind farm,
9,wind farm,9: wind farm,
9,wind farm,9: wind farm,
9,wind farm,9: wind farm,
9,wind farm,9: wind farm,
9,wind farm,9: wind farm,
9,wind farm,9: wind farm,
9,wind farm,9: wind farm,
9,wind farm,9: wind farm,
9,wind farm,9: wind farm,
9,wind farm,9: wind farm,
9,wind farm,9: wind farm,
9,wind farm,9: wind farm,
9,wind farm,9: wind farm,
9,wind farm,9: wind farm,
9,wind farm,9: wind farm,
9,wind farm,9: wind farm,
9,wind farm,9: wind farm,
9,wind farm,9: wind farm,
9,wind farm,9: wind farm,
9,wind farm,9: wind farm,
9,wind farm,9: wind farm,
9,wind farm,9: wind farm,
9,wind farm,9: wind farm,
9,wind farm,9: wind farm,
9,wind farm,9: wind farm,
9,wind farm,9: wind farm,
9,wind farm,9: wind farm,
9,wind farm,9: wind farm,
9,wind farm,9: wind farm,
9,wind farm,9: wind farm,
9,wind farm,9: wind farm,
9,wind farm,9: wind farm,
9,wind farm,9: wind farm,
9,wind farm,9: wind farm,
9,wind farm,9: wind farm,
9,wind farm,9: wind farm,
9,wind farm,9: wind farm,
9,wind farm,9: wind farm,
9,wind farm,9: wind farm,
9,wind farm,9: wind farm,
9,wind farm,9: wind farm,
9,wind farm,9: wind farm,
9,wind farm,9: wind farm,
9,wind farm,9: wind farm,
9,wind farm,9: wind farm,
9,wind farm,9: wind farm,
9,wind farm,9: wind farm,
9,wind farm,9: wind farm,
9,wind farm,9: wind farm,
9,wind farm,9: wind farm,
9,wind farm,9: wind farm,
9,wind farm,9: wind farm,
9,wind farm,9: wind farm,
9,wind farm,9: wind farm,
9,wind farm,9: wind farm,
9,wind farm,9: wind farm,
9,wind farm,9: wind farm,
9,wind farm,9: wind farm,
9,wind farm,9: wind farm,
9,wind farm,9: wind farm,
9,wind farm,9: wind farm,
9,wind farm,9: wind farm,
9,wind farm,9: wind farm,
9,wind farm,9: wind farm,
9,wind farm,9: wind farm,
9,wind farm,9: wind farm,
9,wind farm,9: wind farm,
9,wind farm,9: wind farm,
9,wind farm,9: wind farm,
9,wind farm,9: wind farm,
9,wind farm,9: wind farm,
9,wind farm,9: wind farm,
9,wind farm,9: wind farm,
9,wind farm,9: wind farm,
9,wind farm,9: wind farm,
9,wind farm,9: wind farm,
9,wind farm,9: wind farm,
9,wind farm,9: wind farm,
9,wind farm,9: wind farm,
9,wind farm,9: wind farm,
9,wind farm,9: wind farm,
9,wind farm,9: wind farm,
9,wind farm,9: wind farm,
9,wind farm,9: wind farm,
9,wind farm,9: wind farm,
9,wind farm,9: wind farm,
9,wind farm,9: wind farm,
9,wind farm,9: wind farm,
9,wind farm,9: wind farm,
9,wind farm,9: wind farm,
9,wind farm,9: wind farm,
9,wind farm,9: wind farm,
9,wind farm,9: wind farm,
9,wind farm,9: wind farm,
9,wind farm,9: wind farm,
9,wind farm,9: wind farm,
9,wind farm,9: wind farm,
9,wind farm,9: wind farm,
9,wind farm,9: wind farm,
9,wind farm,9: wind farm,
9,wind farm,9: wind farm,
9,wind farm,9: wind farm,
9,wind farm,9: wind farm,
9,wind farm,9: wind farm,
9,wind farm,9: wind farm,
9,wind farm,9: wind farm,
9,wind farm,9: wind farm,
9,wind farm,9: wind farm,
9,wind farm,9: wind farm,
9,wind farm,9: wind farm,
9,wind farm,9: wind farm,
9,wind farm,9: wind farm,
9,wind farm,9: wind farm,
9,wind farm,9: wind farm,
9,wind farm,9: wind farm,
9,wind farm,9: wind farm,
9,wind farm,9: wind farm,
9,wind farm,9: wind farm,
9,wind farm,9: wind farm,
9,wind farm,9: wind farm,
9,wind farm,9: wind farm,
9,wind farm,9: wind farm,
9,wind farm,9: wind farm,
9,wind farm,9: wind farm,
9,wind farm,9: wind farm,
9,wind farm,9: wind farm,
9,wind farm,9: wind farm,
9,wind farm,9: wind farm,
9,wind farm,9: wind farm,
9,wind farm,9: wind farm,
9,wind farm,9: wind farm,
9,wind farm,9: wind farm,
9,wind farm,9: wind farm,
9,wind farm,9: wind farm,
9,wind farm,9: wind farm,
9,wind farm,9: wind farm,
9,wind farm,9: wind farm,
9,wind farm,9: wind farm,
9,wind farm,9: wind farm,
9,wind farm,9: wind farm,
9,wind farm,9: wind farm,
9,wind farm,9: wind farm,
9,wind farm,9: wind farm,
9,wind farm,9: wind farm,
9,wind farm,9: wind farm,
9,wind farm,9: wind farm,
9,wind farm,9: wind farm,
9,wind farm,9: wind farm,
9,wind farm,9: wind farm,
9,wind farm,9: wind farm,
9,wind farm,9: wind farm,
9,wind farm,9: wind farm,
9,wind farm,9: wind farm,
9,wind farm,9: wind farm,
9,wind farm,9: wind farm,
9,wind farm,9: wind farm,
9,wind farm,9: wind farm,
9,wind farm,9: wind farm,
9,wind farm,9: wind farm,
9,wind farm,9: wind farm,
9,wind farm,9: wind farm,
9,wind farm,9: wind farm,
9,wind farm,9: wind farm,
9,wind farm,9: wind farm,
9,wind farm,9: wind farm,
9,wind farm,9: wind farm,
9,wind farm,9: wind farm,
9,wind farm,9: wind farm,
9,wind farm,9: wind farm,
9,wind farm,9: wind farm,
9,wind farm,9: wind farm,
9,wind farm,9: wind farm,
9,wind farm,9: wind farm,
9,wind farm,9: wind farm,
9,wind farm,9: wind farm,
9,wind farm,9: wind farm,
9,wind farm,9: wind farm,
9,wind farm,9: wind farm,
9,wind farm,9: wind farm,
9,wind farm,9: wind farm,
9,wind farm,9: wind farm,
9,wind farm,9: wind farm,
9,wind farm,9: wind farm,
9,wind farm,9: wind farm,
9,wind farm,9: wind farm,
9,wind farm,9: wind farm,
9,wind farm,9: wind farm,
9,wind farm,9: wind farm,
9,wind farm,9: wind farm,
9,wind farm,9: wind farm,
9,wind farm,9: wind farm,
9,wind farm,9: wind farm,
9,wind farm,9: wind farm,
9,wind farm,9: wind farm,
9,wind farm,9: wind farm,
9,wind farm,9: wind farm,
9,wind farm,9: wind farm,
9,wind farm,9: wind farm,
9,wind farm,9: wind farm,
9,wind farm,9: wind farm,
9,wind farm,9: wind farm,
9,wind farm,9: wind farm,
9,wind farm,9: wind farm,
9,wind farm,9: wind farm,
9,wind farm,9: wind farm,
9,wind farm,9: wind farm,
9,wind farm,9: wind farm,
9,wind farm,9: wind farm,
9,wind farm,9: wind farm,
9,wind farm,9: wind farm,
9,wind farm,9: wind farm,
9,wind farm,9: wind farm,
9,wind farm,9: wind farm,
9,wind farm,9: wind farm,
9,wind farm,9: wind farm,
9,wind farm,9: wind farm,
9,wind farm,9: wind farm,
9,wind farm,9: wind farm,
9,wind farm,9: wind farm,
9,wind farm,9: wind farm,
9,wind farm,9: wind farm,
9,wind farm,9: wind farm,
9,wind farm,9: wind farm,
9,wind farm,9: wind farm,
9,wind farm,9: wind farm,
9,wind farm,9: wind farm,
9,wind farm,9: wind farm,
9,wind farm,9: wind farm,
9,wind farm,9: wind farm,
9,wind farm,9: wind farm,
9,wind farm,9: wind farm,
9,wind farm,9: wind farm,
9,wind farm,9: wind farm,
9,wind farm,9: wind farm,
9,wind farm,9: wind farm,
9,wind farm,9: wind farm,
9,wind farm,9: wind farm,
9,wind farm,9: wind farm,
9,wind farm,9: wind farm,
9,wind farm,9: wind farm,
9,wind farm,9: wind farm,
9,wind farm,9: wind farm,
9,wind farm,9: wind farm,
9,wind farm,9: wind farm,
9,wind farm,9: wind farm,
9,wind farm,9: wind farm,
9,wind farm,9: wind farm,
9,wind farm,9: wind farm,
9,wind farm,9: wind farm,
9,wind farm,9: wind farm,
9,wind farm,9: wind farm,
9,wind farm,9: wind farm,
9,wind farm,9: wind farm,
9,wind farm,9: wind farm,
9,wind farm,9: wind farm,
9,wind farm,9: wind farm,
9,wind farm,9: wind farm,
9,wind farm,9: wind farm,
9,wind farm,9: wind farm,
9,wind farm,9: wind farm,
9,wind farm,9: wind farm,
9,wind farm,9: wind farm,
9,wind farm,9: wind farm,
9,wind farm,9: wind farm,
9,wind farm,9: wind farm,
9,wind farm,9: wind farm,
9,wind farm,9: wind farm,
9,wind farm,9: wind farm,
9,wind farm,9: wind farm,
9,wind farm,9: wind farm,
9,wind farm,9: wind farm,
9,wind farm,9: wind farm,
9,wind farm,9: wind farm,
9,wind farm,9: wind farm,
9,wind farm,9: wind farm,
9,wind farm,9: wind farm,
9,wind farm,9: wind farm,
9,wind farm,9: wind farm,
9,wind farm,9: wind farm,
9,wind farm,9: wind farm,
9,wind farm,9: wind farm,
9,wind farm,9: wind farm,
9,wind farm,9: wind farm,
9,wind farm,9: wind farm,
9,wind farm,9: wind farm,
9,wind farm,9: wind farm,
9,wind farm,9: wind farm,
9,wind farm,9: wind farm,
9,wind farm,9: wind farm,
9,wind farm,9: wind farm,
9,wind farm,9: wind farm,
9,wind farm,9: wind farm,
9,wind farm,9: wind farm,
9,wind farm,9: wind farm,
9,wind farm,9: wind farm,
9,wind farm,9: wind farm,
9,wind farm,9: wind farm,
9,wind farm,9: wind farm,
9,wind farm,9: wind farm,
9,wind farm,9: wind farm,
9,wind farm,9: wind farm,
9,wind farm,9: wind farm,
9,wind farm,9: wind farm,
9,wind farm,9: wind farm,
9,wind farm,9: wind farm,
9,wind farm,9: wind farm,
9,wind farm,9: wind farm,
9,wind farm,9: wind farm,
9,wind farm,9: wind farm,
9,wind farm,9: wind farm,
9,wind farm,9: wind farm,
9,wind farm,9: wind farm,
9,wind farm,9: wind farm,
9,wind farm,9: wind farm,
9,wind farm,9: wind farm,
9,wind farm,9: wind farm,
9,wind farm,9: wind farm,
9,wind farm,9: wind farm,
9,wind farm,9: wind farm,
9,wind farm,9: wind farm,
9,wind farm,9: wind farm,
9,wind farm,9: wind farm,
9,wind farm,9: wind farm,
9,wind farm,9: wind farm,
9,wind farm,9: wind farm,
9,wind farm,9: wind farm,
9,wind farm,9: wind farm,
9,wind farm,9: wind farm,
9,wind farm,9: wind farm,
9,wind farm,9: wind farm,
9,wind farm,9: wind farm,
9,wind farm,9: wind farm,
9,wind farm,9: wind farm,
9,wind farm,9: wind farm,
9,wind farm,9: wind farm,
9,wind farm,9: wind farm,
9,wind farm,9: wind farm,
9,wind farm,9: wind farm,
9,wind farm,9: wind farm,
9,wind farm,9: wind farm,
9,wind farm,9: wind farm,
9,wind farm,9: wind farm,
9,wind farm,9: wind farm,
9,wind farm,9: wind farm,
9,wind farm,9: wind farm,
9,wind farm,9: wind farm,
9,wind farm,9: wind farm,
9,wind farm,9: wind farm,
9,wind farm,9: wind farm,
9,wind farm,9: wind farm,
9,wind farm,9: wind farm,
9,wind farm,9: wind farm,
9,wind farm,9: wind farm,
9,wind farm,9: wind farm,
9,wind farm,9: wind farm,
9,wind farm,9: wind farm,
9,wind farm,9: wind farm,
9,wind farm,9: wind farm,
9,wind farm,9: wind farm,
9,wind farm,9: wind farm,
9,wind farm,9: wind farm,
9,wind farm,9: wind farm,
9,wind farm,9: wind farm,
9,wind farm,9: wind farm,
9,wind farm,9: wind farm,
9,wind farm,9: wind farm,
9,wind farm,9: wind farm,
9,wind farm,9: wind farm,
9,wind farm,9: wind farm,
9,wind farm,9: wind farm,
9,wind farm,9: wind farm,
9,wind farm,9: wind farm,
9,wind farm,9: wind farm,
9,wind farm,9: wind farm,
9,wind farm,9: wind farm,
9,wind farm,9: wind farm,
9,wind farm,9: wind farm,
9,wind farm,9: wind farm,
9,wind farm,9: wind farm,
9,wind farm,9: wind farm,
9,wind farm,9: wind farm,
9,wind farm,9: wind farm,
9,wind farm,9: wind farm,
9,wind farm,9: wind farm,
9,wind farm,9: wind farm,
9,wind farm,9: wind farm,
9,wind farm,9: wind farm,
9,wind farm,9: wind farm,
9,wind farm,9: wind farm,
9,wind farm,9: wind farm,
9,wind farm,9: wind farm,
9,wind farm,9: wind farm,
9,wind farm,9: wind farm,
9,wind farm,9: wind farm,
9,wind farm,9: wind farm,
9,wind farm,9: wind farm,
9,wind farm,9: wind farm,
9,wind farm,9: wind farm,
9,wind farm,9: wind farm,
9,wind farm,9: wind farm,
9,wind farm,9: wind farm,
9,wind farm,9: wind farm,
9,wind farm,9: wind farm,
9,wind farm,9: wind farm,
9,wind farm,9: wind farm,
9,wind farm,9: wind farm,
9,wind farm,9: wind farm,
9,wind farm,9: wind farm,
9,wind farm,9: wind farm,
9,wind farm,9: wind farm,
9,wind farm,9: wind farm,
9,wind farm,9: wind farm,
9,wind farm,9: wind farm,
9,wind farm,9: wind farm,
9,wind farm,9: wind farm,
9,wind farm,9: wind farm,
9,wind farm,9: wind farm,
9,wind farm,9: wind farm,
9,wind farm,9: wind farm,
9,wind farm,9: wind farm,
9,wind farm,9: wind farm,
9,wind farm,9: wind farm,
9,wind farm,9: wind farm,
9,wind farm,9: wind farm,
9,wind farm,9: wind farm,
9,wind farm,9: wind farm,
9,wind farm,9: wind farm,
9,wind farm,9: wind farm,
9,wind farm,9: wind farm,
9,wind farm,9: wind farm,
9,wind farm,9: wind farm,
9,wind farm,9: wind farm,
9,wind farm,9: wind farm,
9,wind farm,9: wind farm,
9,wind farm,9: wind farm,
9,wind farm,9: wind farm,
9,wind farm,9: wind farm,
9,wind farm,9: wind farm,
9,wind farm,9: wind farm,
9,wind farm,9: wind farm,
5,offshor grid,5: offshor grid,
5,offshor grid,5: offshor grid,
5,offshor grid,5: offshor grid,
5,offshor grid,5: offshor grid,
5,offshor grid,5: offshor grid,
5,offshor grid,5: offshor grid,
5,offshor grid,5: offshor grid,
5,offshor grid,5: offshor grid,
5,offshor grid,5: offshor grid,
5,offshor grid,5: offshor grid,
5,offshor grid,5: offshor grid,
5,offshor grid,5: offshor grid,
5,offshor grid,5: offshor grid,
5,offshor grid,5: offshor grid,
5,offshor grid,5: offshor grid,
5,offshor grid,5: offshor grid,
5,offshor grid,5: offshor grid,
5,offshor grid,5: offshor grid,
5,offshor grid,5: offshor grid,
5,offshor grid,5: offshor grid,
5,offshor grid,5: offshor grid,
5,offshor grid,5: offshor grid,
5,offshor grid,5: offshor grid,
5,offshor grid,5: offshor grid,
5,offshor grid,5: offshor grid,
5,offshor grid,5: offshor grid,
5,offshor grid,5: offshor grid,
5,offshor grid,5: offshor grid,
5,offshor grid,5: offshor grid,
5,offshor grid,5: offshor grid,
5,offshor grid,5: offshor grid,
5,offshor grid,5: offshor grid,
5,offshor grid,5: offshor grid,
5,offshor grid,5: offshor grid,
5,offshor grid,5: offshor grid,
5,offshor grid,5: offshor grid,
5,offshor grid,5: offshor grid,
5,offshor grid,5: offshor grid,
5,offshor grid,5: offshor grid,
5,offshor grid,5: offshor grid,
5,offshor grid,5: offshor grid,
5,offshor grid,5: offshor grid,
5,offshor grid,5: offshor grid,
5,offshor grid,5: offshor grid,
5,offshor grid,5: offshor grid,
5,offshor grid,5: offshor grid,
5,offshor grid,5: offshor grid,
5,offshor grid,5: offshor grid,
5,offshor grid,5: offshor grid,
5,offshor grid,5: offshor grid,
5,offshor grid,5: offshor grid,
5,offshor grid,5: offshor grid,
5,offshor grid,5: offshor grid,
5,offshor grid,5: offshor grid,
5,offshor grid,5: offshor grid,
5,offshor grid,5: offshor grid,
5,offshor grid,5: offshor grid,
5,offshor grid,5: offshor grid,
5,offshor grid,5: offshor grid,
5,offshor grid,5: offshor grid,
5,offshor grid,5: offshor grid,
5,offshor grid,5: offshor grid,
5,offshor grid,5: offshor grid,
5,offshor grid,5: offshor grid,
5,offshor grid,5: offshor grid,
5,offshor grid,5: offshor grid,
5,offshor grid,5: offshor grid,
5,offshor grid,5: offshor grid,
5,offshor grid,5: offshor grid,
5,offshor grid,5: offshor grid,
5,offshor grid,5: offshor grid,
5,offshor grid,5: offshor grid,
5,offshor grid,5: offshor grid,
5,offshor grid,5: offshor grid,
5,offshor grid,5: offshor grid,
5,offshor grid,5: offshor grid,
5,offshor grid,5: offshor grid,
5,offshor grid,5: offshor grid,
5,offshor grid,5: offshor grid,
5,offshor grid,5: offshor grid,
5,offshor grid,5: offshor grid,
5,offshor grid,5: offshor grid,
5,offshor grid,5: offshor grid,
5,offshor grid,5: offshor grid,
5,offshor grid,5: offshor grid,
5,offshor grid,5: offshor grid,
5,offshor grid,5: offshor grid,
5,offshor grid,5: offshor grid,
5,offshor grid,5: offshor grid,
5,offshor grid,5: offshor grid,
5,offshor grid,5: offshor grid,
5,offshor grid,5: offshor grid,
5,offshor grid,5: offshor grid,
5,offshor grid,5: offshor grid,
5,offshor grid,5: offshor grid,
5,offshor grid,5: offshor grid,
5,offshor grid,5: offshor grid,
5,offshor grid,5: offshor grid,
5,offshor grid,5: offshor grid,
5,offshor grid,5: offshor grid,
5,offshor grid,5: offshor grid,
5,offshor grid,5: offshor grid,
5,offshor grid,5: offshor grid,
5,offshor grid,5: offshor grid,
5,offshor grid,5: offshor grid,
5,offshor grid,5: offshor grid,
5,offshor grid,5: offshor grid,
5,offshor grid,5: offshor grid,
5,offshor grid,5: offshor grid,
5,offshor grid,5: offshor grid,
5,offshor grid,5: offshor grid,
5,offshor grid,5: offshor grid,
5,offshor grid,5: offshor grid,
5,offshor grid,5: offshor grid,
5,offshor grid,5: offshor grid,
5,offshor grid,5: offshor grid,
5,offshor grid,5: offshor grid,
5,offshor grid,5: offshor grid,
5,offshor grid,5: offshor grid,
5,offshor grid,5: offshor grid,
5,offshor grid,5: offshor grid,
5,offshor grid,5: offshor grid,
5,offshor grid,5: offshor grid,
5,offshor grid,5: offshor grid,
5,offshor grid,5: offshor grid,
5,offshor grid,5: offshor grid,
5,offshor grid,5: offshor grid,
5,offshor grid,5: offshor grid,
5,offshor grid,5: offshor grid,
5,offshor grid,5: offshor grid,
5,offshor grid,5: offshor grid,
5,offshor grid,5: offshor grid,
5,offshor grid,5: offshor grid,
5,offshor grid,5: offshor grid,
5,offshor grid,5: offshor grid,
5,offshor grid,5: offshor grid,
5,offshor grid,5: offshor grid,
5,offshor grid,5: offshor grid,
5,offshor grid,5: offshor grid,
5,offshor grid,5: offshor grid,
5,offshor grid,5: offshor grid,
5,offshor grid,5: offshor grid,
5,offshor grid,5: offshor grid,
5,offshor grid,5: offshor grid,
5,offshor grid,5: offshor grid,
5,offshor grid,5: offshor grid,
5,offshor grid,5: offshor grid,
5,offshor grid,5: offshor grid,
5,offshor grid,5: offshor grid,
5,offshor grid,5: offshor grid,
5,offshor grid,5: offshor grid,
5,offshor grid,5: offshor grid,
5,offshor grid,5: offshor grid,
5,offshor grid,5: offshor grid,
5,offshor grid,5: offshor grid,
5,offshor grid,5: offshor grid,
5,offshor grid,5: offshor grid,
5,offshor grid,5: offshor grid,
5,offshor grid,5: offshor grid,
5,offshor grid,5: offshor grid,
5,offshor grid,5: offshor grid,
5,offshor grid,5: offshor grid,
5,offshor grid,5: offshor grid,
5,offshor grid,5: offshor grid,
5,offshor grid,5: offshor grid,
5,offshor grid,5: offshor grid,
5,offshor grid,5: offshor grid,
5,offshor grid,5: offshor grid,
5,offshor grid,5: offshor grid,
5,offshor grid,5: offshor grid,
5,offshor grid,5: offshor grid,
5,offshor grid,5: offshor grid,
5,offshor grid,5: offshor grid,
5,offshor grid,5: offshor grid,
5,offshor grid,5: offshor grid,
7,renew energi,7: renew energi,
7,renew energi,7: renew energi,
7,renew energi,7: renew energi,
7,renew energi,7: renew energi,
7,renew energi,7: renew energi,
7,renew energi,7: renew energi,
7,renew energi,7: renew energi,
7,renew energi,7: renew energi,
7,renew energi,7: renew energi,
7,renew energi,7: renew energi,
7,renew energi,7: renew energi,
7,renew energi,7: renew energi,
7,renew energi,7: renew energi,
7,renew energi,7: renew energi,
7,renew energi,7: renew energi,
7,renew energi,7: renew energi,
7,renew energi,7: renew energi,
7,renew energi,7: renew energi,
7,renew energi,7: renew energi,
7,renew energi,7: renew energi,
7,renew energi,7: renew energi,
7,renew energi,7: renew energi,
7,renew energi,7: renew energi,
7,renew energi,7: renew energi,
7,renew energi,7: renew energi,
7,renew energi,7: renew energi,
7,renew energi,7: renew energi,
7,renew energi,7: renew energi,
7,renew energi,7: renew energi,
7,renew energi,7: renew energi,
7,renew energi,7: renew energi,
7,renew energi,7: renew energi,
7,renew energi,7: renew energi,
7,renew energi,7: renew energi,
7,renew energi,7: renew energi,
7,renew energi,7: renew energi,
7,renew energi,7: renew energi,
7,renew energi,7: renew energi,
7,renew energi,7: renew energi,
7,renew energi,7: renew energi,
7,renew energi,7: renew energi,
7,renew energi,7: renew energi,
7,renew energi,7: renew energi,
7,renew energi,7: renew energi,
7,renew energi,7: renew energi,
7,renew energi,7: renew energi,
7,renew energi,7: renew energi,
7,renew energi,7: renew energi,
7,renew energi,7: renew energi,
7,renew energi,7: renew energi,
7,renew energi,7: renew energi,
7,renew energi,7: renew energi,
7,renew energi,7: renew energi,
7,renew energi,7: renew energi,
7,renew energi,7: renew energi,
7,renew energi,7: renew energi,
7,renew energi,7: renew energi,
7,renew energi,7: renew energi,
7,renew energi,7: renew energi,
7,renew energi,7: renew energi,
7,renew energi,7: renew energi,
7,renew energi,7: renew energi,
7,renew energi,7: renew energi,
7,renew energi,7: renew energi,
7,renew energi,7: renew energi,
7,renew energi,7: renew energi,
7,renew energi,7: renew energi,
7,renew energi,7: renew energi,
7,renew energi,7: renew energi,
7,renew energi,7: renew energi,
7,renew energi,7: renew energi,
7,renew energi,7: renew energi,
7,renew energi,7: renew energi,
7,renew energi,7: renew energi,
7,renew energi,7: renew energi,
7,renew energi,7: renew energi,
7,renew energi,7: renew energi,
7,renew energi,7: renew energi,
7,renew energi,7: renew energi,
7,renew energi,7: renew energi,
7,renew energi,7: renew energi,
7,renew energi,7: renew energi,
7,renew energi,7: renew energi,
7,renew energi,7: renew energi,
7,renew energi,7: renew energi,
7,renew energi,7: renew energi,
7,renew energi,7: renew energi,
7,renew energi,7: renew energi,
7,renew energi,7: renew energi,
7,renew energi,7: renew energi,
7,renew energi,7: renew energi,
7,renew energi,7: renew energi,
7,renew energi,7: renew energi,
7,renew energi,7: renew energi,
7,renew energi,7: renew energi,
7,renew energi,7: renew energi,
7,renew energi,7: renew energi,
7,renew energi,7: renew energi,
7,renew energi,7: renew energi,
7,renew energi,7: renew energi,
7,renew energi,7: renew energi,
7,renew energi,7: renew energi,
7,renew energi,7: renew energi,
7,renew energi,7: renew energi,
7,renew energi,7: renew energi,
7,renew energi,7: renew energi,
7,renew energi,7: renew energi,
7,renew energi,7: renew energi,
7,renew energi,7: renew energi,
7,renew energi,7: renew energi,
7,renew energi,7: renew energi,
7,renew energi,7: renew energi,
7,renew energi,7: renew energi,
7,renew energi,7: renew energi,
7,renew energi,7: renew energi,
7,renew energi,7: renew energi,
7,renew energi,7: renew energi,
7,renew energi,7: renew energi,
7,renew energi,7: renew energi,
7,renew energi,7: renew energi,
7,renew energi,7: renew energi,
7,renew energi,7: renew energi,
7,renew energi,7: renew energi,
7,renew energi,7: renew energi,
7,renew energi,7: renew energi,
7,renew energi,7: renew energi,
7,renew energi,7: renew energi,
7,renew energi,7: renew energi,
7,renew energi,7: renew energi,
7,renew energi,7: renew energi,
7,renew energi,7: renew energi,
7,renew energi,7: renew energi,
7,renew energi,7: renew energi,
7,renew energi,7: renew energi,
7,renew energi,7: renew energi,
7,renew energi,7: renew energi,
7,renew energi,7: renew energi,
7,renew energi,7: renew energi,
7,renew energi,7: renew energi,
7,renew energi,7: renew energi,
7,renew energi,7: renew energi,
7,renew energi,7: renew energi,
7,renew energi,7: renew energi,
7,renew energi,7: renew energi,
7,renew energi,7: renew energi,
7,renew energi,7: renew energi,
7,renew energi,7: renew energi,
7,renew energi,7: renew energi,
7,renew energi,7: renew energi,
7,renew energi,7: renew energi,
7,renew energi,7: renew energi,
7,renew energi,7: renew energi,
7,renew energi,7: renew energi,
7,renew energi,7: renew energi,
7,renew energi,7: renew energi,
7,renew energi,7: renew energi,
7,renew energi,7: renew energi,
7,renew energi,7: renew energi,
7,renew energi,7: renew energi,
7,renew energi,7: renew energi,
7,renew energi,7: renew energi,
7,renew energi,7: renew energi,
7,renew energi,7: renew energi,
7,renew energi,7: renew energi,
7,renew energi,7: renew energi,
7,renew energi,7: renew energi,
7,renew energi,7: renew energi,
7,renew energi,7: renew energi,
7,renew energi,7: renew energi,
7,renew energi,7: renew energi,
7,renew energi,7: renew energi,
7,renew energi,7: renew energi,
7,renew energi,7: renew energi,
7,renew energi,7: renew energi,
7,renew energi,7: renew energi,
7,renew energi,7: renew energi,
7,renew energi,7: renew energi,
7,renew energi,7: renew energi,
7,renew energi,7: renew energi,
7,renew energi,7: renew energi,
7,renew energi,7: renew energi,
7,renew energi,7: renew energi,
7,renew energi,7: renew energi,
7,renew energi,7: renew energi,
7,renew energi,7: renew energi,
7,renew energi,7: renew energi,
7,renew energi,7: renew energi,
7,renew energi,7: renew energi,
7,renew energi,7: renew energi,
7,renew energi,7: renew energi,
7,renew energi,7: renew energi,
7,renew energi,7: renew energi,
7,renew energi,7: renew energi,
7,renew energi,7: renew energi,
7,renew energi,7: renew energi,
7,renew energi,7: renew energi,
7,renew energi,7: renew energi,
7,renew energi,7: renew energi,
7,renew energi,7: renew energi,
7,renew energi,7: renew energi,
7,renew energi,7: renew energi,
7,renew energi,7: renew energi,
7,renew energi,7: renew energi,
7,renew energi,7: renew energi,
7,renew energi,7: renew energi,
7,renew energi,7: renew energi,
7,renew energi,7: renew energi,
7,renew energi,7: renew energi,
7,renew energi,7: renew energi,
7,renew energi,7: renew energi,
7,renew energi,7: renew energi,
7,renew energi,7: renew energi,
7,renew energi,7: renew energi,
7,renew energi,7: renew energi,
7,renew energi,7: renew energi,
7,renew energi,7: renew energi,
7,renew energi,7: renew energi,
7,renew energi,7: renew energi,
7,renew energi,7: renew energi,
7,renew energi,7: renew energi,
7,renew energi,7: renew energi,
7,renew energi,7: renew energi,
7,renew energi,7: renew energi,
7,renew energi,7: renew energi,
7,renew energi,7: renew energi,
7,renew energi,7: renew energi,
7,renew energi,7: renew energi,
7,renew energi,7: renew energi,
7,renew energi,7: renew energi,
7,renew energi,7: renew energi,
7,renew energi,7: renew energi,
7,renew energi,7: renew energi,
7,renew energi,7: renew energi,
7,renew energi,7: renew energi,
7,renew energi,7: renew energi,
7,renew energi,7: renew energi,
7,renew energi,7: renew energi,
7,renew energi,7: renew energi,
7,renew energi,7: renew energi,
7,renew energi,7: renew energi,
7,renew energi,7: renew energi,
7,renew energi,7: renew energi,
7,renew energi,7: renew energi,
7,renew energi,7: renew energi,
7,renew energi,7: renew energi,
7,renew energi,7: renew energi,
7,renew energi,7: renew energi,
7,renew energi,7: renew energi,
7,renew energi,7: renew energi,
7,renew energi,7: renew energi,
7,renew energi,7: renew energi,
7,renew energi,7: renew energi,
7,renew energi,7: renew energi,
7,renew energi,7: renew energi,
7,renew energi,7: renew energi,
7,renew energi,7: renew energi,
7,renew energi,7: renew energi,
7,renew energi,7: renew energi,
7,renew energi,7: renew energi,
7,renew energi,7: renew energi,
7,renew energi,7: renew energi,
7,renew energi,7: renew energi,
7,renew energi,7: renew energi,
7,renew energi,7: renew energi,
7,renew energi,7: renew energi,
7,renew energi,7: renew energi,
7,renew energi,7: renew energi,
7,renew energi,7: renew energi,
7,renew energi,7: renew energi,
7,renew energi,7: renew energi,
7,renew energi,7: renew energi,
7,renew energi,7: renew energi,
7,renew energi,7: renew energi,
7,renew energi,7: renew energi,
7,renew energi,7: renew energi,
7,renew energi,7: renew energi,
7,renew energi,7: renew energi,
7,renew energi,7: renew energi,
7,renew energi,7: renew energi,
7,renew energi,7: renew energi,
7,renew energi,7: renew energi,
7,renew energi,7: renew energi,
7,renew energi,7: renew energi,
7,renew energi,7: renew energi,
7,renew energi,7: renew energi,
7,renew energi,7: renew energi,
7,renew energi,7: renew energi,
7,renew energi,7: renew energi,
7,renew energi,7: renew energi,
7,renew energi,7: renew energi,
7,renew energi,7: renew energi,
7,renew energi,7: renew energi,
7,renew energi,7: renew energi,
7,renew energi,7: renew energi,
7,renew energi,7: renew energi,
7,renew energi,7: renew energi,
7,renew energi,7: renew energi,
7,renew energi,7: renew energi,
7,renew energi,7: renew energi,
7,renew energi,7: renew energi,
7,renew energi,7: renew energi,
7,renew energi,7: renew energi,
7,renew energi,7: renew energi,
7,renew energi,7: renew energi,
7,renew energi,7: renew energi,
7,renew energi,7: renew energi,
7,renew energi,7: renew energi,
7,renew energi,7: renew energi,
7,renew energi,7: renew energi,
7,renew energi,7: renew energi,
7,renew energi,7: renew energi,
7,renew energi,7: renew energi,
7,renew energi,7: renew energi,
7,renew energi,7: renew energi,
7,renew energi,7: renew energi,
7,renew energi,7: renew energi,
7,renew energi,7: renew energi,
7,renew energi,7: renew energi,
7,renew energi,7: renew energi,
7,renew energi,7: renew energi,
7,renew energi,7: renew energi,
7,renew energi,7: renew energi,
7,renew energi,7: renew energi,
7,renew energi,7: renew energi,
7,renew energi,7: renew energi,
7,renew energi,7: renew energi,
7,renew energi,7: renew energi,
7,renew energi,7: renew energi,
7,renew energi,7: renew energi,
7,renew energi,7: renew energi,
7,renew energi,7: renew energi,
7,renew energi,7: renew energi,
7,renew energi,7: renew energi,
7,renew energi,7: renew energi,
7,renew energi,7: renew energi,
7,renew energi,7: renew energi,
7,renew energi,7: renew energi,
7,renew energi,7: renew energi,
7,renew energi,7: renew energi,
7,renew energi,7: renew energi,
7,renew energi,7: renew energi,
7,renew energi,7: renew energi,
7,renew energi,7: renew energi,
7,renew energi,7: renew energi,
7,renew energi,7: renew energi,
7,renew energi,7: renew energi,
7,renew energi,7: renew energi,
7,renew energi,7: renew energi,
7,renew energi,7: renew energi,
7,renew energi,7: renew energi,
7,renew energi,7: renew energi,
7,renew energi,7: renew energi,
7,renew energi,7: renew energi,
7,renew energi,7: renew energi,
7,renew energi,7: renew energi,
7,renew energi,7: renew energi,
7,renew energi,7: renew energi,
7,renew energi,7: renew energi,
7,renew energi,7: renew energi,
7,renew energi,7: renew energi,
7,renew energi,7: renew energi,
7,renew energi,7: renew energi,
7,renew energi,7: renew energi,
7,renew energi,7: renew energi,
7,renew energi,7: renew energi,
7,renew energi,7: renew energi,
7,renew energi,7: renew energi,
7,renew energi,7: renew energi,
7,renew energi,7: renew energi,
7,renew energi,7: renew energi,
7,renew energi,7: renew energi,
7,renew energi,7: renew energi,
7,renew energi,7: renew energi,
7,renew energi,7: renew energi,
7,renew energi,7: renew energi,
7,renew energi,7: renew energi,
7,renew energi,7: renew energi,
7,renew energi,7: renew energi,
7,renew energi,7: renew energi,
7,renew energi,7: renew energi,
7,renew energi,7: renew energi,
7,renew energi,7: renew energi,
7,renew energi,7: renew energi,
7,renew energi,7: renew energi,
7,renew energi,7: renew energi,
7,renew energi,7: renew energi,
7,renew energi,7: renew energi,
7,renew energi,7: renew energi,
7,renew energi,7: renew energi,
7,renew energi,7: renew energi,
7,renew energi,7: renew energi,
7,renew energi,7: renew energi,
7,renew energi,7: renew energi,
7,renew energi,7: renew energi,
7,renew energi,7: renew energi,
7,renew energi,7: renew energi,
7,renew energi,7: renew energi,
7,renew energi,7: renew energi,
7,renew energi,7: renew energi,
7,renew energi,7: renew energi,
7,renew energi,7: renew energi,
7,renew energi,7: renew energi,
7,renew energi,7: renew energi,
7,renew energi,7: renew energi,
7,renew energi,7: renew energi,
7,renew energi,7: renew energi,
7,renew energi,7: renew energi,
7,renew energi,7: renew energi,
7,renew energi,7: renew energi,
7,renew energi,7: renew energi,
7,renew energi,7: renew energi,
7,renew energi,7: renew energi,
7,renew energi,7: renew energi,
7,renew energi,7: renew energi,
7,renew energi,7: renew energi,
7,renew energi,7: renew energi,
7,renew energi,7: renew energi,
7,renew energi,7: renew energi,
7,renew energi,7: renew energi,
7,renew energi,7: renew energi,
7,renew energi,7: renew energi,
7,renew energi,7: renew energi,
7,renew energi,7: renew energi,
7,renew energi,7: renew energi,
7,renew energi,7: renew energi,
7,renew energi,7: renew energi,
7,renew energi,7: renew energi,
7,renew energi,7: renew energi,
7,renew energi,7: renew energi,
7,renew energi,7: renew energi,
7,renew energi,7: renew energi,
7,renew energi,7: renew energi,
7,renew energi,7: renew energi,
7,renew energi,7: renew energi,
7,renew energi,7: renew energi,
7,renew energi,7: renew energi,
7,renew energi,7: renew energi,
7,renew energi,7: renew energi,
7,renew energi,7: renew energi,
7,renew energi,7: renew energi,
7,renew energi,7: renew energi,
7,renew energi,7: renew energi,
7,renew energi,7: renew energi,
7,renew energi,7: renew energi,
7,renew energi,7: renew energi,
7,renew energi,7: renew energi,
7,renew energi,7: renew energi,
7,renew energi,7: renew energi,
7,renew energi,7: renew energi,
7,renew energi,7: renew energi,
7,renew energi,7: renew energi,
7,renew energi,7: renew energi,
7,renew energi,7: renew energi,
7,renew energi,7: renew energi,
7,renew energi,7: renew energi,
7,renew energi,7: renew energi,
7,renew energi,7: renew energi,
7,renew energi,7: renew energi,
7,renew energi,7: renew energi,
7,renew energi,7: renew energi,
7,renew energi,7: renew energi,
7,renew energi,7: renew energi,
7,renew energi,7: renew energi,
7,renew energi,7: renew energi,
7,renew energi,7: renew energi,
7,renew energi,7: renew energi,
7,renew energi,7: renew energi,
7,renew energi,7: renew energi,
7,renew energi,7: renew energi,
7,renew energi,7: renew energi,
7,renew energi,7: renew energi,
7,renew energi,7: renew energi,
7,renew energi,7: renew energi,
7,renew energi,7: renew energi,
7,renew energi,7: renew energi,
7,renew energi,7: renew energi,
7,renew energi,7: renew energi,
7,renew energi,7: renew energi,
7,renew energi,7: renew energi,
7,renew energi,7: renew energi,
7,renew energi,7: renew energi,
7,renew energi,7: renew energi,
7,renew energi,7: renew energi,
7,renew energi,7: renew energi,
7,renew energi,7: renew energi,
7,renew energi,7: renew energi,
7,renew energi,7: renew energi,
7,renew energi,7: renew energi,
7,renew energi,7: renew energi,
7,renew energi,7: renew energi,
7,renew energi,7: renew energi,
7,renew energi,7: renew energi,
7,renew energi,7: renew energi,
7,renew energi,7: renew energi,
7,renew energi,7: renew energi,
7,renew energi,7: renew energi,
7,renew energi,7: renew energi,
7,renew energi,7: renew energi,
7,renew energi,7: renew energi,
7,renew energi,7: renew energi,
7,renew energi,7: renew energi,
7,renew energi,7: renew energi,
7,renew energi,7: renew energi,
7,renew energi,7: renew energi,
7,renew energi,7: renew energi,
7,renew energi,7: renew energi,
7,renew energi,7: renew energi,
7,renew energi,7: renew energi,
7,renew energi,7: renew energi,
7,renew energi,7: renew energi,
7,renew energi,7: renew energi,
7,renew energi,7: renew energi,
7,renew energi,7: renew energi,
7,renew energi,7: renew energi,
7,renew energi,7: renew energi,
7,renew energi,7: renew energi,
7,renew energi,7: renew energi,
7,renew energi,7: renew energi,
7,renew energi,7: renew energi,
7,renew energi,7: renew energi,
7,renew energi,7: renew energi,
7,renew energi,7: renew energi,
7,renew energi,7: renew energi,
7,renew energi,7: renew energi,
7,renew energi,7: renew energi,
7,renew energi,7: renew energi,
7,renew energi,7: renew energi,
7,renew energi,7: renew energi,
7,renew energi,7: renew energi,
7,renew energi,7: renew energi,
7,renew energi,7: renew energi,
7,renew energi,7: renew energi,
7,renew energi,7: renew energi,
7,renew energi,7: renew energi,
7,renew energi,7: renew energi,
7,renew energi,7: renew energi,
7,renew energi,7: renew energi,
7,renew energi,7: renew energi,
7,renew energi,7: renew energi,
7,renew energi,7: renew energi,
7,renew energi,7: renew energi,
7,renew energi,7: renew energi,
7,renew energi,7: renew energi,
7,renew energi,7: renew energi,
7,renew energi,7: renew energi,
7,renew energi,7: renew energi,
7,renew energi,7: renew energi,
7,renew energi,7: renew energi,
7,renew energi,7: renew energi,
7,renew energi,7: renew energi,
7,renew energi,7: renew energi,
7,renew energi,7: renew energi,
7,renew energi,7: renew energi,
7,renew energi,7: renew energi,
7,renew energi,7: renew energi,
7,renew energi,7: renew energi,
7,renew energi,7: renew energi,
7,renew energi,7: renew energi,
7,renew energi,7: renew energi,
7,renew energi,7: renew energi,
7,renew energi,7: renew energi,
7,renew energi,7: renew energi,
7,renew energi,7: renew energi,
7,renew energi,7: renew energi,
7,renew energi,7: renew energi,
7,renew energi,7: renew energi,
7,renew energi,7: renew energi,
7,renew energi,7: renew energi,
7,renew energi,7: renew energi,
7,renew energi,7: renew energi,
7,renew energi,7: renew energi,
7,renew energi,7: renew energi,
7,renew energi,7: renew energi,
7,renew energi,7: renew energi,
7,renew energi,7: renew energi,
7,renew energi,7: renew energi,
7,renew energi,7: renew energi,
7,renew energi,7: renew energi,
7,renew energi,7: renew energi,
7,renew energi,7: renew energi,
7,renew energi,7: renew energi,
7,renew energi,7: renew energi,
7,renew energi,7: renew energi,
7,renew energi,7: renew energi,
5,offshor grid,5: offshor grid,
5,offshor grid,5: offshor grid,
5,offshor grid,5: offshor grid,
5,offshor grid,5: offshor grid,
5,offshor grid,5: offshor grid,
5,offshor grid,5: offshor grid,
5,offshor grid,5: offshor grid,
5,offshor grid,5: offshor grid,
5,offshor grid,5: offshor grid,
5,offshor grid,5: offshor grid,
5,offshor grid,5: offshor grid,
5,offshor grid,5: offshor grid,
5,offshor grid,5: offshor grid,
5,offshor grid,5: offshor grid,
5,offshor grid,5: offshor grid,
5,offshor grid,5: offshor grid,
5,offshor grid,5: offshor grid,
5,offshor grid,5: offshor grid,
5,offshor grid,5: offshor grid,
5,offshor grid,5: offshor grid,
5,offshor grid,5: offshor grid,
5,offshor grid,5: offshor grid,
5,offshor grid,5: offshor grid,
5,offshor grid,5: offshor grid,
5,offshor grid,5: offshor grid,
5,offshor grid,5: offshor grid,
5,offshor grid,5: offshor grid,
5,offshor grid,5: offshor grid,
5,offshor grid,5: offshor grid,
5,offshor grid,5: offshor grid,
5,offshor grid,5: offshor grid,
5,offshor grid,5: offshor grid,
5,offshor grid,5: offshor grid,
5,offshor grid,5: offshor grid,
5,offshor grid,5: offshor grid,
5,offshor grid,5: offshor grid,
5,offshor grid,5: offshor grid,
5,offshor grid,5: offshor grid,
5,offshor grid,5: offshor grid,
5,offshor grid,5: offshor grid,
5,offshor grid,5: offshor grid,
5,offshor grid,5: offshor grid,
5,offshor grid,5: offshor grid,
5,offshor grid,5: offshor grid,
5,offshor grid,5: offshor grid,
5,offshor grid,5: offshor grid,
5,offshor grid,5: offshor grid,
5,offshor grid,5: offshor grid,
5,offshor grid,5: offshor grid,
5,offshor grid,5: offshor grid,
5,offshor grid,5: offshor grid,
5,offshor grid,5: offshor grid,
5,offshor grid,5: offshor grid,
5,offshor grid,5: offshor grid,
5,offshor grid,5: offshor grid,
5,offshor grid,5: offshor grid,
5,offshor grid,5: offshor grid,
5,offshor grid,5: offshor grid,
5,offshor grid,5: offshor grid,
5,offshor grid,5: offshor grid,
5,offshor grid,5: offshor grid,
5,offshor grid,5: offshor grid,
5,offshor grid,5: offshor grid,
5,offshor grid,5: offshor grid,
5,offshor grid,5: offshor grid,
5,offshor grid,5: offshor grid,
5,offshor grid,5: offshor grid,
5,offshor grid,5: offshor grid,
5,offshor grid,5: offshor grid,
5,offshor grid,5: offshor grid,
5,offshor grid,5: offshor grid,
5,offshor grid,5: offshor grid,
5,offshor grid,5: offshor grid,
5,offshor grid,5: offshor grid,
5,offshor grid,5: offshor grid,
5,offshor grid,5: offshor grid,
5,offshor grid,5: offshor grid,
5,offshor grid,5: offshor grid,
5,offshor grid,5: offshor grid,
5,offshor grid,5: offshor grid,
5,offshor grid,5: offshor grid,
5,offshor grid,5: offshor grid,
5,offshor grid,5: offshor grid,
5,offshor grid,5: offshor grid,
5,offshor grid,5: offshor grid,
5,offshor grid,5: offshor grid,
5,offshor grid,5: offshor grid,
5,offshor grid,5: offshor grid,
5,offshor grid,5: offshor grid,
5,offshor grid,5: offshor grid,
5,offshor grid,5: offshor grid,
5,offshor grid,5: offshor grid,
5,offshor grid,5: offshor grid,
5,offshor grid,5: offshor grid,
5,offshor grid,5: offshor grid,
5,offshor grid,5: offshor grid,
5,offshor grid,5: offshor grid,
5,offshor grid,5: offshor grid,
5,offshor grid,5: offshor grid,
5,offshor grid,5: offshor grid,
5,offshor grid,5: offshor grid,
5,offshor grid,5: offshor grid,
5,offshor grid,5: offshor grid,
5,offshor grid,5: offshor grid,
5,offshor grid,5: offshor grid,
5,offshor grid,5: offshor grid,
5,offshor grid,5: offshor grid,
5,offshor grid,5: offshor grid,
5,offshor grid,5: offshor grid,
5,offshor grid,5: offshor grid,
5,offshor grid,5: offshor grid,
5,offshor grid,5: offshor grid,
5,offshor grid,5: offshor grid,
5,offshor grid,5: offshor grid,
5,offshor grid,5: offshor grid,
5,offshor grid,5: offshor grid,
5,offshor grid,5: offshor grid,
5,offshor grid,5: offshor grid,
5,offshor grid,5: offshor grid,
5,offshor grid,5: offshor grid,
5,offshor grid,5: offshor grid,
5,offshor grid,5: offshor grid,
5,offshor grid,5: offshor grid,
5,offshor grid,5: offshor grid,
5,offshor grid,5: offshor grid,
5,offshor grid,5: offshor grid,
5,offshor grid,5: offshor grid,
5,offshor grid,5: offshor grid,
5,offshor grid,5: offshor grid,
5,offshor grid,5: offshor grid,
5,offshor grid,5: offshor grid,
5,offshor grid,5: offshor grid,
5,offshor grid,5: offshor grid,
5,offshor grid,5: offshor grid,
5,offshor grid,5: offshor grid,
5,offshor grid,5: offshor grid,
5,offshor grid,5: offshor grid,
5,offshor grid,5: offshor grid,
5,offshor grid,5: offshor grid,
5,offshor grid,5: offshor grid,
5,offshor grid,5: offshor grid,
5,offshor grid,5: offshor grid,
5,offshor grid,5: offshor grid,
5,offshor grid,5: offshor grid,
5,offshor grid,5: offshor grid,
5,offshor grid,5: offshor grid,
5,offshor grid,5: offshor grid,
5,offshor grid,5: offshor grid,
5,offshor grid,5: offshor grid,
5,offshor grid,5: offshor grid,
5,offshor grid,5: offshor grid,
5,offshor grid,5: offshor grid,
5,offshor grid,5: offshor grid,
5,offshor grid,5: offshor grid,
5,offshor grid,5: offshor grid,
5,offshor grid,5: offshor grid,
5,offshor grid,5: offshor grid,
5,offshor grid,5: offshor grid,
5,offshor grid,5: offshor grid,
5,offshor grid,5: offshor grid,
5,offshor grid,5: offshor grid,
5,offshor grid,5: offshor grid,
5,offshor grid,5: offshor grid,
5,offshor grid,5: offshor grid,
5,offshor grid,5: offshor grid,
5,offshor grid,5: offshor grid,
5,offshor grid,5: offshor grid,
5,offshor grid,5: offshor grid,
5,offshor grid,5: offshor grid,
5,offshor grid,5: offshor grid,
5,offshor grid,5: offshor grid,
5,offshor grid,5: offshor grid,
5,offshor grid,5: offshor grid,
5,offshor grid,5: offshor grid,
5,offshor grid,5: offshor grid,
5,offshor grid,5: offshor grid,
5,offshor grid,5: offshor grid,
5,offshor grid,5: offshor grid,
5,offshor grid,5: offshor grid,
5,offshor grid,5: offshor grid,
5,offshor grid,5: offshor grid,
5,offshor grid,5: offshor grid,
5,offshor grid,5: offshor grid,
5,offshor grid,5: offshor grid,
5,offshor grid,5: offshor grid,
5,offshor grid,5: offshor grid,
5,offshor grid,5: offshor grid,
5,offshor grid,5: offshor grid,
5,offshor grid,5: offshor grid,
5,offshor grid,5: offshor grid,
5,offshor grid,5: offshor grid,
5,offshor grid,5: offshor grid,
5,offshor grid,5: offshor grid,
5,offshor grid,5: offshor grid,
5,offshor grid,5: offshor grid,
5,offshor grid,5: offshor grid,
5,offshor grid,5: offshor grid,
5,offshor grid,5: offshor grid,
5,offshor grid,5: offshor grid,
5,offshor grid,5: offshor grid,
5,offshor grid,5: offshor grid,
5,offshor grid,5: offshor grid,
5,offshor grid,5: offshor grid,
5,offshor grid,5: offshor grid,
5,offshor grid,5: offshor grid,
5,offshor grid,5: offshor grid,
5,offshor grid,5: offshor grid,
5,offshor grid,5: offshor grid,
5,offshor grid,5: offshor grid,
5,offshor grid,5: offshor grid,
5,offshor grid,5: offshor grid,
5,offshor grid,5: offshor grid,
5,offshor grid,5: offshor grid,
5,offshor grid,5: offshor grid,
5,offshor grid,5: offshor grid,
5,offshor grid,5: offshor grid,
5,offshor grid,5: offshor grid,
5,offshor grid,5: offshor grid,
5,offshor grid,5: offshor grid,
5,offshor grid,5: offshor grid,
5,offshor grid,5: offshor grid,
5,offshor grid,5: offshor grid,
5,offshor grid,5: offshor grid,
5,offshor grid,5: offshor grid,
5,offshor grid,5: offshor grid,
5,offshor grid,5: offshor grid,
5,offshor grid,5: offshor grid,
5,offshor grid,5: offshor grid,
5,offshor grid,5: offshor grid,
5,offshor grid,5: offshor grid,
5,offshor grid,5: offshor grid,
5,offshor grid,5: offshor grid,
5,offshor grid,5: offshor grid,
5,offshor grid,5: offshor grid,
5,offshor grid,5: offshor grid,
5,offshor grid,5: offshor grid,
5,offshor grid,5: offshor grid,
5,offshor grid,5: offshor grid,
5,offshor grid,5: offshor grid,
5,offshor grid,5: offshor grid,
5,offshor grid,5: offshor grid,
5,offshor grid,5: offshor grid,
5,offshor grid,5: offshor grid,
5,offshor grid,5: offshor grid,
5,offshor grid,5: offshor grid,
5,offshor grid,5: offshor grid,
5,offshor grid,5: offshor grid,
5,offshor grid,5: offshor grid,
5,offshor grid,5: offshor grid,
5,offshor grid,5: offshor grid,
5,offshor grid,5: offshor grid,
5,offshor grid,5: offshor grid,
5,offshor grid,5: offshor grid,
5,offshor grid,5: offshor grid,
5,offshor grid,5: offshor grid,
5,offshor grid,5: offshor grid,
5,offshor grid,5: offshor grid,
5,offshor grid,5: offshor grid,
5,offshor grid,5: offshor grid,
5,offshor grid,5: offshor grid,
5,offshor grid,5: offshor grid,
5,offshor grid,5: offshor grid,
5,offshor grid,5: offshor grid,
5,offshor grid,5: offshor grid,
5,offshor grid,5: offshor grid,
5,offshor grid,5: offshor grid,
5,offshor grid,5: offshor grid,
5,offshor grid,5: offshor grid,
5,offshor grid,5: offshor grid,
5,offshor grid,5: offshor grid,
5,offshor grid,5: offshor grid,
5,offshor grid,5: offshor grid,
5,offshor grid,5: offshor grid,
5,offshor grid,5: offshor grid,
5,offshor grid,5: offshor grid,
5,offshor grid,5: offshor grid,
5,offshor grid,5: offshor grid,
5,offshor grid,5: offshor grid,
5,offshor grid,5: offshor grid,
5,offshor grid,5: offshor grid,
5,offshor grid,5: offshor grid,
5,offshor grid,5: offshor grid,
5,offshor grid,5: offshor grid,
5,offshor grid,5: offshor grid,
5,offshor grid,5: offshor grid,
5,offshor grid,5: offshor grid,
5,offshor grid,5: offshor grid,
5,offshor grid,5: offshor grid,
5,offshor grid,5: offshor grid,
5,offshor grid,5: offshor grid,
5,offshor grid,5: offshor grid,
5,offshor grid,5: offshor grid,
5,offshor grid,5: offshor grid,
5,offshor grid,5: offshor grid,
5,offshor grid,5: offshor grid,
5,offshor grid,5: offshor grid,
5,offshor grid,5: offshor grid,
5,offshor grid,5: offshor grid,
5,offshor grid,5: offshor grid,
5,offshor grid,5: offshor grid,
5,offshor grid,5: offshor grid,
5,offshor grid,5: offshor grid,
5,offshor grid,5: offshor grid,
5,offshor grid,5: offshor grid,
5,offshor grid,5: offshor grid,
5,offshor grid,5: offshor grid,
5,offshor grid,5: offshor grid,
5,offshor grid,5: offshor grid,
5,offshor grid,5: offshor grid,
5,offshor grid,5: offshor grid,
5,offshor grid,5: offshor grid,
5,offshor grid,5: offshor grid,
5,offshor grid,5: offshor grid,
5,offshor grid,5: offshor grid,
5,offshor grid,5: offshor grid,
5,offshor grid,5: offshor grid,
5,offshor grid,5: offshor grid,
5,offshor grid,5: offshor grid,
5,offshor grid,5: offshor grid,
5,offshor grid,5: offshor grid,
5,offshor grid,5: offshor grid,
5,offshor grid,5: offshor grid,
5,offshor grid,5: offshor grid,
5,offshor grid,5: offshor grid,
5,offshor grid,5: offshor grid,
5,offshor grid,5: offshor grid,
5,offshor grid,5: offshor grid,
5,offshor grid,5: offshor grid,
5,offshor grid,5: offshor grid,
5,offshor grid,5: offshor grid,
5,offshor grid,5: offshor grid,
5,offshor grid,5: offshor grid,
5,offshor grid,5: offshor grid,
5,offshor grid,5: offshor grid,
5,offshor grid,5: offshor grid,
5,offshor grid,5: offshor grid,
5,offshor grid,5: offshor grid,
5,offshor grid,5: offshor grid,
5,offshor grid,5: offshor grid,
5,offshor grid,5: offshor grid,
5,offshor grid,5: offshor grid,
5,offshor grid,5: offshor grid,
5,offshor grid,5: offshor grid,
5,offshor grid,5: offshor grid,
5,offshor grid,5: offshor grid,
5,offshor grid,5: offshor grid,
5,offshor grid,5: offshor grid,
5,offshor grid,5: offshor grid,
5,offshor grid,5: offshor grid,
5,offshor grid,5: offshor grid,
5,offshor grid,5: offshor grid,
5,offshor grid,5: offshor grid,
5,offshor grid,5: offshor grid,
5,offshor grid,5: offshor grid,
5,offshor grid,5: offshor grid,
5,offshor grid,5: offshor grid,
5,offshor grid,5: offshor grid,
5,offshor grid,5: offshor grid,
5,offshor grid,5: offshor grid,
5,offshor grid,5: offshor grid,
5,offshor grid,5: offshor grid,
5,offshor grid,5: offshor grid,
5,offshor grid,5: offshor grid,
5,offshor grid,5: offshor grid,
5,offshor grid,5: offshor grid,
5,offshor grid,5: offshor grid,
5,offshor grid,5: offshor grid,
5,offshor grid,5: offshor grid,
5,offshor grid,5: offshor grid,
5,offshor grid,5: offshor grid,
5,offshor grid,5: offshor grid,
5,offshor grid,5: offshor grid,
5,offshor grid,5: offshor grid,
5,offshor grid,5: offshor grid,
5,offshor grid,5: offshor grid,
5,offshor grid,5: offshor grid,
5,offshor grid,5: offshor grid,
5,offshor grid,5: offshor grid,
5,offshor grid,5: offshor grid,
5,offshor grid,5: offshor grid,
5,offshor grid,5: offshor grid,
5,offshor grid,5: offshor grid,
5,offshor grid,5: offshor grid,
5,offshor grid,5: offshor grid,
5,offshor grid,5: offshor grid,
5,offshor grid,5: offshor grid,
5,offshor grid,5: offshor grid,
5,offshor grid,5: offshor grid,
5,offshor grid,5: offshor grid,
5,offshor grid,5: offshor grid,
5,offshor grid,5: offshor grid,
5,offshor grid,5: offshor grid,
5,offshor grid,5: offshor grid,
5,offshor grid,5: offshor grid,
5,offshor grid,5: offshor grid,
5,offshor grid,5: offshor grid,
5,offshor grid,5: offshor grid,
5,offshor grid,5: offshor grid,
5,offshor grid,5: offshor grid,
5,offshor grid,5: offshor grid,
5,offshor grid,5: offshor grid,
5,offshor grid,5: offshor grid,
5,offshor grid,5: offshor grid,
5,offshor grid,5: offshor grid,
5,offshor grid,5: offshor grid,
5,offshor grid,5: offshor grid,
5,offshor grid,5: offshor grid,
5,offshor grid,5: offshor grid,
5,offshor grid,5: offshor grid,
5,offshor grid,5: offshor grid,
5,offshor grid,5: offshor grid,
5,offshor grid,5: offshor grid,
5,offshor grid,5: offshor grid,
5,offshor grid,5: offshor grid,
5,offshor grid,5: offshor grid,
5,offshor grid,5: offshor grid,
5,offshor grid,5: offshor grid,
5,offshor grid,5: offshor grid,
5,offshor grid,5: offshor grid,
5,offshor grid,5: offshor grid,
5,offshor grid,5: offshor grid,
5,offshor grid,5: offshor grid,
5,offshor grid,5: offshor grid,
5,offshor grid,5: offshor grid,
5,offshor grid,5: offshor grid,
5,offshor grid,5: offshor grid,
5,offshor grid,5: offshor grid,
5,offshor grid,5: offshor grid,
5,offshor grid,5: offshor grid,
5,offshor grid,5: offshor grid,
5,offshor grid,5: offshor grid,
5,offshor grid,5: offshor grid,
5,offshor grid,5: offshor grid,
5,offshor grid,5: offshor grid,
5,offshor grid,5: offshor grid,
5,offshor grid,5: offshor grid,
5,offshor grid,5: offshor grid,
5,offshor grid,5: offshor grid,
5,offshor grid,5: offshor grid,
5,offshor grid,5: offshor grid,
5,offshor grid,5: offshor grid,
5,offshor grid,5: offshor grid,
5,offshor grid,5: offshor grid,
5,offshor grid,5: offshor grid,
5,offshor grid,5: offshor grid,
5,offshor grid,5: offshor grid,
5,offshor grid,5: offshor grid,
5,offshor grid,5: offshor grid,
5,offshor grid,5: offshor grid,
5,offshor grid,5: offshor grid,
5,offshor grid,5: offshor grid,
5,offshor grid,5: offshor grid,
5,offshor grid,5: offshor grid,
5,offshor grid,5: offshor grid,
5,offshor grid,5: offshor grid,
5,offshor grid,5: offshor grid,
5,offshor grid,5: offshor grid,
5,offshor grid,5: offshor grid,
5,offshor grid,5: offshor grid,
5,offshor grid,5: offshor grid,
5,offshor grid,5: offshor grid,
5,offshor grid,5: offshor grid,
5,offshor grid,5: offshor grid,
5,offshor grid,5: offshor grid,
5,offshor grid,5: offshor grid,
5,offshor grid,5: offshor grid,
5,offshor grid,5: offshor grid,
5,offshor grid,5: offshor grid,
5,offshor grid,5: offshor grid,
5,offshor grid,5: offshor grid,
5,offshor grid,5: offshor grid,
5,offshor grid,5: offshor grid,
5,offshor grid,5: offshor grid,
5,offshor grid,5: offshor grid,
5,offshor grid,5: offshor grid,
5,offshor grid,5: offshor grid,
5,offshor grid,5: offshor grid,
5,offshor grid,5: offshor grid,
5,offshor grid,5: offshor grid,
5,offshor grid,5: offshor grid,
5,offshor grid,5: offshor grid,
5,offshor grid,5: offshor grid,
5,offshor grid,5: offshor grid,
5,offshor grid,5: offshor grid,
5,offshor grid,5: offshor grid,
5,offshor grid,5: offshor grid,
5,offshor grid,5: offshor grid,
5,offshor grid,5: offshor grid,
5,offshor grid,5: offshor grid,
5,offshor grid,5: offshor grid,
5,offshor grid,5: offshor grid,
5,offshor grid,5: offshor grid,
5,offshor grid,5: offshor grid,
5,offshor grid,5: offshor grid,
5,offshor grid,5: offshor grid,
5,offshor grid,5: offshor grid,
5,offshor grid,5: offshor grid,
5,offshor grid,5: offshor grid,
5,offshor grid,5: offshor grid,
5,offshor grid,5: offshor grid,
5,offshor grid,5: offshor grid,
5,offshor grid,5: offshor grid,
5,offshor grid,5: offshor grid,
5,offshor grid,5: offshor grid,
5,offshor grid,5: offshor grid,
5,offshor grid,5: offshor grid,
5,offshor grid,5: offshor grid,
5,offshor grid,5: offshor grid,
5,offshor grid,5: offshor grid,
5,offshor grid,5: offshor grid,
5,offshor grid,5: offshor grid,
5,offshor grid,5: offshor grid,
5,offshor grid,5: offshor grid,
5,offshor grid,5: offshor grid,
5,offshor grid,5: offshor grid,
5,offshor grid,5: offshor grid,
5,offshor grid,5: offshor grid,
5,offshor grid,5: offshor grid,
5,offshor grid,5: offshor grid,
5,offshor grid,5: offshor grid,
5,offshor grid,5: offshor grid,
5,offshor grid,5: offshor grid,
5,offshor grid,5: offshor grid,
5,offshor grid,5: offshor grid,
5,offshor grid,5: offshor grid,
9,wind farm,9: wind farm,
9,wind farm,9: wind farm,
9,wind farm,9: wind farm,
9,wind farm,9: wind farm,
9,wind farm,9: wind farm,
9,wind farm,9: wind farm,
9,wind farm,9: wind farm,
9,wind farm,9: wind farm,
9,wind farm,9: wind farm,
9,wind farm,9: wind farm,
9,wind farm,9: wind farm,
9,wind farm,9: wind farm,
9,wind farm,9: wind farm,
9,wind farm,9: wind farm,
9,wind farm,9: wind farm,
9,wind farm,9: wind farm,
9,wind farm,9: wind farm,
9,wind farm,9: wind farm,
9,wind farm,9: wind farm,
9,wind farm,9: wind farm,
9,wind farm,9: wind farm,
9,wind farm,9: wind farm,
9,wind farm,9: wind farm,
9,wind farm,9: wind farm,
9,wind farm,9: wind farm,
9,wind farm,9: wind farm,
9,wind farm,9: wind farm,
9,wind farm,9: wind farm,
9,wind farm,9: wind farm,
9,wind farm,9: wind farm,
9,wind farm,9: wind farm,
9,wind farm,9: wind farm,
9,wind farm,9: wind farm,
9,wind farm,9: wind farm,
9,wind farm,9: wind farm,
9,wind farm,9: wind farm,
9,wind farm,9: wind farm,
9,wind farm,9: wind farm,
9,wind farm,9: wind farm,
9,wind farm,9: wind farm,
9,wind farm,9: wind farm,
9,wind farm,9: wind farm,
9,wind farm,9: wind farm,
9,wind farm,9: wind farm,
9,wind farm,9: wind farm,
9,wind farm,9: wind farm,
9,wind farm,9: wind farm,
9,wind farm,9: wind farm,
9,wind farm,9: wind farm,
9,wind farm,9: wind farm,
9,wind farm,9: wind farm,
9,wind farm,9: wind farm,
9,wind farm,9: wind farm,
9,wind farm,9: wind farm,
9,wind farm,9: wind farm,
9,wind farm,9: wind farm,
9,wind farm,9: wind farm,
9,wind farm,9: wind farm,
9,wind farm,9: wind farm,
9,wind farm,9: wind farm,
9,wind farm,9: wind farm,
9,wind farm,9: wind farm,
9,wind farm,9: wind farm,
9,wind farm,9: wind farm,
9,wind farm,9: wind farm,
9,wind farm,9: wind farm,
9,wind farm,9: wind farm,
9,wind farm,9: wind farm,
9,wind farm,9: wind farm,
9,wind farm,9: wind farm,
9,wind farm,9: wind farm,
9,wind farm,9: wind farm,
9,wind farm,9: wind farm,
9,wind farm,9: wind farm,
9,wind farm,9: wind farm,
9,wind farm,9: wind farm,
9,wind farm,9: wind farm,
9,wind farm,9: wind farm,
9,wind farm,9: wind farm,
9,wind farm,9: wind farm,
9,wind farm,9: wind farm,
9,wind farm,9: wind farm,
9,wind farm,9: wind farm,
9,wind farm,9: wind farm,
9,wind farm,9: wind farm,
9,wind farm,9: wind farm,
9,wind farm,9: wind farm,
9,wind farm,9: wind farm,
9,wind farm,9: wind farm,
9,wind farm,9: wind farm,
9,wind farm,9: wind farm,
9,wind farm,9: wind farm,
9,wind farm,9: wind farm,
9,wind farm,9: wind farm,
9,wind farm,9: wind farm,
9,wind farm,9: wind farm,
9,wind farm,9: wind farm,
9,wind farm,9: wind farm,
9,wind farm,9: wind farm,
9,wind farm,9: wind farm,
9,wind farm,9: wind farm,
9,wind farm,9: wind farm,
9,wind farm,9: wind farm,
9,wind farm,9: wind farm,
9,wind farm,9: wind farm,
9,wind farm,9: wind farm,
9,wind farm,9: wind farm,
9,wind farm,9: wind farm,
9,wind farm,9: wind farm,
9,wind farm,9: wind farm,
9,wind farm,9: wind farm,
9,wind farm,9: wind farm,
9,wind farm,9: wind farm,
9,wind farm,9: wind farm,
9,wind farm,9: wind farm,
9,wind farm,9: wind farm,
9,wind farm,9: wind farm,
9,wind farm,9: wind farm,
9,wind farm,9: wind farm,
9,wind farm,9: wind farm,
9,wind farm,9: wind farm,
9,wind farm,9: wind farm,
9,wind farm,9: wind farm,
9,wind farm,9: wind farm,
9,wind farm,9: wind farm,
9,wind farm,9: wind farm,
9,wind farm,9: wind farm,
9,wind farm,9: wind farm,
9,wind farm,9: wind farm,
9,wind farm,9: wind farm,
9,wind farm,9: wind farm,
9,wind farm,9: wind farm,
9,wind farm,9: wind farm,
9,wind farm,9: wind farm,
9,wind farm,9: wind farm,
9,wind farm,9: wind farm,
9,wind farm,9: wind farm,
9,wind farm,9: wind farm,
9,wind farm,9: wind farm,
9,wind farm,9: wind farm,
9,wind farm,9: wind farm,
9,wind farm,9: wind farm,
9,wind farm,9: wind farm,
9,wind farm,9: wind farm,
9,wind farm,9: wind farm,
9,wind farm,9: wind farm,
9,wind farm,9: wind farm,
9,wind farm,9: wind farm,
9,wind farm,9: wind farm,
9,wind farm,9: wind farm,
9,wind farm,9: wind farm,
9,wind farm,9: wind farm,
9,wind farm,9: wind farm,
9,wind farm,9: wind farm,
9,wind farm,9: wind farm,
9,wind farm,9: wind farm,
9,wind farm,9: wind farm,
9,wind farm,9: wind farm,
9,wind farm,9: wind farm,
9,wind farm,9: wind farm,
9,wind farm,9: wind farm,
5,offshor grid,5: offshor grid,
5,offshor grid,5: offshor grid,
5,offshor grid,5: offshor grid,
5,offshor grid,5: offshor grid,
5,offshor grid,5: offshor grid,
5,offshor grid,5: offshor grid,
5,offshor grid,5: offshor grid,
5,offshor grid,5: offshor grid,
5,offshor grid,5: offshor grid,
5,offshor grid,5: offshor grid,
5,offshor grid,5: offshor grid,
5,offshor grid,5: offshor grid,
5,offshor grid,5: offshor grid,
5,offshor grid,5: offshor grid,
5,offshor grid,5: offshor grid,
5,offshor grid,5: offshor grid,
5,offshor grid,5: offshor grid,
5,offshor grid,5: offshor grid,
5,offshor grid,5: offshor grid,
5,offshor grid,5: offshor grid,
5,offshor grid,5: offshor grid,
5,offshor grid,5: offshor grid,
5,offshor grid,5: offshor grid,
5,offshor grid,5: offshor grid,
5,offshor grid,5: offshor grid,
5,offshor grid,5: offshor grid,
5,offshor grid,5: offshor grid,
5,offshor grid,5: offshor grid,
5,offshor grid,5: offshor grid,
5,offshor grid,5: offshor grid,
5,offshor grid,5: offshor grid,
5,offshor grid,5: offshor grid,
5,offshor grid,5: offshor grid,
5,offshor grid,5: offshor grid,
5,offshor grid,5: offshor grid,
5,offshor grid,5: offshor grid,
5,offshor grid,5: offshor grid,
5,offshor grid,5: offshor grid,
5,offshor grid,5: offshor grid,
5,offshor grid,5: offshor grid,
5,offshor grid,5: offshor grid,
5,offshor grid,5: offshor grid,
5,offshor grid,5: offshor grid,
5,offshor grid,5: offshor grid,
5,offshor grid,5: offshor grid,
5,offshor grid,5: offshor grid,
5,offshor grid,5: offshor grid,
5,offshor grid,5: offshor grid,
5,offshor grid,5: offshor grid,
5,offshor grid,5: offshor grid,
5,offshor grid,5: offshor grid,
5,offshor grid,5: offshor grid,
5,offshor grid,5: offshor grid,
5,offshor grid,5: offshor grid,
5,offshor grid,5: offshor grid,
5,offshor grid,5: offshor grid,
5,offshor grid,5: offshor grid,
5,offshor grid,5: offshor grid,
5,offshor grid,5: offshor grid,
5,offshor grid,5: offshor grid,
5,offshor grid,5: offshor grid,
5,offshor grid,5: offshor grid,
5,offshor grid,5: offshor grid,
5,offshor grid,5: offshor grid,
5,offshor grid,5: offshor grid,
5,offshor grid,5: offshor grid,
5,offshor grid,5: offshor grid,
5,offshor grid,5: offshor grid,
5,offshor grid,5: offshor grid,
5,offshor grid,5: offshor grid,
5,offshor grid,5: offshor grid,
5,offshor grid,5: offshor grid,
5,offshor grid,5: offshor grid,
5,offshor grid,5: offshor grid,
5,offshor grid,5: offshor grid,
5,offshor grid,5: offshor grid,
5,offshor grid,5: offshor grid,
5,offshor grid,5: offshor grid,
5,offshor grid,5: offshor grid,
5,offshor grid,5: offshor grid,
5,offshor grid,5: offshor grid,
5,offshor grid,5: offshor grid,
5,offshor grid,5: offshor grid,
5,offshor grid,5: offshor grid,
5,offshor grid,5: offshor grid,
5,offshor grid,5: offshor grid,
5,offshor grid,5: offshor grid,
5,offshor grid,5: offshor grid,
5,offshor grid,5: offshor grid,
5,offshor grid,5: offshor grid,
5,offshor grid,5: offshor grid,
5,offshor grid,5: offshor grid,
5,offshor grid,5: offshor grid,
5,offshor grid,5: offshor grid,
5,offshor grid,5: offshor grid,
5,offshor grid,5: offshor grid,
5,offshor grid,5: offshor grid,
5,offshor grid,5: offshor grid,
5,offshor grid,5: offshor grid,
5,offshor grid,5: offshor grid,
5,offshor grid,5: offshor grid,
5,offshor grid,5: offshor grid,
5,offshor grid,5: offshor grid,
5,offshor grid,5: offshor grid,
5,offshor grid,5: offshor grid,
5,offshor grid,5: offshor grid,
5,offshor grid,5: offshor grid,
5,offshor grid,5: offshor grid,
5,offshor grid,5: offshor grid,
5,offshor grid,5: offshor grid,
5,offshor grid,5: offshor grid,
5,offshor grid,5: offshor grid,
5,offshor grid,5: offshor grid,
5,offshor grid,5: offshor grid,
5,offshor grid,5: offshor grid,
5,offshor grid,5: offshor grid,
5,offshor grid,5: offshor grid,
5,offshor grid,5: offshor grid,
5,offshor grid,5: offshor grid,
5,offshor grid,5: offshor grid,
5,offshor grid,5: offshor grid,
5,offshor grid,5: offshor grid,
5,offshor grid,5: offshor grid,
5,offshor grid,5: offshor grid,
5,offshor grid,5: offshor grid,
5,offshor grid,5: offshor grid,
5,offshor grid,5: offshor grid,
5,offshor grid,5: offshor grid,
5,offshor grid,5: offshor grid,
5,offshor grid,5: offshor grid,
5,offshor grid,5: offshor grid,
5,offshor grid,5: offshor grid,
5,offshor grid,5: offshor grid,
5,offshor grid,5: offshor grid,
5,offshor grid,5: offshor grid,
5,offshor grid,5: offshor grid,
5,offshor grid,5: offshor grid,
5,offshor grid,5: offshor grid,
5,offshor grid,5: offshor grid,
5,offshor grid,5: offshor grid,
5,offshor grid,5: offshor grid,
5,offshor grid,5: offshor grid,
5,offshor grid,5: offshor grid,
5,offshor grid,5: offshor grid,
5,offshor grid,5: offshor grid,
5,offshor grid,5: offshor grid,
5,offshor grid,5: offshor grid,
5,offshor grid,5: offshor grid,
5,offshor grid,5: offshor grid,
5,offshor grid,5: offshor grid,
5,offshor grid,5: offshor grid,
5,offshor grid,5: offshor grid,
5,offshor grid,5: offshor grid,
5,offshor grid,5: offshor grid,
5,offshor grid,5: offshor grid,
5,offshor grid,5: offshor grid,
5,offshor grid,5: offshor grid,
5,offshor grid,5: offshor grid,
5,offshor grid,5: offshor grid,
5,offshor grid,5: offshor grid,
5,offshor grid,5: offshor grid,
5,offshor grid,5: offshor grid,
5,offshor grid,5: offshor grid,
5,offshor grid,5: offshor grid,
5,offshor grid,5: offshor grid,
5,offshor grid,5: offshor grid,
5,offshor grid,5: offshor grid,
5,offshor grid,5: offshor grid,
5,offshor grid,5: offshor grid,
5,offshor grid,5: offshor grid,
5,offshor grid,5: offshor grid,
5,offshor grid,5: offshor grid,
5,offshor grid,5: offshor grid,
5,offshor grid,5: offshor grid,
5,offshor grid,5: offshor grid,
5,offshor grid,5: offshor grid,
5,offshor grid,5: offshor grid,
5,offshor grid,5: offshor grid,
5,offshor grid,5: offshor grid,
5,offshor grid,5: offshor grid,
5,offshor grid,5: offshor grid,
5,offshor grid,5: offshor grid,
5,offshor grid,5: offshor grid,
5,offshor grid,5: offshor grid,
5,offshor grid,5: offshor grid,
5,offshor grid,5: offshor grid,
5,offshor grid,5: offshor grid,
5,offshor grid,5: offshor grid,
5,offshor grid,5: offshor grid,
5,offshor grid,5: offshor grid,
5,offshor grid,5: offshor grid,
5,offshor grid,5: offshor grid,
5,offshor grid,5: offshor grid,
5,offshor grid,5: offshor grid,
5,offshor grid,5: offshor grid,
5,offshor grid,5: offshor grid,
5,offshor grid,5: offshor grid,
5,offshor grid,5: offshor grid,
5,offshor grid,5: offshor grid,
5,offshor grid,5: offshor grid,
5,offshor grid,5: offshor grid,
5,offshor grid,5: offshor grid,
5,offshor grid,5: offshor grid,
5,offshor grid,5: offshor grid,
5,offshor grid,5: offshor grid,
5,offshor grid,5: offshor grid,
5,offshor grid,5: offshor grid,
5,offshor grid,5: offshor grid,
5,offshor grid,5: offshor grid,
5,offshor grid,5: offshor grid,
5,offshor grid,5: offshor grid,
5,offshor grid,5: offshor grid,
5,offshor grid,5: offshor grid,
5,offshor grid,5: offshor grid,
5,offshor grid,5: offshor grid,
5,offshor grid,5: offshor grid,
5,offshor grid,5: offshor grid,
5,offshor grid,5: offshor grid,
5,offshor grid,5: offshor grid,
5,offshor grid,5: offshor grid,
5,offshor grid,5: offshor grid,
5,offshor grid,5: offshor grid,
5,offshor grid,5: offshor grid,
5,offshor grid,5: offshor grid,
5,offshor grid,5: offshor grid,
5,offshor grid,5: offshor grid,
5,offshor grid,5: offshor grid,
5,offshor grid,5: offshor grid,
5,offshor grid,5: offshor grid,
5,offshor grid,5: offshor grid,
5,offshor grid,5: offshor grid,
5,offshor grid,5: offshor grid,
5,offshor grid,5: offshor grid,
5,offshor grid,5: offshor grid,
5,offshor grid,5: offshor grid,
5,offshor grid,5: offshor grid,
5,offshor grid,5: offshor grid,
5,offshor grid,5: offshor grid,
5,offshor grid,5: offshor grid,
5,offshor grid,5: offshor grid,
5,offshor grid,5: offshor grid,
5,offshor grid,5: offshor grid,
5,offshor grid,5: offshor grid,
5,offshor grid,5: offshor grid,
5,offshor grid,5: offshor grid,
5,offshor grid,5: offshor grid,
5,offshor grid,5: offshor grid,
5,offshor grid,5: offshor grid,
5,offshor grid,5: offshor grid,
5,offshor grid,5: offshor grid,
5,offshor grid,5: offshor grid,
5,offshor grid,5: offshor grid,
5,offshor grid,5: offshor grid,
5,offshor grid,5: offshor grid,
5,offshor grid,5: offshor grid,
5,offshor grid,5: offshor grid,
5,offshor grid,5: offshor grid,
5,offshor grid,5: offshor grid,
5,offshor grid,5: offshor grid,
5,offshor grid,5: offshor grid,
5,offshor grid,5: offshor grid,
5,offshor grid,5: offshor grid,
5,offshor grid,5: offshor grid,
5,offshor grid,5: offshor grid,
5,offshor grid,5: offshor grid,
5,offshor grid,5: offshor grid,
5,offshor grid,5: offshor grid,
5,offshor grid,5: offshor grid,
5,offshor grid,5: offshor grid,
5,offshor grid,5: offshor grid,
5,offshor grid,5: offshor grid,
5,offshor grid,5: offshor grid,
5,offshor grid,5: offshor grid,
5,offshor grid,5: offshor grid,
5,offshor grid,5: offshor grid,
5,offshor grid,5: offshor grid,
5,offshor grid,5: offshor grid,
5,offshor grid,5: offshor grid,
5,offshor grid,5: offshor grid,
5,offshor grid,5: offshor grid,
5,offshor grid,5: offshor grid,
5,offshor grid,5: offshor grid,
5,offshor grid,5: offshor grid,
5,offshor grid,5: offshor grid,
5,offshor grid,5: offshor grid,
5,offshor grid,5: offshor grid,
5,offshor grid,5: offshor grid,
5,offshor grid,5: offshor grid,
5,offshor grid,5: offshor grid,
5,offshor grid,5: offshor grid,
5,offshor grid,5: offshor grid,
5,offshor grid,5: offshor grid,
5,offshor grid,5: offshor grid,
5,offshor grid,5: offshor grid,
5,offshor grid,5: offshor grid,
5,offshor grid,5: offshor grid,
5,offshor grid,5: offshor grid,
5,offshor grid,5: offshor grid,
5,offshor grid,5: offshor grid,
5,offshor grid,5: offshor grid,
5,offshor grid,5: offshor grid,
5,offshor grid,5: offshor grid,
5,offshor grid,5: offshor grid,
5,offshor grid,5: offshor grid,
5,offshor grid,5: offshor grid,
5,offshor grid,5: offshor grid,
5,offshor grid,5: offshor grid,
5,offshor grid,5: offshor grid,
5,offshor grid,5: offshor grid,
5,offshor grid,5: offshor grid,
5,offshor grid,5: offshor grid,
5,offshor grid,5: offshor grid,
5,offshor grid,5: offshor grid,
5,offshor grid,5: offshor grid,
5,offshor grid,5: offshor grid,
5,offshor grid,5: offshor grid,
5,offshor grid,5: offshor grid,
5,offshor grid,5: offshor grid,
5,offshor grid,5: offshor grid,
5,offshor grid,5: offshor grid,
5,offshor grid,5: offshor grid,
5,offshor grid,5: offshor grid,
5,offshor grid,5: offshor grid,
5,offshor grid,5: offshor grid,
5,offshor grid,5: offshor grid,
5,offshor grid,5: offshor grid,
5,offshor grid,5: offshor grid,
5,offshor grid,5: offshor grid,
5,offshor grid,5: offshor grid,
5,offshor grid,5: offshor grid,
5,offshor grid,5: offshor grid,
5,offshor grid,5: offshor grid,
5,offshor grid,5: offshor grid,
5,offshor grid,5: offshor grid,
5,offshor grid,5: offshor grid,
5,offshor grid,5: offshor grid,
5,offshor grid,5: offshor grid,
5,offshor grid,5: offshor grid,
5,offshor grid,5: offshor grid,
5,offshor grid,5: offshor grid,
5,offshor grid,5: offshor grid,
5,offshor grid,5: offshor grid,
5,offshor grid,5: offshor grid,
5,offshor grid,5: offshor grid,
5,offshor grid,5: offshor grid,
5,offshor grid,5: offshor grid,
5,offshor grid,5: offshor grid,
5,offshor grid,5: offshor grid,
5,offshor grid,5: offshor grid,
5,offshor grid,5: offshor grid,
9,wind farm,9: wind farm,
9,wind farm,9: wind farm,
9,wind farm,9: wind farm,
9,wind farm,9: wind farm,
9,wind farm,9: wind farm,
9,wind farm,9: wind farm,
9,wind farm,9: wind farm,
9,wind farm,9: wind farm,
9,wind farm,9: wind farm,
9,wind farm,9: wind farm,
9,wind farm,9: wind farm,
9,wind farm,9: wind farm,
9,wind farm,9: wind farm,
9,wind farm,9: wind farm,
9,wind farm,9: wind farm,
9,wind farm,9: wind farm,
9,wind farm,9: wind farm,
9,wind farm,9: wind farm,
9,wind farm,9: wind farm,
9,wind farm,9: wind farm,
9,wind farm,9: wind farm,
9,wind farm,9: wind farm,
9,wind farm,9: wind farm,
9,wind farm,9: wind farm,
9,wind farm,9: wind farm,
9,wind farm,9: wind farm,
9,wind farm,9: wind farm,
9,wind farm,9: wind farm,
9,wind farm,9: wind farm,
9,wind farm,9: wind farm,
9,wind farm,9: wind farm,
9,wind farm,9: wind farm,
9,wind farm,9: wind farm,
9,wind farm,9: wind farm,
9,wind farm,9: wind farm,
9,wind farm,9: wind farm,
9,wind farm,9: wind farm,
9,wind farm,9: wind farm,
9,wind farm,9: wind farm,
9,wind farm,9: wind farm,
9,wind farm,9: wind farm,
9,wind farm,9: wind farm,
9,wind farm,9: wind farm,
9,wind farm,9: wind farm,
9,wind farm,9: wind farm,
9,wind farm,9: wind farm,
9,wind farm,9: wind farm,
9,wind farm,9: wind farm,
9,wind farm,9: wind farm,
9,wind farm,9: wind farm,
9,wind farm,9: wind farm,
9,wind farm,9: wind farm,
9,wind farm,9: wind farm,
9,wind farm,9: wind farm,
9,wind farm,9: wind farm,
9,wind farm,9: wind farm,
9,wind farm,9: wind farm,
9,wind farm,9: wind farm,
9,wind farm,9: wind farm,
9,wind farm,9: wind farm,
9,wind farm,9: wind farm,
9,wind farm,9: wind farm,
9,wind farm,9: wind farm,
9,wind farm,9: wind farm,
9,wind farm,9: wind farm,
9,wind farm,9: wind farm,
9,wind farm,9: wind farm,
9,wind farm,9: wind farm,
9,wind farm,9: wind farm,
9,wind farm,9: wind farm,
9,wind farm,9: wind farm,
9,wind farm,9: wind farm,
9,wind farm,9: wind farm,
9,wind farm,9: wind farm,
9,wind farm,9: wind farm,
9,wind farm,9: wind farm,
9,wind farm,9: wind farm,
9,wind farm,9: wind farm,
9,wind farm,9: wind farm,
9,wind farm,9: wind farm,
9,wind farm,9: wind farm,
9,wind farm,9: wind farm,
9,wind farm,9: wind farm,
9,wind farm,9: wind farm,
9,wind farm,9: wind farm,
9,wind farm,9: wind farm,
9,wind farm,9: wind farm,
9,wind farm,9: wind farm,
9,wind farm,9: wind farm,
9,wind farm,9: wind farm,
9,wind farm,9: wind farm,
9,wind farm,9: wind farm,
9,wind farm,9: wind farm,
9,wind farm,9: wind farm,
9,wind farm,9: wind farm,
9,wind farm,9: wind farm,
9,wind farm,9: wind farm,
9,wind farm,9: wind farm,
9,wind farm,9: wind farm,
9,wind farm,9: wind farm,
9,wind farm,9: wind farm,
9,wind farm,9: wind farm,
9,wind farm,9: wind farm,
9,wind farm,9: wind farm,
9,wind farm,9: wind farm,
9,wind farm,9: wind farm,
9,wind farm,9: wind farm,
9,wind farm,9: wind farm,
9,wind farm,9: wind farm,
9,wind farm,9: wind farm,
9,wind farm,9: wind farm,
9,wind farm,9: wind farm,
9,wind farm,9: wind farm,
9,wind farm,9: wind farm,
9,wind farm,9: wind farm,
9,wind farm,9: wind farm,
9,wind farm,9: wind farm,
9,wind farm,9: wind farm,
9,wind farm,9: wind farm,
9,wind farm,9: wind farm,
9,wind farm,9: wind farm,
9,wind farm,9: wind farm,
9,wind farm,9: wind farm,
9,wind farm,9: wind farm,
9,wind farm,9: wind farm,
9,wind farm,9: wind farm,
9,wind farm,9: wind farm,
9,wind farm,9: wind farm,
9,wind farm,9: wind farm,
9,wind farm,9: wind farm,
9,wind farm,9: wind farm,
9,wind farm,9: wind farm,
9,wind farm,9: wind farm,
9,wind farm,9: wind farm,
9,wind farm,9: wind farm,
9,wind farm,9: wind farm,
9,wind farm,9: wind farm,
9,wind farm,9: wind farm,
9,wind farm,9: wind farm,
9,wind farm,9: wind farm,
9,wind farm,9: wind farm,
9,wind farm,9: wind farm,
9,wind farm,9: wind farm,
9,wind farm,9: wind farm,
9,wind farm,9: wind farm,
9,wind farm,9: wind farm,
9,wind farm,9: wind farm,
9,wind farm,9: wind farm,
9,wind farm,9: wind farm,
9,wind farm,9: wind farm,
9,wind farm,9: wind farm,
9,wind farm,9: wind farm,
9,wind farm,9: wind farm,
9,wind farm,9: wind farm,
9,wind farm,9: wind farm,
9,wind farm,9: wind farm,
9,wind farm,9: wind farm,
9,wind farm,9: wind farm,
9,wind farm,9: wind farm,
9,wind farm,9: wind farm,
9,wind farm,9: wind farm,
5,offshor grid,5: offshor grid,
5,offshor grid,5: offshor grid,
5,offshor grid,5: offshor grid,
5,offshor grid,5: offshor grid,
5,offshor grid,5: offshor grid,
5,offshor grid,5: offshor grid,
5,offshor grid,5: offshor grid,
5,offshor grid,5: offshor grid,
5,offshor grid,5: offshor grid,
5,offshor grid,5: offshor grid,
5,offshor grid,5: offshor grid,
5,offshor grid,5: offshor grid,
5,offshor grid,5: offshor grid,
5,offshor grid,5: offshor grid,
5,offshor grid,5: offshor grid,
5,offshor grid,5: offshor grid,
5,offshor grid,5: offshor grid,
5,offshor grid,5: offshor grid,
5,offshor grid,5: offshor grid,
5,offshor grid,5: offshor grid,
5,offshor grid,5: offshor grid,
5,offshor grid,5: offshor grid,
5,offshor grid,5: offshor grid,
5,offshor grid,5: offshor grid,
5,offshor grid,5: offshor grid,
5,offshor grid,5: offshor grid,
5,offshor grid,5: offshor grid,
5,offshor grid,5: offshor grid,
5,offshor grid,5: offshor grid,
5,offshor grid,5: offshor grid,
5,offshor grid,5: offshor grid,
5,offshor grid,5: offshor grid,
5,offshor grid,5: offshor grid,
5,offshor grid,5: offshor grid,
5,offshor grid,5: offshor grid,
5,offshor grid,5: offshor grid,
5,offshor grid,5: offshor grid,
5,offshor grid,5: offshor grid,
5,offshor grid,5: offshor grid,
5,offshor grid,5: offshor grid,
5,offshor grid,5: offshor grid,
5,offshor grid,5: offshor grid,
5,offshor grid,5: offshor grid,
5,offshor grid,5: offshor grid,
5,offshor grid,5: offshor grid,
5,offshor grid,5: offshor grid,
5,offshor grid,5: offshor grid,
5,offshor grid,5: offshor grid,
5,offshor grid,5: offshor grid,
5,offshor grid,5: offshor grid,
5,offshor grid,5: offshor grid,
5,offshor grid,5: offshor grid,
5,offshor grid,5: offshor grid,
5,offshor grid,5: offshor grid,
5,offshor grid,5: offshor grid,
5,offshor grid,5: offshor grid,
5,offshor grid,5: offshor grid,
5,offshor grid,5: offshor grid,
5,offshor grid,5: offshor grid,
5,offshor grid,5: offshor grid,
5,offshor grid,5: offshor grid,
5,offshor grid,5: offshor grid,
5,offshor grid,5: offshor grid,
5,offshor grid,5: offshor grid,
5,offshor grid,5: offshor grid,
5,offshor grid,5: offshor grid,
5,offshor grid,5: offshor grid,
5,offshor grid,5: offshor grid,
5,offshor grid,5: offshor grid,
5,offshor grid,5: offshor grid,
5,offshor grid,5: offshor grid,
5,offshor grid,5: offshor grid,
5,offshor grid,5: offshor grid,
5,offshor grid,5: offshor grid,
5,offshor grid,5: offshor grid,
5,offshor grid,5: offshor grid,
5,offshor grid,5: offshor grid,
5,offshor grid,5: offshor grid,
5,offshor grid,5: offshor grid,
5,offshor grid,5: offshor grid,
5,offshor grid,5: offshor grid,
5,offshor grid,5: offshor grid,
5,offshor grid,5: offshor grid,
5,offshor grid,5: offshor grid,
5,offshor grid,5: offshor grid,
5,offshor grid,5: offshor grid,
5,offshor grid,5: offshor grid,
5,offshor grid,5: offshor grid,
5,offshor grid,5: offshor grid,
5,offshor grid,5: offshor grid,
5,offshor grid,5: offshor grid,
5,offshor grid,5: offshor grid,
5,offshor grid,5: offshor grid,
5,offshor grid,5: offshor grid,
5,offshor grid,5: offshor grid,
5,offshor grid,5: offshor grid,
5,offshor grid,5: offshor grid,
5,offshor grid,5: offshor grid,
5,offshor grid,5: offshor grid,
5,offshor grid,5: offshor grid,
5,offshor grid,5: offshor grid,
5,offshor grid,5: offshor grid,
5,offshor grid,5: offshor grid,
5,offshor grid,5: offshor grid,
5,offshor grid,5: offshor grid,
5,offshor grid,5: offshor grid,
5,offshor grid,5: offshor grid,
5,offshor grid,5: offshor grid,
5,offshor grid,5: offshor grid,
5,offshor grid,5: offshor grid,
5,offshor grid,5: offshor grid,
5,offshor grid,5: offshor grid,
5,offshor grid,5: offshor grid,
5,offshor grid,5: offshor grid,
5,offshor grid,5: offshor grid,
5,offshor grid,5: offshor grid,
5,offshor grid,5: offshor grid,
5,offshor grid,5: offshor grid,
5,offshor grid,5: offshor grid,
5,offshor grid,5: offshor grid,
5,offshor grid,5: offshor grid,
5,offshor grid,5: offshor grid,
5,offshor grid,5: offshor grid,
5,offshor grid,5: offshor grid,
5,offshor grid,5: offshor grid,
5,offshor grid,5: offshor grid,
5,offshor grid,5: offshor grid,
5,offshor grid,5: offshor grid,
5,offshor grid,5: offshor grid,
5,offshor grid,5: offshor grid,
5,offshor grid,5: offshor grid,
5,offshor grid,5: offshor grid,
5,offshor grid,5: offshor grid,
5,offshor grid,5: offshor grid,
5,offshor grid,5: offshor grid,
5,offshor grid,5: offshor grid,
5,offshor grid,5: offshor grid,
5,offshor grid,5: offshor grid,
5,offshor grid,5: offshor grid,
5,offshor grid,5: offshor grid,
5,offshor grid,5: offshor grid,
5,offshor grid,5: offshor grid,
5,offshor grid,5: offshor grid,
5,offshor grid,5: offshor grid,
5,offshor grid,5: offshor grid,
5,offshor grid,5: offshor grid,
5,offshor grid,5: offshor grid,
5,offshor grid,5: offshor grid,
5,offshor grid,5: offshor grid,
5,offshor grid,5: offshor grid,
5,offshor grid,5: offshor grid,
5,offshor grid,5: offshor grid,
5,offshor grid,5: offshor grid,
5,offshor grid,5: offshor grid,
5,offshor grid,5: offshor grid,
5,offshor grid,5: offshor grid,
5,offshor grid,5: offshor grid,
5,offshor grid,5: offshor grid,
5,offshor grid,5: offshor grid,
5,offshor grid,5: offshor grid,
5,offshor grid,5: offshor grid,
5,offshor grid,5: offshor grid,
5,offshor grid,5: offshor grid,
5,offshor grid,5: offshor grid,
5,offshor grid,5: offshor grid,
5,offshor grid,5: offshor grid,
5,offshor grid,5: offshor grid,
5,offshor grid,5: offshor grid,
5,offshor grid,5: offshor grid,
5,offshor grid,5: offshor grid,
5,offshor grid,5: offshor grid,
5,offshor grid,5: offshor grid,
5,offshor grid,5: offshor grid,
5,offshor grid,5: offshor grid,
5,offshor grid,5: offshor grid,
5,offshor grid,5: offshor grid,
5,offshor grid,5: offshor grid,
5,offshor grid,5: offshor grid,
5,offshor grid,5: offshor grid,
5,offshor grid,5: offshor grid,
5,offshor grid,5: offshor grid,
5,offshor grid,5: offshor grid,
5,offshor grid,5: offshor grid,
5,offshor grid,5: offshor grid,
5,offshor grid,5: offshor grid,
5,offshor grid,5: offshor grid,
5,offshor grid,5: offshor grid,
5,offshor grid,5: offshor grid,
5,offshor grid,5: offshor grid,
5,offshor grid,5: offshor grid,
5,offshor grid,5: offshor grid,
5,offshor grid,5: offshor grid,
5,offshor grid,5: offshor grid,
5,offshor grid,5: offshor grid,
5,offshor grid,5: offshor grid,
5,offshor grid,5: offshor grid,
5,offshor grid,5: offshor grid,
5,offshor grid,5: offshor grid,
5,offshor grid,5: offshor grid,
5,offshor grid,5: offshor grid,
5,offshor grid,5: offshor grid,
5,offshor grid,5: offshor grid,
5,offshor grid,5: offshor grid,
5,offshor grid,5: offshor grid,
5,offshor grid,5: offshor grid,
5,offshor grid,5: offshor grid,
5,offshor grid,5: offshor grid,
5,offshor grid,5: offshor grid,
5,offshor grid,5: offshor grid,
5,offshor grid,5: offshor grid,
5,offshor grid,5: offshor grid,
5,offshor grid,5: offshor grid,
5,offshor grid,5: offshor grid,
5,offshor grid,5: offshor grid,
5,offshor grid,5: offshor grid,
5,offshor grid,5: offshor grid,
5,offshor grid,5: offshor grid,
5,offshor grid,5: offshor grid,
5,offshor grid,5: offshor grid,
5,offshor grid,5: offshor grid,
5,offshor grid,5: offshor grid,
5,offshor grid,5: offshor grid,
5,offshor grid,5: offshor grid,
5,offshor grid,5: offshor grid,
5,offshor grid,5: offshor grid,
5,offshor grid,5: offshor grid,
5,offshor grid,5: offshor grid,
5,offshor grid,5: offshor grid,
5,offshor grid,5: offshor grid,
5,offshor grid,5: offshor grid,
5,offshor grid,5: offshor grid,
5,offshor grid,5: offshor grid,
5,offshor grid,5: offshor grid,
5,offshor grid,5: offshor grid,
5,offshor grid,5: offshor grid,
5,offshor grid,5: offshor grid,
5,offshor grid,5: offshor grid,
5,offshor grid,5: offshor grid,
5,offshor grid,5: offshor grid,
5,offshor grid,5: offshor grid,
5,offshor grid,5: offshor grid,
5,offshor grid,5: offshor grid,
5,offshor grid,5: offshor grid,
5,offshor grid,5: offshor grid,
5,offshor grid,5: offshor grid,
5,offshor grid,5: offshor grid,
5,offshor grid,5: offshor grid,
5,offshor grid,5: offshor grid,
5,offshor grid,5: offshor grid,
5,offshor grid,5: offshor grid,
5,offshor grid,5: offshor grid,
5,offshor grid,5: offshor grid,
5,offshor grid,5: offshor grid,
5,offshor grid,5: offshor grid,
5,offshor grid,5: offshor grid,
5,offshor grid,5: offshor grid,
5,offshor grid,5: offshor grid,
5,offshor grid,5: offshor grid,
5,offshor grid,5: offshor grid,
5,offshor grid,5: offshor grid,
5,offshor grid,5: offshor grid,
5,offshor grid,5: offshor grid,
5,offshor grid,5: offshor grid,
5,offshor grid,5: offshor grid,
5,offshor grid,5: offshor grid,
5,offshor grid,5: offshor grid,
5,offshor grid,5: offshor grid,
5,offshor grid,5: offshor grid,
5,offshor grid,5: offshor grid,
5,offshor grid,5: offshor grid,
5,offshor grid,5: offshor grid,
5,offshor grid,5: offshor grid,
5,offshor grid,5: offshor grid,
5,offshor grid,5: offshor grid,
5,offshor grid,5: offshor grid,
5,offshor grid,5: offshor grid,
5,offshor grid,5: offshor grid,
5,offshor grid,5: offshor grid,
5,offshor grid,5: offshor grid,
5,offshor grid,5: offshor grid,
5,offshor grid,5: offshor grid,
5,offshor grid,5: offshor grid,
5,offshor grid,5: offshor grid,
5,offshor grid,5: offshor grid,
5,offshor grid,5: offshor grid,
5,offshor grid,5: offshor grid,
5,offshor grid,5: offshor grid,
5,offshor grid,5: offshor grid,
5,offshor grid,5: offshor grid,
5,offshor grid,5: offshor grid,
5,offshor grid,5: offshor grid,
5,offshor grid,5: offshor grid,
5,offshor grid,5: offshor grid,
5,offshor grid,5: offshor grid,
5,offshor grid,5: offshor grid,
5,offshor grid,5: offshor grid,
5,offshor grid,5: offshor grid,
5,offshor grid,5: offshor grid,
5,offshor grid,5: offshor grid,
5,offshor grid,5: offshor grid,
5,offshor grid,5: offshor grid,
5,offshor grid,5: offshor grid,
5,offshor grid,5: offshor grid,
5,offshor grid,5: offshor grid,
5,offshor grid,5: offshor grid,
5,offshor grid,5: offshor grid,
5,offshor grid,5: offshor grid,
5,offshor grid,5: offshor grid,
5,offshor grid,5: offshor grid,
5,offshor grid,5: offshor grid,
5,offshor grid,5: offshor grid,
5,offshor grid,5: offshor grid,
5,offshor grid,5: offshor grid,
5,offshor grid,5: offshor grid,
5,offshor grid,5: offshor grid,
5,offshor grid,5: offshor grid,
5,offshor grid,5: offshor grid,
5,offshor grid,5: offshor grid,
5,offshor grid,5: offshor grid,
5,offshor grid,5: offshor grid,
5,offshor grid,5: offshor grid,
5,offshor grid,5: offshor grid,
5,offshor grid,5: offshor grid,
5,offshor grid,5: offshor grid,
5,offshor grid,5: offshor grid,
5,offshor grid,5: offshor grid,
5,offshor grid,5: offshor grid,
5,offshor grid,5: offshor grid,
5,offshor grid,5: offshor grid,
5,offshor grid,5: offshor grid,
5,offshor grid,5: offshor grid,
5,offshor grid,5: offshor grid,
5,offshor grid,5: offshor grid,
5,offshor grid,5: offshor grid,
5,offshor grid,5: offshor grid,
5,offshor grid,5: offshor grid,
5,offshor grid,5: offshor grid,
5,offshor grid,5: offshor grid,
5,offshor grid,5: offshor grid,
5,offshor grid,5: offshor grid,
5,offshor grid,5: offshor grid,
5,offshor grid,5: offshor grid,
5,offshor grid,5: offshor grid,
5,offshor grid,5: offshor grid,
5,offshor grid,5: offshor grid,
5,offshor grid,5: offshor grid,
5,offshor grid,5: offshor grid,
5,offshor grid,5: offshor grid,
5,offshor grid,5: offshor grid,
5,offshor grid,5: offshor grid,
9,wind farm,9: wind farm,
9,wind farm,9: wind farm,
9,wind farm,9: wind farm,
9,wind farm,9: wind farm,
9,wind farm,9: wind farm,
9,wind farm,9: wind farm,
9,wind farm,9: wind farm,
9,wind farm,9: wind farm,
9,wind farm,9: wind farm,
9,wind farm,9: wind farm,
9,wind farm,9: wind farm,
9,wind farm,9: wind farm,
9,wind farm,9: wind farm,
9,wind farm,9: wind farm,
9,wind farm,9: wind farm,
9,wind farm,9: wind farm,
9,wind farm,9: wind farm,
9,wind farm,9: wind farm,
9,wind farm,9: wind farm,
9,wind farm,9: wind farm,
9,wind farm,9: wind farm,
9,wind farm,9: wind farm,
9,wind farm,9: wind farm,
9,wind farm,9: wind farm,
9,wind farm,9: wind farm,
9,wind farm,9: wind farm,
9,wind farm,9: wind farm,
9,wind farm,9: wind farm,
9,wind farm,9: wind farm,
9,wind farm,9: wind farm,
9,wind farm,9: wind farm,
9,wind farm,9: wind farm,
9,wind farm,9: wind farm,
9,wind farm,9: wind farm,
9,wind farm,9: wind farm,
9,wind farm,9: wind farm,
9,wind farm,9: wind farm,
9,wind farm,9: wind farm,
9,wind farm,9: wind farm,
9,wind farm,9: wind farm,
9,wind farm,9: wind farm,
9,wind farm,9: wind farm,
9,wind farm,9: wind farm,
9,wind farm,9: wind farm,
9,wind farm,9: wind farm,
9,wind farm,9: wind farm,
9,wind farm,9: wind farm,
9,wind farm,9: wind farm,
9,wind farm,9: wind farm,
9,wind farm,9: wind farm,
9,wind farm,9: wind farm,
9,wind farm,9: wind farm,
9,wind farm,9: wind farm,
9,wind farm,9: wind farm,
9,wind farm,9: wind farm,
9,wind farm,9: wind farm,
9,wind farm,9: wind farm,
9,wind farm,9: wind farm,
9,wind farm,9: wind farm,
9,wind farm,9: wind farm,
9,wind farm,9: wind farm,
9,wind farm,9: wind farm,
9,wind farm,9: wind farm,
9,wind farm,9: wind farm,
9,wind farm,9: wind farm,
9,wind farm,9: wind farm,
9,wind farm,9: wind farm,
9,wind farm,9: wind farm,
9,wind farm,9: wind farm,
9,wind farm,9: wind farm,
9,wind farm,9: wind farm,
9,wind farm,9: wind farm,
9,wind farm,9: wind farm,
9,wind farm,9: wind farm,
9,wind farm,9: wind farm,
9,wind farm,9: wind farm,
9,wind farm,9: wind farm,
9,wind farm,9: wind farm,
9,wind farm,9: wind farm,
9,wind farm,9: wind farm,
9,wind farm,9: wind farm,
9,wind farm,9: wind farm,
9,wind farm,9: wind farm,
9,wind farm,9: wind farm,
9,wind farm,9: wind farm,
9,wind farm,9: wind farm,
9,wind farm,9: wind farm,
9,wind farm,9: wind farm,
9,wind farm,9: wind farm,
9,wind farm,9: wind farm,
9,wind farm,9: wind farm,
9,wind farm,9: wind farm,
9,wind farm,9: wind farm,
9,wind farm,9: wind farm,
9,wind farm,9: wind farm,
9,wind farm,9: wind farm,
9,wind farm,9: wind farm,
9,wind farm,9: wind farm,
9,wind farm,9: wind farm,
9,wind farm,9: wind farm,
9,wind farm,9: wind farm,
9,wind farm,9: wind farm,
9,wind farm,9: wind farm,
9,wind farm,9: wind farm,
9,wind farm,9: wind farm,
9,wind farm,9: wind farm,
9,wind farm,9: wind farm,
9,wind farm,9: wind farm,
9,wind farm,9: wind farm,
9,wind farm,9: wind farm,
9,wind farm,9: wind farm,
9,wind farm,9: wind farm,
9,wind farm,9: wind farm,
9,wind farm,9: wind farm,
9,wind farm,9: wind farm,
9,wind farm,9: wind farm,
9,wind farm,9: wind farm,
9,wind farm,9: wind farm,
9,wind farm,9: wind farm,
9,wind farm,9: wind farm,
9,wind farm,9: wind farm,
9,wind farm,9: wind farm,
9,wind farm,9: wind farm,
9,wind farm,9: wind farm,
9,wind farm,9: wind farm,
9,wind farm,9: wind farm,
9,wind farm,9: wind farm,
9,wind farm,9: wind farm,
9,wind farm,9: wind farm,
9,wind farm,9: wind farm,
9,wind farm,9: wind farm,
9,wind farm,9: wind farm,
9,wind farm,9: wind farm,
9,wind farm,9: wind farm,
9,wind farm,9: wind farm,
9,wind farm,9: wind farm,
9,wind farm,9: wind farm,
9,wind farm,9: wind farm,
9,wind farm,9: wind farm,
9,wind farm,9: wind farm,
9,wind farm,9: wind farm,
9,wind farm,9: wind farm,
9,wind farm,9: wind farm,
9,wind farm,9: wind farm,
9,wind farm,9: wind farm,
9,wind farm,9: wind farm,
9,wind farm,9: wind farm,
9,wind farm,9: wind farm,
9,wind farm,9: wind farm,
9,wind farm,9: wind farm,
9,wind farm,9: wind farm,
9,wind farm,9: wind farm,
9,wind farm,9: wind farm,
9,wind farm,9: wind farm,
9,wind farm,9: wind farm,
9,wind farm,9: wind farm,
9,wind farm,9: wind farm,
9,wind farm,9: wind farm,
9,wind farm,9: wind farm,
9,wind farm,9: wind farm,
9,wind farm,9: wind farm,
9,wind farm,9: wind farm,
9,wind farm,9: wind farm,
9,wind farm,9: wind farm,
9,wind farm,9: wind farm,
9,wind farm,9: wind farm,
9,wind farm,9: wind farm,
9,wind farm,9: wind farm,
9,wind farm,9: wind farm,
9,wind farm,9: wind farm,
9,wind farm,9: wind farm,
9,wind farm,9: wind farm,
9,wind farm,9: wind farm,
9,wind farm,9: wind farm,
9,wind farm,9: wind farm,
9,wind farm,9: wind farm,
9,wind farm,9: wind farm,
9,wind farm,9: wind farm,
9,wind farm,9: wind farm,
9,wind farm,9: wind farm,
9,wind farm,9: wind farm,
9,wind farm,9: wind farm,
9,wind farm,9: wind farm,
9,wind farm,9: wind farm,
9,wind farm,9: wind farm,
9,wind farm,9: wind farm,
9,wind farm,9: wind farm,
9,wind farm,9: wind farm,
9,wind farm,9: wind farm,
9,wind farm,9: wind farm,
9,wind farm,9: wind farm,
9,wind farm,9: wind farm,
9,wind farm,9: wind farm,
9,wind farm,9: wind farm,
9,wind farm,9: wind farm,
9,wind farm,9: wind farm,
9,wind farm,9: wind farm,
9,wind farm,9: wind farm,
9,wind farm,9: wind farm,
9,wind farm,9: wind farm,
9,wind farm,9: wind farm,
9,wind farm,9: wind farm,
9,wind farm,9: wind farm,
9,wind farm,9: wind farm,
9,wind farm,9: wind farm,
9,wind farm,9: wind farm,
9,wind farm,9: wind farm,
9,wind farm,9: wind farm,
9,wind farm,9: wind farm,
9,wind farm,9: wind farm,
9,wind farm,9: wind farm,
9,wind farm,9: wind farm,
9,wind farm,9: wind farm,
9,wind farm,9: wind farm,
9,wind farm,9: wind farm,
9,wind farm,9: wind farm,
9,wind farm,9: wind farm,
9,wind farm,9: wind farm,
9,wind farm,9: wind farm,
9,wind farm,9: wind farm,
9,wind farm,9: wind farm,
9,wind farm,9: wind farm,
9,wind farm,9: wind farm,
9,wind farm,9: wind farm,
9,wind farm,9: wind farm,
9,wind farm,9: wind farm,
9,wind farm,9: wind farm,
9,wind farm,9: wind farm,
9,wind farm,9: wind farm,
9,wind farm,9: wind farm,
9,wind farm,9: wind farm,
9,wind farm,9: wind farm,
9,wind farm,9: wind farm,
9,wind farm,9: wind farm,
9,wind farm,9: wind farm,
9,wind farm,9: wind farm,
9,wind farm,9: wind farm,
9,wind farm,9: wind farm,
9,wind farm,9: wind farm,
9,wind farm,9: wind farm,
9,wind farm,9: wind farm,
9,wind farm,9: wind farm,
9,wind farm,9: wind farm,
9,wind farm,9: wind farm,
9,wind farm,9: wind farm,
9,wind farm,9: wind farm,
9,wind farm,9: wind farm,
9,wind farm,9: wind farm,
9,wind farm,9: wind farm,
9,wind farm,9: wind farm,
9,wind farm,9: wind farm,
9,wind farm,9: wind farm,
9,wind farm,9: wind farm,
9,wind farm,9: wind farm,
9,wind farm,9: wind farm,
9,wind farm,9: wind farm,
9,wind farm,9: wind farm,
9,wind farm,9: wind farm,
9,wind farm,9: wind farm,
9,wind farm,9: wind farm,
9,wind farm,9: wind farm,
9,wind farm,9: wind farm,
9,wind farm,9: wind farm,
9,wind farm,9: wind farm,
9,wind farm,9: wind farm,
9,wind farm,9: wind farm,
9,wind farm,9: wind farm,
9,wind farm,9: wind farm,
9,wind farm,9: wind farm,
9,wind farm,9: wind farm,
9,wind farm,9: wind farm,
9,wind farm,9: wind farm,
9,wind farm,9: wind farm,
9,wind farm,9: wind farm,
9,wind farm,9: wind farm,
9,wind farm,9: wind farm,
9,wind farm,9: wind farm,
9,wind farm,9: wind farm,
9,wind farm,9: wind farm,
9,wind farm,9: wind farm,
9,wind farm,9: wind farm,
9,wind farm,9: wind farm,
9,wind farm,9: wind farm,
9,wind farm,9: wind farm,
9,wind farm,9: wind farm,
9,wind farm,9: wind farm,
9,wind farm,9: wind farm,
9,wind farm,9: wind farm,
9,wind farm,9: wind farm,
9,wind farm,9: wind farm,
9,wind farm,9: wind farm,
9,wind farm,9: wind farm,
9,wind farm,9: wind farm,
9,wind farm,9: wind farm,
9,wind farm,9: wind farm,
9,wind farm,9: wind farm,
9,wind farm,9: wind farm,
9,wind farm,9: wind farm,
9,wind farm,9: wind farm,
9,wind farm,9: wind farm,
9,wind farm,9: wind farm,
9,wind farm,9: wind farm,
9,wind farm,9: wind farm,
9,wind farm,9: wind farm,
9,wind farm,9: wind farm,
9,wind farm,9: wind farm,
9,wind farm,9: wind farm,
9,wind farm,9: wind farm,
9,wind farm,9: wind farm,
9,wind farm,9: wind farm,
9,wind farm,9: wind farm,
9,wind farm,9: wind farm,
9,wind farm,9: wind farm,
9,wind farm,9: wind farm,
9,wind farm,9: wind farm,
9,wind farm,9: wind farm,
9,wind farm,9: wind farm,
9,wind farm,9: wind farm,
9,wind farm,9: wind farm,
9,wind farm,9: wind farm,
9,wind farm,9: wind farm,
9,wind farm,9: wind farm,
1,abstract avail,1: abstract avail,
1,abstract avail,1: abstract avail,
1,abstract avail,1: abstract avail,
1,abstract avail,1: abstract avail,
1,abstract avail,1: abstract avail,
1,abstract avail,1: abstract avail,
1,abstract avail,1: abstract avail,
1,abstract avail,1: abstract avail,
1,abstract avail,1: abstract avail,
1,abstract avail,1: abstract avail,
1,abstract avail,1: abstract avail,
1,abstract avail,1: abstract avail,
1,abstract avail,1: abstract avail,
1,abstract avail,1: abstract avail,
1,abstract avail,1: abstract avail,
1,abstract avail,1: abstract avail,
1,abstract avail,1: abstract avail,
1,abstract avail,1: abstract avail,
1,abstract avail,1: abstract avail,
1,abstract avail,1: abstract avail,
1,abstract avail,1: abstract avail,
1,abstract avail,1: abstract avail,
1,abstract avail,1: abstract avail,
1,abstract avail,1: abstract avail,
1,abstract avail,1: abstract avail,
1,abstract avail,1: abstract avail,
1,abstract avail,1: abstract avail,
1,abstract avail,1: abstract avail,
1,abstract avail,1: abstract avail,
1,abstract avail,1: abstract avail,
1,abstract avail,1: abstract avail,
1,abstract avail,1: abstract avail,
1,abstract avail,1: abstract avail,
1,abstract avail,1: abstract avail,
1,abstract avail,1: abstract avail,
1,abstract avail,1: abstract avail,
1,abstract avail,1: abstract avail,
1,abstract avail,1: abstract avail,
1,abstract avail,1: abstract avail,
1,abstract avail,1: abstract avail,
1,abstract avail,1: abstract avail,
1,abstract avail,1: abstract avail,
1,abstract avail,1: abstract avail,
1,abstract avail,1: abstract avail,
1,abstract avail,1: abstract avail,
1,abstract avail,1: abstract avail,
1,abstract avail,1: abstract avail,
1,abstract avail,1: abstract avail,
1,abstract avail,1: abstract avail,
1,abstract avail,1: abstract avail,
1,abstract avail,1: abstract avail,
1,abstract avail,1: abstract avail,
1,abstract avail,1: abstract avail,
1,abstract avail,1: abstract avail,
1,abstract avail,1: abstract avail,
1,abstract avail,1: abstract avail,
1,abstract avail,1: abstract avail,
1,abstract avail,1: abstract avail,
1,abstract avail,1: abstract avail,
1,abstract avail,1: abstract avail,
1,abstract avail,1: abstract avail,
1,abstract avail,1: abstract avail,
1,abstract avail,1: abstract avail,
1,abstract avail,1: abstract avail,
1,abstract avail,1: abstract avail,
1,abstract avail,1: abstract avail,
1,abstract avail,1: abstract avail,
1,abstract avail,1: abstract avail,
1,abstract avail,1: abstract avail,
1,abstract avail,1: abstract avail,
1,abstract avail,1: abstract avail,
1,abstract avail,1: abstract avail,
1,abstract avail,1: abstract avail,
1,abstract avail,1: abstract avail,
1,abstract avail,1: abstract avail,
1,abstract avail,1: abstract avail,
1,abstract avail,1: abstract avail,
1,abstract avail,1: abstract avail,
1,abstract avail,1: abstract avail,
1,abstract avail,1: abstract avail,
1,abstract avail,1: abstract avail,
5,offshor grid,5: offshor grid,
5,offshor grid,5: offshor grid,
5,offshor grid,5: offshor grid,
5,offshor grid,5: offshor grid,
5,offshor grid,5: offshor grid,
5,offshor grid,5: offshor grid,
5,offshor grid,5: offshor grid,
5,offshor grid,5: offshor grid,
5,offshor grid,5: offshor grid,
5,offshor grid,5: offshor grid,
5,offshor grid,5: offshor grid,
5,offshor grid,5: offshor grid,
5,offshor grid,5: offshor grid,
5,offshor grid,5: offshor grid,
5,offshor grid,5: offshor grid,
5,offshor grid,5: offshor grid,
5,offshor grid,5: offshor grid,
5,offshor grid,5: offshor grid,
5,offshor grid,5: offshor grid,
5,offshor grid,5: offshor grid,
5,offshor grid,5: offshor grid,
5,offshor grid,5: offshor grid,
5,offshor grid,5: offshor grid,
5,offshor grid,5: offshor grid,
5,offshor grid,5: offshor grid,
5,offshor grid,5: offshor grid,
5,offshor grid,5: offshor grid,
5,offshor grid,5: offshor grid,
5,offshor grid,5: offshor grid,
5,offshor grid,5: offshor grid,
5,offshor grid,5: offshor grid,
5,offshor grid,5: offshor grid,
5,offshor grid,5: offshor grid,
5,offshor grid,5: offshor grid,
5,offshor grid,5: offshor grid,
5,offshor grid,5: offshor grid,
5,offshor grid,5: offshor grid,
5,offshor grid,5: offshor grid,
5,offshor grid,5: offshor grid,
5,offshor grid,5: offshor grid,
5,offshor grid,5: offshor grid,
5,offshor grid,5: offshor grid,
5,offshor grid,5: offshor grid,
5,offshor grid,5: offshor grid,
5,offshor grid,5: offshor grid,
5,offshor grid,5: offshor grid,
5,offshor grid,5: offshor grid,
5,offshor grid,5: offshor grid,
5,offshor grid,5: offshor grid,
5,offshor grid,5: offshor grid,
5,offshor grid,5: offshor grid,
5,offshor grid,5: offshor grid,
5,offshor grid,5: offshor grid,
5,offshor grid,5: offshor grid,
5,offshor grid,5: offshor grid,
5,offshor grid,5: offshor grid,
5,offshor grid,5: offshor grid,
5,offshor grid,5: offshor grid,
5,offshor grid,5: offshor grid,
5,offshor grid,5: offshor grid,
5,offshor grid,5: offshor grid,
5,offshor grid,5: offshor grid,
5,offshor grid,5: offshor grid,
5,offshor grid,5: offshor grid,
5,offshor grid,5: offshor grid,
5,offshor grid,5: offshor grid,
5,offshor grid,5: offshor grid,
5,offshor grid,5: offshor grid,
5,offshor grid,5: offshor grid,
5,offshor grid,5: offshor grid,
5,offshor grid,5: offshor grid,
5,offshor grid,5: offshor grid,
5,offshor grid,5: offshor grid,
5,offshor grid,5: offshor grid,
5,offshor grid,5: offshor grid,
5,offshor grid,5: offshor grid,
5,offshor grid,5: offshor grid,
5,offshor grid,5: offshor grid,
5,offshor grid,5: offshor grid,
5,offshor grid,5: offshor grid,
5,offshor grid,5: offshor grid,
5,offshor grid,5: offshor grid,
5,offshor grid,5: offshor grid,
5,offshor grid,5: offshor grid,
5,offshor grid,5: offshor grid,
5,offshor grid,5: offshor grid,
5,offshor grid,5: offshor grid,
5,offshor grid,5: offshor grid,
5,offshor grid,5: offshor grid,
5,offshor grid,5: offshor grid,
5,offshor grid,5: offshor grid,
5,offshor grid,5: offshor grid,
5,offshor grid,5: offshor grid,
5,offshor grid,5: offshor grid,
5,offshor grid,5: offshor grid,
5,offshor grid,5: offshor grid,
5,offshor grid,5: offshor grid,
5,offshor grid,5: offshor grid,
5,offshor grid,5: offshor grid,
5,offshor grid,5: offshor grid,
5,offshor grid,5: offshor grid,
5,offshor grid,5: offshor grid,
5,offshor grid,5: offshor grid,
5,offshor grid,5: offshor grid,
5,offshor grid,5: offshor grid,
5,offshor grid,5: offshor grid,
5,offshor grid,5: offshor grid,
5,offshor grid,5: offshor grid,
5,offshor grid,5: offshor grid,
5,offshor grid,5: offshor grid,
5,offshor grid,5: offshor grid,
5,offshor grid,5: offshor grid,
5,offshor grid,5: offshor grid,
5,offshor grid,5: offshor grid,
5,offshor grid,5: offshor grid,
5,offshor grid,5: offshor grid,
5,offshor grid,5: offshor grid,
5,offshor grid,5: offshor grid,
5,offshor grid,5: offshor grid,
5,offshor grid,5: offshor grid,
5,offshor grid,5: offshor grid,
5,offshor grid,5: offshor grid,
5,offshor grid,5: offshor grid,
5,offshor grid,5: offshor grid,
5,offshor grid,5: offshor grid,
5,offshor grid,5: offshor grid,
5,offshor grid,5: offshor grid,
5,offshor grid,5: offshor grid,
5,offshor grid,5: offshor grid,
5,offshor grid,5: offshor grid,
5,offshor grid,5: offshor grid,
5,offshor grid,5: offshor grid,
5,offshor grid,5: offshor grid,
5,offshor grid,5: offshor grid,
5,offshor grid,5: offshor grid,
5,offshor grid,5: offshor grid,
5,offshor grid,5: offshor grid,
5,offshor grid,5: offshor grid,
5,offshor grid,5: offshor grid,
5,offshor grid,5: offshor grid,
5,offshor grid,5: offshor grid,
5,offshor grid,5: offshor grid,
5,offshor grid,5: offshor grid,
5,offshor grid,5: offshor grid,
5,offshor grid,5: offshor grid,
5,offshor grid,5: offshor grid,
5,offshor grid,5: offshor grid,
5,offshor grid,5: offshor grid,
5,offshor grid,5: offshor grid,
5,offshor grid,5: offshor grid,
5,offshor grid,5: offshor grid,
5,offshor grid,5: offshor grid,
5,offshor grid,5: offshor grid,
5,offshor grid,5: offshor grid,
5,offshor grid,5: offshor grid,
5,offshor grid,5: offshor grid,
5,offshor grid,5: offshor grid,
5,offshor grid,5: offshor grid,
5,offshor grid,5: offshor grid,
5,offshor grid,5: offshor grid,
5,offshor grid,5: offshor grid,
5,offshor grid,5: offshor grid,
5,offshor grid,5: offshor grid,
5,offshor grid,5: offshor grid,
5,offshor grid,5: offshor grid,
5,offshor grid,5: offshor grid,
5,offshor grid,5: offshor grid,
5,offshor grid,5: offshor grid,
5,offshor grid,5: offshor grid,
5,offshor grid,5: offshor grid,
5,offshor grid,5: offshor grid,
5,offshor grid,5: offshor grid,
5,offshor grid,5: offshor grid,
5,offshor grid,5: offshor grid,
5,offshor grid,5: offshor grid,
7,renew energi,7: renew energi,
7,renew energi,7: renew energi,
7,renew energi,7: renew energi,
7,renew energi,7: renew energi,
7,renew energi,7: renew energi,
7,renew energi,7: renew energi,
7,renew energi,7: renew energi,
7,renew energi,7: renew energi,
7,renew energi,7: renew energi,
7,renew energi,7: renew energi,
7,renew energi,7: renew energi,
7,renew energi,7: renew energi,
7,renew energi,7: renew energi,
7,renew energi,7: renew energi,
7,renew energi,7: renew energi,
7,renew energi,7: renew energi,
7,renew energi,7: renew energi,
7,renew energi,7: renew energi,
7,renew energi,7: renew energi,
7,renew energi,7: renew energi,
7,renew energi,7: renew energi,
7,renew energi,7: renew energi,
7,renew energi,7: renew energi,
7,renew energi,7: renew energi,
7,renew energi,7: renew energi,
7,renew energi,7: renew energi,
7,renew energi,7: renew energi,
7,renew energi,7: renew energi,
7,renew energi,7: renew energi,
7,renew energi,7: renew energi,
7,renew energi,7: renew energi,
7,renew energi,7: renew energi,
7,renew energi,7: renew energi,
7,renew energi,7: renew energi,
7,renew energi,7: renew energi,
7,renew energi,7: renew energi,
7,renew energi,7: renew energi,
7,renew energi,7: renew energi,
7,renew energi,7: renew energi,
7,renew energi,7: renew energi,
7,renew energi,7: renew energi,
7,renew energi,7: renew energi,
7,renew energi,7: renew energi,
7,renew energi,7: renew energi,
7,renew energi,7: renew energi,
7,renew energi,7: renew energi,
7,renew energi,7: renew energi,
7,renew energi,7: renew energi,
7,renew energi,7: renew energi,
7,renew energi,7: renew energi,
7,renew energi,7: renew energi,
7,renew energi,7: renew energi,
7,renew energi,7: renew energi,
7,renew energi,7: renew energi,
7,renew energi,7: renew energi,
7,renew energi,7: renew energi,
7,renew energi,7: renew energi,
7,renew energi,7: renew energi,
7,renew energi,7: renew energi,
7,renew energi,7: renew energi,
7,renew energi,7: renew energi,
7,renew energi,7: renew energi,
7,renew energi,7: renew energi,
7,renew energi,7: renew energi,
7,renew energi,7: renew energi,
7,renew energi,7: renew energi,
7,renew energi,7: renew energi,
7,renew energi,7: renew energi,
7,renew energi,7: renew energi,
7,renew energi,7: renew energi,
7,renew energi,7: renew energi,
7,renew energi,7: renew energi,
7,renew energi,7: renew energi,
7,renew energi,7: renew energi,
7,renew energi,7: renew energi,
7,renew energi,7: renew energi,
7,renew energi,7: renew energi,
7,renew energi,7: renew energi,
7,renew energi,7: renew energi,
7,renew energi,7: renew energi,
7,renew energi,7: renew energi,
7,renew energi,7: renew energi,
7,renew energi,7: renew energi,
7,renew energi,7: renew energi,
7,renew energi,7: renew energi,
7,renew energi,7: renew energi,
7,renew energi,7: renew energi,
7,renew energi,7: renew energi,
7,renew energi,7: renew energi,
7,renew energi,7: renew energi,
7,renew energi,7: renew energi,
7,renew energi,7: renew energi,
7,renew energi,7: renew energi,
7,renew energi,7: renew energi,
7,renew energi,7: renew energi,
7,renew energi,7: renew energi,
7,renew energi,7: renew energi,
7,renew energi,7: renew energi,
7,renew energi,7: renew energi,
7,renew energi,7: renew energi,
7,renew energi,7: renew energi,
7,renew energi,7: renew energi,
7,renew energi,7: renew energi,
7,renew energi,7: renew energi,
7,renew energi,7: renew energi,
7,renew energi,7: renew energi,
7,renew energi,7: renew energi,
7,renew energi,7: renew energi,
7,renew energi,7: renew energi,
7,renew energi,7: renew energi,
7,renew energi,7: renew energi,
7,renew energi,7: renew energi,
7,renew energi,7: renew energi,
7,renew energi,7: renew energi,
7,renew energi,7: renew energi,
7,renew energi,7: renew energi,
7,renew energi,7: renew energi,
7,renew energi,7: renew energi,
7,renew energi,7: renew energi,
7,renew energi,7: renew energi,
7,renew energi,7: renew energi,
7,renew energi,7: renew energi,
7,renew energi,7: renew energi,
7,renew energi,7: renew energi,
7,renew energi,7: renew energi,
7,renew energi,7: renew energi,
7,renew energi,7: renew energi,
7,renew energi,7: renew energi,
7,renew energi,7: renew energi,
7,renew energi,7: renew energi,
7,renew energi,7: renew energi,
7,renew energi,7: renew energi,
7,renew energi,7: renew energi,
7,renew energi,7: renew energi,
7,renew energi,7: renew energi,
7,renew energi,7: renew energi,
7,renew energi,7: renew energi,
7,renew energi,7: renew energi,
7,renew energi,7: renew energi,
7,renew energi,7: renew energi,
7,renew energi,7: renew energi,
7,renew energi,7: renew energi,
7,renew energi,7: renew energi,
7,renew energi,7: renew energi,
7,renew energi,7: renew energi,
7,renew energi,7: renew energi,
1,abstract avail,1: abstract avail,
1,abstract avail,1: abstract avail,
1,abstract avail,1: abstract avail,
1,abstract avail,1: abstract avail,
1,abstract avail,1: abstract avail,
1,abstract avail,1: abstract avail,
1,abstract avail,1: abstract avail,
1,abstract avail,1: abstract avail,
1,abstract avail,1: abstract avail,
1,abstract avail,1: abstract avail,
1,abstract avail,1: abstract avail,
1,abstract avail,1: abstract avail,
1,abstract avail,1: abstract avail,
1,abstract avail,1: abstract avail,
1,abstract avail,1: abstract avail,
1,abstract avail,1: abstract avail,
1,abstract avail,1: abstract avail,
1,abstract avail,1: abstract avail,
1,abstract avail,1: abstract avail,
1,abstract avail,1: abstract avail,
1,abstract avail,1: abstract avail,
1,abstract avail,1: abstract avail,
1,abstract avail,1: abstract avail,
1,abstract avail,1: abstract avail,
1,abstract avail,1: abstract avail,
1,abstract avail,1: abstract avail,
1,abstract avail,1: abstract avail,
1,abstract avail,1: abstract avail,
1,abstract avail,1: abstract avail,
1,abstract avail,1: abstract avail,
1,abstract avail,1: abstract avail,
1,abstract avail,1: abstract avail,
1,abstract avail,1: abstract avail,
1,abstract avail,1: abstract avail,
1,abstract avail,1: abstract avail,
1,abstract avail,1: abstract avail,
1,abstract avail,1: abstract avail,
1,abstract avail,1: abstract avail,
1,abstract avail,1: abstract avail,
1,abstract avail,1: abstract avail,
1,abstract avail,1: abstract avail,
1,abstract avail,1: abstract avail,
1,abstract avail,1: abstract avail,
1,abstract avail,1: abstract avail,
1,abstract avail,1: abstract avail,
1,abstract avail,1: abstract avail,
1,abstract avail,1: abstract avail,
1,abstract avail,1: abstract avail,
1,abstract avail,1: abstract avail,
1,abstract avail,1: abstract avail,
1,abstract avail,1: abstract avail,
1,abstract avail,1: abstract avail,
1,abstract avail,1: abstract avail,
1,abstract avail,1: abstract avail,
1,abstract avail,1: abstract avail,
1,abstract avail,1: abstract avail,
1,abstract avail,1: abstract avail,
1,abstract avail,1: abstract avail,
1,abstract avail,1: abstract avail,
1,abstract avail,1: abstract avail,
1,abstract avail,1: abstract avail,
1,abstract avail,1: abstract avail,
1,abstract avail,1: abstract avail,
1,abstract avail,1: abstract avail,
1,abstract avail,1: abstract avail,
1,abstract avail,1: abstract avail,
1,abstract avail,1: abstract avail,
1,abstract avail,1: abstract avail,
1,abstract avail,1: abstract avail,
1,abstract avail,1: abstract avail,
1,abstract avail,1: abstract avail,
1,abstract avail,1: abstract avail,
1,abstract avail,1: abstract avail,
1,abstract avail,1: abstract avail,
1,abstract avail,1: abstract avail,
1,abstract avail,1: abstract avail,
1,abstract avail,1: abstract avail,
1,abstract avail,1: abstract avail,
1,abstract avail,1: abstract avail,
1,abstract avail,1: abstract avail,
1,abstract avail,1: abstract avail,
7,renew energi,7: renew energi,
7,renew energi,7: renew energi,
7,renew energi,7: renew energi,
7,renew energi,7: renew energi,
7,renew energi,7: renew energi,
7,renew energi,7: renew energi,
7,renew energi,7: renew energi,
7,renew energi,7: renew energi,
7,renew energi,7: renew energi,
7,renew energi,7: renew energi,
7,renew energi,7: renew energi,
7,renew energi,7: renew energi,
7,renew energi,7: renew energi,
7,renew energi,7: renew energi,
7,renew energi,7: renew energi,
7,renew energi,7: renew energi,
7,renew energi,7: renew energi,
7,renew energi,7: renew energi,
7,renew energi,7: renew energi,
7,renew energi,7: renew energi,
7,renew energi,7: renew energi,
7,renew energi,7: renew energi,
7,renew energi,7: renew energi,
7,renew energi,7: renew energi,
7,renew energi,7: renew energi,
7,renew energi,7: renew energi,
7,renew energi,7: renew energi,
7,renew energi,7: renew energi,
7,renew energi,7: renew energi,
7,renew energi,7: renew energi,
7,renew energi,7: renew energi,
7,renew energi,7: renew energi,
7,renew energi,7: renew energi,
7,renew energi,7: renew energi,
7,renew energi,7: renew energi,
7,renew energi,7: renew energi,
7,renew energi,7: renew energi,
7,renew energi,7: renew energi,
7,renew energi,7: renew energi,
7,renew energi,7: renew energi,
7,renew energi,7: renew energi,
7,renew energi,7: renew energi,
7,renew energi,7: renew energi,
7,renew energi,7: renew energi,
7,renew energi,7: renew energi,
7,renew energi,7: renew energi,
7,renew energi,7: renew energi,
7,renew energi,7: renew energi,
7,renew energi,7: renew energi,
7,renew energi,7: renew energi,
7,renew energi,7: renew energi,
7,renew energi,7: renew energi,
7,renew energi,7: renew energi,
7,renew energi,7: renew energi,
7,renew energi,7: renew energi,
7,renew energi,7: renew energi,
7,renew energi,7: renew energi,
7,renew energi,7: renew energi,
7,renew energi,7: renew energi,
7,renew energi,7: renew energi,
7,renew energi,7: renew energi,
7,renew energi,7: renew energi,
7,renew energi,7: renew energi,
7,renew energi,7: renew energi,
7,renew energi,7: renew energi,
7,renew energi,7: renew energi,
7,renew energi,7: renew energi,
7,renew energi,7: renew energi,
7,renew energi,7: renew energi,
7,renew energi,7: renew energi,
7,renew energi,7: renew energi,
7,renew energi,7: renew energi,
7,renew energi,7: renew energi,
7,renew energi,7: renew energi,
7,renew energi,7: renew energi,
7,renew energi,7: renew energi,
7,renew energi,7: renew energi,
7,renew energi,7: renew energi,
7,renew energi,7: renew energi,
7,renew energi,7: renew energi,
7,renew energi,7: renew energi,
7,renew energi,7: renew energi,
7,renew energi,7: renew energi,
7,renew energi,7: renew energi,
7,renew energi,7: renew energi,
7,renew energi,7: renew energi,
7,renew energi,7: renew energi,
7,renew energi,7: renew energi,
7,renew energi,7: renew energi,
7,renew energi,7: renew energi,
7,renew energi,7: renew energi,
7,renew energi,7: renew energi,
7,renew energi,7: renew energi,
7,renew energi,7: renew energi,
7,renew energi,7: renew energi,
7,renew energi,7: renew energi,
7,renew energi,7: renew energi,
7,renew energi,7: renew energi,
7,renew energi,7: renew energi,
7,renew energi,7: renew energi,
7,renew energi,7: renew energi,
7,renew energi,7: renew energi,
7,renew energi,7: renew energi,
7,renew energi,7: renew energi,
7,renew energi,7: renew energi,
7,renew energi,7: renew energi,
7,renew energi,7: renew energi,
7,renew energi,7: renew energi,
7,renew energi,7: renew energi,
7,renew energi,7: renew energi,
7,renew energi,7: renew energi,
7,renew energi,7: renew energi,
7,renew energi,7: renew energi,
7,renew energi,7: renew energi,
7,renew energi,7: renew energi,
7,renew energi,7: renew energi,
7,renew energi,7: renew energi,
7,renew energi,7: renew energi,
7,renew energi,7: renew energi,
7,renew energi,7: renew energi,
7,renew energi,7: renew energi,
7,renew energi,7: renew energi,
7,renew energi,7: renew energi,
7,renew energi,7: renew energi,
7,renew energi,7: renew energi,
7,renew energi,7: renew energi,
7,renew energi,7: renew energi,
7,renew energi,7: renew energi,
7,renew energi,7: renew energi,
7,renew energi,7: renew energi,
7,renew energi,7: renew energi,
7,renew energi,7: renew energi,
7,renew energi,7: renew energi,
7,renew energi,7: renew energi,
7,renew energi,7: renew energi,
7,renew energi,7: renew energi,
7,renew energi,7: renew energi,
7,renew energi,7: renew energi,
7,renew energi,7: renew energi,
7,renew energi,7: renew energi,
7,renew energi,7: renew energi,
7,renew energi,7: renew energi,
7,renew energi,7: renew energi,
7,renew energi,7: renew energi,
7,renew energi,7: renew energi,
7,renew energi,7: renew energi,
1,abstract avail,1: abstract avail,
1,abstract avail,1: abstract avail,
1,abstract avail,1: abstract avail,
1,abstract avail,1: abstract avail,
1,abstract avail,1: abstract avail,
1,abstract avail,1: abstract avail,
1,abstract avail,1: abstract avail,
1,abstract avail,1: abstract avail,
1,abstract avail,1: abstract avail,
1,abstract avail,1: abstract avail,
1,abstract avail,1: abstract avail,
1,abstract avail,1: abstract avail,
1,abstract avail,1: abstract avail,
1,abstract avail,1: abstract avail,
1,abstract avail,1: abstract avail,
1,abstract avail,1: abstract avail,
1,abstract avail,1: abstract avail,
1,abstract avail,1: abstract avail,
1,abstract avail,1: abstract avail,
1,abstract avail,1: abstract avail,
1,abstract avail,1: abstract avail,
1,abstract avail,1: abstract avail,
1,abstract avail,1: abstract avail,
1,abstract avail,1: abstract avail,
1,abstract avail,1: abstract avail,
1,abstract avail,1: abstract avail,
1,abstract avail,1: abstract avail,
1,abstract avail,1: abstract avail,
1,abstract avail,1: abstract avail,
1,abstract avail,1: abstract avail,
1,abstract avail,1: abstract avail,
1,abstract avail,1: abstract avail,
1,abstract avail,1: abstract avail,
1,abstract avail,1: abstract avail,
1,abstract avail,1: abstract avail,
1,abstract avail,1: abstract avail,
1,abstract avail,1: abstract avail,
1,abstract avail,1: abstract avail,
1,abstract avail,1: abstract avail,
1,abstract avail,1: abstract avail,
1,abstract avail,1: abstract avail,
1,abstract avail,1: abstract avail,
1,abstract avail,1: abstract avail,
1,abstract avail,1: abstract avail,
1,abstract avail,1: abstract avail,
1,abstract avail,1: abstract avail,
1,abstract avail,1: abstract avail,
1,abstract avail,1: abstract avail,
1,abstract avail,1: abstract avail,
1,abstract avail,1: abstract avail,
1,abstract avail,1: abstract avail,
1,abstract avail,1: abstract avail,
1,abstract avail,1: abstract avail,
1,abstract avail,1: abstract avail,
1,abstract avail,1: abstract avail,
1,abstract avail,1: abstract avail,
1,abstract avail,1: abstract avail,
1,abstract avail,1: abstract avail,
1,abstract avail,1: abstract avail,
1,abstract avail,1: abstract avail,
1,abstract avail,1: abstract avail,
1,abstract avail,1: abstract avail,
1,abstract avail,1: abstract avail,
1,abstract avail,1: abstract avail,
1,abstract avail,1: abstract avail,
1,abstract avail,1: abstract avail,
1,abstract avail,1: abstract avail,
1,abstract avail,1: abstract avail,
1,abstract avail,1: abstract avail,
1,abstract avail,1: abstract avail,
1,abstract avail,1: abstract avail,
1,abstract avail,1: abstract avail,
1,abstract avail,1: abstract avail,
1,abstract avail,1: abstract avail,
1,abstract avail,1: abstract avail,
1,abstract avail,1: abstract avail,
1,abstract avail,1: abstract avail,
1,abstract avail,1: abstract avail,
1,abstract avail,1: abstract avail,
1,abstract avail,1: abstract avail,
1,abstract avail,1: abstract avail,
9,wind farm,9: wind farm,
9,wind farm,9: wind farm,
9,wind farm,9: wind farm,
9,wind farm,9: wind farm,
9,wind farm,9: wind farm,
9,wind farm,9: wind farm,
9,wind farm,9: wind farm,
9,wind farm,9: wind farm,
9,wind farm,9: wind farm,
9,wind farm,9: wind farm,
9,wind farm,9: wind farm,
9,wind farm,9: wind farm,
9,wind farm,9: wind farm,
9,wind farm,9: wind farm,
9,wind farm,9: wind farm,
9,wind farm,9: wind farm,
9,wind farm,9: wind farm,
9,wind farm,9: wind farm,
9,wind farm,9: wind farm,
9,wind farm,9: wind farm,
9,wind farm,9: wind farm,
9,wind farm,9: wind farm,
9,wind farm,9: wind farm,
9,wind farm,9: wind farm,
9,wind farm,9: wind farm,
9,wind farm,9: wind farm,
9,wind farm,9: wind farm,
9,wind farm,9: wind farm,
9,wind farm,9: wind farm,
9,wind farm,9: wind farm,
9,wind farm,9: wind farm,
9,wind farm,9: wind farm,
9,wind farm,9: wind farm,
9,wind farm,9: wind farm,
9,wind farm,9: wind farm,
9,wind farm,9: wind farm,
9,wind farm,9: wind farm,
9,wind farm,9: wind farm,
9,wind farm,9: wind farm,
9,wind farm,9: wind farm,
9,wind farm,9: wind farm,
9,wind farm,9: wind farm,
9,wind farm,9: wind farm,
9,wind farm,9: wind farm,
9,wind farm,9: wind farm,
9,wind farm,9: wind farm,
9,wind farm,9: wind farm,
9,wind farm,9: wind farm,
9,wind farm,9: wind farm,
9,wind farm,9: wind farm,
9,wind farm,9: wind farm,
9,wind farm,9: wind farm,
9,wind farm,9: wind farm,
9,wind farm,9: wind farm,
9,wind farm,9: wind farm,
9,wind farm,9: wind farm,
9,wind farm,9: wind farm,
9,wind farm,9: wind farm,
9,wind farm,9: wind farm,
9,wind farm,9: wind farm,
9,wind farm,9: wind farm,
9,wind farm,9: wind farm,
9,wind farm,9: wind farm,
9,wind farm,9: wind farm,
9,wind farm,9: wind farm,
9,wind farm,9: wind farm,
9,wind farm,9: wind farm,
9,wind farm,9: wind farm,
9,wind farm,9: wind farm,
9,wind farm,9: wind farm,
9,wind farm,9: wind farm,
9,wind farm,9: wind farm,
9,wind farm,9: wind farm,
9,wind farm,9: wind farm,
9,wind farm,9: wind farm,
9,wind farm,9: wind farm,
9,wind farm,9: wind farm,
9,wind farm,9: wind farm,
9,wind farm,9: wind farm,
9,wind farm,9: wind farm,
9,wind farm,9: wind farm,
9,wind farm,9: wind farm,
9,wind farm,9: wind farm,
9,wind farm,9: wind farm,
9,wind farm,9: wind farm,
9,wind farm,9: wind farm,
9,wind farm,9: wind farm,
9,wind farm,9: wind farm,
9,wind farm,9: wind farm,
9,wind farm,9: wind farm,
9,wind farm,9: wind farm,
9,wind farm,9: wind farm,
9,wind farm,9: wind farm,
9,wind farm,9: wind farm,
9,wind farm,9: wind farm,
9,wind farm,9: wind farm,
9,wind farm,9: wind farm,
9,wind farm,9: wind farm,
9,wind farm,9: wind farm,
9,wind farm,9: wind farm,
9,wind farm,9: wind farm,
9,wind farm,9: wind farm,
9,wind farm,9: wind farm,
9,wind farm,9: wind farm,
9,wind farm,9: wind farm,
9,wind farm,9: wind farm,
9,wind farm,9: wind farm,
9,wind farm,9: wind farm,
9,wind farm,9: wind farm,
9,wind farm,9: wind farm,
9,wind farm,9: wind farm,
9,wind farm,9: wind farm,
9,wind farm,9: wind farm,
9,wind farm,9: wind farm,
9,wind farm,9: wind farm,
9,wind farm,9: wind farm,
9,wind farm,9: wind farm,
9,wind farm,9: wind farm,
9,wind farm,9: wind farm,
9,wind farm,9: wind farm,
9,wind farm,9: wind farm,
9,wind farm,9: wind farm,
9,wind farm,9: wind farm,
9,wind farm,9: wind farm,
9,wind farm,9: wind farm,
9,wind farm,9: wind farm,
9,wind farm,9: wind farm,
9,wind farm,9: wind farm,
9,wind farm,9: wind farm,
9,wind farm,9: wind farm,
9,wind farm,9: wind farm,
9,wind farm,9: wind farm,
9,wind farm,9: wind farm,
9,wind farm,9: wind farm,
9,wind farm,9: wind farm,
9,wind farm,9: wind farm,
9,wind farm,9: wind farm,
9,wind farm,9: wind farm,
9,wind farm,9: wind farm,
9,wind farm,9: wind farm,
9,wind farm,9: wind farm,
9,wind farm,9: wind farm,
9,wind farm,9: wind farm,
9,wind farm,9: wind farm,
9,wind farm,9: wind farm,
9,wind farm,9: wind farm,
9,wind farm,9: wind farm,
9,wind farm,9: wind farm,
9,wind farm,9: wind farm,
9,wind farm,9: wind farm,
9,wind farm,9: wind farm,
9,wind farm,9: wind farm,
9,wind farm,9: wind farm,
9,wind farm,9: wind farm,
9,wind farm,9: wind farm,
9,wind farm,9: wind farm,
9,wind farm,9: wind farm,
9,wind farm,9: wind farm,
9,wind farm,9: wind farm,
9,wind farm,9: wind farm,
9,wind farm,9: wind farm,
9,wind farm,9: wind farm,
9,wind farm,9: wind farm,
9,wind farm,9: wind farm,
9,wind farm,9: wind farm,
9,wind farm,9: wind farm,
9,wind farm,9: wind farm,
9,wind farm,9: wind farm,
9,wind farm,9: wind farm,
9,wind farm,9: wind farm,
9,wind farm,9: wind farm,
9,wind farm,9: wind farm,
9,wind farm,9: wind farm,
9,wind farm,9: wind farm,
9,wind farm,9: wind farm,
9,wind farm,9: wind farm,
9,wind farm,9: wind farm,
9,wind farm,9: wind farm,
9,wind farm,9: wind farm,
9,wind farm,9: wind farm,
9,wind farm,9: wind farm,
9,wind farm,9: wind farm,
9,wind farm,9: wind farm,
9,wind farm,9: wind farm,
9,wind farm,9: wind farm,
9,wind farm,9: wind farm,
9,wind farm,9: wind farm,
9,wind farm,9: wind farm,
9,wind farm,9: wind farm,
9,wind farm,9: wind farm,
9,wind farm,9: wind farm,
9,wind farm,9: wind farm,
9,wind farm,9: wind farm,
9,wind farm,9: wind farm,
9,wind farm,9: wind farm,
9,wind farm,9: wind farm,
9,wind farm,9: wind farm,
9,wind farm,9: wind farm,
9,wind farm,9: wind farm,
9,wind farm,9: wind farm,
9,wind farm,9: wind farm,
9,wind farm,9: wind farm,
9,wind farm,9: wind farm,
9,wind farm,9: wind farm,
9,wind farm,9: wind farm,
9,wind farm,9: wind farm,
9,wind farm,9: wind farm,
9,wind farm,9: wind farm,
9,wind farm,9: wind farm,
9,wind farm,9: wind farm,
9,wind farm,9: wind farm,
9,wind farm,9: wind farm,
9,wind farm,9: wind farm,
9,wind farm,9: wind farm,
9,wind farm,9: wind farm,
9,wind farm,9: wind farm,
9,wind farm,9: wind farm,
9,wind farm,9: wind farm,
9,wind farm,9: wind farm,
9,wind farm,9: wind farm,
9,wind farm,9: wind farm,
9,wind farm,9: wind farm,
9,wind farm,9: wind farm,
9,wind farm,9: wind farm,
9,wind farm,9: wind farm,
9,wind farm,9: wind farm,
9,wind farm,9: wind farm,
9,wind farm,9: wind farm,
9,wind farm,9: wind farm,
9,wind farm,9: wind farm,
9,wind farm,9: wind farm,
9,wind farm,9: wind farm,
9,wind farm,9: wind farm,
9,wind farm,9: wind farm,
9,wind farm,9: wind farm,
9,wind farm,9: wind farm,
9,wind farm,9: wind farm,
9,wind farm,9: wind farm,
9,wind farm,9: wind farm,
9,wind farm,9: wind farm,
9,wind farm,9: wind farm,
9,wind farm,9: wind farm,
9,wind farm,9: wind farm,
9,wind farm,9: wind farm,
9,wind farm,9: wind farm,
9,wind farm,9: wind farm,
9,wind farm,9: wind farm,
9,wind farm,9: wind farm,
9,wind farm,9: wind farm,
9,wind farm,9: wind farm,
9,wind farm,9: wind farm,
9,wind farm,9: wind farm,
9,wind farm,9: wind farm,
9,wind farm,9: wind farm,
9,wind farm,9: wind farm,
9,wind farm,9: wind farm,
9,wind farm,9: wind farm,
9,wind farm,9: wind farm,
9,wind farm,9: wind farm,
9,wind farm,9: wind farm,
9,wind farm,9: wind farm,
9,wind farm,9: wind farm,
9,wind farm,9: wind farm,
9,wind farm,9: wind farm,
9,wind farm,9: wind farm,
9,wind farm,9: wind farm,
9,wind farm,9: wind farm,
9,wind farm,9: wind farm,
9,wind farm,9: wind farm,
9,wind farm,9: wind farm,
9,wind farm,9: wind farm,
9,wind farm,9: wind farm,
9,wind farm,9: wind farm,
9,wind farm,9: wind farm,
9,wind farm,9: wind farm,
9,wind farm,9: wind farm,
9,wind farm,9: wind farm,
9,wind farm,9: wind farm,
9,wind farm,9: wind farm,
9,wind farm,9: wind farm,
9,wind farm,9: wind farm,
9,wind farm,9: wind farm,
9,wind farm,9: wind farm,
9,wind farm,9: wind farm,
9,wind farm,9: wind farm,
9,wind farm,9: wind farm,
9,wind farm,9: wind farm,
9,wind farm,9: wind farm,
9,wind farm,9: wind farm,
9,wind farm,9: wind farm,
9,wind farm,9: wind farm,
9,wind farm,9: wind farm,
9,wind farm,9: wind farm,
9,wind farm,9: wind farm,
9,wind farm,9: wind farm,
9,wind farm,9: wind farm,
9,wind farm,9: wind farm,
9,wind farm,9: wind farm,
9,wind farm,9: wind farm,
9,wind farm,9: wind farm,
9,wind farm,9: wind farm,
9,wind farm,9: wind farm,
9,wind farm,9: wind farm,
9,wind farm,9: wind farm,
9,wind farm,9: wind farm,
9,wind farm,9: wind farm,
9,wind farm,9: wind farm,
9,wind farm,9: wind farm,
9,wind farm,9: wind farm,
9,wind farm,9: wind farm,
9,wind farm,9: wind farm,
9,wind farm,9: wind farm,
9,wind farm,9: wind farm,
9,wind farm,9: wind farm,
9,wind farm,9: wind farm,
9,wind farm,9: wind farm,
9,wind farm,9: wind farm,
9,wind farm,9: wind farm,
9,wind farm,9: wind farm,
9,wind farm,9: wind farm,
9,wind farm,9: wind farm,
9,wind farm,9: wind farm,
9,wind farm,9: wind farm,
9,wind farm,9: wind farm,
9,wind farm,9: wind farm,
9,wind farm,9: wind farm,
9,wind farm,9: wind farm,
9,wind farm,9: wind farm,
9,wind farm,9: wind farm,
9,wind farm,9: wind farm,
9,wind farm,9: wind farm,
9,wind farm,9: wind farm,
9,wind farm,9: wind farm,
9,wind farm,9: wind farm,
9,wind farm,9: wind farm,
9,wind farm,9: wind farm,
9,wind farm,9: wind farm,
9,wind farm,9: wind farm,
9,wind farm,9: wind farm,
9,wind farm,9: wind farm,
9,wind farm,9: wind farm,
9,wind farm,9: wind farm,
9,wind farm,9: wind farm,
9,wind farm,9: wind farm,
9,wind farm,9: wind farm,
9,wind farm,9: wind farm,
9,wind farm,9: wind farm,
9,wind farm,9: wind farm,
9,wind farm,9: wind farm,
9,wind farm,9: wind farm,
9,wind farm,9: wind farm,
9,wind farm,9: wind farm,
9,wind farm,9: wind farm,
9,wind farm,9: wind farm,
9,wind farm,9: wind farm,
9,wind farm,9: wind farm,
9,wind farm,9: wind farm,
9,wind farm,9: wind farm,
9,wind farm,9: wind farm,
9,wind farm,9: wind farm,
9,wind farm,9: wind farm,
9,wind farm,9: wind farm,
9,wind farm,9: wind farm,
9,wind farm,9: wind farm,
9,wind farm,9: wind farm,
9,wind farm,9: wind farm,
9,wind farm,9: wind farm,
9,wind farm,9: wind farm,
9,wind farm,9: wind farm,
9,wind farm,9: wind farm,
9,wind farm,9: wind farm,
9,wind farm,9: wind farm,
9,wind farm,9: wind farm,
9,wind farm,9: wind farm,
9,wind farm,9: wind farm,
9,wind farm,9: wind farm,
9,wind farm,9: wind farm,
9,wind farm,9: wind farm,
9,wind farm,9: wind farm,
9,wind farm,9: wind farm,
9,wind farm,9: wind farm,
9,wind farm,9: wind farm,
9,wind farm,9: wind farm,
9,wind farm,9: wind farm,
9,wind farm,9: wind farm,
9,wind farm,9: wind farm,
9,wind farm,9: wind farm,
9,wind farm,9: wind farm,
9,wind farm,9: wind farm,
9,wind farm,9: wind farm,
9,wind farm,9: wind farm,
9,wind farm,9: wind farm,
9,wind farm,9: wind farm,
9,wind farm,9: wind farm,
9,wind farm,9: wind farm,
9,wind farm,9: wind farm,
9,wind farm,9: wind farm,
9,wind farm,9: wind farm,
9,wind farm,9: wind farm,
9,wind farm,9: wind farm,
9,wind farm,9: wind farm,
9,wind farm,9: wind farm,
9,wind farm,9: wind farm,
9,wind farm,9: wind farm,
9,wind farm,9: wind farm,
9,wind farm,9: wind farm,
9,wind farm,9: wind farm,
9,wind farm,9: wind farm,
9,wind farm,9: wind farm,
9,wind farm,9: wind farm,
9,wind farm,9: wind farm,
9,wind farm,9: wind farm,
9,wind farm,9: wind farm,
9,wind farm,9: wind farm,
9,wind farm,9: wind farm,
9,wind farm,9: wind farm,
9,wind farm,9: wind farm,
9,wind farm,9: wind farm,
9,wind farm,9: wind farm,
9,wind farm,9: wind farm,
9,wind farm,9: wind farm,
9,wind farm,9: wind farm,
9,wind farm,9: wind farm,
9,wind farm,9: wind farm,
9,wind farm,9: wind farm,
9,wind farm,9: wind farm,
9,wind farm,9: wind farm,
9,wind farm,9: wind farm,
9,wind farm,9: wind farm,
9,wind farm,9: wind farm,
9,wind farm,9: wind farm,
9,wind farm,9: wind farm,
9,wind farm,9: wind farm,
9,wind farm,9: wind farm,
9,wind farm,9: wind farm,
9,wind farm,9: wind farm,
9,wind farm,9: wind farm,
9,wind farm,9: wind farm,
9,wind farm,9: wind farm,
9,wind farm,9: wind farm,
9,wind farm,9: wind farm,
9,wind farm,9: wind farm,
9,wind farm,9: wind farm,
9,wind farm,9: wind farm,
9,wind farm,9: wind farm,
9,wind farm,9: wind farm,
9,wind farm,9: wind farm,
9,wind farm,9: wind farm,
9,wind farm,9: wind farm,
9,wind farm,9: wind farm,
9,wind farm,9: wind farm,
9,wind farm,9: wind farm,
9,wind farm,9: wind farm,
9,wind farm,9: wind farm,
9,wind farm,9: wind farm,
9,wind farm,9: wind farm,
9,wind farm,9: wind farm,
9,wind farm,9: wind farm,
9,wind farm,9: wind farm,
9,wind farm,9: wind farm,
9,wind farm,9: wind farm,
9,wind farm,9: wind farm,
9,wind farm,9: wind farm,
9,wind farm,9: wind farm,
9,wind farm,9: wind farm,
9,wind farm,9: wind farm,
9,wind farm,9: wind farm,
9,wind farm,9: wind farm,
9,wind farm,9: wind farm,
9,wind farm,9: wind farm,
9,wind farm,9: wind farm,
9,wind farm,9: wind farm,
9,wind farm,9: wind farm,
9,wind farm,9: wind farm,
9,wind farm,9: wind farm,
9,wind farm,9: wind farm,
9,wind farm,9: wind farm,
9,wind farm,9: wind farm,
9,wind farm,9: wind farm,
9,wind farm,9: wind farm,
9,wind farm,9: wind farm,
9,wind farm,9: wind farm,
9,wind farm,9: wind farm,
5,offshor grid,5: offshor grid,
5,offshor grid,5: offshor grid,
5,offshor grid,5: offshor grid,
5,offshor grid,5: offshor grid,
5,offshor grid,5: offshor grid,
5,offshor grid,5: offshor grid,
5,offshor grid,5: offshor grid,
5,offshor grid,5: offshor grid,
5,offshor grid,5: offshor grid,
5,offshor grid,5: offshor grid,
5,offshor grid,5: offshor grid,
5,offshor grid,5: offshor grid,
5,offshor grid,5: offshor grid,
5,offshor grid,5: offshor grid,
5,offshor grid,5: offshor grid,
5,offshor grid,5: offshor grid,
5,offshor grid,5: offshor grid,
5,offshor grid,5: offshor grid,
5,offshor grid,5: offshor grid,
5,offshor grid,5: offshor grid,
5,offshor grid,5: offshor grid,
5,offshor grid,5: offshor grid,
5,offshor grid,5: offshor grid,
5,offshor grid,5: offshor grid,
5,offshor grid,5: offshor grid,
5,offshor grid,5: offshor grid,
5,offshor grid,5: offshor grid,
5,offshor grid,5: offshor grid,
5,offshor grid,5: offshor grid,
5,offshor grid,5: offshor grid,
5,offshor grid,5: offshor grid,
5,offshor grid,5: offshor grid,
5,offshor grid,5: offshor grid,
5,offshor grid,5: offshor grid,
5,offshor grid,5: offshor grid,
5,offshor grid,5: offshor grid,
5,offshor grid,5: offshor grid,
5,offshor grid,5: offshor grid,
5,offshor grid,5: offshor grid,
5,offshor grid,5: offshor grid,
5,offshor grid,5: offshor grid,
5,offshor grid,5: offshor grid,
5,offshor grid,5: offshor grid,
5,offshor grid,5: offshor grid,
5,offshor grid,5: offshor grid,
5,offshor grid,5: offshor grid,
5,offshor grid,5: offshor grid,
5,offshor grid,5: offshor grid,
5,offshor grid,5: offshor grid,
5,offshor grid,5: offshor grid,
5,offshor grid,5: offshor grid,
5,offshor grid,5: offshor grid,
5,offshor grid,5: offshor grid,
5,offshor grid,5: offshor grid,
5,offshor grid,5: offshor grid,
5,offshor grid,5: offshor grid,
5,offshor grid,5: offshor grid,
5,offshor grid,5: offshor grid,
5,offshor grid,5: offshor grid,
5,offshor grid,5: offshor grid,
5,offshor grid,5: offshor grid,
5,offshor grid,5: offshor grid,
5,offshor grid,5: offshor grid,
5,offshor grid,5: offshor grid,
5,offshor grid,5: offshor grid,
5,offshor grid,5: offshor grid,
5,offshor grid,5: offshor grid,
5,offshor grid,5: offshor grid,
5,offshor grid,5: offshor grid,
5,offshor grid,5: offshor grid,
5,offshor grid,5: offshor grid,
5,offshor grid,5: offshor grid,
5,offshor grid,5: offshor grid,
5,offshor grid,5: offshor grid,
5,offshor grid,5: offshor grid,
5,offshor grid,5: offshor grid,
5,offshor grid,5: offshor grid,
5,offshor grid,5: offshor grid,
5,offshor grid,5: offshor grid,
5,offshor grid,5: offshor grid,
5,offshor grid,5: offshor grid,
5,offshor grid,5: offshor grid,
5,offshor grid,5: offshor grid,
5,offshor grid,5: offshor grid,
5,offshor grid,5: offshor grid,
5,offshor grid,5: offshor grid,
5,offshor grid,5: offshor grid,
5,offshor grid,5: offshor grid,
5,offshor grid,5: offshor grid,
5,offshor grid,5: offshor grid,
5,offshor grid,5: offshor grid,
5,offshor grid,5: offshor grid,
5,offshor grid,5: offshor grid,
5,offshor grid,5: offshor grid,
5,offshor grid,5: offshor grid,
5,offshor grid,5: offshor grid,
5,offshor grid,5: offshor grid,
5,offshor grid,5: offshor grid,
5,offshor grid,5: offshor grid,
5,offshor grid,5: offshor grid,
5,offshor grid,5: offshor grid,
5,offshor grid,5: offshor grid,
5,offshor grid,5: offshor grid,
5,offshor grid,5: offshor grid,
5,offshor grid,5: offshor grid,
5,offshor grid,5: offshor grid,
5,offshor grid,5: offshor grid,
5,offshor grid,5: offshor grid,
5,offshor grid,5: offshor grid,
5,offshor grid,5: offshor grid,
5,offshor grid,5: offshor grid,
5,offshor grid,5: offshor grid,
5,offshor grid,5: offshor grid,
5,offshor grid,5: offshor grid,
5,offshor grid,5: offshor grid,
5,offshor grid,5: offshor grid,
5,offshor grid,5: offshor grid,
5,offshor grid,5: offshor grid,
5,offshor grid,5: offshor grid,
5,offshor grid,5: offshor grid,
5,offshor grid,5: offshor grid,
5,offshor grid,5: offshor grid,
5,offshor grid,5: offshor grid,
5,offshor grid,5: offshor grid,
5,offshor grid,5: offshor grid,
5,offshor grid,5: offshor grid,
5,offshor grid,5: offshor grid,
5,offshor grid,5: offshor grid,
5,offshor grid,5: offshor grid,
5,offshor grid,5: offshor grid,
5,offshor grid,5: offshor grid,
5,offshor grid,5: offshor grid,
5,offshor grid,5: offshor grid,
5,offshor grid,5: offshor grid,
5,offshor grid,5: offshor grid,
5,offshor grid,5: offshor grid,
5,offshor grid,5: offshor grid,
5,offshor grid,5: offshor grid,
5,offshor grid,5: offshor grid,
5,offshor grid,5: offshor grid,
5,offshor grid,5: offshor grid,
5,offshor grid,5: offshor grid,
5,offshor grid,5: offshor grid,
5,offshor grid,5: offshor grid,
5,offshor grid,5: offshor grid,
5,offshor grid,5: offshor grid,
5,offshor grid,5: offshor grid,
5,offshor grid,5: offshor grid,
5,offshor grid,5: offshor grid,
5,offshor grid,5: offshor grid,
5,offshor grid,5: offshor grid,
5,offshor grid,5: offshor grid,
5,offshor grid,5: offshor grid,
5,offshor grid,5: offshor grid,
5,offshor grid,5: offshor grid,
5,offshor grid,5: offshor grid,
5,offshor grid,5: offshor grid,
5,offshor grid,5: offshor grid,
5,offshor grid,5: offshor grid,
5,offshor grid,5: offshor grid,
5,offshor grid,5: offshor grid,
5,offshor grid,5: offshor grid,
5,offshor grid,5: offshor grid,
5,offshor grid,5: offshor grid,
5,offshor grid,5: offshor grid,
5,offshor grid,5: offshor grid,
5,offshor grid,5: offshor grid,
5,offshor grid,5: offshor grid,
5,offshor grid,5: offshor grid,
5,offshor grid,5: offshor grid,
5,offshor grid,5: offshor grid,
5,offshor grid,5: offshor grid,
5,offshor grid,5: offshor grid,
5,offshor grid,5: offshor grid,
5,offshor grid,5: offshor grid,
9,wind farm,9: wind farm,
9,wind farm,9: wind farm,
9,wind farm,9: wind farm,
9,wind farm,9: wind farm,
9,wind farm,9: wind farm,
9,wind farm,9: wind farm,
9,wind farm,9: wind farm,
9,wind farm,9: wind farm,
9,wind farm,9: wind farm,
9,wind farm,9: wind farm,
9,wind farm,9: wind farm,
9,wind farm,9: wind farm,
9,wind farm,9: wind farm,
9,wind farm,9: wind farm,
9,wind farm,9: wind farm,
9,wind farm,9: wind farm,
9,wind farm,9: wind farm,
9,wind farm,9: wind farm,
9,wind farm,9: wind farm,
9,wind farm,9: wind farm,
9,wind farm,9: wind farm,
9,wind farm,9: wind farm,
9,wind farm,9: wind farm,
9,wind farm,9: wind farm,
9,wind farm,9: wind farm,
9,wind farm,9: wind farm,
9,wind farm,9: wind farm,
9,wind farm,9: wind farm,
9,wind farm,9: wind farm,
9,wind farm,9: wind farm,
9,wind farm,9: wind farm,
9,wind farm,9: wind farm,
9,wind farm,9: wind farm,
9,wind farm,9: wind farm,
9,wind farm,9: wind farm,
9,wind farm,9: wind farm,
9,wind farm,9: wind farm,
9,wind farm,9: wind farm,
9,wind farm,9: wind farm,
9,wind farm,9: wind farm,
9,wind farm,9: wind farm,
9,wind farm,9: wind farm,
9,wind farm,9: wind farm,
9,wind farm,9: wind farm,
9,wind farm,9: wind farm,
9,wind farm,9: wind farm,
9,wind farm,9: wind farm,
9,wind farm,9: wind farm,
9,wind farm,9: wind farm,
9,wind farm,9: wind farm,
9,wind farm,9: wind farm,
9,wind farm,9: wind farm,
9,wind farm,9: wind farm,
9,wind farm,9: wind farm,
9,wind farm,9: wind farm,
9,wind farm,9: wind farm,
9,wind farm,9: wind farm,
9,wind farm,9: wind farm,
9,wind farm,9: wind farm,
9,wind farm,9: wind farm,
9,wind farm,9: wind farm,
9,wind farm,9: wind farm,
9,wind farm,9: wind farm,
9,wind farm,9: wind farm,
9,wind farm,9: wind farm,
9,wind farm,9: wind farm,
9,wind farm,9: wind farm,
9,wind farm,9: wind farm,
9,wind farm,9: wind farm,
9,wind farm,9: wind farm,
9,wind farm,9: wind farm,
9,wind farm,9: wind farm,
9,wind farm,9: wind farm,
9,wind farm,9: wind farm,
9,wind farm,9: wind farm,
9,wind farm,9: wind farm,
9,wind farm,9: wind farm,
9,wind farm,9: wind farm,
9,wind farm,9: wind farm,
9,wind farm,9: wind farm,
9,wind farm,9: wind farm,
9,wind farm,9: wind farm,
9,wind farm,9: wind farm,
9,wind farm,9: wind farm,
9,wind farm,9: wind farm,
9,wind farm,9: wind farm,
9,wind farm,9: wind farm,
9,wind farm,9: wind farm,
9,wind farm,9: wind farm,
9,wind farm,9: wind farm,
9,wind farm,9: wind farm,
9,wind farm,9: wind farm,
9,wind farm,9: wind farm,
9,wind farm,9: wind farm,
9,wind farm,9: wind farm,
9,wind farm,9: wind farm,
9,wind farm,9: wind farm,
9,wind farm,9: wind farm,
9,wind farm,9: wind farm,
9,wind farm,9: wind farm,
9,wind farm,9: wind farm,
9,wind farm,9: wind farm,
9,wind farm,9: wind farm,
9,wind farm,9: wind farm,
9,wind farm,9: wind farm,
9,wind farm,9: wind farm,
9,wind farm,9: wind farm,
9,wind farm,9: wind farm,
9,wind farm,9: wind farm,
9,wind farm,9: wind farm,
9,wind farm,9: wind farm,
9,wind farm,9: wind farm,
9,wind farm,9: wind farm,
9,wind farm,9: wind farm,
9,wind farm,9: wind farm,
9,wind farm,9: wind farm,
9,wind farm,9: wind farm,
9,wind farm,9: wind farm,
9,wind farm,9: wind farm,
9,wind farm,9: wind farm,
9,wind farm,9: wind farm,
9,wind farm,9: wind farm,
9,wind farm,9: wind farm,
9,wind farm,9: wind farm,
9,wind farm,9: wind farm,
9,wind farm,9: wind farm,
9,wind farm,9: wind farm,
9,wind farm,9: wind farm,
9,wind farm,9: wind farm,
9,wind farm,9: wind farm,
9,wind farm,9: wind farm,
9,wind farm,9: wind farm,
9,wind farm,9: wind farm,
9,wind farm,9: wind farm,
9,wind farm,9: wind farm,
9,wind farm,9: wind farm,
9,wind farm,9: wind farm,
9,wind farm,9: wind farm,
9,wind farm,9: wind farm,
9,wind farm,9: wind farm,
9,wind farm,9: wind farm,
9,wind farm,9: wind farm,
9,wind farm,9: wind farm,
9,wind farm,9: wind farm,
9,wind farm,9: wind farm,
9,wind farm,9: wind farm,
9,wind farm,9: wind farm,
9,wind farm,9: wind farm,
9,wind farm,9: wind farm,
9,wind farm,9: wind farm,
9,wind farm,9: wind farm,
9,wind farm,9: wind farm,
9,wind farm,9: wind farm,
9,wind farm,9: wind farm,
9,wind farm,9: wind farm,
9,wind farm,9: wind farm,
9,wind farm,9: wind farm,
9,wind farm,9: wind farm,
9,wind farm,9: wind farm,
9,wind farm,9: wind farm,
9,wind farm,9: wind farm,
1,abstract avail,1: abstract avail,
1,abstract avail,1: abstract avail,
1,abstract avail,1: abstract avail,
1,abstract avail,1: abstract avail,
1,abstract avail,1: abstract avail,
1,abstract avail,1: abstract avail,
1,abstract avail,1: abstract avail,
1,abstract avail,1: abstract avail,
1,abstract avail,1: abstract avail,
1,abstract avail,1: abstract avail,
1,abstract avail,1: abstract avail,
1,abstract avail,1: abstract avail,
1,abstract avail,1: abstract avail,
1,abstract avail,1: abstract avail,
1,abstract avail,1: abstract avail,
1,abstract avail,1: abstract avail,
1,abstract avail,1: abstract avail,
1,abstract avail,1: abstract avail,
1,abstract avail,1: abstract avail,
1,abstract avail,1: abstract avail,
1,abstract avail,1: abstract avail,
1,abstract avail,1: abstract avail,
1,abstract avail,1: abstract avail,
1,abstract avail,1: abstract avail,
1,abstract avail,1: abstract avail,
1,abstract avail,1: abstract avail,
1,abstract avail,1: abstract avail,
1,abstract avail,1: abstract avail,
1,abstract avail,1: abstract avail,
1,abstract avail,1: abstract avail,
1,abstract avail,1: abstract avail,
1,abstract avail,1: abstract avail,
1,abstract avail,1: abstract avail,
1,abstract avail,1: abstract avail,
1,abstract avail,1: abstract avail,
1,abstract avail,1: abstract avail,
1,abstract avail,1: abstract avail,
1,abstract avail,1: abstract avail,
1,abstract avail,1: abstract avail,
1,abstract avail,1: abstract avail,
1,abstract avail,1: abstract avail,
1,abstract avail,1: abstract avail,
1,abstract avail,1: abstract avail,
1,abstract avail,1: abstract avail,
1,abstract avail,1: abstract avail,
1,abstract avail,1: abstract avail,
1,abstract avail,1: abstract avail,
1,abstract avail,1: abstract avail,
1,abstract avail,1: abstract avail,
1,abstract avail,1: abstract avail,
1,abstract avail,1: abstract avail,
1,abstract avail,1: abstract avail,
1,abstract avail,1: abstract avail,
1,abstract avail,1: abstract avail,
1,abstract avail,1: abstract avail,
1,abstract avail,1: abstract avail,
1,abstract avail,1: abstract avail,
1,abstract avail,1: abstract avail,
1,abstract avail,1: abstract avail,
1,abstract avail,1: abstract avail,
1,abstract avail,1: abstract avail,
1,abstract avail,1: abstract avail,
1,abstract avail,1: abstract avail,
1,abstract avail,1: abstract avail,
1,abstract avail,1: abstract avail,
1,abstract avail,1: abstract avail,
1,abstract avail,1: abstract avail,
1,abstract avail,1: abstract avail,
1,abstract avail,1: abstract avail,
1,abstract avail,1: abstract avail,
1,abstract avail,1: abstract avail,
1,abstract avail,1: abstract avail,
1,abstract avail,1: abstract avail,
1,abstract avail,1: abstract avail,
1,abstract avail,1: abstract avail,
1,abstract avail,1: abstract avail,
1,abstract avail,1: abstract avail,
1,abstract avail,1: abstract avail,
1,abstract avail,1: abstract avail,
1,abstract avail,1: abstract avail,
1,abstract avail,1: abstract avail,
5,offshor grid,5: offshor grid,
5,offshor grid,5: offshor grid,
5,offshor grid,5: offshor grid,
5,offshor grid,5: offshor grid,
5,offshor grid,5: offshor grid,
5,offshor grid,5: offshor grid,
5,offshor grid,5: offshor grid,
5,offshor grid,5: offshor grid,
5,offshor grid,5: offshor grid,
5,offshor grid,5: offshor grid,
5,offshor grid,5: offshor grid,
5,offshor grid,5: offshor grid,
5,offshor grid,5: offshor grid,
5,offshor grid,5: offshor grid,
5,offshor grid,5: offshor grid,
5,offshor grid,5: offshor grid,
5,offshor grid,5: offshor grid,
5,offshor grid,5: offshor grid,
5,offshor grid,5: offshor grid,
5,offshor grid,5: offshor grid,
5,offshor grid,5: offshor grid,
5,offshor grid,5: offshor grid,
5,offshor grid,5: offshor grid,
5,offshor grid,5: offshor grid,
5,offshor grid,5: offshor grid,
5,offshor grid,5: offshor grid,
5,offshor grid,5: offshor grid,
5,offshor grid,5: offshor grid,
5,offshor grid,5: offshor grid,
5,offshor grid,5: offshor grid,
5,offshor grid,5: offshor grid,
5,offshor grid,5: offshor grid,
5,offshor grid,5: offshor grid,
5,offshor grid,5: offshor grid,
5,offshor grid,5: offshor grid,
5,offshor grid,5: offshor grid,
5,offshor grid,5: offshor grid,
5,offshor grid,5: offshor grid,
5,offshor grid,5: offshor grid,
5,offshor grid,5: offshor grid,
5,offshor grid,5: offshor grid,
5,offshor grid,5: offshor grid,
5,offshor grid,5: offshor grid,
5,offshor grid,5: offshor grid,
5,offshor grid,5: offshor grid,
5,offshor grid,5: offshor grid,
5,offshor grid,5: offshor grid,
5,offshor grid,5: offshor grid,
5,offshor grid,5: offshor grid,
5,offshor grid,5: offshor grid,
5,offshor grid,5: offshor grid,
5,offshor grid,5: offshor grid,
5,offshor grid,5: offshor grid,
5,offshor grid,5: offshor grid,
5,offshor grid,5: offshor grid,
5,offshor grid,5: offshor grid,
5,offshor grid,5: offshor grid,
5,offshor grid,5: offshor grid,
5,offshor grid,5: offshor grid,
5,offshor grid,5: offshor grid,
5,offshor grid,5: offshor grid,
5,offshor grid,5: offshor grid,
5,offshor grid,5: offshor grid,
5,offshor grid,5: offshor grid,
5,offshor grid,5: offshor grid,
5,offshor grid,5: offshor grid,
5,offshor grid,5: offshor grid,
5,offshor grid,5: offshor grid,
5,offshor grid,5: offshor grid,
5,offshor grid,5: offshor grid,
5,offshor grid,5: offshor grid,
5,offshor grid,5: offshor grid,
5,offshor grid,5: offshor grid,
5,offshor grid,5: offshor grid,
5,offshor grid,5: offshor grid,
5,offshor grid,5: offshor grid,
5,offshor grid,5: offshor grid,
5,offshor grid,5: offshor grid,
5,offshor grid,5: offshor grid,
5,offshor grid,5: offshor grid,
5,offshor grid,5: offshor grid,
5,offshor grid,5: offshor grid,
5,offshor grid,5: offshor grid,
5,offshor grid,5: offshor grid,
5,offshor grid,5: offshor grid,
5,offshor grid,5: offshor grid,
5,offshor grid,5: offshor grid,
5,offshor grid,5: offshor grid,
5,offshor grid,5: offshor grid,
5,offshor grid,5: offshor grid,
5,offshor grid,5: offshor grid,
5,offshor grid,5: offshor grid,
5,offshor grid,5: offshor grid,
5,offshor grid,5: offshor grid,
5,offshor grid,5: offshor grid,
5,offshor grid,5: offshor grid,
5,offshor grid,5: offshor grid,
5,offshor grid,5: offshor grid,
5,offshor grid,5: offshor grid,
5,offshor grid,5: offshor grid,
5,offshor grid,5: offshor grid,
5,offshor grid,5: offshor grid,
5,offshor grid,5: offshor grid,
5,offshor grid,5: offshor grid,
5,offshor grid,5: offshor grid,
5,offshor grid,5: offshor grid,
5,offshor grid,5: offshor grid,
5,offshor grid,5: offshor grid,
5,offshor grid,5: offshor grid,
5,offshor grid,5: offshor grid,
5,offshor grid,5: offshor grid,
5,offshor grid,5: offshor grid,
5,offshor grid,5: offshor grid,
5,offshor grid,5: offshor grid,
5,offshor grid,5: offshor grid,
5,offshor grid,5: offshor grid,
5,offshor grid,5: offshor grid,
5,offshor grid,5: offshor grid,
5,offshor grid,5: offshor grid,
5,offshor grid,5: offshor grid,
5,offshor grid,5: offshor grid,
5,offshor grid,5: offshor grid,
5,offshor grid,5: offshor grid,
5,offshor grid,5: offshor grid,
5,offshor grid,5: offshor grid,
5,offshor grid,5: offshor grid,
5,offshor grid,5: offshor grid,
5,offshor grid,5: offshor grid,
5,offshor grid,5: offshor grid,
5,offshor grid,5: offshor grid,
5,offshor grid,5: offshor grid,
5,offshor grid,5: offshor grid,
5,offshor grid,5: offshor grid,
5,offshor grid,5: offshor grid,
5,offshor grid,5: offshor grid,
5,offshor grid,5: offshor grid,
5,offshor grid,5: offshor grid,
5,offshor grid,5: offshor grid,
5,offshor grid,5: offshor grid,
5,offshor grid,5: offshor grid,
5,offshor grid,5: offshor grid,
5,offshor grid,5: offshor grid,
5,offshor grid,5: offshor grid,
5,offshor grid,5: offshor grid,
5,offshor grid,5: offshor grid,
5,offshor grid,5: offshor grid,
5,offshor grid,5: offshor grid,
5,offshor grid,5: offshor grid,
5,offshor grid,5: offshor grid,
5,offshor grid,5: offshor grid,
5,offshor grid,5: offshor grid,
5,offshor grid,5: offshor grid,
5,offshor grid,5: offshor grid,
5,offshor grid,5: offshor grid,
5,offshor grid,5: offshor grid,
5,offshor grid,5: offshor grid,
5,offshor grid,5: offshor grid,
5,offshor grid,5: offshor grid,
5,offshor grid,5: offshor grid,
5,offshor grid,5: offshor grid,
5,offshor grid,5: offshor grid,
5,offshor grid,5: offshor grid,
5,offshor grid,5: offshor grid,
5,offshor grid,5: offshor grid,
5,offshor grid,5: offshor grid,
5,offshor grid,5: offshor grid,
5,offshor grid,5: offshor grid,
5,offshor grid,5: offshor grid,
5,offshor grid,5: offshor grid,
5,offshor grid,5: offshor grid,
5,offshor grid,5: offshor grid,
5,offshor grid,5: offshor grid,
5,offshor grid,5: offshor grid,
5,offshor grid,5: offshor grid,
5,offshor grid,5: offshor grid,
1,abstract avail,1: abstract avail,
1,abstract avail,1: abstract avail,
1,abstract avail,1: abstract avail,
1,abstract avail,1: abstract avail,
1,abstract avail,1: abstract avail,
1,abstract avail,1: abstract avail,
1,abstract avail,1: abstract avail,
1,abstract avail,1: abstract avail,
1,abstract avail,1: abstract avail,
1,abstract avail,1: abstract avail,
1,abstract avail,1: abstract avail,
1,abstract avail,1: abstract avail,
1,abstract avail,1: abstract avail,
1,abstract avail,1: abstract avail,
1,abstract avail,1: abstract avail,
1,abstract avail,1: abstract avail,
1,abstract avail,1: abstract avail,
1,abstract avail,1: abstract avail,
1,abstract avail,1: abstract avail,
1,abstract avail,1: abstract avail,
1,abstract avail,1: abstract avail,
1,abstract avail,1: abstract avail,
1,abstract avail,1: abstract avail,
1,abstract avail,1: abstract avail,
1,abstract avail,1: abstract avail,
1,abstract avail,1: abstract avail,
1,abstract avail,1: abstract avail,
1,abstract avail,1: abstract avail,
1,abstract avail,1: abstract avail,
1,abstract avail,1: abstract avail,
1,abstract avail,1: abstract avail,
1,abstract avail,1: abstract avail,
1,abstract avail,1: abstract avail,
1,abstract avail,1: abstract avail,
1,abstract avail,1: abstract avail,
1,abstract avail,1: abstract avail,
1,abstract avail,1: abstract avail,
1,abstract avail,1: abstract avail,
1,abstract avail,1: abstract avail,
1,abstract avail,1: abstract avail,
1,abstract avail,1: abstract avail,
1,abstract avail,1: abstract avail,
1,abstract avail,1: abstract avail,
1,abstract avail,1: abstract avail,
1,abstract avail,1: abstract avail,
1,abstract avail,1: abstract avail,
1,abstract avail,1: abstract avail,
1,abstract avail,1: abstract avail,
1,abstract avail,1: abstract avail,
1,abstract avail,1: abstract avail,
1,abstract avail,1: abstract avail,
1,abstract avail,1: abstract avail,
1,abstract avail,1: abstract avail,
1,abstract avail,1: abstract avail,
1,abstract avail,1: abstract avail,
1,abstract avail,1: abstract avail,
1,abstract avail,1: abstract avail,
1,abstract avail,1: abstract avail,
1,abstract avail,1: abstract avail,
1,abstract avail,1: abstract avail,
1,abstract avail,1: abstract avail,
1,abstract avail,1: abstract avail,
1,abstract avail,1: abstract avail,
1,abstract avail,1: abstract avail,
1,abstract avail,1: abstract avail,
1,abstract avail,1: abstract avail,
1,abstract avail,1: abstract avail,
1,abstract avail,1: abstract avail,
1,abstract avail,1: abstract avail,
1,abstract avail,1: abstract avail,
1,abstract avail,1: abstract avail,
1,abstract avail,1: abstract avail,
1,abstract avail,1: abstract avail,
1,abstract avail,1: abstract avail,
1,abstract avail,1: abstract avail,
1,abstract avail,1: abstract avail,
1,abstract avail,1: abstract avail,
1,abstract avail,1: abstract avail,
1,abstract avail,1: abstract avail,
1,abstract avail,1: abstract avail,
1,abstract avail,1: abstract avail,
9,wind farm,9: wind farm,
9,wind farm,9: wind farm,
9,wind farm,9: wind farm,
9,wind farm,9: wind farm,
9,wind farm,9: wind farm,
9,wind farm,9: wind farm,
9,wind farm,9: wind farm,
9,wind farm,9: wind farm,
9,wind farm,9: wind farm,
9,wind farm,9: wind farm,
9,wind farm,9: wind farm,
9,wind farm,9: wind farm,
9,wind farm,9: wind farm,
9,wind farm,9: wind farm,
9,wind farm,9: wind farm,
9,wind farm,9: wind farm,
9,wind farm,9: wind farm,
9,wind farm,9: wind farm,
9,wind farm,9: wind farm,
9,wind farm,9: wind farm,
9,wind farm,9: wind farm,
9,wind farm,9: wind farm,
9,wind farm,9: wind farm,
9,wind farm,9: wind farm,
9,wind farm,9: wind farm,
9,wind farm,9: wind farm,
9,wind farm,9: wind farm,
9,wind farm,9: wind farm,
9,wind farm,9: wind farm,
9,wind farm,9: wind farm,
9,wind farm,9: wind farm,
9,wind farm,9: wind farm,
9,wind farm,9: wind farm,
9,wind farm,9: wind farm,
9,wind farm,9: wind farm,
9,wind farm,9: wind farm,
9,wind farm,9: wind farm,
9,wind farm,9: wind farm,
9,wind farm,9: wind farm,
9,wind farm,9: wind farm,
9,wind farm,9: wind farm,
9,wind farm,9: wind farm,
9,wind farm,9: wind farm,
9,wind farm,9: wind farm,
9,wind farm,9: wind farm,
9,wind farm,9: wind farm,
9,wind farm,9: wind farm,
9,wind farm,9: wind farm,
9,wind farm,9: wind farm,
9,wind farm,9: wind farm,
9,wind farm,9: wind farm,
9,wind farm,9: wind farm,
9,wind farm,9: wind farm,
9,wind farm,9: wind farm,
9,wind farm,9: wind farm,
9,wind farm,9: wind farm,
9,wind farm,9: wind farm,
9,wind farm,9: wind farm,
9,wind farm,9: wind farm,
9,wind farm,9: wind farm,
9,wind farm,9: wind farm,
9,wind farm,9: wind farm,
9,wind farm,9: wind farm,
9,wind farm,9: wind farm,
9,wind farm,9: wind farm,
9,wind farm,9: wind farm,
9,wind farm,9: wind farm,
9,wind farm,9: wind farm,
9,wind farm,9: wind farm,
9,wind farm,9: wind farm,
9,wind farm,9: wind farm,
9,wind farm,9: wind farm,
9,wind farm,9: wind farm,
9,wind farm,9: wind farm,
9,wind farm,9: wind farm,
9,wind farm,9: wind farm,
9,wind farm,9: wind farm,
9,wind farm,9: wind farm,
9,wind farm,9: wind farm,
9,wind farm,9: wind farm,
9,wind farm,9: wind farm,
9,wind farm,9: wind farm,
9,wind farm,9: wind farm,
9,wind farm,9: wind farm,
9,wind farm,9: wind farm,
9,wind farm,9: wind farm,
9,wind farm,9: wind farm,
9,wind farm,9: wind farm,
9,wind farm,9: wind farm,
9,wind farm,9: wind farm,
9,wind farm,9: wind farm,
9,wind farm,9: wind farm,
9,wind farm,9: wind farm,
9,wind farm,9: wind farm,
9,wind farm,9: wind farm,
9,wind farm,9: wind farm,
9,wind farm,9: wind farm,
9,wind farm,9: wind farm,
9,wind farm,9: wind farm,
9,wind farm,9: wind farm,
9,wind farm,9: wind farm,
9,wind farm,9: wind farm,
9,wind farm,9: wind farm,
9,wind farm,9: wind farm,
9,wind farm,9: wind farm,
9,wind farm,9: wind farm,
9,wind farm,9: wind farm,
9,wind farm,9: wind farm,
9,wind farm,9: wind farm,
9,wind farm,9: wind farm,
9,wind farm,9: wind farm,
9,wind farm,9: wind farm,
9,wind farm,9: wind farm,
9,wind farm,9: wind farm,
9,wind farm,9: wind farm,
9,wind farm,9: wind farm,
9,wind farm,9: wind farm,
9,wind farm,9: wind farm,
9,wind farm,9: wind farm,
9,wind farm,9: wind farm,
9,wind farm,9: wind farm,
9,wind farm,9: wind farm,
9,wind farm,9: wind farm,
9,wind farm,9: wind farm,
9,wind farm,9: wind farm,
9,wind farm,9: wind farm,
9,wind farm,9: wind farm,
9,wind farm,9: wind farm,
9,wind farm,9: wind farm,
9,wind farm,9: wind farm,
9,wind farm,9: wind farm,
9,wind farm,9: wind farm,
9,wind farm,9: wind farm,
9,wind farm,9: wind farm,
9,wind farm,9: wind farm,
9,wind farm,9: wind farm,
9,wind farm,9: wind farm,
9,wind farm,9: wind farm,
9,wind farm,9: wind farm,
9,wind farm,9: wind farm,
9,wind farm,9: wind farm,
9,wind farm,9: wind farm,
9,wind farm,9: wind farm,
9,wind farm,9: wind farm,
9,wind farm,9: wind farm,
9,wind farm,9: wind farm,
9,wind farm,9: wind farm,
9,wind farm,9: wind farm,
9,wind farm,9: wind farm,
9,wind farm,9: wind farm,
9,wind farm,9: wind farm,
9,wind farm,9: wind farm,
9,wind farm,9: wind farm,
9,wind farm,9: wind farm,
9,wind farm,9: wind farm,
9,wind farm,9: wind farm,
9,wind farm,9: wind farm,
9,wind farm,9: wind farm,
9,wind farm,9: wind farm,
9,wind farm,9: wind farm,
9,wind farm,9: wind farm,
7,renew energi,7: renew energi,
7,renew energi,7: renew energi,
7,renew energi,7: renew energi,
7,renew energi,7: renew energi,
7,renew energi,7: renew energi,
7,renew energi,7: renew energi,
7,renew energi,7: renew energi,
7,renew energi,7: renew energi,
7,renew energi,7: renew energi,
7,renew energi,7: renew energi,
7,renew energi,7: renew energi,
7,renew energi,7: renew energi,
7,renew energi,7: renew energi,
7,renew energi,7: renew energi,
7,renew energi,7: renew energi,
7,renew energi,7: renew energi,
7,renew energi,7: renew energi,
7,renew energi,7: renew energi,
7,renew energi,7: renew energi,
7,renew energi,7: renew energi,
7,renew energi,7: renew energi,
7,renew energi,7: renew energi,
7,renew energi,7: renew energi,
7,renew energi,7: renew energi,
7,renew energi,7: renew energi,
7,renew energi,7: renew energi,
7,renew energi,7: renew energi,
7,renew energi,7: renew energi,
7,renew energi,7: renew energi,
7,renew energi,7: renew energi,
7,renew energi,7: renew energi,
7,renew energi,7: renew energi,
7,renew energi,7: renew energi,
7,renew energi,7: renew energi,
7,renew energi,7: renew energi,
7,renew energi,7: renew energi,
7,renew energi,7: renew energi,
7,renew energi,7: renew energi,
7,renew energi,7: renew energi,
7,renew energi,7: renew energi,
7,renew energi,7: renew energi,
7,renew energi,7: renew energi,
7,renew energi,7: renew energi,
7,renew energi,7: renew energi,
7,renew energi,7: renew energi,
7,renew energi,7: renew energi,
7,renew energi,7: renew energi,
7,renew energi,7: renew energi,
7,renew energi,7: renew energi,
7,renew energi,7: renew energi,
7,renew energi,7: renew energi,
7,renew energi,7: renew energi,
7,renew energi,7: renew energi,
7,renew energi,7: renew energi,
7,renew energi,7: renew energi,
7,renew energi,7: renew energi,
7,renew energi,7: renew energi,
7,renew energi,7: renew energi,
7,renew energi,7: renew energi,
7,renew energi,7: renew energi,
7,renew energi,7: renew energi,
7,renew energi,7: renew energi,
7,renew energi,7: renew energi,
7,renew energi,7: renew energi,
7,renew energi,7: renew energi,
7,renew energi,7: renew energi,
7,renew energi,7: renew energi,
7,renew energi,7: renew energi,
7,renew energi,7: renew energi,
7,renew energi,7: renew energi,
7,renew energi,7: renew energi,
7,renew energi,7: renew energi,
7,renew energi,7: renew energi,
7,renew energi,7: renew energi,
7,renew energi,7: renew energi,
7,renew energi,7: renew energi,
7,renew energi,7: renew energi,
7,renew energi,7: renew energi,
7,renew energi,7: renew energi,
7,renew energi,7: renew energi,
7,renew energi,7: renew energi,
7,renew energi,7: renew energi,
7,renew energi,7: renew energi,
7,renew energi,7: renew energi,
7,renew energi,7: renew energi,
7,renew energi,7: renew energi,
7,renew energi,7: renew energi,
7,renew energi,7: renew energi,
7,renew energi,7: renew energi,
7,renew energi,7: renew energi,
7,renew energi,7: renew energi,
7,renew energi,7: renew energi,
7,renew energi,7: renew energi,
7,renew energi,7: renew energi,
7,renew energi,7: renew energi,
7,renew energi,7: renew energi,
7,renew energi,7: renew energi,
7,renew energi,7: renew energi,
7,renew energi,7: renew energi,
7,renew energi,7: renew energi,
7,renew energi,7: renew energi,
7,renew energi,7: renew energi,
7,renew energi,7: renew energi,
7,renew energi,7: renew energi,
7,renew energi,7: renew energi,
7,renew energi,7: renew energi,
7,renew energi,7: renew energi,
7,renew energi,7: renew energi,
7,renew energi,7: renew energi,
7,renew energi,7: renew energi,
7,renew energi,7: renew energi,
7,renew energi,7: renew energi,
7,renew energi,7: renew energi,
7,renew energi,7: renew energi,
7,renew energi,7: renew energi,
7,renew energi,7: renew energi,
7,renew energi,7: renew energi,
7,renew energi,7: renew energi,
7,renew energi,7: renew energi,
7,renew energi,7: renew energi,
7,renew energi,7: renew energi,
7,renew energi,7: renew energi,
7,renew energi,7: renew energi,
7,renew energi,7: renew energi,
7,renew energi,7: renew energi,
7,renew energi,7: renew energi,
7,renew energi,7: renew energi,
7,renew energi,7: renew energi,
7,renew energi,7: renew energi,
7,renew energi,7: renew energi,
7,renew energi,7: renew energi,
7,renew energi,7: renew energi,
7,renew energi,7: renew energi,
7,renew energi,7: renew energi,
7,renew energi,7: renew energi,
7,renew energi,7: renew energi,
7,renew energi,7: renew energi,
7,renew energi,7: renew energi,
7,renew energi,7: renew energi,
7,renew energi,7: renew energi,
7,renew energi,7: renew energi,
7,renew energi,7: renew energi,
7,renew energi,7: renew energi,
7,renew energi,7: renew energi,
7,renew energi,7: renew energi,
7,renew energi,7: renew energi,
7,renew energi,7: renew energi,
7,renew energi,7: renew energi,
7,renew energi,7: renew energi,
7,renew energi,7: renew energi,
7,renew energi,7: renew energi,
7,renew energi,7: renew energi,
7,renew energi,7: renew energi,
7,renew energi,7: renew energi,
7,renew energi,7: renew energi,
7,renew energi,7: renew energi,
7,renew energi,7: renew energi,
7,renew energi,7: renew energi,
7,renew energi,7: renew energi,
7,renew energi,7: renew energi,
7,renew energi,7: renew energi,
7,renew energi,7: renew energi,
7,renew energi,7: renew energi,
7,renew energi,7: renew energi,
7,renew energi,7: renew energi,
7,renew energi,7: renew energi,
7,renew energi,7: renew energi,
7,renew energi,7: renew energi,
7,renew energi,7: renew energi,
7,renew energi,7: renew energi,
7,renew energi,7: renew energi,
7,renew energi,7: renew energi,
7,renew energi,7: renew energi,
7,renew energi,7: renew energi,
7,renew energi,7: renew energi,
7,renew energi,7: renew energi,
7,renew energi,7: renew energi,
7,renew energi,7: renew energi,
7,renew energi,7: renew energi,
7,renew energi,7: renew energi,
7,renew energi,7: renew energi,
7,renew energi,7: renew energi,
7,renew energi,7: renew energi,
7,renew energi,7: renew energi,
7,renew energi,7: renew energi,
7,renew energi,7: renew energi,
7,renew energi,7: renew energi,
7,renew energi,7: renew energi,
7,renew energi,7: renew energi,
7,renew energi,7: renew energi,
7,renew energi,7: renew energi,
7,renew energi,7: renew energi,
7,renew energi,7: renew energi,
7,renew energi,7: renew energi,
7,renew energi,7: renew energi,
7,renew energi,7: renew energi,
7,renew energi,7: renew energi,
7,renew energi,7: renew energi,
7,renew energi,7: renew energi,
7,renew energi,7: renew energi,
7,renew energi,7: renew energi,
7,renew energi,7: renew energi,
7,renew energi,7: renew energi,
7,renew energi,7: renew energi,
7,renew energi,7: renew energi,
7,renew energi,7: renew energi,
7,renew energi,7: renew energi,
7,renew energi,7: renew energi,
7,renew energi,7: renew energi,
7,renew energi,7: renew energi,
7,renew energi,7: renew energi,
7,renew energi,7: renew energi,
7,renew energi,7: renew energi,
7,renew energi,7: renew energi,
7,renew energi,7: renew energi,
7,renew energi,7: renew energi,
7,renew energi,7: renew energi,
7,renew energi,7: renew energi,
7,renew energi,7: renew energi,
7,renew energi,7: renew energi,
7,renew energi,7: renew energi,
7,renew energi,7: renew energi,
7,renew energi,7: renew energi,
7,renew energi,7: renew energi,
7,renew energi,7: renew energi,
7,renew energi,7: renew energi,
7,renew energi,7: renew energi,
7,renew energi,7: renew energi,
7,renew energi,7: renew energi,
7,renew energi,7: renew energi,
7,renew energi,7: renew energi,
7,renew energi,7: renew energi,
7,renew energi,7: renew energi,
7,renew energi,7: renew energi,
7,renew energi,7: renew energi,
7,renew energi,7: renew energi,
7,renew energi,7: renew energi,
7,renew energi,7: renew energi,
7,renew energi,7: renew energi,
7,renew energi,7: renew energi,
7,renew energi,7: renew energi,
7,renew energi,7: renew energi,
7,renew energi,7: renew energi,
7,renew energi,7: renew energi,
7,renew energi,7: renew energi,
7,renew energi,7: renew energi,
7,renew energi,7: renew energi,
7,renew energi,7: renew energi,
7,renew energi,7: renew energi,
7,renew energi,7: renew energi,
7,renew energi,7: renew energi,
7,renew energi,7: renew energi,
7,renew energi,7: renew energi,
7,renew energi,7: renew energi,
7,renew energi,7: renew energi,
7,renew energi,7: renew energi,
7,renew energi,7: renew energi,
7,renew energi,7: renew energi,
7,renew energi,7: renew energi,
7,renew energi,7: renew energi,
7,renew energi,7: renew energi,
7,renew energi,7: renew energi,
7,renew energi,7: renew energi,
7,renew energi,7: renew energi,
7,renew energi,7: renew energi,
7,renew energi,7: renew energi,
7,renew energi,7: renew energi,
7,renew energi,7: renew energi,
7,renew energi,7: renew energi,
7,renew energi,7: renew energi,
7,renew energi,7: renew energi,
7,renew energi,7: renew energi,
7,renew energi,7: renew energi,
7,renew energi,7: renew energi,
7,renew energi,7: renew energi,
7,renew energi,7: renew energi,
7,renew energi,7: renew energi,
7,renew energi,7: renew energi,
7,renew energi,7: renew energi,
7,renew energi,7: renew energi,
7,renew energi,7: renew energi,
7,renew energi,7: renew energi,
7,renew energi,7: renew energi,
7,renew energi,7: renew energi,
7,renew energi,7: renew energi,
7,renew energi,7: renew energi,
7,renew energi,7: renew energi,
7,renew energi,7: renew energi,
7,renew energi,7: renew energi,
7,renew energi,7: renew energi,
7,renew energi,7: renew energi,
7,renew energi,7: renew energi,
7,renew energi,7: renew energi,
7,renew energi,7: renew energi,
7,renew energi,7: renew energi,
7,renew energi,7: renew energi,
7,renew energi,7: renew energi,
7,renew energi,7: renew energi,
7,renew energi,7: renew energi,
7,renew energi,7: renew energi,
7,renew energi,7: renew energi,
7,renew energi,7: renew energi,
7,renew energi,7: renew energi,
7,renew energi,7: renew energi,
7,renew energi,7: renew energi,
7,renew energi,7: renew energi,
7,renew energi,7: renew energi,
7,renew energi,7: renew energi,
7,renew energi,7: renew energi,
7,renew energi,7: renew energi,
7,renew energi,7: renew energi,
7,renew energi,7: renew energi,
7,renew energi,7: renew energi,
7,renew energi,7: renew energi,
7,renew energi,7: renew energi,
7,renew energi,7: renew energi,
7,renew energi,7: renew energi,
7,renew energi,7: renew energi,
7,renew energi,7: renew energi,
7,renew energi,7: renew energi,
7,renew energi,7: renew energi,
7,renew energi,7: renew energi,
7,renew energi,7: renew energi,
7,renew energi,7: renew energi,
7,renew energi,7: renew energi,
7,renew energi,7: renew energi,
7,renew energi,7: renew energi,
7,renew energi,7: renew energi,
7,renew energi,7: renew energi,
7,renew energi,7: renew energi,
7,renew energi,7: renew energi,
7,renew energi,7: renew energi,
7,renew energi,7: renew energi,
7,renew energi,7: renew energi,
7,renew energi,7: renew energi,
7,renew energi,7: renew energi,
7,renew energi,7: renew energi,
7,renew energi,7: renew energi,
7,renew energi,7: renew energi,
7,renew energi,7: renew energi,
7,renew energi,7: renew energi,
7,renew energi,7: renew energi,
7,renew energi,7: renew energi,
7,renew energi,7: renew energi,
7,renew energi,7: renew energi,
7,renew energi,7: renew energi,
7,renew energi,7: renew energi,
7,renew energi,7: renew energi,
7,renew energi,7: renew energi,
7,renew energi,7: renew energi,
7,renew energi,7: renew energi,
7,renew energi,7: renew energi,
7,renew energi,7: renew energi,
7,renew energi,7: renew energi,
7,renew energi,7: renew energi,
7,renew energi,7: renew energi,
7,renew energi,7: renew energi,
7,renew energi,7: renew energi,
7,renew energi,7: renew energi,
7,renew energi,7: renew energi,
7,renew energi,7: renew energi,
7,renew energi,7: renew energi,
7,renew energi,7: renew energi,
7,renew energi,7: renew energi,
7,renew energi,7: renew energi,
7,renew energi,7: renew energi,
7,renew energi,7: renew energi,
7,renew energi,7: renew energi,
7,renew energi,7: renew energi,
7,renew energi,7: renew energi,
7,renew energi,7: renew energi,
7,renew energi,7: renew energi,
7,renew energi,7: renew energi,
7,renew energi,7: renew energi,
7,renew energi,7: renew energi,
7,renew energi,7: renew energi,
7,renew energi,7: renew energi,
7,renew energi,7: renew energi,
7,renew energi,7: renew energi,
7,renew energi,7: renew energi,
7,renew energi,7: renew energi,
7,renew energi,7: renew energi,
7,renew energi,7: renew energi,
7,renew energi,7: renew energi,
7,renew energi,7: renew energi,
7,renew energi,7: renew energi,
7,renew energi,7: renew energi,
7,renew energi,7: renew energi,
7,renew energi,7: renew energi,
7,renew energi,7: renew energi,
7,renew energi,7: renew energi,
7,renew energi,7: renew energi,
7,renew energi,7: renew energi,
7,renew energi,7: renew energi,
7,renew energi,7: renew energi,
7,renew energi,7: renew energi,
7,renew energi,7: renew energi,
7,renew energi,7: renew energi,
7,renew energi,7: renew energi,
7,renew energi,7: renew energi,
7,renew energi,7: renew energi,
7,renew energi,7: renew energi,
7,renew energi,7: renew energi,
7,renew energi,7: renew energi,
7,renew energi,7: renew energi,
7,renew energi,7: renew energi,
7,renew energi,7: renew energi,
7,renew energi,7: renew energi,
7,renew energi,7: renew energi,
7,renew energi,7: renew energi,
7,renew energi,7: renew energi,
7,renew energi,7: renew energi,
7,renew energi,7: renew energi,
7,renew energi,7: renew energi,
7,renew energi,7: renew energi,
7,renew energi,7: renew energi,
7,renew energi,7: renew energi,
7,renew energi,7: renew energi,
7,renew energi,7: renew energi,
7,renew energi,7: renew energi,
7,renew energi,7: renew energi,
7,renew energi,7: renew energi,
7,renew energi,7: renew energi,
7,renew energi,7: renew energi,
7,renew energi,7: renew energi,
7,renew energi,7: renew energi,
7,renew energi,7: renew energi,
7,renew energi,7: renew energi,
7,renew energi,7: renew energi,
7,renew energi,7: renew energi,
7,renew energi,7: renew energi,
7,renew energi,7: renew energi,
7,renew energi,7: renew energi,
7,renew energi,7: renew energi,
7,renew energi,7: renew energi,
7,renew energi,7: renew energi,
7,renew energi,7: renew energi,
7,renew energi,7: renew energi,
5,offshor grid,5: offshor grid,
5,offshor grid,5: offshor grid,
5,offshor grid,5: offshor grid,
5,offshor grid,5: offshor grid,
5,offshor grid,5: offshor grid,
5,offshor grid,5: offshor grid,
5,offshor grid,5: offshor grid,
5,offshor grid,5: offshor grid,
5,offshor grid,5: offshor grid,
5,offshor grid,5: offshor grid,
5,offshor grid,5: offshor grid,
5,offshor grid,5: offshor grid,
5,offshor grid,5: offshor grid,
5,offshor grid,5: offshor grid,
5,offshor grid,5: offshor grid,
5,offshor grid,5: offshor grid,
5,offshor grid,5: offshor grid,
5,offshor grid,5: offshor grid,
5,offshor grid,5: offshor grid,
5,offshor grid,5: offshor grid,
5,offshor grid,5: offshor grid,
5,offshor grid,5: offshor grid,
5,offshor grid,5: offshor grid,
5,offshor grid,5: offshor grid,
5,offshor grid,5: offshor grid,
5,offshor grid,5: offshor grid,
5,offshor grid,5: offshor grid,
5,offshor grid,5: offshor grid,
5,offshor grid,5: offshor grid,
5,offshor grid,5: offshor grid,
5,offshor grid,5: offshor grid,
5,offshor grid,5: offshor grid,
5,offshor grid,5: offshor grid,
5,offshor grid,5: offshor grid,
5,offshor grid,5: offshor grid,
5,offshor grid,5: offshor grid,
5,offshor grid,5: offshor grid,
5,offshor grid,5: offshor grid,
5,offshor grid,5: offshor grid,
5,offshor grid,5: offshor grid,
5,offshor grid,5: offshor grid,
5,offshor grid,5: offshor grid,
5,offshor grid,5: offshor grid,
5,offshor grid,5: offshor grid,
5,offshor grid,5: offshor grid,
5,offshor grid,5: offshor grid,
5,offshor grid,5: offshor grid,
5,offshor grid,5: offshor grid,
5,offshor grid,5: offshor grid,
5,offshor grid,5: offshor grid,
5,offshor grid,5: offshor grid,
5,offshor grid,5: offshor grid,
5,offshor grid,5: offshor grid,
5,offshor grid,5: offshor grid,
5,offshor grid,5: offshor grid,
5,offshor grid,5: offshor grid,
5,offshor grid,5: offshor grid,
5,offshor grid,5: offshor grid,
5,offshor grid,5: offshor grid,
5,offshor grid,5: offshor grid,
5,offshor grid,5: offshor grid,
5,offshor grid,5: offshor grid,
5,offshor grid,5: offshor grid,
5,offshor grid,5: offshor grid,
5,offshor grid,5: offshor grid,
5,offshor grid,5: offshor grid,
5,offshor grid,5: offshor grid,
5,offshor grid,5: offshor grid,
5,offshor grid,5: offshor grid,
5,offshor grid,5: offshor grid,
5,offshor grid,5: offshor grid,
5,offshor grid,5: offshor grid,
5,offshor grid,5: offshor grid,
5,offshor grid,5: offshor grid,
5,offshor grid,5: offshor grid,
5,offshor grid,5: offshor grid,
5,offshor grid,5: offshor grid,
5,offshor grid,5: offshor grid,
5,offshor grid,5: offshor grid,
5,offshor grid,5: offshor grid,
5,offshor grid,5: offshor grid,
5,offshor grid,5: offshor grid,
5,offshor grid,5: offshor grid,
5,offshor grid,5: offshor grid,
5,offshor grid,5: offshor grid,
5,offshor grid,5: offshor grid,
5,offshor grid,5: offshor grid,
5,offshor grid,5: offshor grid,
5,offshor grid,5: offshor grid,
5,offshor grid,5: offshor grid,
5,offshor grid,5: offshor grid,
5,offshor grid,5: offshor grid,
5,offshor grid,5: offshor grid,
5,offshor grid,5: offshor grid,
5,offshor grid,5: offshor grid,
5,offshor grid,5: offshor grid,
5,offshor grid,5: offshor grid,
5,offshor grid,5: offshor grid,
5,offshor grid,5: offshor grid,
5,offshor grid,5: offshor grid,
5,offshor grid,5: offshor grid,
5,offshor grid,5: offshor grid,
5,offshor grid,5: offshor grid,
5,offshor grid,5: offshor grid,
5,offshor grid,5: offshor grid,
5,offshor grid,5: offshor grid,
5,offshor grid,5: offshor grid,
5,offshor grid,5: offshor grid,
5,offshor grid,5: offshor grid,
5,offshor grid,5: offshor grid,
5,offshor grid,5: offshor grid,
5,offshor grid,5: offshor grid,
5,offshor grid,5: offshor grid,
5,offshor grid,5: offshor grid,
5,offshor grid,5: offshor grid,
5,offshor grid,5: offshor grid,
5,offshor grid,5: offshor grid,
5,offshor grid,5: offshor grid,
5,offshor grid,5: offshor grid,
5,offshor grid,5: offshor grid,
5,offshor grid,5: offshor grid,
5,offshor grid,5: offshor grid,
5,offshor grid,5: offshor grid,
5,offshor grid,5: offshor grid,
5,offshor grid,5: offshor grid,
5,offshor grid,5: offshor grid,
5,offshor grid,5: offshor grid,
5,offshor grid,5: offshor grid,
5,offshor grid,5: offshor grid,
5,offshor grid,5: offshor grid,
5,offshor grid,5: offshor grid,
5,offshor grid,5: offshor grid,
5,offshor grid,5: offshor grid,
5,offshor grid,5: offshor grid,
5,offshor grid,5: offshor grid,
5,offshor grid,5: offshor grid,
5,offshor grid,5: offshor grid,
5,offshor grid,5: offshor grid,
5,offshor grid,5: offshor grid,
5,offshor grid,5: offshor grid,
5,offshor grid,5: offshor grid,
5,offshor grid,5: offshor grid,
5,offshor grid,5: offshor grid,
5,offshor grid,5: offshor grid,
5,offshor grid,5: offshor grid,
5,offshor grid,5: offshor grid,
5,offshor grid,5: offshor grid,
5,offshor grid,5: offshor grid,
5,offshor grid,5: offshor grid,
5,offshor grid,5: offshor grid,
5,offshor grid,5: offshor grid,
5,offshor grid,5: offshor grid,
5,offshor grid,5: offshor grid,
5,offshor grid,5: offshor grid,
5,offshor grid,5: offshor grid,
5,offshor grid,5: offshor grid,
5,offshor grid,5: offshor grid,
5,offshor grid,5: offshor grid,
5,offshor grid,5: offshor grid,
5,offshor grid,5: offshor grid,
5,offshor grid,5: offshor grid,
5,offshor grid,5: offshor grid,
5,offshor grid,5: offshor grid,
5,offshor grid,5: offshor grid,
5,offshor grid,5: offshor grid,
5,offshor grid,5: offshor grid,
5,offshor grid,5: offshor grid,
5,offshor grid,5: offshor grid,
5,offshor grid,5: offshor grid,
5,offshor grid,5: offshor grid,
5,offshor grid,5: offshor grid,
5,offshor grid,5: offshor grid,
5,offshor grid,5: offshor grid,
5,offshor grid,5: offshor grid,
5,offshor grid,5: offshor grid,
7,renew energi,7: renew energi,
7,renew energi,7: renew energi,
7,renew energi,7: renew energi,
7,renew energi,7: renew energi,
7,renew energi,7: renew energi,
7,renew energi,7: renew energi,
7,renew energi,7: renew energi,
7,renew energi,7: renew energi,
7,renew energi,7: renew energi,
7,renew energi,7: renew energi,
7,renew energi,7: renew energi,
7,renew energi,7: renew energi,
7,renew energi,7: renew energi,
7,renew energi,7: renew energi,
7,renew energi,7: renew energi,
7,renew energi,7: renew energi,
7,renew energi,7: renew energi,
7,renew energi,7: renew energi,
7,renew energi,7: renew energi,
7,renew energi,7: renew energi,
7,renew energi,7: renew energi,
7,renew energi,7: renew energi,
7,renew energi,7: renew energi,
7,renew energi,7: renew energi,
7,renew energi,7: renew energi,
7,renew energi,7: renew energi,
7,renew energi,7: renew energi,
7,renew energi,7: renew energi,
7,renew energi,7: renew energi,
7,renew energi,7: renew energi,
7,renew energi,7: renew energi,
7,renew energi,7: renew energi,
7,renew energi,7: renew energi,
7,renew energi,7: renew energi,
7,renew energi,7: renew energi,
7,renew energi,7: renew energi,
7,renew energi,7: renew energi,
7,renew energi,7: renew energi,
7,renew energi,7: renew energi,
7,renew energi,7: renew energi,
7,renew energi,7: renew energi,
7,renew energi,7: renew energi,
7,renew energi,7: renew energi,
7,renew energi,7: renew energi,
7,renew energi,7: renew energi,
7,renew energi,7: renew energi,
7,renew energi,7: renew energi,
7,renew energi,7: renew energi,
7,renew energi,7: renew energi,
7,renew energi,7: renew energi,
7,renew energi,7: renew energi,
7,renew energi,7: renew energi,
7,renew energi,7: renew energi,
7,renew energi,7: renew energi,
7,renew energi,7: renew energi,
7,renew energi,7: renew energi,
7,renew energi,7: renew energi,
7,renew energi,7: renew energi,
7,renew energi,7: renew energi,
7,renew energi,7: renew energi,
7,renew energi,7: renew energi,
7,renew energi,7: renew energi,
7,renew energi,7: renew energi,
7,renew energi,7: renew energi,
7,renew energi,7: renew energi,
7,renew energi,7: renew energi,
7,renew energi,7: renew energi,
7,renew energi,7: renew energi,
7,renew energi,7: renew energi,
7,renew energi,7: renew energi,
7,renew energi,7: renew energi,
7,renew energi,7: renew energi,
7,renew energi,7: renew energi,
7,renew energi,7: renew energi,
7,renew energi,7: renew energi,
7,renew energi,7: renew energi,
7,renew energi,7: renew energi,
7,renew energi,7: renew energi,
7,renew energi,7: renew energi,
7,renew energi,7: renew energi,
7,renew energi,7: renew energi,
7,renew energi,7: renew energi,
7,renew energi,7: renew energi,
7,renew energi,7: renew energi,
7,renew energi,7: renew energi,
7,renew energi,7: renew energi,
7,renew energi,7: renew energi,
7,renew energi,7: renew energi,
7,renew energi,7: renew energi,
7,renew energi,7: renew energi,
7,renew energi,7: renew energi,
7,renew energi,7: renew energi,
7,renew energi,7: renew energi,
7,renew energi,7: renew energi,
7,renew energi,7: renew energi,
7,renew energi,7: renew energi,
7,renew energi,7: renew energi,
7,renew energi,7: renew energi,
7,renew energi,7: renew energi,
7,renew energi,7: renew energi,
7,renew energi,7: renew energi,
7,renew energi,7: renew energi,
7,renew energi,7: renew energi,
7,renew energi,7: renew energi,
7,renew energi,7: renew energi,
7,renew energi,7: renew energi,
7,renew energi,7: renew energi,
7,renew energi,7: renew energi,
7,renew energi,7: renew energi,
7,renew energi,7: renew energi,
7,renew energi,7: renew energi,
7,renew energi,7: renew energi,
7,renew energi,7: renew energi,
7,renew energi,7: renew energi,
7,renew energi,7: renew energi,
7,renew energi,7: renew energi,
7,renew energi,7: renew energi,
7,renew energi,7: renew energi,
7,renew energi,7: renew energi,
7,renew energi,7: renew energi,
7,renew energi,7: renew energi,
7,renew energi,7: renew energi,
7,renew energi,7: renew energi,
7,renew energi,7: renew energi,
7,renew energi,7: renew energi,
7,renew energi,7: renew energi,
7,renew energi,7: renew energi,
7,renew energi,7: renew energi,
7,renew energi,7: renew energi,
7,renew energi,7: renew energi,
7,renew energi,7: renew energi,
7,renew energi,7: renew energi,
7,renew energi,7: renew energi,
7,renew energi,7: renew energi,
7,renew energi,7: renew energi,
7,renew energi,7: renew energi,
7,renew energi,7: renew energi,
7,renew energi,7: renew energi,
7,renew energi,7: renew energi,
7,renew energi,7: renew energi,
7,renew energi,7: renew energi,
7,renew energi,7: renew energi,
7,renew energi,7: renew energi,
7,renew energi,7: renew energi,
7,renew energi,7: renew energi,
7,renew energi,7: renew energi,
9,wind farm,9: wind farm,
9,wind farm,9: wind farm,
9,wind farm,9: wind farm,
9,wind farm,9: wind farm,
9,wind farm,9: wind farm,
9,wind farm,9: wind farm,
9,wind farm,9: wind farm,
9,wind farm,9: wind farm,
9,wind farm,9: wind farm,
9,wind farm,9: wind farm,
9,wind farm,9: wind farm,
9,wind farm,9: wind farm,
9,wind farm,9: wind farm,
9,wind farm,9: wind farm,
9,wind farm,9: wind farm,
9,wind farm,9: wind farm,
9,wind farm,9: wind farm,
9,wind farm,9: wind farm,
9,wind farm,9: wind farm,
9,wind farm,9: wind farm,
9,wind farm,9: wind farm,
9,wind farm,9: wind farm,
9,wind farm,9: wind farm,
9,wind farm,9: wind farm,
9,wind farm,9: wind farm,
9,wind farm,9: wind farm,
9,wind farm,9: wind farm,
9,wind farm,9: wind farm,
9,wind farm,9: wind farm,
9,wind farm,9: wind farm,
9,wind farm,9: wind farm,
9,wind farm,9: wind farm,
9,wind farm,9: wind farm,
9,wind farm,9: wind farm,
9,wind farm,9: wind farm,
9,wind farm,9: wind farm,
9,wind farm,9: wind farm,
9,wind farm,9: wind farm,
9,wind farm,9: wind farm,
9,wind farm,9: wind farm,
9,wind farm,9: wind farm,
9,wind farm,9: wind farm,
9,wind farm,9: wind farm,
9,wind farm,9: wind farm,
9,wind farm,9: wind farm,
9,wind farm,9: wind farm,
9,wind farm,9: wind farm,
9,wind farm,9: wind farm,
9,wind farm,9: wind farm,
9,wind farm,9: wind farm,
9,wind farm,9: wind farm,
9,wind farm,9: wind farm,
9,wind farm,9: wind farm,
9,wind farm,9: wind farm,
9,wind farm,9: wind farm,
9,wind farm,9: wind farm,
9,wind farm,9: wind farm,
9,wind farm,9: wind farm,
9,wind farm,9: wind farm,
9,wind farm,9: wind farm,
9,wind farm,9: wind farm,
9,wind farm,9: wind farm,
9,wind farm,9: wind farm,
9,wind farm,9: wind farm,
9,wind farm,9: wind farm,
9,wind farm,9: wind farm,
9,wind farm,9: wind farm,
9,wind farm,9: wind farm,
9,wind farm,9: wind farm,
9,wind farm,9: wind farm,
9,wind farm,9: wind farm,
9,wind farm,9: wind farm,
9,wind farm,9: wind farm,
9,wind farm,9: wind farm,
9,wind farm,9: wind farm,
9,wind farm,9: wind farm,
9,wind farm,9: wind farm,
9,wind farm,9: wind farm,
9,wind farm,9: wind farm,
9,wind farm,9: wind farm,
9,wind farm,9: wind farm,
9,wind farm,9: wind farm,
9,wind farm,9: wind farm,
9,wind farm,9: wind farm,
9,wind farm,9: wind farm,
9,wind farm,9: wind farm,
9,wind farm,9: wind farm,
9,wind farm,9: wind farm,
9,wind farm,9: wind farm,
9,wind farm,9: wind farm,
9,wind farm,9: wind farm,
9,wind farm,9: wind farm,
9,wind farm,9: wind farm,
9,wind farm,9: wind farm,
9,wind farm,9: wind farm,
9,wind farm,9: wind farm,
9,wind farm,9: wind farm,
9,wind farm,9: wind farm,
9,wind farm,9: wind farm,
9,wind farm,9: wind farm,
9,wind farm,9: wind farm,
9,wind farm,9: wind farm,
9,wind farm,9: wind farm,
9,wind farm,9: wind farm,
9,wind farm,9: wind farm,
9,wind farm,9: wind farm,
9,wind farm,9: wind farm,
9,wind farm,9: wind farm,
9,wind farm,9: wind farm,
9,wind farm,9: wind farm,
9,wind farm,9: wind farm,
9,wind farm,9: wind farm,
9,wind farm,9: wind farm,
9,wind farm,9: wind farm,
9,wind farm,9: wind farm,
9,wind farm,9: wind farm,
9,wind farm,9: wind farm,
9,wind farm,9: wind farm,
9,wind farm,9: wind farm,
9,wind farm,9: wind farm,
9,wind farm,9: wind farm,
9,wind farm,9: wind farm,
9,wind farm,9: wind farm,
9,wind farm,9: wind farm,
9,wind farm,9: wind farm,
9,wind farm,9: wind farm,
9,wind farm,9: wind farm,
9,wind farm,9: wind farm,
9,wind farm,9: wind farm,
9,wind farm,9: wind farm,
9,wind farm,9: wind farm,
9,wind farm,9: wind farm,
9,wind farm,9: wind farm,
9,wind farm,9: wind farm,
9,wind farm,9: wind farm,
9,wind farm,9: wind farm,
9,wind farm,9: wind farm,
9,wind farm,9: wind farm,
9,wind farm,9: wind farm,
9,wind farm,9: wind farm,
9,wind farm,9: wind farm,
9,wind farm,9: wind farm,
9,wind farm,9: wind farm,
9,wind farm,9: wind farm,
9,wind farm,9: wind farm,
9,wind farm,9: wind farm,
9,wind farm,9: wind farm,
9,wind farm,9: wind farm,
9,wind farm,9: wind farm,
9,wind farm,9: wind farm,
9,wind farm,9: wind farm,
9,wind farm,9: wind farm,
9,wind farm,9: wind farm,
9,wind farm,9: wind farm,
9,wind farm,9: wind farm,
9,wind farm,9: wind farm,
9,wind farm,9: wind farm,
9,wind farm,9: wind farm,
9,wind farm,9: wind farm,
9,wind farm,9: wind farm,
9,wind farm,9: wind farm,
7,renew energi,7: renew energi,
7,renew energi,7: renew energi,
7,renew energi,7: renew energi,
7,renew energi,7: renew energi,
7,renew energi,7: renew energi,
7,renew energi,7: renew energi,
7,renew energi,7: renew energi,
7,renew energi,7: renew energi,
7,renew energi,7: renew energi,
7,renew energi,7: renew energi,
7,renew energi,7: renew energi,
7,renew energi,7: renew energi,
7,renew energi,7: renew energi,
7,renew energi,7: renew energi,
7,renew energi,7: renew energi,
7,renew energi,7: renew energi,
7,renew energi,7: renew energi,
7,renew energi,7: renew energi,
7,renew energi,7: renew energi,
7,renew energi,7: renew energi,
7,renew energi,7: renew energi,
7,renew energi,7: renew energi,
7,renew energi,7: renew energi,
7,renew energi,7: renew energi,
7,renew energi,7: renew energi,
7,renew energi,7: renew energi,
7,renew energi,7: renew energi,
7,renew energi,7: renew energi,
7,renew energi,7: renew energi,
7,renew energi,7: renew energi,
7,renew energi,7: renew energi,
7,renew energi,7: renew energi,
7,renew energi,7: renew energi,
7,renew energi,7: renew energi,
7,renew energi,7: renew energi,
7,renew energi,7: renew energi,
7,renew energi,7: renew energi,
7,renew energi,7: renew energi,
7,renew energi,7: renew energi,
7,renew energi,7: renew energi,
7,renew energi,7: renew energi,
7,renew energi,7: renew energi,
7,renew energi,7: renew energi,
7,renew energi,7: renew energi,
7,renew energi,7: renew energi,
7,renew energi,7: renew energi,
7,renew energi,7: renew energi,
7,renew energi,7: renew energi,
7,renew energi,7: renew energi,
7,renew energi,7: renew energi,
7,renew energi,7: renew energi,
7,renew energi,7: renew energi,
7,renew energi,7: renew energi,
7,renew energi,7: renew energi,
7,renew energi,7: renew energi,
7,renew energi,7: renew energi,
7,renew energi,7: renew energi,
7,renew energi,7: renew energi,
7,renew energi,7: renew energi,
7,renew energi,7: renew energi,
7,renew energi,7: renew energi,
7,renew energi,7: renew energi,
7,renew energi,7: renew energi,
7,renew energi,7: renew energi,
7,renew energi,7: renew energi,
7,renew energi,7: renew energi,
7,renew energi,7: renew energi,
7,renew energi,7: renew energi,
7,renew energi,7: renew energi,
7,renew energi,7: renew energi,
7,renew energi,7: renew energi,
7,renew energi,7: renew energi,
7,renew energi,7: renew energi,
7,renew energi,7: renew energi,
7,renew energi,7: renew energi,
7,renew energi,7: renew energi,
7,renew energi,7: renew energi,
7,renew energi,7: renew energi,
7,renew energi,7: renew energi,
7,renew energi,7: renew energi,
7,renew energi,7: renew energi,
7,renew energi,7: renew energi,
7,renew energi,7: renew energi,
7,renew energi,7: renew energi,
7,renew energi,7: renew energi,
7,renew energi,7: renew energi,
7,renew energi,7: renew energi,
7,renew energi,7: renew energi,
7,renew energi,7: renew energi,
7,renew energi,7: renew energi,
7,renew energi,7: renew energi,
7,renew energi,7: renew energi,
7,renew energi,7: renew energi,
7,renew energi,7: renew energi,
7,renew energi,7: renew energi,
7,renew energi,7: renew energi,
7,renew energi,7: renew energi,
7,renew energi,7: renew energi,
7,renew energi,7: renew energi,
7,renew energi,7: renew energi,
7,renew energi,7: renew energi,
7,renew energi,7: renew energi,
7,renew energi,7: renew energi,
7,renew energi,7: renew energi,
7,renew energi,7: renew energi,
7,renew energi,7: renew energi,
7,renew energi,7: renew energi,
7,renew energi,7: renew energi,
7,renew energi,7: renew energi,
7,renew energi,7: renew energi,
7,renew energi,7: renew energi,
7,renew energi,7: renew energi,
7,renew energi,7: renew energi,
7,renew energi,7: renew energi,
7,renew energi,7: renew energi,
7,renew energi,7: renew energi,
7,renew energi,7: renew energi,
7,renew energi,7: renew energi,
7,renew energi,7: renew energi,
7,renew energi,7: renew energi,
7,renew energi,7: renew energi,
7,renew energi,7: renew energi,
7,renew energi,7: renew energi,
7,renew energi,7: renew energi,
7,renew energi,7: renew energi,
7,renew energi,7: renew energi,
7,renew energi,7: renew energi,
7,renew energi,7: renew energi,
7,renew energi,7: renew energi,
7,renew energi,7: renew energi,
7,renew energi,7: renew energi,
7,renew energi,7: renew energi,
7,renew energi,7: renew energi,
7,renew energi,7: renew energi,
7,renew energi,7: renew energi,
7,renew energi,7: renew energi,
7,renew energi,7: renew energi,
7,renew energi,7: renew energi,
7,renew energi,7: renew energi,
7,renew energi,7: renew energi,
7,renew energi,7: renew energi,
7,renew energi,7: renew energi,
7,renew energi,7: renew energi,
7,renew energi,7: renew energi,
7,renew energi,7: renew energi,
7,renew energi,7: renew energi,
5,offshor grid,5: offshor grid,
5,offshor grid,5: offshor grid,
5,offshor grid,5: offshor grid,
5,offshor grid,5: offshor grid,
5,offshor grid,5: offshor grid,
5,offshor grid,5: offshor grid,
5,offshor grid,5: offshor grid,
5,offshor grid,5: offshor grid,
5,offshor grid,5: offshor grid,
5,offshor grid,5: offshor grid,
5,offshor grid,5: offshor grid,
5,offshor grid,5: offshor grid,
5,offshor grid,5: offshor grid,
5,offshor grid,5: offshor grid,
5,offshor grid,5: offshor grid,
5,offshor grid,5: offshor grid,
5,offshor grid,5: offshor grid,
5,offshor grid,5: offshor grid,
5,offshor grid,5: offshor grid,
5,offshor grid,5: offshor grid,
5,offshor grid,5: offshor grid,
5,offshor grid,5: offshor grid,
5,offshor grid,5: offshor grid,
5,offshor grid,5: offshor grid,
5,offshor grid,5: offshor grid,
5,offshor grid,5: offshor grid,
5,offshor grid,5: offshor grid,
5,offshor grid,5: offshor grid,
5,offshor grid,5: offshor grid,
5,offshor grid,5: offshor grid,
5,offshor grid,5: offshor grid,
5,offshor grid,5: offshor grid,
5,offshor grid,5: offshor grid,
5,offshor grid,5: offshor grid,
5,offshor grid,5: offshor grid,
5,offshor grid,5: offshor grid,
5,offshor grid,5: offshor grid,
5,offshor grid,5: offshor grid,
5,offshor grid,5: offshor grid,
5,offshor grid,5: offshor grid,
5,offshor grid,5: offshor grid,
5,offshor grid,5: offshor grid,
5,offshor grid,5: offshor grid,
5,offshor grid,5: offshor grid,
5,offshor grid,5: offshor grid,
5,offshor grid,5: offshor grid,
5,offshor grid,5: offshor grid,
5,offshor grid,5: offshor grid,
5,offshor grid,5: offshor grid,
5,offshor grid,5: offshor grid,
5,offshor grid,5: offshor grid,
5,offshor grid,5: offshor grid,
5,offshor grid,5: offshor grid,
5,offshor grid,5: offshor grid,
5,offshor grid,5: offshor grid,
5,offshor grid,5: offshor grid,
5,offshor grid,5: offshor grid,
5,offshor grid,5: offshor grid,
5,offshor grid,5: offshor grid,
5,offshor grid,5: offshor grid,
5,offshor grid,5: offshor grid,
5,offshor grid,5: offshor grid,
5,offshor grid,5: offshor grid,
5,offshor grid,5: offshor grid,
5,offshor grid,5: offshor grid,
5,offshor grid,5: offshor grid,
5,offshor grid,5: offshor grid,
5,offshor grid,5: offshor grid,
5,offshor grid,5: offshor grid,
5,offshor grid,5: offshor grid,
5,offshor grid,5: offshor grid,
5,offshor grid,5: offshor grid,
5,offshor grid,5: offshor grid,
5,offshor grid,5: offshor grid,
5,offshor grid,5: offshor grid,
5,offshor grid,5: offshor grid,
5,offshor grid,5: offshor grid,
5,offshor grid,5: offshor grid,
5,offshor grid,5: offshor grid,
5,offshor grid,5: offshor grid,
5,offshor grid,5: offshor grid,
5,offshor grid,5: offshor grid,
5,offshor grid,5: offshor grid,
5,offshor grid,5: offshor grid,
5,offshor grid,5: offshor grid,
5,offshor grid,5: offshor grid,
5,offshor grid,5: offshor grid,
5,offshor grid,5: offshor grid,
5,offshor grid,5: offshor grid,
5,offshor grid,5: offshor grid,
5,offshor grid,5: offshor grid,
5,offshor grid,5: offshor grid,
5,offshor grid,5: offshor grid,
5,offshor grid,5: offshor grid,
5,offshor grid,5: offshor grid,
5,offshor grid,5: offshor grid,
5,offshor grid,5: offshor grid,
5,offshor grid,5: offshor grid,
5,offshor grid,5: offshor grid,
5,offshor grid,5: offshor grid,
5,offshor grid,5: offshor grid,
5,offshor grid,5: offshor grid,
5,offshor grid,5: offshor grid,
5,offshor grid,5: offshor grid,
5,offshor grid,5: offshor grid,
5,offshor grid,5: offshor grid,
5,offshor grid,5: offshor grid,
5,offshor grid,5: offshor grid,
5,offshor grid,5: offshor grid,
5,offshor grid,5: offshor grid,
5,offshor grid,5: offshor grid,
5,offshor grid,5: offshor grid,
5,offshor grid,5: offshor grid,
5,offshor grid,5: offshor grid,
5,offshor grid,5: offshor grid,
5,offshor grid,5: offshor grid,
5,offshor grid,5: offshor grid,
5,offshor grid,5: offshor grid,
5,offshor grid,5: offshor grid,
5,offshor grid,5: offshor grid,
5,offshor grid,5: offshor grid,
5,offshor grid,5: offshor grid,
5,offshor grid,5: offshor grid,
5,offshor grid,5: offshor grid,
5,offshor grid,5: offshor grid,
5,offshor grid,5: offshor grid,
5,offshor grid,5: offshor grid,
5,offshor grid,5: offshor grid,
5,offshor grid,5: offshor grid,
5,offshor grid,5: offshor grid,
5,offshor grid,5: offshor grid,
5,offshor grid,5: offshor grid,
5,offshor grid,5: offshor grid,
5,offshor grid,5: offshor grid,
5,offshor grid,5: offshor grid,
5,offshor grid,5: offshor grid,
5,offshor grid,5: offshor grid,
5,offshor grid,5: offshor grid,
5,offshor grid,5: offshor grid,
5,offshor grid,5: offshor grid,
5,offshor grid,5: offshor grid,
5,offshor grid,5: offshor grid,
5,offshor grid,5: offshor grid,
5,offshor grid,5: offshor grid,
5,offshor grid,5: offshor grid,
5,offshor grid,5: offshor grid,
5,offshor grid,5: offshor grid,
5,offshor grid,5: offshor grid,
5,offshor grid,5: offshor grid,
5,offshor grid,5: offshor grid,
5,offshor grid,5: offshor grid,
5,offshor grid,5: offshor grid,
5,offshor grid,5: offshor grid,
5,offshor grid,5: offshor grid,
5,offshor grid,5: offshor grid,
5,offshor grid,5: offshor grid,
5,offshor grid,5: offshor grid,
5,offshor grid,5: offshor grid,
5,offshor grid,5: offshor grid,
5,offshor grid,5: offshor grid,
5,offshor grid,5: offshor grid,
5,offshor grid,5: offshor grid,
5,offshor grid,5: offshor grid,
5,offshor grid,5: offshor grid,
5,offshor grid,5: offshor grid,
5,offshor grid,5: offshor grid,
5,offshor grid,5: offshor grid,
5,offshor grid,5: offshor grid,
5,offshor grid,5: offshor grid,
5,offshor grid,5: offshor grid,
5,offshor grid,5: offshor grid,
5,offshor grid,5: offshor grid,
5,offshor grid,5: offshor grid,
5,offshor grid,5: offshor grid,
5,offshor grid,5: offshor grid,
7,renew energi,7: renew energi,
7,renew energi,7: renew energi,
7,renew energi,7: renew energi,
7,renew energi,7: renew energi,
7,renew energi,7: renew energi,
7,renew energi,7: renew energi,
7,renew energi,7: renew energi,
7,renew energi,7: renew energi,
7,renew energi,7: renew energi,
7,renew energi,7: renew energi,
7,renew energi,7: renew energi,
7,renew energi,7: renew energi,
7,renew energi,7: renew energi,
7,renew energi,7: renew energi,
7,renew energi,7: renew energi,
7,renew energi,7: renew energi,
7,renew energi,7: renew energi,
7,renew energi,7: renew energi,
7,renew energi,7: renew energi,
7,renew energi,7: renew energi,
7,renew energi,7: renew energi,
7,renew energi,7: renew energi,
7,renew energi,7: renew energi,
7,renew energi,7: renew energi,
7,renew energi,7: renew energi,
7,renew energi,7: renew energi,
7,renew energi,7: renew energi,
7,renew energi,7: renew energi,
7,renew energi,7: renew energi,
7,renew energi,7: renew energi,
7,renew energi,7: renew energi,
7,renew energi,7: renew energi,
7,renew energi,7: renew energi,
7,renew energi,7: renew energi,
7,renew energi,7: renew energi,
7,renew energi,7: renew energi,
7,renew energi,7: renew energi,
7,renew energi,7: renew energi,
7,renew energi,7: renew energi,
7,renew energi,7: renew energi,
7,renew energi,7: renew energi,
7,renew energi,7: renew energi,
7,renew energi,7: renew energi,
7,renew energi,7: renew energi,
7,renew energi,7: renew energi,
7,renew energi,7: renew energi,
7,renew energi,7: renew energi,
7,renew energi,7: renew energi,
7,renew energi,7: renew energi,
7,renew energi,7: renew energi,
7,renew energi,7: renew energi,
7,renew energi,7: renew energi,
7,renew energi,7: renew energi,
7,renew energi,7: renew energi,
7,renew energi,7: renew energi,
7,renew energi,7: renew energi,
7,renew energi,7: renew energi,
7,renew energi,7: renew energi,
7,renew energi,7: renew energi,
7,renew energi,7: renew energi,
7,renew energi,7: renew energi,
7,renew energi,7: renew energi,
7,renew energi,7: renew energi,
7,renew energi,7: renew energi,
7,renew energi,7: renew energi,
7,renew energi,7: renew energi,
7,renew energi,7: renew energi,
7,renew energi,7: renew energi,
7,renew energi,7: renew energi,
7,renew energi,7: renew energi,
7,renew energi,7: renew energi,
7,renew energi,7: renew energi,
7,renew energi,7: renew energi,
7,renew energi,7: renew energi,
7,renew energi,7: renew energi,
7,renew energi,7: renew energi,
7,renew energi,7: renew energi,
7,renew energi,7: renew energi,
7,renew energi,7: renew energi,
7,renew energi,7: renew energi,
7,renew energi,7: renew energi,
7,renew energi,7: renew energi,
7,renew energi,7: renew energi,
7,renew energi,7: renew energi,
7,renew energi,7: renew energi,
7,renew energi,7: renew energi,
7,renew energi,7: renew energi,
7,renew energi,7: renew energi,
7,renew energi,7: renew energi,
7,renew energi,7: renew energi,
7,renew energi,7: renew energi,
7,renew energi,7: renew energi,
7,renew energi,7: renew energi,
7,renew energi,7: renew energi,
7,renew energi,7: renew energi,
7,renew energi,7: renew energi,
7,renew energi,7: renew energi,
7,renew energi,7: renew energi,
7,renew energi,7: renew energi,
7,renew energi,7: renew energi,
7,renew energi,7: renew energi,
7,renew energi,7: renew energi,
7,renew energi,7: renew energi,
7,renew energi,7: renew energi,
7,renew energi,7: renew energi,
7,renew energi,7: renew energi,
7,renew energi,7: renew energi,
7,renew energi,7: renew energi,
7,renew energi,7: renew energi,
7,renew energi,7: renew energi,
7,renew energi,7: renew energi,
7,renew energi,7: renew energi,
7,renew energi,7: renew energi,
7,renew energi,7: renew energi,
7,renew energi,7: renew energi,
7,renew energi,7: renew energi,
7,renew energi,7: renew energi,
7,renew energi,7: renew energi,
7,renew energi,7: renew energi,
7,renew energi,7: renew energi,
7,renew energi,7: renew energi,
7,renew energi,7: renew energi,
7,renew energi,7: renew energi,
7,renew energi,7: renew energi,
7,renew energi,7: renew energi,
7,renew energi,7: renew energi,
7,renew energi,7: renew energi,
7,renew energi,7: renew energi,
7,renew energi,7: renew energi,
7,renew energi,7: renew energi,
7,renew energi,7: renew energi,
7,renew energi,7: renew energi,
7,renew energi,7: renew energi,
7,renew energi,7: renew energi,
7,renew energi,7: renew energi,
7,renew energi,7: renew energi,
7,renew energi,7: renew energi,
7,renew energi,7: renew energi,
7,renew energi,7: renew energi,
7,renew energi,7: renew energi,
7,renew energi,7: renew energi,
7,renew energi,7: renew energi,
7,renew energi,7: renew energi,
7,renew energi,7: renew energi,
7,renew energi,7: renew energi,
7,renew energi,7: renew energi,
5,offshor grid,5: offshor grid,
5,offshor grid,5: offshor grid,
5,offshor grid,5: offshor grid,
5,offshor grid,5: offshor grid,
5,offshor grid,5: offshor grid,
5,offshor grid,5: offshor grid,
5,offshor grid,5: offshor grid,
5,offshor grid,5: offshor grid,
5,offshor grid,5: offshor grid,
5,offshor grid,5: offshor grid,
5,offshor grid,5: offshor grid,
5,offshor grid,5: offshor grid,
5,offshor grid,5: offshor grid,
5,offshor grid,5: offshor grid,
5,offshor grid,5: offshor grid,
5,offshor grid,5: offshor grid,
5,offshor grid,5: offshor grid,
5,offshor grid,5: offshor grid,
5,offshor grid,5: offshor grid,
5,offshor grid,5: offshor grid,
5,offshor grid,5: offshor grid,
5,offshor grid,5: offshor grid,
5,offshor grid,5: offshor grid,
5,offshor grid,5: offshor grid,
5,offshor grid,5: offshor grid,
5,offshor grid,5: offshor grid,
5,offshor grid,5: offshor grid,
5,offshor grid,5: offshor grid,
5,offshor grid,5: offshor grid,
5,offshor grid,5: offshor grid,
5,offshor grid,5: offshor grid,
5,offshor grid,5: offshor grid,
5,offshor grid,5: offshor grid,
5,offshor grid,5: offshor grid,
5,offshor grid,5: offshor grid,
5,offshor grid,5: offshor grid,
5,offshor grid,5: offshor grid,
5,offshor grid,5: offshor grid,
5,offshor grid,5: offshor grid,
5,offshor grid,5: offshor grid,
5,offshor grid,5: offshor grid,
5,offshor grid,5: offshor grid,
5,offshor grid,5: offshor grid,
5,offshor grid,5: offshor grid,
5,offshor grid,5: offshor grid,
5,offshor grid,5: offshor grid,
5,offshor grid,5: offshor grid,
5,offshor grid,5: offshor grid,
5,offshor grid,5: offshor grid,
5,offshor grid,5: offshor grid,
5,offshor grid,5: offshor grid,
5,offshor grid,5: offshor grid,
5,offshor grid,5: offshor grid,
5,offshor grid,5: offshor grid,
5,offshor grid,5: offshor grid,
5,offshor grid,5: offshor grid,
5,offshor grid,5: offshor grid,
5,offshor grid,5: offshor grid,
5,offshor grid,5: offshor grid,
5,offshor grid,5: offshor grid,
5,offshor grid,5: offshor grid,
5,offshor grid,5: offshor grid,
5,offshor grid,5: offshor grid,
5,offshor grid,5: offshor grid,
5,offshor grid,5: offshor grid,
5,offshor grid,5: offshor grid,
5,offshor grid,5: offshor grid,
5,offshor grid,5: offshor grid,
5,offshor grid,5: offshor grid,
5,offshor grid,5: offshor grid,
5,offshor grid,5: offshor grid,
5,offshor grid,5: offshor grid,
5,offshor grid,5: offshor grid,
5,offshor grid,5: offshor grid,
5,offshor grid,5: offshor grid,
5,offshor grid,5: offshor grid,
5,offshor grid,5: offshor grid,
5,offshor grid,5: offshor grid,
5,offshor grid,5: offshor grid,
5,offshor grid,5: offshor grid,
5,offshor grid,5: offshor grid,
5,offshor grid,5: offshor grid,
5,offshor grid,5: offshor grid,
5,offshor grid,5: offshor grid,
5,offshor grid,5: offshor grid,
5,offshor grid,5: offshor grid,
5,offshor grid,5: offshor grid,
5,offshor grid,5: offshor grid,
5,offshor grid,5: offshor grid,
5,offshor grid,5: offshor grid,
5,offshor grid,5: offshor grid,
5,offshor grid,5: offshor grid,
5,offshor grid,5: offshor grid,
5,offshor grid,5: offshor grid,
5,offshor grid,5: offshor grid,
5,offshor grid,5: offshor grid,
5,offshor grid,5: offshor grid,
5,offshor grid,5: offshor grid,
5,offshor grid,5: offshor grid,
5,offshor grid,5: offshor grid,
5,offshor grid,5: offshor grid,
5,offshor grid,5: offshor grid,
5,offshor grid,5: offshor grid,
5,offshor grid,5: offshor grid,
5,offshor grid,5: offshor grid,
5,offshor grid,5: offshor grid,
5,offshor grid,5: offshor grid,
5,offshor grid,5: offshor grid,
5,offshor grid,5: offshor grid,
5,offshor grid,5: offshor grid,
5,offshor grid,5: offshor grid,
5,offshor grid,5: offshor grid,
5,offshor grid,5: offshor grid,
5,offshor grid,5: offshor grid,
5,offshor grid,5: offshor grid,
5,offshor grid,5: offshor grid,
5,offshor grid,5: offshor grid,
5,offshor grid,5: offshor grid,
5,offshor grid,5: offshor grid,
5,offshor grid,5: offshor grid,
5,offshor grid,5: offshor grid,
5,offshor grid,5: offshor grid,
5,offshor grid,5: offshor grid,
5,offshor grid,5: offshor grid,
5,offshor grid,5: offshor grid,
5,offshor grid,5: offshor grid,
5,offshor grid,5: offshor grid,
5,offshor grid,5: offshor grid,
5,offshor grid,5: offshor grid,
5,offshor grid,5: offshor grid,
5,offshor grid,5: offshor grid,
5,offshor grid,5: offshor grid,
5,offshor grid,5: offshor grid,
5,offshor grid,5: offshor grid,
5,offshor grid,5: offshor grid,
5,offshor grid,5: offshor grid,
5,offshor grid,5: offshor grid,
5,offshor grid,5: offshor grid,
5,offshor grid,5: offshor grid,
5,offshor grid,5: offshor grid,
5,offshor grid,5: offshor grid,
5,offshor grid,5: offshor grid,
5,offshor grid,5: offshor grid,
5,offshor grid,5: offshor grid,
5,offshor grid,5: offshor grid,
5,offshor grid,5: offshor grid,
5,offshor grid,5: offshor grid,
5,offshor grid,5: offshor grid,
5,offshor grid,5: offshor grid,
5,offshor grid,5: offshor grid,
5,offshor grid,5: offshor grid,
5,offshor grid,5: offshor grid,
5,offshor grid,5: offshor grid,
5,offshor grid,5: offshor grid,
5,offshor grid,5: offshor grid,
5,offshor grid,5: offshor grid,
5,offshor grid,5: offshor grid,
5,offshor grid,5: offshor grid,
5,offshor grid,5: offshor grid,
5,offshor grid,5: offshor grid,
5,offshor grid,5: offshor grid,
5,offshor grid,5: offshor grid,
5,offshor grid,5: offshor grid,
5,offshor grid,5: offshor grid,
5,offshor grid,5: offshor grid,
5,offshor grid,5: offshor grid,
5,offshor grid,5: offshor grid,
5,offshor grid,5: offshor grid,
5,offshor grid,5: offshor grid,
5,offshor grid,5: offshor grid,
5,offshor grid,5: offshor grid,
5,offshor grid,5: offshor grid,
5,offshor grid,5: offshor grid,
5,offshor grid,5: offshor grid,
5,offshor grid,5: offshor grid,
7,renew energi,7: renew energi,
7,renew energi,7: renew energi,
7,renew energi,7: renew energi,
7,renew energi,7: renew energi,
7,renew energi,7: renew energi,
7,renew energi,7: renew energi,
7,renew energi,7: renew energi,
7,renew energi,7: renew energi,
7,renew energi,7: renew energi,
7,renew energi,7: renew energi,
7,renew energi,7: renew energi,
7,renew energi,7: renew energi,
7,renew energi,7: renew energi,
7,renew energi,7: renew energi,
7,renew energi,7: renew energi,
7,renew energi,7: renew energi,
7,renew energi,7: renew energi,
7,renew energi,7: renew energi,
7,renew energi,7: renew energi,
7,renew energi,7: renew energi,
7,renew energi,7: renew energi,
7,renew energi,7: renew energi,
7,renew energi,7: renew energi,
7,renew energi,7: renew energi,
7,renew energi,7: renew energi,
7,renew energi,7: renew energi,
7,renew energi,7: renew energi,
7,renew energi,7: renew energi,
7,renew energi,7: renew energi,
7,renew energi,7: renew energi,
7,renew energi,7: renew energi,
7,renew energi,7: renew energi,
7,renew energi,7: renew energi,
7,renew energi,7: renew energi,
7,renew energi,7: renew energi,
7,renew energi,7: renew energi,
7,renew energi,7: renew energi,
7,renew energi,7: renew energi,
7,renew energi,7: renew energi,
7,renew energi,7: renew energi,
7,renew energi,7: renew energi,
7,renew energi,7: renew energi,
7,renew energi,7: renew energi,
7,renew energi,7: renew energi,
7,renew energi,7: renew energi,
7,renew energi,7: renew energi,
7,renew energi,7: renew energi,
7,renew energi,7: renew energi,
7,renew energi,7: renew energi,
7,renew energi,7: renew energi,
7,renew energi,7: renew energi,
7,renew energi,7: renew energi,
7,renew energi,7: renew energi,
7,renew energi,7: renew energi,
7,renew energi,7: renew energi,
7,renew energi,7: renew energi,
7,renew energi,7: renew energi,
7,renew energi,7: renew energi,
7,renew energi,7: renew energi,
7,renew energi,7: renew energi,
7,renew energi,7: renew energi,
7,renew energi,7: renew energi,
7,renew energi,7: renew energi,
7,renew energi,7: renew energi,
7,renew energi,7: renew energi,
7,renew energi,7: renew energi,
7,renew energi,7: renew energi,
7,renew energi,7: renew energi,
7,renew energi,7: renew energi,
7,renew energi,7: renew energi,
7,renew energi,7: renew energi,
7,renew energi,7: renew energi,
7,renew energi,7: renew energi,
7,renew energi,7: renew energi,
7,renew energi,7: renew energi,
7,renew energi,7: renew energi,
7,renew energi,7: renew energi,
7,renew energi,7: renew energi,
7,renew energi,7: renew energi,
7,renew energi,7: renew energi,
7,renew energi,7: renew energi,
7,renew energi,7: renew energi,
7,renew energi,7: renew energi,
7,renew energi,7: renew energi,
7,renew energi,7: renew energi,
7,renew energi,7: renew energi,
7,renew energi,7: renew energi,
7,renew energi,7: renew energi,
7,renew energi,7: renew energi,
7,renew energi,7: renew energi,
7,renew energi,7: renew energi,
7,renew energi,7: renew energi,
7,renew energi,7: renew energi,
7,renew energi,7: renew energi,
7,renew energi,7: renew energi,
7,renew energi,7: renew energi,
7,renew energi,7: renew energi,
7,renew energi,7: renew energi,
7,renew energi,7: renew energi,
7,renew energi,7: renew energi,
7,renew energi,7: renew energi,
7,renew energi,7: renew energi,
7,renew energi,7: renew energi,
7,renew energi,7: renew energi,
7,renew energi,7: renew energi,
7,renew energi,7: renew energi,
7,renew energi,7: renew energi,
7,renew energi,7: renew energi,
7,renew energi,7: renew energi,
7,renew energi,7: renew energi,
7,renew energi,7: renew energi,
7,renew energi,7: renew energi,
7,renew energi,7: renew energi,
7,renew energi,7: renew energi,
7,renew energi,7: renew energi,
7,renew energi,7: renew energi,
7,renew energi,7: renew energi,
7,renew energi,7: renew energi,
7,renew energi,7: renew energi,
7,renew energi,7: renew energi,
7,renew energi,7: renew energi,
7,renew energi,7: renew energi,
7,renew energi,7: renew energi,
7,renew energi,7: renew energi,
7,renew energi,7: renew energi,
7,renew energi,7: renew energi,
7,renew energi,7: renew energi,
7,renew energi,7: renew energi,
7,renew energi,7: renew energi,
7,renew energi,7: renew energi,
7,renew energi,7: renew energi,
7,renew energi,7: renew energi,
7,renew energi,7: renew energi,
7,renew energi,7: renew energi,
7,renew energi,7: renew energi,
7,renew energi,7: renew energi,
7,renew energi,7: renew energi,
7,renew energi,7: renew energi,
7,renew energi,7: renew energi,
7,renew energi,7: renew energi,
7,renew energi,7: renew energi,
7,renew energi,7: renew energi,
7,renew energi,7: renew energi,
7,renew energi,7: renew energi,
7,renew energi,7: renew energi,
7,renew energi,7: renew energi,
9,wind farm,9: wind farm,
9,wind farm,9: wind farm,
9,wind farm,9: wind farm,
9,wind farm,9: wind farm,
9,wind farm,9: wind farm,
9,wind farm,9: wind farm,
9,wind farm,9: wind farm,
9,wind farm,9: wind farm,
9,wind farm,9: wind farm,
9,wind farm,9: wind farm,
9,wind farm,9: wind farm,
9,wind farm,9: wind farm,
9,wind farm,9: wind farm,
9,wind farm,9: wind farm,
9,wind farm,9: wind farm,
9,wind farm,9: wind farm,
9,wind farm,9: wind farm,
9,wind farm,9: wind farm,
9,wind farm,9: wind farm,
9,wind farm,9: wind farm,
9,wind farm,9: wind farm,
9,wind farm,9: wind farm,
9,wind farm,9: wind farm,
9,wind farm,9: wind farm,
9,wind farm,9: wind farm,
9,wind farm,9: wind farm,
9,wind farm,9: wind farm,
9,wind farm,9: wind farm,
9,wind farm,9: wind farm,
9,wind farm,9: wind farm,
9,wind farm,9: wind farm,
9,wind farm,9: wind farm,
9,wind farm,9: wind farm,
9,wind farm,9: wind farm,
9,wind farm,9: wind farm,
9,wind farm,9: wind farm,
9,wind farm,9: wind farm,
9,wind farm,9: wind farm,
9,wind farm,9: wind farm,
9,wind farm,9: wind farm,
9,wind farm,9: wind farm,
9,wind farm,9: wind farm,
9,wind farm,9: wind farm,
9,wind farm,9: wind farm,
9,wind farm,9: wind farm,
9,wind farm,9: wind farm,
9,wind farm,9: wind farm,
9,wind farm,9: wind farm,
9,wind farm,9: wind farm,
9,wind farm,9: wind farm,
9,wind farm,9: wind farm,
9,wind farm,9: wind farm,
9,wind farm,9: wind farm,
9,wind farm,9: wind farm,
9,wind farm,9: wind farm,
9,wind farm,9: wind farm,
9,wind farm,9: wind farm,
9,wind farm,9: wind farm,
9,wind farm,9: wind farm,
9,wind farm,9: wind farm,
9,wind farm,9: wind farm,
9,wind farm,9: wind farm,
9,wind farm,9: wind farm,
9,wind farm,9: wind farm,
9,wind farm,9: wind farm,
9,wind farm,9: wind farm,
9,wind farm,9: wind farm,
9,wind farm,9: wind farm,
9,wind farm,9: wind farm,
9,wind farm,9: wind farm,
9,wind farm,9: wind farm,
9,wind farm,9: wind farm,
9,wind farm,9: wind farm,
9,wind farm,9: wind farm,
9,wind farm,9: wind farm,
9,wind farm,9: wind farm,
9,wind farm,9: wind farm,
9,wind farm,9: wind farm,
9,wind farm,9: wind farm,
9,wind farm,9: wind farm,
9,wind farm,9: wind farm,
9,wind farm,9: wind farm,
9,wind farm,9: wind farm,
9,wind farm,9: wind farm,
9,wind farm,9: wind farm,
9,wind farm,9: wind farm,
9,wind farm,9: wind farm,
9,wind farm,9: wind farm,
9,wind farm,9: wind farm,
9,wind farm,9: wind farm,
9,wind farm,9: wind farm,
9,wind farm,9: wind farm,
9,wind farm,9: wind farm,
9,wind farm,9: wind farm,
9,wind farm,9: wind farm,
9,wind farm,9: wind farm,
9,wind farm,9: wind farm,
9,wind farm,9: wind farm,
9,wind farm,9: wind farm,
9,wind farm,9: wind farm,
9,wind farm,9: wind farm,
9,wind farm,9: wind farm,
9,wind farm,9: wind farm,
9,wind farm,9: wind farm,
9,wind farm,9: wind farm,
9,wind farm,9: wind farm,
9,wind farm,9: wind farm,
9,wind farm,9: wind farm,
9,wind farm,9: wind farm,
9,wind farm,9: wind farm,
9,wind farm,9: wind farm,
9,wind farm,9: wind farm,
9,wind farm,9: wind farm,
9,wind farm,9: wind farm,
9,wind farm,9: wind farm,
9,wind farm,9: wind farm,
9,wind farm,9: wind farm,
9,wind farm,9: wind farm,
9,wind farm,9: wind farm,
9,wind farm,9: wind farm,
9,wind farm,9: wind farm,
9,wind farm,9: wind farm,
9,wind farm,9: wind farm,
9,wind farm,9: wind farm,
9,wind farm,9: wind farm,
9,wind farm,9: wind farm,
9,wind farm,9: wind farm,
9,wind farm,9: wind farm,
9,wind farm,9: wind farm,
9,wind farm,9: wind farm,
9,wind farm,9: wind farm,
9,wind farm,9: wind farm,
9,wind farm,9: wind farm,
9,wind farm,9: wind farm,
9,wind farm,9: wind farm,
9,wind farm,9: wind farm,
9,wind farm,9: wind farm,
9,wind farm,9: wind farm,
9,wind farm,9: wind farm,
9,wind farm,9: wind farm,
9,wind farm,9: wind farm,
9,wind farm,9: wind farm,
9,wind farm,9: wind farm,
9,wind farm,9: wind farm,
9,wind farm,9: wind farm,
9,wind farm,9: wind farm,
9,wind farm,9: wind farm,
9,wind farm,9: wind farm,
9,wind farm,9: wind farm,
9,wind farm,9: wind farm,
9,wind farm,9: wind farm,
9,wind farm,9: wind farm,
9,wind farm,9: wind farm,
9,wind farm,9: wind farm,
9,wind farm,9: wind farm,
9,wind farm,9: wind farm,
9,wind farm,9: wind farm,
9,wind farm,9: wind farm,
9,wind farm,9: wind farm,
9,wind farm,9: wind farm,
9,wind farm,9: wind farm,
9,wind farm,9: wind farm,
9,wind farm,9: wind farm,
9,wind farm,9: wind farm,
9,wind farm,9: wind farm,
9,wind farm,9: wind farm,
9,wind farm,9: wind farm,
9,wind farm,9: wind farm,
9,wind farm,9: wind farm,
9,wind farm,9: wind farm,
9,wind farm,9: wind farm,
9,wind farm,9: wind farm,
9,wind farm,9: wind farm,
9,wind farm,9: wind farm,
9,wind farm,9: wind farm,
9,wind farm,9: wind farm,
9,wind farm,9: wind farm,
9,wind farm,9: wind farm,
9,wind farm,9: wind farm,
9,wind farm,9: wind farm,
9,wind farm,9: wind farm,
9,wind farm,9: wind farm,
9,wind farm,9: wind farm,
9,wind farm,9: wind farm,
9,wind farm,9: wind farm,
9,wind farm,9: wind farm,
9,wind farm,9: wind farm,
9,wind farm,9: wind farm,
9,wind farm,9: wind farm,
9,wind farm,9: wind farm,
9,wind farm,9: wind farm,
9,wind farm,9: wind farm,
9,wind farm,9: wind farm,
9,wind farm,9: wind farm,
9,wind farm,9: wind farm,
9,wind farm,9: wind farm,
9,wind farm,9: wind farm,
9,wind farm,9: wind farm,
9,wind farm,9: wind farm,
9,wind farm,9: wind farm,
9,wind farm,9: wind farm,
9,wind farm,9: wind farm,
9,wind farm,9: wind farm,
9,wind farm,9: wind farm,
9,wind farm,9: wind farm,
9,wind farm,9: wind farm,
9,wind farm,9: wind farm,
9,wind farm,9: wind farm,
9,wind farm,9: wind farm,
9,wind farm,9: wind farm,
9,wind farm,9: wind farm,
9,wind farm,9: wind farm,
9,wind farm,9: wind farm,
9,wind farm,9: wind farm,
9,wind farm,9: wind farm,
9,wind farm,9: wind farm,
9,wind farm,9: wind farm,
9,wind farm,9: wind farm,
9,wind farm,9: wind farm,
9,wind farm,9: wind farm,
9,wind farm,9: wind farm,
9,wind farm,9: wind farm,
9,wind farm,9: wind farm,
9,wind farm,9: wind farm,
9,wind farm,9: wind farm,
9,wind farm,9: wind farm,
9,wind farm,9: wind farm,
9,wind farm,9: wind farm,
9,wind farm,9: wind farm,
9,wind farm,9: wind farm,
9,wind farm,9: wind farm,
9,wind farm,9: wind farm,
9,wind farm,9: wind farm,
9,wind farm,9: wind farm,
9,wind farm,9: wind farm,
9,wind farm,9: wind farm,
9,wind farm,9: wind farm,
9,wind farm,9: wind farm,
9,wind farm,9: wind farm,
9,wind farm,9: wind farm,
9,wind farm,9: wind farm,
9,wind farm,9: wind farm,
9,wind farm,9: wind farm,
9,wind farm,9: wind farm,
9,wind farm,9: wind farm,
9,wind farm,9: wind farm,
9,wind farm,9: wind farm,
9,wind farm,9: wind farm,
9,wind farm,9: wind farm,
9,wind farm,9: wind farm,
9,wind farm,9: wind farm,
9,wind farm,9: wind farm,
9,wind farm,9: wind farm,
9,wind farm,9: wind farm,
9,wind farm,9: wind farm,
9,wind farm,9: wind farm,
9,wind farm,9: wind farm,
9,wind farm,9: wind farm,
9,wind farm,9: wind farm,
9,wind farm,9: wind farm,
9,wind farm,9: wind farm,
9,wind farm,9: wind farm,
9,wind farm,9: wind farm,
9,wind farm,9: wind farm,
9,wind farm,9: wind farm,
9,wind farm,9: wind farm,
9,wind farm,9: wind farm,
9,wind farm,9: wind farm,
9,wind farm,9: wind farm,
9,wind farm,9: wind farm,
9,wind farm,9: wind farm,
9,wind farm,9: wind farm,
9,wind farm,9: wind farm,
9,wind farm,9: wind farm,
9,wind farm,9: wind farm,
9,wind farm,9: wind farm,
9,wind farm,9: wind farm,
9,wind farm,9: wind farm,
9,wind farm,9: wind farm,
9,wind farm,9: wind farm,
9,wind farm,9: wind farm,
9,wind farm,9: wind farm,
9,wind farm,9: wind farm,
9,wind farm,9: wind farm,
9,wind farm,9: wind farm,
9,wind farm,9: wind farm,
9,wind farm,9: wind farm,
9,wind farm,9: wind farm,
9,wind farm,9: wind farm,
9,wind farm,9: wind farm,
9,wind farm,9: wind farm,
9,wind farm,9: wind farm,
9,wind farm,9: wind farm,
9,wind farm,9: wind farm,
9,wind farm,9: wind farm,
9,wind farm,9: wind farm,
9,wind farm,9: wind farm,
9,wind farm,9: wind farm,
9,wind farm,9: wind farm,
9,wind farm,9: wind farm,
9,wind farm,9: wind farm,
9,wind farm,9: wind farm,
9,wind farm,9: wind farm,
9,wind farm,9: wind farm,
9,wind farm,9: wind farm,
9,wind farm,9: wind farm,
9,wind farm,9: wind farm,
9,wind farm,9: wind farm,
9,wind farm,9: wind farm,
9,wind farm,9: wind farm,
9,wind farm,9: wind farm,
9,wind farm,9: wind farm,
9,wind farm,9: wind farm,
9,wind farm,9: wind farm,
9,wind farm,9: wind farm,
9,wind farm,9: wind farm,
9,wind farm,9: wind farm,
9,wind farm,9: wind farm,
9,wind farm,9: wind farm,
9,wind farm,9: wind farm,
9,wind farm,9: wind farm,
9,wind farm,9: wind farm,
9,wind farm,9: wind farm,
9,wind farm,9: wind farm,
9,wind farm,9: wind farm,
9,wind farm,9: wind farm,
9,wind farm,9: wind farm,
9,wind farm,9: wind farm,
9,wind farm,9: wind farm,
9,wind farm,9: wind farm,
9,wind farm,9: wind farm,
9,wind farm,9: wind farm,
9,wind farm,9: wind farm,
9,wind farm,9: wind farm,
9,wind farm,9: wind farm,
9,wind farm,9: wind farm,
9,wind farm,9: wind farm,
9,wind farm,9: wind farm,
9,wind farm,9: wind farm,
9,wind farm,9: wind farm,
9,wind farm,9: wind farm,
9,wind farm,9: wind farm,
9,wind farm,9: wind farm,
9,wind farm,9: wind farm,
9,wind farm,9: wind farm,
9,wind farm,9: wind farm,
9,wind farm,9: wind farm,
9,wind farm,9: wind farm,
9,wind farm,9: wind farm,
9,wind farm,9: wind farm,
9,wind farm,9: wind farm,
9,wind farm,9: wind farm,
9,wind farm,9: wind farm,
9,wind farm,9: wind farm,
9,wind farm,9: wind farm,
9,wind farm,9: wind farm,
9,wind farm,9: wind farm,
9,wind farm,9: wind farm,
9,wind farm,9: wind farm,
9,wind farm,9: wind farm,
9,wind farm,9: wind farm,
9,wind farm,9: wind farm,
9,wind farm,9: wind farm,
9,wind farm,9: wind farm,
9,wind farm,9: wind farm,
9,wind farm,9: wind farm,
9,wind farm,9: wind farm,
9,wind farm,9: wind farm,
9,wind farm,9: wind farm,
9,wind farm,9: wind farm,
9,wind farm,9: wind farm,
9,wind farm,9: wind farm,
9,wind farm,9: wind farm,
9,wind farm,9: wind farm,
9,wind farm,9: wind farm,
9,wind farm,9: wind farm,
9,wind farm,9: wind farm,
9,wind farm,9: wind farm,
9,wind farm,9: wind farm,
9,wind farm,9: wind farm,
9,wind farm,9: wind farm,
9,wind farm,9: wind farm,
9,wind farm,9: wind farm,
9,wind farm,9: wind farm,
9,wind farm,9: wind farm,
9,wind farm,9: wind farm,
9,wind farm,9: wind farm,
9,wind farm,9: wind farm,
9,wind farm,9: wind farm,
9,wind farm,9: wind farm,
9,wind farm,9: wind farm,
9,wind farm,9: wind farm,
9,wind farm,9: wind farm,
9,wind farm,9: wind farm,
9,wind farm,9: wind farm,
9,wind farm,9: wind farm,
9,wind farm,9: wind farm,
9,wind farm,9: wind farm,
9,wind farm,9: wind farm,
9,wind farm,9: wind farm,
9,wind farm,9: wind farm,
9,wind farm,9: wind farm,
9,wind farm,9: wind farm,
9,wind farm,9: wind farm,
9,wind farm,9: wind farm,
9,wind farm,9: wind farm,
9,wind farm,9: wind farm,
9,wind farm,9: wind farm,
9,wind farm,9: wind farm,
9,wind farm,9: wind farm,
9,wind farm,9: wind farm,
9,wind farm,9: wind farm,
9,wind farm,9: wind farm,
9,wind farm,9: wind farm,
9,wind farm,9: wind farm,
9,wind farm,9: wind farm,
9,wind farm,9: wind farm,
9,wind farm,9: wind farm,
9,wind farm,9: wind farm,
9,wind farm,9: wind farm,
9,wind farm,9: wind farm,
9,wind farm,9: wind farm,
9,wind farm,9: wind farm,
9,wind farm,9: wind farm,
9,wind farm,9: wind farm,
9,wind farm,9: wind farm,
9,wind farm,9: wind farm,
9,wind farm,9: wind farm,
9,wind farm,9: wind farm,
9,wind farm,9: wind farm,
9,wind farm,9: wind farm,
9,wind farm,9: wind farm,
9,wind farm,9: wind farm,
9,wind farm,9: wind farm,
9,wind farm,9: wind farm,
9,wind farm,9: wind farm,
9,wind farm,9: wind farm,
9,wind farm,9: wind farm,
9,wind farm,9: wind farm,
9,wind farm,9: wind farm,
9,wind farm,9: wind farm,
9,wind farm,9: wind farm,
9,wind farm,9: wind farm,
9,wind farm,9: wind farm,
9,wind farm,9: wind farm,
9,wind farm,9: wind farm,
9,wind farm,9: wind farm,
9,wind farm,9: wind farm,
9,wind farm,9: wind farm,
9,wind farm,9: wind farm,
9,wind farm,9: wind farm,
9,wind farm,9: wind farm,
9,wind farm,9: wind farm,
9,wind farm,9: wind farm,
9,wind farm,9: wind farm,
9,wind farm,9: wind farm,
9,wind farm,9: wind farm,
9,wind farm,9: wind farm,
9,wind farm,9: wind farm,
9,wind farm,9: wind farm,
9,wind farm,9: wind farm,
9,wind farm,9: wind farm,
9,wind farm,9: wind farm,
9,wind farm,9: wind farm,
9,wind farm,9: wind farm,
9,wind farm,9: wind farm,
9,wind farm,9: wind farm,
9,wind farm,9: wind farm,
9,wind farm,9: wind farm,
9,wind farm,9: wind farm,
9,wind farm,9: wind farm,
9,wind farm,9: wind farm,
9,wind farm,9: wind farm,
9,wind farm,9: wind farm,
9,wind farm,9: wind farm,
9,wind farm,9: wind farm,
9,wind farm,9: wind farm,
9,wind farm,9: wind farm,
9,wind farm,9: wind farm,
9,wind farm,9: wind farm,
9,wind farm,9: wind farm,
9,wind farm,9: wind farm,
9,wind farm,9: wind farm,
9,wind farm,9: wind farm,
9,wind farm,9: wind farm,
9,wind farm,9: wind farm,
9,wind farm,9: wind farm,
9,wind farm,9: wind farm,
9,wind farm,9: wind farm,
9,wind farm,9: wind farm,
9,wind farm,9: wind farm,
9,wind farm,9: wind farm,
9,wind farm,9: wind farm,
9,wind farm,9: wind farm,
9,wind farm,9: wind farm,
9,wind farm,9: wind farm,
9,wind farm,9: wind farm,
9,wind farm,9: wind farm,
9,wind farm,9: wind farm,
9,wind farm,9: wind farm,
9,wind farm,9: wind farm,
9,wind farm,9: wind farm,
9,wind farm,9: wind farm,
9,wind farm,9: wind farm,
9,wind farm,9: wind farm,
9,wind farm,9: wind farm,
9,wind farm,9: wind farm,
9,wind farm,9: wind farm,
9,wind farm,9: wind farm,
9,wind farm,9: wind farm,
9,wind farm,9: wind farm,
9,wind farm,9: wind farm,
9,wind farm,9: wind farm,
9,wind farm,9: wind farm,
9,wind farm,9: wind farm,
9,wind farm,9: wind farm,
9,wind farm,9: wind farm,
9,wind farm,9: wind farm,
9,wind farm,9: wind farm,
9,wind farm,9: wind farm,
9,wind farm,9: wind farm,
9,wind farm,9: wind farm,
9,wind farm,9: wind farm,
9,wind farm,9: wind farm,
9,wind farm,9: wind farm,
9,wind farm,9: wind farm,
9,wind farm,9: wind farm,
9,wind farm,9: wind farm,
9,wind farm,9: wind farm,
9,wind farm,9: wind farm,
9,wind farm,9: wind farm,
9,wind farm,9: wind farm,
9,wind farm,9: wind farm,
9,wind farm,9: wind farm,
9,wind farm,9: wind farm,
9,wind farm,9: wind farm,
9,wind farm,9: wind farm,
9,wind farm,9: wind farm,
9,wind farm,9: wind farm,
9,wind farm,9: wind farm,
9,wind farm,9: wind farm,
9,wind farm,9: wind farm,
9,wind farm,9: wind farm,
9,wind farm,9: wind farm,
9,wind farm,9: wind farm,
9,wind farm,9: wind farm,
9,wind farm,9: wind farm,
9,wind farm,9: wind farm,
9,wind farm,9: wind farm,
9,wind farm,9: wind farm,
9,wind farm,9: wind farm,
9,wind farm,9: wind farm,
9,wind farm,9: wind farm,
9,wind farm,9: wind farm,
9,wind farm,9: wind farm,
9,wind farm,9: wind farm,
9,wind farm,9: wind farm,
9,wind farm,9: wind farm,
9,wind farm,9: wind farm,
9,wind farm,9: wind farm,
9,wind farm,9: wind farm,
9,wind farm,9: wind farm,
9,wind farm,9: wind farm,
9,wind farm,9: wind farm,
9,wind farm,9: wind farm,
9,wind farm,9: wind farm,
9,wind farm,9: wind farm,
9,wind farm,9: wind farm,
9,wind farm,9: wind farm,
9,wind farm,9: wind farm,
9,wind farm,9: wind farm,
9,wind farm,9: wind farm,
9,wind farm,9: wind farm,
9,wind farm,9: wind farm,
9,wind farm,9: wind farm,
9,wind farm,9: wind farm,
9,wind farm,9: wind farm,
9,wind farm,9: wind farm,
9,wind farm,9: wind farm,
9,wind farm,9: wind farm,
9,wind farm,9: wind farm,
9,wind farm,9: wind farm,
9,wind farm,9: wind farm,
9,wind farm,9: wind farm,
9,wind farm,9: wind farm,
9,wind farm,9: wind farm,
9,wind farm,9: wind farm,
9,wind farm,9: wind farm,
9,wind farm,9: wind farm,
9,wind farm,9: wind farm,
9,wind farm,9: wind farm,
9,wind farm,9: wind farm,
9,wind farm,9: wind farm,
9,wind farm,9: wind farm,
9,wind farm,9: wind farm,
9,wind farm,9: wind farm,
9,wind farm,9: wind farm,
9,wind farm,9: wind farm,
9,wind farm,9: wind farm,
9,wind farm,9: wind farm,
9,wind farm,9: wind farm,
9,wind farm,9: wind farm,
9,wind farm,9: wind farm,
9,wind farm,9: wind farm,
9,wind farm,9: wind farm,
9,wind farm,9: wind farm,
9,wind farm,9: wind farm,
9,wind farm,9: wind farm,
9,wind farm,9: wind farm,
9,wind farm,9: wind farm,
9,wind farm,9: wind farm,
9,wind farm,9: wind farm,
9,wind farm,9: wind farm,
9,wind farm,9: wind farm,
9,wind farm,9: wind farm,
9,wind farm,9: wind farm,
9,wind farm,9: wind farm,
9,wind farm,9: wind farm,
9,wind farm,9: wind farm,
9,wind farm,9: wind farm,
9,wind farm,9: wind farm,
9,wind farm,9: wind farm,
9,wind farm,9: wind farm,
9,wind farm,9: wind farm,
9,wind farm,9: wind farm,
9,wind farm,9: wind farm,
9,wind farm,9: wind farm,
9,wind farm,9: wind farm,
9,wind farm,9: wind farm,
9,wind farm,9: wind farm,
9,wind farm,9: wind farm,
9,wind farm,9: wind farm,
9,wind farm,9: wind farm,
9,wind farm,9: wind farm,
9,wind farm,9: wind farm,
9,wind farm,9: wind farm,
9,wind farm,9: wind farm,
9,wind farm,9: wind farm,
9,wind farm,9: wind farm,
9,wind farm,9: wind farm,
9,wind farm,9: wind farm,
9,wind farm,9: wind farm,
9,wind farm,9: wind farm,
9,wind farm,9: wind farm,
7,renew energi,7: renew energi,
7,renew energi,7: renew energi,
7,renew energi,7: renew energi,
7,renew energi,7: renew energi,
7,renew energi,7: renew energi,
7,renew energi,7: renew energi,
7,renew energi,7: renew energi,
7,renew energi,7: renew energi,
7,renew energi,7: renew energi,
7,renew energi,7: renew energi,
7,renew energi,7: renew energi,
7,renew energi,7: renew energi,
7,renew energi,7: renew energi,
7,renew energi,7: renew energi,
7,renew energi,7: renew energi,
7,renew energi,7: renew energi,
7,renew energi,7: renew energi,
7,renew energi,7: renew energi,
7,renew energi,7: renew energi,
7,renew energi,7: renew energi,
7,renew energi,7: renew energi,
7,renew energi,7: renew energi,
7,renew energi,7: renew energi,
7,renew energi,7: renew energi,
7,renew energi,7: renew energi,
7,renew energi,7: renew energi,
7,renew energi,7: renew energi,
7,renew energi,7: renew energi,
7,renew energi,7: renew energi,
7,renew energi,7: renew energi,
7,renew energi,7: renew energi,
7,renew energi,7: renew energi,
7,renew energi,7: renew energi,
7,renew energi,7: renew energi,
7,renew energi,7: renew energi,
7,renew energi,7: renew energi,
7,renew energi,7: renew energi,
7,renew energi,7: renew energi,
7,renew energi,7: renew energi,
7,renew energi,7: renew energi,
7,renew energi,7: renew energi,
7,renew energi,7: renew energi,
7,renew energi,7: renew energi,
7,renew energi,7: renew energi,
7,renew energi,7: renew energi,
7,renew energi,7: renew energi,
7,renew energi,7: renew energi,
7,renew energi,7: renew energi,
7,renew energi,7: renew energi,
7,renew energi,7: renew energi,
7,renew energi,7: renew energi,
7,renew energi,7: renew energi,
7,renew energi,7: renew energi,
7,renew energi,7: renew energi,
7,renew energi,7: renew energi,
7,renew energi,7: renew energi,
7,renew energi,7: renew energi,
7,renew energi,7: renew energi,
7,renew energi,7: renew energi,
7,renew energi,7: renew energi,
7,renew energi,7: renew energi,
7,renew energi,7: renew energi,
7,renew energi,7: renew energi,
7,renew energi,7: renew energi,
7,renew energi,7: renew energi,
7,renew energi,7: renew energi,
7,renew energi,7: renew energi,
7,renew energi,7: renew energi,
7,renew energi,7: renew energi,
7,renew energi,7: renew energi,
7,renew energi,7: renew energi,
7,renew energi,7: renew energi,
7,renew energi,7: renew energi,
7,renew energi,7: renew energi,
7,renew energi,7: renew energi,
7,renew energi,7: renew energi,
7,renew energi,7: renew energi,
7,renew energi,7: renew energi,
7,renew energi,7: renew energi,
7,renew energi,7: renew energi,
7,renew energi,7: renew energi,
7,renew energi,7: renew energi,
7,renew energi,7: renew energi,
7,renew energi,7: renew energi,
7,renew energi,7: renew energi,
7,renew energi,7: renew energi,
7,renew energi,7: renew energi,
7,renew energi,7: renew energi,
7,renew energi,7: renew energi,
7,renew energi,7: renew energi,
7,renew energi,7: renew energi,
7,renew energi,7: renew energi,
7,renew energi,7: renew energi,
7,renew energi,7: renew energi,
7,renew energi,7: renew energi,
7,renew energi,7: renew energi,
7,renew energi,7: renew energi,
7,renew energi,7: renew energi,
7,renew energi,7: renew energi,
7,renew energi,7: renew energi,
7,renew energi,7: renew energi,
7,renew energi,7: renew energi,
7,renew energi,7: renew energi,
7,renew energi,7: renew energi,
7,renew energi,7: renew energi,
7,renew energi,7: renew energi,
7,renew energi,7: renew energi,
7,renew energi,7: renew energi,
7,renew energi,7: renew energi,
7,renew energi,7: renew energi,
7,renew energi,7: renew energi,
7,renew energi,7: renew energi,
7,renew energi,7: renew energi,
7,renew energi,7: renew energi,
7,renew energi,7: renew energi,
7,renew energi,7: renew energi,
7,renew energi,7: renew energi,
7,renew energi,7: renew energi,
7,renew energi,7: renew energi,
7,renew energi,7: renew energi,
7,renew energi,7: renew energi,
7,renew energi,7: renew energi,
7,renew energi,7: renew energi,
7,renew energi,7: renew energi,
7,renew energi,7: renew energi,
7,renew energi,7: renew energi,
7,renew energi,7: renew energi,
7,renew energi,7: renew energi,
7,renew energi,7: renew energi,
7,renew energi,7: renew energi,
7,renew energi,7: renew energi,
7,renew energi,7: renew energi,
7,renew energi,7: renew energi,
7,renew energi,7: renew energi,
7,renew energi,7: renew energi,
7,renew energi,7: renew energi,
7,renew energi,7: renew energi,
7,renew energi,7: renew energi,
7,renew energi,7: renew energi,
7,renew energi,7: renew energi,
7,renew energi,7: renew energi,
7,renew energi,7: renew energi,
7,renew energi,7: renew energi,
7,renew energi,7: renew energi,
7,renew energi,7: renew energi,
7,renew energi,7: renew energi,
9,wind farm,9: wind farm,
9,wind farm,9: wind farm,
9,wind farm,9: wind farm,
9,wind farm,9: wind farm,
9,wind farm,9: wind farm,
9,wind farm,9: wind farm,
9,wind farm,9: wind farm,
9,wind farm,9: wind farm,
9,wind farm,9: wind farm,
9,wind farm,9: wind farm,
9,wind farm,9: wind farm,
9,wind farm,9: wind farm,
9,wind farm,9: wind farm,
9,wind farm,9: wind farm,
9,wind farm,9: wind farm,
9,wind farm,9: wind farm,
9,wind farm,9: wind farm,
9,wind farm,9: wind farm,
9,wind farm,9: wind farm,
9,wind farm,9: wind farm,
9,wind farm,9: wind farm,
9,wind farm,9: wind farm,
9,wind farm,9: wind farm,
9,wind farm,9: wind farm,
9,wind farm,9: wind farm,
9,wind farm,9: wind farm,
9,wind farm,9: wind farm,
9,wind farm,9: wind farm,
9,wind farm,9: wind farm,
9,wind farm,9: wind farm,
9,wind farm,9: wind farm,
9,wind farm,9: wind farm,
9,wind farm,9: wind farm,
9,wind farm,9: wind farm,
9,wind farm,9: wind farm,
9,wind farm,9: wind farm,
9,wind farm,9: wind farm,
9,wind farm,9: wind farm,
9,wind farm,9: wind farm,
9,wind farm,9: wind farm,
9,wind farm,9: wind farm,
9,wind farm,9: wind farm,
9,wind farm,9: wind farm,
9,wind farm,9: wind farm,
9,wind farm,9: wind farm,
9,wind farm,9: wind farm,
9,wind farm,9: wind farm,
9,wind farm,9: wind farm,
9,wind farm,9: wind farm,
9,wind farm,9: wind farm,
9,wind farm,9: wind farm,
9,wind farm,9: wind farm,
9,wind farm,9: wind farm,
9,wind farm,9: wind farm,
9,wind farm,9: wind farm,
9,wind farm,9: wind farm,
9,wind farm,9: wind farm,
9,wind farm,9: wind farm,
9,wind farm,9: wind farm,
9,wind farm,9: wind farm,
9,wind farm,9: wind farm,
9,wind farm,9: wind farm,
9,wind farm,9: wind farm,
9,wind farm,9: wind farm,
9,wind farm,9: wind farm,
9,wind farm,9: wind farm,
9,wind farm,9: wind farm,
9,wind farm,9: wind farm,
9,wind farm,9: wind farm,
9,wind farm,9: wind farm,
9,wind farm,9: wind farm,
9,wind farm,9: wind farm,
9,wind farm,9: wind farm,
9,wind farm,9: wind farm,
9,wind farm,9: wind farm,
9,wind farm,9: wind farm,
9,wind farm,9: wind farm,
9,wind farm,9: wind farm,
9,wind farm,9: wind farm,
9,wind farm,9: wind farm,
9,wind farm,9: wind farm,
9,wind farm,9: wind farm,
9,wind farm,9: wind farm,
9,wind farm,9: wind farm,
9,wind farm,9: wind farm,
9,wind farm,9: wind farm,
9,wind farm,9: wind farm,
9,wind farm,9: wind farm,
9,wind farm,9: wind farm,
9,wind farm,9: wind farm,
9,wind farm,9: wind farm,
9,wind farm,9: wind farm,
9,wind farm,9: wind farm,
9,wind farm,9: wind farm,
9,wind farm,9: wind farm,
9,wind farm,9: wind farm,
9,wind farm,9: wind farm,
9,wind farm,9: wind farm,
9,wind farm,9: wind farm,
9,wind farm,9: wind farm,
9,wind farm,9: wind farm,
9,wind farm,9: wind farm,
9,wind farm,9: wind farm,
9,wind farm,9: wind farm,
9,wind farm,9: wind farm,
9,wind farm,9: wind farm,
9,wind farm,9: wind farm,
9,wind farm,9: wind farm,
9,wind farm,9: wind farm,
9,wind farm,9: wind farm,
9,wind farm,9: wind farm,
9,wind farm,9: wind farm,
9,wind farm,9: wind farm,
9,wind farm,9: wind farm,
9,wind farm,9: wind farm,
9,wind farm,9: wind farm,
9,wind farm,9: wind farm,
9,wind farm,9: wind farm,
9,wind farm,9: wind farm,
9,wind farm,9: wind farm,
9,wind farm,9: wind farm,
9,wind farm,9: wind farm,
9,wind farm,9: wind farm,
9,wind farm,9: wind farm,
9,wind farm,9: wind farm,
9,wind farm,9: wind farm,
9,wind farm,9: wind farm,
9,wind farm,9: wind farm,
9,wind farm,9: wind farm,
9,wind farm,9: wind farm,
9,wind farm,9: wind farm,
9,wind farm,9: wind farm,
9,wind farm,9: wind farm,
9,wind farm,9: wind farm,
9,wind farm,9: wind farm,
9,wind farm,9: wind farm,
9,wind farm,9: wind farm,
9,wind farm,9: wind farm,
9,wind farm,9: wind farm,
9,wind farm,9: wind farm,
9,wind farm,9: wind farm,
9,wind farm,9: wind farm,
9,wind farm,9: wind farm,
9,wind farm,9: wind farm,
9,wind farm,9: wind farm,
9,wind farm,9: wind farm,
9,wind farm,9: wind farm,
9,wind farm,9: wind farm,
9,wind farm,9: wind farm,
9,wind farm,9: wind farm,
9,wind farm,9: wind farm,
9,wind farm,9: wind farm,
9,wind farm,9: wind farm,
9,wind farm,9: wind farm,
9,wind farm,9: wind farm,
9,wind farm,9: wind farm,
9,wind farm,9: wind farm,
9,wind farm,9: wind farm,
9,wind farm,9: wind farm,
9,wind farm,9: wind farm,
9,wind farm,9: wind farm,
1,abstract avail,1: abstract avail,
1,abstract avail,1: abstract avail,
1,abstract avail,1: abstract avail,
1,abstract avail,1: abstract avail,
1,abstract avail,1: abstract avail,
1,abstract avail,1: abstract avail,
1,abstract avail,1: abstract avail,
1,abstract avail,1: abstract avail,
1,abstract avail,1: abstract avail,
1,abstract avail,1: abstract avail,
1,abstract avail,1: abstract avail,
1,abstract avail,1: abstract avail,
1,abstract avail,1: abstract avail,
1,abstract avail,1: abstract avail,
1,abstract avail,1: abstract avail,
1,abstract avail,1: abstract avail,
1,abstract avail,1: abstract avail,
1,abstract avail,1: abstract avail,
1,abstract avail,1: abstract avail,
1,abstract avail,1: abstract avail,
1,abstract avail,1: abstract avail,
1,abstract avail,1: abstract avail,
1,abstract avail,1: abstract avail,
1,abstract avail,1: abstract avail,
1,abstract avail,1: abstract avail,
1,abstract avail,1: abstract avail,
1,abstract avail,1: abstract avail,
1,abstract avail,1: abstract avail,
1,abstract avail,1: abstract avail,
1,abstract avail,1: abstract avail,
1,abstract avail,1: abstract avail,
1,abstract avail,1: abstract avail,
1,abstract avail,1: abstract avail,
1,abstract avail,1: abstract avail,
1,abstract avail,1: abstract avail,
1,abstract avail,1: abstract avail,
1,abstract avail,1: abstract avail,
1,abstract avail,1: abstract avail,
1,abstract avail,1: abstract avail,
1,abstract avail,1: abstract avail,
1,abstract avail,1: abstract avail,
1,abstract avail,1: abstract avail,
1,abstract avail,1: abstract avail,
1,abstract avail,1: abstract avail,
1,abstract avail,1: abstract avail,
1,abstract avail,1: abstract avail,
1,abstract avail,1: abstract avail,
1,abstract avail,1: abstract avail,
1,abstract avail,1: abstract avail,
1,abstract avail,1: abstract avail,
1,abstract avail,1: abstract avail,
1,abstract avail,1: abstract avail,
1,abstract avail,1: abstract avail,
1,abstract avail,1: abstract avail,
1,abstract avail,1: abstract avail,
1,abstract avail,1: abstract avail,
1,abstract avail,1: abstract avail,
1,abstract avail,1: abstract avail,
1,abstract avail,1: abstract avail,
1,abstract avail,1: abstract avail,
1,abstract avail,1: abstract avail,
1,abstract avail,1: abstract avail,
1,abstract avail,1: abstract avail,
1,abstract avail,1: abstract avail,
1,abstract avail,1: abstract avail,
1,abstract avail,1: abstract avail,
1,abstract avail,1: abstract avail,
1,abstract avail,1: abstract avail,
1,abstract avail,1: abstract avail,
1,abstract avail,1: abstract avail,
1,abstract avail,1: abstract avail,
1,abstract avail,1: abstract avail,
1,abstract avail,1: abstract avail,
1,abstract avail,1: abstract avail,
1,abstract avail,1: abstract avail,
1,abstract avail,1: abstract avail,
1,abstract avail,1: abstract avail,
1,abstract avail,1: abstract avail,
1,abstract avail,1: abstract avail,
1,abstract avail,1: abstract avail,
1,abstract avail,1: abstract avail,
5,offshor grid,5: offshor grid,
5,offshor grid,5: offshor grid,
5,offshor grid,5: offshor grid,
5,offshor grid,5: offshor grid,
5,offshor grid,5: offshor grid,
5,offshor grid,5: offshor grid,
5,offshor grid,5: offshor grid,
5,offshor grid,5: offshor grid,
5,offshor grid,5: offshor grid,
5,offshor grid,5: offshor grid,
5,offshor grid,5: offshor grid,
5,offshor grid,5: offshor grid,
5,offshor grid,5: offshor grid,
5,offshor grid,5: offshor grid,
5,offshor grid,5: offshor grid,
5,offshor grid,5: offshor grid,
5,offshor grid,5: offshor grid,
5,offshor grid,5: offshor grid,
5,offshor grid,5: offshor grid,
5,offshor grid,5: offshor grid,
5,offshor grid,5: offshor grid,
5,offshor grid,5: offshor grid,
5,offshor grid,5: offshor grid,
5,offshor grid,5: offshor grid,
5,offshor grid,5: offshor grid,
5,offshor grid,5: offshor grid,
5,offshor grid,5: offshor grid,
5,offshor grid,5: offshor grid,
5,offshor grid,5: offshor grid,
5,offshor grid,5: offshor grid,
5,offshor grid,5: offshor grid,
5,offshor grid,5: offshor grid,
5,offshor grid,5: offshor grid,
5,offshor grid,5: offshor grid,
5,offshor grid,5: offshor grid,
5,offshor grid,5: offshor grid,
5,offshor grid,5: offshor grid,
5,offshor grid,5: offshor grid,
5,offshor grid,5: offshor grid,
5,offshor grid,5: offshor grid,
5,offshor grid,5: offshor grid,
5,offshor grid,5: offshor grid,
5,offshor grid,5: offshor grid,
5,offshor grid,5: offshor grid,
5,offshor grid,5: offshor grid,
5,offshor grid,5: offshor grid,
5,offshor grid,5: offshor grid,
5,offshor grid,5: offshor grid,
5,offshor grid,5: offshor grid,
5,offshor grid,5: offshor grid,
5,offshor grid,5: offshor grid,
5,offshor grid,5: offshor grid,
5,offshor grid,5: offshor grid,
5,offshor grid,5: offshor grid,
5,offshor grid,5: offshor grid,
5,offshor grid,5: offshor grid,
5,offshor grid,5: offshor grid,
5,offshor grid,5: offshor grid,
5,offshor grid,5: offshor grid,
5,offshor grid,5: offshor grid,
5,offshor grid,5: offshor grid,
5,offshor grid,5: offshor grid,
5,offshor grid,5: offshor grid,
5,offshor grid,5: offshor grid,
5,offshor grid,5: offshor grid,
5,offshor grid,5: offshor grid,
5,offshor grid,5: offshor grid,
5,offshor grid,5: offshor grid,
5,offshor grid,5: offshor grid,
5,offshor grid,5: offshor grid,
5,offshor grid,5: offshor grid,
5,offshor grid,5: offshor grid,
5,offshor grid,5: offshor grid,
5,offshor grid,5: offshor grid,
5,offshor grid,5: offshor grid,
5,offshor grid,5: offshor grid,
5,offshor grid,5: offshor grid,
5,offshor grid,5: offshor grid,
5,offshor grid,5: offshor grid,
5,offshor grid,5: offshor grid,
5,offshor grid,5: offshor grid,
5,offshor grid,5: offshor grid,
5,offshor grid,5: offshor grid,
5,offshor grid,5: offshor grid,
5,offshor grid,5: offshor grid,
5,offshor grid,5: offshor grid,
5,offshor grid,5: offshor grid,
5,offshor grid,5: offshor grid,
5,offshor grid,5: offshor grid,
5,offshor grid,5: offshor grid,
5,offshor grid,5: offshor grid,
5,offshor grid,5: offshor grid,
5,offshor grid,5: offshor grid,
5,offshor grid,5: offshor grid,
5,offshor grid,5: offshor grid,
5,offshor grid,5: offshor grid,
5,offshor grid,5: offshor grid,
5,offshor grid,5: offshor grid,
5,offshor grid,5: offshor grid,
5,offshor grid,5: offshor grid,
5,offshor grid,5: offshor grid,
5,offshor grid,5: offshor grid,
5,offshor grid,5: offshor grid,
5,offshor grid,5: offshor grid,
5,offshor grid,5: offshor grid,
5,offshor grid,5: offshor grid,
5,offshor grid,5: offshor grid,
5,offshor grid,5: offshor grid,
5,offshor grid,5: offshor grid,
5,offshor grid,5: offshor grid,
5,offshor grid,5: offshor grid,
5,offshor grid,5: offshor grid,
5,offshor grid,5: offshor grid,
5,offshor grid,5: offshor grid,
5,offshor grid,5: offshor grid,
5,offshor grid,5: offshor grid,
5,offshor grid,5: offshor grid,
5,offshor grid,5: offshor grid,
5,offshor grid,5: offshor grid,
5,offshor grid,5: offshor grid,
5,offshor grid,5: offshor grid,
5,offshor grid,5: offshor grid,
5,offshor grid,5: offshor grid,
5,offshor grid,5: offshor grid,
5,offshor grid,5: offshor grid,
5,offshor grid,5: offshor grid,
5,offshor grid,5: offshor grid,
5,offshor grid,5: offshor grid,
5,offshor grid,5: offshor grid,
5,offshor grid,5: offshor grid,
5,offshor grid,5: offshor grid,
5,offshor grid,5: offshor grid,
5,offshor grid,5: offshor grid,
5,offshor grid,5: offshor grid,
5,offshor grid,5: offshor grid,
5,offshor grid,5: offshor grid,
5,offshor grid,5: offshor grid,
5,offshor grid,5: offshor grid,
5,offshor grid,5: offshor grid,
5,offshor grid,5: offshor grid,
5,offshor grid,5: offshor grid,
5,offshor grid,5: offshor grid,
5,offshor grid,5: offshor grid,
5,offshor grid,5: offshor grid,
5,offshor grid,5: offshor grid,
5,offshor grid,5: offshor grid,
5,offshor grid,5: offshor grid,
5,offshor grid,5: offshor grid,
5,offshor grid,5: offshor grid,
5,offshor grid,5: offshor grid,
5,offshor grid,5: offshor grid,
5,offshor grid,5: offshor grid,
5,offshor grid,5: offshor grid,
5,offshor grid,5: offshor grid,
5,offshor grid,5: offshor grid,
5,offshor grid,5: offshor grid,
5,offshor grid,5: offshor grid,
5,offshor grid,5: offshor grid,
5,offshor grid,5: offshor grid,
5,offshor grid,5: offshor grid,
5,offshor grid,5: offshor grid,
5,offshor grid,5: offshor grid,
5,offshor grid,5: offshor grid,
5,offshor grid,5: offshor grid,
5,offshor grid,5: offshor grid,
5,offshor grid,5: offshor grid,
5,offshor grid,5: offshor grid,
5,offshor grid,5: offshor grid,
5,offshor grid,5: offshor grid,
5,offshor grid,5: offshor grid,
5,offshor grid,5: offshor grid,
5,offshor grid,5: offshor grid,
5,offshor grid,5: offshor grid,
5,offshor grid,5: offshor grid,
5,offshor grid,5: offshor grid,
9,wind farm,9: wind farm,
9,wind farm,9: wind farm,
9,wind farm,9: wind farm,
9,wind farm,9: wind farm,
9,wind farm,9: wind farm,
9,wind farm,9: wind farm,
9,wind farm,9: wind farm,
9,wind farm,9: wind farm,
9,wind farm,9: wind farm,
9,wind farm,9: wind farm,
9,wind farm,9: wind farm,
9,wind farm,9: wind farm,
9,wind farm,9: wind farm,
9,wind farm,9: wind farm,
9,wind farm,9: wind farm,
9,wind farm,9: wind farm,
9,wind farm,9: wind farm,
9,wind farm,9: wind farm,
9,wind farm,9: wind farm,
9,wind farm,9: wind farm,
9,wind farm,9: wind farm,
9,wind farm,9: wind farm,
9,wind farm,9: wind farm,
9,wind farm,9: wind farm,
9,wind farm,9: wind farm,
9,wind farm,9: wind farm,
9,wind farm,9: wind farm,
9,wind farm,9: wind farm,
9,wind farm,9: wind farm,
9,wind farm,9: wind farm,
9,wind farm,9: wind farm,
9,wind farm,9: wind farm,
9,wind farm,9: wind farm,
9,wind farm,9: wind farm,
9,wind farm,9: wind farm,
9,wind farm,9: wind farm,
9,wind farm,9: wind farm,
9,wind farm,9: wind farm,
9,wind farm,9: wind farm,
9,wind farm,9: wind farm,
9,wind farm,9: wind farm,
9,wind farm,9: wind farm,
9,wind farm,9: wind farm,
9,wind farm,9: wind farm,
9,wind farm,9: wind farm,
9,wind farm,9: wind farm,
9,wind farm,9: wind farm,
9,wind farm,9: wind farm,
9,wind farm,9: wind farm,
9,wind farm,9: wind farm,
9,wind farm,9: wind farm,
9,wind farm,9: wind farm,
9,wind farm,9: wind farm,
9,wind farm,9: wind farm,
9,wind farm,9: wind farm,
9,wind farm,9: wind farm,
9,wind farm,9: wind farm,
9,wind farm,9: wind farm,
9,wind farm,9: wind farm,
9,wind farm,9: wind farm,
9,wind farm,9: wind farm,
9,wind farm,9: wind farm,
9,wind farm,9: wind farm,
9,wind farm,9: wind farm,
9,wind farm,9: wind farm,
9,wind farm,9: wind farm,
9,wind farm,9: wind farm,
9,wind farm,9: wind farm,
9,wind farm,9: wind farm,
9,wind farm,9: wind farm,
9,wind farm,9: wind farm,
9,wind farm,9: wind farm,
9,wind farm,9: wind farm,
9,wind farm,9: wind farm,
9,wind farm,9: wind farm,
9,wind farm,9: wind farm,
9,wind farm,9: wind farm,
9,wind farm,9: wind farm,
9,wind farm,9: wind farm,
9,wind farm,9: wind farm,
9,wind farm,9: wind farm,
9,wind farm,9: wind farm,
9,wind farm,9: wind farm,
9,wind farm,9: wind farm,
9,wind farm,9: wind farm,
9,wind farm,9: wind farm,
9,wind farm,9: wind farm,
9,wind farm,9: wind farm,
9,wind farm,9: wind farm,
9,wind farm,9: wind farm,
9,wind farm,9: wind farm,
9,wind farm,9: wind farm,
9,wind farm,9: wind farm,
9,wind farm,9: wind farm,
9,wind farm,9: wind farm,
9,wind farm,9: wind farm,
9,wind farm,9: wind farm,
9,wind farm,9: wind farm,
9,wind farm,9: wind farm,
9,wind farm,9: wind farm,
9,wind farm,9: wind farm,
9,wind farm,9: wind farm,
9,wind farm,9: wind farm,
9,wind farm,9: wind farm,
9,wind farm,9: wind farm,
9,wind farm,9: wind farm,
9,wind farm,9: wind farm,
9,wind farm,9: wind farm,
9,wind farm,9: wind farm,
9,wind farm,9: wind farm,
9,wind farm,9: wind farm,
9,wind farm,9: wind farm,
9,wind farm,9: wind farm,
9,wind farm,9: wind farm,
9,wind farm,9: wind farm,
9,wind farm,9: wind farm,
9,wind farm,9: wind farm,
9,wind farm,9: wind farm,
9,wind farm,9: wind farm,
9,wind farm,9: wind farm,
9,wind farm,9: wind farm,
9,wind farm,9: wind farm,
9,wind farm,9: wind farm,
9,wind farm,9: wind farm,
9,wind farm,9: wind farm,
9,wind farm,9: wind farm,
9,wind farm,9: wind farm,
9,wind farm,9: wind farm,
9,wind farm,9: wind farm,
9,wind farm,9: wind farm,
9,wind farm,9: wind farm,
9,wind farm,9: wind farm,
9,wind farm,9: wind farm,
9,wind farm,9: wind farm,
9,wind farm,9: wind farm,
9,wind farm,9: wind farm,
9,wind farm,9: wind farm,
9,wind farm,9: wind farm,
9,wind farm,9: wind farm,
9,wind farm,9: wind farm,
9,wind farm,9: wind farm,
9,wind farm,9: wind farm,
9,wind farm,9: wind farm,
9,wind farm,9: wind farm,
9,wind farm,9: wind farm,
9,wind farm,9: wind farm,
9,wind farm,9: wind farm,
9,wind farm,9: wind farm,
9,wind farm,9: wind farm,
9,wind farm,9: wind farm,
9,wind farm,9: wind farm,
9,wind farm,9: wind farm,
9,wind farm,9: wind farm,
9,wind farm,9: wind farm,
9,wind farm,9: wind farm,
9,wind farm,9: wind farm,
9,wind farm,9: wind farm,
9,wind farm,9: wind farm,
9,wind farm,9: wind farm,
9,wind farm,9: wind farm,
9,wind farm,9: wind farm,
9,wind farm,9: wind farm,
9,wind farm,9: wind farm,
9,wind farm,9: wind farm,
9,wind farm,9: wind farm,
9,wind farm,9: wind farm,
9,wind farm,9: wind farm,
9,wind farm,9: wind farm,
9,wind farm,9: wind farm,
9,wind farm,9: wind farm,
9,wind farm,9: wind farm,
9,wind farm,9: wind farm,
9,wind farm,9: wind farm,
9,wind farm,9: wind farm,
9,wind farm,9: wind farm,
9,wind farm,9: wind farm,
9,wind farm,9: wind farm,
9,wind farm,9: wind farm,
9,wind farm,9: wind farm,
9,wind farm,9: wind farm,
9,wind farm,9: wind farm,
9,wind farm,9: wind farm,
9,wind farm,9: wind farm,
9,wind farm,9: wind farm,
9,wind farm,9: wind farm,
9,wind farm,9: wind farm,
9,wind farm,9: wind farm,
9,wind farm,9: wind farm,
9,wind farm,9: wind farm,
9,wind farm,9: wind farm,
9,wind farm,9: wind farm,
9,wind farm,9: wind farm,
9,wind farm,9: wind farm,
9,wind farm,9: wind farm,
9,wind farm,9: wind farm,
9,wind farm,9: wind farm,
9,wind farm,9: wind farm,
9,wind farm,9: wind farm,
9,wind farm,9: wind farm,
9,wind farm,9: wind farm,
9,wind farm,9: wind farm,
9,wind farm,9: wind farm,
9,wind farm,9: wind farm,
9,wind farm,9: wind farm,
9,wind farm,9: wind farm,
9,wind farm,9: wind farm,
9,wind farm,9: wind farm,
9,wind farm,9: wind farm,
9,wind farm,9: wind farm,
9,wind farm,9: wind farm,
9,wind farm,9: wind farm,
9,wind farm,9: wind farm,
9,wind farm,9: wind farm,
9,wind farm,9: wind farm,
9,wind farm,9: wind farm,
9,wind farm,9: wind farm,
9,wind farm,9: wind farm,
9,wind farm,9: wind farm,
9,wind farm,9: wind farm,
9,wind farm,9: wind farm,
9,wind farm,9: wind farm,
9,wind farm,9: wind farm,
9,wind farm,9: wind farm,
9,wind farm,9: wind farm,
9,wind farm,9: wind farm,
9,wind farm,9: wind farm,
9,wind farm,9: wind farm,
9,wind farm,9: wind farm,
9,wind farm,9: wind farm,
9,wind farm,9: wind farm,
9,wind farm,9: wind farm,
9,wind farm,9: wind farm,
9,wind farm,9: wind farm,
9,wind farm,9: wind farm,
9,wind farm,9: wind farm,
9,wind farm,9: wind farm,
9,wind farm,9: wind farm,
9,wind farm,9: wind farm,
9,wind farm,9: wind farm,
9,wind farm,9: wind farm,
9,wind farm,9: wind farm,
9,wind farm,9: wind farm,
9,wind farm,9: wind farm,
9,wind farm,9: wind farm,
9,wind farm,9: wind farm,
9,wind farm,9: wind farm,
9,wind farm,9: wind farm,
9,wind farm,9: wind farm,
9,wind farm,9: wind farm,
9,wind farm,9: wind farm,
9,wind farm,9: wind farm,
9,wind farm,9: wind farm,
9,wind farm,9: wind farm,
9,wind farm,9: wind farm,
9,wind farm,9: wind farm,
9,wind farm,9: wind farm,
9,wind farm,9: wind farm,
9,wind farm,9: wind farm,
9,wind farm,9: wind farm,
9,wind farm,9: wind farm,
9,wind farm,9: wind farm,
9,wind farm,9: wind farm,
9,wind farm,9: wind farm,
9,wind farm,9: wind farm,
9,wind farm,9: wind farm,
9,wind farm,9: wind farm,
9,wind farm,9: wind farm,
9,wind farm,9: wind farm,
9,wind farm,9: wind farm,
9,wind farm,9: wind farm,
9,wind farm,9: wind farm,
9,wind farm,9: wind farm,
9,wind farm,9: wind farm,
9,wind farm,9: wind farm,
9,wind farm,9: wind farm,
9,wind farm,9: wind farm,
9,wind farm,9: wind farm,
9,wind farm,9: wind farm,
9,wind farm,9: wind farm,
9,wind farm,9: wind farm,
9,wind farm,9: wind farm,
9,wind farm,9: wind farm,
9,wind farm,9: wind farm,
9,wind farm,9: wind farm,
9,wind farm,9: wind farm,
9,wind farm,9: wind farm,
9,wind farm,9: wind farm,
9,wind farm,9: wind farm,
9,wind farm,9: wind farm,
9,wind farm,9: wind farm,
9,wind farm,9: wind farm,
9,wind farm,9: wind farm,
9,wind farm,9: wind farm,
9,wind farm,9: wind farm,
9,wind farm,9: wind farm,
9,wind farm,9: wind farm,
9,wind farm,9: wind farm,
9,wind farm,9: wind farm,
9,wind farm,9: wind farm,
9,wind farm,9: wind farm,
9,wind farm,9: wind farm,
9,wind farm,9: wind farm,
9,wind farm,9: wind farm,
9,wind farm,9: wind farm,
9,wind farm,9: wind farm,
9,wind farm,9: wind farm,
9,wind farm,9: wind farm,
9,wind farm,9: wind farm,
9,wind farm,9: wind farm,
9,wind farm,9: wind farm,
9,wind farm,9: wind farm,
9,wind farm,9: wind farm,
9,wind farm,9: wind farm,
9,wind farm,9: wind farm,
9,wind farm,9: wind farm,
9,wind farm,9: wind farm,
9,wind farm,9: wind farm,
9,wind farm,9: wind farm,
9,wind farm,9: wind farm,
9,wind farm,9: wind farm,
9,wind farm,9: wind farm,
9,wind farm,9: wind farm,
7,renew energi,7: renew energi,
7,renew energi,7: renew energi,
7,renew energi,7: renew energi,
7,renew energi,7: renew energi,
7,renew energi,7: renew energi,
7,renew energi,7: renew energi,
7,renew energi,7: renew energi,
7,renew energi,7: renew energi,
7,renew energi,7: renew energi,
7,renew energi,7: renew energi,
7,renew energi,7: renew energi,
7,renew energi,7: renew energi,
7,renew energi,7: renew energi,
7,renew energi,7: renew energi,
7,renew energi,7: renew energi,
7,renew energi,7: renew energi,
7,renew energi,7: renew energi,
7,renew energi,7: renew energi,
7,renew energi,7: renew energi,
7,renew energi,7: renew energi,
7,renew energi,7: renew energi,
7,renew energi,7: renew energi,
7,renew energi,7: renew energi,
7,renew energi,7: renew energi,
7,renew energi,7: renew energi,
7,renew energi,7: renew energi,
7,renew energi,7: renew energi,
7,renew energi,7: renew energi,
7,renew energi,7: renew energi,
7,renew energi,7: renew energi,
7,renew energi,7: renew energi,
7,renew energi,7: renew energi,
7,renew energi,7: renew energi,
7,renew energi,7: renew energi,
7,renew energi,7: renew energi,
7,renew energi,7: renew energi,
7,renew energi,7: renew energi,
7,renew energi,7: renew energi,
7,renew energi,7: renew energi,
7,renew energi,7: renew energi,
7,renew energi,7: renew energi,
7,renew energi,7: renew energi,
7,renew energi,7: renew energi,
7,renew energi,7: renew energi,
7,renew energi,7: renew energi,
7,renew energi,7: renew energi,
7,renew energi,7: renew energi,
7,renew energi,7: renew energi,
7,renew energi,7: renew energi,
7,renew energi,7: renew energi,
7,renew energi,7: renew energi,
7,renew energi,7: renew energi,
7,renew energi,7: renew energi,
7,renew energi,7: renew energi,
7,renew energi,7: renew energi,
7,renew energi,7: renew energi,
7,renew energi,7: renew energi,
7,renew energi,7: renew energi,
7,renew energi,7: renew energi,
7,renew energi,7: renew energi,
7,renew energi,7: renew energi,
7,renew energi,7: renew energi,
7,renew energi,7: renew energi,
7,renew energi,7: renew energi,
7,renew energi,7: renew energi,
7,renew energi,7: renew energi,
7,renew energi,7: renew energi,
7,renew energi,7: renew energi,
7,renew energi,7: renew energi,
7,renew energi,7: renew energi,
7,renew energi,7: renew energi,
7,renew energi,7: renew energi,
7,renew energi,7: renew energi,
7,renew energi,7: renew energi,
7,renew energi,7: renew energi,
7,renew energi,7: renew energi,
7,renew energi,7: renew energi,
7,renew energi,7: renew energi,
7,renew energi,7: renew energi,
7,renew energi,7: renew energi,
7,renew energi,7: renew energi,
7,renew energi,7: renew energi,
7,renew energi,7: renew energi,
7,renew energi,7: renew energi,
7,renew energi,7: renew energi,
7,renew energi,7: renew energi,
7,renew energi,7: renew energi,
7,renew energi,7: renew energi,
7,renew energi,7: renew energi,
7,renew energi,7: renew energi,
7,renew energi,7: renew energi,
7,renew energi,7: renew energi,
7,renew energi,7: renew energi,
7,renew energi,7: renew energi,
7,renew energi,7: renew energi,
7,renew energi,7: renew energi,
7,renew energi,7: renew energi,
7,renew energi,7: renew energi,
7,renew energi,7: renew energi,
7,renew energi,7: renew energi,
7,renew energi,7: renew energi,
7,renew energi,7: renew energi,
7,renew energi,7: renew energi,
7,renew energi,7: renew energi,
7,renew energi,7: renew energi,
7,renew energi,7: renew energi,
7,renew energi,7: renew energi,
7,renew energi,7: renew energi,
7,renew energi,7: renew energi,
7,renew energi,7: renew energi,
7,renew energi,7: renew energi,
7,renew energi,7: renew energi,
7,renew energi,7: renew energi,
7,renew energi,7: renew energi,
7,renew energi,7: renew energi,
7,renew energi,7: renew energi,
7,renew energi,7: renew energi,
7,renew energi,7: renew energi,
7,renew energi,7: renew energi,
7,renew energi,7: renew energi,
7,renew energi,7: renew energi,
7,renew energi,7: renew energi,
7,renew energi,7: renew energi,
7,renew energi,7: renew energi,
7,renew energi,7: renew energi,
7,renew energi,7: renew energi,
7,renew energi,7: renew energi,
7,renew energi,7: renew energi,
7,renew energi,7: renew energi,
7,renew energi,7: renew energi,
7,renew energi,7: renew energi,
7,renew energi,7: renew energi,
7,renew energi,7: renew energi,
7,renew energi,7: renew energi,
7,renew energi,7: renew energi,
7,renew energi,7: renew energi,
7,renew energi,7: renew energi,
7,renew energi,7: renew energi,
7,renew energi,7: renew energi,
7,renew energi,7: renew energi,
7,renew energi,7: renew energi,
7,renew energi,7: renew energi,
7,renew energi,7: renew energi,
7,renew energi,7: renew energi,
7,renew energi,7: renew energi,
7,renew energi,7: renew energi,
7,renew energi,7: renew energi,
7,renew energi,7: renew energi,
7,renew energi,7: renew energi,
7,renew energi,7: renew energi,
7,renew energi,7: renew energi,
7,renew energi,7: renew energi,
7,renew energi,7: renew energi,
7,renew energi,7: renew energi,
7,renew energi,7: renew energi,
7,renew energi,7: renew energi,
7,renew energi,7: renew energi,
7,renew energi,7: renew energi,
7,renew energi,7: renew energi,
7,renew energi,7: renew energi,
7,renew energi,7: renew energi,
7,renew energi,7: renew energi,
7,renew energi,7: renew energi,
7,renew energi,7: renew energi,
7,renew energi,7: renew energi,
7,renew energi,7: renew energi,
7,renew energi,7: renew energi,
7,renew energi,7: renew energi,
7,renew energi,7: renew energi,
7,renew energi,7: renew energi,
7,renew energi,7: renew energi,
7,renew energi,7: renew energi,
7,renew energi,7: renew energi,
7,renew energi,7: renew energi,
7,renew energi,7: renew energi,
7,renew energi,7: renew energi,
7,renew energi,7: renew energi,
7,renew energi,7: renew energi,
7,renew energi,7: renew energi,
7,renew energi,7: renew energi,
7,renew energi,7: renew energi,
7,renew energi,7: renew energi,
7,renew energi,7: renew energi,
7,renew energi,7: renew energi,
7,renew energi,7: renew energi,
7,renew energi,7: renew energi,
7,renew energi,7: renew energi,
7,renew energi,7: renew energi,
7,renew energi,7: renew energi,
7,renew energi,7: renew energi,
7,renew energi,7: renew energi,
7,renew energi,7: renew energi,
7,renew energi,7: renew energi,
7,renew energi,7: renew energi,
7,renew energi,7: renew energi,
7,renew energi,7: renew energi,
7,renew energi,7: renew energi,
7,renew energi,7: renew energi,
7,renew energi,7: renew energi,
7,renew energi,7: renew energi,
7,renew energi,7: renew energi,
7,renew energi,7: renew energi,
7,renew energi,7: renew energi,
7,renew energi,7: renew energi,
7,renew energi,7: renew energi,
7,renew energi,7: renew energi,
7,renew energi,7: renew energi,
7,renew energi,7: renew energi,
7,renew energi,7: renew energi,
7,renew energi,7: renew energi,
7,renew energi,7: renew energi,
7,renew energi,7: renew energi,
7,renew energi,7: renew energi,
7,renew energi,7: renew energi,
7,renew energi,7: renew energi,
7,renew energi,7: renew energi,
7,renew energi,7: renew energi,
7,renew energi,7: renew energi,
7,renew energi,7: renew energi,
7,renew energi,7: renew energi,
7,renew energi,7: renew energi,
7,renew energi,7: renew energi,
7,renew energi,7: renew energi,
7,renew energi,7: renew energi,
7,renew energi,7: renew energi,
7,renew energi,7: renew energi,
7,renew energi,7: renew energi,
7,renew energi,7: renew energi,
7,renew energi,7: renew energi,
7,renew energi,7: renew energi,
7,renew energi,7: renew energi,
7,renew energi,7: renew energi,
7,renew energi,7: renew energi,
7,renew energi,7: renew energi,
7,renew energi,7: renew energi,
7,renew energi,7: renew energi,
7,renew energi,7: renew energi,
7,renew energi,7: renew energi,
7,renew energi,7: renew energi,
7,renew energi,7: renew energi,
7,renew energi,7: renew energi,
7,renew energi,7: renew energi,
7,renew energi,7: renew energi,
7,renew energi,7: renew energi,
7,renew energi,7: renew energi,
7,renew energi,7: renew energi,
7,renew energi,7: renew energi,
7,renew energi,7: renew energi,
7,renew energi,7: renew energi,
7,renew energi,7: renew energi,
7,renew energi,7: renew energi,
7,renew energi,7: renew energi,
7,renew energi,7: renew energi,
7,renew energi,7: renew energi,
7,renew energi,7: renew energi,
7,renew energi,7: renew energi,
7,renew energi,7: renew energi,
7,renew energi,7: renew energi,
7,renew energi,7: renew energi,
7,renew energi,7: renew energi,
7,renew energi,7: renew energi,
7,renew energi,7: renew energi,
7,renew energi,7: renew energi,
7,renew energi,7: renew energi,
7,renew energi,7: renew energi,
7,renew energi,7: renew energi,
7,renew energi,7: renew energi,
7,renew energi,7: renew energi,
7,renew energi,7: renew energi,
7,renew energi,7: renew energi,
7,renew energi,7: renew energi,
7,renew energi,7: renew energi,
7,renew energi,7: renew energi,
7,renew energi,7: renew energi,
7,renew energi,7: renew energi,
7,renew energi,7: renew energi,
7,renew energi,7: renew energi,
7,renew energi,7: renew energi,
7,renew energi,7: renew energi,
7,renew energi,7: renew energi,
7,renew energi,7: renew energi,
7,renew energi,7: renew energi,
7,renew energi,7: renew energi,
7,renew energi,7: renew energi,
7,renew energi,7: renew energi,
7,renew energi,7: renew energi,
7,renew energi,7: renew energi,
7,renew energi,7: renew energi,
7,renew energi,7: renew energi,
7,renew energi,7: renew energi,
7,renew energi,7: renew energi,
7,renew energi,7: renew energi,
5,offshor grid,5: offshor grid,
5,offshor grid,5: offshor grid,
5,offshor grid,5: offshor grid,
5,offshor grid,5: offshor grid,
5,offshor grid,5: offshor grid,
5,offshor grid,5: offshor grid,
5,offshor grid,5: offshor grid,
5,offshor grid,5: offshor grid,
5,offshor grid,5: offshor grid,
5,offshor grid,5: offshor grid,
5,offshor grid,5: offshor grid,
5,offshor grid,5: offshor grid,
5,offshor grid,5: offshor grid,
5,offshor grid,5: offshor grid,
5,offshor grid,5: offshor grid,
5,offshor grid,5: offshor grid,
5,offshor grid,5: offshor grid,
5,offshor grid,5: offshor grid,
5,offshor grid,5: offshor grid,
5,offshor grid,5: offshor grid,
5,offshor grid,5: offshor grid,
5,offshor grid,5: offshor grid,
5,offshor grid,5: offshor grid,
5,offshor grid,5: offshor grid,
5,offshor grid,5: offshor grid,
5,offshor grid,5: offshor grid,
5,offshor grid,5: offshor grid,
5,offshor grid,5: offshor grid,
5,offshor grid,5: offshor grid,
5,offshor grid,5: offshor grid,
5,offshor grid,5: offshor grid,
5,offshor grid,5: offshor grid,
5,offshor grid,5: offshor grid,
5,offshor grid,5: offshor grid,
5,offshor grid,5: offshor grid,
5,offshor grid,5: offshor grid,
5,offshor grid,5: offshor grid,
5,offshor grid,5: offshor grid,
5,offshor grid,5: offshor grid,
5,offshor grid,5: offshor grid,
5,offshor grid,5: offshor grid,
5,offshor grid,5: offshor grid,
5,offshor grid,5: offshor grid,
5,offshor grid,5: offshor grid,
5,offshor grid,5: offshor grid,
5,offshor grid,5: offshor grid,
5,offshor grid,5: offshor grid,
5,offshor grid,5: offshor grid,
5,offshor grid,5: offshor grid,
5,offshor grid,5: offshor grid,
5,offshor grid,5: offshor grid,
5,offshor grid,5: offshor grid,
5,offshor grid,5: offshor grid,
5,offshor grid,5: offshor grid,
5,offshor grid,5: offshor grid,
5,offshor grid,5: offshor grid,
5,offshor grid,5: offshor grid,
5,offshor grid,5: offshor grid,
5,offshor grid,5: offshor grid,
5,offshor grid,5: offshor grid,
5,offshor grid,5: offshor grid,
5,offshor grid,5: offshor grid,
5,offshor grid,5: offshor grid,
5,offshor grid,5: offshor grid,
5,offshor grid,5: offshor grid,
5,offshor grid,5: offshor grid,
5,offshor grid,5: offshor grid,
5,offshor grid,5: offshor grid,
5,offshor grid,5: offshor grid,
5,offshor grid,5: offshor grid,
5,offshor grid,5: offshor grid,
5,offshor grid,5: offshor grid,
5,offshor grid,5: offshor grid,
5,offshor grid,5: offshor grid,
5,offshor grid,5: offshor grid,
5,offshor grid,5: offshor grid,
5,offshor grid,5: offshor grid,
5,offshor grid,5: offshor grid,
5,offshor grid,5: offshor grid,
5,offshor grid,5: offshor grid,
5,offshor grid,5: offshor grid,
5,offshor grid,5: offshor grid,
5,offshor grid,5: offshor grid,
5,offshor grid,5: offshor grid,
5,offshor grid,5: offshor grid,
5,offshor grid,5: offshor grid,
5,offshor grid,5: offshor grid,
5,offshor grid,5: offshor grid,
5,offshor grid,5: offshor grid,
5,offshor grid,5: offshor grid,
5,offshor grid,5: offshor grid,
5,offshor grid,5: offshor grid,
5,offshor grid,5: offshor grid,
5,offshor grid,5: offshor grid,
5,offshor grid,5: offshor grid,
5,offshor grid,5: offshor grid,
5,offshor grid,5: offshor grid,
5,offshor grid,5: offshor grid,
5,offshor grid,5: offshor grid,
5,offshor grid,5: offshor grid,
5,offshor grid,5: offshor grid,
5,offshor grid,5: offshor grid,
5,offshor grid,5: offshor grid,
5,offshor grid,5: offshor grid,
5,offshor grid,5: offshor grid,
5,offshor grid,5: offshor grid,
5,offshor grid,5: offshor grid,
5,offshor grid,5: offshor grid,
5,offshor grid,5: offshor grid,
5,offshor grid,5: offshor grid,
5,offshor grid,5: offshor grid,
5,offshor grid,5: offshor grid,
5,offshor grid,5: offshor grid,
5,offshor grid,5: offshor grid,
5,offshor grid,5: offshor grid,
5,offshor grid,5: offshor grid,
5,offshor grid,5: offshor grid,
5,offshor grid,5: offshor grid,
5,offshor grid,5: offshor grid,
5,offshor grid,5: offshor grid,
5,offshor grid,5: offshor grid,
5,offshor grid,5: offshor grid,
5,offshor grid,5: offshor grid,
5,offshor grid,5: offshor grid,
5,offshor grid,5: offshor grid,
5,offshor grid,5: offshor grid,
5,offshor grid,5: offshor grid,
5,offshor grid,5: offshor grid,
5,offshor grid,5: offshor grid,
5,offshor grid,5: offshor grid,
5,offshor grid,5: offshor grid,
5,offshor grid,5: offshor grid,
5,offshor grid,5: offshor grid,
5,offshor grid,5: offshor grid,
5,offshor grid,5: offshor grid,
5,offshor grid,5: offshor grid,
5,offshor grid,5: offshor grid,
5,offshor grid,5: offshor grid,
5,offshor grid,5: offshor grid,
5,offshor grid,5: offshor grid,
5,offshor grid,5: offshor grid,
5,offshor grid,5: offshor grid,
5,offshor grid,5: offshor grid,
5,offshor grid,5: offshor grid,
5,offshor grid,5: offshor grid,
5,offshor grid,5: offshor grid,
5,offshor grid,5: offshor grid,
5,offshor grid,5: offshor grid,
5,offshor grid,5: offshor grid,
5,offshor grid,5: offshor grid,
5,offshor grid,5: offshor grid,
5,offshor grid,5: offshor grid,
5,offshor grid,5: offshor grid,
5,offshor grid,5: offshor grid,
5,offshor grid,5: offshor grid,
5,offshor grid,5: offshor grid,
5,offshor grid,5: offshor grid,
5,offshor grid,5: offshor grid,
5,offshor grid,5: offshor grid,
5,offshor grid,5: offshor grid,
5,offshor grid,5: offshor grid,
5,offshor grid,5: offshor grid,
5,offshor grid,5: offshor grid,
5,offshor grid,5: offshor grid,
5,offshor grid,5: offshor grid,
5,offshor grid,5: offshor grid,
5,offshor grid,5: offshor grid,
5,offshor grid,5: offshor grid,
5,offshor grid,5: offshor grid,
5,offshor grid,5: offshor grid,
5,offshor grid,5: offshor grid,
5,offshor grid,5: offshor grid,
5,offshor grid,5: offshor grid,
5,offshor grid,5: offshor grid,
5,offshor grid,5: offshor grid,
1,abstract avail,1: abstract avail,
1,abstract avail,1: abstract avail,
1,abstract avail,1: abstract avail,
1,abstract avail,1: abstract avail,
1,abstract avail,1: abstract avail,
1,abstract avail,1: abstract avail,
1,abstract avail,1: abstract avail,
1,abstract avail,1: abstract avail,
1,abstract avail,1: abstract avail,
1,abstract avail,1: abstract avail,
1,abstract avail,1: abstract avail,
1,abstract avail,1: abstract avail,
1,abstract avail,1: abstract avail,
1,abstract avail,1: abstract avail,
1,abstract avail,1: abstract avail,
1,abstract avail,1: abstract avail,
1,abstract avail,1: abstract avail,
1,abstract avail,1: abstract avail,
1,abstract avail,1: abstract avail,
1,abstract avail,1: abstract avail,
1,abstract avail,1: abstract avail,
1,abstract avail,1: abstract avail,
1,abstract avail,1: abstract avail,
1,abstract avail,1: abstract avail,
1,abstract avail,1: abstract avail,
1,abstract avail,1: abstract avail,
1,abstract avail,1: abstract avail,
1,abstract avail,1: abstract avail,
1,abstract avail,1: abstract avail,
1,abstract avail,1: abstract avail,
1,abstract avail,1: abstract avail,
1,abstract avail,1: abstract avail,
1,abstract avail,1: abstract avail,
1,abstract avail,1: abstract avail,
1,abstract avail,1: abstract avail,
1,abstract avail,1: abstract avail,
1,abstract avail,1: abstract avail,
1,abstract avail,1: abstract avail,
1,abstract avail,1: abstract avail,
1,abstract avail,1: abstract avail,
1,abstract avail,1: abstract avail,
1,abstract avail,1: abstract avail,
1,abstract avail,1: abstract avail,
1,abstract avail,1: abstract avail,
1,abstract avail,1: abstract avail,
1,abstract avail,1: abstract avail,
1,abstract avail,1: abstract avail,
1,abstract avail,1: abstract avail,
1,abstract avail,1: abstract avail,
1,abstract avail,1: abstract avail,
1,abstract avail,1: abstract avail,
1,abstract avail,1: abstract avail,
1,abstract avail,1: abstract avail,
1,abstract avail,1: abstract avail,
1,abstract avail,1: abstract avail,
1,abstract avail,1: abstract avail,
1,abstract avail,1: abstract avail,
1,abstract avail,1: abstract avail,
1,abstract avail,1: abstract avail,
1,abstract avail,1: abstract avail,
1,abstract avail,1: abstract avail,
1,abstract avail,1: abstract avail,
1,abstract avail,1: abstract avail,
1,abstract avail,1: abstract avail,
1,abstract avail,1: abstract avail,
1,abstract avail,1: abstract avail,
1,abstract avail,1: abstract avail,
1,abstract avail,1: abstract avail,
1,abstract avail,1: abstract avail,
1,abstract avail,1: abstract avail,
1,abstract avail,1: abstract avail,
1,abstract avail,1: abstract avail,
1,abstract avail,1: abstract avail,
1,abstract avail,1: abstract avail,
1,abstract avail,1: abstract avail,
1,abstract avail,1: abstract avail,
1,abstract avail,1: abstract avail,
1,abstract avail,1: abstract avail,
1,abstract avail,1: abstract avail,
1,abstract avail,1: abstract avail,
1,abstract avail,1: abstract avail,
7,renew energi,7: renew energi,
7,renew energi,7: renew energi,
7,renew energi,7: renew energi,
7,renew energi,7: renew energi,
7,renew energi,7: renew energi,
7,renew energi,7: renew energi,
7,renew energi,7: renew energi,
7,renew energi,7: renew energi,
7,renew energi,7: renew energi,
7,renew energi,7: renew energi,
7,renew energi,7: renew energi,
7,renew energi,7: renew energi,
7,renew energi,7: renew energi,
7,renew energi,7: renew energi,
7,renew energi,7: renew energi,
7,renew energi,7: renew energi,
7,renew energi,7: renew energi,
7,renew energi,7: renew energi,
7,renew energi,7: renew energi,
7,renew energi,7: renew energi,
7,renew energi,7: renew energi,
7,renew energi,7: renew energi,
7,renew energi,7: renew energi,
7,renew energi,7: renew energi,
7,renew energi,7: renew energi,
7,renew energi,7: renew energi,
7,renew energi,7: renew energi,
7,renew energi,7: renew energi,
7,renew energi,7: renew energi,
7,renew energi,7: renew energi,
7,renew energi,7: renew energi,
7,renew energi,7: renew energi,
7,renew energi,7: renew energi,
7,renew energi,7: renew energi,
7,renew energi,7: renew energi,
7,renew energi,7: renew energi,
7,renew energi,7: renew energi,
7,renew energi,7: renew energi,
7,renew energi,7: renew energi,
7,renew energi,7: renew energi,
7,renew energi,7: renew energi,
7,renew energi,7: renew energi,
7,renew energi,7: renew energi,
7,renew energi,7: renew energi,
7,renew energi,7: renew energi,
7,renew energi,7: renew energi,
7,renew energi,7: renew energi,
7,renew energi,7: renew energi,
7,renew energi,7: renew energi,
7,renew energi,7: renew energi,
7,renew energi,7: renew energi,
7,renew energi,7: renew energi,
7,renew energi,7: renew energi,
7,renew energi,7: renew energi,
7,renew energi,7: renew energi,
7,renew energi,7: renew energi,
7,renew energi,7: renew energi,
7,renew energi,7: renew energi,
7,renew energi,7: renew energi,
7,renew energi,7: renew energi,
7,renew energi,7: renew energi,
7,renew energi,7: renew energi,
7,renew energi,7: renew energi,
7,renew energi,7: renew energi,
7,renew energi,7: renew energi,
7,renew energi,7: renew energi,
7,renew energi,7: renew energi,
7,renew energi,7: renew energi,
7,renew energi,7: renew energi,
7,renew energi,7: renew energi,
7,renew energi,7: renew energi,
7,renew energi,7: renew energi,
7,renew energi,7: renew energi,
7,renew energi,7: renew energi,
7,renew energi,7: renew energi,
7,renew energi,7: renew energi,
7,renew energi,7: renew energi,
7,renew energi,7: renew energi,
7,renew energi,7: renew energi,
7,renew energi,7: renew energi,
7,renew energi,7: renew energi,
7,renew energi,7: renew energi,
7,renew energi,7: renew energi,
7,renew energi,7: renew energi,
7,renew energi,7: renew energi,
7,renew energi,7: renew energi,
7,renew energi,7: renew energi,
7,renew energi,7: renew energi,
7,renew energi,7: renew energi,
7,renew energi,7: renew energi,
7,renew energi,7: renew energi,
7,renew energi,7: renew energi,
7,renew energi,7: renew energi,
7,renew energi,7: renew energi,
7,renew energi,7: renew energi,
7,renew energi,7: renew energi,
7,renew energi,7: renew energi,
7,renew energi,7: renew energi,
7,renew energi,7: renew energi,
7,renew energi,7: renew energi,
7,renew energi,7: renew energi,
7,renew energi,7: renew energi,
7,renew energi,7: renew energi,
7,renew energi,7: renew energi,
7,renew energi,7: renew energi,
7,renew energi,7: renew energi,
7,renew energi,7: renew energi,
7,renew energi,7: renew energi,
7,renew energi,7: renew energi,
7,renew energi,7: renew energi,
7,renew energi,7: renew energi,
7,renew energi,7: renew energi,
7,renew energi,7: renew energi,
7,renew energi,7: renew energi,
7,renew energi,7: renew energi,
7,renew energi,7: renew energi,
7,renew energi,7: renew energi,
7,renew energi,7: renew energi,
7,renew energi,7: renew energi,
7,renew energi,7: renew energi,
7,renew energi,7: renew energi,
7,renew energi,7: renew energi,
7,renew energi,7: renew energi,
7,renew energi,7: renew energi,
7,renew energi,7: renew energi,
7,renew energi,7: renew energi,
7,renew energi,7: renew energi,
7,renew energi,7: renew energi,
7,renew energi,7: renew energi,
7,renew energi,7: renew energi,
7,renew energi,7: renew energi,
7,renew energi,7: renew energi,
7,renew energi,7: renew energi,
7,renew energi,7: renew energi,
7,renew energi,7: renew energi,
7,renew energi,7: renew energi,
7,renew energi,7: renew energi,
7,renew energi,7: renew energi,
7,renew energi,7: renew energi,
7,renew energi,7: renew energi,
7,renew energi,7: renew energi,
7,renew energi,7: renew energi,
7,renew energi,7: renew energi,
7,renew energi,7: renew energi,
7,renew energi,7: renew energi,
7,renew energi,7: renew energi,
9,wind farm,9: wind farm,
9,wind farm,9: wind farm,
9,wind farm,9: wind farm,
9,wind farm,9: wind farm,
9,wind farm,9: wind farm,
9,wind farm,9: wind farm,
9,wind farm,9: wind farm,
9,wind farm,9: wind farm,
9,wind farm,9: wind farm,
9,wind farm,9: wind farm,
9,wind farm,9: wind farm,
9,wind farm,9: wind farm,
9,wind farm,9: wind farm,
9,wind farm,9: wind farm,
9,wind farm,9: wind farm,
9,wind farm,9: wind farm,
9,wind farm,9: wind farm,
9,wind farm,9: wind farm,
9,wind farm,9: wind farm,
9,wind farm,9: wind farm,
9,wind farm,9: wind farm,
9,wind farm,9: wind farm,
9,wind farm,9: wind farm,
9,wind farm,9: wind farm,
9,wind farm,9: wind farm,
9,wind farm,9: wind farm,
9,wind farm,9: wind farm,
9,wind farm,9: wind farm,
9,wind farm,9: wind farm,
9,wind farm,9: wind farm,
9,wind farm,9: wind farm,
9,wind farm,9: wind farm,
9,wind farm,9: wind farm,
9,wind farm,9: wind farm,
9,wind farm,9: wind farm,
9,wind farm,9: wind farm,
9,wind farm,9: wind farm,
9,wind farm,9: wind farm,
9,wind farm,9: wind farm,
9,wind farm,9: wind farm,
9,wind farm,9: wind farm,
9,wind farm,9: wind farm,
9,wind farm,9: wind farm,
9,wind farm,9: wind farm,
9,wind farm,9: wind farm,
9,wind farm,9: wind farm,
9,wind farm,9: wind farm,
9,wind farm,9: wind farm,
9,wind farm,9: wind farm,
9,wind farm,9: wind farm,
9,wind farm,9: wind farm,
9,wind farm,9: wind farm,
9,wind farm,9: wind farm,
9,wind farm,9: wind farm,
9,wind farm,9: wind farm,
9,wind farm,9: wind farm,
9,wind farm,9: wind farm,
9,wind farm,9: wind farm,
9,wind farm,9: wind farm,
9,wind farm,9: wind farm,
9,wind farm,9: wind farm,
9,wind farm,9: wind farm,
9,wind farm,9: wind farm,
9,wind farm,9: wind farm,
9,wind farm,9: wind farm,
9,wind farm,9: wind farm,
9,wind farm,9: wind farm,
9,wind farm,9: wind farm,
9,wind farm,9: wind farm,
9,wind farm,9: wind farm,
9,wind farm,9: wind farm,
9,wind farm,9: wind farm,
9,wind farm,9: wind farm,
9,wind farm,9: wind farm,
9,wind farm,9: wind farm,
9,wind farm,9: wind farm,
9,wind farm,9: wind farm,
9,wind farm,9: wind farm,
9,wind farm,9: wind farm,
9,wind farm,9: wind farm,
9,wind farm,9: wind farm,
9,wind farm,9: wind farm,
9,wind farm,9: wind farm,
9,wind farm,9: wind farm,
9,wind farm,9: wind farm,
9,wind farm,9: wind farm,
9,wind farm,9: wind farm,
9,wind farm,9: wind farm,
9,wind farm,9: wind farm,
9,wind farm,9: wind farm,
9,wind farm,9: wind farm,
9,wind farm,9: wind farm,
9,wind farm,9: wind farm,
9,wind farm,9: wind farm,
9,wind farm,9: wind farm,
9,wind farm,9: wind farm,
9,wind farm,9: wind farm,
9,wind farm,9: wind farm,
9,wind farm,9: wind farm,
9,wind farm,9: wind farm,
9,wind farm,9: wind farm,
9,wind farm,9: wind farm,
9,wind farm,9: wind farm,
9,wind farm,9: wind farm,
9,wind farm,9: wind farm,
9,wind farm,9: wind farm,
9,wind farm,9: wind farm,
9,wind farm,9: wind farm,
9,wind farm,9: wind farm,
9,wind farm,9: wind farm,
9,wind farm,9: wind farm,
9,wind farm,9: wind farm,
9,wind farm,9: wind farm,
9,wind farm,9: wind farm,
9,wind farm,9: wind farm,
9,wind farm,9: wind farm,
9,wind farm,9: wind farm,
9,wind farm,9: wind farm,
9,wind farm,9: wind farm,
9,wind farm,9: wind farm,
9,wind farm,9: wind farm,
9,wind farm,9: wind farm,
9,wind farm,9: wind farm,
9,wind farm,9: wind farm,
9,wind farm,9: wind farm,
9,wind farm,9: wind farm,
9,wind farm,9: wind farm,
9,wind farm,9: wind farm,
9,wind farm,9: wind farm,
9,wind farm,9: wind farm,
9,wind farm,9: wind farm,
9,wind farm,9: wind farm,
9,wind farm,9: wind farm,
9,wind farm,9: wind farm,
9,wind farm,9: wind farm,
9,wind farm,9: wind farm,
9,wind farm,9: wind farm,
9,wind farm,9: wind farm,
9,wind farm,9: wind farm,
9,wind farm,9: wind farm,
9,wind farm,9: wind farm,
9,wind farm,9: wind farm,
9,wind farm,9: wind farm,
9,wind farm,9: wind farm,
9,wind farm,9: wind farm,
9,wind farm,9: wind farm,
9,wind farm,9: wind farm,
9,wind farm,9: wind farm,
9,wind farm,9: wind farm,
9,wind farm,9: wind farm,
9,wind farm,9: wind farm,
9,wind farm,9: wind farm,
9,wind farm,9: wind farm,
9,wind farm,9: wind farm,
9,wind farm,9: wind farm,
9,wind farm,9: wind farm,
9,wind farm,9: wind farm,
9,wind farm,9: wind farm,
9,wind farm,9: wind farm,
9,wind farm,9: wind farm,
9,wind farm,9: wind farm,
5,offshor grid,5: offshor grid,
5,offshor grid,5: offshor grid,
5,offshor grid,5: offshor grid,
5,offshor grid,5: offshor grid,
5,offshor grid,5: offshor grid,
5,offshor grid,5: offshor grid,
5,offshor grid,5: offshor grid,
5,offshor grid,5: offshor grid,
5,offshor grid,5: offshor grid,
5,offshor grid,5: offshor grid,
5,offshor grid,5: offshor grid,
5,offshor grid,5: offshor grid,
5,offshor grid,5: offshor grid,
5,offshor grid,5: offshor grid,
5,offshor grid,5: offshor grid,
5,offshor grid,5: offshor grid,
5,offshor grid,5: offshor grid,
5,offshor grid,5: offshor grid,
5,offshor grid,5: offshor grid,
5,offshor grid,5: offshor grid,
5,offshor grid,5: offshor grid,
5,offshor grid,5: offshor grid,
5,offshor grid,5: offshor grid,
5,offshor grid,5: offshor grid,
5,offshor grid,5: offshor grid,
5,offshor grid,5: offshor grid,
5,offshor grid,5: offshor grid,
5,offshor grid,5: offshor grid,
5,offshor grid,5: offshor grid,
5,offshor grid,5: offshor grid,
5,offshor grid,5: offshor grid,
5,offshor grid,5: offshor grid,
5,offshor grid,5: offshor grid,
5,offshor grid,5: offshor grid,
5,offshor grid,5: offshor grid,
5,offshor grid,5: offshor grid,
5,offshor grid,5: offshor grid,
5,offshor grid,5: offshor grid,
5,offshor grid,5: offshor grid,
5,offshor grid,5: offshor grid,
5,offshor grid,5: offshor grid,
5,offshor grid,5: offshor grid,
5,offshor grid,5: offshor grid,
5,offshor grid,5: offshor grid,
5,offshor grid,5: offshor grid,
5,offshor grid,5: offshor grid,
5,offshor grid,5: offshor grid,
5,offshor grid,5: offshor grid,
5,offshor grid,5: offshor grid,
5,offshor grid,5: offshor grid,
5,offshor grid,5: offshor grid,
5,offshor grid,5: offshor grid,
5,offshor grid,5: offshor grid,
5,offshor grid,5: offshor grid,
5,offshor grid,5: offshor grid,
5,offshor grid,5: offshor grid,
5,offshor grid,5: offshor grid,
5,offshor grid,5: offshor grid,
5,offshor grid,5: offshor grid,
5,offshor grid,5: offshor grid,
5,offshor grid,5: offshor grid,
5,offshor grid,5: offshor grid,
5,offshor grid,5: offshor grid,
5,offshor grid,5: offshor grid,
5,offshor grid,5: offshor grid,
5,offshor grid,5: offshor grid,
5,offshor grid,5: offshor grid,
5,offshor grid,5: offshor grid,
5,offshor grid,5: offshor grid,
5,offshor grid,5: offshor grid,
5,offshor grid,5: offshor grid,
5,offshor grid,5: offshor grid,
5,offshor grid,5: offshor grid,
5,offshor grid,5: offshor grid,
5,offshor grid,5: offshor grid,
5,offshor grid,5: offshor grid,
5,offshor grid,5: offshor grid,
5,offshor grid,5: offshor grid,
5,offshor grid,5: offshor grid,
5,offshor grid,5: offshor grid,
5,offshor grid,5: offshor grid,
5,offshor grid,5: offshor grid,
5,offshor grid,5: offshor grid,
5,offshor grid,5: offshor grid,
5,offshor grid,5: offshor grid,
5,offshor grid,5: offshor grid,
5,offshor grid,5: offshor grid,
5,offshor grid,5: offshor grid,
5,offshor grid,5: offshor grid,
5,offshor grid,5: offshor grid,
5,offshor grid,5: offshor grid,
5,offshor grid,5: offshor grid,
5,offshor grid,5: offshor grid,
5,offshor grid,5: offshor grid,
5,offshor grid,5: offshor grid,
5,offshor grid,5: offshor grid,
5,offshor grid,5: offshor grid,
5,offshor grid,5: offshor grid,
5,offshor grid,5: offshor grid,
5,offshor grid,5: offshor grid,
5,offshor grid,5: offshor grid,
5,offshor grid,5: offshor grid,
5,offshor grid,5: offshor grid,
5,offshor grid,5: offshor grid,
5,offshor grid,5: offshor grid,
5,offshor grid,5: offshor grid,
5,offshor grid,5: offshor grid,
5,offshor grid,5: offshor grid,
5,offshor grid,5: offshor grid,
5,offshor grid,5: offshor grid,
5,offshor grid,5: offshor grid,
5,offshor grid,5: offshor grid,
5,offshor grid,5: offshor grid,
5,offshor grid,5: offshor grid,
5,offshor grid,5: offshor grid,
5,offshor grid,5: offshor grid,
5,offshor grid,5: offshor grid,
5,offshor grid,5: offshor grid,
5,offshor grid,5: offshor grid,
5,offshor grid,5: offshor grid,
5,offshor grid,5: offshor grid,
5,offshor grid,5: offshor grid,
5,offshor grid,5: offshor grid,
5,offshor grid,5: offshor grid,
5,offshor grid,5: offshor grid,
5,offshor grid,5: offshor grid,
5,offshor grid,5: offshor grid,
5,offshor grid,5: offshor grid,
5,offshor grid,5: offshor grid,
5,offshor grid,5: offshor grid,
5,offshor grid,5: offshor grid,
5,offshor grid,5: offshor grid,
5,offshor grid,5: offshor grid,
5,offshor grid,5: offshor grid,
5,offshor grid,5: offshor grid,
5,offshor grid,5: offshor grid,
5,offshor grid,5: offshor grid,
5,offshor grid,5: offshor grid,
5,offshor grid,5: offshor grid,
5,offshor grid,5: offshor grid,
5,offshor grid,5: offshor grid,
5,offshor grid,5: offshor grid,
5,offshor grid,5: offshor grid,
5,offshor grid,5: offshor grid,
5,offshor grid,5: offshor grid,
5,offshor grid,5: offshor grid,
5,offshor grid,5: offshor grid,
5,offshor grid,5: offshor grid,
5,offshor grid,5: offshor grid,
5,offshor grid,5: offshor grid,
5,offshor grid,5: offshor grid,
5,offshor grid,5: offshor grid,
5,offshor grid,5: offshor grid,
5,offshor grid,5: offshor grid,
5,offshor grid,5: offshor grid,
5,offshor grid,5: offshor grid,
5,offshor grid,5: offshor grid,
5,offshor grid,5: offshor grid,
5,offshor grid,5: offshor grid,
5,offshor grid,5: offshor grid,
5,offshor grid,5: offshor grid,
5,offshor grid,5: offshor grid,
5,offshor grid,5: offshor grid,
5,offshor grid,5: offshor grid,
5,offshor grid,5: offshor grid,
5,offshor grid,5: offshor grid,
5,offshor grid,5: offshor grid,
5,offshor grid,5: offshor grid,
5,offshor grid,5: offshor grid,
5,offshor grid,5: offshor grid,
5,offshor grid,5: offshor grid,
5,offshor grid,5: offshor grid,
5,offshor grid,5: offshor grid,
5,offshor grid,5: offshor grid,
5,offshor grid,5: offshor grid,
9,wind farm,9: wind farm,
9,wind farm,9: wind farm,
9,wind farm,9: wind farm,
9,wind farm,9: wind farm,
9,wind farm,9: wind farm,
9,wind farm,9: wind farm,
9,wind farm,9: wind farm,
9,wind farm,9: wind farm,
9,wind farm,9: wind farm,
9,wind farm,9: wind farm,
9,wind farm,9: wind farm,
9,wind farm,9: wind farm,
9,wind farm,9: wind farm,
9,wind farm,9: wind farm,
9,wind farm,9: wind farm,
9,wind farm,9: wind farm,
9,wind farm,9: wind farm,
9,wind farm,9: wind farm,
9,wind farm,9: wind farm,
9,wind farm,9: wind farm,
9,wind farm,9: wind farm,
9,wind farm,9: wind farm,
9,wind farm,9: wind farm,
9,wind farm,9: wind farm,
9,wind farm,9: wind farm,
9,wind farm,9: wind farm,
9,wind farm,9: wind farm,
9,wind farm,9: wind farm,
9,wind farm,9: wind farm,
9,wind farm,9: wind farm,
9,wind farm,9: wind farm,
9,wind farm,9: wind farm,
9,wind farm,9: wind farm,
9,wind farm,9: wind farm,
9,wind farm,9: wind farm,
9,wind farm,9: wind farm,
9,wind farm,9: wind farm,
9,wind farm,9: wind farm,
9,wind farm,9: wind farm,
9,wind farm,9: wind farm,
9,wind farm,9: wind farm,
9,wind farm,9: wind farm,
9,wind farm,9: wind farm,
9,wind farm,9: wind farm,
9,wind farm,9: wind farm,
9,wind farm,9: wind farm,
9,wind farm,9: wind farm,
9,wind farm,9: wind farm,
9,wind farm,9: wind farm,
9,wind farm,9: wind farm,
9,wind farm,9: wind farm,
9,wind farm,9: wind farm,
9,wind farm,9: wind farm,
9,wind farm,9: wind farm,
9,wind farm,9: wind farm,
9,wind farm,9: wind farm,
9,wind farm,9: wind farm,
9,wind farm,9: wind farm,
9,wind farm,9: wind farm,
9,wind farm,9: wind farm,
9,wind farm,9: wind farm,
9,wind farm,9: wind farm,
9,wind farm,9: wind farm,
9,wind farm,9: wind farm,
9,wind farm,9: wind farm,
9,wind farm,9: wind farm,
9,wind farm,9: wind farm,
9,wind farm,9: wind farm,
9,wind farm,9: wind farm,
9,wind farm,9: wind farm,
9,wind farm,9: wind farm,
9,wind farm,9: wind farm,
9,wind farm,9: wind farm,
9,wind farm,9: wind farm,
9,wind farm,9: wind farm,
9,wind farm,9: wind farm,
9,wind farm,9: wind farm,
9,wind farm,9: wind farm,
9,wind farm,9: wind farm,
9,wind farm,9: wind farm,
9,wind farm,9: wind farm,
9,wind farm,9: wind farm,
9,wind farm,9: wind farm,
9,wind farm,9: wind farm,
9,wind farm,9: wind farm,
9,wind farm,9: wind farm,
9,wind farm,9: wind farm,
9,wind farm,9: wind farm,
9,wind farm,9: wind farm,
9,wind farm,9: wind farm,
9,wind farm,9: wind farm,
9,wind farm,9: wind farm,
9,wind farm,9: wind farm,
9,wind farm,9: wind farm,
9,wind farm,9: wind farm,
9,wind farm,9: wind farm,
9,wind farm,9: wind farm,
9,wind farm,9: wind farm,
9,wind farm,9: wind farm,
9,wind farm,9: wind farm,
9,wind farm,9: wind farm,
9,wind farm,9: wind farm,
9,wind farm,9: wind farm,
9,wind farm,9: wind farm,
9,wind farm,9: wind farm,
9,wind farm,9: wind farm,
9,wind farm,9: wind farm,
9,wind farm,9: wind farm,
9,wind farm,9: wind farm,
9,wind farm,9: wind farm,
9,wind farm,9: wind farm,
9,wind farm,9: wind farm,
9,wind farm,9: wind farm,
9,wind farm,9: wind farm,
9,wind farm,9: wind farm,
9,wind farm,9: wind farm,
9,wind farm,9: wind farm,
9,wind farm,9: wind farm,
9,wind farm,9: wind farm,
9,wind farm,9: wind farm,
9,wind farm,9: wind farm,
9,wind farm,9: wind farm,
9,wind farm,9: wind farm,
9,wind farm,9: wind farm,
9,wind farm,9: wind farm,
9,wind farm,9: wind farm,
9,wind farm,9: wind farm,
9,wind farm,9: wind farm,
9,wind farm,9: wind farm,
9,wind farm,9: wind farm,
9,wind farm,9: wind farm,
9,wind farm,9: wind farm,
9,wind farm,9: wind farm,
9,wind farm,9: wind farm,
9,wind farm,9: wind farm,
9,wind farm,9: wind farm,
9,wind farm,9: wind farm,
9,wind farm,9: wind farm,
9,wind farm,9: wind farm,
9,wind farm,9: wind farm,
9,wind farm,9: wind farm,
9,wind farm,9: wind farm,
9,wind farm,9: wind farm,
9,wind farm,9: wind farm,
9,wind farm,9: wind farm,
9,wind farm,9: wind farm,
9,wind farm,9: wind farm,
9,wind farm,9: wind farm,
9,wind farm,9: wind farm,
9,wind farm,9: wind farm,
9,wind farm,9: wind farm,
9,wind farm,9: wind farm,
9,wind farm,9: wind farm,
9,wind farm,9: wind farm,
9,wind farm,9: wind farm,
9,wind farm,9: wind farm,
9,wind farm,9: wind farm,
9,wind farm,9: wind farm,
9,wind farm,9: wind farm,
9,wind farm,9: wind farm,
9,wind farm,9: wind farm,
5,offshor grid,5: offshor grid,
5,offshor grid,5: offshor grid,
5,offshor grid,5: offshor grid,
5,offshor grid,5: offshor grid,
5,offshor grid,5: offshor grid,
5,offshor grid,5: offshor grid,
5,offshor grid,5: offshor grid,
5,offshor grid,5: offshor grid,
5,offshor grid,5: offshor grid,
5,offshor grid,5: offshor grid,
5,offshor grid,5: offshor grid,
5,offshor grid,5: offshor grid,
5,offshor grid,5: offshor grid,
5,offshor grid,5: offshor grid,
5,offshor grid,5: offshor grid,
5,offshor grid,5: offshor grid,
5,offshor grid,5: offshor grid,
5,offshor grid,5: offshor grid,
5,offshor grid,5: offshor grid,
5,offshor grid,5: offshor grid,
5,offshor grid,5: offshor grid,
5,offshor grid,5: offshor grid,
5,offshor grid,5: offshor grid,
5,offshor grid,5: offshor grid,
5,offshor grid,5: offshor grid,
5,offshor grid,5: offshor grid,
5,offshor grid,5: offshor grid,
5,offshor grid,5: offshor grid,
5,offshor grid,5: offshor grid,
5,offshor grid,5: offshor grid,
5,offshor grid,5: offshor grid,
5,offshor grid,5: offshor grid,
5,offshor grid,5: offshor grid,
5,offshor grid,5: offshor grid,
5,offshor grid,5: offshor grid,
5,offshor grid,5: offshor grid,
5,offshor grid,5: offshor grid,
5,offshor grid,5: offshor grid,
5,offshor grid,5: offshor grid,
5,offshor grid,5: offshor grid,
5,offshor grid,5: offshor grid,
5,offshor grid,5: offshor grid,
5,offshor grid,5: offshor grid,
5,offshor grid,5: offshor grid,
5,offshor grid,5: offshor grid,
5,offshor grid,5: offshor grid,
5,offshor grid,5: offshor grid,
5,offshor grid,5: offshor grid,
5,offshor grid,5: offshor grid,
5,offshor grid,5: offshor grid,
5,offshor grid,5: offshor grid,
5,offshor grid,5: offshor grid,
5,offshor grid,5: offshor grid,
5,offshor grid,5: offshor grid,
5,offshor grid,5: offshor grid,
5,offshor grid,5: offshor grid,
5,offshor grid,5: offshor grid,
5,offshor grid,5: offshor grid,
5,offshor grid,5: offshor grid,
5,offshor grid,5: offshor grid,
5,offshor grid,5: offshor grid,
5,offshor grid,5: offshor grid,
5,offshor grid,5: offshor grid,
5,offshor grid,5: offshor grid,
5,offshor grid,5: offshor grid,
5,offshor grid,5: offshor grid,
5,offshor grid,5: offshor grid,
5,offshor grid,5: offshor grid,
5,offshor grid,5: offshor grid,
5,offshor grid,5: offshor grid,
5,offshor grid,5: offshor grid,
5,offshor grid,5: offshor grid,
5,offshor grid,5: offshor grid,
5,offshor grid,5: offshor grid,
5,offshor grid,5: offshor grid,
5,offshor grid,5: offshor grid,
5,offshor grid,5: offshor grid,
5,offshor grid,5: offshor grid,
5,offshor grid,5: offshor grid,
5,offshor grid,5: offshor grid,
5,offshor grid,5: offshor grid,
5,offshor grid,5: offshor grid,
5,offshor grid,5: offshor grid,
5,offshor grid,5: offshor grid,
5,offshor grid,5: offshor grid,
5,offshor grid,5: offshor grid,
5,offshor grid,5: offshor grid,
5,offshor grid,5: offshor grid,
5,offshor grid,5: offshor grid,
5,offshor grid,5: offshor grid,
5,offshor grid,5: offshor grid,
5,offshor grid,5: offshor grid,
5,offshor grid,5: offshor grid,
5,offshor grid,5: offshor grid,
5,offshor grid,5: offshor grid,
5,offshor grid,5: offshor grid,
5,offshor grid,5: offshor grid,
5,offshor grid,5: offshor grid,
5,offshor grid,5: offshor grid,
5,offshor grid,5: offshor grid,
5,offshor grid,5: offshor grid,
5,offshor grid,5: offshor grid,
5,offshor grid,5: offshor grid,
5,offshor grid,5: offshor grid,
5,offshor grid,5: offshor grid,
5,offshor grid,5: offshor grid,
5,offshor grid,5: offshor grid,
5,offshor grid,5: offshor grid,
5,offshor grid,5: offshor grid,
5,offshor grid,5: offshor grid,
5,offshor grid,5: offshor grid,
5,offshor grid,5: offshor grid,
5,offshor grid,5: offshor grid,
5,offshor grid,5: offshor grid,
5,offshor grid,5: offshor grid,
5,offshor grid,5: offshor grid,
5,offshor grid,5: offshor grid,
5,offshor grid,5: offshor grid,
5,offshor grid,5: offshor grid,
5,offshor grid,5: offshor grid,
5,offshor grid,5: offshor grid,
5,offshor grid,5: offshor grid,
5,offshor grid,5: offshor grid,
5,offshor grid,5: offshor grid,
5,offshor grid,5: offshor grid,
5,offshor grid,5: offshor grid,
5,offshor grid,5: offshor grid,
5,offshor grid,5: offshor grid,
5,offshor grid,5: offshor grid,
5,offshor grid,5: offshor grid,
5,offshor grid,5: offshor grid,
5,offshor grid,5: offshor grid,
5,offshor grid,5: offshor grid,
5,offshor grid,5: offshor grid,
5,offshor grid,5: offshor grid,
5,offshor grid,5: offshor grid,
5,offshor grid,5: offshor grid,
5,offshor grid,5: offshor grid,
5,offshor grid,5: offshor grid,
5,offshor grid,5: offshor grid,
5,offshor grid,5: offshor grid,
5,offshor grid,5: offshor grid,
5,offshor grid,5: offshor grid,
5,offshor grid,5: offshor grid,
5,offshor grid,5: offshor grid,
5,offshor grid,5: offshor grid,
5,offshor grid,5: offshor grid,
5,offshor grid,5: offshor grid,
5,offshor grid,5: offshor grid,
5,offshor grid,5: offshor grid,
5,offshor grid,5: offshor grid,
5,offshor grid,5: offshor grid,
5,offshor grid,5: offshor grid,
5,offshor grid,5: offshor grid,
5,offshor grid,5: offshor grid,
5,offshor grid,5: offshor grid,
5,offshor grid,5: offshor grid,
5,offshor grid,5: offshor grid,
5,offshor grid,5: offshor grid,
5,offshor grid,5: offshor grid,
5,offshor grid,5: offshor grid,
5,offshor grid,5: offshor grid,
5,offshor grid,5: offshor grid,
5,offshor grid,5: offshor grid,
5,offshor grid,5: offshor grid,
5,offshor grid,5: offshor grid,
5,offshor grid,5: offshor grid,
5,offshor grid,5: offshor grid,
5,offshor grid,5: offshor grid,
5,offshor grid,5: offshor grid,
5,offshor grid,5: offshor grid,
5,offshor grid,5: offshor grid,
5,offshor grid,5: offshor grid,
5,offshor grid,5: offshor grid,
5,offshor grid,5: offshor grid,
5,offshor grid,5: offshor grid,
5,offshor grid,5: offshor grid,
5,offshor grid,5: offshor grid,
5,offshor grid,5: offshor grid,
5,offshor grid,5: offshor grid,
5,offshor grid,5: offshor grid,
5,offshor grid,5: offshor grid,
5,offshor grid,5: offshor grid,
5,offshor grid,5: offshor grid,
5,offshor grid,5: offshor grid,
5,offshor grid,5: offshor grid,
5,offshor grid,5: offshor grid,
5,offshor grid,5: offshor grid,
5,offshor grid,5: offshor grid,
5,offshor grid,5: offshor grid,
5,offshor grid,5: offshor grid,
5,offshor grid,5: offshor grid,
5,offshor grid,5: offshor grid,
5,offshor grid,5: offshor grid,
5,offshor grid,5: offshor grid,
5,offshor grid,5: offshor grid,
5,offshor grid,5: offshor grid,
5,offshor grid,5: offshor grid,
5,offshor grid,5: offshor grid,
5,offshor grid,5: offshor grid,
5,offshor grid,5: offshor grid,
5,offshor grid,5: offshor grid,
5,offshor grid,5: offshor grid,
5,offshor grid,5: offshor grid,
5,offshor grid,5: offshor grid,
5,offshor grid,5: offshor grid,
5,offshor grid,5: offshor grid,
5,offshor grid,5: offshor grid,
5,offshor grid,5: offshor grid,
5,offshor grid,5: offshor grid,
5,offshor grid,5: offshor grid,
5,offshor grid,5: offshor grid,
5,offshor grid,5: offshor grid,
5,offshor grid,5: offshor grid,
5,offshor grid,5: offshor grid,
5,offshor grid,5: offshor grid,
5,offshor grid,5: offshor grid,
5,offshor grid,5: offshor grid,
5,offshor grid,5: offshor grid,
5,offshor grid,5: offshor grid,
5,offshor grid,5: offshor grid,
5,offshor grid,5: offshor grid,
5,offshor grid,5: offshor grid,
5,offshor grid,5: offshor grid,
5,offshor grid,5: offshor grid,
5,offshor grid,5: offshor grid,
5,offshor grid,5: offshor grid,
5,offshor grid,5: offshor grid,
5,offshor grid,5: offshor grid,
5,offshor grid,5: offshor grid,
5,offshor grid,5: offshor grid,
5,offshor grid,5: offshor grid,
5,offshor grid,5: offshor grid,
5,offshor grid,5: offshor grid,
5,offshor grid,5: offshor grid,
5,offshor grid,5: offshor grid,
5,offshor grid,5: offshor grid,
5,offshor grid,5: offshor grid,
5,offshor grid,5: offshor grid,
5,offshor grid,5: offshor grid,
5,offshor grid,5: offshor grid,
5,offshor grid,5: offshor grid,
5,offshor grid,5: offshor grid,
5,offshor grid,5: offshor grid,
5,offshor grid,5: offshor grid,
5,offshor grid,5: offshor grid,
5,offshor grid,5: offshor grid,
5,offshor grid,5: offshor grid,
5,offshor grid,5: offshor grid,
5,offshor grid,5: offshor grid,
5,offshor grid,5: offshor grid,
5,offshor grid,5: offshor grid,
5,offshor grid,5: offshor grid,
5,offshor grid,5: offshor grid,
5,offshor grid,5: offshor grid,
5,offshor grid,5: offshor grid,
5,offshor grid,5: offshor grid,
5,offshor grid,5: offshor grid,
5,offshor grid,5: offshor grid,
5,offshor grid,5: offshor grid,
5,offshor grid,5: offshor grid,
5,offshor grid,5: offshor grid,
5,offshor grid,5: offshor grid,
5,offshor grid,5: offshor grid,
5,offshor grid,5: offshor grid,
5,offshor grid,5: offshor grid,
5,offshor grid,5: offshor grid,
5,offshor grid,5: offshor grid,
5,offshor grid,5: offshor grid,
5,offshor grid,5: offshor grid,
5,offshor grid,5: offshor grid,
5,offshor grid,5: offshor grid,
5,offshor grid,5: offshor grid,
5,offshor grid,5: offshor grid,
5,offshor grid,5: offshor grid,
5,offshor grid,5: offshor grid,
5,offshor grid,5: offshor grid,
5,offshor grid,5: offshor grid,
5,offshor grid,5: offshor grid,
5,offshor grid,5: offshor grid,
5,offshor grid,5: offshor grid,
5,offshor grid,5: offshor grid,
5,offshor grid,5: offshor grid,
5,offshor grid,5: offshor grid,
5,offshor grid,5: offshor grid,
5,offshor grid,5: offshor grid,
5,offshor grid,5: offshor grid,
5,offshor grid,5: offshor grid,
5,offshor grid,5: offshor grid,
5,offshor grid,5: offshor grid,
5,offshor grid,5: offshor grid,
5,offshor grid,5: offshor grid,
5,offshor grid,5: offshor grid,
5,offshor grid,5: offshor grid,
5,offshor grid,5: offshor grid,
5,offshor grid,5: offshor grid,
5,offshor grid,5: offshor grid,
5,offshor grid,5: offshor grid,
5,offshor grid,5: offshor grid,
5,offshor grid,5: offshor grid,
5,offshor grid,5: offshor grid,
5,offshor grid,5: offshor grid,
5,offshor grid,5: offshor grid,
5,offshor grid,5: offshor grid,
5,offshor grid,5: offshor grid,
5,offshor grid,5: offshor grid,
5,offshor grid,5: offshor grid,
5,offshor grid,5: offshor grid,
5,offshor grid,5: offshor grid,
5,offshor grid,5: offshor grid,
5,offshor grid,5: offshor grid,
5,offshor grid,5: offshor grid,
5,offshor grid,5: offshor grid,
5,offshor grid,5: offshor grid,
5,offshor grid,5: offshor grid,
5,offshor grid,5: offshor grid,
5,offshor grid,5: offshor grid,
5,offshor grid,5: offshor grid,
5,offshor grid,5: offshor grid,
5,offshor grid,5: offshor grid,
5,offshor grid,5: offshor grid,
5,offshor grid,5: offshor grid,
5,offshor grid,5: offshor grid,
5,offshor grid,5: offshor grid,
5,offshor grid,5: offshor grid,
5,offshor grid,5: offshor grid,
5,offshor grid,5: offshor grid,
5,offshor grid,5: offshor grid,
5,offshor grid,5: offshor grid,
5,offshor grid,5: offshor grid,
5,offshor grid,5: offshor grid,
5,offshor grid,5: offshor grid,
5,offshor grid,5: offshor grid,
5,offshor grid,5: offshor grid,
5,offshor grid,5: offshor grid,
5,offshor grid,5: offshor grid,
5,offshor grid,5: offshor grid,
5,offshor grid,5: offshor grid,
5,offshor grid,5: offshor grid,
5,offshor grid,5: offshor grid,
5,offshor grid,5: offshor grid,
5,offshor grid,5: offshor grid,
5,offshor grid,5: offshor grid,
5,offshor grid,5: offshor grid,
5,offshor grid,5: offshor grid,
5,offshor grid,5: offshor grid,
5,offshor grid,5: offshor grid,
5,offshor grid,5: offshor grid,
5,offshor grid,5: offshor grid,
5,offshor grid,5: offshor grid,
9,wind farm,9: wind farm,
9,wind farm,9: wind farm,
9,wind farm,9: wind farm,
9,wind farm,9: wind farm,
9,wind farm,9: wind farm,
9,wind farm,9: wind farm,
9,wind farm,9: wind farm,
9,wind farm,9: wind farm,
9,wind farm,9: wind farm,
9,wind farm,9: wind farm,
9,wind farm,9: wind farm,
9,wind farm,9: wind farm,
9,wind farm,9: wind farm,
9,wind farm,9: wind farm,
9,wind farm,9: wind farm,
9,wind farm,9: wind farm,
9,wind farm,9: wind farm,
9,wind farm,9: wind farm,
9,wind farm,9: wind farm,
9,wind farm,9: wind farm,
9,wind farm,9: wind farm,
9,wind farm,9: wind farm,
9,wind farm,9: wind farm,
9,wind farm,9: wind farm,
9,wind farm,9: wind farm,
9,wind farm,9: wind farm,
9,wind farm,9: wind farm,
9,wind farm,9: wind farm,
9,wind farm,9: wind farm,
9,wind farm,9: wind farm,
9,wind farm,9: wind farm,
9,wind farm,9: wind farm,
9,wind farm,9: wind farm,
9,wind farm,9: wind farm,
9,wind farm,9: wind farm,
9,wind farm,9: wind farm,
9,wind farm,9: wind farm,
9,wind farm,9: wind farm,
9,wind farm,9: wind farm,
9,wind farm,9: wind farm,
9,wind farm,9: wind farm,
9,wind farm,9: wind farm,
9,wind farm,9: wind farm,
9,wind farm,9: wind farm,
9,wind farm,9: wind farm,
9,wind farm,9: wind farm,
9,wind farm,9: wind farm,
9,wind farm,9: wind farm,
9,wind farm,9: wind farm,
9,wind farm,9: wind farm,
9,wind farm,9: wind farm,
9,wind farm,9: wind farm,
9,wind farm,9: wind farm,
9,wind farm,9: wind farm,
9,wind farm,9: wind farm,
9,wind farm,9: wind farm,
9,wind farm,9: wind farm,
9,wind farm,9: wind farm,
9,wind farm,9: wind farm,
9,wind farm,9: wind farm,
9,wind farm,9: wind farm,
9,wind farm,9: wind farm,
9,wind farm,9: wind farm,
9,wind farm,9: wind farm,
9,wind farm,9: wind farm,
9,wind farm,9: wind farm,
9,wind farm,9: wind farm,
9,wind farm,9: wind farm,
9,wind farm,9: wind farm,
9,wind farm,9: wind farm,
9,wind farm,9: wind farm,
9,wind farm,9: wind farm,
9,wind farm,9: wind farm,
9,wind farm,9: wind farm,
9,wind farm,9: wind farm,
9,wind farm,9: wind farm,
9,wind farm,9: wind farm,
9,wind farm,9: wind farm,
9,wind farm,9: wind farm,
9,wind farm,9: wind farm,
9,wind farm,9: wind farm,
9,wind farm,9: wind farm,
9,wind farm,9: wind farm,
9,wind farm,9: wind farm,
9,wind farm,9: wind farm,
9,wind farm,9: wind farm,
9,wind farm,9: wind farm,
9,wind farm,9: wind farm,
9,wind farm,9: wind farm,
9,wind farm,9: wind farm,
9,wind farm,9: wind farm,
9,wind farm,9: wind farm,
9,wind farm,9: wind farm,
9,wind farm,9: wind farm,
9,wind farm,9: wind farm,
9,wind farm,9: wind farm,
9,wind farm,9: wind farm,
9,wind farm,9: wind farm,
9,wind farm,9: wind farm,
9,wind farm,9: wind farm,
9,wind farm,9: wind farm,
9,wind farm,9: wind farm,
9,wind farm,9: wind farm,
9,wind farm,9: wind farm,
9,wind farm,9: wind farm,
9,wind farm,9: wind farm,
9,wind farm,9: wind farm,
9,wind farm,9: wind farm,
9,wind farm,9: wind farm,
9,wind farm,9: wind farm,
9,wind farm,9: wind farm,
9,wind farm,9: wind farm,
9,wind farm,9: wind farm,
9,wind farm,9: wind farm,
9,wind farm,9: wind farm,
9,wind farm,9: wind farm,
9,wind farm,9: wind farm,
9,wind farm,9: wind farm,
9,wind farm,9: wind farm,
9,wind farm,9: wind farm,
9,wind farm,9: wind farm,
9,wind farm,9: wind farm,
9,wind farm,9: wind farm,
9,wind farm,9: wind farm,
9,wind farm,9: wind farm,
9,wind farm,9: wind farm,
9,wind farm,9: wind farm,
9,wind farm,9: wind farm,
9,wind farm,9: wind farm,
9,wind farm,9: wind farm,
9,wind farm,9: wind farm,
9,wind farm,9: wind farm,
9,wind farm,9: wind farm,
9,wind farm,9: wind farm,
9,wind farm,9: wind farm,
9,wind farm,9: wind farm,
9,wind farm,9: wind farm,
9,wind farm,9: wind farm,
9,wind farm,9: wind farm,
9,wind farm,9: wind farm,
9,wind farm,9: wind farm,
9,wind farm,9: wind farm,
9,wind farm,9: wind farm,
9,wind farm,9: wind farm,
9,wind farm,9: wind farm,
9,wind farm,9: wind farm,
9,wind farm,9: wind farm,
9,wind farm,9: wind farm,
9,wind farm,9: wind farm,
9,wind farm,9: wind farm,
9,wind farm,9: wind farm,
9,wind farm,9: wind farm,
9,wind farm,9: wind farm,
9,wind farm,9: wind farm,
9,wind farm,9: wind farm,
9,wind farm,9: wind farm,
9,wind farm,9: wind farm,
9,wind farm,9: wind farm,
9,wind farm,9: wind farm,
9,wind farm,9: wind farm,
9,wind farm,9: wind farm,
9,wind farm,9: wind farm,
9,wind farm,9: wind farm,
9,wind farm,9: wind farm,
9,wind farm,9: wind farm,
9,wind farm,9: wind farm,
9,wind farm,9: wind farm,
9,wind farm,9: wind farm,
9,wind farm,9: wind farm,
9,wind farm,9: wind farm,
9,wind farm,9: wind farm,
9,wind farm,9: wind farm,
9,wind farm,9: wind farm,
9,wind farm,9: wind farm,
9,wind farm,9: wind farm,
9,wind farm,9: wind farm,
9,wind farm,9: wind farm,
9,wind farm,9: wind farm,
9,wind farm,9: wind farm,
9,wind farm,9: wind farm,
9,wind farm,9: wind farm,
9,wind farm,9: wind farm,
9,wind farm,9: wind farm,
9,wind farm,9: wind farm,
9,wind farm,9: wind farm,
9,wind farm,9: wind farm,
9,wind farm,9: wind farm,
9,wind farm,9: wind farm,
9,wind farm,9: wind farm,
9,wind farm,9: wind farm,
9,wind farm,9: wind farm,
9,wind farm,9: wind farm,
9,wind farm,9: wind farm,
9,wind farm,9: wind farm,
9,wind farm,9: wind farm,
9,wind farm,9: wind farm,
9,wind farm,9: wind farm,
9,wind farm,9: wind farm,
9,wind farm,9: wind farm,
9,wind farm,9: wind farm,
9,wind farm,9: wind farm,
9,wind farm,9: wind farm,
9,wind farm,9: wind farm,
9,wind farm,9: wind farm,
9,wind farm,9: wind farm,
9,wind farm,9: wind farm,
9,wind farm,9: wind farm,
9,wind farm,9: wind farm,
9,wind farm,9: wind farm,
9,wind farm,9: wind farm,
9,wind farm,9: wind farm,
9,wind farm,9: wind farm,
9,wind farm,9: wind farm,
9,wind farm,9: wind farm,
9,wind farm,9: wind farm,
9,wind farm,9: wind farm,
9,wind farm,9: wind farm,
9,wind farm,9: wind farm,
9,wind farm,9: wind farm,
9,wind farm,9: wind farm,
9,wind farm,9: wind farm,
9,wind farm,9: wind farm,
9,wind farm,9: wind farm,
9,wind farm,9: wind farm,
9,wind farm,9: wind farm,
9,wind farm,9: wind farm,
9,wind farm,9: wind farm,
9,wind farm,9: wind farm,
9,wind farm,9: wind farm,
9,wind farm,9: wind farm,
9,wind farm,9: wind farm,
9,wind farm,9: wind farm,
9,wind farm,9: wind farm,
9,wind farm,9: wind farm,
9,wind farm,9: wind farm,
9,wind farm,9: wind farm,
9,wind farm,9: wind farm,
9,wind farm,9: wind farm,
9,wind farm,9: wind farm,
9,wind farm,9: wind farm,
9,wind farm,9: wind farm,
9,wind farm,9: wind farm,
9,wind farm,9: wind farm,
9,wind farm,9: wind farm,
9,wind farm,9: wind farm,
9,wind farm,9: wind farm,
9,wind farm,9: wind farm,
9,wind farm,9: wind farm,
9,wind farm,9: wind farm,
9,wind farm,9: wind farm,
9,wind farm,9: wind farm,
9,wind farm,9: wind farm,
9,wind farm,9: wind farm,
9,wind farm,9: wind farm,
9,wind farm,9: wind farm,
9,wind farm,9: wind farm,
9,wind farm,9: wind farm,
9,wind farm,9: wind farm,
9,wind farm,9: wind farm,
9,wind farm,9: wind farm,
9,wind farm,9: wind farm,
9,wind farm,9: wind farm,
9,wind farm,9: wind farm,
9,wind farm,9: wind farm,
9,wind farm,9: wind farm,
9,wind farm,9: wind farm,
9,wind farm,9: wind farm,
9,wind farm,9: wind farm,
9,wind farm,9: wind farm,
9,wind farm,9: wind farm,
9,wind farm,9: wind farm,
9,wind farm,9: wind farm,
9,wind farm,9: wind farm,
9,wind farm,9: wind farm,
9,wind farm,9: wind farm,
9,wind farm,9: wind farm,
9,wind farm,9: wind farm,
9,wind farm,9: wind farm,
9,wind farm,9: wind farm,
9,wind farm,9: wind farm,
9,wind farm,9: wind farm,
9,wind farm,9: wind farm,
9,wind farm,9: wind farm,
9,wind farm,9: wind farm,
9,wind farm,9: wind farm,
9,wind farm,9: wind farm,
9,wind farm,9: wind farm,
9,wind farm,9: wind farm,
9,wind farm,9: wind farm,
9,wind farm,9: wind farm,
9,wind farm,9: wind farm,
9,wind farm,9: wind farm,
9,wind farm,9: wind farm,
9,wind farm,9: wind farm,
9,wind farm,9: wind farm,
9,wind farm,9: wind farm,
9,wind farm,9: wind farm,
9,wind farm,9: wind farm,
9,wind farm,9: wind farm,
9,wind farm,9: wind farm,
9,wind farm,9: wind farm,
9,wind farm,9: wind farm,
9,wind farm,9: wind farm,
9,wind farm,9: wind farm,
9,wind farm,9: wind farm,
9,wind farm,9: wind farm,
9,wind farm,9: wind farm,
9,wind farm,9: wind farm,
9,wind farm,9: wind farm,
9,wind farm,9: wind farm,
9,wind farm,9: wind farm,
9,wind farm,9: wind farm,
9,wind farm,9: wind farm,
9,wind farm,9: wind farm,
9,wind farm,9: wind farm,
9,wind farm,9: wind farm,
9,wind farm,9: wind farm,
9,wind farm,9: wind farm,
9,wind farm,9: wind farm,
9,wind farm,9: wind farm,
9,wind farm,9: wind farm,
9,wind farm,9: wind farm,
5,offshor grid,5: offshor grid,
5,offshor grid,5: offshor grid,
5,offshor grid,5: offshor grid,
5,offshor grid,5: offshor grid,
5,offshor grid,5: offshor grid,
5,offshor grid,5: offshor grid,
5,offshor grid,5: offshor grid,
5,offshor grid,5: offshor grid,
5,offshor grid,5: offshor grid,
5,offshor grid,5: offshor grid,
5,offshor grid,5: offshor grid,
5,offshor grid,5: offshor grid,
5,offshor grid,5: offshor grid,
5,offshor grid,5: offshor grid,
5,offshor grid,5: offshor grid,
5,offshor grid,5: offshor grid,
5,offshor grid,5: offshor grid,
5,offshor grid,5: offshor grid,
5,offshor grid,5: offshor grid,
5,offshor grid,5: offshor grid,
5,offshor grid,5: offshor grid,
5,offshor grid,5: offshor grid,
5,offshor grid,5: offshor grid,
5,offshor grid,5: offshor grid,
5,offshor grid,5: offshor grid,
5,offshor grid,5: offshor grid,
5,offshor grid,5: offshor grid,
5,offshor grid,5: offshor grid,
5,offshor grid,5: offshor grid,
5,offshor grid,5: offshor grid,
5,offshor grid,5: offshor grid,
5,offshor grid,5: offshor grid,
5,offshor grid,5: offshor grid,
5,offshor grid,5: offshor grid,
5,offshor grid,5: offshor grid,
5,offshor grid,5: offshor grid,
5,offshor grid,5: offshor grid,
5,offshor grid,5: offshor grid,
5,offshor grid,5: offshor grid,
5,offshor grid,5: offshor grid,
5,offshor grid,5: offshor grid,
5,offshor grid,5: offshor grid,
5,offshor grid,5: offshor grid,
5,offshor grid,5: offshor grid,
5,offshor grid,5: offshor grid,
5,offshor grid,5: offshor grid,
5,offshor grid,5: offshor grid,
5,offshor grid,5: offshor grid,
5,offshor grid,5: offshor grid,
5,offshor grid,5: offshor grid,
5,offshor grid,5: offshor grid,
5,offshor grid,5: offshor grid,
5,offshor grid,5: offshor grid,
5,offshor grid,5: offshor grid,
5,offshor grid,5: offshor grid,
5,offshor grid,5: offshor grid,
5,offshor grid,5: offshor grid,
5,offshor grid,5: offshor grid,
5,offshor grid,5: offshor grid,
5,offshor grid,5: offshor grid,
5,offshor grid,5: offshor grid,
5,offshor grid,5: offshor grid,
5,offshor grid,5: offshor grid,
5,offshor grid,5: offshor grid,
5,offshor grid,5: offshor grid,
5,offshor grid,5: offshor grid,
5,offshor grid,5: offshor grid,
5,offshor grid,5: offshor grid,
5,offshor grid,5: offshor grid,
5,offshor grid,5: offshor grid,
5,offshor grid,5: offshor grid,
5,offshor grid,5: offshor grid,
5,offshor grid,5: offshor grid,
5,offshor grid,5: offshor grid,
5,offshor grid,5: offshor grid,
5,offshor grid,5: offshor grid,
5,offshor grid,5: offshor grid,
5,offshor grid,5: offshor grid,
5,offshor grid,5: offshor grid,
5,offshor grid,5: offshor grid,
5,offshor grid,5: offshor grid,
5,offshor grid,5: offshor grid,
5,offshor grid,5: offshor grid,
5,offshor grid,5: offshor grid,
5,offshor grid,5: offshor grid,
5,offshor grid,5: offshor grid,
5,offshor grid,5: offshor grid,
5,offshor grid,5: offshor grid,
5,offshor grid,5: offshor grid,
5,offshor grid,5: offshor grid,
5,offshor grid,5: offshor grid,
5,offshor grid,5: offshor grid,
5,offshor grid,5: offshor grid,
5,offshor grid,5: offshor grid,
5,offshor grid,5: offshor grid,
5,offshor grid,5: offshor grid,
5,offshor grid,5: offshor grid,
5,offshor grid,5: offshor grid,
5,offshor grid,5: offshor grid,
5,offshor grid,5: offshor grid,
5,offshor grid,5: offshor grid,
5,offshor grid,5: offshor grid,
5,offshor grid,5: offshor grid,
5,offshor grid,5: offshor grid,
5,offshor grid,5: offshor grid,
5,offshor grid,5: offshor grid,
5,offshor grid,5: offshor grid,
5,offshor grid,5: offshor grid,
5,offshor grid,5: offshor grid,
5,offshor grid,5: offshor grid,
5,offshor grid,5: offshor grid,
5,offshor grid,5: offshor grid,
5,offshor grid,5: offshor grid,
5,offshor grid,5: offshor grid,
5,offshor grid,5: offshor grid,
5,offshor grid,5: offshor grid,
5,offshor grid,5: offshor grid,
5,offshor grid,5: offshor grid,
5,offshor grid,5: offshor grid,
5,offshor grid,5: offshor grid,
5,offshor grid,5: offshor grid,
5,offshor grid,5: offshor grid,
5,offshor grid,5: offshor grid,
5,offshor grid,5: offshor grid,
5,offshor grid,5: offshor grid,
5,offshor grid,5: offshor grid,
5,offshor grid,5: offshor grid,
5,offshor grid,5: offshor grid,
5,offshor grid,5: offshor grid,
5,offshor grid,5: offshor grid,
5,offshor grid,5: offshor grid,
5,offshor grid,5: offshor grid,
5,offshor grid,5: offshor grid,
5,offshor grid,5: offshor grid,
5,offshor grid,5: offshor grid,
5,offshor grid,5: offshor grid,
5,offshor grid,5: offshor grid,
5,offshor grid,5: offshor grid,
5,offshor grid,5: offshor grid,
5,offshor grid,5: offshor grid,
5,offshor grid,5: offshor grid,
5,offshor grid,5: offshor grid,
5,offshor grid,5: offshor grid,
5,offshor grid,5: offshor grid,
5,offshor grid,5: offshor grid,
5,offshor grid,5: offshor grid,
5,offshor grid,5: offshor grid,
5,offshor grid,5: offshor grid,
5,offshor grid,5: offshor grid,
5,offshor grid,5: offshor grid,
5,offshor grid,5: offshor grid,
5,offshor grid,5: offshor grid,
5,offshor grid,5: offshor grid,
5,offshor grid,5: offshor grid,
5,offshor grid,5: offshor grid,
5,offshor grid,5: offshor grid,
5,offshor grid,5: offshor grid,
5,offshor grid,5: offshor grid,
5,offshor grid,5: offshor grid,
5,offshor grid,5: offshor grid,
5,offshor grid,5: offshor grid,
5,offshor grid,5: offshor grid,
5,offshor grid,5: offshor grid,
5,offshor grid,5: offshor grid,
5,offshor grid,5: offshor grid,
5,offshor grid,5: offshor grid,
5,offshor grid,5: offshor grid,
5,offshor grid,5: offshor grid,
5,offshor grid,5: offshor grid,
5,offshor grid,5: offshor grid,
5,offshor grid,5: offshor grid,
5,offshor grid,5: offshor grid,
5,offshor grid,5: offshor grid,
5,offshor grid,5: offshor grid,
5,offshor grid,5: offshor grid,
7,renew energi,7: renew energi,
7,renew energi,7: renew energi,
7,renew energi,7: renew energi,
7,renew energi,7: renew energi,
7,renew energi,7: renew energi,
7,renew energi,7: renew energi,
7,renew energi,7: renew energi,
7,renew energi,7: renew energi,
7,renew energi,7: renew energi,
7,renew energi,7: renew energi,
7,renew energi,7: renew energi,
7,renew energi,7: renew energi,
7,renew energi,7: renew energi,
7,renew energi,7: renew energi,
7,renew energi,7: renew energi,
7,renew energi,7: renew energi,
7,renew energi,7: renew energi,
7,renew energi,7: renew energi,
7,renew energi,7: renew energi,
7,renew energi,7: renew energi,
7,renew energi,7: renew energi,
7,renew energi,7: renew energi,
7,renew energi,7: renew energi,
7,renew energi,7: renew energi,
7,renew energi,7: renew energi,
7,renew energi,7: renew energi,
7,renew energi,7: renew energi,
7,renew energi,7: renew energi,
7,renew energi,7: renew energi,
7,renew energi,7: renew energi,
7,renew energi,7: renew energi,
7,renew energi,7: renew energi,
7,renew energi,7: renew energi,
7,renew energi,7: renew energi,
7,renew energi,7: renew energi,
7,renew energi,7: renew energi,
7,renew energi,7: renew energi,
7,renew energi,7: renew energi,
7,renew energi,7: renew energi,
7,renew energi,7: renew energi,
7,renew energi,7: renew energi,
7,renew energi,7: renew energi,
7,renew energi,7: renew energi,
7,renew energi,7: renew energi,
7,renew energi,7: renew energi,
7,renew energi,7: renew energi,
7,renew energi,7: renew energi,
7,renew energi,7: renew energi,
7,renew energi,7: renew energi,
7,renew energi,7: renew energi,
7,renew energi,7: renew energi,
7,renew energi,7: renew energi,
7,renew energi,7: renew energi,
7,renew energi,7: renew energi,
7,renew energi,7: renew energi,
7,renew energi,7: renew energi,
7,renew energi,7: renew energi,
7,renew energi,7: renew energi,
7,renew energi,7: renew energi,
7,renew energi,7: renew energi,
7,renew energi,7: renew energi,
7,renew energi,7: renew energi,
7,renew energi,7: renew energi,
7,renew energi,7: renew energi,
7,renew energi,7: renew energi,
7,renew energi,7: renew energi,
7,renew energi,7: renew energi,
7,renew energi,7: renew energi,
7,renew energi,7: renew energi,
7,renew energi,7: renew energi,
7,renew energi,7: renew energi,
7,renew energi,7: renew energi,
7,renew energi,7: renew energi,
7,renew energi,7: renew energi,
7,renew energi,7: renew energi,
7,renew energi,7: renew energi,
7,renew energi,7: renew energi,
7,renew energi,7: renew energi,
7,renew energi,7: renew energi,
7,renew energi,7: renew energi,
7,renew energi,7: renew energi,
7,renew energi,7: renew energi,
7,renew energi,7: renew energi,
7,renew energi,7: renew energi,
7,renew energi,7: renew energi,
7,renew energi,7: renew energi,
7,renew energi,7: renew energi,
7,renew energi,7: renew energi,
7,renew energi,7: renew energi,
7,renew energi,7: renew energi,
7,renew energi,7: renew energi,
7,renew energi,7: renew energi,
7,renew energi,7: renew energi,
7,renew energi,7: renew energi,
7,renew energi,7: renew energi,
7,renew energi,7: renew energi,
7,renew energi,7: renew energi,
7,renew energi,7: renew energi,
7,renew energi,7: renew energi,
7,renew energi,7: renew energi,
7,renew energi,7: renew energi,
7,renew energi,7: renew energi,
7,renew energi,7: renew energi,
7,renew energi,7: renew energi,
7,renew energi,7: renew energi,
7,renew energi,7: renew energi,
7,renew energi,7: renew energi,
7,renew energi,7: renew energi,
7,renew energi,7: renew energi,
7,renew energi,7: renew energi,
7,renew energi,7: renew energi,
7,renew energi,7: renew energi,
7,renew energi,7: renew energi,
7,renew energi,7: renew energi,
7,renew energi,7: renew energi,
7,renew energi,7: renew energi,
7,renew energi,7: renew energi,
7,renew energi,7: renew energi,
7,renew energi,7: renew energi,
7,renew energi,7: renew energi,
7,renew energi,7: renew energi,
7,renew energi,7: renew energi,
7,renew energi,7: renew energi,
7,renew energi,7: renew energi,
7,renew energi,7: renew energi,
7,renew energi,7: renew energi,
7,renew energi,7: renew energi,
7,renew energi,7: renew energi,
7,renew energi,7: renew energi,
7,renew energi,7: renew energi,
7,renew energi,7: renew energi,
7,renew energi,7: renew energi,
7,renew energi,7: renew energi,
7,renew energi,7: renew energi,
7,renew energi,7: renew energi,
7,renew energi,7: renew energi,
7,renew energi,7: renew energi,
7,renew energi,7: renew energi,
7,renew energi,7: renew energi,
7,renew energi,7: renew energi,
7,renew energi,7: renew energi,
7,renew energi,7: renew energi,
7,renew energi,7: renew energi,
7,renew energi,7: renew energi,
7,renew energi,7: renew energi,
7,renew energi,7: renew energi,
5,offshor grid,5: offshor grid,
5,offshor grid,5: offshor grid,
5,offshor grid,5: offshor grid,
5,offshor grid,5: offshor grid,
5,offshor grid,5: offshor grid,
5,offshor grid,5: offshor grid,
5,offshor grid,5: offshor grid,
5,offshor grid,5: offshor grid,
5,offshor grid,5: offshor grid,
5,offshor grid,5: offshor grid,
5,offshor grid,5: offshor grid,
5,offshor grid,5: offshor grid,
5,offshor grid,5: offshor grid,
5,offshor grid,5: offshor grid,
5,offshor grid,5: offshor grid,
5,offshor grid,5: offshor grid,
5,offshor grid,5: offshor grid,
5,offshor grid,5: offshor grid,
5,offshor grid,5: offshor grid,
5,offshor grid,5: offshor grid,
5,offshor grid,5: offshor grid,
5,offshor grid,5: offshor grid,
5,offshor grid,5: offshor grid,
5,offshor grid,5: offshor grid,
5,offshor grid,5: offshor grid,
5,offshor grid,5: offshor grid,
5,offshor grid,5: offshor grid,
5,offshor grid,5: offshor grid,
5,offshor grid,5: offshor grid,
5,offshor grid,5: offshor grid,
5,offshor grid,5: offshor grid,
5,offshor grid,5: offshor grid,
5,offshor grid,5: offshor grid,
5,offshor grid,5: offshor grid,
5,offshor grid,5: offshor grid,
5,offshor grid,5: offshor grid,
5,offshor grid,5: offshor grid,
5,offshor grid,5: offshor grid,
5,offshor grid,5: offshor grid,
5,offshor grid,5: offshor grid,
5,offshor grid,5: offshor grid,
5,offshor grid,5: offshor grid,
5,offshor grid,5: offshor grid,
5,offshor grid,5: offshor grid,
5,offshor grid,5: offshor grid,
5,offshor grid,5: offshor grid,
5,offshor grid,5: offshor grid,
5,offshor grid,5: offshor grid,
5,offshor grid,5: offshor grid,
5,offshor grid,5: offshor grid,
5,offshor grid,5: offshor grid,
5,offshor grid,5: offshor grid,
5,offshor grid,5: offshor grid,
5,offshor grid,5: offshor grid,
5,offshor grid,5: offshor grid,
5,offshor grid,5: offshor grid,
5,offshor grid,5: offshor grid,
5,offshor grid,5: offshor grid,
5,offshor grid,5: offshor grid,
5,offshor grid,5: offshor grid,
5,offshor grid,5: offshor grid,
5,offshor grid,5: offshor grid,
5,offshor grid,5: offshor grid,
5,offshor grid,5: offshor grid,
5,offshor grid,5: offshor grid,
5,offshor grid,5: offshor grid,
5,offshor grid,5: offshor grid,
5,offshor grid,5: offshor grid,
5,offshor grid,5: offshor grid,
5,offshor grid,5: offshor grid,
5,offshor grid,5: offshor grid,
5,offshor grid,5: offshor grid,
5,offshor grid,5: offshor grid,
5,offshor grid,5: offshor grid,
5,offshor grid,5: offshor grid,
5,offshor grid,5: offshor grid,
5,offshor grid,5: offshor grid,
5,offshor grid,5: offshor grid,
5,offshor grid,5: offshor grid,
5,offshor grid,5: offshor grid,
5,offshor grid,5: offshor grid,
5,offshor grid,5: offshor grid,
5,offshor grid,5: offshor grid,
5,offshor grid,5: offshor grid,
5,offshor grid,5: offshor grid,
5,offshor grid,5: offshor grid,
5,offshor grid,5: offshor grid,
5,offshor grid,5: offshor grid,
5,offshor grid,5: offshor grid,
5,offshor grid,5: offshor grid,
5,offshor grid,5: offshor grid,
5,offshor grid,5: offshor grid,
5,offshor grid,5: offshor grid,
5,offshor grid,5: offshor grid,
5,offshor grid,5: offshor grid,
5,offshor grid,5: offshor grid,
5,offshor grid,5: offshor grid,
5,offshor grid,5: offshor grid,
5,offshor grid,5: offshor grid,
5,offshor grid,5: offshor grid,
5,offshor grid,5: offshor grid,
5,offshor grid,5: offshor grid,
5,offshor grid,5: offshor grid,
5,offshor grid,5: offshor grid,
5,offshor grid,5: offshor grid,
5,offshor grid,5: offshor grid,
5,offshor grid,5: offshor grid,
5,offshor grid,5: offshor grid,
5,offshor grid,5: offshor grid,
5,offshor grid,5: offshor grid,
5,offshor grid,5: offshor grid,
5,offshor grid,5: offshor grid,
5,offshor grid,5: offshor grid,
5,offshor grid,5: offshor grid,
5,offshor grid,5: offshor grid,
5,offshor grid,5: offshor grid,
5,offshor grid,5: offshor grid,
5,offshor grid,5: offshor grid,
5,offshor grid,5: offshor grid,
5,offshor grid,5: offshor grid,
5,offshor grid,5: offshor grid,
5,offshor grid,5: offshor grid,
5,offshor grid,5: offshor grid,
5,offshor grid,5: offshor grid,
5,offshor grid,5: offshor grid,
5,offshor grid,5: offshor grid,
5,offshor grid,5: offshor grid,
5,offshor grid,5: offshor grid,
5,offshor grid,5: offshor grid,
5,offshor grid,5: offshor grid,
5,offshor grid,5: offshor grid,
5,offshor grid,5: offshor grid,
5,offshor grid,5: offshor grid,
5,offshor grid,5: offshor grid,
5,offshor grid,5: offshor grid,
5,offshor grid,5: offshor grid,
5,offshor grid,5: offshor grid,
5,offshor grid,5: offshor grid,
5,offshor grid,5: offshor grid,
5,offshor grid,5: offshor grid,
5,offshor grid,5: offshor grid,
5,offshor grid,5: offshor grid,
5,offshor grid,5: offshor grid,
5,offshor grid,5: offshor grid,
5,offshor grid,5: offshor grid,
5,offshor grid,5: offshor grid,
5,offshor grid,5: offshor grid,
5,offshor grid,5: offshor grid,
5,offshor grid,5: offshor grid,
5,offshor grid,5: offshor grid,
5,offshor grid,5: offshor grid,
5,offshor grid,5: offshor grid,
5,offshor grid,5: offshor grid,
5,offshor grid,5: offshor grid,
5,offshor grid,5: offshor grid,
5,offshor grid,5: offshor grid,
5,offshor grid,5: offshor grid,
5,offshor grid,5: offshor grid,
5,offshor grid,5: offshor grid,
5,offshor grid,5: offshor grid,
5,offshor grid,5: offshor grid,
5,offshor grid,5: offshor grid,
5,offshor grid,5: offshor grid,
5,offshor grid,5: offshor grid,
5,offshor grid,5: offshor grid,
5,offshor grid,5: offshor grid,
5,offshor grid,5: offshor grid,
5,offshor grid,5: offshor grid,
5,offshor grid,5: offshor grid,
5,offshor grid,5: offshor grid,
5,offshor grid,5: offshor grid,
5,offshor grid,5: offshor grid,
5,offshor grid,5: offshor grid,
5,offshor grid,5: offshor grid,
5,offshor grid,5: offshor grid,
7,renew energi,7: renew energi,
7,renew energi,7: renew energi,
7,renew energi,7: renew energi,
7,renew energi,7: renew energi,
7,renew energi,7: renew energi,
7,renew energi,7: renew energi,
7,renew energi,7: renew energi,
7,renew energi,7: renew energi,
7,renew energi,7: renew energi,
7,renew energi,7: renew energi,
7,renew energi,7: renew energi,
7,renew energi,7: renew energi,
7,renew energi,7: renew energi,
7,renew energi,7: renew energi,
7,renew energi,7: renew energi,
7,renew energi,7: renew energi,
7,renew energi,7: renew energi,
7,renew energi,7: renew energi,
7,renew energi,7: renew energi,
7,renew energi,7: renew energi,
7,renew energi,7: renew energi,
7,renew energi,7: renew energi,
7,renew energi,7: renew energi,
7,renew energi,7: renew energi,
7,renew energi,7: renew energi,
7,renew energi,7: renew energi,
7,renew energi,7: renew energi,
7,renew energi,7: renew energi,
7,renew energi,7: renew energi,
7,renew energi,7: renew energi,
7,renew energi,7: renew energi,
7,renew energi,7: renew energi,
7,renew energi,7: renew energi,
7,renew energi,7: renew energi,
7,renew energi,7: renew energi,
7,renew energi,7: renew energi,
7,renew energi,7: renew energi,
7,renew energi,7: renew energi,
7,renew energi,7: renew energi,
7,renew energi,7: renew energi,
7,renew energi,7: renew energi,
7,renew energi,7: renew energi,
7,renew energi,7: renew energi,
7,renew energi,7: renew energi,
7,renew energi,7: renew energi,
7,renew energi,7: renew energi,
7,renew energi,7: renew energi,
7,renew energi,7: renew energi,
7,renew energi,7: renew energi,
7,renew energi,7: renew energi,
7,renew energi,7: renew energi,
7,renew energi,7: renew energi,
7,renew energi,7: renew energi,
7,renew energi,7: renew energi,
7,renew energi,7: renew energi,
7,renew energi,7: renew energi,
7,renew energi,7: renew energi,
7,renew energi,7: renew energi,
7,renew energi,7: renew energi,
7,renew energi,7: renew energi,
7,renew energi,7: renew energi,
7,renew energi,7: renew energi,
7,renew energi,7: renew energi,
7,renew energi,7: renew energi,
7,renew energi,7: renew energi,
7,renew energi,7: renew energi,
7,renew energi,7: renew energi,
7,renew energi,7: renew energi,
7,renew energi,7: renew energi,
7,renew energi,7: renew energi,
7,renew energi,7: renew energi,
7,renew energi,7: renew energi,
7,renew energi,7: renew energi,
7,renew energi,7: renew energi,
7,renew energi,7: renew energi,
7,renew energi,7: renew energi,
7,renew energi,7: renew energi,
7,renew energi,7: renew energi,
7,renew energi,7: renew energi,
7,renew energi,7: renew energi,
7,renew energi,7: renew energi,
7,renew energi,7: renew energi,
7,renew energi,7: renew energi,
7,renew energi,7: renew energi,
7,renew energi,7: renew energi,
7,renew energi,7: renew energi,
7,renew energi,7: renew energi,
7,renew energi,7: renew energi,
7,renew energi,7: renew energi,
7,renew energi,7: renew energi,
7,renew energi,7: renew energi,
7,renew energi,7: renew energi,
7,renew energi,7: renew energi,
7,renew energi,7: renew energi,
7,renew energi,7: renew energi,
7,renew energi,7: renew energi,
7,renew energi,7: renew energi,
7,renew energi,7: renew energi,
7,renew energi,7: renew energi,
7,renew energi,7: renew energi,
7,renew energi,7: renew energi,
7,renew energi,7: renew energi,
7,renew energi,7: renew energi,
7,renew energi,7: renew energi,
7,renew energi,7: renew energi,
7,renew energi,7: renew energi,
7,renew energi,7: renew energi,
7,renew energi,7: renew energi,
7,renew energi,7: renew energi,
7,renew energi,7: renew energi,
7,renew energi,7: renew energi,
7,renew energi,7: renew energi,
7,renew energi,7: renew energi,
7,renew energi,7: renew energi,
7,renew energi,7: renew energi,
7,renew energi,7: renew energi,
7,renew energi,7: renew energi,
7,renew energi,7: renew energi,
7,renew energi,7: renew energi,
7,renew energi,7: renew energi,
7,renew energi,7: renew energi,
7,renew energi,7: renew energi,
7,renew energi,7: renew energi,
7,renew energi,7: renew energi,
7,renew energi,7: renew energi,
7,renew energi,7: renew energi,
7,renew energi,7: renew energi,
7,renew energi,7: renew energi,
7,renew energi,7: renew energi,
7,renew energi,7: renew energi,
7,renew energi,7: renew energi,
7,renew energi,7: renew energi,
7,renew energi,7: renew energi,
7,renew energi,7: renew energi,
7,renew energi,7: renew energi,
7,renew energi,7: renew energi,
7,renew energi,7: renew energi,
7,renew energi,7: renew energi,
7,renew energi,7: renew energi,
7,renew energi,7: renew energi,
7,renew energi,7: renew energi,
7,renew energi,7: renew energi,
7,renew energi,7: renew energi,
7,renew energi,7: renew energi,
7,renew energi,7: renew energi,
7,renew energi,7: renew energi,
9,wind farm,9: wind farm,
9,wind farm,9: wind farm,
9,wind farm,9: wind farm,
9,wind farm,9: wind farm,
9,wind farm,9: wind farm,
9,wind farm,9: wind farm,
9,wind farm,9: wind farm,
9,wind farm,9: wind farm,
9,wind farm,9: wind farm,
9,wind farm,9: wind farm,
9,wind farm,9: wind farm,
9,wind farm,9: wind farm,
9,wind farm,9: wind farm,
9,wind farm,9: wind farm,
9,wind farm,9: wind farm,
9,wind farm,9: wind farm,
9,wind farm,9: wind farm,
9,wind farm,9: wind farm,
9,wind farm,9: wind farm,
9,wind farm,9: wind farm,
9,wind farm,9: wind farm,
9,wind farm,9: wind farm,
9,wind farm,9: wind farm,
9,wind farm,9: wind farm,
9,wind farm,9: wind farm,
9,wind farm,9: wind farm,
9,wind farm,9: wind farm,
9,wind farm,9: wind farm,
9,wind farm,9: wind farm,
9,wind farm,9: wind farm,
9,wind farm,9: wind farm,
9,wind farm,9: wind farm,
9,wind farm,9: wind farm,
9,wind farm,9: wind farm,
9,wind farm,9: wind farm,
9,wind farm,9: wind farm,
9,wind farm,9: wind farm,
9,wind farm,9: wind farm,
9,wind farm,9: wind farm,
9,wind farm,9: wind farm,
9,wind farm,9: wind farm,
9,wind farm,9: wind farm,
9,wind farm,9: wind farm,
9,wind farm,9: wind farm,
9,wind farm,9: wind farm,
9,wind farm,9: wind farm,
9,wind farm,9: wind farm,
9,wind farm,9: wind farm,
9,wind farm,9: wind farm,
9,wind farm,9: wind farm,
9,wind farm,9: wind farm,
9,wind farm,9: wind farm,
9,wind farm,9: wind farm,
9,wind farm,9: wind farm,
9,wind farm,9: wind farm,
9,wind farm,9: wind farm,
9,wind farm,9: wind farm,
9,wind farm,9: wind farm,
9,wind farm,9: wind farm,
9,wind farm,9: wind farm,
9,wind farm,9: wind farm,
9,wind farm,9: wind farm,
9,wind farm,9: wind farm,
9,wind farm,9: wind farm,
9,wind farm,9: wind farm,
9,wind farm,9: wind farm,
9,wind farm,9: wind farm,
9,wind farm,9: wind farm,
9,wind farm,9: wind farm,
9,wind farm,9: wind farm,
9,wind farm,9: wind farm,
9,wind farm,9: wind farm,
9,wind farm,9: wind farm,
9,wind farm,9: wind farm,
9,wind farm,9: wind farm,
9,wind farm,9: wind farm,
9,wind farm,9: wind farm,
9,wind farm,9: wind farm,
9,wind farm,9: wind farm,
9,wind farm,9: wind farm,
9,wind farm,9: wind farm,
9,wind farm,9: wind farm,
9,wind farm,9: wind farm,
9,wind farm,9: wind farm,
9,wind farm,9: wind farm,
9,wind farm,9: wind farm,
9,wind farm,9: wind farm,
9,wind farm,9: wind farm,
9,wind farm,9: wind farm,
9,wind farm,9: wind farm,
9,wind farm,9: wind farm,
9,wind farm,9: wind farm,
9,wind farm,9: wind farm,
9,wind farm,9: wind farm,
9,wind farm,9: wind farm,
9,wind farm,9: wind farm,
9,wind farm,9: wind farm,
9,wind farm,9: wind farm,
9,wind farm,9: wind farm,
9,wind farm,9: wind farm,
9,wind farm,9: wind farm,
9,wind farm,9: wind farm,
9,wind farm,9: wind farm,
9,wind farm,9: wind farm,
9,wind farm,9: wind farm,
9,wind farm,9: wind farm,
9,wind farm,9: wind farm,
9,wind farm,9: wind farm,
9,wind farm,9: wind farm,
9,wind farm,9: wind farm,
9,wind farm,9: wind farm,
9,wind farm,9: wind farm,
9,wind farm,9: wind farm,
9,wind farm,9: wind farm,
9,wind farm,9: wind farm,
9,wind farm,9: wind farm,
9,wind farm,9: wind farm,
9,wind farm,9: wind farm,
9,wind farm,9: wind farm,
9,wind farm,9: wind farm,
9,wind farm,9: wind farm,
9,wind farm,9: wind farm,
9,wind farm,9: wind farm,
9,wind farm,9: wind farm,
9,wind farm,9: wind farm,
9,wind farm,9: wind farm,
9,wind farm,9: wind farm,
9,wind farm,9: wind farm,
9,wind farm,9: wind farm,
9,wind farm,9: wind farm,
9,wind farm,9: wind farm,
9,wind farm,9: wind farm,
9,wind farm,9: wind farm,
9,wind farm,9: wind farm,
9,wind farm,9: wind farm,
9,wind farm,9: wind farm,
9,wind farm,9: wind farm,
9,wind farm,9: wind farm,
9,wind farm,9: wind farm,
9,wind farm,9: wind farm,
9,wind farm,9: wind farm,
9,wind farm,9: wind farm,
9,wind farm,9: wind farm,
9,wind farm,9: wind farm,
9,wind farm,9: wind farm,
9,wind farm,9: wind farm,
9,wind farm,9: wind farm,
9,wind farm,9: wind farm,
9,wind farm,9: wind farm,
9,wind farm,9: wind farm,
9,wind farm,9: wind farm,
9,wind farm,9: wind farm,
9,wind farm,9: wind farm,
9,wind farm,9: wind farm,
9,wind farm,9: wind farm,
9,wind farm,9: wind farm,
9,wind farm,9: wind farm,
9,wind farm,9: wind farm,
9,wind farm,9: wind farm,
9,wind farm,9: wind farm,
9,wind farm,9: wind farm,
7,renew energi,7: renew energi,
7,renew energi,7: renew energi,
7,renew energi,7: renew energi,
7,renew energi,7: renew energi,
7,renew energi,7: renew energi,
7,renew energi,7: renew energi,
7,renew energi,7: renew energi,
7,renew energi,7: renew energi,
7,renew energi,7: renew energi,
7,renew energi,7: renew energi,
7,renew energi,7: renew energi,
7,renew energi,7: renew energi,
7,renew energi,7: renew energi,
7,renew energi,7: renew energi,
7,renew energi,7: renew energi,
7,renew energi,7: renew energi,
7,renew energi,7: renew energi,
7,renew energi,7: renew energi,
7,renew energi,7: renew energi,
7,renew energi,7: renew energi,
7,renew energi,7: renew energi,
7,renew energi,7: renew energi,
7,renew energi,7: renew energi,
7,renew energi,7: renew energi,
7,renew energi,7: renew energi,
7,renew energi,7: renew energi,
7,renew energi,7: renew energi,
7,renew energi,7: renew energi,
7,renew energi,7: renew energi,
7,renew energi,7: renew energi,
7,renew energi,7: renew energi,
7,renew energi,7: renew energi,
7,renew energi,7: renew energi,
7,renew energi,7: renew energi,
7,renew energi,7: renew energi,
7,renew energi,7: renew energi,
7,renew energi,7: renew energi,
7,renew energi,7: renew energi,
7,renew energi,7: renew energi,
7,renew energi,7: renew energi,
7,renew energi,7: renew energi,
7,renew energi,7: renew energi,
7,renew energi,7: renew energi,
7,renew energi,7: renew energi,
7,renew energi,7: renew energi,
7,renew energi,7: renew energi,
7,renew energi,7: renew energi,
7,renew energi,7: renew energi,
7,renew energi,7: renew energi,
7,renew energi,7: renew energi,
7,renew energi,7: renew energi,
7,renew energi,7: renew energi,
7,renew energi,7: renew energi,
7,renew energi,7: renew energi,
7,renew energi,7: renew energi,
7,renew energi,7: renew energi,
7,renew energi,7: renew energi,
7,renew energi,7: renew energi,
7,renew energi,7: renew energi,
7,renew energi,7: renew energi,
7,renew energi,7: renew energi,
7,renew energi,7: renew energi,
7,renew energi,7: renew energi,
7,renew energi,7: renew energi,
7,renew energi,7: renew energi,
7,renew energi,7: renew energi,
7,renew energi,7: renew energi,
7,renew energi,7: renew energi,
7,renew energi,7: renew energi,
7,renew energi,7: renew energi,
7,renew energi,7: renew energi,
7,renew energi,7: renew energi,
7,renew energi,7: renew energi,
7,renew energi,7: renew energi,
7,renew energi,7: renew energi,
7,renew energi,7: renew energi,
7,renew energi,7: renew energi,
7,renew energi,7: renew energi,
7,renew energi,7: renew energi,
7,renew energi,7: renew energi,
7,renew energi,7: renew energi,
7,renew energi,7: renew energi,
7,renew energi,7: renew energi,
7,renew energi,7: renew energi,
7,renew energi,7: renew energi,
7,renew energi,7: renew energi,
7,renew energi,7: renew energi,
7,renew energi,7: renew energi,
7,renew energi,7: renew energi,
7,renew energi,7: renew energi,
7,renew energi,7: renew energi,
7,renew energi,7: renew energi,
7,renew energi,7: renew energi,
7,renew energi,7: renew energi,
7,renew energi,7: renew energi,
7,renew energi,7: renew energi,
7,renew energi,7: renew energi,
7,renew energi,7: renew energi,
7,renew energi,7: renew energi,
7,renew energi,7: renew energi,
7,renew energi,7: renew energi,
7,renew energi,7: renew energi,
7,renew energi,7: renew energi,
7,renew energi,7: renew energi,
7,renew energi,7: renew energi,
7,renew energi,7: renew energi,
7,renew energi,7: renew energi,
7,renew energi,7: renew energi,
7,renew energi,7: renew energi,
7,renew energi,7: renew energi,
7,renew energi,7: renew energi,
7,renew energi,7: renew energi,
7,renew energi,7: renew energi,
7,renew energi,7: renew energi,
7,renew energi,7: renew energi,
7,renew energi,7: renew energi,
7,renew energi,7: renew energi,
7,renew energi,7: renew energi,
7,renew energi,7: renew energi,
7,renew energi,7: renew energi,
7,renew energi,7: renew energi,
7,renew energi,7: renew energi,
7,renew energi,7: renew energi,
7,renew energi,7: renew energi,
7,renew energi,7: renew energi,
7,renew energi,7: renew energi,
7,renew energi,7: renew energi,
7,renew energi,7: renew energi,
7,renew energi,7: renew energi,
7,renew energi,7: renew energi,
7,renew energi,7: renew energi,
7,renew energi,7: renew energi,
7,renew energi,7: renew energi,
7,renew energi,7: renew energi,
7,renew energi,7: renew energi,
7,renew energi,7: renew energi,
7,renew energi,7: renew energi,
7,renew energi,7: renew energi,
7,renew energi,7: renew energi,
7,renew energi,7: renew energi,
7,renew energi,7: renew energi,
7,renew energi,7: renew energi,
7,renew energi,7: renew energi,
7,renew energi,7: renew energi,
7,renew energi,7: renew energi,
7,renew energi,7: renew energi,
7,renew energi,7: renew energi,
7,renew energi,7: renew energi,
7,renew energi,7: renew energi,
7,renew energi,7: renew energi,
7,renew energi,7: renew energi,
7,renew energi,7: renew energi,
7,renew energi,7: renew energi,
7,renew energi,7: renew energi,
7,renew energi,7: renew energi,
7,renew energi,7: renew energi,
7,renew energi,7: renew energi,
7,renew energi,7: renew energi,
7,renew energi,7: renew energi,
7,renew energi,7: renew energi,
7,renew energi,7: renew energi,
7,renew energi,7: renew energi,
7,renew energi,7: renew energi,
7,renew energi,7: renew energi,
7,renew energi,7: renew energi,
7,renew energi,7: renew energi,
7,renew energi,7: renew energi,
7,renew energi,7: renew energi,
7,renew energi,7: renew energi,
7,renew energi,7: renew energi,
7,renew energi,7: renew energi,
7,renew energi,7: renew energi,
7,renew energi,7: renew energi,
7,renew energi,7: renew energi,
7,renew energi,7: renew energi,
7,renew energi,7: renew energi,
7,renew energi,7: renew energi,
7,renew energi,7: renew energi,
7,renew energi,7: renew energi,
7,renew energi,7: renew energi,
7,renew energi,7: renew energi,
7,renew energi,7: renew energi,
7,renew energi,7: renew energi,
7,renew energi,7: renew energi,
7,renew energi,7: renew energi,
7,renew energi,7: renew energi,
7,renew energi,7: renew energi,
7,renew energi,7: renew energi,
7,renew energi,7: renew energi,
7,renew energi,7: renew energi,
7,renew energi,7: renew energi,
7,renew energi,7: renew energi,
7,renew energi,7: renew energi,
7,renew energi,7: renew energi,
7,renew energi,7: renew energi,
7,renew energi,7: renew energi,
7,renew energi,7: renew energi,
7,renew energi,7: renew energi,
7,renew energi,7: renew energi,
7,renew energi,7: renew energi,
7,renew energi,7: renew energi,
7,renew energi,7: renew energi,
7,renew energi,7: renew energi,
7,renew energi,7: renew energi,
7,renew energi,7: renew energi,
7,renew energi,7: renew energi,
7,renew energi,7: renew energi,
7,renew energi,7: renew energi,
7,renew energi,7: renew energi,
7,renew energi,7: renew energi,
7,renew energi,7: renew energi,
7,renew energi,7: renew energi,
7,renew energi,7: renew energi,
7,renew energi,7: renew energi,
7,renew energi,7: renew energi,
7,renew energi,7: renew energi,
7,renew energi,7: renew energi,
7,renew energi,7: renew energi,
7,renew energi,7: renew energi,
7,renew energi,7: renew energi,
7,renew energi,7: renew energi,
7,renew energi,7: renew energi,
7,renew energi,7: renew energi,
7,renew energi,7: renew energi,
7,renew energi,7: renew energi,
7,renew energi,7: renew energi,
7,renew energi,7: renew energi,
7,renew energi,7: renew energi,
7,renew energi,7: renew energi,
7,renew energi,7: renew energi,
7,renew energi,7: renew energi,
7,renew energi,7: renew energi,
7,renew energi,7: renew energi,
7,renew energi,7: renew energi,
7,renew energi,7: renew energi,
7,renew energi,7: renew energi,
7,renew energi,7: renew energi,
7,renew energi,7: renew energi,
7,renew energi,7: renew energi,
7,renew energi,7: renew energi,
7,renew energi,7: renew energi,
7,renew energi,7: renew energi,
7,renew energi,7: renew energi,
7,renew energi,7: renew energi,
7,renew energi,7: renew energi,
7,renew energi,7: renew energi,
7,renew energi,7: renew energi,
7,renew energi,7: renew energi,
7,renew energi,7: renew energi,
7,renew energi,7: renew energi,
7,renew energi,7: renew energi,
7,renew energi,7: renew energi,
7,renew energi,7: renew energi,
7,renew energi,7: renew energi,
7,renew energi,7: renew energi,
7,renew energi,7: renew energi,
7,renew energi,7: renew energi,
7,renew energi,7: renew energi,
7,renew energi,7: renew energi,
7,renew energi,7: renew energi,
7,renew energi,7: renew energi,
7,renew energi,7: renew energi,
7,renew energi,7: renew energi,
7,renew energi,7: renew energi,
7,renew energi,7: renew energi,
7,renew energi,7: renew energi,
7,renew energi,7: renew energi,
7,renew energi,7: renew energi,
7,renew energi,7: renew energi,
7,renew energi,7: renew energi,
7,renew energi,7: renew energi,
7,renew energi,7: renew energi,
7,renew energi,7: renew energi,
7,renew energi,7: renew energi,
7,renew energi,7: renew energi,
7,renew energi,7: renew energi,
7,renew energi,7: renew energi,
7,renew energi,7: renew energi,
7,renew energi,7: renew energi,
7,renew energi,7: renew energi,
7,renew energi,7: renew energi,
7,renew energi,7: renew energi,
7,renew energi,7: renew energi,
7,renew energi,7: renew energi,
7,renew energi,7: renew energi,
7,renew energi,7: renew energi,
7,renew energi,7: renew energi,
7,renew energi,7: renew energi,
7,renew energi,7: renew energi,
7,renew energi,7: renew energi,
7,renew energi,7: renew energi,
7,renew energi,7: renew energi,
9,wind farm,9: wind farm,
9,wind farm,9: wind farm,
9,wind farm,9: wind farm,
9,wind farm,9: wind farm,
9,wind farm,9: wind farm,
9,wind farm,9: wind farm,
9,wind farm,9: wind farm,
9,wind farm,9: wind farm,
9,wind farm,9: wind farm,
9,wind farm,9: wind farm,
9,wind farm,9: wind farm,
9,wind farm,9: wind farm,
9,wind farm,9: wind farm,
9,wind farm,9: wind farm,
9,wind farm,9: wind farm,
9,wind farm,9: wind farm,
9,wind farm,9: wind farm,
9,wind farm,9: wind farm,
9,wind farm,9: wind farm,
9,wind farm,9: wind farm,
9,wind farm,9: wind farm,
9,wind farm,9: wind farm,
9,wind farm,9: wind farm,
9,wind farm,9: wind farm,
9,wind farm,9: wind farm,
9,wind farm,9: wind farm,
9,wind farm,9: wind farm,
9,wind farm,9: wind farm,
9,wind farm,9: wind farm,
9,wind farm,9: wind farm,
9,wind farm,9: wind farm,
9,wind farm,9: wind farm,
9,wind farm,9: wind farm,
9,wind farm,9: wind farm,
9,wind farm,9: wind farm,
9,wind farm,9: wind farm,
9,wind farm,9: wind farm,
9,wind farm,9: wind farm,
9,wind farm,9: wind farm,
9,wind farm,9: wind farm,
9,wind farm,9: wind farm,
9,wind farm,9: wind farm,
9,wind farm,9: wind farm,
9,wind farm,9: wind farm,
9,wind farm,9: wind farm,
9,wind farm,9: wind farm,
9,wind farm,9: wind farm,
9,wind farm,9: wind farm,
9,wind farm,9: wind farm,
9,wind farm,9: wind farm,
9,wind farm,9: wind farm,
9,wind farm,9: wind farm,
9,wind farm,9: wind farm,
9,wind farm,9: wind farm,
9,wind farm,9: wind farm,
9,wind farm,9: wind farm,
9,wind farm,9: wind farm,
9,wind farm,9: wind farm,
9,wind farm,9: wind farm,
9,wind farm,9: wind farm,
9,wind farm,9: wind farm,
9,wind farm,9: wind farm,
9,wind farm,9: wind farm,
9,wind farm,9: wind farm,
9,wind farm,9: wind farm,
9,wind farm,9: wind farm,
9,wind farm,9: wind farm,
9,wind farm,9: wind farm,
9,wind farm,9: wind farm,
9,wind farm,9: wind farm,
9,wind farm,9: wind farm,
9,wind farm,9: wind farm,
9,wind farm,9: wind farm,
9,wind farm,9: wind farm,
9,wind farm,9: wind farm,
9,wind farm,9: wind farm,
9,wind farm,9: wind farm,
9,wind farm,9: wind farm,
9,wind farm,9: wind farm,
9,wind farm,9: wind farm,
9,wind farm,9: wind farm,
9,wind farm,9: wind farm,
9,wind farm,9: wind farm,
9,wind farm,9: wind farm,
9,wind farm,9: wind farm,
9,wind farm,9: wind farm,
9,wind farm,9: wind farm,
9,wind farm,9: wind farm,
9,wind farm,9: wind farm,
9,wind farm,9: wind farm,
9,wind farm,9: wind farm,
9,wind farm,9: wind farm,
9,wind farm,9: wind farm,
9,wind farm,9: wind farm,
9,wind farm,9: wind farm,
9,wind farm,9: wind farm,
9,wind farm,9: wind farm,
9,wind farm,9: wind farm,
9,wind farm,9: wind farm,
9,wind farm,9: wind farm,
9,wind farm,9: wind farm,
9,wind farm,9: wind farm,
9,wind farm,9: wind farm,
9,wind farm,9: wind farm,
9,wind farm,9: wind farm,
9,wind farm,9: wind farm,
9,wind farm,9: wind farm,
9,wind farm,9: wind farm,
9,wind farm,9: wind farm,
9,wind farm,9: wind farm,
9,wind farm,9: wind farm,
9,wind farm,9: wind farm,
9,wind farm,9: wind farm,
9,wind farm,9: wind farm,
9,wind farm,9: wind farm,
9,wind farm,9: wind farm,
9,wind farm,9: wind farm,
9,wind farm,9: wind farm,
9,wind farm,9: wind farm,
9,wind farm,9: wind farm,
9,wind farm,9: wind farm,
9,wind farm,9: wind farm,
9,wind farm,9: wind farm,
9,wind farm,9: wind farm,
9,wind farm,9: wind farm,
9,wind farm,9: wind farm,
9,wind farm,9: wind farm,
9,wind farm,9: wind farm,
9,wind farm,9: wind farm,
9,wind farm,9: wind farm,
9,wind farm,9: wind farm,
9,wind farm,9: wind farm,
9,wind farm,9: wind farm,
9,wind farm,9: wind farm,
9,wind farm,9: wind farm,
9,wind farm,9: wind farm,
9,wind farm,9: wind farm,
9,wind farm,9: wind farm,
9,wind farm,9: wind farm,
9,wind farm,9: wind farm,
9,wind farm,9: wind farm,
9,wind farm,9: wind farm,
9,wind farm,9: wind farm,
9,wind farm,9: wind farm,
9,wind farm,9: wind farm,
9,wind farm,9: wind farm,
9,wind farm,9: wind farm,
9,wind farm,9: wind farm,
9,wind farm,9: wind farm,
9,wind farm,9: wind farm,
9,wind farm,9: wind farm,
9,wind farm,9: wind farm,
9,wind farm,9: wind farm,
9,wind farm,9: wind farm,
9,wind farm,9: wind farm,
9,wind farm,9: wind farm,
9,wind farm,9: wind farm,
9,wind farm,9: wind farm,
9,wind farm,9: wind farm,
9,wind farm,9: wind farm,
9,wind farm,9: wind farm,
9,wind farm,9: wind farm,
9,wind farm,9: wind farm,
9,wind farm,9: wind farm,
9,wind farm,9: wind farm,
9,wind farm,9: wind farm,
9,wind farm,9: wind farm,
9,wind farm,9: wind farm,
9,wind farm,9: wind farm,
9,wind farm,9: wind farm,
9,wind farm,9: wind farm,
9,wind farm,9: wind farm,
9,wind farm,9: wind farm,
9,wind farm,9: wind farm,
9,wind farm,9: wind farm,
9,wind farm,9: wind farm,
9,wind farm,9: wind farm,
9,wind farm,9: wind farm,
9,wind farm,9: wind farm,
9,wind farm,9: wind farm,
9,wind farm,9: wind farm,
9,wind farm,9: wind farm,
9,wind farm,9: wind farm,
9,wind farm,9: wind farm,
9,wind farm,9: wind farm,
9,wind farm,9: wind farm,
9,wind farm,9: wind farm,
9,wind farm,9: wind farm,
9,wind farm,9: wind farm,
9,wind farm,9: wind farm,
9,wind farm,9: wind farm,
9,wind farm,9: wind farm,
9,wind farm,9: wind farm,
9,wind farm,9: wind farm,
9,wind farm,9: wind farm,
9,wind farm,9: wind farm,
9,wind farm,9: wind farm,
9,wind farm,9: wind farm,
9,wind farm,9: wind farm,
9,wind farm,9: wind farm,
9,wind farm,9: wind farm,
9,wind farm,9: wind farm,
9,wind farm,9: wind farm,
9,wind farm,9: wind farm,
9,wind farm,9: wind farm,
9,wind farm,9: wind farm,
9,wind farm,9: wind farm,
9,wind farm,9: wind farm,
9,wind farm,9: wind farm,
9,wind farm,9: wind farm,
9,wind farm,9: wind farm,
9,wind farm,9: wind farm,
9,wind farm,9: wind farm,
9,wind farm,9: wind farm,
9,wind farm,9: wind farm,
9,wind farm,9: wind farm,
9,wind farm,9: wind farm,
9,wind farm,9: wind farm,
9,wind farm,9: wind farm,
9,wind farm,9: wind farm,
9,wind farm,9: wind farm,
9,wind farm,9: wind farm,
9,wind farm,9: wind farm,
9,wind farm,9: wind farm,
9,wind farm,9: wind farm,
9,wind farm,9: wind farm,
9,wind farm,9: wind farm,
9,wind farm,9: wind farm,
9,wind farm,9: wind farm,
9,wind farm,9: wind farm,
9,wind farm,9: wind farm,
9,wind farm,9: wind farm,
9,wind farm,9: wind farm,
9,wind farm,9: wind farm,
9,wind farm,9: wind farm,
9,wind farm,9: wind farm,
9,wind farm,9: wind farm,
9,wind farm,9: wind farm,
9,wind farm,9: wind farm,
9,wind farm,9: wind farm,
9,wind farm,9: wind farm,
9,wind farm,9: wind farm,
9,wind farm,9: wind farm,
9,wind farm,9: wind farm,
9,wind farm,9: wind farm,
9,wind farm,9: wind farm,
9,wind farm,9: wind farm,
9,wind farm,9: wind farm,
9,wind farm,9: wind farm,
9,wind farm,9: wind farm,
9,wind farm,9: wind farm,
9,wind farm,9: wind farm,
9,wind farm,9: wind farm,
9,wind farm,9: wind farm,
9,wind farm,9: wind farm,
9,wind farm,9: wind farm,
9,wind farm,9: wind farm,
9,wind farm,9: wind farm,
9,wind farm,9: wind farm,
9,wind farm,9: wind farm,
9,wind farm,9: wind farm,
9,wind farm,9: wind farm,
9,wind farm,9: wind farm,
9,wind farm,9: wind farm,
9,wind farm,9: wind farm,
9,wind farm,9: wind farm,
9,wind farm,9: wind farm,
9,wind farm,9: wind farm,
9,wind farm,9: wind farm,
9,wind farm,9: wind farm,
9,wind farm,9: wind farm,
9,wind farm,9: wind farm,
9,wind farm,9: wind farm,
9,wind farm,9: wind farm,
9,wind farm,9: wind farm,
9,wind farm,9: wind farm,
9,wind farm,9: wind farm,
9,wind farm,9: wind farm,
9,wind farm,9: wind farm,
9,wind farm,9: wind farm,
9,wind farm,9: wind farm,
9,wind farm,9: wind farm,
9,wind farm,9: wind farm,
9,wind farm,9: wind farm,
9,wind farm,9: wind farm,
9,wind farm,9: wind farm,
9,wind farm,9: wind farm,
9,wind farm,9: wind farm,
9,wind farm,9: wind farm,
9,wind farm,9: wind farm,
9,wind farm,9: wind farm,
9,wind farm,9: wind farm,
9,wind farm,9: wind farm,
9,wind farm,9: wind farm,
9,wind farm,9: wind farm,
9,wind farm,9: wind farm,
9,wind farm,9: wind farm,
9,wind farm,9: wind farm,
9,wind farm,9: wind farm,
9,wind farm,9: wind farm,
9,wind farm,9: wind farm,
9,wind farm,9: wind farm,
9,wind farm,9: wind farm,
9,wind farm,9: wind farm,
9,wind farm,9: wind farm,
9,wind farm,9: wind farm,
9,wind farm,9: wind farm,
9,wind farm,9: wind farm,
9,wind farm,9: wind farm,
9,wind farm,9: wind farm,
9,wind farm,9: wind farm,
9,wind farm,9: wind farm,
9,wind farm,9: wind farm,
9,wind farm,9: wind farm,
9,wind farm,9: wind farm,
9,wind farm,9: wind farm,
9,wind farm,9: wind farm,
9,wind farm,9: wind farm,
9,wind farm,9: wind farm,
9,wind farm,9: wind farm,
9,wind farm,9: wind farm,
9,wind farm,9: wind farm,
5,offshor grid,5: offshor grid,
5,offshor grid,5: offshor grid,
5,offshor grid,5: offshor grid,
5,offshor grid,5: offshor grid,
5,offshor grid,5: offshor grid,
5,offshor grid,5: offshor grid,
5,offshor grid,5: offshor grid,
5,offshor grid,5: offshor grid,
5,offshor grid,5: offshor grid,
5,offshor grid,5: offshor grid,
5,offshor grid,5: offshor grid,
5,offshor grid,5: offshor grid,
5,offshor grid,5: offshor grid,
5,offshor grid,5: offshor grid,
5,offshor grid,5: offshor grid,
5,offshor grid,5: offshor grid,
5,offshor grid,5: offshor grid,
5,offshor grid,5: offshor grid,
5,offshor grid,5: offshor grid,
5,offshor grid,5: offshor grid,
5,offshor grid,5: offshor grid,
5,offshor grid,5: offshor grid,
5,offshor grid,5: offshor grid,
5,offshor grid,5: offshor grid,
5,offshor grid,5: offshor grid,
5,offshor grid,5: offshor grid,
5,offshor grid,5: offshor grid,
5,offshor grid,5: offshor grid,
5,offshor grid,5: offshor grid,
5,offshor grid,5: offshor grid,
5,offshor grid,5: offshor grid,
5,offshor grid,5: offshor grid,
5,offshor grid,5: offshor grid,
5,offshor grid,5: offshor grid,
5,offshor grid,5: offshor grid,
5,offshor grid,5: offshor grid,
5,offshor grid,5: offshor grid,
5,offshor grid,5: offshor grid,
5,offshor grid,5: offshor grid,
5,offshor grid,5: offshor grid,
5,offshor grid,5: offshor grid,
5,offshor grid,5: offshor grid,
5,offshor grid,5: offshor grid,
5,offshor grid,5: offshor grid,
5,offshor grid,5: offshor grid,
5,offshor grid,5: offshor grid,
5,offshor grid,5: offshor grid,
5,offshor grid,5: offshor grid,
5,offshor grid,5: offshor grid,
5,offshor grid,5: offshor grid,
5,offshor grid,5: offshor grid,
5,offshor grid,5: offshor grid,
5,offshor grid,5: offshor grid,
5,offshor grid,5: offshor grid,
5,offshor grid,5: offshor grid,
5,offshor grid,5: offshor grid,
5,offshor grid,5: offshor grid,
5,offshor grid,5: offshor grid,
5,offshor grid,5: offshor grid,
5,offshor grid,5: offshor grid,
5,offshor grid,5: offshor grid,
5,offshor grid,5: offshor grid,
5,offshor grid,5: offshor grid,
5,offshor grid,5: offshor grid,
5,offshor grid,5: offshor grid,
5,offshor grid,5: offshor grid,
5,offshor grid,5: offshor grid,
5,offshor grid,5: offshor grid,
5,offshor grid,5: offshor grid,
5,offshor grid,5: offshor grid,
5,offshor grid,5: offshor grid,
5,offshor grid,5: offshor grid,
5,offshor grid,5: offshor grid,
5,offshor grid,5: offshor grid,
5,offshor grid,5: offshor grid,
5,offshor grid,5: offshor grid,
5,offshor grid,5: offshor grid,
5,offshor grid,5: offshor grid,
5,offshor grid,5: offshor grid,
5,offshor grid,5: offshor grid,
5,offshor grid,5: offshor grid,
5,offshor grid,5: offshor grid,
5,offshor grid,5: offshor grid,
5,offshor grid,5: offshor grid,
5,offshor grid,5: offshor grid,
5,offshor grid,5: offshor grid,
5,offshor grid,5: offshor grid,
5,offshor grid,5: offshor grid,
5,offshor grid,5: offshor grid,
5,offshor grid,5: offshor grid,
5,offshor grid,5: offshor grid,
5,offshor grid,5: offshor grid,
5,offshor grid,5: offshor grid,
5,offshor grid,5: offshor grid,
5,offshor grid,5: offshor grid,
5,offshor grid,5: offshor grid,
5,offshor grid,5: offshor grid,
5,offshor grid,5: offshor grid,
5,offshor grid,5: offshor grid,
5,offshor grid,5: offshor grid,
5,offshor grid,5: offshor grid,
5,offshor grid,5: offshor grid,
5,offshor grid,5: offshor grid,
5,offshor grid,5: offshor grid,
5,offshor grid,5: offshor grid,
5,offshor grid,5: offshor grid,
5,offshor grid,5: offshor grid,
5,offshor grid,5: offshor grid,
5,offshor grid,5: offshor grid,
5,offshor grid,5: offshor grid,
5,offshor grid,5: offshor grid,
5,offshor grid,5: offshor grid,
5,offshor grid,5: offshor grid,
5,offshor grid,5: offshor grid,
5,offshor grid,5: offshor grid,
5,offshor grid,5: offshor grid,
5,offshor grid,5: offshor grid,
5,offshor grid,5: offshor grid,
5,offshor grid,5: offshor grid,
5,offshor grid,5: offshor grid,
5,offshor grid,5: offshor grid,
5,offshor grid,5: offshor grid,
5,offshor grid,5: offshor grid,
5,offshor grid,5: offshor grid,
5,offshor grid,5: offshor grid,
5,offshor grid,5: offshor grid,
5,offshor grid,5: offshor grid,
5,offshor grid,5: offshor grid,
5,offshor grid,5: offshor grid,
5,offshor grid,5: offshor grid,
5,offshor grid,5: offshor grid,
5,offshor grid,5: offshor grid,
5,offshor grid,5: offshor grid,
5,offshor grid,5: offshor grid,
5,offshor grid,5: offshor grid,
5,offshor grid,5: offshor grid,
5,offshor grid,5: offshor grid,
5,offshor grid,5: offshor grid,
5,offshor grid,5: offshor grid,
5,offshor grid,5: offshor grid,
5,offshor grid,5: offshor grid,
5,offshor grid,5: offshor grid,
5,offshor grid,5: offshor grid,
5,offshor grid,5: offshor grid,
5,offshor grid,5: offshor grid,
5,offshor grid,5: offshor grid,
5,offshor grid,5: offshor grid,
5,offshor grid,5: offshor grid,
5,offshor grid,5: offshor grid,
5,offshor grid,5: offshor grid,
5,offshor grid,5: offshor grid,
5,offshor grid,5: offshor grid,
5,offshor grid,5: offshor grid,
5,offshor grid,5: offshor grid,
5,offshor grid,5: offshor grid,
5,offshor grid,5: offshor grid,
5,offshor grid,5: offshor grid,
5,offshor grid,5: offshor grid,
5,offshor grid,5: offshor grid,
5,offshor grid,5: offshor grid,
5,offshor grid,5: offshor grid,
5,offshor grid,5: offshor grid,
5,offshor grid,5: offshor grid,
5,offshor grid,5: offshor grid,
5,offshor grid,5: offshor grid,
5,offshor grid,5: offshor grid,
5,offshor grid,5: offshor grid,
5,offshor grid,5: offshor grid,
5,offshor grid,5: offshor grid,
5,offshor grid,5: offshor grid,
5,offshor grid,5: offshor grid,
5,offshor grid,5: offshor grid,
5,offshor grid,5: offshor grid,
5,offshor grid,5: offshor grid,
5,offshor grid,5: offshor grid,
5,offshor grid,5: offshor grid,
5,offshor grid,5: offshor grid,
5,offshor grid,5: offshor grid,
5,offshor grid,5: offshor grid,
5,offshor grid,5: offshor grid,
5,offshor grid,5: offshor grid,
5,offshor grid,5: offshor grid,
5,offshor grid,5: offshor grid,
5,offshor grid,5: offshor grid,
5,offshor grid,5: offshor grid,
5,offshor grid,5: offshor grid,
5,offshor grid,5: offshor grid,
5,offshor grid,5: offshor grid,
5,offshor grid,5: offshor grid,
5,offshor grid,5: offshor grid,
5,offshor grid,5: offshor grid,
5,offshor grid,5: offshor grid,
5,offshor grid,5: offshor grid,
5,offshor grid,5: offshor grid,
5,offshor grid,5: offshor grid,
5,offshor grid,5: offshor grid,
5,offshor grid,5: offshor grid,
5,offshor grid,5: offshor grid,
5,offshor grid,5: offshor grid,
5,offshor grid,5: offshor grid,
5,offshor grid,5: offshor grid,
5,offshor grid,5: offshor grid,
5,offshor grid,5: offshor grid,
5,offshor grid,5: offshor grid,
5,offshor grid,5: offshor grid,
5,offshor grid,5: offshor grid,
5,offshor grid,5: offshor grid,
5,offshor grid,5: offshor grid,
5,offshor grid,5: offshor grid,
5,offshor grid,5: offshor grid,
5,offshor grid,5: offshor grid,
5,offshor grid,5: offshor grid,
5,offshor grid,5: offshor grid,
5,offshor grid,5: offshor grid,
5,offshor grid,5: offshor grid,
5,offshor grid,5: offshor grid,
5,offshor grid,5: offshor grid,
5,offshor grid,5: offshor grid,
5,offshor grid,5: offshor grid,
5,offshor grid,5: offshor grid,
5,offshor grid,5: offshor grid,
5,offshor grid,5: offshor grid,
5,offshor grid,5: offshor grid,
5,offshor grid,5: offshor grid,
5,offshor grid,5: offshor grid,
5,offshor grid,5: offshor grid,
5,offshor grid,5: offshor grid,
5,offshor grid,5: offshor grid,
5,offshor grid,5: offshor grid,
5,offshor grid,5: offshor grid,
5,offshor grid,5: offshor grid,
5,offshor grid,5: offshor grid,
5,offshor grid,5: offshor grid,
5,offshor grid,5: offshor grid,
5,offshor grid,5: offshor grid,
5,offshor grid,5: offshor grid,
5,offshor grid,5: offshor grid,
5,offshor grid,5: offshor grid,
5,offshor grid,5: offshor grid,
5,offshor grid,5: offshor grid,
5,offshor grid,5: offshor grid,
5,offshor grid,5: offshor grid,
5,offshor grid,5: offshor grid,
5,offshor grid,5: offshor grid,
5,offshor grid,5: offshor grid,
5,offshor grid,5: offshor grid,
5,offshor grid,5: offshor grid,
5,offshor grid,5: offshor grid,
5,offshor grid,5: offshor grid,
5,offshor grid,5: offshor grid,
5,offshor grid,5: offshor grid,
5,offshor grid,5: offshor grid,
5,offshor grid,5: offshor grid,
5,offshor grid,5: offshor grid,
5,offshor grid,5: offshor grid,
5,offshor grid,5: offshor grid,
5,offshor grid,5: offshor grid,
5,offshor grid,5: offshor grid,
5,offshor grid,5: offshor grid,
5,offshor grid,5: offshor grid,
5,offshor grid,5: offshor grid,
5,offshor grid,5: offshor grid,
5,offshor grid,5: offshor grid,
5,offshor grid,5: offshor grid,
5,offshor grid,5: offshor grid,
5,offshor grid,5: offshor grid,
5,offshor grid,5: offshor grid,
5,offshor grid,5: offshor grid,
5,offshor grid,5: offshor grid,
5,offshor grid,5: offshor grid,
5,offshor grid,5: offshor grid,
5,offshor grid,5: offshor grid,
5,offshor grid,5: offshor grid,
5,offshor grid,5: offshor grid,
5,offshor grid,5: offshor grid,
5,offshor grid,5: offshor grid,
5,offshor grid,5: offshor grid,
5,offshor grid,5: offshor grid,
5,offshor grid,5: offshor grid,
5,offshor grid,5: offshor grid,
5,offshor grid,5: offshor grid,
5,offshor grid,5: offshor grid,
5,offshor grid,5: offshor grid,
5,offshor grid,5: offshor grid,
5,offshor grid,5: offshor grid,
5,offshor grid,5: offshor grid,
5,offshor grid,5: offshor grid,
5,offshor grid,5: offshor grid,
5,offshor grid,5: offshor grid,
5,offshor grid,5: offshor grid,
5,offshor grid,5: offshor grid,
5,offshor grid,5: offshor grid,
5,offshor grid,5: offshor grid,
5,offshor grid,5: offshor grid,
5,offshor grid,5: offshor grid,
5,offshor grid,5: offshor grid,
5,offshor grid,5: offshor grid,
5,offshor grid,5: offshor grid,
5,offshor grid,5: offshor grid,
5,offshor grid,5: offshor grid,
5,offshor grid,5: offshor grid,
5,offshor grid,5: offshor grid,
5,offshor grid,5: offshor grid,
5,offshor grid,5: offshor grid,
5,offshor grid,5: offshor grid,
5,offshor grid,5: offshor grid,
5,offshor grid,5: offshor grid,
5,offshor grid,5: offshor grid,
5,offshor grid,5: offshor grid,
5,offshor grid,5: offshor grid,
5,offshor grid,5: offshor grid,
5,offshor grid,5: offshor grid,
5,offshor grid,5: offshor grid,
5,offshor grid,5: offshor grid,
5,offshor grid,5: offshor grid,
5,offshor grid,5: offshor grid,
5,offshor grid,5: offshor grid,
5,offshor grid,5: offshor grid,
5,offshor grid,5: offshor grid,
5,offshor grid,5: offshor grid,
5,offshor grid,5: offshor grid,
5,offshor grid,5: offshor grid,
5,offshor grid,5: offshor grid,
5,offshor grid,5: offshor grid,
5,offshor grid,5: offshor grid,
5,offshor grid,5: offshor grid,
5,offshor grid,5: offshor grid,
5,offshor grid,5: offshor grid,
5,offshor grid,5: offshor grid,
5,offshor grid,5: offshor grid,
5,offshor grid,5: offshor grid,
5,offshor grid,5: offshor grid,
5,offshor grid,5: offshor grid,
5,offshor grid,5: offshor grid,
5,offshor grid,5: offshor grid,
5,offshor grid,5: offshor grid,
5,offshor grid,5: offshor grid,
5,offshor grid,5: offshor grid,
5,offshor grid,5: offshor grid,
5,offshor grid,5: offshor grid,
5,offshor grid,5: offshor grid,
5,offshor grid,5: offshor grid,
5,offshor grid,5: offshor grid,
5,offshor grid,5: offshor grid,
5,offshor grid,5: offshor grid,
5,offshor grid,5: offshor grid,
5,offshor grid,5: offshor grid,
5,offshor grid,5: offshor grid,
5,offshor grid,5: offshor grid,
5,offshor grid,5: offshor grid,
9,wind farm,9: wind farm,
9,wind farm,9: wind farm,
9,wind farm,9: wind farm,
9,wind farm,9: wind farm,
9,wind farm,9: wind farm,
9,wind farm,9: wind farm,
9,wind farm,9: wind farm,
9,wind farm,9: wind farm,
9,wind farm,9: wind farm,
9,wind farm,9: wind farm,
9,wind farm,9: wind farm,
9,wind farm,9: wind farm,
9,wind farm,9: wind farm,
9,wind farm,9: wind farm,
9,wind farm,9: wind farm,
9,wind farm,9: wind farm,
9,wind farm,9: wind farm,
9,wind farm,9: wind farm,
9,wind farm,9: wind farm,
9,wind farm,9: wind farm,
9,wind farm,9: wind farm,
9,wind farm,9: wind farm,
9,wind farm,9: wind farm,
9,wind farm,9: wind farm,
9,wind farm,9: wind farm,
9,wind farm,9: wind farm,
9,wind farm,9: wind farm,
9,wind farm,9: wind farm,
9,wind farm,9: wind farm,
9,wind farm,9: wind farm,
9,wind farm,9: wind farm,
9,wind farm,9: wind farm,
9,wind farm,9: wind farm,
9,wind farm,9: wind farm,
9,wind farm,9: wind farm,
9,wind farm,9: wind farm,
9,wind farm,9: wind farm,
9,wind farm,9: wind farm,
9,wind farm,9: wind farm,
9,wind farm,9: wind farm,
9,wind farm,9: wind farm,
9,wind farm,9: wind farm,
9,wind farm,9: wind farm,
9,wind farm,9: wind farm,
9,wind farm,9: wind farm,
9,wind farm,9: wind farm,
9,wind farm,9: wind farm,
9,wind farm,9: wind farm,
9,wind farm,9: wind farm,
9,wind farm,9: wind farm,
9,wind farm,9: wind farm,
9,wind farm,9: wind farm,
9,wind farm,9: wind farm,
9,wind farm,9: wind farm,
9,wind farm,9: wind farm,
9,wind farm,9: wind farm,
9,wind farm,9: wind farm,
9,wind farm,9: wind farm,
9,wind farm,9: wind farm,
9,wind farm,9: wind farm,
9,wind farm,9: wind farm,
9,wind farm,9: wind farm,
9,wind farm,9: wind farm,
9,wind farm,9: wind farm,
9,wind farm,9: wind farm,
9,wind farm,9: wind farm,
9,wind farm,9: wind farm,
9,wind farm,9: wind farm,
9,wind farm,9: wind farm,
9,wind farm,9: wind farm,
9,wind farm,9: wind farm,
9,wind farm,9: wind farm,
9,wind farm,9: wind farm,
9,wind farm,9: wind farm,
9,wind farm,9: wind farm,
9,wind farm,9: wind farm,
9,wind farm,9: wind farm,
9,wind farm,9: wind farm,
9,wind farm,9: wind farm,
9,wind farm,9: wind farm,
9,wind farm,9: wind farm,
9,wind farm,9: wind farm,
9,wind farm,9: wind farm,
9,wind farm,9: wind farm,
9,wind farm,9: wind farm,
9,wind farm,9: wind farm,
9,wind farm,9: wind farm,
9,wind farm,9: wind farm,
9,wind farm,9: wind farm,
9,wind farm,9: wind farm,
9,wind farm,9: wind farm,
9,wind farm,9: wind farm,
9,wind farm,9: wind farm,
9,wind farm,9: wind farm,
9,wind farm,9: wind farm,
9,wind farm,9: wind farm,
9,wind farm,9: wind farm,
9,wind farm,9: wind farm,
9,wind farm,9: wind farm,
9,wind farm,9: wind farm,
9,wind farm,9: wind farm,
9,wind farm,9: wind farm,
9,wind farm,9: wind farm,
9,wind farm,9: wind farm,
9,wind farm,9: wind farm,
9,wind farm,9: wind farm,
9,wind farm,9: wind farm,
9,wind farm,9: wind farm,
9,wind farm,9: wind farm,
9,wind farm,9: wind farm,
9,wind farm,9: wind farm,
9,wind farm,9: wind farm,
9,wind farm,9: wind farm,
9,wind farm,9: wind farm,
9,wind farm,9: wind farm,
9,wind farm,9: wind farm,
9,wind farm,9: wind farm,
9,wind farm,9: wind farm,
9,wind farm,9: wind farm,
9,wind farm,9: wind farm,
9,wind farm,9: wind farm,
9,wind farm,9: wind farm,
9,wind farm,9: wind farm,
9,wind farm,9: wind farm,
9,wind farm,9: wind farm,
9,wind farm,9: wind farm,
9,wind farm,9: wind farm,
9,wind farm,9: wind farm,
9,wind farm,9: wind farm,
9,wind farm,9: wind farm,
9,wind farm,9: wind farm,
9,wind farm,9: wind farm,
9,wind farm,9: wind farm,
9,wind farm,9: wind farm,
9,wind farm,9: wind farm,
9,wind farm,9: wind farm,
9,wind farm,9: wind farm,
9,wind farm,9: wind farm,
9,wind farm,9: wind farm,
9,wind farm,9: wind farm,
9,wind farm,9: wind farm,
9,wind farm,9: wind farm,
9,wind farm,9: wind farm,
9,wind farm,9: wind farm,
9,wind farm,9: wind farm,
9,wind farm,9: wind farm,
9,wind farm,9: wind farm,
9,wind farm,9: wind farm,
9,wind farm,9: wind farm,
9,wind farm,9: wind farm,
9,wind farm,9: wind farm,
9,wind farm,9: wind farm,
9,wind farm,9: wind farm,
9,wind farm,9: wind farm,
9,wind farm,9: wind farm,
9,wind farm,9: wind farm,
9,wind farm,9: wind farm,
9,wind farm,9: wind farm,
9,wind farm,9: wind farm,
9,wind farm,9: wind farm,
9,wind farm,9: wind farm,
5,offshor grid,5: offshor grid,
5,offshor grid,5: offshor grid,
5,offshor grid,5: offshor grid,
5,offshor grid,5: offshor grid,
5,offshor grid,5: offshor grid,
5,offshor grid,5: offshor grid,
5,offshor grid,5: offshor grid,
5,offshor grid,5: offshor grid,
5,offshor grid,5: offshor grid,
5,offshor grid,5: offshor grid,
5,offshor grid,5: offshor grid,
5,offshor grid,5: offshor grid,
5,offshor grid,5: offshor grid,
5,offshor grid,5: offshor grid,
5,offshor grid,5: offshor grid,
5,offshor grid,5: offshor grid,
5,offshor grid,5: offshor grid,
5,offshor grid,5: offshor grid,
5,offshor grid,5: offshor grid,
5,offshor grid,5: offshor grid,
5,offshor grid,5: offshor grid,
5,offshor grid,5: offshor grid,
5,offshor grid,5: offshor grid,
5,offshor grid,5: offshor grid,
5,offshor grid,5: offshor grid,
5,offshor grid,5: offshor grid,
5,offshor grid,5: offshor grid,
5,offshor grid,5: offshor grid,
5,offshor grid,5: offshor grid,
5,offshor grid,5: offshor grid,
5,offshor grid,5: offshor grid,
5,offshor grid,5: offshor grid,
5,offshor grid,5: offshor grid,
5,offshor grid,5: offshor grid,
5,offshor grid,5: offshor grid,
5,offshor grid,5: offshor grid,
5,offshor grid,5: offshor grid,
5,offshor grid,5: offshor grid,
5,offshor grid,5: offshor grid,
5,offshor grid,5: offshor grid,
5,offshor grid,5: offshor grid,
5,offshor grid,5: offshor grid,
5,offshor grid,5: offshor grid,
5,offshor grid,5: offshor grid,
5,offshor grid,5: offshor grid,
5,offshor grid,5: offshor grid,
5,offshor grid,5: offshor grid,
5,offshor grid,5: offshor grid,
5,offshor grid,5: offshor grid,
5,offshor grid,5: offshor grid,
5,offshor grid,5: offshor grid,
5,offshor grid,5: offshor grid,
5,offshor grid,5: offshor grid,
5,offshor grid,5: offshor grid,
5,offshor grid,5: offshor grid,
5,offshor grid,5: offshor grid,
5,offshor grid,5: offshor grid,
5,offshor grid,5: offshor grid,
5,offshor grid,5: offshor grid,
5,offshor grid,5: offshor grid,
5,offshor grid,5: offshor grid,
5,offshor grid,5: offshor grid,
5,offshor grid,5: offshor grid,
5,offshor grid,5: offshor grid,
5,offshor grid,5: offshor grid,
5,offshor grid,5: offshor grid,
5,offshor grid,5: offshor grid,
5,offshor grid,5: offshor grid,
5,offshor grid,5: offshor grid,
5,offshor grid,5: offshor grid,
5,offshor grid,5: offshor grid,
5,offshor grid,5: offshor grid,
5,offshor grid,5: offshor grid,
5,offshor grid,5: offshor grid,
5,offshor grid,5: offshor grid,
5,offshor grid,5: offshor grid,
5,offshor grid,5: offshor grid,
5,offshor grid,5: offshor grid,
5,offshor grid,5: offshor grid,
5,offshor grid,5: offshor grid,
5,offshor grid,5: offshor grid,
5,offshor grid,5: offshor grid,
5,offshor grid,5: offshor grid,
5,offshor grid,5: offshor grid,
5,offshor grid,5: offshor grid,
5,offshor grid,5: offshor grid,
5,offshor grid,5: offshor grid,
5,offshor grid,5: offshor grid,
5,offshor grid,5: offshor grid,
5,offshor grid,5: offshor grid,
5,offshor grid,5: offshor grid,
5,offshor grid,5: offshor grid,
5,offshor grid,5: offshor grid,
5,offshor grid,5: offshor grid,
5,offshor grid,5: offshor grid,
5,offshor grid,5: offshor grid,
5,offshor grid,5: offshor grid,
5,offshor grid,5: offshor grid,
5,offshor grid,5: offshor grid,
5,offshor grid,5: offshor grid,
5,offshor grid,5: offshor grid,
5,offshor grid,5: offshor grid,
5,offshor grid,5: offshor grid,
5,offshor grid,5: offshor grid,
5,offshor grid,5: offshor grid,
5,offshor grid,5: offshor grid,
5,offshor grid,5: offshor grid,
5,offshor grid,5: offshor grid,
5,offshor grid,5: offshor grid,
5,offshor grid,5: offshor grid,
5,offshor grid,5: offshor grid,
5,offshor grid,5: offshor grid,
5,offshor grid,5: offshor grid,
5,offshor grid,5: offshor grid,
5,offshor grid,5: offshor grid,
5,offshor grid,5: offshor grid,
5,offshor grid,5: offshor grid,
5,offshor grid,5: offshor grid,
5,offshor grid,5: offshor grid,
5,offshor grid,5: offshor grid,
5,offshor grid,5: offshor grid,
5,offshor grid,5: offshor grid,
5,offshor grid,5: offshor grid,
5,offshor grid,5: offshor grid,
5,offshor grid,5: offshor grid,
5,offshor grid,5: offshor grid,
5,offshor grid,5: offshor grid,
5,offshor grid,5: offshor grid,
5,offshor grid,5: offshor grid,
5,offshor grid,5: offshor grid,
5,offshor grid,5: offshor grid,
5,offshor grid,5: offshor grid,
5,offshor grid,5: offshor grid,
5,offshor grid,5: offshor grid,
5,offshor grid,5: offshor grid,
5,offshor grid,5: offshor grid,
5,offshor grid,5: offshor grid,
5,offshor grid,5: offshor grid,
5,offshor grid,5: offshor grid,
5,offshor grid,5: offshor grid,
5,offshor grid,5: offshor grid,
5,offshor grid,5: offshor grid,
5,offshor grid,5: offshor grid,
5,offshor grid,5: offshor grid,
5,offshor grid,5: offshor grid,
5,offshor grid,5: offshor grid,
5,offshor grid,5: offshor grid,
5,offshor grid,5: offshor grid,
5,offshor grid,5: offshor grid,
5,offshor grid,5: offshor grid,
5,offshor grid,5: offshor grid,
5,offshor grid,5: offshor grid,
5,offshor grid,5: offshor grid,
5,offshor grid,5: offshor grid,
5,offshor grid,5: offshor grid,
5,offshor grid,5: offshor grid,
5,offshor grid,5: offshor grid,
5,offshor grid,5: offshor grid,
5,offshor grid,5: offshor grid,
5,offshor grid,5: offshor grid,
5,offshor grid,5: offshor grid,
5,offshor grid,5: offshor grid,
5,offshor grid,5: offshor grid,
5,offshor grid,5: offshor grid,
5,offshor grid,5: offshor grid,
5,offshor grid,5: offshor grid,
5,offshor grid,5: offshor grid,
5,offshor grid,5: offshor grid,
5,offshor grid,5: offshor grid,
5,offshor grid,5: offshor grid,
5,offshor grid,5: offshor grid,
5,offshor grid,5: offshor grid,
5,offshor grid,5: offshor grid,
5,offshor grid,5: offshor grid,
5,offshor grid,5: offshor grid,
5,offshor grid,5: offshor grid,
5,offshor grid,5: offshor grid,
5,offshor grid,5: offshor grid,
5,offshor grid,5: offshor grid,
5,offshor grid,5: offshor grid,
5,offshor grid,5: offshor grid,
5,offshor grid,5: offshor grid,
5,offshor grid,5: offshor grid,
5,offshor grid,5: offshor grid,
5,offshor grid,5: offshor grid,
5,offshor grid,5: offshor grid,
5,offshor grid,5: offshor grid,
5,offshor grid,5: offshor grid,
5,offshor grid,5: offshor grid,
5,offshor grid,5: offshor grid,
5,offshor grid,5: offshor grid,
5,offshor grid,5: offshor grid,
5,offshor grid,5: offshor grid,
5,offshor grid,5: offshor grid,
5,offshor grid,5: offshor grid,
5,offshor grid,5: offshor grid,
5,offshor grid,5: offshor grid,
5,offshor grid,5: offshor grid,
5,offshor grid,5: offshor grid,
5,offshor grid,5: offshor grid,
5,offshor grid,5: offshor grid,
5,offshor grid,5: offshor grid,
5,offshor grid,5: offshor grid,
5,offshor grid,5: offshor grid,
5,offshor grid,5: offshor grid,
5,offshor grid,5: offshor grid,
5,offshor grid,5: offshor grid,
5,offshor grid,5: offshor grid,
5,offshor grid,5: offshor grid,
5,offshor grid,5: offshor grid,
5,offshor grid,5: offshor grid,
5,offshor grid,5: offshor grid,
5,offshor grid,5: offshor grid,
5,offshor grid,5: offshor grid,
5,offshor grid,5: offshor grid,
5,offshor grid,5: offshor grid,
5,offshor grid,5: offshor grid,
5,offshor grid,5: offshor grid,
5,offshor grid,5: offshor grid,
5,offshor grid,5: offshor grid,
5,offshor grid,5: offshor grid,
5,offshor grid,5: offshor grid,
5,offshor grid,5: offshor grid,
5,offshor grid,5: offshor grid,
5,offshor grid,5: offshor grid,
5,offshor grid,5: offshor grid,
5,offshor grid,5: offshor grid,
5,offshor grid,5: offshor grid,
5,offshor grid,5: offshor grid,
5,offshor grid,5: offshor grid,
5,offshor grid,5: offshor grid,
5,offshor grid,5: offshor grid,
5,offshor grid,5: offshor grid,
5,offshor grid,5: offshor grid,
5,offshor grid,5: offshor grid,
5,offshor grid,5: offshor grid,
5,offshor grid,5: offshor grid,
5,offshor grid,5: offshor grid,
5,offshor grid,5: offshor grid,
5,offshor grid,5: offshor grid,
5,offshor grid,5: offshor grid,
5,offshor grid,5: offshor grid,
5,offshor grid,5: offshor grid,
5,offshor grid,5: offshor grid,
5,offshor grid,5: offshor grid,
5,offshor grid,5: offshor grid,
5,offshor grid,5: offshor grid,
5,offshor grid,5: offshor grid,
5,offshor grid,5: offshor grid,
5,offshor grid,5: offshor grid,
5,offshor grid,5: offshor grid,
5,offshor grid,5: offshor grid,
5,offshor grid,5: offshor grid,
5,offshor grid,5: offshor grid,
5,offshor grid,5: offshor grid,
5,offshor grid,5: offshor grid,
5,offshor grid,5: offshor grid,
5,offshor grid,5: offshor grid,
5,offshor grid,5: offshor grid,
5,offshor grid,5: offshor grid,
5,offshor grid,5: offshor grid,
5,offshor grid,5: offshor grid,
5,offshor grid,5: offshor grid,
5,offshor grid,5: offshor grid,
5,offshor grid,5: offshor grid,
5,offshor grid,5: offshor grid,
5,offshor grid,5: offshor grid,
5,offshor grid,5: offshor grid,
5,offshor grid,5: offshor grid,
5,offshor grid,5: offshor grid,
5,offshor grid,5: offshor grid,
5,offshor grid,5: offshor grid,
5,offshor grid,5: offshor grid,
5,offshor grid,5: offshor grid,
5,offshor grid,5: offshor grid,
5,offshor grid,5: offshor grid,
5,offshor grid,5: offshor grid,
5,offshor grid,5: offshor grid,
5,offshor grid,5: offshor grid,
5,offshor grid,5: offshor grid,
5,offshor grid,5: offshor grid,
5,offshor grid,5: offshor grid,
5,offshor grid,5: offshor grid,
5,offshor grid,5: offshor grid,
5,offshor grid,5: offshor grid,
5,offshor grid,5: offshor grid,
5,offshor grid,5: offshor grid,
5,offshor grid,5: offshor grid,
5,offshor grid,5: offshor grid,
5,offshor grid,5: offshor grid,
5,offshor grid,5: offshor grid,
5,offshor grid,5: offshor grid,
5,offshor grid,5: offshor grid,
5,offshor grid,5: offshor grid,
5,offshor grid,5: offshor grid,
5,offshor grid,5: offshor grid,
5,offshor grid,5: offshor grid,
5,offshor grid,5: offshor grid,
5,offshor grid,5: offshor grid,
5,offshor grid,5: offshor grid,
5,offshor grid,5: offshor grid,
5,offshor grid,5: offshor grid,
5,offshor grid,5: offshor grid,
5,offshor grid,5: offshor grid,
5,offshor grid,5: offshor grid,
5,offshor grid,5: offshor grid,
5,offshor grid,5: offshor grid,
5,offshor grid,5: offshor grid,
5,offshor grid,5: offshor grid,
5,offshor grid,5: offshor grid,
5,offshor grid,5: offshor grid,
5,offshor grid,5: offshor grid,
5,offshor grid,5: offshor grid,
5,offshor grid,5: offshor grid,
5,offshor grid,5: offshor grid,
5,offshor grid,5: offshor grid,
5,offshor grid,5: offshor grid,
5,offshor grid,5: offshor grid,
5,offshor grid,5: offshor grid,
5,offshor grid,5: offshor grid,
5,offshor grid,5: offshor grid,
5,offshor grid,5: offshor grid,
5,offshor grid,5: offshor grid,
5,offshor grid,5: offshor grid,
5,offshor grid,5: offshor grid,
5,offshor grid,5: offshor grid,
5,offshor grid,5: offshor grid,
5,offshor grid,5: offshor grid,
5,offshor grid,5: offshor grid,
5,offshor grid,5: offshor grid,
5,offshor grid,5: offshor grid,
5,offshor grid,5: offshor grid,
5,offshor grid,5: offshor grid,
5,offshor grid,5: offshor grid,
5,offshor grid,5: offshor grid,
5,offshor grid,5: offshor grid,
5,offshor grid,5: offshor grid,
5,offshor grid,5: offshor grid,
5,offshor grid,5: offshor grid,
5,offshor grid,5: offshor grid,
5,offshor grid,5: offshor grid,
5,offshor grid,5: offshor grid,
5,offshor grid,5: offshor grid,
5,offshor grid,5: offshor grid,
5,offshor grid,5: offshor grid,
5,offshor grid,5: offshor grid,
5,offshor grid,5: offshor grid,
5,offshor grid,5: offshor grid,
5,offshor grid,5: offshor grid,
5,offshor grid,5: offshor grid,
0,energi island,0: energi island,
0,energi island,0: energi island,
0,energi island,0: energi island,
0,energi island,0: energi island,
0,energi island,0: energi island,
0,energi island,0: energi island,
0,energi island,0: energi island,
0,energi island,0: energi island,
0,energi island,0: energi island,
0,energi island,0: energi island,
0,energi island,0: energi island,
0,energi island,0: energi island,
0,energi island,0: energi island,
0,energi island,0: energi island,
0,energi island,0: energi island,
0,energi island,0: energi island,
0,energi island,0: energi island,
0,energi island,0: energi island,
0,energi island,0: energi island,
0,energi island,0: energi island,
0,energi island,0: energi island,
0,energi island,0: energi island,
0,energi island,0: energi island,
0,energi island,0: energi island,
0,energi island,0: energi island,
0,energi island,0: energi island,
0,energi island,0: energi island,
0,energi island,0: energi island,
0,energi island,0: energi island,
0,energi island,0: energi island,
0,energi island,0: energi island,
0,energi island,0: energi island,
0,energi island,0: energi island,
0,energi island,0: energi island,
0,energi island,0: energi island,
0,energi island,0: energi island,
0,energi island,0: energi island,
0,energi island,0: energi island,
0,energi island,0: energi island,
0,energi island,0: energi island,
0,energi island,0: energi island,
0,energi island,0: energi island,
0,energi island,0: energi island,
0,energi island,0: energi island,
0,energi island,0: energi island,
0,energi island,0: energi island,
0,energi island,0: energi island,
0,energi island,0: energi island,
0,energi island,0: energi island,
0,energi island,0: energi island,
0,energi island,0: energi island,
0,energi island,0: energi island,
0,energi island,0: energi island,
0,energi island,0: energi island,
0,energi island,0: energi island,
0,energi island,0: energi island,
0,energi island,0: energi island,
0,energi island,0: energi island,
0,energi island,0: energi island,
0,energi island,0: energi island,
0,energi island,0: energi island,
0,energi island,0: energi island,
0,energi island,0: energi island,
0,energi island,0: energi island,
0,energi island,0: energi island,
0,energi island,0: energi island,
0,energi island,0: energi island,
0,energi island,0: energi island,
0,energi island,0: energi island,
0,energi island,0: energi island,
0,energi island,0: energi island,
0,energi island,0: energi island,
0,energi island,0: energi island,
0,energi island,0: energi island,
0,energi island,0: energi island,
0,energi island,0: energi island,
0,energi island,0: energi island,
0,energi island,0: energi island,
0,energi island,0: energi island,
0,energi island,0: energi island,
0,energi island,0: energi island,
0,energi island,0: energi island,
0,energi island,0: energi island,
0,energi island,0: energi island,
0,energi island,0: energi island,
0,energi island,0: energi island,
0,energi island,0: energi island,
0,energi island,0: energi island,
0,energi island,0: energi island,
0,energi island,0: energi island,
0,energi island,0: energi island,
0,energi island,0: energi island,
0,energi island,0: energi island,
0,energi island,0: energi island,
0,energi island,0: energi island,
0,energi island,0: energi island,
0,energi island,0: energi island,
0,energi island,0: energi island,
0,energi island,0: energi island,
0,energi island,0: energi island,
0,energi island,0: energi island,
0,energi island,0: energi island,
0,energi island,0: energi island,
0,energi island,0: energi island,
0,energi island,0: energi island,
0,energi island,0: energi island,
0,energi island,0: energi island,
0,energi island,0: energi island,
0,energi island,0: energi island,
0,energi island,0: energi island,
0,energi island,0: energi island,
0,energi island,0: energi island,
0,energi island,0: energi island,
0,energi island,0: energi island,
0,energi island,0: energi island,
0,energi island,0: energi island,
0,energi island,0: energi island,
0,energi island,0: energi island,
0,energi island,0: energi island,
0,energi island,0: energi island,
0,energi island,0: energi island,
0,energi island,0: energi island,
0,energi island,0: energi island,
0,energi island,0: energi island,
0,energi island,0: energi island,
0,energi island,0: energi island,
0,energi island,0: energi island,
0,energi island,0: energi island,
0,energi island,0: energi island,
0,energi island,0: energi island,
0,energi island,0: energi island,
0,energi island,0: energi island,
0,energi island,0: energi island,
0,energi island,0: energi island,
0,energi island,0: energi island,
0,energi island,0: energi island,
0,energi island,0: energi island,
0,energi island,0: energi island,
0,energi island,0: energi island,
0,energi island,0: energi island,
0,energi island,0: energi island,
0,energi island,0: energi island,
0,energi island,0: energi island,
0,energi island,0: energi island,
0,energi island,0: energi island,
0,energi island,0: energi island,
0,energi island,0: energi island,
0,energi island,0: energi island,
0,energi island,0: energi island,
0,energi island,0: energi island,
0,energi island,0: energi island,
0,energi island,0: energi island,
0,energi island,0: energi island,
0,energi island,0: energi island,
0,energi island,0: energi island,
0,energi island,0: energi island,
0,energi island,0: energi island,
1,abstract avail,1: abstract avail,
1,abstract avail,1: abstract avail,
1,abstract avail,1: abstract avail,
1,abstract avail,1: abstract avail,
1,abstract avail,1: abstract avail,
1,abstract avail,1: abstract avail,
1,abstract avail,1: abstract avail,
1,abstract avail,1: abstract avail,
1,abstract avail,1: abstract avail,
1,abstract avail,1: abstract avail,
1,abstract avail,1: abstract avail,
1,abstract avail,1: abstract avail,
1,abstract avail,1: abstract avail,
1,abstract avail,1: abstract avail,
1,abstract avail,1: abstract avail,
1,abstract avail,1: abstract avail,
1,abstract avail,1: abstract avail,
1,abstract avail,1: abstract avail,
1,abstract avail,1: abstract avail,
1,abstract avail,1: abstract avail,
1,abstract avail,1: abstract avail,
1,abstract avail,1: abstract avail,
1,abstract avail,1: abstract avail,
1,abstract avail,1: abstract avail,
1,abstract avail,1: abstract avail,
1,abstract avail,1: abstract avail,
1,abstract avail,1: abstract avail,
1,abstract avail,1: abstract avail,
1,abstract avail,1: abstract avail,
1,abstract avail,1: abstract avail,
1,abstract avail,1: abstract avail,
1,abstract avail,1: abstract avail,
1,abstract avail,1: abstract avail,
1,abstract avail,1: abstract avail,
1,abstract avail,1: abstract avail,
1,abstract avail,1: abstract avail,
1,abstract avail,1: abstract avail,
1,abstract avail,1: abstract avail,
1,abstract avail,1: abstract avail,
1,abstract avail,1: abstract avail,
1,abstract avail,1: abstract avail,
1,abstract avail,1: abstract avail,
1,abstract avail,1: abstract avail,
1,abstract avail,1: abstract avail,
1,abstract avail,1: abstract avail,
1,abstract avail,1: abstract avail,
1,abstract avail,1: abstract avail,
1,abstract avail,1: abstract avail,
1,abstract avail,1: abstract avail,
1,abstract avail,1: abstract avail,
1,abstract avail,1: abstract avail,
1,abstract avail,1: abstract avail,
1,abstract avail,1: abstract avail,
1,abstract avail,1: abstract avail,
1,abstract avail,1: abstract avail,
1,abstract avail,1: abstract avail,
1,abstract avail,1: abstract avail,
1,abstract avail,1: abstract avail,
1,abstract avail,1: abstract avail,
1,abstract avail,1: abstract avail,
1,abstract avail,1: abstract avail,
1,abstract avail,1: abstract avail,
1,abstract avail,1: abstract avail,
1,abstract avail,1: abstract avail,
1,abstract avail,1: abstract avail,
1,abstract avail,1: abstract avail,
1,abstract avail,1: abstract avail,
1,abstract avail,1: abstract avail,
1,abstract avail,1: abstract avail,
1,abstract avail,1: abstract avail,
1,abstract avail,1: abstract avail,
1,abstract avail,1: abstract avail,
1,abstract avail,1: abstract avail,
1,abstract avail,1: abstract avail,
1,abstract avail,1: abstract avail,
1,abstract avail,1: abstract avail,
1,abstract avail,1: abstract avail,
1,abstract avail,1: abstract avail,
1,abstract avail,1: abstract avail,
1,abstract avail,1: abstract avail,
1,abstract avail,1: abstract avail,
9,wind farm,9: wind farm,
9,wind farm,9: wind farm,
9,wind farm,9: wind farm,
9,wind farm,9: wind farm,
9,wind farm,9: wind farm,
9,wind farm,9: wind farm,
9,wind farm,9: wind farm,
9,wind farm,9: wind farm,
9,wind farm,9: wind farm,
9,wind farm,9: wind farm,
9,wind farm,9: wind farm,
9,wind farm,9: wind farm,
9,wind farm,9: wind farm,
9,wind farm,9: wind farm,
9,wind farm,9: wind farm,
9,wind farm,9: wind farm,
9,wind farm,9: wind farm,
9,wind farm,9: wind farm,
9,wind farm,9: wind farm,
9,wind farm,9: wind farm,
9,wind farm,9: wind farm,
9,wind farm,9: wind farm,
9,wind farm,9: wind farm,
9,wind farm,9: wind farm,
9,wind farm,9: wind farm,
9,wind farm,9: wind farm,
9,wind farm,9: wind farm,
9,wind farm,9: wind farm,
9,wind farm,9: wind farm,
9,wind farm,9: wind farm,
9,wind farm,9: wind farm,
9,wind farm,9: wind farm,
9,wind farm,9: wind farm,
9,wind farm,9: wind farm,
9,wind farm,9: wind farm,
9,wind farm,9: wind farm,
9,wind farm,9: wind farm,
9,wind farm,9: wind farm,
9,wind farm,9: wind farm,
9,wind farm,9: wind farm,
9,wind farm,9: wind farm,
9,wind farm,9: wind farm,
9,wind farm,9: wind farm,
9,wind farm,9: wind farm,
9,wind farm,9: wind farm,
9,wind farm,9: wind farm,
9,wind farm,9: wind farm,
9,wind farm,9: wind farm,
9,wind farm,9: wind farm,
9,wind farm,9: wind farm,
9,wind farm,9: wind farm,
9,wind farm,9: wind farm,
9,wind farm,9: wind farm,
9,wind farm,9: wind farm,
9,wind farm,9: wind farm,
9,wind farm,9: wind farm,
9,wind farm,9: wind farm,
9,wind farm,9: wind farm,
9,wind farm,9: wind farm,
9,wind farm,9: wind farm,
9,wind farm,9: wind farm,
9,wind farm,9: wind farm,
9,wind farm,9: wind farm,
9,wind farm,9: wind farm,
9,wind farm,9: wind farm,
9,wind farm,9: wind farm,
9,wind farm,9: wind farm,
9,wind farm,9: wind farm,
9,wind farm,9: wind farm,
9,wind farm,9: wind farm,
9,wind farm,9: wind farm,
9,wind farm,9: wind farm,
9,wind farm,9: wind farm,
9,wind farm,9: wind farm,
9,wind farm,9: wind farm,
9,wind farm,9: wind farm,
9,wind farm,9: wind farm,
9,wind farm,9: wind farm,
9,wind farm,9: wind farm,
9,wind farm,9: wind farm,
9,wind farm,9: wind farm,
9,wind farm,9: wind farm,
9,wind farm,9: wind farm,
9,wind farm,9: wind farm,
9,wind farm,9: wind farm,
9,wind farm,9: wind farm,
9,wind farm,9: wind farm,
9,wind farm,9: wind farm,
9,wind farm,9: wind farm,
9,wind farm,9: wind farm,
9,wind farm,9: wind farm,
9,wind farm,9: wind farm,
9,wind farm,9: wind farm,
9,wind farm,9: wind farm,
9,wind farm,9: wind farm,
9,wind farm,9: wind farm,
9,wind farm,9: wind farm,
9,wind farm,9: wind farm,
9,wind farm,9: wind farm,
9,wind farm,9: wind farm,
9,wind farm,9: wind farm,
9,wind farm,9: wind farm,
9,wind farm,9: wind farm,
9,wind farm,9: wind farm,
9,wind farm,9: wind farm,
9,wind farm,9: wind farm,
9,wind farm,9: wind farm,
9,wind farm,9: wind farm,
9,wind farm,9: wind farm,
9,wind farm,9: wind farm,
9,wind farm,9: wind farm,
9,wind farm,9: wind farm,
9,wind farm,9: wind farm,
9,wind farm,9: wind farm,
9,wind farm,9: wind farm,
9,wind farm,9: wind farm,
9,wind farm,9: wind farm,
9,wind farm,9: wind farm,
9,wind farm,9: wind farm,
9,wind farm,9: wind farm,
9,wind farm,9: wind farm,
9,wind farm,9: wind farm,
9,wind farm,9: wind farm,
9,wind farm,9: wind farm,
9,wind farm,9: wind farm,
9,wind farm,9: wind farm,
9,wind farm,9: wind farm,
9,wind farm,9: wind farm,
9,wind farm,9: wind farm,
9,wind farm,9: wind farm,
9,wind farm,9: wind farm,
9,wind farm,9: wind farm,
9,wind farm,9: wind farm,
9,wind farm,9: wind farm,
9,wind farm,9: wind farm,
9,wind farm,9: wind farm,
9,wind farm,9: wind farm,
9,wind farm,9: wind farm,
9,wind farm,9: wind farm,
9,wind farm,9: wind farm,
9,wind farm,9: wind farm,
9,wind farm,9: wind farm,
9,wind farm,9: wind farm,
9,wind farm,9: wind farm,
9,wind farm,9: wind farm,
9,wind farm,9: wind farm,
9,wind farm,9: wind farm,
9,wind farm,9: wind farm,
9,wind farm,9: wind farm,
9,wind farm,9: wind farm,
9,wind farm,9: wind farm,
9,wind farm,9: wind farm,
9,wind farm,9: wind farm,
9,wind farm,9: wind farm,
9,wind farm,9: wind farm,
9,wind farm,9: wind farm,
9,wind farm,9: wind farm,
9,wind farm,9: wind farm,
9,wind farm,9: wind farm,
9,wind farm,9: wind farm,
9,wind farm,9: wind farm,
9,wind farm,9: wind farm,
9,wind farm,9: wind farm,
9,wind farm,9: wind farm,
9,wind farm,9: wind farm,
9,wind farm,9: wind farm,
9,wind farm,9: wind farm,
9,wind farm,9: wind farm,
9,wind farm,9: wind farm,
9,wind farm,9: wind farm,
9,wind farm,9: wind farm,
9,wind farm,9: wind farm,
9,wind farm,9: wind farm,
9,wind farm,9: wind farm,
9,wind farm,9: wind farm,
9,wind farm,9: wind farm,
9,wind farm,9: wind farm,
9,wind farm,9: wind farm,
9,wind farm,9: wind farm,
9,wind farm,9: wind farm,
9,wind farm,9: wind farm,
9,wind farm,9: wind farm,
9,wind farm,9: wind farm,
9,wind farm,9: wind farm,
9,wind farm,9: wind farm,
9,wind farm,9: wind farm,
9,wind farm,9: wind farm,
9,wind farm,9: wind farm,
9,wind farm,9: wind farm,
9,wind farm,9: wind farm,
9,wind farm,9: wind farm,
9,wind farm,9: wind farm,
9,wind farm,9: wind farm,
9,wind farm,9: wind farm,
9,wind farm,9: wind farm,
9,wind farm,9: wind farm,
9,wind farm,9: wind farm,
9,wind farm,9: wind farm,
9,wind farm,9: wind farm,
9,wind farm,9: wind farm,
9,wind farm,9: wind farm,
9,wind farm,9: wind farm,
9,wind farm,9: wind farm,
9,wind farm,9: wind farm,
9,wind farm,9: wind farm,
9,wind farm,9: wind farm,
9,wind farm,9: wind farm,
9,wind farm,9: wind farm,
9,wind farm,9: wind farm,
9,wind farm,9: wind farm,
9,wind farm,9: wind farm,
9,wind farm,9: wind farm,
9,wind farm,9: wind farm,
9,wind farm,9: wind farm,
9,wind farm,9: wind farm,
9,wind farm,9: wind farm,
9,wind farm,9: wind farm,
9,wind farm,9: wind farm,
9,wind farm,9: wind farm,
9,wind farm,9: wind farm,
9,wind farm,9: wind farm,
9,wind farm,9: wind farm,
9,wind farm,9: wind farm,
9,wind farm,9: wind farm,
9,wind farm,9: wind farm,
9,wind farm,9: wind farm,
9,wind farm,9: wind farm,
9,wind farm,9: wind farm,
9,wind farm,9: wind farm,
9,wind farm,9: wind farm,
9,wind farm,9: wind farm,
9,wind farm,9: wind farm,
9,wind farm,9: wind farm,
9,wind farm,9: wind farm,
9,wind farm,9: wind farm,
9,wind farm,9: wind farm,
9,wind farm,9: wind farm,
9,wind farm,9: wind farm,
9,wind farm,9: wind farm,
9,wind farm,9: wind farm,
9,wind farm,9: wind farm,
9,wind farm,9: wind farm,
9,wind farm,9: wind farm,
9,wind farm,9: wind farm,
9,wind farm,9: wind farm,
9,wind farm,9: wind farm,
9,wind farm,9: wind farm,
9,wind farm,9: wind farm,
9,wind farm,9: wind farm,
9,wind farm,9: wind farm,
9,wind farm,9: wind farm,
9,wind farm,9: wind farm,
9,wind farm,9: wind farm,
9,wind farm,9: wind farm,
9,wind farm,9: wind farm,
9,wind farm,9: wind farm,
9,wind farm,9: wind farm,
9,wind farm,9: wind farm,
9,wind farm,9: wind farm,
9,wind farm,9: wind farm,
9,wind farm,9: wind farm,
9,wind farm,9: wind farm,
9,wind farm,9: wind farm,
9,wind farm,9: wind farm,
9,wind farm,9: wind farm,
9,wind farm,9: wind farm,
9,wind farm,9: wind farm,
9,wind farm,9: wind farm,
9,wind farm,9: wind farm,
9,wind farm,9: wind farm,
9,wind farm,9: wind farm,
9,wind farm,9: wind farm,
9,wind farm,9: wind farm,
9,wind farm,9: wind farm,
9,wind farm,9: wind farm,
9,wind farm,9: wind farm,
9,wind farm,9: wind farm,
9,wind farm,9: wind farm,
9,wind farm,9: wind farm,
9,wind farm,9: wind farm,
9,wind farm,9: wind farm,
9,wind farm,9: wind farm,
9,wind farm,9: wind farm,
9,wind farm,9: wind farm,
9,wind farm,9: wind farm,
9,wind farm,9: wind farm,
9,wind farm,9: wind farm,
9,wind farm,9: wind farm,
9,wind farm,9: wind farm,
9,wind farm,9: wind farm,
9,wind farm,9: wind farm,
9,wind farm,9: wind farm,
9,wind farm,9: wind farm,
9,wind farm,9: wind farm,
9,wind farm,9: wind farm,
9,wind farm,9: wind farm,
9,wind farm,9: wind farm,
9,wind farm,9: wind farm,
9,wind farm,9: wind farm,
9,wind farm,9: wind farm,
9,wind farm,9: wind farm,
9,wind farm,9: wind farm,
9,wind farm,9: wind farm,
9,wind farm,9: wind farm,
9,wind farm,9: wind farm,
9,wind farm,9: wind farm,
9,wind farm,9: wind farm,
9,wind farm,9: wind farm,
9,wind farm,9: wind farm,
9,wind farm,9: wind farm,
9,wind farm,9: wind farm,
9,wind farm,9: wind farm,
9,wind farm,9: wind farm,
9,wind farm,9: wind farm,
9,wind farm,9: wind farm,
9,wind farm,9: wind farm,
9,wind farm,9: wind farm,
9,wind farm,9: wind farm,
9,wind farm,9: wind farm,
9,wind farm,9: wind farm,
9,wind farm,9: wind farm,
9,wind farm,9: wind farm,
9,wind farm,9: wind farm,
9,wind farm,9: wind farm,
9,wind farm,9: wind farm,
9,wind farm,9: wind farm,
9,wind farm,9: wind farm,
9,wind farm,9: wind farm,
9,wind farm,9: wind farm,
9,wind farm,9: wind farm,
9,wind farm,9: wind farm,
9,wind farm,9: wind farm,
9,wind farm,9: wind farm,
9,wind farm,9: wind farm,
9,wind farm,9: wind farm,
9,wind farm,9: wind farm,
9,wind farm,9: wind farm,
9,wind farm,9: wind farm,
9,wind farm,9: wind farm,
9,wind farm,9: wind farm,
9,wind farm,9: wind farm,
9,wind farm,9: wind farm,
9,wind farm,9: wind farm,
9,wind farm,9: wind farm,
9,wind farm,9: wind farm,
9,wind farm,9: wind farm,
9,wind farm,9: wind farm,
9,wind farm,9: wind farm,
9,wind farm,9: wind farm,
9,wind farm,9: wind farm,
9,wind farm,9: wind farm,
9,wind farm,9: wind farm,
9,wind farm,9: wind farm,
9,wind farm,9: wind farm,
9,wind farm,9: wind farm,
9,wind farm,9: wind farm,
9,wind farm,9: wind farm,
9,wind farm,9: wind farm,
9,wind farm,9: wind farm,
9,wind farm,9: wind farm,
9,wind farm,9: wind farm,
9,wind farm,9: wind farm,
9,wind farm,9: wind farm,
9,wind farm,9: wind farm,
9,wind farm,9: wind farm,
9,wind farm,9: wind farm,
9,wind farm,9: wind farm,
9,wind farm,9: wind farm,
9,wind farm,9: wind farm,
9,wind farm,9: wind farm,
9,wind farm,9: wind farm,
9,wind farm,9: wind farm,
9,wind farm,9: wind farm,
9,wind farm,9: wind farm,
9,wind farm,9: wind farm,
9,wind farm,9: wind farm,
9,wind farm,9: wind farm,
9,wind farm,9: wind farm,
9,wind farm,9: wind farm,
9,wind farm,9: wind farm,
9,wind farm,9: wind farm,
9,wind farm,9: wind farm,
9,wind farm,9: wind farm,
9,wind farm,9: wind farm,
9,wind farm,9: wind farm,
9,wind farm,9: wind farm,
9,wind farm,9: wind farm,
9,wind farm,9: wind farm,
9,wind farm,9: wind farm,
9,wind farm,9: wind farm,
9,wind farm,9: wind farm,
9,wind farm,9: wind farm,
9,wind farm,9: wind farm,
9,wind farm,9: wind farm,
9,wind farm,9: wind farm,
9,wind farm,9: wind farm,
9,wind farm,9: wind farm,
9,wind farm,9: wind farm,
9,wind farm,9: wind farm,
9,wind farm,9: wind farm,
9,wind farm,9: wind farm,
9,wind farm,9: wind farm,
9,wind farm,9: wind farm,
9,wind farm,9: wind farm,
9,wind farm,9: wind farm,
9,wind farm,9: wind farm,
9,wind farm,9: wind farm,
9,wind farm,9: wind farm,
9,wind farm,9: wind farm,
9,wind farm,9: wind farm,
9,wind farm,9: wind farm,
9,wind farm,9: wind farm,
9,wind farm,9: wind farm,
9,wind farm,9: wind farm,
9,wind farm,9: wind farm,
9,wind farm,9: wind farm,
9,wind farm,9: wind farm,
9,wind farm,9: wind farm,
9,wind farm,9: wind farm,
9,wind farm,9: wind farm,
9,wind farm,9: wind farm,
9,wind farm,9: wind farm,
9,wind farm,9: wind farm,
9,wind farm,9: wind farm,
9,wind farm,9: wind farm,
9,wind farm,9: wind farm,
9,wind farm,9: wind farm,
9,wind farm,9: wind farm,
9,wind farm,9: wind farm,
9,wind farm,9: wind farm,
9,wind farm,9: wind farm,
9,wind farm,9: wind farm,
9,wind farm,9: wind farm,
9,wind farm,9: wind farm,
9,wind farm,9: wind farm,
9,wind farm,9: wind farm,
9,wind farm,9: wind farm,
9,wind farm,9: wind farm,
9,wind farm,9: wind farm,
9,wind farm,9: wind farm,
9,wind farm,9: wind farm,
9,wind farm,9: wind farm,
9,wind farm,9: wind farm,
9,wind farm,9: wind farm,
9,wind farm,9: wind farm,
9,wind farm,9: wind farm,
9,wind farm,9: wind farm,
9,wind farm,9: wind farm,
9,wind farm,9: wind farm,
9,wind farm,9: wind farm,
9,wind farm,9: wind farm,
9,wind farm,9: wind farm,
9,wind farm,9: wind farm,
9,wind farm,9: wind farm,
9,wind farm,9: wind farm,
9,wind farm,9: wind farm,
9,wind farm,9: wind farm,
9,wind farm,9: wind farm,
9,wind farm,9: wind farm,
9,wind farm,9: wind farm,
9,wind farm,9: wind farm,
9,wind farm,9: wind farm,
9,wind farm,9: wind farm,
9,wind farm,9: wind farm,
9,wind farm,9: wind farm,
9,wind farm,9: wind farm,
9,wind farm,9: wind farm,
9,wind farm,9: wind farm,
9,wind farm,9: wind farm,
9,wind farm,9: wind farm,
9,wind farm,9: wind farm,
9,wind farm,9: wind farm,
9,wind farm,9: wind farm,
9,wind farm,9: wind farm,
9,wind farm,9: wind farm,
9,wind farm,9: wind farm,
9,wind farm,9: wind farm,
9,wind farm,9: wind farm,
9,wind farm,9: wind farm,
9,wind farm,9: wind farm,
9,wind farm,9: wind farm,
9,wind farm,9: wind farm,
9,wind farm,9: wind farm,
7,renew energi,7: renew energi,
7,renew energi,7: renew energi,
7,renew energi,7: renew energi,
7,renew energi,7: renew energi,
7,renew energi,7: renew energi,
7,renew energi,7: renew energi,
7,renew energi,7: renew energi,
7,renew energi,7: renew energi,
7,renew energi,7: renew energi,
7,renew energi,7: renew energi,
7,renew energi,7: renew energi,
7,renew energi,7: renew energi,
7,renew energi,7: renew energi,
7,renew energi,7: renew energi,
7,renew energi,7: renew energi,
7,renew energi,7: renew energi,
7,renew energi,7: renew energi,
7,renew energi,7: renew energi,
7,renew energi,7: renew energi,
7,renew energi,7: renew energi,
7,renew energi,7: renew energi,
7,renew energi,7: renew energi,
7,renew energi,7: renew energi,
7,renew energi,7: renew energi,
7,renew energi,7: renew energi,
7,renew energi,7: renew energi,
7,renew energi,7: renew energi,
7,renew energi,7: renew energi,
7,renew energi,7: renew energi,
7,renew energi,7: renew energi,
7,renew energi,7: renew energi,
7,renew energi,7: renew energi,
7,renew energi,7: renew energi,
7,renew energi,7: renew energi,
7,renew energi,7: renew energi,
7,renew energi,7: renew energi,
7,renew energi,7: renew energi,
7,renew energi,7: renew energi,
7,renew energi,7: renew energi,
7,renew energi,7: renew energi,
7,renew energi,7: renew energi,
7,renew energi,7: renew energi,
7,renew energi,7: renew energi,
7,renew energi,7: renew energi,
7,renew energi,7: renew energi,
7,renew energi,7: renew energi,
7,renew energi,7: renew energi,
7,renew energi,7: renew energi,
7,renew energi,7: renew energi,
7,renew energi,7: renew energi,
7,renew energi,7: renew energi,
7,renew energi,7: renew energi,
7,renew energi,7: renew energi,
7,renew energi,7: renew energi,
7,renew energi,7: renew energi,
7,renew energi,7: renew energi,
7,renew energi,7: renew energi,
7,renew energi,7: renew energi,
7,renew energi,7: renew energi,
7,renew energi,7: renew energi,
7,renew energi,7: renew energi,
7,renew energi,7: renew energi,
7,renew energi,7: renew energi,
7,renew energi,7: renew energi,
7,renew energi,7: renew energi,
7,renew energi,7: renew energi,
7,renew energi,7: renew energi,
7,renew energi,7: renew energi,
7,renew energi,7: renew energi,
7,renew energi,7: renew energi,
7,renew energi,7: renew energi,
7,renew energi,7: renew energi,
7,renew energi,7: renew energi,
7,renew energi,7: renew energi,
7,renew energi,7: renew energi,
7,renew energi,7: renew energi,
7,renew energi,7: renew energi,
7,renew energi,7: renew energi,
7,renew energi,7: renew energi,
7,renew energi,7: renew energi,
7,renew energi,7: renew energi,
7,renew energi,7: renew energi,
7,renew energi,7: renew energi,
7,renew energi,7: renew energi,
7,renew energi,7: renew energi,
7,renew energi,7: renew energi,
7,renew energi,7: renew energi,
7,renew energi,7: renew energi,
7,renew energi,7: renew energi,
7,renew energi,7: renew energi,
7,renew energi,7: renew energi,
7,renew energi,7: renew energi,
7,renew energi,7: renew energi,
7,renew energi,7: renew energi,
7,renew energi,7: renew energi,
7,renew energi,7: renew energi,
7,renew energi,7: renew energi,
7,renew energi,7: renew energi,
7,renew energi,7: renew energi,
7,renew energi,7: renew energi,
7,renew energi,7: renew energi,
7,renew energi,7: renew energi,
7,renew energi,7: renew energi,
7,renew energi,7: renew energi,
7,renew energi,7: renew energi,
7,renew energi,7: renew energi,
7,renew energi,7: renew energi,
7,renew energi,7: renew energi,
7,renew energi,7: renew energi,
7,renew energi,7: renew energi,
7,renew energi,7: renew energi,
7,renew energi,7: renew energi,
7,renew energi,7: renew energi,
7,renew energi,7: renew energi,
7,renew energi,7: renew energi,
7,renew energi,7: renew energi,
7,renew energi,7: renew energi,
7,renew energi,7: renew energi,
7,renew energi,7: renew energi,
7,renew energi,7: renew energi,
7,renew energi,7: renew energi,
7,renew energi,7: renew energi,
7,renew energi,7: renew energi,
7,renew energi,7: renew energi,
7,renew energi,7: renew energi,
7,renew energi,7: renew energi,
7,renew energi,7: renew energi,
7,renew energi,7: renew energi,
7,renew energi,7: renew energi,
7,renew energi,7: renew energi,
7,renew energi,7: renew energi,
7,renew energi,7: renew energi,
7,renew energi,7: renew energi,
7,renew energi,7: renew energi,
7,renew energi,7: renew energi,
7,renew energi,7: renew energi,
7,renew energi,7: renew energi,
7,renew energi,7: renew energi,
7,renew energi,7: renew energi,
7,renew energi,7: renew energi,
7,renew energi,7: renew energi,
7,renew energi,7: renew energi,
7,renew energi,7: renew energi,
7,renew energi,7: renew energi,
7,renew energi,7: renew energi,
7,renew energi,7: renew energi,
5,offshor grid,5: offshor grid,
5,offshor grid,5: offshor grid,
5,offshor grid,5: offshor grid,
5,offshor grid,5: offshor grid,
5,offshor grid,5: offshor grid,
5,offshor grid,5: offshor grid,
5,offshor grid,5: offshor grid,
5,offshor grid,5: offshor grid,
5,offshor grid,5: offshor grid,
5,offshor grid,5: offshor grid,
5,offshor grid,5: offshor grid,
5,offshor grid,5: offshor grid,
5,offshor grid,5: offshor grid,
5,offshor grid,5: offshor grid,
5,offshor grid,5: offshor grid,
5,offshor grid,5: offshor grid,
5,offshor grid,5: offshor grid,
5,offshor grid,5: offshor grid,
5,offshor grid,5: offshor grid,
5,offshor grid,5: offshor grid,
5,offshor grid,5: offshor grid,
5,offshor grid,5: offshor grid,
5,offshor grid,5: offshor grid,
5,offshor grid,5: offshor grid,
5,offshor grid,5: offshor grid,
5,offshor grid,5: offshor grid,
5,offshor grid,5: offshor grid,
5,offshor grid,5: offshor grid,
5,offshor grid,5: offshor grid,
5,offshor grid,5: offshor grid,
5,offshor grid,5: offshor grid,
5,offshor grid,5: offshor grid,
5,offshor grid,5: offshor grid,
5,offshor grid,5: offshor grid,
5,offshor grid,5: offshor grid,
5,offshor grid,5: offshor grid,
5,offshor grid,5: offshor grid,
5,offshor grid,5: offshor grid,
5,offshor grid,5: offshor grid,
5,offshor grid,5: offshor grid,
5,offshor grid,5: offshor grid,
5,offshor grid,5: offshor grid,
5,offshor grid,5: offshor grid,
5,offshor grid,5: offshor grid,
5,offshor grid,5: offshor grid,
5,offshor grid,5: offshor grid,
5,offshor grid,5: offshor grid,
5,offshor grid,5: offshor grid,
5,offshor grid,5: offshor grid,
5,offshor grid,5: offshor grid,
5,offshor grid,5: offshor grid,
5,offshor grid,5: offshor grid,
5,offshor grid,5: offshor grid,
5,offshor grid,5: offshor grid,
5,offshor grid,5: offshor grid,
5,offshor grid,5: offshor grid,
5,offshor grid,5: offshor grid,
5,offshor grid,5: offshor grid,
5,offshor grid,5: offshor grid,
5,offshor grid,5: offshor grid,
5,offshor grid,5: offshor grid,
5,offshor grid,5: offshor grid,
5,offshor grid,5: offshor grid,
5,offshor grid,5: offshor grid,
5,offshor grid,5: offshor grid,
5,offshor grid,5: offshor grid,
5,offshor grid,5: offshor grid,
5,offshor grid,5: offshor grid,
5,offshor grid,5: offshor grid,
5,offshor grid,5: offshor grid,
5,offshor grid,5: offshor grid,
5,offshor grid,5: offshor grid,
5,offshor grid,5: offshor grid,
5,offshor grid,5: offshor grid,
5,offshor grid,5: offshor grid,
5,offshor grid,5: offshor grid,
5,offshor grid,5: offshor grid,
5,offshor grid,5: offshor grid,
5,offshor grid,5: offshor grid,
5,offshor grid,5: offshor grid,
5,offshor grid,5: offshor grid,
5,offshor grid,5: offshor grid,
5,offshor grid,5: offshor grid,
5,offshor grid,5: offshor grid,
5,offshor grid,5: offshor grid,
5,offshor grid,5: offshor grid,
5,offshor grid,5: offshor grid,
5,offshor grid,5: offshor grid,
5,offshor grid,5: offshor grid,
5,offshor grid,5: offshor grid,
5,offshor grid,5: offshor grid,
5,offshor grid,5: offshor grid,
5,offshor grid,5: offshor grid,
5,offshor grid,5: offshor grid,
5,offshor grid,5: offshor grid,
5,offshor grid,5: offshor grid,
5,offshor grid,5: offshor grid,
5,offshor grid,5: offshor grid,
5,offshor grid,5: offshor grid,
5,offshor grid,5: offshor grid,
5,offshor grid,5: offshor grid,
5,offshor grid,5: offshor grid,
5,offshor grid,5: offshor grid,
5,offshor grid,5: offshor grid,
5,offshor grid,5: offshor grid,
5,offshor grid,5: offshor grid,
5,offshor grid,5: offshor grid,
5,offshor grid,5: offshor grid,
5,offshor grid,5: offshor grid,
5,offshor grid,5: offshor grid,
5,offshor grid,5: offshor grid,
5,offshor grid,5: offshor grid,
5,offshor grid,5: offshor grid,
5,offshor grid,5: offshor grid,
5,offshor grid,5: offshor grid,
5,offshor grid,5: offshor grid,
5,offshor grid,5: offshor grid,
5,offshor grid,5: offshor grid,
5,offshor grid,5: offshor grid,
5,offshor grid,5: offshor grid,
5,offshor grid,5: offshor grid,
5,offshor grid,5: offshor grid,
5,offshor grid,5: offshor grid,
5,offshor grid,5: offshor grid,
5,offshor grid,5: offshor grid,
5,offshor grid,5: offshor grid,
5,offshor grid,5: offshor grid,
5,offshor grid,5: offshor grid,
5,offshor grid,5: offshor grid,
5,offshor grid,5: offshor grid,
5,offshor grid,5: offshor grid,
5,offshor grid,5: offshor grid,
5,offshor grid,5: offshor grid,
5,offshor grid,5: offshor grid,
5,offshor grid,5: offshor grid,
5,offshor grid,5: offshor grid,
5,offshor grid,5: offshor grid,
5,offshor grid,5: offshor grid,
5,offshor grid,5: offshor grid,
5,offshor grid,5: offshor grid,
5,offshor grid,5: offshor grid,
5,offshor grid,5: offshor grid,
5,offshor grid,5: offshor grid,
5,offshor grid,5: offshor grid,
5,offshor grid,5: offshor grid,
5,offshor grid,5: offshor grid,
5,offshor grid,5: offshor grid,
5,offshor grid,5: offshor grid,
5,offshor grid,5: offshor grid,
5,offshor grid,5: offshor grid,
5,offshor grid,5: offshor grid,
5,offshor grid,5: offshor grid,
5,offshor grid,5: offshor grid,
5,offshor grid,5: offshor grid,
5,offshor grid,5: offshor grid,
5,offshor grid,5: offshor grid,
5,offshor grid,5: offshor grid,
5,offshor grid,5: offshor grid,
5,offshor grid,5: offshor grid,
5,offshor grid,5: offshor grid,
5,offshor grid,5: offshor grid,
5,offshor grid,5: offshor grid,
5,offshor grid,5: offshor grid,
5,offshor grid,5: offshor grid,
5,offshor grid,5: offshor grid,
5,offshor grid,5: offshor grid,
5,offshor grid,5: offshor grid,
5,offshor grid,5: offshor grid,
5,offshor grid,5: offshor grid,
5,offshor grid,5: offshor grid,
5,offshor grid,5: offshor grid,
5,offshor grid,5: offshor grid,
5,offshor grid,5: offshor grid,
5,offshor grid,5: offshor grid,
5,offshor grid,5: offshor grid,
1,abstract avail,1: abstract avail,
1,abstract avail,1: abstract avail,
1,abstract avail,1: abstract avail,
1,abstract avail,1: abstract avail,
1,abstract avail,1: abstract avail,
1,abstract avail,1: abstract avail,
1,abstract avail,1: abstract avail,
1,abstract avail,1: abstract avail,
1,abstract avail,1: abstract avail,
1,abstract avail,1: abstract avail,
1,abstract avail,1: abstract avail,
1,abstract avail,1: abstract avail,
1,abstract avail,1: abstract avail,
1,abstract avail,1: abstract avail,
1,abstract avail,1: abstract avail,
1,abstract avail,1: abstract avail,
1,abstract avail,1: abstract avail,
1,abstract avail,1: abstract avail,
1,abstract avail,1: abstract avail,
1,abstract avail,1: abstract avail,
1,abstract avail,1: abstract avail,
1,abstract avail,1: abstract avail,
1,abstract avail,1: abstract avail,
1,abstract avail,1: abstract avail,
1,abstract avail,1: abstract avail,
1,abstract avail,1: abstract avail,
1,abstract avail,1: abstract avail,
1,abstract avail,1: abstract avail,
1,abstract avail,1: abstract avail,
1,abstract avail,1: abstract avail,
1,abstract avail,1: abstract avail,
1,abstract avail,1: abstract avail,
1,abstract avail,1: abstract avail,
1,abstract avail,1: abstract avail,
1,abstract avail,1: abstract avail,
1,abstract avail,1: abstract avail,
1,abstract avail,1: abstract avail,
1,abstract avail,1: abstract avail,
1,abstract avail,1: abstract avail,
1,abstract avail,1: abstract avail,
1,abstract avail,1: abstract avail,
1,abstract avail,1: abstract avail,
1,abstract avail,1: abstract avail,
1,abstract avail,1: abstract avail,
1,abstract avail,1: abstract avail,
1,abstract avail,1: abstract avail,
1,abstract avail,1: abstract avail,
1,abstract avail,1: abstract avail,
1,abstract avail,1: abstract avail,
1,abstract avail,1: abstract avail,
1,abstract avail,1: abstract avail,
1,abstract avail,1: abstract avail,
1,abstract avail,1: abstract avail,
1,abstract avail,1: abstract avail,
1,abstract avail,1: abstract avail,
1,abstract avail,1: abstract avail,
1,abstract avail,1: abstract avail,
1,abstract avail,1: abstract avail,
1,abstract avail,1: abstract avail,
1,abstract avail,1: abstract avail,
1,abstract avail,1: abstract avail,
1,abstract avail,1: abstract avail,
1,abstract avail,1: abstract avail,
1,abstract avail,1: abstract avail,
1,abstract avail,1: abstract avail,
1,abstract avail,1: abstract avail,
1,abstract avail,1: abstract avail,
1,abstract avail,1: abstract avail,
1,abstract avail,1: abstract avail,
1,abstract avail,1: abstract avail,
1,abstract avail,1: abstract avail,
1,abstract avail,1: abstract avail,
1,abstract avail,1: abstract avail,
1,abstract avail,1: abstract avail,
1,abstract avail,1: abstract avail,
1,abstract avail,1: abstract avail,
1,abstract avail,1: abstract avail,
1,abstract avail,1: abstract avail,
1,abstract avail,1: abstract avail,
1,abstract avail,1: abstract avail,
1,abstract avail,1: abstract avail,
9,wind farm,9: wind farm,
9,wind farm,9: wind farm,
9,wind farm,9: wind farm,
9,wind farm,9: wind farm,
9,wind farm,9: wind farm,
9,wind farm,9: wind farm,
9,wind farm,9: wind farm,
9,wind farm,9: wind farm,
9,wind farm,9: wind farm,
9,wind farm,9: wind farm,
9,wind farm,9: wind farm,
9,wind farm,9: wind farm,
9,wind farm,9: wind farm,
9,wind farm,9: wind farm,
9,wind farm,9: wind farm,
9,wind farm,9: wind farm,
9,wind farm,9: wind farm,
9,wind farm,9: wind farm,
9,wind farm,9: wind farm,
9,wind farm,9: wind farm,
9,wind farm,9: wind farm,
9,wind farm,9: wind farm,
9,wind farm,9: wind farm,
9,wind farm,9: wind farm,
9,wind farm,9: wind farm,
9,wind farm,9: wind farm,
9,wind farm,9: wind farm,
9,wind farm,9: wind farm,
9,wind farm,9: wind farm,
9,wind farm,9: wind farm,
9,wind farm,9: wind farm,
9,wind farm,9: wind farm,
9,wind farm,9: wind farm,
9,wind farm,9: wind farm,
9,wind farm,9: wind farm,
9,wind farm,9: wind farm,
9,wind farm,9: wind farm,
9,wind farm,9: wind farm,
9,wind farm,9: wind farm,
9,wind farm,9: wind farm,
9,wind farm,9: wind farm,
9,wind farm,9: wind farm,
9,wind farm,9: wind farm,
9,wind farm,9: wind farm,
9,wind farm,9: wind farm,
9,wind farm,9: wind farm,
9,wind farm,9: wind farm,
9,wind farm,9: wind farm,
9,wind farm,9: wind farm,
9,wind farm,9: wind farm,
9,wind farm,9: wind farm,
9,wind farm,9: wind farm,
9,wind farm,9: wind farm,
9,wind farm,9: wind farm,
9,wind farm,9: wind farm,
9,wind farm,9: wind farm,
9,wind farm,9: wind farm,
9,wind farm,9: wind farm,
9,wind farm,9: wind farm,
9,wind farm,9: wind farm,
9,wind farm,9: wind farm,
9,wind farm,9: wind farm,
9,wind farm,9: wind farm,
9,wind farm,9: wind farm,
9,wind farm,9: wind farm,
9,wind farm,9: wind farm,
9,wind farm,9: wind farm,
9,wind farm,9: wind farm,
9,wind farm,9: wind farm,
9,wind farm,9: wind farm,
9,wind farm,9: wind farm,
9,wind farm,9: wind farm,
9,wind farm,9: wind farm,
9,wind farm,9: wind farm,
9,wind farm,9: wind farm,
9,wind farm,9: wind farm,
9,wind farm,9: wind farm,
9,wind farm,9: wind farm,
9,wind farm,9: wind farm,
9,wind farm,9: wind farm,
9,wind farm,9: wind farm,
9,wind farm,9: wind farm,
9,wind farm,9: wind farm,
9,wind farm,9: wind farm,
9,wind farm,9: wind farm,
9,wind farm,9: wind farm,
9,wind farm,9: wind farm,
9,wind farm,9: wind farm,
9,wind farm,9: wind farm,
9,wind farm,9: wind farm,
9,wind farm,9: wind farm,
9,wind farm,9: wind farm,
9,wind farm,9: wind farm,
9,wind farm,9: wind farm,
9,wind farm,9: wind farm,
9,wind farm,9: wind farm,
9,wind farm,9: wind farm,
9,wind farm,9: wind farm,
9,wind farm,9: wind farm,
9,wind farm,9: wind farm,
9,wind farm,9: wind farm,
9,wind farm,9: wind farm,
9,wind farm,9: wind farm,
9,wind farm,9: wind farm,
9,wind farm,9: wind farm,
9,wind farm,9: wind farm,
9,wind farm,9: wind farm,
9,wind farm,9: wind farm,
9,wind farm,9: wind farm,
9,wind farm,9: wind farm,
9,wind farm,9: wind farm,
9,wind farm,9: wind farm,
9,wind farm,9: wind farm,
9,wind farm,9: wind farm,
9,wind farm,9: wind farm,
9,wind farm,9: wind farm,
9,wind farm,9: wind farm,
9,wind farm,9: wind farm,
9,wind farm,9: wind farm,
9,wind farm,9: wind farm,
9,wind farm,9: wind farm,
9,wind farm,9: wind farm,
9,wind farm,9: wind farm,
9,wind farm,9: wind farm,
9,wind farm,9: wind farm,
9,wind farm,9: wind farm,
9,wind farm,9: wind farm,
9,wind farm,9: wind farm,
9,wind farm,9: wind farm,
9,wind farm,9: wind farm,
9,wind farm,9: wind farm,
9,wind farm,9: wind farm,
9,wind farm,9: wind farm,
9,wind farm,9: wind farm,
9,wind farm,9: wind farm,
9,wind farm,9: wind farm,
9,wind farm,9: wind farm,
9,wind farm,9: wind farm,
9,wind farm,9: wind farm,
9,wind farm,9: wind farm,
9,wind farm,9: wind farm,
9,wind farm,9: wind farm,
9,wind farm,9: wind farm,
9,wind farm,9: wind farm,
9,wind farm,9: wind farm,
9,wind farm,9: wind farm,
9,wind farm,9: wind farm,
9,wind farm,9: wind farm,
9,wind farm,9: wind farm,
9,wind farm,9: wind farm,
9,wind farm,9: wind farm,
9,wind farm,9: wind farm,
9,wind farm,9: wind farm,
9,wind farm,9: wind farm,
9,wind farm,9: wind farm,
9,wind farm,9: wind farm,
9,wind farm,9: wind farm,
9,wind farm,9: wind farm,
9,wind farm,9: wind farm,
9,wind farm,9: wind farm,
9,wind farm,9: wind farm,
7,renew energi,7: renew energi,
7,renew energi,7: renew energi,
7,renew energi,7: renew energi,
7,renew energi,7: renew energi,
7,renew energi,7: renew energi,
7,renew energi,7: renew energi,
7,renew energi,7: renew energi,
7,renew energi,7: renew energi,
7,renew energi,7: renew energi,
7,renew energi,7: renew energi,
7,renew energi,7: renew energi,
7,renew energi,7: renew energi,
7,renew energi,7: renew energi,
7,renew energi,7: renew energi,
7,renew energi,7: renew energi,
7,renew energi,7: renew energi,
7,renew energi,7: renew energi,
7,renew energi,7: renew energi,
7,renew energi,7: renew energi,
7,renew energi,7: renew energi,
7,renew energi,7: renew energi,
7,renew energi,7: renew energi,
7,renew energi,7: renew energi,
7,renew energi,7: renew energi,
7,renew energi,7: renew energi,
7,renew energi,7: renew energi,
7,renew energi,7: renew energi,
7,renew energi,7: renew energi,
7,renew energi,7: renew energi,
7,renew energi,7: renew energi,
7,renew energi,7: renew energi,
7,renew energi,7: renew energi,
7,renew energi,7: renew energi,
7,renew energi,7: renew energi,
7,renew energi,7: renew energi,
7,renew energi,7: renew energi,
7,renew energi,7: renew energi,
7,renew energi,7: renew energi,
7,renew energi,7: renew energi,
7,renew energi,7: renew energi,
7,renew energi,7: renew energi,
7,renew energi,7: renew energi,
7,renew energi,7: renew energi,
7,renew energi,7: renew energi,
7,renew energi,7: renew energi,
7,renew energi,7: renew energi,
7,renew energi,7: renew energi,
7,renew energi,7: renew energi,
7,renew energi,7: renew energi,
7,renew energi,7: renew energi,
7,renew energi,7: renew energi,
7,renew energi,7: renew energi,
7,renew energi,7: renew energi,
7,renew energi,7: renew energi,
7,renew energi,7: renew energi,
7,renew energi,7: renew energi,
7,renew energi,7: renew energi,
7,renew energi,7: renew energi,
7,renew energi,7: renew energi,
7,renew energi,7: renew energi,
7,renew energi,7: renew energi,
7,renew energi,7: renew energi,
7,renew energi,7: renew energi,
7,renew energi,7: renew energi,
7,renew energi,7: renew energi,
7,renew energi,7: renew energi,
7,renew energi,7: renew energi,
7,renew energi,7: renew energi,
7,renew energi,7: renew energi,
7,renew energi,7: renew energi,
7,renew energi,7: renew energi,
7,renew energi,7: renew energi,
7,renew energi,7: renew energi,
7,renew energi,7: renew energi,
7,renew energi,7: renew energi,
7,renew energi,7: renew energi,
7,renew energi,7: renew energi,
7,renew energi,7: renew energi,
7,renew energi,7: renew energi,
7,renew energi,7: renew energi,
7,renew energi,7: renew energi,
7,renew energi,7: renew energi,
7,renew energi,7: renew energi,
7,renew energi,7: renew energi,
7,renew energi,7: renew energi,
7,renew energi,7: renew energi,
7,renew energi,7: renew energi,
7,renew energi,7: renew energi,
7,renew energi,7: renew energi,
7,renew energi,7: renew energi,
7,renew energi,7: renew energi,
7,renew energi,7: renew energi,
7,renew energi,7: renew energi,
7,renew energi,7: renew energi,
7,renew energi,7: renew energi,
7,renew energi,7: renew energi,
7,renew energi,7: renew energi,
7,renew energi,7: renew energi,
7,renew energi,7: renew energi,
7,renew energi,7: renew energi,
7,renew energi,7: renew energi,
7,renew energi,7: renew energi,
7,renew energi,7: renew energi,
7,renew energi,7: renew energi,
7,renew energi,7: renew energi,
7,renew energi,7: renew energi,
7,renew energi,7: renew energi,
7,renew energi,7: renew energi,
7,renew energi,7: renew energi,
7,renew energi,7: renew energi,
7,renew energi,7: renew energi,
7,renew energi,7: renew energi,
7,renew energi,7: renew energi,
7,renew energi,7: renew energi,
7,renew energi,7: renew energi,
7,renew energi,7: renew energi,
7,renew energi,7: renew energi,
7,renew energi,7: renew energi,
7,renew energi,7: renew energi,
7,renew energi,7: renew energi,
7,renew energi,7: renew energi,
7,renew energi,7: renew energi,
7,renew energi,7: renew energi,
7,renew energi,7: renew energi,
7,renew energi,7: renew energi,
7,renew energi,7: renew energi,
7,renew energi,7: renew energi,
7,renew energi,7: renew energi,
7,renew energi,7: renew energi,
7,renew energi,7: renew energi,
7,renew energi,7: renew energi,
7,renew energi,7: renew energi,
7,renew energi,7: renew energi,
7,renew energi,7: renew energi,
7,renew energi,7: renew energi,
7,renew energi,7: renew energi,
7,renew energi,7: renew energi,
7,renew energi,7: renew energi,
7,renew energi,7: renew energi,
7,renew energi,7: renew energi,
7,renew energi,7: renew energi,
7,renew energi,7: renew energi,
7,renew energi,7: renew energi,
7,renew energi,7: renew energi,
7,renew energi,7: renew energi,
7,renew energi,7: renew energi,
5,offshor grid,5: offshor grid,
5,offshor grid,5: offshor grid,
5,offshor grid,5: offshor grid,
5,offshor grid,5: offshor grid,
5,offshor grid,5: offshor grid,
5,offshor grid,5: offshor grid,
5,offshor grid,5: offshor grid,
5,offshor grid,5: offshor grid,
5,offshor grid,5: offshor grid,
5,offshor grid,5: offshor grid,
5,offshor grid,5: offshor grid,
5,offshor grid,5: offshor grid,
5,offshor grid,5: offshor grid,
5,offshor grid,5: offshor grid,
5,offshor grid,5: offshor grid,
5,offshor grid,5: offshor grid,
5,offshor grid,5: offshor grid,
5,offshor grid,5: offshor grid,
5,offshor grid,5: offshor grid,
5,offshor grid,5: offshor grid,
5,offshor grid,5: offshor grid,
5,offshor grid,5: offshor grid,
5,offshor grid,5: offshor grid,
5,offshor grid,5: offshor grid,
5,offshor grid,5: offshor grid,
5,offshor grid,5: offshor grid,
5,offshor grid,5: offshor grid,
5,offshor grid,5: offshor grid,
5,offshor grid,5: offshor grid,
5,offshor grid,5: offshor grid,
5,offshor grid,5: offshor grid,
5,offshor grid,5: offshor grid,
5,offshor grid,5: offshor grid,
5,offshor grid,5: offshor grid,
5,offshor grid,5: offshor grid,
5,offshor grid,5: offshor grid,
5,offshor grid,5: offshor grid,
5,offshor grid,5: offshor grid,
5,offshor grid,5: offshor grid,
5,offshor grid,5: offshor grid,
5,offshor grid,5: offshor grid,
5,offshor grid,5: offshor grid,
5,offshor grid,5: offshor grid,
5,offshor grid,5: offshor grid,
5,offshor grid,5: offshor grid,
5,offshor grid,5: offshor grid,
5,offshor grid,5: offshor grid,
5,offshor grid,5: offshor grid,
5,offshor grid,5: offshor grid,
5,offshor grid,5: offshor grid,
5,offshor grid,5: offshor grid,
5,offshor grid,5: offshor grid,
5,offshor grid,5: offshor grid,
5,offshor grid,5: offshor grid,
5,offshor grid,5: offshor grid,
5,offshor grid,5: offshor grid,
5,offshor grid,5: offshor grid,
5,offshor grid,5: offshor grid,
5,offshor grid,5: offshor grid,
5,offshor grid,5: offshor grid,
5,offshor grid,5: offshor grid,
5,offshor grid,5: offshor grid,
5,offshor grid,5: offshor grid,
5,offshor grid,5: offshor grid,
5,offshor grid,5: offshor grid,
5,offshor grid,5: offshor grid,
5,offshor grid,5: offshor grid,
5,offshor grid,5: offshor grid,
5,offshor grid,5: offshor grid,
5,offshor grid,5: offshor grid,
5,offshor grid,5: offshor grid,
5,offshor grid,5: offshor grid,
5,offshor grid,5: offshor grid,
5,offshor grid,5: offshor grid,
5,offshor grid,5: offshor grid,
5,offshor grid,5: offshor grid,
5,offshor grid,5: offshor grid,
5,offshor grid,5: offshor grid,
5,offshor grid,5: offshor grid,
5,offshor grid,5: offshor grid,
5,offshor grid,5: offshor grid,
5,offshor grid,5: offshor grid,
5,offshor grid,5: offshor grid,
5,offshor grid,5: offshor grid,
5,offshor grid,5: offshor grid,
5,offshor grid,5: offshor grid,
5,offshor grid,5: offshor grid,
5,offshor grid,5: offshor grid,
5,offshor grid,5: offshor grid,
5,offshor grid,5: offshor grid,
5,offshor grid,5: offshor grid,
5,offshor grid,5: offshor grid,
5,offshor grid,5: offshor grid,
5,offshor grid,5: offshor grid,
5,offshor grid,5: offshor grid,
5,offshor grid,5: offshor grid,
5,offshor grid,5: offshor grid,
5,offshor grid,5: offshor grid,
5,offshor grid,5: offshor grid,
5,offshor grid,5: offshor grid,
5,offshor grid,5: offshor grid,
5,offshor grid,5: offshor grid,
5,offshor grid,5: offshor grid,
5,offshor grid,5: offshor grid,
5,offshor grid,5: offshor grid,
5,offshor grid,5: offshor grid,
5,offshor grid,5: offshor grid,
5,offshor grid,5: offshor grid,
5,offshor grid,5: offshor grid,
5,offshor grid,5: offshor grid,
5,offshor grid,5: offshor grid,
5,offshor grid,5: offshor grid,
5,offshor grid,5: offshor grid,
5,offshor grid,5: offshor grid,
5,offshor grid,5: offshor grid,
5,offshor grid,5: offshor grid,
5,offshor grid,5: offshor grid,
5,offshor grid,5: offshor grid,
5,offshor grid,5: offshor grid,
5,offshor grid,5: offshor grid,
5,offshor grid,5: offshor grid,
5,offshor grid,5: offshor grid,
5,offshor grid,5: offshor grid,
5,offshor grid,5: offshor grid,
5,offshor grid,5: offshor grid,
5,offshor grid,5: offshor grid,
5,offshor grid,5: offshor grid,
5,offshor grid,5: offshor grid,
5,offshor grid,5: offshor grid,
5,offshor grid,5: offshor grid,
5,offshor grid,5: offshor grid,
5,offshor grid,5: offshor grid,
5,offshor grid,5: offshor grid,
5,offshor grid,5: offshor grid,
5,offshor grid,5: offshor grid,
5,offshor grid,5: offshor grid,
5,offshor grid,5: offshor grid,
5,offshor grid,5: offshor grid,
5,offshor grid,5: offshor grid,
5,offshor grid,5: offshor grid,
5,offshor grid,5: offshor grid,
5,offshor grid,5: offshor grid,
5,offshor grid,5: offshor grid,
5,offshor grid,5: offshor grid,
5,offshor grid,5: offshor grid,
5,offshor grid,5: offshor grid,
5,offshor grid,5: offshor grid,
5,offshor grid,5: offshor grid,
5,offshor grid,5: offshor grid,
5,offshor grid,5: offshor grid,
5,offshor grid,5: offshor grid,
5,offshor grid,5: offshor grid,
5,offshor grid,5: offshor grid,
5,offshor grid,5: offshor grid,
5,offshor grid,5: offshor grid,
5,offshor grid,5: offshor grid,
5,offshor grid,5: offshor grid,
5,offshor grid,5: offshor grid,
5,offshor grid,5: offshor grid,
5,offshor grid,5: offshor grid,
5,offshor grid,5: offshor grid,
5,offshor grid,5: offshor grid,
5,offshor grid,5: offshor grid,
5,offshor grid,5: offshor grid,
5,offshor grid,5: offshor grid,
5,offshor grid,5: offshor grid,
5,offshor grid,5: offshor grid,
5,offshor grid,5: offshor grid,
5,offshor grid,5: offshor grid,
5,offshor grid,5: offshor grid,
5,offshor grid,5: offshor grid,
5,offshor grid,5: offshor grid,
5,offshor grid,5: offshor grid,
5,offshor grid,5: offshor grid,
5,offshor grid,5: offshor grid,
5,offshor grid,5: offshor grid,
5,offshor grid,5: offshor grid,
5,offshor grid,5: offshor grid,
5,offshor grid,5: offshor grid,
5,offshor grid,5: offshor grid,
5,offshor grid,5: offshor grid,
5,offshor grid,5: offshor grid,
5,offshor grid,5: offshor grid,
5,offshor grid,5: offshor grid,
5,offshor grid,5: offshor grid,
5,offshor grid,5: offshor grid,
5,offshor grid,5: offshor grid,
5,offshor grid,5: offshor grid,
5,offshor grid,5: offshor grid,
5,offshor grid,5: offshor grid,
5,offshor grid,5: offshor grid,
5,offshor grid,5: offshor grid,
5,offshor grid,5: offshor grid,
5,offshor grid,5: offshor grid,
5,offshor grid,5: offshor grid,
5,offshor grid,5: offshor grid,
5,offshor grid,5: offshor grid,
5,offshor grid,5: offshor grid,
5,offshor grid,5: offshor grid,
5,offshor grid,5: offshor grid,
5,offshor grid,5: offshor grid,
5,offshor grid,5: offshor grid,
5,offshor grid,5: offshor grid,
5,offshor grid,5: offshor grid,
5,offshor grid,5: offshor grid,
5,offshor grid,5: offshor grid,
5,offshor grid,5: offshor grid,
5,offshor grid,5: offshor grid,
5,offshor grid,5: offshor grid,
5,offshor grid,5: offshor grid,
5,offshor grid,5: offshor grid,
5,offshor grid,5: offshor grid,
5,offshor grid,5: offshor grid,
5,offshor grid,5: offshor grid,
5,offshor grid,5: offshor grid,
5,offshor grid,5: offshor grid,
5,offshor grid,5: offshor grid,
5,offshor grid,5: offshor grid,
5,offshor grid,5: offshor grid,
5,offshor grid,5: offshor grid,
5,offshor grid,5: offshor grid,
5,offshor grid,5: offshor grid,
5,offshor grid,5: offshor grid,
5,offshor grid,5: offshor grid,
5,offshor grid,5: offshor grid,
5,offshor grid,5: offshor grid,
5,offshor grid,5: offshor grid,
5,offshor grid,5: offshor grid,
5,offshor grid,5: offshor grid,
5,offshor grid,5: offshor grid,
5,offshor grid,5: offshor grid,
5,offshor grid,5: offshor grid,
5,offshor grid,5: offshor grid,
5,offshor grid,5: offshor grid,
5,offshor grid,5: offshor grid,
5,offshor grid,5: offshor grid,
5,offshor grid,5: offshor grid,
5,offshor grid,5: offshor grid,
5,offshor grid,5: offshor grid,
5,offshor grid,5: offshor grid,
5,offshor grid,5: offshor grid,
5,offshor grid,5: offshor grid,
5,offshor grid,5: offshor grid,
5,offshor grid,5: offshor grid,
5,offshor grid,5: offshor grid,
5,offshor grid,5: offshor grid,
5,offshor grid,5: offshor grid,
5,offshor grid,5: offshor grid,
5,offshor grid,5: offshor grid,
5,offshor grid,5: offshor grid,
5,offshor grid,5: offshor grid,
5,offshor grid,5: offshor grid,
5,offshor grid,5: offshor grid,
5,offshor grid,5: offshor grid,
5,offshor grid,5: offshor grid,
5,offshor grid,5: offshor grid,
5,offshor grid,5: offshor grid,
5,offshor grid,5: offshor grid,
5,offshor grid,5: offshor grid,
5,offshor grid,5: offshor grid,
5,offshor grid,5: offshor grid,
5,offshor grid,5: offshor grid,
5,offshor grid,5: offshor grid,
5,offshor grid,5: offshor grid,
5,offshor grid,5: offshor grid,
5,offshor grid,5: offshor grid,
5,offshor grid,5: offshor grid,
5,offshor grid,5: offshor grid,
5,offshor grid,5: offshor grid,
5,offshor grid,5: offshor grid,
5,offshor grid,5: offshor grid,
5,offshor grid,5: offshor grid,
5,offshor grid,5: offshor grid,
5,offshor grid,5: offshor grid,
5,offshor grid,5: offshor grid,
5,offshor grid,5: offshor grid,
5,offshor grid,5: offshor grid,
5,offshor grid,5: offshor grid,
5,offshor grid,5: offshor grid,
5,offshor grid,5: offshor grid,
5,offshor grid,5: offshor grid,
5,offshor grid,5: offshor grid,
5,offshor grid,5: offshor grid,
5,offshor grid,5: offshor grid,
5,offshor grid,5: offshor grid,
5,offshor grid,5: offshor grid,
5,offshor grid,5: offshor grid,
5,offshor grid,5: offshor grid,
5,offshor grid,5: offshor grid,
5,offshor grid,5: offshor grid,
5,offshor grid,5: offshor grid,
5,offshor grid,5: offshor grid,
5,offshor grid,5: offshor grid,
5,offshor grid,5: offshor grid,
5,offshor grid,5: offshor grid,
5,offshor grid,5: offshor grid,
5,offshor grid,5: offshor grid,
5,offshor grid,5: offshor grid,
5,offshor grid,5: offshor grid,
5,offshor grid,5: offshor grid,
5,offshor grid,5: offshor grid,
5,offshor grid,5: offshor grid,
5,offshor grid,5: offshor grid,
5,offshor grid,5: offshor grid,
5,offshor grid,5: offshor grid,
5,offshor grid,5: offshor grid,
5,offshor grid,5: offshor grid,
5,offshor grid,5: offshor grid,
5,offshor grid,5: offshor grid,
5,offshor grid,5: offshor grid,
5,offshor grid,5: offshor grid,
5,offshor grid,5: offshor grid,
5,offshor grid,5: offshor grid,
5,offshor grid,5: offshor grid,
5,offshor grid,5: offshor grid,
5,offshor grid,5: offshor grid,
5,offshor grid,5: offshor grid,
5,offshor grid,5: offshor grid,
5,offshor grid,5: offshor grid,
5,offshor grid,5: offshor grid,
5,offshor grid,5: offshor grid,
5,offshor grid,5: offshor grid,
5,offshor grid,5: offshor grid,
5,offshor grid,5: offshor grid,
5,offshor grid,5: offshor grid,
5,offshor grid,5: offshor grid,
5,offshor grid,5: offshor grid,
5,offshor grid,5: offshor grid,
5,offshor grid,5: offshor grid,
5,offshor grid,5: offshor grid,
5,offshor grid,5: offshor grid,
5,offshor grid,5: offshor grid,
5,offshor grid,5: offshor grid,
5,offshor grid,5: offshor grid,
5,offshor grid,5: offshor grid,
5,offshor grid,5: offshor grid,
5,offshor grid,5: offshor grid,
5,offshor grid,5: offshor grid,
5,offshor grid,5: offshor grid,
5,offshor grid,5: offshor grid,
5,offshor grid,5: offshor grid,
5,offshor grid,5: offshor grid,
5,offshor grid,5: offshor grid,
5,offshor grid,5: offshor grid,
5,offshor grid,5: offshor grid,
5,offshor grid,5: offshor grid,
5,offshor grid,5: offshor grid,
5,offshor grid,5: offshor grid,
5,offshor grid,5: offshor grid,
5,offshor grid,5: offshor grid,
5,offshor grid,5: offshor grid,
5,offshor grid,5: offshor grid,
5,offshor grid,5: offshor grid,
5,offshor grid,5: offshor grid,
5,offshor grid,5: offshor grid,
5,offshor grid,5: offshor grid,
5,offshor grid,5: offshor grid,
5,offshor grid,5: offshor grid,
5,offshor grid,5: offshor grid,
5,offshor grid,5: offshor grid,
5,offshor grid,5: offshor grid,
5,offshor grid,5: offshor grid,
5,offshor grid,5: offshor grid,
5,offshor grid,5: offshor grid,
5,offshor grid,5: offshor grid,
5,offshor grid,5: offshor grid,
5,offshor grid,5: offshor grid,
5,offshor grid,5: offshor grid,
5,offshor grid,5: offshor grid,
5,offshor grid,5: offshor grid,
5,offshor grid,5: offshor grid,
5,offshor grid,5: offshor grid,
5,offshor grid,5: offshor grid,
5,offshor grid,5: offshor grid,
5,offshor grid,5: offshor grid,
5,offshor grid,5: offshor grid,
5,offshor grid,5: offshor grid,
5,offshor grid,5: offshor grid,
5,offshor grid,5: offshor grid,
5,offshor grid,5: offshor grid,
5,offshor grid,5: offshor grid,
5,offshor grid,5: offshor grid,
5,offshor grid,5: offshor grid,
5,offshor grid,5: offshor grid,
5,offshor grid,5: offshor grid,
5,offshor grid,5: offshor grid,
5,offshor grid,5: offshor grid,
5,offshor grid,5: offshor grid,
5,offshor grid,5: offshor grid,
5,offshor grid,5: offshor grid,
5,offshor grid,5: offshor grid,
5,offshor grid,5: offshor grid,
5,offshor grid,5: offshor grid,
5,offshor grid,5: offshor grid,
5,offshor grid,5: offshor grid,
5,offshor grid,5: offshor grid,
5,offshor grid,5: offshor grid,
5,offshor grid,5: offshor grid,
5,offshor grid,5: offshor grid,
5,offshor grid,5: offshor grid,
5,offshor grid,5: offshor grid,
5,offshor grid,5: offshor grid,
5,offshor grid,5: offshor grid,
5,offshor grid,5: offshor grid,
5,offshor grid,5: offshor grid,
5,offshor grid,5: offshor grid,
5,offshor grid,5: offshor grid,
5,offshor grid,5: offshor grid,
5,offshor grid,5: offshor grid,
5,offshor grid,5: offshor grid,
5,offshor grid,5: offshor grid,
5,offshor grid,5: offshor grid,
5,offshor grid,5: offshor grid,
5,offshor grid,5: offshor grid,
5,offshor grid,5: offshor grid,
5,offshor grid,5: offshor grid,
5,offshor grid,5: offshor grid,
5,offshor grid,5: offshor grid,
5,offshor grid,5: offshor grid,
5,offshor grid,5: offshor grid,
5,offshor grid,5: offshor grid,
5,offshor grid,5: offshor grid,
5,offshor grid,5: offshor grid,
5,offshor grid,5: offshor grid,
5,offshor grid,5: offshor grid,
5,offshor grid,5: offshor grid,
5,offshor grid,5: offshor grid,
5,offshor grid,5: offshor grid,
5,offshor grid,5: offshor grid,
5,offshor grid,5: offshor grid,
5,offshor grid,5: offshor grid,
5,offshor grid,5: offshor grid,
5,offshor grid,5: offshor grid,
5,offshor grid,5: offshor grid,
5,offshor grid,5: offshor grid,
5,offshor grid,5: offshor grid,
5,offshor grid,5: offshor grid,
5,offshor grid,5: offshor grid,
5,offshor grid,5: offshor grid,
5,offshor grid,5: offshor grid,
5,offshor grid,5: offshor grid,
5,offshor grid,5: offshor grid,
5,offshor grid,5: offshor grid,
5,offshor grid,5: offshor grid,
5,offshor grid,5: offshor grid,
5,offshor grid,5: offshor grid,
5,offshor grid,5: offshor grid,
5,offshor grid,5: offshor grid,
5,offshor grid,5: offshor grid,
5,offshor grid,5: offshor grid,
5,offshor grid,5: offshor grid,
5,offshor grid,5: offshor grid,
5,offshor grid,5: offshor grid,
5,offshor grid,5: offshor grid,
5,offshor grid,5: offshor grid,
5,offshor grid,5: offshor grid,
5,offshor grid,5: offshor grid,
5,offshor grid,5: offshor grid,
5,offshor grid,5: offshor grid,
5,offshor grid,5: offshor grid,
5,offshor grid,5: offshor grid,
5,offshor grid,5: offshor grid,
5,offshor grid,5: offshor grid,
5,offshor grid,5: offshor grid,
5,offshor grid,5: offshor grid,
5,offshor grid,5: offshor grid,
5,offshor grid,5: offshor grid,
5,offshor grid,5: offshor grid,
5,offshor grid,5: offshor grid,
5,offshor grid,5: offshor grid,
5,offshor grid,5: offshor grid,
5,offshor grid,5: offshor grid,
5,offshor grid,5: offshor grid,
5,offshor grid,5: offshor grid,
5,offshor grid,5: offshor grid,
5,offshor grid,5: offshor grid,
5,offshor grid,5: offshor grid,
5,offshor grid,5: offshor grid,
5,offshor grid,5: offshor grid,
5,offshor grid,5: offshor grid,
5,offshor grid,5: offshor grid,
5,offshor grid,5: offshor grid,
5,offshor grid,5: offshor grid,
5,offshor grid,5: offshor grid,
5,offshor grid,5: offshor grid,
5,offshor grid,5: offshor grid,
5,offshor grid,5: offshor grid,
5,offshor grid,5: offshor grid,
5,offshor grid,5: offshor grid,
5,offshor grid,5: offshor grid,
5,offshor grid,5: offshor grid,
5,offshor grid,5: offshor grid,
5,offshor grid,5: offshor grid,
5,offshor grid,5: offshor grid,
5,offshor grid,5: offshor grid,
5,offshor grid,5: offshor grid,
5,offshor grid,5: offshor grid,
5,offshor grid,5: offshor grid,
5,offshor grid,5: offshor grid,
5,offshor grid,5: offshor grid,
5,offshor grid,5: offshor grid,
5,offshor grid,5: offshor grid,
5,offshor grid,5: offshor grid,
5,offshor grid,5: offshor grid,
5,offshor grid,5: offshor grid,
5,offshor grid,5: offshor grid,
5,offshor grid,5: offshor grid,
5,offshor grid,5: offshor grid,
5,offshor grid,5: offshor grid,
5,offshor grid,5: offshor grid,
5,offshor grid,5: offshor grid,
5,offshor grid,5: offshor grid,
5,offshor grid,5: offshor grid,
5,offshor grid,5: offshor grid,
5,offshor grid,5: offshor grid,
5,offshor grid,5: offshor grid,
5,offshor grid,5: offshor grid,
5,offshor grid,5: offshor grid,
5,offshor grid,5: offshor grid,
5,offshor grid,5: offshor grid,
5,offshor grid,5: offshor grid,
5,offshor grid,5: offshor grid,
5,offshor grid,5: offshor grid,
5,offshor grid,5: offshor grid,
5,offshor grid,5: offshor grid,
7,renew energi,7: renew energi,
7,renew energi,7: renew energi,
7,renew energi,7: renew energi,
7,renew energi,7: renew energi,
7,renew energi,7: renew energi,
7,renew energi,7: renew energi,
7,renew energi,7: renew energi,
7,renew energi,7: renew energi,
7,renew energi,7: renew energi,
7,renew energi,7: renew energi,
7,renew energi,7: renew energi,
7,renew energi,7: renew energi,
7,renew energi,7: renew energi,
7,renew energi,7: renew energi,
7,renew energi,7: renew energi,
7,renew energi,7: renew energi,
7,renew energi,7: renew energi,
7,renew energi,7: renew energi,
7,renew energi,7: renew energi,
7,renew energi,7: renew energi,
7,renew energi,7: renew energi,
7,renew energi,7: renew energi,
7,renew energi,7: renew energi,
7,renew energi,7: renew energi,
7,renew energi,7: renew energi,
7,renew energi,7: renew energi,
7,renew energi,7: renew energi,
7,renew energi,7: renew energi,
7,renew energi,7: renew energi,
7,renew energi,7: renew energi,
7,renew energi,7: renew energi,
7,renew energi,7: renew energi,
7,renew energi,7: renew energi,
7,renew energi,7: renew energi,
7,renew energi,7: renew energi,
7,renew energi,7: renew energi,
7,renew energi,7: renew energi,
7,renew energi,7: renew energi,
7,renew energi,7: renew energi,
7,renew energi,7: renew energi,
7,renew energi,7: renew energi,
7,renew energi,7: renew energi,
7,renew energi,7: renew energi,
7,renew energi,7: renew energi,
7,renew energi,7: renew energi,
7,renew energi,7: renew energi,
7,renew energi,7: renew energi,
7,renew energi,7: renew energi,
7,renew energi,7: renew energi,
7,renew energi,7: renew energi,
7,renew energi,7: renew energi,
7,renew energi,7: renew energi,
7,renew energi,7: renew energi,
7,renew energi,7: renew energi,
7,renew energi,7: renew energi,
7,renew energi,7: renew energi,
7,renew energi,7: renew energi,
7,renew energi,7: renew energi,
7,renew energi,7: renew energi,
7,renew energi,7: renew energi,
7,renew energi,7: renew energi,
7,renew energi,7: renew energi,
7,renew energi,7: renew energi,
7,renew energi,7: renew energi,
7,renew energi,7: renew energi,
7,renew energi,7: renew energi,
7,renew energi,7: renew energi,
7,renew energi,7: renew energi,
7,renew energi,7: renew energi,
7,renew energi,7: renew energi,
7,renew energi,7: renew energi,
7,renew energi,7: renew energi,
7,renew energi,7: renew energi,
7,renew energi,7: renew energi,
7,renew energi,7: renew energi,
7,renew energi,7: renew energi,
7,renew energi,7: renew energi,
7,renew energi,7: renew energi,
7,renew energi,7: renew energi,
7,renew energi,7: renew energi,
7,renew energi,7: renew energi,
7,renew energi,7: renew energi,
7,renew energi,7: renew energi,
7,renew energi,7: renew energi,
7,renew energi,7: renew energi,
7,renew energi,7: renew energi,
7,renew energi,7: renew energi,
7,renew energi,7: renew energi,
7,renew energi,7: renew energi,
7,renew energi,7: renew energi,
7,renew energi,7: renew energi,
7,renew energi,7: renew energi,
7,renew energi,7: renew energi,
7,renew energi,7: renew energi,
7,renew energi,7: renew energi,
7,renew energi,7: renew energi,
7,renew energi,7: renew energi,
7,renew energi,7: renew energi,
7,renew energi,7: renew energi,
7,renew energi,7: renew energi,
7,renew energi,7: renew energi,
7,renew energi,7: renew energi,
7,renew energi,7: renew energi,
7,renew energi,7: renew energi,
7,renew energi,7: renew energi,
7,renew energi,7: renew energi,
7,renew energi,7: renew energi,
7,renew energi,7: renew energi,
7,renew energi,7: renew energi,
7,renew energi,7: renew energi,
7,renew energi,7: renew energi,
7,renew energi,7: renew energi,
7,renew energi,7: renew energi,
7,renew energi,7: renew energi,
7,renew energi,7: renew energi,
7,renew energi,7: renew energi,
7,renew energi,7: renew energi,
7,renew energi,7: renew energi,
7,renew energi,7: renew energi,
7,renew energi,7: renew energi,
7,renew energi,7: renew energi,
7,renew energi,7: renew energi,
7,renew energi,7: renew energi,
7,renew energi,7: renew energi,
7,renew energi,7: renew energi,
7,renew energi,7: renew energi,
7,renew energi,7: renew energi,
7,renew energi,7: renew energi,
7,renew energi,7: renew energi,
7,renew energi,7: renew energi,
7,renew energi,7: renew energi,
7,renew energi,7: renew energi,
7,renew energi,7: renew energi,
7,renew energi,7: renew energi,
7,renew energi,7: renew energi,
7,renew energi,7: renew energi,
7,renew energi,7: renew energi,
7,renew energi,7: renew energi,
7,renew energi,7: renew energi,
7,renew energi,7: renew energi,
7,renew energi,7: renew energi,
7,renew energi,7: renew energi,
7,renew energi,7: renew energi,
7,renew energi,7: renew energi,
7,renew energi,7: renew energi,
7,renew energi,7: renew energi,
7,renew energi,7: renew energi,
7,renew energi,7: renew energi,
7,renew energi,7: renew energi,
7,renew energi,7: renew energi,
7,renew energi,7: renew energi,
7,renew energi,7: renew energi,
7,renew energi,7: renew energi,
7,renew energi,7: renew energi,
7,renew energi,7: renew energi,
7,renew energi,7: renew energi,
7,renew energi,7: renew energi,
7,renew energi,7: renew energi,
7,renew energi,7: renew energi,
7,renew energi,7: renew energi,
7,renew energi,7: renew energi,
7,renew energi,7: renew energi,
7,renew energi,7: renew energi,
7,renew energi,7: renew energi,
7,renew energi,7: renew energi,
7,renew energi,7: renew energi,
7,renew energi,7: renew energi,
7,renew energi,7: renew energi,
7,renew energi,7: renew energi,
7,renew energi,7: renew energi,
7,renew energi,7: renew energi,
7,renew energi,7: renew energi,
7,renew energi,7: renew energi,
7,renew energi,7: renew energi,
7,renew energi,7: renew energi,
7,renew energi,7: renew energi,
7,renew energi,7: renew energi,
7,renew energi,7: renew energi,
7,renew energi,7: renew energi,
7,renew energi,7: renew energi,
7,renew energi,7: renew energi,
7,renew energi,7: renew energi,
7,renew energi,7: renew energi,
7,renew energi,7: renew energi,
7,renew energi,7: renew energi,
7,renew energi,7: renew energi,
7,renew energi,7: renew energi,
7,renew energi,7: renew energi,
7,renew energi,7: renew energi,
7,renew energi,7: renew energi,
7,renew energi,7: renew energi,
7,renew energi,7: renew energi,
7,renew energi,7: renew energi,
7,renew energi,7: renew energi,
7,renew energi,7: renew energi,
7,renew energi,7: renew energi,
7,renew energi,7: renew energi,
7,renew energi,7: renew energi,
7,renew energi,7: renew energi,
7,renew energi,7: renew energi,
7,renew energi,7: renew energi,
7,renew energi,7: renew energi,
7,renew energi,7: renew energi,
7,renew energi,7: renew energi,
7,renew energi,7: renew energi,
7,renew energi,7: renew energi,
7,renew energi,7: renew energi,
7,renew energi,7: renew energi,
7,renew energi,7: renew energi,
7,renew energi,7: renew energi,
7,renew energi,7: renew energi,
7,renew energi,7: renew energi,
7,renew energi,7: renew energi,
7,renew energi,7: renew energi,
7,renew energi,7: renew energi,
7,renew energi,7: renew energi,
7,renew energi,7: renew energi,
7,renew energi,7: renew energi,
7,renew energi,7: renew energi,
7,renew energi,7: renew energi,
7,renew energi,7: renew energi,
7,renew energi,7: renew energi,
7,renew energi,7: renew energi,
7,renew energi,7: renew energi,
7,renew energi,7: renew energi,
7,renew energi,7: renew energi,
7,renew energi,7: renew energi,
7,renew energi,7: renew energi,
7,renew energi,7: renew energi,
7,renew energi,7: renew energi,
7,renew energi,7: renew energi,
7,renew energi,7: renew energi,
7,renew energi,7: renew energi,
7,renew energi,7: renew energi,
7,renew energi,7: renew energi,
7,renew energi,7: renew energi,
7,renew energi,7: renew energi,
7,renew energi,7: renew energi,
7,renew energi,7: renew energi,
7,renew energi,7: renew energi,
7,renew energi,7: renew energi,
7,renew energi,7: renew energi,
7,renew energi,7: renew energi,
7,renew energi,7: renew energi,
7,renew energi,7: renew energi,
7,renew energi,7: renew energi,
7,renew energi,7: renew energi,
7,renew energi,7: renew energi,
7,renew energi,7: renew energi,
7,renew energi,7: renew energi,
7,renew energi,7: renew energi,
7,renew energi,7: renew energi,
7,renew energi,7: renew energi,
7,renew energi,7: renew energi,
7,renew energi,7: renew energi,
7,renew energi,7: renew energi,
7,renew energi,7: renew energi,
7,renew energi,7: renew energi,
7,renew energi,7: renew energi,
7,renew energi,7: renew energi,
7,renew energi,7: renew energi,
7,renew energi,7: renew energi,
7,renew energi,7: renew energi,
7,renew energi,7: renew energi,
7,renew energi,7: renew energi,
7,renew energi,7: renew energi,
7,renew energi,7: renew energi,
7,renew energi,7: renew energi,
7,renew energi,7: renew energi,
7,renew energi,7: renew energi,
7,renew energi,7: renew energi,
7,renew energi,7: renew energi,
7,renew energi,7: renew energi,
7,renew energi,7: renew energi,
7,renew energi,7: renew energi,
7,renew energi,7: renew energi,
7,renew energi,7: renew energi,
7,renew energi,7: renew energi,
7,renew energi,7: renew energi,
7,renew energi,7: renew energi,
7,renew energi,7: renew energi,
7,renew energi,7: renew energi,
7,renew energi,7: renew energi,
7,renew energi,7: renew energi,
7,renew energi,7: renew energi,
7,renew energi,7: renew energi,
7,renew energi,7: renew energi,
7,renew energi,7: renew energi,
7,renew energi,7: renew energi,
7,renew energi,7: renew energi,
7,renew energi,7: renew energi,
7,renew energi,7: renew energi,
5,offshor grid,5: offshor grid,
5,offshor grid,5: offshor grid,
5,offshor grid,5: offshor grid,
5,offshor grid,5: offshor grid,
5,offshor grid,5: offshor grid,
5,offshor grid,5: offshor grid,
5,offshor grid,5: offshor grid,
5,offshor grid,5: offshor grid,
5,offshor grid,5: offshor grid,
5,offshor grid,5: offshor grid,
5,offshor grid,5: offshor grid,
5,offshor grid,5: offshor grid,
5,offshor grid,5: offshor grid,
5,offshor grid,5: offshor grid,
5,offshor grid,5: offshor grid,
5,offshor grid,5: offshor grid,
5,offshor grid,5: offshor grid,
5,offshor grid,5: offshor grid,
5,offshor grid,5: offshor grid,
5,offshor grid,5: offshor grid,
5,offshor grid,5: offshor grid,
5,offshor grid,5: offshor grid,
5,offshor grid,5: offshor grid,
5,offshor grid,5: offshor grid,
5,offshor grid,5: offshor grid,
5,offshor grid,5: offshor grid,
5,offshor grid,5: offshor grid,
5,offshor grid,5: offshor grid,
5,offshor grid,5: offshor grid,
5,offshor grid,5: offshor grid,
5,offshor grid,5: offshor grid,
5,offshor grid,5: offshor grid,
5,offshor grid,5: offshor grid,
5,offshor grid,5: offshor grid,
5,offshor grid,5: offshor grid,
5,offshor grid,5: offshor grid,
5,offshor grid,5: offshor grid,
5,offshor grid,5: offshor grid,
5,offshor grid,5: offshor grid,
5,offshor grid,5: offshor grid,
5,offshor grid,5: offshor grid,
5,offshor grid,5: offshor grid,
5,offshor grid,5: offshor grid,
5,offshor grid,5: offshor grid,
5,offshor grid,5: offshor grid,
5,offshor grid,5: offshor grid,
5,offshor grid,5: offshor grid,
5,offshor grid,5: offshor grid,
5,offshor grid,5: offshor grid,
5,offshor grid,5: offshor grid,
5,offshor grid,5: offshor grid,
5,offshor grid,5: offshor grid,
5,offshor grid,5: offshor grid,
5,offshor grid,5: offshor grid,
5,offshor grid,5: offshor grid,
5,offshor grid,5: offshor grid,
5,offshor grid,5: offshor grid,
5,offshor grid,5: offshor grid,
5,offshor grid,5: offshor grid,
5,offshor grid,5: offshor grid,
5,offshor grid,5: offshor grid,
5,offshor grid,5: offshor grid,
5,offshor grid,5: offshor grid,
5,offshor grid,5: offshor grid,
5,offshor grid,5: offshor grid,
5,offshor grid,5: offshor grid,
5,offshor grid,5: offshor grid,
5,offshor grid,5: offshor grid,
5,offshor grid,5: offshor grid,
5,offshor grid,5: offshor grid,
5,offshor grid,5: offshor grid,
5,offshor grid,5: offshor grid,
5,offshor grid,5: offshor grid,
5,offshor grid,5: offshor grid,
5,offshor grid,5: offshor grid,
5,offshor grid,5: offshor grid,
5,offshor grid,5: offshor grid,
5,offshor grid,5: offshor grid,
5,offshor grid,5: offshor grid,
5,offshor grid,5: offshor grid,
5,offshor grid,5: offshor grid,
5,offshor grid,5: offshor grid,
5,offshor grid,5: offshor grid,
5,offshor grid,5: offshor grid,
5,offshor grid,5: offshor grid,
5,offshor grid,5: offshor grid,
5,offshor grid,5: offshor grid,
5,offshor grid,5: offshor grid,
5,offshor grid,5: offshor grid,
5,offshor grid,5: offshor grid,
5,offshor grid,5: offshor grid,
5,offshor grid,5: offshor grid,
5,offshor grid,5: offshor grid,
5,offshor grid,5: offshor grid,
5,offshor grid,5: offshor grid,
5,offshor grid,5: offshor grid,
5,offshor grid,5: offshor grid,
5,offshor grid,5: offshor grid,
5,offshor grid,5: offshor grid,
5,offshor grid,5: offshor grid,
5,offshor grid,5: offshor grid,
5,offshor grid,5: offshor grid,
5,offshor grid,5: offshor grid,
5,offshor grid,5: offshor grid,
5,offshor grid,5: offshor grid,
5,offshor grid,5: offshor grid,
5,offshor grid,5: offshor grid,
5,offshor grid,5: offshor grid,
5,offshor grid,5: offshor grid,
5,offshor grid,5: offshor grid,
5,offshor grid,5: offshor grid,
5,offshor grid,5: offshor grid,
5,offshor grid,5: offshor grid,
5,offshor grid,5: offshor grid,
5,offshor grid,5: offshor grid,
5,offshor grid,5: offshor grid,
5,offshor grid,5: offshor grid,
5,offshor grid,5: offshor grid,
5,offshor grid,5: offshor grid,
5,offshor grid,5: offshor grid,
5,offshor grid,5: offshor grid,
5,offshor grid,5: offshor grid,
5,offshor grid,5: offshor grid,
5,offshor grid,5: offshor grid,
5,offshor grid,5: offshor grid,
5,offshor grid,5: offshor grid,
5,offshor grid,5: offshor grid,
5,offshor grid,5: offshor grid,
5,offshor grid,5: offshor grid,
5,offshor grid,5: offshor grid,
5,offshor grid,5: offshor grid,
5,offshor grid,5: offshor grid,
5,offshor grid,5: offshor grid,
5,offshor grid,5: offshor grid,
5,offshor grid,5: offshor grid,
5,offshor grid,5: offshor grid,
5,offshor grid,5: offshor grid,
5,offshor grid,5: offshor grid,
5,offshor grid,5: offshor grid,
5,offshor grid,5: offshor grid,
5,offshor grid,5: offshor grid,
5,offshor grid,5: offshor grid,
5,offshor grid,5: offshor grid,
5,offshor grid,5: offshor grid,
5,offshor grid,5: offshor grid,
5,offshor grid,5: offshor grid,
5,offshor grid,5: offshor grid,
5,offshor grid,5: offshor grid,
5,offshor grid,5: offshor grid,
5,offshor grid,5: offshor grid,
5,offshor grid,5: offshor grid,
5,offshor grid,5: offshor grid,
5,offshor grid,5: offshor grid,
5,offshor grid,5: offshor grid,
5,offshor grid,5: offshor grid,
5,offshor grid,5: offshor grid,
5,offshor grid,5: offshor grid,
5,offshor grid,5: offshor grid,
5,offshor grid,5: offshor grid,
5,offshor grid,5: offshor grid,
5,offshor grid,5: offshor grid,
5,offshor grid,5: offshor grid,
5,offshor grid,5: offshor grid,
5,offshor grid,5: offshor grid,
5,offshor grid,5: offshor grid,
5,offshor grid,5: offshor grid,
5,offshor grid,5: offshor grid,
5,offshor grid,5: offshor grid,
5,offshor grid,5: offshor grid,
5,offshor grid,5: offshor grid,
5,offshor grid,5: offshor grid,
5,offshor grid,5: offshor grid,
5,offshor grid,5: offshor grid,
5,offshor grid,5: offshor grid,
5,offshor grid,5: offshor grid,
9,wind farm,9: wind farm,
9,wind farm,9: wind farm,
9,wind farm,9: wind farm,
9,wind farm,9: wind farm,
9,wind farm,9: wind farm,
9,wind farm,9: wind farm,
9,wind farm,9: wind farm,
9,wind farm,9: wind farm,
9,wind farm,9: wind farm,
9,wind farm,9: wind farm,
9,wind farm,9: wind farm,
9,wind farm,9: wind farm,
9,wind farm,9: wind farm,
9,wind farm,9: wind farm,
9,wind farm,9: wind farm,
9,wind farm,9: wind farm,
9,wind farm,9: wind farm,
9,wind farm,9: wind farm,
9,wind farm,9: wind farm,
9,wind farm,9: wind farm,
9,wind farm,9: wind farm,
9,wind farm,9: wind farm,
9,wind farm,9: wind farm,
9,wind farm,9: wind farm,
9,wind farm,9: wind farm,
9,wind farm,9: wind farm,
9,wind farm,9: wind farm,
9,wind farm,9: wind farm,
9,wind farm,9: wind farm,
9,wind farm,9: wind farm,
9,wind farm,9: wind farm,
9,wind farm,9: wind farm,
9,wind farm,9: wind farm,
9,wind farm,9: wind farm,
9,wind farm,9: wind farm,
9,wind farm,9: wind farm,
9,wind farm,9: wind farm,
9,wind farm,9: wind farm,
9,wind farm,9: wind farm,
9,wind farm,9: wind farm,
9,wind farm,9: wind farm,
9,wind farm,9: wind farm,
9,wind farm,9: wind farm,
9,wind farm,9: wind farm,
9,wind farm,9: wind farm,
9,wind farm,9: wind farm,
9,wind farm,9: wind farm,
9,wind farm,9: wind farm,
9,wind farm,9: wind farm,
9,wind farm,9: wind farm,
9,wind farm,9: wind farm,
9,wind farm,9: wind farm,
9,wind farm,9: wind farm,
9,wind farm,9: wind farm,
9,wind farm,9: wind farm,
9,wind farm,9: wind farm,
9,wind farm,9: wind farm,
9,wind farm,9: wind farm,
9,wind farm,9: wind farm,
9,wind farm,9: wind farm,
9,wind farm,9: wind farm,
9,wind farm,9: wind farm,
9,wind farm,9: wind farm,
9,wind farm,9: wind farm,
9,wind farm,9: wind farm,
9,wind farm,9: wind farm,
9,wind farm,9: wind farm,
9,wind farm,9: wind farm,
9,wind farm,9: wind farm,
9,wind farm,9: wind farm,
9,wind farm,9: wind farm,
9,wind farm,9: wind farm,
9,wind farm,9: wind farm,
9,wind farm,9: wind farm,
9,wind farm,9: wind farm,
9,wind farm,9: wind farm,
9,wind farm,9: wind farm,
9,wind farm,9: wind farm,
9,wind farm,9: wind farm,
9,wind farm,9: wind farm,
9,wind farm,9: wind farm,
9,wind farm,9: wind farm,
9,wind farm,9: wind farm,
9,wind farm,9: wind farm,
9,wind farm,9: wind farm,
9,wind farm,9: wind farm,
9,wind farm,9: wind farm,
9,wind farm,9: wind farm,
9,wind farm,9: wind farm,
9,wind farm,9: wind farm,
9,wind farm,9: wind farm,
9,wind farm,9: wind farm,
9,wind farm,9: wind farm,
9,wind farm,9: wind farm,
9,wind farm,9: wind farm,
9,wind farm,9: wind farm,
9,wind farm,9: wind farm,
9,wind farm,9: wind farm,
9,wind farm,9: wind farm,
9,wind farm,9: wind farm,
9,wind farm,9: wind farm,
9,wind farm,9: wind farm,
9,wind farm,9: wind farm,
9,wind farm,9: wind farm,
9,wind farm,9: wind farm,
9,wind farm,9: wind farm,
9,wind farm,9: wind farm,
9,wind farm,9: wind farm,
9,wind farm,9: wind farm,
9,wind farm,9: wind farm,
9,wind farm,9: wind farm,
9,wind farm,9: wind farm,
9,wind farm,9: wind farm,
9,wind farm,9: wind farm,
9,wind farm,9: wind farm,
9,wind farm,9: wind farm,
9,wind farm,9: wind farm,
9,wind farm,9: wind farm,
9,wind farm,9: wind farm,
9,wind farm,9: wind farm,
9,wind farm,9: wind farm,
9,wind farm,9: wind farm,
9,wind farm,9: wind farm,
9,wind farm,9: wind farm,
9,wind farm,9: wind farm,
9,wind farm,9: wind farm,
9,wind farm,9: wind farm,
9,wind farm,9: wind farm,
9,wind farm,9: wind farm,
9,wind farm,9: wind farm,
9,wind farm,9: wind farm,
9,wind farm,9: wind farm,
9,wind farm,9: wind farm,
9,wind farm,9: wind farm,
9,wind farm,9: wind farm,
9,wind farm,9: wind farm,
9,wind farm,9: wind farm,
9,wind farm,9: wind farm,
9,wind farm,9: wind farm,
9,wind farm,9: wind farm,
9,wind farm,9: wind farm,
9,wind farm,9: wind farm,
9,wind farm,9: wind farm,
9,wind farm,9: wind farm,
9,wind farm,9: wind farm,
9,wind farm,9: wind farm,
9,wind farm,9: wind farm,
9,wind farm,9: wind farm,
9,wind farm,9: wind farm,
9,wind farm,9: wind farm,
9,wind farm,9: wind farm,
9,wind farm,9: wind farm,
9,wind farm,9: wind farm,
9,wind farm,9: wind farm,
9,wind farm,9: wind farm,
9,wind farm,9: wind farm,
9,wind farm,9: wind farm,
9,wind farm,9: wind farm,
9,wind farm,9: wind farm,
9,wind farm,9: wind farm,
9,wind farm,9: wind farm,
7,renew energi,7: renew energi,
7,renew energi,7: renew energi,
7,renew energi,7: renew energi,
7,renew energi,7: renew energi,
7,renew energi,7: renew energi,
7,renew energi,7: renew energi,
7,renew energi,7: renew energi,
7,renew energi,7: renew energi,
7,renew energi,7: renew energi,
7,renew energi,7: renew energi,
7,renew energi,7: renew energi,
7,renew energi,7: renew energi,
7,renew energi,7: renew energi,
7,renew energi,7: renew energi,
7,renew energi,7: renew energi,
7,renew energi,7: renew energi,
7,renew energi,7: renew energi,
7,renew energi,7: renew energi,
7,renew energi,7: renew energi,
7,renew energi,7: renew energi,
7,renew energi,7: renew energi,
7,renew energi,7: renew energi,
7,renew energi,7: renew energi,
7,renew energi,7: renew energi,
7,renew energi,7: renew energi,
7,renew energi,7: renew energi,
7,renew energi,7: renew energi,
7,renew energi,7: renew energi,
7,renew energi,7: renew energi,
7,renew energi,7: renew energi,
7,renew energi,7: renew energi,
7,renew energi,7: renew energi,
7,renew energi,7: renew energi,
7,renew energi,7: renew energi,
7,renew energi,7: renew energi,
7,renew energi,7: renew energi,
7,renew energi,7: renew energi,
7,renew energi,7: renew energi,
7,renew energi,7: renew energi,
7,renew energi,7: renew energi,
7,renew energi,7: renew energi,
7,renew energi,7: renew energi,
7,renew energi,7: renew energi,
7,renew energi,7: renew energi,
7,renew energi,7: renew energi,
7,renew energi,7: renew energi,
7,renew energi,7: renew energi,
7,renew energi,7: renew energi,
7,renew energi,7: renew energi,
7,renew energi,7: renew energi,
7,renew energi,7: renew energi,
7,renew energi,7: renew energi,
7,renew energi,7: renew energi,
7,renew energi,7: renew energi,
7,renew energi,7: renew energi,
7,renew energi,7: renew energi,
7,renew energi,7: renew energi,
7,renew energi,7: renew energi,
7,renew energi,7: renew energi,
7,renew energi,7: renew energi,
7,renew energi,7: renew energi,
7,renew energi,7: renew energi,
7,renew energi,7: renew energi,
7,renew energi,7: renew energi,
7,renew energi,7: renew energi,
7,renew energi,7: renew energi,
7,renew energi,7: renew energi,
7,renew energi,7: renew energi,
7,renew energi,7: renew energi,
7,renew energi,7: renew energi,
7,renew energi,7: renew energi,
7,renew energi,7: renew energi,
7,renew energi,7: renew energi,
7,renew energi,7: renew energi,
7,renew energi,7: renew energi,
7,renew energi,7: renew energi,
7,renew energi,7: renew energi,
7,renew energi,7: renew energi,
7,renew energi,7: renew energi,
7,renew energi,7: renew energi,
7,renew energi,7: renew energi,
7,renew energi,7: renew energi,
7,renew energi,7: renew energi,
7,renew energi,7: renew energi,
7,renew energi,7: renew energi,
7,renew energi,7: renew energi,
7,renew energi,7: renew energi,
7,renew energi,7: renew energi,
7,renew energi,7: renew energi,
7,renew energi,7: renew energi,
7,renew energi,7: renew energi,
7,renew energi,7: renew energi,
7,renew energi,7: renew energi,
7,renew energi,7: renew energi,
7,renew energi,7: renew energi,
7,renew energi,7: renew energi,
7,renew energi,7: renew energi,
7,renew energi,7: renew energi,
7,renew energi,7: renew energi,
7,renew energi,7: renew energi,
7,renew energi,7: renew energi,
7,renew energi,7: renew energi,
7,renew energi,7: renew energi,
7,renew energi,7: renew energi,
7,renew energi,7: renew energi,
7,renew energi,7: renew energi,
7,renew energi,7: renew energi,
7,renew energi,7: renew energi,
7,renew energi,7: renew energi,
7,renew energi,7: renew energi,
7,renew energi,7: renew energi,
7,renew energi,7: renew energi,
7,renew energi,7: renew energi,
7,renew energi,7: renew energi,
7,renew energi,7: renew energi,
7,renew energi,7: renew energi,
7,renew energi,7: renew energi,
7,renew energi,7: renew energi,
7,renew energi,7: renew energi,
7,renew energi,7: renew energi,
7,renew energi,7: renew energi,
7,renew energi,7: renew energi,
7,renew energi,7: renew energi,
7,renew energi,7: renew energi,
7,renew energi,7: renew energi,
7,renew energi,7: renew energi,
7,renew energi,7: renew energi,
7,renew energi,7: renew energi,
7,renew energi,7: renew energi,
7,renew energi,7: renew energi,
7,renew energi,7: renew energi,
7,renew energi,7: renew energi,
7,renew energi,7: renew energi,
7,renew energi,7: renew energi,
7,renew energi,7: renew energi,
7,renew energi,7: renew energi,
7,renew energi,7: renew energi,
7,renew energi,7: renew energi,
7,renew energi,7: renew energi,
7,renew energi,7: renew energi,
7,renew energi,7: renew energi,
7,renew energi,7: renew energi,
7,renew energi,7: renew energi,
7,renew energi,7: renew energi,
7,renew energi,7: renew energi,
7,renew energi,7: renew energi,
9,wind farm,9: wind farm,
9,wind farm,9: wind farm,
9,wind farm,9: wind farm,
9,wind farm,9: wind farm,
9,wind farm,9: wind farm,
9,wind farm,9: wind farm,
9,wind farm,9: wind farm,
9,wind farm,9: wind farm,
9,wind farm,9: wind farm,
9,wind farm,9: wind farm,
9,wind farm,9: wind farm,
9,wind farm,9: wind farm,
9,wind farm,9: wind farm,
9,wind farm,9: wind farm,
9,wind farm,9: wind farm,
9,wind farm,9: wind farm,
9,wind farm,9: wind farm,
9,wind farm,9: wind farm,
9,wind farm,9: wind farm,
9,wind farm,9: wind farm,
9,wind farm,9: wind farm,
9,wind farm,9: wind farm,
9,wind farm,9: wind farm,
9,wind farm,9: wind farm,
9,wind farm,9: wind farm,
9,wind farm,9: wind farm,
9,wind farm,9: wind farm,
9,wind farm,9: wind farm,
9,wind farm,9: wind farm,
9,wind farm,9: wind farm,
9,wind farm,9: wind farm,
9,wind farm,9: wind farm,
9,wind farm,9: wind farm,
9,wind farm,9: wind farm,
9,wind farm,9: wind farm,
9,wind farm,9: wind farm,
9,wind farm,9: wind farm,
9,wind farm,9: wind farm,
9,wind farm,9: wind farm,
9,wind farm,9: wind farm,
9,wind farm,9: wind farm,
9,wind farm,9: wind farm,
9,wind farm,9: wind farm,
9,wind farm,9: wind farm,
9,wind farm,9: wind farm,
9,wind farm,9: wind farm,
9,wind farm,9: wind farm,
9,wind farm,9: wind farm,
9,wind farm,9: wind farm,
9,wind farm,9: wind farm,
9,wind farm,9: wind farm,
9,wind farm,9: wind farm,
9,wind farm,9: wind farm,
9,wind farm,9: wind farm,
9,wind farm,9: wind farm,
9,wind farm,9: wind farm,
9,wind farm,9: wind farm,
9,wind farm,9: wind farm,
9,wind farm,9: wind farm,
9,wind farm,9: wind farm,
9,wind farm,9: wind farm,
9,wind farm,9: wind farm,
9,wind farm,9: wind farm,
9,wind farm,9: wind farm,
9,wind farm,9: wind farm,
9,wind farm,9: wind farm,
9,wind farm,9: wind farm,
9,wind farm,9: wind farm,
9,wind farm,9: wind farm,
9,wind farm,9: wind farm,
9,wind farm,9: wind farm,
9,wind farm,9: wind farm,
9,wind farm,9: wind farm,
9,wind farm,9: wind farm,
9,wind farm,9: wind farm,
9,wind farm,9: wind farm,
9,wind farm,9: wind farm,
9,wind farm,9: wind farm,
9,wind farm,9: wind farm,
9,wind farm,9: wind farm,
9,wind farm,9: wind farm,
9,wind farm,9: wind farm,
9,wind farm,9: wind farm,
9,wind farm,9: wind farm,
9,wind farm,9: wind farm,
9,wind farm,9: wind farm,
9,wind farm,9: wind farm,
9,wind farm,9: wind farm,
9,wind farm,9: wind farm,
9,wind farm,9: wind farm,
9,wind farm,9: wind farm,
9,wind farm,9: wind farm,
9,wind farm,9: wind farm,
9,wind farm,9: wind farm,
9,wind farm,9: wind farm,
9,wind farm,9: wind farm,
9,wind farm,9: wind farm,
9,wind farm,9: wind farm,
9,wind farm,9: wind farm,
9,wind farm,9: wind farm,
9,wind farm,9: wind farm,
9,wind farm,9: wind farm,
9,wind farm,9: wind farm,
9,wind farm,9: wind farm,
9,wind farm,9: wind farm,
9,wind farm,9: wind farm,
9,wind farm,9: wind farm,
9,wind farm,9: wind farm,
9,wind farm,9: wind farm,
9,wind farm,9: wind farm,
9,wind farm,9: wind farm,
9,wind farm,9: wind farm,
9,wind farm,9: wind farm,
9,wind farm,9: wind farm,
9,wind farm,9: wind farm,
9,wind farm,9: wind farm,
9,wind farm,9: wind farm,
9,wind farm,9: wind farm,
9,wind farm,9: wind farm,
9,wind farm,9: wind farm,
9,wind farm,9: wind farm,
9,wind farm,9: wind farm,
9,wind farm,9: wind farm,
9,wind farm,9: wind farm,
9,wind farm,9: wind farm,
9,wind farm,9: wind farm,
9,wind farm,9: wind farm,
9,wind farm,9: wind farm,
9,wind farm,9: wind farm,
9,wind farm,9: wind farm,
9,wind farm,9: wind farm,
9,wind farm,9: wind farm,
9,wind farm,9: wind farm,
9,wind farm,9: wind farm,
9,wind farm,9: wind farm,
9,wind farm,9: wind farm,
9,wind farm,9: wind farm,
9,wind farm,9: wind farm,
9,wind farm,9: wind farm,
9,wind farm,9: wind farm,
9,wind farm,9: wind farm,
9,wind farm,9: wind farm,
9,wind farm,9: wind farm,
9,wind farm,9: wind farm,
9,wind farm,9: wind farm,
9,wind farm,9: wind farm,
9,wind farm,9: wind farm,
9,wind farm,9: wind farm,
9,wind farm,9: wind farm,
9,wind farm,9: wind farm,
9,wind farm,9: wind farm,
9,wind farm,9: wind farm,
9,wind farm,9: wind farm,
9,wind farm,9: wind farm,
9,wind farm,9: wind farm,
9,wind farm,9: wind farm,
9,wind farm,9: wind farm,
9,wind farm,9: wind farm,
9,wind farm,9: wind farm,
9,wind farm,9: wind farm,
9,wind farm,9: wind farm,
7,renew energi,7: renew energi,
7,renew energi,7: renew energi,
7,renew energi,7: renew energi,
7,renew energi,7: renew energi,
7,renew energi,7: renew energi,
7,renew energi,7: renew energi,
7,renew energi,7: renew energi,
7,renew energi,7: renew energi,
7,renew energi,7: renew energi,
7,renew energi,7: renew energi,
7,renew energi,7: renew energi,
7,renew energi,7: renew energi,
7,renew energi,7: renew energi,
7,renew energi,7: renew energi,
7,renew energi,7: renew energi,
7,renew energi,7: renew energi,
7,renew energi,7: renew energi,
7,renew energi,7: renew energi,
7,renew energi,7: renew energi,
7,renew energi,7: renew energi,
7,renew energi,7: renew energi,
7,renew energi,7: renew energi,
7,renew energi,7: renew energi,
7,renew energi,7: renew energi,
7,renew energi,7: renew energi,
7,renew energi,7: renew energi,
7,renew energi,7: renew energi,
7,renew energi,7: renew energi,
7,renew energi,7: renew energi,
7,renew energi,7: renew energi,
7,renew energi,7: renew energi,
7,renew energi,7: renew energi,
7,renew energi,7: renew energi,
7,renew energi,7: renew energi,
7,renew energi,7: renew energi,
7,renew energi,7: renew energi,
7,renew energi,7: renew energi,
7,renew energi,7: renew energi,
7,renew energi,7: renew energi,
7,renew energi,7: renew energi,
7,renew energi,7: renew energi,
7,renew energi,7: renew energi,
7,renew energi,7: renew energi,
7,renew energi,7: renew energi,
7,renew energi,7: renew energi,
7,renew energi,7: renew energi,
7,renew energi,7: renew energi,
7,renew energi,7: renew energi,
7,renew energi,7: renew energi,
7,renew energi,7: renew energi,
7,renew energi,7: renew energi,
7,renew energi,7: renew energi,
7,renew energi,7: renew energi,
7,renew energi,7: renew energi,
7,renew energi,7: renew energi,
7,renew energi,7: renew energi,
7,renew energi,7: renew energi,
7,renew energi,7: renew energi,
7,renew energi,7: renew energi,
7,renew energi,7: renew energi,
7,renew energi,7: renew energi,
7,renew energi,7: renew energi,
7,renew energi,7: renew energi,
7,renew energi,7: renew energi,
7,renew energi,7: renew energi,
7,renew energi,7: renew energi,
7,renew energi,7: renew energi,
7,renew energi,7: renew energi,
7,renew energi,7: renew energi,
7,renew energi,7: renew energi,
7,renew energi,7: renew energi,
7,renew energi,7: renew energi,
7,renew energi,7: renew energi,
7,renew energi,7: renew energi,
7,renew energi,7: renew energi,
7,renew energi,7: renew energi,
7,renew energi,7: renew energi,
7,renew energi,7: renew energi,
7,renew energi,7: renew energi,
7,renew energi,7: renew energi,
7,renew energi,7: renew energi,
7,renew energi,7: renew energi,
7,renew energi,7: renew energi,
7,renew energi,7: renew energi,
7,renew energi,7: renew energi,
7,renew energi,7: renew energi,
7,renew energi,7: renew energi,
7,renew energi,7: renew energi,
7,renew energi,7: renew energi,
7,renew energi,7: renew energi,
7,renew energi,7: renew energi,
7,renew energi,7: renew energi,
7,renew energi,7: renew energi,
7,renew energi,7: renew energi,
7,renew energi,7: renew energi,
7,renew energi,7: renew energi,
7,renew energi,7: renew energi,
7,renew energi,7: renew energi,
7,renew energi,7: renew energi,
7,renew energi,7: renew energi,
7,renew energi,7: renew energi,
7,renew energi,7: renew energi,
7,renew energi,7: renew energi,
7,renew energi,7: renew energi,
7,renew energi,7: renew energi,
7,renew energi,7: renew energi,
7,renew energi,7: renew energi,
7,renew energi,7: renew energi,
7,renew energi,7: renew energi,
7,renew energi,7: renew energi,
7,renew energi,7: renew energi,
7,renew energi,7: renew energi,
7,renew energi,7: renew energi,
7,renew energi,7: renew energi,
7,renew energi,7: renew energi,
7,renew energi,7: renew energi,
7,renew energi,7: renew energi,
7,renew energi,7: renew energi,
7,renew energi,7: renew energi,
7,renew energi,7: renew energi,
7,renew energi,7: renew energi,
7,renew energi,7: renew energi,
7,renew energi,7: renew energi,
7,renew energi,7: renew energi,
7,renew energi,7: renew energi,
7,renew energi,7: renew energi,
7,renew energi,7: renew energi,
7,renew energi,7: renew energi,
7,renew energi,7: renew energi,
7,renew energi,7: renew energi,
7,renew energi,7: renew energi,
7,renew energi,7: renew energi,
7,renew energi,7: renew energi,
7,renew energi,7: renew energi,
7,renew energi,7: renew energi,
7,renew energi,7: renew energi,
7,renew energi,7: renew energi,
7,renew energi,7: renew energi,
7,renew energi,7: renew energi,
7,renew energi,7: renew energi,
7,renew energi,7: renew energi,
7,renew energi,7: renew energi,
7,renew energi,7: renew energi,
7,renew energi,7: renew energi,
7,renew energi,7: renew energi,
7,renew energi,7: renew energi,
7,renew energi,7: renew energi,
7,renew energi,7: renew energi,
7,renew energi,7: renew energi,
7,renew energi,7: renew energi,
7,renew energi,7: renew energi,
7,renew energi,7: renew energi,
7,renew energi,7: renew energi,
7,renew energi,7: renew energi,
7,renew energi,7: renew energi,
7,renew energi,7: renew energi,
7,renew energi,7: renew energi,
7,renew energi,7: renew energi,
7,renew energi,7: renew energi,
7,renew energi,7: renew energi,
7,renew energi,7: renew energi,
7,renew energi,7: renew energi,
7,renew energi,7: renew energi,
7,renew energi,7: renew energi,
7,renew energi,7: renew energi,
7,renew energi,7: renew energi,
7,renew energi,7: renew energi,
7,renew energi,7: renew energi,
7,renew energi,7: renew energi,
7,renew energi,7: renew energi,
7,renew energi,7: renew energi,
7,renew energi,7: renew energi,
7,renew energi,7: renew energi,
7,renew energi,7: renew energi,
7,renew energi,7: renew energi,
7,renew energi,7: renew energi,
7,renew energi,7: renew energi,
7,renew energi,7: renew energi,
7,renew energi,7: renew energi,
7,renew energi,7: renew energi,
7,renew energi,7: renew energi,
7,renew energi,7: renew energi,
7,renew energi,7: renew energi,
7,renew energi,7: renew energi,
7,renew energi,7: renew energi,
7,renew energi,7: renew energi,
7,renew energi,7: renew energi,
7,renew energi,7: renew energi,
7,renew energi,7: renew energi,
7,renew energi,7: renew energi,
7,renew energi,7: renew energi,
7,renew energi,7: renew energi,
7,renew energi,7: renew energi,
7,renew energi,7: renew energi,
7,renew energi,7: renew energi,
7,renew energi,7: renew energi,
7,renew energi,7: renew energi,
7,renew energi,7: renew energi,
7,renew energi,7: renew energi,
7,renew energi,7: renew energi,
7,renew energi,7: renew energi,
7,renew energi,7: renew energi,
7,renew energi,7: renew energi,
7,renew energi,7: renew energi,
7,renew energi,7: renew energi,
7,renew energi,7: renew energi,
7,renew energi,7: renew energi,
7,renew energi,7: renew energi,
7,renew energi,7: renew energi,
7,renew energi,7: renew energi,
7,renew energi,7: renew energi,
7,renew energi,7: renew energi,
7,renew energi,7: renew energi,
7,renew energi,7: renew energi,
7,renew energi,7: renew energi,
7,renew energi,7: renew energi,
7,renew energi,7: renew energi,
7,renew energi,7: renew energi,
7,renew energi,7: renew energi,
7,renew energi,7: renew energi,
7,renew energi,7: renew energi,
7,renew energi,7: renew energi,
7,renew energi,7: renew energi,
7,renew energi,7: renew energi,
7,renew energi,7: renew energi,
7,renew energi,7: renew energi,
7,renew energi,7: renew energi,
7,renew energi,7: renew energi,
7,renew energi,7: renew energi,
7,renew energi,7: renew energi,
7,renew energi,7: renew energi,
7,renew energi,7: renew energi,
7,renew energi,7: renew energi,
7,renew energi,7: renew energi,
7,renew energi,7: renew energi,
7,renew energi,7: renew energi,
7,renew energi,7: renew energi,
7,renew energi,7: renew energi,
7,renew energi,7: renew energi,
7,renew energi,7: renew energi,
7,renew energi,7: renew energi,
7,renew energi,7: renew energi,
7,renew energi,7: renew energi,
7,renew energi,7: renew energi,
7,renew energi,7: renew energi,
7,renew energi,7: renew energi,
7,renew energi,7: renew energi,
7,renew energi,7: renew energi,
7,renew energi,7: renew energi,
7,renew energi,7: renew energi,
7,renew energi,7: renew energi,
7,renew energi,7: renew energi,
7,renew energi,7: renew energi,
7,renew energi,7: renew energi,
7,renew energi,7: renew energi,
7,renew energi,7: renew energi,
7,renew energi,7: renew energi,
7,renew energi,7: renew energi,
7,renew energi,7: renew energi,
7,renew energi,7: renew energi,
7,renew energi,7: renew energi,
7,renew energi,7: renew energi,
7,renew energi,7: renew energi,
7,renew energi,7: renew energi,
7,renew energi,7: renew energi,
7,renew energi,7: renew energi,
7,renew energi,7: renew energi,
7,renew energi,7: renew energi,
7,renew energi,7: renew energi,
7,renew energi,7: renew energi,
7,renew energi,7: renew energi,
7,renew energi,7: renew energi,
7,renew energi,7: renew energi,
7,renew energi,7: renew energi,
7,renew energi,7: renew energi,
7,renew energi,7: renew energi,
7,renew energi,7: renew energi,
7,renew energi,7: renew energi,
7,renew energi,7: renew energi,
7,renew energi,7: renew energi,
7,renew energi,7: renew energi,
7,renew energi,7: renew energi,
7,renew energi,7: renew energi,
7,renew energi,7: renew energi,
7,renew energi,7: renew energi,
7,renew energi,7: renew energi,
7,renew energi,7: renew energi,
7,renew energi,7: renew energi,
7,renew energi,7: renew energi,
7,renew energi,7: renew energi,
7,renew energi,7: renew energi,
7,renew energi,7: renew energi,
5,offshor grid,5: offshor grid,
5,offshor grid,5: offshor grid,
5,offshor grid,5: offshor grid,
5,offshor grid,5: offshor grid,
5,offshor grid,5: offshor grid,
5,offshor grid,5: offshor grid,
5,offshor grid,5: offshor grid,
5,offshor grid,5: offshor grid,
5,offshor grid,5: offshor grid,
5,offshor grid,5: offshor grid,
5,offshor grid,5: offshor grid,
5,offshor grid,5: offshor grid,
5,offshor grid,5: offshor grid,
5,offshor grid,5: offshor grid,
5,offshor grid,5: offshor grid,
5,offshor grid,5: offshor grid,
5,offshor grid,5: offshor grid,
5,offshor grid,5: offshor grid,
5,offshor grid,5: offshor grid,
5,offshor grid,5: offshor grid,
5,offshor grid,5: offshor grid,
5,offshor grid,5: offshor grid,
5,offshor grid,5: offshor grid,
5,offshor grid,5: offshor grid,
5,offshor grid,5: offshor grid,
5,offshor grid,5: offshor grid,
5,offshor grid,5: offshor grid,
5,offshor grid,5: offshor grid,
5,offshor grid,5: offshor grid,
5,offshor grid,5: offshor grid,
5,offshor grid,5: offshor grid,
5,offshor grid,5: offshor grid,
5,offshor grid,5: offshor grid,
5,offshor grid,5: offshor grid,
5,offshor grid,5: offshor grid,
5,offshor grid,5: offshor grid,
5,offshor grid,5: offshor grid,
5,offshor grid,5: offshor grid,
5,offshor grid,5: offshor grid,
5,offshor grid,5: offshor grid,
5,offshor grid,5: offshor grid,
5,offshor grid,5: offshor grid,
5,offshor grid,5: offshor grid,
5,offshor grid,5: offshor grid,
5,offshor grid,5: offshor grid,
5,offshor grid,5: offshor grid,
5,offshor grid,5: offshor grid,
5,offshor grid,5: offshor grid,
5,offshor grid,5: offshor grid,
5,offshor grid,5: offshor grid,
5,offshor grid,5: offshor grid,
5,offshor grid,5: offshor grid,
5,offshor grid,5: offshor grid,
5,offshor grid,5: offshor grid,
5,offshor grid,5: offshor grid,
5,offshor grid,5: offshor grid,
5,offshor grid,5: offshor grid,
5,offshor grid,5: offshor grid,
5,offshor grid,5: offshor grid,
5,offshor grid,5: offshor grid,
5,offshor grid,5: offshor grid,
5,offshor grid,5: offshor grid,
5,offshor grid,5: offshor grid,
5,offshor grid,5: offshor grid,
5,offshor grid,5: offshor grid,
5,offshor grid,5: offshor grid,
5,offshor grid,5: offshor grid,
5,offshor grid,5: offshor grid,
5,offshor grid,5: offshor grid,
5,offshor grid,5: offshor grid,
5,offshor grid,5: offshor grid,
5,offshor grid,5: offshor grid,
5,offshor grid,5: offshor grid,
5,offshor grid,5: offshor grid,
5,offshor grid,5: offshor grid,
5,offshor grid,5: offshor grid,
5,offshor grid,5: offshor grid,
5,offshor grid,5: offshor grid,
5,offshor grid,5: offshor grid,
5,offshor grid,5: offshor grid,
5,offshor grid,5: offshor grid,
5,offshor grid,5: offshor grid,
5,offshor grid,5: offshor grid,
5,offshor grid,5: offshor grid,
5,offshor grid,5: offshor grid,
5,offshor grid,5: offshor grid,
5,offshor grid,5: offshor grid,
5,offshor grid,5: offshor grid,
5,offshor grid,5: offshor grid,
5,offshor grid,5: offshor grid,
5,offshor grid,5: offshor grid,
5,offshor grid,5: offshor grid,
5,offshor grid,5: offshor grid,
5,offshor grid,5: offshor grid,
5,offshor grid,5: offshor grid,
5,offshor grid,5: offshor grid,
5,offshor grid,5: offshor grid,
5,offshor grid,5: offshor grid,
5,offshor grid,5: offshor grid,
5,offshor grid,5: offshor grid,
5,offshor grid,5: offshor grid,
5,offshor grid,5: offshor grid,
5,offshor grid,5: offshor grid,
5,offshor grid,5: offshor grid,
5,offshor grid,5: offshor grid,
5,offshor grid,5: offshor grid,
5,offshor grid,5: offshor grid,
5,offshor grid,5: offshor grid,
5,offshor grid,5: offshor grid,
5,offshor grid,5: offshor grid,
5,offshor grid,5: offshor grid,
5,offshor grid,5: offshor grid,
5,offshor grid,5: offshor grid,
5,offshor grid,5: offshor grid,
5,offshor grid,5: offshor grid,
5,offshor grid,5: offshor grid,
5,offshor grid,5: offshor grid,
5,offshor grid,5: offshor grid,
5,offshor grid,5: offshor grid,
5,offshor grid,5: offshor grid,
5,offshor grid,5: offshor grid,
5,offshor grid,5: offshor grid,
5,offshor grid,5: offshor grid,
5,offshor grid,5: offshor grid,
5,offshor grid,5: offshor grid,
5,offshor grid,5: offshor grid,
5,offshor grid,5: offshor grid,
5,offshor grid,5: offshor grid,
5,offshor grid,5: offshor grid,
5,offshor grid,5: offshor grid,
5,offshor grid,5: offshor grid,
5,offshor grid,5: offshor grid,
5,offshor grid,5: offshor grid,
5,offshor grid,5: offshor grid,
5,offshor grid,5: offshor grid,
5,offshor grid,5: offshor grid,
5,offshor grid,5: offshor grid,
5,offshor grid,5: offshor grid,
5,offshor grid,5: offshor grid,
5,offshor grid,5: offshor grid,
5,offshor grid,5: offshor grid,
5,offshor grid,5: offshor grid,
5,offshor grid,5: offshor grid,
5,offshor grid,5: offshor grid,
5,offshor grid,5: offshor grid,
5,offshor grid,5: offshor grid,
5,offshor grid,5: offshor grid,
5,offshor grid,5: offshor grid,
5,offshor grid,5: offshor grid,
5,offshor grid,5: offshor grid,
5,offshor grid,5: offshor grid,
5,offshor grid,5: offshor grid,
5,offshor grid,5: offshor grid,
5,offshor grid,5: offshor grid,
5,offshor grid,5: offshor grid,
5,offshor grid,5: offshor grid,
5,offshor grid,5: offshor grid,
5,offshor grid,5: offshor grid,
5,offshor grid,5: offshor grid,
5,offshor grid,5: offshor grid,
5,offshor grid,5: offshor grid,
5,offshor grid,5: offshor grid,
5,offshor grid,5: offshor grid,
5,offshor grid,5: offshor grid,
5,offshor grid,5: offshor grid,
5,offshor grid,5: offshor grid,
5,offshor grid,5: offshor grid,
5,offshor grid,5: offshor grid,
5,offshor grid,5: offshor grid,
5,offshor grid,5: offshor grid,
5,offshor grid,5: offshor grid,
5,offshor grid,5: offshor grid,
5,offshor grid,5: offshor grid,
5,offshor grid,5: offshor grid,
5,offshor grid,5: offshor grid,
5,offshor grid,5: offshor grid,
5,offshor grid,5: offshor grid,
5,offshor grid,5: offshor grid,
5,offshor grid,5: offshor grid,
5,offshor grid,5: offshor grid,
5,offshor grid,5: offshor grid,
5,offshor grid,5: offshor grid,
5,offshor grid,5: offshor grid,
5,offshor grid,5: offshor grid,
5,offshor grid,5: offshor grid,
5,offshor grid,5: offshor grid,
5,offshor grid,5: offshor grid,
5,offshor grid,5: offshor grid,
5,offshor grid,5: offshor grid,
5,offshor grid,5: offshor grid,
5,offshor grid,5: offshor grid,
5,offshor grid,5: offshor grid,
5,offshor grid,5: offshor grid,
5,offshor grid,5: offshor grid,
5,offshor grid,5: offshor grid,
5,offshor grid,5: offshor grid,
5,offshor grid,5: offshor grid,
5,offshor grid,5: offshor grid,
5,offshor grid,5: offshor grid,
5,offshor grid,5: offshor grid,
5,offshor grid,5: offshor grid,
5,offshor grid,5: offshor grid,
5,offshor grid,5: offshor grid,
5,offshor grid,5: offshor grid,
5,offshor grid,5: offshor grid,
5,offshor grid,5: offshor grid,
5,offshor grid,5: offshor grid,
5,offshor grid,5: offshor grid,
5,offshor grid,5: offshor grid,
5,offshor grid,5: offshor grid,
5,offshor grid,5: offshor grid,
5,offshor grid,5: offshor grid,
5,offshor grid,5: offshor grid,
5,offshor grid,5: offshor grid,
5,offshor grid,5: offshor grid,
5,offshor grid,5: offshor grid,
5,offshor grid,5: offshor grid,
5,offshor grid,5: offshor grid,
5,offshor grid,5: offshor grid,
5,offshor grid,5: offshor grid,
5,offshor grid,5: offshor grid,
5,offshor grid,5: offshor grid,
5,offshor grid,5: offshor grid,
5,offshor grid,5: offshor grid,
5,offshor grid,5: offshor grid,
5,offshor grid,5: offshor grid,
5,offshor grid,5: offshor grid,
5,offshor grid,5: offshor grid,
5,offshor grid,5: offshor grid,
5,offshor grid,5: offshor grid,
5,offshor grid,5: offshor grid,
5,offshor grid,5: offshor grid,
5,offshor grid,5: offshor grid,
5,offshor grid,5: offshor grid,
5,offshor grid,5: offshor grid,
5,offshor grid,5: offshor grid,
5,offshor grid,5: offshor grid,
5,offshor grid,5: offshor grid,
5,offshor grid,5: offshor grid,
5,offshor grid,5: offshor grid,
5,offshor grid,5: offshor grid,
5,offshor grid,5: offshor grid,
5,offshor grid,5: offshor grid,
5,offshor grid,5: offshor grid,
5,offshor grid,5: offshor grid,
5,offshor grid,5: offshor grid,
5,offshor grid,5: offshor grid,
5,offshor grid,5: offshor grid,
5,offshor grid,5: offshor grid,
5,offshor grid,5: offshor grid,
5,offshor grid,5: offshor grid,
5,offshor grid,5: offshor grid,
5,offshor grid,5: offshor grid,
5,offshor grid,5: offshor grid,
5,offshor grid,5: offshor grid,
5,offshor grid,5: offshor grid,
5,offshor grid,5: offshor grid,
5,offshor grid,5: offshor grid,
5,offshor grid,5: offshor grid,
5,offshor grid,5: offshor grid,
5,offshor grid,5: offshor grid,
5,offshor grid,5: offshor grid,
5,offshor grid,5: offshor grid,
5,offshor grid,5: offshor grid,
5,offshor grid,5: offshor grid,
5,offshor grid,5: offshor grid,
5,offshor grid,5: offshor grid,
5,offshor grid,5: offshor grid,
5,offshor grid,5: offshor grid,
5,offshor grid,5: offshor grid,
5,offshor grid,5: offshor grid,
5,offshor grid,5: offshor grid,
5,offshor grid,5: offshor grid,
5,offshor grid,5: offshor grid,
5,offshor grid,5: offshor grid,
5,offshor grid,5: offshor grid,
5,offshor grid,5: offshor grid,
5,offshor grid,5: offshor grid,
5,offshor grid,5: offshor grid,
5,offshor grid,5: offshor grid,
5,offshor grid,5: offshor grid,
5,offshor grid,5: offshor grid,
5,offshor grid,5: offshor grid,
5,offshor grid,5: offshor grid,
5,offshor grid,5: offshor grid,
5,offshor grid,5: offshor grid,
5,offshor grid,5: offshor grid,
5,offshor grid,5: offshor grid,
5,offshor grid,5: offshor grid,
5,offshor grid,5: offshor grid,
5,offshor grid,5: offshor grid,
5,offshor grid,5: offshor grid,
5,offshor grid,5: offshor grid,
5,offshor grid,5: offshor grid,
5,offshor grid,5: offshor grid,
5,offshor grid,5: offshor grid,
5,offshor grid,5: offshor grid,
5,offshor grid,5: offshor grid,
5,offshor grid,5: offshor grid,
5,offshor grid,5: offshor grid,
5,offshor grid,5: offshor grid,
5,offshor grid,5: offshor grid,
5,offshor grid,5: offshor grid,
5,offshor grid,5: offshor grid,
5,offshor grid,5: offshor grid,
5,offshor grid,5: offshor grid,
5,offshor grid,5: offshor grid,
5,offshor grid,5: offshor grid,
5,offshor grid,5: offshor grid,
5,offshor grid,5: offshor grid,
5,offshor grid,5: offshor grid,
5,offshor grid,5: offshor grid,
5,offshor grid,5: offshor grid,
5,offshor grid,5: offshor grid,
5,offshor grid,5: offshor grid,
5,offshor grid,5: offshor grid,
5,offshor grid,5: offshor grid,
5,offshor grid,5: offshor grid,
5,offshor grid,5: offshor grid,
5,offshor grid,5: offshor grid,
5,offshor grid,5: offshor grid,
5,offshor grid,5: offshor grid,
5,offshor grid,5: offshor grid,
5,offshor grid,5: offshor grid,
5,offshor grid,5: offshor grid,
5,offshor grid,5: offshor grid,
5,offshor grid,5: offshor grid,
5,offshor grid,5: offshor grid,
5,offshor grid,5: offshor grid,
5,offshor grid,5: offshor grid,
5,offshor grid,5: offshor grid,
5,offshor grid,5: offshor grid,
5,offshor grid,5: offshor grid,
5,offshor grid,5: offshor grid,
5,offshor grid,5: offshor grid,
5,offshor grid,5: offshor grid,
5,offshor grid,5: offshor grid,
5,offshor grid,5: offshor grid,
5,offshor grid,5: offshor grid,
5,offshor grid,5: offshor grid,
5,offshor grid,5: offshor grid,
5,offshor grid,5: offshor grid,
5,offshor grid,5: offshor grid,
5,offshor grid,5: offshor grid,
5,offshor grid,5: offshor grid,
5,offshor grid,5: offshor grid,
5,offshor grid,5: offshor grid,
5,offshor grid,5: offshor grid,
5,offshor grid,5: offshor grid,
5,offshor grid,5: offshor grid,
9,wind farm,9: wind farm,
9,wind farm,9: wind farm,
9,wind farm,9: wind farm,
9,wind farm,9: wind farm,
9,wind farm,9: wind farm,
9,wind farm,9: wind farm,
9,wind farm,9: wind farm,
9,wind farm,9: wind farm,
9,wind farm,9: wind farm,
9,wind farm,9: wind farm,
9,wind farm,9: wind farm,
9,wind farm,9: wind farm,
9,wind farm,9: wind farm,
9,wind farm,9: wind farm,
9,wind farm,9: wind farm,
9,wind farm,9: wind farm,
9,wind farm,9: wind farm,
9,wind farm,9: wind farm,
9,wind farm,9: wind farm,
9,wind farm,9: wind farm,
9,wind farm,9: wind farm,
9,wind farm,9: wind farm,
9,wind farm,9: wind farm,
9,wind farm,9: wind farm,
9,wind farm,9: wind farm,
9,wind farm,9: wind farm,
9,wind farm,9: wind farm,
9,wind farm,9: wind farm,
9,wind farm,9: wind farm,
9,wind farm,9: wind farm,
9,wind farm,9: wind farm,
9,wind farm,9: wind farm,
9,wind farm,9: wind farm,
9,wind farm,9: wind farm,
9,wind farm,9: wind farm,
9,wind farm,9: wind farm,
9,wind farm,9: wind farm,
9,wind farm,9: wind farm,
9,wind farm,9: wind farm,
9,wind farm,9: wind farm,
9,wind farm,9: wind farm,
9,wind farm,9: wind farm,
9,wind farm,9: wind farm,
9,wind farm,9: wind farm,
9,wind farm,9: wind farm,
9,wind farm,9: wind farm,
9,wind farm,9: wind farm,
9,wind farm,9: wind farm,
9,wind farm,9: wind farm,
9,wind farm,9: wind farm,
9,wind farm,9: wind farm,
9,wind farm,9: wind farm,
9,wind farm,9: wind farm,
9,wind farm,9: wind farm,
9,wind farm,9: wind farm,
9,wind farm,9: wind farm,
9,wind farm,9: wind farm,
9,wind farm,9: wind farm,
9,wind farm,9: wind farm,
9,wind farm,9: wind farm,
9,wind farm,9: wind farm,
9,wind farm,9: wind farm,
9,wind farm,9: wind farm,
9,wind farm,9: wind farm,
9,wind farm,9: wind farm,
9,wind farm,9: wind farm,
9,wind farm,9: wind farm,
9,wind farm,9: wind farm,
9,wind farm,9: wind farm,
9,wind farm,9: wind farm,
9,wind farm,9: wind farm,
9,wind farm,9: wind farm,
9,wind farm,9: wind farm,
9,wind farm,9: wind farm,
9,wind farm,9: wind farm,
9,wind farm,9: wind farm,
9,wind farm,9: wind farm,
9,wind farm,9: wind farm,
9,wind farm,9: wind farm,
9,wind farm,9: wind farm,
9,wind farm,9: wind farm,
9,wind farm,9: wind farm,
9,wind farm,9: wind farm,
9,wind farm,9: wind farm,
9,wind farm,9: wind farm,
9,wind farm,9: wind farm,
9,wind farm,9: wind farm,
9,wind farm,9: wind farm,
9,wind farm,9: wind farm,
9,wind farm,9: wind farm,
9,wind farm,9: wind farm,
9,wind farm,9: wind farm,
9,wind farm,9: wind farm,
9,wind farm,9: wind farm,
9,wind farm,9: wind farm,
9,wind farm,9: wind farm,
9,wind farm,9: wind farm,
9,wind farm,9: wind farm,
9,wind farm,9: wind farm,
9,wind farm,9: wind farm,
9,wind farm,9: wind farm,
9,wind farm,9: wind farm,
9,wind farm,9: wind farm,
9,wind farm,9: wind farm,
9,wind farm,9: wind farm,
9,wind farm,9: wind farm,
9,wind farm,9: wind farm,
9,wind farm,9: wind farm,
9,wind farm,9: wind farm,
9,wind farm,9: wind farm,
9,wind farm,9: wind farm,
9,wind farm,9: wind farm,
9,wind farm,9: wind farm,
9,wind farm,9: wind farm,
9,wind farm,9: wind farm,
9,wind farm,9: wind farm,
9,wind farm,9: wind farm,
9,wind farm,9: wind farm,
9,wind farm,9: wind farm,
9,wind farm,9: wind farm,
9,wind farm,9: wind farm,
9,wind farm,9: wind farm,
9,wind farm,9: wind farm,
9,wind farm,9: wind farm,
9,wind farm,9: wind farm,
9,wind farm,9: wind farm,
9,wind farm,9: wind farm,
9,wind farm,9: wind farm,
9,wind farm,9: wind farm,
9,wind farm,9: wind farm,
9,wind farm,9: wind farm,
9,wind farm,9: wind farm,
9,wind farm,9: wind farm,
9,wind farm,9: wind farm,
9,wind farm,9: wind farm,
9,wind farm,9: wind farm,
9,wind farm,9: wind farm,
9,wind farm,9: wind farm,
9,wind farm,9: wind farm,
9,wind farm,9: wind farm,
9,wind farm,9: wind farm,
9,wind farm,9: wind farm,
9,wind farm,9: wind farm,
9,wind farm,9: wind farm,
9,wind farm,9: wind farm,
9,wind farm,9: wind farm,
9,wind farm,9: wind farm,
9,wind farm,9: wind farm,
9,wind farm,9: wind farm,
9,wind farm,9: wind farm,
9,wind farm,9: wind farm,
9,wind farm,9: wind farm,
9,wind farm,9: wind farm,
9,wind farm,9: wind farm,
9,wind farm,9: wind farm,
9,wind farm,9: wind farm,
9,wind farm,9: wind farm,
9,wind farm,9: wind farm,
9,wind farm,9: wind farm,
9,wind farm,9: wind farm,
9,wind farm,9: wind farm,
9,wind farm,9: wind farm,
9,wind farm,9: wind farm,
9,wind farm,9: wind farm,
9,wind farm,9: wind farm,
9,wind farm,9: wind farm,
9,wind farm,9: wind farm,
9,wind farm,9: wind farm,
9,wind farm,9: wind farm,
9,wind farm,9: wind farm,
9,wind farm,9: wind farm,
9,wind farm,9: wind farm,
9,wind farm,9: wind farm,
9,wind farm,9: wind farm,
9,wind farm,9: wind farm,
9,wind farm,9: wind farm,
9,wind farm,9: wind farm,
9,wind farm,9: wind farm,
9,wind farm,9: wind farm,
9,wind farm,9: wind farm,
9,wind farm,9: wind farm,
9,wind farm,9: wind farm,
9,wind farm,9: wind farm,
9,wind farm,9: wind farm,
9,wind farm,9: wind farm,
9,wind farm,9: wind farm,
9,wind farm,9: wind farm,
9,wind farm,9: wind farm,
9,wind farm,9: wind farm,
9,wind farm,9: wind farm,
9,wind farm,9: wind farm,
9,wind farm,9: wind farm,
9,wind farm,9: wind farm,
9,wind farm,9: wind farm,
9,wind farm,9: wind farm,
9,wind farm,9: wind farm,
9,wind farm,9: wind farm,
9,wind farm,9: wind farm,
9,wind farm,9: wind farm,
9,wind farm,9: wind farm,
9,wind farm,9: wind farm,
9,wind farm,9: wind farm,
9,wind farm,9: wind farm,
9,wind farm,9: wind farm,
9,wind farm,9: wind farm,
9,wind farm,9: wind farm,
9,wind farm,9: wind farm,
9,wind farm,9: wind farm,
9,wind farm,9: wind farm,
9,wind farm,9: wind farm,
9,wind farm,9: wind farm,
9,wind farm,9: wind farm,
9,wind farm,9: wind farm,
9,wind farm,9: wind farm,
9,wind farm,9: wind farm,
9,wind farm,9: wind farm,
9,wind farm,9: wind farm,
9,wind farm,9: wind farm,
9,wind farm,9: wind farm,
9,wind farm,9: wind farm,
9,wind farm,9: wind farm,
9,wind farm,9: wind farm,
9,wind farm,9: wind farm,
9,wind farm,9: wind farm,
9,wind farm,9: wind farm,
9,wind farm,9: wind farm,
9,wind farm,9: wind farm,
9,wind farm,9: wind farm,
9,wind farm,9: wind farm,
9,wind farm,9: wind farm,
9,wind farm,9: wind farm,
9,wind farm,9: wind farm,
9,wind farm,9: wind farm,
9,wind farm,9: wind farm,
9,wind farm,9: wind farm,
9,wind farm,9: wind farm,
9,wind farm,9: wind farm,
9,wind farm,9: wind farm,
9,wind farm,9: wind farm,
9,wind farm,9: wind farm,
9,wind farm,9: wind farm,
9,wind farm,9: wind farm,
9,wind farm,9: wind farm,
9,wind farm,9: wind farm,
9,wind farm,9: wind farm,
9,wind farm,9: wind farm,
9,wind farm,9: wind farm,
9,wind farm,9: wind farm,
9,wind farm,9: wind farm,
9,wind farm,9: wind farm,
9,wind farm,9: wind farm,
9,wind farm,9: wind farm,
9,wind farm,9: wind farm,
9,wind farm,9: wind farm,
9,wind farm,9: wind farm,
9,wind farm,9: wind farm,
9,wind farm,9: wind farm,
9,wind farm,9: wind farm,
9,wind farm,9: wind farm,
9,wind farm,9: wind farm,
9,wind farm,9: wind farm,
9,wind farm,9: wind farm,
9,wind farm,9: wind farm,
9,wind farm,9: wind farm,
9,wind farm,9: wind farm,
9,wind farm,9: wind farm,
9,wind farm,9: wind farm,
9,wind farm,9: wind farm,
9,wind farm,9: wind farm,
9,wind farm,9: wind farm,
9,wind farm,9: wind farm,
9,wind farm,9: wind farm,
9,wind farm,9: wind farm,
9,wind farm,9: wind farm,
9,wind farm,9: wind farm,
9,wind farm,9: wind farm,
9,wind farm,9: wind farm,
9,wind farm,9: wind farm,
9,wind farm,9: wind farm,
9,wind farm,9: wind farm,
9,wind farm,9: wind farm,
9,wind farm,9: wind farm,
9,wind farm,9: wind farm,
9,wind farm,9: wind farm,
9,wind farm,9: wind farm,
9,wind farm,9: wind farm,
9,wind farm,9: wind farm,
9,wind farm,9: wind farm,
9,wind farm,9: wind farm,
9,wind farm,9: wind farm,
9,wind farm,9: wind farm,
9,wind farm,9: wind farm,
9,wind farm,9: wind farm,
9,wind farm,9: wind farm,
9,wind farm,9: wind farm,
9,wind farm,9: wind farm,
9,wind farm,9: wind farm,
9,wind farm,9: wind farm,
9,wind farm,9: wind farm,
9,wind farm,9: wind farm,
9,wind farm,9: wind farm,
9,wind farm,9: wind farm,
9,wind farm,9: wind farm,
9,wind farm,9: wind farm,
9,wind farm,9: wind farm,
9,wind farm,9: wind farm,
9,wind farm,9: wind farm,
9,wind farm,9: wind farm,
9,wind farm,9: wind farm,
9,wind farm,9: wind farm,
9,wind farm,9: wind farm,
9,wind farm,9: wind farm,
9,wind farm,9: wind farm,
9,wind farm,9: wind farm,
9,wind farm,9: wind farm,
9,wind farm,9: wind farm,
9,wind farm,9: wind farm,
9,wind farm,9: wind farm,
9,wind farm,9: wind farm,
9,wind farm,9: wind farm,
9,wind farm,9: wind farm,
9,wind farm,9: wind farm,
5,offshor grid,5: offshor grid,
5,offshor grid,5: offshor grid,
5,offshor grid,5: offshor grid,
5,offshor grid,5: offshor grid,
5,offshor grid,5: offshor grid,
5,offshor grid,5: offshor grid,
5,offshor grid,5: offshor grid,
5,offshor grid,5: offshor grid,
5,offshor grid,5: offshor grid,
5,offshor grid,5: offshor grid,
5,offshor grid,5: offshor grid,
5,offshor grid,5: offshor grid,
5,offshor grid,5: offshor grid,
5,offshor grid,5: offshor grid,
5,offshor grid,5: offshor grid,
5,offshor grid,5: offshor grid,
5,offshor grid,5: offshor grid,
5,offshor grid,5: offshor grid,
5,offshor grid,5: offshor grid,
5,offshor grid,5: offshor grid,
5,offshor grid,5: offshor grid,
5,offshor grid,5: offshor grid,
5,offshor grid,5: offshor grid,
5,offshor grid,5: offshor grid,
5,offshor grid,5: offshor grid,
5,offshor grid,5: offshor grid,
5,offshor grid,5: offshor grid,
5,offshor grid,5: offshor grid,
5,offshor grid,5: offshor grid,
5,offshor grid,5: offshor grid,
5,offshor grid,5: offshor grid,
5,offshor grid,5: offshor grid,
5,offshor grid,5: offshor grid,
5,offshor grid,5: offshor grid,
5,offshor grid,5: offshor grid,
5,offshor grid,5: offshor grid,
5,offshor grid,5: offshor grid,
5,offshor grid,5: offshor grid,
5,offshor grid,5: offshor grid,
5,offshor grid,5: offshor grid,
5,offshor grid,5: offshor grid,
5,offshor grid,5: offshor grid,
5,offshor grid,5: offshor grid,
5,offshor grid,5: offshor grid,
5,offshor grid,5: offshor grid,
5,offshor grid,5: offshor grid,
5,offshor grid,5: offshor grid,
5,offshor grid,5: offshor grid,
5,offshor grid,5: offshor grid,
5,offshor grid,5: offshor grid,
5,offshor grid,5: offshor grid,
5,offshor grid,5: offshor grid,
5,offshor grid,5: offshor grid,
5,offshor grid,5: offshor grid,
5,offshor grid,5: offshor grid,
5,offshor grid,5: offshor grid,
5,offshor grid,5: offshor grid,
5,offshor grid,5: offshor grid,
5,offshor grid,5: offshor grid,
5,offshor grid,5: offshor grid,
5,offshor grid,5: offshor grid,
5,offshor grid,5: offshor grid,
5,offshor grid,5: offshor grid,
5,offshor grid,5: offshor grid,
5,offshor grid,5: offshor grid,
5,offshor grid,5: offshor grid,
5,offshor grid,5: offshor grid,
5,offshor grid,5: offshor grid,
5,offshor grid,5: offshor grid,
5,offshor grid,5: offshor grid,
5,offshor grid,5: offshor grid,
5,offshor grid,5: offshor grid,
5,offshor grid,5: offshor grid,
5,offshor grid,5: offshor grid,
5,offshor grid,5: offshor grid,
5,offshor grid,5: offshor grid,
5,offshor grid,5: offshor grid,
5,offshor grid,5: offshor grid,
5,offshor grid,5: offshor grid,
5,offshor grid,5: offshor grid,
5,offshor grid,5: offshor grid,
5,offshor grid,5: offshor grid,
5,offshor grid,5: offshor grid,
5,offshor grid,5: offshor grid,
5,offshor grid,5: offshor grid,
5,offshor grid,5: offshor grid,
5,offshor grid,5: offshor grid,
5,offshor grid,5: offshor grid,
5,offshor grid,5: offshor grid,
5,offshor grid,5: offshor grid,
5,offshor grid,5: offshor grid,
5,offshor grid,5: offshor grid,
5,offshor grid,5: offshor grid,
5,offshor grid,5: offshor grid,
5,offshor grid,5: offshor grid,
5,offshor grid,5: offshor grid,
5,offshor grid,5: offshor grid,
5,offshor grid,5: offshor grid,
5,offshor grid,5: offshor grid,
5,offshor grid,5: offshor grid,
5,offshor grid,5: offshor grid,
5,offshor grid,5: offshor grid,
5,offshor grid,5: offshor grid,
5,offshor grid,5: offshor grid,
5,offshor grid,5: offshor grid,
5,offshor grid,5: offshor grid,
5,offshor grid,5: offshor grid,
5,offshor grid,5: offshor grid,
5,offshor grid,5: offshor grid,
5,offshor grid,5: offshor grid,
5,offshor grid,5: offshor grid,
5,offshor grid,5: offshor grid,
5,offshor grid,5: offshor grid,
5,offshor grid,5: offshor grid,
5,offshor grid,5: offshor grid,
5,offshor grid,5: offshor grid,
5,offshor grid,5: offshor grid,
5,offshor grid,5: offshor grid,
5,offshor grid,5: offshor grid,
5,offshor grid,5: offshor grid,
5,offshor grid,5: offshor grid,
5,offshor grid,5: offshor grid,
5,offshor grid,5: offshor grid,
5,offshor grid,5: offshor grid,
5,offshor grid,5: offshor grid,
5,offshor grid,5: offshor grid,
5,offshor grid,5: offshor grid,
5,offshor grid,5: offshor grid,
5,offshor grid,5: offshor grid,
5,offshor grid,5: offshor grid,
5,offshor grid,5: offshor grid,
5,offshor grid,5: offshor grid,
5,offshor grid,5: offshor grid,
5,offshor grid,5: offshor grid,
5,offshor grid,5: offshor grid,
5,offshor grid,5: offshor grid,
5,offshor grid,5: offshor grid,
5,offshor grid,5: offshor grid,
5,offshor grid,5: offshor grid,
5,offshor grid,5: offshor grid,
5,offshor grid,5: offshor grid,
5,offshor grid,5: offshor grid,
5,offshor grid,5: offshor grid,
5,offshor grid,5: offshor grid,
5,offshor grid,5: offshor grid,
5,offshor grid,5: offshor grid,
5,offshor grid,5: offshor grid,
5,offshor grid,5: offshor grid,
5,offshor grid,5: offshor grid,
5,offshor grid,5: offshor grid,
5,offshor grid,5: offshor grid,
5,offshor grid,5: offshor grid,
5,offshor grid,5: offshor grid,
5,offshor grid,5: offshor grid,
5,offshor grid,5: offshor grid,
5,offshor grid,5: offshor grid,
5,offshor grid,5: offshor grid,
5,offshor grid,5: offshor grid,
5,offshor grid,5: offshor grid,
5,offshor grid,5: offshor grid,
5,offshor grid,5: offshor grid,
5,offshor grid,5: offshor grid,
5,offshor grid,5: offshor grid,
5,offshor grid,5: offshor grid,
5,offshor grid,5: offshor grid,
5,offshor grid,5: offshor grid,
5,offshor grid,5: offshor grid,
5,offshor grid,5: offshor grid,
5,offshor grid,5: offshor grid,
5,offshor grid,5: offshor grid,
5,offshor grid,5: offshor grid,
5,offshor grid,5: offshor grid,
5,offshor grid,5: offshor grid,
5,offshor grid,5: offshor grid,
5,offshor grid,5: offshor grid,
7,renew energi,7: renew energi,
7,renew energi,7: renew energi,
7,renew energi,7: renew energi,
7,renew energi,7: renew energi,
7,renew energi,7: renew energi,
7,renew energi,7: renew energi,
7,renew energi,7: renew energi,
7,renew energi,7: renew energi,
7,renew energi,7: renew energi,
7,renew energi,7: renew energi,
7,renew energi,7: renew energi,
7,renew energi,7: renew energi,
7,renew energi,7: renew energi,
7,renew energi,7: renew energi,
7,renew energi,7: renew energi,
7,renew energi,7: renew energi,
7,renew energi,7: renew energi,
7,renew energi,7: renew energi,
7,renew energi,7: renew energi,
7,renew energi,7: renew energi,
7,renew energi,7: renew energi,
7,renew energi,7: renew energi,
7,renew energi,7: renew energi,
7,renew energi,7: renew energi,
7,renew energi,7: renew energi,
7,renew energi,7: renew energi,
7,renew energi,7: renew energi,
7,renew energi,7: renew energi,
7,renew energi,7: renew energi,
7,renew energi,7: renew energi,
7,renew energi,7: renew energi,
7,renew energi,7: renew energi,
7,renew energi,7: renew energi,
7,renew energi,7: renew energi,
7,renew energi,7: renew energi,
7,renew energi,7: renew energi,
7,renew energi,7: renew energi,
7,renew energi,7: renew energi,
7,renew energi,7: renew energi,
7,renew energi,7: renew energi,
7,renew energi,7: renew energi,
7,renew energi,7: renew energi,
7,renew energi,7: renew energi,
7,renew energi,7: renew energi,
7,renew energi,7: renew energi,
7,renew energi,7: renew energi,
7,renew energi,7: renew energi,
7,renew energi,7: renew energi,
7,renew energi,7: renew energi,
7,renew energi,7: renew energi,
7,renew energi,7: renew energi,
7,renew energi,7: renew energi,
7,renew energi,7: renew energi,
7,renew energi,7: renew energi,
7,renew energi,7: renew energi,
7,renew energi,7: renew energi,
7,renew energi,7: renew energi,
7,renew energi,7: renew energi,
7,renew energi,7: renew energi,
7,renew energi,7: renew energi,
7,renew energi,7: renew energi,
7,renew energi,7: renew energi,
7,renew energi,7: renew energi,
7,renew energi,7: renew energi,
7,renew energi,7: renew energi,
7,renew energi,7: renew energi,
7,renew energi,7: renew energi,
7,renew energi,7: renew energi,
7,renew energi,7: renew energi,
7,renew energi,7: renew energi,
7,renew energi,7: renew energi,
7,renew energi,7: renew energi,
7,renew energi,7: renew energi,
7,renew energi,7: renew energi,
7,renew energi,7: renew energi,
7,renew energi,7: renew energi,
7,renew energi,7: renew energi,
7,renew energi,7: renew energi,
7,renew energi,7: renew energi,
7,renew energi,7: renew energi,
7,renew energi,7: renew energi,
7,renew energi,7: renew energi,
7,renew energi,7: renew energi,
7,renew energi,7: renew energi,
7,renew energi,7: renew energi,
7,renew energi,7: renew energi,
7,renew energi,7: renew energi,
7,renew energi,7: renew energi,
7,renew energi,7: renew energi,
7,renew energi,7: renew energi,
7,renew energi,7: renew energi,
7,renew energi,7: renew energi,
7,renew energi,7: renew energi,
7,renew energi,7: renew energi,
7,renew energi,7: renew energi,
7,renew energi,7: renew energi,
7,renew energi,7: renew energi,
7,renew energi,7: renew energi,
7,renew energi,7: renew energi,
7,renew energi,7: renew energi,
7,renew energi,7: renew energi,
7,renew energi,7: renew energi,
7,renew energi,7: renew energi,
7,renew energi,7: renew energi,
7,renew energi,7: renew energi,
7,renew energi,7: renew energi,
7,renew energi,7: renew energi,
7,renew energi,7: renew energi,
7,renew energi,7: renew energi,
7,renew energi,7: renew energi,
7,renew energi,7: renew energi,
7,renew energi,7: renew energi,
7,renew energi,7: renew energi,
7,renew energi,7: renew energi,
7,renew energi,7: renew energi,
7,renew energi,7: renew energi,
7,renew energi,7: renew energi,
7,renew energi,7: renew energi,
7,renew energi,7: renew energi,
7,renew energi,7: renew energi,
7,renew energi,7: renew energi,
7,renew energi,7: renew energi,
7,renew energi,7: renew energi,
7,renew energi,7: renew energi,
7,renew energi,7: renew energi,
7,renew energi,7: renew energi,
7,renew energi,7: renew energi,
7,renew energi,7: renew energi,
7,renew energi,7: renew energi,
7,renew energi,7: renew energi,
7,renew energi,7: renew energi,
7,renew energi,7: renew energi,
7,renew energi,7: renew energi,
7,renew energi,7: renew energi,
7,renew energi,7: renew energi,
7,renew energi,7: renew energi,
7,renew energi,7: renew energi,
7,renew energi,7: renew energi,
7,renew energi,7: renew energi,
7,renew energi,7: renew energi,
7,renew energi,7: renew energi,
7,renew energi,7: renew energi,
7,renew energi,7: renew energi,
7,renew energi,7: renew energi,
7,renew energi,7: renew energi,
7,renew energi,7: renew energi,
9,wind farm,9: wind farm,
9,wind farm,9: wind farm,
9,wind farm,9: wind farm,
9,wind farm,9: wind farm,
9,wind farm,9: wind farm,
9,wind farm,9: wind farm,
9,wind farm,9: wind farm,
9,wind farm,9: wind farm,
9,wind farm,9: wind farm,
9,wind farm,9: wind farm,
9,wind farm,9: wind farm,
9,wind farm,9: wind farm,
9,wind farm,9: wind farm,
9,wind farm,9: wind farm,
9,wind farm,9: wind farm,
9,wind farm,9: wind farm,
9,wind farm,9: wind farm,
9,wind farm,9: wind farm,
9,wind farm,9: wind farm,
9,wind farm,9: wind farm,
9,wind farm,9: wind farm,
9,wind farm,9: wind farm,
9,wind farm,9: wind farm,
9,wind farm,9: wind farm,
9,wind farm,9: wind farm,
9,wind farm,9: wind farm,
9,wind farm,9: wind farm,
9,wind farm,9: wind farm,
9,wind farm,9: wind farm,
9,wind farm,9: wind farm,
9,wind farm,9: wind farm,
9,wind farm,9: wind farm,
9,wind farm,9: wind farm,
9,wind farm,9: wind farm,
9,wind farm,9: wind farm,
9,wind farm,9: wind farm,
9,wind farm,9: wind farm,
9,wind farm,9: wind farm,
9,wind farm,9: wind farm,
9,wind farm,9: wind farm,
9,wind farm,9: wind farm,
9,wind farm,9: wind farm,
9,wind farm,9: wind farm,
9,wind farm,9: wind farm,
9,wind farm,9: wind farm,
9,wind farm,9: wind farm,
9,wind farm,9: wind farm,
9,wind farm,9: wind farm,
9,wind farm,9: wind farm,
9,wind farm,9: wind farm,
9,wind farm,9: wind farm,
9,wind farm,9: wind farm,
9,wind farm,9: wind farm,
9,wind farm,9: wind farm,
9,wind farm,9: wind farm,
9,wind farm,9: wind farm,
9,wind farm,9: wind farm,
9,wind farm,9: wind farm,
9,wind farm,9: wind farm,
9,wind farm,9: wind farm,
9,wind farm,9: wind farm,
9,wind farm,9: wind farm,
9,wind farm,9: wind farm,
9,wind farm,9: wind farm,
9,wind farm,9: wind farm,
9,wind farm,9: wind farm,
9,wind farm,9: wind farm,
9,wind farm,9: wind farm,
9,wind farm,9: wind farm,
9,wind farm,9: wind farm,
9,wind farm,9: wind farm,
9,wind farm,9: wind farm,
9,wind farm,9: wind farm,
9,wind farm,9: wind farm,
9,wind farm,9: wind farm,
9,wind farm,9: wind farm,
9,wind farm,9: wind farm,
9,wind farm,9: wind farm,
9,wind farm,9: wind farm,
9,wind farm,9: wind farm,
9,wind farm,9: wind farm,
9,wind farm,9: wind farm,
9,wind farm,9: wind farm,
9,wind farm,9: wind farm,
9,wind farm,9: wind farm,
9,wind farm,9: wind farm,
9,wind farm,9: wind farm,
9,wind farm,9: wind farm,
9,wind farm,9: wind farm,
9,wind farm,9: wind farm,
9,wind farm,9: wind farm,
9,wind farm,9: wind farm,
9,wind farm,9: wind farm,
9,wind farm,9: wind farm,
9,wind farm,9: wind farm,
9,wind farm,9: wind farm,
9,wind farm,9: wind farm,
9,wind farm,9: wind farm,
9,wind farm,9: wind farm,
9,wind farm,9: wind farm,
9,wind farm,9: wind farm,
9,wind farm,9: wind farm,
9,wind farm,9: wind farm,
9,wind farm,9: wind farm,
9,wind farm,9: wind farm,
9,wind farm,9: wind farm,
9,wind farm,9: wind farm,
9,wind farm,9: wind farm,
9,wind farm,9: wind farm,
9,wind farm,9: wind farm,
9,wind farm,9: wind farm,
9,wind farm,9: wind farm,
9,wind farm,9: wind farm,
9,wind farm,9: wind farm,
9,wind farm,9: wind farm,
9,wind farm,9: wind farm,
9,wind farm,9: wind farm,
9,wind farm,9: wind farm,
9,wind farm,9: wind farm,
9,wind farm,9: wind farm,
9,wind farm,9: wind farm,
9,wind farm,9: wind farm,
9,wind farm,9: wind farm,
9,wind farm,9: wind farm,
9,wind farm,9: wind farm,
9,wind farm,9: wind farm,
9,wind farm,9: wind farm,
9,wind farm,9: wind farm,
9,wind farm,9: wind farm,
9,wind farm,9: wind farm,
9,wind farm,9: wind farm,
9,wind farm,9: wind farm,
9,wind farm,9: wind farm,
9,wind farm,9: wind farm,
9,wind farm,9: wind farm,
9,wind farm,9: wind farm,
9,wind farm,9: wind farm,
9,wind farm,9: wind farm,
9,wind farm,9: wind farm,
9,wind farm,9: wind farm,
9,wind farm,9: wind farm,
9,wind farm,9: wind farm,
9,wind farm,9: wind farm,
9,wind farm,9: wind farm,
9,wind farm,9: wind farm,
9,wind farm,9: wind farm,
9,wind farm,9: wind farm,
9,wind farm,9: wind farm,
9,wind farm,9: wind farm,
9,wind farm,9: wind farm,
9,wind farm,9: wind farm,
9,wind farm,9: wind farm,
9,wind farm,9: wind farm,
9,wind farm,9: wind farm,
9,wind farm,9: wind farm,
9,wind farm,9: wind farm,
9,wind farm,9: wind farm,
9,wind farm,9: wind farm,
9,wind farm,9: wind farm,
9,wind farm,9: wind farm,
9,wind farm,9: wind farm,
9,wind farm,9: wind farm,
9,wind farm,9: wind farm,
9,wind farm,9: wind farm,
9,wind farm,9: wind farm,
9,wind farm,9: wind farm,
9,wind farm,9: wind farm,
9,wind farm,9: wind farm,
9,wind farm,9: wind farm,
9,wind farm,9: wind farm,
9,wind farm,9: wind farm,
9,wind farm,9: wind farm,
9,wind farm,9: wind farm,
9,wind farm,9: wind farm,
9,wind farm,9: wind farm,
9,wind farm,9: wind farm,
9,wind farm,9: wind farm,
9,wind farm,9: wind farm,
9,wind farm,9: wind farm,
9,wind farm,9: wind farm,
9,wind farm,9: wind farm,
9,wind farm,9: wind farm,
9,wind farm,9: wind farm,
9,wind farm,9: wind farm,
9,wind farm,9: wind farm,
9,wind farm,9: wind farm,
9,wind farm,9: wind farm,
9,wind farm,9: wind farm,
9,wind farm,9: wind farm,
9,wind farm,9: wind farm,
9,wind farm,9: wind farm,
9,wind farm,9: wind farm,
9,wind farm,9: wind farm,
9,wind farm,9: wind farm,
9,wind farm,9: wind farm,
9,wind farm,9: wind farm,
9,wind farm,9: wind farm,
9,wind farm,9: wind farm,
9,wind farm,9: wind farm,
9,wind farm,9: wind farm,
9,wind farm,9: wind farm,
9,wind farm,9: wind farm,
9,wind farm,9: wind farm,
9,wind farm,9: wind farm,
9,wind farm,9: wind farm,
9,wind farm,9: wind farm,
9,wind farm,9: wind farm,
9,wind farm,9: wind farm,
9,wind farm,9: wind farm,
9,wind farm,9: wind farm,
9,wind farm,9: wind farm,
9,wind farm,9: wind farm,
9,wind farm,9: wind farm,
9,wind farm,9: wind farm,
9,wind farm,9: wind farm,
9,wind farm,9: wind farm,
9,wind farm,9: wind farm,
9,wind farm,9: wind farm,
9,wind farm,9: wind farm,
9,wind farm,9: wind farm,
9,wind farm,9: wind farm,
9,wind farm,9: wind farm,
9,wind farm,9: wind farm,
9,wind farm,9: wind farm,
9,wind farm,9: wind farm,
9,wind farm,9: wind farm,
9,wind farm,9: wind farm,
9,wind farm,9: wind farm,
9,wind farm,9: wind farm,
9,wind farm,9: wind farm,
9,wind farm,9: wind farm,
9,wind farm,9: wind farm,
9,wind farm,9: wind farm,
9,wind farm,9: wind farm,
9,wind farm,9: wind farm,
9,wind farm,9: wind farm,
9,wind farm,9: wind farm,
9,wind farm,9: wind farm,
9,wind farm,9: wind farm,
9,wind farm,9: wind farm,
9,wind farm,9: wind farm,
9,wind farm,9: wind farm,
9,wind farm,9: wind farm,
9,wind farm,9: wind farm,
9,wind farm,9: wind farm,
9,wind farm,9: wind farm,
9,wind farm,9: wind farm,
9,wind farm,9: wind farm,
9,wind farm,9: wind farm,
9,wind farm,9: wind farm,
9,wind farm,9: wind farm,
9,wind farm,9: wind farm,
9,wind farm,9: wind farm,
9,wind farm,9: wind farm,
9,wind farm,9: wind farm,
9,wind farm,9: wind farm,
9,wind farm,9: wind farm,
9,wind farm,9: wind farm,
9,wind farm,9: wind farm,
9,wind farm,9: wind farm,
9,wind farm,9: wind farm,
9,wind farm,9: wind farm,
9,wind farm,9: wind farm,
9,wind farm,9: wind farm,
9,wind farm,9: wind farm,
9,wind farm,9: wind farm,
9,wind farm,9: wind farm,
9,wind farm,9: wind farm,
9,wind farm,9: wind farm,
9,wind farm,9: wind farm,
9,wind farm,9: wind farm,
9,wind farm,9: wind farm,
9,wind farm,9: wind farm,
9,wind farm,9: wind farm,
9,wind farm,9: wind farm,
9,wind farm,9: wind farm,
9,wind farm,9: wind farm,
9,wind farm,9: wind farm,
9,wind farm,9: wind farm,
9,wind farm,9: wind farm,
9,wind farm,9: wind farm,
9,wind farm,9: wind farm,
9,wind farm,9: wind farm,
9,wind farm,9: wind farm,
9,wind farm,9: wind farm,
9,wind farm,9: wind farm,
9,wind farm,9: wind farm,
9,wind farm,9: wind farm,
9,wind farm,9: wind farm,
9,wind farm,9: wind farm,
9,wind farm,9: wind farm,
9,wind farm,9: wind farm,
9,wind farm,9: wind farm,
9,wind farm,9: wind farm,
9,wind farm,9: wind farm,
9,wind farm,9: wind farm,
9,wind farm,9: wind farm,
9,wind farm,9: wind farm,
9,wind farm,9: wind farm,
9,wind farm,9: wind farm,
9,wind farm,9: wind farm,
9,wind farm,9: wind farm,
9,wind farm,9: wind farm,
9,wind farm,9: wind farm,
9,wind farm,9: wind farm,
9,wind farm,9: wind farm,
9,wind farm,9: wind farm,
9,wind farm,9: wind farm,
9,wind farm,9: wind farm,
9,wind farm,9: wind farm,
9,wind farm,9: wind farm,
9,wind farm,9: wind farm,
9,wind farm,9: wind farm,
9,wind farm,9: wind farm,
9,wind farm,9: wind farm,
9,wind farm,9: wind farm,
9,wind farm,9: wind farm,
9,wind farm,9: wind farm,
9,wind farm,9: wind farm,
9,wind farm,9: wind farm,
9,wind farm,9: wind farm,
9,wind farm,9: wind farm,
5,offshor grid,5: offshor grid,
5,offshor grid,5: offshor grid,
5,offshor grid,5: offshor grid,
5,offshor grid,5: offshor grid,
5,offshor grid,5: offshor grid,
5,offshor grid,5: offshor grid,
5,offshor grid,5: offshor grid,
5,offshor grid,5: offshor grid,
5,offshor grid,5: offshor grid,
5,offshor grid,5: offshor grid,
5,offshor grid,5: offshor grid,
5,offshor grid,5: offshor grid,
5,offshor grid,5: offshor grid,
5,offshor grid,5: offshor grid,
5,offshor grid,5: offshor grid,
5,offshor grid,5: offshor grid,
5,offshor grid,5: offshor grid,
5,offshor grid,5: offshor grid,
5,offshor grid,5: offshor grid,
5,offshor grid,5: offshor grid,
5,offshor grid,5: offshor grid,
5,offshor grid,5: offshor grid,
5,offshor grid,5: offshor grid,
5,offshor grid,5: offshor grid,
5,offshor grid,5: offshor grid,
5,offshor grid,5: offshor grid,
5,offshor grid,5: offshor grid,
5,offshor grid,5: offshor grid,
5,offshor grid,5: offshor grid,
5,offshor grid,5: offshor grid,
5,offshor grid,5: offshor grid,
5,offshor grid,5: offshor grid,
5,offshor grid,5: offshor grid,
5,offshor grid,5: offshor grid,
5,offshor grid,5: offshor grid,
5,offshor grid,5: offshor grid,
5,offshor grid,5: offshor grid,
5,offshor grid,5: offshor grid,
5,offshor grid,5: offshor grid,
5,offshor grid,5: offshor grid,
5,offshor grid,5: offshor grid,
5,offshor grid,5: offshor grid,
5,offshor grid,5: offshor grid,
5,offshor grid,5: offshor grid,
5,offshor grid,5: offshor grid,
5,offshor grid,5: offshor grid,
5,offshor grid,5: offshor grid,
5,offshor grid,5: offshor grid,
5,offshor grid,5: offshor grid,
5,offshor grid,5: offshor grid,
5,offshor grid,5: offshor grid,
5,offshor grid,5: offshor grid,
5,offshor grid,5: offshor grid,
5,offshor grid,5: offshor grid,
5,offshor grid,5: offshor grid,
5,offshor grid,5: offshor grid,
5,offshor grid,5: offshor grid,
5,offshor grid,5: offshor grid,
5,offshor grid,5: offshor grid,
5,offshor grid,5: offshor grid,
5,offshor grid,5: offshor grid,
5,offshor grid,5: offshor grid,
5,offshor grid,5: offshor grid,
5,offshor grid,5: offshor grid,
5,offshor grid,5: offshor grid,
5,offshor grid,5: offshor grid,
5,offshor grid,5: offshor grid,
5,offshor grid,5: offshor grid,
5,offshor grid,5: offshor grid,
5,offshor grid,5: offshor grid,
5,offshor grid,5: offshor grid,
5,offshor grid,5: offshor grid,
5,offshor grid,5: offshor grid,
5,offshor grid,5: offshor grid,
5,offshor grid,5: offshor grid,
5,offshor grid,5: offshor grid,
5,offshor grid,5: offshor grid,
5,offshor grid,5: offshor grid,
5,offshor grid,5: offshor grid,
5,offshor grid,5: offshor grid,
5,offshor grid,5: offshor grid,
5,offshor grid,5: offshor grid,
5,offshor grid,5: offshor grid,
5,offshor grid,5: offshor grid,
5,offshor grid,5: offshor grid,
5,offshor grid,5: offshor grid,
5,offshor grid,5: offshor grid,
5,offshor grid,5: offshor grid,
5,offshor grid,5: offshor grid,
5,offshor grid,5: offshor grid,
5,offshor grid,5: offshor grid,
5,offshor grid,5: offshor grid,
5,offshor grid,5: offshor grid,
5,offshor grid,5: offshor grid,
5,offshor grid,5: offshor grid,
5,offshor grid,5: offshor grid,
5,offshor grid,5: offshor grid,
5,offshor grid,5: offshor grid,
5,offshor grid,5: offshor grid,
5,offshor grid,5: offshor grid,
5,offshor grid,5: offshor grid,
5,offshor grid,5: offshor grid,
5,offshor grid,5: offshor grid,
5,offshor grid,5: offshor grid,
5,offshor grid,5: offshor grid,
5,offshor grid,5: offshor grid,
5,offshor grid,5: offshor grid,
5,offshor grid,5: offshor grid,
5,offshor grid,5: offshor grid,
5,offshor grid,5: offshor grid,
5,offshor grid,5: offshor grid,
5,offshor grid,5: offshor grid,
5,offshor grid,5: offshor grid,
5,offshor grid,5: offshor grid,
5,offshor grid,5: offshor grid,
5,offshor grid,5: offshor grid,
5,offshor grid,5: offshor grid,
5,offshor grid,5: offshor grid,
5,offshor grid,5: offshor grid,
5,offshor grid,5: offshor grid,
5,offshor grid,5: offshor grid,
5,offshor grid,5: offshor grid,
5,offshor grid,5: offshor grid,
5,offshor grid,5: offshor grid,
5,offshor grid,5: offshor grid,
5,offshor grid,5: offshor grid,
5,offshor grid,5: offshor grid,
5,offshor grid,5: offshor grid,
5,offshor grid,5: offshor grid,
5,offshor grid,5: offshor grid,
5,offshor grid,5: offshor grid,
5,offshor grid,5: offshor grid,
5,offshor grid,5: offshor grid,
5,offshor grid,5: offshor grid,
5,offshor grid,5: offshor grid,
5,offshor grid,5: offshor grid,
5,offshor grid,5: offshor grid,
5,offshor grid,5: offshor grid,
5,offshor grid,5: offshor grid,
5,offshor grid,5: offshor grid,
5,offshor grid,5: offshor grid,
5,offshor grid,5: offshor grid,
5,offshor grid,5: offshor grid,
5,offshor grid,5: offshor grid,
5,offshor grid,5: offshor grid,
5,offshor grid,5: offshor grid,
5,offshor grid,5: offshor grid,
5,offshor grid,5: offshor grid,
5,offshor grid,5: offshor grid,
5,offshor grid,5: offshor grid,
5,offshor grid,5: offshor grid,
5,offshor grid,5: offshor grid,
5,offshor grid,5: offshor grid,
5,offshor grid,5: offshor grid,
5,offshor grid,5: offshor grid,
5,offshor grid,5: offshor grid,
5,offshor grid,5: offshor grid,
5,offshor grid,5: offshor grid,
5,offshor grid,5: offshor grid,
5,offshor grid,5: offshor grid,
5,offshor grid,5: offshor grid,
5,offshor grid,5: offshor grid,
5,offshor grid,5: offshor grid,
5,offshor grid,5: offshor grid,
5,offshor grid,5: offshor grid,
5,offshor grid,5: offshor grid,
5,offshor grid,5: offshor grid,
5,offshor grid,5: offshor grid,
5,offshor grid,5: offshor grid,
5,offshor grid,5: offshor grid,
5,offshor grid,5: offshor grid,
5,offshor grid,5: offshor grid,
5,offshor grid,5: offshor grid,
5,offshor grid,5: offshor grid,
5,offshor grid,5: offshor grid,
9,wind farm,9: wind farm,
9,wind farm,9: wind farm,
9,wind farm,9: wind farm,
9,wind farm,9: wind farm,
9,wind farm,9: wind farm,
9,wind farm,9: wind farm,
9,wind farm,9: wind farm,
9,wind farm,9: wind farm,
9,wind farm,9: wind farm,
9,wind farm,9: wind farm,
9,wind farm,9: wind farm,
9,wind farm,9: wind farm,
9,wind farm,9: wind farm,
9,wind farm,9: wind farm,
9,wind farm,9: wind farm,
9,wind farm,9: wind farm,
9,wind farm,9: wind farm,
9,wind farm,9: wind farm,
9,wind farm,9: wind farm,
9,wind farm,9: wind farm,
9,wind farm,9: wind farm,
9,wind farm,9: wind farm,
9,wind farm,9: wind farm,
9,wind farm,9: wind farm,
9,wind farm,9: wind farm,
9,wind farm,9: wind farm,
9,wind farm,9: wind farm,
9,wind farm,9: wind farm,
9,wind farm,9: wind farm,
9,wind farm,9: wind farm,
9,wind farm,9: wind farm,
9,wind farm,9: wind farm,
9,wind farm,9: wind farm,
9,wind farm,9: wind farm,
9,wind farm,9: wind farm,
9,wind farm,9: wind farm,
9,wind farm,9: wind farm,
9,wind farm,9: wind farm,
9,wind farm,9: wind farm,
9,wind farm,9: wind farm,
9,wind farm,9: wind farm,
9,wind farm,9: wind farm,
9,wind farm,9: wind farm,
9,wind farm,9: wind farm,
9,wind farm,9: wind farm,
9,wind farm,9: wind farm,
9,wind farm,9: wind farm,
9,wind farm,9: wind farm,
9,wind farm,9: wind farm,
9,wind farm,9: wind farm,
9,wind farm,9: wind farm,
9,wind farm,9: wind farm,
9,wind farm,9: wind farm,
9,wind farm,9: wind farm,
9,wind farm,9: wind farm,
9,wind farm,9: wind farm,
9,wind farm,9: wind farm,
9,wind farm,9: wind farm,
9,wind farm,9: wind farm,
9,wind farm,9: wind farm,
9,wind farm,9: wind farm,
9,wind farm,9: wind farm,
9,wind farm,9: wind farm,
9,wind farm,9: wind farm,
9,wind farm,9: wind farm,
9,wind farm,9: wind farm,
9,wind farm,9: wind farm,
9,wind farm,9: wind farm,
9,wind farm,9: wind farm,
9,wind farm,9: wind farm,
9,wind farm,9: wind farm,
9,wind farm,9: wind farm,
9,wind farm,9: wind farm,
9,wind farm,9: wind farm,
9,wind farm,9: wind farm,
9,wind farm,9: wind farm,
9,wind farm,9: wind farm,
9,wind farm,9: wind farm,
9,wind farm,9: wind farm,
9,wind farm,9: wind farm,
9,wind farm,9: wind farm,
9,wind farm,9: wind farm,
9,wind farm,9: wind farm,
9,wind farm,9: wind farm,
9,wind farm,9: wind farm,
9,wind farm,9: wind farm,
9,wind farm,9: wind farm,
9,wind farm,9: wind farm,
9,wind farm,9: wind farm,
9,wind farm,9: wind farm,
9,wind farm,9: wind farm,
9,wind farm,9: wind farm,
9,wind farm,9: wind farm,
9,wind farm,9: wind farm,
9,wind farm,9: wind farm,
9,wind farm,9: wind farm,
9,wind farm,9: wind farm,
9,wind farm,9: wind farm,
9,wind farm,9: wind farm,
9,wind farm,9: wind farm,
9,wind farm,9: wind farm,
9,wind farm,9: wind farm,
9,wind farm,9: wind farm,
9,wind farm,9: wind farm,
9,wind farm,9: wind farm,
9,wind farm,9: wind farm,
9,wind farm,9: wind farm,
9,wind farm,9: wind farm,
9,wind farm,9: wind farm,
9,wind farm,9: wind farm,
9,wind farm,9: wind farm,
9,wind farm,9: wind farm,
9,wind farm,9: wind farm,
9,wind farm,9: wind farm,
9,wind farm,9: wind farm,
9,wind farm,9: wind farm,
9,wind farm,9: wind farm,
9,wind farm,9: wind farm,
9,wind farm,9: wind farm,
9,wind farm,9: wind farm,
9,wind farm,9: wind farm,
9,wind farm,9: wind farm,
9,wind farm,9: wind farm,
9,wind farm,9: wind farm,
9,wind farm,9: wind farm,
9,wind farm,9: wind farm,
9,wind farm,9: wind farm,
9,wind farm,9: wind farm,
9,wind farm,9: wind farm,
9,wind farm,9: wind farm,
9,wind farm,9: wind farm,
9,wind farm,9: wind farm,
9,wind farm,9: wind farm,
9,wind farm,9: wind farm,
9,wind farm,9: wind farm,
9,wind farm,9: wind farm,
9,wind farm,9: wind farm,
9,wind farm,9: wind farm,
9,wind farm,9: wind farm,
9,wind farm,9: wind farm,
9,wind farm,9: wind farm,
9,wind farm,9: wind farm,
9,wind farm,9: wind farm,
9,wind farm,9: wind farm,
9,wind farm,9: wind farm,
9,wind farm,9: wind farm,
9,wind farm,9: wind farm,
9,wind farm,9: wind farm,
9,wind farm,9: wind farm,
9,wind farm,9: wind farm,
9,wind farm,9: wind farm,
9,wind farm,9: wind farm,
9,wind farm,9: wind farm,
9,wind farm,9: wind farm,
9,wind farm,9: wind farm,
9,wind farm,9: wind farm,
9,wind farm,9: wind farm,
9,wind farm,9: wind farm,
9,wind farm,9: wind farm,
9,wind farm,9: wind farm,
9,wind farm,9: wind farm,
5,offshor grid,5: offshor grid,
5,offshor grid,5: offshor grid,
5,offshor grid,5: offshor grid,
5,offshor grid,5: offshor grid,
5,offshor grid,5: offshor grid,
5,offshor grid,5: offshor grid,
5,offshor grid,5: offshor grid,
5,offshor grid,5: offshor grid,
5,offshor grid,5: offshor grid,
5,offshor grid,5: offshor grid,
5,offshor grid,5: offshor grid,
5,offshor grid,5: offshor grid,
5,offshor grid,5: offshor grid,
5,offshor grid,5: offshor grid,
5,offshor grid,5: offshor grid,
5,offshor grid,5: offshor grid,
5,offshor grid,5: offshor grid,
5,offshor grid,5: offshor grid,
5,offshor grid,5: offshor grid,
5,offshor grid,5: offshor grid,
5,offshor grid,5: offshor grid,
5,offshor grid,5: offshor grid,
5,offshor grid,5: offshor grid,
5,offshor grid,5: offshor grid,
5,offshor grid,5: offshor grid,
5,offshor grid,5: offshor grid,
5,offshor grid,5: offshor grid,
5,offshor grid,5: offshor grid,
5,offshor grid,5: offshor grid,
5,offshor grid,5: offshor grid,
5,offshor grid,5: offshor grid,
5,offshor grid,5: offshor grid,
5,offshor grid,5: offshor grid,
5,offshor grid,5: offshor grid,
5,offshor grid,5: offshor grid,
5,offshor grid,5: offshor grid,
5,offshor grid,5: offshor grid,
5,offshor grid,5: offshor grid,
5,offshor grid,5: offshor grid,
5,offshor grid,5: offshor grid,
5,offshor grid,5: offshor grid,
5,offshor grid,5: offshor grid,
5,offshor grid,5: offshor grid,
5,offshor grid,5: offshor grid,
5,offshor grid,5: offshor grid,
5,offshor grid,5: offshor grid,
5,offshor grid,5: offshor grid,
5,offshor grid,5: offshor grid,
5,offshor grid,5: offshor grid,
5,offshor grid,5: offshor grid,
5,offshor grid,5: offshor grid,
5,offshor grid,5: offshor grid,
5,offshor grid,5: offshor grid,
5,offshor grid,5: offshor grid,
5,offshor grid,5: offshor grid,
5,offshor grid,5: offshor grid,
5,offshor grid,5: offshor grid,
5,offshor grid,5: offshor grid,
5,offshor grid,5: offshor grid,
5,offshor grid,5: offshor grid,
5,offshor grid,5: offshor grid,
5,offshor grid,5: offshor grid,
5,offshor grid,5: offshor grid,
5,offshor grid,5: offshor grid,
5,offshor grid,5: offshor grid,
5,offshor grid,5: offshor grid,
5,offshor grid,5: offshor grid,
5,offshor grid,5: offshor grid,
5,offshor grid,5: offshor grid,
5,offshor grid,5: offshor grid,
5,offshor grid,5: offshor grid,
5,offshor grid,5: offshor grid,
5,offshor grid,5: offshor grid,
5,offshor grid,5: offshor grid,
5,offshor grid,5: offshor grid,
5,offshor grid,5: offshor grid,
5,offshor grid,5: offshor grid,
5,offshor grid,5: offshor grid,
5,offshor grid,5: offshor grid,
5,offshor grid,5: offshor grid,
5,offshor grid,5: offshor grid,
5,offshor grid,5: offshor grid,
5,offshor grid,5: offshor grid,
5,offshor grid,5: offshor grid,
5,offshor grid,5: offshor grid,
5,offshor grid,5: offshor grid,
5,offshor grid,5: offshor grid,
5,offshor grid,5: offshor grid,
5,offshor grid,5: offshor grid,
5,offshor grid,5: offshor grid,
5,offshor grid,5: offshor grid,
5,offshor grid,5: offshor grid,
5,offshor grid,5: offshor grid,
5,offshor grid,5: offshor grid,
5,offshor grid,5: offshor grid,
5,offshor grid,5: offshor grid,
5,offshor grid,5: offshor grid,
5,offshor grid,5: offshor grid,
5,offshor grid,5: offshor grid,
5,offshor grid,5: offshor grid,
5,offshor grid,5: offshor grid,
5,offshor grid,5: offshor grid,
5,offshor grid,5: offshor grid,
5,offshor grid,5: offshor grid,
5,offshor grid,5: offshor grid,
5,offshor grid,5: offshor grid,
5,offshor grid,5: offshor grid,
5,offshor grid,5: offshor grid,
5,offshor grid,5: offshor grid,
5,offshor grid,5: offshor grid,
5,offshor grid,5: offshor grid,
5,offshor grid,5: offshor grid,
5,offshor grid,5: offshor grid,
5,offshor grid,5: offshor grid,
5,offshor grid,5: offshor grid,
5,offshor grid,5: offshor grid,
5,offshor grid,5: offshor grid,
5,offshor grid,5: offshor grid,
5,offshor grid,5: offshor grid,
5,offshor grid,5: offshor grid,
5,offshor grid,5: offshor grid,
5,offshor grid,5: offshor grid,
5,offshor grid,5: offshor grid,
5,offshor grid,5: offshor grid,
5,offshor grid,5: offshor grid,
5,offshor grid,5: offshor grid,
5,offshor grid,5: offshor grid,
5,offshor grid,5: offshor grid,
5,offshor grid,5: offshor grid,
5,offshor grid,5: offshor grid,
5,offshor grid,5: offshor grid,
5,offshor grid,5: offshor grid,
5,offshor grid,5: offshor grid,
5,offshor grid,5: offshor grid,
5,offshor grid,5: offshor grid,
5,offshor grid,5: offshor grid,
5,offshor grid,5: offshor grid,
5,offshor grid,5: offshor grid,
5,offshor grid,5: offshor grid,
5,offshor grid,5: offshor grid,
5,offshor grid,5: offshor grid,
5,offshor grid,5: offshor grid,
5,offshor grid,5: offshor grid,
5,offshor grid,5: offshor grid,
5,offshor grid,5: offshor grid,
5,offshor grid,5: offshor grid,
5,offshor grid,5: offshor grid,
5,offshor grid,5: offshor grid,
5,offshor grid,5: offshor grid,
5,offshor grid,5: offshor grid,
5,offshor grid,5: offshor grid,
5,offshor grid,5: offshor grid,
5,offshor grid,5: offshor grid,
5,offshor grid,5: offshor grid,
5,offshor grid,5: offshor grid,
5,offshor grid,5: offshor grid,
5,offshor grid,5: offshor grid,
5,offshor grid,5: offshor grid,
5,offshor grid,5: offshor grid,
5,offshor grid,5: offshor grid,
5,offshor grid,5: offshor grid,
5,offshor grid,5: offshor grid,
5,offshor grid,5: offshor grid,
5,offshor grid,5: offshor grid,
5,offshor grid,5: offshor grid,
5,offshor grid,5: offshor grid,
5,offshor grid,5: offshor grid,
5,offshor grid,5: offshor grid,
5,offshor grid,5: offshor grid,
5,offshor grid,5: offshor grid,
5,offshor grid,5: offshor grid,
5,offshor grid,5: offshor grid,
5,offshor grid,5: offshor grid,
5,offshor grid,5: offshor grid,
5,offshor grid,5: offshor grid,
9,wind farm,9: wind farm,
9,wind farm,9: wind farm,
9,wind farm,9: wind farm,
9,wind farm,9: wind farm,
9,wind farm,9: wind farm,
9,wind farm,9: wind farm,
9,wind farm,9: wind farm,
9,wind farm,9: wind farm,
9,wind farm,9: wind farm,
9,wind farm,9: wind farm,
9,wind farm,9: wind farm,
9,wind farm,9: wind farm,
9,wind farm,9: wind farm,
9,wind farm,9: wind farm,
9,wind farm,9: wind farm,
9,wind farm,9: wind farm,
9,wind farm,9: wind farm,
9,wind farm,9: wind farm,
9,wind farm,9: wind farm,
9,wind farm,9: wind farm,
9,wind farm,9: wind farm,
9,wind farm,9: wind farm,
9,wind farm,9: wind farm,
9,wind farm,9: wind farm,
9,wind farm,9: wind farm,
9,wind farm,9: wind farm,
9,wind farm,9: wind farm,
9,wind farm,9: wind farm,
9,wind farm,9: wind farm,
9,wind farm,9: wind farm,
9,wind farm,9: wind farm,
9,wind farm,9: wind farm,
9,wind farm,9: wind farm,
9,wind farm,9: wind farm,
9,wind farm,9: wind farm,
9,wind farm,9: wind farm,
9,wind farm,9: wind farm,
9,wind farm,9: wind farm,
9,wind farm,9: wind farm,
9,wind farm,9: wind farm,
9,wind farm,9: wind farm,
9,wind farm,9: wind farm,
9,wind farm,9: wind farm,
9,wind farm,9: wind farm,
9,wind farm,9: wind farm,
9,wind farm,9: wind farm,
9,wind farm,9: wind farm,
9,wind farm,9: wind farm,
9,wind farm,9: wind farm,
9,wind farm,9: wind farm,
9,wind farm,9: wind farm,
9,wind farm,9: wind farm,
9,wind farm,9: wind farm,
9,wind farm,9: wind farm,
9,wind farm,9: wind farm,
9,wind farm,9: wind farm,
9,wind farm,9: wind farm,
9,wind farm,9: wind farm,
9,wind farm,9: wind farm,
9,wind farm,9: wind farm,
9,wind farm,9: wind farm,
9,wind farm,9: wind farm,
9,wind farm,9: wind farm,
9,wind farm,9: wind farm,
9,wind farm,9: wind farm,
9,wind farm,9: wind farm,
9,wind farm,9: wind farm,
9,wind farm,9: wind farm,
9,wind farm,9: wind farm,
9,wind farm,9: wind farm,
9,wind farm,9: wind farm,
9,wind farm,9: wind farm,
9,wind farm,9: wind farm,
9,wind farm,9: wind farm,
9,wind farm,9: wind farm,
9,wind farm,9: wind farm,
9,wind farm,9: wind farm,
9,wind farm,9: wind farm,
9,wind farm,9: wind farm,
9,wind farm,9: wind farm,
9,wind farm,9: wind farm,
9,wind farm,9: wind farm,
9,wind farm,9: wind farm,
9,wind farm,9: wind farm,
9,wind farm,9: wind farm,
9,wind farm,9: wind farm,
9,wind farm,9: wind farm,
9,wind farm,9: wind farm,
9,wind farm,9: wind farm,
9,wind farm,9: wind farm,
9,wind farm,9: wind farm,
9,wind farm,9: wind farm,
9,wind farm,9: wind farm,
9,wind farm,9: wind farm,
9,wind farm,9: wind farm,
9,wind farm,9: wind farm,
9,wind farm,9: wind farm,
9,wind farm,9: wind farm,
9,wind farm,9: wind farm,
9,wind farm,9: wind farm,
9,wind farm,9: wind farm,
9,wind farm,9: wind farm,
9,wind farm,9: wind farm,
9,wind farm,9: wind farm,
9,wind farm,9: wind farm,
9,wind farm,9: wind farm,
9,wind farm,9: wind farm,
9,wind farm,9: wind farm,
9,wind farm,9: wind farm,
9,wind farm,9: wind farm,
9,wind farm,9: wind farm,
9,wind farm,9: wind farm,
9,wind farm,9: wind farm,
9,wind farm,9: wind farm,
9,wind farm,9: wind farm,
9,wind farm,9: wind farm,
9,wind farm,9: wind farm,
9,wind farm,9: wind farm,
9,wind farm,9: wind farm,
9,wind farm,9: wind farm,
9,wind farm,9: wind farm,
9,wind farm,9: wind farm,
9,wind farm,9: wind farm,
9,wind farm,9: wind farm,
9,wind farm,9: wind farm,
9,wind farm,9: wind farm,
9,wind farm,9: wind farm,
9,wind farm,9: wind farm,
9,wind farm,9: wind farm,
9,wind farm,9: wind farm,
9,wind farm,9: wind farm,
9,wind farm,9: wind farm,
9,wind farm,9: wind farm,
9,wind farm,9: wind farm,
9,wind farm,9: wind farm,
9,wind farm,9: wind farm,
9,wind farm,9: wind farm,
9,wind farm,9: wind farm,
9,wind farm,9: wind farm,
9,wind farm,9: wind farm,
9,wind farm,9: wind farm,
9,wind farm,9: wind farm,
9,wind farm,9: wind farm,
9,wind farm,9: wind farm,
9,wind farm,9: wind farm,
9,wind farm,9: wind farm,
9,wind farm,9: wind farm,
9,wind farm,9: wind farm,
9,wind farm,9: wind farm,
9,wind farm,9: wind farm,
9,wind farm,9: wind farm,
9,wind farm,9: wind farm,
9,wind farm,9: wind farm,
9,wind farm,9: wind farm,
9,wind farm,9: wind farm,
9,wind farm,9: wind farm,
9,wind farm,9: wind farm,
9,wind farm,9: wind farm,
9,wind farm,9: wind farm,
9,wind farm,9: wind farm,
9,wind farm,9: wind farm,
7,renew energi,7: renew energi,
7,renew energi,7: renew energi,
7,renew energi,7: renew energi,
7,renew energi,7: renew energi,
7,renew energi,7: renew energi,
7,renew energi,7: renew energi,
7,renew energi,7: renew energi,
7,renew energi,7: renew energi,
7,renew energi,7: renew energi,
7,renew energi,7: renew energi,
7,renew energi,7: renew energi,
7,renew energi,7: renew energi,
7,renew energi,7: renew energi,
7,renew energi,7: renew energi,
7,renew energi,7: renew energi,
7,renew energi,7: renew energi,
7,renew energi,7: renew energi,
7,renew energi,7: renew energi,
7,renew energi,7: renew energi,
7,renew energi,7: renew energi,
7,renew energi,7: renew energi,
7,renew energi,7: renew energi,
7,renew energi,7: renew energi,
7,renew energi,7: renew energi,
7,renew energi,7: renew energi,
7,renew energi,7: renew energi,
7,renew energi,7: renew energi,
7,renew energi,7: renew energi,
7,renew energi,7: renew energi,
7,renew energi,7: renew energi,
7,renew energi,7: renew energi,
7,renew energi,7: renew energi,
7,renew energi,7: renew energi,
7,renew energi,7: renew energi,
7,renew energi,7: renew energi,
7,renew energi,7: renew energi,
7,renew energi,7: renew energi,
7,renew energi,7: renew energi,
7,renew energi,7: renew energi,
7,renew energi,7: renew energi,
7,renew energi,7: renew energi,
7,renew energi,7: renew energi,
7,renew energi,7: renew energi,
7,renew energi,7: renew energi,
7,renew energi,7: renew energi,
7,renew energi,7: renew energi,
7,renew energi,7: renew energi,
7,renew energi,7: renew energi,
7,renew energi,7: renew energi,
7,renew energi,7: renew energi,
7,renew energi,7: renew energi,
7,renew energi,7: renew energi,
7,renew energi,7: renew energi,
7,renew energi,7: renew energi,
7,renew energi,7: renew energi,
7,renew energi,7: renew energi,
7,renew energi,7: renew energi,
7,renew energi,7: renew energi,
7,renew energi,7: renew energi,
7,renew energi,7: renew energi,
7,renew energi,7: renew energi,
7,renew energi,7: renew energi,
7,renew energi,7: renew energi,
7,renew energi,7: renew energi,
7,renew energi,7: renew energi,
7,renew energi,7: renew energi,
7,renew energi,7: renew energi,
7,renew energi,7: renew energi,
7,renew energi,7: renew energi,
7,renew energi,7: renew energi,
7,renew energi,7: renew energi,
7,renew energi,7: renew energi,
7,renew energi,7: renew energi,
7,renew energi,7: renew energi,
7,renew energi,7: renew energi,
7,renew energi,7: renew energi,
7,renew energi,7: renew energi,
7,renew energi,7: renew energi,
7,renew energi,7: renew energi,
7,renew energi,7: renew energi,
7,renew energi,7: renew energi,
7,renew energi,7: renew energi,
7,renew energi,7: renew energi,
7,renew energi,7: renew energi,
7,renew energi,7: renew energi,
7,renew energi,7: renew energi,
7,renew energi,7: renew energi,
7,renew energi,7: renew energi,
7,renew energi,7: renew energi,
7,renew energi,7: renew energi,
7,renew energi,7: renew energi,
7,renew energi,7: renew energi,
7,renew energi,7: renew energi,
7,renew energi,7: renew energi,
7,renew energi,7: renew energi,
7,renew energi,7: renew energi,
7,renew energi,7: renew energi,
7,renew energi,7: renew energi,
7,renew energi,7: renew energi,
7,renew energi,7: renew energi,
7,renew energi,7: renew energi,
7,renew energi,7: renew energi,
7,renew energi,7: renew energi,
7,renew energi,7: renew energi,
7,renew energi,7: renew energi,
7,renew energi,7: renew energi,
7,renew energi,7: renew energi,
7,renew energi,7: renew energi,
7,renew energi,7: renew energi,
7,renew energi,7: renew energi,
7,renew energi,7: renew energi,
7,renew energi,7: renew energi,
7,renew energi,7: renew energi,
7,renew energi,7: renew energi,
7,renew energi,7: renew energi,
7,renew energi,7: renew energi,
7,renew energi,7: renew energi,
7,renew energi,7: renew energi,
7,renew energi,7: renew energi,
7,renew energi,7: renew energi,
7,renew energi,7: renew energi,
7,renew energi,7: renew energi,
7,renew energi,7: renew energi,
7,renew energi,7: renew energi,
7,renew energi,7: renew energi,
7,renew energi,7: renew energi,
7,renew energi,7: renew energi,
7,renew energi,7: renew energi,
7,renew energi,7: renew energi,
7,renew energi,7: renew energi,
7,renew energi,7: renew energi,
7,renew energi,7: renew energi,
7,renew energi,7: renew energi,
7,renew energi,7: renew energi,
7,renew energi,7: renew energi,
7,renew energi,7: renew energi,
7,renew energi,7: renew energi,
7,renew energi,7: renew energi,
7,renew energi,7: renew energi,
7,renew energi,7: renew energi,
7,renew energi,7: renew energi,
7,renew energi,7: renew energi,
7,renew energi,7: renew energi,
7,renew energi,7: renew energi,
7,renew energi,7: renew energi,
7,renew energi,7: renew energi,
9,wind farm,9: wind farm,
9,wind farm,9: wind farm,
9,wind farm,9: wind farm,
9,wind farm,9: wind farm,
9,wind farm,9: wind farm,
9,wind farm,9: wind farm,
9,wind farm,9: wind farm,
9,wind farm,9: wind farm,
9,wind farm,9: wind farm,
9,wind farm,9: wind farm,
9,wind farm,9: wind farm,
9,wind farm,9: wind farm,
9,wind farm,9: wind farm,
9,wind farm,9: wind farm,
9,wind farm,9: wind farm,
9,wind farm,9: wind farm,
9,wind farm,9: wind farm,
9,wind farm,9: wind farm,
9,wind farm,9: wind farm,
9,wind farm,9: wind farm,
9,wind farm,9: wind farm,
9,wind farm,9: wind farm,
9,wind farm,9: wind farm,
9,wind farm,9: wind farm,
9,wind farm,9: wind farm,
9,wind farm,9: wind farm,
9,wind farm,9: wind farm,
9,wind farm,9: wind farm,
9,wind farm,9: wind farm,
9,wind farm,9: wind farm,
9,wind farm,9: wind farm,
9,wind farm,9: wind farm,
9,wind farm,9: wind farm,
9,wind farm,9: wind farm,
9,wind farm,9: wind farm,
9,wind farm,9: wind farm,
9,wind farm,9: wind farm,
9,wind farm,9: wind farm,
9,wind farm,9: wind farm,
9,wind farm,9: wind farm,
9,wind farm,9: wind farm,
9,wind farm,9: wind farm,
9,wind farm,9: wind farm,
9,wind farm,9: wind farm,
9,wind farm,9: wind farm,
9,wind farm,9: wind farm,
9,wind farm,9: wind farm,
9,wind farm,9: wind farm,
9,wind farm,9: wind farm,
9,wind farm,9: wind farm,
9,wind farm,9: wind farm,
9,wind farm,9: wind farm,
9,wind farm,9: wind farm,
9,wind farm,9: wind farm,
9,wind farm,9: wind farm,
9,wind farm,9: wind farm,
9,wind farm,9: wind farm,
9,wind farm,9: wind farm,
9,wind farm,9: wind farm,
9,wind farm,9: wind farm,
9,wind farm,9: wind farm,
9,wind farm,9: wind farm,
9,wind farm,9: wind farm,
9,wind farm,9: wind farm,
9,wind farm,9: wind farm,
9,wind farm,9: wind farm,
9,wind farm,9: wind farm,
9,wind farm,9: wind farm,
9,wind farm,9: wind farm,
9,wind farm,9: wind farm,
9,wind farm,9: wind farm,
9,wind farm,9: wind farm,
9,wind farm,9: wind farm,
9,wind farm,9: wind farm,
9,wind farm,9: wind farm,
9,wind farm,9: wind farm,
9,wind farm,9: wind farm,
9,wind farm,9: wind farm,
9,wind farm,9: wind farm,
9,wind farm,9: wind farm,
9,wind farm,9: wind farm,
9,wind farm,9: wind farm,
9,wind farm,9: wind farm,
9,wind farm,9: wind farm,
9,wind farm,9: wind farm,
9,wind farm,9: wind farm,
9,wind farm,9: wind farm,
9,wind farm,9: wind farm,
9,wind farm,9: wind farm,
9,wind farm,9: wind farm,
9,wind farm,9: wind farm,
9,wind farm,9: wind farm,
9,wind farm,9: wind farm,
9,wind farm,9: wind farm,
9,wind farm,9: wind farm,
9,wind farm,9: wind farm,
9,wind farm,9: wind farm,
9,wind farm,9: wind farm,
9,wind farm,9: wind farm,
9,wind farm,9: wind farm,
9,wind farm,9: wind farm,
9,wind farm,9: wind farm,
9,wind farm,9: wind farm,
9,wind farm,9: wind farm,
9,wind farm,9: wind farm,
9,wind farm,9: wind farm,
9,wind farm,9: wind farm,
9,wind farm,9: wind farm,
9,wind farm,9: wind farm,
9,wind farm,9: wind farm,
9,wind farm,9: wind farm,
9,wind farm,9: wind farm,
9,wind farm,9: wind farm,
9,wind farm,9: wind farm,
9,wind farm,9: wind farm,
9,wind farm,9: wind farm,
9,wind farm,9: wind farm,
9,wind farm,9: wind farm,
9,wind farm,9: wind farm,
9,wind farm,9: wind farm,
9,wind farm,9: wind farm,
9,wind farm,9: wind farm,
9,wind farm,9: wind farm,
9,wind farm,9: wind farm,
9,wind farm,9: wind farm,
9,wind farm,9: wind farm,
9,wind farm,9: wind farm,
9,wind farm,9: wind farm,
9,wind farm,9: wind farm,
9,wind farm,9: wind farm,
9,wind farm,9: wind farm,
9,wind farm,9: wind farm,
9,wind farm,9: wind farm,
9,wind farm,9: wind farm,
9,wind farm,9: wind farm,
9,wind farm,9: wind farm,
9,wind farm,9: wind farm,
9,wind farm,9: wind farm,
9,wind farm,9: wind farm,
9,wind farm,9: wind farm,
9,wind farm,9: wind farm,
9,wind farm,9: wind farm,
9,wind farm,9: wind farm,
9,wind farm,9: wind farm,
9,wind farm,9: wind farm,
9,wind farm,9: wind farm,
9,wind farm,9: wind farm,
9,wind farm,9: wind farm,
9,wind farm,9: wind farm,
9,wind farm,9: wind farm,
9,wind farm,9: wind farm,
9,wind farm,9: wind farm,
9,wind farm,9: wind farm,
9,wind farm,9: wind farm,
9,wind farm,9: wind farm,
9,wind farm,9: wind farm,
9,wind farm,9: wind farm,
9,wind farm,9: wind farm,
9,wind farm,9: wind farm,
9,wind farm,9: wind farm,
9,wind farm,9: wind farm,
9,wind farm,9: wind farm,
9,wind farm,9: wind farm,
9,wind farm,9: wind farm,
9,wind farm,9: wind farm,
9,wind farm,9: wind farm,
9,wind farm,9: wind farm,
9,wind farm,9: wind farm,
9,wind farm,9: wind farm,
9,wind farm,9: wind farm,
9,wind farm,9: wind farm,
9,wind farm,9: wind farm,
9,wind farm,9: wind farm,
9,wind farm,9: wind farm,
9,wind farm,9: wind farm,
9,wind farm,9: wind farm,
9,wind farm,9: wind farm,
9,wind farm,9: wind farm,
9,wind farm,9: wind farm,
9,wind farm,9: wind farm,
9,wind farm,9: wind farm,
9,wind farm,9: wind farm,
9,wind farm,9: wind farm,
9,wind farm,9: wind farm,
9,wind farm,9: wind farm,
9,wind farm,9: wind farm,
9,wind farm,9: wind farm,
9,wind farm,9: wind farm,
9,wind farm,9: wind farm,
9,wind farm,9: wind farm,
9,wind farm,9: wind farm,
9,wind farm,9: wind farm,
9,wind farm,9: wind farm,
9,wind farm,9: wind farm,
9,wind farm,9: wind farm,
9,wind farm,9: wind farm,
9,wind farm,9: wind farm,
9,wind farm,9: wind farm,
9,wind farm,9: wind farm,
9,wind farm,9: wind farm,
9,wind farm,9: wind farm,
9,wind farm,9: wind farm,
9,wind farm,9: wind farm,
9,wind farm,9: wind farm,
9,wind farm,9: wind farm,
9,wind farm,9: wind farm,
9,wind farm,9: wind farm,
9,wind farm,9: wind farm,
9,wind farm,9: wind farm,
9,wind farm,9: wind farm,
9,wind farm,9: wind farm,
9,wind farm,9: wind farm,
9,wind farm,9: wind farm,
9,wind farm,9: wind farm,
9,wind farm,9: wind farm,
9,wind farm,9: wind farm,
9,wind farm,9: wind farm,
9,wind farm,9: wind farm,
9,wind farm,9: wind farm,
9,wind farm,9: wind farm,
9,wind farm,9: wind farm,
9,wind farm,9: wind farm,
9,wind farm,9: wind farm,
9,wind farm,9: wind farm,
9,wind farm,9: wind farm,
9,wind farm,9: wind farm,
9,wind farm,9: wind farm,
9,wind farm,9: wind farm,
9,wind farm,9: wind farm,
9,wind farm,9: wind farm,
9,wind farm,9: wind farm,
9,wind farm,9: wind farm,
9,wind farm,9: wind farm,
9,wind farm,9: wind farm,
9,wind farm,9: wind farm,
9,wind farm,9: wind farm,
9,wind farm,9: wind farm,
9,wind farm,9: wind farm,
9,wind farm,9: wind farm,
9,wind farm,9: wind farm,
9,wind farm,9: wind farm,
9,wind farm,9: wind farm,
9,wind farm,9: wind farm,
9,wind farm,9: wind farm,
9,wind farm,9: wind farm,
9,wind farm,9: wind farm,
9,wind farm,9: wind farm,
9,wind farm,9: wind farm,
9,wind farm,9: wind farm,
9,wind farm,9: wind farm,
9,wind farm,9: wind farm,
9,wind farm,9: wind farm,
9,wind farm,9: wind farm,
9,wind farm,9: wind farm,
9,wind farm,9: wind farm,
9,wind farm,9: wind farm,
9,wind farm,9: wind farm,
9,wind farm,9: wind farm,
9,wind farm,9: wind farm,
9,wind farm,9: wind farm,
9,wind farm,9: wind farm,
9,wind farm,9: wind farm,
9,wind farm,9: wind farm,
9,wind farm,9: wind farm,
9,wind farm,9: wind farm,
9,wind farm,9: wind farm,
9,wind farm,9: wind farm,
9,wind farm,9: wind farm,
9,wind farm,9: wind farm,
9,wind farm,9: wind farm,
9,wind farm,9: wind farm,
9,wind farm,9: wind farm,
9,wind farm,9: wind farm,
9,wind farm,9: wind farm,
9,wind farm,9: wind farm,
9,wind farm,9: wind farm,
9,wind farm,9: wind farm,
9,wind farm,9: wind farm,
9,wind farm,9: wind farm,
9,wind farm,9: wind farm,
9,wind farm,9: wind farm,
9,wind farm,9: wind farm,
9,wind farm,9: wind farm,
9,wind farm,9: wind farm,
9,wind farm,9: wind farm,
9,wind farm,9: wind farm,
9,wind farm,9: wind farm,
9,wind farm,9: wind farm,
9,wind farm,9: wind farm,
9,wind farm,9: wind farm,
9,wind farm,9: wind farm,
9,wind farm,9: wind farm,
9,wind farm,9: wind farm,
9,wind farm,9: wind farm,
9,wind farm,9: wind farm,
9,wind farm,9: wind farm,
9,wind farm,9: wind farm,
9,wind farm,9: wind farm,
9,wind farm,9: wind farm,
9,wind farm,9: wind farm,
9,wind farm,9: wind farm,
9,wind farm,9: wind farm,
9,wind farm,9: wind farm,
9,wind farm,9: wind farm,
9,wind farm,9: wind farm,
9,wind farm,9: wind farm,
9,wind farm,9: wind farm,
9,wind farm,9: wind farm,
9,wind farm,9: wind farm,
9,wind farm,9: wind farm,
9,wind farm,9: wind farm,
9,wind farm,9: wind farm,
9,wind farm,9: wind farm,
9,wind farm,9: wind farm,
9,wind farm,9: wind farm,
9,wind farm,9: wind farm,
9,wind farm,9: wind farm,
9,wind farm,9: wind farm,
9,wind farm,9: wind farm,
9,wind farm,9: wind farm,
9,wind farm,9: wind farm,
9,wind farm,9: wind farm,
5,offshor grid,5: offshor grid,
5,offshor grid,5: offshor grid,
5,offshor grid,5: offshor grid,
5,offshor grid,5: offshor grid,
5,offshor grid,5: offshor grid,
5,offshor grid,5: offshor grid,
5,offshor grid,5: offshor grid,
5,offshor grid,5: offshor grid,
5,offshor grid,5: offshor grid,
5,offshor grid,5: offshor grid,
5,offshor grid,5: offshor grid,
5,offshor grid,5: offshor grid,
5,offshor grid,5: offshor grid,
5,offshor grid,5: offshor grid,
5,offshor grid,5: offshor grid,
5,offshor grid,5: offshor grid,
5,offshor grid,5: offshor grid,
5,offshor grid,5: offshor grid,
5,offshor grid,5: offshor grid,
5,offshor grid,5: offshor grid,
5,offshor grid,5: offshor grid,
5,offshor grid,5: offshor grid,
5,offshor grid,5: offshor grid,
5,offshor grid,5: offshor grid,
5,offshor grid,5: offshor grid,
5,offshor grid,5: offshor grid,
5,offshor grid,5: offshor grid,
5,offshor grid,5: offshor grid,
5,offshor grid,5: offshor grid,
5,offshor grid,5: offshor grid,
5,offshor grid,5: offshor grid,
5,offshor grid,5: offshor grid,
5,offshor grid,5: offshor grid,
5,offshor grid,5: offshor grid,
5,offshor grid,5: offshor grid,
5,offshor grid,5: offshor grid,
5,offshor grid,5: offshor grid,
5,offshor grid,5: offshor grid,
5,offshor grid,5: offshor grid,
5,offshor grid,5: offshor grid,
5,offshor grid,5: offshor grid,
5,offshor grid,5: offshor grid,
5,offshor grid,5: offshor grid,
5,offshor grid,5: offshor grid,
5,offshor grid,5: offshor grid,
5,offshor grid,5: offshor grid,
5,offshor grid,5: offshor grid,
5,offshor grid,5: offshor grid,
5,offshor grid,5: offshor grid,
5,offshor grid,5: offshor grid,
5,offshor grid,5: offshor grid,
5,offshor grid,5: offshor grid,
5,offshor grid,5: offshor grid,
5,offshor grid,5: offshor grid,
5,offshor grid,5: offshor grid,
5,offshor grid,5: offshor grid,
5,offshor grid,5: offshor grid,
5,offshor grid,5: offshor grid,
5,offshor grid,5: offshor grid,
5,offshor grid,5: offshor grid,
5,offshor grid,5: offshor grid,
5,offshor grid,5: offshor grid,
5,offshor grid,5: offshor grid,
5,offshor grid,5: offshor grid,
5,offshor grid,5: offshor grid,
5,offshor grid,5: offshor grid,
5,offshor grid,5: offshor grid,
5,offshor grid,5: offshor grid,
5,offshor grid,5: offshor grid,
5,offshor grid,5: offshor grid,
5,offshor grid,5: offshor grid,
5,offshor grid,5: offshor grid,
5,offshor grid,5: offshor grid,
5,offshor grid,5: offshor grid,
5,offshor grid,5: offshor grid,
5,offshor grid,5: offshor grid,
5,offshor grid,5: offshor grid,
5,offshor grid,5: offshor grid,
5,offshor grid,5: offshor grid,
5,offshor grid,5: offshor grid,
5,offshor grid,5: offshor grid,
5,offshor grid,5: offshor grid,
5,offshor grid,5: offshor grid,
5,offshor grid,5: offshor grid,
5,offshor grid,5: offshor grid,
5,offshor grid,5: offshor grid,
5,offshor grid,5: offshor grid,
5,offshor grid,5: offshor grid,
5,offshor grid,5: offshor grid,
5,offshor grid,5: offshor grid,
5,offshor grid,5: offshor grid,
5,offshor grid,5: offshor grid,
5,offshor grid,5: offshor grid,
5,offshor grid,5: offshor grid,
5,offshor grid,5: offshor grid,
5,offshor grid,5: offshor grid,
5,offshor grid,5: offshor grid,
5,offshor grid,5: offshor grid,
5,offshor grid,5: offshor grid,
5,offshor grid,5: offshor grid,
5,offshor grid,5: offshor grid,
5,offshor grid,5: offshor grid,
5,offshor grid,5: offshor grid,
5,offshor grid,5: offshor grid,
5,offshor grid,5: offshor grid,
5,offshor grid,5: offshor grid,
5,offshor grid,5: offshor grid,
5,offshor grid,5: offshor grid,
5,offshor grid,5: offshor grid,
5,offshor grid,5: offshor grid,
5,offshor grid,5: offshor grid,
5,offshor grid,5: offshor grid,
5,offshor grid,5: offshor grid,
5,offshor grid,5: offshor grid,
5,offshor grid,5: offshor grid,
5,offshor grid,5: offshor grid,
5,offshor grid,5: offshor grid,
5,offshor grid,5: offshor grid,
5,offshor grid,5: offshor grid,
5,offshor grid,5: offshor grid,
5,offshor grid,5: offshor grid,
5,offshor grid,5: offshor grid,
5,offshor grid,5: offshor grid,
5,offshor grid,5: offshor grid,
5,offshor grid,5: offshor grid,
5,offshor grid,5: offshor grid,
5,offshor grid,5: offshor grid,
5,offshor grid,5: offshor grid,
5,offshor grid,5: offshor grid,
5,offshor grid,5: offshor grid,
5,offshor grid,5: offshor grid,
5,offshor grid,5: offshor grid,
5,offshor grid,5: offshor grid,
5,offshor grid,5: offshor grid,
5,offshor grid,5: offshor grid,
5,offshor grid,5: offshor grid,
5,offshor grid,5: offshor grid,
5,offshor grid,5: offshor grid,
5,offshor grid,5: offshor grid,
5,offshor grid,5: offshor grid,
5,offshor grid,5: offshor grid,
5,offshor grid,5: offshor grid,
5,offshor grid,5: offshor grid,
5,offshor grid,5: offshor grid,
5,offshor grid,5: offshor grid,
5,offshor grid,5: offshor grid,
5,offshor grid,5: offshor grid,
5,offshor grid,5: offshor grid,
5,offshor grid,5: offshor grid,
5,offshor grid,5: offshor grid,
5,offshor grid,5: offshor grid,
5,offshor grid,5: offshor grid,
5,offshor grid,5: offshor grid,
5,offshor grid,5: offshor grid,
5,offshor grid,5: offshor grid,
5,offshor grid,5: offshor grid,
5,offshor grid,5: offshor grid,
5,offshor grid,5: offshor grid,
5,offshor grid,5: offshor grid,
5,offshor grid,5: offshor grid,
5,offshor grid,5: offshor grid,
5,offshor grid,5: offshor grid,
5,offshor grid,5: offshor grid,
5,offshor grid,5: offshor grid,
5,offshor grid,5: offshor grid,
5,offshor grid,5: offshor grid,
5,offshor grid,5: offshor grid,
5,offshor grid,5: offshor grid,
5,offshor grid,5: offshor grid,
5,offshor grid,5: offshor grid,
5,offshor grid,5: offshor grid,
5,offshor grid,5: offshor grid,
5,offshor grid,5: offshor grid,
5,offshor grid,5: offshor grid,
5,offshor grid,5: offshor grid,
9,wind farm,9: wind farm,
9,wind farm,9: wind farm,
9,wind farm,9: wind farm,
9,wind farm,9: wind farm,
9,wind farm,9: wind farm,
9,wind farm,9: wind farm,
9,wind farm,9: wind farm,
9,wind farm,9: wind farm,
9,wind farm,9: wind farm,
9,wind farm,9: wind farm,
9,wind farm,9: wind farm,
9,wind farm,9: wind farm,
9,wind farm,9: wind farm,
9,wind farm,9: wind farm,
9,wind farm,9: wind farm,
9,wind farm,9: wind farm,
9,wind farm,9: wind farm,
9,wind farm,9: wind farm,
9,wind farm,9: wind farm,
9,wind farm,9: wind farm,
9,wind farm,9: wind farm,
9,wind farm,9: wind farm,
9,wind farm,9: wind farm,
9,wind farm,9: wind farm,
9,wind farm,9: wind farm,
9,wind farm,9: wind farm,
9,wind farm,9: wind farm,
9,wind farm,9: wind farm,
9,wind farm,9: wind farm,
9,wind farm,9: wind farm,
9,wind farm,9: wind farm,
9,wind farm,9: wind farm,
9,wind farm,9: wind farm,
9,wind farm,9: wind farm,
9,wind farm,9: wind farm,
9,wind farm,9: wind farm,
9,wind farm,9: wind farm,
9,wind farm,9: wind farm,
9,wind farm,9: wind farm,
9,wind farm,9: wind farm,
9,wind farm,9: wind farm,
9,wind farm,9: wind farm,
9,wind farm,9: wind farm,
9,wind farm,9: wind farm,
9,wind farm,9: wind farm,
9,wind farm,9: wind farm,
9,wind farm,9: wind farm,
9,wind farm,9: wind farm,
9,wind farm,9: wind farm,
9,wind farm,9: wind farm,
9,wind farm,9: wind farm,
9,wind farm,9: wind farm,
9,wind farm,9: wind farm,
9,wind farm,9: wind farm,
9,wind farm,9: wind farm,
9,wind farm,9: wind farm,
9,wind farm,9: wind farm,
9,wind farm,9: wind farm,
9,wind farm,9: wind farm,
9,wind farm,9: wind farm,
9,wind farm,9: wind farm,
9,wind farm,9: wind farm,
9,wind farm,9: wind farm,
9,wind farm,9: wind farm,
9,wind farm,9: wind farm,
9,wind farm,9: wind farm,
9,wind farm,9: wind farm,
9,wind farm,9: wind farm,
9,wind farm,9: wind farm,
9,wind farm,9: wind farm,
9,wind farm,9: wind farm,
9,wind farm,9: wind farm,
9,wind farm,9: wind farm,
9,wind farm,9: wind farm,
9,wind farm,9: wind farm,
9,wind farm,9: wind farm,
9,wind farm,9: wind farm,
9,wind farm,9: wind farm,
9,wind farm,9: wind farm,
9,wind farm,9: wind farm,
9,wind farm,9: wind farm,
9,wind farm,9: wind farm,
9,wind farm,9: wind farm,
9,wind farm,9: wind farm,
9,wind farm,9: wind farm,
9,wind farm,9: wind farm,
9,wind farm,9: wind farm,
9,wind farm,9: wind farm,
9,wind farm,9: wind farm,
9,wind farm,9: wind farm,
9,wind farm,9: wind farm,
9,wind farm,9: wind farm,
9,wind farm,9: wind farm,
9,wind farm,9: wind farm,
9,wind farm,9: wind farm,
9,wind farm,9: wind farm,
9,wind farm,9: wind farm,
9,wind farm,9: wind farm,
9,wind farm,9: wind farm,
9,wind farm,9: wind farm,
9,wind farm,9: wind farm,
9,wind farm,9: wind farm,
9,wind farm,9: wind farm,
9,wind farm,9: wind farm,
9,wind farm,9: wind farm,
9,wind farm,9: wind farm,
9,wind farm,9: wind farm,
9,wind farm,9: wind farm,
9,wind farm,9: wind farm,
9,wind farm,9: wind farm,
9,wind farm,9: wind farm,
9,wind farm,9: wind farm,
9,wind farm,9: wind farm,
9,wind farm,9: wind farm,
9,wind farm,9: wind farm,
9,wind farm,9: wind farm,
9,wind farm,9: wind farm,
9,wind farm,9: wind farm,
9,wind farm,9: wind farm,
9,wind farm,9: wind farm,
9,wind farm,9: wind farm,
9,wind farm,9: wind farm,
9,wind farm,9: wind farm,
9,wind farm,9: wind farm,
9,wind farm,9: wind farm,
9,wind farm,9: wind farm,
9,wind farm,9: wind farm,
9,wind farm,9: wind farm,
9,wind farm,9: wind farm,
9,wind farm,9: wind farm,
9,wind farm,9: wind farm,
9,wind farm,9: wind farm,
9,wind farm,9: wind farm,
9,wind farm,9: wind farm,
9,wind farm,9: wind farm,
9,wind farm,9: wind farm,
9,wind farm,9: wind farm,
9,wind farm,9: wind farm,
9,wind farm,9: wind farm,
9,wind farm,9: wind farm,
9,wind farm,9: wind farm,
9,wind farm,9: wind farm,
9,wind farm,9: wind farm,
9,wind farm,9: wind farm,
9,wind farm,9: wind farm,
9,wind farm,9: wind farm,
9,wind farm,9: wind farm,
9,wind farm,9: wind farm,
9,wind farm,9: wind farm,
9,wind farm,9: wind farm,
9,wind farm,9: wind farm,
9,wind farm,9: wind farm,
9,wind farm,9: wind farm,
9,wind farm,9: wind farm,
9,wind farm,9: wind farm,
9,wind farm,9: wind farm,
9,wind farm,9: wind farm,
9,wind farm,9: wind farm,
9,wind farm,9: wind farm,
9,wind farm,9: wind farm,
9,wind farm,9: wind farm,
9,wind farm,9: wind farm,
9,wind farm,9: wind farm,
9,wind farm,9: wind farm,
9,wind farm,9: wind farm,
9,wind farm,9: wind farm,
9,wind farm,9: wind farm,
9,wind farm,9: wind farm,
9,wind farm,9: wind farm,
9,wind farm,9: wind farm,
9,wind farm,9: wind farm,
9,wind farm,9: wind farm,
9,wind farm,9: wind farm,
9,wind farm,9: wind farm,
9,wind farm,9: wind farm,
9,wind farm,9: wind farm,
9,wind farm,9: wind farm,
9,wind farm,9: wind farm,
9,wind farm,9: wind farm,
9,wind farm,9: wind farm,
9,wind farm,9: wind farm,
9,wind farm,9: wind farm,
9,wind farm,9: wind farm,
9,wind farm,9: wind farm,
9,wind farm,9: wind farm,
9,wind farm,9: wind farm,
9,wind farm,9: wind farm,
9,wind farm,9: wind farm,
9,wind farm,9: wind farm,
9,wind farm,9: wind farm,
9,wind farm,9: wind farm,
9,wind farm,9: wind farm,
9,wind farm,9: wind farm,
9,wind farm,9: wind farm,
9,wind farm,9: wind farm,
9,wind farm,9: wind farm,
9,wind farm,9: wind farm,
9,wind farm,9: wind farm,
9,wind farm,9: wind farm,
9,wind farm,9: wind farm,
9,wind farm,9: wind farm,
9,wind farm,9: wind farm,
9,wind farm,9: wind farm,
9,wind farm,9: wind farm,
9,wind farm,9: wind farm,
9,wind farm,9: wind farm,
9,wind farm,9: wind farm,
9,wind farm,9: wind farm,
9,wind farm,9: wind farm,
9,wind farm,9: wind farm,
9,wind farm,9: wind farm,
9,wind farm,9: wind farm,
9,wind farm,9: wind farm,
9,wind farm,9: wind farm,
9,wind farm,9: wind farm,
9,wind farm,9: wind farm,
9,wind farm,9: wind farm,
9,wind farm,9: wind farm,
9,wind farm,9: wind farm,
9,wind farm,9: wind farm,
9,wind farm,9: wind farm,
9,wind farm,9: wind farm,
9,wind farm,9: wind farm,
9,wind farm,9: wind farm,
9,wind farm,9: wind farm,
9,wind farm,9: wind farm,
9,wind farm,9: wind farm,
9,wind farm,9: wind farm,
9,wind farm,9: wind farm,
9,wind farm,9: wind farm,
9,wind farm,9: wind farm,
9,wind farm,9: wind farm,
9,wind farm,9: wind farm,
9,wind farm,9: wind farm,
9,wind farm,9: wind farm,
9,wind farm,9: wind farm,
9,wind farm,9: wind farm,
9,wind farm,9: wind farm,
9,wind farm,9: wind farm,
9,wind farm,9: wind farm,
9,wind farm,9: wind farm,
9,wind farm,9: wind farm,
9,wind farm,9: wind farm,
9,wind farm,9: wind farm,
9,wind farm,9: wind farm,
9,wind farm,9: wind farm,
9,wind farm,9: wind farm,
9,wind farm,9: wind farm,
9,wind farm,9: wind farm,
9,wind farm,9: wind farm,
9,wind farm,9: wind farm,
9,wind farm,9: wind farm,
9,wind farm,9: wind farm,
9,wind farm,9: wind farm,
9,wind farm,9: wind farm,
9,wind farm,9: wind farm,
9,wind farm,9: wind farm,
9,wind farm,9: wind farm,
9,wind farm,9: wind farm,
9,wind farm,9: wind farm,
9,wind farm,9: wind farm,
9,wind farm,9: wind farm,
9,wind farm,9: wind farm,
9,wind farm,9: wind farm,
9,wind farm,9: wind farm,
9,wind farm,9: wind farm,
9,wind farm,9: wind farm,
9,wind farm,9: wind farm,
9,wind farm,9: wind farm,
9,wind farm,9: wind farm,
9,wind farm,9: wind farm,
9,wind farm,9: wind farm,
9,wind farm,9: wind farm,
9,wind farm,9: wind farm,
9,wind farm,9: wind farm,
9,wind farm,9: wind farm,
9,wind farm,9: wind farm,
9,wind farm,9: wind farm,
9,wind farm,9: wind farm,
9,wind farm,9: wind farm,
9,wind farm,9: wind farm,
9,wind farm,9: wind farm,
9,wind farm,9: wind farm,
9,wind farm,9: wind farm,
9,wind farm,9: wind farm,
9,wind farm,9: wind farm,
9,wind farm,9: wind farm,
9,wind farm,9: wind farm,
9,wind farm,9: wind farm,
9,wind farm,9: wind farm,
9,wind farm,9: wind farm,
9,wind farm,9: wind farm,
9,wind farm,9: wind farm,
9,wind farm,9: wind farm,
9,wind farm,9: wind farm,
9,wind farm,9: wind farm,
9,wind farm,9: wind farm,
9,wind farm,9: wind farm,
9,wind farm,9: wind farm,
9,wind farm,9: wind farm,
9,wind farm,9: wind farm,
9,wind farm,9: wind farm,
9,wind farm,9: wind farm,
9,wind farm,9: wind farm,
9,wind farm,9: wind farm,
9,wind farm,9: wind farm,
9,wind farm,9: wind farm,
9,wind farm,9: wind farm,
9,wind farm,9: wind farm,
9,wind farm,9: wind farm,
9,wind farm,9: wind farm,
9,wind farm,9: wind farm,
9,wind farm,9: wind farm,
9,wind farm,9: wind farm,
9,wind farm,9: wind farm,
9,wind farm,9: wind farm,
9,wind farm,9: wind farm,
9,wind farm,9: wind farm,
9,wind farm,9: wind farm,
9,wind farm,9: wind farm,
9,wind farm,9: wind farm,
9,wind farm,9: wind farm,
9,wind farm,9: wind farm,
9,wind farm,9: wind farm,
9,wind farm,9: wind farm,
9,wind farm,9: wind farm,
9,wind farm,9: wind farm,
9,wind farm,9: wind farm,
9,wind farm,9: wind farm,
9,wind farm,9: wind farm,
9,wind farm,9: wind farm,
9,wind farm,9: wind farm,
9,wind farm,9: wind farm,
9,wind farm,9: wind farm,
9,wind farm,9: wind farm,
9,wind farm,9: wind farm,
9,wind farm,9: wind farm,
9,wind farm,9: wind farm,
9,wind farm,9: wind farm,
9,wind farm,9: wind farm,
9,wind farm,9: wind farm,
9,wind farm,9: wind farm,
9,wind farm,9: wind farm,
9,wind farm,9: wind farm,
9,wind farm,9: wind farm,
9,wind farm,9: wind farm,
9,wind farm,9: wind farm,
9,wind farm,9: wind farm,
9,wind farm,9: wind farm,
9,wind farm,9: wind farm,
9,wind farm,9: wind farm,
9,wind farm,9: wind farm,
9,wind farm,9: wind farm,
9,wind farm,9: wind farm,
9,wind farm,9: wind farm,
9,wind farm,9: wind farm,
9,wind farm,9: wind farm,
9,wind farm,9: wind farm,
9,wind farm,9: wind farm,
9,wind farm,9: wind farm,
9,wind farm,9: wind farm,
9,wind farm,9: wind farm,
9,wind farm,9: wind farm,
9,wind farm,9: wind farm,
9,wind farm,9: wind farm,
9,wind farm,9: wind farm,
9,wind farm,9: wind farm,
9,wind farm,9: wind farm,
9,wind farm,9: wind farm,
9,wind farm,9: wind farm,
9,wind farm,9: wind farm,
9,wind farm,9: wind farm,
9,wind farm,9: wind farm,
9,wind farm,9: wind farm,
9,wind farm,9: wind farm,
9,wind farm,9: wind farm,
9,wind farm,9: wind farm,
9,wind farm,9: wind farm,
9,wind farm,9: wind farm,
9,wind farm,9: wind farm,
9,wind farm,9: wind farm,
9,wind farm,9: wind farm,
9,wind farm,9: wind farm,
9,wind farm,9: wind farm,
9,wind farm,9: wind farm,
9,wind farm,9: wind farm,
9,wind farm,9: wind farm,
9,wind farm,9: wind farm,
9,wind farm,9: wind farm,
9,wind farm,9: wind farm,
9,wind farm,9: wind farm,
9,wind farm,9: wind farm,
9,wind farm,9: wind farm,
9,wind farm,9: wind farm,
9,wind farm,9: wind farm,
9,wind farm,9: wind farm,
9,wind farm,9: wind farm,
9,wind farm,9: wind farm,
9,wind farm,9: wind farm,
9,wind farm,9: wind farm,
9,wind farm,9: wind farm,
9,wind farm,9: wind farm,
9,wind farm,9: wind farm,
9,wind farm,9: wind farm,
9,wind farm,9: wind farm,
9,wind farm,9: wind farm,
9,wind farm,9: wind farm,
9,wind farm,9: wind farm,
9,wind farm,9: wind farm,
9,wind farm,9: wind farm,
9,wind farm,9: wind farm,
9,wind farm,9: wind farm,
9,wind farm,9: wind farm,
9,wind farm,9: wind farm,
9,wind farm,9: wind farm,
9,wind farm,9: wind farm,
9,wind farm,9: wind farm,
9,wind farm,9: wind farm,
9,wind farm,9: wind farm,
9,wind farm,9: wind farm,
9,wind farm,9: wind farm,
9,wind farm,9: wind farm,
9,wind farm,9: wind farm,
9,wind farm,9: wind farm,
9,wind farm,9: wind farm,
9,wind farm,9: wind farm,
9,wind farm,9: wind farm,
9,wind farm,9: wind farm,
9,wind farm,9: wind farm,
9,wind farm,9: wind farm,
9,wind farm,9: wind farm,
9,wind farm,9: wind farm,
9,wind farm,9: wind farm,
9,wind farm,9: wind farm,
9,wind farm,9: wind farm,
9,wind farm,9: wind farm,
9,wind farm,9: wind farm,
9,wind farm,9: wind farm,
9,wind farm,9: wind farm,
9,wind farm,9: wind farm,
9,wind farm,9: wind farm,
9,wind farm,9: wind farm,
9,wind farm,9: wind farm,
9,wind farm,9: wind farm,
9,wind farm,9: wind farm,
9,wind farm,9: wind farm,
9,wind farm,9: wind farm,
9,wind farm,9: wind farm,
9,wind farm,9: wind farm,
9,wind farm,9: wind farm,
9,wind farm,9: wind farm,
9,wind farm,9: wind farm,
9,wind farm,9: wind farm,
9,wind farm,9: wind farm,
9,wind farm,9: wind farm,
9,wind farm,9: wind farm,
9,wind farm,9: wind farm,
9,wind farm,9: wind farm,
9,wind farm,9: wind farm,
9,wind farm,9: wind farm,
9,wind farm,9: wind farm,
9,wind farm,9: wind farm,
9,wind farm,9: wind farm,
9,wind farm,9: wind farm,
9,wind farm,9: wind farm,
9,wind farm,9: wind farm,
9,wind farm,9: wind farm,
9,wind farm,9: wind farm,
9,wind farm,9: wind farm,
9,wind farm,9: wind farm,
9,wind farm,9: wind farm,
9,wind farm,9: wind farm,
9,wind farm,9: wind farm,
9,wind farm,9: wind farm,
9,wind farm,9: wind farm,
9,wind farm,9: wind farm,
9,wind farm,9: wind farm,
9,wind farm,9: wind farm,
9,wind farm,9: wind farm,
9,wind farm,9: wind farm,
9,wind farm,9: wind farm,
9,wind farm,9: wind farm,
9,wind farm,9: wind farm,
9,wind farm,9: wind farm,
9,wind farm,9: wind farm,
9,wind farm,9: wind farm,
9,wind farm,9: wind farm,
9,wind farm,9: wind farm,
9,wind farm,9: wind farm,
9,wind farm,9: wind farm,
9,wind farm,9: wind farm,
9,wind farm,9: wind farm,
9,wind farm,9: wind farm,
9,wind farm,9: wind farm,
9,wind farm,9: wind farm,
9,wind farm,9: wind farm,
9,wind farm,9: wind farm,
9,wind farm,9: wind farm,
9,wind farm,9: wind farm,
9,wind farm,9: wind farm,
9,wind farm,9: wind farm,
9,wind farm,9: wind farm,
9,wind farm,9: wind farm,
9,wind farm,9: wind farm,
9,wind farm,9: wind farm,
9,wind farm,9: wind farm,
9,wind farm,9: wind farm,
9,wind farm,9: wind farm,
9,wind farm,9: wind farm,
9,wind farm,9: wind farm,
9,wind farm,9: wind farm,
9,wind farm,9: wind farm,
9,wind farm,9: wind farm,
9,wind farm,9: wind farm,
9,wind farm,9: wind farm,
9,wind farm,9: wind farm,
9,wind farm,9: wind farm,
9,wind farm,9: wind farm,
9,wind farm,9: wind farm,
9,wind farm,9: wind farm,
9,wind farm,9: wind farm,
9,wind farm,9: wind farm,
9,wind farm,9: wind farm,
9,wind farm,9: wind farm,
9,wind farm,9: wind farm,
9,wind farm,9: wind farm,
9,wind farm,9: wind farm,
9,wind farm,9: wind farm,
9,wind farm,9: wind farm,
9,wind farm,9: wind farm,
9,wind farm,9: wind farm,
9,wind farm,9: wind farm,
9,wind farm,9: wind farm,
9,wind farm,9: wind farm,
9,wind farm,9: wind farm,
9,wind farm,9: wind farm,
9,wind farm,9: wind farm,
9,wind farm,9: wind farm,
9,wind farm,9: wind farm,
9,wind farm,9: wind farm,
9,wind farm,9: wind farm,
9,wind farm,9: wind farm,
9,wind farm,9: wind farm,
9,wind farm,9: wind farm,
9,wind farm,9: wind farm,
9,wind farm,9: wind farm,
9,wind farm,9: wind farm,
9,wind farm,9: wind farm,
9,wind farm,9: wind farm,
9,wind farm,9: wind farm,
9,wind farm,9: wind farm,
9,wind farm,9: wind farm,
9,wind farm,9: wind farm,
9,wind farm,9: wind farm,
9,wind farm,9: wind farm,
9,wind farm,9: wind farm,
9,wind farm,9: wind farm,
9,wind farm,9: wind farm,
9,wind farm,9: wind farm,
9,wind farm,9: wind farm,
9,wind farm,9: wind farm,
9,wind farm,9: wind farm,
9,wind farm,9: wind farm,
9,wind farm,9: wind farm,
9,wind farm,9: wind farm,
9,wind farm,9: wind farm,
9,wind farm,9: wind farm,
9,wind farm,9: wind farm,
9,wind farm,9: wind farm,
9,wind farm,9: wind farm,
9,wind farm,9: wind farm,
9,wind farm,9: wind farm,
9,wind farm,9: wind farm,
9,wind farm,9: wind farm,
9,wind farm,9: wind farm,
9,wind farm,9: wind farm,
9,wind farm,9: wind farm,
9,wind farm,9: wind farm,
9,wind farm,9: wind farm,
9,wind farm,9: wind farm,
9,wind farm,9: wind farm,
9,wind farm,9: wind farm,
9,wind farm,9: wind farm,
9,wind farm,9: wind farm,
9,wind farm,9: wind farm,
9,wind farm,9: wind farm,
9,wind farm,9: wind farm,
9,wind farm,9: wind farm,
9,wind farm,9: wind farm,
9,wind farm,9: wind farm,
9,wind farm,9: wind farm,
9,wind farm,9: wind farm,
9,wind farm,9: wind farm,
9,wind farm,9: wind farm,
9,wind farm,9: wind farm,
9,wind farm,9: wind farm,
9,wind farm,9: wind farm,
9,wind farm,9: wind farm,
9,wind farm,9: wind farm,
9,wind farm,9: wind farm,
9,wind farm,9: wind farm,
9,wind farm,9: wind farm,
9,wind farm,9: wind farm,
9,wind farm,9: wind farm,
9,wind farm,9: wind farm,
9,wind farm,9: wind farm,
9,wind farm,9: wind farm,
9,wind farm,9: wind farm,
9,wind farm,9: wind farm,
9,wind farm,9: wind farm,
9,wind farm,9: wind farm,
9,wind farm,9: wind farm,
9,wind farm,9: wind farm,
9,wind farm,9: wind farm,
9,wind farm,9: wind farm,
9,wind farm,9: wind farm,
9,wind farm,9: wind farm,
9,wind farm,9: wind farm,
9,wind farm,9: wind farm,
9,wind farm,9: wind farm,
9,wind farm,9: wind farm,
9,wind farm,9: wind farm,
9,wind farm,9: wind farm,
9,wind farm,9: wind farm,
9,wind farm,9: wind farm,
9,wind farm,9: wind farm,
9,wind farm,9: wind farm,
9,wind farm,9: wind farm,
9,wind farm,9: wind farm,
9,wind farm,9: wind farm,
9,wind farm,9: wind farm,
9,wind farm,9: wind farm,
9,wind farm,9: wind farm,
9,wind farm,9: wind farm,
9,wind farm,9: wind farm,
9,wind farm,9: wind farm,
9,wind farm,9: wind farm,
9,wind farm,9: wind farm,
9,wind farm,9: wind farm,
9,wind farm,9: wind farm,
9,wind farm,9: wind farm,
9,wind farm,9: wind farm,
9,wind farm,9: wind farm,
9,wind farm,9: wind farm,
5,offshor grid,5: offshor grid,
5,offshor grid,5: offshor grid,
5,offshor grid,5: offshor grid,
5,offshor grid,5: offshor grid,
5,offshor grid,5: offshor grid,
5,offshor grid,5: offshor grid,
5,offshor grid,5: offshor grid,
5,offshor grid,5: offshor grid,
5,offshor grid,5: offshor grid,
5,offshor grid,5: offshor grid,
5,offshor grid,5: offshor grid,
5,offshor grid,5: offshor grid,
5,offshor grid,5: offshor grid,
5,offshor grid,5: offshor grid,
5,offshor grid,5: offshor grid,
5,offshor grid,5: offshor grid,
5,offshor grid,5: offshor grid,
5,offshor grid,5: offshor grid,
5,offshor grid,5: offshor grid,
5,offshor grid,5: offshor grid,
5,offshor grid,5: offshor grid,
5,offshor grid,5: offshor grid,
5,offshor grid,5: offshor grid,
5,offshor grid,5: offshor grid,
5,offshor grid,5: offshor grid,
5,offshor grid,5: offshor grid,
5,offshor grid,5: offshor grid,
5,offshor grid,5: offshor grid,
5,offshor grid,5: offshor grid,
5,offshor grid,5: offshor grid,
5,offshor grid,5: offshor grid,
5,offshor grid,5: offshor grid,
5,offshor grid,5: offshor grid,
5,offshor grid,5: offshor grid,
5,offshor grid,5: offshor grid,
5,offshor grid,5: offshor grid,
5,offshor grid,5: offshor grid,
5,offshor grid,5: offshor grid,
5,offshor grid,5: offshor grid,
5,offshor grid,5: offshor grid,
5,offshor grid,5: offshor grid,
5,offshor grid,5: offshor grid,
5,offshor grid,5: offshor grid,
5,offshor grid,5: offshor grid,
5,offshor grid,5: offshor grid,
5,offshor grid,5: offshor grid,
5,offshor grid,5: offshor grid,
5,offshor grid,5: offshor grid,
5,offshor grid,5: offshor grid,
5,offshor grid,5: offshor grid,
5,offshor grid,5: offshor grid,
5,offshor grid,5: offshor grid,
5,offshor grid,5: offshor grid,
5,offshor grid,5: offshor grid,
5,offshor grid,5: offshor grid,
5,offshor grid,5: offshor grid,
5,offshor grid,5: offshor grid,
5,offshor grid,5: offshor grid,
5,offshor grid,5: offshor grid,
5,offshor grid,5: offshor grid,
5,offshor grid,5: offshor grid,
5,offshor grid,5: offshor grid,
5,offshor grid,5: offshor grid,
5,offshor grid,5: offshor grid,
5,offshor grid,5: offshor grid,
5,offshor grid,5: offshor grid,
5,offshor grid,5: offshor grid,
5,offshor grid,5: offshor grid,
5,offshor grid,5: offshor grid,
5,offshor grid,5: offshor grid,
5,offshor grid,5: offshor grid,
5,offshor grid,5: offshor grid,
5,offshor grid,5: offshor grid,
5,offshor grid,5: offshor grid,
5,offshor grid,5: offshor grid,
5,offshor grid,5: offshor grid,
5,offshor grid,5: offshor grid,
5,offshor grid,5: offshor grid,
5,offshor grid,5: offshor grid,
5,offshor grid,5: offshor grid,
5,offshor grid,5: offshor grid,
5,offshor grid,5: offshor grid,
5,offshor grid,5: offshor grid,
5,offshor grid,5: offshor grid,
5,offshor grid,5: offshor grid,
5,offshor grid,5: offshor grid,
5,offshor grid,5: offshor grid,
5,offshor grid,5: offshor grid,
5,offshor grid,5: offshor grid,
5,offshor grid,5: offshor grid,
5,offshor grid,5: offshor grid,
5,offshor grid,5: offshor grid,
5,offshor grid,5: offshor grid,
5,offshor grid,5: offshor grid,
5,offshor grid,5: offshor grid,
5,offshor grid,5: offshor grid,
5,offshor grid,5: offshor grid,
5,offshor grid,5: offshor grid,
5,offshor grid,5: offshor grid,
5,offshor grid,5: offshor grid,
5,offshor grid,5: offshor grid,
5,offshor grid,5: offshor grid,
5,offshor grid,5: offshor grid,
5,offshor grid,5: offshor grid,
5,offshor grid,5: offshor grid,
5,offshor grid,5: offshor grid,
5,offshor grid,5: offshor grid,
5,offshor grid,5: offshor grid,
5,offshor grid,5: offshor grid,
5,offshor grid,5: offshor grid,
5,offshor grid,5: offshor grid,
5,offshor grid,5: offshor grid,
5,offshor grid,5: offshor grid,
5,offshor grid,5: offshor grid,
5,offshor grid,5: offshor grid,
5,offshor grid,5: offshor grid,
5,offshor grid,5: offshor grid,
5,offshor grid,5: offshor grid,
5,offshor grid,5: offshor grid,
5,offshor grid,5: offshor grid,
5,offshor grid,5: offshor grid,
5,offshor grid,5: offshor grid,
5,offshor grid,5: offshor grid,
5,offshor grid,5: offshor grid,
5,offshor grid,5: offshor grid,
5,offshor grid,5: offshor grid,
5,offshor grid,5: offshor grid,
5,offshor grid,5: offshor grid,
5,offshor grid,5: offshor grid,
5,offshor grid,5: offshor grid,
5,offshor grid,5: offshor grid,
5,offshor grid,5: offshor grid,
5,offshor grid,5: offshor grid,
5,offshor grid,5: offshor grid,
5,offshor grid,5: offshor grid,
5,offshor grid,5: offshor grid,
5,offshor grid,5: offshor grid,
5,offshor grid,5: offshor grid,
5,offshor grid,5: offshor grid,
5,offshor grid,5: offshor grid,
5,offshor grid,5: offshor grid,
5,offshor grid,5: offshor grid,
5,offshor grid,5: offshor grid,
5,offshor grid,5: offshor grid,
5,offshor grid,5: offshor grid,
5,offshor grid,5: offshor grid,
5,offshor grid,5: offshor grid,
5,offshor grid,5: offshor grid,
5,offshor grid,5: offshor grid,
5,offshor grid,5: offshor grid,
5,offshor grid,5: offshor grid,
5,offshor grid,5: offshor grid,
5,offshor grid,5: offshor grid,
5,offshor grid,5: offshor grid,
5,offshor grid,5: offshor grid,
5,offshor grid,5: offshor grid,
5,offshor grid,5: offshor grid,
5,offshor grid,5: offshor grid,
5,offshor grid,5: offshor grid,
5,offshor grid,5: offshor grid,
5,offshor grid,5: offshor grid,
5,offshor grid,5: offshor grid,
5,offshor grid,5: offshor grid,
5,offshor grid,5: offshor grid,
5,offshor grid,5: offshor grid,
5,offshor grid,5: offshor grid,
5,offshor grid,5: offshor grid,
5,offshor grid,5: offshor grid,
5,offshor grid,5: offshor grid,
5,offshor grid,5: offshor grid,
5,offshor grid,5: offshor grid,
5,offshor grid,5: offshor grid,
5,offshor grid,5: offshor grid,
5,offshor grid,5: offshor grid,
5,offshor grid,5: offshor grid,
1,abstract avail,1: abstract avail,
1,abstract avail,1: abstract avail,
1,abstract avail,1: abstract avail,
1,abstract avail,1: abstract avail,
1,abstract avail,1: abstract avail,
1,abstract avail,1: abstract avail,
1,abstract avail,1: abstract avail,
1,abstract avail,1: abstract avail,
1,abstract avail,1: abstract avail,
1,abstract avail,1: abstract avail,
1,abstract avail,1: abstract avail,
1,abstract avail,1: abstract avail,
1,abstract avail,1: abstract avail,
1,abstract avail,1: abstract avail,
1,abstract avail,1: abstract avail,
1,abstract avail,1: abstract avail,
1,abstract avail,1: abstract avail,
1,abstract avail,1: abstract avail,
1,abstract avail,1: abstract avail,
1,abstract avail,1: abstract avail,
1,abstract avail,1: abstract avail,
1,abstract avail,1: abstract avail,
1,abstract avail,1: abstract avail,
1,abstract avail,1: abstract avail,
1,abstract avail,1: abstract avail,
1,abstract avail,1: abstract avail,
1,abstract avail,1: abstract avail,
1,abstract avail,1: abstract avail,
1,abstract avail,1: abstract avail,
1,abstract avail,1: abstract avail,
1,abstract avail,1: abstract avail,
1,abstract avail,1: abstract avail,
1,abstract avail,1: abstract avail,
1,abstract avail,1: abstract avail,
1,abstract avail,1: abstract avail,
1,abstract avail,1: abstract avail,
1,abstract avail,1: abstract avail,
1,abstract avail,1: abstract avail,
1,abstract avail,1: abstract avail,
1,abstract avail,1: abstract avail,
1,abstract avail,1: abstract avail,
1,abstract avail,1: abstract avail,
1,abstract avail,1: abstract avail,
1,abstract avail,1: abstract avail,
1,abstract avail,1: abstract avail,
1,abstract avail,1: abstract avail,
1,abstract avail,1: abstract avail,
1,abstract avail,1: abstract avail,
1,abstract avail,1: abstract avail,
1,abstract avail,1: abstract avail,
1,abstract avail,1: abstract avail,
1,abstract avail,1: abstract avail,
1,abstract avail,1: abstract avail,
1,abstract avail,1: abstract avail,
1,abstract avail,1: abstract avail,
1,abstract avail,1: abstract avail,
1,abstract avail,1: abstract avail,
1,abstract avail,1: abstract avail,
1,abstract avail,1: abstract avail,
1,abstract avail,1: abstract avail,
1,abstract avail,1: abstract avail,
1,abstract avail,1: abstract avail,
1,abstract avail,1: abstract avail,
1,abstract avail,1: abstract avail,
1,abstract avail,1: abstract avail,
1,abstract avail,1: abstract avail,
1,abstract avail,1: abstract avail,
1,abstract avail,1: abstract avail,
1,abstract avail,1: abstract avail,
1,abstract avail,1: abstract avail,
1,abstract avail,1: abstract avail,
1,abstract avail,1: abstract avail,
1,abstract avail,1: abstract avail,
1,abstract avail,1: abstract avail,
1,abstract avail,1: abstract avail,
1,abstract avail,1: abstract avail,
1,abstract avail,1: abstract avail,
1,abstract avail,1: abstract avail,
1,abstract avail,1: abstract avail,
1,abstract avail,1: abstract avail,
1,abstract avail,1: abstract avail,
9,wind farm,9: wind farm,
9,wind farm,9: wind farm,
9,wind farm,9: wind farm,
9,wind farm,9: wind farm,
9,wind farm,9: wind farm,
9,wind farm,9: wind farm,
9,wind farm,9: wind farm,
9,wind farm,9: wind farm,
9,wind farm,9: wind farm,
9,wind farm,9: wind farm,
9,wind farm,9: wind farm,
9,wind farm,9: wind farm,
9,wind farm,9: wind farm,
9,wind farm,9: wind farm,
9,wind farm,9: wind farm,
9,wind farm,9: wind farm,
9,wind farm,9: wind farm,
9,wind farm,9: wind farm,
9,wind farm,9: wind farm,
9,wind farm,9: wind farm,
9,wind farm,9: wind farm,
9,wind farm,9: wind farm,
9,wind farm,9: wind farm,
9,wind farm,9: wind farm,
9,wind farm,9: wind farm,
9,wind farm,9: wind farm,
9,wind farm,9: wind farm,
9,wind farm,9: wind farm,
9,wind farm,9: wind farm,
9,wind farm,9: wind farm,
9,wind farm,9: wind farm,
9,wind farm,9: wind farm,
9,wind farm,9: wind farm,
9,wind farm,9: wind farm,
9,wind farm,9: wind farm,
9,wind farm,9: wind farm,
9,wind farm,9: wind farm,
9,wind farm,9: wind farm,
9,wind farm,9: wind farm,
9,wind farm,9: wind farm,
9,wind farm,9: wind farm,
9,wind farm,9: wind farm,
9,wind farm,9: wind farm,
9,wind farm,9: wind farm,
9,wind farm,9: wind farm,
9,wind farm,9: wind farm,
9,wind farm,9: wind farm,
9,wind farm,9: wind farm,
9,wind farm,9: wind farm,
9,wind farm,9: wind farm,
9,wind farm,9: wind farm,
9,wind farm,9: wind farm,
9,wind farm,9: wind farm,
9,wind farm,9: wind farm,
9,wind farm,9: wind farm,
9,wind farm,9: wind farm,
9,wind farm,9: wind farm,
9,wind farm,9: wind farm,
9,wind farm,9: wind farm,
9,wind farm,9: wind farm,
9,wind farm,9: wind farm,
9,wind farm,9: wind farm,
9,wind farm,9: wind farm,
9,wind farm,9: wind farm,
9,wind farm,9: wind farm,
9,wind farm,9: wind farm,
9,wind farm,9: wind farm,
9,wind farm,9: wind farm,
9,wind farm,9: wind farm,
9,wind farm,9: wind farm,
9,wind farm,9: wind farm,
9,wind farm,9: wind farm,
9,wind farm,9: wind farm,
9,wind farm,9: wind farm,
9,wind farm,9: wind farm,
9,wind farm,9: wind farm,
9,wind farm,9: wind farm,
9,wind farm,9: wind farm,
9,wind farm,9: wind farm,
9,wind farm,9: wind farm,
9,wind farm,9: wind farm,
9,wind farm,9: wind farm,
9,wind farm,9: wind farm,
9,wind farm,9: wind farm,
9,wind farm,9: wind farm,
9,wind farm,9: wind farm,
9,wind farm,9: wind farm,
9,wind farm,9: wind farm,
9,wind farm,9: wind farm,
9,wind farm,9: wind farm,
9,wind farm,9: wind farm,
9,wind farm,9: wind farm,
9,wind farm,9: wind farm,
9,wind farm,9: wind farm,
9,wind farm,9: wind farm,
9,wind farm,9: wind farm,
9,wind farm,9: wind farm,
9,wind farm,9: wind farm,
9,wind farm,9: wind farm,
9,wind farm,9: wind farm,
9,wind farm,9: wind farm,
9,wind farm,9: wind farm,
9,wind farm,9: wind farm,
9,wind farm,9: wind farm,
9,wind farm,9: wind farm,
9,wind farm,9: wind farm,
9,wind farm,9: wind farm,
9,wind farm,9: wind farm,
9,wind farm,9: wind farm,
9,wind farm,9: wind farm,
9,wind farm,9: wind farm,
9,wind farm,9: wind farm,
9,wind farm,9: wind farm,
9,wind farm,9: wind farm,
9,wind farm,9: wind farm,
9,wind farm,9: wind farm,
9,wind farm,9: wind farm,
9,wind farm,9: wind farm,
9,wind farm,9: wind farm,
9,wind farm,9: wind farm,
9,wind farm,9: wind farm,
9,wind farm,9: wind farm,
9,wind farm,9: wind farm,
9,wind farm,9: wind farm,
9,wind farm,9: wind farm,
9,wind farm,9: wind farm,
9,wind farm,9: wind farm,
9,wind farm,9: wind farm,
9,wind farm,9: wind farm,
9,wind farm,9: wind farm,
9,wind farm,9: wind farm,
9,wind farm,9: wind farm,
9,wind farm,9: wind farm,
9,wind farm,9: wind farm,
9,wind farm,9: wind farm,
9,wind farm,9: wind farm,
9,wind farm,9: wind farm,
9,wind farm,9: wind farm,
9,wind farm,9: wind farm,
9,wind farm,9: wind farm,
9,wind farm,9: wind farm,
9,wind farm,9: wind farm,
9,wind farm,9: wind farm,
9,wind farm,9: wind farm,
9,wind farm,9: wind farm,
9,wind farm,9: wind farm,
9,wind farm,9: wind farm,
9,wind farm,9: wind farm,
9,wind farm,9: wind farm,
9,wind farm,9: wind farm,
9,wind farm,9: wind farm,
9,wind farm,9: wind farm,
9,wind farm,9: wind farm,
9,wind farm,9: wind farm,
9,wind farm,9: wind farm,
9,wind farm,9: wind farm,
9,wind farm,9: wind farm,
9,wind farm,9: wind farm,
9,wind farm,9: wind farm,
9,wind farm,9: wind farm,
9,wind farm,9: wind farm,
1,abstract avail,1: abstract avail,
1,abstract avail,1: abstract avail,
1,abstract avail,1: abstract avail,
1,abstract avail,1: abstract avail,
1,abstract avail,1: abstract avail,
1,abstract avail,1: abstract avail,
1,abstract avail,1: abstract avail,
1,abstract avail,1: abstract avail,
1,abstract avail,1: abstract avail,
1,abstract avail,1: abstract avail,
1,abstract avail,1: abstract avail,
1,abstract avail,1: abstract avail,
1,abstract avail,1: abstract avail,
1,abstract avail,1: abstract avail,
1,abstract avail,1: abstract avail,
1,abstract avail,1: abstract avail,
1,abstract avail,1: abstract avail,
1,abstract avail,1: abstract avail,
1,abstract avail,1: abstract avail,
1,abstract avail,1: abstract avail,
1,abstract avail,1: abstract avail,
1,abstract avail,1: abstract avail,
1,abstract avail,1: abstract avail,
1,abstract avail,1: abstract avail,
1,abstract avail,1: abstract avail,
1,abstract avail,1: abstract avail,
1,abstract avail,1: abstract avail,
1,abstract avail,1: abstract avail,
1,abstract avail,1: abstract avail,
1,abstract avail,1: abstract avail,
1,abstract avail,1: abstract avail,
1,abstract avail,1: abstract avail,
1,abstract avail,1: abstract avail,
1,abstract avail,1: abstract avail,
1,abstract avail,1: abstract avail,
1,abstract avail,1: abstract avail,
1,abstract avail,1: abstract avail,
1,abstract avail,1: abstract avail,
1,abstract avail,1: abstract avail,
1,abstract avail,1: abstract avail,
1,abstract avail,1: abstract avail,
1,abstract avail,1: abstract avail,
1,abstract avail,1: abstract avail,
1,abstract avail,1: abstract avail,
1,abstract avail,1: abstract avail,
1,abstract avail,1: abstract avail,
1,abstract avail,1: abstract avail,
1,abstract avail,1: abstract avail,
1,abstract avail,1: abstract avail,
1,abstract avail,1: abstract avail,
1,abstract avail,1: abstract avail,
1,abstract avail,1: abstract avail,
1,abstract avail,1: abstract avail,
1,abstract avail,1: abstract avail,
1,abstract avail,1: abstract avail,
1,abstract avail,1: abstract avail,
1,abstract avail,1: abstract avail,
1,abstract avail,1: abstract avail,
1,abstract avail,1: abstract avail,
1,abstract avail,1: abstract avail,
1,abstract avail,1: abstract avail,
1,abstract avail,1: abstract avail,
1,abstract avail,1: abstract avail,
1,abstract avail,1: abstract avail,
1,abstract avail,1: abstract avail,
1,abstract avail,1: abstract avail,
1,abstract avail,1: abstract avail,
1,abstract avail,1: abstract avail,
1,abstract avail,1: abstract avail,
1,abstract avail,1: abstract avail,
1,abstract avail,1: abstract avail,
1,abstract avail,1: abstract avail,
1,abstract avail,1: abstract avail,
1,abstract avail,1: abstract avail,
1,abstract avail,1: abstract avail,
1,abstract avail,1: abstract avail,
1,abstract avail,1: abstract avail,
1,abstract avail,1: abstract avail,
1,abstract avail,1: abstract avail,
1,abstract avail,1: abstract avail,
1,abstract avail,1: abstract avail,
7,renew energi,7: renew energi,
7,renew energi,7: renew energi,
7,renew energi,7: renew energi,
7,renew energi,7: renew energi,
7,renew energi,7: renew energi,
7,renew energi,7: renew energi,
7,renew energi,7: renew energi,
7,renew energi,7: renew energi,
7,renew energi,7: renew energi,
7,renew energi,7: renew energi,
7,renew energi,7: renew energi,
7,renew energi,7: renew energi,
7,renew energi,7: renew energi,
7,renew energi,7: renew energi,
7,renew energi,7: renew energi,
7,renew energi,7: renew energi,
7,renew energi,7: renew energi,
7,renew energi,7: renew energi,
7,renew energi,7: renew energi,
7,renew energi,7: renew energi,
7,renew energi,7: renew energi,
7,renew energi,7: renew energi,
7,renew energi,7: renew energi,
7,renew energi,7: renew energi,
7,renew energi,7: renew energi,
7,renew energi,7: renew energi,
7,renew energi,7: renew energi,
7,renew energi,7: renew energi,
7,renew energi,7: renew energi,
7,renew energi,7: renew energi,
7,renew energi,7: renew energi,
7,renew energi,7: renew energi,
7,renew energi,7: renew energi,
7,renew energi,7: renew energi,
7,renew energi,7: renew energi,
7,renew energi,7: renew energi,
7,renew energi,7: renew energi,
7,renew energi,7: renew energi,
7,renew energi,7: renew energi,
7,renew energi,7: renew energi,
7,renew energi,7: renew energi,
7,renew energi,7: renew energi,
7,renew energi,7: renew energi,
7,renew energi,7: renew energi,
7,renew energi,7: renew energi,
7,renew energi,7: renew energi,
7,renew energi,7: renew energi,
7,renew energi,7: renew energi,
7,renew energi,7: renew energi,
7,renew energi,7: renew energi,
7,renew energi,7: renew energi,
7,renew energi,7: renew energi,
7,renew energi,7: renew energi,
7,renew energi,7: renew energi,
7,renew energi,7: renew energi,
7,renew energi,7: renew energi,
7,renew energi,7: renew energi,
7,renew energi,7: renew energi,
7,renew energi,7: renew energi,
7,renew energi,7: renew energi,
7,renew energi,7: renew energi,
7,renew energi,7: renew energi,
7,renew energi,7: renew energi,
7,renew energi,7: renew energi,
7,renew energi,7: renew energi,
7,renew energi,7: renew energi,
7,renew energi,7: renew energi,
7,renew energi,7: renew energi,
7,renew energi,7: renew energi,
7,renew energi,7: renew energi,
7,renew energi,7: renew energi,
7,renew energi,7: renew energi,
7,renew energi,7: renew energi,
7,renew energi,7: renew energi,
7,renew energi,7: renew energi,
7,renew energi,7: renew energi,
7,renew energi,7: renew energi,
7,renew energi,7: renew energi,
7,renew energi,7: renew energi,
7,renew energi,7: renew energi,
7,renew energi,7: renew energi,
7,renew energi,7: renew energi,
7,renew energi,7: renew energi,
7,renew energi,7: renew energi,
7,renew energi,7: renew energi,
7,renew energi,7: renew energi,
7,renew energi,7: renew energi,
7,renew energi,7: renew energi,
7,renew energi,7: renew energi,
7,renew energi,7: renew energi,
7,renew energi,7: renew energi,
7,renew energi,7: renew energi,
7,renew energi,7: renew energi,
7,renew energi,7: renew energi,
7,renew energi,7: renew energi,
7,renew energi,7: renew energi,
7,renew energi,7: renew energi,
7,renew energi,7: renew energi,
7,renew energi,7: renew energi,
7,renew energi,7: renew energi,
7,renew energi,7: renew energi,
7,renew energi,7: renew energi,
7,renew energi,7: renew energi,
7,renew energi,7: renew energi,
7,renew energi,7: renew energi,
7,renew energi,7: renew energi,
7,renew energi,7: renew energi,
7,renew energi,7: renew energi,
7,renew energi,7: renew energi,
7,renew energi,7: renew energi,
7,renew energi,7: renew energi,
7,renew energi,7: renew energi,
7,renew energi,7: renew energi,
7,renew energi,7: renew energi,
7,renew energi,7: renew energi,
7,renew energi,7: renew energi,
7,renew energi,7: renew energi,
7,renew energi,7: renew energi,
7,renew energi,7: renew energi,
7,renew energi,7: renew energi,
7,renew energi,7: renew energi,
7,renew energi,7: renew energi,
7,renew energi,7: renew energi,
7,renew energi,7: renew energi,
7,renew energi,7: renew energi,
7,renew energi,7: renew energi,
7,renew energi,7: renew energi,
7,renew energi,7: renew energi,
7,renew energi,7: renew energi,
7,renew energi,7: renew energi,
7,renew energi,7: renew energi,
7,renew energi,7: renew energi,
7,renew energi,7: renew energi,
7,renew energi,7: renew energi,
7,renew energi,7: renew energi,
7,renew energi,7: renew energi,
7,renew energi,7: renew energi,
7,renew energi,7: renew energi,
7,renew energi,7: renew energi,
7,renew energi,7: renew energi,
7,renew energi,7: renew energi,
7,renew energi,7: renew energi,
7,renew energi,7: renew energi,
7,renew energi,7: renew energi,
7,renew energi,7: renew energi,
7,renew energi,7: renew energi,
1,abstract avail,1: abstract avail,
1,abstract avail,1: abstract avail,
1,abstract avail,1: abstract avail,
1,abstract avail,1: abstract avail,
1,abstract avail,1: abstract avail,
1,abstract avail,1: abstract avail,
1,abstract avail,1: abstract avail,
1,abstract avail,1: abstract avail,
1,abstract avail,1: abstract avail,
1,abstract avail,1: abstract avail,
1,abstract avail,1: abstract avail,
1,abstract avail,1: abstract avail,
1,abstract avail,1: abstract avail,
1,abstract avail,1: abstract avail,
1,abstract avail,1: abstract avail,
1,abstract avail,1: abstract avail,
1,abstract avail,1: abstract avail,
1,abstract avail,1: abstract avail,
1,abstract avail,1: abstract avail,
1,abstract avail,1: abstract avail,
1,abstract avail,1: abstract avail,
1,abstract avail,1: abstract avail,
1,abstract avail,1: abstract avail,
1,abstract avail,1: abstract avail,
1,abstract avail,1: abstract avail,
1,abstract avail,1: abstract avail,
1,abstract avail,1: abstract avail,
1,abstract avail,1: abstract avail,
1,abstract avail,1: abstract avail,
1,abstract avail,1: abstract avail,
1,abstract avail,1: abstract avail,
1,abstract avail,1: abstract avail,
1,abstract avail,1: abstract avail,
1,abstract avail,1: abstract avail,
1,abstract avail,1: abstract avail,
1,abstract avail,1: abstract avail,
1,abstract avail,1: abstract avail,
1,abstract avail,1: abstract avail,
1,abstract avail,1: abstract avail,
1,abstract avail,1: abstract avail,
1,abstract avail,1: abstract avail,
1,abstract avail,1: abstract avail,
1,abstract avail,1: abstract avail,
1,abstract avail,1: abstract avail,
1,abstract avail,1: abstract avail,
1,abstract avail,1: abstract avail,
1,abstract avail,1: abstract avail,
1,abstract avail,1: abstract avail,
1,abstract avail,1: abstract avail,
1,abstract avail,1: abstract avail,
1,abstract avail,1: abstract avail,
1,abstract avail,1: abstract avail,
1,abstract avail,1: abstract avail,
1,abstract avail,1: abstract avail,
1,abstract avail,1: abstract avail,
1,abstract avail,1: abstract avail,
1,abstract avail,1: abstract avail,
1,abstract avail,1: abstract avail,
1,abstract avail,1: abstract avail,
1,abstract avail,1: abstract avail,
1,abstract avail,1: abstract avail,
1,abstract avail,1: abstract avail,
1,abstract avail,1: abstract avail,
1,abstract avail,1: abstract avail,
1,abstract avail,1: abstract avail,
1,abstract avail,1: abstract avail,
1,abstract avail,1: abstract avail,
1,abstract avail,1: abstract avail,
1,abstract avail,1: abstract avail,
1,abstract avail,1: abstract avail,
1,abstract avail,1: abstract avail,
1,abstract avail,1: abstract avail,
1,abstract avail,1: abstract avail,
1,abstract avail,1: abstract avail,
1,abstract avail,1: abstract avail,
1,abstract avail,1: abstract avail,
1,abstract avail,1: abstract avail,
1,abstract avail,1: abstract avail,
1,abstract avail,1: abstract avail,
1,abstract avail,1: abstract avail,
1,abstract avail,1: abstract avail,
9,wind farm,9: wind farm,
9,wind farm,9: wind farm,
9,wind farm,9: wind farm,
9,wind farm,9: wind farm,
9,wind farm,9: wind farm,
9,wind farm,9: wind farm,
9,wind farm,9: wind farm,
9,wind farm,9: wind farm,
9,wind farm,9: wind farm,
9,wind farm,9: wind farm,
9,wind farm,9: wind farm,
9,wind farm,9: wind farm,
9,wind farm,9: wind farm,
9,wind farm,9: wind farm,
9,wind farm,9: wind farm,
9,wind farm,9: wind farm,
9,wind farm,9: wind farm,
9,wind farm,9: wind farm,
9,wind farm,9: wind farm,
9,wind farm,9: wind farm,
9,wind farm,9: wind farm,
9,wind farm,9: wind farm,
9,wind farm,9: wind farm,
9,wind farm,9: wind farm,
9,wind farm,9: wind farm,
9,wind farm,9: wind farm,
9,wind farm,9: wind farm,
9,wind farm,9: wind farm,
9,wind farm,9: wind farm,
9,wind farm,9: wind farm,
9,wind farm,9: wind farm,
9,wind farm,9: wind farm,
9,wind farm,9: wind farm,
9,wind farm,9: wind farm,
9,wind farm,9: wind farm,
9,wind farm,9: wind farm,
9,wind farm,9: wind farm,
9,wind farm,9: wind farm,
9,wind farm,9: wind farm,
9,wind farm,9: wind farm,
9,wind farm,9: wind farm,
9,wind farm,9: wind farm,
9,wind farm,9: wind farm,
9,wind farm,9: wind farm,
9,wind farm,9: wind farm,
9,wind farm,9: wind farm,
9,wind farm,9: wind farm,
9,wind farm,9: wind farm,
9,wind farm,9: wind farm,
9,wind farm,9: wind farm,
9,wind farm,9: wind farm,
9,wind farm,9: wind farm,
9,wind farm,9: wind farm,
9,wind farm,9: wind farm,
9,wind farm,9: wind farm,
9,wind farm,9: wind farm,
9,wind farm,9: wind farm,
9,wind farm,9: wind farm,
9,wind farm,9: wind farm,
9,wind farm,9: wind farm,
9,wind farm,9: wind farm,
9,wind farm,9: wind farm,
9,wind farm,9: wind farm,
9,wind farm,9: wind farm,
9,wind farm,9: wind farm,
9,wind farm,9: wind farm,
9,wind farm,9: wind farm,
9,wind farm,9: wind farm,
9,wind farm,9: wind farm,
9,wind farm,9: wind farm,
9,wind farm,9: wind farm,
9,wind farm,9: wind farm,
9,wind farm,9: wind farm,
9,wind farm,9: wind farm,
9,wind farm,9: wind farm,
9,wind farm,9: wind farm,
9,wind farm,9: wind farm,
9,wind farm,9: wind farm,
9,wind farm,9: wind farm,
9,wind farm,9: wind farm,
9,wind farm,9: wind farm,
9,wind farm,9: wind farm,
9,wind farm,9: wind farm,
9,wind farm,9: wind farm,
9,wind farm,9: wind farm,
9,wind farm,9: wind farm,
9,wind farm,9: wind farm,
9,wind farm,9: wind farm,
9,wind farm,9: wind farm,
9,wind farm,9: wind farm,
9,wind farm,9: wind farm,
9,wind farm,9: wind farm,
9,wind farm,9: wind farm,
9,wind farm,9: wind farm,
9,wind farm,9: wind farm,
9,wind farm,9: wind farm,
9,wind farm,9: wind farm,
9,wind farm,9: wind farm,
9,wind farm,9: wind farm,
9,wind farm,9: wind farm,
9,wind farm,9: wind farm,
9,wind farm,9: wind farm,
9,wind farm,9: wind farm,
9,wind farm,9: wind farm,
9,wind farm,9: wind farm,
9,wind farm,9: wind farm,
9,wind farm,9: wind farm,
9,wind farm,9: wind farm,
9,wind farm,9: wind farm,
9,wind farm,9: wind farm,
9,wind farm,9: wind farm,
9,wind farm,9: wind farm,
9,wind farm,9: wind farm,
9,wind farm,9: wind farm,
9,wind farm,9: wind farm,
9,wind farm,9: wind farm,
9,wind farm,9: wind farm,
9,wind farm,9: wind farm,
9,wind farm,9: wind farm,
9,wind farm,9: wind farm,
9,wind farm,9: wind farm,
9,wind farm,9: wind farm,
9,wind farm,9: wind farm,
9,wind farm,9: wind farm,
9,wind farm,9: wind farm,
9,wind farm,9: wind farm,
9,wind farm,9: wind farm,
9,wind farm,9: wind farm,
9,wind farm,9: wind farm,
9,wind farm,9: wind farm,
9,wind farm,9: wind farm,
9,wind farm,9: wind farm,
9,wind farm,9: wind farm,
9,wind farm,9: wind farm,
9,wind farm,9: wind farm,
9,wind farm,9: wind farm,
9,wind farm,9: wind farm,
9,wind farm,9: wind farm,
9,wind farm,9: wind farm,
9,wind farm,9: wind farm,
9,wind farm,9: wind farm,
9,wind farm,9: wind farm,
9,wind farm,9: wind farm,
9,wind farm,9: wind farm,
9,wind farm,9: wind farm,
9,wind farm,9: wind farm,
9,wind farm,9: wind farm,
9,wind farm,9: wind farm,
9,wind farm,9: wind farm,
9,wind farm,9: wind farm,
9,wind farm,9: wind farm,
9,wind farm,9: wind farm,
9,wind farm,9: wind farm,
9,wind farm,9: wind farm,
9,wind farm,9: wind farm,
9,wind farm,9: wind farm,
9,wind farm,9: wind farm,
9,wind farm,9: wind farm,
9,wind farm,9: wind farm,
9,wind farm,9: wind farm,
9,wind farm,9: wind farm,
9,wind farm,9: wind farm,
9,wind farm,9: wind farm,
9,wind farm,9: wind farm,
9,wind farm,9: wind farm,
9,wind farm,9: wind farm,
9,wind farm,9: wind farm,
9,wind farm,9: wind farm,
9,wind farm,9: wind farm,
9,wind farm,9: wind farm,
9,wind farm,9: wind farm,
9,wind farm,9: wind farm,
9,wind farm,9: wind farm,
9,wind farm,9: wind farm,
9,wind farm,9: wind farm,
9,wind farm,9: wind farm,
9,wind farm,9: wind farm,
9,wind farm,9: wind farm,
9,wind farm,9: wind farm,
9,wind farm,9: wind farm,
9,wind farm,9: wind farm,
9,wind farm,9: wind farm,
9,wind farm,9: wind farm,
9,wind farm,9: wind farm,
9,wind farm,9: wind farm,
9,wind farm,9: wind farm,
9,wind farm,9: wind farm,
9,wind farm,9: wind farm,
9,wind farm,9: wind farm,
9,wind farm,9: wind farm,
9,wind farm,9: wind farm,
9,wind farm,9: wind farm,
9,wind farm,9: wind farm,
9,wind farm,9: wind farm,
9,wind farm,9: wind farm,
9,wind farm,9: wind farm,
9,wind farm,9: wind farm,
9,wind farm,9: wind farm,
9,wind farm,9: wind farm,
9,wind farm,9: wind farm,
9,wind farm,9: wind farm,
9,wind farm,9: wind farm,
9,wind farm,9: wind farm,
9,wind farm,9: wind farm,
9,wind farm,9: wind farm,
9,wind farm,9: wind farm,
9,wind farm,9: wind farm,
9,wind farm,9: wind farm,
9,wind farm,9: wind farm,
9,wind farm,9: wind farm,
9,wind farm,9: wind farm,
9,wind farm,9: wind farm,
9,wind farm,9: wind farm,
9,wind farm,9: wind farm,
9,wind farm,9: wind farm,
9,wind farm,9: wind farm,
9,wind farm,9: wind farm,
9,wind farm,9: wind farm,
9,wind farm,9: wind farm,
9,wind farm,9: wind farm,
9,wind farm,9: wind farm,
9,wind farm,9: wind farm,
9,wind farm,9: wind farm,
9,wind farm,9: wind farm,
9,wind farm,9: wind farm,
9,wind farm,9: wind farm,
9,wind farm,9: wind farm,
9,wind farm,9: wind farm,
9,wind farm,9: wind farm,
9,wind farm,9: wind farm,
9,wind farm,9: wind farm,
9,wind farm,9: wind farm,
9,wind farm,9: wind farm,
9,wind farm,9: wind farm,
9,wind farm,9: wind farm,
9,wind farm,9: wind farm,
9,wind farm,9: wind farm,
9,wind farm,9: wind farm,
9,wind farm,9: wind farm,
9,wind farm,9: wind farm,
9,wind farm,9: wind farm,
9,wind farm,9: wind farm,
9,wind farm,9: wind farm,
9,wind farm,9: wind farm,
9,wind farm,9: wind farm,
9,wind farm,9: wind farm,
9,wind farm,9: wind farm,
9,wind farm,9: wind farm,
9,wind farm,9: wind farm,
9,wind farm,9: wind farm,
9,wind farm,9: wind farm,
9,wind farm,9: wind farm,
9,wind farm,9: wind farm,
9,wind farm,9: wind farm,
9,wind farm,9: wind farm,
9,wind farm,9: wind farm,
9,wind farm,9: wind farm,
9,wind farm,9: wind farm,
9,wind farm,9: wind farm,
9,wind farm,9: wind farm,
9,wind farm,9: wind farm,
9,wind farm,9: wind farm,
9,wind farm,9: wind farm,
9,wind farm,9: wind farm,
9,wind farm,9: wind farm,
9,wind farm,9: wind farm,
9,wind farm,9: wind farm,
9,wind farm,9: wind farm,
9,wind farm,9: wind farm,
9,wind farm,9: wind farm,
9,wind farm,9: wind farm,
9,wind farm,9: wind farm,
9,wind farm,9: wind farm,
9,wind farm,9: wind farm,
9,wind farm,9: wind farm,
9,wind farm,9: wind farm,
9,wind farm,9: wind farm,
9,wind farm,9: wind farm,
9,wind farm,9: wind farm,
9,wind farm,9: wind farm,
9,wind farm,9: wind farm,
9,wind farm,9: wind farm,
9,wind farm,9: wind farm,
9,wind farm,9: wind farm,
9,wind farm,9: wind farm,
9,wind farm,9: wind farm,
9,wind farm,9: wind farm,
9,wind farm,9: wind farm,
9,wind farm,9: wind farm,
9,wind farm,9: wind farm,
9,wind farm,9: wind farm,
9,wind farm,9: wind farm,
9,wind farm,9: wind farm,
9,wind farm,9: wind farm,
9,wind farm,9: wind farm,
9,wind farm,9: wind farm,
9,wind farm,9: wind farm,
9,wind farm,9: wind farm,
9,wind farm,9: wind farm,
9,wind farm,9: wind farm,
9,wind farm,9: wind farm,
9,wind farm,9: wind farm,
9,wind farm,9: wind farm,
9,wind farm,9: wind farm,
9,wind farm,9: wind farm,
9,wind farm,9: wind farm,
9,wind farm,9: wind farm,
9,wind farm,9: wind farm,
9,wind farm,9: wind farm,
9,wind farm,9: wind farm,
9,wind farm,9: wind farm,
9,wind farm,9: wind farm,
9,wind farm,9: wind farm,
9,wind farm,9: wind farm,
9,wind farm,9: wind farm,
9,wind farm,9: wind farm,
9,wind farm,9: wind farm,
9,wind farm,9: wind farm,
9,wind farm,9: wind farm,
9,wind farm,9: wind farm,
9,wind farm,9: wind farm,
9,wind farm,9: wind farm,
1,abstract avail,1: abstract avail,
1,abstract avail,1: abstract avail,
1,abstract avail,1: abstract avail,
1,abstract avail,1: abstract avail,
1,abstract avail,1: abstract avail,
1,abstract avail,1: abstract avail,
1,abstract avail,1: abstract avail,
1,abstract avail,1: abstract avail,
1,abstract avail,1: abstract avail,
1,abstract avail,1: abstract avail,
1,abstract avail,1: abstract avail,
1,abstract avail,1: abstract avail,
1,abstract avail,1: abstract avail,
1,abstract avail,1: abstract avail,
1,abstract avail,1: abstract avail,
1,abstract avail,1: abstract avail,
1,abstract avail,1: abstract avail,
1,abstract avail,1: abstract avail,
1,abstract avail,1: abstract avail,
1,abstract avail,1: abstract avail,
1,abstract avail,1: abstract avail,
1,abstract avail,1: abstract avail,
1,abstract avail,1: abstract avail,
1,abstract avail,1: abstract avail,
1,abstract avail,1: abstract avail,
1,abstract avail,1: abstract avail,
1,abstract avail,1: abstract avail,
1,abstract avail,1: abstract avail,
1,abstract avail,1: abstract avail,
1,abstract avail,1: abstract avail,
1,abstract avail,1: abstract avail,
1,abstract avail,1: abstract avail,
1,abstract avail,1: abstract avail,
1,abstract avail,1: abstract avail,
1,abstract avail,1: abstract avail,
1,abstract avail,1: abstract avail,
1,abstract avail,1: abstract avail,
1,abstract avail,1: abstract avail,
1,abstract avail,1: abstract avail,
1,abstract avail,1: abstract avail,
1,abstract avail,1: abstract avail,
1,abstract avail,1: abstract avail,
1,abstract avail,1: abstract avail,
1,abstract avail,1: abstract avail,
1,abstract avail,1: abstract avail,
1,abstract avail,1: abstract avail,
1,abstract avail,1: abstract avail,
1,abstract avail,1: abstract avail,
1,abstract avail,1: abstract avail,
1,abstract avail,1: abstract avail,
1,abstract avail,1: abstract avail,
1,abstract avail,1: abstract avail,
1,abstract avail,1: abstract avail,
1,abstract avail,1: abstract avail,
1,abstract avail,1: abstract avail,
1,abstract avail,1: abstract avail,
1,abstract avail,1: abstract avail,
1,abstract avail,1: abstract avail,
1,abstract avail,1: abstract avail,
1,abstract avail,1: abstract avail,
1,abstract avail,1: abstract avail,
1,abstract avail,1: abstract avail,
1,abstract avail,1: abstract avail,
1,abstract avail,1: abstract avail,
1,abstract avail,1: abstract avail,
1,abstract avail,1: abstract avail,
1,abstract avail,1: abstract avail,
1,abstract avail,1: abstract avail,
1,abstract avail,1: abstract avail,
1,abstract avail,1: abstract avail,
1,abstract avail,1: abstract avail,
1,abstract avail,1: abstract avail,
1,abstract avail,1: abstract avail,
1,abstract avail,1: abstract avail,
1,abstract avail,1: abstract avail,
1,abstract avail,1: abstract avail,
1,abstract avail,1: abstract avail,
1,abstract avail,1: abstract avail,
1,abstract avail,1: abstract avail,
1,abstract avail,1: abstract avail,
1,abstract avail,1: abstract avail,
5,offshor grid,5: offshor grid,
5,offshor grid,5: offshor grid,
5,offshor grid,5: offshor grid,
5,offshor grid,5: offshor grid,
5,offshor grid,5: offshor grid,
5,offshor grid,5: offshor grid,
5,offshor grid,5: offshor grid,
5,offshor grid,5: offshor grid,
5,offshor grid,5: offshor grid,
5,offshor grid,5: offshor grid,
5,offshor grid,5: offshor grid,
5,offshor grid,5: offshor grid,
5,offshor grid,5: offshor grid,
5,offshor grid,5: offshor grid,
5,offshor grid,5: offshor grid,
5,offshor grid,5: offshor grid,
5,offshor grid,5: offshor grid,
5,offshor grid,5: offshor grid,
5,offshor grid,5: offshor grid,
5,offshor grid,5: offshor grid,
5,offshor grid,5: offshor grid,
5,offshor grid,5: offshor grid,
5,offshor grid,5: offshor grid,
5,offshor grid,5: offshor grid,
5,offshor grid,5: offshor grid,
5,offshor grid,5: offshor grid,
5,offshor grid,5: offshor grid,
5,offshor grid,5: offshor grid,
5,offshor grid,5: offshor grid,
5,offshor grid,5: offshor grid,
5,offshor grid,5: offshor grid,
5,offshor grid,5: offshor grid,
5,offshor grid,5: offshor grid,
5,offshor grid,5: offshor grid,
5,offshor grid,5: offshor grid,
5,offshor grid,5: offshor grid,
5,offshor grid,5: offshor grid,
5,offshor grid,5: offshor grid,
5,offshor grid,5: offshor grid,
5,offshor grid,5: offshor grid,
5,offshor grid,5: offshor grid,
5,offshor grid,5: offshor grid,
5,offshor grid,5: offshor grid,
5,offshor grid,5: offshor grid,
5,offshor grid,5: offshor grid,
5,offshor grid,5: offshor grid,
5,offshor grid,5: offshor grid,
5,offshor grid,5: offshor grid,
5,offshor grid,5: offshor grid,
5,offshor grid,5: offshor grid,
5,offshor grid,5: offshor grid,
5,offshor grid,5: offshor grid,
5,offshor grid,5: offshor grid,
5,offshor grid,5: offshor grid,
5,offshor grid,5: offshor grid,
5,offshor grid,5: offshor grid,
5,offshor grid,5: offshor grid,
5,offshor grid,5: offshor grid,
5,offshor grid,5: offshor grid,
5,offshor grid,5: offshor grid,
5,offshor grid,5: offshor grid,
5,offshor grid,5: offshor grid,
5,offshor grid,5: offshor grid,
5,offshor grid,5: offshor grid,
5,offshor grid,5: offshor grid,
5,offshor grid,5: offshor grid,
5,offshor grid,5: offshor grid,
5,offshor grid,5: offshor grid,
5,offshor grid,5: offshor grid,
5,offshor grid,5: offshor grid,
5,offshor grid,5: offshor grid,
5,offshor grid,5: offshor grid,
5,offshor grid,5: offshor grid,
5,offshor grid,5: offshor grid,
5,offshor grid,5: offshor grid,
5,offshor grid,5: offshor grid,
5,offshor grid,5: offshor grid,
5,offshor grid,5: offshor grid,
5,offshor grid,5: offshor grid,
5,offshor grid,5: offshor grid,
5,offshor grid,5: offshor grid,
5,offshor grid,5: offshor grid,
5,offshor grid,5: offshor grid,
5,offshor grid,5: offshor grid,
5,offshor grid,5: offshor grid,
5,offshor grid,5: offshor grid,
5,offshor grid,5: offshor grid,
5,offshor grid,5: offshor grid,
5,offshor grid,5: offshor grid,
5,offshor grid,5: offshor grid,
5,offshor grid,5: offshor grid,
5,offshor grid,5: offshor grid,
5,offshor grid,5: offshor grid,
5,offshor grid,5: offshor grid,
5,offshor grid,5: offshor grid,
5,offshor grid,5: offshor grid,
5,offshor grid,5: offshor grid,
5,offshor grid,5: offshor grid,
5,offshor grid,5: offshor grid,
5,offshor grid,5: offshor grid,
5,offshor grid,5: offshor grid,
5,offshor grid,5: offshor grid,
5,offshor grid,5: offshor grid,
5,offshor grid,5: offshor grid,
5,offshor grid,5: offshor grid,
5,offshor grid,5: offshor grid,
5,offshor grid,5: offshor grid,
5,offshor grid,5: offshor grid,
5,offshor grid,5: offshor grid,
5,offshor grid,5: offshor grid,
5,offshor grid,5: offshor grid,
5,offshor grid,5: offshor grid,
5,offshor grid,5: offshor grid,
5,offshor grid,5: offshor grid,
5,offshor grid,5: offshor grid,
5,offshor grid,5: offshor grid,
5,offshor grid,5: offshor grid,
5,offshor grid,5: offshor grid,
5,offshor grid,5: offshor grid,
5,offshor grid,5: offshor grid,
5,offshor grid,5: offshor grid,
5,offshor grid,5: offshor grid,
5,offshor grid,5: offshor grid,
5,offshor grid,5: offshor grid,
5,offshor grid,5: offshor grid,
5,offshor grid,5: offshor grid,
5,offshor grid,5: offshor grid,
5,offshor grid,5: offshor grid,
5,offshor grid,5: offshor grid,
5,offshor grid,5: offshor grid,
5,offshor grid,5: offshor grid,
5,offshor grid,5: offshor grid,
5,offshor grid,5: offshor grid,
5,offshor grid,5: offshor grid,
5,offshor grid,5: offshor grid,
5,offshor grid,5: offshor grid,
5,offshor grid,5: offshor grid,
5,offshor grid,5: offshor grid,
5,offshor grid,5: offshor grid,
5,offshor grid,5: offshor grid,
5,offshor grid,5: offshor grid,
5,offshor grid,5: offshor grid,
5,offshor grid,5: offshor grid,
5,offshor grid,5: offshor grid,
5,offshor grid,5: offshor grid,
5,offshor grid,5: offshor grid,
5,offshor grid,5: offshor grid,
5,offshor grid,5: offshor grid,
5,offshor grid,5: offshor grid,
5,offshor grid,5: offshor grid,
5,offshor grid,5: offshor grid,
5,offshor grid,5: offshor grid,
5,offshor grid,5: offshor grid,
5,offshor grid,5: offshor grid,
5,offshor grid,5: offshor grid,
5,offshor grid,5: offshor grid,
5,offshor grid,5: offshor grid,
5,offshor grid,5: offshor grid,
5,offshor grid,5: offshor grid,
5,offshor grid,5: offshor grid,
5,offshor grid,5: offshor grid,
5,offshor grid,5: offshor grid,
5,offshor grid,5: offshor grid,
5,offshor grid,5: offshor grid,
5,offshor grid,5: offshor grid,
5,offshor grid,5: offshor grid,
5,offshor grid,5: offshor grid,
5,offshor grid,5: offshor grid,
5,offshor grid,5: offshor grid,
5,offshor grid,5: offshor grid,
5,offshor grid,5: offshor grid,
5,offshor grid,5: offshor grid,
5,offshor grid,5: offshor grid,
5,offshor grid,5: offshor grid,
5,offshor grid,5: offshor grid,
5,offshor grid,5: offshor grid,
5,offshor grid,5: offshor grid,
5,offshor grid,5: offshor grid,
5,offshor grid,5: offshor grid,
5,offshor grid,5: offshor grid,
5,offshor grid,5: offshor grid,
5,offshor grid,5: offshor grid,
5,offshor grid,5: offshor grid,
5,offshor grid,5: offshor grid,
5,offshor grid,5: offshor grid,
5,offshor grid,5: offshor grid,
5,offshor grid,5: offshor grid,
5,offshor grid,5: offshor grid,
5,offshor grid,5: offshor grid,
5,offshor grid,5: offshor grid,
5,offshor grid,5: offshor grid,
5,offshor grid,5: offshor grid,
5,offshor grid,5: offshor grid,
5,offshor grid,5: offshor grid,
5,offshor grid,5: offshor grid,
5,offshor grid,5: offshor grid,
5,offshor grid,5: offshor grid,
5,offshor grid,5: offshor grid,
5,offshor grid,5: offshor grid,
5,offshor grid,5: offshor grid,
5,offshor grid,5: offshor grid,
5,offshor grid,5: offshor grid,
5,offshor grid,5: offshor grid,
5,offshor grid,5: offshor grid,
5,offshor grid,5: offshor grid,
5,offshor grid,5: offshor grid,
5,offshor grid,5: offshor grid,
5,offshor grid,5: offshor grid,
5,offshor grid,5: offshor grid,
5,offshor grid,5: offshor grid,
5,offshor grid,5: offshor grid,
5,offshor grid,5: offshor grid,
5,offshor grid,5: offshor grid,
5,offshor grid,5: offshor grid,
5,offshor grid,5: offshor grid,
5,offshor grid,5: offshor grid,
5,offshor grid,5: offshor grid,
5,offshor grid,5: offshor grid,
5,offshor grid,5: offshor grid,
5,offshor grid,5: offshor grid,
5,offshor grid,5: offshor grid,
5,offshor grid,5: offshor grid,
5,offshor grid,5: offshor grid,
5,offshor grid,5: offshor grid,
5,offshor grid,5: offshor grid,
5,offshor grid,5: offshor grid,
5,offshor grid,5: offshor grid,
5,offshor grid,5: offshor grid,
5,offshor grid,5: offshor grid,
5,offshor grid,5: offshor grid,
5,offshor grid,5: offshor grid,
5,offshor grid,5: offshor grid,
5,offshor grid,5: offshor grid,
5,offshor grid,5: offshor grid,
5,offshor grid,5: offshor grid,
5,offshor grid,5: offshor grid,
5,offshor grid,5: offshor grid,
5,offshor grid,5: offshor grid,
5,offshor grid,5: offshor grid,
5,offshor grid,5: offshor grid,
5,offshor grid,5: offshor grid,
5,offshor grid,5: offshor grid,
5,offshor grid,5: offshor grid,
5,offshor grid,5: offshor grid,
5,offshor grid,5: offshor grid,
5,offshor grid,5: offshor grid,
5,offshor grid,5: offshor grid,
5,offshor grid,5: offshor grid,
5,offshor grid,5: offshor grid,
5,offshor grid,5: offshor grid,
5,offshor grid,5: offshor grid,
5,offshor grid,5: offshor grid,
5,offshor grid,5: offshor grid,
5,offshor grid,5: offshor grid,
5,offshor grid,5: offshor grid,
5,offshor grid,5: offshor grid,
5,offshor grid,5: offshor grid,
5,offshor grid,5: offshor grid,
5,offshor grid,5: offshor grid,
5,offshor grid,5: offshor grid,
5,offshor grid,5: offshor grid,
5,offshor grid,5: offshor grid,
5,offshor grid,5: offshor grid,
5,offshor grid,5: offshor grid,
5,offshor grid,5: offshor grid,
5,offshor grid,5: offshor grid,
5,offshor grid,5: offshor grid,
5,offshor grid,5: offshor grid,
5,offshor grid,5: offshor grid,
5,offshor grid,5: offshor grid,
5,offshor grid,5: offshor grid,
5,offshor grid,5: offshor grid,
5,offshor grid,5: offshor grid,
5,offshor grid,5: offshor grid,
5,offshor grid,5: offshor grid,
5,offshor grid,5: offshor grid,
5,offshor grid,5: offshor grid,
5,offshor grid,5: offshor grid,
5,offshor grid,5: offshor grid,
5,offshor grid,5: offshor grid,
5,offshor grid,5: offshor grid,
5,offshor grid,5: offshor grid,
5,offshor grid,5: offshor grid,
5,offshor grid,5: offshor grid,
5,offshor grid,5: offshor grid,
5,offshor grid,5: offshor grid,
5,offshor grid,5: offshor grid,
5,offshor grid,5: offshor grid,
5,offshor grid,5: offshor grid,
5,offshor grid,5: offshor grid,
5,offshor grid,5: offshor grid,
5,offshor grid,5: offshor grid,
5,offshor grid,5: offshor grid,
5,offshor grid,5: offshor grid,
5,offshor grid,5: offshor grid,
5,offshor grid,5: offshor grid,
5,offshor grid,5: offshor grid,
5,offshor grid,5: offshor grid,
5,offshor grid,5: offshor grid,
5,offshor grid,5: offshor grid,
5,offshor grid,5: offshor grid,
5,offshor grid,5: offshor grid,
5,offshor grid,5: offshor grid,
5,offshor grid,5: offshor grid,
5,offshor grid,5: offshor grid,
5,offshor grid,5: offshor grid,
5,offshor grid,5: offshor grid,
5,offshor grid,5: offshor grid,
5,offshor grid,5: offshor grid,
5,offshor grid,5: offshor grid,
5,offshor grid,5: offshor grid,
5,offshor grid,5: offshor grid,
5,offshor grid,5: offshor grid,
5,offshor grid,5: offshor grid,
5,offshor grid,5: offshor grid,
5,offshor grid,5: offshor grid,
5,offshor grid,5: offshor grid,
5,offshor grid,5: offshor grid,
5,offshor grid,5: offshor grid,
5,offshor grid,5: offshor grid,
5,offshor grid,5: offshor grid,
5,offshor grid,5: offshor grid,
5,offshor grid,5: offshor grid,
5,offshor grid,5: offshor grid,
5,offshor grid,5: offshor grid,
5,offshor grid,5: offshor grid,
5,offshor grid,5: offshor grid,
5,offshor grid,5: offshor grid,
5,offshor grid,5: offshor grid,
5,offshor grid,5: offshor grid,
5,offshor grid,5: offshor grid,
5,offshor grid,5: offshor grid,
5,offshor grid,5: offshor grid,
5,offshor grid,5: offshor grid,
5,offshor grid,5: offshor grid,
5,offshor grid,5: offshor grid,
5,offshor grid,5: offshor grid,
5,offshor grid,5: offshor grid,
5,offshor grid,5: offshor grid,
5,offshor grid,5: offshor grid,
5,offshor grid,5: offshor grid,
5,offshor grid,5: offshor grid,
5,offshor grid,5: offshor grid,
5,offshor grid,5: offshor grid,
5,offshor grid,5: offshor grid,
5,offshor grid,5: offshor grid,
5,offshor grid,5: offshor grid,
5,offshor grid,5: offshor grid,
5,offshor grid,5: offshor grid,
5,offshor grid,5: offshor grid,
9,wind farm,9: wind farm,
9,wind farm,9: wind farm,
9,wind farm,9: wind farm,
9,wind farm,9: wind farm,
9,wind farm,9: wind farm,
9,wind farm,9: wind farm,
9,wind farm,9: wind farm,
9,wind farm,9: wind farm,
9,wind farm,9: wind farm,
9,wind farm,9: wind farm,
9,wind farm,9: wind farm,
9,wind farm,9: wind farm,
9,wind farm,9: wind farm,
9,wind farm,9: wind farm,
9,wind farm,9: wind farm,
9,wind farm,9: wind farm,
9,wind farm,9: wind farm,
9,wind farm,9: wind farm,
9,wind farm,9: wind farm,
9,wind farm,9: wind farm,
9,wind farm,9: wind farm,
9,wind farm,9: wind farm,
9,wind farm,9: wind farm,
9,wind farm,9: wind farm,
9,wind farm,9: wind farm,
9,wind farm,9: wind farm,
9,wind farm,9: wind farm,
9,wind farm,9: wind farm,
9,wind farm,9: wind farm,
9,wind farm,9: wind farm,
9,wind farm,9: wind farm,
9,wind farm,9: wind farm,
9,wind farm,9: wind farm,
9,wind farm,9: wind farm,
9,wind farm,9: wind farm,
9,wind farm,9: wind farm,
9,wind farm,9: wind farm,
9,wind farm,9: wind farm,
9,wind farm,9: wind farm,
9,wind farm,9: wind farm,
9,wind farm,9: wind farm,
9,wind farm,9: wind farm,
9,wind farm,9: wind farm,
9,wind farm,9: wind farm,
9,wind farm,9: wind farm,
9,wind farm,9: wind farm,
9,wind farm,9: wind farm,
9,wind farm,9: wind farm,
9,wind farm,9: wind farm,
9,wind farm,9: wind farm,
9,wind farm,9: wind farm,
9,wind farm,9: wind farm,
9,wind farm,9: wind farm,
9,wind farm,9: wind farm,
9,wind farm,9: wind farm,
9,wind farm,9: wind farm,
9,wind farm,9: wind farm,
9,wind farm,9: wind farm,
9,wind farm,9: wind farm,
9,wind farm,9: wind farm,
9,wind farm,9: wind farm,
9,wind farm,9: wind farm,
9,wind farm,9: wind farm,
9,wind farm,9: wind farm,
9,wind farm,9: wind farm,
9,wind farm,9: wind farm,
9,wind farm,9: wind farm,
9,wind farm,9: wind farm,
9,wind farm,9: wind farm,
9,wind farm,9: wind farm,
9,wind farm,9: wind farm,
9,wind farm,9: wind farm,
9,wind farm,9: wind farm,
9,wind farm,9: wind farm,
9,wind farm,9: wind farm,
9,wind farm,9: wind farm,
9,wind farm,9: wind farm,
9,wind farm,9: wind farm,
9,wind farm,9: wind farm,
9,wind farm,9: wind farm,
9,wind farm,9: wind farm,
9,wind farm,9: wind farm,
9,wind farm,9: wind farm,
9,wind farm,9: wind farm,
9,wind farm,9: wind farm,
9,wind farm,9: wind farm,
9,wind farm,9: wind farm,
9,wind farm,9: wind farm,
9,wind farm,9: wind farm,
9,wind farm,9: wind farm,
9,wind farm,9: wind farm,
9,wind farm,9: wind farm,
9,wind farm,9: wind farm,
9,wind farm,9: wind farm,
9,wind farm,9: wind farm,
9,wind farm,9: wind farm,
9,wind farm,9: wind farm,
9,wind farm,9: wind farm,
9,wind farm,9: wind farm,
9,wind farm,9: wind farm,
9,wind farm,9: wind farm,
9,wind farm,9: wind farm,
9,wind farm,9: wind farm,
9,wind farm,9: wind farm,
9,wind farm,9: wind farm,
9,wind farm,9: wind farm,
9,wind farm,9: wind farm,
9,wind farm,9: wind farm,
9,wind farm,9: wind farm,
9,wind farm,9: wind farm,
9,wind farm,9: wind farm,
9,wind farm,9: wind farm,
9,wind farm,9: wind farm,
9,wind farm,9: wind farm,
9,wind farm,9: wind farm,
9,wind farm,9: wind farm,
9,wind farm,9: wind farm,
9,wind farm,9: wind farm,
9,wind farm,9: wind farm,
9,wind farm,9: wind farm,
9,wind farm,9: wind farm,
9,wind farm,9: wind farm,
9,wind farm,9: wind farm,
9,wind farm,9: wind farm,
9,wind farm,9: wind farm,
9,wind farm,9: wind farm,
9,wind farm,9: wind farm,
9,wind farm,9: wind farm,
9,wind farm,9: wind farm,
9,wind farm,9: wind farm,
9,wind farm,9: wind farm,
9,wind farm,9: wind farm,
9,wind farm,9: wind farm,
9,wind farm,9: wind farm,
9,wind farm,9: wind farm,
9,wind farm,9: wind farm,
9,wind farm,9: wind farm,
9,wind farm,9: wind farm,
9,wind farm,9: wind farm,
9,wind farm,9: wind farm,
9,wind farm,9: wind farm,
9,wind farm,9: wind farm,
9,wind farm,9: wind farm,
9,wind farm,9: wind farm,
9,wind farm,9: wind farm,
9,wind farm,9: wind farm,
9,wind farm,9: wind farm,
9,wind farm,9: wind farm,
9,wind farm,9: wind farm,
9,wind farm,9: wind farm,
9,wind farm,9: wind farm,
9,wind farm,9: wind farm,
9,wind farm,9: wind farm,
9,wind farm,9: wind farm,
9,wind farm,9: wind farm,
9,wind farm,9: wind farm,
9,wind farm,9: wind farm,
9,wind farm,9: wind farm,
9,wind farm,9: wind farm,
9,wind farm,9: wind farm,
9,wind farm,9: wind farm,
9,wind farm,9: wind farm,
9,wind farm,9: wind farm,
9,wind farm,9: wind farm,
9,wind farm,9: wind farm,
9,wind farm,9: wind farm,
9,wind farm,9: wind farm,
9,wind farm,9: wind farm,
9,wind farm,9: wind farm,
9,wind farm,9: wind farm,
9,wind farm,9: wind farm,
9,wind farm,9: wind farm,
9,wind farm,9: wind farm,
9,wind farm,9: wind farm,
9,wind farm,9: wind farm,
9,wind farm,9: wind farm,
9,wind farm,9: wind farm,
9,wind farm,9: wind farm,
9,wind farm,9: wind farm,
9,wind farm,9: wind farm,
9,wind farm,9: wind farm,
9,wind farm,9: wind farm,
9,wind farm,9: wind farm,
9,wind farm,9: wind farm,
9,wind farm,9: wind farm,
9,wind farm,9: wind farm,
9,wind farm,9: wind farm,
9,wind farm,9: wind farm,
9,wind farm,9: wind farm,
9,wind farm,9: wind farm,
9,wind farm,9: wind farm,
9,wind farm,9: wind farm,
9,wind farm,9: wind farm,
9,wind farm,9: wind farm,
9,wind farm,9: wind farm,
9,wind farm,9: wind farm,
9,wind farm,9: wind farm,
9,wind farm,9: wind farm,
9,wind farm,9: wind farm,
9,wind farm,9: wind farm,
9,wind farm,9: wind farm,
9,wind farm,9: wind farm,
9,wind farm,9: wind farm,
9,wind farm,9: wind farm,
9,wind farm,9: wind farm,
9,wind farm,9: wind farm,
9,wind farm,9: wind farm,
9,wind farm,9: wind farm,
9,wind farm,9: wind farm,
9,wind farm,9: wind farm,
9,wind farm,9: wind farm,
9,wind farm,9: wind farm,
9,wind farm,9: wind farm,
9,wind farm,9: wind farm,
9,wind farm,9: wind farm,
9,wind farm,9: wind farm,
9,wind farm,9: wind farm,
9,wind farm,9: wind farm,
9,wind farm,9: wind farm,
9,wind farm,9: wind farm,
9,wind farm,9: wind farm,
9,wind farm,9: wind farm,
9,wind farm,9: wind farm,
9,wind farm,9: wind farm,
9,wind farm,9: wind farm,
9,wind farm,9: wind farm,
9,wind farm,9: wind farm,
9,wind farm,9: wind farm,
9,wind farm,9: wind farm,
9,wind farm,9: wind farm,
9,wind farm,9: wind farm,
9,wind farm,9: wind farm,
9,wind farm,9: wind farm,
9,wind farm,9: wind farm,
9,wind farm,9: wind farm,
9,wind farm,9: wind farm,
9,wind farm,9: wind farm,
9,wind farm,9: wind farm,
9,wind farm,9: wind farm,
9,wind farm,9: wind farm,
9,wind farm,9: wind farm,
9,wind farm,9: wind farm,
9,wind farm,9: wind farm,
9,wind farm,9: wind farm,
9,wind farm,9: wind farm,
9,wind farm,9: wind farm,
9,wind farm,9: wind farm,
9,wind farm,9: wind farm,
9,wind farm,9: wind farm,
9,wind farm,9: wind farm,
9,wind farm,9: wind farm,
9,wind farm,9: wind farm,
9,wind farm,9: wind farm,
9,wind farm,9: wind farm,
9,wind farm,9: wind farm,
9,wind farm,9: wind farm,
9,wind farm,9: wind farm,
9,wind farm,9: wind farm,
9,wind farm,9: wind farm,
9,wind farm,9: wind farm,
9,wind farm,9: wind farm,
9,wind farm,9: wind farm,
9,wind farm,9: wind farm,
9,wind farm,9: wind farm,
9,wind farm,9: wind farm,
9,wind farm,9: wind farm,
9,wind farm,9: wind farm,
9,wind farm,9: wind farm,
9,wind farm,9: wind farm,
9,wind farm,9: wind farm,
9,wind farm,9: wind farm,
9,wind farm,9: wind farm,
9,wind farm,9: wind farm,
9,wind farm,9: wind farm,
9,wind farm,9: wind farm,
9,wind farm,9: wind farm,
9,wind farm,9: wind farm,
9,wind farm,9: wind farm,
9,wind farm,9: wind farm,
9,wind farm,9: wind farm,
9,wind farm,9: wind farm,
9,wind farm,9: wind farm,
9,wind farm,9: wind farm,
9,wind farm,9: wind farm,
9,wind farm,9: wind farm,
9,wind farm,9: wind farm,
9,wind farm,9: wind farm,
9,wind farm,9: wind farm,
9,wind farm,9: wind farm,
9,wind farm,9: wind farm,
9,wind farm,9: wind farm,
9,wind farm,9: wind farm,
9,wind farm,9: wind farm,
9,wind farm,9: wind farm,
9,wind farm,9: wind farm,
9,wind farm,9: wind farm,
9,wind farm,9: wind farm,
9,wind farm,9: wind farm,
9,wind farm,9: wind farm,
9,wind farm,9: wind farm,
9,wind farm,9: wind farm,
9,wind farm,9: wind farm,
9,wind farm,9: wind farm,
9,wind farm,9: wind farm,
9,wind farm,9: wind farm,
9,wind farm,9: wind farm,
9,wind farm,9: wind farm,
9,wind farm,9: wind farm,
9,wind farm,9: wind farm,
9,wind farm,9: wind farm,
9,wind farm,9: wind farm,
9,wind farm,9: wind farm,
9,wind farm,9: wind farm,
9,wind farm,9: wind farm,
9,wind farm,9: wind farm,
9,wind farm,9: wind farm,
9,wind farm,9: wind farm,
9,wind farm,9: wind farm,
9,wind farm,9: wind farm,
9,wind farm,9: wind farm,
9,wind farm,9: wind farm,
9,wind farm,9: wind farm,
1,abstract avail,1: abstract avail,
1,abstract avail,1: abstract avail,
1,abstract avail,1: abstract avail,
1,abstract avail,1: abstract avail,
1,abstract avail,1: abstract avail,
1,abstract avail,1: abstract avail,
1,abstract avail,1: abstract avail,
1,abstract avail,1: abstract avail,
1,abstract avail,1: abstract avail,
1,abstract avail,1: abstract avail,
1,abstract avail,1: abstract avail,
1,abstract avail,1: abstract avail,
1,abstract avail,1: abstract avail,
1,abstract avail,1: abstract avail,
1,abstract avail,1: abstract avail,
1,abstract avail,1: abstract avail,
1,abstract avail,1: abstract avail,
1,abstract avail,1: abstract avail,
1,abstract avail,1: abstract avail,
1,abstract avail,1: abstract avail,
1,abstract avail,1: abstract avail,
1,abstract avail,1: abstract avail,
1,abstract avail,1: abstract avail,
1,abstract avail,1: abstract avail,
1,abstract avail,1: abstract avail,
1,abstract avail,1: abstract avail,
1,abstract avail,1: abstract avail,
1,abstract avail,1: abstract avail,
1,abstract avail,1: abstract avail,
1,abstract avail,1: abstract avail,
1,abstract avail,1: abstract avail,
1,abstract avail,1: abstract avail,
1,abstract avail,1: abstract avail,
1,abstract avail,1: abstract avail,
1,abstract avail,1: abstract avail,
1,abstract avail,1: abstract avail,
1,abstract avail,1: abstract avail,
1,abstract avail,1: abstract avail,
1,abstract avail,1: abstract avail,
1,abstract avail,1: abstract avail,
1,abstract avail,1: abstract avail,
1,abstract avail,1: abstract avail,
1,abstract avail,1: abstract avail,
1,abstract avail,1: abstract avail,
1,abstract avail,1: abstract avail,
1,abstract avail,1: abstract avail,
1,abstract avail,1: abstract avail,
1,abstract avail,1: abstract avail,
1,abstract avail,1: abstract avail,
1,abstract avail,1: abstract avail,
1,abstract avail,1: abstract avail,
1,abstract avail,1: abstract avail,
1,abstract avail,1: abstract avail,
1,abstract avail,1: abstract avail,
1,abstract avail,1: abstract avail,
1,abstract avail,1: abstract avail,
1,abstract avail,1: abstract avail,
1,abstract avail,1: abstract avail,
1,abstract avail,1: abstract avail,
1,abstract avail,1: abstract avail,
1,abstract avail,1: abstract avail,
1,abstract avail,1: abstract avail,
1,abstract avail,1: abstract avail,
1,abstract avail,1: abstract avail,
1,abstract avail,1: abstract avail,
1,abstract avail,1: abstract avail,
1,abstract avail,1: abstract avail,
1,abstract avail,1: abstract avail,
1,abstract avail,1: abstract avail,
1,abstract avail,1: abstract avail,
1,abstract avail,1: abstract avail,
1,abstract avail,1: abstract avail,
1,abstract avail,1: abstract avail,
1,abstract avail,1: abstract avail,
1,abstract avail,1: abstract avail,
1,abstract avail,1: abstract avail,
1,abstract avail,1: abstract avail,
1,abstract avail,1: abstract avail,
1,abstract avail,1: abstract avail,
1,abstract avail,1: abstract avail,
1,abstract avail,1: abstract avail,
9,wind farm,9: wind farm,
9,wind farm,9: wind farm,
9,wind farm,9: wind farm,
9,wind farm,9: wind farm,
9,wind farm,9: wind farm,
9,wind farm,9: wind farm,
9,wind farm,9: wind farm,
9,wind farm,9: wind farm,
9,wind farm,9: wind farm,
9,wind farm,9: wind farm,
9,wind farm,9: wind farm,
9,wind farm,9: wind farm,
9,wind farm,9: wind farm,
9,wind farm,9: wind farm,
9,wind farm,9: wind farm,
9,wind farm,9: wind farm,
9,wind farm,9: wind farm,
9,wind farm,9: wind farm,
9,wind farm,9: wind farm,
9,wind farm,9: wind farm,
9,wind farm,9: wind farm,
9,wind farm,9: wind farm,
9,wind farm,9: wind farm,
9,wind farm,9: wind farm,
9,wind farm,9: wind farm,
9,wind farm,9: wind farm,
9,wind farm,9: wind farm,
9,wind farm,9: wind farm,
9,wind farm,9: wind farm,
9,wind farm,9: wind farm,
9,wind farm,9: wind farm,
9,wind farm,9: wind farm,
9,wind farm,9: wind farm,
9,wind farm,9: wind farm,
9,wind farm,9: wind farm,
9,wind farm,9: wind farm,
9,wind farm,9: wind farm,
9,wind farm,9: wind farm,
9,wind farm,9: wind farm,
9,wind farm,9: wind farm,
9,wind farm,9: wind farm,
9,wind farm,9: wind farm,
9,wind farm,9: wind farm,
9,wind farm,9: wind farm,
9,wind farm,9: wind farm,
9,wind farm,9: wind farm,
9,wind farm,9: wind farm,
9,wind farm,9: wind farm,
9,wind farm,9: wind farm,
9,wind farm,9: wind farm,
9,wind farm,9: wind farm,
9,wind farm,9: wind farm,
9,wind farm,9: wind farm,
9,wind farm,9: wind farm,
9,wind farm,9: wind farm,
9,wind farm,9: wind farm,
9,wind farm,9: wind farm,
9,wind farm,9: wind farm,
9,wind farm,9: wind farm,
9,wind farm,9: wind farm,
9,wind farm,9: wind farm,
9,wind farm,9: wind farm,
9,wind farm,9: wind farm,
9,wind farm,9: wind farm,
9,wind farm,9: wind farm,
9,wind farm,9: wind farm,
9,wind farm,9: wind farm,
9,wind farm,9: wind farm,
9,wind farm,9: wind farm,
9,wind farm,9: wind farm,
9,wind farm,9: wind farm,
9,wind farm,9: wind farm,
9,wind farm,9: wind farm,
9,wind farm,9: wind farm,
9,wind farm,9: wind farm,
9,wind farm,9: wind farm,
9,wind farm,9: wind farm,
9,wind farm,9: wind farm,
9,wind farm,9: wind farm,
9,wind farm,9: wind farm,
9,wind farm,9: wind farm,
9,wind farm,9: wind farm,
9,wind farm,9: wind farm,
9,wind farm,9: wind farm,
9,wind farm,9: wind farm,
9,wind farm,9: wind farm,
9,wind farm,9: wind farm,
9,wind farm,9: wind farm,
9,wind farm,9: wind farm,
9,wind farm,9: wind farm,
9,wind farm,9: wind farm,
9,wind farm,9: wind farm,
9,wind farm,9: wind farm,
9,wind farm,9: wind farm,
9,wind farm,9: wind farm,
9,wind farm,9: wind farm,
9,wind farm,9: wind farm,
9,wind farm,9: wind farm,
9,wind farm,9: wind farm,
9,wind farm,9: wind farm,
9,wind farm,9: wind farm,
9,wind farm,9: wind farm,
9,wind farm,9: wind farm,
9,wind farm,9: wind farm,
9,wind farm,9: wind farm,
9,wind farm,9: wind farm,
9,wind farm,9: wind farm,
9,wind farm,9: wind farm,
9,wind farm,9: wind farm,
9,wind farm,9: wind farm,
9,wind farm,9: wind farm,
9,wind farm,9: wind farm,
9,wind farm,9: wind farm,
9,wind farm,9: wind farm,
9,wind farm,9: wind farm,
9,wind farm,9: wind farm,
9,wind farm,9: wind farm,
9,wind farm,9: wind farm,
9,wind farm,9: wind farm,
9,wind farm,9: wind farm,
9,wind farm,9: wind farm,
9,wind farm,9: wind farm,
9,wind farm,9: wind farm,
9,wind farm,9: wind farm,
9,wind farm,9: wind farm,
9,wind farm,9: wind farm,
9,wind farm,9: wind farm,
9,wind farm,9: wind farm,
9,wind farm,9: wind farm,
9,wind farm,9: wind farm,
9,wind farm,9: wind farm,
9,wind farm,9: wind farm,
9,wind farm,9: wind farm,
9,wind farm,9: wind farm,
9,wind farm,9: wind farm,
9,wind farm,9: wind farm,
9,wind farm,9: wind farm,
9,wind farm,9: wind farm,
9,wind farm,9: wind farm,
9,wind farm,9: wind farm,
9,wind farm,9: wind farm,
9,wind farm,9: wind farm,
9,wind farm,9: wind farm,
9,wind farm,9: wind farm,
9,wind farm,9: wind farm,
9,wind farm,9: wind farm,
9,wind farm,9: wind farm,
9,wind farm,9: wind farm,
9,wind farm,9: wind farm,
9,wind farm,9: wind farm,
9,wind farm,9: wind farm,
9,wind farm,9: wind farm,
9,wind farm,9: wind farm,
9,wind farm,9: wind farm,
9,wind farm,9: wind farm,
9,wind farm,9: wind farm,
9,wind farm,9: wind farm,
9,wind farm,9: wind farm,
9,wind farm,9: wind farm,
9,wind farm,9: wind farm,
9,wind farm,9: wind farm,
5,offshor grid,5: offshor grid,
5,offshor grid,5: offshor grid,
5,offshor grid,5: offshor grid,
5,offshor grid,5: offshor grid,
5,offshor grid,5: offshor grid,
5,offshor grid,5: offshor grid,
5,offshor grid,5: offshor grid,
5,offshor grid,5: offshor grid,
5,offshor grid,5: offshor grid,
5,offshor grid,5: offshor grid,
5,offshor grid,5: offshor grid,
5,offshor grid,5: offshor grid,
5,offshor grid,5: offshor grid,
5,offshor grid,5: offshor grid,
5,offshor grid,5: offshor grid,
5,offshor grid,5: offshor grid,
5,offshor grid,5: offshor grid,
5,offshor grid,5: offshor grid,
5,offshor grid,5: offshor grid,
5,offshor grid,5: offshor grid,
5,offshor grid,5: offshor grid,
5,offshor grid,5: offshor grid,
5,offshor grid,5: offshor grid,
5,offshor grid,5: offshor grid,
5,offshor grid,5: offshor grid,
5,offshor grid,5: offshor grid,
5,offshor grid,5: offshor grid,
5,offshor grid,5: offshor grid,
5,offshor grid,5: offshor grid,
5,offshor grid,5: offshor grid,
5,offshor grid,5: offshor grid,
5,offshor grid,5: offshor grid,
5,offshor grid,5: offshor grid,
5,offshor grid,5: offshor grid,
5,offshor grid,5: offshor grid,
5,offshor grid,5: offshor grid,
5,offshor grid,5: offshor grid,
5,offshor grid,5: offshor grid,
5,offshor grid,5: offshor grid,
5,offshor grid,5: offshor grid,
5,offshor grid,5: offshor grid,
5,offshor grid,5: offshor grid,
5,offshor grid,5: offshor grid,
5,offshor grid,5: offshor grid,
5,offshor grid,5: offshor grid,
5,offshor grid,5: offshor grid,
5,offshor grid,5: offshor grid,
5,offshor grid,5: offshor grid,
5,offshor grid,5: offshor grid,
5,offshor grid,5: offshor grid,
5,offshor grid,5: offshor grid,
5,offshor grid,5: offshor grid,
5,offshor grid,5: offshor grid,
5,offshor grid,5: offshor grid,
5,offshor grid,5: offshor grid,
5,offshor grid,5: offshor grid,
5,offshor grid,5: offshor grid,
5,offshor grid,5: offshor grid,
5,offshor grid,5: offshor grid,
5,offshor grid,5: offshor grid,
5,offshor grid,5: offshor grid,
5,offshor grid,5: offshor grid,
5,offshor grid,5: offshor grid,
5,offshor grid,5: offshor grid,
5,offshor grid,5: offshor grid,
5,offshor grid,5: offshor grid,
5,offshor grid,5: offshor grid,
5,offshor grid,5: offshor grid,
5,offshor grid,5: offshor grid,
5,offshor grid,5: offshor grid,
5,offshor grid,5: offshor grid,
5,offshor grid,5: offshor grid,
5,offshor grid,5: offshor grid,
5,offshor grid,5: offshor grid,
5,offshor grid,5: offshor grid,
5,offshor grid,5: offshor grid,
5,offshor grid,5: offshor grid,
5,offshor grid,5: offshor grid,
5,offshor grid,5: offshor grid,
5,offshor grid,5: offshor grid,
5,offshor grid,5: offshor grid,
5,offshor grid,5: offshor grid,
5,offshor grid,5: offshor grid,
5,offshor grid,5: offshor grid,
5,offshor grid,5: offshor grid,
5,offshor grid,5: offshor grid,
5,offshor grid,5: offshor grid,
5,offshor grid,5: offshor grid,
5,offshor grid,5: offshor grid,
5,offshor grid,5: offshor grid,
5,offshor grid,5: offshor grid,
5,offshor grid,5: offshor grid,
5,offshor grid,5: offshor grid,
5,offshor grid,5: offshor grid,
5,offshor grid,5: offshor grid,
5,offshor grid,5: offshor grid,
5,offshor grid,5: offshor grid,
5,offshor grid,5: offshor grid,
5,offshor grid,5: offshor grid,
5,offshor grid,5: offshor grid,
5,offshor grid,5: offshor grid,
5,offshor grid,5: offshor grid,
5,offshor grid,5: offshor grid,
5,offshor grid,5: offshor grid,
5,offshor grid,5: offshor grid,
5,offshor grid,5: offshor grid,
5,offshor grid,5: offshor grid,
5,offshor grid,5: offshor grid,
5,offshor grid,5: offshor grid,
5,offshor grid,5: offshor grid,
5,offshor grid,5: offshor grid,
5,offshor grid,5: offshor grid,
5,offshor grid,5: offshor grid,
5,offshor grid,5: offshor grid,
5,offshor grid,5: offshor grid,
5,offshor grid,5: offshor grid,
5,offshor grid,5: offshor grid,
5,offshor grid,5: offshor grid,
5,offshor grid,5: offshor grid,
5,offshor grid,5: offshor grid,
5,offshor grid,5: offshor grid,
5,offshor grid,5: offshor grid,
5,offshor grid,5: offshor grid,
5,offshor grid,5: offshor grid,
5,offshor grid,5: offshor grid,
5,offshor grid,5: offshor grid,
5,offshor grid,5: offshor grid,
5,offshor grid,5: offshor grid,
5,offshor grid,5: offshor grid,
5,offshor grid,5: offshor grid,
5,offshor grid,5: offshor grid,
5,offshor grid,5: offshor grid,
5,offshor grid,5: offshor grid,
5,offshor grid,5: offshor grid,
5,offshor grid,5: offshor grid,
5,offshor grid,5: offshor grid,
5,offshor grid,5: offshor grid,
5,offshor grid,5: offshor grid,
5,offshor grid,5: offshor grid,
5,offshor grid,5: offshor grid,
5,offshor grid,5: offshor grid,
5,offshor grid,5: offshor grid,
5,offshor grid,5: offshor grid,
5,offshor grid,5: offshor grid,
5,offshor grid,5: offshor grid,
5,offshor grid,5: offshor grid,
5,offshor grid,5: offshor grid,
5,offshor grid,5: offshor grid,
5,offshor grid,5: offshor grid,
5,offshor grid,5: offshor grid,
5,offshor grid,5: offshor grid,
5,offshor grid,5: offshor grid,
5,offshor grid,5: offshor grid,
5,offshor grid,5: offshor grid,
5,offshor grid,5: offshor grid,
5,offshor grid,5: offshor grid,
5,offshor grid,5: offshor grid,
5,offshor grid,5: offshor grid,
5,offshor grid,5: offshor grid,
5,offshor grid,5: offshor grid,
5,offshor grid,5: offshor grid,
5,offshor grid,5: offshor grid,
5,offshor grid,5: offshor grid,
5,offshor grid,5: offshor grid,
5,offshor grid,5: offshor grid,
5,offshor grid,5: offshor grid,
5,offshor grid,5: offshor grid,
5,offshor grid,5: offshor grid,
5,offshor grid,5: offshor grid,
5,offshor grid,5: offshor grid,
5,offshor grid,5: offshor grid,
5,offshor grid,5: offshor grid,
5,offshor grid,5: offshor grid,
5,offshor grid,5: offshor grid,
5,offshor grid,5: offshor grid,
4,baltic sea,4: baltic sea,
4,baltic sea,4: baltic sea,
4,baltic sea,4: baltic sea,
4,baltic sea,4: baltic sea,
4,baltic sea,4: baltic sea,
4,baltic sea,4: baltic sea,
4,baltic sea,4: baltic sea,
4,baltic sea,4: baltic sea,
4,baltic sea,4: baltic sea,
4,baltic sea,4: baltic sea,
4,baltic sea,4: baltic sea,
4,baltic sea,4: baltic sea,
4,baltic sea,4: baltic sea,
4,baltic sea,4: baltic sea,
4,baltic sea,4: baltic sea,
4,baltic sea,4: baltic sea,
4,baltic sea,4: baltic sea,
4,baltic sea,4: baltic sea,
4,baltic sea,4: baltic sea,
4,baltic sea,4: baltic sea,
4,baltic sea,4: baltic sea,
4,baltic sea,4: baltic sea,
4,baltic sea,4: baltic sea,
4,baltic sea,4: baltic sea,
4,baltic sea,4: baltic sea,
4,baltic sea,4: baltic sea,
4,baltic sea,4: baltic sea,
4,baltic sea,4: baltic sea,
4,baltic sea,4: baltic sea,
4,baltic sea,4: baltic sea,
4,baltic sea,4: baltic sea,
4,baltic sea,4: baltic sea,
4,baltic sea,4: baltic sea,
4,baltic sea,4: baltic sea,
4,baltic sea,4: baltic sea,
4,baltic sea,4: baltic sea,
4,baltic sea,4: baltic sea,
4,baltic sea,4: baltic sea,
4,baltic sea,4: baltic sea,
4,baltic sea,4: baltic sea,
4,baltic sea,4: baltic sea,
4,baltic sea,4: baltic sea,
4,baltic sea,4: baltic sea,
4,baltic sea,4: baltic sea,
4,baltic sea,4: baltic sea,
4,baltic sea,4: baltic sea,
4,baltic sea,4: baltic sea,
4,baltic sea,4: baltic sea,
4,baltic sea,4: baltic sea,
4,baltic sea,4: baltic sea,
4,baltic sea,4: baltic sea,
4,baltic sea,4: baltic sea,
4,baltic sea,4: baltic sea,
4,baltic sea,4: baltic sea,
4,baltic sea,4: baltic sea,
4,baltic sea,4: baltic sea,
4,baltic sea,4: baltic sea,
4,baltic sea,4: baltic sea,
4,baltic sea,4: baltic sea,
4,baltic sea,4: baltic sea,
4,baltic sea,4: baltic sea,
4,baltic sea,4: baltic sea,
4,baltic sea,4: baltic sea,
4,baltic sea,4: baltic sea,
4,baltic sea,4: baltic sea,
4,baltic sea,4: baltic sea,
4,baltic sea,4: baltic sea,
4,baltic sea,4: baltic sea,
4,baltic sea,4: baltic sea,
4,baltic sea,4: baltic sea,
4,baltic sea,4: baltic sea,
4,baltic sea,4: baltic sea,
4,baltic sea,4: baltic sea,
4,baltic sea,4: baltic sea,
4,baltic sea,4: baltic sea,
4,baltic sea,4: baltic sea,
4,baltic sea,4: baltic sea,
4,baltic sea,4: baltic sea,
4,baltic sea,4: baltic sea,
4,baltic sea,4: baltic sea,
4,baltic sea,4: baltic sea,
4,baltic sea,4: baltic sea,
4,baltic sea,4: baltic sea,
4,baltic sea,4: baltic sea,
4,baltic sea,4: baltic sea,
4,baltic sea,4: baltic sea,
4,baltic sea,4: baltic sea,
4,baltic sea,4: baltic sea,
4,baltic sea,4: baltic sea,
4,baltic sea,4: baltic sea,
4,baltic sea,4: baltic sea,
4,baltic sea,4: baltic sea,
4,baltic sea,4: baltic sea,
4,baltic sea,4: baltic sea,
4,baltic sea,4: baltic sea,
4,baltic sea,4: baltic sea,
4,baltic sea,4: baltic sea,
4,baltic sea,4: baltic sea,
4,baltic sea,4: baltic sea,
4,baltic sea,4: baltic sea,
4,baltic sea,4: baltic sea,
4,baltic sea,4: baltic sea,
4,baltic sea,4: baltic sea,
4,baltic sea,4: baltic sea,
4,baltic sea,4: baltic sea,
4,baltic sea,4: baltic sea,
4,baltic sea,4: baltic sea,
4,baltic sea,4: baltic sea,
4,baltic sea,4: baltic sea,
4,baltic sea,4: baltic sea,
4,baltic sea,4: baltic sea,
4,baltic sea,4: baltic sea,
4,baltic sea,4: baltic sea,
4,baltic sea,4: baltic sea,
4,baltic sea,4: baltic sea,
4,baltic sea,4: baltic sea,
4,baltic sea,4: baltic sea,
4,baltic sea,4: baltic sea,
4,baltic sea,4: baltic sea,
4,baltic sea,4: baltic sea,
4,baltic sea,4: baltic sea,
4,baltic sea,4: baltic sea,
4,baltic sea,4: baltic sea,
4,baltic sea,4: baltic sea,
4,baltic sea,4: baltic sea,
4,baltic sea,4: baltic sea,
4,baltic sea,4: baltic sea,
4,baltic sea,4: baltic sea,
4,baltic sea,4: baltic sea,
4,baltic sea,4: baltic sea,
4,baltic sea,4: baltic sea,
4,baltic sea,4: baltic sea,
4,baltic sea,4: baltic sea,
4,baltic sea,4: baltic sea,
4,baltic sea,4: baltic sea,
4,baltic sea,4: baltic sea,
4,baltic sea,4: baltic sea,
4,baltic sea,4: baltic sea,
9,wind farm,9: wind farm,
9,wind farm,9: wind farm,
9,wind farm,9: wind farm,
9,wind farm,9: wind farm,
9,wind farm,9: wind farm,
9,wind farm,9: wind farm,
9,wind farm,9: wind farm,
9,wind farm,9: wind farm,
9,wind farm,9: wind farm,
9,wind farm,9: wind farm,
9,wind farm,9: wind farm,
9,wind farm,9: wind farm,
9,wind farm,9: wind farm,
9,wind farm,9: wind farm,
9,wind farm,9: wind farm,
9,wind farm,9: wind farm,
9,wind farm,9: wind farm,
9,wind farm,9: wind farm,
9,wind farm,9: wind farm,
9,wind farm,9: wind farm,
9,wind farm,9: wind farm,
9,wind farm,9: wind farm,
9,wind farm,9: wind farm,
9,wind farm,9: wind farm,
9,wind farm,9: wind farm,
9,wind farm,9: wind farm,
9,wind farm,9: wind farm,
9,wind farm,9: wind farm,
9,wind farm,9: wind farm,
9,wind farm,9: wind farm,
9,wind farm,9: wind farm,
9,wind farm,9: wind farm,
9,wind farm,9: wind farm,
9,wind farm,9: wind farm,
9,wind farm,9: wind farm,
9,wind farm,9: wind farm,
9,wind farm,9: wind farm,
9,wind farm,9: wind farm,
9,wind farm,9: wind farm,
9,wind farm,9: wind farm,
9,wind farm,9: wind farm,
9,wind farm,9: wind farm,
9,wind farm,9: wind farm,
9,wind farm,9: wind farm,
9,wind farm,9: wind farm,
9,wind farm,9: wind farm,
9,wind farm,9: wind farm,
9,wind farm,9: wind farm,
9,wind farm,9: wind farm,
9,wind farm,9: wind farm,
9,wind farm,9: wind farm,
9,wind farm,9: wind farm,
9,wind farm,9: wind farm,
9,wind farm,9: wind farm,
9,wind farm,9: wind farm,
9,wind farm,9: wind farm,
9,wind farm,9: wind farm,
9,wind farm,9: wind farm,
9,wind farm,9: wind farm,
9,wind farm,9: wind farm,
9,wind farm,9: wind farm,
9,wind farm,9: wind farm,
9,wind farm,9: wind farm,
9,wind farm,9: wind farm,
9,wind farm,9: wind farm,
9,wind farm,9: wind farm,
9,wind farm,9: wind farm,
9,wind farm,9: wind farm,
9,wind farm,9: wind farm,
9,wind farm,9: wind farm,
9,wind farm,9: wind farm,
9,wind farm,9: wind farm,
9,wind farm,9: wind farm,
9,wind farm,9: wind farm,
9,wind farm,9: wind farm,
9,wind farm,9: wind farm,
9,wind farm,9: wind farm,
9,wind farm,9: wind farm,
9,wind farm,9: wind farm,
9,wind farm,9: wind farm,
9,wind farm,9: wind farm,
9,wind farm,9: wind farm,
9,wind farm,9: wind farm,
9,wind farm,9: wind farm,
9,wind farm,9: wind farm,
9,wind farm,9: wind farm,
9,wind farm,9: wind farm,
9,wind farm,9: wind farm,
9,wind farm,9: wind farm,
9,wind farm,9: wind farm,
9,wind farm,9: wind farm,
9,wind farm,9: wind farm,
9,wind farm,9: wind farm,
9,wind farm,9: wind farm,
9,wind farm,9: wind farm,
9,wind farm,9: wind farm,
9,wind farm,9: wind farm,
9,wind farm,9: wind farm,
9,wind farm,9: wind farm,
9,wind farm,9: wind farm,
9,wind farm,9: wind farm,
9,wind farm,9: wind farm,
9,wind farm,9: wind farm,
9,wind farm,9: wind farm,
9,wind farm,9: wind farm,
9,wind farm,9: wind farm,
9,wind farm,9: wind farm,
9,wind farm,9: wind farm,
9,wind farm,9: wind farm,
9,wind farm,9: wind farm,
9,wind farm,9: wind farm,
9,wind farm,9: wind farm,
9,wind farm,9: wind farm,
9,wind farm,9: wind farm,
9,wind farm,9: wind farm,
9,wind farm,9: wind farm,
9,wind farm,9: wind farm,
9,wind farm,9: wind farm,
9,wind farm,9: wind farm,
9,wind farm,9: wind farm,
9,wind farm,9: wind farm,
9,wind farm,9: wind farm,
9,wind farm,9: wind farm,
9,wind farm,9: wind farm,
9,wind farm,9: wind farm,
9,wind farm,9: wind farm,
9,wind farm,9: wind farm,
9,wind farm,9: wind farm,
9,wind farm,9: wind farm,
9,wind farm,9: wind farm,
9,wind farm,9: wind farm,
9,wind farm,9: wind farm,
9,wind farm,9: wind farm,
9,wind farm,9: wind farm,
9,wind farm,9: wind farm,
9,wind farm,9: wind farm,
9,wind farm,9: wind farm,
9,wind farm,9: wind farm,
9,wind farm,9: wind farm,
9,wind farm,9: wind farm,
9,wind farm,9: wind farm,
9,wind farm,9: wind farm,
9,wind farm,9: wind farm,
9,wind farm,9: wind farm,
9,wind farm,9: wind farm,
9,wind farm,9: wind farm,
9,wind farm,9: wind farm,
9,wind farm,9: wind farm,
9,wind farm,9: wind farm,
9,wind farm,9: wind farm,
9,wind farm,9: wind farm,
9,wind farm,9: wind farm,
9,wind farm,9: wind farm,
9,wind farm,9: wind farm,
9,wind farm,9: wind farm,
9,wind farm,9: wind farm,
9,wind farm,9: wind farm,
9,wind farm,9: wind farm,
9,wind farm,9: wind farm,
9,wind farm,9: wind farm,
9,wind farm,9: wind farm,
7,renew energi,7: renew energi,
7,renew energi,7: renew energi,
7,renew energi,7: renew energi,
7,renew energi,7: renew energi,
7,renew energi,7: renew energi,
7,renew energi,7: renew energi,
7,renew energi,7: renew energi,
7,renew energi,7: renew energi,
7,renew energi,7: renew energi,
7,renew energi,7: renew energi,
7,renew energi,7: renew energi,
7,renew energi,7: renew energi,
7,renew energi,7: renew energi,
7,renew energi,7: renew energi,
7,renew energi,7: renew energi,
7,renew energi,7: renew energi,
7,renew energi,7: renew energi,
7,renew energi,7: renew energi,
7,renew energi,7: renew energi,
7,renew energi,7: renew energi,
7,renew energi,7: renew energi,
7,renew energi,7: renew energi,
7,renew energi,7: renew energi,
7,renew energi,7: renew energi,
7,renew energi,7: renew energi,
7,renew energi,7: renew energi,
7,renew energi,7: renew energi,
7,renew energi,7: renew energi,
7,renew energi,7: renew energi,
7,renew energi,7: renew energi,
7,renew energi,7: renew energi,
7,renew energi,7: renew energi,
7,renew energi,7: renew energi,
7,renew energi,7: renew energi,
7,renew energi,7: renew energi,
7,renew energi,7: renew energi,
7,renew energi,7: renew energi,
7,renew energi,7: renew energi,
7,renew energi,7: renew energi,
7,renew energi,7: renew energi,
7,renew energi,7: renew energi,
7,renew energi,7: renew energi,
7,renew energi,7: renew energi,
7,renew energi,7: renew energi,
7,renew energi,7: renew energi,
7,renew energi,7: renew energi,
7,renew energi,7: renew energi,
7,renew energi,7: renew energi,
7,renew energi,7: renew energi,
7,renew energi,7: renew energi,
7,renew energi,7: renew energi,
7,renew energi,7: renew energi,
7,renew energi,7: renew energi,
7,renew energi,7: renew energi,
7,renew energi,7: renew energi,
7,renew energi,7: renew energi,
7,renew energi,7: renew energi,
7,renew energi,7: renew energi,
7,renew energi,7: renew energi,
7,renew energi,7: renew energi,
7,renew energi,7: renew energi,
7,renew energi,7: renew energi,
7,renew energi,7: renew energi,
7,renew energi,7: renew energi,
7,renew energi,7: renew energi,
7,renew energi,7: renew energi,
7,renew energi,7: renew energi,
7,renew energi,7: renew energi,
7,renew energi,7: renew energi,
7,renew energi,7: renew energi,
7,renew energi,7: renew energi,
7,renew energi,7: renew energi,
7,renew energi,7: renew energi,
7,renew energi,7: renew energi,
7,renew energi,7: renew energi,
7,renew energi,7: renew energi,
7,renew energi,7: renew energi,
7,renew energi,7: renew energi,
7,renew energi,7: renew energi,
7,renew energi,7: renew energi,
7,renew energi,7: renew energi,
7,renew energi,7: renew energi,
7,renew energi,7: renew energi,
7,renew energi,7: renew energi,
7,renew energi,7: renew energi,
7,renew energi,7: renew energi,
7,renew energi,7: renew energi,
7,renew energi,7: renew energi,
7,renew energi,7: renew energi,
7,renew energi,7: renew energi,
7,renew energi,7: renew energi,
7,renew energi,7: renew energi,
7,renew energi,7: renew energi,
7,renew energi,7: renew energi,
7,renew energi,7: renew energi,
7,renew energi,7: renew energi,
7,renew energi,7: renew energi,
7,renew energi,7: renew energi,
7,renew energi,7: renew energi,
7,renew energi,7: renew energi,
7,renew energi,7: renew energi,
7,renew energi,7: renew energi,
7,renew energi,7: renew energi,
7,renew energi,7: renew energi,
7,renew energi,7: renew energi,
7,renew energi,7: renew energi,
7,renew energi,7: renew energi,
7,renew energi,7: renew energi,
7,renew energi,7: renew energi,
7,renew energi,7: renew energi,
7,renew energi,7: renew energi,
7,renew energi,7: renew energi,
7,renew energi,7: renew energi,
7,renew energi,7: renew energi,
7,renew energi,7: renew energi,
7,renew energi,7: renew energi,
7,renew energi,7: renew energi,
7,renew energi,7: renew energi,
7,renew energi,7: renew energi,
7,renew energi,7: renew energi,
7,renew energi,7: renew energi,
7,renew energi,7: renew energi,
7,renew energi,7: renew energi,
7,renew energi,7: renew energi,
7,renew energi,7: renew energi,
7,renew energi,7: renew energi,
7,renew energi,7: renew energi,
7,renew energi,7: renew energi,
7,renew energi,7: renew energi,
7,renew energi,7: renew energi,
7,renew energi,7: renew energi,
7,renew energi,7: renew energi,
7,renew energi,7: renew energi,
7,renew energi,7: renew energi,
7,renew energi,7: renew energi,
7,renew energi,7: renew energi,
7,renew energi,7: renew energi,
7,renew energi,7: renew energi,
7,renew energi,7: renew energi,
7,renew energi,7: renew energi,
7,renew energi,7: renew energi,
7,renew energi,7: renew energi,
7,renew energi,7: renew energi,
7,renew energi,7: renew energi,
7,renew energi,7: renew energi,
7,renew energi,7: renew energi,
5,offshor grid,5: offshor grid,
5,offshor grid,5: offshor grid,
5,offshor grid,5: offshor grid,
5,offshor grid,5: offshor grid,
5,offshor grid,5: offshor grid,
5,offshor grid,5: offshor grid,
5,offshor grid,5: offshor grid,
5,offshor grid,5: offshor grid,
5,offshor grid,5: offshor grid,
5,offshor grid,5: offshor grid,
5,offshor grid,5: offshor grid,
5,offshor grid,5: offshor grid,
5,offshor grid,5: offshor grid,
5,offshor grid,5: offshor grid,
5,offshor grid,5: offshor grid,
5,offshor grid,5: offshor grid,
5,offshor grid,5: offshor grid,
5,offshor grid,5: offshor grid,
5,offshor grid,5: offshor grid,
5,offshor grid,5: offshor grid,
5,offshor grid,5: offshor grid,
5,offshor grid,5: offshor grid,
5,offshor grid,5: offshor grid,
5,offshor grid,5: offshor grid,
5,offshor grid,5: offshor grid,
5,offshor grid,5: offshor grid,
5,offshor grid,5: offshor grid,
5,offshor grid,5: offshor grid,
5,offshor grid,5: offshor grid,
5,offshor grid,5: offshor grid,
5,offshor grid,5: offshor grid,
5,offshor grid,5: offshor grid,
5,offshor grid,5: offshor grid,
5,offshor grid,5: offshor grid,
5,offshor grid,5: offshor grid,
5,offshor grid,5: offshor grid,
5,offshor grid,5: offshor grid,
5,offshor grid,5: offshor grid,
5,offshor grid,5: offshor grid,
5,offshor grid,5: offshor grid,
5,offshor grid,5: offshor grid,
5,offshor grid,5: offshor grid,
5,offshor grid,5: offshor grid,
5,offshor grid,5: offshor grid,
5,offshor grid,5: offshor grid,
5,offshor grid,5: offshor grid,
5,offshor grid,5: offshor grid,
5,offshor grid,5: offshor grid,
5,offshor grid,5: offshor grid,
5,offshor grid,5: offshor grid,
5,offshor grid,5: offshor grid,
5,offshor grid,5: offshor grid,
5,offshor grid,5: offshor grid,
5,offshor grid,5: offshor grid,
5,offshor grid,5: offshor grid,
5,offshor grid,5: offshor grid,
5,offshor grid,5: offshor grid,
5,offshor grid,5: offshor grid,
5,offshor grid,5: offshor grid,
5,offshor grid,5: offshor grid,
5,offshor grid,5: offshor grid,
5,offshor grid,5: offshor grid,
5,offshor grid,5: offshor grid,
5,offshor grid,5: offshor grid,
5,offshor grid,5: offshor grid,
5,offshor grid,5: offshor grid,
5,offshor grid,5: offshor grid,
5,offshor grid,5: offshor grid,
5,offshor grid,5: offshor grid,
5,offshor grid,5: offshor grid,
5,offshor grid,5: offshor grid,
5,offshor grid,5: offshor grid,
5,offshor grid,5: offshor grid,
5,offshor grid,5: offshor grid,
5,offshor grid,5: offshor grid,
5,offshor grid,5: offshor grid,
5,offshor grid,5: offshor grid,
5,offshor grid,5: offshor grid,
5,offshor grid,5: offshor grid,
5,offshor grid,5: offshor grid,
5,offshor grid,5: offshor grid,
5,offshor grid,5: offshor grid,
5,offshor grid,5: offshor grid,
5,offshor grid,5: offshor grid,
5,offshor grid,5: offshor grid,
5,offshor grid,5: offshor grid,
5,offshor grid,5: offshor grid,
5,offshor grid,5: offshor grid,
5,offshor grid,5: offshor grid,
5,offshor grid,5: offshor grid,
5,offshor grid,5: offshor grid,
5,offshor grid,5: offshor grid,
5,offshor grid,5: offshor grid,
5,offshor grid,5: offshor grid,
5,offshor grid,5: offshor grid,
5,offshor grid,5: offshor grid,
5,offshor grid,5: offshor grid,
5,offshor grid,5: offshor grid,
5,offshor grid,5: offshor grid,
5,offshor grid,5: offshor grid,
5,offshor grid,5: offshor grid,
5,offshor grid,5: offshor grid,
5,offshor grid,5: offshor grid,
5,offshor grid,5: offshor grid,
5,offshor grid,5: offshor grid,
5,offshor grid,5: offshor grid,
5,offshor grid,5: offshor grid,
5,offshor grid,5: offshor grid,
5,offshor grid,5: offshor grid,
5,offshor grid,5: offshor grid,
5,offshor grid,5: offshor grid,
5,offshor grid,5: offshor grid,
5,offshor grid,5: offshor grid,
5,offshor grid,5: offshor grid,
5,offshor grid,5: offshor grid,
5,offshor grid,5: offshor grid,
5,offshor grid,5: offshor grid,
5,offshor grid,5: offshor grid,
5,offshor grid,5: offshor grid,
5,offshor grid,5: offshor grid,
5,offshor grid,5: offshor grid,
5,offshor grid,5: offshor grid,
5,offshor grid,5: offshor grid,
5,offshor grid,5: offshor grid,
5,offshor grid,5: offshor grid,
5,offshor grid,5: offshor grid,
5,offshor grid,5: offshor grid,
5,offshor grid,5: offshor grid,
5,offshor grid,5: offshor grid,
5,offshor grid,5: offshor grid,
5,offshor grid,5: offshor grid,
5,offshor grid,5: offshor grid,
5,offshor grid,5: offshor grid,
5,offshor grid,5: offshor grid,
5,offshor grid,5: offshor grid,
5,offshor grid,5: offshor grid,
5,offshor grid,5: offshor grid,
5,offshor grid,5: offshor grid,
5,offshor grid,5: offshor grid,
5,offshor grid,5: offshor grid,
5,offshor grid,5: offshor grid,
5,offshor grid,5: offshor grid,
5,offshor grid,5: offshor grid,
5,offshor grid,5: offshor grid,
5,offshor grid,5: offshor grid,
5,offshor grid,5: offshor grid,
5,offshor grid,5: offshor grid,
5,offshor grid,5: offshor grid,
5,offshor grid,5: offshor grid,
5,offshor grid,5: offshor grid,
5,offshor grid,5: offshor grid,
5,offshor grid,5: offshor grid,
5,offshor grid,5: offshor grid,
5,offshor grid,5: offshor grid,
5,offshor grid,5: offshor grid,
5,offshor grid,5: offshor grid,
5,offshor grid,5: offshor grid,
5,offshor grid,5: offshor grid,
5,offshor grid,5: offshor grid,
5,offshor grid,5: offshor grid,
5,offshor grid,5: offshor grid,
5,offshor grid,5: offshor grid,
5,offshor grid,5: offshor grid,
5,offshor grid,5: offshor grid,
5,offshor grid,5: offshor grid,
5,offshor grid,5: offshor grid,
5,offshor grid,5: offshor grid,
5,offshor grid,5: offshor grid,
5,offshor grid,5: offshor grid,
5,offshor grid,5: offshor grid,
5,offshor grid,5: offshor grid,
5,offshor grid,5: offshor grid,
5,offshor grid,5: offshor grid,
5,offshor grid,5: offshor grid,
5,offshor grid,5: offshor grid,
9,wind farm,9: wind farm,
9,wind farm,9: wind farm,
9,wind farm,9: wind farm,
9,wind farm,9: wind farm,
9,wind farm,9: wind farm,
9,wind farm,9: wind farm,
9,wind farm,9: wind farm,
9,wind farm,9: wind farm,
9,wind farm,9: wind farm,
9,wind farm,9: wind farm,
9,wind farm,9: wind farm,
9,wind farm,9: wind farm,
9,wind farm,9: wind farm,
9,wind farm,9: wind farm,
9,wind farm,9: wind farm,
9,wind farm,9: wind farm,
9,wind farm,9: wind farm,
9,wind farm,9: wind farm,
9,wind farm,9: wind farm,
9,wind farm,9: wind farm,
9,wind farm,9: wind farm,
9,wind farm,9: wind farm,
9,wind farm,9: wind farm,
9,wind farm,9: wind farm,
9,wind farm,9: wind farm,
9,wind farm,9: wind farm,
9,wind farm,9: wind farm,
9,wind farm,9: wind farm,
9,wind farm,9: wind farm,
9,wind farm,9: wind farm,
9,wind farm,9: wind farm,
9,wind farm,9: wind farm,
9,wind farm,9: wind farm,
9,wind farm,9: wind farm,
9,wind farm,9: wind farm,
9,wind farm,9: wind farm,
9,wind farm,9: wind farm,
9,wind farm,9: wind farm,
9,wind farm,9: wind farm,
9,wind farm,9: wind farm,
9,wind farm,9: wind farm,
9,wind farm,9: wind farm,
9,wind farm,9: wind farm,
9,wind farm,9: wind farm,
9,wind farm,9: wind farm,
9,wind farm,9: wind farm,
9,wind farm,9: wind farm,
9,wind farm,9: wind farm,
9,wind farm,9: wind farm,
9,wind farm,9: wind farm,
9,wind farm,9: wind farm,
9,wind farm,9: wind farm,
9,wind farm,9: wind farm,
9,wind farm,9: wind farm,
9,wind farm,9: wind farm,
9,wind farm,9: wind farm,
9,wind farm,9: wind farm,
9,wind farm,9: wind farm,
9,wind farm,9: wind farm,
9,wind farm,9: wind farm,
9,wind farm,9: wind farm,
9,wind farm,9: wind farm,
9,wind farm,9: wind farm,
9,wind farm,9: wind farm,
9,wind farm,9: wind farm,
9,wind farm,9: wind farm,
9,wind farm,9: wind farm,
9,wind farm,9: wind farm,
9,wind farm,9: wind farm,
9,wind farm,9: wind farm,
9,wind farm,9: wind farm,
9,wind farm,9: wind farm,
9,wind farm,9: wind farm,
9,wind farm,9: wind farm,
9,wind farm,9: wind farm,
9,wind farm,9: wind farm,
9,wind farm,9: wind farm,
9,wind farm,9: wind farm,
9,wind farm,9: wind farm,
9,wind farm,9: wind farm,
9,wind farm,9: wind farm,
9,wind farm,9: wind farm,
9,wind farm,9: wind farm,
9,wind farm,9: wind farm,
9,wind farm,9: wind farm,
9,wind farm,9: wind farm,
9,wind farm,9: wind farm,
9,wind farm,9: wind farm,
9,wind farm,9: wind farm,
9,wind farm,9: wind farm,
9,wind farm,9: wind farm,
9,wind farm,9: wind farm,
9,wind farm,9: wind farm,
9,wind farm,9: wind farm,
9,wind farm,9: wind farm,
9,wind farm,9: wind farm,
9,wind farm,9: wind farm,
9,wind farm,9: wind farm,
9,wind farm,9: wind farm,
9,wind farm,9: wind farm,
9,wind farm,9: wind farm,
9,wind farm,9: wind farm,
9,wind farm,9: wind farm,
9,wind farm,9: wind farm,
9,wind farm,9: wind farm,
9,wind farm,9: wind farm,
9,wind farm,9: wind farm,
9,wind farm,9: wind farm,
9,wind farm,9: wind farm,
9,wind farm,9: wind farm,
9,wind farm,9: wind farm,
9,wind farm,9: wind farm,
9,wind farm,9: wind farm,
9,wind farm,9: wind farm,
9,wind farm,9: wind farm,
9,wind farm,9: wind farm,
9,wind farm,9: wind farm,
9,wind farm,9: wind farm,
9,wind farm,9: wind farm,
9,wind farm,9: wind farm,
9,wind farm,9: wind farm,
9,wind farm,9: wind farm,
9,wind farm,9: wind farm,
9,wind farm,9: wind farm,
9,wind farm,9: wind farm,
9,wind farm,9: wind farm,
9,wind farm,9: wind farm,
9,wind farm,9: wind farm,
9,wind farm,9: wind farm,
9,wind farm,9: wind farm,
9,wind farm,9: wind farm,
9,wind farm,9: wind farm,
9,wind farm,9: wind farm,
9,wind farm,9: wind farm,
9,wind farm,9: wind farm,
9,wind farm,9: wind farm,
9,wind farm,9: wind farm,
9,wind farm,9: wind farm,
9,wind farm,9: wind farm,
9,wind farm,9: wind farm,
9,wind farm,9: wind farm,
9,wind farm,9: wind farm,
9,wind farm,9: wind farm,
9,wind farm,9: wind farm,
9,wind farm,9: wind farm,
9,wind farm,9: wind farm,
9,wind farm,9: wind farm,
9,wind farm,9: wind farm,
9,wind farm,9: wind farm,
9,wind farm,9: wind farm,
9,wind farm,9: wind farm,
9,wind farm,9: wind farm,
9,wind farm,9: wind farm,
9,wind farm,9: wind farm,
9,wind farm,9: wind farm,
9,wind farm,9: wind farm,
9,wind farm,9: wind farm,
9,wind farm,9: wind farm,
9,wind farm,9: wind farm,
9,wind farm,9: wind farm,
9,wind farm,9: wind farm,
5,offshor grid,5: offshor grid,
5,offshor grid,5: offshor grid,
5,offshor grid,5: offshor grid,
5,offshor grid,5: offshor grid,
5,offshor grid,5: offshor grid,
5,offshor grid,5: offshor grid,
5,offshor grid,5: offshor grid,
5,offshor grid,5: offshor grid,
5,offshor grid,5: offshor grid,
5,offshor grid,5: offshor grid,
5,offshor grid,5: offshor grid,
5,offshor grid,5: offshor grid,
5,offshor grid,5: offshor grid,
5,offshor grid,5: offshor grid,
5,offshor grid,5: offshor grid,
5,offshor grid,5: offshor grid,
5,offshor grid,5: offshor grid,
5,offshor grid,5: offshor grid,
5,offshor grid,5: offshor grid,
5,offshor grid,5: offshor grid,
5,offshor grid,5: offshor grid,
5,offshor grid,5: offshor grid,
5,offshor grid,5: offshor grid,
5,offshor grid,5: offshor grid,
5,offshor grid,5: offshor grid,
5,offshor grid,5: offshor grid,
5,offshor grid,5: offshor grid,
5,offshor grid,5: offshor grid,
5,offshor grid,5: offshor grid,
5,offshor grid,5: offshor grid,
5,offshor grid,5: offshor grid,
5,offshor grid,5: offshor grid,
5,offshor grid,5: offshor grid,
5,offshor grid,5: offshor grid,
5,offshor grid,5: offshor grid,
5,offshor grid,5: offshor grid,
5,offshor grid,5: offshor grid,
5,offshor grid,5: offshor grid,
5,offshor grid,5: offshor grid,
5,offshor grid,5: offshor grid,
5,offshor grid,5: offshor grid,
5,offshor grid,5: offshor grid,
5,offshor grid,5: offshor grid,
5,offshor grid,5: offshor grid,
5,offshor grid,5: offshor grid,
5,offshor grid,5: offshor grid,
5,offshor grid,5: offshor grid,
5,offshor grid,5: offshor grid,
5,offshor grid,5: offshor grid,
5,offshor grid,5: offshor grid,
5,offshor grid,5: offshor grid,
5,offshor grid,5: offshor grid,
5,offshor grid,5: offshor grid,
5,offshor grid,5: offshor grid,
5,offshor grid,5: offshor grid,
5,offshor grid,5: offshor grid,
5,offshor grid,5: offshor grid,
5,offshor grid,5: offshor grid,
5,offshor grid,5: offshor grid,
5,offshor grid,5: offshor grid,
5,offshor grid,5: offshor grid,
5,offshor grid,5: offshor grid,
5,offshor grid,5: offshor grid,
5,offshor grid,5: offshor grid,
5,offshor grid,5: offshor grid,
5,offshor grid,5: offshor grid,
5,offshor grid,5: offshor grid,
5,offshor grid,5: offshor grid,
5,offshor grid,5: offshor grid,
5,offshor grid,5: offshor grid,
5,offshor grid,5: offshor grid,
5,offshor grid,5: offshor grid,
5,offshor grid,5: offshor grid,
5,offshor grid,5: offshor grid,
5,offshor grid,5: offshor grid,
5,offshor grid,5: offshor grid,
5,offshor grid,5: offshor grid,
5,offshor grid,5: offshor grid,
5,offshor grid,5: offshor grid,
5,offshor grid,5: offshor grid,
5,offshor grid,5: offshor grid,
5,offshor grid,5: offshor grid,
5,offshor grid,5: offshor grid,
5,offshor grid,5: offshor grid,
5,offshor grid,5: offshor grid,
5,offshor grid,5: offshor grid,
5,offshor grid,5: offshor grid,
5,offshor grid,5: offshor grid,
5,offshor grid,5: offshor grid,
5,offshor grid,5: offshor grid,
5,offshor grid,5: offshor grid,
5,offshor grid,5: offshor grid,
5,offshor grid,5: offshor grid,
5,offshor grid,5: offshor grid,
5,offshor grid,5: offshor grid,
5,offshor grid,5: offshor grid,
5,offshor grid,5: offshor grid,
5,offshor grid,5: offshor grid,
5,offshor grid,5: offshor grid,
5,offshor grid,5: offshor grid,
5,offshor grid,5: offshor grid,
5,offshor grid,5: offshor grid,
5,offshor grid,5: offshor grid,
5,offshor grid,5: offshor grid,
5,offshor grid,5: offshor grid,
5,offshor grid,5: offshor grid,
5,offshor grid,5: offshor grid,
5,offshor grid,5: offshor grid,
5,offshor grid,5: offshor grid,
5,offshor grid,5: offshor grid,
5,offshor grid,5: offshor grid,
5,offshor grid,5: offshor grid,
5,offshor grid,5: offshor grid,
5,offshor grid,5: offshor grid,
5,offshor grid,5: offshor grid,
5,offshor grid,5: offshor grid,
5,offshor grid,5: offshor grid,
5,offshor grid,5: offshor grid,
5,offshor grid,5: offshor grid,
5,offshor grid,5: offshor grid,
5,offshor grid,5: offshor grid,
5,offshor grid,5: offshor grid,
5,offshor grid,5: offshor grid,
5,offshor grid,5: offshor grid,
5,offshor grid,5: offshor grid,
5,offshor grid,5: offshor grid,
5,offshor grid,5: offshor grid,
5,offshor grid,5: offshor grid,
5,offshor grid,5: offshor grid,
5,offshor grid,5: offshor grid,
5,offshor grid,5: offshor grid,
5,offshor grid,5: offshor grid,
5,offshor grid,5: offshor grid,
5,offshor grid,5: offshor grid,
5,offshor grid,5: offshor grid,
5,offshor grid,5: offshor grid,
5,offshor grid,5: offshor grid,
5,offshor grid,5: offshor grid,
5,offshor grid,5: offshor grid,
5,offshor grid,5: offshor grid,
5,offshor grid,5: offshor grid,
5,offshor grid,5: offshor grid,
5,offshor grid,5: offshor grid,
5,offshor grid,5: offshor grid,
5,offshor grid,5: offshor grid,
5,offshor grid,5: offshor grid,
5,offshor grid,5: offshor grid,
5,offshor grid,5: offshor grid,
5,offshor grid,5: offshor grid,
5,offshor grid,5: offshor grid,
5,offshor grid,5: offshor grid,
5,offshor grid,5: offshor grid,
5,offshor grid,5: offshor grid,
5,offshor grid,5: offshor grid,
5,offshor grid,5: offshor grid,
5,offshor grid,5: offshor grid,
5,offshor grid,5: offshor grid,
5,offshor grid,5: offshor grid,
5,offshor grid,5: offshor grid,
5,offshor grid,5: offshor grid,
5,offshor grid,5: offshor grid,
5,offshor grid,5: offshor grid,
5,offshor grid,5: offshor grid,
5,offshor grid,5: offshor grid,
5,offshor grid,5: offshor grid,
5,offshor grid,5: offshor grid,
5,offshor grid,5: offshor grid,
5,offshor grid,5: offshor grid,
5,offshor grid,5: offshor grid,
5,offshor grid,5: offshor grid,
5,offshor grid,5: offshor grid,
5,offshor grid,5: offshor grid,
5,offshor grid,5: offshor grid,
5,offshor grid,5: offshor grid,
5,offshor grid,5: offshor grid,
9,wind farm,9: wind farm,
9,wind farm,9: wind farm,
9,wind farm,9: wind farm,
9,wind farm,9: wind farm,
9,wind farm,9: wind farm,
9,wind farm,9: wind farm,
9,wind farm,9: wind farm,
9,wind farm,9: wind farm,
9,wind farm,9: wind farm,
9,wind farm,9: wind farm,
9,wind farm,9: wind farm,
9,wind farm,9: wind farm,
9,wind farm,9: wind farm,
9,wind farm,9: wind farm,
9,wind farm,9: wind farm,
9,wind farm,9: wind farm,
9,wind farm,9: wind farm,
9,wind farm,9: wind farm,
9,wind farm,9: wind farm,
9,wind farm,9: wind farm,
9,wind farm,9: wind farm,
9,wind farm,9: wind farm,
9,wind farm,9: wind farm,
9,wind farm,9: wind farm,
9,wind farm,9: wind farm,
9,wind farm,9: wind farm,
9,wind farm,9: wind farm,
9,wind farm,9: wind farm,
9,wind farm,9: wind farm,
9,wind farm,9: wind farm,
9,wind farm,9: wind farm,
9,wind farm,9: wind farm,
9,wind farm,9: wind farm,
9,wind farm,9: wind farm,
9,wind farm,9: wind farm,
9,wind farm,9: wind farm,
9,wind farm,9: wind farm,
9,wind farm,9: wind farm,
9,wind farm,9: wind farm,
9,wind farm,9: wind farm,
9,wind farm,9: wind farm,
9,wind farm,9: wind farm,
9,wind farm,9: wind farm,
9,wind farm,9: wind farm,
9,wind farm,9: wind farm,
9,wind farm,9: wind farm,
9,wind farm,9: wind farm,
9,wind farm,9: wind farm,
9,wind farm,9: wind farm,
9,wind farm,9: wind farm,
9,wind farm,9: wind farm,
9,wind farm,9: wind farm,
9,wind farm,9: wind farm,
9,wind farm,9: wind farm,
9,wind farm,9: wind farm,
9,wind farm,9: wind farm,
9,wind farm,9: wind farm,
9,wind farm,9: wind farm,
9,wind farm,9: wind farm,
9,wind farm,9: wind farm,
9,wind farm,9: wind farm,
9,wind farm,9: wind farm,
9,wind farm,9: wind farm,
9,wind farm,9: wind farm,
9,wind farm,9: wind farm,
9,wind farm,9: wind farm,
9,wind farm,9: wind farm,
9,wind farm,9: wind farm,
9,wind farm,9: wind farm,
9,wind farm,9: wind farm,
9,wind farm,9: wind farm,
9,wind farm,9: wind farm,
9,wind farm,9: wind farm,
9,wind farm,9: wind farm,
9,wind farm,9: wind farm,
9,wind farm,9: wind farm,
9,wind farm,9: wind farm,
9,wind farm,9: wind farm,
9,wind farm,9: wind farm,
9,wind farm,9: wind farm,
9,wind farm,9: wind farm,
9,wind farm,9: wind farm,
9,wind farm,9: wind farm,
9,wind farm,9: wind farm,
9,wind farm,9: wind farm,
9,wind farm,9: wind farm,
9,wind farm,9: wind farm,
9,wind farm,9: wind farm,
9,wind farm,9: wind farm,
9,wind farm,9: wind farm,
9,wind farm,9: wind farm,
9,wind farm,9: wind farm,
9,wind farm,9: wind farm,
9,wind farm,9: wind farm,
9,wind farm,9: wind farm,
9,wind farm,9: wind farm,
9,wind farm,9: wind farm,
9,wind farm,9: wind farm,
9,wind farm,9: wind farm,
9,wind farm,9: wind farm,
9,wind farm,9: wind farm,
9,wind farm,9: wind farm,
9,wind farm,9: wind farm,
9,wind farm,9: wind farm,
9,wind farm,9: wind farm,
9,wind farm,9: wind farm,
9,wind farm,9: wind farm,
9,wind farm,9: wind farm,
9,wind farm,9: wind farm,
9,wind farm,9: wind farm,
9,wind farm,9: wind farm,
9,wind farm,9: wind farm,
9,wind farm,9: wind farm,
9,wind farm,9: wind farm,
9,wind farm,9: wind farm,
9,wind farm,9: wind farm,
9,wind farm,9: wind farm,
9,wind farm,9: wind farm,
9,wind farm,9: wind farm,
9,wind farm,9: wind farm,
9,wind farm,9: wind farm,
9,wind farm,9: wind farm,
9,wind farm,9: wind farm,
9,wind farm,9: wind farm,
9,wind farm,9: wind farm,
9,wind farm,9: wind farm,
9,wind farm,9: wind farm,
9,wind farm,9: wind farm,
9,wind farm,9: wind farm,
9,wind farm,9: wind farm,
9,wind farm,9: wind farm,
9,wind farm,9: wind farm,
9,wind farm,9: wind farm,
9,wind farm,9: wind farm,
9,wind farm,9: wind farm,
9,wind farm,9: wind farm,
9,wind farm,9: wind farm,
9,wind farm,9: wind farm,
9,wind farm,9: wind farm,
9,wind farm,9: wind farm,
9,wind farm,9: wind farm,
9,wind farm,9: wind farm,
9,wind farm,9: wind farm,
9,wind farm,9: wind farm,
9,wind farm,9: wind farm,
9,wind farm,9: wind farm,
9,wind farm,9: wind farm,
9,wind farm,9: wind farm,
9,wind farm,9: wind farm,
9,wind farm,9: wind farm,
9,wind farm,9: wind farm,
9,wind farm,9: wind farm,
9,wind farm,9: wind farm,
9,wind farm,9: wind farm,
9,wind farm,9: wind farm,
9,wind farm,9: wind farm,
9,wind farm,9: wind farm,
9,wind farm,9: wind farm,
9,wind farm,9: wind farm,
9,wind farm,9: wind farm,
9,wind farm,9: wind farm,
5,offshor grid,5: offshor grid,
5,offshor grid,5: offshor grid,
5,offshor grid,5: offshor grid,
5,offshor grid,5: offshor grid,
5,offshor grid,5: offshor grid,
5,offshor grid,5: offshor grid,
5,offshor grid,5: offshor grid,
5,offshor grid,5: offshor grid,
5,offshor grid,5: offshor grid,
5,offshor grid,5: offshor grid,
5,offshor grid,5: offshor grid,
5,offshor grid,5: offshor grid,
5,offshor grid,5: offshor grid,
5,offshor grid,5: offshor grid,
5,offshor grid,5: offshor grid,
5,offshor grid,5: offshor grid,
5,offshor grid,5: offshor grid,
5,offshor grid,5: offshor grid,
5,offshor grid,5: offshor grid,
5,offshor grid,5: offshor grid,
5,offshor grid,5: offshor grid,
5,offshor grid,5: offshor grid,
5,offshor grid,5: offshor grid,
5,offshor grid,5: offshor grid,
5,offshor grid,5: offshor grid,
5,offshor grid,5: offshor grid,
5,offshor grid,5: offshor grid,
5,offshor grid,5: offshor grid,
5,offshor grid,5: offshor grid,
5,offshor grid,5: offshor grid,
5,offshor grid,5: offshor grid,
5,offshor grid,5: offshor grid,
5,offshor grid,5: offshor grid,
5,offshor grid,5: offshor grid,
5,offshor grid,5: offshor grid,
5,offshor grid,5: offshor grid,
5,offshor grid,5: offshor grid,
5,offshor grid,5: offshor grid,
5,offshor grid,5: offshor grid,
5,offshor grid,5: offshor grid,
5,offshor grid,5: offshor grid,
5,offshor grid,5: offshor grid,
5,offshor grid,5: offshor grid,
5,offshor grid,5: offshor grid,
5,offshor grid,5: offshor grid,
5,offshor grid,5: offshor grid,
5,offshor grid,5: offshor grid,
5,offshor grid,5: offshor grid,
5,offshor grid,5: offshor grid,
5,offshor grid,5: offshor grid,
5,offshor grid,5: offshor grid,
5,offshor grid,5: offshor grid,
5,offshor grid,5: offshor grid,
5,offshor grid,5: offshor grid,
5,offshor grid,5: offshor grid,
5,offshor grid,5: offshor grid,
5,offshor grid,5: offshor grid,
5,offshor grid,5: offshor grid,
5,offshor grid,5: offshor grid,
5,offshor grid,5: offshor grid,
5,offshor grid,5: offshor grid,
5,offshor grid,5: offshor grid,
5,offshor grid,5: offshor grid,
5,offshor grid,5: offshor grid,
5,offshor grid,5: offshor grid,
5,offshor grid,5: offshor grid,
5,offshor grid,5: offshor grid,
5,offshor grid,5: offshor grid,
5,offshor grid,5: offshor grid,
5,offshor grid,5: offshor grid,
5,offshor grid,5: offshor grid,
5,offshor grid,5: offshor grid,
5,offshor grid,5: offshor grid,
5,offshor grid,5: offshor grid,
5,offshor grid,5: offshor grid,
5,offshor grid,5: offshor grid,
5,offshor grid,5: offshor grid,
5,offshor grid,5: offshor grid,
5,offshor grid,5: offshor grid,
5,offshor grid,5: offshor grid,
5,offshor grid,5: offshor grid,
5,offshor grid,5: offshor grid,
5,offshor grid,5: offshor grid,
5,offshor grid,5: offshor grid,
5,offshor grid,5: offshor grid,
5,offshor grid,5: offshor grid,
5,offshor grid,5: offshor grid,
5,offshor grid,5: offshor grid,
5,offshor grid,5: offshor grid,
5,offshor grid,5: offshor grid,
5,offshor grid,5: offshor grid,
5,offshor grid,5: offshor grid,
5,offshor grid,5: offshor grid,
5,offshor grid,5: offshor grid,
5,offshor grid,5: offshor grid,
5,offshor grid,5: offshor grid,
5,offshor grid,5: offshor grid,
5,offshor grid,5: offshor grid,
5,offshor grid,5: offshor grid,
5,offshor grid,5: offshor grid,
5,offshor grid,5: offshor grid,
5,offshor grid,5: offshor grid,
5,offshor grid,5: offshor grid,
5,offshor grid,5: offshor grid,
5,offshor grid,5: offshor grid,
5,offshor grid,5: offshor grid,
5,offshor grid,5: offshor grid,
5,offshor grid,5: offshor grid,
5,offshor grid,5: offshor grid,
5,offshor grid,5: offshor grid,
5,offshor grid,5: offshor grid,
5,offshor grid,5: offshor grid,
5,offshor grid,5: offshor grid,
5,offshor grid,5: offshor grid,
5,offshor grid,5: offshor grid,
5,offshor grid,5: offshor grid,
5,offshor grid,5: offshor grid,
5,offshor grid,5: offshor grid,
5,offshor grid,5: offshor grid,
5,offshor grid,5: offshor grid,
5,offshor grid,5: offshor grid,
5,offshor grid,5: offshor grid,
5,offshor grid,5: offshor grid,
5,offshor grid,5: offshor grid,
5,offshor grid,5: offshor grid,
5,offshor grid,5: offshor grid,
5,offshor grid,5: offshor grid,
5,offshor grid,5: offshor grid,
5,offshor grid,5: offshor grid,
5,offshor grid,5: offshor grid,
5,offshor grid,5: offshor grid,
5,offshor grid,5: offshor grid,
5,offshor grid,5: offshor grid,
5,offshor grid,5: offshor grid,
5,offshor grid,5: offshor grid,
5,offshor grid,5: offshor grid,
5,offshor grid,5: offshor grid,
5,offshor grid,5: offshor grid,
5,offshor grid,5: offshor grid,
5,offshor grid,5: offshor grid,
5,offshor grid,5: offshor grid,
5,offshor grid,5: offshor grid,
5,offshor grid,5: offshor grid,
5,offshor grid,5: offshor grid,
5,offshor grid,5: offshor grid,
5,offshor grid,5: offshor grid,
5,offshor grid,5: offshor grid,
5,offshor grid,5: offshor grid,
5,offshor grid,5: offshor grid,
5,offshor grid,5: offshor grid,
5,offshor grid,5: offshor grid,
5,offshor grid,5: offshor grid,
5,offshor grid,5: offshor grid,
5,offshor grid,5: offshor grid,
5,offshor grid,5: offshor grid,
5,offshor grid,5: offshor grid,
5,offshor grid,5: offshor grid,
5,offshor grid,5: offshor grid,
5,offshor grid,5: offshor grid,
5,offshor grid,5: offshor grid,
5,offshor grid,5: offshor grid,
5,offshor grid,5: offshor grid,
5,offshor grid,5: offshor grid,
5,offshor grid,5: offshor grid,
5,offshor grid,5: offshor grid,
5,offshor grid,5: offshor grid,
5,offshor grid,5: offshor grid,
5,offshor grid,5: offshor grid,
5,offshor grid,5: offshor grid,
5,offshor grid,5: offshor grid,
5,offshor grid,5: offshor grid,
5,offshor grid,5: offshor grid,
5,offshor grid,5: offshor grid,
5,offshor grid,5: offshor grid,
5,offshor grid,5: offshor grid,
5,offshor grid,5: offshor grid,
5,offshor grid,5: offshor grid,
5,offshor grid,5: offshor grid,
5,offshor grid,5: offshor grid,
5,offshor grid,5: offshor grid,
5,offshor grid,5: offshor grid,
5,offshor grid,5: offshor grid,
5,offshor grid,5: offshor grid,
5,offshor grid,5: offshor grid,
5,offshor grid,5: offshor grid,
5,offshor grid,5: offshor grid,
5,offshor grid,5: offshor grid,
5,offshor grid,5: offshor grid,
5,offshor grid,5: offshor grid,
5,offshor grid,5: offshor grid,
5,offshor grid,5: offshor grid,
5,offshor grid,5: offshor grid,
5,offshor grid,5: offshor grid,
5,offshor grid,5: offshor grid,
5,offshor grid,5: offshor grid,
5,offshor grid,5: offshor grid,
5,offshor grid,5: offshor grid,
5,offshor grid,5: offshor grid,
5,offshor grid,5: offshor grid,
5,offshor grid,5: offshor grid,
5,offshor grid,5: offshor grid,
5,offshor grid,5: offshor grid,
5,offshor grid,5: offshor grid,
5,offshor grid,5: offshor grid,
5,offshor grid,5: offshor grid,
5,offshor grid,5: offshor grid,
5,offshor grid,5: offshor grid,
5,offshor grid,5: offshor grid,
5,offshor grid,5: offshor grid,
5,offshor grid,5: offshor grid,
5,offshor grid,5: offshor grid,
5,offshor grid,5: offshor grid,
5,offshor grid,5: offshor grid,
5,offshor grid,5: offshor grid,
5,offshor grid,5: offshor grid,
5,offshor grid,5: offshor grid,
5,offshor grid,5: offshor grid,
5,offshor grid,5: offshor grid,
5,offshor grid,5: offshor grid,
5,offshor grid,5: offshor grid,
5,offshor grid,5: offshor grid,
5,offshor grid,5: offshor grid,
5,offshor grid,5: offshor grid,
5,offshor grid,5: offshor grid,
5,offshor grid,5: offshor grid,
5,offshor grid,5: offshor grid,
5,offshor grid,5: offshor grid,
5,offshor grid,5: offshor grid,
5,offshor grid,5: offshor grid,
5,offshor grid,5: offshor grid,
5,offshor grid,5: offshor grid,
5,offshor grid,5: offshor grid,
5,offshor grid,5: offshor grid,
5,offshor grid,5: offshor grid,
5,offshor grid,5: offshor grid,
5,offshor grid,5: offshor grid,
5,offshor grid,5: offshor grid,
5,offshor grid,5: offshor grid,
5,offshor grid,5: offshor grid,
5,offshor grid,5: offshor grid,
5,offshor grid,5: offshor grid,
5,offshor grid,5: offshor grid,
5,offshor grid,5: offshor grid,
5,offshor grid,5: offshor grid,
5,offshor grid,5: offshor grid,
5,offshor grid,5: offshor grid,
5,offshor grid,5: offshor grid,
5,offshor grid,5: offshor grid,
5,offshor grid,5: offshor grid,
5,offshor grid,5: offshor grid,
5,offshor grid,5: offshor grid,
5,offshor grid,5: offshor grid,
5,offshor grid,5: offshor grid,
5,offshor grid,5: offshor grid,
5,offshor grid,5: offshor grid,
5,offshor grid,5: offshor grid,
5,offshor grid,5: offshor grid,
5,offshor grid,5: offshor grid,
5,offshor grid,5: offshor grid,
5,offshor grid,5: offshor grid,
5,offshor grid,5: offshor grid,
5,offshor grid,5: offshor grid,
5,offshor grid,5: offshor grid,
5,offshor grid,5: offshor grid,
5,offshor grid,5: offshor grid,
5,offshor grid,5: offshor grid,
5,offshor grid,5: offshor grid,
5,offshor grid,5: offshor grid,
5,offshor grid,5: offshor grid,
5,offshor grid,5: offshor grid,
5,offshor grid,5: offshor grid,
5,offshor grid,5: offshor grid,
5,offshor grid,5: offshor grid,
5,offshor grid,5: offshor grid,
5,offshor grid,5: offshor grid,
5,offshor grid,5: offshor grid,
5,offshor grid,5: offshor grid,
5,offshor grid,5: offshor grid,
5,offshor grid,5: offshor grid,
5,offshor grid,5: offshor grid,
5,offshor grid,5: offshor grid,
5,offshor grid,5: offshor grid,
5,offshor grid,5: offshor grid,
5,offshor grid,5: offshor grid,
5,offshor grid,5: offshor grid,
5,offshor grid,5: offshor grid,
5,offshor grid,5: offshor grid,
5,offshor grid,5: offshor grid,
5,offshor grid,5: offshor grid,
5,offshor grid,5: offshor grid,
5,offshor grid,5: offshor grid,
5,offshor grid,5: offshor grid,
5,offshor grid,5: offshor grid,
5,offshor grid,5: offshor grid,
5,offshor grid,5: offshor grid,
5,offshor grid,5: offshor grid,
5,offshor grid,5: offshor grid,
5,offshor grid,5: offshor grid,
5,offshor grid,5: offshor grid,
5,offshor grid,5: offshor grid,
5,offshor grid,5: offshor grid,
5,offshor grid,5: offshor grid,
5,offshor grid,5: offshor grid,
5,offshor grid,5: offshor grid,
5,offshor grid,5: offshor grid,
5,offshor grid,5: offshor grid,
5,offshor grid,5: offshor grid,
5,offshor grid,5: offshor grid,
5,offshor grid,5: offshor grid,
5,offshor grid,5: offshor grid,
5,offshor grid,5: offshor grid,
5,offshor grid,5: offshor grid,
5,offshor grid,5: offshor grid,
5,offshor grid,5: offshor grid,
5,offshor grid,5: offshor grid,
5,offshor grid,5: offshor grid,
5,offshor grid,5: offshor grid,
5,offshor grid,5: offshor grid,
5,offshor grid,5: offshor grid,
5,offshor grid,5: offshor grid,
5,offshor grid,5: offshor grid,
5,offshor grid,5: offshor grid,
5,offshor grid,5: offshor grid,
5,offshor grid,5: offshor grid,
5,offshor grid,5: offshor grid,
5,offshor grid,5: offshor grid,
5,offshor grid,5: offshor grid,
5,offshor grid,5: offshor grid,
5,offshor grid,5: offshor grid,
5,offshor grid,5: offshor grid,
5,offshor grid,5: offshor grid,
5,offshor grid,5: offshor grid,
5,offshor grid,5: offshor grid,
5,offshor grid,5: offshor grid,
5,offshor grid,5: offshor grid,
5,offshor grid,5: offshor grid,
5,offshor grid,5: offshor grid,
5,offshor grid,5: offshor grid,
5,offshor grid,5: offshor grid,
5,offshor grid,5: offshor grid,
5,offshor grid,5: offshor grid,
5,offshor grid,5: offshor grid,
5,offshor grid,5: offshor grid,
5,offshor grid,5: offshor grid,
5,offshor grid,5: offshor grid,
5,offshor grid,5: offshor grid,
5,offshor grid,5: offshor grid,
5,offshor grid,5: offshor grid,
5,offshor grid,5: offshor grid,
5,offshor grid,5: offshor grid,
9,wind farm,9: wind farm,
9,wind farm,9: wind farm,
9,wind farm,9: wind farm,
9,wind farm,9: wind farm,
9,wind farm,9: wind farm,
9,wind farm,9: wind farm,
9,wind farm,9: wind farm,
9,wind farm,9: wind farm,
9,wind farm,9: wind farm,
9,wind farm,9: wind farm,
9,wind farm,9: wind farm,
9,wind farm,9: wind farm,
9,wind farm,9: wind farm,
9,wind farm,9: wind farm,
9,wind farm,9: wind farm,
9,wind farm,9: wind farm,
9,wind farm,9: wind farm,
9,wind farm,9: wind farm,
9,wind farm,9: wind farm,
9,wind farm,9: wind farm,
9,wind farm,9: wind farm,
9,wind farm,9: wind farm,
9,wind farm,9: wind farm,
9,wind farm,9: wind farm,
9,wind farm,9: wind farm,
9,wind farm,9: wind farm,
9,wind farm,9: wind farm,
9,wind farm,9: wind farm,
9,wind farm,9: wind farm,
9,wind farm,9: wind farm,
9,wind farm,9: wind farm,
9,wind farm,9: wind farm,
9,wind farm,9: wind farm,
9,wind farm,9: wind farm,
9,wind farm,9: wind farm,
9,wind farm,9: wind farm,
9,wind farm,9: wind farm,
9,wind farm,9: wind farm,
9,wind farm,9: wind farm,
9,wind farm,9: wind farm,
9,wind farm,9: wind farm,
9,wind farm,9: wind farm,
9,wind farm,9: wind farm,
9,wind farm,9: wind farm,
9,wind farm,9: wind farm,
9,wind farm,9: wind farm,
9,wind farm,9: wind farm,
9,wind farm,9: wind farm,
9,wind farm,9: wind farm,
9,wind farm,9: wind farm,
9,wind farm,9: wind farm,
9,wind farm,9: wind farm,
9,wind farm,9: wind farm,
9,wind farm,9: wind farm,
9,wind farm,9: wind farm,
9,wind farm,9: wind farm,
9,wind farm,9: wind farm,
9,wind farm,9: wind farm,
9,wind farm,9: wind farm,
9,wind farm,9: wind farm,
9,wind farm,9: wind farm,
9,wind farm,9: wind farm,
9,wind farm,9: wind farm,
9,wind farm,9: wind farm,
9,wind farm,9: wind farm,
9,wind farm,9: wind farm,
9,wind farm,9: wind farm,
9,wind farm,9: wind farm,
9,wind farm,9: wind farm,
9,wind farm,9: wind farm,
9,wind farm,9: wind farm,
9,wind farm,9: wind farm,
9,wind farm,9: wind farm,
9,wind farm,9: wind farm,
9,wind farm,9: wind farm,
9,wind farm,9: wind farm,
9,wind farm,9: wind farm,
9,wind farm,9: wind farm,
9,wind farm,9: wind farm,
9,wind farm,9: wind farm,
9,wind farm,9: wind farm,
9,wind farm,9: wind farm,
9,wind farm,9: wind farm,
9,wind farm,9: wind farm,
9,wind farm,9: wind farm,
9,wind farm,9: wind farm,
9,wind farm,9: wind farm,
9,wind farm,9: wind farm,
9,wind farm,9: wind farm,
9,wind farm,9: wind farm,
9,wind farm,9: wind farm,
9,wind farm,9: wind farm,
9,wind farm,9: wind farm,
9,wind farm,9: wind farm,
9,wind farm,9: wind farm,
9,wind farm,9: wind farm,
9,wind farm,9: wind farm,
9,wind farm,9: wind farm,
9,wind farm,9: wind farm,
9,wind farm,9: wind farm,
9,wind farm,9: wind farm,
9,wind farm,9: wind farm,
9,wind farm,9: wind farm,
9,wind farm,9: wind farm,
9,wind farm,9: wind farm,
9,wind farm,9: wind farm,
9,wind farm,9: wind farm,
9,wind farm,9: wind farm,
9,wind farm,9: wind farm,
9,wind farm,9: wind farm,
9,wind farm,9: wind farm,
9,wind farm,9: wind farm,
9,wind farm,9: wind farm,
9,wind farm,9: wind farm,
9,wind farm,9: wind farm,
9,wind farm,9: wind farm,
9,wind farm,9: wind farm,
9,wind farm,9: wind farm,
9,wind farm,9: wind farm,
9,wind farm,9: wind farm,
9,wind farm,9: wind farm,
9,wind farm,9: wind farm,
9,wind farm,9: wind farm,
9,wind farm,9: wind farm,
9,wind farm,9: wind farm,
9,wind farm,9: wind farm,
9,wind farm,9: wind farm,
9,wind farm,9: wind farm,
9,wind farm,9: wind farm,
9,wind farm,9: wind farm,
9,wind farm,9: wind farm,
9,wind farm,9: wind farm,
9,wind farm,9: wind farm,
9,wind farm,9: wind farm,
9,wind farm,9: wind farm,
9,wind farm,9: wind farm,
9,wind farm,9: wind farm,
9,wind farm,9: wind farm,
9,wind farm,9: wind farm,
9,wind farm,9: wind farm,
9,wind farm,9: wind farm,
9,wind farm,9: wind farm,
9,wind farm,9: wind farm,
9,wind farm,9: wind farm,
9,wind farm,9: wind farm,
9,wind farm,9: wind farm,
9,wind farm,9: wind farm,
9,wind farm,9: wind farm,
9,wind farm,9: wind farm,
9,wind farm,9: wind farm,
9,wind farm,9: wind farm,
9,wind farm,9: wind farm,
9,wind farm,9: wind farm,
9,wind farm,9: wind farm,
9,wind farm,9: wind farm,
9,wind farm,9: wind farm,
9,wind farm,9: wind farm,
9,wind farm,9: wind farm,
9,wind farm,9: wind farm,
9,wind farm,9: wind farm,
9,wind farm,9: wind farm,
9,wind farm,9: wind farm,
9,wind farm,9: wind farm,
9,wind farm,9: wind farm,
9,wind farm,9: wind farm,
9,wind farm,9: wind farm,
9,wind farm,9: wind farm,
9,wind farm,9: wind farm,
9,wind farm,9: wind farm,
9,wind farm,9: wind farm,
9,wind farm,9: wind farm,
9,wind farm,9: wind farm,
9,wind farm,9: wind farm,
9,wind farm,9: wind farm,
9,wind farm,9: wind farm,
9,wind farm,9: wind farm,
9,wind farm,9: wind farm,
9,wind farm,9: wind farm,
9,wind farm,9: wind farm,
9,wind farm,9: wind farm,
9,wind farm,9: wind farm,
9,wind farm,9: wind farm,
9,wind farm,9: wind farm,
9,wind farm,9: wind farm,
9,wind farm,9: wind farm,
9,wind farm,9: wind farm,
9,wind farm,9: wind farm,
9,wind farm,9: wind farm,
9,wind farm,9: wind farm,
9,wind farm,9: wind farm,
9,wind farm,9: wind farm,
9,wind farm,9: wind farm,
9,wind farm,9: wind farm,
9,wind farm,9: wind farm,
9,wind farm,9: wind farm,
9,wind farm,9: wind farm,
9,wind farm,9: wind farm,
9,wind farm,9: wind farm,
9,wind farm,9: wind farm,
9,wind farm,9: wind farm,
9,wind farm,9: wind farm,
9,wind farm,9: wind farm,
9,wind farm,9: wind farm,
9,wind farm,9: wind farm,
9,wind farm,9: wind farm,
9,wind farm,9: wind farm,
9,wind farm,9: wind farm,
9,wind farm,9: wind farm,
9,wind farm,9: wind farm,
9,wind farm,9: wind farm,
9,wind farm,9: wind farm,
9,wind farm,9: wind farm,
9,wind farm,9: wind farm,
9,wind farm,9: wind farm,
9,wind farm,9: wind farm,
9,wind farm,9: wind farm,
9,wind farm,9: wind farm,
9,wind farm,9: wind farm,
9,wind farm,9: wind farm,
9,wind farm,9: wind farm,
9,wind farm,9: wind farm,
9,wind farm,9: wind farm,
9,wind farm,9: wind farm,
9,wind farm,9: wind farm,
9,wind farm,9: wind farm,
9,wind farm,9: wind farm,
9,wind farm,9: wind farm,
9,wind farm,9: wind farm,
9,wind farm,9: wind farm,
9,wind farm,9: wind farm,
9,wind farm,9: wind farm,
9,wind farm,9: wind farm,
9,wind farm,9: wind farm,
9,wind farm,9: wind farm,
9,wind farm,9: wind farm,
9,wind farm,9: wind farm,
9,wind farm,9: wind farm,
9,wind farm,9: wind farm,
9,wind farm,9: wind farm,
9,wind farm,9: wind farm,
9,wind farm,9: wind farm,
9,wind farm,9: wind farm,
9,wind farm,9: wind farm,
9,wind farm,9: wind farm,
9,wind farm,9: wind farm,
9,wind farm,9: wind farm,
9,wind farm,9: wind farm,
9,wind farm,9: wind farm,
9,wind farm,9: wind farm,
9,wind farm,9: wind farm,
9,wind farm,9: wind farm,
9,wind farm,9: wind farm,
9,wind farm,9: wind farm,
9,wind farm,9: wind farm,
9,wind farm,9: wind farm,
9,wind farm,9: wind farm,
9,wind farm,9: wind farm,
9,wind farm,9: wind farm,
9,wind farm,9: wind farm,
9,wind farm,9: wind farm,
9,wind farm,9: wind farm,
9,wind farm,9: wind farm,
9,wind farm,9: wind farm,
9,wind farm,9: wind farm,
9,wind farm,9: wind farm,
9,wind farm,9: wind farm,
9,wind farm,9: wind farm,
9,wind farm,9: wind farm,
9,wind farm,9: wind farm,
9,wind farm,9: wind farm,
9,wind farm,9: wind farm,
9,wind farm,9: wind farm,
9,wind farm,9: wind farm,
9,wind farm,9: wind farm,
9,wind farm,9: wind farm,
9,wind farm,9: wind farm,
9,wind farm,9: wind farm,
9,wind farm,9: wind farm,
9,wind farm,9: wind farm,
9,wind farm,9: wind farm,
9,wind farm,9: wind farm,
9,wind farm,9: wind farm,
9,wind farm,9: wind farm,
9,wind farm,9: wind farm,
9,wind farm,9: wind farm,
9,wind farm,9: wind farm,
9,wind farm,9: wind farm,
9,wind farm,9: wind farm,
9,wind farm,9: wind farm,
9,wind farm,9: wind farm,
9,wind farm,9: wind farm,
9,wind farm,9: wind farm,
9,wind farm,9: wind farm,
9,wind farm,9: wind farm,
9,wind farm,9: wind farm,
9,wind farm,9: wind farm,
9,wind farm,9: wind farm,
9,wind farm,9: wind farm,
9,wind farm,9: wind farm,
9,wind farm,9: wind farm,
9,wind farm,9: wind farm,
9,wind farm,9: wind farm,
9,wind farm,9: wind farm,
9,wind farm,9: wind farm,
9,wind farm,9: wind farm,
9,wind farm,9: wind farm,
9,wind farm,9: wind farm,
9,wind farm,9: wind farm,
9,wind farm,9: wind farm,
9,wind farm,9: wind farm,
9,wind farm,9: wind farm,
9,wind farm,9: wind farm,
9,wind farm,9: wind farm,
9,wind farm,9: wind farm,
9,wind farm,9: wind farm,
9,wind farm,9: wind farm,
9,wind farm,9: wind farm,
9,wind farm,9: wind farm,
9,wind farm,9: wind farm,
9,wind farm,9: wind farm,
9,wind farm,9: wind farm,
9,wind farm,9: wind farm,
9,wind farm,9: wind farm,
9,wind farm,9: wind farm,
9,wind farm,9: wind farm,
9,wind farm,9: wind farm,
9,wind farm,9: wind farm,
9,wind farm,9: wind farm,
9,wind farm,9: wind farm,
9,wind farm,9: wind farm,
9,wind farm,9: wind farm,
9,wind farm,9: wind farm,
9,wind farm,9: wind farm,
9,wind farm,9: wind farm,
9,wind farm,9: wind farm,
9,wind farm,9: wind farm,
9,wind farm,9: wind farm,
9,wind farm,9: wind farm,
9,wind farm,9: wind farm,
9,wind farm,9: wind farm,
9,wind farm,9: wind farm,
9,wind farm,9: wind farm,
9,wind farm,9: wind farm,
9,wind farm,9: wind farm,
9,wind farm,9: wind farm,
9,wind farm,9: wind farm,
9,wind farm,9: wind farm,
9,wind farm,9: wind farm,
9,wind farm,9: wind farm,
9,wind farm,9: wind farm,
9,wind farm,9: wind farm,
9,wind farm,9: wind farm,
9,wind farm,9: wind farm,
9,wind farm,9: wind farm,
9,wind farm,9: wind farm,
9,wind farm,9: wind farm,
9,wind farm,9: wind farm,
9,wind farm,9: wind farm,
9,wind farm,9: wind farm,
9,wind farm,9: wind farm,
9,wind farm,9: wind farm,
9,wind farm,9: wind farm,
9,wind farm,9: wind farm,
9,wind farm,9: wind farm,
9,wind farm,9: wind farm,
9,wind farm,9: wind farm,
9,wind farm,9: wind farm,
9,wind farm,9: wind farm,
9,wind farm,9: wind farm,
9,wind farm,9: wind farm,
9,wind farm,9: wind farm,
9,wind farm,9: wind farm,
9,wind farm,9: wind farm,
9,wind farm,9: wind farm,
9,wind farm,9: wind farm,
9,wind farm,9: wind farm,
9,wind farm,9: wind farm,
9,wind farm,9: wind farm,
9,wind farm,9: wind farm,
9,wind farm,9: wind farm,
9,wind farm,9: wind farm,
9,wind farm,9: wind farm,
9,wind farm,9: wind farm,
9,wind farm,9: wind farm,
9,wind farm,9: wind farm,
9,wind farm,9: wind farm,
9,wind farm,9: wind farm,
9,wind farm,9: wind farm,
9,wind farm,9: wind farm,
9,wind farm,9: wind farm,
9,wind farm,9: wind farm,
9,wind farm,9: wind farm,
9,wind farm,9: wind farm,
9,wind farm,9: wind farm,
9,wind farm,9: wind farm,
9,wind farm,9: wind farm,
9,wind farm,9: wind farm,
9,wind farm,9: wind farm,
9,wind farm,9: wind farm,
9,wind farm,9: wind farm,
9,wind farm,9: wind farm,
9,wind farm,9: wind farm,
9,wind farm,9: wind farm,
9,wind farm,9: wind farm,
9,wind farm,9: wind farm,
9,wind farm,9: wind farm,
9,wind farm,9: wind farm,
9,wind farm,9: wind farm,
9,wind farm,9: wind farm,
9,wind farm,9: wind farm,
9,wind farm,9: wind farm,
9,wind farm,9: wind farm,
9,wind farm,9: wind farm,
9,wind farm,9: wind farm,
9,wind farm,9: wind farm,
9,wind farm,9: wind farm,
9,wind farm,9: wind farm,
9,wind farm,9: wind farm,
9,wind farm,9: wind farm,
9,wind farm,9: wind farm,
9,wind farm,9: wind farm,
9,wind farm,9: wind farm,
9,wind farm,9: wind farm,
9,wind farm,9: wind farm,
9,wind farm,9: wind farm,
9,wind farm,9: wind farm,
9,wind farm,9: wind farm,
9,wind farm,9: wind farm,
9,wind farm,9: wind farm,
9,wind farm,9: wind farm,
9,wind farm,9: wind farm,
9,wind farm,9: wind farm,
9,wind farm,9: wind farm,
9,wind farm,9: wind farm,
9,wind farm,9: wind farm,
9,wind farm,9: wind farm,
9,wind farm,9: wind farm,
9,wind farm,9: wind farm,
9,wind farm,9: wind farm,
9,wind farm,9: wind farm,
9,wind farm,9: wind farm,
9,wind farm,9: wind farm,
9,wind farm,9: wind farm,
9,wind farm,9: wind farm,
9,wind farm,9: wind farm,
9,wind farm,9: wind farm,
9,wind farm,9: wind farm,
9,wind farm,9: wind farm,
9,wind farm,9: wind farm,
9,wind farm,9: wind farm,
9,wind farm,9: wind farm,
9,wind farm,9: wind farm,
9,wind farm,9: wind farm,
9,wind farm,9: wind farm,
9,wind farm,9: wind farm,
9,wind farm,9: wind farm,
9,wind farm,9: wind farm,
9,wind farm,9: wind farm,
9,wind farm,9: wind farm,
9,wind farm,9: wind farm,
9,wind farm,9: wind farm,
9,wind farm,9: wind farm,
9,wind farm,9: wind farm,
9,wind farm,9: wind farm,
9,wind farm,9: wind farm,
9,wind farm,9: wind farm,
9,wind farm,9: wind farm,
9,wind farm,9: wind farm,
9,wind farm,9: wind farm,
9,wind farm,9: wind farm,
9,wind farm,9: wind farm,
9,wind farm,9: wind farm,
9,wind farm,9: wind farm,
9,wind farm,9: wind farm,
9,wind farm,9: wind farm,
9,wind farm,9: wind farm,
9,wind farm,9: wind farm,
9,wind farm,9: wind farm,
9,wind farm,9: wind farm,
9,wind farm,9: wind farm,
9,wind farm,9: wind farm,
9,wind farm,9: wind farm,
9,wind farm,9: wind farm,
1,abstract avail,1: abstract avail,
1,abstract avail,1: abstract avail,
1,abstract avail,1: abstract avail,
1,abstract avail,1: abstract avail,
1,abstract avail,1: abstract avail,
1,abstract avail,1: abstract avail,
1,abstract avail,1: abstract avail,
1,abstract avail,1: abstract avail,
1,abstract avail,1: abstract avail,
1,abstract avail,1: abstract avail,
1,abstract avail,1: abstract avail,
1,abstract avail,1: abstract avail,
1,abstract avail,1: abstract avail,
1,abstract avail,1: abstract avail,
1,abstract avail,1: abstract avail,
1,abstract avail,1: abstract avail,
1,abstract avail,1: abstract avail,
1,abstract avail,1: abstract avail,
1,abstract avail,1: abstract avail,
1,abstract avail,1: abstract avail,
1,abstract avail,1: abstract avail,
1,abstract avail,1: abstract avail,
1,abstract avail,1: abstract avail,
1,abstract avail,1: abstract avail,
1,abstract avail,1: abstract avail,
1,abstract avail,1: abstract avail,
1,abstract avail,1: abstract avail,
1,abstract avail,1: abstract avail,
1,abstract avail,1: abstract avail,
1,abstract avail,1: abstract avail,
1,abstract avail,1: abstract avail,
1,abstract avail,1: abstract avail,
1,abstract avail,1: abstract avail,
1,abstract avail,1: abstract avail,
1,abstract avail,1: abstract avail,
1,abstract avail,1: abstract avail,
1,abstract avail,1: abstract avail,
1,abstract avail,1: abstract avail,
1,abstract avail,1: abstract avail,
1,abstract avail,1: abstract avail,
1,abstract avail,1: abstract avail,
1,abstract avail,1: abstract avail,
1,abstract avail,1: abstract avail,
1,abstract avail,1: abstract avail,
1,abstract avail,1: abstract avail,
1,abstract avail,1: abstract avail,
1,abstract avail,1: abstract avail,
1,abstract avail,1: abstract avail,
1,abstract avail,1: abstract avail,
1,abstract avail,1: abstract avail,
1,abstract avail,1: abstract avail,
1,abstract avail,1: abstract avail,
1,abstract avail,1: abstract avail,
1,abstract avail,1: abstract avail,
1,abstract avail,1: abstract avail,
1,abstract avail,1: abstract avail,
1,abstract avail,1: abstract avail,
1,abstract avail,1: abstract avail,
1,abstract avail,1: abstract avail,
1,abstract avail,1: abstract avail,
1,abstract avail,1: abstract avail,
1,abstract avail,1: abstract avail,
1,abstract avail,1: abstract avail,
1,abstract avail,1: abstract avail,
1,abstract avail,1: abstract avail,
1,abstract avail,1: abstract avail,
1,abstract avail,1: abstract avail,
1,abstract avail,1: abstract avail,
1,abstract avail,1: abstract avail,
1,abstract avail,1: abstract avail,
1,abstract avail,1: abstract avail,
1,abstract avail,1: abstract avail,
1,abstract avail,1: abstract avail,
1,abstract avail,1: abstract avail,
1,abstract avail,1: abstract avail,
1,abstract avail,1: abstract avail,
1,abstract avail,1: abstract avail,
1,abstract avail,1: abstract avail,
1,abstract avail,1: abstract avail,
1,abstract avail,1: abstract avail,
1,abstract avail,1: abstract avail,
9,wind farm,9: wind farm,
9,wind farm,9: wind farm,
9,wind farm,9: wind farm,
9,wind farm,9: wind farm,
9,wind farm,9: wind farm,
9,wind farm,9: wind farm,
9,wind farm,9: wind farm,
9,wind farm,9: wind farm,
9,wind farm,9: wind farm,
9,wind farm,9: wind farm,
9,wind farm,9: wind farm,
9,wind farm,9: wind farm,
9,wind farm,9: wind farm,
9,wind farm,9: wind farm,
9,wind farm,9: wind farm,
9,wind farm,9: wind farm,
9,wind farm,9: wind farm,
9,wind farm,9: wind farm,
9,wind farm,9: wind farm,
9,wind farm,9: wind farm,
9,wind farm,9: wind farm,
9,wind farm,9: wind farm,
9,wind farm,9: wind farm,
9,wind farm,9: wind farm,
9,wind farm,9: wind farm,
9,wind farm,9: wind farm,
9,wind farm,9: wind farm,
9,wind farm,9: wind farm,
9,wind farm,9: wind farm,
9,wind farm,9: wind farm,
9,wind farm,9: wind farm,
9,wind farm,9: wind farm,
9,wind farm,9: wind farm,
9,wind farm,9: wind farm,
9,wind farm,9: wind farm,
9,wind farm,9: wind farm,
9,wind farm,9: wind farm,
9,wind farm,9: wind farm,
9,wind farm,9: wind farm,
9,wind farm,9: wind farm,
9,wind farm,9: wind farm,
9,wind farm,9: wind farm,
9,wind farm,9: wind farm,
9,wind farm,9: wind farm,
9,wind farm,9: wind farm,
9,wind farm,9: wind farm,
9,wind farm,9: wind farm,
9,wind farm,9: wind farm,
9,wind farm,9: wind farm,
9,wind farm,9: wind farm,
9,wind farm,9: wind farm,
9,wind farm,9: wind farm,
9,wind farm,9: wind farm,
9,wind farm,9: wind farm,
9,wind farm,9: wind farm,
9,wind farm,9: wind farm,
9,wind farm,9: wind farm,
9,wind farm,9: wind farm,
9,wind farm,9: wind farm,
9,wind farm,9: wind farm,
9,wind farm,9: wind farm,
9,wind farm,9: wind farm,
9,wind farm,9: wind farm,
9,wind farm,9: wind farm,
9,wind farm,9: wind farm,
9,wind farm,9: wind farm,
9,wind farm,9: wind farm,
9,wind farm,9: wind farm,
9,wind farm,9: wind farm,
9,wind farm,9: wind farm,
9,wind farm,9: wind farm,
9,wind farm,9: wind farm,
9,wind farm,9: wind farm,
9,wind farm,9: wind farm,
9,wind farm,9: wind farm,
9,wind farm,9: wind farm,
9,wind farm,9: wind farm,
9,wind farm,9: wind farm,
9,wind farm,9: wind farm,
9,wind farm,9: wind farm,
9,wind farm,9: wind farm,
9,wind farm,9: wind farm,
9,wind farm,9: wind farm,
9,wind farm,9: wind farm,
9,wind farm,9: wind farm,
9,wind farm,9: wind farm,
9,wind farm,9: wind farm,
9,wind farm,9: wind farm,
9,wind farm,9: wind farm,
9,wind farm,9: wind farm,
9,wind farm,9: wind farm,
9,wind farm,9: wind farm,
9,wind farm,9: wind farm,
9,wind farm,9: wind farm,
9,wind farm,9: wind farm,
9,wind farm,9: wind farm,
9,wind farm,9: wind farm,
9,wind farm,9: wind farm,
9,wind farm,9: wind farm,
9,wind farm,9: wind farm,
9,wind farm,9: wind farm,
9,wind farm,9: wind farm,
9,wind farm,9: wind farm,
9,wind farm,9: wind farm,
9,wind farm,9: wind farm,
9,wind farm,9: wind farm,
9,wind farm,9: wind farm,
9,wind farm,9: wind farm,
9,wind farm,9: wind farm,
9,wind farm,9: wind farm,
9,wind farm,9: wind farm,
9,wind farm,9: wind farm,
9,wind farm,9: wind farm,
9,wind farm,9: wind farm,
9,wind farm,9: wind farm,
9,wind farm,9: wind farm,
9,wind farm,9: wind farm,
9,wind farm,9: wind farm,
9,wind farm,9: wind farm,
9,wind farm,9: wind farm,
9,wind farm,9: wind farm,
9,wind farm,9: wind farm,
9,wind farm,9: wind farm,
9,wind farm,9: wind farm,
9,wind farm,9: wind farm,
9,wind farm,9: wind farm,
9,wind farm,9: wind farm,
9,wind farm,9: wind farm,
9,wind farm,9: wind farm,
9,wind farm,9: wind farm,
9,wind farm,9: wind farm,
9,wind farm,9: wind farm,
9,wind farm,9: wind farm,
9,wind farm,9: wind farm,
9,wind farm,9: wind farm,
9,wind farm,9: wind farm,
9,wind farm,9: wind farm,
9,wind farm,9: wind farm,
9,wind farm,9: wind farm,
9,wind farm,9: wind farm,
9,wind farm,9: wind farm,
9,wind farm,9: wind farm,
9,wind farm,9: wind farm,
9,wind farm,9: wind farm,
9,wind farm,9: wind farm,
9,wind farm,9: wind farm,
9,wind farm,9: wind farm,
9,wind farm,9: wind farm,
9,wind farm,9: wind farm,
9,wind farm,9: wind farm,
9,wind farm,9: wind farm,
9,wind farm,9: wind farm,
9,wind farm,9: wind farm,
9,wind farm,9: wind farm,
9,wind farm,9: wind farm,
9,wind farm,9: wind farm,
9,wind farm,9: wind farm,
9,wind farm,9: wind farm,
9,wind farm,9: wind farm,
9,wind farm,9: wind farm,
9,wind farm,9: wind farm,
5,offshor grid,5: offshor grid,
5,offshor grid,5: offshor grid,
5,offshor grid,5: offshor grid,
5,offshor grid,5: offshor grid,
5,offshor grid,5: offshor grid,
5,offshor grid,5: offshor grid,
5,offshor grid,5: offshor grid,
5,offshor grid,5: offshor grid,
5,offshor grid,5: offshor grid,
5,offshor grid,5: offshor grid,
5,offshor grid,5: offshor grid,
5,offshor grid,5: offshor grid,
5,offshor grid,5: offshor grid,
5,offshor grid,5: offshor grid,
5,offshor grid,5: offshor grid,
5,offshor grid,5: offshor grid,
5,offshor grid,5: offshor grid,
5,offshor grid,5: offshor grid,
5,offshor grid,5: offshor grid,
5,offshor grid,5: offshor grid,
5,offshor grid,5: offshor grid,
5,offshor grid,5: offshor grid,
5,offshor grid,5: offshor grid,
5,offshor grid,5: offshor grid,
5,offshor grid,5: offshor grid,
5,offshor grid,5: offshor grid,
5,offshor grid,5: offshor grid,
5,offshor grid,5: offshor grid,
5,offshor grid,5: offshor grid,
5,offshor grid,5: offshor grid,
5,offshor grid,5: offshor grid,
5,offshor grid,5: offshor grid,
5,offshor grid,5: offshor grid,
5,offshor grid,5: offshor grid,
5,offshor grid,5: offshor grid,
5,offshor grid,5: offshor grid,
5,offshor grid,5: offshor grid,
5,offshor grid,5: offshor grid,
5,offshor grid,5: offshor grid,
5,offshor grid,5: offshor grid,
5,offshor grid,5: offshor grid,
5,offshor grid,5: offshor grid,
5,offshor grid,5: offshor grid,
5,offshor grid,5: offshor grid,
5,offshor grid,5: offshor grid,
5,offshor grid,5: offshor grid,
5,offshor grid,5: offshor grid,
5,offshor grid,5: offshor grid,
5,offshor grid,5: offshor grid,
5,offshor grid,5: offshor grid,
5,offshor grid,5: offshor grid,
5,offshor grid,5: offshor grid,
5,offshor grid,5: offshor grid,
5,offshor grid,5: offshor grid,
5,offshor grid,5: offshor grid,
5,offshor grid,5: offshor grid,
5,offshor grid,5: offshor grid,
5,offshor grid,5: offshor grid,
5,offshor grid,5: offshor grid,
5,offshor grid,5: offshor grid,
5,offshor grid,5: offshor grid,
5,offshor grid,5: offshor grid,
5,offshor grid,5: offshor grid,
5,offshor grid,5: offshor grid,
5,offshor grid,5: offshor grid,
5,offshor grid,5: offshor grid,
5,offshor grid,5: offshor grid,
5,offshor grid,5: offshor grid,
5,offshor grid,5: offshor grid,
5,offshor grid,5: offshor grid,
5,offshor grid,5: offshor grid,
5,offshor grid,5: offshor grid,
5,offshor grid,5: offshor grid,
5,offshor grid,5: offshor grid,
5,offshor grid,5: offshor grid,
5,offshor grid,5: offshor grid,
5,offshor grid,5: offshor grid,
5,offshor grid,5: offshor grid,
5,offshor grid,5: offshor grid,
5,offshor grid,5: offshor grid,
5,offshor grid,5: offshor grid,
5,offshor grid,5: offshor grid,
5,offshor grid,5: offshor grid,
5,offshor grid,5: offshor grid,
5,offshor grid,5: offshor grid,
5,offshor grid,5: offshor grid,
5,offshor grid,5: offshor grid,
5,offshor grid,5: offshor grid,
5,offshor grid,5: offshor grid,
5,offshor grid,5: offshor grid,
5,offshor grid,5: offshor grid,
5,offshor grid,5: offshor grid,
5,offshor grid,5: offshor grid,
5,offshor grid,5: offshor grid,
5,offshor grid,5: offshor grid,
5,offshor grid,5: offshor grid,
5,offshor grid,5: offshor grid,
5,offshor grid,5: offshor grid,
5,offshor grid,5: offshor grid,
5,offshor grid,5: offshor grid,
5,offshor grid,5: offshor grid,
5,offshor grid,5: offshor grid,
5,offshor grid,5: offshor grid,
5,offshor grid,5: offshor grid,
5,offshor grid,5: offshor grid,
5,offshor grid,5: offshor grid,
5,offshor grid,5: offshor grid,
5,offshor grid,5: offshor grid,
5,offshor grid,5: offshor grid,
5,offshor grid,5: offshor grid,
5,offshor grid,5: offshor grid,
5,offshor grid,5: offshor grid,
5,offshor grid,5: offshor grid,
5,offshor grid,5: offshor grid,
5,offshor grid,5: offshor grid,
5,offshor grid,5: offshor grid,
5,offshor grid,5: offshor grid,
5,offshor grid,5: offshor grid,
5,offshor grid,5: offshor grid,
5,offshor grid,5: offshor grid,
5,offshor grid,5: offshor grid,
5,offshor grid,5: offshor grid,
5,offshor grid,5: offshor grid,
5,offshor grid,5: offshor grid,
5,offshor grid,5: offshor grid,
5,offshor grid,5: offshor grid,
5,offshor grid,5: offshor grid,
5,offshor grid,5: offshor grid,
5,offshor grid,5: offshor grid,
5,offshor grid,5: offshor grid,
5,offshor grid,5: offshor grid,
5,offshor grid,5: offshor grid,
5,offshor grid,5: offshor grid,
5,offshor grid,5: offshor grid,
5,offshor grid,5: offshor grid,
5,offshor grid,5: offshor grid,
5,offshor grid,5: offshor grid,
5,offshor grid,5: offshor grid,
5,offshor grid,5: offshor grid,
5,offshor grid,5: offshor grid,
5,offshor grid,5: offshor grid,
5,offshor grid,5: offshor grid,
5,offshor grid,5: offshor grid,
5,offshor grid,5: offshor grid,
5,offshor grid,5: offshor grid,
5,offshor grid,5: offshor grid,
5,offshor grid,5: offshor grid,
5,offshor grid,5: offshor grid,
5,offshor grid,5: offshor grid,
5,offshor grid,5: offshor grid,
5,offshor grid,5: offshor grid,
5,offshor grid,5: offshor grid,
5,offshor grid,5: offshor grid,
5,offshor grid,5: offshor grid,
5,offshor grid,5: offshor grid,
5,offshor grid,5: offshor grid,
5,offshor grid,5: offshor grid,
5,offshor grid,5: offshor grid,
5,offshor grid,5: offshor grid,
5,offshor grid,5: offshor grid,
5,offshor grid,5: offshor grid,
5,offshor grid,5: offshor grid,
5,offshor grid,5: offshor grid,
5,offshor grid,5: offshor grid,
5,offshor grid,5: offshor grid,
5,offshor grid,5: offshor grid,
5,offshor grid,5: offshor grid,
5,offshor grid,5: offshor grid,
5,offshor grid,5: offshor grid,
5,offshor grid,5: offshor grid,
5,offshor grid,5: offshor grid,
5,offshor grid,5: offshor grid,
5,offshor grid,5: offshor grid,
5,offshor grid,5: offshor grid,
5,offshor grid,5: offshor grid,
5,offshor grid,5: offshor grid,
5,offshor grid,5: offshor grid,
5,offshor grid,5: offshor grid,
5,offshor grid,5: offshor grid,
5,offshor grid,5: offshor grid,
5,offshor grid,5: offshor grid,
5,offshor grid,5: offshor grid,
5,offshor grid,5: offshor grid,
5,offshor grid,5: offshor grid,
5,offshor grid,5: offshor grid,
5,offshor grid,5: offshor grid,
5,offshor grid,5: offshor grid,
5,offshor grid,5: offshor grid,
5,offshor grid,5: offshor grid,
5,offshor grid,5: offshor grid,
5,offshor grid,5: offshor grid,
5,offshor grid,5: offshor grid,
5,offshor grid,5: offshor grid,
5,offshor grid,5: offshor grid,
5,offshor grid,5: offshor grid,
5,offshor grid,5: offshor grid,
5,offshor grid,5: offshor grid,
5,offshor grid,5: offshor grid,
5,offshor grid,5: offshor grid,
5,offshor grid,5: offshor grid,
5,offshor grid,5: offshor grid,
5,offshor grid,5: offshor grid,
5,offshor grid,5: offshor grid,
5,offshor grid,5: offshor grid,
5,offshor grid,5: offshor grid,
5,offshor grid,5: offshor grid,
5,offshor grid,5: offshor grid,
5,offshor grid,5: offshor grid,
5,offshor grid,5: offshor grid,
5,offshor grid,5: offshor grid,
5,offshor grid,5: offshor grid,
5,offshor grid,5: offshor grid,
5,offshor grid,5: offshor grid,
5,offshor grid,5: offshor grid,
5,offshor grid,5: offshor grid,
5,offshor grid,5: offshor grid,
5,offshor grid,5: offshor grid,
5,offshor grid,5: offshor grid,
5,offshor grid,5: offshor grid,
5,offshor grid,5: offshor grid,
5,offshor grid,5: offshor grid,
5,offshor grid,5: offshor grid,
5,offshor grid,5: offshor grid,
5,offshor grid,5: offshor grid,
5,offshor grid,5: offshor grid,
5,offshor grid,5: offshor grid,
5,offshor grid,5: offshor grid,
5,offshor grid,5: offshor grid,
5,offshor grid,5: offshor grid,
5,offshor grid,5: offshor grid,
5,offshor grid,5: offshor grid,
5,offshor grid,5: offshor grid,
5,offshor grid,5: offshor grid,
5,offshor grid,5: offshor grid,
5,offshor grid,5: offshor grid,
5,offshor grid,5: offshor grid,
5,offshor grid,5: offshor grid,
5,offshor grid,5: offshor grid,
5,offshor grid,5: offshor grid,
5,offshor grid,5: offshor grid,
5,offshor grid,5: offshor grid,
5,offshor grid,5: offshor grid,
5,offshor grid,5: offshor grid,
5,offshor grid,5: offshor grid,
5,offshor grid,5: offshor grid,
5,offshor grid,5: offshor grid,
5,offshor grid,5: offshor grid,
5,offshor grid,5: offshor grid,
5,offshor grid,5: offshor grid,
5,offshor grid,5: offshor grid,
5,offshor grid,5: offshor grid,
5,offshor grid,5: offshor grid,
5,offshor grid,5: offshor grid,
5,offshor grid,5: offshor grid,
5,offshor grid,5: offshor grid,
5,offshor grid,5: offshor grid,
5,offshor grid,5: offshor grid,
5,offshor grid,5: offshor grid,
5,offshor grid,5: offshor grid,
5,offshor grid,5: offshor grid,
5,offshor grid,5: offshor grid,
5,offshor grid,5: offshor grid,
5,offshor grid,5: offshor grid,
5,offshor grid,5: offshor grid,
5,offshor grid,5: offshor grid,
5,offshor grid,5: offshor grid,
5,offshor grid,5: offshor grid,
5,offshor grid,5: offshor grid,
5,offshor grid,5: offshor grid,
5,offshor grid,5: offshor grid,
5,offshor grid,5: offshor grid,
5,offshor grid,5: offshor grid,
5,offshor grid,5: offshor grid,
5,offshor grid,5: offshor grid,
5,offshor grid,5: offshor grid,
5,offshor grid,5: offshor grid,
5,offshor grid,5: offshor grid,
5,offshor grid,5: offshor grid,
5,offshor grid,5: offshor grid,
5,offshor grid,5: offshor grid,
5,offshor grid,5: offshor grid,
5,offshor grid,5: offshor grid,
5,offshor grid,5: offshor grid,
5,offshor grid,5: offshor grid,
5,offshor grid,5: offshor grid,
5,offshor grid,5: offshor grid,
5,offshor grid,5: offshor grid,
5,offshor grid,5: offshor grid,
5,offshor grid,5: offshor grid,
5,offshor grid,5: offshor grid,
5,offshor grid,5: offshor grid,
5,offshor grid,5: offshor grid,
5,offshor grid,5: offshor grid,
5,offshor grid,5: offshor grid,
5,offshor grid,5: offshor grid,
5,offshor grid,5: offshor grid,
5,offshor grid,5: offshor grid,
5,offshor grid,5: offshor grid,
5,offshor grid,5: offshor grid,
5,offshor grid,5: offshor grid,
5,offshor grid,5: offshor grid,
5,offshor grid,5: offshor grid,
5,offshor grid,5: offshor grid,
5,offshor grid,5: offshor grid,
5,offshor grid,5: offshor grid,
5,offshor grid,5: offshor grid,
5,offshor grid,5: offshor grid,
5,offshor grid,5: offshor grid,
5,offshor grid,5: offshor grid,
5,offshor grid,5: offshor grid,
5,offshor grid,5: offshor grid,
5,offshor grid,5: offshor grid,
5,offshor grid,5: offshor grid,
5,offshor grid,5: offshor grid,
5,offshor grid,5: offshor grid,
5,offshor grid,5: offshor grid,
5,offshor grid,5: offshor grid,
5,offshor grid,5: offshor grid,
5,offshor grid,5: offshor grid,
5,offshor grid,5: offshor grid,
5,offshor grid,5: offshor grid,
5,offshor grid,5: offshor grid,
5,offshor grid,5: offshor grid,
5,offshor grid,5: offshor grid,
5,offshor grid,5: offshor grid,
5,offshor grid,5: offshor grid,
5,offshor grid,5: offshor grid,
5,offshor grid,5: offshor grid,
5,offshor grid,5: offshor grid,
5,offshor grid,5: offshor grid,
5,offshor grid,5: offshor grid,
5,offshor grid,5: offshor grid,
5,offshor grid,5: offshor grid,
5,offshor grid,5: offshor grid,
5,offshor grid,5: offshor grid,
5,offshor grid,5: offshor grid,
5,offshor grid,5: offshor grid,
5,offshor grid,5: offshor grid,
5,offshor grid,5: offshor grid,
5,offshor grid,5: offshor grid,
5,offshor grid,5: offshor grid,
5,offshor grid,5: offshor grid,
5,offshor grid,5: offshor grid,
5,offshor grid,5: offshor grid,
5,offshor grid,5: offshor grid,
5,offshor grid,5: offshor grid,
5,offshor grid,5: offshor grid,
5,offshor grid,5: offshor grid,
5,offshor grid,5: offshor grid,
5,offshor grid,5: offshor grid,
1,abstract avail,1: abstract avail,
1,abstract avail,1: abstract avail,
1,abstract avail,1: abstract avail,
1,abstract avail,1: abstract avail,
1,abstract avail,1: abstract avail,
1,abstract avail,1: abstract avail,
1,abstract avail,1: abstract avail,
1,abstract avail,1: abstract avail,
1,abstract avail,1: abstract avail,
1,abstract avail,1: abstract avail,
1,abstract avail,1: abstract avail,
1,abstract avail,1: abstract avail,
1,abstract avail,1: abstract avail,
1,abstract avail,1: abstract avail,
1,abstract avail,1: abstract avail,
1,abstract avail,1: abstract avail,
1,abstract avail,1: abstract avail,
1,abstract avail,1: abstract avail,
1,abstract avail,1: abstract avail,
1,abstract avail,1: abstract avail,
1,abstract avail,1: abstract avail,
1,abstract avail,1: abstract avail,
1,abstract avail,1: abstract avail,
1,abstract avail,1: abstract avail,
1,abstract avail,1: abstract avail,
1,abstract avail,1: abstract avail,
1,abstract avail,1: abstract avail,
1,abstract avail,1: abstract avail,
1,abstract avail,1: abstract avail,
1,abstract avail,1: abstract avail,
1,abstract avail,1: abstract avail,
1,abstract avail,1: abstract avail,
1,abstract avail,1: abstract avail,
1,abstract avail,1: abstract avail,
1,abstract avail,1: abstract avail,
1,abstract avail,1: abstract avail,
1,abstract avail,1: abstract avail,
1,abstract avail,1: abstract avail,
1,abstract avail,1: abstract avail,
1,abstract avail,1: abstract avail,
1,abstract avail,1: abstract avail,
1,abstract avail,1: abstract avail,
1,abstract avail,1: abstract avail,
1,abstract avail,1: abstract avail,
1,abstract avail,1: abstract avail,
1,abstract avail,1: abstract avail,
1,abstract avail,1: abstract avail,
1,abstract avail,1: abstract avail,
1,abstract avail,1: abstract avail,
1,abstract avail,1: abstract avail,
1,abstract avail,1: abstract avail,
1,abstract avail,1: abstract avail,
1,abstract avail,1: abstract avail,
1,abstract avail,1: abstract avail,
1,abstract avail,1: abstract avail,
1,abstract avail,1: abstract avail,
1,abstract avail,1: abstract avail,
1,abstract avail,1: abstract avail,
1,abstract avail,1: abstract avail,
1,abstract avail,1: abstract avail,
1,abstract avail,1: abstract avail,
1,abstract avail,1: abstract avail,
1,abstract avail,1: abstract avail,
1,abstract avail,1: abstract avail,
1,abstract avail,1: abstract avail,
1,abstract avail,1: abstract avail,
1,abstract avail,1: abstract avail,
1,abstract avail,1: abstract avail,
1,abstract avail,1: abstract avail,
1,abstract avail,1: abstract avail,
1,abstract avail,1: abstract avail,
1,abstract avail,1: abstract avail,
1,abstract avail,1: abstract avail,
1,abstract avail,1: abstract avail,
1,abstract avail,1: abstract avail,
1,abstract avail,1: abstract avail,
1,abstract avail,1: abstract avail,
1,abstract avail,1: abstract avail,
1,abstract avail,1: abstract avail,
1,abstract avail,1: abstract avail,
1,abstract avail,1: abstract avail,
8,wind turbin,8: wind turbin,
8,wind turbin,8: wind turbin,
8,wind turbin,8: wind turbin,
8,wind turbin,8: wind turbin,
8,wind turbin,8: wind turbin,
8,wind turbin,8: wind turbin,
8,wind turbin,8: wind turbin,
8,wind turbin,8: wind turbin,
8,wind turbin,8: wind turbin,
8,wind turbin,8: wind turbin,
8,wind turbin,8: wind turbin,
8,wind turbin,8: wind turbin,
8,wind turbin,8: wind turbin,
8,wind turbin,8: wind turbin,
8,wind turbin,8: wind turbin,
8,wind turbin,8: wind turbin,
8,wind turbin,8: wind turbin,
8,wind turbin,8: wind turbin,
8,wind turbin,8: wind turbin,
8,wind turbin,8: wind turbin,
8,wind turbin,8: wind turbin,
8,wind turbin,8: wind turbin,
8,wind turbin,8: wind turbin,
8,wind turbin,8: wind turbin,
8,wind turbin,8: wind turbin,
8,wind turbin,8: wind turbin,
8,wind turbin,8: wind turbin,
8,wind turbin,8: wind turbin,
8,wind turbin,8: wind turbin,
8,wind turbin,8: wind turbin,
8,wind turbin,8: wind turbin,
8,wind turbin,8: wind turbin,
8,wind turbin,8: wind turbin,
8,wind turbin,8: wind turbin,
8,wind turbin,8: wind turbin,
8,wind turbin,8: wind turbin,
8,wind turbin,8: wind turbin,
8,wind turbin,8: wind turbin,
8,wind turbin,8: wind turbin,
8,wind turbin,8: wind turbin,
8,wind turbin,8: wind turbin,
8,wind turbin,8: wind turbin,
8,wind turbin,8: wind turbin,
8,wind turbin,8: wind turbin,
8,wind turbin,8: wind turbin,
8,wind turbin,8: wind turbin,
8,wind turbin,8: wind turbin,
8,wind turbin,8: wind turbin,
8,wind turbin,8: wind turbin,
8,wind turbin,8: wind turbin,
8,wind turbin,8: wind turbin,
8,wind turbin,8: wind turbin,
8,wind turbin,8: wind turbin,
8,wind turbin,8: wind turbin,
8,wind turbin,8: wind turbin,
8,wind turbin,8: wind turbin,
8,wind turbin,8: wind turbin,
8,wind turbin,8: wind turbin,
8,wind turbin,8: wind turbin,
8,wind turbin,8: wind turbin,
8,wind turbin,8: wind turbin,
8,wind turbin,8: wind turbin,
8,wind turbin,8: wind turbin,
8,wind turbin,8: wind turbin,
8,wind turbin,8: wind turbin,
8,wind turbin,8: wind turbin,
8,wind turbin,8: wind turbin,
8,wind turbin,8: wind turbin,
8,wind turbin,8: wind turbin,
8,wind turbin,8: wind turbin,
8,wind turbin,8: wind turbin,
8,wind turbin,8: wind turbin,
8,wind turbin,8: wind turbin,
8,wind turbin,8: wind turbin,
8,wind turbin,8: wind turbin,
8,wind turbin,8: wind turbin,
8,wind turbin,8: wind turbin,
8,wind turbin,8: wind turbin,
8,wind turbin,8: wind turbin,
8,wind turbin,8: wind turbin,
8,wind turbin,8: wind turbin,
8,wind turbin,8: wind turbin,
8,wind turbin,8: wind turbin,
8,wind turbin,8: wind turbin,
8,wind turbin,8: wind turbin,
8,wind turbin,8: wind turbin,
8,wind turbin,8: wind turbin,
8,wind turbin,8: wind turbin,
8,wind turbin,8: wind turbin,
8,wind turbin,8: wind turbin,
8,wind turbin,8: wind turbin,
8,wind turbin,8: wind turbin,
8,wind turbin,8: wind turbin,
8,wind turbin,8: wind turbin,
8,wind turbin,8: wind turbin,
8,wind turbin,8: wind turbin,
8,wind turbin,8: wind turbin,
8,wind turbin,8: wind turbin,
8,wind turbin,8: wind turbin,
8,wind turbin,8: wind turbin,
8,wind turbin,8: wind turbin,
8,wind turbin,8: wind turbin,
8,wind turbin,8: wind turbin,
8,wind turbin,8: wind turbin,
8,wind turbin,8: wind turbin,
8,wind turbin,8: wind turbin,
8,wind turbin,8: wind turbin,
8,wind turbin,8: wind turbin,
8,wind turbin,8: wind turbin,
8,wind turbin,8: wind turbin,
8,wind turbin,8: wind turbin,
8,wind turbin,8: wind turbin,
8,wind turbin,8: wind turbin,
8,wind turbin,8: wind turbin,
8,wind turbin,8: wind turbin,
8,wind turbin,8: wind turbin,
8,wind turbin,8: wind turbin,
8,wind turbin,8: wind turbin,
8,wind turbin,8: wind turbin,
8,wind turbin,8: wind turbin,
8,wind turbin,8: wind turbin,
8,wind turbin,8: wind turbin,
8,wind turbin,8: wind turbin,
8,wind turbin,8: wind turbin,
8,wind turbin,8: wind turbin,
8,wind turbin,8: wind turbin,
8,wind turbin,8: wind turbin,
8,wind turbin,8: wind turbin,
8,wind turbin,8: wind turbin,
8,wind turbin,8: wind turbin,
9,wind farm,9: wind farm,
9,wind farm,9: wind farm,
9,wind farm,9: wind farm,
9,wind farm,9: wind farm,
9,wind farm,9: wind farm,
9,wind farm,9: wind farm,
9,wind farm,9: wind farm,
9,wind farm,9: wind farm,
9,wind farm,9: wind farm,
9,wind farm,9: wind farm,
9,wind farm,9: wind farm,
9,wind farm,9: wind farm,
9,wind farm,9: wind farm,
9,wind farm,9: wind farm,
9,wind farm,9: wind farm,
9,wind farm,9: wind farm,
9,wind farm,9: wind farm,
9,wind farm,9: wind farm,
9,wind farm,9: wind farm,
9,wind farm,9: wind farm,
9,wind farm,9: wind farm,
9,wind farm,9: wind farm,
9,wind farm,9: wind farm,
9,wind farm,9: wind farm,
9,wind farm,9: wind farm,
9,wind farm,9: wind farm,
9,wind farm,9: wind farm,
9,wind farm,9: wind farm,
9,wind farm,9: wind farm,
9,wind farm,9: wind farm,
9,wind farm,9: wind farm,
9,wind farm,9: wind farm,
9,wind farm,9: wind farm,
9,wind farm,9: wind farm,
9,wind farm,9: wind farm,
9,wind farm,9: wind farm,
9,wind farm,9: wind farm,
9,wind farm,9: wind farm,
9,wind farm,9: wind farm,
9,wind farm,9: wind farm,
9,wind farm,9: wind farm,
9,wind farm,9: wind farm,
9,wind farm,9: wind farm,
9,wind farm,9: wind farm,
9,wind farm,9: wind farm,
9,wind farm,9: wind farm,
9,wind farm,9: wind farm,
9,wind farm,9: wind farm,
9,wind farm,9: wind farm,
9,wind farm,9: wind farm,
9,wind farm,9: wind farm,
9,wind farm,9: wind farm,
9,wind farm,9: wind farm,
9,wind farm,9: wind farm,
9,wind farm,9: wind farm,
9,wind farm,9: wind farm,
9,wind farm,9: wind farm,
9,wind farm,9: wind farm,
9,wind farm,9: wind farm,
9,wind farm,9: wind farm,
9,wind farm,9: wind farm,
9,wind farm,9: wind farm,
9,wind farm,9: wind farm,
9,wind farm,9: wind farm,
9,wind farm,9: wind farm,
9,wind farm,9: wind farm,
9,wind farm,9: wind farm,
9,wind farm,9: wind farm,
9,wind farm,9: wind farm,
9,wind farm,9: wind farm,
9,wind farm,9: wind farm,
9,wind farm,9: wind farm,
9,wind farm,9: wind farm,
9,wind farm,9: wind farm,
9,wind farm,9: wind farm,
9,wind farm,9: wind farm,
9,wind farm,9: wind farm,
9,wind farm,9: wind farm,
9,wind farm,9: wind farm,
9,wind farm,9: wind farm,
9,wind farm,9: wind farm,
9,wind farm,9: wind farm,
9,wind farm,9: wind farm,
9,wind farm,9: wind farm,
9,wind farm,9: wind farm,
9,wind farm,9: wind farm,
9,wind farm,9: wind farm,
9,wind farm,9: wind farm,
9,wind farm,9: wind farm,
9,wind farm,9: wind farm,
9,wind farm,9: wind farm,
9,wind farm,9: wind farm,
9,wind farm,9: wind farm,
9,wind farm,9: wind farm,
9,wind farm,9: wind farm,
9,wind farm,9: wind farm,
9,wind farm,9: wind farm,
9,wind farm,9: wind farm,
9,wind farm,9: wind farm,
9,wind farm,9: wind farm,
9,wind farm,9: wind farm,
9,wind farm,9: wind farm,
9,wind farm,9: wind farm,
9,wind farm,9: wind farm,
9,wind farm,9: wind farm,
9,wind farm,9: wind farm,
9,wind farm,9: wind farm,
9,wind farm,9: wind farm,
9,wind farm,9: wind farm,
9,wind farm,9: wind farm,
9,wind farm,9: wind farm,
9,wind farm,9: wind farm,
9,wind farm,9: wind farm,
9,wind farm,9: wind farm,
9,wind farm,9: wind farm,
9,wind farm,9: wind farm,
9,wind farm,9: wind farm,
9,wind farm,9: wind farm,
9,wind farm,9: wind farm,
9,wind farm,9: wind farm,
9,wind farm,9: wind farm,
9,wind farm,9: wind farm,
9,wind farm,9: wind farm,
9,wind farm,9: wind farm,
9,wind farm,9: wind farm,
9,wind farm,9: wind farm,
9,wind farm,9: wind farm,
9,wind farm,9: wind farm,
9,wind farm,9: wind farm,
9,wind farm,9: wind farm,
9,wind farm,9: wind farm,
9,wind farm,9: wind farm,
9,wind farm,9: wind farm,
9,wind farm,9: wind farm,
9,wind farm,9: wind farm,
9,wind farm,9: wind farm,
9,wind farm,9: wind farm,
9,wind farm,9: wind farm,
9,wind farm,9: wind farm,
9,wind farm,9: wind farm,
9,wind farm,9: wind farm,
9,wind farm,9: wind farm,
9,wind farm,9: wind farm,
9,wind farm,9: wind farm,
9,wind farm,9: wind farm,
9,wind farm,9: wind farm,
9,wind farm,9: wind farm,
9,wind farm,9: wind farm,
9,wind farm,9: wind farm,
9,wind farm,9: wind farm,
9,wind farm,9: wind farm,
9,wind farm,9: wind farm,
9,wind farm,9: wind farm,
9,wind farm,9: wind farm,
9,wind farm,9: wind farm,
9,wind farm,9: wind farm,
9,wind farm,9: wind farm,
9,wind farm,9: wind farm,
9,wind farm,9: wind farm,
9,wind farm,9: wind farm,
9,wind farm,9: wind farm,
9,wind farm,9: wind farm,
9,wind farm,9: wind farm,
9,wind farm,9: wind farm,
9,wind farm,9: wind farm,
9,wind farm,9: wind farm,
9,wind farm,9: wind farm,
9,wind farm,9: wind farm,
9,wind farm,9: wind farm,
9,wind farm,9: wind farm,
9,wind farm,9: wind farm,
9,wind farm,9: wind farm,
9,wind farm,9: wind farm,
9,wind farm,9: wind farm,
9,wind farm,9: wind farm,
9,wind farm,9: wind farm,
9,wind farm,9: wind farm,
9,wind farm,9: wind farm,
9,wind farm,9: wind farm,
9,wind farm,9: wind farm,
9,wind farm,9: wind farm,
9,wind farm,9: wind farm,
9,wind farm,9: wind farm,
9,wind farm,9: wind farm,
9,wind farm,9: wind farm,
9,wind farm,9: wind farm,
9,wind farm,9: wind farm,
9,wind farm,9: wind farm,
9,wind farm,9: wind farm,
9,wind farm,9: wind farm,
9,wind farm,9: wind farm,
9,wind farm,9: wind farm,
9,wind farm,9: wind farm,
9,wind farm,9: wind farm,
9,wind farm,9: wind farm,
9,wind farm,9: wind farm,
9,wind farm,9: wind farm,
9,wind farm,9: wind farm,
9,wind farm,9: wind farm,
9,wind farm,9: wind farm,
9,wind farm,9: wind farm,
9,wind farm,9: wind farm,
9,wind farm,9: wind farm,
9,wind farm,9: wind farm,
9,wind farm,9: wind farm,
9,wind farm,9: wind farm,
9,wind farm,9: wind farm,
9,wind farm,9: wind farm,
9,wind farm,9: wind farm,
9,wind farm,9: wind farm,
9,wind farm,9: wind farm,
9,wind farm,9: wind farm,
9,wind farm,9: wind farm,
9,wind farm,9: wind farm,
9,wind farm,9: wind farm,
9,wind farm,9: wind farm,
9,wind farm,9: wind farm,
9,wind farm,9: wind farm,
9,wind farm,9: wind farm,
9,wind farm,9: wind farm,
9,wind farm,9: wind farm,
9,wind farm,9: wind farm,
9,wind farm,9: wind farm,
9,wind farm,9: wind farm,
9,wind farm,9: wind farm,
9,wind farm,9: wind farm,
9,wind farm,9: wind farm,
9,wind farm,9: wind farm,
9,wind farm,9: wind farm,
9,wind farm,9: wind farm,
9,wind farm,9: wind farm,
9,wind farm,9: wind farm,
9,wind farm,9: wind farm,
9,wind farm,9: wind farm,
9,wind farm,9: wind farm,
9,wind farm,9: wind farm,
9,wind farm,9: wind farm,
9,wind farm,9: wind farm,
9,wind farm,9: wind farm,
9,wind farm,9: wind farm,
9,wind farm,9: wind farm,
9,wind farm,9: wind farm,
9,wind farm,9: wind farm,
9,wind farm,9: wind farm,
9,wind farm,9: wind farm,
9,wind farm,9: wind farm,
9,wind farm,9: wind farm,
9,wind farm,9: wind farm,
9,wind farm,9: wind farm,
9,wind farm,9: wind farm,
9,wind farm,9: wind farm,
9,wind farm,9: wind farm,
9,wind farm,9: wind farm,
9,wind farm,9: wind farm,
9,wind farm,9: wind farm,
9,wind farm,9: wind farm,
9,wind farm,9: wind farm,
9,wind farm,9: wind farm,
9,wind farm,9: wind farm,
9,wind farm,9: wind farm,
9,wind farm,9: wind farm,
9,wind farm,9: wind farm,
9,wind farm,9: wind farm,
9,wind farm,9: wind farm,
9,wind farm,9: wind farm,
9,wind farm,9: wind farm,
9,wind farm,9: wind farm,
9,wind farm,9: wind farm,
9,wind farm,9: wind farm,
9,wind farm,9: wind farm,
9,wind farm,9: wind farm,
9,wind farm,9: wind farm,
9,wind farm,9: wind farm,
9,wind farm,9: wind farm,
9,wind farm,9: wind farm,
9,wind farm,9: wind farm,
9,wind farm,9: wind farm,
9,wind farm,9: wind farm,
9,wind farm,9: wind farm,
9,wind farm,9: wind farm,
9,wind farm,9: wind farm,
9,wind farm,9: wind farm,
9,wind farm,9: wind farm,
9,wind farm,9: wind farm,
9,wind farm,9: wind farm,
9,wind farm,9: wind farm,
9,wind farm,9: wind farm,
9,wind farm,9: wind farm,
9,wind farm,9: wind farm,
9,wind farm,9: wind farm,
9,wind farm,9: wind farm,
9,wind farm,9: wind farm,
9,wind farm,9: wind farm,
9,wind farm,9: wind farm,
9,wind farm,9: wind farm,
9,wind farm,9: wind farm,
9,wind farm,9: wind farm,
9,wind farm,9: wind farm,
9,wind farm,9: wind farm,
9,wind farm,9: wind farm,
9,wind farm,9: wind farm,
9,wind farm,9: wind farm,
9,wind farm,9: wind farm,
9,wind farm,9: wind farm,
9,wind farm,9: wind farm,
9,wind farm,9: wind farm,
9,wind farm,9: wind farm,
9,wind farm,9: wind farm,
9,wind farm,9: wind farm,
9,wind farm,9: wind farm,
9,wind farm,9: wind farm,
9,wind farm,9: wind farm,
9,wind farm,9: wind farm,
9,wind farm,9: wind farm,
9,wind farm,9: wind farm,
9,wind farm,9: wind farm,
9,wind farm,9: wind farm,
9,wind farm,9: wind farm,
9,wind farm,9: wind farm,
9,wind farm,9: wind farm,
9,wind farm,9: wind farm,
9,wind farm,9: wind farm,
7,renew energi,7: renew energi,
7,renew energi,7: renew energi,
7,renew energi,7: renew energi,
7,renew energi,7: renew energi,
7,renew energi,7: renew energi,
7,renew energi,7: renew energi,
7,renew energi,7: renew energi,
7,renew energi,7: renew energi,
7,renew energi,7: renew energi,
7,renew energi,7: renew energi,
7,renew energi,7: renew energi,
7,renew energi,7: renew energi,
7,renew energi,7: renew energi,
7,renew energi,7: renew energi,
7,renew energi,7: renew energi,
7,renew energi,7: renew energi,
7,renew energi,7: renew energi,
7,renew energi,7: renew energi,
7,renew energi,7: renew energi,
7,renew energi,7: renew energi,
7,renew energi,7: renew energi,
7,renew energi,7: renew energi,
7,renew energi,7: renew energi,
7,renew energi,7: renew energi,
7,renew energi,7: renew energi,
7,renew energi,7: renew energi,
7,renew energi,7: renew energi,
7,renew energi,7: renew energi,
7,renew energi,7: renew energi,
7,renew energi,7: renew energi,
7,renew energi,7: renew energi,
7,renew energi,7: renew energi,
7,renew energi,7: renew energi,
7,renew energi,7: renew energi,
7,renew energi,7: renew energi,
7,renew energi,7: renew energi,
7,renew energi,7: renew energi,
7,renew energi,7: renew energi,
7,renew energi,7: renew energi,
7,renew energi,7: renew energi,
7,renew energi,7: renew energi,
7,renew energi,7: renew energi,
7,renew energi,7: renew energi,
7,renew energi,7: renew energi,
7,renew energi,7: renew energi,
7,renew energi,7: renew energi,
7,renew energi,7: renew energi,
7,renew energi,7: renew energi,
7,renew energi,7: renew energi,
7,renew energi,7: renew energi,
7,renew energi,7: renew energi,
7,renew energi,7: renew energi,
7,renew energi,7: renew energi,
7,renew energi,7: renew energi,
7,renew energi,7: renew energi,
7,renew energi,7: renew energi,
7,renew energi,7: renew energi,
7,renew energi,7: renew energi,
7,renew energi,7: renew energi,
7,renew energi,7: renew energi,
7,renew energi,7: renew energi,
7,renew energi,7: renew energi,
7,renew energi,7: renew energi,
7,renew energi,7: renew energi,
7,renew energi,7: renew energi,
7,renew energi,7: renew energi,
7,renew energi,7: renew energi,
7,renew energi,7: renew energi,
7,renew energi,7: renew energi,
7,renew energi,7: renew energi,
7,renew energi,7: renew energi,
7,renew energi,7: renew energi,
7,renew energi,7: renew energi,
7,renew energi,7: renew energi,
7,renew energi,7: renew energi,
7,renew energi,7: renew energi,
7,renew energi,7: renew energi,
7,renew energi,7: renew energi,
7,renew energi,7: renew energi,
7,renew energi,7: renew energi,
7,renew energi,7: renew energi,
7,renew energi,7: renew energi,
7,renew energi,7: renew energi,
7,renew energi,7: renew energi,
7,renew energi,7: renew energi,
7,renew energi,7: renew energi,
7,renew energi,7: renew energi,
7,renew energi,7: renew energi,
7,renew energi,7: renew energi,
7,renew energi,7: renew energi,
7,renew energi,7: renew energi,
7,renew energi,7: renew energi,
7,renew energi,7: renew energi,
7,renew energi,7: renew energi,
7,renew energi,7: renew energi,
7,renew energi,7: renew energi,
7,renew energi,7: renew energi,
7,renew energi,7: renew energi,
7,renew energi,7: renew energi,
7,renew energi,7: renew energi,
7,renew energi,7: renew energi,
7,renew energi,7: renew energi,
7,renew energi,7: renew energi,
7,renew energi,7: renew energi,
7,renew energi,7: renew energi,
7,renew energi,7: renew energi,
7,renew energi,7: renew energi,
7,renew energi,7: renew energi,
7,renew energi,7: renew energi,
7,renew energi,7: renew energi,
7,renew energi,7: renew energi,
7,renew energi,7: renew energi,
7,renew energi,7: renew energi,
7,renew energi,7: renew energi,
7,renew energi,7: renew energi,
7,renew energi,7: renew energi,
7,renew energi,7: renew energi,
7,renew energi,7: renew energi,
7,renew energi,7: renew energi,
7,renew energi,7: renew energi,
7,renew energi,7: renew energi,
7,renew energi,7: renew energi,
7,renew energi,7: renew energi,
7,renew energi,7: renew energi,
7,renew energi,7: renew energi,
7,renew energi,7: renew energi,
7,renew energi,7: renew energi,
7,renew energi,7: renew energi,
7,renew energi,7: renew energi,
7,renew energi,7: renew energi,
7,renew energi,7: renew energi,
7,renew energi,7: renew energi,
7,renew energi,7: renew energi,
7,renew energi,7: renew energi,
7,renew energi,7: renew energi,
7,renew energi,7: renew energi,
7,renew energi,7: renew energi,
7,renew energi,7: renew energi,
7,renew energi,7: renew energi,
7,renew energi,7: renew energi,
7,renew energi,7: renew energi,
7,renew energi,7: renew energi,
7,renew energi,7: renew energi,
7,renew energi,7: renew energi,
7,renew energi,7: renew energi,
7,renew energi,7: renew energi,
9,wind farm,9: wind farm,
9,wind farm,9: wind farm,
9,wind farm,9: wind farm,
9,wind farm,9: wind farm,
9,wind farm,9: wind farm,
9,wind farm,9: wind farm,
9,wind farm,9: wind farm,
9,wind farm,9: wind farm,
9,wind farm,9: wind farm,
9,wind farm,9: wind farm,
9,wind farm,9: wind farm,
9,wind farm,9: wind farm,
9,wind farm,9: wind farm,
9,wind farm,9: wind farm,
9,wind farm,9: wind farm,
9,wind farm,9: wind farm,
9,wind farm,9: wind farm,
9,wind farm,9: wind farm,
9,wind farm,9: wind farm,
9,wind farm,9: wind farm,
9,wind farm,9: wind farm,
9,wind farm,9: wind farm,
9,wind farm,9: wind farm,
9,wind farm,9: wind farm,
9,wind farm,9: wind farm,
9,wind farm,9: wind farm,
9,wind farm,9: wind farm,
9,wind farm,9: wind farm,
9,wind farm,9: wind farm,
9,wind farm,9: wind farm,
9,wind farm,9: wind farm,
9,wind farm,9: wind farm,
9,wind farm,9: wind farm,
9,wind farm,9: wind farm,
9,wind farm,9: wind farm,
9,wind farm,9: wind farm,
9,wind farm,9: wind farm,
9,wind farm,9: wind farm,
9,wind farm,9: wind farm,
9,wind farm,9: wind farm,
9,wind farm,9: wind farm,
9,wind farm,9: wind farm,
9,wind farm,9: wind farm,
9,wind farm,9: wind farm,
9,wind farm,9: wind farm,
9,wind farm,9: wind farm,
9,wind farm,9: wind farm,
9,wind farm,9: wind farm,
9,wind farm,9: wind farm,
9,wind farm,9: wind farm,
9,wind farm,9: wind farm,
9,wind farm,9: wind farm,
9,wind farm,9: wind farm,
9,wind farm,9: wind farm,
9,wind farm,9: wind farm,
9,wind farm,9: wind farm,
9,wind farm,9: wind farm,
9,wind farm,9: wind farm,
9,wind farm,9: wind farm,
9,wind farm,9: wind farm,
9,wind farm,9: wind farm,
9,wind farm,9: wind farm,
9,wind farm,9: wind farm,
9,wind farm,9: wind farm,
9,wind farm,9: wind farm,
9,wind farm,9: wind farm,
9,wind farm,9: wind farm,
9,wind farm,9: wind farm,
9,wind farm,9: wind farm,
9,wind farm,9: wind farm,
9,wind farm,9: wind farm,
9,wind farm,9: wind farm,
9,wind farm,9: wind farm,
9,wind farm,9: wind farm,
9,wind farm,9: wind farm,
9,wind farm,9: wind farm,
9,wind farm,9: wind farm,
9,wind farm,9: wind farm,
9,wind farm,9: wind farm,
9,wind farm,9: wind farm,
9,wind farm,9: wind farm,
9,wind farm,9: wind farm,
9,wind farm,9: wind farm,
9,wind farm,9: wind farm,
9,wind farm,9: wind farm,
9,wind farm,9: wind farm,
9,wind farm,9: wind farm,
9,wind farm,9: wind farm,
9,wind farm,9: wind farm,
9,wind farm,9: wind farm,
9,wind farm,9: wind farm,
9,wind farm,9: wind farm,
9,wind farm,9: wind farm,
9,wind farm,9: wind farm,
9,wind farm,9: wind farm,
9,wind farm,9: wind farm,
9,wind farm,9: wind farm,
9,wind farm,9: wind farm,
9,wind farm,9: wind farm,
9,wind farm,9: wind farm,
9,wind farm,9: wind farm,
9,wind farm,9: wind farm,
9,wind farm,9: wind farm,
9,wind farm,9: wind farm,
9,wind farm,9: wind farm,
9,wind farm,9: wind farm,
9,wind farm,9: wind farm,
9,wind farm,9: wind farm,
9,wind farm,9: wind farm,
9,wind farm,9: wind farm,
9,wind farm,9: wind farm,
9,wind farm,9: wind farm,
9,wind farm,9: wind farm,
9,wind farm,9: wind farm,
9,wind farm,9: wind farm,
9,wind farm,9: wind farm,
9,wind farm,9: wind farm,
9,wind farm,9: wind farm,
9,wind farm,9: wind farm,
9,wind farm,9: wind farm,
9,wind farm,9: wind farm,
9,wind farm,9: wind farm,
9,wind farm,9: wind farm,
9,wind farm,9: wind farm,
9,wind farm,9: wind farm,
9,wind farm,9: wind farm,
9,wind farm,9: wind farm,
9,wind farm,9: wind farm,
9,wind farm,9: wind farm,
9,wind farm,9: wind farm,
9,wind farm,9: wind farm,
9,wind farm,9: wind farm,
9,wind farm,9: wind farm,
9,wind farm,9: wind farm,
9,wind farm,9: wind farm,
9,wind farm,9: wind farm,
9,wind farm,9: wind farm,
9,wind farm,9: wind farm,
9,wind farm,9: wind farm,
9,wind farm,9: wind farm,
9,wind farm,9: wind farm,
9,wind farm,9: wind farm,
9,wind farm,9: wind farm,
9,wind farm,9: wind farm,
9,wind farm,9: wind farm,
9,wind farm,9: wind farm,
9,wind farm,9: wind farm,
9,wind farm,9: wind farm,
9,wind farm,9: wind farm,
9,wind farm,9: wind farm,
9,wind farm,9: wind farm,
9,wind farm,9: wind farm,
9,wind farm,9: wind farm,
9,wind farm,9: wind farm,
9,wind farm,9: wind farm,
9,wind farm,9: wind farm,
9,wind farm,9: wind farm,
9,wind farm,9: wind farm,
9,wind farm,9: wind farm,
9,wind farm,9: wind farm,
9,wind farm,9: wind farm,
5,offshor grid,5: offshor grid,
5,offshor grid,5: offshor grid,
5,offshor grid,5: offshor grid,
5,offshor grid,5: offshor grid,
5,offshor grid,5: offshor grid,
5,offshor grid,5: offshor grid,
5,offshor grid,5: offshor grid,
5,offshor grid,5: offshor grid,
5,offshor grid,5: offshor grid,
5,offshor grid,5: offshor grid,
5,offshor grid,5: offshor grid,
5,offshor grid,5: offshor grid,
5,offshor grid,5: offshor grid,
5,offshor grid,5: offshor grid,
5,offshor grid,5: offshor grid,
5,offshor grid,5: offshor grid,
5,offshor grid,5: offshor grid,
5,offshor grid,5: offshor grid,
5,offshor grid,5: offshor grid,
5,offshor grid,5: offshor grid,
5,offshor grid,5: offshor grid,
5,offshor grid,5: offshor grid,
5,offshor grid,5: offshor grid,
5,offshor grid,5: offshor grid,
5,offshor grid,5: offshor grid,
5,offshor grid,5: offshor grid,
5,offshor grid,5: offshor grid,
5,offshor grid,5: offshor grid,
5,offshor grid,5: offshor grid,
5,offshor grid,5: offshor grid,
5,offshor grid,5: offshor grid,
5,offshor grid,5: offshor grid,
5,offshor grid,5: offshor grid,
5,offshor grid,5: offshor grid,
5,offshor grid,5: offshor grid,
5,offshor grid,5: offshor grid,
5,offshor grid,5: offshor grid,
5,offshor grid,5: offshor grid,
5,offshor grid,5: offshor grid,
5,offshor grid,5: offshor grid,
5,offshor grid,5: offshor grid,
5,offshor grid,5: offshor grid,
5,offshor grid,5: offshor grid,
5,offshor grid,5: offshor grid,
5,offshor grid,5: offshor grid,
5,offshor grid,5: offshor grid,
5,offshor grid,5: offshor grid,
5,offshor grid,5: offshor grid,
5,offshor grid,5: offshor grid,
5,offshor grid,5: offshor grid,
5,offshor grid,5: offshor grid,
5,offshor grid,5: offshor grid,
5,offshor grid,5: offshor grid,
5,offshor grid,5: offshor grid,
5,offshor grid,5: offshor grid,
5,offshor grid,5: offshor grid,
5,offshor grid,5: offshor grid,
5,offshor grid,5: offshor grid,
5,offshor grid,5: offshor grid,
5,offshor grid,5: offshor grid,
5,offshor grid,5: offshor grid,
5,offshor grid,5: offshor grid,
5,offshor grid,5: offshor grid,
5,offshor grid,5: offshor grid,
5,offshor grid,5: offshor grid,
5,offshor grid,5: offshor grid,
5,offshor grid,5: offshor grid,
5,offshor grid,5: offshor grid,
5,offshor grid,5: offshor grid,
5,offshor grid,5: offshor grid,
5,offshor grid,5: offshor grid,
5,offshor grid,5: offshor grid,
5,offshor grid,5: offshor grid,
5,offshor grid,5: offshor grid,
5,offshor grid,5: offshor grid,
5,offshor grid,5: offshor grid,
5,offshor grid,5: offshor grid,
5,offshor grid,5: offshor grid,
5,offshor grid,5: offshor grid,
5,offshor grid,5: offshor grid,
5,offshor grid,5: offshor grid,
5,offshor grid,5: offshor grid,
5,offshor grid,5: offshor grid,
5,offshor grid,5: offshor grid,
5,offshor grid,5: offshor grid,
5,offshor grid,5: offshor grid,
5,offshor grid,5: offshor grid,
5,offshor grid,5: offshor grid,
5,offshor grid,5: offshor grid,
5,offshor grid,5: offshor grid,
5,offshor grid,5: offshor grid,
5,offshor grid,5: offshor grid,
5,offshor grid,5: offshor grid,
5,offshor grid,5: offshor grid,
5,offshor grid,5: offshor grid,
5,offshor grid,5: offshor grid,
5,offshor grid,5: offshor grid,
5,offshor grid,5: offshor grid,
5,offshor grid,5: offshor grid,
5,offshor grid,5: offshor grid,
5,offshor grid,5: offshor grid,
5,offshor grid,5: offshor grid,
5,offshor grid,5: offshor grid,
5,offshor grid,5: offshor grid,
5,offshor grid,5: offshor grid,
5,offshor grid,5: offshor grid,
5,offshor grid,5: offshor grid,
5,offshor grid,5: offshor grid,
5,offshor grid,5: offshor grid,
5,offshor grid,5: offshor grid,
5,offshor grid,5: offshor grid,
5,offshor grid,5: offshor grid,
5,offshor grid,5: offshor grid,
5,offshor grid,5: offshor grid,
5,offshor grid,5: offshor grid,
5,offshor grid,5: offshor grid,
5,offshor grid,5: offshor grid,
5,offshor grid,5: offshor grid,
5,offshor grid,5: offshor grid,
5,offshor grid,5: offshor grid,
5,offshor grid,5: offshor grid,
5,offshor grid,5: offshor grid,
5,offshor grid,5: offshor grid,
5,offshor grid,5: offshor grid,
5,offshor grid,5: offshor grid,
5,offshor grid,5: offshor grid,
5,offshor grid,5: offshor grid,
5,offshor grid,5: offshor grid,
5,offshor grid,5: offshor grid,
5,offshor grid,5: offshor grid,
5,offshor grid,5: offshor grid,
5,offshor grid,5: offshor grid,
5,offshor grid,5: offshor grid,
5,offshor grid,5: offshor grid,
5,offshor grid,5: offshor grid,
5,offshor grid,5: offshor grid,
5,offshor grid,5: offshor grid,
5,offshor grid,5: offshor grid,
5,offshor grid,5: offshor grid,
5,offshor grid,5: offshor grid,
5,offshor grid,5: offshor grid,
5,offshor grid,5: offshor grid,
5,offshor grid,5: offshor grid,
5,offshor grid,5: offshor grid,
5,offshor grid,5: offshor grid,
5,offshor grid,5: offshor grid,
5,offshor grid,5: offshor grid,
5,offshor grid,5: offshor grid,
5,offshor grid,5: offshor grid,
5,offshor grid,5: offshor grid,
5,offshor grid,5: offshor grid,
5,offshor grid,5: offshor grid,
5,offshor grid,5: offshor grid,
5,offshor grid,5: offshor grid,
5,offshor grid,5: offshor grid,
5,offshor grid,5: offshor grid,
5,offshor grid,5: offshor grid,
5,offshor grid,5: offshor grid,
5,offshor grid,5: offshor grid,
5,offshor grid,5: offshor grid,
5,offshor grid,5: offshor grid,
5,offshor grid,5: offshor grid,
5,offshor grid,5: offshor grid,
5,offshor grid,5: offshor grid,
5,offshor grid,5: offshor grid,
5,offshor grid,5: offshor grid,
5,offshor grid,5: offshor grid,
5,offshor grid,5: offshor grid,
5,offshor grid,5: offshor grid,
5,offshor grid,5: offshor grid,
5,offshor grid,5: offshor grid,
5,offshor grid,5: offshor grid,
5,offshor grid,5: offshor grid,
5,offshor grid,5: offshor grid,
5,offshor grid,5: offshor grid,
1,abstract avail,1: abstract avail,
1,abstract avail,1: abstract avail,
1,abstract avail,1: abstract avail,
1,abstract avail,1: abstract avail,
1,abstract avail,1: abstract avail,
1,abstract avail,1: abstract avail,
1,abstract avail,1: abstract avail,
1,abstract avail,1: abstract avail,
1,abstract avail,1: abstract avail,
1,abstract avail,1: abstract avail,
1,abstract avail,1: abstract avail,
1,abstract avail,1: abstract avail,
1,abstract avail,1: abstract avail,
1,abstract avail,1: abstract avail,
1,abstract avail,1: abstract avail,
1,abstract avail,1: abstract avail,
1,abstract avail,1: abstract avail,
1,abstract avail,1: abstract avail,
1,abstract avail,1: abstract avail,
1,abstract avail,1: abstract avail,
1,abstract avail,1: abstract avail,
1,abstract avail,1: abstract avail,
1,abstract avail,1: abstract avail,
1,abstract avail,1: abstract avail,
1,abstract avail,1: abstract avail,
1,abstract avail,1: abstract avail,
1,abstract avail,1: abstract avail,
1,abstract avail,1: abstract avail,
1,abstract avail,1: abstract avail,
1,abstract avail,1: abstract avail,
1,abstract avail,1: abstract avail,
1,abstract avail,1: abstract avail,
1,abstract avail,1: abstract avail,
1,abstract avail,1: abstract avail,
1,abstract avail,1: abstract avail,
1,abstract avail,1: abstract avail,
1,abstract avail,1: abstract avail,
1,abstract avail,1: abstract avail,
1,abstract avail,1: abstract avail,
1,abstract avail,1: abstract avail,
1,abstract avail,1: abstract avail,
1,abstract avail,1: abstract avail,
1,abstract avail,1: abstract avail,
1,abstract avail,1: abstract avail,
1,abstract avail,1: abstract avail,
1,abstract avail,1: abstract avail,
1,abstract avail,1: abstract avail,
1,abstract avail,1: abstract avail,
1,abstract avail,1: abstract avail,
1,abstract avail,1: abstract avail,
1,abstract avail,1: abstract avail,
1,abstract avail,1: abstract avail,
1,abstract avail,1: abstract avail,
1,abstract avail,1: abstract avail,
1,abstract avail,1: abstract avail,
1,abstract avail,1: abstract avail,
1,abstract avail,1: abstract avail,
1,abstract avail,1: abstract avail,
1,abstract avail,1: abstract avail,
1,abstract avail,1: abstract avail,
1,abstract avail,1: abstract avail,
1,abstract avail,1: abstract avail,
1,abstract avail,1: abstract avail,
1,abstract avail,1: abstract avail,
1,abstract avail,1: abstract avail,
1,abstract avail,1: abstract avail,
1,abstract avail,1: abstract avail,
1,abstract avail,1: abstract avail,
1,abstract avail,1: abstract avail,
1,abstract avail,1: abstract avail,
1,abstract avail,1: abstract avail,
1,abstract avail,1: abstract avail,
1,abstract avail,1: abstract avail,
1,abstract avail,1: abstract avail,
1,abstract avail,1: abstract avail,
1,abstract avail,1: abstract avail,
1,abstract avail,1: abstract avail,
1,abstract avail,1: abstract avail,
1,abstract avail,1: abstract avail,
1,abstract avail,1: abstract avail,
1,abstract avail,1: abstract avail,
5,offshor grid,5: offshor grid,
5,offshor grid,5: offshor grid,
5,offshor grid,5: offshor grid,
5,offshor grid,5: offshor grid,
5,offshor grid,5: offshor grid,
5,offshor grid,5: offshor grid,
5,offshor grid,5: offshor grid,
5,offshor grid,5: offshor grid,
5,offshor grid,5: offshor grid,
5,offshor grid,5: offshor grid,
5,offshor grid,5: offshor grid,
5,offshor grid,5: offshor grid,
5,offshor grid,5: offshor grid,
5,offshor grid,5: offshor grid,
5,offshor grid,5: offshor grid,
5,offshor grid,5: offshor grid,
5,offshor grid,5: offshor grid,
5,offshor grid,5: offshor grid,
5,offshor grid,5: offshor grid,
5,offshor grid,5: offshor grid,
5,offshor grid,5: offshor grid,
5,offshor grid,5: offshor grid,
5,offshor grid,5: offshor grid,
5,offshor grid,5: offshor grid,
5,offshor grid,5: offshor grid,
5,offshor grid,5: offshor grid,
5,offshor grid,5: offshor grid,
5,offshor grid,5: offshor grid,
5,offshor grid,5: offshor grid,
5,offshor grid,5: offshor grid,
5,offshor grid,5: offshor grid,
5,offshor grid,5: offshor grid,
5,offshor grid,5: offshor grid,
5,offshor grid,5: offshor grid,
5,offshor grid,5: offshor grid,
5,offshor grid,5: offshor grid,
5,offshor grid,5: offshor grid,
5,offshor grid,5: offshor grid,
5,offshor grid,5: offshor grid,
5,offshor grid,5: offshor grid,
5,offshor grid,5: offshor grid,
5,offshor grid,5: offshor grid,
5,offshor grid,5: offshor grid,
5,offshor grid,5: offshor grid,
5,offshor grid,5: offshor grid,
5,offshor grid,5: offshor grid,
5,offshor grid,5: offshor grid,
5,offshor grid,5: offshor grid,
5,offshor grid,5: offshor grid,
5,offshor grid,5: offshor grid,
5,offshor grid,5: offshor grid,
5,offshor grid,5: offshor grid,
5,offshor grid,5: offshor grid,
5,offshor grid,5: offshor grid,
5,offshor grid,5: offshor grid,
5,offshor grid,5: offshor grid,
5,offshor grid,5: offshor grid,
5,offshor grid,5: offshor grid,
5,offshor grid,5: offshor grid,
5,offshor grid,5: offshor grid,
5,offshor grid,5: offshor grid,
5,offshor grid,5: offshor grid,
5,offshor grid,5: offshor grid,
5,offshor grid,5: offshor grid,
5,offshor grid,5: offshor grid,
5,offshor grid,5: offshor grid,
5,offshor grid,5: offshor grid,
5,offshor grid,5: offshor grid,
5,offshor grid,5: offshor grid,
5,offshor grid,5: offshor grid,
5,offshor grid,5: offshor grid,
5,offshor grid,5: offshor grid,
5,offshor grid,5: offshor grid,
5,offshor grid,5: offshor grid,
5,offshor grid,5: offshor grid,
5,offshor grid,5: offshor grid,
5,offshor grid,5: offshor grid,
5,offshor grid,5: offshor grid,
5,offshor grid,5: offshor grid,
5,offshor grid,5: offshor grid,
5,offshor grid,5: offshor grid,
5,offshor grid,5: offshor grid,
5,offshor grid,5: offshor grid,
5,offshor grid,5: offshor grid,
5,offshor grid,5: offshor grid,
5,offshor grid,5: offshor grid,
5,offshor grid,5: offshor grid,
5,offshor grid,5: offshor grid,
5,offshor grid,5: offshor grid,
5,offshor grid,5: offshor grid,
5,offshor grid,5: offshor grid,
5,offshor grid,5: offshor grid,
5,offshor grid,5: offshor grid,
5,offshor grid,5: offshor grid,
5,offshor grid,5: offshor grid,
5,offshor grid,5: offshor grid,
5,offshor grid,5: offshor grid,
5,offshor grid,5: offshor grid,
5,offshor grid,5: offshor grid,
5,offshor grid,5: offshor grid,
5,offshor grid,5: offshor grid,
5,offshor grid,5: offshor grid,
5,offshor grid,5: offshor grid,
5,offshor grid,5: offshor grid,
5,offshor grid,5: offshor grid,
5,offshor grid,5: offshor grid,
5,offshor grid,5: offshor grid,
5,offshor grid,5: offshor grid,
5,offshor grid,5: offshor grid,
5,offshor grid,5: offshor grid,
5,offshor grid,5: offshor grid,
5,offshor grid,5: offshor grid,
5,offshor grid,5: offshor grid,
5,offshor grid,5: offshor grid,
5,offshor grid,5: offshor grid,
5,offshor grid,5: offshor grid,
5,offshor grid,5: offshor grid,
5,offshor grid,5: offshor grid,
5,offshor grid,5: offshor grid,
5,offshor grid,5: offshor grid,
5,offshor grid,5: offshor grid,
5,offshor grid,5: offshor grid,
5,offshor grid,5: offshor grid,
5,offshor grid,5: offshor grid,
5,offshor grid,5: offshor grid,
5,offshor grid,5: offshor grid,
5,offshor grid,5: offshor grid,
5,offshor grid,5: offshor grid,
5,offshor grid,5: offshor grid,
5,offshor grid,5: offshor grid,
5,offshor grid,5: offshor grid,
5,offshor grid,5: offshor grid,
5,offshor grid,5: offshor grid,
5,offshor grid,5: offshor grid,
5,offshor grid,5: offshor grid,
5,offshor grid,5: offshor grid,
5,offshor grid,5: offshor grid,
5,offshor grid,5: offshor grid,
5,offshor grid,5: offshor grid,
5,offshor grid,5: offshor grid,
5,offshor grid,5: offshor grid,
5,offshor grid,5: offshor grid,
5,offshor grid,5: offshor grid,
5,offshor grid,5: offshor grid,
5,offshor grid,5: offshor grid,
5,offshor grid,5: offshor grid,
5,offshor grid,5: offshor grid,
5,offshor grid,5: offshor grid,
5,offshor grid,5: offshor grid,
5,offshor grid,5: offshor grid,
5,offshor grid,5: offshor grid,
5,offshor grid,5: offshor grid,
5,offshor grid,5: offshor grid,
5,offshor grid,5: offshor grid,
5,offshor grid,5: offshor grid,
5,offshor grid,5: offshor grid,
5,offshor grid,5: offshor grid,
5,offshor grid,5: offshor grid,
5,offshor grid,5: offshor grid,
5,offshor grid,5: offshor grid,
5,offshor grid,5: offshor grid,
5,offshor grid,5: offshor grid,
5,offshor grid,5: offshor grid,
5,offshor grid,5: offshor grid,
5,offshor grid,5: offshor grid,
5,offshor grid,5: offshor grid,
5,offshor grid,5: offshor grid,
5,offshor grid,5: offshor grid,
5,offshor grid,5: offshor grid,
5,offshor grid,5: offshor grid,
5,offshor grid,5: offshor grid,
5,offshor grid,5: offshor grid,
5,offshor grid,5: offshor grid,
5,offshor grid,5: offshor grid,
5,offshor grid,5: offshor grid,
5,offshor grid,5: offshor grid,
5,offshor grid,5: offshor grid,
5,offshor grid,5: offshor grid,
5,offshor grid,5: offshor grid,
5,offshor grid,5: offshor grid,
5,offshor grid,5: offshor grid,
5,offshor grid,5: offshor grid,
5,offshor grid,5: offshor grid,
5,offshor grid,5: offshor grid,
5,offshor grid,5: offshor grid,
5,offshor grid,5: offshor grid,
5,offshor grid,5: offshor grid,
5,offshor grid,5: offshor grid,
5,offshor grid,5: offshor grid,
5,offshor grid,5: offshor grid,
5,offshor grid,5: offshor grid,
5,offshor grid,5: offshor grid,
5,offshor grid,5: offshor grid,
5,offshor grid,5: offshor grid,
5,offshor grid,5: offshor grid,
5,offshor grid,5: offshor grid,
5,offshor grid,5: offshor grid,
5,offshor grid,5: offshor grid,
5,offshor grid,5: offshor grid,
5,offshor grid,5: offshor grid,
5,offshor grid,5: offshor grid,
5,offshor grid,5: offshor grid,
5,offshor grid,5: offshor grid,
5,offshor grid,5: offshor grid,
5,offshor grid,5: offshor grid,
5,offshor grid,5: offshor grid,
5,offshor grid,5: offshor grid,
5,offshor grid,5: offshor grid,
5,offshor grid,5: offshor grid,
5,offshor grid,5: offshor grid,
5,offshor grid,5: offshor grid,
5,offshor grid,5: offshor grid,
5,offshor grid,5: offshor grid,
5,offshor grid,5: offshor grid,
5,offshor grid,5: offshor grid,
5,offshor grid,5: offshor grid,
5,offshor grid,5: offshor grid,
5,offshor grid,5: offshor grid,
5,offshor grid,5: offshor grid,
5,offshor grid,5: offshor grid,
5,offshor grid,5: offshor grid,
5,offshor grid,5: offshor grid,
5,offshor grid,5: offshor grid,
5,offshor grid,5: offshor grid,
5,offshor grid,5: offshor grid,
5,offshor grid,5: offshor grid,
5,offshor grid,5: offshor grid,
5,offshor grid,5: offshor grid,
5,offshor grid,5: offshor grid,
5,offshor grid,5: offshor grid,
5,offshor grid,5: offshor grid,
5,offshor grid,5: offshor grid,
5,offshor grid,5: offshor grid,
5,offshor grid,5: offshor grid,
5,offshor grid,5: offshor grid,
5,offshor grid,5: offshor grid,
5,offshor grid,5: offshor grid,
5,offshor grid,5: offshor grid,
5,offshor grid,5: offshor grid,
5,offshor grid,5: offshor grid,
5,offshor grid,5: offshor grid,
5,offshor grid,5: offshor grid,
5,offshor grid,5: offshor grid,
5,offshor grid,5: offshor grid,
5,offshor grid,5: offshor grid,
5,offshor grid,5: offshor grid,
5,offshor grid,5: offshor grid,
5,offshor grid,5: offshor grid,
5,offshor grid,5: offshor grid,
5,offshor grid,5: offshor grid,
5,offshor grid,5: offshor grid,
5,offshor grid,5: offshor grid,
5,offshor grid,5: offshor grid,
5,offshor grid,5: offshor grid,
5,offshor grid,5: offshor grid,
5,offshor grid,5: offshor grid,
5,offshor grid,5: offshor grid,
5,offshor grid,5: offshor grid,
5,offshor grid,5: offshor grid,
5,offshor grid,5: offshor grid,
5,offshor grid,5: offshor grid,
5,offshor grid,5: offshor grid,
5,offshor grid,5: offshor grid,
5,offshor grid,5: offshor grid,
5,offshor grid,5: offshor grid,
5,offshor grid,5: offshor grid,
5,offshor grid,5: offshor grid,
5,offshor grid,5: offshor grid,
5,offshor grid,5: offshor grid,
5,offshor grid,5: offshor grid,
5,offshor grid,5: offshor grid,
5,offshor grid,5: offshor grid,
5,offshor grid,5: offshor grid,
5,offshor grid,5: offshor grid,
5,offshor grid,5: offshor grid,
5,offshor grid,5: offshor grid,
5,offshor grid,5: offshor grid,
5,offshor grid,5: offshor grid,
5,offshor grid,5: offshor grid,
5,offshor grid,5: offshor grid,
5,offshor grid,5: offshor grid,
5,offshor grid,5: offshor grid,
5,offshor grid,5: offshor grid,
5,offshor grid,5: offshor grid,
5,offshor grid,5: offshor grid,
5,offshor grid,5: offshor grid,
5,offshor grid,5: offshor grid,
5,offshor grid,5: offshor grid,
5,offshor grid,5: offshor grid,
5,offshor grid,5: offshor grid,
5,offshor grid,5: offshor grid,
5,offshor grid,5: offshor grid,
5,offshor grid,5: offshor grid,
5,offshor grid,5: offshor grid,
5,offshor grid,5: offshor grid,
5,offshor grid,5: offshor grid,
5,offshor grid,5: offshor grid,
5,offshor grid,5: offshor grid,
5,offshor grid,5: offshor grid,
5,offshor grid,5: offshor grid,
5,offshor grid,5: offshor grid,
5,offshor grid,5: offshor grid,
5,offshor grid,5: offshor grid,
5,offshor grid,5: offshor grid,
5,offshor grid,5: offshor grid,
5,offshor grid,5: offshor grid,
5,offshor grid,5: offshor grid,
5,offshor grid,5: offshor grid,
5,offshor grid,5: offshor grid,
5,offshor grid,5: offshor grid,
5,offshor grid,5: offshor grid,
5,offshor grid,5: offshor grid,
5,offshor grid,5: offshor grid,
5,offshor grid,5: offshor grid,
5,offshor grid,5: offshor grid,
5,offshor grid,5: offshor grid,
5,offshor grid,5: offshor grid,
5,offshor grid,5: offshor grid,
5,offshor grid,5: offshor grid,
5,offshor grid,5: offshor grid,
5,offshor grid,5: offshor grid,
5,offshor grid,5: offshor grid,
5,offshor grid,5: offshor grid,
5,offshor grid,5: offshor grid,
5,offshor grid,5: offshor grid,
5,offshor grid,5: offshor grid,
5,offshor grid,5: offshor grid,
5,offshor grid,5: offshor grid,
5,offshor grid,5: offshor grid,
5,offshor grid,5: offshor grid,
5,offshor grid,5: offshor grid,
5,offshor grid,5: offshor grid,
5,offshor grid,5: offshor grid,
5,offshor grid,5: offshor grid,
5,offshor grid,5: offshor grid,
5,offshor grid,5: offshor grid,
5,offshor grid,5: offshor grid,
5,offshor grid,5: offshor grid,
5,offshor grid,5: offshor grid,
5,offshor grid,5: offshor grid,
5,offshor grid,5: offshor grid,
5,offshor grid,5: offshor grid,
5,offshor grid,5: offshor grid,
5,offshor grid,5: offshor grid,
5,offshor grid,5: offshor grid,
5,offshor grid,5: offshor grid,
5,offshor grid,5: offshor grid,
5,offshor grid,5: offshor grid,
5,offshor grid,5: offshor grid,
5,offshor grid,5: offshor grid,
9,wind farm,9: wind farm,
9,wind farm,9: wind farm,
9,wind farm,9: wind farm,
9,wind farm,9: wind farm,
9,wind farm,9: wind farm,
9,wind farm,9: wind farm,
9,wind farm,9: wind farm,
9,wind farm,9: wind farm,
9,wind farm,9: wind farm,
9,wind farm,9: wind farm,
9,wind farm,9: wind farm,
9,wind farm,9: wind farm,
9,wind farm,9: wind farm,
9,wind farm,9: wind farm,
9,wind farm,9: wind farm,
9,wind farm,9: wind farm,
9,wind farm,9: wind farm,
9,wind farm,9: wind farm,
9,wind farm,9: wind farm,
9,wind farm,9: wind farm,
9,wind farm,9: wind farm,
9,wind farm,9: wind farm,
9,wind farm,9: wind farm,
9,wind farm,9: wind farm,
9,wind farm,9: wind farm,
9,wind farm,9: wind farm,
9,wind farm,9: wind farm,
9,wind farm,9: wind farm,
9,wind farm,9: wind farm,
9,wind farm,9: wind farm,
9,wind farm,9: wind farm,
9,wind farm,9: wind farm,
9,wind farm,9: wind farm,
9,wind farm,9: wind farm,
9,wind farm,9: wind farm,
9,wind farm,9: wind farm,
9,wind farm,9: wind farm,
9,wind farm,9: wind farm,
9,wind farm,9: wind farm,
9,wind farm,9: wind farm,
9,wind farm,9: wind farm,
9,wind farm,9: wind farm,
9,wind farm,9: wind farm,
9,wind farm,9: wind farm,
9,wind farm,9: wind farm,
9,wind farm,9: wind farm,
9,wind farm,9: wind farm,
9,wind farm,9: wind farm,
9,wind farm,9: wind farm,
9,wind farm,9: wind farm,
9,wind farm,9: wind farm,
9,wind farm,9: wind farm,
9,wind farm,9: wind farm,
9,wind farm,9: wind farm,
9,wind farm,9: wind farm,
9,wind farm,9: wind farm,
9,wind farm,9: wind farm,
9,wind farm,9: wind farm,
9,wind farm,9: wind farm,
9,wind farm,9: wind farm,
9,wind farm,9: wind farm,
9,wind farm,9: wind farm,
9,wind farm,9: wind farm,
9,wind farm,9: wind farm,
9,wind farm,9: wind farm,
9,wind farm,9: wind farm,
9,wind farm,9: wind farm,
9,wind farm,9: wind farm,
9,wind farm,9: wind farm,
9,wind farm,9: wind farm,
9,wind farm,9: wind farm,
9,wind farm,9: wind farm,
9,wind farm,9: wind farm,
9,wind farm,9: wind farm,
9,wind farm,9: wind farm,
9,wind farm,9: wind farm,
9,wind farm,9: wind farm,
9,wind farm,9: wind farm,
9,wind farm,9: wind farm,
9,wind farm,9: wind farm,
9,wind farm,9: wind farm,
9,wind farm,9: wind farm,
9,wind farm,9: wind farm,
9,wind farm,9: wind farm,
9,wind farm,9: wind farm,
9,wind farm,9: wind farm,
9,wind farm,9: wind farm,
9,wind farm,9: wind farm,
9,wind farm,9: wind farm,
9,wind farm,9: wind farm,
9,wind farm,9: wind farm,
9,wind farm,9: wind farm,
9,wind farm,9: wind farm,
9,wind farm,9: wind farm,
9,wind farm,9: wind farm,
9,wind farm,9: wind farm,
9,wind farm,9: wind farm,
9,wind farm,9: wind farm,
9,wind farm,9: wind farm,
9,wind farm,9: wind farm,
9,wind farm,9: wind farm,
9,wind farm,9: wind farm,
9,wind farm,9: wind farm,
9,wind farm,9: wind farm,
9,wind farm,9: wind farm,
9,wind farm,9: wind farm,
9,wind farm,9: wind farm,
9,wind farm,9: wind farm,
9,wind farm,9: wind farm,
9,wind farm,9: wind farm,
9,wind farm,9: wind farm,
9,wind farm,9: wind farm,
9,wind farm,9: wind farm,
9,wind farm,9: wind farm,
9,wind farm,9: wind farm,
9,wind farm,9: wind farm,
9,wind farm,9: wind farm,
9,wind farm,9: wind farm,
9,wind farm,9: wind farm,
9,wind farm,9: wind farm,
9,wind farm,9: wind farm,
9,wind farm,9: wind farm,
9,wind farm,9: wind farm,
9,wind farm,9: wind farm,
9,wind farm,9: wind farm,
9,wind farm,9: wind farm,
9,wind farm,9: wind farm,
9,wind farm,9: wind farm,
9,wind farm,9: wind farm,
9,wind farm,9: wind farm,
9,wind farm,9: wind farm,
9,wind farm,9: wind farm,
9,wind farm,9: wind farm,
9,wind farm,9: wind farm,
9,wind farm,9: wind farm,
9,wind farm,9: wind farm,
9,wind farm,9: wind farm,
9,wind farm,9: wind farm,
9,wind farm,9: wind farm,
9,wind farm,9: wind farm,
9,wind farm,9: wind farm,
9,wind farm,9: wind farm,
9,wind farm,9: wind farm,
9,wind farm,9: wind farm,
9,wind farm,9: wind farm,
9,wind farm,9: wind farm,
9,wind farm,9: wind farm,
9,wind farm,9: wind farm,
9,wind farm,9: wind farm,
9,wind farm,9: wind farm,
9,wind farm,9: wind farm,
9,wind farm,9: wind farm,
9,wind farm,9: wind farm,
9,wind farm,9: wind farm,
9,wind farm,9: wind farm,
9,wind farm,9: wind farm,
9,wind farm,9: wind farm,
9,wind farm,9: wind farm,
9,wind farm,9: wind farm,
9,wind farm,9: wind farm,
9,wind farm,9: wind farm,
9,wind farm,9: wind farm,
9,wind farm,9: wind farm,
9,wind farm,9: wind farm,
9,wind farm,9: wind farm,
9,wind farm,9: wind farm,
9,wind farm,9: wind farm,
9,wind farm,9: wind farm,
9,wind farm,9: wind farm,
9,wind farm,9: wind farm,
9,wind farm,9: wind farm,
9,wind farm,9: wind farm,
9,wind farm,9: wind farm,
9,wind farm,9: wind farm,
9,wind farm,9: wind farm,
9,wind farm,9: wind farm,
9,wind farm,9: wind farm,
9,wind farm,9: wind farm,
9,wind farm,9: wind farm,
9,wind farm,9: wind farm,
9,wind farm,9: wind farm,
9,wind farm,9: wind farm,
9,wind farm,9: wind farm,
9,wind farm,9: wind farm,
9,wind farm,9: wind farm,
9,wind farm,9: wind farm,
9,wind farm,9: wind farm,
9,wind farm,9: wind farm,
9,wind farm,9: wind farm,
9,wind farm,9: wind farm,
9,wind farm,9: wind farm,
9,wind farm,9: wind farm,
9,wind farm,9: wind farm,
9,wind farm,9: wind farm,
9,wind farm,9: wind farm,
9,wind farm,9: wind farm,
9,wind farm,9: wind farm,
9,wind farm,9: wind farm,
9,wind farm,9: wind farm,
9,wind farm,9: wind farm,
9,wind farm,9: wind farm,
9,wind farm,9: wind farm,
9,wind farm,9: wind farm,
9,wind farm,9: wind farm,
9,wind farm,9: wind farm,
9,wind farm,9: wind farm,
9,wind farm,9: wind farm,
9,wind farm,9: wind farm,
9,wind farm,9: wind farm,
9,wind farm,9: wind farm,
9,wind farm,9: wind farm,
9,wind farm,9: wind farm,
9,wind farm,9: wind farm,
9,wind farm,9: wind farm,
9,wind farm,9: wind farm,
9,wind farm,9: wind farm,
9,wind farm,9: wind farm,
9,wind farm,9: wind farm,
9,wind farm,9: wind farm,
9,wind farm,9: wind farm,
9,wind farm,9: wind farm,
9,wind farm,9: wind farm,
9,wind farm,9: wind farm,
9,wind farm,9: wind farm,
9,wind farm,9: wind farm,
9,wind farm,9: wind farm,
9,wind farm,9: wind farm,
9,wind farm,9: wind farm,
9,wind farm,9: wind farm,
9,wind farm,9: wind farm,
9,wind farm,9: wind farm,
9,wind farm,9: wind farm,
9,wind farm,9: wind farm,
9,wind farm,9: wind farm,
9,wind farm,9: wind farm,
9,wind farm,9: wind farm,
9,wind farm,9: wind farm,
9,wind farm,9: wind farm,
9,wind farm,9: wind farm,
9,wind farm,9: wind farm,
9,wind farm,9: wind farm,
9,wind farm,9: wind farm,
9,wind farm,9: wind farm,
9,wind farm,9: wind farm,
9,wind farm,9: wind farm,
9,wind farm,9: wind farm,
9,wind farm,9: wind farm,
9,wind farm,9: wind farm,
9,wind farm,9: wind farm,
9,wind farm,9: wind farm,
9,wind farm,9: wind farm,
9,wind farm,9: wind farm,
9,wind farm,9: wind farm,
9,wind farm,9: wind farm,
9,wind farm,9: wind farm,
9,wind farm,9: wind farm,
9,wind farm,9: wind farm,
9,wind farm,9: wind farm,
9,wind farm,9: wind farm,
9,wind farm,9: wind farm,
9,wind farm,9: wind farm,
9,wind farm,9: wind farm,
9,wind farm,9: wind farm,
9,wind farm,9: wind farm,
9,wind farm,9: wind farm,
9,wind farm,9: wind farm,
9,wind farm,9: wind farm,
9,wind farm,9: wind farm,
9,wind farm,9: wind farm,
9,wind farm,9: wind farm,
9,wind farm,9: wind farm,
9,wind farm,9: wind farm,
9,wind farm,9: wind farm,
9,wind farm,9: wind farm,
9,wind farm,9: wind farm,
9,wind farm,9: wind farm,
9,wind farm,9: wind farm,
9,wind farm,9: wind farm,
9,wind farm,9: wind farm,
9,wind farm,9: wind farm,
9,wind farm,9: wind farm,
9,wind farm,9: wind farm,
9,wind farm,9: wind farm,
9,wind farm,9: wind farm,
9,wind farm,9: wind farm,
9,wind farm,9: wind farm,
9,wind farm,9: wind farm,
9,wind farm,9: wind farm,
9,wind farm,9: wind farm,
9,wind farm,9: wind farm,
9,wind farm,9: wind farm,
9,wind farm,9: wind farm,
9,wind farm,9: wind farm,
9,wind farm,9: wind farm,
9,wind farm,9: wind farm,
9,wind farm,9: wind farm,
9,wind farm,9: wind farm,
9,wind farm,9: wind farm,
9,wind farm,9: wind farm,
9,wind farm,9: wind farm,
9,wind farm,9: wind farm,
9,wind farm,9: wind farm,
9,wind farm,9: wind farm,
9,wind farm,9: wind farm,
9,wind farm,9: wind farm,
9,wind farm,9: wind farm,
9,wind farm,9: wind farm,
9,wind farm,9: wind farm,
9,wind farm,9: wind farm,
9,wind farm,9: wind farm,
9,wind farm,9: wind farm,
9,wind farm,9: wind farm,
9,wind farm,9: wind farm,
9,wind farm,9: wind farm,
9,wind farm,9: wind farm,
9,wind farm,9: wind farm,
9,wind farm,9: wind farm,
9,wind farm,9: wind farm,
9,wind farm,9: wind farm,
9,wind farm,9: wind farm,
9,wind farm,9: wind farm,
9,wind farm,9: wind farm,
5,offshor grid,5: offshor grid,
5,offshor grid,5: offshor grid,
5,offshor grid,5: offshor grid,
5,offshor grid,5: offshor grid,
5,offshor grid,5: offshor grid,
5,offshor grid,5: offshor grid,
5,offshor grid,5: offshor grid,
5,offshor grid,5: offshor grid,
5,offshor grid,5: offshor grid,
5,offshor grid,5: offshor grid,
5,offshor grid,5: offshor grid,
5,offshor grid,5: offshor grid,
5,offshor grid,5: offshor grid,
5,offshor grid,5: offshor grid,
5,offshor grid,5: offshor grid,
5,offshor grid,5: offshor grid,
5,offshor grid,5: offshor grid,
5,offshor grid,5: offshor grid,
5,offshor grid,5: offshor grid,
5,offshor grid,5: offshor grid,
5,offshor grid,5: offshor grid,
5,offshor grid,5: offshor grid,
5,offshor grid,5: offshor grid,
5,offshor grid,5: offshor grid,
5,offshor grid,5: offshor grid,
5,offshor grid,5: offshor grid,
5,offshor grid,5: offshor grid,
5,offshor grid,5: offshor grid,
5,offshor grid,5: offshor grid,
5,offshor grid,5: offshor grid,
5,offshor grid,5: offshor grid,
5,offshor grid,5: offshor grid,
5,offshor grid,5: offshor grid,
5,offshor grid,5: offshor grid,
5,offshor grid,5: offshor grid,
5,offshor grid,5: offshor grid,
5,offshor grid,5: offshor grid,
5,offshor grid,5: offshor grid,
5,offshor grid,5: offshor grid,
5,offshor grid,5: offshor grid,
5,offshor grid,5: offshor grid,
5,offshor grid,5: offshor grid,
5,offshor grid,5: offshor grid,
5,offshor grid,5: offshor grid,
5,offshor grid,5: offshor grid,
5,offshor grid,5: offshor grid,
5,offshor grid,5: offshor grid,
5,offshor grid,5: offshor grid,
5,offshor grid,5: offshor grid,
5,offshor grid,5: offshor grid,
5,offshor grid,5: offshor grid,
5,offshor grid,5: offshor grid,
5,offshor grid,5: offshor grid,
5,offshor grid,5: offshor grid,
5,offshor grid,5: offshor grid,
5,offshor grid,5: offshor grid,
5,offshor grid,5: offshor grid,
5,offshor grid,5: offshor grid,
5,offshor grid,5: offshor grid,
5,offshor grid,5: offshor grid,
5,offshor grid,5: offshor grid,
5,offshor grid,5: offshor grid,
5,offshor grid,5: offshor grid,
5,offshor grid,5: offshor grid,
5,offshor grid,5: offshor grid,
5,offshor grid,5: offshor grid,
5,offshor grid,5: offshor grid,
5,offshor grid,5: offshor grid,
5,offshor grid,5: offshor grid,
5,offshor grid,5: offshor grid,
5,offshor grid,5: offshor grid,
5,offshor grid,5: offshor grid,
5,offshor grid,5: offshor grid,
5,offshor grid,5: offshor grid,
5,offshor grid,5: offshor grid,
5,offshor grid,5: offshor grid,
5,offshor grid,5: offshor grid,
5,offshor grid,5: offshor grid,
5,offshor grid,5: offshor grid,
5,offshor grid,5: offshor grid,
5,offshor grid,5: offshor grid,
5,offshor grid,5: offshor grid,
5,offshor grid,5: offshor grid,
5,offshor grid,5: offshor grid,
5,offshor grid,5: offshor grid,
5,offshor grid,5: offshor grid,
5,offshor grid,5: offshor grid,
5,offshor grid,5: offshor grid,
5,offshor grid,5: offshor grid,
5,offshor grid,5: offshor grid,
5,offshor grid,5: offshor grid,
5,offshor grid,5: offshor grid,
5,offshor grid,5: offshor grid,
5,offshor grid,5: offshor grid,
5,offshor grid,5: offshor grid,
5,offshor grid,5: offshor grid,
5,offshor grid,5: offshor grid,
5,offshor grid,5: offshor grid,
5,offshor grid,5: offshor grid,
5,offshor grid,5: offshor grid,
5,offshor grid,5: offshor grid,
5,offshor grid,5: offshor grid,
5,offshor grid,5: offshor grid,
5,offshor grid,5: offshor grid,
5,offshor grid,5: offshor grid,
5,offshor grid,5: offshor grid,
5,offshor grid,5: offshor grid,
5,offshor grid,5: offshor grid,
5,offshor grid,5: offshor grid,
5,offshor grid,5: offshor grid,
5,offshor grid,5: offshor grid,
5,offshor grid,5: offshor grid,
5,offshor grid,5: offshor grid,
5,offshor grid,5: offshor grid,
5,offshor grid,5: offshor grid,
5,offshor grid,5: offshor grid,
5,offshor grid,5: offshor grid,
5,offshor grid,5: offshor grid,
5,offshor grid,5: offshor grid,
5,offshor grid,5: offshor grid,
5,offshor grid,5: offshor grid,
5,offshor grid,5: offshor grid,
5,offshor grid,5: offshor grid,
5,offshor grid,5: offshor grid,
5,offshor grid,5: offshor grid,
5,offshor grid,5: offshor grid,
5,offshor grid,5: offshor grid,
5,offshor grid,5: offshor grid,
5,offshor grid,5: offshor grid,
5,offshor grid,5: offshor grid,
5,offshor grid,5: offshor grid,
5,offshor grid,5: offshor grid,
5,offshor grid,5: offshor grid,
5,offshor grid,5: offshor grid,
5,offshor grid,5: offshor grid,
5,offshor grid,5: offshor grid,
5,offshor grid,5: offshor grid,
5,offshor grid,5: offshor grid,
5,offshor grid,5: offshor grid,
5,offshor grid,5: offshor grid,
5,offshor grid,5: offshor grid,
5,offshor grid,5: offshor grid,
5,offshor grid,5: offshor grid,
5,offshor grid,5: offshor grid,
5,offshor grid,5: offshor grid,
5,offshor grid,5: offshor grid,
5,offshor grid,5: offshor grid,
5,offshor grid,5: offshor grid,
5,offshor grid,5: offshor grid,
5,offshor grid,5: offshor grid,
5,offshor grid,5: offshor grid,
5,offshor grid,5: offshor grid,
5,offshor grid,5: offshor grid,
5,offshor grid,5: offshor grid,
5,offshor grid,5: offshor grid,
5,offshor grid,5: offshor grid,
5,offshor grid,5: offshor grid,
5,offshor grid,5: offshor grid,
5,offshor grid,5: offshor grid,
5,offshor grid,5: offshor grid,
5,offshor grid,5: offshor grid,
5,offshor grid,5: offshor grid,
5,offshor grid,5: offshor grid,
5,offshor grid,5: offshor grid,
5,offshor grid,5: offshor grid,
5,offshor grid,5: offshor grid,
5,offshor grid,5: offshor grid,
5,offshor grid,5: offshor grid,
5,offshor grid,5: offshor grid,
5,offshor grid,5: offshor grid,
5,offshor grid,5: offshor grid,
5,offshor grid,5: offshor grid,
5,offshor grid,5: offshor grid,
5,offshor grid,5: offshor grid,
5,offshor grid,5: offshor grid,
5,offshor grid,5: offshor grid,
5,offshor grid,5: offshor grid,
5,offshor grid,5: offshor grid,
5,offshor grid,5: offshor grid,
5,offshor grid,5: offshor grid,
5,offshor grid,5: offshor grid,
5,offshor grid,5: offshor grid,
5,offshor grid,5: offshor grid,
5,offshor grid,5: offshor grid,
5,offshor grid,5: offshor grid,
5,offshor grid,5: offshor grid,
5,offshor grid,5: offshor grid,
5,offshor grid,5: offshor grid,
5,offshor grid,5: offshor grid,
5,offshor grid,5: offshor grid,
5,offshor grid,5: offshor grid,
5,offshor grid,5: offshor grid,
5,offshor grid,5: offshor grid,
5,offshor grid,5: offshor grid,
5,offshor grid,5: offshor grid,
5,offshor grid,5: offshor grid,
5,offshor grid,5: offshor grid,
5,offshor grid,5: offshor grid,
5,offshor grid,5: offshor grid,
5,offshor grid,5: offshor grid,
5,offshor grid,5: offshor grid,
5,offshor grid,5: offshor grid,
5,offshor grid,5: offshor grid,
5,offshor grid,5: offshor grid,
5,offshor grid,5: offshor grid,
5,offshor grid,5: offshor grid,
5,offshor grid,5: offshor grid,
5,offshor grid,5: offshor grid,
5,offshor grid,5: offshor grid,
5,offshor grid,5: offshor grid,
5,offshor grid,5: offshor grid,
5,offshor grid,5: offshor grid,
5,offshor grid,5: offshor grid,
5,offshor grid,5: offshor grid,
5,offshor grid,5: offshor grid,
5,offshor grid,5: offshor grid,
5,offshor grid,5: offshor grid,
5,offshor grid,5: offshor grid,
5,offshor grid,5: offshor grid,
5,offshor grid,5: offshor grid,
5,offshor grid,5: offshor grid,
5,offshor grid,5: offshor grid,
5,offshor grid,5: offshor grid,
5,offshor grid,5: offshor grid,
5,offshor grid,5: offshor grid,
5,offshor grid,5: offshor grid,
5,offshor grid,5: offshor grid,
5,offshor grid,5: offshor grid,
5,offshor grid,5: offshor grid,
5,offshor grid,5: offshor grid,
5,offshor grid,5: offshor grid,
5,offshor grid,5: offshor grid,
5,offshor grid,5: offshor grid,
5,offshor grid,5: offshor grid,
5,offshor grid,5: offshor grid,
5,offshor grid,5: offshor grid,
5,offshor grid,5: offshor grid,
5,offshor grid,5: offshor grid,
5,offshor grid,5: offshor grid,
5,offshor grid,5: offshor grid,
5,offshor grid,5: offshor grid,
5,offshor grid,5: offshor grid,
5,offshor grid,5: offshor grid,
5,offshor grid,5: offshor grid,
5,offshor grid,5: offshor grid,
5,offshor grid,5: offshor grid,
5,offshor grid,5: offshor grid,
5,offshor grid,5: offshor grid,
5,offshor grid,5: offshor grid,
5,offshor grid,5: offshor grid,
5,offshor grid,5: offshor grid,
5,offshor grid,5: offshor grid,
5,offshor grid,5: offshor grid,
5,offshor grid,5: offshor grid,
5,offshor grid,5: offshor grid,
5,offshor grid,5: offshor grid,
5,offshor grid,5: offshor grid,
5,offshor grid,5: offshor grid,
5,offshor grid,5: offshor grid,
5,offshor grid,5: offshor grid,
5,offshor grid,5: offshor grid,
5,offshor grid,5: offshor grid,
5,offshor grid,5: offshor grid,
5,offshor grid,5: offshor grid,
5,offshor grid,5: offshor grid,
5,offshor grid,5: offshor grid,
5,offshor grid,5: offshor grid,
5,offshor grid,5: offshor grid,
5,offshor grid,5: offshor grid,
5,offshor grid,5: offshor grid,
5,offshor grid,5: offshor grid,
5,offshor grid,5: offshor grid,
5,offshor grid,5: offshor grid,
5,offshor grid,5: offshor grid,
5,offshor grid,5: offshor grid,
5,offshor grid,5: offshor grid,
5,offshor grid,5: offshor grid,
5,offshor grid,5: offshor grid,
5,offshor grid,5: offshor grid,
5,offshor grid,5: offshor grid,
5,offshor grid,5: offshor grid,
5,offshor grid,5: offshor grid,
5,offshor grid,5: offshor grid,
5,offshor grid,5: offshor grid,
5,offshor grid,5: offshor grid,
5,offshor grid,5: offshor grid,
5,offshor grid,5: offshor grid,
5,offshor grid,5: offshor grid,
5,offshor grid,5: offshor grid,
5,offshor grid,5: offshor grid,
5,offshor grid,5: offshor grid,
5,offshor grid,5: offshor grid,
5,offshor grid,5: offshor grid,
5,offshor grid,5: offshor grid,
5,offshor grid,5: offshor grid,
5,offshor grid,5: offshor grid,
5,offshor grid,5: offshor grid,
5,offshor grid,5: offshor grid,
5,offshor grid,5: offshor grid,
5,offshor grid,5: offshor grid,
5,offshor grid,5: offshor grid,
5,offshor grid,5: offshor grid,
5,offshor grid,5: offshor grid,
5,offshor grid,5: offshor grid,
5,offshor grid,5: offshor grid,
5,offshor grid,5: offshor grid,
5,offshor grid,5: offshor grid,
5,offshor grid,5: offshor grid,
5,offshor grid,5: offshor grid,
5,offshor grid,5: offshor grid,
5,offshor grid,5: offshor grid,
5,offshor grid,5: offshor grid,
5,offshor grid,5: offshor grid,
5,offshor grid,5: offshor grid,
5,offshor grid,5: offshor grid,
5,offshor grid,5: offshor grid,
5,offshor grid,5: offshor grid,
5,offshor grid,5: offshor grid,
5,offshor grid,5: offshor grid,
5,offshor grid,5: offshor grid,
5,offshor grid,5: offshor grid,
5,offshor grid,5: offshor grid,
5,offshor grid,5: offshor grid,
5,offshor grid,5: offshor grid,
5,offshor grid,5: offshor grid,
5,offshor grid,5: offshor grid,
5,offshor grid,5: offshor grid,
5,offshor grid,5: offshor grid,
5,offshor grid,5: offshor grid,
5,offshor grid,5: offshor grid,
5,offshor grid,5: offshor grid,
5,offshor grid,5: offshor grid,
5,offshor grid,5: offshor grid,
5,offshor grid,5: offshor grid,
5,offshor grid,5: offshor grid,
5,offshor grid,5: offshor grid,
5,offshor grid,5: offshor grid,
5,offshor grid,5: offshor grid,
5,offshor grid,5: offshor grid,
5,offshor grid,5: offshor grid,
5,offshor grid,5: offshor grid,
5,offshor grid,5: offshor grid,
5,offshor grid,5: offshor grid,
5,offshor grid,5: offshor grid,
5,offshor grid,5: offshor grid,
5,offshor grid,5: offshor grid,
5,offshor grid,5: offshor grid,
5,offshor grid,5: offshor grid,
5,offshor grid,5: offshor grid,
5,offshor grid,5: offshor grid,
9,wind farm,9: wind farm,
9,wind farm,9: wind farm,
9,wind farm,9: wind farm,
9,wind farm,9: wind farm,
9,wind farm,9: wind farm,
9,wind farm,9: wind farm,
9,wind farm,9: wind farm,
9,wind farm,9: wind farm,
9,wind farm,9: wind farm,
9,wind farm,9: wind farm,
9,wind farm,9: wind farm,
9,wind farm,9: wind farm,
9,wind farm,9: wind farm,
9,wind farm,9: wind farm,
9,wind farm,9: wind farm,
9,wind farm,9: wind farm,
9,wind farm,9: wind farm,
9,wind farm,9: wind farm,
9,wind farm,9: wind farm,
9,wind farm,9: wind farm,
9,wind farm,9: wind farm,
9,wind farm,9: wind farm,
9,wind farm,9: wind farm,
9,wind farm,9: wind farm,
9,wind farm,9: wind farm,
9,wind farm,9: wind farm,
9,wind farm,9: wind farm,
9,wind farm,9: wind farm,
9,wind farm,9: wind farm,
9,wind farm,9: wind farm,
9,wind farm,9: wind farm,
9,wind farm,9: wind farm,
9,wind farm,9: wind farm,
9,wind farm,9: wind farm,
9,wind farm,9: wind farm,
9,wind farm,9: wind farm,
9,wind farm,9: wind farm,
9,wind farm,9: wind farm,
9,wind farm,9: wind farm,
9,wind farm,9: wind farm,
9,wind farm,9: wind farm,
9,wind farm,9: wind farm,
9,wind farm,9: wind farm,
9,wind farm,9: wind farm,
9,wind farm,9: wind farm,
9,wind farm,9: wind farm,
9,wind farm,9: wind farm,
9,wind farm,9: wind farm,
9,wind farm,9: wind farm,
9,wind farm,9: wind farm,
9,wind farm,9: wind farm,
9,wind farm,9: wind farm,
9,wind farm,9: wind farm,
9,wind farm,9: wind farm,
9,wind farm,9: wind farm,
9,wind farm,9: wind farm,
9,wind farm,9: wind farm,
9,wind farm,9: wind farm,
9,wind farm,9: wind farm,
9,wind farm,9: wind farm,
9,wind farm,9: wind farm,
9,wind farm,9: wind farm,
9,wind farm,9: wind farm,
9,wind farm,9: wind farm,
9,wind farm,9: wind farm,
9,wind farm,9: wind farm,
9,wind farm,9: wind farm,
9,wind farm,9: wind farm,
9,wind farm,9: wind farm,
9,wind farm,9: wind farm,
9,wind farm,9: wind farm,
9,wind farm,9: wind farm,
9,wind farm,9: wind farm,
9,wind farm,9: wind farm,
9,wind farm,9: wind farm,
9,wind farm,9: wind farm,
9,wind farm,9: wind farm,
9,wind farm,9: wind farm,
9,wind farm,9: wind farm,
9,wind farm,9: wind farm,
9,wind farm,9: wind farm,
9,wind farm,9: wind farm,
9,wind farm,9: wind farm,
9,wind farm,9: wind farm,
9,wind farm,9: wind farm,
9,wind farm,9: wind farm,
9,wind farm,9: wind farm,
9,wind farm,9: wind farm,
9,wind farm,9: wind farm,
9,wind farm,9: wind farm,
9,wind farm,9: wind farm,
9,wind farm,9: wind farm,
9,wind farm,9: wind farm,
9,wind farm,9: wind farm,
9,wind farm,9: wind farm,
9,wind farm,9: wind farm,
9,wind farm,9: wind farm,
9,wind farm,9: wind farm,
9,wind farm,9: wind farm,
9,wind farm,9: wind farm,
9,wind farm,9: wind farm,
9,wind farm,9: wind farm,
9,wind farm,9: wind farm,
9,wind farm,9: wind farm,
9,wind farm,9: wind farm,
9,wind farm,9: wind farm,
9,wind farm,9: wind farm,
9,wind farm,9: wind farm,
9,wind farm,9: wind farm,
9,wind farm,9: wind farm,
9,wind farm,9: wind farm,
9,wind farm,9: wind farm,
9,wind farm,9: wind farm,
9,wind farm,9: wind farm,
9,wind farm,9: wind farm,
9,wind farm,9: wind farm,
9,wind farm,9: wind farm,
9,wind farm,9: wind farm,
9,wind farm,9: wind farm,
9,wind farm,9: wind farm,
9,wind farm,9: wind farm,
9,wind farm,9: wind farm,
9,wind farm,9: wind farm,
9,wind farm,9: wind farm,
9,wind farm,9: wind farm,
9,wind farm,9: wind farm,
9,wind farm,9: wind farm,
9,wind farm,9: wind farm,
9,wind farm,9: wind farm,
9,wind farm,9: wind farm,
9,wind farm,9: wind farm,
9,wind farm,9: wind farm,
9,wind farm,9: wind farm,
9,wind farm,9: wind farm,
9,wind farm,9: wind farm,
9,wind farm,9: wind farm,
9,wind farm,9: wind farm,
9,wind farm,9: wind farm,
9,wind farm,9: wind farm,
9,wind farm,9: wind farm,
9,wind farm,9: wind farm,
9,wind farm,9: wind farm,
9,wind farm,9: wind farm,
9,wind farm,9: wind farm,
9,wind farm,9: wind farm,
9,wind farm,9: wind farm,
9,wind farm,9: wind farm,
9,wind farm,9: wind farm,
9,wind farm,9: wind farm,
9,wind farm,9: wind farm,
9,wind farm,9: wind farm,
9,wind farm,9: wind farm,
9,wind farm,9: wind farm,
9,wind farm,9: wind farm,
9,wind farm,9: wind farm,
9,wind farm,9: wind farm,
9,wind farm,9: wind farm,
9,wind farm,9: wind farm,
9,wind farm,9: wind farm,
9,wind farm,9: wind farm,
9,wind farm,9: wind farm,
7,renew energi,7: renew energi,
7,renew energi,7: renew energi,
7,renew energi,7: renew energi,
7,renew energi,7: renew energi,
7,renew energi,7: renew energi,
7,renew energi,7: renew energi,
7,renew energi,7: renew energi,
7,renew energi,7: renew energi,
7,renew energi,7: renew energi,
7,renew energi,7: renew energi,
7,renew energi,7: renew energi,
7,renew energi,7: renew energi,
7,renew energi,7: renew energi,
7,renew energi,7: renew energi,
7,renew energi,7: renew energi,
7,renew energi,7: renew energi,
7,renew energi,7: renew energi,
7,renew energi,7: renew energi,
7,renew energi,7: renew energi,
7,renew energi,7: renew energi,
7,renew energi,7: renew energi,
7,renew energi,7: renew energi,
7,renew energi,7: renew energi,
7,renew energi,7: renew energi,
7,renew energi,7: renew energi,
7,renew energi,7: renew energi,
7,renew energi,7: renew energi,
7,renew energi,7: renew energi,
7,renew energi,7: renew energi,
7,renew energi,7: renew energi,
7,renew energi,7: renew energi,
7,renew energi,7: renew energi,
7,renew energi,7: renew energi,
7,renew energi,7: renew energi,
7,renew energi,7: renew energi,
7,renew energi,7: renew energi,
7,renew energi,7: renew energi,
7,renew energi,7: renew energi,
7,renew energi,7: renew energi,
7,renew energi,7: renew energi,
7,renew energi,7: renew energi,
7,renew energi,7: renew energi,
7,renew energi,7: renew energi,
7,renew energi,7: renew energi,
7,renew energi,7: renew energi,
7,renew energi,7: renew energi,
7,renew energi,7: renew energi,
7,renew energi,7: renew energi,
7,renew energi,7: renew energi,
7,renew energi,7: renew energi,
7,renew energi,7: renew energi,
7,renew energi,7: renew energi,
7,renew energi,7: renew energi,
7,renew energi,7: renew energi,
7,renew energi,7: renew energi,
7,renew energi,7: renew energi,
7,renew energi,7: renew energi,
7,renew energi,7: renew energi,
7,renew energi,7: renew energi,
7,renew energi,7: renew energi,
7,renew energi,7: renew energi,
7,renew energi,7: renew energi,
7,renew energi,7: renew energi,
7,renew energi,7: renew energi,
7,renew energi,7: renew energi,
7,renew energi,7: renew energi,
7,renew energi,7: renew energi,
7,renew energi,7: renew energi,
7,renew energi,7: renew energi,
7,renew energi,7: renew energi,
7,renew energi,7: renew energi,
7,renew energi,7: renew energi,
7,renew energi,7: renew energi,
7,renew energi,7: renew energi,
7,renew energi,7: renew energi,
7,renew energi,7: renew energi,
7,renew energi,7: renew energi,
7,renew energi,7: renew energi,
7,renew energi,7: renew energi,
7,renew energi,7: renew energi,
7,renew energi,7: renew energi,
7,renew energi,7: renew energi,
7,renew energi,7: renew energi,
7,renew energi,7: renew energi,
7,renew energi,7: renew energi,
7,renew energi,7: renew energi,
7,renew energi,7: renew energi,
7,renew energi,7: renew energi,
7,renew energi,7: renew energi,
7,renew energi,7: renew energi,
7,renew energi,7: renew energi,
7,renew energi,7: renew energi,
7,renew energi,7: renew energi,
7,renew energi,7: renew energi,
7,renew energi,7: renew energi,
7,renew energi,7: renew energi,
7,renew energi,7: renew energi,
7,renew energi,7: renew energi,
7,renew energi,7: renew energi,
7,renew energi,7: renew energi,
7,renew energi,7: renew energi,
7,renew energi,7: renew energi,
7,renew energi,7: renew energi,
7,renew energi,7: renew energi,
7,renew energi,7: renew energi,
7,renew energi,7: renew energi,
7,renew energi,7: renew energi,
7,renew energi,7: renew energi,
7,renew energi,7: renew energi,
7,renew energi,7: renew energi,
7,renew energi,7: renew energi,
7,renew energi,7: renew energi,
7,renew energi,7: renew energi,
7,renew energi,7: renew energi,
7,renew energi,7: renew energi,
7,renew energi,7: renew energi,
7,renew energi,7: renew energi,
7,renew energi,7: renew energi,
7,renew energi,7: renew energi,
7,renew energi,7: renew energi,
7,renew energi,7: renew energi,
7,renew energi,7: renew energi,
7,renew energi,7: renew energi,
7,renew energi,7: renew energi,
7,renew energi,7: renew energi,
7,renew energi,7: renew energi,
7,renew energi,7: renew energi,
7,renew energi,7: renew energi,
7,renew energi,7: renew energi,
7,renew energi,7: renew energi,
7,renew energi,7: renew energi,
7,renew energi,7: renew energi,
7,renew energi,7: renew energi,
7,renew energi,7: renew energi,
7,renew energi,7: renew energi,
7,renew energi,7: renew energi,
7,renew energi,7: renew energi,
7,renew energi,7: renew energi,
7,renew energi,7: renew energi,
7,renew energi,7: renew energi,
7,renew energi,7: renew energi,
7,renew energi,7: renew energi,
7,renew energi,7: renew energi,
7,renew energi,7: renew energi,
7,renew energi,7: renew energi,
7,renew energi,7: renew energi,
1,abstract avail,1: abstract avail,
1,abstract avail,1: abstract avail,
1,abstract avail,1: abstract avail,
1,abstract avail,1: abstract avail,
1,abstract avail,1: abstract avail,
1,abstract avail,1: abstract avail,
1,abstract avail,1: abstract avail,
1,abstract avail,1: abstract avail,
1,abstract avail,1: abstract avail,
1,abstract avail,1: abstract avail,
1,abstract avail,1: abstract avail,
1,abstract avail,1: abstract avail,
1,abstract avail,1: abstract avail,
1,abstract avail,1: abstract avail,
1,abstract avail,1: abstract avail,
1,abstract avail,1: abstract avail,
1,abstract avail,1: abstract avail,
1,abstract avail,1: abstract avail,
1,abstract avail,1: abstract avail,
1,abstract avail,1: abstract avail,
1,abstract avail,1: abstract avail,
1,abstract avail,1: abstract avail,
1,abstract avail,1: abstract avail,
1,abstract avail,1: abstract avail,
1,abstract avail,1: abstract avail,
1,abstract avail,1: abstract avail,
1,abstract avail,1: abstract avail,
1,abstract avail,1: abstract avail,
1,abstract avail,1: abstract avail,
1,abstract avail,1: abstract avail,
1,abstract avail,1: abstract avail,
1,abstract avail,1: abstract avail,
1,abstract avail,1: abstract avail,
1,abstract avail,1: abstract avail,
1,abstract avail,1: abstract avail,
1,abstract avail,1: abstract avail,
1,abstract avail,1: abstract avail,
1,abstract avail,1: abstract avail,
1,abstract avail,1: abstract avail,
1,abstract avail,1: abstract avail,
1,abstract avail,1: abstract avail,
1,abstract avail,1: abstract avail,
1,abstract avail,1: abstract avail,
1,abstract avail,1: abstract avail,
1,abstract avail,1: abstract avail,
1,abstract avail,1: abstract avail,
1,abstract avail,1: abstract avail,
1,abstract avail,1: abstract avail,
1,abstract avail,1: abstract avail,
1,abstract avail,1: abstract avail,
1,abstract avail,1: abstract avail,
1,abstract avail,1: abstract avail,
1,abstract avail,1: abstract avail,
1,abstract avail,1: abstract avail,
1,abstract avail,1: abstract avail,
1,abstract avail,1: abstract avail,
1,abstract avail,1: abstract avail,
1,abstract avail,1: abstract avail,
1,abstract avail,1: abstract avail,
1,abstract avail,1: abstract avail,
1,abstract avail,1: abstract avail,
1,abstract avail,1: abstract avail,
1,abstract avail,1: abstract avail,
1,abstract avail,1: abstract avail,
1,abstract avail,1: abstract avail,
1,abstract avail,1: abstract avail,
1,abstract avail,1: abstract avail,
1,abstract avail,1: abstract avail,
1,abstract avail,1: abstract avail,
1,abstract avail,1: abstract avail,
1,abstract avail,1: abstract avail,
1,abstract avail,1: abstract avail,
1,abstract avail,1: abstract avail,
1,abstract avail,1: abstract avail,
1,abstract avail,1: abstract avail,
1,abstract avail,1: abstract avail,
1,abstract avail,1: abstract avail,
1,abstract avail,1: abstract avail,
1,abstract avail,1: abstract avail,
1,abstract avail,1: abstract avail,
1,abstract avail,1: abstract avail,
1,abstract avail,1: abstract avail,
1,abstract avail,1: abstract avail,
1,abstract avail,1: abstract avail,
1,abstract avail,1: abstract avail,
1,abstract avail,1: abstract avail,
1,abstract avail,1: abstract avail,
1,abstract avail,1: abstract avail,
1,abstract avail,1: abstract avail,
1,abstract avail,1: abstract avail,
1,abstract avail,1: abstract avail,
1,abstract avail,1: abstract avail,
1,abstract avail,1: abstract avail,
1,abstract avail,1: abstract avail,
1,abstract avail,1: abstract avail,
1,abstract avail,1: abstract avail,
1,abstract avail,1: abstract avail,
1,abstract avail,1: abstract avail,
1,abstract avail,1: abstract avail,
1,abstract avail,1: abstract avail,
1,abstract avail,1: abstract avail,
1,abstract avail,1: abstract avail,
1,abstract avail,1: abstract avail,
1,abstract avail,1: abstract avail,
1,abstract avail,1: abstract avail,
1,abstract avail,1: abstract avail,
1,abstract avail,1: abstract avail,
1,abstract avail,1: abstract avail,
1,abstract avail,1: abstract avail,
1,abstract avail,1: abstract avail,
1,abstract avail,1: abstract avail,
1,abstract avail,1: abstract avail,
1,abstract avail,1: abstract avail,
1,abstract avail,1: abstract avail,
1,abstract avail,1: abstract avail,
1,abstract avail,1: abstract avail,
1,abstract avail,1: abstract avail,
1,abstract avail,1: abstract avail,
1,abstract avail,1: abstract avail,
1,abstract avail,1: abstract avail,
1,abstract avail,1: abstract avail,
1,abstract avail,1: abstract avail,
1,abstract avail,1: abstract avail,
1,abstract avail,1: abstract avail,
1,abstract avail,1: abstract avail,
1,abstract avail,1: abstract avail,
1,abstract avail,1: abstract avail,
1,abstract avail,1: abstract avail,
1,abstract avail,1: abstract avail,
1,abstract avail,1: abstract avail,
1,abstract avail,1: abstract avail,
1,abstract avail,1: abstract avail,
1,abstract avail,1: abstract avail,
1,abstract avail,1: abstract avail,
1,abstract avail,1: abstract avail,
1,abstract avail,1: abstract avail,
1,abstract avail,1: abstract avail,
1,abstract avail,1: abstract avail,
1,abstract avail,1: abstract avail,
1,abstract avail,1: abstract avail,
1,abstract avail,1: abstract avail,
1,abstract avail,1: abstract avail,
1,abstract avail,1: abstract avail,
1,abstract avail,1: abstract avail,
1,abstract avail,1: abstract avail,
1,abstract avail,1: abstract avail,
1,abstract avail,1: abstract avail,
1,abstract avail,1: abstract avail,
1,abstract avail,1: abstract avail,
1,abstract avail,1: abstract avail,
1,abstract avail,1: abstract avail,
1,abstract avail,1: abstract avail,
1,abstract avail,1: abstract avail,
1,abstract avail,1: abstract avail,
1,abstract avail,1: abstract avail,
1,abstract avail,1: abstract avail,
1,abstract avail,1: abstract avail,
1,abstract avail,1: abstract avail,
1,abstract avail,1: abstract avail,
1,abstract avail,1: abstract avail,
1,abstract avail,1: abstract avail,
1,abstract avail,1: abstract avail,
5,offshor grid,5: offshor grid,
5,offshor grid,5: offshor grid,
5,offshor grid,5: offshor grid,
5,offshor grid,5: offshor grid,
5,offshor grid,5: offshor grid,
5,offshor grid,5: offshor grid,
5,offshor grid,5: offshor grid,
5,offshor grid,5: offshor grid,
5,offshor grid,5: offshor grid,
5,offshor grid,5: offshor grid,
5,offshor grid,5: offshor grid,
5,offshor grid,5: offshor grid,
5,offshor grid,5: offshor grid,
5,offshor grid,5: offshor grid,
5,offshor grid,5: offshor grid,
5,offshor grid,5: offshor grid,
5,offshor grid,5: offshor grid,
5,offshor grid,5: offshor grid,
5,offshor grid,5: offshor grid,
5,offshor grid,5: offshor grid,
5,offshor grid,5: offshor grid,
5,offshor grid,5: offshor grid,
5,offshor grid,5: offshor grid,
5,offshor grid,5: offshor grid,
5,offshor grid,5: offshor grid,
5,offshor grid,5: offshor grid,
5,offshor grid,5: offshor grid,
5,offshor grid,5: offshor grid,
5,offshor grid,5: offshor grid,
5,offshor grid,5: offshor grid,
5,offshor grid,5: offshor grid,
5,offshor grid,5: offshor grid,
5,offshor grid,5: offshor grid,
5,offshor grid,5: offshor grid,
5,offshor grid,5: offshor grid,
5,offshor grid,5: offshor grid,
5,offshor grid,5: offshor grid,
5,offshor grid,5: offshor grid,
5,offshor grid,5: offshor grid,
5,offshor grid,5: offshor grid,
5,offshor grid,5: offshor grid,
5,offshor grid,5: offshor grid,
5,offshor grid,5: offshor grid,
5,offshor grid,5: offshor grid,
5,offshor grid,5: offshor grid,
5,offshor grid,5: offshor grid,
5,offshor grid,5: offshor grid,
5,offshor grid,5: offshor grid,
5,offshor grid,5: offshor grid,
5,offshor grid,5: offshor grid,
5,offshor grid,5: offshor grid,
5,offshor grid,5: offshor grid,
5,offshor grid,5: offshor grid,
5,offshor grid,5: offshor grid,
5,offshor grid,5: offshor grid,
5,offshor grid,5: offshor grid,
5,offshor grid,5: offshor grid,
5,offshor grid,5: offshor grid,
5,offshor grid,5: offshor grid,
5,offshor grid,5: offshor grid,
5,offshor grid,5: offshor grid,
5,offshor grid,5: offshor grid,
5,offshor grid,5: offshor grid,
5,offshor grid,5: offshor grid,
5,offshor grid,5: offshor grid,
5,offshor grid,5: offshor grid,
5,offshor grid,5: offshor grid,
5,offshor grid,5: offshor grid,
5,offshor grid,5: offshor grid,
5,offshor grid,5: offshor grid,
5,offshor grid,5: offshor grid,
5,offshor grid,5: offshor grid,
5,offshor grid,5: offshor grid,
5,offshor grid,5: offshor grid,
5,offshor grid,5: offshor grid,
5,offshor grid,5: offshor grid,
5,offshor grid,5: offshor grid,
5,offshor grid,5: offshor grid,
5,offshor grid,5: offshor grid,
5,offshor grid,5: offshor grid,
5,offshor grid,5: offshor grid,
5,offshor grid,5: offshor grid,
5,offshor grid,5: offshor grid,
5,offshor grid,5: offshor grid,
5,offshor grid,5: offshor grid,
5,offshor grid,5: offshor grid,
5,offshor grid,5: offshor grid,
5,offshor grid,5: offshor grid,
5,offshor grid,5: offshor grid,
5,offshor grid,5: offshor grid,
5,offshor grid,5: offshor grid,
5,offshor grid,5: offshor grid,
5,offshor grid,5: offshor grid,
5,offshor grid,5: offshor grid,
5,offshor grid,5: offshor grid,
5,offshor grid,5: offshor grid,
5,offshor grid,5: offshor grid,
5,offshor grid,5: offshor grid,
5,offshor grid,5: offshor grid,
5,offshor grid,5: offshor grid,
5,offshor grid,5: offshor grid,
5,offshor grid,5: offshor grid,
5,offshor grid,5: offshor grid,
5,offshor grid,5: offshor grid,
5,offshor grid,5: offshor grid,
5,offshor grid,5: offshor grid,
5,offshor grid,5: offshor grid,
5,offshor grid,5: offshor grid,
5,offshor grid,5: offshor grid,
5,offshor grid,5: offshor grid,
5,offshor grid,5: offshor grid,
5,offshor grid,5: offshor grid,
5,offshor grid,5: offshor grid,
5,offshor grid,5: offshor grid,
5,offshor grid,5: offshor grid,
5,offshor grid,5: offshor grid,
5,offshor grid,5: offshor grid,
5,offshor grid,5: offshor grid,
5,offshor grid,5: offshor grid,
5,offshor grid,5: offshor grid,
5,offshor grid,5: offshor grid,
5,offshor grid,5: offshor grid,
5,offshor grid,5: offshor grid,
5,offshor grid,5: offshor grid,
5,offshor grid,5: offshor grid,
5,offshor grid,5: offshor grid,
5,offshor grid,5: offshor grid,
5,offshor grid,5: offshor grid,
5,offshor grid,5: offshor grid,
5,offshor grid,5: offshor grid,
5,offshor grid,5: offshor grid,
5,offshor grid,5: offshor grid,
5,offshor grid,5: offshor grid,
5,offshor grid,5: offshor grid,
5,offshor grid,5: offshor grid,
5,offshor grid,5: offshor grid,
5,offshor grid,5: offshor grid,
5,offshor grid,5: offshor grid,
5,offshor grid,5: offshor grid,
5,offshor grid,5: offshor grid,
5,offshor grid,5: offshor grid,
5,offshor grid,5: offshor grid,
5,offshor grid,5: offshor grid,
5,offshor grid,5: offshor grid,
5,offshor grid,5: offshor grid,
5,offshor grid,5: offshor grid,
5,offshor grid,5: offshor grid,
5,offshor grid,5: offshor grid,
5,offshor grid,5: offshor grid,
5,offshor grid,5: offshor grid,
5,offshor grid,5: offshor grid,
5,offshor grid,5: offshor grid,
5,offshor grid,5: offshor grid,
5,offshor grid,5: offshor grid,
5,offshor grid,5: offshor grid,
5,offshor grid,5: offshor grid,
5,offshor grid,5: offshor grid,
5,offshor grid,5: offshor grid,
5,offshor grid,5: offshor grid,
5,offshor grid,5: offshor grid,
5,offshor grid,5: offshor grid,
5,offshor grid,5: offshor grid,
5,offshor grid,5: offshor grid,
5,offshor grid,5: offshor grid,
5,offshor grid,5: offshor grid,
5,offshor grid,5: offshor grid,
5,offshor grid,5: offshor grid,
5,offshor grid,5: offshor grid,
5,offshor grid,5: offshor grid,
5,offshor grid,5: offshor grid,
5,offshor grid,5: offshor grid,
5,offshor grid,5: offshor grid,
5,offshor grid,5: offshor grid,
5,offshor grid,5: offshor grid,
5,offshor grid,5: offshor grid,
5,offshor grid,5: offshor grid,
5,offshor grid,5: offshor grid,
5,offshor grid,5: offshor grid,
5,offshor grid,5: offshor grid,
5,offshor grid,5: offshor grid,
5,offshor grid,5: offshor grid,
5,offshor grid,5: offshor grid,
5,offshor grid,5: offshor grid,
5,offshor grid,5: offshor grid,
5,offshor grid,5: offshor grid,
5,offshor grid,5: offshor grid,
5,offshor grid,5: offshor grid,
5,offshor grid,5: offshor grid,
5,offshor grid,5: offshor grid,
5,offshor grid,5: offshor grid,
5,offshor grid,5: offshor grid,
5,offshor grid,5: offshor grid,
5,offshor grid,5: offshor grid,
5,offshor grid,5: offshor grid,
5,offshor grid,5: offshor grid,
5,offshor grid,5: offshor grid,
5,offshor grid,5: offshor grid,
5,offshor grid,5: offshor grid,
5,offshor grid,5: offshor grid,
5,offshor grid,5: offshor grid,
5,offshor grid,5: offshor grid,
5,offshor grid,5: offshor grid,
5,offshor grid,5: offshor grid,
5,offshor grid,5: offshor grid,
5,offshor grid,5: offshor grid,
5,offshor grid,5: offshor grid,
5,offshor grid,5: offshor grid,
5,offshor grid,5: offshor grid,
5,offshor grid,5: offshor grid,
5,offshor grid,5: offshor grid,
5,offshor grid,5: offshor grid,
5,offshor grid,5: offshor grid,
5,offshor grid,5: offshor grid,
5,offshor grid,5: offshor grid,
5,offshor grid,5: offshor grid,
5,offshor grid,5: offshor grid,
5,offshor grid,5: offshor grid,
5,offshor grid,5: offshor grid,
5,offshor grid,5: offshor grid,
5,offshor grid,5: offshor grid,
5,offshor grid,5: offshor grid,
5,offshor grid,5: offshor grid,
5,offshor grid,5: offshor grid,
5,offshor grid,5: offshor grid,
5,offshor grid,5: offshor grid,
5,offshor grid,5: offshor grid,
5,offshor grid,5: offshor grid,
5,offshor grid,5: offshor grid,
5,offshor grid,5: offshor grid,
5,offshor grid,5: offshor grid,
5,offshor grid,5: offshor grid,
5,offshor grid,5: offshor grid,
5,offshor grid,5: offshor grid,
5,offshor grid,5: offshor grid,
5,offshor grid,5: offshor grid,
5,offshor grid,5: offshor grid,
5,offshor grid,5: offshor grid,
5,offshor grid,5: offshor grid,
5,offshor grid,5: offshor grid,
5,offshor grid,5: offshor grid,
5,offshor grid,5: offshor grid,
5,offshor grid,5: offshor grid,
5,offshor grid,5: offshor grid,
5,offshor grid,5: offshor grid,
5,offshor grid,5: offshor grid,
5,offshor grid,5: offshor grid,
5,offshor grid,5: offshor grid,
5,offshor grid,5: offshor grid,
5,offshor grid,5: offshor grid,
5,offshor grid,5: offshor grid,
5,offshor grid,5: offshor grid,
5,offshor grid,5: offshor grid,
5,offshor grid,5: offshor grid,
5,offshor grid,5: offshor grid,
5,offshor grid,5: offshor grid,
5,offshor grid,5: offshor grid,
5,offshor grid,5: offshor grid,
5,offshor grid,5: offshor grid,
5,offshor grid,5: offshor grid,
5,offshor grid,5: offshor grid,
5,offshor grid,5: offshor grid,
5,offshor grid,5: offshor grid,
5,offshor grid,5: offshor grid,
5,offshor grid,5: offshor grid,
5,offshor grid,5: offshor grid,
5,offshor grid,5: offshor grid,
5,offshor grid,5: offshor grid,
5,offshor grid,5: offshor grid,
5,offshor grid,5: offshor grid,
5,offshor grid,5: offshor grid,
5,offshor grid,5: offshor grid,
5,offshor grid,5: offshor grid,
5,offshor grid,5: offshor grid,
5,offshor grid,5: offshor grid,
5,offshor grid,5: offshor grid,
5,offshor grid,5: offshor grid,
5,offshor grid,5: offshor grid,
5,offshor grid,5: offshor grid,
5,offshor grid,5: offshor grid,
5,offshor grid,5: offshor grid,
5,offshor grid,5: offshor grid,
5,offshor grid,5: offshor grid,
5,offshor grid,5: offshor grid,
5,offshor grid,5: offshor grid,
5,offshor grid,5: offshor grid,
5,offshor grid,5: offshor grid,
5,offshor grid,5: offshor grid,
5,offshor grid,5: offshor grid,
5,offshor grid,5: offshor grid,
5,offshor grid,5: offshor grid,
5,offshor grid,5: offshor grid,
5,offshor grid,5: offshor grid,
5,offshor grid,5: offshor grid,
5,offshor grid,5: offshor grid,
5,offshor grid,5: offshor grid,
5,offshor grid,5: offshor grid,
5,offshor grid,5: offshor grid,
5,offshor grid,5: offshor grid,
5,offshor grid,5: offshor grid,
5,offshor grid,5: offshor grid,
5,offshor grid,5: offshor grid,
5,offshor grid,5: offshor grid,
5,offshor grid,5: offshor grid,
5,offshor grid,5: offshor grid,
5,offshor grid,5: offshor grid,
5,offshor grid,5: offshor grid,
5,offshor grid,5: offshor grid,
5,offshor grid,5: offshor grid,
5,offshor grid,5: offshor grid,
5,offshor grid,5: offshor grid,
5,offshor grid,5: offshor grid,
5,offshor grid,5: offshor grid,
5,offshor grid,5: offshor grid,
5,offshor grid,5: offshor grid,
5,offshor grid,5: offshor grid,
5,offshor grid,5: offshor grid,
5,offshor grid,5: offshor grid,
5,offshor grid,5: offshor grid,
5,offshor grid,5: offshor grid,
5,offshor grid,5: offshor grid,
5,offshor grid,5: offshor grid,
5,offshor grid,5: offshor grid,
5,offshor grid,5: offshor grid,
5,offshor grid,5: offshor grid,
5,offshor grid,5: offshor grid,
5,offshor grid,5: offshor grid,
5,offshor grid,5: offshor grid,
5,offshor grid,5: offshor grid,
5,offshor grid,5: offshor grid,
5,offshor grid,5: offshor grid,
5,offshor grid,5: offshor grid,
5,offshor grid,5: offshor grid,
5,offshor grid,5: offshor grid,
5,offshor grid,5: offshor grid,
5,offshor grid,5: offshor grid,
5,offshor grid,5: offshor grid,
5,offshor grid,5: offshor grid,
5,offshor grid,5: offshor grid,
5,offshor grid,5: offshor grid,
5,offshor grid,5: offshor grid,
5,offshor grid,5: offshor grid,
5,offshor grid,5: offshor grid,
5,offshor grid,5: offshor grid,
5,offshor grid,5: offshor grid,
5,offshor grid,5: offshor grid,
5,offshor grid,5: offshor grid,
5,offshor grid,5: offshor grid,
5,offshor grid,5: offshor grid,
5,offshor grid,5: offshor grid,
5,offshor grid,5: offshor grid,
9,wind farm,9: wind farm,
9,wind farm,9: wind farm,
9,wind farm,9: wind farm,
9,wind farm,9: wind farm,
9,wind farm,9: wind farm,
9,wind farm,9: wind farm,
9,wind farm,9: wind farm,
9,wind farm,9: wind farm,
9,wind farm,9: wind farm,
9,wind farm,9: wind farm,
9,wind farm,9: wind farm,
9,wind farm,9: wind farm,
9,wind farm,9: wind farm,
9,wind farm,9: wind farm,
9,wind farm,9: wind farm,
9,wind farm,9: wind farm,
9,wind farm,9: wind farm,
9,wind farm,9: wind farm,
9,wind farm,9: wind farm,
9,wind farm,9: wind farm,
9,wind farm,9: wind farm,
9,wind farm,9: wind farm,
9,wind farm,9: wind farm,
9,wind farm,9: wind farm,
9,wind farm,9: wind farm,
9,wind farm,9: wind farm,
9,wind farm,9: wind farm,
9,wind farm,9: wind farm,
9,wind farm,9: wind farm,
9,wind farm,9: wind farm,
9,wind farm,9: wind farm,
9,wind farm,9: wind farm,
9,wind farm,9: wind farm,
9,wind farm,9: wind farm,
9,wind farm,9: wind farm,
9,wind farm,9: wind farm,
9,wind farm,9: wind farm,
9,wind farm,9: wind farm,
9,wind farm,9: wind farm,
9,wind farm,9: wind farm,
9,wind farm,9: wind farm,
9,wind farm,9: wind farm,
9,wind farm,9: wind farm,
9,wind farm,9: wind farm,
9,wind farm,9: wind farm,
9,wind farm,9: wind farm,
9,wind farm,9: wind farm,
9,wind farm,9: wind farm,
9,wind farm,9: wind farm,
9,wind farm,9: wind farm,
9,wind farm,9: wind farm,
9,wind farm,9: wind farm,
9,wind farm,9: wind farm,
9,wind farm,9: wind farm,
9,wind farm,9: wind farm,
9,wind farm,9: wind farm,
9,wind farm,9: wind farm,
9,wind farm,9: wind farm,
9,wind farm,9: wind farm,
9,wind farm,9: wind farm,
9,wind farm,9: wind farm,
9,wind farm,9: wind farm,
9,wind farm,9: wind farm,
9,wind farm,9: wind farm,
9,wind farm,9: wind farm,
9,wind farm,9: wind farm,
9,wind farm,9: wind farm,
9,wind farm,9: wind farm,
9,wind farm,9: wind farm,
9,wind farm,9: wind farm,
9,wind farm,9: wind farm,
9,wind farm,9: wind farm,
9,wind farm,9: wind farm,
9,wind farm,9: wind farm,
9,wind farm,9: wind farm,
9,wind farm,9: wind farm,
9,wind farm,9: wind farm,
9,wind farm,9: wind farm,
9,wind farm,9: wind farm,
9,wind farm,9: wind farm,
9,wind farm,9: wind farm,
9,wind farm,9: wind farm,
9,wind farm,9: wind farm,
9,wind farm,9: wind farm,
9,wind farm,9: wind farm,
9,wind farm,9: wind farm,
9,wind farm,9: wind farm,
9,wind farm,9: wind farm,
9,wind farm,9: wind farm,
9,wind farm,9: wind farm,
9,wind farm,9: wind farm,
9,wind farm,9: wind farm,
9,wind farm,9: wind farm,
9,wind farm,9: wind farm,
9,wind farm,9: wind farm,
9,wind farm,9: wind farm,
9,wind farm,9: wind farm,
9,wind farm,9: wind farm,
9,wind farm,9: wind farm,
9,wind farm,9: wind farm,
9,wind farm,9: wind farm,
9,wind farm,9: wind farm,
9,wind farm,9: wind farm,
9,wind farm,9: wind farm,
9,wind farm,9: wind farm,
9,wind farm,9: wind farm,
9,wind farm,9: wind farm,
9,wind farm,9: wind farm,
9,wind farm,9: wind farm,
9,wind farm,9: wind farm,
9,wind farm,9: wind farm,
9,wind farm,9: wind farm,
9,wind farm,9: wind farm,
9,wind farm,9: wind farm,
9,wind farm,9: wind farm,
9,wind farm,9: wind farm,
9,wind farm,9: wind farm,
9,wind farm,9: wind farm,
9,wind farm,9: wind farm,
9,wind farm,9: wind farm,
9,wind farm,9: wind farm,
9,wind farm,9: wind farm,
9,wind farm,9: wind farm,
9,wind farm,9: wind farm,
9,wind farm,9: wind farm,
9,wind farm,9: wind farm,
9,wind farm,9: wind farm,
9,wind farm,9: wind farm,
9,wind farm,9: wind farm,
9,wind farm,9: wind farm,
9,wind farm,9: wind farm,
9,wind farm,9: wind farm,
9,wind farm,9: wind farm,
9,wind farm,9: wind farm,
9,wind farm,9: wind farm,
9,wind farm,9: wind farm,
9,wind farm,9: wind farm,
9,wind farm,9: wind farm,
9,wind farm,9: wind farm,
9,wind farm,9: wind farm,
9,wind farm,9: wind farm,
9,wind farm,9: wind farm,
9,wind farm,9: wind farm,
9,wind farm,9: wind farm,
9,wind farm,9: wind farm,
9,wind farm,9: wind farm,
9,wind farm,9: wind farm,
9,wind farm,9: wind farm,
9,wind farm,9: wind farm,
9,wind farm,9: wind farm,
9,wind farm,9: wind farm,
9,wind farm,9: wind farm,
9,wind farm,9: wind farm,
9,wind farm,9: wind farm,
9,wind farm,9: wind farm,
9,wind farm,9: wind farm,
9,wind farm,9: wind farm,
9,wind farm,9: wind farm,
9,wind farm,9: wind farm,
9,wind farm,9: wind farm,
9,wind farm,9: wind farm,
7,renew energi,7: renew energi,
7,renew energi,7: renew energi,
7,renew energi,7: renew energi,
7,renew energi,7: renew energi,
7,renew energi,7: renew energi,
7,renew energi,7: renew energi,
7,renew energi,7: renew energi,
7,renew energi,7: renew energi,
7,renew energi,7: renew energi,
7,renew energi,7: renew energi,
7,renew energi,7: renew energi,
7,renew energi,7: renew energi,
7,renew energi,7: renew energi,
7,renew energi,7: renew energi,
7,renew energi,7: renew energi,
7,renew energi,7: renew energi,
7,renew energi,7: renew energi,
7,renew energi,7: renew energi,
7,renew energi,7: renew energi,
7,renew energi,7: renew energi,
7,renew energi,7: renew energi,
7,renew energi,7: renew energi,
7,renew energi,7: renew energi,
7,renew energi,7: renew energi,
7,renew energi,7: renew energi,
7,renew energi,7: renew energi,
7,renew energi,7: renew energi,
7,renew energi,7: renew energi,
7,renew energi,7: renew energi,
7,renew energi,7: renew energi,
7,renew energi,7: renew energi,
7,renew energi,7: renew energi,
7,renew energi,7: renew energi,
7,renew energi,7: renew energi,
7,renew energi,7: renew energi,
7,renew energi,7: renew energi,
7,renew energi,7: renew energi,
7,renew energi,7: renew energi,
7,renew energi,7: renew energi,
7,renew energi,7: renew energi,
7,renew energi,7: renew energi,
7,renew energi,7: renew energi,
7,renew energi,7: renew energi,
7,renew energi,7: renew energi,
7,renew energi,7: renew energi,
7,renew energi,7: renew energi,
7,renew energi,7: renew energi,
7,renew energi,7: renew energi,
7,renew energi,7: renew energi,
7,renew energi,7: renew energi,
7,renew energi,7: renew energi,
7,renew energi,7: renew energi,
7,renew energi,7: renew energi,
7,renew energi,7: renew energi,
7,renew energi,7: renew energi,
7,renew energi,7: renew energi,
7,renew energi,7: renew energi,
7,renew energi,7: renew energi,
7,renew energi,7: renew energi,
7,renew energi,7: renew energi,
7,renew energi,7: renew energi,
7,renew energi,7: renew energi,
7,renew energi,7: renew energi,
7,renew energi,7: renew energi,
7,renew energi,7: renew energi,
7,renew energi,7: renew energi,
7,renew energi,7: renew energi,
7,renew energi,7: renew energi,
7,renew energi,7: renew energi,
7,renew energi,7: renew energi,
7,renew energi,7: renew energi,
7,renew energi,7: renew energi,
7,renew energi,7: renew energi,
7,renew energi,7: renew energi,
7,renew energi,7: renew energi,
7,renew energi,7: renew energi,
7,renew energi,7: renew energi,
7,renew energi,7: renew energi,
7,renew energi,7: renew energi,
7,renew energi,7: renew energi,
7,renew energi,7: renew energi,
7,renew energi,7: renew energi,
7,renew energi,7: renew energi,
7,renew energi,7: renew energi,
7,renew energi,7: renew energi,
7,renew energi,7: renew energi,
7,renew energi,7: renew energi,
7,renew energi,7: renew energi,
7,renew energi,7: renew energi,
7,renew energi,7: renew energi,
7,renew energi,7: renew energi,
7,renew energi,7: renew energi,
7,renew energi,7: renew energi,
7,renew energi,7: renew energi,
7,renew energi,7: renew energi,
7,renew energi,7: renew energi,
7,renew energi,7: renew energi,
7,renew energi,7: renew energi,
7,renew energi,7: renew energi,
7,renew energi,7: renew energi,
7,renew energi,7: renew energi,
7,renew energi,7: renew energi,
7,renew energi,7: renew energi,
7,renew energi,7: renew energi,
7,renew energi,7: renew energi,
7,renew energi,7: renew energi,
7,renew energi,7: renew energi,
7,renew energi,7: renew energi,
7,renew energi,7: renew energi,
7,renew energi,7: renew energi,
7,renew energi,7: renew energi,
7,renew energi,7: renew energi,
7,renew energi,7: renew energi,
7,renew energi,7: renew energi,
7,renew energi,7: renew energi,
7,renew energi,7: renew energi,
7,renew energi,7: renew energi,
7,renew energi,7: renew energi,
7,renew energi,7: renew energi,
7,renew energi,7: renew energi,
7,renew energi,7: renew energi,
7,renew energi,7: renew energi,
7,renew energi,7: renew energi,
7,renew energi,7: renew energi,
7,renew energi,7: renew energi,
7,renew energi,7: renew energi,
7,renew energi,7: renew energi,
7,renew energi,7: renew energi,
7,renew energi,7: renew energi,
7,renew energi,7: renew energi,
7,renew energi,7: renew energi,
7,renew energi,7: renew energi,
7,renew energi,7: renew energi,
7,renew energi,7: renew energi,
7,renew energi,7: renew energi,
7,renew energi,7: renew energi,
7,renew energi,7: renew energi,
7,renew energi,7: renew energi,
7,renew energi,7: renew energi,
7,renew energi,7: renew energi,
7,renew energi,7: renew energi,
7,renew energi,7: renew energi,
7,renew energi,7: renew energi,
7,renew energi,7: renew energi,
7,renew energi,7: renew energi,
7,renew energi,7: renew energi,
1,abstract avail,1: abstract avail,
1,abstract avail,1: abstract avail,
1,abstract avail,1: abstract avail,
1,abstract avail,1: abstract avail,
1,abstract avail,1: abstract avail,
1,abstract avail,1: abstract avail,
1,abstract avail,1: abstract avail,
1,abstract avail,1: abstract avail,
1,abstract avail,1: abstract avail,
1,abstract avail,1: abstract avail,
1,abstract avail,1: abstract avail,
1,abstract avail,1: abstract avail,
1,abstract avail,1: abstract avail,
1,abstract avail,1: abstract avail,
1,abstract avail,1: abstract avail,
1,abstract avail,1: abstract avail,
1,abstract avail,1: abstract avail,
1,abstract avail,1: abstract avail,
1,abstract avail,1: abstract avail,
1,abstract avail,1: abstract avail,
1,abstract avail,1: abstract avail,
1,abstract avail,1: abstract avail,
1,abstract avail,1: abstract avail,
1,abstract avail,1: abstract avail,
1,abstract avail,1: abstract avail,
1,abstract avail,1: abstract avail,
1,abstract avail,1: abstract avail,
1,abstract avail,1: abstract avail,
1,abstract avail,1: abstract avail,
1,abstract avail,1: abstract avail,
1,abstract avail,1: abstract avail,
1,abstract avail,1: abstract avail,
1,abstract avail,1: abstract avail,
1,abstract avail,1: abstract avail,
1,abstract avail,1: abstract avail,
1,abstract avail,1: abstract avail,
1,abstract avail,1: abstract avail,
1,abstract avail,1: abstract avail,
1,abstract avail,1: abstract avail,
1,abstract avail,1: abstract avail,
1,abstract avail,1: abstract avail,
1,abstract avail,1: abstract avail,
1,abstract avail,1: abstract avail,
1,abstract avail,1: abstract avail,
1,abstract avail,1: abstract avail,
1,abstract avail,1: abstract avail,
1,abstract avail,1: abstract avail,
1,abstract avail,1: abstract avail,
1,abstract avail,1: abstract avail,
1,abstract avail,1: abstract avail,
1,abstract avail,1: abstract avail,
1,abstract avail,1: abstract avail,
1,abstract avail,1: abstract avail,
1,abstract avail,1: abstract avail,
1,abstract avail,1: abstract avail,
1,abstract avail,1: abstract avail,
1,abstract avail,1: abstract avail,
1,abstract avail,1: abstract avail,
1,abstract avail,1: abstract avail,
1,abstract avail,1: abstract avail,
1,abstract avail,1: abstract avail,
1,abstract avail,1: abstract avail,
1,abstract avail,1: abstract avail,
1,abstract avail,1: abstract avail,
1,abstract avail,1: abstract avail,
1,abstract avail,1: abstract avail,
1,abstract avail,1: abstract avail,
1,abstract avail,1: abstract avail,
1,abstract avail,1: abstract avail,
1,abstract avail,1: abstract avail,
1,abstract avail,1: abstract avail,
1,abstract avail,1: abstract avail,
1,abstract avail,1: abstract avail,
1,abstract avail,1: abstract avail,
1,abstract avail,1: abstract avail,
1,abstract avail,1: abstract avail,
1,abstract avail,1: abstract avail,
1,abstract avail,1: abstract avail,
1,abstract avail,1: abstract avail,
1,abstract avail,1: abstract avail,
1,abstract avail,1: abstract avail,
9,wind farm,9: wind farm,
9,wind farm,9: wind farm,
9,wind farm,9: wind farm,
9,wind farm,9: wind farm,
9,wind farm,9: wind farm,
9,wind farm,9: wind farm,
9,wind farm,9: wind farm,
9,wind farm,9: wind farm,
9,wind farm,9: wind farm,
9,wind farm,9: wind farm,
9,wind farm,9: wind farm,
9,wind farm,9: wind farm,
9,wind farm,9: wind farm,
9,wind farm,9: wind farm,
9,wind farm,9: wind farm,
9,wind farm,9: wind farm,
9,wind farm,9: wind farm,
9,wind farm,9: wind farm,
9,wind farm,9: wind farm,
9,wind farm,9: wind farm,
9,wind farm,9: wind farm,
9,wind farm,9: wind farm,
9,wind farm,9: wind farm,
9,wind farm,9: wind farm,
9,wind farm,9: wind farm,
9,wind farm,9: wind farm,
9,wind farm,9: wind farm,
9,wind farm,9: wind farm,
9,wind farm,9: wind farm,
9,wind farm,9: wind farm,
9,wind farm,9: wind farm,
9,wind farm,9: wind farm,
9,wind farm,9: wind farm,
9,wind farm,9: wind farm,
9,wind farm,9: wind farm,
9,wind farm,9: wind farm,
9,wind farm,9: wind farm,
9,wind farm,9: wind farm,
9,wind farm,9: wind farm,
9,wind farm,9: wind farm,
9,wind farm,9: wind farm,
9,wind farm,9: wind farm,
9,wind farm,9: wind farm,
9,wind farm,9: wind farm,
9,wind farm,9: wind farm,
9,wind farm,9: wind farm,
9,wind farm,9: wind farm,
9,wind farm,9: wind farm,
9,wind farm,9: wind farm,
9,wind farm,9: wind farm,
9,wind farm,9: wind farm,
9,wind farm,9: wind farm,
9,wind farm,9: wind farm,
9,wind farm,9: wind farm,
9,wind farm,9: wind farm,
9,wind farm,9: wind farm,
9,wind farm,9: wind farm,
9,wind farm,9: wind farm,
9,wind farm,9: wind farm,
9,wind farm,9: wind farm,
9,wind farm,9: wind farm,
9,wind farm,9: wind farm,
9,wind farm,9: wind farm,
9,wind farm,9: wind farm,
9,wind farm,9: wind farm,
9,wind farm,9: wind farm,
9,wind farm,9: wind farm,
9,wind farm,9: wind farm,
9,wind farm,9: wind farm,
9,wind farm,9: wind farm,
9,wind farm,9: wind farm,
9,wind farm,9: wind farm,
9,wind farm,9: wind farm,
9,wind farm,9: wind farm,
9,wind farm,9: wind farm,
9,wind farm,9: wind farm,
9,wind farm,9: wind farm,
9,wind farm,9: wind farm,
9,wind farm,9: wind farm,
9,wind farm,9: wind farm,
9,wind farm,9: wind farm,
9,wind farm,9: wind farm,
9,wind farm,9: wind farm,
9,wind farm,9: wind farm,
9,wind farm,9: wind farm,
9,wind farm,9: wind farm,
9,wind farm,9: wind farm,
9,wind farm,9: wind farm,
9,wind farm,9: wind farm,
9,wind farm,9: wind farm,
9,wind farm,9: wind farm,
9,wind farm,9: wind farm,
9,wind farm,9: wind farm,
9,wind farm,9: wind farm,
9,wind farm,9: wind farm,
9,wind farm,9: wind farm,
9,wind farm,9: wind farm,
9,wind farm,9: wind farm,
9,wind farm,9: wind farm,
9,wind farm,9: wind farm,
9,wind farm,9: wind farm,
9,wind farm,9: wind farm,
9,wind farm,9: wind farm,
9,wind farm,9: wind farm,
9,wind farm,9: wind farm,
9,wind farm,9: wind farm,
9,wind farm,9: wind farm,
9,wind farm,9: wind farm,
9,wind farm,9: wind farm,
9,wind farm,9: wind farm,
9,wind farm,9: wind farm,
9,wind farm,9: wind farm,
9,wind farm,9: wind farm,
9,wind farm,9: wind farm,
9,wind farm,9: wind farm,
9,wind farm,9: wind farm,
9,wind farm,9: wind farm,
9,wind farm,9: wind farm,
9,wind farm,9: wind farm,
9,wind farm,9: wind farm,
9,wind farm,9: wind farm,
9,wind farm,9: wind farm,
9,wind farm,9: wind farm,
9,wind farm,9: wind farm,
9,wind farm,9: wind farm,
9,wind farm,9: wind farm,
9,wind farm,9: wind farm,
9,wind farm,9: wind farm,
9,wind farm,9: wind farm,
9,wind farm,9: wind farm,
9,wind farm,9: wind farm,
9,wind farm,9: wind farm,
9,wind farm,9: wind farm,
9,wind farm,9: wind farm,
9,wind farm,9: wind farm,
9,wind farm,9: wind farm,
9,wind farm,9: wind farm,
9,wind farm,9: wind farm,
9,wind farm,9: wind farm,
9,wind farm,9: wind farm,
9,wind farm,9: wind farm,
9,wind farm,9: wind farm,
9,wind farm,9: wind farm,
9,wind farm,9: wind farm,
9,wind farm,9: wind farm,
9,wind farm,9: wind farm,
9,wind farm,9: wind farm,
9,wind farm,9: wind farm,
9,wind farm,9: wind farm,
9,wind farm,9: wind farm,
9,wind farm,9: wind farm,
9,wind farm,9: wind farm,
9,wind farm,9: wind farm,
9,wind farm,9: wind farm,
9,wind farm,9: wind farm,
9,wind farm,9: wind farm,
9,wind farm,9: wind farm,
9,wind farm,9: wind farm,
9,wind farm,9: wind farm,
9,wind farm,9: wind farm,
9,wind farm,9: wind farm,
5,offshor grid,5: offshor grid,
5,offshor grid,5: offshor grid,
5,offshor grid,5: offshor grid,
5,offshor grid,5: offshor grid,
5,offshor grid,5: offshor grid,
5,offshor grid,5: offshor grid,
5,offshor grid,5: offshor grid,
5,offshor grid,5: offshor grid,
5,offshor grid,5: offshor grid,
5,offshor grid,5: offshor grid,
5,offshor grid,5: offshor grid,
5,offshor grid,5: offshor grid,
5,offshor grid,5: offshor grid,
5,offshor grid,5: offshor grid,
5,offshor grid,5: offshor grid,
5,offshor grid,5: offshor grid,
5,offshor grid,5: offshor grid,
5,offshor grid,5: offshor grid,
5,offshor grid,5: offshor grid,
5,offshor grid,5: offshor grid,
5,offshor grid,5: offshor grid,
5,offshor grid,5: offshor grid,
5,offshor grid,5: offshor grid,
5,offshor grid,5: offshor grid,
5,offshor grid,5: offshor grid,
5,offshor grid,5: offshor grid,
5,offshor grid,5: offshor grid,
5,offshor grid,5: offshor grid,
5,offshor grid,5: offshor grid,
5,offshor grid,5: offshor grid,
5,offshor grid,5: offshor grid,
5,offshor grid,5: offshor grid,
5,offshor grid,5: offshor grid,
5,offshor grid,5: offshor grid,
5,offshor grid,5: offshor grid,
5,offshor grid,5: offshor grid,
5,offshor grid,5: offshor grid,
5,offshor grid,5: offshor grid,
5,offshor grid,5: offshor grid,
5,offshor grid,5: offshor grid,
5,offshor grid,5: offshor grid,
5,offshor grid,5: offshor grid,
5,offshor grid,5: offshor grid,
5,offshor grid,5: offshor grid,
5,offshor grid,5: offshor grid,
5,offshor grid,5: offshor grid,
5,offshor grid,5: offshor grid,
5,offshor grid,5: offshor grid,
5,offshor grid,5: offshor grid,
5,offshor grid,5: offshor grid,
5,offshor grid,5: offshor grid,
5,offshor grid,5: offshor grid,
5,offshor grid,5: offshor grid,
5,offshor grid,5: offshor grid,
5,offshor grid,5: offshor grid,
5,offshor grid,5: offshor grid,
5,offshor grid,5: offshor grid,
5,offshor grid,5: offshor grid,
5,offshor grid,5: offshor grid,
5,offshor grid,5: offshor grid,
5,offshor grid,5: offshor grid,
5,offshor grid,5: offshor grid,
5,offshor grid,5: offshor grid,
5,offshor grid,5: offshor grid,
5,offshor grid,5: offshor grid,
5,offshor grid,5: offshor grid,
5,offshor grid,5: offshor grid,
5,offshor grid,5: offshor grid,
5,offshor grid,5: offshor grid,
5,offshor grid,5: offshor grid,
5,offshor grid,5: offshor grid,
5,offshor grid,5: offshor grid,
5,offshor grid,5: offshor grid,
5,offshor grid,5: offshor grid,
5,offshor grid,5: offshor grid,
5,offshor grid,5: offshor grid,
5,offshor grid,5: offshor grid,
5,offshor grid,5: offshor grid,
5,offshor grid,5: offshor grid,
5,offshor grid,5: offshor grid,
5,offshor grid,5: offshor grid,
5,offshor grid,5: offshor grid,
5,offshor grid,5: offshor grid,
5,offshor grid,5: offshor grid,
5,offshor grid,5: offshor grid,
5,offshor grid,5: offshor grid,
5,offshor grid,5: offshor grid,
5,offshor grid,5: offshor grid,
5,offshor grid,5: offshor grid,
5,offshor grid,5: offshor grid,
5,offshor grid,5: offshor grid,
5,offshor grid,5: offshor grid,
5,offshor grid,5: offshor grid,
5,offshor grid,5: offshor grid,
5,offshor grid,5: offshor grid,
5,offshor grid,5: offshor grid,
5,offshor grid,5: offshor grid,
5,offshor grid,5: offshor grid,
5,offshor grid,5: offshor grid,
5,offshor grid,5: offshor grid,
5,offshor grid,5: offshor grid,
5,offshor grid,5: offshor grid,
5,offshor grid,5: offshor grid,
5,offshor grid,5: offshor grid,
5,offshor grid,5: offshor grid,
5,offshor grid,5: offshor grid,
5,offshor grid,5: offshor grid,
5,offshor grid,5: offshor grid,
5,offshor grid,5: offshor grid,
5,offshor grid,5: offshor grid,
5,offshor grid,5: offshor grid,
5,offshor grid,5: offshor grid,
5,offshor grid,5: offshor grid,
5,offshor grid,5: offshor grid,
5,offshor grid,5: offshor grid,
5,offshor grid,5: offshor grid,
5,offshor grid,5: offshor grid,
5,offshor grid,5: offshor grid,
5,offshor grid,5: offshor grid,
5,offshor grid,5: offshor grid,
5,offshor grid,5: offshor grid,
5,offshor grid,5: offshor grid,
5,offshor grid,5: offshor grid,
5,offshor grid,5: offshor grid,
5,offshor grid,5: offshor grid,
5,offshor grid,5: offshor grid,
5,offshor grid,5: offshor grid,
5,offshor grid,5: offshor grid,
5,offshor grid,5: offshor grid,
5,offshor grid,5: offshor grid,
5,offshor grid,5: offshor grid,
5,offshor grid,5: offshor grid,
5,offshor grid,5: offshor grid,
5,offshor grid,5: offshor grid,
5,offshor grid,5: offshor grid,
5,offshor grid,5: offshor grid,
5,offshor grid,5: offshor grid,
5,offshor grid,5: offshor grid,
5,offshor grid,5: offshor grid,
5,offshor grid,5: offshor grid,
5,offshor grid,5: offshor grid,
5,offshor grid,5: offshor grid,
5,offshor grid,5: offshor grid,
5,offshor grid,5: offshor grid,
5,offshor grid,5: offshor grid,
5,offshor grid,5: offshor grid,
5,offshor grid,5: offshor grid,
5,offshor grid,5: offshor grid,
5,offshor grid,5: offshor grid,
5,offshor grid,5: offshor grid,
5,offshor grid,5: offshor grid,
5,offshor grid,5: offshor grid,
5,offshor grid,5: offshor grid,
5,offshor grid,5: offshor grid,
5,offshor grid,5: offshor grid,
5,offshor grid,5: offshor grid,
5,offshor grid,5: offshor grid,
5,offshor grid,5: offshor grid,
5,offshor grid,5: offshor grid,
5,offshor grid,5: offshor grid,
5,offshor grid,5: offshor grid,
5,offshor grid,5: offshor grid,
5,offshor grid,5: offshor grid,
5,offshor grid,5: offshor grid,
5,offshor grid,5: offshor grid,
5,offshor grid,5: offshor grid,
5,offshor grid,5: offshor grid,
5,offshor grid,5: offshor grid,
5,offshor grid,5: offshor grid,
5,offshor grid,5: offshor grid,
5,offshor grid,5: offshor grid,
5,offshor grid,5: offshor grid,
5,offshor grid,5: offshor grid,
5,offshor grid,5: offshor grid,
5,offshor grid,5: offshor grid,
9,wind farm,9: wind farm,
9,wind farm,9: wind farm,
9,wind farm,9: wind farm,
9,wind farm,9: wind farm,
9,wind farm,9: wind farm,
9,wind farm,9: wind farm,
9,wind farm,9: wind farm,
9,wind farm,9: wind farm,
9,wind farm,9: wind farm,
9,wind farm,9: wind farm,
9,wind farm,9: wind farm,
9,wind farm,9: wind farm,
9,wind farm,9: wind farm,
9,wind farm,9: wind farm,
9,wind farm,9: wind farm,
9,wind farm,9: wind farm,
9,wind farm,9: wind farm,
9,wind farm,9: wind farm,
9,wind farm,9: wind farm,
9,wind farm,9: wind farm,
9,wind farm,9: wind farm,
9,wind farm,9: wind farm,
9,wind farm,9: wind farm,
9,wind farm,9: wind farm,
9,wind farm,9: wind farm,
9,wind farm,9: wind farm,
9,wind farm,9: wind farm,
9,wind farm,9: wind farm,
9,wind farm,9: wind farm,
9,wind farm,9: wind farm,
9,wind farm,9: wind farm,
9,wind farm,9: wind farm,
9,wind farm,9: wind farm,
9,wind farm,9: wind farm,
9,wind farm,9: wind farm,
9,wind farm,9: wind farm,
9,wind farm,9: wind farm,
9,wind farm,9: wind farm,
9,wind farm,9: wind farm,
9,wind farm,9: wind farm,
9,wind farm,9: wind farm,
9,wind farm,9: wind farm,
9,wind farm,9: wind farm,
9,wind farm,9: wind farm,
9,wind farm,9: wind farm,
9,wind farm,9: wind farm,
9,wind farm,9: wind farm,
9,wind farm,9: wind farm,
9,wind farm,9: wind farm,
9,wind farm,9: wind farm,
9,wind farm,9: wind farm,
9,wind farm,9: wind farm,
9,wind farm,9: wind farm,
9,wind farm,9: wind farm,
9,wind farm,9: wind farm,
9,wind farm,9: wind farm,
9,wind farm,9: wind farm,
9,wind farm,9: wind farm,
9,wind farm,9: wind farm,
9,wind farm,9: wind farm,
9,wind farm,9: wind farm,
9,wind farm,9: wind farm,
9,wind farm,9: wind farm,
9,wind farm,9: wind farm,
9,wind farm,9: wind farm,
9,wind farm,9: wind farm,
9,wind farm,9: wind farm,
9,wind farm,9: wind farm,
9,wind farm,9: wind farm,
9,wind farm,9: wind farm,
9,wind farm,9: wind farm,
9,wind farm,9: wind farm,
9,wind farm,9: wind farm,
9,wind farm,9: wind farm,
9,wind farm,9: wind farm,
9,wind farm,9: wind farm,
9,wind farm,9: wind farm,
9,wind farm,9: wind farm,
9,wind farm,9: wind farm,
9,wind farm,9: wind farm,
9,wind farm,9: wind farm,
9,wind farm,9: wind farm,
9,wind farm,9: wind farm,
9,wind farm,9: wind farm,
9,wind farm,9: wind farm,
9,wind farm,9: wind farm,
9,wind farm,9: wind farm,
9,wind farm,9: wind farm,
9,wind farm,9: wind farm,
9,wind farm,9: wind farm,
9,wind farm,9: wind farm,
9,wind farm,9: wind farm,
9,wind farm,9: wind farm,
9,wind farm,9: wind farm,
9,wind farm,9: wind farm,
9,wind farm,9: wind farm,
9,wind farm,9: wind farm,
9,wind farm,9: wind farm,
9,wind farm,9: wind farm,
9,wind farm,9: wind farm,
9,wind farm,9: wind farm,
9,wind farm,9: wind farm,
9,wind farm,9: wind farm,
9,wind farm,9: wind farm,
9,wind farm,9: wind farm,
9,wind farm,9: wind farm,
9,wind farm,9: wind farm,
9,wind farm,9: wind farm,
9,wind farm,9: wind farm,
9,wind farm,9: wind farm,
9,wind farm,9: wind farm,
9,wind farm,9: wind farm,
9,wind farm,9: wind farm,
9,wind farm,9: wind farm,
9,wind farm,9: wind farm,
9,wind farm,9: wind farm,
9,wind farm,9: wind farm,
9,wind farm,9: wind farm,
9,wind farm,9: wind farm,
9,wind farm,9: wind farm,
9,wind farm,9: wind farm,
9,wind farm,9: wind farm,
9,wind farm,9: wind farm,
9,wind farm,9: wind farm,
9,wind farm,9: wind farm,
9,wind farm,9: wind farm,
9,wind farm,9: wind farm,
9,wind farm,9: wind farm,
9,wind farm,9: wind farm,
9,wind farm,9: wind farm,
9,wind farm,9: wind farm,
9,wind farm,9: wind farm,
9,wind farm,9: wind farm,
9,wind farm,9: wind farm,
9,wind farm,9: wind farm,
9,wind farm,9: wind farm,
9,wind farm,9: wind farm,
9,wind farm,9: wind farm,
9,wind farm,9: wind farm,
9,wind farm,9: wind farm,
9,wind farm,9: wind farm,
9,wind farm,9: wind farm,
9,wind farm,9: wind farm,
9,wind farm,9: wind farm,
9,wind farm,9: wind farm,
9,wind farm,9: wind farm,
9,wind farm,9: wind farm,
9,wind farm,9: wind farm,
9,wind farm,9: wind farm,
9,wind farm,9: wind farm,
9,wind farm,9: wind farm,
9,wind farm,9: wind farm,
9,wind farm,9: wind farm,
9,wind farm,9: wind farm,
9,wind farm,9: wind farm,
9,wind farm,9: wind farm,
9,wind farm,9: wind farm,
9,wind farm,9: wind farm,
9,wind farm,9: wind farm,
9,wind farm,9: wind farm,
9,wind farm,9: wind farm,
5,offshor grid,5: offshor grid,
5,offshor grid,5: offshor grid,
5,offshor grid,5: offshor grid,
5,offshor grid,5: offshor grid,
5,offshor grid,5: offshor grid,
5,offshor grid,5: offshor grid,
5,offshor grid,5: offshor grid,
5,offshor grid,5: offshor grid,
5,offshor grid,5: offshor grid,
5,offshor grid,5: offshor grid,
5,offshor grid,5: offshor grid,
5,offshor grid,5: offshor grid,
5,offshor grid,5: offshor grid,
5,offshor grid,5: offshor grid,
5,offshor grid,5: offshor grid,
5,offshor grid,5: offshor grid,
5,offshor grid,5: offshor grid,
5,offshor grid,5: offshor grid,
5,offshor grid,5: offshor grid,
5,offshor grid,5: offshor grid,
5,offshor grid,5: offshor grid,
5,offshor grid,5: offshor grid,
5,offshor grid,5: offshor grid,
5,offshor grid,5: offshor grid,
5,offshor grid,5: offshor grid,
5,offshor grid,5: offshor grid,
5,offshor grid,5: offshor grid,
5,offshor grid,5: offshor grid,
5,offshor grid,5: offshor grid,
5,offshor grid,5: offshor grid,
5,offshor grid,5: offshor grid,
5,offshor grid,5: offshor grid,
5,offshor grid,5: offshor grid,
5,offshor grid,5: offshor grid,
5,offshor grid,5: offshor grid,
5,offshor grid,5: offshor grid,
5,offshor grid,5: offshor grid,
5,offshor grid,5: offshor grid,
5,offshor grid,5: offshor grid,
5,offshor grid,5: offshor grid,
5,offshor grid,5: offshor grid,
5,offshor grid,5: offshor grid,
5,offshor grid,5: offshor grid,
5,offshor grid,5: offshor grid,
5,offshor grid,5: offshor grid,
5,offshor grid,5: offshor grid,
5,offshor grid,5: offshor grid,
5,offshor grid,5: offshor grid,
5,offshor grid,5: offshor grid,
5,offshor grid,5: offshor grid,
5,offshor grid,5: offshor grid,
5,offshor grid,5: offshor grid,
5,offshor grid,5: offshor grid,
5,offshor grid,5: offshor grid,
5,offshor grid,5: offshor grid,
5,offshor grid,5: offshor grid,
5,offshor grid,5: offshor grid,
5,offshor grid,5: offshor grid,
5,offshor grid,5: offshor grid,
5,offshor grid,5: offshor grid,
5,offshor grid,5: offshor grid,
5,offshor grid,5: offshor grid,
5,offshor grid,5: offshor grid,
5,offshor grid,5: offshor grid,
5,offshor grid,5: offshor grid,
5,offshor grid,5: offshor grid,
5,offshor grid,5: offshor grid,
5,offshor grid,5: offshor grid,
5,offshor grid,5: offshor grid,
5,offshor grid,5: offshor grid,
5,offshor grid,5: offshor grid,
5,offshor grid,5: offshor grid,
5,offshor grid,5: offshor grid,
5,offshor grid,5: offshor grid,
5,offshor grid,5: offshor grid,
5,offshor grid,5: offshor grid,
5,offshor grid,5: offshor grid,
5,offshor grid,5: offshor grid,
5,offshor grid,5: offshor grid,
5,offshor grid,5: offshor grid,
5,offshor grid,5: offshor grid,
5,offshor grid,5: offshor grid,
5,offshor grid,5: offshor grid,
5,offshor grid,5: offshor grid,
5,offshor grid,5: offshor grid,
5,offshor grid,5: offshor grid,
5,offshor grid,5: offshor grid,
5,offshor grid,5: offshor grid,
5,offshor grid,5: offshor grid,
5,offshor grid,5: offshor grid,
5,offshor grid,5: offshor grid,
5,offshor grid,5: offshor grid,
5,offshor grid,5: offshor grid,
5,offshor grid,5: offshor grid,
5,offshor grid,5: offshor grid,
5,offshor grid,5: offshor grid,
5,offshor grid,5: offshor grid,
5,offshor grid,5: offshor grid,
5,offshor grid,5: offshor grid,
5,offshor grid,5: offshor grid,
5,offshor grid,5: offshor grid,
5,offshor grid,5: offshor grid,
5,offshor grid,5: offshor grid,
5,offshor grid,5: offshor grid,
5,offshor grid,5: offshor grid,
5,offshor grid,5: offshor grid,
5,offshor grid,5: offshor grid,
5,offshor grid,5: offshor grid,
5,offshor grid,5: offshor grid,
5,offshor grid,5: offshor grid,
5,offshor grid,5: offshor grid,
5,offshor grid,5: offshor grid,
5,offshor grid,5: offshor grid,
5,offshor grid,5: offshor grid,
5,offshor grid,5: offshor grid,
5,offshor grid,5: offshor grid,
5,offshor grid,5: offshor grid,
5,offshor grid,5: offshor grid,
5,offshor grid,5: offshor grid,
5,offshor grid,5: offshor grid,
5,offshor grid,5: offshor grid,
5,offshor grid,5: offshor grid,
5,offshor grid,5: offshor grid,
5,offshor grid,5: offshor grid,
5,offshor grid,5: offshor grid,
5,offshor grid,5: offshor grid,
5,offshor grid,5: offshor grid,
5,offshor grid,5: offshor grid,
5,offshor grid,5: offshor grid,
5,offshor grid,5: offshor grid,
5,offshor grid,5: offshor grid,
5,offshor grid,5: offshor grid,
5,offshor grid,5: offshor grid,
5,offshor grid,5: offshor grid,
5,offshor grid,5: offshor grid,
5,offshor grid,5: offshor grid,
5,offshor grid,5: offshor grid,
5,offshor grid,5: offshor grid,
5,offshor grid,5: offshor grid,
5,offshor grid,5: offshor grid,
5,offshor grid,5: offshor grid,
5,offshor grid,5: offshor grid,
5,offshor grid,5: offshor grid,
5,offshor grid,5: offshor grid,
5,offshor grid,5: offshor grid,
5,offshor grid,5: offshor grid,
5,offshor grid,5: offshor grid,
5,offshor grid,5: offshor grid,
5,offshor grid,5: offshor grid,
5,offshor grid,5: offshor grid,
5,offshor grid,5: offshor grid,
5,offshor grid,5: offshor grid,
5,offshor grid,5: offshor grid,
5,offshor grid,5: offshor grid,
5,offshor grid,5: offshor grid,
5,offshor grid,5: offshor grid,
5,offshor grid,5: offshor grid,
5,offshor grid,5: offshor grid,
5,offshor grid,5: offshor grid,
5,offshor grid,5: offshor grid,
5,offshor grid,5: offshor grid,
5,offshor grid,5: offshor grid,
5,offshor grid,5: offshor grid,
5,offshor grid,5: offshor grid,
5,offshor grid,5: offshor grid,
5,offshor grid,5: offshor grid,
5,offshor grid,5: offshor grid,
5,offshor grid,5: offshor grid,
5,offshor grid,5: offshor grid,
5,offshor grid,5: offshor grid,
5,offshor grid,5: offshor grid,
5,offshor grid,5: offshor grid,
5,offshor grid,5: offshor grid,
5,offshor grid,5: offshor grid,
5,offshor grid,5: offshor grid,
9,wind farm,9: wind farm,
9,wind farm,9: wind farm,
9,wind farm,9: wind farm,
9,wind farm,9: wind farm,
9,wind farm,9: wind farm,
9,wind farm,9: wind farm,
9,wind farm,9: wind farm,
9,wind farm,9: wind farm,
9,wind farm,9: wind farm,
9,wind farm,9: wind farm,
9,wind farm,9: wind farm,
9,wind farm,9: wind farm,
9,wind farm,9: wind farm,
9,wind farm,9: wind farm,
9,wind farm,9: wind farm,
9,wind farm,9: wind farm,
9,wind farm,9: wind farm,
9,wind farm,9: wind farm,
9,wind farm,9: wind farm,
9,wind farm,9: wind farm,
9,wind farm,9: wind farm,
9,wind farm,9: wind farm,
9,wind farm,9: wind farm,
9,wind farm,9: wind farm,
9,wind farm,9: wind farm,
9,wind farm,9: wind farm,
9,wind farm,9: wind farm,
9,wind farm,9: wind farm,
9,wind farm,9: wind farm,
9,wind farm,9: wind farm,
9,wind farm,9: wind farm,
9,wind farm,9: wind farm,
9,wind farm,9: wind farm,
9,wind farm,9: wind farm,
9,wind farm,9: wind farm,
9,wind farm,9: wind farm,
9,wind farm,9: wind farm,
9,wind farm,9: wind farm,
9,wind farm,9: wind farm,
9,wind farm,9: wind farm,
9,wind farm,9: wind farm,
9,wind farm,9: wind farm,
9,wind farm,9: wind farm,
9,wind farm,9: wind farm,
9,wind farm,9: wind farm,
9,wind farm,9: wind farm,
9,wind farm,9: wind farm,
9,wind farm,9: wind farm,
9,wind farm,9: wind farm,
9,wind farm,9: wind farm,
9,wind farm,9: wind farm,
9,wind farm,9: wind farm,
9,wind farm,9: wind farm,
9,wind farm,9: wind farm,
9,wind farm,9: wind farm,
9,wind farm,9: wind farm,
9,wind farm,9: wind farm,
9,wind farm,9: wind farm,
9,wind farm,9: wind farm,
9,wind farm,9: wind farm,
9,wind farm,9: wind farm,
9,wind farm,9: wind farm,
9,wind farm,9: wind farm,
9,wind farm,9: wind farm,
9,wind farm,9: wind farm,
9,wind farm,9: wind farm,
9,wind farm,9: wind farm,
9,wind farm,9: wind farm,
9,wind farm,9: wind farm,
9,wind farm,9: wind farm,
9,wind farm,9: wind farm,
9,wind farm,9: wind farm,
9,wind farm,9: wind farm,
9,wind farm,9: wind farm,
9,wind farm,9: wind farm,
9,wind farm,9: wind farm,
9,wind farm,9: wind farm,
9,wind farm,9: wind farm,
9,wind farm,9: wind farm,
9,wind farm,9: wind farm,
9,wind farm,9: wind farm,
9,wind farm,9: wind farm,
9,wind farm,9: wind farm,
9,wind farm,9: wind farm,
9,wind farm,9: wind farm,
9,wind farm,9: wind farm,
9,wind farm,9: wind farm,
9,wind farm,9: wind farm,
9,wind farm,9: wind farm,
9,wind farm,9: wind farm,
9,wind farm,9: wind farm,
9,wind farm,9: wind farm,
9,wind farm,9: wind farm,
9,wind farm,9: wind farm,
9,wind farm,9: wind farm,
9,wind farm,9: wind farm,
9,wind farm,9: wind farm,
9,wind farm,9: wind farm,
9,wind farm,9: wind farm,
9,wind farm,9: wind farm,
9,wind farm,9: wind farm,
9,wind farm,9: wind farm,
9,wind farm,9: wind farm,
9,wind farm,9: wind farm,
9,wind farm,9: wind farm,
9,wind farm,9: wind farm,
9,wind farm,9: wind farm,
9,wind farm,9: wind farm,
9,wind farm,9: wind farm,
9,wind farm,9: wind farm,
9,wind farm,9: wind farm,
9,wind farm,9: wind farm,
9,wind farm,9: wind farm,
9,wind farm,9: wind farm,
9,wind farm,9: wind farm,
9,wind farm,9: wind farm,
9,wind farm,9: wind farm,
9,wind farm,9: wind farm,
9,wind farm,9: wind farm,
9,wind farm,9: wind farm,
9,wind farm,9: wind farm,
9,wind farm,9: wind farm,
9,wind farm,9: wind farm,
9,wind farm,9: wind farm,
9,wind farm,9: wind farm,
9,wind farm,9: wind farm,
9,wind farm,9: wind farm,
9,wind farm,9: wind farm,
9,wind farm,9: wind farm,
9,wind farm,9: wind farm,
9,wind farm,9: wind farm,
9,wind farm,9: wind farm,
9,wind farm,9: wind farm,
9,wind farm,9: wind farm,
9,wind farm,9: wind farm,
9,wind farm,9: wind farm,
9,wind farm,9: wind farm,
9,wind farm,9: wind farm,
9,wind farm,9: wind farm,
9,wind farm,9: wind farm,
9,wind farm,9: wind farm,
9,wind farm,9: wind farm,
9,wind farm,9: wind farm,
9,wind farm,9: wind farm,
9,wind farm,9: wind farm,
9,wind farm,9: wind farm,
9,wind farm,9: wind farm,
9,wind farm,9: wind farm,
9,wind farm,9: wind farm,
9,wind farm,9: wind farm,
9,wind farm,9: wind farm,
9,wind farm,9: wind farm,
9,wind farm,9: wind farm,
9,wind farm,9: wind farm,
9,wind farm,9: wind farm,
9,wind farm,9: wind farm,
9,wind farm,9: wind farm,
9,wind farm,9: wind farm,
9,wind farm,9: wind farm,
9,wind farm,9: wind farm,
9,wind farm,9: wind farm,
1,abstract avail,1: abstract avail,
1,abstract avail,1: abstract avail,
1,abstract avail,1: abstract avail,
1,abstract avail,1: abstract avail,
1,abstract avail,1: abstract avail,
1,abstract avail,1: abstract avail,
1,abstract avail,1: abstract avail,
1,abstract avail,1: abstract avail,
1,abstract avail,1: abstract avail,
1,abstract avail,1: abstract avail,
1,abstract avail,1: abstract avail,
1,abstract avail,1: abstract avail,
1,abstract avail,1: abstract avail,
1,abstract avail,1: abstract avail,
1,abstract avail,1: abstract avail,
1,abstract avail,1: abstract avail,
1,abstract avail,1: abstract avail,
1,abstract avail,1: abstract avail,
1,abstract avail,1: abstract avail,
1,abstract avail,1: abstract avail,
1,abstract avail,1: abstract avail,
1,abstract avail,1: abstract avail,
1,abstract avail,1: abstract avail,
1,abstract avail,1: abstract avail,
1,abstract avail,1: abstract avail,
1,abstract avail,1: abstract avail,
1,abstract avail,1: abstract avail,
1,abstract avail,1: abstract avail,
1,abstract avail,1: abstract avail,
1,abstract avail,1: abstract avail,
1,abstract avail,1: abstract avail,
1,abstract avail,1: abstract avail,
1,abstract avail,1: abstract avail,
1,abstract avail,1: abstract avail,
1,abstract avail,1: abstract avail,
1,abstract avail,1: abstract avail,
1,abstract avail,1: abstract avail,
1,abstract avail,1: abstract avail,
1,abstract avail,1: abstract avail,
1,abstract avail,1: abstract avail,
1,abstract avail,1: abstract avail,
1,abstract avail,1: abstract avail,
1,abstract avail,1: abstract avail,
1,abstract avail,1: abstract avail,
1,abstract avail,1: abstract avail,
1,abstract avail,1: abstract avail,
1,abstract avail,1: abstract avail,
1,abstract avail,1: abstract avail,
1,abstract avail,1: abstract avail,
1,abstract avail,1: abstract avail,
1,abstract avail,1: abstract avail,
1,abstract avail,1: abstract avail,
1,abstract avail,1: abstract avail,
1,abstract avail,1: abstract avail,
1,abstract avail,1: abstract avail,
1,abstract avail,1: abstract avail,
1,abstract avail,1: abstract avail,
1,abstract avail,1: abstract avail,
1,abstract avail,1: abstract avail,
1,abstract avail,1: abstract avail,
1,abstract avail,1: abstract avail,
1,abstract avail,1: abstract avail,
1,abstract avail,1: abstract avail,
1,abstract avail,1: abstract avail,
1,abstract avail,1: abstract avail,
1,abstract avail,1: abstract avail,
1,abstract avail,1: abstract avail,
1,abstract avail,1: abstract avail,
1,abstract avail,1: abstract avail,
1,abstract avail,1: abstract avail,
1,abstract avail,1: abstract avail,
1,abstract avail,1: abstract avail,
1,abstract avail,1: abstract avail,
1,abstract avail,1: abstract avail,
1,abstract avail,1: abstract avail,
1,abstract avail,1: abstract avail,
1,abstract avail,1: abstract avail,
1,abstract avail,1: abstract avail,
1,abstract avail,1: abstract avail,
1,abstract avail,1: abstract avail,
1,abstract avail,1: abstract avail,
5,offshor grid,5: offshor grid,
5,offshor grid,5: offshor grid,
5,offshor grid,5: offshor grid,
5,offshor grid,5: offshor grid,
5,offshor grid,5: offshor grid,
5,offshor grid,5: offshor grid,
5,offshor grid,5: offshor grid,
5,offshor grid,5: offshor grid,
5,offshor grid,5: offshor grid,
5,offshor grid,5: offshor grid,
5,offshor grid,5: offshor grid,
5,offshor grid,5: offshor grid,
5,offshor grid,5: offshor grid,
5,offshor grid,5: offshor grid,
5,offshor grid,5: offshor grid,
5,offshor grid,5: offshor grid,
5,offshor grid,5: offshor grid,
5,offshor grid,5: offshor grid,
5,offshor grid,5: offshor grid,
5,offshor grid,5: offshor grid,
5,offshor grid,5: offshor grid,
5,offshor grid,5: offshor grid,
5,offshor grid,5: offshor grid,
5,offshor grid,5: offshor grid,
5,offshor grid,5: offshor grid,
5,offshor grid,5: offshor grid,
5,offshor grid,5: offshor grid,
5,offshor grid,5: offshor grid,
5,offshor grid,5: offshor grid,
5,offshor grid,5: offshor grid,
5,offshor grid,5: offshor grid,
5,offshor grid,5: offshor grid,
5,offshor grid,5: offshor grid,
5,offshor grid,5: offshor grid,
5,offshor grid,5: offshor grid,
5,offshor grid,5: offshor grid,
5,offshor grid,5: offshor grid,
5,offshor grid,5: offshor grid,
5,offshor grid,5: offshor grid,
5,offshor grid,5: offshor grid,
5,offshor grid,5: offshor grid,
5,offshor grid,5: offshor grid,
5,offshor grid,5: offshor grid,
5,offshor grid,5: offshor grid,
5,offshor grid,5: offshor grid,
5,offshor grid,5: offshor grid,
5,offshor grid,5: offshor grid,
5,offshor grid,5: offshor grid,
5,offshor grid,5: offshor grid,
5,offshor grid,5: offshor grid,
5,offshor grid,5: offshor grid,
5,offshor grid,5: offshor grid,
5,offshor grid,5: offshor grid,
5,offshor grid,5: offshor grid,
5,offshor grid,5: offshor grid,
5,offshor grid,5: offshor grid,
5,offshor grid,5: offshor grid,
5,offshor grid,5: offshor grid,
5,offshor grid,5: offshor grid,
5,offshor grid,5: offshor grid,
5,offshor grid,5: offshor grid,
5,offshor grid,5: offshor grid,
5,offshor grid,5: offshor grid,
5,offshor grid,5: offshor grid,
5,offshor grid,5: offshor grid,
5,offshor grid,5: offshor grid,
5,offshor grid,5: offshor grid,
5,offshor grid,5: offshor grid,
5,offshor grid,5: offshor grid,
5,offshor grid,5: offshor grid,
5,offshor grid,5: offshor grid,
5,offshor grid,5: offshor grid,
5,offshor grid,5: offshor grid,
5,offshor grid,5: offshor grid,
5,offshor grid,5: offshor grid,
5,offshor grid,5: offshor grid,
5,offshor grid,5: offshor grid,
5,offshor grid,5: offshor grid,
5,offshor grid,5: offshor grid,
5,offshor grid,5: offshor grid,
5,offshor grid,5: offshor grid,
5,offshor grid,5: offshor grid,
5,offshor grid,5: offshor grid,
5,offshor grid,5: offshor grid,
5,offshor grid,5: offshor grid,
5,offshor grid,5: offshor grid,
5,offshor grid,5: offshor grid,
5,offshor grid,5: offshor grid,
5,offshor grid,5: offshor grid,
5,offshor grid,5: offshor grid,
5,offshor grid,5: offshor grid,
5,offshor grid,5: offshor grid,
5,offshor grid,5: offshor grid,
5,offshor grid,5: offshor grid,
5,offshor grid,5: offshor grid,
5,offshor grid,5: offshor grid,
5,offshor grid,5: offshor grid,
5,offshor grid,5: offshor grid,
5,offshor grid,5: offshor grid,
5,offshor grid,5: offshor grid,
5,offshor grid,5: offshor grid,
5,offshor grid,5: offshor grid,
5,offshor grid,5: offshor grid,
5,offshor grid,5: offshor grid,
5,offshor grid,5: offshor grid,
5,offshor grid,5: offshor grid,
5,offshor grid,5: offshor grid,
5,offshor grid,5: offshor grid,
5,offshor grid,5: offshor grid,
5,offshor grid,5: offshor grid,
5,offshor grid,5: offshor grid,
5,offshor grid,5: offshor grid,
5,offshor grid,5: offshor grid,
5,offshor grid,5: offshor grid,
5,offshor grid,5: offshor grid,
5,offshor grid,5: offshor grid,
5,offshor grid,5: offshor grid,
5,offshor grid,5: offshor grid,
5,offshor grid,5: offshor grid,
5,offshor grid,5: offshor grid,
5,offshor grid,5: offshor grid,
5,offshor grid,5: offshor grid,
5,offshor grid,5: offshor grid,
5,offshor grid,5: offshor grid,
5,offshor grid,5: offshor grid,
5,offshor grid,5: offshor grid,
5,offshor grid,5: offshor grid,
5,offshor grid,5: offshor grid,
5,offshor grid,5: offshor grid,
5,offshor grid,5: offshor grid,
5,offshor grid,5: offshor grid,
5,offshor grid,5: offshor grid,
5,offshor grid,5: offshor grid,
5,offshor grid,5: offshor grid,
5,offshor grid,5: offshor grid,
5,offshor grid,5: offshor grid,
5,offshor grid,5: offshor grid,
5,offshor grid,5: offshor grid,
5,offshor grid,5: offshor grid,
5,offshor grid,5: offshor grid,
5,offshor grid,5: offshor grid,
5,offshor grid,5: offshor grid,
5,offshor grid,5: offshor grid,
5,offshor grid,5: offshor grid,
5,offshor grid,5: offshor grid,
5,offshor grid,5: offshor grid,
5,offshor grid,5: offshor grid,
5,offshor grid,5: offshor grid,
5,offshor grid,5: offshor grid,
5,offshor grid,5: offshor grid,
5,offshor grid,5: offshor grid,
5,offshor grid,5: offshor grid,
5,offshor grid,5: offshor grid,
5,offshor grid,5: offshor grid,
5,offshor grid,5: offshor grid,
5,offshor grid,5: offshor grid,
5,offshor grid,5: offshor grid,
5,offshor grid,5: offshor grid,
5,offshor grid,5: offshor grid,
5,offshor grid,5: offshor grid,
5,offshor grid,5: offshor grid,
5,offshor grid,5: offshor grid,
5,offshor grid,5: offshor grid,
5,offshor grid,5: offshor grid,
5,offshor grid,5: offshor grid,
5,offshor grid,5: offshor grid,
5,offshor grid,5: offshor grid,
5,offshor grid,5: offshor grid,
5,offshor grid,5: offshor grid,
5,offshor grid,5: offshor grid,
5,offshor grid,5: offshor grid,
5,offshor grid,5: offshor grid,
5,offshor grid,5: offshor grid,
5,offshor grid,5: offshor grid,
5,offshor grid,5: offshor grid,
5,offshor grid,5: offshor grid,
5,offshor grid,5: offshor grid,
5,offshor grid,5: offshor grid,
5,offshor grid,5: offshor grid,
5,offshor grid,5: offshor grid,
5,offshor grid,5: offshor grid,
5,offshor grid,5: offshor grid,
5,offshor grid,5: offshor grid,
5,offshor grid,5: offshor grid,
5,offshor grid,5: offshor grid,
5,offshor grid,5: offshor grid,
5,offshor grid,5: offshor grid,
5,offshor grid,5: offshor grid,
5,offshor grid,5: offshor grid,
5,offshor grid,5: offshor grid,
5,offshor grid,5: offshor grid,
5,offshor grid,5: offshor grid,
5,offshor grid,5: offshor grid,
5,offshor grid,5: offshor grid,
5,offshor grid,5: offshor grid,
5,offshor grid,5: offshor grid,
5,offshor grid,5: offshor grid,
5,offshor grid,5: offshor grid,
5,offshor grid,5: offshor grid,
5,offshor grid,5: offshor grid,
5,offshor grid,5: offshor grid,
5,offshor grid,5: offshor grid,
5,offshor grid,5: offshor grid,
5,offshor grid,5: offshor grid,
5,offshor grid,5: offshor grid,
5,offshor grid,5: offshor grid,
5,offshor grid,5: offshor grid,
5,offshor grid,5: offshor grid,
5,offshor grid,5: offshor grid,
5,offshor grid,5: offshor grid,
5,offshor grid,5: offshor grid,
5,offshor grid,5: offshor grid,
5,offshor grid,5: offshor grid,
5,offshor grid,5: offshor grid,
5,offshor grid,5: offshor grid,
5,offshor grid,5: offshor grid,
5,offshor grid,5: offshor grid,
5,offshor grid,5: offshor grid,
5,offshor grid,5: offshor grid,
5,offshor grid,5: offshor grid,
5,offshor grid,5: offshor grid,
5,offshor grid,5: offshor grid,
5,offshor grid,5: offshor grid,
5,offshor grid,5: offshor grid,
5,offshor grid,5: offshor grid,
5,offshor grid,5: offshor grid,
5,offshor grid,5: offshor grid,
5,offshor grid,5: offshor grid,
5,offshor grid,5: offshor grid,
5,offshor grid,5: offshor grid,
5,offshor grid,5: offshor grid,
5,offshor grid,5: offshor grid,
5,offshor grid,5: offshor grid,
5,offshor grid,5: offshor grid,
5,offshor grid,5: offshor grid,
5,offshor grid,5: offshor grid,
5,offshor grid,5: offshor grid,
5,offshor grid,5: offshor grid,
5,offshor grid,5: offshor grid,
5,offshor grid,5: offshor grid,
5,offshor grid,5: offshor grid,
5,offshor grid,5: offshor grid,
5,offshor grid,5: offshor grid,
5,offshor grid,5: offshor grid,
5,offshor grid,5: offshor grid,
5,offshor grid,5: offshor grid,
5,offshor grid,5: offshor grid,
5,offshor grid,5: offshor grid,
5,offshor grid,5: offshor grid,
5,offshor grid,5: offshor grid,
5,offshor grid,5: offshor grid,
5,offshor grid,5: offshor grid,
5,offshor grid,5: offshor grid,
5,offshor grid,5: offshor grid,
5,offshor grid,5: offshor grid,
5,offshor grid,5: offshor grid,
5,offshor grid,5: offshor grid,
5,offshor grid,5: offshor grid,
5,offshor grid,5: offshor grid,
5,offshor grid,5: offshor grid,
5,offshor grid,5: offshor grid,
5,offshor grid,5: offshor grid,
5,offshor grid,5: offshor grid,
5,offshor grid,5: offshor grid,
5,offshor grid,5: offshor grid,
5,offshor grid,5: offshor grid,
5,offshor grid,5: offshor grid,
5,offshor grid,5: offshor grid,
5,offshor grid,5: offshor grid,
5,offshor grid,5: offshor grid,
5,offshor grid,5: offshor grid,
5,offshor grid,5: offshor grid,
5,offshor grid,5: offshor grid,
5,offshor grid,5: offshor grid,
5,offshor grid,5: offshor grid,
5,offshor grid,5: offshor grid,
5,offshor grid,5: offshor grid,
5,offshor grid,5: offshor grid,
5,offshor grid,5: offshor grid,
5,offshor grid,5: offshor grid,
5,offshor grid,5: offshor grid,
5,offshor grid,5: offshor grid,
5,offshor grid,5: offshor grid,
5,offshor grid,5: offshor grid,
5,offshor grid,5: offshor grid,
5,offshor grid,5: offshor grid,
5,offshor grid,5: offshor grid,
5,offshor grid,5: offshor grid,
5,offshor grid,5: offshor grid,
5,offshor grid,5: offshor grid,
5,offshor grid,5: offshor grid,
5,offshor grid,5: offshor grid,
5,offshor grid,5: offshor grid,
5,offshor grid,5: offshor grid,
5,offshor grid,5: offshor grid,
5,offshor grid,5: offshor grid,
5,offshor grid,5: offshor grid,
5,offshor grid,5: offshor grid,
5,offshor grid,5: offshor grid,
5,offshor grid,5: offshor grid,
5,offshor grid,5: offshor grid,
5,offshor grid,5: offshor grid,
5,offshor grid,5: offshor grid,
5,offshor grid,5: offshor grid,
5,offshor grid,5: offshor grid,
5,offshor grid,5: offshor grid,
5,offshor grid,5: offshor grid,
5,offshor grid,5: offshor grid,
5,offshor grid,5: offshor grid,
5,offshor grid,5: offshor grid,
5,offshor grid,5: offshor grid,
5,offshor grid,5: offshor grid,
5,offshor grid,5: offshor grid,
5,offshor grid,5: offshor grid,
5,offshor grid,5: offshor grid,
5,offshor grid,5: offshor grid,
5,offshor grid,5: offshor grid,
5,offshor grid,5: offshor grid,
5,offshor grid,5: offshor grid,
5,offshor grid,5: offshor grid,
5,offshor grid,5: offshor grid,
5,offshor grid,5: offshor grid,
5,offshor grid,5: offshor grid,
5,offshor grid,5: offshor grid,
5,offshor grid,5: offshor grid,
5,offshor grid,5: offshor grid,
5,offshor grid,5: offshor grid,
5,offshor grid,5: offshor grid,
5,offshor grid,5: offshor grid,
5,offshor grid,5: offshor grid,
5,offshor grid,5: offshor grid,
5,offshor grid,5: offshor grid,
5,offshor grid,5: offshor grid,
5,offshor grid,5: offshor grid,
5,offshor grid,5: offshor grid,
5,offshor grid,5: offshor grid,
5,offshor grid,5: offshor grid,
5,offshor grid,5: offshor grid,
5,offshor grid,5: offshor grid,
5,offshor grid,5: offshor grid,
5,offshor grid,5: offshor grid,
5,offshor grid,5: offshor grid,
5,offshor grid,5: offshor grid,
5,offshor grid,5: offshor grid,
5,offshor grid,5: offshor grid,
5,offshor grid,5: offshor grid,
5,offshor grid,5: offshor grid,
5,offshor grid,5: offshor grid,
5,offshor grid,5: offshor grid,
5,offshor grid,5: offshor grid,
5,offshor grid,5: offshor grid,
5,offshor grid,5: offshor grid,
5,offshor grid,5: offshor grid,
5,offshor grid,5: offshor grid,
5,offshor grid,5: offshor grid,
5,offshor grid,5: offshor grid,
5,offshor grid,5: offshor grid,
5,offshor grid,5: offshor grid,
5,offshor grid,5: offshor grid,
5,offshor grid,5: offshor grid,
5,offshor grid,5: offshor grid,
5,offshor grid,5: offshor grid,
5,offshor grid,5: offshor grid,
5,offshor grid,5: offshor grid,
5,offshor grid,5: offshor grid,
5,offshor grid,5: offshor grid,
5,offshor grid,5: offshor grid,
5,offshor grid,5: offshor grid,
5,offshor grid,5: offshor grid,
5,offshor grid,5: offshor grid,
5,offshor grid,5: offshor grid,
5,offshor grid,5: offshor grid,
5,offshor grid,5: offshor grid,
5,offshor grid,5: offshor grid,
5,offshor grid,5: offshor grid,
5,offshor grid,5: offshor grid,
5,offshor grid,5: offshor grid,
5,offshor grid,5: offshor grid,
5,offshor grid,5: offshor grid,
5,offshor grid,5: offshor grid,
5,offshor grid,5: offshor grid,
5,offshor grid,5: offshor grid,
5,offshor grid,5: offshor grid,
5,offshor grid,5: offshor grid,
5,offshor grid,5: offshor grid,
5,offshor grid,5: offshor grid,
5,offshor grid,5: offshor grid,
5,offshor grid,5: offshor grid,
5,offshor grid,5: offshor grid,
5,offshor grid,5: offshor grid,
5,offshor grid,5: offshor grid,
5,offshor grid,5: offshor grid,
5,offshor grid,5: offshor grid,
5,offshor grid,5: offshor grid,
5,offshor grid,5: offshor grid,
5,offshor grid,5: offshor grid,
5,offshor grid,5: offshor grid,
5,offshor grid,5: offshor grid,
5,offshor grid,5: offshor grid,
5,offshor grid,5: offshor grid,
5,offshor grid,5: offshor grid,
5,offshor grid,5: offshor grid,
5,offshor grid,5: offshor grid,
5,offshor grid,5: offshor grid,
5,offshor grid,5: offshor grid,
5,offshor grid,5: offshor grid,
5,offshor grid,5: offshor grid,
5,offshor grid,5: offshor grid,
5,offshor grid,5: offshor grid,
5,offshor grid,5: offshor grid,
5,offshor grid,5: offshor grid,
5,offshor grid,5: offshor grid,
5,offshor grid,5: offshor grid,
5,offshor grid,5: offshor grid,
5,offshor grid,5: offshor grid,
5,offshor grid,5: offshor grid,
5,offshor grid,5: offshor grid,
5,offshor grid,5: offshor grid,
5,offshor grid,5: offshor grid,
5,offshor grid,5: offshor grid,
5,offshor grid,5: offshor grid,
5,offshor grid,5: offshor grid,
5,offshor grid,5: offshor grid,
5,offshor grid,5: offshor grid,
5,offshor grid,5: offshor grid,
5,offshor grid,5: offshor grid,
5,offshor grid,5: offshor grid,
5,offshor grid,5: offshor grid,
5,offshor grid,5: offshor grid,
5,offshor grid,5: offshor grid,
5,offshor grid,5: offshor grid,
5,offshor grid,5: offshor grid,
5,offshor grid,5: offshor grid,
5,offshor grid,5: offshor grid,
5,offshor grid,5: offshor grid,
5,offshor grid,5: offshor grid,
5,offshor grid,5: offshor grid,
5,offshor grid,5: offshor grid,
5,offshor grid,5: offshor grid,
5,offshor grid,5: offshor grid,
5,offshor grid,5: offshor grid,
5,offshor grid,5: offshor grid,
5,offshor grid,5: offshor grid,
5,offshor grid,5: offshor grid,
5,offshor grid,5: offshor grid,
5,offshor grid,5: offshor grid,
5,offshor grid,5: offshor grid,
5,offshor grid,5: offshor grid,
5,offshor grid,5: offshor grid,
5,offshor grid,5: offshor grid,
5,offshor grid,5: offshor grid,
5,offshor grid,5: offshor grid,
5,offshor grid,5: offshor grid,
5,offshor grid,5: offshor grid,
5,offshor grid,5: offshor grid,
5,offshor grid,5: offshor grid,
5,offshor grid,5: offshor grid,
5,offshor grid,5: offshor grid,
5,offshor grid,5: offshor grid,
5,offshor grid,5: offshor grid,
5,offshor grid,5: offshor grid,
5,offshor grid,5: offshor grid,
5,offshor grid,5: offshor grid,
5,offshor grid,5: offshor grid,
5,offshor grid,5: offshor grid,
5,offshor grid,5: offshor grid,
5,offshor grid,5: offshor grid,
5,offshor grid,5: offshor grid,
5,offshor grid,5: offshor grid,
5,offshor grid,5: offshor grid,
5,offshor grid,5: offshor grid,
5,offshor grid,5: offshor grid,
5,offshor grid,5: offshor grid,
5,offshor grid,5: offshor grid,
5,offshor grid,5: offshor grid,
5,offshor grid,5: offshor grid,
5,offshor grid,5: offshor grid,
5,offshor grid,5: offshor grid,
5,offshor grid,5: offshor grid,
5,offshor grid,5: offshor grid,
5,offshor grid,5: offshor grid,
5,offshor grid,5: offshor grid,
5,offshor grid,5: offshor grid,
5,offshor grid,5: offshor grid,
5,offshor grid,5: offshor grid,
5,offshor grid,5: offshor grid,
5,offshor grid,5: offshor grid,
5,offshor grid,5: offshor grid,
5,offshor grid,5: offshor grid,
5,offshor grid,5: offshor grid,
5,offshor grid,5: offshor grid,
5,offshor grid,5: offshor grid,
5,offshor grid,5: offshor grid,
5,offshor grid,5: offshor grid,
5,offshor grid,5: offshor grid,
5,offshor grid,5: offshor grid,
5,offshor grid,5: offshor grid,
5,offshor grid,5: offshor grid,
5,offshor grid,5: offshor grid,
5,offshor grid,5: offshor grid,
5,offshor grid,5: offshor grid,
5,offshor grid,5: offshor grid,
5,offshor grid,5: offshor grid,
5,offshor grid,5: offshor grid,
5,offshor grid,5: offshor grid,
5,offshor grid,5: offshor grid,
5,offshor grid,5: offshor grid,
5,offshor grid,5: offshor grid,
5,offshor grid,5: offshor grid,
5,offshor grid,5: offshor grid,
5,offshor grid,5: offshor grid,
5,offshor grid,5: offshor grid,
5,offshor grid,5: offshor grid,
5,offshor grid,5: offshor grid,
5,offshor grid,5: offshor grid,
5,offshor grid,5: offshor grid,
5,offshor grid,5: offshor grid,
5,offshor grid,5: offshor grid,
5,offshor grid,5: offshor grid,
5,offshor grid,5: offshor grid,
5,offshor grid,5: offshor grid,
5,offshor grid,5: offshor grid,
5,offshor grid,5: offshor grid,
5,offshor grid,5: offshor grid,
5,offshor grid,5: offshor grid,
9,wind farm,9: wind farm,
9,wind farm,9: wind farm,
9,wind farm,9: wind farm,
9,wind farm,9: wind farm,
9,wind farm,9: wind farm,
9,wind farm,9: wind farm,
9,wind farm,9: wind farm,
9,wind farm,9: wind farm,
9,wind farm,9: wind farm,
9,wind farm,9: wind farm,
9,wind farm,9: wind farm,
9,wind farm,9: wind farm,
9,wind farm,9: wind farm,
9,wind farm,9: wind farm,
9,wind farm,9: wind farm,
9,wind farm,9: wind farm,
9,wind farm,9: wind farm,
9,wind farm,9: wind farm,
9,wind farm,9: wind farm,
9,wind farm,9: wind farm,
9,wind farm,9: wind farm,
9,wind farm,9: wind farm,
9,wind farm,9: wind farm,
9,wind farm,9: wind farm,
9,wind farm,9: wind farm,
9,wind farm,9: wind farm,
9,wind farm,9: wind farm,
9,wind farm,9: wind farm,
9,wind farm,9: wind farm,
9,wind farm,9: wind farm,
9,wind farm,9: wind farm,
9,wind farm,9: wind farm,
9,wind farm,9: wind farm,
9,wind farm,9: wind farm,
9,wind farm,9: wind farm,
9,wind farm,9: wind farm,
9,wind farm,9: wind farm,
9,wind farm,9: wind farm,
9,wind farm,9: wind farm,
9,wind farm,9: wind farm,
9,wind farm,9: wind farm,
9,wind farm,9: wind farm,
9,wind farm,9: wind farm,
9,wind farm,9: wind farm,
9,wind farm,9: wind farm,
9,wind farm,9: wind farm,
9,wind farm,9: wind farm,
9,wind farm,9: wind farm,
9,wind farm,9: wind farm,
9,wind farm,9: wind farm,
9,wind farm,9: wind farm,
9,wind farm,9: wind farm,
9,wind farm,9: wind farm,
9,wind farm,9: wind farm,
9,wind farm,9: wind farm,
9,wind farm,9: wind farm,
9,wind farm,9: wind farm,
9,wind farm,9: wind farm,
9,wind farm,9: wind farm,
9,wind farm,9: wind farm,
9,wind farm,9: wind farm,
9,wind farm,9: wind farm,
9,wind farm,9: wind farm,
9,wind farm,9: wind farm,
9,wind farm,9: wind farm,
9,wind farm,9: wind farm,
9,wind farm,9: wind farm,
9,wind farm,9: wind farm,
9,wind farm,9: wind farm,
9,wind farm,9: wind farm,
9,wind farm,9: wind farm,
9,wind farm,9: wind farm,
9,wind farm,9: wind farm,
9,wind farm,9: wind farm,
9,wind farm,9: wind farm,
9,wind farm,9: wind farm,
9,wind farm,9: wind farm,
9,wind farm,9: wind farm,
9,wind farm,9: wind farm,
9,wind farm,9: wind farm,
9,wind farm,9: wind farm,
9,wind farm,9: wind farm,
9,wind farm,9: wind farm,
9,wind farm,9: wind farm,
9,wind farm,9: wind farm,
9,wind farm,9: wind farm,
9,wind farm,9: wind farm,
9,wind farm,9: wind farm,
9,wind farm,9: wind farm,
9,wind farm,9: wind farm,
9,wind farm,9: wind farm,
9,wind farm,9: wind farm,
9,wind farm,9: wind farm,
9,wind farm,9: wind farm,
9,wind farm,9: wind farm,
9,wind farm,9: wind farm,
9,wind farm,9: wind farm,
9,wind farm,9: wind farm,
9,wind farm,9: wind farm,
9,wind farm,9: wind farm,
9,wind farm,9: wind farm,
9,wind farm,9: wind farm,
9,wind farm,9: wind farm,
9,wind farm,9: wind farm,
9,wind farm,9: wind farm,
9,wind farm,9: wind farm,
9,wind farm,9: wind farm,
9,wind farm,9: wind farm,
9,wind farm,9: wind farm,
9,wind farm,9: wind farm,
9,wind farm,9: wind farm,
9,wind farm,9: wind farm,
9,wind farm,9: wind farm,
9,wind farm,9: wind farm,
9,wind farm,9: wind farm,
9,wind farm,9: wind farm,
9,wind farm,9: wind farm,
9,wind farm,9: wind farm,
9,wind farm,9: wind farm,
9,wind farm,9: wind farm,
9,wind farm,9: wind farm,
9,wind farm,9: wind farm,
9,wind farm,9: wind farm,
9,wind farm,9: wind farm,
9,wind farm,9: wind farm,
9,wind farm,9: wind farm,
9,wind farm,9: wind farm,
9,wind farm,9: wind farm,
9,wind farm,9: wind farm,
9,wind farm,9: wind farm,
9,wind farm,9: wind farm,
9,wind farm,9: wind farm,
9,wind farm,9: wind farm,
9,wind farm,9: wind farm,
9,wind farm,9: wind farm,
9,wind farm,9: wind farm,
9,wind farm,9: wind farm,
9,wind farm,9: wind farm,
9,wind farm,9: wind farm,
9,wind farm,9: wind farm,
9,wind farm,9: wind farm,
9,wind farm,9: wind farm,
9,wind farm,9: wind farm,
9,wind farm,9: wind farm,
9,wind farm,9: wind farm,
9,wind farm,9: wind farm,
9,wind farm,9: wind farm,
9,wind farm,9: wind farm,
9,wind farm,9: wind farm,
9,wind farm,9: wind farm,
9,wind farm,9: wind farm,
9,wind farm,9: wind farm,
9,wind farm,9: wind farm,
9,wind farm,9: wind farm,
9,wind farm,9: wind farm,
9,wind farm,9: wind farm,
9,wind farm,9: wind farm,
9,wind farm,9: wind farm,
9,wind farm,9: wind farm,
9,wind farm,9: wind farm,
9,wind farm,9: wind farm,
9,wind farm,9: wind farm,
9,wind farm,9: wind farm,
9,wind farm,9: wind farm,
9,wind farm,9: wind farm,
9,wind farm,9: wind farm,
9,wind farm,9: wind farm,
9,wind farm,9: wind farm,
9,wind farm,9: wind farm,
9,wind farm,9: wind farm,
9,wind farm,9: wind farm,
9,wind farm,9: wind farm,
9,wind farm,9: wind farm,
9,wind farm,9: wind farm,
9,wind farm,9: wind farm,
9,wind farm,9: wind farm,
9,wind farm,9: wind farm,
9,wind farm,9: wind farm,
9,wind farm,9: wind farm,
9,wind farm,9: wind farm,
9,wind farm,9: wind farm,
9,wind farm,9: wind farm,
9,wind farm,9: wind farm,
9,wind farm,9: wind farm,
9,wind farm,9: wind farm,
9,wind farm,9: wind farm,
9,wind farm,9: wind farm,
9,wind farm,9: wind farm,
9,wind farm,9: wind farm,
9,wind farm,9: wind farm,
9,wind farm,9: wind farm,
9,wind farm,9: wind farm,
9,wind farm,9: wind farm,
9,wind farm,9: wind farm,
9,wind farm,9: wind farm,
9,wind farm,9: wind farm,
9,wind farm,9: wind farm,
9,wind farm,9: wind farm,
9,wind farm,9: wind farm,
9,wind farm,9: wind farm,
9,wind farm,9: wind farm,
9,wind farm,9: wind farm,
9,wind farm,9: wind farm,
9,wind farm,9: wind farm,
9,wind farm,9: wind farm,
9,wind farm,9: wind farm,
9,wind farm,9: wind farm,
9,wind farm,9: wind farm,
9,wind farm,9: wind farm,
9,wind farm,9: wind farm,
9,wind farm,9: wind farm,
9,wind farm,9: wind farm,
9,wind farm,9: wind farm,
9,wind farm,9: wind farm,
9,wind farm,9: wind farm,
9,wind farm,9: wind farm,
9,wind farm,9: wind farm,
9,wind farm,9: wind farm,
9,wind farm,9: wind farm,
9,wind farm,9: wind farm,
9,wind farm,9: wind farm,
9,wind farm,9: wind farm,
9,wind farm,9: wind farm,
9,wind farm,9: wind farm,
9,wind farm,9: wind farm,
9,wind farm,9: wind farm,
9,wind farm,9: wind farm,
9,wind farm,9: wind farm,
9,wind farm,9: wind farm,
9,wind farm,9: wind farm,
9,wind farm,9: wind farm,
9,wind farm,9: wind farm,
9,wind farm,9: wind farm,
9,wind farm,9: wind farm,
9,wind farm,9: wind farm,
9,wind farm,9: wind farm,
9,wind farm,9: wind farm,
9,wind farm,9: wind farm,
9,wind farm,9: wind farm,
9,wind farm,9: wind farm,
9,wind farm,9: wind farm,
9,wind farm,9: wind farm,
9,wind farm,9: wind farm,
9,wind farm,9: wind farm,
9,wind farm,9: wind farm,
9,wind farm,9: wind farm,
9,wind farm,9: wind farm,
9,wind farm,9: wind farm,
9,wind farm,9: wind farm,
9,wind farm,9: wind farm,
9,wind farm,9: wind farm,
9,wind farm,9: wind farm,
9,wind farm,9: wind farm,
9,wind farm,9: wind farm,
9,wind farm,9: wind farm,
9,wind farm,9: wind farm,
9,wind farm,9: wind farm,
9,wind farm,9: wind farm,
9,wind farm,9: wind farm,
9,wind farm,9: wind farm,
9,wind farm,9: wind farm,
9,wind farm,9: wind farm,
9,wind farm,9: wind farm,
9,wind farm,9: wind farm,
9,wind farm,9: wind farm,
9,wind farm,9: wind farm,
9,wind farm,9: wind farm,
9,wind farm,9: wind farm,
9,wind farm,9: wind farm,
9,wind farm,9: wind farm,
9,wind farm,9: wind farm,
9,wind farm,9: wind farm,
9,wind farm,9: wind farm,
9,wind farm,9: wind farm,
9,wind farm,9: wind farm,
9,wind farm,9: wind farm,
9,wind farm,9: wind farm,
9,wind farm,9: wind farm,
9,wind farm,9: wind farm,
9,wind farm,9: wind farm,
9,wind farm,9: wind farm,
9,wind farm,9: wind farm,
9,wind farm,9: wind farm,
9,wind farm,9: wind farm,
9,wind farm,9: wind farm,
9,wind farm,9: wind farm,
9,wind farm,9: wind farm,
9,wind farm,9: wind farm,
9,wind farm,9: wind farm,
9,wind farm,9: wind farm,
9,wind farm,9: wind farm,
9,wind farm,9: wind farm,
9,wind farm,9: wind farm,
9,wind farm,9: wind farm,
9,wind farm,9: wind farm,
9,wind farm,9: wind farm,
9,wind farm,9: wind farm,
9,wind farm,9: wind farm,
9,wind farm,9: wind farm,
9,wind farm,9: wind farm,
9,wind farm,9: wind farm,
9,wind farm,9: wind farm,
9,wind farm,9: wind farm,
9,wind farm,9: wind farm,
9,wind farm,9: wind farm,
9,wind farm,9: wind farm,
9,wind farm,9: wind farm,
9,wind farm,9: wind farm,
9,wind farm,9: wind farm,
9,wind farm,9: wind farm,
9,wind farm,9: wind farm,
9,wind farm,9: wind farm,
9,wind farm,9: wind farm,
9,wind farm,9: wind farm,
9,wind farm,9: wind farm,
9,wind farm,9: wind farm,
9,wind farm,9: wind farm,
9,wind farm,9: wind farm,
9,wind farm,9: wind farm,
9,wind farm,9: wind farm,
9,wind farm,9: wind farm,
9,wind farm,9: wind farm,
9,wind farm,9: wind farm,
9,wind farm,9: wind farm,
9,wind farm,9: wind farm,
9,wind farm,9: wind farm,
9,wind farm,9: wind farm,
9,wind farm,9: wind farm,
9,wind farm,9: wind farm,
9,wind farm,9: wind farm,
9,wind farm,9: wind farm,
9,wind farm,9: wind farm,
9,wind farm,9: wind farm,
9,wind farm,9: wind farm,
9,wind farm,9: wind farm,
9,wind farm,9: wind farm,
9,wind farm,9: wind farm,
9,wind farm,9: wind farm,
9,wind farm,9: wind farm,
9,wind farm,9: wind farm,
9,wind farm,9: wind farm,
9,wind farm,9: wind farm,
9,wind farm,9: wind farm,
9,wind farm,9: wind farm,
9,wind farm,9: wind farm,
9,wind farm,9: wind farm,
9,wind farm,9: wind farm,
9,wind farm,9: wind farm,
9,wind farm,9: wind farm,
9,wind farm,9: wind farm,
9,wind farm,9: wind farm,
9,wind farm,9: wind farm,
9,wind farm,9: wind farm,
9,wind farm,9: wind farm,
9,wind farm,9: wind farm,
9,wind farm,9: wind farm,
9,wind farm,9: wind farm,
9,wind farm,9: wind farm,
9,wind farm,9: wind farm,
9,wind farm,9: wind farm,
9,wind farm,9: wind farm,
9,wind farm,9: wind farm,
9,wind farm,9: wind farm,
9,wind farm,9: wind farm,
9,wind farm,9: wind farm,
9,wind farm,9: wind farm,
9,wind farm,9: wind farm,
9,wind farm,9: wind farm,
9,wind farm,9: wind farm,
9,wind farm,9: wind farm,
9,wind farm,9: wind farm,
9,wind farm,9: wind farm,
9,wind farm,9: wind farm,
9,wind farm,9: wind farm,
9,wind farm,9: wind farm,
9,wind farm,9: wind farm,
9,wind farm,9: wind farm,
9,wind farm,9: wind farm,
9,wind farm,9: wind farm,
9,wind farm,9: wind farm,
9,wind farm,9: wind farm,
9,wind farm,9: wind farm,
9,wind farm,9: wind farm,
9,wind farm,9: wind farm,
9,wind farm,9: wind farm,
9,wind farm,9: wind farm,
9,wind farm,9: wind farm,
9,wind farm,9: wind farm,
9,wind farm,9: wind farm,
9,wind farm,9: wind farm,
9,wind farm,9: wind farm,
9,wind farm,9: wind farm,
9,wind farm,9: wind farm,
9,wind farm,9: wind farm,
9,wind farm,9: wind farm,
9,wind farm,9: wind farm,
9,wind farm,9: wind farm,
9,wind farm,9: wind farm,
9,wind farm,9: wind farm,
9,wind farm,9: wind farm,
9,wind farm,9: wind farm,
9,wind farm,9: wind farm,
9,wind farm,9: wind farm,
9,wind farm,9: wind farm,
9,wind farm,9: wind farm,
9,wind farm,9: wind farm,
9,wind farm,9: wind farm,
9,wind farm,9: wind farm,
9,wind farm,9: wind farm,
9,wind farm,9: wind farm,
9,wind farm,9: wind farm,
9,wind farm,9: wind farm,
9,wind farm,9: wind farm,
9,wind farm,9: wind farm,
9,wind farm,9: wind farm,
9,wind farm,9: wind farm,
9,wind farm,9: wind farm,
9,wind farm,9: wind farm,
9,wind farm,9: wind farm,
9,wind farm,9: wind farm,
9,wind farm,9: wind farm,
9,wind farm,9: wind farm,
9,wind farm,9: wind farm,
9,wind farm,9: wind farm,
9,wind farm,9: wind farm,
9,wind farm,9: wind farm,
9,wind farm,9: wind farm,
9,wind farm,9: wind farm,
9,wind farm,9: wind farm,
9,wind farm,9: wind farm,
9,wind farm,9: wind farm,
9,wind farm,9: wind farm,
9,wind farm,9: wind farm,
9,wind farm,9: wind farm,
9,wind farm,9: wind farm,
9,wind farm,9: wind farm,
9,wind farm,9: wind farm,
9,wind farm,9: wind farm,
9,wind farm,9: wind farm,
9,wind farm,9: wind farm,
9,wind farm,9: wind farm,
9,wind farm,9: wind farm,
9,wind farm,9: wind farm,
9,wind farm,9: wind farm,
9,wind farm,9: wind farm,
9,wind farm,9: wind farm,
9,wind farm,9: wind farm,
9,wind farm,9: wind farm,
9,wind farm,9: wind farm,
9,wind farm,9: wind farm,
9,wind farm,9: wind farm,
9,wind farm,9: wind farm,
9,wind farm,9: wind farm,
9,wind farm,9: wind farm,
9,wind farm,9: wind farm,
9,wind farm,9: wind farm,
9,wind farm,9: wind farm,
9,wind farm,9: wind farm,
9,wind farm,9: wind farm,
9,wind farm,9: wind farm,
9,wind farm,9: wind farm,
9,wind farm,9: wind farm,
9,wind farm,9: wind farm,
9,wind farm,9: wind farm,
9,wind farm,9: wind farm,
9,wind farm,9: wind farm,
9,wind farm,9: wind farm,
9,wind farm,9: wind farm,
9,wind farm,9: wind farm,
9,wind farm,9: wind farm,
9,wind farm,9: wind farm,
9,wind farm,9: wind farm,
9,wind farm,9: wind farm,
9,wind farm,9: wind farm,
9,wind farm,9: wind farm,
9,wind farm,9: wind farm,
9,wind farm,9: wind farm,
9,wind farm,9: wind farm,
9,wind farm,9: wind farm,
9,wind farm,9: wind farm,
9,wind farm,9: wind farm,
9,wind farm,9: wind farm,
9,wind farm,9: wind farm,
7,renew energi,7: renew energi,
7,renew energi,7: renew energi,
7,renew energi,7: renew energi,
7,renew energi,7: renew energi,
7,renew energi,7: renew energi,
7,renew energi,7: renew energi,
7,renew energi,7: renew energi,
7,renew energi,7: renew energi,
7,renew energi,7: renew energi,
7,renew energi,7: renew energi,
7,renew energi,7: renew energi,
7,renew energi,7: renew energi,
7,renew energi,7: renew energi,
7,renew energi,7: renew energi,
7,renew energi,7: renew energi,
7,renew energi,7: renew energi,
7,renew energi,7: renew energi,
7,renew energi,7: renew energi,
7,renew energi,7: renew energi,
7,renew energi,7: renew energi,
7,renew energi,7: renew energi,
7,renew energi,7: renew energi,
7,renew energi,7: renew energi,
7,renew energi,7: renew energi,
7,renew energi,7: renew energi,
7,renew energi,7: renew energi,
7,renew energi,7: renew energi,
7,renew energi,7: renew energi,
7,renew energi,7: renew energi,
7,renew energi,7: renew energi,
7,renew energi,7: renew energi,
7,renew energi,7: renew energi,
7,renew energi,7: renew energi,
7,renew energi,7: renew energi,
7,renew energi,7: renew energi,
7,renew energi,7: renew energi,
7,renew energi,7: renew energi,
7,renew energi,7: renew energi,
7,renew energi,7: renew energi,
7,renew energi,7: renew energi,
7,renew energi,7: renew energi,
7,renew energi,7: renew energi,
7,renew energi,7: renew energi,
7,renew energi,7: renew energi,
7,renew energi,7: renew energi,
7,renew energi,7: renew energi,
7,renew energi,7: renew energi,
7,renew energi,7: renew energi,
7,renew energi,7: renew energi,
7,renew energi,7: renew energi,
7,renew energi,7: renew energi,
7,renew energi,7: renew energi,
7,renew energi,7: renew energi,
7,renew energi,7: renew energi,
7,renew energi,7: renew energi,
7,renew energi,7: renew energi,
7,renew energi,7: renew energi,
7,renew energi,7: renew energi,
7,renew energi,7: renew energi,
7,renew energi,7: renew energi,
7,renew energi,7: renew energi,
7,renew energi,7: renew energi,
7,renew energi,7: renew energi,
7,renew energi,7: renew energi,
7,renew energi,7: renew energi,
7,renew energi,7: renew energi,
7,renew energi,7: renew energi,
7,renew energi,7: renew energi,
7,renew energi,7: renew energi,
7,renew energi,7: renew energi,
7,renew energi,7: renew energi,
7,renew energi,7: renew energi,
7,renew energi,7: renew energi,
7,renew energi,7: renew energi,
7,renew energi,7: renew energi,
7,renew energi,7: renew energi,
7,renew energi,7: renew energi,
7,renew energi,7: renew energi,
7,renew energi,7: renew energi,
7,renew energi,7: renew energi,
7,renew energi,7: renew energi,
7,renew energi,7: renew energi,
7,renew energi,7: renew energi,
7,renew energi,7: renew energi,
7,renew energi,7: renew energi,
7,renew energi,7: renew energi,
7,renew energi,7: renew energi,
7,renew energi,7: renew energi,
7,renew energi,7: renew energi,
7,renew energi,7: renew energi,
7,renew energi,7: renew energi,
7,renew energi,7: renew energi,
7,renew energi,7: renew energi,
7,renew energi,7: renew energi,
7,renew energi,7: renew energi,
7,renew energi,7: renew energi,
7,renew energi,7: renew energi,
7,renew energi,7: renew energi,
7,renew energi,7: renew energi,
7,renew energi,7: renew energi,
7,renew energi,7: renew energi,
7,renew energi,7: renew energi,
7,renew energi,7: renew energi,
7,renew energi,7: renew energi,
7,renew energi,7: renew energi,
7,renew energi,7: renew energi,
7,renew energi,7: renew energi,
7,renew energi,7: renew energi,
7,renew energi,7: renew energi,
7,renew energi,7: renew energi,
7,renew energi,7: renew energi,
7,renew energi,7: renew energi,
7,renew energi,7: renew energi,
7,renew energi,7: renew energi,
7,renew energi,7: renew energi,
7,renew energi,7: renew energi,
7,renew energi,7: renew energi,
7,renew energi,7: renew energi,
7,renew energi,7: renew energi,
7,renew energi,7: renew energi,
7,renew energi,7: renew energi,
7,renew energi,7: renew energi,
7,renew energi,7: renew energi,
7,renew energi,7: renew energi,
7,renew energi,7: renew energi,
7,renew energi,7: renew energi,
7,renew energi,7: renew energi,
7,renew energi,7: renew energi,
7,renew energi,7: renew energi,
7,renew energi,7: renew energi,
7,renew energi,7: renew energi,
7,renew energi,7: renew energi,
7,renew energi,7: renew energi,
7,renew energi,7: renew energi,
7,renew energi,7: renew energi,
7,renew energi,7: renew energi,
7,renew energi,7: renew energi,
7,renew energi,7: renew energi,
7,renew energi,7: renew energi,
7,renew energi,7: renew energi,
7,renew energi,7: renew energi,
7,renew energi,7: renew energi,
7,renew energi,7: renew energi,
7,renew energi,7: renew energi,
7,renew energi,7: renew energi,
7,renew energi,7: renew energi,
1,abstract avail,1: abstract avail,
1,abstract avail,1: abstract avail,
1,abstract avail,1: abstract avail,
1,abstract avail,1: abstract avail,
1,abstract avail,1: abstract avail,
1,abstract avail,1: abstract avail,
1,abstract avail,1: abstract avail,
1,abstract avail,1: abstract avail,
1,abstract avail,1: abstract avail,
1,abstract avail,1: abstract avail,
1,abstract avail,1: abstract avail,
1,abstract avail,1: abstract avail,
1,abstract avail,1: abstract avail,
1,abstract avail,1: abstract avail,
1,abstract avail,1: abstract avail,
1,abstract avail,1: abstract avail,
1,abstract avail,1: abstract avail,
1,abstract avail,1: abstract avail,
1,abstract avail,1: abstract avail,
1,abstract avail,1: abstract avail,
1,abstract avail,1: abstract avail,
1,abstract avail,1: abstract avail,
1,abstract avail,1: abstract avail,
1,abstract avail,1: abstract avail,
1,abstract avail,1: abstract avail,
1,abstract avail,1: abstract avail,
1,abstract avail,1: abstract avail,
1,abstract avail,1: abstract avail,
1,abstract avail,1: abstract avail,
1,abstract avail,1: abstract avail,
1,abstract avail,1: abstract avail,
1,abstract avail,1: abstract avail,
1,abstract avail,1: abstract avail,
1,abstract avail,1: abstract avail,
1,abstract avail,1: abstract avail,
1,abstract avail,1: abstract avail,
1,abstract avail,1: abstract avail,
1,abstract avail,1: abstract avail,
1,abstract avail,1: abstract avail,
1,abstract avail,1: abstract avail,
1,abstract avail,1: abstract avail,
1,abstract avail,1: abstract avail,
1,abstract avail,1: abstract avail,
1,abstract avail,1: abstract avail,
1,abstract avail,1: abstract avail,
1,abstract avail,1: abstract avail,
1,abstract avail,1: abstract avail,
1,abstract avail,1: abstract avail,
1,abstract avail,1: abstract avail,
1,abstract avail,1: abstract avail,
1,abstract avail,1: abstract avail,
1,abstract avail,1: abstract avail,
1,abstract avail,1: abstract avail,
1,abstract avail,1: abstract avail,
1,abstract avail,1: abstract avail,
1,abstract avail,1: abstract avail,
1,abstract avail,1: abstract avail,
1,abstract avail,1: abstract avail,
1,abstract avail,1: abstract avail,
1,abstract avail,1: abstract avail,
1,abstract avail,1: abstract avail,
1,abstract avail,1: abstract avail,
1,abstract avail,1: abstract avail,
1,abstract avail,1: abstract avail,
1,abstract avail,1: abstract avail,
1,abstract avail,1: abstract avail,
1,abstract avail,1: abstract avail,
1,abstract avail,1: abstract avail,
1,abstract avail,1: abstract avail,
1,abstract avail,1: abstract avail,
1,abstract avail,1: abstract avail,
1,abstract avail,1: abstract avail,
1,abstract avail,1: abstract avail,
1,abstract avail,1: abstract avail,
1,abstract avail,1: abstract avail,
1,abstract avail,1: abstract avail,
1,abstract avail,1: abstract avail,
1,abstract avail,1: abstract avail,
1,abstract avail,1: abstract avail,
1,abstract avail,1: abstract avail,
1,abstract avail,1: abstract avail,
5,offshor grid,5: offshor grid,
5,offshor grid,5: offshor grid,
5,offshor grid,5: offshor grid,
5,offshor grid,5: offshor grid,
5,offshor grid,5: offshor grid,
5,offshor grid,5: offshor grid,
5,offshor grid,5: offshor grid,
5,offshor grid,5: offshor grid,
5,offshor grid,5: offshor grid,
5,offshor grid,5: offshor grid,
5,offshor grid,5: offshor grid,
5,offshor grid,5: offshor grid,
5,offshor grid,5: offshor grid,
5,offshor grid,5: offshor grid,
5,offshor grid,5: offshor grid,
5,offshor grid,5: offshor grid,
5,offshor grid,5: offshor grid,
5,offshor grid,5: offshor grid,
5,offshor grid,5: offshor grid,
5,offshor grid,5: offshor grid,
5,offshor grid,5: offshor grid,
5,offshor grid,5: offshor grid,
5,offshor grid,5: offshor grid,
5,offshor grid,5: offshor grid,
5,offshor grid,5: offshor grid,
5,offshor grid,5: offshor grid,
5,offshor grid,5: offshor grid,
5,offshor grid,5: offshor grid,
5,offshor grid,5: offshor grid,
5,offshor grid,5: offshor grid,
5,offshor grid,5: offshor grid,
5,offshor grid,5: offshor grid,
5,offshor grid,5: offshor grid,
5,offshor grid,5: offshor grid,
5,offshor grid,5: offshor grid,
5,offshor grid,5: offshor grid,
5,offshor grid,5: offshor grid,
5,offshor grid,5: offshor grid,
5,offshor grid,5: offshor grid,
5,offshor grid,5: offshor grid,
5,offshor grid,5: offshor grid,
5,offshor grid,5: offshor grid,
5,offshor grid,5: offshor grid,
5,offshor grid,5: offshor grid,
5,offshor grid,5: offshor grid,
5,offshor grid,5: offshor grid,
5,offshor grid,5: offshor grid,
5,offshor grid,5: offshor grid,
5,offshor grid,5: offshor grid,
5,offshor grid,5: offshor grid,
5,offshor grid,5: offshor grid,
5,offshor grid,5: offshor grid,
5,offshor grid,5: offshor grid,
5,offshor grid,5: offshor grid,
5,offshor grid,5: offshor grid,
5,offshor grid,5: offshor grid,
5,offshor grid,5: offshor grid,
5,offshor grid,5: offshor grid,
5,offshor grid,5: offshor grid,
5,offshor grid,5: offshor grid,
5,offshor grid,5: offshor grid,
5,offshor grid,5: offshor grid,
5,offshor grid,5: offshor grid,
5,offshor grid,5: offshor grid,
5,offshor grid,5: offshor grid,
5,offshor grid,5: offshor grid,
5,offshor grid,5: offshor grid,
5,offshor grid,5: offshor grid,
5,offshor grid,5: offshor grid,
5,offshor grid,5: offshor grid,
5,offshor grid,5: offshor grid,
5,offshor grid,5: offshor grid,
5,offshor grid,5: offshor grid,
5,offshor grid,5: offshor grid,
5,offshor grid,5: offshor grid,
5,offshor grid,5: offshor grid,
5,offshor grid,5: offshor grid,
5,offshor grid,5: offshor grid,
5,offshor grid,5: offshor grid,
5,offshor grid,5: offshor grid,
5,offshor grid,5: offshor grid,
5,offshor grid,5: offshor grid,
5,offshor grid,5: offshor grid,
5,offshor grid,5: offshor grid,
5,offshor grid,5: offshor grid,
5,offshor grid,5: offshor grid,
5,offshor grid,5: offshor grid,
5,offshor grid,5: offshor grid,
5,offshor grid,5: offshor grid,
5,offshor grid,5: offshor grid,
5,offshor grid,5: offshor grid,
5,offshor grid,5: offshor grid,
5,offshor grid,5: offshor grid,
5,offshor grid,5: offshor grid,
5,offshor grid,5: offshor grid,
5,offshor grid,5: offshor grid,
5,offshor grid,5: offshor grid,
5,offshor grid,5: offshor grid,
5,offshor grid,5: offshor grid,
5,offshor grid,5: offshor grid,
5,offshor grid,5: offshor grid,
5,offshor grid,5: offshor grid,
5,offshor grid,5: offshor grid,
5,offshor grid,5: offshor grid,
5,offshor grid,5: offshor grid,
5,offshor grid,5: offshor grid,
5,offshor grid,5: offshor grid,
5,offshor grid,5: offshor grid,
5,offshor grid,5: offshor grid,
5,offshor grid,5: offshor grid,
5,offshor grid,5: offshor grid,
5,offshor grid,5: offshor grid,
5,offshor grid,5: offshor grid,
5,offshor grid,5: offshor grid,
5,offshor grid,5: offshor grid,
5,offshor grid,5: offshor grid,
5,offshor grid,5: offshor grid,
5,offshor grid,5: offshor grid,
5,offshor grid,5: offshor grid,
5,offshor grid,5: offshor grid,
5,offshor grid,5: offshor grid,
5,offshor grid,5: offshor grid,
5,offshor grid,5: offshor grid,
5,offshor grid,5: offshor grid,
5,offshor grid,5: offshor grid,
5,offshor grid,5: offshor grid,
5,offshor grid,5: offshor grid,
5,offshor grid,5: offshor grid,
5,offshor grid,5: offshor grid,
5,offshor grid,5: offshor grid,
5,offshor grid,5: offshor grid,
5,offshor grid,5: offshor grid,
5,offshor grid,5: offshor grid,
5,offshor grid,5: offshor grid,
5,offshor grid,5: offshor grid,
5,offshor grid,5: offshor grid,
5,offshor grid,5: offshor grid,
5,offshor grid,5: offshor grid,
5,offshor grid,5: offshor grid,
5,offshor grid,5: offshor grid,
5,offshor grid,5: offshor grid,
5,offshor grid,5: offshor grid,
5,offshor grid,5: offshor grid,
5,offshor grid,5: offshor grid,
5,offshor grid,5: offshor grid,
5,offshor grid,5: offshor grid,
5,offshor grid,5: offshor grid,
5,offshor grid,5: offshor grid,
5,offshor grid,5: offshor grid,
5,offshor grid,5: offshor grid,
5,offshor grid,5: offshor grid,
5,offshor grid,5: offshor grid,
5,offshor grid,5: offshor grid,
5,offshor grid,5: offshor grid,
5,offshor grid,5: offshor grid,
5,offshor grid,5: offshor grid,
5,offshor grid,5: offshor grid,
5,offshor grid,5: offshor grid,
5,offshor grid,5: offshor grid,
5,offshor grid,5: offshor grid,
5,offshor grid,5: offshor grid,
5,offshor grid,5: offshor grid,
5,offshor grid,5: offshor grid,
5,offshor grid,5: offshor grid,
5,offshor grid,5: offshor grid,
5,offshor grid,5: offshor grid,
5,offshor grid,5: offshor grid,
5,offshor grid,5: offshor grid,
5,offshor grid,5: offshor grid,
5,offshor grid,5: offshor grid,
5,offshor grid,5: offshor grid,
5,offshor grid,5: offshor grid,
5,offshor grid,5: offshor grid,
5,offshor grid,5: offshor grid,
5,offshor grid,5: offshor grid,
5,offshor grid,5: offshor grid,
5,offshor grid,5: offshor grid,
5,offshor grid,5: offshor grid,
5,offshor grid,5: offshor grid,
5,offshor grid,5: offshor grid,
5,offshor grid,5: offshor grid,
5,offshor grid,5: offshor grid,
5,offshor grid,5: offshor grid,
5,offshor grid,5: offshor grid,
5,offshor grid,5: offshor grid,
5,offshor grid,5: offshor grid,
5,offshor grid,5: offshor grid,
5,offshor grid,5: offshor grid,
5,offshor grid,5: offshor grid,
5,offshor grid,5: offshor grid,
5,offshor grid,5: offshor grid,
5,offshor grid,5: offshor grid,
5,offshor grid,5: offshor grid,
5,offshor grid,5: offshor grid,
5,offshor grid,5: offshor grid,
5,offshor grid,5: offshor grid,
5,offshor grid,5: offshor grid,
5,offshor grid,5: offshor grid,
5,offshor grid,5: offshor grid,
5,offshor grid,5: offshor grid,
5,offshor grid,5: offshor grid,
5,offshor grid,5: offshor grid,
5,offshor grid,5: offshor grid,
5,offshor grid,5: offshor grid,
5,offshor grid,5: offshor grid,
5,offshor grid,5: offshor grid,
5,offshor grid,5: offshor grid,
5,offshor grid,5: offshor grid,
5,offshor grid,5: offshor grid,
5,offshor grid,5: offshor grid,
5,offshor grid,5: offshor grid,
5,offshor grid,5: offshor grid,
5,offshor grid,5: offshor grid,
5,offshor grid,5: offshor grid,
5,offshor grid,5: offshor grid,
5,offshor grid,5: offshor grid,
5,offshor grid,5: offshor grid,
5,offshor grid,5: offshor grid,
5,offshor grid,5: offshor grid,
5,offshor grid,5: offshor grid,
5,offshor grid,5: offshor grid,
5,offshor grid,5: offshor grid,
5,offshor grid,5: offshor grid,
5,offshor grid,5: offshor grid,
5,offshor grid,5: offshor grid,
5,offshor grid,5: offshor grid,
5,offshor grid,5: offshor grid,
5,offshor grid,5: offshor grid,
5,offshor grid,5: offshor grid,
5,offshor grid,5: offshor grid,
5,offshor grid,5: offshor grid,
5,offshor grid,5: offshor grid,
5,offshor grid,5: offshor grid,
5,offshor grid,5: offshor grid,
5,offshor grid,5: offshor grid,
5,offshor grid,5: offshor grid,
5,offshor grid,5: offshor grid,
5,offshor grid,5: offshor grid,
5,offshor grid,5: offshor grid,
5,offshor grid,5: offshor grid,
5,offshor grid,5: offshor grid,
5,offshor grid,5: offshor grid,
5,offshor grid,5: offshor grid,
5,offshor grid,5: offshor grid,
5,offshor grid,5: offshor grid,
5,offshor grid,5: offshor grid,
5,offshor grid,5: offshor grid,
5,offshor grid,5: offshor grid,
5,offshor grid,5: offshor grid,
5,offshor grid,5: offshor grid,
5,offshor grid,5: offshor grid,
5,offshor grid,5: offshor grid,
5,offshor grid,5: offshor grid,
5,offshor grid,5: offshor grid,
5,offshor grid,5: offshor grid,
5,offshor grid,5: offshor grid,
5,offshor grid,5: offshor grid,
5,offshor grid,5: offshor grid,
5,offshor grid,5: offshor grid,
5,offshor grid,5: offshor grid,
5,offshor grid,5: offshor grid,
5,offshor grid,5: offshor grid,
5,offshor grid,5: offshor grid,
5,offshor grid,5: offshor grid,
5,offshor grid,5: offshor grid,
5,offshor grid,5: offshor grid,
5,offshor grid,5: offshor grid,
5,offshor grid,5: offshor grid,
5,offshor grid,5: offshor grid,
5,offshor grid,5: offshor grid,
5,offshor grid,5: offshor grid,
5,offshor grid,5: offshor grid,
5,offshor grid,5: offshor grid,
5,offshor grid,5: offshor grid,
5,offshor grid,5: offshor grid,
5,offshor grid,5: offshor grid,
5,offshor grid,5: offshor grid,
5,offshor grid,5: offshor grid,
5,offshor grid,5: offshor grid,
5,offshor grid,5: offshor grid,
5,offshor grid,5: offshor grid,
5,offshor grid,5: offshor grid,
5,offshor grid,5: offshor grid,
5,offshor grid,5: offshor grid,
5,offshor grid,5: offshor grid,
5,offshor grid,5: offshor grid,
5,offshor grid,5: offshor grid,
5,offshor grid,5: offshor grid,
5,offshor grid,5: offshor grid,
5,offshor grid,5: offshor grid,
5,offshor grid,5: offshor grid,
5,offshor grid,5: offshor grid,
5,offshor grid,5: offshor grid,
5,offshor grid,5: offshor grid,
5,offshor grid,5: offshor grid,
5,offshor grid,5: offshor grid,
5,offshor grid,5: offshor grid,
5,offshor grid,5: offshor grid,
5,offshor grid,5: offshor grid,
5,offshor grid,5: offshor grid,
5,offshor grid,5: offshor grid,
5,offshor grid,5: offshor grid,
5,offshor grid,5: offshor grid,
5,offshor grid,5: offshor grid,
5,offshor grid,5: offshor grid,
5,offshor grid,5: offshor grid,
5,offshor grid,5: offshor grid,
5,offshor grid,5: offshor grid,
5,offshor grid,5: offshor grid,
5,offshor grid,5: offshor grid,
5,offshor grid,5: offshor grid,
5,offshor grid,5: offshor grid,
5,offshor grid,5: offshor grid,
5,offshor grid,5: offshor grid,
5,offshor grid,5: offshor grid,
5,offshor grid,5: offshor grid,
5,offshor grid,5: offshor grid,
5,offshor grid,5: offshor grid,
5,offshor grid,5: offshor grid,
5,offshor grid,5: offshor grid,
5,offshor grid,5: offshor grid,
5,offshor grid,5: offshor grid,
5,offshor grid,5: offshor grid,
5,offshor grid,5: offshor grid,
5,offshor grid,5: offshor grid,
5,offshor grid,5: offshor grid,
5,offshor grid,5: offshor grid,
5,offshor grid,5: offshor grid,
5,offshor grid,5: offshor grid,
5,offshor grid,5: offshor grid,
5,offshor grid,5: offshor grid,
5,offshor grid,5: offshor grid,
5,offshor grid,5: offshor grid,
5,offshor grid,5: offshor grid,
5,offshor grid,5: offshor grid,
5,offshor grid,5: offshor grid,
5,offshor grid,5: offshor grid,
5,offshor grid,5: offshor grid,
5,offshor grid,5: offshor grid,
5,offshor grid,5: offshor grid,
5,offshor grid,5: offshor grid,
5,offshor grid,5: offshor grid,
5,offshor grid,5: offshor grid,
5,offshor grid,5: offshor grid,
5,offshor grid,5: offshor grid,
5,offshor grid,5: offshor grid,
5,offshor grid,5: offshor grid,
5,offshor grid,5: offshor grid,
5,offshor grid,5: offshor grid,
5,offshor grid,5: offshor grid,
1,abstract avail,1: abstract avail,
1,abstract avail,1: abstract avail,
1,abstract avail,1: abstract avail,
1,abstract avail,1: abstract avail,
1,abstract avail,1: abstract avail,
1,abstract avail,1: abstract avail,
1,abstract avail,1: abstract avail,
1,abstract avail,1: abstract avail,
1,abstract avail,1: abstract avail,
1,abstract avail,1: abstract avail,
1,abstract avail,1: abstract avail,
1,abstract avail,1: abstract avail,
1,abstract avail,1: abstract avail,
1,abstract avail,1: abstract avail,
1,abstract avail,1: abstract avail,
1,abstract avail,1: abstract avail,
1,abstract avail,1: abstract avail,
1,abstract avail,1: abstract avail,
1,abstract avail,1: abstract avail,
1,abstract avail,1: abstract avail,
1,abstract avail,1: abstract avail,
1,abstract avail,1: abstract avail,
1,abstract avail,1: abstract avail,
1,abstract avail,1: abstract avail,
1,abstract avail,1: abstract avail,
1,abstract avail,1: abstract avail,
1,abstract avail,1: abstract avail,
1,abstract avail,1: abstract avail,
1,abstract avail,1: abstract avail,
1,abstract avail,1: abstract avail,
1,abstract avail,1: abstract avail,
1,abstract avail,1: abstract avail,
1,abstract avail,1: abstract avail,
1,abstract avail,1: abstract avail,
1,abstract avail,1: abstract avail,
1,abstract avail,1: abstract avail,
1,abstract avail,1: abstract avail,
1,abstract avail,1: abstract avail,
1,abstract avail,1: abstract avail,
1,abstract avail,1: abstract avail,
1,abstract avail,1: abstract avail,
1,abstract avail,1: abstract avail,
1,abstract avail,1: abstract avail,
1,abstract avail,1: abstract avail,
1,abstract avail,1: abstract avail,
1,abstract avail,1: abstract avail,
1,abstract avail,1: abstract avail,
1,abstract avail,1: abstract avail,
1,abstract avail,1: abstract avail,
1,abstract avail,1: abstract avail,
1,abstract avail,1: abstract avail,
1,abstract avail,1: abstract avail,
1,abstract avail,1: abstract avail,
1,abstract avail,1: abstract avail,
1,abstract avail,1: abstract avail,
1,abstract avail,1: abstract avail,
1,abstract avail,1: abstract avail,
1,abstract avail,1: abstract avail,
1,abstract avail,1: abstract avail,
1,abstract avail,1: abstract avail,
1,abstract avail,1: abstract avail,
1,abstract avail,1: abstract avail,
1,abstract avail,1: abstract avail,
1,abstract avail,1: abstract avail,
1,abstract avail,1: abstract avail,
1,abstract avail,1: abstract avail,
1,abstract avail,1: abstract avail,
1,abstract avail,1: abstract avail,
1,abstract avail,1: abstract avail,
1,abstract avail,1: abstract avail,
1,abstract avail,1: abstract avail,
1,abstract avail,1: abstract avail,
1,abstract avail,1: abstract avail,
1,abstract avail,1: abstract avail,
1,abstract avail,1: abstract avail,
1,abstract avail,1: abstract avail,
1,abstract avail,1: abstract avail,
1,abstract avail,1: abstract avail,
1,abstract avail,1: abstract avail,
1,abstract avail,1: abstract avail,
1,abstract avail,1: abstract avail,
7,renew energi,7: renew energi,
7,renew energi,7: renew energi,
7,renew energi,7: renew energi,
7,renew energi,7: renew energi,
7,renew energi,7: renew energi,
7,renew energi,7: renew energi,
7,renew energi,7: renew energi,
7,renew energi,7: renew energi,
7,renew energi,7: renew energi,
7,renew energi,7: renew energi,
7,renew energi,7: renew energi,
7,renew energi,7: renew energi,
7,renew energi,7: renew energi,
7,renew energi,7: renew energi,
7,renew energi,7: renew energi,
7,renew energi,7: renew energi,
7,renew energi,7: renew energi,
7,renew energi,7: renew energi,
7,renew energi,7: renew energi,
7,renew energi,7: renew energi,
7,renew energi,7: renew energi,
7,renew energi,7: renew energi,
7,renew energi,7: renew energi,
7,renew energi,7: renew energi,
7,renew energi,7: renew energi,
7,renew energi,7: renew energi,
7,renew energi,7: renew energi,
7,renew energi,7: renew energi,
7,renew energi,7: renew energi,
7,renew energi,7: renew energi,
7,renew energi,7: renew energi,
7,renew energi,7: renew energi,
7,renew energi,7: renew energi,
7,renew energi,7: renew energi,
7,renew energi,7: renew energi,
7,renew energi,7: renew energi,
7,renew energi,7: renew energi,
7,renew energi,7: renew energi,
7,renew energi,7: renew energi,
7,renew energi,7: renew energi,
7,renew energi,7: renew energi,
7,renew energi,7: renew energi,
7,renew energi,7: renew energi,
7,renew energi,7: renew energi,
7,renew energi,7: renew energi,
7,renew energi,7: renew energi,
7,renew energi,7: renew energi,
7,renew energi,7: renew energi,
7,renew energi,7: renew energi,
7,renew energi,7: renew energi,
7,renew energi,7: renew energi,
7,renew energi,7: renew energi,
7,renew energi,7: renew energi,
7,renew energi,7: renew energi,
7,renew energi,7: renew energi,
7,renew energi,7: renew energi,
7,renew energi,7: renew energi,
7,renew energi,7: renew energi,
7,renew energi,7: renew energi,
7,renew energi,7: renew energi,
7,renew energi,7: renew energi,
7,renew energi,7: renew energi,
7,renew energi,7: renew energi,
7,renew energi,7: renew energi,
7,renew energi,7: renew energi,
7,renew energi,7: renew energi,
7,renew energi,7: renew energi,
7,renew energi,7: renew energi,
7,renew energi,7: renew energi,
7,renew energi,7: renew energi,
7,renew energi,7: renew energi,
7,renew energi,7: renew energi,
7,renew energi,7: renew energi,
7,renew energi,7: renew energi,
7,renew energi,7: renew energi,
7,renew energi,7: renew energi,
7,renew energi,7: renew energi,
7,renew energi,7: renew energi,
7,renew energi,7: renew energi,
7,renew energi,7: renew energi,
7,renew energi,7: renew energi,
7,renew energi,7: renew energi,
7,renew energi,7: renew energi,
7,renew energi,7: renew energi,
7,renew energi,7: renew energi,
7,renew energi,7: renew energi,
7,renew energi,7: renew energi,
7,renew energi,7: renew energi,
7,renew energi,7: renew energi,
7,renew energi,7: renew energi,
7,renew energi,7: renew energi,
7,renew energi,7: renew energi,
7,renew energi,7: renew energi,
7,renew energi,7: renew energi,
7,renew energi,7: renew energi,
7,renew energi,7: renew energi,
7,renew energi,7: renew energi,
7,renew energi,7: renew energi,
7,renew energi,7: renew energi,
7,renew energi,7: renew energi,
7,renew energi,7: renew energi,
7,renew energi,7: renew energi,
7,renew energi,7: renew energi,
7,renew energi,7: renew energi,
7,renew energi,7: renew energi,
7,renew energi,7: renew energi,
7,renew energi,7: renew energi,
7,renew energi,7: renew energi,
7,renew energi,7: renew energi,
7,renew energi,7: renew energi,
7,renew energi,7: renew energi,
7,renew energi,7: renew energi,
7,renew energi,7: renew energi,
7,renew energi,7: renew energi,
7,renew energi,7: renew energi,
7,renew energi,7: renew energi,
7,renew energi,7: renew energi,
7,renew energi,7: renew energi,
7,renew energi,7: renew energi,
7,renew energi,7: renew energi,
7,renew energi,7: renew energi,
7,renew energi,7: renew energi,
7,renew energi,7: renew energi,
7,renew energi,7: renew energi,
7,renew energi,7: renew energi,
7,renew energi,7: renew energi,
7,renew energi,7: renew energi,
7,renew energi,7: renew energi,
7,renew energi,7: renew energi,
7,renew energi,7: renew energi,
7,renew energi,7: renew energi,
7,renew energi,7: renew energi,
7,renew energi,7: renew energi,
7,renew energi,7: renew energi,
7,renew energi,7: renew energi,
7,renew energi,7: renew energi,
7,renew energi,7: renew energi,
7,renew energi,7: renew energi,
7,renew energi,7: renew energi,
7,renew energi,7: renew energi,
7,renew energi,7: renew energi,
7,renew energi,7: renew energi,
7,renew energi,7: renew energi,
7,renew energi,7: renew energi,
7,renew energi,7: renew energi,
7,renew energi,7: renew energi,
5,offshor grid,5: offshor grid,
5,offshor grid,5: offshor grid,
5,offshor grid,5: offshor grid,
5,offshor grid,5: offshor grid,
5,offshor grid,5: offshor grid,
5,offshor grid,5: offshor grid,
5,offshor grid,5: offshor grid,
5,offshor grid,5: offshor grid,
5,offshor grid,5: offshor grid,
5,offshor grid,5: offshor grid,
5,offshor grid,5: offshor grid,
5,offshor grid,5: offshor grid,
5,offshor grid,5: offshor grid,
5,offshor grid,5: offshor grid,
5,offshor grid,5: offshor grid,
5,offshor grid,5: offshor grid,
5,offshor grid,5: offshor grid,
5,offshor grid,5: offshor grid,
5,offshor grid,5: offshor grid,
5,offshor grid,5: offshor grid,
5,offshor grid,5: offshor grid,
5,offshor grid,5: offshor grid,
5,offshor grid,5: offshor grid,
5,offshor grid,5: offshor grid,
5,offshor grid,5: offshor grid,
5,offshor grid,5: offshor grid,
5,offshor grid,5: offshor grid,
5,offshor grid,5: offshor grid,
5,offshor grid,5: offshor grid,
5,offshor grid,5: offshor grid,
5,offshor grid,5: offshor grid,
5,offshor grid,5: offshor grid,
5,offshor grid,5: offshor grid,
5,offshor grid,5: offshor grid,
5,offshor grid,5: offshor grid,
5,offshor grid,5: offshor grid,
5,offshor grid,5: offshor grid,
5,offshor grid,5: offshor grid,
5,offshor grid,5: offshor grid,
5,offshor grid,5: offshor grid,
5,offshor grid,5: offshor grid,
5,offshor grid,5: offshor grid,
5,offshor grid,5: offshor grid,
5,offshor grid,5: offshor grid,
5,offshor grid,5: offshor grid,
5,offshor grid,5: offshor grid,
5,offshor grid,5: offshor grid,
5,offshor grid,5: offshor grid,
5,offshor grid,5: offshor grid,
5,offshor grid,5: offshor grid,
5,offshor grid,5: offshor grid,
5,offshor grid,5: offshor grid,
5,offshor grid,5: offshor grid,
5,offshor grid,5: offshor grid,
5,offshor grid,5: offshor grid,
5,offshor grid,5: offshor grid,
5,offshor grid,5: offshor grid,
5,offshor grid,5: offshor grid,
5,offshor grid,5: offshor grid,
5,offshor grid,5: offshor grid,
5,offshor grid,5: offshor grid,
5,offshor grid,5: offshor grid,
5,offshor grid,5: offshor grid,
5,offshor grid,5: offshor grid,
5,offshor grid,5: offshor grid,
5,offshor grid,5: offshor grid,
5,offshor grid,5: offshor grid,
5,offshor grid,5: offshor grid,
5,offshor grid,5: offshor grid,
5,offshor grid,5: offshor grid,
5,offshor grid,5: offshor grid,
5,offshor grid,5: offshor grid,
5,offshor grid,5: offshor grid,
5,offshor grid,5: offshor grid,
5,offshor grid,5: offshor grid,
5,offshor grid,5: offshor grid,
5,offshor grid,5: offshor grid,
5,offshor grid,5: offshor grid,
5,offshor grid,5: offshor grid,
5,offshor grid,5: offshor grid,
5,offshor grid,5: offshor grid,
5,offshor grid,5: offshor grid,
5,offshor grid,5: offshor grid,
5,offshor grid,5: offshor grid,
5,offshor grid,5: offshor grid,
5,offshor grid,5: offshor grid,
5,offshor grid,5: offshor grid,
5,offshor grid,5: offshor grid,
5,offshor grid,5: offshor grid,
5,offshor grid,5: offshor grid,
5,offshor grid,5: offshor grid,
5,offshor grid,5: offshor grid,
5,offshor grid,5: offshor grid,
5,offshor grid,5: offshor grid,
5,offshor grid,5: offshor grid,
5,offshor grid,5: offshor grid,
5,offshor grid,5: offshor grid,
5,offshor grid,5: offshor grid,
5,offshor grid,5: offshor grid,
5,offshor grid,5: offshor grid,
5,offshor grid,5: offshor grid,
5,offshor grid,5: offshor grid,
5,offshor grid,5: offshor grid,
5,offshor grid,5: offshor grid,
5,offshor grid,5: offshor grid,
5,offshor grid,5: offshor grid,
5,offshor grid,5: offshor grid,
5,offshor grid,5: offshor grid,
5,offshor grid,5: offshor grid,
5,offshor grid,5: offshor grid,
5,offshor grid,5: offshor grid,
5,offshor grid,5: offshor grid,
5,offshor grid,5: offshor grid,
5,offshor grid,5: offshor grid,
5,offshor grid,5: offshor grid,
5,offshor grid,5: offshor grid,
5,offshor grid,5: offshor grid,
5,offshor grid,5: offshor grid,
5,offshor grid,5: offshor grid,
5,offshor grid,5: offshor grid,
5,offshor grid,5: offshor grid,
5,offshor grid,5: offshor grid,
5,offshor grid,5: offshor grid,
5,offshor grid,5: offshor grid,
5,offshor grid,5: offshor grid,
5,offshor grid,5: offshor grid,
5,offshor grid,5: offshor grid,
5,offshor grid,5: offshor grid,
5,offshor grid,5: offshor grid,
5,offshor grid,5: offshor grid,
5,offshor grid,5: offshor grid,
5,offshor grid,5: offshor grid,
5,offshor grid,5: offshor grid,
5,offshor grid,5: offshor grid,
5,offshor grid,5: offshor grid,
5,offshor grid,5: offshor grid,
5,offshor grid,5: offshor grid,
5,offshor grid,5: offshor grid,
5,offshor grid,5: offshor grid,
5,offshor grid,5: offshor grid,
5,offshor grid,5: offshor grid,
5,offshor grid,5: offshor grid,
5,offshor grid,5: offshor grid,
5,offshor grid,5: offshor grid,
5,offshor grid,5: offshor grid,
5,offshor grid,5: offshor grid,
5,offshor grid,5: offshor grid,
5,offshor grid,5: offshor grid,
5,offshor grid,5: offshor grid,
5,offshor grid,5: offshor grid,
5,offshor grid,5: offshor grid,
5,offshor grid,5: offshor grid,
5,offshor grid,5: offshor grid,
5,offshor grid,5: offshor grid,
5,offshor grid,5: offshor grid,
5,offshor grid,5: offshor grid,
5,offshor grid,5: offshor grid,
5,offshor grid,5: offshor grid,
5,offshor grid,5: offshor grid,
5,offshor grid,5: offshor grid,
5,offshor grid,5: offshor grid,
5,offshor grid,5: offshor grid,
5,offshor grid,5: offshor grid,
5,offshor grid,5: offshor grid,
5,offshor grid,5: offshor grid,
5,offshor grid,5: offshor grid,
5,offshor grid,5: offshor grid,
5,offshor grid,5: offshor grid,
5,offshor grid,5: offshor grid,
5,offshor grid,5: offshor grid,
5,offshor grid,5: offshor grid,
5,offshor grid,5: offshor grid,
5,offshor grid,5: offshor grid,
5,offshor grid,5: offshor grid,
5,offshor grid,5: offshor grid,
7,renew energi,7: renew energi,
7,renew energi,7: renew energi,
7,renew energi,7: renew energi,
7,renew energi,7: renew energi,
7,renew energi,7: renew energi,
7,renew energi,7: renew energi,
7,renew energi,7: renew energi,
7,renew energi,7: renew energi,
7,renew energi,7: renew energi,
7,renew energi,7: renew energi,
7,renew energi,7: renew energi,
7,renew energi,7: renew energi,
7,renew energi,7: renew energi,
7,renew energi,7: renew energi,
7,renew energi,7: renew energi,
7,renew energi,7: renew energi,
7,renew energi,7: renew energi,
7,renew energi,7: renew energi,
7,renew energi,7: renew energi,
7,renew energi,7: renew energi,
7,renew energi,7: renew energi,
7,renew energi,7: renew energi,
7,renew energi,7: renew energi,
7,renew energi,7: renew energi,
7,renew energi,7: renew energi,
7,renew energi,7: renew energi,
7,renew energi,7: renew energi,
7,renew energi,7: renew energi,
7,renew energi,7: renew energi,
7,renew energi,7: renew energi,
7,renew energi,7: renew energi,
7,renew energi,7: renew energi,
7,renew energi,7: renew energi,
7,renew energi,7: renew energi,
7,renew energi,7: renew energi,
7,renew energi,7: renew energi,
7,renew energi,7: renew energi,
7,renew energi,7: renew energi,
7,renew energi,7: renew energi,
7,renew energi,7: renew energi,
7,renew energi,7: renew energi,
7,renew energi,7: renew energi,
7,renew energi,7: renew energi,
7,renew energi,7: renew energi,
7,renew energi,7: renew energi,
7,renew energi,7: renew energi,
7,renew energi,7: renew energi,
7,renew energi,7: renew energi,
7,renew energi,7: renew energi,
7,renew energi,7: renew energi,
7,renew energi,7: renew energi,
7,renew energi,7: renew energi,
7,renew energi,7: renew energi,
7,renew energi,7: renew energi,
7,renew energi,7: renew energi,
7,renew energi,7: renew energi,
7,renew energi,7: renew energi,
7,renew energi,7: renew energi,
7,renew energi,7: renew energi,
7,renew energi,7: renew energi,
7,renew energi,7: renew energi,
7,renew energi,7: renew energi,
7,renew energi,7: renew energi,
7,renew energi,7: renew energi,
7,renew energi,7: renew energi,
7,renew energi,7: renew energi,
7,renew energi,7: renew energi,
7,renew energi,7: renew energi,
7,renew energi,7: renew energi,
7,renew energi,7: renew energi,
7,renew energi,7: renew energi,
7,renew energi,7: renew energi,
7,renew energi,7: renew energi,
7,renew energi,7: renew energi,
7,renew energi,7: renew energi,
7,renew energi,7: renew energi,
7,renew energi,7: renew energi,
7,renew energi,7: renew energi,
7,renew energi,7: renew energi,
7,renew energi,7: renew energi,
7,renew energi,7: renew energi,
7,renew energi,7: renew energi,
7,renew energi,7: renew energi,
7,renew energi,7: renew energi,
7,renew energi,7: renew energi,
7,renew energi,7: renew energi,
7,renew energi,7: renew energi,
7,renew energi,7: renew energi,
7,renew energi,7: renew energi,
7,renew energi,7: renew energi,
7,renew energi,7: renew energi,
7,renew energi,7: renew energi,
7,renew energi,7: renew energi,
7,renew energi,7: renew energi,
7,renew energi,7: renew energi,
7,renew energi,7: renew energi,
7,renew energi,7: renew energi,
7,renew energi,7: renew energi,
7,renew energi,7: renew energi,
7,renew energi,7: renew energi,
7,renew energi,7: renew energi,
7,renew energi,7: renew energi,
7,renew energi,7: renew energi,
7,renew energi,7: renew energi,
7,renew energi,7: renew energi,
7,renew energi,7: renew energi,
7,renew energi,7: renew energi,
7,renew energi,7: renew energi,
7,renew energi,7: renew energi,
7,renew energi,7: renew energi,
7,renew energi,7: renew energi,
7,renew energi,7: renew energi,
7,renew energi,7: renew energi,
7,renew energi,7: renew energi,
7,renew energi,7: renew energi,
7,renew energi,7: renew energi,
7,renew energi,7: renew energi,
7,renew energi,7: renew energi,
7,renew energi,7: renew energi,
7,renew energi,7: renew energi,
7,renew energi,7: renew energi,
7,renew energi,7: renew energi,
7,renew energi,7: renew energi,
7,renew energi,7: renew energi,
7,renew energi,7: renew energi,
7,renew energi,7: renew energi,
7,renew energi,7: renew energi,
7,renew energi,7: renew energi,
7,renew energi,7: renew energi,
7,renew energi,7: renew energi,
7,renew energi,7: renew energi,
7,renew energi,7: renew energi,
7,renew energi,7: renew energi,
7,renew energi,7: renew energi,
7,renew energi,7: renew energi,
7,renew energi,7: renew energi,
7,renew energi,7: renew energi,
7,renew energi,7: renew energi,
7,renew energi,7: renew energi,
7,renew energi,7: renew energi,
7,renew energi,7: renew energi,
7,renew energi,7: renew energi,
7,renew energi,7: renew energi,
7,renew energi,7: renew energi,
7,renew energi,7: renew energi,
7,renew energi,7: renew energi,
5,offshor grid,5: offshor grid,
5,offshor grid,5: offshor grid,
5,offshor grid,5: offshor grid,
5,offshor grid,5: offshor grid,
5,offshor grid,5: offshor grid,
5,offshor grid,5: offshor grid,
5,offshor grid,5: offshor grid,
5,offshor grid,5: offshor grid,
5,offshor grid,5: offshor grid,
5,offshor grid,5: offshor grid,
5,offshor grid,5: offshor grid,
5,offshor grid,5: offshor grid,
5,offshor grid,5: offshor grid,
5,offshor grid,5: offshor grid,
5,offshor grid,5: offshor grid,
5,offshor grid,5: offshor grid,
5,offshor grid,5: offshor grid,
5,offshor grid,5: offshor grid,
5,offshor grid,5: offshor grid,
5,offshor grid,5: offshor grid,
5,offshor grid,5: offshor grid,
5,offshor grid,5: offshor grid,
5,offshor grid,5: offshor grid,
5,offshor grid,5: offshor grid,
5,offshor grid,5: offshor grid,
5,offshor grid,5: offshor grid,
5,offshor grid,5: offshor grid,
5,offshor grid,5: offshor grid,
5,offshor grid,5: offshor grid,
5,offshor grid,5: offshor grid,
5,offshor grid,5: offshor grid,
5,offshor grid,5: offshor grid,
5,offshor grid,5: offshor grid,
5,offshor grid,5: offshor grid,
5,offshor grid,5: offshor grid,
5,offshor grid,5: offshor grid,
5,offshor grid,5: offshor grid,
5,offshor grid,5: offshor grid,
5,offshor grid,5: offshor grid,
5,offshor grid,5: offshor grid,
5,offshor grid,5: offshor grid,
5,offshor grid,5: offshor grid,
5,offshor grid,5: offshor grid,
5,offshor grid,5: offshor grid,
5,offshor grid,5: offshor grid,
5,offshor grid,5: offshor grid,
5,offshor grid,5: offshor grid,
5,offshor grid,5: offshor grid,
5,offshor grid,5: offshor grid,
5,offshor grid,5: offshor grid,
5,offshor grid,5: offshor grid,
5,offshor grid,5: offshor grid,
5,offshor grid,5: offshor grid,
5,offshor grid,5: offshor grid,
5,offshor grid,5: offshor grid,
5,offshor grid,5: offshor grid,
5,offshor grid,5: offshor grid,
5,offshor grid,5: offshor grid,
5,offshor grid,5: offshor grid,
5,offshor grid,5: offshor grid,
5,offshor grid,5: offshor grid,
5,offshor grid,5: offshor grid,
5,offshor grid,5: offshor grid,
5,offshor grid,5: offshor grid,
5,offshor grid,5: offshor grid,
5,offshor grid,5: offshor grid,
5,offshor grid,5: offshor grid,
5,offshor grid,5: offshor grid,
5,offshor grid,5: offshor grid,
5,offshor grid,5: offshor grid,
5,offshor grid,5: offshor grid,
5,offshor grid,5: offshor grid,
5,offshor grid,5: offshor grid,
5,offshor grid,5: offshor grid,
5,offshor grid,5: offshor grid,
5,offshor grid,5: offshor grid,
5,offshor grid,5: offshor grid,
5,offshor grid,5: offshor grid,
5,offshor grid,5: offshor grid,
5,offshor grid,5: offshor grid,
5,offshor grid,5: offshor grid,
5,offshor grid,5: offshor grid,
5,offshor grid,5: offshor grid,
5,offshor grid,5: offshor grid,
5,offshor grid,5: offshor grid,
5,offshor grid,5: offshor grid,
5,offshor grid,5: offshor grid,
5,offshor grid,5: offshor grid,
5,offshor grid,5: offshor grid,
5,offshor grid,5: offshor grid,
5,offshor grid,5: offshor grid,
5,offshor grid,5: offshor grid,
5,offshor grid,5: offshor grid,
5,offshor grid,5: offshor grid,
5,offshor grid,5: offshor grid,
5,offshor grid,5: offshor grid,
5,offshor grid,5: offshor grid,
5,offshor grid,5: offshor grid,
5,offshor grid,5: offshor grid,
5,offshor grid,5: offshor grid,
5,offshor grid,5: offshor grid,
5,offshor grid,5: offshor grid,
5,offshor grid,5: offshor grid,
5,offshor grid,5: offshor grid,
5,offshor grid,5: offshor grid,
5,offshor grid,5: offshor grid,
5,offshor grid,5: offshor grid,
5,offshor grid,5: offshor grid,
5,offshor grid,5: offshor grid,
5,offshor grid,5: offshor grid,
5,offshor grid,5: offshor grid,
5,offshor grid,5: offshor grid,
5,offshor grid,5: offshor grid,
5,offshor grid,5: offshor grid,
5,offshor grid,5: offshor grid,
5,offshor grid,5: offshor grid,
5,offshor grid,5: offshor grid,
5,offshor grid,5: offshor grid,
5,offshor grid,5: offshor grid,
5,offshor grid,5: offshor grid,
5,offshor grid,5: offshor grid,
5,offshor grid,5: offshor grid,
5,offshor grid,5: offshor grid,
5,offshor grid,5: offshor grid,
5,offshor grid,5: offshor grid,
5,offshor grid,5: offshor grid,
5,offshor grid,5: offshor grid,
5,offshor grid,5: offshor grid,
5,offshor grid,5: offshor grid,
5,offshor grid,5: offshor grid,
5,offshor grid,5: offshor grid,
5,offshor grid,5: offshor grid,
5,offshor grid,5: offshor grid,
5,offshor grid,5: offshor grid,
5,offshor grid,5: offshor grid,
5,offshor grid,5: offshor grid,
5,offshor grid,5: offshor grid,
5,offshor grid,5: offshor grid,
5,offshor grid,5: offshor grid,
5,offshor grid,5: offshor grid,
5,offshor grid,5: offshor grid,
5,offshor grid,5: offshor grid,
5,offshor grid,5: offshor grid,
5,offshor grid,5: offshor grid,
5,offshor grid,5: offshor grid,
5,offshor grid,5: offshor grid,
5,offshor grid,5: offshor grid,
5,offshor grid,5: offshor grid,
5,offshor grid,5: offshor grid,
5,offshor grid,5: offshor grid,
5,offshor grid,5: offshor grid,
5,offshor grid,5: offshor grid,
5,offshor grid,5: offshor grid,
5,offshor grid,5: offshor grid,
5,offshor grid,5: offshor grid,
5,offshor grid,5: offshor grid,
5,offshor grid,5: offshor grid,
5,offshor grid,5: offshor grid,
5,offshor grid,5: offshor grid,
5,offshor grid,5: offshor grid,
5,offshor grid,5: offshor grid,
5,offshor grid,5: offshor grid,
5,offshor grid,5: offshor grid,
5,offshor grid,5: offshor grid,
5,offshor grid,5: offshor grid,
5,offshor grid,5: offshor grid,
5,offshor grid,5: offshor grid,
5,offshor grid,5: offshor grid,
5,offshor grid,5: offshor grid,
5,offshor grid,5: offshor grid,
5,offshor grid,5: offshor grid,
5,offshor grid,5: offshor grid,
5,offshor grid,5: offshor grid,
5,offshor grid,5: offshor grid,
5,offshor grid,5: offshor grid,
9,wind farm,9: wind farm,
9,wind farm,9: wind farm,
9,wind farm,9: wind farm,
9,wind farm,9: wind farm,
9,wind farm,9: wind farm,
9,wind farm,9: wind farm,
9,wind farm,9: wind farm,
9,wind farm,9: wind farm,
9,wind farm,9: wind farm,
9,wind farm,9: wind farm,
9,wind farm,9: wind farm,
9,wind farm,9: wind farm,
9,wind farm,9: wind farm,
9,wind farm,9: wind farm,
9,wind farm,9: wind farm,
9,wind farm,9: wind farm,
9,wind farm,9: wind farm,
9,wind farm,9: wind farm,
9,wind farm,9: wind farm,
9,wind farm,9: wind farm,
9,wind farm,9: wind farm,
9,wind farm,9: wind farm,
9,wind farm,9: wind farm,
9,wind farm,9: wind farm,
9,wind farm,9: wind farm,
9,wind farm,9: wind farm,
9,wind farm,9: wind farm,
9,wind farm,9: wind farm,
9,wind farm,9: wind farm,
9,wind farm,9: wind farm,
9,wind farm,9: wind farm,
9,wind farm,9: wind farm,
9,wind farm,9: wind farm,
9,wind farm,9: wind farm,
9,wind farm,9: wind farm,
9,wind farm,9: wind farm,
9,wind farm,9: wind farm,
9,wind farm,9: wind farm,
9,wind farm,9: wind farm,
9,wind farm,9: wind farm,
9,wind farm,9: wind farm,
9,wind farm,9: wind farm,
9,wind farm,9: wind farm,
9,wind farm,9: wind farm,
9,wind farm,9: wind farm,
9,wind farm,9: wind farm,
9,wind farm,9: wind farm,
9,wind farm,9: wind farm,
9,wind farm,9: wind farm,
9,wind farm,9: wind farm,
9,wind farm,9: wind farm,
9,wind farm,9: wind farm,
9,wind farm,9: wind farm,
9,wind farm,9: wind farm,
9,wind farm,9: wind farm,
9,wind farm,9: wind farm,
9,wind farm,9: wind farm,
9,wind farm,9: wind farm,
9,wind farm,9: wind farm,
9,wind farm,9: wind farm,
9,wind farm,9: wind farm,
9,wind farm,9: wind farm,
9,wind farm,9: wind farm,
9,wind farm,9: wind farm,
9,wind farm,9: wind farm,
9,wind farm,9: wind farm,
9,wind farm,9: wind farm,
9,wind farm,9: wind farm,
9,wind farm,9: wind farm,
9,wind farm,9: wind farm,
9,wind farm,9: wind farm,
9,wind farm,9: wind farm,
9,wind farm,9: wind farm,
9,wind farm,9: wind farm,
9,wind farm,9: wind farm,
9,wind farm,9: wind farm,
9,wind farm,9: wind farm,
9,wind farm,9: wind farm,
9,wind farm,9: wind farm,
9,wind farm,9: wind farm,
9,wind farm,9: wind farm,
9,wind farm,9: wind farm,
9,wind farm,9: wind farm,
9,wind farm,9: wind farm,
9,wind farm,9: wind farm,
9,wind farm,9: wind farm,
9,wind farm,9: wind farm,
9,wind farm,9: wind farm,
9,wind farm,9: wind farm,
9,wind farm,9: wind farm,
9,wind farm,9: wind farm,
9,wind farm,9: wind farm,
9,wind farm,9: wind farm,
9,wind farm,9: wind farm,
9,wind farm,9: wind farm,
9,wind farm,9: wind farm,
9,wind farm,9: wind farm,
9,wind farm,9: wind farm,
9,wind farm,9: wind farm,
9,wind farm,9: wind farm,
9,wind farm,9: wind farm,
9,wind farm,9: wind farm,
9,wind farm,9: wind farm,
9,wind farm,9: wind farm,
9,wind farm,9: wind farm,
9,wind farm,9: wind farm,
9,wind farm,9: wind farm,
9,wind farm,9: wind farm,
9,wind farm,9: wind farm,
9,wind farm,9: wind farm,
9,wind farm,9: wind farm,
9,wind farm,9: wind farm,
9,wind farm,9: wind farm,
9,wind farm,9: wind farm,
9,wind farm,9: wind farm,
9,wind farm,9: wind farm,
9,wind farm,9: wind farm,
9,wind farm,9: wind farm,
9,wind farm,9: wind farm,
9,wind farm,9: wind farm,
9,wind farm,9: wind farm,
9,wind farm,9: wind farm,
9,wind farm,9: wind farm,
9,wind farm,9: wind farm,
9,wind farm,9: wind farm,
9,wind farm,9: wind farm,
9,wind farm,9: wind farm,
9,wind farm,9: wind farm,
9,wind farm,9: wind farm,
9,wind farm,9: wind farm,
9,wind farm,9: wind farm,
9,wind farm,9: wind farm,
9,wind farm,9: wind farm,
9,wind farm,9: wind farm,
9,wind farm,9: wind farm,
9,wind farm,9: wind farm,
9,wind farm,9: wind farm,
9,wind farm,9: wind farm,
9,wind farm,9: wind farm,
9,wind farm,9: wind farm,
9,wind farm,9: wind farm,
9,wind farm,9: wind farm,
9,wind farm,9: wind farm,
9,wind farm,9: wind farm,
9,wind farm,9: wind farm,
9,wind farm,9: wind farm,
9,wind farm,9: wind farm,
9,wind farm,9: wind farm,
9,wind farm,9: wind farm,
9,wind farm,9: wind farm,
9,wind farm,9: wind farm,
9,wind farm,9: wind farm,
9,wind farm,9: wind farm,
9,wind farm,9: wind farm,
9,wind farm,9: wind farm,
9,wind farm,9: wind farm,
9,wind farm,9: wind farm,
9,wind farm,9: wind farm,
9,wind farm,9: wind farm,
9,wind farm,9: wind farm,
9,wind farm,9: wind farm,
9,wind farm,9: wind farm,
9,wind farm,9: wind farm,
9,wind farm,9: wind farm,
9,wind farm,9: wind farm,
9,wind farm,9: wind farm,
9,wind farm,9: wind farm,
9,wind farm,9: wind farm,
9,wind farm,9: wind farm,
9,wind farm,9: wind farm,
9,wind farm,9: wind farm,
9,wind farm,9: wind farm,
9,wind farm,9: wind farm,
9,wind farm,9: wind farm,
9,wind farm,9: wind farm,
9,wind farm,9: wind farm,
9,wind farm,9: wind farm,
9,wind farm,9: wind farm,
9,wind farm,9: wind farm,
9,wind farm,9: wind farm,
9,wind farm,9: wind farm,
9,wind farm,9: wind farm,
9,wind farm,9: wind farm,
9,wind farm,9: wind farm,
9,wind farm,9: wind farm,
9,wind farm,9: wind farm,
9,wind farm,9: wind farm,
9,wind farm,9: wind farm,
9,wind farm,9: wind farm,
9,wind farm,9: wind farm,
9,wind farm,9: wind farm,
9,wind farm,9: wind farm,
9,wind farm,9: wind farm,
9,wind farm,9: wind farm,
9,wind farm,9: wind farm,
9,wind farm,9: wind farm,
9,wind farm,9: wind farm,
9,wind farm,9: wind farm,
9,wind farm,9: wind farm,
9,wind farm,9: wind farm,
9,wind farm,9: wind farm,
9,wind farm,9: wind farm,
9,wind farm,9: wind farm,
9,wind farm,9: wind farm,
9,wind farm,9: wind farm,
9,wind farm,9: wind farm,
9,wind farm,9: wind farm,
9,wind farm,9: wind farm,
9,wind farm,9: wind farm,
9,wind farm,9: wind farm,
9,wind farm,9: wind farm,
9,wind farm,9: wind farm,
9,wind farm,9: wind farm,
9,wind farm,9: wind farm,
9,wind farm,9: wind farm,
9,wind farm,9: wind farm,
9,wind farm,9: wind farm,
9,wind farm,9: wind farm,
9,wind farm,9: wind farm,
9,wind farm,9: wind farm,
9,wind farm,9: wind farm,
9,wind farm,9: wind farm,
9,wind farm,9: wind farm,
9,wind farm,9: wind farm,
9,wind farm,9: wind farm,
9,wind farm,9: wind farm,
9,wind farm,9: wind farm,
9,wind farm,9: wind farm,
9,wind farm,9: wind farm,
9,wind farm,9: wind farm,
9,wind farm,9: wind farm,
9,wind farm,9: wind farm,
9,wind farm,9: wind farm,
9,wind farm,9: wind farm,
9,wind farm,9: wind farm,
9,wind farm,9: wind farm,
9,wind farm,9: wind farm,
9,wind farm,9: wind farm,
9,wind farm,9: wind farm,
9,wind farm,9: wind farm,
9,wind farm,9: wind farm,
9,wind farm,9: wind farm,
9,wind farm,9: wind farm,
9,wind farm,9: wind farm,
9,wind farm,9: wind farm,
9,wind farm,9: wind farm,
9,wind farm,9: wind farm,
9,wind farm,9: wind farm,
9,wind farm,9: wind farm,
9,wind farm,9: wind farm,
9,wind farm,9: wind farm,
9,wind farm,9: wind farm,
9,wind farm,9: wind farm,
9,wind farm,9: wind farm,
9,wind farm,9: wind farm,
9,wind farm,9: wind farm,
9,wind farm,9: wind farm,
9,wind farm,9: wind farm,
9,wind farm,9: wind farm,
9,wind farm,9: wind farm,
9,wind farm,9: wind farm,
9,wind farm,9: wind farm,
9,wind farm,9: wind farm,
9,wind farm,9: wind farm,
9,wind farm,9: wind farm,
9,wind farm,9: wind farm,
9,wind farm,9: wind farm,
9,wind farm,9: wind farm,
9,wind farm,9: wind farm,
9,wind farm,9: wind farm,
9,wind farm,9: wind farm,
9,wind farm,9: wind farm,
9,wind farm,9: wind farm,
9,wind farm,9: wind farm,
9,wind farm,9: wind farm,
9,wind farm,9: wind farm,
9,wind farm,9: wind farm,
9,wind farm,9: wind farm,
9,wind farm,9: wind farm,
9,wind farm,9: wind farm,
9,wind farm,9: wind farm,
9,wind farm,9: wind farm,
9,wind farm,9: wind farm,
9,wind farm,9: wind farm,
9,wind farm,9: wind farm,
9,wind farm,9: wind farm,
9,wind farm,9: wind farm,
9,wind farm,9: wind farm,
9,wind farm,9: wind farm,
9,wind farm,9: wind farm,
9,wind farm,9: wind farm,
9,wind farm,9: wind farm,
9,wind farm,9: wind farm,
9,wind farm,9: wind farm,
9,wind farm,9: wind farm,
9,wind farm,9: wind farm,
9,wind farm,9: wind farm,
9,wind farm,9: wind farm,
9,wind farm,9: wind farm,
9,wind farm,9: wind farm,
9,wind farm,9: wind farm,
9,wind farm,9: wind farm,
9,wind farm,9: wind farm,
9,wind farm,9: wind farm,
9,wind farm,9: wind farm,
9,wind farm,9: wind farm,
9,wind farm,9: wind farm,
9,wind farm,9: wind farm,
9,wind farm,9: wind farm,
9,wind farm,9: wind farm,
9,wind farm,9: wind farm,
9,wind farm,9: wind farm,
9,wind farm,9: wind farm,
9,wind farm,9: wind farm,
9,wind farm,9: wind farm,
9,wind farm,9: wind farm,
9,wind farm,9: wind farm,
9,wind farm,9: wind farm,
9,wind farm,9: wind farm,
9,wind farm,9: wind farm,
9,wind farm,9: wind farm,
9,wind farm,9: wind farm,
9,wind farm,9: wind farm,
9,wind farm,9: wind farm,
9,wind farm,9: wind farm,
9,wind farm,9: wind farm,
9,wind farm,9: wind farm,
9,wind farm,9: wind farm,
9,wind farm,9: wind farm,
9,wind farm,9: wind farm,
9,wind farm,9: wind farm,
9,wind farm,9: wind farm,
9,wind farm,9: wind farm,
9,wind farm,9: wind farm,
9,wind farm,9: wind farm,
9,wind farm,9: wind farm,
9,wind farm,9: wind farm,
9,wind farm,9: wind farm,
9,wind farm,9: wind farm,
9,wind farm,9: wind farm,
9,wind farm,9: wind farm,
9,wind farm,9: wind farm,
9,wind farm,9: wind farm,
9,wind farm,9: wind farm,
9,wind farm,9: wind farm,
9,wind farm,9: wind farm,
9,wind farm,9: wind farm,
9,wind farm,9: wind farm,
9,wind farm,9: wind farm,
9,wind farm,9: wind farm,
9,wind farm,9: wind farm,
9,wind farm,9: wind farm,
9,wind farm,9: wind farm,
9,wind farm,9: wind farm,
9,wind farm,9: wind farm,
9,wind farm,9: wind farm,
9,wind farm,9: wind farm,
9,wind farm,9: wind farm,
9,wind farm,9: wind farm,
9,wind farm,9: wind farm,
9,wind farm,9: wind farm,
9,wind farm,9: wind farm,
9,wind farm,9: wind farm,
9,wind farm,9: wind farm,
9,wind farm,9: wind farm,
9,wind farm,9: wind farm,
9,wind farm,9: wind farm,
9,wind farm,9: wind farm,
9,wind farm,9: wind farm,
9,wind farm,9: wind farm,
9,wind farm,9: wind farm,
9,wind farm,9: wind farm,
9,wind farm,9: wind farm,
9,wind farm,9: wind farm,
9,wind farm,9: wind farm,
9,wind farm,9: wind farm,
9,wind farm,9: wind farm,
9,wind farm,9: wind farm,
9,wind farm,9: wind farm,
9,wind farm,9: wind farm,
9,wind farm,9: wind farm,
9,wind farm,9: wind farm,
9,wind farm,9: wind farm,
9,wind farm,9: wind farm,
9,wind farm,9: wind farm,
9,wind farm,9: wind farm,
9,wind farm,9: wind farm,
9,wind farm,9: wind farm,
9,wind farm,9: wind farm,
9,wind farm,9: wind farm,
9,wind farm,9: wind farm,
9,wind farm,9: wind farm,
9,wind farm,9: wind farm,
9,wind farm,9: wind farm,
9,wind farm,9: wind farm,
9,wind farm,9: wind farm,
9,wind farm,9: wind farm,
9,wind farm,9: wind farm,
9,wind farm,9: wind farm,
9,wind farm,9: wind farm,
9,wind farm,9: wind farm,
9,wind farm,9: wind farm,
9,wind farm,9: wind farm,
9,wind farm,9: wind farm,
9,wind farm,9: wind farm,
9,wind farm,9: wind farm,
9,wind farm,9: wind farm,
9,wind farm,9: wind farm,
9,wind farm,9: wind farm,
9,wind farm,9: wind farm,
9,wind farm,9: wind farm,
9,wind farm,9: wind farm,
9,wind farm,9: wind farm,
9,wind farm,9: wind farm,
9,wind farm,9: wind farm,
9,wind farm,9: wind farm,
9,wind farm,9: wind farm,
9,wind farm,9: wind farm,
9,wind farm,9: wind farm,
9,wind farm,9: wind farm,
9,wind farm,9: wind farm,
9,wind farm,9: wind farm,
9,wind farm,9: wind farm,
9,wind farm,9: wind farm,
9,wind farm,9: wind farm,
9,wind farm,9: wind farm,
9,wind farm,9: wind farm,
9,wind farm,9: wind farm,
9,wind farm,9: wind farm,
9,wind farm,9: wind farm,
9,wind farm,9: wind farm,
9,wind farm,9: wind farm,
9,wind farm,9: wind farm,
9,wind farm,9: wind farm,
9,wind farm,9: wind farm,
9,wind farm,9: wind farm,
9,wind farm,9: wind farm,
9,wind farm,9: wind farm,
9,wind farm,9: wind farm,
9,wind farm,9: wind farm,
9,wind farm,9: wind farm,
9,wind farm,9: wind farm,
9,wind farm,9: wind farm,
9,wind farm,9: wind farm,
9,wind farm,9: wind farm,
9,wind farm,9: wind farm,
9,wind farm,9: wind farm,
9,wind farm,9: wind farm,
9,wind farm,9: wind farm,
9,wind farm,9: wind farm,
9,wind farm,9: wind farm,
9,wind farm,9: wind farm,
9,wind farm,9: wind farm,
9,wind farm,9: wind farm,
9,wind farm,9: wind farm,
9,wind farm,9: wind farm,
9,wind farm,9: wind farm,
9,wind farm,9: wind farm,
9,wind farm,9: wind farm,
9,wind farm,9: wind farm,
9,wind farm,9: wind farm,
9,wind farm,9: wind farm,
9,wind farm,9: wind farm,
9,wind farm,9: wind farm,
9,wind farm,9: wind farm,
9,wind farm,9: wind farm,
9,wind farm,9: wind farm,
9,wind farm,9: wind farm,
9,wind farm,9: wind farm,
9,wind farm,9: wind farm,
9,wind farm,9: wind farm,
9,wind farm,9: wind farm,
9,wind farm,9: wind farm,
9,wind farm,9: wind farm,
9,wind farm,9: wind farm,
9,wind farm,9: wind farm,
9,wind farm,9: wind farm,
9,wind farm,9: wind farm,
9,wind farm,9: wind farm,
9,wind farm,9: wind farm,
9,wind farm,9: wind farm,
9,wind farm,9: wind farm,
9,wind farm,9: wind farm,
9,wind farm,9: wind farm,
9,wind farm,9: wind farm,
9,wind farm,9: wind farm,
9,wind farm,9: wind farm,
9,wind farm,9: wind farm,
9,wind farm,9: wind farm,
9,wind farm,9: wind farm,
9,wind farm,9: wind farm,
9,wind farm,9: wind farm,
9,wind farm,9: wind farm,
9,wind farm,9: wind farm,
9,wind farm,9: wind farm,
9,wind farm,9: wind farm,
9,wind farm,9: wind farm,
9,wind farm,9: wind farm,
9,wind farm,9: wind farm,
9,wind farm,9: wind farm,
9,wind farm,9: wind farm,
9,wind farm,9: wind farm,
9,wind farm,9: wind farm,
9,wind farm,9: wind farm,
9,wind farm,9: wind farm,
9,wind farm,9: wind farm,
9,wind farm,9: wind farm,
9,wind farm,9: wind farm,
9,wind farm,9: wind farm,
9,wind farm,9: wind farm,
9,wind farm,9: wind farm,
9,wind farm,9: wind farm,
9,wind farm,9: wind farm,
9,wind farm,9: wind farm,
9,wind farm,9: wind farm,
9,wind farm,9: wind farm,
9,wind farm,9: wind farm,
9,wind farm,9: wind farm,
9,wind farm,9: wind farm,
9,wind farm,9: wind farm,
9,wind farm,9: wind farm,
9,wind farm,9: wind farm,
9,wind farm,9: wind farm,
9,wind farm,9: wind farm,
9,wind farm,9: wind farm,
9,wind farm,9: wind farm,
9,wind farm,9: wind farm,
9,wind farm,9: wind farm,
9,wind farm,9: wind farm,
9,wind farm,9: wind farm,
9,wind farm,9: wind farm,
9,wind farm,9: wind farm,
9,wind farm,9: wind farm,
9,wind farm,9: wind farm,
9,wind farm,9: wind farm,
9,wind farm,9: wind farm,
9,wind farm,9: wind farm,
9,wind farm,9: wind farm,
9,wind farm,9: wind farm,
9,wind farm,9: wind farm,
9,wind farm,9: wind farm,
9,wind farm,9: wind farm,
9,wind farm,9: wind farm,
9,wind farm,9: wind farm,
9,wind farm,9: wind farm,
9,wind farm,9: wind farm,
9,wind farm,9: wind farm,
9,wind farm,9: wind farm,
9,wind farm,9: wind farm,
9,wind farm,9: wind farm,
9,wind farm,9: wind farm,
9,wind farm,9: wind farm,
9,wind farm,9: wind farm,
9,wind farm,9: wind farm,
9,wind farm,9: wind farm,
9,wind farm,9: wind farm,
9,wind farm,9: wind farm,
9,wind farm,9: wind farm,
9,wind farm,9: wind farm,
9,wind farm,9: wind farm,
9,wind farm,9: wind farm,
9,wind farm,9: wind farm,
9,wind farm,9: wind farm,
9,wind farm,9: wind farm,
9,wind farm,9: wind farm,
9,wind farm,9: wind farm,
9,wind farm,9: wind farm,
9,wind farm,9: wind farm,
9,wind farm,9: wind farm,
9,wind farm,9: wind farm,
9,wind farm,9: wind farm,
9,wind farm,9: wind farm,
9,wind farm,9: wind farm,
9,wind farm,9: wind farm,
9,wind farm,9: wind farm,
9,wind farm,9: wind farm,
9,wind farm,9: wind farm,
9,wind farm,9: wind farm,
9,wind farm,9: wind farm,
9,wind farm,9: wind farm,
9,wind farm,9: wind farm,
9,wind farm,9: wind farm,
9,wind farm,9: wind farm,
9,wind farm,9: wind farm,
9,wind farm,9: wind farm,
9,wind farm,9: wind farm,
9,wind farm,9: wind farm,
9,wind farm,9: wind farm,
9,wind farm,9: wind farm,
9,wind farm,9: wind farm,
9,wind farm,9: wind farm,
9,wind farm,9: wind farm,
9,wind farm,9: wind farm,
9,wind farm,9: wind farm,
9,wind farm,9: wind farm,
9,wind farm,9: wind farm,
9,wind farm,9: wind farm,
9,wind farm,9: wind farm,
9,wind farm,9: wind farm,
9,wind farm,9: wind farm,
9,wind farm,9: wind farm,
9,wind farm,9: wind farm,
9,wind farm,9: wind farm,
9,wind farm,9: wind farm,
9,wind farm,9: wind farm,
9,wind farm,9: wind farm,
9,wind farm,9: wind farm,
9,wind farm,9: wind farm,
9,wind farm,9: wind farm,
9,wind farm,9: wind farm,
9,wind farm,9: wind farm,
9,wind farm,9: wind farm,
9,wind farm,9: wind farm,
9,wind farm,9: wind farm,
9,wind farm,9: wind farm,
9,wind farm,9: wind farm,
9,wind farm,9: wind farm,
9,wind farm,9: wind farm,
9,wind farm,9: wind farm,
9,wind farm,9: wind farm,
9,wind farm,9: wind farm,
9,wind farm,9: wind farm,
9,wind farm,9: wind farm,
9,wind farm,9: wind farm,
9,wind farm,9: wind farm,
9,wind farm,9: wind farm,
9,wind farm,9: wind farm,
9,wind farm,9: wind farm,
9,wind farm,9: wind farm,
9,wind farm,9: wind farm,
9,wind farm,9: wind farm,
9,wind farm,9: wind farm,
9,wind farm,9: wind farm,
9,wind farm,9: wind farm,
9,wind farm,9: wind farm,
9,wind farm,9: wind farm,
9,wind farm,9: wind farm,
9,wind farm,9: wind farm,
9,wind farm,9: wind farm,
9,wind farm,9: wind farm,
9,wind farm,9: wind farm,
9,wind farm,9: wind farm,
9,wind farm,9: wind farm,
9,wind farm,9: wind farm,
7,renew energi,7: renew energi,
7,renew energi,7: renew energi,
7,renew energi,7: renew energi,
7,renew energi,7: renew energi,
7,renew energi,7: renew energi,
7,renew energi,7: renew energi,
7,renew energi,7: renew energi,
7,renew energi,7: renew energi,
7,renew energi,7: renew energi,
7,renew energi,7: renew energi,
7,renew energi,7: renew energi,
7,renew energi,7: renew energi,
7,renew energi,7: renew energi,
7,renew energi,7: renew energi,
7,renew energi,7: renew energi,
7,renew energi,7: renew energi,
7,renew energi,7: renew energi,
7,renew energi,7: renew energi,
7,renew energi,7: renew energi,
7,renew energi,7: renew energi,
7,renew energi,7: renew energi,
7,renew energi,7: renew energi,
7,renew energi,7: renew energi,
7,renew energi,7: renew energi,
7,renew energi,7: renew energi,
7,renew energi,7: renew energi,
7,renew energi,7: renew energi,
7,renew energi,7: renew energi,
7,renew energi,7: renew energi,
7,renew energi,7: renew energi,
7,renew energi,7: renew energi,
7,renew energi,7: renew energi,
7,renew energi,7: renew energi,
7,renew energi,7: renew energi,
7,renew energi,7: renew energi,
7,renew energi,7: renew energi,
7,renew energi,7: renew energi,
7,renew energi,7: renew energi,
7,renew energi,7: renew energi,
7,renew energi,7: renew energi,
7,renew energi,7: renew energi,
7,renew energi,7: renew energi,
7,renew energi,7: renew energi,
7,renew energi,7: renew energi,
7,renew energi,7: renew energi,
7,renew energi,7: renew energi,
7,renew energi,7: renew energi,
7,renew energi,7: renew energi,
7,renew energi,7: renew energi,
7,renew energi,7: renew energi,
7,renew energi,7: renew energi,
7,renew energi,7: renew energi,
7,renew energi,7: renew energi,
7,renew energi,7: renew energi,
7,renew energi,7: renew energi,
7,renew energi,7: renew energi,
7,renew energi,7: renew energi,
7,renew energi,7: renew energi,
7,renew energi,7: renew energi,
7,renew energi,7: renew energi,
7,renew energi,7: renew energi,
7,renew energi,7: renew energi,
7,renew energi,7: renew energi,
7,renew energi,7: renew energi,
7,renew energi,7: renew energi,
7,renew energi,7: renew energi,
7,renew energi,7: renew energi,
7,renew energi,7: renew energi,
7,renew energi,7: renew energi,
7,renew energi,7: renew energi,
7,renew energi,7: renew energi,
7,renew energi,7: renew energi,
7,renew energi,7: renew energi,
7,renew energi,7: renew energi,
7,renew energi,7: renew energi,
7,renew energi,7: renew energi,
7,renew energi,7: renew energi,
7,renew energi,7: renew energi,
7,renew energi,7: renew energi,
7,renew energi,7: renew energi,
7,renew energi,7: renew energi,
7,renew energi,7: renew energi,
7,renew energi,7: renew energi,
7,renew energi,7: renew energi,
7,renew energi,7: renew energi,
7,renew energi,7: renew energi,
7,renew energi,7: renew energi,
7,renew energi,7: renew energi,
7,renew energi,7: renew energi,
7,renew energi,7: renew energi,
7,renew energi,7: renew energi,
7,renew energi,7: renew energi,
7,renew energi,7: renew energi,
7,renew energi,7: renew energi,
7,renew energi,7: renew energi,
7,renew energi,7: renew energi,
7,renew energi,7: renew energi,
7,renew energi,7: renew energi,
7,renew energi,7: renew energi,
7,renew energi,7: renew energi,
7,renew energi,7: renew energi,
7,renew energi,7: renew energi,
7,renew energi,7: renew energi,
7,renew energi,7: renew energi,
7,renew energi,7: renew energi,
7,renew energi,7: renew energi,
7,renew energi,7: renew energi,
7,renew energi,7: renew energi,
7,renew energi,7: renew energi,
7,renew energi,7: renew energi,
7,renew energi,7: renew energi,
7,renew energi,7: renew energi,
7,renew energi,7: renew energi,
7,renew energi,7: renew energi,
7,renew energi,7: renew energi,
7,renew energi,7: renew energi,
7,renew energi,7: renew energi,
7,renew energi,7: renew energi,
7,renew energi,7: renew energi,
7,renew energi,7: renew energi,
7,renew energi,7: renew energi,
7,renew energi,7: renew energi,
7,renew energi,7: renew energi,
7,renew energi,7: renew energi,
7,renew energi,7: renew energi,
7,renew energi,7: renew energi,
7,renew energi,7: renew energi,
7,renew energi,7: renew energi,
7,renew energi,7: renew energi,
7,renew energi,7: renew energi,
7,renew energi,7: renew energi,
7,renew energi,7: renew energi,
7,renew energi,7: renew energi,
7,renew energi,7: renew energi,
7,renew energi,7: renew energi,
7,renew energi,7: renew energi,
7,renew energi,7: renew energi,
7,renew energi,7: renew energi,
7,renew energi,7: renew energi,
7,renew energi,7: renew energi,
7,renew energi,7: renew energi,
7,renew energi,7: renew energi,
7,renew energi,7: renew energi,
7,renew energi,7: renew energi,
7,renew energi,7: renew energi,
7,renew energi,7: renew energi,
7,renew energi,7: renew energi,
7,renew energi,7: renew energi,
7,renew energi,7: renew energi,
7,renew energi,7: renew energi,
7,renew energi,7: renew energi,
7,renew energi,7: renew energi,
7,renew energi,7: renew energi,
7,renew energi,7: renew energi,
7,renew energi,7: renew energi,
7,renew energi,7: renew energi,
7,renew energi,7: renew energi,
7,renew energi,7: renew energi,
7,renew energi,7: renew energi,
7,renew energi,7: renew energi,
7,renew energi,7: renew energi,
7,renew energi,7: renew energi,
7,renew energi,7: renew energi,
7,renew energi,7: renew energi,
7,renew energi,7: renew energi,
7,renew energi,7: renew energi,
7,renew energi,7: renew energi,
7,renew energi,7: renew energi,
7,renew energi,7: renew energi,
7,renew energi,7: renew energi,
7,renew energi,7: renew energi,
7,renew energi,7: renew energi,
7,renew energi,7: renew energi,
7,renew energi,7: renew energi,
7,renew energi,7: renew energi,
7,renew energi,7: renew energi,
7,renew energi,7: renew energi,
7,renew energi,7: renew energi,
7,renew energi,7: renew energi,
7,renew energi,7: renew energi,
7,renew energi,7: renew energi,
7,renew energi,7: renew energi,
7,renew energi,7: renew energi,
7,renew energi,7: renew energi,
7,renew energi,7: renew energi,
7,renew energi,7: renew energi,
7,renew energi,7: renew energi,
7,renew energi,7: renew energi,
7,renew energi,7: renew energi,
7,renew energi,7: renew energi,
7,renew energi,7: renew energi,
7,renew energi,7: renew energi,
7,renew energi,7: renew energi,
7,renew energi,7: renew energi,
7,renew energi,7: renew energi,
7,renew energi,7: renew energi,
7,renew energi,7: renew energi,
7,renew energi,7: renew energi,
7,renew energi,7: renew energi,
7,renew energi,7: renew energi,
7,renew energi,7: renew energi,
7,renew energi,7: renew energi,
7,renew energi,7: renew energi,
7,renew energi,7: renew energi,
7,renew energi,7: renew energi,
7,renew energi,7: renew energi,
7,renew energi,7: renew energi,
7,renew energi,7: renew energi,
7,renew energi,7: renew energi,
7,renew energi,7: renew energi,
7,renew energi,7: renew energi,
7,renew energi,7: renew energi,
7,renew energi,7: renew energi,
7,renew energi,7: renew energi,
7,renew energi,7: renew energi,
7,renew energi,7: renew energi,
7,renew energi,7: renew energi,
7,renew energi,7: renew energi,
7,renew energi,7: renew energi,
7,renew energi,7: renew energi,
7,renew energi,7: renew energi,
7,renew energi,7: renew energi,
7,renew energi,7: renew energi,
7,renew energi,7: renew energi,
7,renew energi,7: renew energi,
7,renew energi,7: renew energi,
7,renew energi,7: renew energi,
7,renew energi,7: renew energi,
7,renew energi,7: renew energi,
7,renew energi,7: renew energi,
7,renew energi,7: renew energi,
7,renew energi,7: renew energi,
7,renew energi,7: renew energi,
7,renew energi,7: renew energi,
7,renew energi,7: renew energi,
7,renew energi,7: renew energi,
7,renew energi,7: renew energi,
7,renew energi,7: renew energi,
7,renew energi,7: renew energi,
7,renew energi,7: renew energi,
7,renew energi,7: renew energi,
7,renew energi,7: renew energi,
7,renew energi,7: renew energi,
7,renew energi,7: renew energi,
7,renew energi,7: renew energi,
7,renew energi,7: renew energi,
7,renew energi,7: renew energi,
7,renew energi,7: renew energi,
7,renew energi,7: renew energi,
7,renew energi,7: renew energi,
7,renew energi,7: renew energi,
7,renew energi,7: renew energi,
7,renew energi,7: renew energi,
7,renew energi,7: renew energi,
7,renew energi,7: renew energi,
7,renew energi,7: renew energi,
7,renew energi,7: renew energi,
7,renew energi,7: renew energi,
7,renew energi,7: renew energi,
7,renew energi,7: renew energi,
7,renew energi,7: renew energi,
7,renew energi,7: renew energi,
7,renew energi,7: renew energi,
7,renew energi,7: renew energi,
7,renew energi,7: renew energi,
7,renew energi,7: renew energi,
7,renew energi,7: renew energi,
7,renew energi,7: renew energi,
7,renew energi,7: renew energi,
7,renew energi,7: renew energi,
7,renew energi,7: renew energi,
7,renew energi,7: renew energi,
7,renew energi,7: renew energi,
7,renew energi,7: renew energi,
7,renew energi,7: renew energi,
7,renew energi,7: renew energi,
7,renew energi,7: renew energi,
7,renew energi,7: renew energi,
7,renew energi,7: renew energi,
7,renew energi,7: renew energi,
7,renew energi,7: renew energi,
7,renew energi,7: renew energi,
7,renew energi,7: renew energi,
7,renew energi,7: renew energi,
7,renew energi,7: renew energi,
7,renew energi,7: renew energi,
7,renew energi,7: renew energi,
7,renew energi,7: renew energi,
7,renew energi,7: renew energi,
7,renew energi,7: renew energi,
7,renew energi,7: renew energi,
7,renew energi,7: renew energi,
9,wind farm,9: wind farm,
9,wind farm,9: wind farm,
9,wind farm,9: wind farm,
9,wind farm,9: wind farm,
9,wind farm,9: wind farm,
9,wind farm,9: wind farm,
9,wind farm,9: wind farm,
9,wind farm,9: wind farm,
9,wind farm,9: wind farm,
9,wind farm,9: wind farm,
9,wind farm,9: wind farm,
9,wind farm,9: wind farm,
9,wind farm,9: wind farm,
9,wind farm,9: wind farm,
9,wind farm,9: wind farm,
9,wind farm,9: wind farm,
9,wind farm,9: wind farm,
9,wind farm,9: wind farm,
9,wind farm,9: wind farm,
9,wind farm,9: wind farm,
9,wind farm,9: wind farm,
9,wind farm,9: wind farm,
9,wind farm,9: wind farm,
9,wind farm,9: wind farm,
9,wind farm,9: wind farm,
9,wind farm,9: wind farm,
9,wind farm,9: wind farm,
9,wind farm,9: wind farm,
9,wind farm,9: wind farm,
9,wind farm,9: wind farm,
9,wind farm,9: wind farm,
9,wind farm,9: wind farm,
9,wind farm,9: wind farm,
9,wind farm,9: wind farm,
9,wind farm,9: wind farm,
9,wind farm,9: wind farm,
9,wind farm,9: wind farm,
9,wind farm,9: wind farm,
9,wind farm,9: wind farm,
9,wind farm,9: wind farm,
9,wind farm,9: wind farm,
9,wind farm,9: wind farm,
9,wind farm,9: wind farm,
9,wind farm,9: wind farm,
9,wind farm,9: wind farm,
9,wind farm,9: wind farm,
9,wind farm,9: wind farm,
9,wind farm,9: wind farm,
9,wind farm,9: wind farm,
9,wind farm,9: wind farm,
9,wind farm,9: wind farm,
9,wind farm,9: wind farm,
9,wind farm,9: wind farm,
9,wind farm,9: wind farm,
9,wind farm,9: wind farm,
9,wind farm,9: wind farm,
9,wind farm,9: wind farm,
9,wind farm,9: wind farm,
9,wind farm,9: wind farm,
9,wind farm,9: wind farm,
9,wind farm,9: wind farm,
9,wind farm,9: wind farm,
9,wind farm,9: wind farm,
9,wind farm,9: wind farm,
9,wind farm,9: wind farm,
9,wind farm,9: wind farm,
9,wind farm,9: wind farm,
9,wind farm,9: wind farm,
9,wind farm,9: wind farm,
9,wind farm,9: wind farm,
9,wind farm,9: wind farm,
9,wind farm,9: wind farm,
9,wind farm,9: wind farm,
9,wind farm,9: wind farm,
9,wind farm,9: wind farm,
9,wind farm,9: wind farm,
9,wind farm,9: wind farm,
9,wind farm,9: wind farm,
9,wind farm,9: wind farm,
9,wind farm,9: wind farm,
9,wind farm,9: wind farm,
9,wind farm,9: wind farm,
9,wind farm,9: wind farm,
9,wind farm,9: wind farm,
9,wind farm,9: wind farm,
9,wind farm,9: wind farm,
9,wind farm,9: wind farm,
9,wind farm,9: wind farm,
9,wind farm,9: wind farm,
9,wind farm,9: wind farm,
9,wind farm,9: wind farm,
9,wind farm,9: wind farm,
9,wind farm,9: wind farm,
9,wind farm,9: wind farm,
9,wind farm,9: wind farm,
9,wind farm,9: wind farm,
9,wind farm,9: wind farm,
9,wind farm,9: wind farm,
9,wind farm,9: wind farm,
9,wind farm,9: wind farm,
9,wind farm,9: wind farm,
9,wind farm,9: wind farm,
9,wind farm,9: wind farm,
9,wind farm,9: wind farm,
9,wind farm,9: wind farm,
9,wind farm,9: wind farm,
9,wind farm,9: wind farm,
9,wind farm,9: wind farm,
9,wind farm,9: wind farm,
9,wind farm,9: wind farm,
9,wind farm,9: wind farm,
9,wind farm,9: wind farm,
9,wind farm,9: wind farm,
9,wind farm,9: wind farm,
9,wind farm,9: wind farm,
9,wind farm,9: wind farm,
9,wind farm,9: wind farm,
9,wind farm,9: wind farm,
9,wind farm,9: wind farm,
9,wind farm,9: wind farm,
9,wind farm,9: wind farm,
9,wind farm,9: wind farm,
9,wind farm,9: wind farm,
9,wind farm,9: wind farm,
9,wind farm,9: wind farm,
9,wind farm,9: wind farm,
9,wind farm,9: wind farm,
9,wind farm,9: wind farm,
9,wind farm,9: wind farm,
9,wind farm,9: wind farm,
9,wind farm,9: wind farm,
9,wind farm,9: wind farm,
9,wind farm,9: wind farm,
9,wind farm,9: wind farm,
9,wind farm,9: wind farm,
9,wind farm,9: wind farm,
9,wind farm,9: wind farm,
9,wind farm,9: wind farm,
9,wind farm,9: wind farm,
9,wind farm,9: wind farm,
9,wind farm,9: wind farm,
9,wind farm,9: wind farm,
9,wind farm,9: wind farm,
9,wind farm,9: wind farm,
9,wind farm,9: wind farm,
9,wind farm,9: wind farm,
9,wind farm,9: wind farm,
9,wind farm,9: wind farm,
9,wind farm,9: wind farm,
9,wind farm,9: wind farm,
9,wind farm,9: wind farm,
9,wind farm,9: wind farm,
9,wind farm,9: wind farm,
9,wind farm,9: wind farm,
9,wind farm,9: wind farm,
9,wind farm,9: wind farm,
9,wind farm,9: wind farm,
9,wind farm,9: wind farm,
9,wind farm,9: wind farm,
9,wind farm,9: wind farm,
9,wind farm,9: wind farm,
5,offshor grid,5: offshor grid,
5,offshor grid,5: offshor grid,
5,offshor grid,5: offshor grid,
5,offshor grid,5: offshor grid,
5,offshor grid,5: offshor grid,
5,offshor grid,5: offshor grid,
5,offshor grid,5: offshor grid,
5,offshor grid,5: offshor grid,
5,offshor grid,5: offshor grid,
5,offshor grid,5: offshor grid,
5,offshor grid,5: offshor grid,
5,offshor grid,5: offshor grid,
5,offshor grid,5: offshor grid,
5,offshor grid,5: offshor grid,
5,offshor grid,5: offshor grid,
5,offshor grid,5: offshor grid,
5,offshor grid,5: offshor grid,
5,offshor grid,5: offshor grid,
5,offshor grid,5: offshor grid,
5,offshor grid,5: offshor grid,
5,offshor grid,5: offshor grid,
5,offshor grid,5: offshor grid,
5,offshor grid,5: offshor grid,
5,offshor grid,5: offshor grid,
5,offshor grid,5: offshor grid,
5,offshor grid,5: offshor grid,
5,offshor grid,5: offshor grid,
5,offshor grid,5: offshor grid,
5,offshor grid,5: offshor grid,
5,offshor grid,5: offshor grid,
5,offshor grid,5: offshor grid,
5,offshor grid,5: offshor grid,
5,offshor grid,5: offshor grid,
5,offshor grid,5: offshor grid,
5,offshor grid,5: offshor grid,
5,offshor grid,5: offshor grid,
5,offshor grid,5: offshor grid,
5,offshor grid,5: offshor grid,
5,offshor grid,5: offshor grid,
5,offshor grid,5: offshor grid,
5,offshor grid,5: offshor grid,
5,offshor grid,5: offshor grid,
5,offshor grid,5: offshor grid,
5,offshor grid,5: offshor grid,
5,offshor grid,5: offshor grid,
5,offshor grid,5: offshor grid,
5,offshor grid,5: offshor grid,
5,offshor grid,5: offshor grid,
5,offshor grid,5: offshor grid,
5,offshor grid,5: offshor grid,
5,offshor grid,5: offshor grid,
5,offshor grid,5: offshor grid,
5,offshor grid,5: offshor grid,
5,offshor grid,5: offshor grid,
5,offshor grid,5: offshor grid,
5,offshor grid,5: offshor grid,
5,offshor grid,5: offshor grid,
5,offshor grid,5: offshor grid,
5,offshor grid,5: offshor grid,
5,offshor grid,5: offshor grid,
5,offshor grid,5: offshor grid,
5,offshor grid,5: offshor grid,
5,offshor grid,5: offshor grid,
5,offshor grid,5: offshor grid,
5,offshor grid,5: offshor grid,
5,offshor grid,5: offshor grid,
5,offshor grid,5: offshor grid,
5,offshor grid,5: offshor grid,
5,offshor grid,5: offshor grid,
5,offshor grid,5: offshor grid,
5,offshor grid,5: offshor grid,
5,offshor grid,5: offshor grid,
5,offshor grid,5: offshor grid,
5,offshor grid,5: offshor grid,
5,offshor grid,5: offshor grid,
5,offshor grid,5: offshor grid,
5,offshor grid,5: offshor grid,
5,offshor grid,5: offshor grid,
5,offshor grid,5: offshor grid,
5,offshor grid,5: offshor grid,
5,offshor grid,5: offshor grid,
5,offshor grid,5: offshor grid,
5,offshor grid,5: offshor grid,
5,offshor grid,5: offshor grid,
5,offshor grid,5: offshor grid,
5,offshor grid,5: offshor grid,
5,offshor grid,5: offshor grid,
5,offshor grid,5: offshor grid,
5,offshor grid,5: offshor grid,
5,offshor grid,5: offshor grid,
5,offshor grid,5: offshor grid,
5,offshor grid,5: offshor grid,
5,offshor grid,5: offshor grid,
5,offshor grid,5: offshor grid,
5,offshor grid,5: offshor grid,
5,offshor grid,5: offshor grid,
5,offshor grid,5: offshor grid,
5,offshor grid,5: offshor grid,
5,offshor grid,5: offshor grid,
5,offshor grid,5: offshor grid,
5,offshor grid,5: offshor grid,
5,offshor grid,5: offshor grid,
5,offshor grid,5: offshor grid,
5,offshor grid,5: offshor grid,
5,offshor grid,5: offshor grid,
5,offshor grid,5: offshor grid,
5,offshor grid,5: offshor grid,
5,offshor grid,5: offshor grid,
5,offshor grid,5: offshor grid,
5,offshor grid,5: offshor grid,
5,offshor grid,5: offshor grid,
5,offshor grid,5: offshor grid,
5,offshor grid,5: offshor grid,
5,offshor grid,5: offshor grid,
5,offshor grid,5: offshor grid,
5,offshor grid,5: offshor grid,
5,offshor grid,5: offshor grid,
5,offshor grid,5: offshor grid,
5,offshor grid,5: offshor grid,
5,offshor grid,5: offshor grid,
5,offshor grid,5: offshor grid,
5,offshor grid,5: offshor grid,
5,offshor grid,5: offshor grid,
5,offshor grid,5: offshor grid,
5,offshor grid,5: offshor grid,
5,offshor grid,5: offshor grid,
5,offshor grid,5: offshor grid,
5,offshor grid,5: offshor grid,
5,offshor grid,5: offshor grid,
5,offshor grid,5: offshor grid,
5,offshor grid,5: offshor grid,
5,offshor grid,5: offshor grid,
5,offshor grid,5: offshor grid,
5,offshor grid,5: offshor grid,
5,offshor grid,5: offshor grid,
5,offshor grid,5: offshor grid,
5,offshor grid,5: offshor grid,
5,offshor grid,5: offshor grid,
5,offshor grid,5: offshor grid,
5,offshor grid,5: offshor grid,
5,offshor grid,5: offshor grid,
5,offshor grid,5: offshor grid,
5,offshor grid,5: offshor grid,
5,offshor grid,5: offshor grid,
5,offshor grid,5: offshor grid,
5,offshor grid,5: offshor grid,
5,offshor grid,5: offshor grid,
5,offshor grid,5: offshor grid,
5,offshor grid,5: offshor grid,
5,offshor grid,5: offshor grid,
5,offshor grid,5: offshor grid,
5,offshor grid,5: offshor grid,
5,offshor grid,5: offshor grid,
5,offshor grid,5: offshor grid,
5,offshor grid,5: offshor grid,
5,offshor grid,5: offshor grid,
5,offshor grid,5: offshor grid,
5,offshor grid,5: offshor grid,
5,offshor grid,5: offshor grid,
5,offshor grid,5: offshor grid,
5,offshor grid,5: offshor grid,
5,offshor grid,5: offshor grid,
5,offshor grid,5: offshor grid,
5,offshor grid,5: offshor grid,
5,offshor grid,5: offshor grid,
5,offshor grid,5: offshor grid,
5,offshor grid,5: offshor grid,
5,offshor grid,5: offshor grid,
5,offshor grid,5: offshor grid,
5,offshor grid,5: offshor grid,
5,offshor grid,5: offshor grid,
5,offshor grid,5: offshor grid,
5,offshor grid,5: offshor grid,
5,offshor grid,5: offshor grid,
5,offshor grid,5: offshor grid,
5,offshor grid,5: offshor grid,
5,offshor grid,5: offshor grid,
5,offshor grid,5: offshor grid,
5,offshor grid,5: offshor grid,
5,offshor grid,5: offshor grid,
5,offshor grid,5: offshor grid,
5,offshor grid,5: offshor grid,
5,offshor grid,5: offshor grid,
5,offshor grid,5: offshor grid,
5,offshor grid,5: offshor grid,
5,offshor grid,5: offshor grid,
5,offshor grid,5: offshor grid,
5,offshor grid,5: offshor grid,
5,offshor grid,5: offshor grid,
5,offshor grid,5: offshor grid,
5,offshor grid,5: offshor grid,
5,offshor grid,5: offshor grid,
5,offshor grid,5: offshor grid,
5,offshor grid,5: offshor grid,
5,offshor grid,5: offshor grid,
5,offshor grid,5: offshor grid,
5,offshor grid,5: offshor grid,
5,offshor grid,5: offshor grid,
5,offshor grid,5: offshor grid,
5,offshor grid,5: offshor grid,
5,offshor grid,5: offshor grid,
5,offshor grid,5: offshor grid,
5,offshor grid,5: offshor grid,
5,offshor grid,5: offshor grid,
5,offshor grid,5: offshor grid,
5,offshor grid,5: offshor grid,
5,offshor grid,5: offshor grid,
5,offshor grid,5: offshor grid,
5,offshor grid,5: offshor grid,
5,offshor grid,5: offshor grid,
5,offshor grid,5: offshor grid,
5,offshor grid,5: offshor grid,
5,offshor grid,5: offshor grid,
5,offshor grid,5: offshor grid,
5,offshor grid,5: offshor grid,
5,offshor grid,5: offshor grid,
5,offshor grid,5: offshor grid,
5,offshor grid,5: offshor grid,
5,offshor grid,5: offshor grid,
5,offshor grid,5: offshor grid,
5,offshor grid,5: offshor grid,
5,offshor grid,5: offshor grid,
5,offshor grid,5: offshor grid,
5,offshor grid,5: offshor grid,
5,offshor grid,5: offshor grid,
5,offshor grid,5: offshor grid,
5,offshor grid,5: offshor grid,
5,offshor grid,5: offshor grid,
5,offshor grid,5: offshor grid,
5,offshor grid,5: offshor grid,
5,offshor grid,5: offshor grid,
5,offshor grid,5: offshor grid,
5,offshor grid,5: offshor grid,
5,offshor grid,5: offshor grid,
5,offshor grid,5: offshor grid,
5,offshor grid,5: offshor grid,
5,offshor grid,5: offshor grid,
5,offshor grid,5: offshor grid,
5,offshor grid,5: offshor grid,
5,offshor grid,5: offshor grid,
5,offshor grid,5: offshor grid,
5,offshor grid,5: offshor grid,
5,offshor grid,5: offshor grid,
5,offshor grid,5: offshor grid,
5,offshor grid,5: offshor grid,
5,offshor grid,5: offshor grid,
5,offshor grid,5: offshor grid,
5,offshor grid,5: offshor grid,
5,offshor grid,5: offshor grid,
5,offshor grid,5: offshor grid,
5,offshor grid,5: offshor grid,
5,offshor grid,5: offshor grid,
5,offshor grid,5: offshor grid,
5,offshor grid,5: offshor grid,
5,offshor grid,5: offshor grid,
5,offshor grid,5: offshor grid,
5,offshor grid,5: offshor grid,
5,offshor grid,5: offshor grid,
5,offshor grid,5: offshor grid,
5,offshor grid,5: offshor grid,
5,offshor grid,5: offshor grid,
5,offshor grid,5: offshor grid,
5,offshor grid,5: offshor grid,
5,offshor grid,5: offshor grid,
5,offshor grid,5: offshor grid,
5,offshor grid,5: offshor grid,
5,offshor grid,5: offshor grid,
5,offshor grid,5: offshor grid,
5,offshor grid,5: offshor grid,
5,offshor grid,5: offshor grid,
5,offshor grid,5: offshor grid,
5,offshor grid,5: offshor grid,
5,offshor grid,5: offshor grid,
5,offshor grid,5: offshor grid,
5,offshor grid,5: offshor grid,
5,offshor grid,5: offshor grid,
5,offshor grid,5: offshor grid,
5,offshor grid,5: offshor grid,
5,offshor grid,5: offshor grid,
5,offshor grid,5: offshor grid,
5,offshor grid,5: offshor grid,
5,offshor grid,5: offshor grid,
5,offshor grid,5: offshor grid,
5,offshor grid,5: offshor grid,
5,offshor grid,5: offshor grid,
5,offshor grid,5: offshor grid,
5,offshor grid,5: offshor grid,
5,offshor grid,5: offshor grid,
5,offshor grid,5: offshor grid,
5,offshor grid,5: offshor grid,
5,offshor grid,5: offshor grid,
5,offshor grid,5: offshor grid,
5,offshor grid,5: offshor grid,
5,offshor grid,5: offshor grid,
5,offshor grid,5: offshor grid,
5,offshor grid,5: offshor grid,
5,offshor grid,5: offshor grid,
5,offshor grid,5: offshor grid,
5,offshor grid,5: offshor grid,
5,offshor grid,5: offshor grid,
5,offshor grid,5: offshor grid,
5,offshor grid,5: offshor grid,
5,offshor grid,5: offshor grid,
5,offshor grid,5: offshor grid,
5,offshor grid,5: offshor grid,
5,offshor grid,5: offshor grid,
5,offshor grid,5: offshor grid,
5,offshor grid,5: offshor grid,
5,offshor grid,5: offshor grid,
5,offshor grid,5: offshor grid,
5,offshor grid,5: offshor grid,
5,offshor grid,5: offshor grid,
5,offshor grid,5: offshor grid,
5,offshor grid,5: offshor grid,
5,offshor grid,5: offshor grid,
5,offshor grid,5: offshor grid,
5,offshor grid,5: offshor grid,
5,offshor grid,5: offshor grid,
5,offshor grid,5: offshor grid,
5,offshor grid,5: offshor grid,
5,offshor grid,5: offshor grid,
5,offshor grid,5: offshor grid,
5,offshor grid,5: offshor grid,
5,offshor grid,5: offshor grid,
5,offshor grid,5: offshor grid,
5,offshor grid,5: offshor grid,
5,offshor grid,5: offshor grid,
5,offshor grid,5: offshor grid,
5,offshor grid,5: offshor grid,
5,offshor grid,5: offshor grid,
5,offshor grid,5: offshor grid,
5,offshor grid,5: offshor grid,
5,offshor grid,5: offshor grid,
5,offshor grid,5: offshor grid,
5,offshor grid,5: offshor grid,
5,offshor grid,5: offshor grid,
5,offshor grid,5: offshor grid,
5,offshor grid,5: offshor grid,
5,offshor grid,5: offshor grid,
5,offshor grid,5: offshor grid,
5,offshor grid,5: offshor grid,
5,offshor grid,5: offshor grid,
5,offshor grid,5: offshor grid,
5,offshor grid,5: offshor grid,
5,offshor grid,5: offshor grid,
5,offshor grid,5: offshor grid,
5,offshor grid,5: offshor grid,
5,offshor grid,5: offshor grid,
5,offshor grid,5: offshor grid,
5,offshor grid,5: offshor grid,
9,wind farm,9: wind farm,
9,wind farm,9: wind farm,
9,wind farm,9: wind farm,
9,wind farm,9: wind farm,
9,wind farm,9: wind farm,
9,wind farm,9: wind farm,
9,wind farm,9: wind farm,
9,wind farm,9: wind farm,
9,wind farm,9: wind farm,
9,wind farm,9: wind farm,
9,wind farm,9: wind farm,
9,wind farm,9: wind farm,
9,wind farm,9: wind farm,
9,wind farm,9: wind farm,
9,wind farm,9: wind farm,
9,wind farm,9: wind farm,
9,wind farm,9: wind farm,
9,wind farm,9: wind farm,
9,wind farm,9: wind farm,
9,wind farm,9: wind farm,
9,wind farm,9: wind farm,
9,wind farm,9: wind farm,
9,wind farm,9: wind farm,
9,wind farm,9: wind farm,
9,wind farm,9: wind farm,
9,wind farm,9: wind farm,
9,wind farm,9: wind farm,
9,wind farm,9: wind farm,
9,wind farm,9: wind farm,
9,wind farm,9: wind farm,
9,wind farm,9: wind farm,
9,wind farm,9: wind farm,
9,wind farm,9: wind farm,
9,wind farm,9: wind farm,
9,wind farm,9: wind farm,
9,wind farm,9: wind farm,
9,wind farm,9: wind farm,
9,wind farm,9: wind farm,
9,wind farm,9: wind farm,
9,wind farm,9: wind farm,
9,wind farm,9: wind farm,
9,wind farm,9: wind farm,
9,wind farm,9: wind farm,
9,wind farm,9: wind farm,
9,wind farm,9: wind farm,
9,wind farm,9: wind farm,
9,wind farm,9: wind farm,
9,wind farm,9: wind farm,
9,wind farm,9: wind farm,
9,wind farm,9: wind farm,
9,wind farm,9: wind farm,
9,wind farm,9: wind farm,
9,wind farm,9: wind farm,
9,wind farm,9: wind farm,
9,wind farm,9: wind farm,
9,wind farm,9: wind farm,
9,wind farm,9: wind farm,
9,wind farm,9: wind farm,
9,wind farm,9: wind farm,
9,wind farm,9: wind farm,
9,wind farm,9: wind farm,
9,wind farm,9: wind farm,
9,wind farm,9: wind farm,
9,wind farm,9: wind farm,
9,wind farm,9: wind farm,
9,wind farm,9: wind farm,
9,wind farm,9: wind farm,
9,wind farm,9: wind farm,
9,wind farm,9: wind farm,
9,wind farm,9: wind farm,
9,wind farm,9: wind farm,
9,wind farm,9: wind farm,
9,wind farm,9: wind farm,
9,wind farm,9: wind farm,
9,wind farm,9: wind farm,
9,wind farm,9: wind farm,
9,wind farm,9: wind farm,
9,wind farm,9: wind farm,
9,wind farm,9: wind farm,
9,wind farm,9: wind farm,
9,wind farm,9: wind farm,
9,wind farm,9: wind farm,
9,wind farm,9: wind farm,
9,wind farm,9: wind farm,
9,wind farm,9: wind farm,
9,wind farm,9: wind farm,
9,wind farm,9: wind farm,
9,wind farm,9: wind farm,
9,wind farm,9: wind farm,
9,wind farm,9: wind farm,
9,wind farm,9: wind farm,
9,wind farm,9: wind farm,
9,wind farm,9: wind farm,
9,wind farm,9: wind farm,
9,wind farm,9: wind farm,
9,wind farm,9: wind farm,
9,wind farm,9: wind farm,
9,wind farm,9: wind farm,
9,wind farm,9: wind farm,
9,wind farm,9: wind farm,
9,wind farm,9: wind farm,
9,wind farm,9: wind farm,
9,wind farm,9: wind farm,
9,wind farm,9: wind farm,
9,wind farm,9: wind farm,
9,wind farm,9: wind farm,
9,wind farm,9: wind farm,
9,wind farm,9: wind farm,
9,wind farm,9: wind farm,
9,wind farm,9: wind farm,
9,wind farm,9: wind farm,
9,wind farm,9: wind farm,
9,wind farm,9: wind farm,
9,wind farm,9: wind farm,
9,wind farm,9: wind farm,
9,wind farm,9: wind farm,
9,wind farm,9: wind farm,
9,wind farm,9: wind farm,
9,wind farm,9: wind farm,
9,wind farm,9: wind farm,
9,wind farm,9: wind farm,
9,wind farm,9: wind farm,
9,wind farm,9: wind farm,
9,wind farm,9: wind farm,
9,wind farm,9: wind farm,
9,wind farm,9: wind farm,
9,wind farm,9: wind farm,
9,wind farm,9: wind farm,
9,wind farm,9: wind farm,
9,wind farm,9: wind farm,
9,wind farm,9: wind farm,
9,wind farm,9: wind farm,
9,wind farm,9: wind farm,
9,wind farm,9: wind farm,
9,wind farm,9: wind farm,
9,wind farm,9: wind farm,
9,wind farm,9: wind farm,
9,wind farm,9: wind farm,
9,wind farm,9: wind farm,
9,wind farm,9: wind farm,
9,wind farm,9: wind farm,
9,wind farm,9: wind farm,
9,wind farm,9: wind farm,
9,wind farm,9: wind farm,
9,wind farm,9: wind farm,
9,wind farm,9: wind farm,
9,wind farm,9: wind farm,
9,wind farm,9: wind farm,
9,wind farm,9: wind farm,
9,wind farm,9: wind farm,
9,wind farm,9: wind farm,
9,wind farm,9: wind farm,
9,wind farm,9: wind farm,
9,wind farm,9: wind farm,
9,wind farm,9: wind farm,
9,wind farm,9: wind farm,
9,wind farm,9: wind farm,
9,wind farm,9: wind farm,
9,wind farm,9: wind farm,
9,wind farm,9: wind farm,
9,wind farm,9: wind farm,
5,offshor grid,5: offshor grid,
5,offshor grid,5: offshor grid,
5,offshor grid,5: offshor grid,
5,offshor grid,5: offshor grid,
5,offshor grid,5: offshor grid,
5,offshor grid,5: offshor grid,
5,offshor grid,5: offshor grid,
5,offshor grid,5: offshor grid,
5,offshor grid,5: offshor grid,
5,offshor grid,5: offshor grid,
5,offshor grid,5: offshor grid,
5,offshor grid,5: offshor grid,
5,offshor grid,5: offshor grid,
5,offshor grid,5: offshor grid,
5,offshor grid,5: offshor grid,
5,offshor grid,5: offshor grid,
5,offshor grid,5: offshor grid,
5,offshor grid,5: offshor grid,
5,offshor grid,5: offshor grid,
5,offshor grid,5: offshor grid,
5,offshor grid,5: offshor grid,
5,offshor grid,5: offshor grid,
5,offshor grid,5: offshor grid,
5,offshor grid,5: offshor grid,
5,offshor grid,5: offshor grid,
5,offshor grid,5: offshor grid,
5,offshor grid,5: offshor grid,
5,offshor grid,5: offshor grid,
5,offshor grid,5: offshor grid,
5,offshor grid,5: offshor grid,
5,offshor grid,5: offshor grid,
5,offshor grid,5: offshor grid,
5,offshor grid,5: offshor grid,
5,offshor grid,5: offshor grid,
5,offshor grid,5: offshor grid,
5,offshor grid,5: offshor grid,
5,offshor grid,5: offshor grid,
5,offshor grid,5: offshor grid,
5,offshor grid,5: offshor grid,
5,offshor grid,5: offshor grid,
5,offshor grid,5: offshor grid,
5,offshor grid,5: offshor grid,
5,offshor grid,5: offshor grid,
5,offshor grid,5: offshor grid,
5,offshor grid,5: offshor grid,
5,offshor grid,5: offshor grid,
5,offshor grid,5: offshor grid,
5,offshor grid,5: offshor grid,
5,offshor grid,5: offshor grid,
5,offshor grid,5: offshor grid,
5,offshor grid,5: offshor grid,
5,offshor grid,5: offshor grid,
5,offshor grid,5: offshor grid,
5,offshor grid,5: offshor grid,
5,offshor grid,5: offshor grid,
5,offshor grid,5: offshor grid,
5,offshor grid,5: offshor grid,
5,offshor grid,5: offshor grid,
5,offshor grid,5: offshor grid,
5,offshor grid,5: offshor grid,
5,offshor grid,5: offshor grid,
5,offshor grid,5: offshor grid,
5,offshor grid,5: offshor grid,
5,offshor grid,5: offshor grid,
5,offshor grid,5: offshor grid,
5,offshor grid,5: offshor grid,
5,offshor grid,5: offshor grid,
5,offshor grid,5: offshor grid,
5,offshor grid,5: offshor grid,
5,offshor grid,5: offshor grid,
5,offshor grid,5: offshor grid,
5,offshor grid,5: offshor grid,
5,offshor grid,5: offshor grid,
5,offshor grid,5: offshor grid,
5,offshor grid,5: offshor grid,
5,offshor grid,5: offshor grid,
5,offshor grid,5: offshor grid,
5,offshor grid,5: offshor grid,
5,offshor grid,5: offshor grid,
5,offshor grid,5: offshor grid,
5,offshor grid,5: offshor grid,
5,offshor grid,5: offshor grid,
5,offshor grid,5: offshor grid,
5,offshor grid,5: offshor grid,
5,offshor grid,5: offshor grid,
5,offshor grid,5: offshor grid,
5,offshor grid,5: offshor grid,
5,offshor grid,5: offshor grid,
5,offshor grid,5: offshor grid,
5,offshor grid,5: offshor grid,
5,offshor grid,5: offshor grid,
5,offshor grid,5: offshor grid,
5,offshor grid,5: offshor grid,
5,offshor grid,5: offshor grid,
5,offshor grid,5: offshor grid,
5,offshor grid,5: offshor grid,
5,offshor grid,5: offshor grid,
5,offshor grid,5: offshor grid,
5,offshor grid,5: offshor grid,
5,offshor grid,5: offshor grid,
5,offshor grid,5: offshor grid,
5,offshor grid,5: offshor grid,
5,offshor grid,5: offshor grid,
5,offshor grid,5: offshor grid,
5,offshor grid,5: offshor grid,
5,offshor grid,5: offshor grid,
5,offshor grid,5: offshor grid,
5,offshor grid,5: offshor grid,
5,offshor grid,5: offshor grid,
5,offshor grid,5: offshor grid,
5,offshor grid,5: offshor grid,
5,offshor grid,5: offshor grid,
5,offshor grid,5: offshor grid,
5,offshor grid,5: offshor grid,
5,offshor grid,5: offshor grid,
5,offshor grid,5: offshor grid,
5,offshor grid,5: offshor grid,
5,offshor grid,5: offshor grid,
5,offshor grid,5: offshor grid,
5,offshor grid,5: offshor grid,
5,offshor grid,5: offshor grid,
5,offshor grid,5: offshor grid,
5,offshor grid,5: offshor grid,
5,offshor grid,5: offshor grid,
5,offshor grid,5: offshor grid,
5,offshor grid,5: offshor grid,
5,offshor grid,5: offshor grid,
5,offshor grid,5: offshor grid,
5,offshor grid,5: offshor grid,
5,offshor grid,5: offshor grid,
5,offshor grid,5: offshor grid,
5,offshor grid,5: offshor grid,
5,offshor grid,5: offshor grid,
5,offshor grid,5: offshor grid,
5,offshor grid,5: offshor grid,
5,offshor grid,5: offshor grid,
5,offshor grid,5: offshor grid,
5,offshor grid,5: offshor grid,
5,offshor grid,5: offshor grid,
5,offshor grid,5: offshor grid,
5,offshor grid,5: offshor grid,
5,offshor grid,5: offshor grid,
5,offshor grid,5: offshor grid,
5,offshor grid,5: offshor grid,
5,offshor grid,5: offshor grid,
5,offshor grid,5: offshor grid,
5,offshor grid,5: offshor grid,
5,offshor grid,5: offshor grid,
5,offshor grid,5: offshor grid,
5,offshor grid,5: offshor grid,
5,offshor grid,5: offshor grid,
5,offshor grid,5: offshor grid,
5,offshor grid,5: offshor grid,
5,offshor grid,5: offshor grid,
5,offshor grid,5: offshor grid,
5,offshor grid,5: offshor grid,
5,offshor grid,5: offshor grid,
5,offshor grid,5: offshor grid,
5,offshor grid,5: offshor grid,
5,offshor grid,5: offshor grid,
5,offshor grid,5: offshor grid,
5,offshor grid,5: offshor grid,
5,offshor grid,5: offshor grid,
5,offshor grid,5: offshor grid,
5,offshor grid,5: offshor grid,
5,offshor grid,5: offshor grid,
5,offshor grid,5: offshor grid,
5,offshor grid,5: offshor grid,
5,offshor grid,5: offshor grid,
5,offshor grid,5: offshor grid,
5,offshor grid,5: offshor grid,
5,offshor grid,5: offshor grid,
5,offshor grid,5: offshor grid,
5,offshor grid,5: offshor grid,
5,offshor grid,5: offshor grid,
7,renew energi,7: renew energi,
7,renew energi,7: renew energi,
7,renew energi,7: renew energi,
7,renew energi,7: renew energi,
7,renew energi,7: renew energi,
7,renew energi,7: renew energi,
7,renew energi,7: renew energi,
7,renew energi,7: renew energi,
7,renew energi,7: renew energi,
7,renew energi,7: renew energi,
7,renew energi,7: renew energi,
7,renew energi,7: renew energi,
7,renew energi,7: renew energi,
7,renew energi,7: renew energi,
7,renew energi,7: renew energi,
7,renew energi,7: renew energi,
7,renew energi,7: renew energi,
7,renew energi,7: renew energi,
7,renew energi,7: renew energi,
7,renew energi,7: renew energi,
7,renew energi,7: renew energi,
7,renew energi,7: renew energi,
7,renew energi,7: renew energi,
7,renew energi,7: renew energi,
7,renew energi,7: renew energi,
7,renew energi,7: renew energi,
7,renew energi,7: renew energi,
7,renew energi,7: renew energi,
7,renew energi,7: renew energi,
7,renew energi,7: renew energi,
7,renew energi,7: renew energi,
7,renew energi,7: renew energi,
7,renew energi,7: renew energi,
7,renew energi,7: renew energi,
7,renew energi,7: renew energi,
7,renew energi,7: renew energi,
7,renew energi,7: renew energi,
7,renew energi,7: renew energi,
7,renew energi,7: renew energi,
7,renew energi,7: renew energi,
7,renew energi,7: renew energi,
7,renew energi,7: renew energi,
7,renew energi,7: renew energi,
7,renew energi,7: renew energi,
7,renew energi,7: renew energi,
7,renew energi,7: renew energi,
7,renew energi,7: renew energi,
7,renew energi,7: renew energi,
7,renew energi,7: renew energi,
7,renew energi,7: renew energi,
7,renew energi,7: renew energi,
7,renew energi,7: renew energi,
7,renew energi,7: renew energi,
7,renew energi,7: renew energi,
7,renew energi,7: renew energi,
7,renew energi,7: renew energi,
7,renew energi,7: renew energi,
7,renew energi,7: renew energi,
7,renew energi,7: renew energi,
7,renew energi,7: renew energi,
7,renew energi,7: renew energi,
7,renew energi,7: renew energi,
7,renew energi,7: renew energi,
7,renew energi,7: renew energi,
7,renew energi,7: renew energi,
7,renew energi,7: renew energi,
7,renew energi,7: renew energi,
7,renew energi,7: renew energi,
7,renew energi,7: renew energi,
7,renew energi,7: renew energi,
7,renew energi,7: renew energi,
7,renew energi,7: renew energi,
7,renew energi,7: renew energi,
7,renew energi,7: renew energi,
7,renew energi,7: renew energi,
7,renew energi,7: renew energi,
7,renew energi,7: renew energi,
7,renew energi,7: renew energi,
7,renew energi,7: renew energi,
7,renew energi,7: renew energi,
7,renew energi,7: renew energi,
7,renew energi,7: renew energi,
7,renew energi,7: renew energi,
7,renew energi,7: renew energi,
7,renew energi,7: renew energi,
7,renew energi,7: renew energi,
7,renew energi,7: renew energi,
7,renew energi,7: renew energi,
7,renew energi,7: renew energi,
7,renew energi,7: renew energi,
7,renew energi,7: renew energi,
7,renew energi,7: renew energi,
7,renew energi,7: renew energi,
7,renew energi,7: renew energi,
7,renew energi,7: renew energi,
7,renew energi,7: renew energi,
7,renew energi,7: renew energi,
7,renew energi,7: renew energi,
7,renew energi,7: renew energi,
7,renew energi,7: renew energi,
7,renew energi,7: renew energi,
7,renew energi,7: renew energi,
7,renew energi,7: renew energi,
7,renew energi,7: renew energi,
7,renew energi,7: renew energi,
7,renew energi,7: renew energi,
7,renew energi,7: renew energi,
7,renew energi,7: renew energi,
7,renew energi,7: renew energi,
7,renew energi,7: renew energi,
7,renew energi,7: renew energi,
7,renew energi,7: renew energi,
7,renew energi,7: renew energi,
7,renew energi,7: renew energi,
7,renew energi,7: renew energi,
7,renew energi,7: renew energi,
7,renew energi,7: renew energi,
7,renew energi,7: renew energi,
7,renew energi,7: renew energi,
7,renew energi,7: renew energi,
7,renew energi,7: renew energi,
7,renew energi,7: renew energi,
7,renew energi,7: renew energi,
7,renew energi,7: renew energi,
7,renew energi,7: renew energi,
7,renew energi,7: renew energi,
7,renew energi,7: renew energi,
7,renew energi,7: renew energi,
7,renew energi,7: renew energi,
7,renew energi,7: renew energi,
7,renew energi,7: renew energi,
7,renew energi,7: renew energi,
7,renew energi,7: renew energi,
7,renew energi,7: renew energi,
7,renew energi,7: renew energi,
7,renew energi,7: renew energi,
7,renew energi,7: renew energi,
7,renew energi,7: renew energi,
7,renew energi,7: renew energi,
7,renew energi,7: renew energi,
7,renew energi,7: renew energi,
7,renew energi,7: renew energi,
7,renew energi,7: renew energi,
7,renew energi,7: renew energi,
7,renew energi,7: renew energi,
7,renew energi,7: renew energi,
9,wind farm,9: wind farm,
9,wind farm,9: wind farm,
9,wind farm,9: wind farm,
9,wind farm,9: wind farm,
9,wind farm,9: wind farm,
9,wind farm,9: wind farm,
9,wind farm,9: wind farm,
9,wind farm,9: wind farm,
9,wind farm,9: wind farm,
9,wind farm,9: wind farm,
9,wind farm,9: wind farm,
9,wind farm,9: wind farm,
9,wind farm,9: wind farm,
9,wind farm,9: wind farm,
9,wind farm,9: wind farm,
9,wind farm,9: wind farm,
9,wind farm,9: wind farm,
9,wind farm,9: wind farm,
9,wind farm,9: wind farm,
9,wind farm,9: wind farm,
9,wind farm,9: wind farm,
9,wind farm,9: wind farm,
9,wind farm,9: wind farm,
9,wind farm,9: wind farm,
9,wind farm,9: wind farm,
9,wind farm,9: wind farm,
9,wind farm,9: wind farm,
9,wind farm,9: wind farm,
9,wind farm,9: wind farm,
9,wind farm,9: wind farm,
9,wind farm,9: wind farm,
9,wind farm,9: wind farm,
9,wind farm,9: wind farm,
9,wind farm,9: wind farm,
9,wind farm,9: wind farm,
9,wind farm,9: wind farm,
9,wind farm,9: wind farm,
9,wind farm,9: wind farm,
9,wind farm,9: wind farm,
9,wind farm,9: wind farm,
9,wind farm,9: wind farm,
9,wind farm,9: wind farm,
9,wind farm,9: wind farm,
9,wind farm,9: wind farm,
9,wind farm,9: wind farm,
9,wind farm,9: wind farm,
9,wind farm,9: wind farm,
9,wind farm,9: wind farm,
9,wind farm,9: wind farm,
9,wind farm,9: wind farm,
9,wind farm,9: wind farm,
9,wind farm,9: wind farm,
9,wind farm,9: wind farm,
9,wind farm,9: wind farm,
9,wind farm,9: wind farm,
9,wind farm,9: wind farm,
9,wind farm,9: wind farm,
9,wind farm,9: wind farm,
9,wind farm,9: wind farm,
9,wind farm,9: wind farm,
9,wind farm,9: wind farm,
9,wind farm,9: wind farm,
9,wind farm,9: wind farm,
9,wind farm,9: wind farm,
9,wind farm,9: wind farm,
9,wind farm,9: wind farm,
9,wind farm,9: wind farm,
9,wind farm,9: wind farm,
9,wind farm,9: wind farm,
9,wind farm,9: wind farm,
9,wind farm,9: wind farm,
9,wind farm,9: wind farm,
9,wind farm,9: wind farm,
9,wind farm,9: wind farm,
9,wind farm,9: wind farm,
9,wind farm,9: wind farm,
9,wind farm,9: wind farm,
9,wind farm,9: wind farm,
9,wind farm,9: wind farm,
9,wind farm,9: wind farm,
9,wind farm,9: wind farm,
9,wind farm,9: wind farm,
9,wind farm,9: wind farm,
9,wind farm,9: wind farm,
9,wind farm,9: wind farm,
9,wind farm,9: wind farm,
9,wind farm,9: wind farm,
9,wind farm,9: wind farm,
9,wind farm,9: wind farm,
9,wind farm,9: wind farm,
9,wind farm,9: wind farm,
9,wind farm,9: wind farm,
9,wind farm,9: wind farm,
9,wind farm,9: wind farm,
9,wind farm,9: wind farm,
9,wind farm,9: wind farm,
9,wind farm,9: wind farm,
9,wind farm,9: wind farm,
9,wind farm,9: wind farm,
9,wind farm,9: wind farm,
9,wind farm,9: wind farm,
9,wind farm,9: wind farm,
9,wind farm,9: wind farm,
9,wind farm,9: wind farm,
9,wind farm,9: wind farm,
9,wind farm,9: wind farm,
9,wind farm,9: wind farm,
9,wind farm,9: wind farm,
9,wind farm,9: wind farm,
9,wind farm,9: wind farm,
9,wind farm,9: wind farm,
9,wind farm,9: wind farm,
9,wind farm,9: wind farm,
9,wind farm,9: wind farm,
9,wind farm,9: wind farm,
9,wind farm,9: wind farm,
9,wind farm,9: wind farm,
9,wind farm,9: wind farm,
9,wind farm,9: wind farm,
9,wind farm,9: wind farm,
9,wind farm,9: wind farm,
9,wind farm,9: wind farm,
9,wind farm,9: wind farm,
9,wind farm,9: wind farm,
9,wind farm,9: wind farm,
9,wind farm,9: wind farm,
9,wind farm,9: wind farm,
9,wind farm,9: wind farm,
9,wind farm,9: wind farm,
9,wind farm,9: wind farm,
9,wind farm,9: wind farm,
9,wind farm,9: wind farm,
9,wind farm,9: wind farm,
9,wind farm,9: wind farm,
9,wind farm,9: wind farm,
9,wind farm,9: wind farm,
9,wind farm,9: wind farm,
9,wind farm,9: wind farm,
9,wind farm,9: wind farm,
9,wind farm,9: wind farm,
9,wind farm,9: wind farm,
9,wind farm,9: wind farm,
9,wind farm,9: wind farm,
9,wind farm,9: wind farm,
9,wind farm,9: wind farm,
9,wind farm,9: wind farm,
9,wind farm,9: wind farm,
9,wind farm,9: wind farm,
9,wind farm,9: wind farm,
9,wind farm,9: wind farm,
9,wind farm,9: wind farm,
9,wind farm,9: wind farm,
9,wind farm,9: wind farm,
9,wind farm,9: wind farm,
9,wind farm,9: wind farm,
9,wind farm,9: wind farm,
9,wind farm,9: wind farm,
9,wind farm,9: wind farm,
9,wind farm,9: wind farm,
9,wind farm,9: wind farm,
9,wind farm,9: wind farm,
9,wind farm,9: wind farm,
9,wind farm,9: wind farm,
9,wind farm,9: wind farm,
9,wind farm,9: wind farm,
9,wind farm,9: wind farm,
9,wind farm,9: wind farm,
9,wind farm,9: wind farm,
9,wind farm,9: wind farm,
9,wind farm,9: wind farm,
9,wind farm,9: wind farm,
9,wind farm,9: wind farm,
9,wind farm,9: wind farm,
9,wind farm,9: wind farm,
9,wind farm,9: wind farm,
9,wind farm,9: wind farm,
9,wind farm,9: wind farm,
9,wind farm,9: wind farm,
9,wind farm,9: wind farm,
9,wind farm,9: wind farm,
9,wind farm,9: wind farm,
9,wind farm,9: wind farm,
9,wind farm,9: wind farm,
9,wind farm,9: wind farm,
9,wind farm,9: wind farm,
9,wind farm,9: wind farm,
9,wind farm,9: wind farm,
9,wind farm,9: wind farm,
9,wind farm,9: wind farm,
9,wind farm,9: wind farm,
9,wind farm,9: wind farm,
9,wind farm,9: wind farm,
9,wind farm,9: wind farm,
9,wind farm,9: wind farm,
9,wind farm,9: wind farm,
9,wind farm,9: wind farm,
9,wind farm,9: wind farm,
9,wind farm,9: wind farm,
9,wind farm,9: wind farm,
9,wind farm,9: wind farm,
9,wind farm,9: wind farm,
9,wind farm,9: wind farm,
9,wind farm,9: wind farm,
9,wind farm,9: wind farm,
9,wind farm,9: wind farm,
9,wind farm,9: wind farm,
9,wind farm,9: wind farm,
9,wind farm,9: wind farm,
9,wind farm,9: wind farm,
9,wind farm,9: wind farm,
9,wind farm,9: wind farm,
9,wind farm,9: wind farm,
9,wind farm,9: wind farm,
9,wind farm,9: wind farm,
9,wind farm,9: wind farm,
9,wind farm,9: wind farm,
9,wind farm,9: wind farm,
9,wind farm,9: wind farm,
9,wind farm,9: wind farm,
9,wind farm,9: wind farm,
9,wind farm,9: wind farm,
9,wind farm,9: wind farm,
9,wind farm,9: wind farm,
9,wind farm,9: wind farm,
9,wind farm,9: wind farm,
9,wind farm,9: wind farm,
9,wind farm,9: wind farm,
9,wind farm,9: wind farm,
9,wind farm,9: wind farm,
9,wind farm,9: wind farm,
9,wind farm,9: wind farm,
9,wind farm,9: wind farm,
9,wind farm,9: wind farm,
9,wind farm,9: wind farm,
9,wind farm,9: wind farm,
9,wind farm,9: wind farm,
9,wind farm,9: wind farm,
9,wind farm,9: wind farm,
9,wind farm,9: wind farm,
9,wind farm,9: wind farm,
9,wind farm,9: wind farm,
9,wind farm,9: wind farm,
9,wind farm,9: wind farm,
9,wind farm,9: wind farm,
9,wind farm,9: wind farm,
9,wind farm,9: wind farm,
9,wind farm,9: wind farm,
9,wind farm,9: wind farm,
9,wind farm,9: wind farm,
9,wind farm,9: wind farm,
9,wind farm,9: wind farm,
9,wind farm,9: wind farm,
9,wind farm,9: wind farm,
9,wind farm,9: wind farm,
9,wind farm,9: wind farm,
9,wind farm,9: wind farm,
9,wind farm,9: wind farm,
9,wind farm,9: wind farm,
9,wind farm,9: wind farm,
9,wind farm,9: wind farm,
9,wind farm,9: wind farm,
9,wind farm,9: wind farm,
9,wind farm,9: wind farm,
9,wind farm,9: wind farm,
9,wind farm,9: wind farm,
9,wind farm,9: wind farm,
9,wind farm,9: wind farm,
9,wind farm,9: wind farm,
9,wind farm,9: wind farm,
9,wind farm,9: wind farm,
9,wind farm,9: wind farm,
9,wind farm,9: wind farm,
9,wind farm,9: wind farm,
9,wind farm,9: wind farm,
9,wind farm,9: wind farm,
9,wind farm,9: wind farm,
9,wind farm,9: wind farm,
9,wind farm,9: wind farm,
9,wind farm,9: wind farm,
9,wind farm,9: wind farm,
9,wind farm,9: wind farm,
9,wind farm,9: wind farm,
9,wind farm,9: wind farm,
9,wind farm,9: wind farm,
9,wind farm,9: wind farm,
9,wind farm,9: wind farm,
9,wind farm,9: wind farm,
9,wind farm,9: wind farm,
9,wind farm,9: wind farm,
9,wind farm,9: wind farm,
9,wind farm,9: wind farm,
9,wind farm,9: wind farm,
9,wind farm,9: wind farm,
9,wind farm,9: wind farm,
9,wind farm,9: wind farm,
9,wind farm,9: wind farm,
9,wind farm,9: wind farm,
9,wind farm,9: wind farm,
9,wind farm,9: wind farm,
9,wind farm,9: wind farm,
9,wind farm,9: wind farm,
9,wind farm,9: wind farm,
9,wind farm,9: wind farm,
9,wind farm,9: wind farm,
9,wind farm,9: wind farm,
9,wind farm,9: wind farm,
9,wind farm,9: wind farm,
9,wind farm,9: wind farm,
9,wind farm,9: wind farm,
9,wind farm,9: wind farm,
9,wind farm,9: wind farm,
9,wind farm,9: wind farm,
9,wind farm,9: wind farm,
9,wind farm,9: wind farm,
9,wind farm,9: wind farm,
9,wind farm,9: wind farm,
9,wind farm,9: wind farm,
9,wind farm,9: wind farm,
9,wind farm,9: wind farm,
9,wind farm,9: wind farm,
9,wind farm,9: wind farm,
9,wind farm,9: wind farm,
9,wind farm,9: wind farm,
9,wind farm,9: wind farm,
9,wind farm,9: wind farm,
9,wind farm,9: wind farm,
9,wind farm,9: wind farm,
9,wind farm,9: wind farm,
9,wind farm,9: wind farm,
9,wind farm,9: wind farm,
9,wind farm,9: wind farm,
9,wind farm,9: wind farm,
9,wind farm,9: wind farm,
9,wind farm,9: wind farm,
9,wind farm,9: wind farm,
9,wind farm,9: wind farm,
9,wind farm,9: wind farm,
9,wind farm,9: wind farm,
9,wind farm,9: wind farm,
9,wind farm,9: wind farm,
9,wind farm,9: wind farm,
9,wind farm,9: wind farm,
9,wind farm,9: wind farm,
9,wind farm,9: wind farm,
9,wind farm,9: wind farm,
9,wind farm,9: wind farm,
9,wind farm,9: wind farm,
9,wind farm,9: wind farm,
9,wind farm,9: wind farm,
9,wind farm,9: wind farm,
9,wind farm,9: wind farm,
9,wind farm,9: wind farm,
9,wind farm,9: wind farm,
9,wind farm,9: wind farm,
9,wind farm,9: wind farm,
9,wind farm,9: wind farm,
9,wind farm,9: wind farm,
9,wind farm,9: wind farm,
9,wind farm,9: wind farm,
9,wind farm,9: wind farm,
9,wind farm,9: wind farm,
9,wind farm,9: wind farm,
9,wind farm,9: wind farm,
9,wind farm,9: wind farm,
9,wind farm,9: wind farm,
9,wind farm,9: wind farm,
9,wind farm,9: wind farm,
9,wind farm,9: wind farm,
9,wind farm,9: wind farm,
9,wind farm,9: wind farm,
9,wind farm,9: wind farm,
9,wind farm,9: wind farm,
9,wind farm,9: wind farm,
9,wind farm,9: wind farm,
9,wind farm,9: wind farm,
9,wind farm,9: wind farm,
9,wind farm,9: wind farm,
9,wind farm,9: wind farm,
9,wind farm,9: wind farm,
9,wind farm,9: wind farm,
9,wind farm,9: wind farm,
9,wind farm,9: wind farm,
9,wind farm,9: wind farm,
9,wind farm,9: wind farm,
9,wind farm,9: wind farm,
9,wind farm,9: wind farm,
9,wind farm,9: wind farm,
9,wind farm,9: wind farm,
9,wind farm,9: wind farm,
9,wind farm,9: wind farm,
9,wind farm,9: wind farm,
9,wind farm,9: wind farm,
9,wind farm,9: wind farm,
9,wind farm,9: wind farm,
9,wind farm,9: wind farm,
9,wind farm,9: wind farm,
9,wind farm,9: wind farm,
9,wind farm,9: wind farm,
9,wind farm,9: wind farm,
9,wind farm,9: wind farm,
9,wind farm,9: wind farm,
9,wind farm,9: wind farm,
9,wind farm,9: wind farm,
9,wind farm,9: wind farm,
9,wind farm,9: wind farm,
9,wind farm,9: wind farm,
9,wind farm,9: wind farm,
9,wind farm,9: wind farm,
9,wind farm,9: wind farm,
9,wind farm,9: wind farm,
9,wind farm,9: wind farm,
9,wind farm,9: wind farm,
9,wind farm,9: wind farm,
9,wind farm,9: wind farm,
9,wind farm,9: wind farm,
9,wind farm,9: wind farm,
9,wind farm,9: wind farm,
9,wind farm,9: wind farm,
9,wind farm,9: wind farm,
9,wind farm,9: wind farm,
9,wind farm,9: wind farm,
9,wind farm,9: wind farm,
9,wind farm,9: wind farm,
9,wind farm,9: wind farm,
9,wind farm,9: wind farm,
9,wind farm,9: wind farm,
9,wind farm,9: wind farm,
9,wind farm,9: wind farm,
9,wind farm,9: wind farm,
9,wind farm,9: wind farm,
9,wind farm,9: wind farm,
9,wind farm,9: wind farm,
9,wind farm,9: wind farm,
9,wind farm,9: wind farm,
9,wind farm,9: wind farm,
9,wind farm,9: wind farm,
9,wind farm,9: wind farm,
9,wind farm,9: wind farm,
9,wind farm,9: wind farm,
9,wind farm,9: wind farm,
9,wind farm,9: wind farm,
9,wind farm,9: wind farm,
9,wind farm,9: wind farm,
9,wind farm,9: wind farm,
9,wind farm,9: wind farm,
9,wind farm,9: wind farm,
9,wind farm,9: wind farm,
9,wind farm,9: wind farm,
9,wind farm,9: wind farm,
9,wind farm,9: wind farm,
9,wind farm,9: wind farm,
9,wind farm,9: wind farm,
9,wind farm,9: wind farm,
9,wind farm,9: wind farm,
9,wind farm,9: wind farm,
9,wind farm,9: wind farm,
9,wind farm,9: wind farm,
9,wind farm,9: wind farm,
9,wind farm,9: wind farm,
9,wind farm,9: wind farm,
9,wind farm,9: wind farm,
9,wind farm,9: wind farm,
9,wind farm,9: wind farm,
9,wind farm,9: wind farm,
9,wind farm,9: wind farm,
9,wind farm,9: wind farm,
9,wind farm,9: wind farm,
9,wind farm,9: wind farm,
9,wind farm,9: wind farm,
9,wind farm,9: wind farm,
9,wind farm,9: wind farm,
9,wind farm,9: wind farm,
9,wind farm,9: wind farm,
9,wind farm,9: wind farm,
9,wind farm,9: wind farm,
9,wind farm,9: wind farm,
9,wind farm,9: wind farm,
9,wind farm,9: wind farm,
9,wind farm,9: wind farm,
9,wind farm,9: wind farm,
9,wind farm,9: wind farm,
9,wind farm,9: wind farm,
9,wind farm,9: wind farm,
7,renew energi,7: renew energi,
7,renew energi,7: renew energi,
7,renew energi,7: renew energi,
7,renew energi,7: renew energi,
7,renew energi,7: renew energi,
7,renew energi,7: renew energi,
7,renew energi,7: renew energi,
7,renew energi,7: renew energi,
7,renew energi,7: renew energi,
7,renew energi,7: renew energi,
7,renew energi,7: renew energi,
7,renew energi,7: renew energi,
7,renew energi,7: renew energi,
7,renew energi,7: renew energi,
7,renew energi,7: renew energi,
7,renew energi,7: renew energi,
7,renew energi,7: renew energi,
7,renew energi,7: renew energi,
7,renew energi,7: renew energi,
7,renew energi,7: renew energi,
7,renew energi,7: renew energi,
7,renew energi,7: renew energi,
7,renew energi,7: renew energi,
7,renew energi,7: renew energi,
7,renew energi,7: renew energi,
7,renew energi,7: renew energi,
7,renew energi,7: renew energi,
7,renew energi,7: renew energi,
7,renew energi,7: renew energi,
7,renew energi,7: renew energi,
7,renew energi,7: renew energi,
7,renew energi,7: renew energi,
7,renew energi,7: renew energi,
7,renew energi,7: renew energi,
7,renew energi,7: renew energi,
7,renew energi,7: renew energi,
7,renew energi,7: renew energi,
7,renew energi,7: renew energi,
7,renew energi,7: renew energi,
7,renew energi,7: renew energi,
7,renew energi,7: renew energi,
7,renew energi,7: renew energi,
7,renew energi,7: renew energi,
7,renew energi,7: renew energi,
7,renew energi,7: renew energi,
7,renew energi,7: renew energi,
7,renew energi,7: renew energi,
7,renew energi,7: renew energi,
7,renew energi,7: renew energi,
7,renew energi,7: renew energi,
7,renew energi,7: renew energi,
7,renew energi,7: renew energi,
7,renew energi,7: renew energi,
7,renew energi,7: renew energi,
7,renew energi,7: renew energi,
7,renew energi,7: renew energi,
7,renew energi,7: renew energi,
7,renew energi,7: renew energi,
7,renew energi,7: renew energi,
7,renew energi,7: renew energi,
7,renew energi,7: renew energi,
7,renew energi,7: renew energi,
7,renew energi,7: renew energi,
7,renew energi,7: renew energi,
7,renew energi,7: renew energi,
7,renew energi,7: renew energi,
7,renew energi,7: renew energi,
7,renew energi,7: renew energi,
7,renew energi,7: renew energi,
7,renew energi,7: renew energi,
7,renew energi,7: renew energi,
7,renew energi,7: renew energi,
7,renew energi,7: renew energi,
7,renew energi,7: renew energi,
7,renew energi,7: renew energi,
7,renew energi,7: renew energi,
7,renew energi,7: renew energi,
7,renew energi,7: renew energi,
7,renew energi,7: renew energi,
7,renew energi,7: renew energi,
7,renew energi,7: renew energi,
7,renew energi,7: renew energi,
7,renew energi,7: renew energi,
7,renew energi,7: renew energi,
7,renew energi,7: renew energi,
7,renew energi,7: renew energi,
7,renew energi,7: renew energi,
7,renew energi,7: renew energi,
7,renew energi,7: renew energi,
7,renew energi,7: renew energi,
7,renew energi,7: renew energi,
7,renew energi,7: renew energi,
7,renew energi,7: renew energi,
7,renew energi,7: renew energi,
7,renew energi,7: renew energi,
7,renew energi,7: renew energi,
7,renew energi,7: renew energi,
7,renew energi,7: renew energi,
7,renew energi,7: renew energi,
7,renew energi,7: renew energi,
7,renew energi,7: renew energi,
7,renew energi,7: renew energi,
7,renew energi,7: renew energi,
7,renew energi,7: renew energi,
7,renew energi,7: renew energi,
7,renew energi,7: renew energi,
7,renew energi,7: renew energi,
7,renew energi,7: renew energi,
7,renew energi,7: renew energi,
7,renew energi,7: renew energi,
7,renew energi,7: renew energi,
7,renew energi,7: renew energi,
7,renew energi,7: renew energi,
7,renew energi,7: renew energi,
7,renew energi,7: renew energi,
7,renew energi,7: renew energi,
7,renew energi,7: renew energi,
7,renew energi,7: renew energi,
7,renew energi,7: renew energi,
7,renew energi,7: renew energi,
7,renew energi,7: renew energi,
7,renew energi,7: renew energi,
7,renew energi,7: renew energi,
7,renew energi,7: renew energi,
7,renew energi,7: renew energi,
7,renew energi,7: renew energi,
7,renew energi,7: renew energi,
7,renew energi,7: renew energi,
7,renew energi,7: renew energi,
7,renew energi,7: renew energi,
7,renew energi,7: renew energi,
7,renew energi,7: renew energi,
7,renew energi,7: renew energi,
7,renew energi,7: renew energi,
7,renew energi,7: renew energi,
7,renew energi,7: renew energi,
7,renew energi,7: renew energi,
7,renew energi,7: renew energi,
7,renew energi,7: renew energi,
7,renew energi,7: renew energi,
7,renew energi,7: renew energi,
7,renew energi,7: renew energi,
7,renew energi,7: renew energi,
7,renew energi,7: renew energi,
7,renew energi,7: renew energi,
7,renew energi,7: renew energi,
5,offshor grid,5: offshor grid,
5,offshor grid,5: offshor grid,
5,offshor grid,5: offshor grid,
5,offshor grid,5: offshor grid,
5,offshor grid,5: offshor grid,
5,offshor grid,5: offshor grid,
5,offshor grid,5: offshor grid,
5,offshor grid,5: offshor grid,
5,offshor grid,5: offshor grid,
5,offshor grid,5: offshor grid,
5,offshor grid,5: offshor grid,
5,offshor grid,5: offshor grid,
5,offshor grid,5: offshor grid,
5,offshor grid,5: offshor grid,
5,offshor grid,5: offshor grid,
5,offshor grid,5: offshor grid,
5,offshor grid,5: offshor grid,
5,offshor grid,5: offshor grid,
5,offshor grid,5: offshor grid,
5,offshor grid,5: offshor grid,
5,offshor grid,5: offshor grid,
5,offshor grid,5: offshor grid,
5,offshor grid,5: offshor grid,
5,offshor grid,5: offshor grid,
5,offshor grid,5: offshor grid,
5,offshor grid,5: offshor grid,
5,offshor grid,5: offshor grid,
5,offshor grid,5: offshor grid,
5,offshor grid,5: offshor grid,
5,offshor grid,5: offshor grid,
5,offshor grid,5: offshor grid,
5,offshor grid,5: offshor grid,
5,offshor grid,5: offshor grid,
5,offshor grid,5: offshor grid,
5,offshor grid,5: offshor grid,
5,offshor grid,5: offshor grid,
5,offshor grid,5: offshor grid,
5,offshor grid,5: offshor grid,
5,offshor grid,5: offshor grid,
5,offshor grid,5: offshor grid,
5,offshor grid,5: offshor grid,
5,offshor grid,5: offshor grid,
5,offshor grid,5: offshor grid,
5,offshor grid,5: offshor grid,
5,offshor grid,5: offshor grid,
5,offshor grid,5: offshor grid,
5,offshor grid,5: offshor grid,
5,offshor grid,5: offshor grid,
5,offshor grid,5: offshor grid,
5,offshor grid,5: offshor grid,
5,offshor grid,5: offshor grid,
5,offshor grid,5: offshor grid,
5,offshor grid,5: offshor grid,
5,offshor grid,5: offshor grid,
5,offshor grid,5: offshor grid,
5,offshor grid,5: offshor grid,
5,offshor grid,5: offshor grid,
5,offshor grid,5: offshor grid,
5,offshor grid,5: offshor grid,
5,offshor grid,5: offshor grid,
5,offshor grid,5: offshor grid,
5,offshor grid,5: offshor grid,
5,offshor grid,5: offshor grid,
5,offshor grid,5: offshor grid,
5,offshor grid,5: offshor grid,
5,offshor grid,5: offshor grid,
5,offshor grid,5: offshor grid,
5,offshor grid,5: offshor grid,
5,offshor grid,5: offshor grid,
5,offshor grid,5: offshor grid,
5,offshor grid,5: offshor grid,
5,offshor grid,5: offshor grid,
5,offshor grid,5: offshor grid,
5,offshor grid,5: offshor grid,
5,offshor grid,5: offshor grid,
5,offshor grid,5: offshor grid,
5,offshor grid,5: offshor grid,
5,offshor grid,5: offshor grid,
5,offshor grid,5: offshor grid,
5,offshor grid,5: offshor grid,
5,offshor grid,5: offshor grid,
5,offshor grid,5: offshor grid,
5,offshor grid,5: offshor grid,
5,offshor grid,5: offshor grid,
5,offshor grid,5: offshor grid,
5,offshor grid,5: offshor grid,
5,offshor grid,5: offshor grid,
5,offshor grid,5: offshor grid,
5,offshor grid,5: offshor grid,
5,offshor grid,5: offshor grid,
5,offshor grid,5: offshor grid,
5,offshor grid,5: offshor grid,
5,offshor grid,5: offshor grid,
5,offshor grid,5: offshor grid,
5,offshor grid,5: offshor grid,
5,offshor grid,5: offshor grid,
5,offshor grid,5: offshor grid,
5,offshor grid,5: offshor grid,
5,offshor grid,5: offshor grid,
5,offshor grid,5: offshor grid,
5,offshor grid,5: offshor grid,
5,offshor grid,5: offshor grid,
5,offshor grid,5: offshor grid,
5,offshor grid,5: offshor grid,
5,offshor grid,5: offshor grid,
5,offshor grid,5: offshor grid,
5,offshor grid,5: offshor grid,
5,offshor grid,5: offshor grid,
5,offshor grid,5: offshor grid,
5,offshor grid,5: offshor grid,
5,offshor grid,5: offshor grid,
5,offshor grid,5: offshor grid,
5,offshor grid,5: offshor grid,
5,offshor grid,5: offshor grid,
5,offshor grid,5: offshor grid,
5,offshor grid,5: offshor grid,
5,offshor grid,5: offshor grid,
5,offshor grid,5: offshor grid,
5,offshor grid,5: offshor grid,
5,offshor grid,5: offshor grid,
5,offshor grid,5: offshor grid,
5,offshor grid,5: offshor grid,
5,offshor grid,5: offshor grid,
5,offshor grid,5: offshor grid,
5,offshor grid,5: offshor grid,
5,offshor grid,5: offshor grid,
5,offshor grid,5: offshor grid,
5,offshor grid,5: offshor grid,
5,offshor grid,5: offshor grid,
5,offshor grid,5: offshor grid,
5,offshor grid,5: offshor grid,
5,offshor grid,5: offshor grid,
5,offshor grid,5: offshor grid,
5,offshor grid,5: offshor grid,
5,offshor grid,5: offshor grid,
5,offshor grid,5: offshor grid,
5,offshor grid,5: offshor grid,
5,offshor grid,5: offshor grid,
5,offshor grid,5: offshor grid,
5,offshor grid,5: offshor grid,
5,offshor grid,5: offshor grid,
5,offshor grid,5: offshor grid,
5,offshor grid,5: offshor grid,
5,offshor grid,5: offshor grid,
5,offshor grid,5: offshor grid,
5,offshor grid,5: offshor grid,
5,offshor grid,5: offshor grid,
5,offshor grid,5: offshor grid,
5,offshor grid,5: offshor grid,
5,offshor grid,5: offshor grid,
5,offshor grid,5: offshor grid,
5,offshor grid,5: offshor grid,
5,offshor grid,5: offshor grid,
5,offshor grid,5: offshor grid,
5,offshor grid,5: offshor grid,
5,offshor grid,5: offshor grid,
5,offshor grid,5: offshor grid,
5,offshor grid,5: offshor grid,
5,offshor grid,5: offshor grid,
5,offshor grid,5: offshor grid,
5,offshor grid,5: offshor grid,
5,offshor grid,5: offshor grid,
5,offshor grid,5: offshor grid,
5,offshor grid,5: offshor grid,
5,offshor grid,5: offshor grid,
5,offshor grid,5: offshor grid,
5,offshor grid,5: offshor grid,
5,offshor grid,5: offshor grid,
5,offshor grid,5: offshor grid,
5,offshor grid,5: offshor grid,
5,offshor grid,5: offshor grid,
5,offshor grid,5: offshor grid,
5,offshor grid,5: offshor grid,
5,offshor grid,5: offshor grid,
5,offshor grid,5: offshor grid,
5,offshor grid,5: offshor grid,
5,offshor grid,5: offshor grid,
5,offshor grid,5: offshor grid,
5,offshor grid,5: offshor grid,
5,offshor grid,5: offshor grid,
5,offshor grid,5: offshor grid,
5,offshor grid,5: offshor grid,
5,offshor grid,5: offshor grid,
5,offshor grid,5: offshor grid,
5,offshor grid,5: offshor grid,
5,offshor grid,5: offshor grid,
5,offshor grid,5: offshor grid,
5,offshor grid,5: offshor grid,
5,offshor grid,5: offshor grid,
5,offshor grid,5: offshor grid,
5,offshor grid,5: offshor grid,
5,offshor grid,5: offshor grid,
5,offshor grid,5: offshor grid,
5,offshor grid,5: offshor grid,
5,offshor grid,5: offshor grid,
5,offshor grid,5: offshor grid,
5,offshor grid,5: offshor grid,
5,offshor grid,5: offshor grid,
5,offshor grid,5: offshor grid,
5,offshor grid,5: offshor grid,
5,offshor grid,5: offshor grid,
5,offshor grid,5: offshor grid,
5,offshor grid,5: offshor grid,
5,offshor grid,5: offshor grid,
5,offshor grid,5: offshor grid,
5,offshor grid,5: offshor grid,
5,offshor grid,5: offshor grid,
5,offshor grid,5: offshor grid,
5,offshor grid,5: offshor grid,
5,offshor grid,5: offshor grid,
5,offshor grid,5: offshor grid,
5,offshor grid,5: offshor grid,
5,offshor grid,5: offshor grid,
5,offshor grid,5: offshor grid,
5,offshor grid,5: offshor grid,
5,offshor grid,5: offshor grid,
5,offshor grid,5: offshor grid,
5,offshor grid,5: offshor grid,
5,offshor grid,5: offshor grid,
5,offshor grid,5: offshor grid,
5,offshor grid,5: offshor grid,
5,offshor grid,5: offshor grid,
5,offshor grid,5: offshor grid,
5,offshor grid,5: offshor grid,
5,offshor grid,5: offshor grid,
5,offshor grid,5: offshor grid,
5,offshor grid,5: offshor grid,
5,offshor grid,5: offshor grid,
5,offshor grid,5: offshor grid,
5,offshor grid,5: offshor grid,
5,offshor grid,5: offshor grid,
5,offshor grid,5: offshor grid,
5,offshor grid,5: offshor grid,
5,offshor grid,5: offshor grid,
5,offshor grid,5: offshor grid,
5,offshor grid,5: offshor grid,
5,offshor grid,5: offshor grid,
5,offshor grid,5: offshor grid,
5,offshor grid,5: offshor grid,
5,offshor grid,5: offshor grid,
5,offshor grid,5: offshor grid,
5,offshor grid,5: offshor grid,
5,offshor grid,5: offshor grid,
5,offshor grid,5: offshor grid,
5,offshor grid,5: offshor grid,
5,offshor grid,5: offshor grid,
5,offshor grid,5: offshor grid,
5,offshor grid,5: offshor grid,
5,offshor grid,5: offshor grid,
5,offshor grid,5: offshor grid,
5,offshor grid,5: offshor grid,
5,offshor grid,5: offshor grid,
5,offshor grid,5: offshor grid,
5,offshor grid,5: offshor grid,
5,offshor grid,5: offshor grid,
5,offshor grid,5: offshor grid,
5,offshor grid,5: offshor grid,
5,offshor grid,5: offshor grid,
5,offshor grid,5: offshor grid,
5,offshor grid,5: offshor grid,
5,offshor grid,5: offshor grid,
5,offshor grid,5: offshor grid,
5,offshor grid,5: offshor grid,
5,offshor grid,5: offshor grid,
5,offshor grid,5: offshor grid,
5,offshor grid,5: offshor grid,
5,offshor grid,5: offshor grid,
5,offshor grid,5: offshor grid,
5,offshor grid,5: offshor grid,
5,offshor grid,5: offshor grid,
5,offshor grid,5: offshor grid,
5,offshor grid,5: offshor grid,
5,offshor grid,5: offshor grid,
5,offshor grid,5: offshor grid,
5,offshor grid,5: offshor grid,
5,offshor grid,5: offshor grid,
5,offshor grid,5: offshor grid,
5,offshor grid,5: offshor grid,
5,offshor grid,5: offshor grid,
5,offshor grid,5: offshor grid,
5,offshor grid,5: offshor grid,
5,offshor grid,5: offshor grid,
5,offshor grid,5: offshor grid,
5,offshor grid,5: offshor grid,
5,offshor grid,5: offshor grid,
5,offshor grid,5: offshor grid,
5,offshor grid,5: offshor grid,
5,offshor grid,5: offshor grid,
5,offshor grid,5: offshor grid,
5,offshor grid,5: offshor grid,
5,offshor grid,5: offshor grid,
5,offshor grid,5: offshor grid,
5,offshor grid,5: offshor grid,
5,offshor grid,5: offshor grid,
5,offshor grid,5: offshor grid,
5,offshor grid,5: offshor grid,
5,offshor grid,5: offshor grid,
5,offshor grid,5: offshor grid,
5,offshor grid,5: offshor grid,
5,offshor grid,5: offshor grid,
5,offshor grid,5: offshor grid,
5,offshor grid,5: offshor grid,
5,offshor grid,5: offshor grid,
5,offshor grid,5: offshor grid,
5,offshor grid,5: offshor grid,
5,offshor grid,5: offshor grid,
5,offshor grid,5: offshor grid,
5,offshor grid,5: offshor grid,
5,offshor grid,5: offshor grid,
5,offshor grid,5: offshor grid,
5,offshor grid,5: offshor grid,
5,offshor grid,5: offshor grid,
5,offshor grid,5: offshor grid,
5,offshor grid,5: offshor grid,
5,offshor grid,5: offshor grid,
5,offshor grid,5: offshor grid,
5,offshor grid,5: offshor grid,
5,offshor grid,5: offshor grid,
5,offshor grid,5: offshor grid,
5,offshor grid,5: offshor grid,
5,offshor grid,5: offshor grid,
5,offshor grid,5: offshor grid,
5,offshor grid,5: offshor grid,
5,offshor grid,5: offshor grid,
5,offshor grid,5: offshor grid,
5,offshor grid,5: offshor grid,
5,offshor grid,5: offshor grid,
5,offshor grid,5: offshor grid,
5,offshor grid,5: offshor grid,
5,offshor grid,5: offshor grid,
5,offshor grid,5: offshor grid,
5,offshor grid,5: offshor grid,
5,offshor grid,5: offshor grid,
5,offshor grid,5: offshor grid,
5,offshor grid,5: offshor grid,
5,offshor grid,5: offshor grid,
5,offshor grid,5: offshor grid,
5,offshor grid,5: offshor grid,
5,offshor grid,5: offshor grid,
5,offshor grid,5: offshor grid,
5,offshor grid,5: offshor grid,
5,offshor grid,5: offshor grid,
5,offshor grid,5: offshor grid,
5,offshor grid,5: offshor grid,
5,offshor grid,5: offshor grid,
5,offshor grid,5: offshor grid,
5,offshor grid,5: offshor grid,
5,offshor grid,5: offshor grid,
5,offshor grid,5: offshor grid,
5,offshor grid,5: offshor grid,
7,renew energi,7: renew energi,
7,renew energi,7: renew energi,
7,renew energi,7: renew energi,
7,renew energi,7: renew energi,
7,renew energi,7: renew energi,
7,renew energi,7: renew energi,
7,renew energi,7: renew energi,
7,renew energi,7: renew energi,
7,renew energi,7: renew energi,
7,renew energi,7: renew energi,
7,renew energi,7: renew energi,
7,renew energi,7: renew energi,
7,renew energi,7: renew energi,
7,renew energi,7: renew energi,
7,renew energi,7: renew energi,
7,renew energi,7: renew energi,
7,renew energi,7: renew energi,
7,renew energi,7: renew energi,
7,renew energi,7: renew energi,
7,renew energi,7: renew energi,
7,renew energi,7: renew energi,
7,renew energi,7: renew energi,
7,renew energi,7: renew energi,
7,renew energi,7: renew energi,
7,renew energi,7: renew energi,
7,renew energi,7: renew energi,
7,renew energi,7: renew energi,
7,renew energi,7: renew energi,
7,renew energi,7: renew energi,
7,renew energi,7: renew energi,
7,renew energi,7: renew energi,
7,renew energi,7: renew energi,
7,renew energi,7: renew energi,
7,renew energi,7: renew energi,
7,renew energi,7: renew energi,
7,renew energi,7: renew energi,
7,renew energi,7: renew energi,
7,renew energi,7: renew energi,
7,renew energi,7: renew energi,
7,renew energi,7: renew energi,
7,renew energi,7: renew energi,
7,renew energi,7: renew energi,
7,renew energi,7: renew energi,
7,renew energi,7: renew energi,
7,renew energi,7: renew energi,
7,renew energi,7: renew energi,
7,renew energi,7: renew energi,
7,renew energi,7: renew energi,
7,renew energi,7: renew energi,
7,renew energi,7: renew energi,
7,renew energi,7: renew energi,
7,renew energi,7: renew energi,
7,renew energi,7: renew energi,
7,renew energi,7: renew energi,
7,renew energi,7: renew energi,
7,renew energi,7: renew energi,
7,renew energi,7: renew energi,
7,renew energi,7: renew energi,
7,renew energi,7: renew energi,
7,renew energi,7: renew energi,
7,renew energi,7: renew energi,
7,renew energi,7: renew energi,
7,renew energi,7: renew energi,
7,renew energi,7: renew energi,
7,renew energi,7: renew energi,
7,renew energi,7: renew energi,
7,renew energi,7: renew energi,
7,renew energi,7: renew energi,
7,renew energi,7: renew energi,
7,renew energi,7: renew energi,
7,renew energi,7: renew energi,
7,renew energi,7: renew energi,
7,renew energi,7: renew energi,
7,renew energi,7: renew energi,
7,renew energi,7: renew energi,
7,renew energi,7: renew energi,
7,renew energi,7: renew energi,
7,renew energi,7: renew energi,
7,renew energi,7: renew energi,
7,renew energi,7: renew energi,
7,renew energi,7: renew energi,
7,renew energi,7: renew energi,
7,renew energi,7: renew energi,
7,renew energi,7: renew energi,
7,renew energi,7: renew energi,
7,renew energi,7: renew energi,
7,renew energi,7: renew energi,
7,renew energi,7: renew energi,
7,renew energi,7: renew energi,
7,renew energi,7: renew energi,
7,renew energi,7: renew energi,
7,renew energi,7: renew energi,
7,renew energi,7: renew energi,
7,renew energi,7: renew energi,
7,renew energi,7: renew energi,
7,renew energi,7: renew energi,
7,renew energi,7: renew energi,
7,renew energi,7: renew energi,
7,renew energi,7: renew energi,
7,renew energi,7: renew energi,
7,renew energi,7: renew energi,
7,renew energi,7: renew energi,
7,renew energi,7: renew energi,
7,renew energi,7: renew energi,
7,renew energi,7: renew energi,
7,renew energi,7: renew energi,
7,renew energi,7: renew energi,
7,renew energi,7: renew energi,
7,renew energi,7: renew energi,
7,renew energi,7: renew energi,
7,renew energi,7: renew energi,
7,renew energi,7: renew energi,
7,renew energi,7: renew energi,
7,renew energi,7: renew energi,
7,renew energi,7: renew energi,
7,renew energi,7: renew energi,
7,renew energi,7: renew energi,
7,renew energi,7: renew energi,
7,renew energi,7: renew energi,
7,renew energi,7: renew energi,
7,renew energi,7: renew energi,
7,renew energi,7: renew energi,
7,renew energi,7: renew energi,
7,renew energi,7: renew energi,
7,renew energi,7: renew energi,
7,renew energi,7: renew energi,
7,renew energi,7: renew energi,
7,renew energi,7: renew energi,
7,renew energi,7: renew energi,
7,renew energi,7: renew energi,
7,renew energi,7: renew energi,
7,renew energi,7: renew energi,
7,renew energi,7: renew energi,
7,renew energi,7: renew energi,
7,renew energi,7: renew energi,
7,renew energi,7: renew energi,
7,renew energi,7: renew energi,
7,renew energi,7: renew energi,
7,renew energi,7: renew energi,
7,renew energi,7: renew energi,
7,renew energi,7: renew energi,
7,renew energi,7: renew energi,
7,renew energi,7: renew energi,
7,renew energi,7: renew energi,
7,renew energi,7: renew energi,
7,renew energi,7: renew energi,
5,offshor grid,5: offshor grid,
5,offshor grid,5: offshor grid,
5,offshor grid,5: offshor grid,
5,offshor grid,5: offshor grid,
5,offshor grid,5: offshor grid,
5,offshor grid,5: offshor grid,
5,offshor grid,5: offshor grid,
5,offshor grid,5: offshor grid,
5,offshor grid,5: offshor grid,
5,offshor grid,5: offshor grid,
5,offshor grid,5: offshor grid,
5,offshor grid,5: offshor grid,
5,offshor grid,5: offshor grid,
5,offshor grid,5: offshor grid,
5,offshor grid,5: offshor grid,
5,offshor grid,5: offshor grid,
5,offshor grid,5: offshor grid,
5,offshor grid,5: offshor grid,
5,offshor grid,5: offshor grid,
5,offshor grid,5: offshor grid,
5,offshor grid,5: offshor grid,
5,offshor grid,5: offshor grid,
5,offshor grid,5: offshor grid,
5,offshor grid,5: offshor grid,
5,offshor grid,5: offshor grid,
5,offshor grid,5: offshor grid,
5,offshor grid,5: offshor grid,
5,offshor grid,5: offshor grid,
5,offshor grid,5: offshor grid,
5,offshor grid,5: offshor grid,
5,offshor grid,5: offshor grid,
5,offshor grid,5: offshor grid,
5,offshor grid,5: offshor grid,
5,offshor grid,5: offshor grid,
5,offshor grid,5: offshor grid,
5,offshor grid,5: offshor grid,
5,offshor grid,5: offshor grid,
5,offshor grid,5: offshor grid,
5,offshor grid,5: offshor grid,
5,offshor grid,5: offshor grid,
5,offshor grid,5: offshor grid,
5,offshor grid,5: offshor grid,
5,offshor grid,5: offshor grid,
5,offshor grid,5: offshor grid,
5,offshor grid,5: offshor grid,
5,offshor grid,5: offshor grid,
5,offshor grid,5: offshor grid,
5,offshor grid,5: offshor grid,
5,offshor grid,5: offshor grid,
5,offshor grid,5: offshor grid,
5,offshor grid,5: offshor grid,
5,offshor grid,5: offshor grid,
5,offshor grid,5: offshor grid,
5,offshor grid,5: offshor grid,
5,offshor grid,5: offshor grid,
5,offshor grid,5: offshor grid,
5,offshor grid,5: offshor grid,
5,offshor grid,5: offshor grid,
5,offshor grid,5: offshor grid,
5,offshor grid,5: offshor grid,
5,offshor grid,5: offshor grid,
5,offshor grid,5: offshor grid,
5,offshor grid,5: offshor grid,
5,offshor grid,5: offshor grid,
5,offshor grid,5: offshor grid,
5,offshor grid,5: offshor grid,
5,offshor grid,5: offshor grid,
5,offshor grid,5: offshor grid,
5,offshor grid,5: offshor grid,
5,offshor grid,5: offshor grid,
5,offshor grid,5: offshor grid,
5,offshor grid,5: offshor grid,
5,offshor grid,5: offshor grid,
5,offshor grid,5: offshor grid,
5,offshor grid,5: offshor grid,
5,offshor grid,5: offshor grid,
5,offshor grid,5: offshor grid,
5,offshor grid,5: offshor grid,
5,offshor grid,5: offshor grid,
5,offshor grid,5: offshor grid,
5,offshor grid,5: offshor grid,
5,offshor grid,5: offshor grid,
5,offshor grid,5: offshor grid,
5,offshor grid,5: offshor grid,
5,offshor grid,5: offshor grid,
5,offshor grid,5: offshor grid,
5,offshor grid,5: offshor grid,
5,offshor grid,5: offshor grid,
5,offshor grid,5: offshor grid,
5,offshor grid,5: offshor grid,
5,offshor grid,5: offshor grid,
5,offshor grid,5: offshor grid,
5,offshor grid,5: offshor grid,
5,offshor grid,5: offshor grid,
5,offshor grid,5: offshor grid,
5,offshor grid,5: offshor grid,
5,offshor grid,5: offshor grid,
5,offshor grid,5: offshor grid,
5,offshor grid,5: offshor grid,
5,offshor grid,5: offshor grid,
5,offshor grid,5: offshor grid,
5,offshor grid,5: offshor grid,
5,offshor grid,5: offshor grid,
5,offshor grid,5: offshor grid,
5,offshor grid,5: offshor grid,
5,offshor grid,5: offshor grid,
5,offshor grid,5: offshor grid,
5,offshor grid,5: offshor grid,
5,offshor grid,5: offshor grid,
5,offshor grid,5: offshor grid,
5,offshor grid,5: offshor grid,
5,offshor grid,5: offshor grid,
5,offshor grid,5: offshor grid,
5,offshor grid,5: offshor grid,
5,offshor grid,5: offshor grid,
5,offshor grid,5: offshor grid,
5,offshor grid,5: offshor grid,
5,offshor grid,5: offshor grid,
5,offshor grid,5: offshor grid,
5,offshor grid,5: offshor grid,
5,offshor grid,5: offshor grid,
5,offshor grid,5: offshor grid,
5,offshor grid,5: offshor grid,
5,offshor grid,5: offshor grid,
5,offshor grid,5: offshor grid,
5,offshor grid,5: offshor grid,
5,offshor grid,5: offshor grid,
5,offshor grid,5: offshor grid,
5,offshor grid,5: offshor grid,
5,offshor grid,5: offshor grid,
5,offshor grid,5: offshor grid,
5,offshor grid,5: offshor grid,
5,offshor grid,5: offshor grid,
5,offshor grid,5: offshor grid,
5,offshor grid,5: offshor grid,
5,offshor grid,5: offshor grid,
5,offshor grid,5: offshor grid,
5,offshor grid,5: offshor grid,
5,offshor grid,5: offshor grid,
5,offshor grid,5: offshor grid,
5,offshor grid,5: offshor grid,
5,offshor grid,5: offshor grid,
5,offshor grid,5: offshor grid,
5,offshor grid,5: offshor grid,
5,offshor grid,5: offshor grid,
5,offshor grid,5: offshor grid,
5,offshor grid,5: offshor grid,
5,offshor grid,5: offshor grid,
5,offshor grid,5: offshor grid,
5,offshor grid,5: offshor grid,
5,offshor grid,5: offshor grid,
5,offshor grid,5: offshor grid,
5,offshor grid,5: offshor grid,
5,offshor grid,5: offshor grid,
5,offshor grid,5: offshor grid,
5,offshor grid,5: offshor grid,
5,offshor grid,5: offshor grid,
5,offshor grid,5: offshor grid,
5,offshor grid,5: offshor grid,
5,offshor grid,5: offshor grid,
5,offshor grid,5: offshor grid,
5,offshor grid,5: offshor grid,
5,offshor grid,5: offshor grid,
5,offshor grid,5: offshor grid,
5,offshor grid,5: offshor grid,
5,offshor grid,5: offshor grid,
5,offshor grid,5: offshor grid,
5,offshor grid,5: offshor grid,
5,offshor grid,5: offshor grid,
5,offshor grid,5: offshor grid,
5,offshor grid,5: offshor grid,
5,offshor grid,5: offshor grid,
5,offshor grid,5: offshor grid,
5,offshor grid,5: offshor grid,
5,offshor grid,5: offshor grid,
9,wind farm,9: wind farm,
9,wind farm,9: wind farm,
9,wind farm,9: wind farm,
9,wind farm,9: wind farm,
9,wind farm,9: wind farm,
9,wind farm,9: wind farm,
9,wind farm,9: wind farm,
9,wind farm,9: wind farm,
9,wind farm,9: wind farm,
9,wind farm,9: wind farm,
9,wind farm,9: wind farm,
9,wind farm,9: wind farm,
9,wind farm,9: wind farm,
9,wind farm,9: wind farm,
9,wind farm,9: wind farm,
9,wind farm,9: wind farm,
9,wind farm,9: wind farm,
9,wind farm,9: wind farm,
9,wind farm,9: wind farm,
9,wind farm,9: wind farm,
9,wind farm,9: wind farm,
9,wind farm,9: wind farm,
9,wind farm,9: wind farm,
9,wind farm,9: wind farm,
9,wind farm,9: wind farm,
9,wind farm,9: wind farm,
9,wind farm,9: wind farm,
9,wind farm,9: wind farm,
9,wind farm,9: wind farm,
9,wind farm,9: wind farm,
9,wind farm,9: wind farm,
9,wind farm,9: wind farm,
9,wind farm,9: wind farm,
9,wind farm,9: wind farm,
9,wind farm,9: wind farm,
9,wind farm,9: wind farm,
9,wind farm,9: wind farm,
9,wind farm,9: wind farm,
9,wind farm,9: wind farm,
9,wind farm,9: wind farm,
9,wind farm,9: wind farm,
9,wind farm,9: wind farm,
9,wind farm,9: wind farm,
9,wind farm,9: wind farm,
9,wind farm,9: wind farm,
9,wind farm,9: wind farm,
9,wind farm,9: wind farm,
9,wind farm,9: wind farm,
9,wind farm,9: wind farm,
9,wind farm,9: wind farm,
9,wind farm,9: wind farm,
9,wind farm,9: wind farm,
9,wind farm,9: wind farm,
9,wind farm,9: wind farm,
9,wind farm,9: wind farm,
9,wind farm,9: wind farm,
9,wind farm,9: wind farm,
9,wind farm,9: wind farm,
9,wind farm,9: wind farm,
9,wind farm,9: wind farm,
9,wind farm,9: wind farm,
9,wind farm,9: wind farm,
9,wind farm,9: wind farm,
9,wind farm,9: wind farm,
9,wind farm,9: wind farm,
9,wind farm,9: wind farm,
9,wind farm,9: wind farm,
9,wind farm,9: wind farm,
9,wind farm,9: wind farm,
9,wind farm,9: wind farm,
9,wind farm,9: wind farm,
9,wind farm,9: wind farm,
9,wind farm,9: wind farm,
9,wind farm,9: wind farm,
9,wind farm,9: wind farm,
9,wind farm,9: wind farm,
9,wind farm,9: wind farm,
9,wind farm,9: wind farm,
9,wind farm,9: wind farm,
9,wind farm,9: wind farm,
9,wind farm,9: wind farm,
9,wind farm,9: wind farm,
9,wind farm,9: wind farm,
9,wind farm,9: wind farm,
9,wind farm,9: wind farm,
9,wind farm,9: wind farm,
9,wind farm,9: wind farm,
9,wind farm,9: wind farm,
9,wind farm,9: wind farm,
9,wind farm,9: wind farm,
9,wind farm,9: wind farm,
9,wind farm,9: wind farm,
9,wind farm,9: wind farm,
9,wind farm,9: wind farm,
9,wind farm,9: wind farm,
9,wind farm,9: wind farm,
9,wind farm,9: wind farm,
9,wind farm,9: wind farm,
9,wind farm,9: wind farm,
9,wind farm,9: wind farm,
9,wind farm,9: wind farm,
9,wind farm,9: wind farm,
9,wind farm,9: wind farm,
9,wind farm,9: wind farm,
9,wind farm,9: wind farm,
9,wind farm,9: wind farm,
9,wind farm,9: wind farm,
9,wind farm,9: wind farm,
9,wind farm,9: wind farm,
9,wind farm,9: wind farm,
9,wind farm,9: wind farm,
9,wind farm,9: wind farm,
9,wind farm,9: wind farm,
9,wind farm,9: wind farm,
9,wind farm,9: wind farm,
9,wind farm,9: wind farm,
9,wind farm,9: wind farm,
9,wind farm,9: wind farm,
9,wind farm,9: wind farm,
9,wind farm,9: wind farm,
9,wind farm,9: wind farm,
9,wind farm,9: wind farm,
9,wind farm,9: wind farm,
9,wind farm,9: wind farm,
9,wind farm,9: wind farm,
9,wind farm,9: wind farm,
9,wind farm,9: wind farm,
9,wind farm,9: wind farm,
9,wind farm,9: wind farm,
9,wind farm,9: wind farm,
9,wind farm,9: wind farm,
9,wind farm,9: wind farm,
9,wind farm,9: wind farm,
9,wind farm,9: wind farm,
9,wind farm,9: wind farm,
9,wind farm,9: wind farm,
9,wind farm,9: wind farm,
9,wind farm,9: wind farm,
9,wind farm,9: wind farm,
9,wind farm,9: wind farm,
9,wind farm,9: wind farm,
9,wind farm,9: wind farm,
9,wind farm,9: wind farm,
9,wind farm,9: wind farm,
9,wind farm,9: wind farm,
9,wind farm,9: wind farm,
9,wind farm,9: wind farm,
9,wind farm,9: wind farm,
9,wind farm,9: wind farm,
9,wind farm,9: wind farm,
9,wind farm,9: wind farm,
9,wind farm,9: wind farm,
9,wind farm,9: wind farm,
9,wind farm,9: wind farm,
9,wind farm,9: wind farm,
9,wind farm,9: wind farm,
9,wind farm,9: wind farm,
9,wind farm,9: wind farm,
9,wind farm,9: wind farm,
9,wind farm,9: wind farm,
9,wind farm,9: wind farm,
9,wind farm,9: wind farm,
9,wind farm,9: wind farm,
9,wind farm,9: wind farm,
9,wind farm,9: wind farm,
9,wind farm,9: wind farm,
9,wind farm,9: wind farm,
9,wind farm,9: wind farm,
9,wind farm,9: wind farm,
9,wind farm,9: wind farm,
9,wind farm,9: wind farm,
9,wind farm,9: wind farm,
9,wind farm,9: wind farm,
9,wind farm,9: wind farm,
9,wind farm,9: wind farm,
9,wind farm,9: wind farm,
9,wind farm,9: wind farm,
9,wind farm,9: wind farm,
9,wind farm,9: wind farm,
9,wind farm,9: wind farm,
9,wind farm,9: wind farm,
9,wind farm,9: wind farm,
9,wind farm,9: wind farm,
9,wind farm,9: wind farm,
9,wind farm,9: wind farm,
9,wind farm,9: wind farm,
9,wind farm,9: wind farm,
9,wind farm,9: wind farm,
9,wind farm,9: wind farm,
9,wind farm,9: wind farm,
9,wind farm,9: wind farm,
9,wind farm,9: wind farm,
9,wind farm,9: wind farm,
9,wind farm,9: wind farm,
9,wind farm,9: wind farm,
9,wind farm,9: wind farm,
9,wind farm,9: wind farm,
9,wind farm,9: wind farm,
9,wind farm,9: wind farm,
9,wind farm,9: wind farm,
9,wind farm,9: wind farm,
9,wind farm,9: wind farm,
9,wind farm,9: wind farm,
9,wind farm,9: wind farm,
9,wind farm,9: wind farm,
9,wind farm,9: wind farm,
9,wind farm,9: wind farm,
9,wind farm,9: wind farm,
9,wind farm,9: wind farm,
9,wind farm,9: wind farm,
9,wind farm,9: wind farm,
9,wind farm,9: wind farm,
9,wind farm,9: wind farm,
9,wind farm,9: wind farm,
9,wind farm,9: wind farm,
9,wind farm,9: wind farm,
9,wind farm,9: wind farm,
9,wind farm,9: wind farm,
9,wind farm,9: wind farm,
9,wind farm,9: wind farm,
9,wind farm,9: wind farm,
9,wind farm,9: wind farm,
9,wind farm,9: wind farm,
9,wind farm,9: wind farm,
9,wind farm,9: wind farm,
9,wind farm,9: wind farm,
9,wind farm,9: wind farm,
9,wind farm,9: wind farm,
9,wind farm,9: wind farm,
9,wind farm,9: wind farm,
9,wind farm,9: wind farm,
9,wind farm,9: wind farm,
9,wind farm,9: wind farm,
9,wind farm,9: wind farm,
9,wind farm,9: wind farm,
9,wind farm,9: wind farm,
9,wind farm,9: wind farm,
9,wind farm,9: wind farm,
9,wind farm,9: wind farm,
9,wind farm,9: wind farm,
9,wind farm,9: wind farm,
9,wind farm,9: wind farm,
9,wind farm,9: wind farm,
9,wind farm,9: wind farm,
9,wind farm,9: wind farm,
9,wind farm,9: wind farm,
9,wind farm,9: wind farm,
9,wind farm,9: wind farm,
9,wind farm,9: wind farm,
9,wind farm,9: wind farm,
9,wind farm,9: wind farm,
9,wind farm,9: wind farm,
9,wind farm,9: wind farm,
9,wind farm,9: wind farm,
9,wind farm,9: wind farm,
9,wind farm,9: wind farm,
9,wind farm,9: wind farm,
9,wind farm,9: wind farm,
9,wind farm,9: wind farm,
9,wind farm,9: wind farm,
9,wind farm,9: wind farm,
9,wind farm,9: wind farm,
9,wind farm,9: wind farm,
9,wind farm,9: wind farm,
9,wind farm,9: wind farm,
9,wind farm,9: wind farm,
9,wind farm,9: wind farm,
9,wind farm,9: wind farm,
9,wind farm,9: wind farm,
9,wind farm,9: wind farm,
9,wind farm,9: wind farm,
9,wind farm,9: wind farm,
9,wind farm,9: wind farm,
9,wind farm,9: wind farm,
9,wind farm,9: wind farm,
9,wind farm,9: wind farm,
9,wind farm,9: wind farm,
9,wind farm,9: wind farm,
9,wind farm,9: wind farm,
9,wind farm,9: wind farm,
9,wind farm,9: wind farm,
9,wind farm,9: wind farm,
9,wind farm,9: wind farm,
9,wind farm,9: wind farm,
9,wind farm,9: wind farm,
9,wind farm,9: wind farm,
9,wind farm,9: wind farm,
9,wind farm,9: wind farm,
9,wind farm,9: wind farm,
9,wind farm,9: wind farm,
9,wind farm,9: wind farm,
9,wind farm,9: wind farm,
9,wind farm,9: wind farm,
9,wind farm,9: wind farm,
9,wind farm,9: wind farm,
9,wind farm,9: wind farm,
9,wind farm,9: wind farm,
9,wind farm,9: wind farm,
9,wind farm,9: wind farm,
9,wind farm,9: wind farm,
9,wind farm,9: wind farm,
9,wind farm,9: wind farm,
9,wind farm,9: wind farm,
9,wind farm,9: wind farm,
9,wind farm,9: wind farm,
9,wind farm,9: wind farm,
9,wind farm,9: wind farm,
9,wind farm,9: wind farm,
9,wind farm,9: wind farm,
9,wind farm,9: wind farm,
9,wind farm,9: wind farm,
9,wind farm,9: wind farm,
9,wind farm,9: wind farm,
9,wind farm,9: wind farm,
9,wind farm,9: wind farm,
9,wind farm,9: wind farm,
9,wind farm,9: wind farm,
9,wind farm,9: wind farm,
9,wind farm,9: wind farm,
9,wind farm,9: wind farm,
9,wind farm,9: wind farm,
9,wind farm,9: wind farm,
7,renew energi,7: renew energi,
7,renew energi,7: renew energi,
7,renew energi,7: renew energi,
7,renew energi,7: renew energi,
7,renew energi,7: renew energi,
7,renew energi,7: renew energi,
7,renew energi,7: renew energi,
7,renew energi,7: renew energi,
7,renew energi,7: renew energi,
7,renew energi,7: renew energi,
7,renew energi,7: renew energi,
7,renew energi,7: renew energi,
7,renew energi,7: renew energi,
7,renew energi,7: renew energi,
7,renew energi,7: renew energi,
7,renew energi,7: renew energi,
7,renew energi,7: renew energi,
7,renew energi,7: renew energi,
7,renew energi,7: renew energi,
7,renew energi,7: renew energi,
7,renew energi,7: renew energi,
7,renew energi,7: renew energi,
7,renew energi,7: renew energi,
7,renew energi,7: renew energi,
7,renew energi,7: renew energi,
7,renew energi,7: renew energi,
7,renew energi,7: renew energi,
7,renew energi,7: renew energi,
7,renew energi,7: renew energi,
7,renew energi,7: renew energi,
7,renew energi,7: renew energi,
7,renew energi,7: renew energi,
7,renew energi,7: renew energi,
7,renew energi,7: renew energi,
7,renew energi,7: renew energi,
7,renew energi,7: renew energi,
7,renew energi,7: renew energi,
7,renew energi,7: renew energi,
7,renew energi,7: renew energi,
7,renew energi,7: renew energi,
7,renew energi,7: renew energi,
7,renew energi,7: renew energi,
7,renew energi,7: renew energi,
7,renew energi,7: renew energi,
7,renew energi,7: renew energi,
7,renew energi,7: renew energi,
7,renew energi,7: renew energi,
7,renew energi,7: renew energi,
7,renew energi,7: renew energi,
7,renew energi,7: renew energi,
7,renew energi,7: renew energi,
7,renew energi,7: renew energi,
7,renew energi,7: renew energi,
7,renew energi,7: renew energi,
7,renew energi,7: renew energi,
7,renew energi,7: renew energi,
7,renew energi,7: renew energi,
7,renew energi,7: renew energi,
7,renew energi,7: renew energi,
7,renew energi,7: renew energi,
7,renew energi,7: renew energi,
7,renew energi,7: renew energi,
7,renew energi,7: renew energi,
7,renew energi,7: renew energi,
7,renew energi,7: renew energi,
7,renew energi,7: renew energi,
7,renew energi,7: renew energi,
7,renew energi,7: renew energi,
7,renew energi,7: renew energi,
7,renew energi,7: renew energi,
7,renew energi,7: renew energi,
7,renew energi,7: renew energi,
7,renew energi,7: renew energi,
7,renew energi,7: renew energi,
7,renew energi,7: renew energi,
7,renew energi,7: renew energi,
7,renew energi,7: renew energi,
7,renew energi,7: renew energi,
7,renew energi,7: renew energi,
7,renew energi,7: renew energi,
7,renew energi,7: renew energi,
7,renew energi,7: renew energi,
7,renew energi,7: renew energi,
7,renew energi,7: renew energi,
7,renew energi,7: renew energi,
7,renew energi,7: renew energi,
7,renew energi,7: renew energi,
7,renew energi,7: renew energi,
7,renew energi,7: renew energi,
7,renew energi,7: renew energi,
7,renew energi,7: renew energi,
7,renew energi,7: renew energi,
7,renew energi,7: renew energi,
7,renew energi,7: renew energi,
7,renew energi,7: renew energi,
7,renew energi,7: renew energi,
7,renew energi,7: renew energi,
7,renew energi,7: renew energi,
7,renew energi,7: renew energi,
7,renew energi,7: renew energi,
7,renew energi,7: renew energi,
7,renew energi,7: renew energi,
7,renew energi,7: renew energi,
7,renew energi,7: renew energi,
7,renew energi,7: renew energi,
7,renew energi,7: renew energi,
7,renew energi,7: renew energi,
7,renew energi,7: renew energi,
7,renew energi,7: renew energi,
7,renew energi,7: renew energi,
7,renew energi,7: renew energi,
7,renew energi,7: renew energi,
7,renew energi,7: renew energi,
7,renew energi,7: renew energi,
7,renew energi,7: renew energi,
7,renew energi,7: renew energi,
7,renew energi,7: renew energi,
7,renew energi,7: renew energi,
7,renew energi,7: renew energi,
7,renew energi,7: renew energi,
7,renew energi,7: renew energi,
7,renew energi,7: renew energi,
7,renew energi,7: renew energi,
7,renew energi,7: renew energi,
7,renew energi,7: renew energi,
7,renew energi,7: renew energi,
7,renew energi,7: renew energi,
7,renew energi,7: renew energi,
7,renew energi,7: renew energi,
7,renew energi,7: renew energi,
7,renew energi,7: renew energi,
7,renew energi,7: renew energi,
7,renew energi,7: renew energi,
7,renew energi,7: renew energi,
7,renew energi,7: renew energi,
7,renew energi,7: renew energi,
7,renew energi,7: renew energi,
7,renew energi,7: renew energi,
7,renew energi,7: renew energi,
7,renew energi,7: renew energi,
7,renew energi,7: renew energi,
7,renew energi,7: renew energi,
7,renew energi,7: renew energi,
7,renew energi,7: renew energi,
7,renew energi,7: renew energi,
7,renew energi,7: renew energi,
7,renew energi,7: renew energi,
7,renew energi,7: renew energi,
7,renew energi,7: renew energi,
7,renew energi,7: renew energi,
7,renew energi,7: renew energi,
7,renew energi,7: renew energi,
7,renew energi,7: renew energi,
7,renew energi,7: renew energi,
7,renew energi,7: renew energi,
7,renew energi,7: renew energi,
7,renew energi,7: renew energi,
7,renew energi,7: renew energi,
7,renew energi,7: renew energi,
7,renew energi,7: renew energi,
7,renew energi,7: renew energi,
7,renew energi,7: renew energi,
7,renew energi,7: renew energi,
7,renew energi,7: renew energi,
7,renew energi,7: renew energi,
7,renew energi,7: renew energi,
7,renew energi,7: renew energi,
7,renew energi,7: renew energi,
7,renew energi,7: renew energi,
7,renew energi,7: renew energi,
7,renew energi,7: renew energi,
7,renew energi,7: renew energi,
7,renew energi,7: renew energi,
7,renew energi,7: renew energi,
7,renew energi,7: renew energi,
7,renew energi,7: renew energi,
7,renew energi,7: renew energi,
7,renew energi,7: renew energi,
7,renew energi,7: renew energi,
7,renew energi,7: renew energi,
7,renew energi,7: renew energi,
7,renew energi,7: renew energi,
7,renew energi,7: renew energi,
7,renew energi,7: renew energi,
7,renew energi,7: renew energi,
7,renew energi,7: renew energi,
7,renew energi,7: renew energi,
7,renew energi,7: renew energi,
7,renew energi,7: renew energi,
7,renew energi,7: renew energi,
7,renew energi,7: renew energi,
7,renew energi,7: renew energi,
7,renew energi,7: renew energi,
7,renew energi,7: renew energi,
7,renew energi,7: renew energi,
7,renew energi,7: renew energi,
7,renew energi,7: renew energi,
7,renew energi,7: renew energi,
7,renew energi,7: renew energi,
7,renew energi,7: renew energi,
7,renew energi,7: renew energi,
7,renew energi,7: renew energi,
7,renew energi,7: renew energi,
7,renew energi,7: renew energi,
7,renew energi,7: renew energi,
7,renew energi,7: renew energi,
7,renew energi,7: renew energi,
7,renew energi,7: renew energi,
7,renew energi,7: renew energi,
7,renew energi,7: renew energi,
7,renew energi,7: renew energi,
7,renew energi,7: renew energi,
7,renew energi,7: renew energi,
7,renew energi,7: renew energi,
7,renew energi,7: renew energi,
7,renew energi,7: renew energi,
7,renew energi,7: renew energi,
7,renew energi,7: renew energi,
7,renew energi,7: renew energi,
7,renew energi,7: renew energi,
7,renew energi,7: renew energi,
7,renew energi,7: renew energi,
7,renew energi,7: renew energi,
7,renew energi,7: renew energi,
7,renew energi,7: renew energi,
7,renew energi,7: renew energi,
7,renew energi,7: renew energi,
7,renew energi,7: renew energi,
7,renew energi,7: renew energi,
7,renew energi,7: renew energi,
7,renew energi,7: renew energi,
7,renew energi,7: renew energi,
7,renew energi,7: renew energi,
7,renew energi,7: renew energi,
7,renew energi,7: renew energi,
7,renew energi,7: renew energi,
7,renew energi,7: renew energi,
7,renew energi,7: renew energi,
7,renew energi,7: renew energi,
7,renew energi,7: renew energi,
7,renew energi,7: renew energi,
7,renew energi,7: renew energi,
7,renew energi,7: renew energi,
7,renew energi,7: renew energi,
7,renew energi,7: renew energi,
7,renew energi,7: renew energi,
7,renew energi,7: renew energi,
7,renew energi,7: renew energi,
7,renew energi,7: renew energi,
7,renew energi,7: renew energi,
7,renew energi,7: renew energi,
7,renew energi,7: renew energi,
7,renew energi,7: renew energi,
7,renew energi,7: renew energi,
7,renew energi,7: renew energi,
7,renew energi,7: renew energi,
7,renew energi,7: renew energi,
7,renew energi,7: renew energi,
7,renew energi,7: renew energi,
7,renew energi,7: renew energi,
7,renew energi,7: renew energi,
7,renew energi,7: renew energi,
7,renew energi,7: renew energi,
7,renew energi,7: renew energi,
7,renew energi,7: renew energi,
7,renew energi,7: renew energi,
7,renew energi,7: renew energi,
7,renew energi,7: renew energi,
7,renew energi,7: renew energi,
7,renew energi,7: renew energi,
7,renew energi,7: renew energi,
7,renew energi,7: renew energi,
7,renew energi,7: renew energi,
7,renew energi,7: renew energi,
7,renew energi,7: renew energi,
7,renew energi,7: renew energi,
7,renew energi,7: renew energi,
7,renew energi,7: renew energi,
7,renew energi,7: renew energi,
7,renew energi,7: renew energi,
7,renew energi,7: renew energi,
7,renew energi,7: renew energi,
7,renew energi,7: renew energi,
7,renew energi,7: renew energi,
7,renew energi,7: renew energi,
7,renew energi,7: renew energi,
7,renew energi,7: renew energi,
7,renew energi,7: renew energi,
7,renew energi,7: renew energi,
7,renew energi,7: renew energi,
7,renew energi,7: renew energi,
7,renew energi,7: renew energi,
5,offshor grid,5: offshor grid,
5,offshor grid,5: offshor grid,
5,offshor grid,5: offshor grid,
5,offshor grid,5: offshor grid,
5,offshor grid,5: offshor grid,
5,offshor grid,5: offshor grid,
5,offshor grid,5: offshor grid,
5,offshor grid,5: offshor grid,
5,offshor grid,5: offshor grid,
5,offshor grid,5: offshor grid,
5,offshor grid,5: offshor grid,
5,offshor grid,5: offshor grid,
5,offshor grid,5: offshor grid,
5,offshor grid,5: offshor grid,
5,offshor grid,5: offshor grid,
5,offshor grid,5: offshor grid,
5,offshor grid,5: offshor grid,
5,offshor grid,5: offshor grid,
5,offshor grid,5: offshor grid,
5,offshor grid,5: offshor grid,
5,offshor grid,5: offshor grid,
5,offshor grid,5: offshor grid,
5,offshor grid,5: offshor grid,
5,offshor grid,5: offshor grid,
5,offshor grid,5: offshor grid,
5,offshor grid,5: offshor grid,
5,offshor grid,5: offshor grid,
5,offshor grid,5: offshor grid,
5,offshor grid,5: offshor grid,
5,offshor grid,5: offshor grid,
5,offshor grid,5: offshor grid,
5,offshor grid,5: offshor grid,
5,offshor grid,5: offshor grid,
5,offshor grid,5: offshor grid,
5,offshor grid,5: offshor grid,
5,offshor grid,5: offshor grid,
5,offshor grid,5: offshor grid,
5,offshor grid,5: offshor grid,
5,offshor grid,5: offshor grid,
5,offshor grid,5: offshor grid,
5,offshor grid,5: offshor grid,
5,offshor grid,5: offshor grid,
5,offshor grid,5: offshor grid,
5,offshor grid,5: offshor grid,
5,offshor grid,5: offshor grid,
5,offshor grid,5: offshor grid,
5,offshor grid,5: offshor grid,
5,offshor grid,5: offshor grid,
5,offshor grid,5: offshor grid,
5,offshor grid,5: offshor grid,
5,offshor grid,5: offshor grid,
5,offshor grid,5: offshor grid,
5,offshor grid,5: offshor grid,
5,offshor grid,5: offshor grid,
5,offshor grid,5: offshor grid,
5,offshor grid,5: offshor grid,
5,offshor grid,5: offshor grid,
5,offshor grid,5: offshor grid,
5,offshor grid,5: offshor grid,
5,offshor grid,5: offshor grid,
5,offshor grid,5: offshor grid,
5,offshor grid,5: offshor grid,
5,offshor grid,5: offshor grid,
5,offshor grid,5: offshor grid,
5,offshor grid,5: offshor grid,
5,offshor grid,5: offshor grid,
5,offshor grid,5: offshor grid,
5,offshor grid,5: offshor grid,
5,offshor grid,5: offshor grid,
5,offshor grid,5: offshor grid,
5,offshor grid,5: offshor grid,
5,offshor grid,5: offshor grid,
5,offshor grid,5: offshor grid,
5,offshor grid,5: offshor grid,
5,offshor grid,5: offshor grid,
5,offshor grid,5: offshor grid,
5,offshor grid,5: offshor grid,
5,offshor grid,5: offshor grid,
5,offshor grid,5: offshor grid,
5,offshor grid,5: offshor grid,
5,offshor grid,5: offshor grid,
5,offshor grid,5: offshor grid,
5,offshor grid,5: offshor grid,
5,offshor grid,5: offshor grid,
5,offshor grid,5: offshor grid,
5,offshor grid,5: offshor grid,
5,offshor grid,5: offshor grid,
5,offshor grid,5: offshor grid,
5,offshor grid,5: offshor grid,
5,offshor grid,5: offshor grid,
5,offshor grid,5: offshor grid,
5,offshor grid,5: offshor grid,
5,offshor grid,5: offshor grid,
5,offshor grid,5: offshor grid,
5,offshor grid,5: offshor grid,
5,offshor grid,5: offshor grid,
5,offshor grid,5: offshor grid,
5,offshor grid,5: offshor grid,
5,offshor grid,5: offshor grid,
5,offshor grid,5: offshor grid,
5,offshor grid,5: offshor grid,
5,offshor grid,5: offshor grid,
5,offshor grid,5: offshor grid,
5,offshor grid,5: offshor grid,
5,offshor grid,5: offshor grid,
5,offshor grid,5: offshor grid,
5,offshor grid,5: offshor grid,
5,offshor grid,5: offshor grid,
5,offshor grid,5: offshor grid,
5,offshor grid,5: offshor grid,
5,offshor grid,5: offshor grid,
5,offshor grid,5: offshor grid,
5,offshor grid,5: offshor grid,
5,offshor grid,5: offshor grid,
5,offshor grid,5: offshor grid,
5,offshor grid,5: offshor grid,
5,offshor grid,5: offshor grid,
5,offshor grid,5: offshor grid,
5,offshor grid,5: offshor grid,
5,offshor grid,5: offshor grid,
5,offshor grid,5: offshor grid,
5,offshor grid,5: offshor grid,
5,offshor grid,5: offshor grid,
5,offshor grid,5: offshor grid,
5,offshor grid,5: offshor grid,
5,offshor grid,5: offshor grid,
5,offshor grid,5: offshor grid,
5,offshor grid,5: offshor grid,
5,offshor grid,5: offshor grid,
5,offshor grid,5: offshor grid,
5,offshor grid,5: offshor grid,
5,offshor grid,5: offshor grid,
5,offshor grid,5: offshor grid,
5,offshor grid,5: offshor grid,
5,offshor grid,5: offshor grid,
5,offshor grid,5: offshor grid,
5,offshor grid,5: offshor grid,
5,offshor grid,5: offshor grid,
5,offshor grid,5: offshor grid,
5,offshor grid,5: offshor grid,
5,offshor grid,5: offshor grid,
5,offshor grid,5: offshor grid,
5,offshor grid,5: offshor grid,
5,offshor grid,5: offshor grid,
5,offshor grid,5: offshor grid,
5,offshor grid,5: offshor grid,
5,offshor grid,5: offshor grid,
5,offshor grid,5: offshor grid,
5,offshor grid,5: offshor grid,
5,offshor grid,5: offshor grid,
5,offshor grid,5: offshor grid,
5,offshor grid,5: offshor grid,
5,offshor grid,5: offshor grid,
5,offshor grid,5: offshor grid,
5,offshor grid,5: offshor grid,
5,offshor grid,5: offshor grid,
5,offshor grid,5: offshor grid,
5,offshor grid,5: offshor grid,
5,offshor grid,5: offshor grid,
5,offshor grid,5: offshor grid,
5,offshor grid,5: offshor grid,
5,offshor grid,5: offshor grid,
5,offshor grid,5: offshor grid,
5,offshor grid,5: offshor grid,
5,offshor grid,5: offshor grid,
5,offshor grid,5: offshor grid,
5,offshor grid,5: offshor grid,
5,offshor grid,5: offshor grid,
5,offshor grid,5: offshor grid,
5,offshor grid,5: offshor grid,
5,offshor grid,5: offshor grid,
5,offshor grid,5: offshor grid,
5,offshor grid,5: offshor grid,
5,offshor grid,5: offshor grid,
5,offshor grid,5: offshor grid,
9,wind farm,9: wind farm,
9,wind farm,9: wind farm,
9,wind farm,9: wind farm,
9,wind farm,9: wind farm,
9,wind farm,9: wind farm,
9,wind farm,9: wind farm,
9,wind farm,9: wind farm,
9,wind farm,9: wind farm,
9,wind farm,9: wind farm,
9,wind farm,9: wind farm,
9,wind farm,9: wind farm,
9,wind farm,9: wind farm,
9,wind farm,9: wind farm,
9,wind farm,9: wind farm,
9,wind farm,9: wind farm,
9,wind farm,9: wind farm,
9,wind farm,9: wind farm,
9,wind farm,9: wind farm,
9,wind farm,9: wind farm,
9,wind farm,9: wind farm,
9,wind farm,9: wind farm,
9,wind farm,9: wind farm,
9,wind farm,9: wind farm,
9,wind farm,9: wind farm,
9,wind farm,9: wind farm,
9,wind farm,9: wind farm,
9,wind farm,9: wind farm,
9,wind farm,9: wind farm,
9,wind farm,9: wind farm,
9,wind farm,9: wind farm,
9,wind farm,9: wind farm,
9,wind farm,9: wind farm,
9,wind farm,9: wind farm,
9,wind farm,9: wind farm,
9,wind farm,9: wind farm,
9,wind farm,9: wind farm,
9,wind farm,9: wind farm,
9,wind farm,9: wind farm,
9,wind farm,9: wind farm,
9,wind farm,9: wind farm,
9,wind farm,9: wind farm,
9,wind farm,9: wind farm,
9,wind farm,9: wind farm,
9,wind farm,9: wind farm,
9,wind farm,9: wind farm,
9,wind farm,9: wind farm,
9,wind farm,9: wind farm,
9,wind farm,9: wind farm,
9,wind farm,9: wind farm,
9,wind farm,9: wind farm,
9,wind farm,9: wind farm,
9,wind farm,9: wind farm,
9,wind farm,9: wind farm,
9,wind farm,9: wind farm,
9,wind farm,9: wind farm,
9,wind farm,9: wind farm,
9,wind farm,9: wind farm,
9,wind farm,9: wind farm,
9,wind farm,9: wind farm,
9,wind farm,9: wind farm,
9,wind farm,9: wind farm,
9,wind farm,9: wind farm,
9,wind farm,9: wind farm,
9,wind farm,9: wind farm,
9,wind farm,9: wind farm,
9,wind farm,9: wind farm,
9,wind farm,9: wind farm,
9,wind farm,9: wind farm,
9,wind farm,9: wind farm,
9,wind farm,9: wind farm,
9,wind farm,9: wind farm,
9,wind farm,9: wind farm,
9,wind farm,9: wind farm,
9,wind farm,9: wind farm,
9,wind farm,9: wind farm,
9,wind farm,9: wind farm,
9,wind farm,9: wind farm,
9,wind farm,9: wind farm,
9,wind farm,9: wind farm,
9,wind farm,9: wind farm,
9,wind farm,9: wind farm,
9,wind farm,9: wind farm,
9,wind farm,9: wind farm,
9,wind farm,9: wind farm,
9,wind farm,9: wind farm,
9,wind farm,9: wind farm,
9,wind farm,9: wind farm,
9,wind farm,9: wind farm,
9,wind farm,9: wind farm,
9,wind farm,9: wind farm,
9,wind farm,9: wind farm,
9,wind farm,9: wind farm,
9,wind farm,9: wind farm,
9,wind farm,9: wind farm,
9,wind farm,9: wind farm,
9,wind farm,9: wind farm,
9,wind farm,9: wind farm,
9,wind farm,9: wind farm,
9,wind farm,9: wind farm,
9,wind farm,9: wind farm,
9,wind farm,9: wind farm,
9,wind farm,9: wind farm,
9,wind farm,9: wind farm,
9,wind farm,9: wind farm,
9,wind farm,9: wind farm,
9,wind farm,9: wind farm,
9,wind farm,9: wind farm,
9,wind farm,9: wind farm,
9,wind farm,9: wind farm,
9,wind farm,9: wind farm,
9,wind farm,9: wind farm,
9,wind farm,9: wind farm,
9,wind farm,9: wind farm,
9,wind farm,9: wind farm,
9,wind farm,9: wind farm,
9,wind farm,9: wind farm,
9,wind farm,9: wind farm,
9,wind farm,9: wind farm,
9,wind farm,9: wind farm,
9,wind farm,9: wind farm,
9,wind farm,9: wind farm,
9,wind farm,9: wind farm,
9,wind farm,9: wind farm,
9,wind farm,9: wind farm,
9,wind farm,9: wind farm,
9,wind farm,9: wind farm,
9,wind farm,9: wind farm,
9,wind farm,9: wind farm,
9,wind farm,9: wind farm,
9,wind farm,9: wind farm,
9,wind farm,9: wind farm,
9,wind farm,9: wind farm,
9,wind farm,9: wind farm,
9,wind farm,9: wind farm,
9,wind farm,9: wind farm,
9,wind farm,9: wind farm,
9,wind farm,9: wind farm,
9,wind farm,9: wind farm,
9,wind farm,9: wind farm,
9,wind farm,9: wind farm,
9,wind farm,9: wind farm,
9,wind farm,9: wind farm,
9,wind farm,9: wind farm,
9,wind farm,9: wind farm,
9,wind farm,9: wind farm,
9,wind farm,9: wind farm,
9,wind farm,9: wind farm,
9,wind farm,9: wind farm,
9,wind farm,9: wind farm,
9,wind farm,9: wind farm,
9,wind farm,9: wind farm,
9,wind farm,9: wind farm,
9,wind farm,9: wind farm,
9,wind farm,9: wind farm,
9,wind farm,9: wind farm,
9,wind farm,9: wind farm,
9,wind farm,9: wind farm,
9,wind farm,9: wind farm,
9,wind farm,9: wind farm,
9,wind farm,9: wind farm,
9,wind farm,9: wind farm,
9,wind farm,9: wind farm,
9,wind farm,9: wind farm,
9,wind farm,9: wind farm,
9,wind farm,9: wind farm,
9,wind farm,9: wind farm,
9,wind farm,9: wind farm,
9,wind farm,9: wind farm,
9,wind farm,9: wind farm,
9,wind farm,9: wind farm,
9,wind farm,9: wind farm,
9,wind farm,9: wind farm,
9,wind farm,9: wind farm,
9,wind farm,9: wind farm,
9,wind farm,9: wind farm,
9,wind farm,9: wind farm,
9,wind farm,9: wind farm,
9,wind farm,9: wind farm,
9,wind farm,9: wind farm,
9,wind farm,9: wind farm,
9,wind farm,9: wind farm,
9,wind farm,9: wind farm,
9,wind farm,9: wind farm,
9,wind farm,9: wind farm,
9,wind farm,9: wind farm,
9,wind farm,9: wind farm,
9,wind farm,9: wind farm,
9,wind farm,9: wind farm,
9,wind farm,9: wind farm,
9,wind farm,9: wind farm,
9,wind farm,9: wind farm,
9,wind farm,9: wind farm,
9,wind farm,9: wind farm,
9,wind farm,9: wind farm,
9,wind farm,9: wind farm,
9,wind farm,9: wind farm,
9,wind farm,9: wind farm,
9,wind farm,9: wind farm,
9,wind farm,9: wind farm,
9,wind farm,9: wind farm,
9,wind farm,9: wind farm,
9,wind farm,9: wind farm,
9,wind farm,9: wind farm,
9,wind farm,9: wind farm,
9,wind farm,9: wind farm,
9,wind farm,9: wind farm,
9,wind farm,9: wind farm,
9,wind farm,9: wind farm,
9,wind farm,9: wind farm,
9,wind farm,9: wind farm,
9,wind farm,9: wind farm,
9,wind farm,9: wind farm,
9,wind farm,9: wind farm,
9,wind farm,9: wind farm,
9,wind farm,9: wind farm,
9,wind farm,9: wind farm,
9,wind farm,9: wind farm,
9,wind farm,9: wind farm,
9,wind farm,9: wind farm,
9,wind farm,9: wind farm,
9,wind farm,9: wind farm,
9,wind farm,9: wind farm,
9,wind farm,9: wind farm,
9,wind farm,9: wind farm,
9,wind farm,9: wind farm,
9,wind farm,9: wind farm,
9,wind farm,9: wind farm,
9,wind farm,9: wind farm,
9,wind farm,9: wind farm,
9,wind farm,9: wind farm,
9,wind farm,9: wind farm,
9,wind farm,9: wind farm,
9,wind farm,9: wind farm,
9,wind farm,9: wind farm,
9,wind farm,9: wind farm,
9,wind farm,9: wind farm,
9,wind farm,9: wind farm,
9,wind farm,9: wind farm,
9,wind farm,9: wind farm,
9,wind farm,9: wind farm,
9,wind farm,9: wind farm,
9,wind farm,9: wind farm,
9,wind farm,9: wind farm,
9,wind farm,9: wind farm,
9,wind farm,9: wind farm,
9,wind farm,9: wind farm,
9,wind farm,9: wind farm,
9,wind farm,9: wind farm,
9,wind farm,9: wind farm,
9,wind farm,9: wind farm,
9,wind farm,9: wind farm,
9,wind farm,9: wind farm,
9,wind farm,9: wind farm,
9,wind farm,9: wind farm,
9,wind farm,9: wind farm,
9,wind farm,9: wind farm,
9,wind farm,9: wind farm,
9,wind farm,9: wind farm,
9,wind farm,9: wind farm,
9,wind farm,9: wind farm,
9,wind farm,9: wind farm,
9,wind farm,9: wind farm,
9,wind farm,9: wind farm,
9,wind farm,9: wind farm,
9,wind farm,9: wind farm,
9,wind farm,9: wind farm,
9,wind farm,9: wind farm,
9,wind farm,9: wind farm,
9,wind farm,9: wind farm,
9,wind farm,9: wind farm,
9,wind farm,9: wind farm,
9,wind farm,9: wind farm,
9,wind farm,9: wind farm,
9,wind farm,9: wind farm,
9,wind farm,9: wind farm,
9,wind farm,9: wind farm,
9,wind farm,9: wind farm,
9,wind farm,9: wind farm,
9,wind farm,9: wind farm,
9,wind farm,9: wind farm,
9,wind farm,9: wind farm,
9,wind farm,9: wind farm,
9,wind farm,9: wind farm,
9,wind farm,9: wind farm,
9,wind farm,9: wind farm,
9,wind farm,9: wind farm,
9,wind farm,9: wind farm,
9,wind farm,9: wind farm,
9,wind farm,9: wind farm,
9,wind farm,9: wind farm,
9,wind farm,9: wind farm,
9,wind farm,9: wind farm,
9,wind farm,9: wind farm,
9,wind farm,9: wind farm,
9,wind farm,9: wind farm,
9,wind farm,9: wind farm,
9,wind farm,9: wind farm,
9,wind farm,9: wind farm,
9,wind farm,9: wind farm,
9,wind farm,9: wind farm,
9,wind farm,9: wind farm,
9,wind farm,9: wind farm,
9,wind farm,9: wind farm,
9,wind farm,9: wind farm,
9,wind farm,9: wind farm,
9,wind farm,9: wind farm,
9,wind farm,9: wind farm,
9,wind farm,9: wind farm,
9,wind farm,9: wind farm,
9,wind farm,9: wind farm,
9,wind farm,9: wind farm,
9,wind farm,9: wind farm,
9,wind farm,9: wind farm,
9,wind farm,9: wind farm,
9,wind farm,9: wind farm,
9,wind farm,9: wind farm,
9,wind farm,9: wind farm,
9,wind farm,9: wind farm,
9,wind farm,9: wind farm,
9,wind farm,9: wind farm,
9,wind farm,9: wind farm,
9,wind farm,9: wind farm,
5,offshor grid,5: offshor grid,
5,offshor grid,5: offshor grid,
5,offshor grid,5: offshor grid,
5,offshor grid,5: offshor grid,
5,offshor grid,5: offshor grid,
5,offshor grid,5: offshor grid,
5,offshor grid,5: offshor grid,
5,offshor grid,5: offshor grid,
5,offshor grid,5: offshor grid,
5,offshor grid,5: offshor grid,
5,offshor grid,5: offshor grid,
5,offshor grid,5: offshor grid,
5,offshor grid,5: offshor grid,
5,offshor grid,5: offshor grid,
5,offshor grid,5: offshor grid,
5,offshor grid,5: offshor grid,
5,offshor grid,5: offshor grid,
5,offshor grid,5: offshor grid,
5,offshor grid,5: offshor grid,
5,offshor grid,5: offshor grid,
5,offshor grid,5: offshor grid,
5,offshor grid,5: offshor grid,
5,offshor grid,5: offshor grid,
5,offshor grid,5: offshor grid,
5,offshor grid,5: offshor grid,
5,offshor grid,5: offshor grid,
5,offshor grid,5: offshor grid,
5,offshor grid,5: offshor grid,
5,offshor grid,5: offshor grid,
5,offshor grid,5: offshor grid,
5,offshor grid,5: offshor grid,
5,offshor grid,5: offshor grid,
5,offshor grid,5: offshor grid,
5,offshor grid,5: offshor grid,
5,offshor grid,5: offshor grid,
5,offshor grid,5: offshor grid,
5,offshor grid,5: offshor grid,
5,offshor grid,5: offshor grid,
5,offshor grid,5: offshor grid,
5,offshor grid,5: offshor grid,
5,offshor grid,5: offshor grid,
5,offshor grid,5: offshor grid,
5,offshor grid,5: offshor grid,
5,offshor grid,5: offshor grid,
5,offshor grid,5: offshor grid,
5,offshor grid,5: offshor grid,
5,offshor grid,5: offshor grid,
5,offshor grid,5: offshor grid,
5,offshor grid,5: offshor grid,
5,offshor grid,5: offshor grid,
5,offshor grid,5: offshor grid,
5,offshor grid,5: offshor grid,
5,offshor grid,5: offshor grid,
5,offshor grid,5: offshor grid,
5,offshor grid,5: offshor grid,
5,offshor grid,5: offshor grid,
5,offshor grid,5: offshor grid,
5,offshor grid,5: offshor grid,
5,offshor grid,5: offshor grid,
5,offshor grid,5: offshor grid,
5,offshor grid,5: offshor grid,
5,offshor grid,5: offshor grid,
5,offshor grid,5: offshor grid,
5,offshor grid,5: offshor grid,
5,offshor grid,5: offshor grid,
5,offshor grid,5: offshor grid,
5,offshor grid,5: offshor grid,
5,offshor grid,5: offshor grid,
5,offshor grid,5: offshor grid,
5,offshor grid,5: offshor grid,
5,offshor grid,5: offshor grid,
5,offshor grid,5: offshor grid,
5,offshor grid,5: offshor grid,
5,offshor grid,5: offshor grid,
5,offshor grid,5: offshor grid,
5,offshor grid,5: offshor grid,
5,offshor grid,5: offshor grid,
5,offshor grid,5: offshor grid,
5,offshor grid,5: offshor grid,
5,offshor grid,5: offshor grid,
5,offshor grid,5: offshor grid,
5,offshor grid,5: offshor grid,
5,offshor grid,5: offshor grid,
5,offshor grid,5: offshor grid,
5,offshor grid,5: offshor grid,
5,offshor grid,5: offshor grid,
5,offshor grid,5: offshor grid,
5,offshor grid,5: offshor grid,
5,offshor grid,5: offshor grid,
5,offshor grid,5: offshor grid,
5,offshor grid,5: offshor grid,
5,offshor grid,5: offshor grid,
5,offshor grid,5: offshor grid,
5,offshor grid,5: offshor grid,
5,offshor grid,5: offshor grid,
5,offshor grid,5: offshor grid,
5,offshor grid,5: offshor grid,
5,offshor grid,5: offshor grid,
5,offshor grid,5: offshor grid,
5,offshor grid,5: offshor grid,
5,offshor grid,5: offshor grid,
5,offshor grid,5: offshor grid,
5,offshor grid,5: offshor grid,
5,offshor grid,5: offshor grid,
5,offshor grid,5: offshor grid,
5,offshor grid,5: offshor grid,
5,offshor grid,5: offshor grid,
5,offshor grid,5: offshor grid,
5,offshor grid,5: offshor grid,
5,offshor grid,5: offshor grid,
5,offshor grid,5: offshor grid,
5,offshor grid,5: offshor grid,
5,offshor grid,5: offshor grid,
5,offshor grid,5: offshor grid,
5,offshor grid,5: offshor grid,
5,offshor grid,5: offshor grid,
5,offshor grid,5: offshor grid,
5,offshor grid,5: offshor grid,
5,offshor grid,5: offshor grid,
5,offshor grid,5: offshor grid,
5,offshor grid,5: offshor grid,
5,offshor grid,5: offshor grid,
5,offshor grid,5: offshor grid,
5,offshor grid,5: offshor grid,
5,offshor grid,5: offshor grid,
5,offshor grid,5: offshor grid,
5,offshor grid,5: offshor grid,
5,offshor grid,5: offshor grid,
5,offshor grid,5: offshor grid,
5,offshor grid,5: offshor grid,
5,offshor grid,5: offshor grid,
5,offshor grid,5: offshor grid,
5,offshor grid,5: offshor grid,
5,offshor grid,5: offshor grid,
5,offshor grid,5: offshor grid,
5,offshor grid,5: offshor grid,
5,offshor grid,5: offshor grid,
5,offshor grid,5: offshor grid,
5,offshor grid,5: offshor grid,
5,offshor grid,5: offshor grid,
5,offshor grid,5: offshor grid,
5,offshor grid,5: offshor grid,
5,offshor grid,5: offshor grid,
5,offshor grid,5: offshor grid,
5,offshor grid,5: offshor grid,
5,offshor grid,5: offshor grid,
5,offshor grid,5: offshor grid,
5,offshor grid,5: offshor grid,
5,offshor grid,5: offshor grid,
5,offshor grid,5: offshor grid,
5,offshor grid,5: offshor grid,
5,offshor grid,5: offshor grid,
5,offshor grid,5: offshor grid,
5,offshor grid,5: offshor grid,
5,offshor grid,5: offshor grid,
5,offshor grid,5: offshor grid,
5,offshor grid,5: offshor grid,
5,offshor grid,5: offshor grid,
5,offshor grid,5: offshor grid,
5,offshor grid,5: offshor grid,
5,offshor grid,5: offshor grid,
5,offshor grid,5: offshor grid,
5,offshor grid,5: offshor grid,
5,offshor grid,5: offshor grid,
5,offshor grid,5: offshor grid,
5,offshor grid,5: offshor grid,
5,offshor grid,5: offshor grid,
5,offshor grid,5: offshor grid,
5,offshor grid,5: offshor grid,
5,offshor grid,5: offshor grid,
5,offshor grid,5: offshor grid,
5,offshor grid,5: offshor grid,
5,offshor grid,5: offshor grid,
5,offshor grid,5: offshor grid,
5,offshor grid,5: offshor grid,
1,abstract avail,1: abstract avail,
1,abstract avail,1: abstract avail,
1,abstract avail,1: abstract avail,
1,abstract avail,1: abstract avail,
1,abstract avail,1: abstract avail,
1,abstract avail,1: abstract avail,
1,abstract avail,1: abstract avail,
1,abstract avail,1: abstract avail,
1,abstract avail,1: abstract avail,
1,abstract avail,1: abstract avail,
1,abstract avail,1: abstract avail,
1,abstract avail,1: abstract avail,
1,abstract avail,1: abstract avail,
1,abstract avail,1: abstract avail,
1,abstract avail,1: abstract avail,
1,abstract avail,1: abstract avail,
1,abstract avail,1: abstract avail,
1,abstract avail,1: abstract avail,
1,abstract avail,1: abstract avail,
1,abstract avail,1: abstract avail,
1,abstract avail,1: abstract avail,
1,abstract avail,1: abstract avail,
1,abstract avail,1: abstract avail,
1,abstract avail,1: abstract avail,
1,abstract avail,1: abstract avail,
1,abstract avail,1: abstract avail,
1,abstract avail,1: abstract avail,
1,abstract avail,1: abstract avail,
1,abstract avail,1: abstract avail,
1,abstract avail,1: abstract avail,
1,abstract avail,1: abstract avail,
1,abstract avail,1: abstract avail,
1,abstract avail,1: abstract avail,
1,abstract avail,1: abstract avail,
1,abstract avail,1: abstract avail,
1,abstract avail,1: abstract avail,
1,abstract avail,1: abstract avail,
1,abstract avail,1: abstract avail,
1,abstract avail,1: abstract avail,
1,abstract avail,1: abstract avail,
1,abstract avail,1: abstract avail,
1,abstract avail,1: abstract avail,
1,abstract avail,1: abstract avail,
1,abstract avail,1: abstract avail,
1,abstract avail,1: abstract avail,
1,abstract avail,1: abstract avail,
1,abstract avail,1: abstract avail,
1,abstract avail,1: abstract avail,
1,abstract avail,1: abstract avail,
1,abstract avail,1: abstract avail,
1,abstract avail,1: abstract avail,
1,abstract avail,1: abstract avail,
1,abstract avail,1: abstract avail,
1,abstract avail,1: abstract avail,
1,abstract avail,1: abstract avail,
1,abstract avail,1: abstract avail,
1,abstract avail,1: abstract avail,
1,abstract avail,1: abstract avail,
1,abstract avail,1: abstract avail,
1,abstract avail,1: abstract avail,
1,abstract avail,1: abstract avail,
1,abstract avail,1: abstract avail,
1,abstract avail,1: abstract avail,
1,abstract avail,1: abstract avail,
1,abstract avail,1: abstract avail,
1,abstract avail,1: abstract avail,
1,abstract avail,1: abstract avail,
1,abstract avail,1: abstract avail,
1,abstract avail,1: abstract avail,
1,abstract avail,1: abstract avail,
1,abstract avail,1: abstract avail,
1,abstract avail,1: abstract avail,
1,abstract avail,1: abstract avail,
1,abstract avail,1: abstract avail,
1,abstract avail,1: abstract avail,
1,abstract avail,1: abstract avail,
1,abstract avail,1: abstract avail,
1,abstract avail,1: abstract avail,
1,abstract avail,1: abstract avail,
1,abstract avail,1: abstract avail,
1,abstract avail,1: abstract avail,
5,offshor grid,5: offshor grid,
5,offshor grid,5: offshor grid,
5,offshor grid,5: offshor grid,
5,offshor grid,5: offshor grid,
5,offshor grid,5: offshor grid,
5,offshor grid,5: offshor grid,
5,offshor grid,5: offshor grid,
5,offshor grid,5: offshor grid,
5,offshor grid,5: offshor grid,
5,offshor grid,5: offshor grid,
5,offshor grid,5: offshor grid,
5,offshor grid,5: offshor grid,
5,offshor grid,5: offshor grid,
5,offshor grid,5: offshor grid,
5,offshor grid,5: offshor grid,
5,offshor grid,5: offshor grid,
5,offshor grid,5: offshor grid,
5,offshor grid,5: offshor grid,
5,offshor grid,5: offshor grid,
5,offshor grid,5: offshor grid,
5,offshor grid,5: offshor grid,
5,offshor grid,5: offshor grid,
5,offshor grid,5: offshor grid,
5,offshor grid,5: offshor grid,
5,offshor grid,5: offshor grid,
5,offshor grid,5: offshor grid,
5,offshor grid,5: offshor grid,
5,offshor grid,5: offshor grid,
5,offshor grid,5: offshor grid,
5,offshor grid,5: offshor grid,
5,offshor grid,5: offshor grid,
5,offshor grid,5: offshor grid,
5,offshor grid,5: offshor grid,
5,offshor grid,5: offshor grid,
5,offshor grid,5: offshor grid,
5,offshor grid,5: offshor grid,
5,offshor grid,5: offshor grid,
5,offshor grid,5: offshor grid,
5,offshor grid,5: offshor grid,
5,offshor grid,5: offshor grid,
5,offshor grid,5: offshor grid,
5,offshor grid,5: offshor grid,
5,offshor grid,5: offshor grid,
5,offshor grid,5: offshor grid,
5,offshor grid,5: offshor grid,
5,offshor grid,5: offshor grid,
5,offshor grid,5: offshor grid,
5,offshor grid,5: offshor grid,
5,offshor grid,5: offshor grid,
5,offshor grid,5: offshor grid,
5,offshor grid,5: offshor grid,
5,offshor grid,5: offshor grid,
5,offshor grid,5: offshor grid,
5,offshor grid,5: offshor grid,
5,offshor grid,5: offshor grid,
5,offshor grid,5: offshor grid,
5,offshor grid,5: offshor grid,
5,offshor grid,5: offshor grid,
5,offshor grid,5: offshor grid,
5,offshor grid,5: offshor grid,
5,offshor grid,5: offshor grid,
5,offshor grid,5: offshor grid,
5,offshor grid,5: offshor grid,
5,offshor grid,5: offshor grid,
5,offshor grid,5: offshor grid,
5,offshor grid,5: offshor grid,
5,offshor grid,5: offshor grid,
5,offshor grid,5: offshor grid,
5,offshor grid,5: offshor grid,
5,offshor grid,5: offshor grid,
5,offshor grid,5: offshor grid,
5,offshor grid,5: offshor grid,
5,offshor grid,5: offshor grid,
5,offshor grid,5: offshor grid,
5,offshor grid,5: offshor grid,
5,offshor grid,5: offshor grid,
5,offshor grid,5: offshor grid,
5,offshor grid,5: offshor grid,
5,offshor grid,5: offshor grid,
5,offshor grid,5: offshor grid,
5,offshor grid,5: offshor grid,
5,offshor grid,5: offshor grid,
5,offshor grid,5: offshor grid,
5,offshor grid,5: offshor grid,
5,offshor grid,5: offshor grid,
5,offshor grid,5: offshor grid,
5,offshor grid,5: offshor grid,
5,offshor grid,5: offshor grid,
5,offshor grid,5: offshor grid,
5,offshor grid,5: offshor grid,
5,offshor grid,5: offshor grid,
5,offshor grid,5: offshor grid,
5,offshor grid,5: offshor grid,
5,offshor grid,5: offshor grid,
5,offshor grid,5: offshor grid,
5,offshor grid,5: offshor grid,
5,offshor grid,5: offshor grid,
5,offshor grid,5: offshor grid,
5,offshor grid,5: offshor grid,
5,offshor grid,5: offshor grid,
5,offshor grid,5: offshor grid,
5,offshor grid,5: offshor grid,
5,offshor grid,5: offshor grid,
5,offshor grid,5: offshor grid,
5,offshor grid,5: offshor grid,
5,offshor grid,5: offshor grid,
5,offshor grid,5: offshor grid,
5,offshor grid,5: offshor grid,
5,offshor grid,5: offshor grid,
5,offshor grid,5: offshor grid,
5,offshor grid,5: offshor grid,
5,offshor grid,5: offshor grid,
5,offshor grid,5: offshor grid,
5,offshor grid,5: offshor grid,
5,offshor grid,5: offshor grid,
5,offshor grid,5: offshor grid,
5,offshor grid,5: offshor grid,
5,offshor grid,5: offshor grid,
5,offshor grid,5: offshor grid,
5,offshor grid,5: offshor grid,
5,offshor grid,5: offshor grid,
5,offshor grid,5: offshor grid,
5,offshor grid,5: offshor grid,
5,offshor grid,5: offshor grid,
5,offshor grid,5: offshor grid,
5,offshor grid,5: offshor grid,
5,offshor grid,5: offshor grid,
5,offshor grid,5: offshor grid,
5,offshor grid,5: offshor grid,
5,offshor grid,5: offshor grid,
5,offshor grid,5: offshor grid,
5,offshor grid,5: offshor grid,
5,offshor grid,5: offshor grid,
5,offshor grid,5: offshor grid,
5,offshor grid,5: offshor grid,
5,offshor grid,5: offshor grid,
5,offshor grid,5: offshor grid,
5,offshor grid,5: offshor grid,
5,offshor grid,5: offshor grid,
5,offshor grid,5: offshor grid,
5,offshor grid,5: offshor grid,
5,offshor grid,5: offshor grid,
5,offshor grid,5: offshor grid,
5,offshor grid,5: offshor grid,
5,offshor grid,5: offshor grid,
5,offshor grid,5: offshor grid,
5,offshor grid,5: offshor grid,
5,offshor grid,5: offshor grid,
5,offshor grid,5: offshor grid,
5,offshor grid,5: offshor grid,
5,offshor grid,5: offshor grid,
5,offshor grid,5: offshor grid,
5,offshor grid,5: offshor grid,
5,offshor grid,5: offshor grid,
5,offshor grid,5: offshor grid,
5,offshor grid,5: offshor grid,
5,offshor grid,5: offshor grid,
5,offshor grid,5: offshor grid,
5,offshor grid,5: offshor grid,
5,offshor grid,5: offshor grid,
5,offshor grid,5: offshor grid,
5,offshor grid,5: offshor grid,
5,offshor grid,5: offshor grid,
5,offshor grid,5: offshor grid,
5,offshor grid,5: offshor grid,
5,offshor grid,5: offshor grid,
5,offshor grid,5: offshor grid,
5,offshor grid,5: offshor grid,
5,offshor grid,5: offshor grid,
5,offshor grid,5: offshor grid,
5,offshor grid,5: offshor grid,
5,offshor grid,5: offshor grid,
5,offshor grid,5: offshor grid,
5,offshor grid,5: offshor grid,
5,offshor grid,5: offshor grid,
9,wind farm,9: wind farm,
9,wind farm,9: wind farm,
9,wind farm,9: wind farm,
9,wind farm,9: wind farm,
9,wind farm,9: wind farm,
9,wind farm,9: wind farm,
9,wind farm,9: wind farm,
9,wind farm,9: wind farm,
9,wind farm,9: wind farm,
9,wind farm,9: wind farm,
9,wind farm,9: wind farm,
9,wind farm,9: wind farm,
9,wind farm,9: wind farm,
9,wind farm,9: wind farm,
9,wind farm,9: wind farm,
9,wind farm,9: wind farm,
9,wind farm,9: wind farm,
9,wind farm,9: wind farm,
9,wind farm,9: wind farm,
9,wind farm,9: wind farm,
9,wind farm,9: wind farm,
9,wind farm,9: wind farm,
9,wind farm,9: wind farm,
9,wind farm,9: wind farm,
9,wind farm,9: wind farm,
9,wind farm,9: wind farm,
9,wind farm,9: wind farm,
9,wind farm,9: wind farm,
9,wind farm,9: wind farm,
9,wind farm,9: wind farm,
9,wind farm,9: wind farm,
9,wind farm,9: wind farm,
9,wind farm,9: wind farm,
9,wind farm,9: wind farm,
9,wind farm,9: wind farm,
9,wind farm,9: wind farm,
9,wind farm,9: wind farm,
9,wind farm,9: wind farm,
9,wind farm,9: wind farm,
9,wind farm,9: wind farm,
9,wind farm,9: wind farm,
9,wind farm,9: wind farm,
9,wind farm,9: wind farm,
9,wind farm,9: wind farm,
9,wind farm,9: wind farm,
9,wind farm,9: wind farm,
9,wind farm,9: wind farm,
9,wind farm,9: wind farm,
9,wind farm,9: wind farm,
9,wind farm,9: wind farm,
9,wind farm,9: wind farm,
9,wind farm,9: wind farm,
9,wind farm,9: wind farm,
9,wind farm,9: wind farm,
9,wind farm,9: wind farm,
9,wind farm,9: wind farm,
9,wind farm,9: wind farm,
9,wind farm,9: wind farm,
9,wind farm,9: wind farm,
9,wind farm,9: wind farm,
9,wind farm,9: wind farm,
9,wind farm,9: wind farm,
9,wind farm,9: wind farm,
9,wind farm,9: wind farm,
9,wind farm,9: wind farm,
9,wind farm,9: wind farm,
9,wind farm,9: wind farm,
9,wind farm,9: wind farm,
9,wind farm,9: wind farm,
9,wind farm,9: wind farm,
9,wind farm,9: wind farm,
9,wind farm,9: wind farm,
9,wind farm,9: wind farm,
9,wind farm,9: wind farm,
9,wind farm,9: wind farm,
9,wind farm,9: wind farm,
9,wind farm,9: wind farm,
9,wind farm,9: wind farm,
9,wind farm,9: wind farm,
9,wind farm,9: wind farm,
9,wind farm,9: wind farm,
9,wind farm,9: wind farm,
9,wind farm,9: wind farm,
9,wind farm,9: wind farm,
9,wind farm,9: wind farm,
9,wind farm,9: wind farm,
9,wind farm,9: wind farm,
9,wind farm,9: wind farm,
9,wind farm,9: wind farm,
9,wind farm,9: wind farm,
9,wind farm,9: wind farm,
9,wind farm,9: wind farm,
9,wind farm,9: wind farm,
9,wind farm,9: wind farm,
9,wind farm,9: wind farm,
9,wind farm,9: wind farm,
9,wind farm,9: wind farm,
9,wind farm,9: wind farm,
9,wind farm,9: wind farm,
9,wind farm,9: wind farm,
9,wind farm,9: wind farm,
9,wind farm,9: wind farm,
9,wind farm,9: wind farm,
9,wind farm,9: wind farm,
9,wind farm,9: wind farm,
9,wind farm,9: wind farm,
9,wind farm,9: wind farm,
9,wind farm,9: wind farm,
9,wind farm,9: wind farm,
9,wind farm,9: wind farm,
9,wind farm,9: wind farm,
9,wind farm,9: wind farm,
9,wind farm,9: wind farm,
9,wind farm,9: wind farm,
9,wind farm,9: wind farm,
9,wind farm,9: wind farm,
9,wind farm,9: wind farm,
9,wind farm,9: wind farm,
9,wind farm,9: wind farm,
9,wind farm,9: wind farm,
9,wind farm,9: wind farm,
9,wind farm,9: wind farm,
9,wind farm,9: wind farm,
9,wind farm,9: wind farm,
9,wind farm,9: wind farm,
9,wind farm,9: wind farm,
9,wind farm,9: wind farm,
9,wind farm,9: wind farm,
9,wind farm,9: wind farm,
9,wind farm,9: wind farm,
9,wind farm,9: wind farm,
9,wind farm,9: wind farm,
9,wind farm,9: wind farm,
9,wind farm,9: wind farm,
9,wind farm,9: wind farm,
9,wind farm,9: wind farm,
9,wind farm,9: wind farm,
9,wind farm,9: wind farm,
9,wind farm,9: wind farm,
9,wind farm,9: wind farm,
9,wind farm,9: wind farm,
9,wind farm,9: wind farm,
9,wind farm,9: wind farm,
9,wind farm,9: wind farm,
9,wind farm,9: wind farm,
9,wind farm,9: wind farm,
9,wind farm,9: wind farm,
9,wind farm,9: wind farm,
9,wind farm,9: wind farm,
9,wind farm,9: wind farm,
9,wind farm,9: wind farm,
9,wind farm,9: wind farm,
9,wind farm,9: wind farm,
9,wind farm,9: wind farm,
9,wind farm,9: wind farm,
9,wind farm,9: wind farm,
9,wind farm,9: wind farm,
9,wind farm,9: wind farm,
9,wind farm,9: wind farm,
9,wind farm,9: wind farm,
9,wind farm,9: wind farm,
5,offshor grid,5: offshor grid,
5,offshor grid,5: offshor grid,
5,offshor grid,5: offshor grid,
5,offshor grid,5: offshor grid,
5,offshor grid,5: offshor grid,
5,offshor grid,5: offshor grid,
5,offshor grid,5: offshor grid,
5,offshor grid,5: offshor grid,
5,offshor grid,5: offshor grid,
5,offshor grid,5: offshor grid,
5,offshor grid,5: offshor grid,
5,offshor grid,5: offshor grid,
5,offshor grid,5: offshor grid,
5,offshor grid,5: offshor grid,
5,offshor grid,5: offshor grid,
5,offshor grid,5: offshor grid,
5,offshor grid,5: offshor grid,
5,offshor grid,5: offshor grid,
5,offshor grid,5: offshor grid,
5,offshor grid,5: offshor grid,
5,offshor grid,5: offshor grid,
5,offshor grid,5: offshor grid,
5,offshor grid,5: offshor grid,
5,offshor grid,5: offshor grid,
5,offshor grid,5: offshor grid,
5,offshor grid,5: offshor grid,
5,offshor grid,5: offshor grid,
5,offshor grid,5: offshor grid,
5,offshor grid,5: offshor grid,
5,offshor grid,5: offshor grid,
5,offshor grid,5: offshor grid,
5,offshor grid,5: offshor grid,
5,offshor grid,5: offshor grid,
5,offshor grid,5: offshor grid,
5,offshor grid,5: offshor grid,
5,offshor grid,5: offshor grid,
5,offshor grid,5: offshor grid,
5,offshor grid,5: offshor grid,
5,offshor grid,5: offshor grid,
5,offshor grid,5: offshor grid,
5,offshor grid,5: offshor grid,
5,offshor grid,5: offshor grid,
5,offshor grid,5: offshor grid,
5,offshor grid,5: offshor grid,
5,offshor grid,5: offshor grid,
5,offshor grid,5: offshor grid,
5,offshor grid,5: offshor grid,
5,offshor grid,5: offshor grid,
5,offshor grid,5: offshor grid,
5,offshor grid,5: offshor grid,
5,offshor grid,5: offshor grid,
5,offshor grid,5: offshor grid,
5,offshor grid,5: offshor grid,
5,offshor grid,5: offshor grid,
5,offshor grid,5: offshor grid,
5,offshor grid,5: offshor grid,
5,offshor grid,5: offshor grid,
5,offshor grid,5: offshor grid,
5,offshor grid,5: offshor grid,
5,offshor grid,5: offshor grid,
5,offshor grid,5: offshor grid,
5,offshor grid,5: offshor grid,
5,offshor grid,5: offshor grid,
5,offshor grid,5: offshor grid,
5,offshor grid,5: offshor grid,
5,offshor grid,5: offshor grid,
5,offshor grid,5: offshor grid,
5,offshor grid,5: offshor grid,
5,offshor grid,5: offshor grid,
5,offshor grid,5: offshor grid,
5,offshor grid,5: offshor grid,
5,offshor grid,5: offshor grid,
5,offshor grid,5: offshor grid,
5,offshor grid,5: offshor grid,
5,offshor grid,5: offshor grid,
5,offshor grid,5: offshor grid,
5,offshor grid,5: offshor grid,
5,offshor grid,5: offshor grid,
5,offshor grid,5: offshor grid,
5,offshor grid,5: offshor grid,
5,offshor grid,5: offshor grid,
5,offshor grid,5: offshor grid,
5,offshor grid,5: offshor grid,
5,offshor grid,5: offshor grid,
5,offshor grid,5: offshor grid,
5,offshor grid,5: offshor grid,
5,offshor grid,5: offshor grid,
5,offshor grid,5: offshor grid,
5,offshor grid,5: offshor grid,
5,offshor grid,5: offshor grid,
5,offshor grid,5: offshor grid,
5,offshor grid,5: offshor grid,
5,offshor grid,5: offshor grid,
5,offshor grid,5: offshor grid,
5,offshor grid,5: offshor grid,
5,offshor grid,5: offshor grid,
5,offshor grid,5: offshor grid,
5,offshor grid,5: offshor grid,
5,offshor grid,5: offshor grid,
5,offshor grid,5: offshor grid,
5,offshor grid,5: offshor grid,
5,offshor grid,5: offshor grid,
5,offshor grid,5: offshor grid,
5,offshor grid,5: offshor grid,
5,offshor grid,5: offshor grid,
5,offshor grid,5: offshor grid,
5,offshor grid,5: offshor grid,
5,offshor grid,5: offshor grid,
5,offshor grid,5: offshor grid,
5,offshor grid,5: offshor grid,
5,offshor grid,5: offshor grid,
5,offshor grid,5: offshor grid,
5,offshor grid,5: offshor grid,
5,offshor grid,5: offshor grid,
5,offshor grid,5: offshor grid,
5,offshor grid,5: offshor grid,
5,offshor grid,5: offshor grid,
5,offshor grid,5: offshor grid,
5,offshor grid,5: offshor grid,
5,offshor grid,5: offshor grid,
5,offshor grid,5: offshor grid,
5,offshor grid,5: offshor grid,
5,offshor grid,5: offshor grid,
5,offshor grid,5: offshor grid,
5,offshor grid,5: offshor grid,
5,offshor grid,5: offshor grid,
5,offshor grid,5: offshor grid,
5,offshor grid,5: offshor grid,
5,offshor grid,5: offshor grid,
5,offshor grid,5: offshor grid,
5,offshor grid,5: offshor grid,
5,offshor grid,5: offshor grid,
5,offshor grid,5: offshor grid,
5,offshor grid,5: offshor grid,
5,offshor grid,5: offshor grid,
5,offshor grid,5: offshor grid,
5,offshor grid,5: offshor grid,
5,offshor grid,5: offshor grid,
5,offshor grid,5: offshor grid,
5,offshor grid,5: offshor grid,
5,offshor grid,5: offshor grid,
5,offshor grid,5: offshor grid,
5,offshor grid,5: offshor grid,
5,offshor grid,5: offshor grid,
5,offshor grid,5: offshor grid,
5,offshor grid,5: offshor grid,
5,offshor grid,5: offshor grid,
5,offshor grid,5: offshor grid,
5,offshor grid,5: offshor grid,
5,offshor grid,5: offshor grid,
5,offshor grid,5: offshor grid,
5,offshor grid,5: offshor grid,
5,offshor grid,5: offshor grid,
5,offshor grid,5: offshor grid,
5,offshor grid,5: offshor grid,
5,offshor grid,5: offshor grid,
5,offshor grid,5: offshor grid,
5,offshor grid,5: offshor grid,
5,offshor grid,5: offshor grid,
5,offshor grid,5: offshor grid,
5,offshor grid,5: offshor grid,
5,offshor grid,5: offshor grid,
5,offshor grid,5: offshor grid,
5,offshor grid,5: offshor grid,
5,offshor grid,5: offshor grid,
5,offshor grid,5: offshor grid,
5,offshor grid,5: offshor grid,
5,offshor grid,5: offshor grid,
5,offshor grid,5: offshor grid,
5,offshor grid,5: offshor grid,
5,offshor grid,5: offshor grid,
5,offshor grid,5: offshor grid,
5,offshor grid,5: offshor grid,
5,offshor grid,5: offshor grid,
5,offshor grid,5: offshor grid,
5,offshor grid,5: offshor grid,
5,offshor grid,5: offshor grid,
5,offshor grid,5: offshor grid,
5,offshor grid,5: offshor grid,
5,offshor grid,5: offshor grid,
5,offshor grid,5: offshor grid,
5,offshor grid,5: offshor grid,
5,offshor grid,5: offshor grid,
5,offshor grid,5: offshor grid,
5,offshor grid,5: offshor grid,
5,offshor grid,5: offshor grid,
5,offshor grid,5: offshor grid,
5,offshor grid,5: offshor grid,
5,offshor grid,5: offshor grid,
5,offshor grid,5: offshor grid,
5,offshor grid,5: offshor grid,
5,offshor grid,5: offshor grid,
5,offshor grid,5: offshor grid,
5,offshor grid,5: offshor grid,
5,offshor grid,5: offshor grid,
5,offshor grid,5: offshor grid,
5,offshor grid,5: offshor grid,
5,offshor grid,5: offshor grid,
5,offshor grid,5: offshor grid,
5,offshor grid,5: offshor grid,
5,offshor grid,5: offshor grid,
5,offshor grid,5: offshor grid,
5,offshor grid,5: offshor grid,
5,offshor grid,5: offshor grid,
5,offshor grid,5: offshor grid,
5,offshor grid,5: offshor grid,
5,offshor grid,5: offshor grid,
5,offshor grid,5: offshor grid,
5,offshor grid,5: offshor grid,
5,offshor grid,5: offshor grid,
5,offshor grid,5: offshor grid,
5,offshor grid,5: offshor grid,
5,offshor grid,5: offshor grid,
5,offshor grid,5: offshor grid,
5,offshor grid,5: offshor grid,
5,offshor grid,5: offshor grid,
5,offshor grid,5: offshor grid,
5,offshor grid,5: offshor grid,
5,offshor grid,5: offshor grid,
5,offshor grid,5: offshor grid,
5,offshor grid,5: offshor grid,
5,offshor grid,5: offshor grid,
5,offshor grid,5: offshor grid,
5,offshor grid,5: offshor grid,
5,offshor grid,5: offshor grid,
5,offshor grid,5: offshor grid,
5,offshor grid,5: offshor grid,
5,offshor grid,5: offshor grid,
5,offshor grid,5: offshor grid,
5,offshor grid,5: offshor grid,
5,offshor grid,5: offshor grid,
5,offshor grid,5: offshor grid,
5,offshor grid,5: offshor grid,
5,offshor grid,5: offshor grid,
5,offshor grid,5: offshor grid,
5,offshor grid,5: offshor grid,
5,offshor grid,5: offshor grid,
5,offshor grid,5: offshor grid,
5,offshor grid,5: offshor grid,
5,offshor grid,5: offshor grid,
5,offshor grid,5: offshor grid,
5,offshor grid,5: offshor grid,
5,offshor grid,5: offshor grid,
5,offshor grid,5: offshor grid,
5,offshor grid,5: offshor grid,
5,offshor grid,5: offshor grid,
5,offshor grid,5: offshor grid,
5,offshor grid,5: offshor grid,
5,offshor grid,5: offshor grid,
5,offshor grid,5: offshor grid,
5,offshor grid,5: offshor grid,
5,offshor grid,5: offshor grid,
5,offshor grid,5: offshor grid,
5,offshor grid,5: offshor grid,
5,offshor grid,5: offshor grid,
5,offshor grid,5: offshor grid,
5,offshor grid,5: offshor grid,
5,offshor grid,5: offshor grid,
5,offshor grid,5: offshor grid,
5,offshor grid,5: offshor grid,
5,offshor grid,5: offshor grid,
5,offshor grid,5: offshor grid,
5,offshor grid,5: offshor grid,
5,offshor grid,5: offshor grid,
5,offshor grid,5: offshor grid,
5,offshor grid,5: offshor grid,
5,offshor grid,5: offshor grid,
5,offshor grid,5: offshor grid,
5,offshor grid,5: offshor grid,
5,offshor grid,5: offshor grid,
5,offshor grid,5: offshor grid,
5,offshor grid,5: offshor grid,
5,offshor grid,5: offshor grid,
5,offshor grid,5: offshor grid,
5,offshor grid,5: offshor grid,
5,offshor grid,5: offshor grid,
5,offshor grid,5: offshor grid,
5,offshor grid,5: offshor grid,
5,offshor grid,5: offshor grid,
5,offshor grid,5: offshor grid,
5,offshor grid,5: offshor grid,
5,offshor grid,5: offshor grid,
5,offshor grid,5: offshor grid,
5,offshor grid,5: offshor grid,
5,offshor grid,5: offshor grid,
5,offshor grid,5: offshor grid,
5,offshor grid,5: offshor grid,
5,offshor grid,5: offshor grid,
5,offshor grid,5: offshor grid,
5,offshor grid,5: offshor grid,
5,offshor grid,5: offshor grid,
5,offshor grid,5: offshor grid,
5,offshor grid,5: offshor grid,
5,offshor grid,5: offshor grid,
5,offshor grid,5: offshor grid,
5,offshor grid,5: offshor grid,
5,offshor grid,5: offshor grid,
5,offshor grid,5: offshor grid,
5,offshor grid,5: offshor grid,
5,offshor grid,5: offshor grid,
5,offshor grid,5: offshor grid,
5,offshor grid,5: offshor grid,
5,offshor grid,5: offshor grid,
5,offshor grid,5: offshor grid,
5,offshor grid,5: offshor grid,
5,offshor grid,5: offshor grid,
5,offshor grid,5: offshor grid,
5,offshor grid,5: offshor grid,
5,offshor grid,5: offshor grid,
5,offshor grid,5: offshor grid,
5,offshor grid,5: offshor grid,
5,offshor grid,5: offshor grid,
5,offshor grid,5: offshor grid,
5,offshor grid,5: offshor grid,
5,offshor grid,5: offshor grid,
5,offshor grid,5: offshor grid,
5,offshor grid,5: offshor grid,
5,offshor grid,5: offshor grid,
5,offshor grid,5: offshor grid,
5,offshor grid,5: offshor grid,
5,offshor grid,5: offshor grid,
5,offshor grid,5: offshor grid,
5,offshor grid,5: offshor grid,
5,offshor grid,5: offshor grid,
5,offshor grid,5: offshor grid,
5,offshor grid,5: offshor grid,
5,offshor grid,5: offshor grid,
5,offshor grid,5: offshor grid,
5,offshor grid,5: offshor grid,
5,offshor grid,5: offshor grid,
5,offshor grid,5: offshor grid,
5,offshor grid,5: offshor grid,
5,offshor grid,5: offshor grid,
5,offshor grid,5: offshor grid,
5,offshor grid,5: offshor grid,
5,offshor grid,5: offshor grid,
5,offshor grid,5: offshor grid,
5,offshor grid,5: offshor grid,
5,offshor grid,5: offshor grid,
5,offshor grid,5: offshor grid,
5,offshor grid,5: offshor grid,
5,offshor grid,5: offshor grid,
5,offshor grid,5: offshor grid,
5,offshor grid,5: offshor grid,
5,offshor grid,5: offshor grid,
5,offshor grid,5: offshor grid,
5,offshor grid,5: offshor grid,
5,offshor grid,5: offshor grid,
5,offshor grid,5: offshor grid,
5,offshor grid,5: offshor grid,
5,offshor grid,5: offshor grid,
5,offshor grid,5: offshor grid,
5,offshor grid,5: offshor grid,
5,offshor grid,5: offshor grid,
5,offshor grid,5: offshor grid,
5,offshor grid,5: offshor grid,
5,offshor grid,5: offshor grid,
5,offshor grid,5: offshor grid,
5,offshor grid,5: offshor grid,
5,offshor grid,5: offshor grid,
5,offshor grid,5: offshor grid,
5,offshor grid,5: offshor grid,
5,offshor grid,5: offshor grid,
5,offshor grid,5: offshor grid,
5,offshor grid,5: offshor grid,
5,offshor grid,5: offshor grid,
5,offshor grid,5: offshor grid,
5,offshor grid,5: offshor grid,
5,offshor grid,5: offshor grid,
5,offshor grid,5: offshor grid,
5,offshor grid,5: offshor grid,
5,offshor grid,5: offshor grid,
5,offshor grid,5: offshor grid,
5,offshor grid,5: offshor grid,
5,offshor grid,5: offshor grid,
5,offshor grid,5: offshor grid,
5,offshor grid,5: offshor grid,
5,offshor grid,5: offshor grid,
5,offshor grid,5: offshor grid,
5,offshor grid,5: offshor grid,
5,offshor grid,5: offshor grid,
5,offshor grid,5: offshor grid,
5,offshor grid,5: offshor grid,
5,offshor grid,5: offshor grid,
5,offshor grid,5: offshor grid,
5,offshor grid,5: offshor grid,
5,offshor grid,5: offshor grid,
5,offshor grid,5: offshor grid,
5,offshor grid,5: offshor grid,
5,offshor grid,5: offshor grid,
5,offshor grid,5: offshor grid,
5,offshor grid,5: offshor grid,
5,offshor grid,5: offshor grid,
5,offshor grid,5: offshor grid,
5,offshor grid,5: offshor grid,
5,offshor grid,5: offshor grid,
5,offshor grid,5: offshor grid,
5,offshor grid,5: offshor grid,
5,offshor grid,5: offshor grid,
5,offshor grid,5: offshor grid,
5,offshor grid,5: offshor grid,
5,offshor grid,5: offshor grid,
5,offshor grid,5: offshor grid,
5,offshor grid,5: offshor grid,
5,offshor grid,5: offshor grid,
5,offshor grid,5: offshor grid,
5,offshor grid,5: offshor grid,
5,offshor grid,5: offshor grid,
5,offshor grid,5: offshor grid,
5,offshor grid,5: offshor grid,
5,offshor grid,5: offshor grid,
5,offshor grid,5: offshor grid,
5,offshor grid,5: offshor grid,
5,offshor grid,5: offshor grid,
5,offshor grid,5: offshor grid,
5,offshor grid,5: offshor grid,
5,offshor grid,5: offshor grid,
5,offshor grid,5: offshor grid,
5,offshor grid,5: offshor grid,
5,offshor grid,5: offshor grid,
5,offshor grid,5: offshor grid,
5,offshor grid,5: offshor grid,
5,offshor grid,5: offshor grid,
5,offshor grid,5: offshor grid,
5,offshor grid,5: offshor grid,
5,offshor grid,5: offshor grid,
5,offshor grid,5: offshor grid,
5,offshor grid,5: offshor grid,
5,offshor grid,5: offshor grid,
5,offshor grid,5: offshor grid,
5,offshor grid,5: offshor grid,
5,offshor grid,5: offshor grid,
5,offshor grid,5: offshor grid,
5,offshor grid,5: offshor grid,
5,offshor grid,5: offshor grid,
5,offshor grid,5: offshor grid,
5,offshor grid,5: offshor grid,
5,offshor grid,5: offshor grid,
5,offshor grid,5: offshor grid,
5,offshor grid,5: offshor grid,
5,offshor grid,5: offshor grid,
5,offshor grid,5: offshor grid,
5,offshor grid,5: offshor grid,
5,offshor grid,5: offshor grid,
5,offshor grid,5: offshor grid,
5,offshor grid,5: offshor grid,
5,offshor grid,5: offshor grid,
5,offshor grid,5: offshor grid,
5,offshor grid,5: offshor grid,
5,offshor grid,5: offshor grid,
5,offshor grid,5: offshor grid,
5,offshor grid,5: offshor grid,
5,offshor grid,5: offshor grid,
5,offshor grid,5: offshor grid,
5,offshor grid,5: offshor grid,
5,offshor grid,5: offshor grid,
5,offshor grid,5: offshor grid,
5,offshor grid,5: offshor grid,
5,offshor grid,5: offshor grid,
5,offshor grid,5: offshor grid,
5,offshor grid,5: offshor grid,
5,offshor grid,5: offshor grid,
5,offshor grid,5: offshor grid,
5,offshor grid,5: offshor grid,
5,offshor grid,5: offshor grid,
5,offshor grid,5: offshor grid,
5,offshor grid,5: offshor grid,
5,offshor grid,5: offshor grid,
5,offshor grid,5: offshor grid,
5,offshor grid,5: offshor grid,
5,offshor grid,5: offshor grid,
5,offshor grid,5: offshor grid,
5,offshor grid,5: offshor grid,
5,offshor grid,5: offshor grid,
5,offshor grid,5: offshor grid,
5,offshor grid,5: offshor grid,
5,offshor grid,5: offshor grid,
5,offshor grid,5: offshor grid,
5,offshor grid,5: offshor grid,
5,offshor grid,5: offshor grid,
5,offshor grid,5: offshor grid,
5,offshor grid,5: offshor grid,
5,offshor grid,5: offshor grid,
5,offshor grid,5: offshor grid,
5,offshor grid,5: offshor grid,
5,offshor grid,5: offshor grid,
5,offshor grid,5: offshor grid,
5,offshor grid,5: offshor grid,
5,offshor grid,5: offshor grid,
5,offshor grid,5: offshor grid,
5,offshor grid,5: offshor grid,
5,offshor grid,5: offshor grid,
5,offshor grid,5: offshor grid,
5,offshor grid,5: offshor grid,
5,offshor grid,5: offshor grid,
5,offshor grid,5: offshor grid,
5,offshor grid,5: offshor grid,
5,offshor grid,5: offshor grid,
5,offshor grid,5: offshor grid,
5,offshor grid,5: offshor grid,
5,offshor grid,5: offshor grid,
5,offshor grid,5: offshor grid,
5,offshor grid,5: offshor grid,
5,offshor grid,5: offshor grid,
5,offshor grid,5: offshor grid,
5,offshor grid,5: offshor grid,
5,offshor grid,5: offshor grid,
5,offshor grid,5: offshor grid,
5,offshor grid,5: offshor grid,
5,offshor grid,5: offshor grid,
5,offshor grid,5: offshor grid,
5,offshor grid,5: offshor grid,
5,offshor grid,5: offshor grid,
5,offshor grid,5: offshor grid,
5,offshor grid,5: offshor grid,
5,offshor grid,5: offshor grid,
5,offshor grid,5: offshor grid,
5,offshor grid,5: offshor grid,
5,offshor grid,5: offshor grid,
5,offshor grid,5: offshor grid,
5,offshor grid,5: offshor grid,
5,offshor grid,5: offshor grid,
5,offshor grid,5: offshor grid,
5,offshor grid,5: offshor grid,
5,offshor grid,5: offshor grid,
5,offshor grid,5: offshor grid,
5,offshor grid,5: offshor grid,
5,offshor grid,5: offshor grid,
5,offshor grid,5: offshor grid,
5,offshor grid,5: offshor grid,
5,offshor grid,5: offshor grid,
5,offshor grid,5: offshor grid,
5,offshor grid,5: offshor grid,
5,offshor grid,5: offshor grid,
5,offshor grid,5: offshor grid,
5,offshor grid,5: offshor grid,
5,offshor grid,5: offshor grid,
5,offshor grid,5: offshor grid,
5,offshor grid,5: offshor grid,
5,offshor grid,5: offshor grid,
5,offshor grid,5: offshor grid,
5,offshor grid,5: offshor grid,
5,offshor grid,5: offshor grid,
5,offshor grid,5: offshor grid,
5,offshor grid,5: offshor grid,
5,offshor grid,5: offshor grid,
5,offshor grid,5: offshor grid,
5,offshor grid,5: offshor grid,
5,offshor grid,5: offshor grid,
5,offshor grid,5: offshor grid,
5,offshor grid,5: offshor grid,
5,offshor grid,5: offshor grid,
5,offshor grid,5: offshor grid,
5,offshor grid,5: offshor grid,
5,offshor grid,5: offshor grid,
5,offshor grid,5: offshor grid,
5,offshor grid,5: offshor grid,
5,offshor grid,5: offshor grid,
5,offshor grid,5: offshor grid,
5,offshor grid,5: offshor grid,
5,offshor grid,5: offshor grid,
5,offshor grid,5: offshor grid,
5,offshor grid,5: offshor grid,
5,offshor grid,5: offshor grid,
5,offshor grid,5: offshor grid,
5,offshor grid,5: offshor grid,
5,offshor grid,5: offshor grid,
5,offshor grid,5: offshor grid,
5,offshor grid,5: offshor grid,
5,offshor grid,5: offshor grid,
5,offshor grid,5: offshor grid,
5,offshor grid,5: offshor grid,
5,offshor grid,5: offshor grid,
5,offshor grid,5: offshor grid,
5,offshor grid,5: offshor grid,
5,offshor grid,5: offshor grid,
5,offshor grid,5: offshor grid,
5,offshor grid,5: offshor grid,
5,offshor grid,5: offshor grid,
5,offshor grid,5: offshor grid,
5,offshor grid,5: offshor grid,
5,offshor grid,5: offshor grid,
5,offshor grid,5: offshor grid,
5,offshor grid,5: offshor grid,
5,offshor grid,5: offshor grid,
5,offshor grid,5: offshor grid,
5,offshor grid,5: offshor grid,
5,offshor grid,5: offshor grid,
5,offshor grid,5: offshor grid,
5,offshor grid,5: offshor grid,
5,offshor grid,5: offshor grid,
5,offshor grid,5: offshor grid,
5,offshor grid,5: offshor grid,
5,offshor grid,5: offshor grid,
5,offshor grid,5: offshor grid,
5,offshor grid,5: offshor grid,
5,offshor grid,5: offshor grid,
5,offshor grid,5: offshor grid,
5,offshor grid,5: offshor grid,
5,offshor grid,5: offshor grid,
5,offshor grid,5: offshor grid,
5,offshor grid,5: offshor grid,
5,offshor grid,5: offshor grid,
5,offshor grid,5: offshor grid,
5,offshor grid,5: offshor grid,
5,offshor grid,5: offshor grid,
5,offshor grid,5: offshor grid,
5,offshor grid,5: offshor grid,
5,offshor grid,5: offshor grid,
5,offshor grid,5: offshor grid,
5,offshor grid,5: offshor grid,
5,offshor grid,5: offshor grid,
5,offshor grid,5: offshor grid,
5,offshor grid,5: offshor grid,
5,offshor grid,5: offshor grid,
5,offshor grid,5: offshor grid,
5,offshor grid,5: offshor grid,
5,offshor grid,5: offshor grid,
5,offshor grid,5: offshor grid,
5,offshor grid,5: offshor grid,
5,offshor grid,5: offshor grid,
5,offshor grid,5: offshor grid,
5,offshor grid,5: offshor grid,
5,offshor grid,5: offshor grid,
5,offshor grid,5: offshor grid,
5,offshor grid,5: offshor grid,
5,offshor grid,5: offshor grid,
5,offshor grid,5: offshor grid,
5,offshor grid,5: offshor grid,
5,offshor grid,5: offshor grid,
5,offshor grid,5: offshor grid,
5,offshor grid,5: offshor grid,
5,offshor grid,5: offshor grid,
5,offshor grid,5: offshor grid,
5,offshor grid,5: offshor grid,
5,offshor grid,5: offshor grid,
5,offshor grid,5: offshor grid,
5,offshor grid,5: offshor grid,
5,offshor grid,5: offshor grid,
5,offshor grid,5: offshor grid,
5,offshor grid,5: offshor grid,
5,offshor grid,5: offshor grid,
5,offshor grid,5: offshor grid,
5,offshor grid,5: offshor grid,
5,offshor grid,5: offshor grid,
5,offshor grid,5: offshor grid,
5,offshor grid,5: offshor grid,
5,offshor grid,5: offshor grid,
5,offshor grid,5: offshor grid,
5,offshor grid,5: offshor grid,
5,offshor grid,5: offshor grid,
5,offshor grid,5: offshor grid,
5,offshor grid,5: offshor grid,
5,offshor grid,5: offshor grid,
5,offshor grid,5: offshor grid,
5,offshor grid,5: offshor grid,
5,offshor grid,5: offshor grid,
5,offshor grid,5: offshor grid,
5,offshor grid,5: offshor grid,
5,offshor grid,5: offshor grid,
5,offshor grid,5: offshor grid,
5,offshor grid,5: offshor grid,
5,offshor grid,5: offshor grid,
5,offshor grid,5: offshor grid,
5,offshor grid,5: offshor grid,
5,offshor grid,5: offshor grid,
5,offshor grid,5: offshor grid,
5,offshor grid,5: offshor grid,
5,offshor grid,5: offshor grid,
5,offshor grid,5: offshor grid,
5,offshor grid,5: offshor grid,
5,offshor grid,5: offshor grid,
5,offshor grid,5: offshor grid,
5,offshor grid,5: offshor grid,
5,offshor grid,5: offshor grid,
5,offshor grid,5: offshor grid,
5,offshor grid,5: offshor grid,
5,offshor grid,5: offshor grid,
5,offshor grid,5: offshor grid,
5,offshor grid,5: offshor grid,
5,offshor grid,5: offshor grid,
5,offshor grid,5: offshor grid,
5,offshor grid,5: offshor grid,
5,offshor grid,5: offshor grid,
5,offshor grid,5: offshor grid,
5,offshor grid,5: offshor grid,
5,offshor grid,5: offshor grid,
5,offshor grid,5: offshor grid,
5,offshor grid,5: offshor grid,
5,offshor grid,5: offshor grid,
5,offshor grid,5: offshor grid,
5,offshor grid,5: offshor grid,
5,offshor grid,5: offshor grid,
5,offshor grid,5: offshor grid,
5,offshor grid,5: offshor grid,
5,offshor grid,5: offshor grid,
5,offshor grid,5: offshor grid,
5,offshor grid,5: offshor grid,
5,offshor grid,5: offshor grid,
5,offshor grid,5: offshor grid,
9,wind farm,9: wind farm,
9,wind farm,9: wind farm,
9,wind farm,9: wind farm,
9,wind farm,9: wind farm,
9,wind farm,9: wind farm,
9,wind farm,9: wind farm,
9,wind farm,9: wind farm,
9,wind farm,9: wind farm,
9,wind farm,9: wind farm,
9,wind farm,9: wind farm,
9,wind farm,9: wind farm,
9,wind farm,9: wind farm,
9,wind farm,9: wind farm,
9,wind farm,9: wind farm,
9,wind farm,9: wind farm,
9,wind farm,9: wind farm,
9,wind farm,9: wind farm,
9,wind farm,9: wind farm,
9,wind farm,9: wind farm,
9,wind farm,9: wind farm,
9,wind farm,9: wind farm,
9,wind farm,9: wind farm,
9,wind farm,9: wind farm,
9,wind farm,9: wind farm,
9,wind farm,9: wind farm,
9,wind farm,9: wind farm,
9,wind farm,9: wind farm,
9,wind farm,9: wind farm,
9,wind farm,9: wind farm,
9,wind farm,9: wind farm,
9,wind farm,9: wind farm,
9,wind farm,9: wind farm,
9,wind farm,9: wind farm,
9,wind farm,9: wind farm,
9,wind farm,9: wind farm,
9,wind farm,9: wind farm,
9,wind farm,9: wind farm,
9,wind farm,9: wind farm,
9,wind farm,9: wind farm,
9,wind farm,9: wind farm,
9,wind farm,9: wind farm,
9,wind farm,9: wind farm,
9,wind farm,9: wind farm,
9,wind farm,9: wind farm,
9,wind farm,9: wind farm,
9,wind farm,9: wind farm,
9,wind farm,9: wind farm,
9,wind farm,9: wind farm,
9,wind farm,9: wind farm,
9,wind farm,9: wind farm,
9,wind farm,9: wind farm,
9,wind farm,9: wind farm,
9,wind farm,9: wind farm,
9,wind farm,9: wind farm,
9,wind farm,9: wind farm,
9,wind farm,9: wind farm,
9,wind farm,9: wind farm,
9,wind farm,9: wind farm,
9,wind farm,9: wind farm,
9,wind farm,9: wind farm,
9,wind farm,9: wind farm,
9,wind farm,9: wind farm,
9,wind farm,9: wind farm,
9,wind farm,9: wind farm,
9,wind farm,9: wind farm,
9,wind farm,9: wind farm,
9,wind farm,9: wind farm,
9,wind farm,9: wind farm,
9,wind farm,9: wind farm,
9,wind farm,9: wind farm,
9,wind farm,9: wind farm,
9,wind farm,9: wind farm,
9,wind farm,9: wind farm,
9,wind farm,9: wind farm,
9,wind farm,9: wind farm,
9,wind farm,9: wind farm,
9,wind farm,9: wind farm,
9,wind farm,9: wind farm,
9,wind farm,9: wind farm,
9,wind farm,9: wind farm,
9,wind farm,9: wind farm,
9,wind farm,9: wind farm,
9,wind farm,9: wind farm,
9,wind farm,9: wind farm,
9,wind farm,9: wind farm,
9,wind farm,9: wind farm,
9,wind farm,9: wind farm,
9,wind farm,9: wind farm,
9,wind farm,9: wind farm,
9,wind farm,9: wind farm,
9,wind farm,9: wind farm,
9,wind farm,9: wind farm,
9,wind farm,9: wind farm,
9,wind farm,9: wind farm,
9,wind farm,9: wind farm,
9,wind farm,9: wind farm,
9,wind farm,9: wind farm,
9,wind farm,9: wind farm,
9,wind farm,9: wind farm,
9,wind farm,9: wind farm,
9,wind farm,9: wind farm,
9,wind farm,9: wind farm,
9,wind farm,9: wind farm,
9,wind farm,9: wind farm,
9,wind farm,9: wind farm,
9,wind farm,9: wind farm,
9,wind farm,9: wind farm,
9,wind farm,9: wind farm,
9,wind farm,9: wind farm,
9,wind farm,9: wind farm,
9,wind farm,9: wind farm,
9,wind farm,9: wind farm,
9,wind farm,9: wind farm,
9,wind farm,9: wind farm,
9,wind farm,9: wind farm,
9,wind farm,9: wind farm,
9,wind farm,9: wind farm,
9,wind farm,9: wind farm,
9,wind farm,9: wind farm,
9,wind farm,9: wind farm,
9,wind farm,9: wind farm,
9,wind farm,9: wind farm,
9,wind farm,9: wind farm,
9,wind farm,9: wind farm,
9,wind farm,9: wind farm,
9,wind farm,9: wind farm,
9,wind farm,9: wind farm,
9,wind farm,9: wind farm,
9,wind farm,9: wind farm,
9,wind farm,9: wind farm,
9,wind farm,9: wind farm,
9,wind farm,9: wind farm,
9,wind farm,9: wind farm,
9,wind farm,9: wind farm,
9,wind farm,9: wind farm,
9,wind farm,9: wind farm,
9,wind farm,9: wind farm,
9,wind farm,9: wind farm,
9,wind farm,9: wind farm,
9,wind farm,9: wind farm,
9,wind farm,9: wind farm,
9,wind farm,9: wind farm,
9,wind farm,9: wind farm,
9,wind farm,9: wind farm,
9,wind farm,9: wind farm,
9,wind farm,9: wind farm,
9,wind farm,9: wind farm,
9,wind farm,9: wind farm,
9,wind farm,9: wind farm,
9,wind farm,9: wind farm,
9,wind farm,9: wind farm,
9,wind farm,9: wind farm,
9,wind farm,9: wind farm,
9,wind farm,9: wind farm,
9,wind farm,9: wind farm,
9,wind farm,9: wind farm,
9,wind farm,9: wind farm,
9,wind farm,9: wind farm,
9,wind farm,9: wind farm,
9,wind farm,9: wind farm,
9,wind farm,9: wind farm,
3,offshor wind,3: offshor wind,
3,offshor wind,3: offshor wind,
3,offshor wind,3: offshor wind,
3,offshor wind,3: offshor wind,
3,offshor wind,3: offshor wind,
3,offshor wind,3: offshor wind,
3,offshor wind,3: offshor wind,
3,offshor wind,3: offshor wind,
3,offshor wind,3: offshor wind,
3,offshor wind,3: offshor wind,
3,offshor wind,3: offshor wind,
3,offshor wind,3: offshor wind,
3,offshor wind,3: offshor wind,
3,offshor wind,3: offshor wind,
3,offshor wind,3: offshor wind,
3,offshor wind,3: offshor wind,
3,offshor wind,3: offshor wind,
3,offshor wind,3: offshor wind,
3,offshor wind,3: offshor wind,
3,offshor wind,3: offshor wind,
3,offshor wind,3: offshor wind,
3,offshor wind,3: offshor wind,
3,offshor wind,3: offshor wind,
3,offshor wind,3: offshor wind,
3,offshor wind,3: offshor wind,
3,offshor wind,3: offshor wind,
3,offshor wind,3: offshor wind,
3,offshor wind,3: offshor wind,
3,offshor wind,3: offshor wind,
3,offshor wind,3: offshor wind,
3,offshor wind,3: offshor wind,
3,offshor wind,3: offshor wind,
3,offshor wind,3: offshor wind,
3,offshor wind,3: offshor wind,
3,offshor wind,3: offshor wind,
3,offshor wind,3: offshor wind,
3,offshor wind,3: offshor wind,
3,offshor wind,3: offshor wind,
3,offshor wind,3: offshor wind,
3,offshor wind,3: offshor wind,
3,offshor wind,3: offshor wind,
3,offshor wind,3: offshor wind,
3,offshor wind,3: offshor wind,
3,offshor wind,3: offshor wind,
3,offshor wind,3: offshor wind,
3,offshor wind,3: offshor wind,
3,offshor wind,3: offshor wind,
3,offshor wind,3: offshor wind,
3,offshor wind,3: offshor wind,
3,offshor wind,3: offshor wind,
3,offshor wind,3: offshor wind,
3,offshor wind,3: offshor wind,
3,offshor wind,3: offshor wind,
3,offshor wind,3: offshor wind,
3,offshor wind,3: offshor wind,
3,offshor wind,3: offshor wind,
3,offshor wind,3: offshor wind,
3,offshor wind,3: offshor wind,
3,offshor wind,3: offshor wind,
3,offshor wind,3: offshor wind,
3,offshor wind,3: offshor wind,
3,offshor wind,3: offshor wind,
3,offshor wind,3: offshor wind,
3,offshor wind,3: offshor wind,
3,offshor wind,3: offshor wind,
3,offshor wind,3: offshor wind,
3,offshor wind,3: offshor wind,
3,offshor wind,3: offshor wind,
3,offshor wind,3: offshor wind,
3,offshor wind,3: offshor wind,
3,offshor wind,3: offshor wind,
3,offshor wind,3: offshor wind,
3,offshor wind,3: offshor wind,
3,offshor wind,3: offshor wind,
3,offshor wind,3: offshor wind,
3,offshor wind,3: offshor wind,
3,offshor wind,3: offshor wind,
3,offshor wind,3: offshor wind,
3,offshor wind,3: offshor wind,
3,offshor wind,3: offshor wind,
3,offshor wind,3: offshor wind,
3,offshor wind,3: offshor wind,
3,offshor wind,3: offshor wind,
3,offshor wind,3: offshor wind,
3,offshor wind,3: offshor wind,
3,offshor wind,3: offshor wind,
3,offshor wind,3: offshor wind,
3,offshor wind,3: offshor wind,
3,offshor wind,3: offshor wind,
3,offshor wind,3: offshor wind,
3,offshor wind,3: offshor wind,
3,offshor wind,3: offshor wind,
3,offshor wind,3: offshor wind,
3,offshor wind,3: offshor wind,
3,offshor wind,3: offshor wind,
3,offshor wind,3: offshor wind,
3,offshor wind,3: offshor wind,
3,offshor wind,3: offshor wind,
3,offshor wind,3: offshor wind,
3,offshor wind,3: offshor wind,
3,offshor wind,3: offshor wind,
3,offshor wind,3: offshor wind,
3,offshor wind,3: offshor wind,
3,offshor wind,3: offshor wind,
3,offshor wind,3: offshor wind,
3,offshor wind,3: offshor wind,
3,offshor wind,3: offshor wind,
3,offshor wind,3: offshor wind,
3,offshor wind,3: offshor wind,
3,offshor wind,3: offshor wind,
3,offshor wind,3: offshor wind,
3,offshor wind,3: offshor wind,
3,offshor wind,3: offshor wind,
7,renew energi,7: renew energi,
7,renew energi,7: renew energi,
7,renew energi,7: renew energi,
7,renew energi,7: renew energi,
7,renew energi,7: renew energi,
7,renew energi,7: renew energi,
7,renew energi,7: renew energi,
7,renew energi,7: renew energi,
7,renew energi,7: renew energi,
7,renew energi,7: renew energi,
7,renew energi,7: renew energi,
7,renew energi,7: renew energi,
7,renew energi,7: renew energi,
7,renew energi,7: renew energi,
7,renew energi,7: renew energi,
7,renew energi,7: renew energi,
7,renew energi,7: renew energi,
7,renew energi,7: renew energi,
7,renew energi,7: renew energi,
7,renew energi,7: renew energi,
7,renew energi,7: renew energi,
7,renew energi,7: renew energi,
7,renew energi,7: renew energi,
7,renew energi,7: renew energi,
7,renew energi,7: renew energi,
7,renew energi,7: renew energi,
7,renew energi,7: renew energi,
7,renew energi,7: renew energi,
7,renew energi,7: renew energi,
7,renew energi,7: renew energi,
7,renew energi,7: renew energi,
7,renew energi,7: renew energi,
7,renew energi,7: renew energi,
7,renew energi,7: renew energi,
7,renew energi,7: renew energi,
7,renew energi,7: renew energi,
7,renew energi,7: renew energi,
7,renew energi,7: renew energi,
7,renew energi,7: renew energi,
7,renew energi,7: renew energi,
7,renew energi,7: renew energi,
7,renew energi,7: renew energi,
7,renew energi,7: renew energi,
7,renew energi,7: renew energi,
7,renew energi,7: renew energi,
7,renew energi,7: renew energi,
7,renew energi,7: renew energi,
7,renew energi,7: renew energi,
7,renew energi,7: renew energi,
7,renew energi,7: renew energi,
7,renew energi,7: renew energi,
7,renew energi,7: renew energi,
7,renew energi,7: renew energi,
7,renew energi,7: renew energi,
7,renew energi,7: renew energi,
7,renew energi,7: renew energi,
7,renew energi,7: renew energi,
7,renew energi,7: renew energi,
7,renew energi,7: renew energi,
7,renew energi,7: renew energi,
7,renew energi,7: renew energi,
7,renew energi,7: renew energi,
7,renew energi,7: renew energi,
7,renew energi,7: renew energi,
7,renew energi,7: renew energi,
7,renew energi,7: renew energi,
7,renew energi,7: renew energi,
7,renew energi,7: renew energi,
7,renew energi,7: renew energi,
7,renew energi,7: renew energi,
7,renew energi,7: renew energi,
7,renew energi,7: renew energi,
7,renew energi,7: renew energi,
7,renew energi,7: renew energi,
7,renew energi,7: renew energi,
7,renew energi,7: renew energi,
7,renew energi,7: renew energi,
7,renew energi,7: renew energi,
7,renew energi,7: renew energi,
7,renew energi,7: renew energi,
7,renew energi,7: renew energi,
7,renew energi,7: renew energi,
7,renew energi,7: renew energi,
7,renew energi,7: renew energi,
7,renew energi,7: renew energi,
7,renew energi,7: renew energi,
7,renew energi,7: renew energi,
7,renew energi,7: renew energi,
7,renew energi,7: renew energi,
7,renew energi,7: renew energi,
7,renew energi,7: renew energi,
7,renew energi,7: renew energi,
7,renew energi,7: renew energi,
7,renew energi,7: renew energi,
7,renew energi,7: renew energi,
7,renew energi,7: renew energi,
7,renew energi,7: renew energi,
7,renew energi,7: renew energi,
7,renew energi,7: renew energi,
7,renew energi,7: renew energi,
7,renew energi,7: renew energi,
7,renew energi,7: renew energi,
7,renew energi,7: renew energi,
7,renew energi,7: renew energi,
7,renew energi,7: renew energi,
7,renew energi,7: renew energi,
7,renew energi,7: renew energi,
7,renew energi,7: renew energi,
7,renew energi,7: renew energi,
7,renew energi,7: renew energi,
7,renew energi,7: renew energi,
7,renew energi,7: renew energi,
7,renew energi,7: renew energi,
7,renew energi,7: renew energi,
7,renew energi,7: renew energi,
7,renew energi,7: renew energi,
7,renew energi,7: renew energi,
7,renew energi,7: renew energi,
7,renew energi,7: renew energi,
7,renew energi,7: renew energi,
7,renew energi,7: renew energi,
7,renew energi,7: renew energi,
7,renew energi,7: renew energi,
7,renew energi,7: renew energi,
7,renew energi,7: renew energi,
7,renew energi,7: renew energi,
7,renew energi,7: renew energi,
7,renew energi,7: renew energi,
7,renew energi,7: renew energi,
7,renew energi,7: renew energi,
7,renew energi,7: renew energi,
7,renew energi,7: renew energi,
7,renew energi,7: renew energi,
7,renew energi,7: renew energi,
7,renew energi,7: renew energi,
7,renew energi,7: renew energi,
7,renew energi,7: renew energi,
7,renew energi,7: renew energi,
7,renew energi,7: renew energi,
7,renew energi,7: renew energi,
7,renew energi,7: renew energi,
7,renew energi,7: renew energi,
7,renew energi,7: renew energi,
7,renew energi,7: renew energi,
7,renew energi,7: renew energi,
7,renew energi,7: renew energi,
5,offshor grid,5: offshor grid,
5,offshor grid,5: offshor grid,
5,offshor grid,5: offshor grid,
5,offshor grid,5: offshor grid,
5,offshor grid,5: offshor grid,
5,offshor grid,5: offshor grid,
5,offshor grid,5: offshor grid,
5,offshor grid,5: offshor grid,
5,offshor grid,5: offshor grid,
5,offshor grid,5: offshor grid,
5,offshor grid,5: offshor grid,
5,offshor grid,5: offshor grid,
5,offshor grid,5: offshor grid,
5,offshor grid,5: offshor grid,
5,offshor grid,5: offshor grid,
5,offshor grid,5: offshor grid,
5,offshor grid,5: offshor grid,
5,offshor grid,5: offshor grid,
5,offshor grid,5: offshor grid,
5,offshor grid,5: offshor grid,
5,offshor grid,5: offshor grid,
5,offshor grid,5: offshor grid,
5,offshor grid,5: offshor grid,
5,offshor grid,5: offshor grid,
5,offshor grid,5: offshor grid,
5,offshor grid,5: offshor grid,
5,offshor grid,5: offshor grid,
5,offshor grid,5: offshor grid,
5,offshor grid,5: offshor grid,
5,offshor grid,5: offshor grid,
5,offshor grid,5: offshor grid,
5,offshor grid,5: offshor grid,
5,offshor grid,5: offshor grid,
5,offshor grid,5: offshor grid,
5,offshor grid,5: offshor grid,
5,offshor grid,5: offshor grid,
5,offshor grid,5: offshor grid,
5,offshor grid,5: offshor grid,
5,offshor grid,5: offshor grid,
5,offshor grid,5: offshor grid,
5,offshor grid,5: offshor grid,
5,offshor grid,5: offshor grid,
5,offshor grid,5: offshor grid,
5,offshor grid,5: offshor grid,
5,offshor grid,5: offshor grid,
5,offshor grid,5: offshor grid,
5,offshor grid,5: offshor grid,
5,offshor grid,5: offshor grid,
5,offshor grid,5: offshor grid,
5,offshor grid,5: offshor grid,
5,offshor grid,5: offshor grid,
5,offshor grid,5: offshor grid,
5,offshor grid,5: offshor grid,
5,offshor grid,5: offshor grid,
5,offshor grid,5: offshor grid,
5,offshor grid,5: offshor grid,
5,offshor grid,5: offshor grid,
5,offshor grid,5: offshor grid,
5,offshor grid,5: offshor grid,
5,offshor grid,5: offshor grid,
5,offshor grid,5: offshor grid,
5,offshor grid,5: offshor grid,
5,offshor grid,5: offshor grid,
5,offshor grid,5: offshor grid,
5,offshor grid,5: offshor grid,
5,offshor grid,5: offshor grid,
5,offshor grid,5: offshor grid,
5,offshor grid,5: offshor grid,
5,offshor grid,5: offshor grid,
5,offshor grid,5: offshor grid,
5,offshor grid,5: offshor grid,
5,offshor grid,5: offshor grid,
5,offshor grid,5: offshor grid,
5,offshor grid,5: offshor grid,
5,offshor grid,5: offshor grid,
5,offshor grid,5: offshor grid,
5,offshor grid,5: offshor grid,
5,offshor grid,5: offshor grid,
5,offshor grid,5: offshor grid,
5,offshor grid,5: offshor grid,
5,offshor grid,5: offshor grid,
5,offshor grid,5: offshor grid,
5,offshor grid,5: offshor grid,
5,offshor grid,5: offshor grid,
5,offshor grid,5: offshor grid,
5,offshor grid,5: offshor grid,
5,offshor grid,5: offshor grid,
5,offshor grid,5: offshor grid,
5,offshor grid,5: offshor grid,
5,offshor grid,5: offshor grid,
5,offshor grid,5: offshor grid,
5,offshor grid,5: offshor grid,
5,offshor grid,5: offshor grid,
5,offshor grid,5: offshor grid,
5,offshor grid,5: offshor grid,
5,offshor grid,5: offshor grid,
5,offshor grid,5: offshor grid,
5,offshor grid,5: offshor grid,
5,offshor grid,5: offshor grid,
5,offshor grid,5: offshor grid,
5,offshor grid,5: offshor grid,
5,offshor grid,5: offshor grid,
5,offshor grid,5: offshor grid,
5,offshor grid,5: offshor grid,
5,offshor grid,5: offshor grid,
5,offshor grid,5: offshor grid,
5,offshor grid,5: offshor grid,
5,offshor grid,5: offshor grid,
5,offshor grid,5: offshor grid,
5,offshor grid,5: offshor grid,
5,offshor grid,5: offshor grid,
5,offshor grid,5: offshor grid,
5,offshor grid,5: offshor grid,
5,offshor grid,5: offshor grid,
5,offshor grid,5: offshor grid,
5,offshor grid,5: offshor grid,
5,offshor grid,5: offshor grid,
5,offshor grid,5: offshor grid,
5,offshor grid,5: offshor grid,
5,offshor grid,5: offshor grid,
5,offshor grid,5: offshor grid,
5,offshor grid,5: offshor grid,
5,offshor grid,5: offshor grid,
5,offshor grid,5: offshor grid,
5,offshor grid,5: offshor grid,
5,offshor grid,5: offshor grid,
5,offshor grid,5: offshor grid,
5,offshor grid,5: offshor grid,
5,offshor grid,5: offshor grid,
5,offshor grid,5: offshor grid,
5,offshor grid,5: offshor grid,
5,offshor grid,5: offshor grid,
5,offshor grid,5: offshor grid,
5,offshor grid,5: offshor grid,
5,offshor grid,5: offshor grid,
5,offshor grid,5: offshor grid,
5,offshor grid,5: offshor grid,
5,offshor grid,5: offshor grid,
5,offshor grid,5: offshor grid,
5,offshor grid,5: offshor grid,
5,offshor grid,5: offshor grid,
5,offshor grid,5: offshor grid,
5,offshor grid,5: offshor grid,
5,offshor grid,5: offshor grid,
5,offshor grid,5: offshor grid,
5,offshor grid,5: offshor grid,
5,offshor grid,5: offshor grid,
5,offshor grid,5: offshor grid,
5,offshor grid,5: offshor grid,
5,offshor grid,5: offshor grid,
5,offshor grid,5: offshor grid,
5,offshor grid,5: offshor grid,
5,offshor grid,5: offshor grid,
5,offshor grid,5: offshor grid,
5,offshor grid,5: offshor grid,
5,offshor grid,5: offshor grid,
5,offshor grid,5: offshor grid,
5,offshor grid,5: offshor grid,
5,offshor grid,5: offshor grid,
5,offshor grid,5: offshor grid,
5,offshor grid,5: offshor grid,
5,offshor grid,5: offshor grid,
5,offshor grid,5: offshor grid,
5,offshor grid,5: offshor grid,
5,offshor grid,5: offshor grid,
5,offshor grid,5: offshor grid,
5,offshor grid,5: offshor grid,
5,offshor grid,5: offshor grid,
5,offshor grid,5: offshor grid,
5,offshor grid,5: offshor grid,
5,offshor grid,5: offshor grid,
5,offshor grid,5: offshor grid,
5,offshor grid,5: offshor grid,
5,offshor grid,5: offshor grid,
5,offshor grid,5: offshor grid,
7,renew energi,7: renew energi,
7,renew energi,7: renew energi,
7,renew energi,7: renew energi,
7,renew energi,7: renew energi,
7,renew energi,7: renew energi,
7,renew energi,7: renew energi,
7,renew energi,7: renew energi,
7,renew energi,7: renew energi,
7,renew energi,7: renew energi,
7,renew energi,7: renew energi,
7,renew energi,7: renew energi,
7,renew energi,7: renew energi,
7,renew energi,7: renew energi,
7,renew energi,7: renew energi,
7,renew energi,7: renew energi,
7,renew energi,7: renew energi,
7,renew energi,7: renew energi,
7,renew energi,7: renew energi,
7,renew energi,7: renew energi,
7,renew energi,7: renew energi,
7,renew energi,7: renew energi,
7,renew energi,7: renew energi,
7,renew energi,7: renew energi,
7,renew energi,7: renew energi,
7,renew energi,7: renew energi,
7,renew energi,7: renew energi,
7,renew energi,7: renew energi,
7,renew energi,7: renew energi,
7,renew energi,7: renew energi,
7,renew energi,7: renew energi,
7,renew energi,7: renew energi,
7,renew energi,7: renew energi,
7,renew energi,7: renew energi,
7,renew energi,7: renew energi,
7,renew energi,7: renew energi,
7,renew energi,7: renew energi,
7,renew energi,7: renew energi,
7,renew energi,7: renew energi,
7,renew energi,7: renew energi,
7,renew energi,7: renew energi,
7,renew energi,7: renew energi,
7,renew energi,7: renew energi,
7,renew energi,7: renew energi,
7,renew energi,7: renew energi,
7,renew energi,7: renew energi,
7,renew energi,7: renew energi,
7,renew energi,7: renew energi,
7,renew energi,7: renew energi,
7,renew energi,7: renew energi,
7,renew energi,7: renew energi,
7,renew energi,7: renew energi,
7,renew energi,7: renew energi,
7,renew energi,7: renew energi,
7,renew energi,7: renew energi,
7,renew energi,7: renew energi,
7,renew energi,7: renew energi,
7,renew energi,7: renew energi,
7,renew energi,7: renew energi,
7,renew energi,7: renew energi,
7,renew energi,7: renew energi,
7,renew energi,7: renew energi,
7,renew energi,7: renew energi,
7,renew energi,7: renew energi,
7,renew energi,7: renew energi,
7,renew energi,7: renew energi,
7,renew energi,7: renew energi,
7,renew energi,7: renew energi,
7,renew energi,7: renew energi,
7,renew energi,7: renew energi,
7,renew energi,7: renew energi,
7,renew energi,7: renew energi,
7,renew energi,7: renew energi,
7,renew energi,7: renew energi,
7,renew energi,7: renew energi,
7,renew energi,7: renew energi,
7,renew energi,7: renew energi,
7,renew energi,7: renew energi,
7,renew energi,7: renew energi,
7,renew energi,7: renew energi,
7,renew energi,7: renew energi,
7,renew energi,7: renew energi,
7,renew energi,7: renew energi,
7,renew energi,7: renew energi,
7,renew energi,7: renew energi,
7,renew energi,7: renew energi,
7,renew energi,7: renew energi,
7,renew energi,7: renew energi,
7,renew energi,7: renew energi,
7,renew energi,7: renew energi,
7,renew energi,7: renew energi,
7,renew energi,7: renew energi,
7,renew energi,7: renew energi,
7,renew energi,7: renew energi,
7,renew energi,7: renew energi,
7,renew energi,7: renew energi,
7,renew energi,7: renew energi,
7,renew energi,7: renew energi,
7,renew energi,7: renew energi,
7,renew energi,7: renew energi,
7,renew energi,7: renew energi,
7,renew energi,7: renew energi,
7,renew energi,7: renew energi,
7,renew energi,7: renew energi,
7,renew energi,7: renew energi,
7,renew energi,7: renew energi,
7,renew energi,7: renew energi,
7,renew energi,7: renew energi,
7,renew energi,7: renew energi,
7,renew energi,7: renew energi,
7,renew energi,7: renew energi,
7,renew energi,7: renew energi,
7,renew energi,7: renew energi,
7,renew energi,7: renew energi,
7,renew energi,7: renew energi,
7,renew energi,7: renew energi,
7,renew energi,7: renew energi,
7,renew energi,7: renew energi,
7,renew energi,7: renew energi,
7,renew energi,7: renew energi,
7,renew energi,7: renew energi,
7,renew energi,7: renew energi,
7,renew energi,7: renew energi,
7,renew energi,7: renew energi,
7,renew energi,7: renew energi,
7,renew energi,7: renew energi,
7,renew energi,7: renew energi,
7,renew energi,7: renew energi,
7,renew energi,7: renew energi,
7,renew energi,7: renew energi,
7,renew energi,7: renew energi,
7,renew energi,7: renew energi,
7,renew energi,7: renew energi,
7,renew energi,7: renew energi,
7,renew energi,7: renew energi,
7,renew energi,7: renew energi,
7,renew energi,7: renew energi,
7,renew energi,7: renew energi,
7,renew energi,7: renew energi,
7,renew energi,7: renew energi,
7,renew energi,7: renew energi,
7,renew energi,7: renew energi,
7,renew energi,7: renew energi,
7,renew energi,7: renew energi,
7,renew energi,7: renew energi,
7,renew energi,7: renew energi,
7,renew energi,7: renew energi,
9,wind farm,9: wind farm,
9,wind farm,9: wind farm,
9,wind farm,9: wind farm,
9,wind farm,9: wind farm,
9,wind farm,9: wind farm,
9,wind farm,9: wind farm,
9,wind farm,9: wind farm,
9,wind farm,9: wind farm,
9,wind farm,9: wind farm,
9,wind farm,9: wind farm,
9,wind farm,9: wind farm,
9,wind farm,9: wind farm,
9,wind farm,9: wind farm,
9,wind farm,9: wind farm,
9,wind farm,9: wind farm,
9,wind farm,9: wind farm,
9,wind farm,9: wind farm,
9,wind farm,9: wind farm,
9,wind farm,9: wind farm,
9,wind farm,9: wind farm,
9,wind farm,9: wind farm,
9,wind farm,9: wind farm,
9,wind farm,9: wind farm,
9,wind farm,9: wind farm,
9,wind farm,9: wind farm,
9,wind farm,9: wind farm,
9,wind farm,9: wind farm,
9,wind farm,9: wind farm,
9,wind farm,9: wind farm,
9,wind farm,9: wind farm,
9,wind farm,9: wind farm,
9,wind farm,9: wind farm,
9,wind farm,9: wind farm,
9,wind farm,9: wind farm,
9,wind farm,9: wind farm,
9,wind farm,9: wind farm,
9,wind farm,9: wind farm,
9,wind farm,9: wind farm,
9,wind farm,9: wind farm,
9,wind farm,9: wind farm,
9,wind farm,9: wind farm,
9,wind farm,9: wind farm,
9,wind farm,9: wind farm,
9,wind farm,9: wind farm,
9,wind farm,9: wind farm,
9,wind farm,9: wind farm,
9,wind farm,9: wind farm,
9,wind farm,9: wind farm,
9,wind farm,9: wind farm,
9,wind farm,9: wind farm,
9,wind farm,9: wind farm,
9,wind farm,9: wind farm,
9,wind farm,9: wind farm,
9,wind farm,9: wind farm,
9,wind farm,9: wind farm,
9,wind farm,9: wind farm,
9,wind farm,9: wind farm,
9,wind farm,9: wind farm,
9,wind farm,9: wind farm,
9,wind farm,9: wind farm,
9,wind farm,9: wind farm,
9,wind farm,9: wind farm,
9,wind farm,9: wind farm,
9,wind farm,9: wind farm,
9,wind farm,9: wind farm,
9,wind farm,9: wind farm,
9,wind farm,9: wind farm,
9,wind farm,9: wind farm,
9,wind farm,9: wind farm,
9,wind farm,9: wind farm,
9,wind farm,9: wind farm,
9,wind farm,9: wind farm,
9,wind farm,9: wind farm,
9,wind farm,9: wind farm,
9,wind farm,9: wind farm,
9,wind farm,9: wind farm,
9,wind farm,9: wind farm,
9,wind farm,9: wind farm,
9,wind farm,9: wind farm,
9,wind farm,9: wind farm,
9,wind farm,9: wind farm,
9,wind farm,9: wind farm,
9,wind farm,9: wind farm,
9,wind farm,9: wind farm,
9,wind farm,9: wind farm,
9,wind farm,9: wind farm,
9,wind farm,9: wind farm,
9,wind farm,9: wind farm,
9,wind farm,9: wind farm,
9,wind farm,9: wind farm,
9,wind farm,9: wind farm,
9,wind farm,9: wind farm,
9,wind farm,9: wind farm,
9,wind farm,9: wind farm,
9,wind farm,9: wind farm,
9,wind farm,9: wind farm,
9,wind farm,9: wind farm,
9,wind farm,9: wind farm,
9,wind farm,9: wind farm,
9,wind farm,9: wind farm,
9,wind farm,9: wind farm,
9,wind farm,9: wind farm,
9,wind farm,9: wind farm,
9,wind farm,9: wind farm,
9,wind farm,9: wind farm,
9,wind farm,9: wind farm,
9,wind farm,9: wind farm,
9,wind farm,9: wind farm,
9,wind farm,9: wind farm,
9,wind farm,9: wind farm,
9,wind farm,9: wind farm,
9,wind farm,9: wind farm,
9,wind farm,9: wind farm,
9,wind farm,9: wind farm,
9,wind farm,9: wind farm,
9,wind farm,9: wind farm,
9,wind farm,9: wind farm,
9,wind farm,9: wind farm,
9,wind farm,9: wind farm,
9,wind farm,9: wind farm,
9,wind farm,9: wind farm,
9,wind farm,9: wind farm,
9,wind farm,9: wind farm,
9,wind farm,9: wind farm,
9,wind farm,9: wind farm,
9,wind farm,9: wind farm,
9,wind farm,9: wind farm,
9,wind farm,9: wind farm,
9,wind farm,9: wind farm,
9,wind farm,9: wind farm,
9,wind farm,9: wind farm,
9,wind farm,9: wind farm,
9,wind farm,9: wind farm,
9,wind farm,9: wind farm,
9,wind farm,9: wind farm,
9,wind farm,9: wind farm,
9,wind farm,9: wind farm,
9,wind farm,9: wind farm,
9,wind farm,9: wind farm,
9,wind farm,9: wind farm,
9,wind farm,9: wind farm,
9,wind farm,9: wind farm,
9,wind farm,9: wind farm,
9,wind farm,9: wind farm,
9,wind farm,9: wind farm,
9,wind farm,9: wind farm,
9,wind farm,9: wind farm,
9,wind farm,9: wind farm,
9,wind farm,9: wind farm,
9,wind farm,9: wind farm,
9,wind farm,9: wind farm,
9,wind farm,9: wind farm,
9,wind farm,9: wind farm,
9,wind farm,9: wind farm,
9,wind farm,9: wind farm,
9,wind farm,9: wind farm,
9,wind farm,9: wind farm,
9,wind farm,9: wind farm,
9,wind farm,9: wind farm,
9,wind farm,9: wind farm,
9,wind farm,9: wind farm,
9,wind farm,9: wind farm,
9,wind farm,9: wind farm,
9,wind farm,9: wind farm,
9,wind farm,9: wind farm,
9,wind farm,9: wind farm,
9,wind farm,9: wind farm,
9,wind farm,9: wind farm,
9,wind farm,9: wind farm,
9,wind farm,9: wind farm,
9,wind farm,9: wind farm,
9,wind farm,9: wind farm,
9,wind farm,9: wind farm,
9,wind farm,9: wind farm,
9,wind farm,9: wind farm,
9,wind farm,9: wind farm,
9,wind farm,9: wind farm,
9,wind farm,9: wind farm,
9,wind farm,9: wind farm,
9,wind farm,9: wind farm,
9,wind farm,9: wind farm,
9,wind farm,9: wind farm,
9,wind farm,9: wind farm,
9,wind farm,9: wind farm,
9,wind farm,9: wind farm,
9,wind farm,9: wind farm,
9,wind farm,9: wind farm,
9,wind farm,9: wind farm,
9,wind farm,9: wind farm,
9,wind farm,9: wind farm,
9,wind farm,9: wind farm,
9,wind farm,9: wind farm,
9,wind farm,9: wind farm,
9,wind farm,9: wind farm,
9,wind farm,9: wind farm,
9,wind farm,9: wind farm,
9,wind farm,9: wind farm,
9,wind farm,9: wind farm,
9,wind farm,9: wind farm,
9,wind farm,9: wind farm,
9,wind farm,9: wind farm,
9,wind farm,9: wind farm,
9,wind farm,9: wind farm,
9,wind farm,9: wind farm,
9,wind farm,9: wind farm,
9,wind farm,9: wind farm,
9,wind farm,9: wind farm,
9,wind farm,9: wind farm,
9,wind farm,9: wind farm,
9,wind farm,9: wind farm,
9,wind farm,9: wind farm,
9,wind farm,9: wind farm,
9,wind farm,9: wind farm,
9,wind farm,9: wind farm,
9,wind farm,9: wind farm,
9,wind farm,9: wind farm,
9,wind farm,9: wind farm,
9,wind farm,9: wind farm,
9,wind farm,9: wind farm,
9,wind farm,9: wind farm,
9,wind farm,9: wind farm,
9,wind farm,9: wind farm,
9,wind farm,9: wind farm,
9,wind farm,9: wind farm,
9,wind farm,9: wind farm,
9,wind farm,9: wind farm,
9,wind farm,9: wind farm,
9,wind farm,9: wind farm,
9,wind farm,9: wind farm,
9,wind farm,9: wind farm,
9,wind farm,9: wind farm,
9,wind farm,9: wind farm,
9,wind farm,9: wind farm,
9,wind farm,9: wind farm,
9,wind farm,9: wind farm,
9,wind farm,9: wind farm,
9,wind farm,9: wind farm,
9,wind farm,9: wind farm,
9,wind farm,9: wind farm,
9,wind farm,9: wind farm,
9,wind farm,9: wind farm,
9,wind farm,9: wind farm,
9,wind farm,9: wind farm,
9,wind farm,9: wind farm,
9,wind farm,9: wind farm,
9,wind farm,9: wind farm,
9,wind farm,9: wind farm,
9,wind farm,9: wind farm,
9,wind farm,9: wind farm,
9,wind farm,9: wind farm,
9,wind farm,9: wind farm,
9,wind farm,9: wind farm,
9,wind farm,9: wind farm,
9,wind farm,9: wind farm,
9,wind farm,9: wind farm,
9,wind farm,9: wind farm,
9,wind farm,9: wind farm,
9,wind farm,9: wind farm,
9,wind farm,9: wind farm,
9,wind farm,9: wind farm,
9,wind farm,9: wind farm,
9,wind farm,9: wind farm,
9,wind farm,9: wind farm,
9,wind farm,9: wind farm,
9,wind farm,9: wind farm,
9,wind farm,9: wind farm,
9,wind farm,9: wind farm,
9,wind farm,9: wind farm,
9,wind farm,9: wind farm,
9,wind farm,9: wind farm,
9,wind farm,9: wind farm,
9,wind farm,9: wind farm,
9,wind farm,9: wind farm,
9,wind farm,9: wind farm,
9,wind farm,9: wind farm,
9,wind farm,9: wind farm,
9,wind farm,9: wind farm,
9,wind farm,9: wind farm,
9,wind farm,9: wind farm,
9,wind farm,9: wind farm,
9,wind farm,9: wind farm,
9,wind farm,9: wind farm,
9,wind farm,9: wind farm,
9,wind farm,9: wind farm,
9,wind farm,9: wind farm,
9,wind farm,9: wind farm,
9,wind farm,9: wind farm,
9,wind farm,9: wind farm,
9,wind farm,9: wind farm,
9,wind farm,9: wind farm,
9,wind farm,9: wind farm,
9,wind farm,9: wind farm,
9,wind farm,9: wind farm,
9,wind farm,9: wind farm,
9,wind farm,9: wind farm,
9,wind farm,9: wind farm,
9,wind farm,9: wind farm,
9,wind farm,9: wind farm,
9,wind farm,9: wind farm,
9,wind farm,9: wind farm,
9,wind farm,9: wind farm,
9,wind farm,9: wind farm,
9,wind farm,9: wind farm,
9,wind farm,9: wind farm,
9,wind farm,9: wind farm,
9,wind farm,9: wind farm,
9,wind farm,9: wind farm,
9,wind farm,9: wind farm,
9,wind farm,9: wind farm,
9,wind farm,9: wind farm,
9,wind farm,9: wind farm,
9,wind farm,9: wind farm,
9,wind farm,9: wind farm,
9,wind farm,9: wind farm,
9,wind farm,9: wind farm,
9,wind farm,9: wind farm,
9,wind farm,9: wind farm,
9,wind farm,9: wind farm,
9,wind farm,9: wind farm,
9,wind farm,9: wind farm,
9,wind farm,9: wind farm,
9,wind farm,9: wind farm,
5,offshor grid,5: offshor grid,
5,offshor grid,5: offshor grid,
5,offshor grid,5: offshor grid,
5,offshor grid,5: offshor grid,
5,offshor grid,5: offshor grid,
5,offshor grid,5: offshor grid,
5,offshor grid,5: offshor grid,
5,offshor grid,5: offshor grid,
5,offshor grid,5: offshor grid,
5,offshor grid,5: offshor grid,
5,offshor grid,5: offshor grid,
5,offshor grid,5: offshor grid,
5,offshor grid,5: offshor grid,
5,offshor grid,5: offshor grid,
5,offshor grid,5: offshor grid,
5,offshor grid,5: offshor grid,
5,offshor grid,5: offshor grid,
5,offshor grid,5: offshor grid,
5,offshor grid,5: offshor grid,
5,offshor grid,5: offshor grid,
5,offshor grid,5: offshor grid,
5,offshor grid,5: offshor grid,
5,offshor grid,5: offshor grid,
5,offshor grid,5: offshor grid,
5,offshor grid,5: offshor grid,
5,offshor grid,5: offshor grid,
5,offshor grid,5: offshor grid,
5,offshor grid,5: offshor grid,
5,offshor grid,5: offshor grid,
5,offshor grid,5: offshor grid,
5,offshor grid,5: offshor grid,
5,offshor grid,5: offshor grid,
5,offshor grid,5: offshor grid,
5,offshor grid,5: offshor grid,
5,offshor grid,5: offshor grid,
5,offshor grid,5: offshor grid,
5,offshor grid,5: offshor grid,
5,offshor grid,5: offshor grid,
5,offshor grid,5: offshor grid,
5,offshor grid,5: offshor grid,
5,offshor grid,5: offshor grid,
5,offshor grid,5: offshor grid,
5,offshor grid,5: offshor grid,
5,offshor grid,5: offshor grid,
5,offshor grid,5: offshor grid,
5,offshor grid,5: offshor grid,
5,offshor grid,5: offshor grid,
5,offshor grid,5: offshor grid,
5,offshor grid,5: offshor grid,
5,offshor grid,5: offshor grid,
5,offshor grid,5: offshor grid,
5,offshor grid,5: offshor grid,
5,offshor grid,5: offshor grid,
5,offshor grid,5: offshor grid,
5,offshor grid,5: offshor grid,
5,offshor grid,5: offshor grid,
5,offshor grid,5: offshor grid,
5,offshor grid,5: offshor grid,
5,offshor grid,5: offshor grid,
5,offshor grid,5: offshor grid,
5,offshor grid,5: offshor grid,
5,offshor grid,5: offshor grid,
5,offshor grid,5: offshor grid,
5,offshor grid,5: offshor grid,
5,offshor grid,5: offshor grid,
5,offshor grid,5: offshor grid,
5,offshor grid,5: offshor grid,
5,offshor grid,5: offshor grid,
5,offshor grid,5: offshor grid,
5,offshor grid,5: offshor grid,
5,offshor grid,5: offshor grid,
5,offshor grid,5: offshor grid,
5,offshor grid,5: offshor grid,
5,offshor grid,5: offshor grid,
5,offshor grid,5: offshor grid,
5,offshor grid,5: offshor grid,
5,offshor grid,5: offshor grid,
5,offshor grid,5: offshor grid,
5,offshor grid,5: offshor grid,
5,offshor grid,5: offshor grid,
5,offshor grid,5: offshor grid,
5,offshor grid,5: offshor grid,
5,offshor grid,5: offshor grid,
5,offshor grid,5: offshor grid,
5,offshor grid,5: offshor grid,
5,offshor grid,5: offshor grid,
5,offshor grid,5: offshor grid,
5,offshor grid,5: offshor grid,
5,offshor grid,5: offshor grid,
5,offshor grid,5: offshor grid,
5,offshor grid,5: offshor grid,
5,offshor grid,5: offshor grid,
5,offshor grid,5: offshor grid,
5,offshor grid,5: offshor grid,
5,offshor grid,5: offshor grid,
5,offshor grid,5: offshor grid,
5,offshor grid,5: offshor grid,
5,offshor grid,5: offshor grid,
5,offshor grid,5: offshor grid,
5,offshor grid,5: offshor grid,
5,offshor grid,5: offshor grid,
5,offshor grid,5: offshor grid,
5,offshor grid,5: offshor grid,
5,offshor grid,5: offshor grid,
5,offshor grid,5: offshor grid,
5,offshor grid,5: offshor grid,
5,offshor grid,5: offshor grid,
5,offshor grid,5: offshor grid,
5,offshor grid,5: offshor grid,
5,offshor grid,5: offshor grid,
5,offshor grid,5: offshor grid,
5,offshor grid,5: offshor grid,
5,offshor grid,5: offshor grid,
5,offshor grid,5: offshor grid,
5,offshor grid,5: offshor grid,
5,offshor grid,5: offshor grid,
5,offshor grid,5: offshor grid,
5,offshor grid,5: offshor grid,
5,offshor grid,5: offshor grid,
5,offshor grid,5: offshor grid,
5,offshor grid,5: offshor grid,
5,offshor grid,5: offshor grid,
5,offshor grid,5: offshor grid,
5,offshor grid,5: offshor grid,
5,offshor grid,5: offshor grid,
5,offshor grid,5: offshor grid,
5,offshor grid,5: offshor grid,
5,offshor grid,5: offshor grid,
5,offshor grid,5: offshor grid,
5,offshor grid,5: offshor grid,
5,offshor grid,5: offshor grid,
5,offshor grid,5: offshor grid,
5,offshor grid,5: offshor grid,
5,offshor grid,5: offshor grid,
5,offshor grid,5: offshor grid,
5,offshor grid,5: offshor grid,
5,offshor grid,5: offshor grid,
5,offshor grid,5: offshor grid,
5,offshor grid,5: offshor grid,
5,offshor grid,5: offshor grid,
5,offshor grid,5: offshor grid,
5,offshor grid,5: offshor grid,
5,offshor grid,5: offshor grid,
5,offshor grid,5: offshor grid,
5,offshor grid,5: offshor grid,
5,offshor grid,5: offshor grid,
5,offshor grid,5: offshor grid,
5,offshor grid,5: offshor grid,
5,offshor grid,5: offshor grid,
5,offshor grid,5: offshor grid,
5,offshor grid,5: offshor grid,
5,offshor grid,5: offshor grid,
5,offshor grid,5: offshor grid,
5,offshor grid,5: offshor grid,
5,offshor grid,5: offshor grid,
5,offshor grid,5: offshor grid,
5,offshor grid,5: offshor grid,
5,offshor grid,5: offshor grid,
5,offshor grid,5: offshor grid,
5,offshor grid,5: offshor grid,
5,offshor grid,5: offshor grid,
5,offshor grid,5: offshor grid,
5,offshor grid,5: offshor grid,
5,offshor grid,5: offshor grid,
5,offshor grid,5: offshor grid,
5,offshor grid,5: offshor grid,
5,offshor grid,5: offshor grid,
5,offshor grid,5: offshor grid,
5,offshor grid,5: offshor grid,
5,offshor grid,5: offshor grid,
5,offshor grid,5: offshor grid,
5,offshor grid,5: offshor grid,
5,offshor grid,5: offshor grid,
5,offshor grid,5: offshor grid,
5,offshor grid,5: offshor grid,
5,offshor grid,5: offshor grid,
5,offshor grid,5: offshor grid,
5,offshor grid,5: offshor grid,
5,offshor grid,5: offshor grid,
5,offshor grid,5: offshor grid,
5,offshor grid,5: offshor grid,
5,offshor grid,5: offshor grid,
5,offshor grid,5: offshor grid,
5,offshor grid,5: offshor grid,
5,offshor grid,5: offshor grid,
5,offshor grid,5: offshor grid,
5,offshor grid,5: offshor grid,
5,offshor grid,5: offshor grid,
5,offshor grid,5: offshor grid,
5,offshor grid,5: offshor grid,
5,offshor grid,5: offshor grid,
5,offshor grid,5: offshor grid,
5,offshor grid,5: offshor grid,
5,offshor grid,5: offshor grid,
5,offshor grid,5: offshor grid,
5,offshor grid,5: offshor grid,
5,offshor grid,5: offshor grid,
5,offshor grid,5: offshor grid,
5,offshor grid,5: offshor grid,
5,offshor grid,5: offshor grid,
5,offshor grid,5: offshor grid,
5,offshor grid,5: offshor grid,
5,offshor grid,5: offshor grid,
5,offshor grid,5: offshor grid,
5,offshor grid,5: offshor grid,
5,offshor grid,5: offshor grid,
5,offshor grid,5: offshor grid,
5,offshor grid,5: offshor grid,
5,offshor grid,5: offshor grid,
5,offshor grid,5: offshor grid,
5,offshor grid,5: offshor grid,
5,offshor grid,5: offshor grid,
5,offshor grid,5: offshor grid,
5,offshor grid,5: offshor grid,
5,offshor grid,5: offshor grid,
5,offshor grid,5: offshor grid,
5,offshor grid,5: offshor grid,
5,offshor grid,5: offshor grid,
5,offshor grid,5: offshor grid,
5,offshor grid,5: offshor grid,
5,offshor grid,5: offshor grid,
5,offshor grid,5: offshor grid,
5,offshor grid,5: offshor grid,
5,offshor grid,5: offshor grid,
5,offshor grid,5: offshor grid,
5,offshor grid,5: offshor grid,
5,offshor grid,5: offshor grid,
5,offshor grid,5: offshor grid,
5,offshor grid,5: offshor grid,
5,offshor grid,5: offshor grid,
5,offshor grid,5: offshor grid,
5,offshor grid,5: offshor grid,
5,offshor grid,5: offshor grid,
5,offshor grid,5: offshor grid,
5,offshor grid,5: offshor grid,
5,offshor grid,5: offshor grid,
5,offshor grid,5: offshor grid,
5,offshor grid,5: offshor grid,
5,offshor grid,5: offshor grid,
5,offshor grid,5: offshor grid,
5,offshor grid,5: offshor grid,
5,offshor grid,5: offshor grid,
5,offshor grid,5: offshor grid,
5,offshor grid,5: offshor grid,
5,offshor grid,5: offshor grid,
5,offshor grid,5: offshor grid,
5,offshor grid,5: offshor grid,
5,offshor grid,5: offshor grid,
5,offshor grid,5: offshor grid,
5,offshor grid,5: offshor grid,
5,offshor grid,5: offshor grid,
5,offshor grid,5: offshor grid,
5,offshor grid,5: offshor grid,
5,offshor grid,5: offshor grid,
5,offshor grid,5: offshor grid,
5,offshor grid,5: offshor grid,
5,offshor grid,5: offshor grid,
5,offshor grid,5: offshor grid,
5,offshor grid,5: offshor grid,
5,offshor grid,5: offshor grid,
5,offshor grid,5: offshor grid,
5,offshor grid,5: offshor grid,
5,offshor grid,5: offshor grid,
5,offshor grid,5: offshor grid,
5,offshor grid,5: offshor grid,
5,offshor grid,5: offshor grid,
5,offshor grid,5: offshor grid,
5,offshor grid,5: offshor grid,
5,offshor grid,5: offshor grid,
5,offshor grid,5: offshor grid,
5,offshor grid,5: offshor grid,
5,offshor grid,5: offshor grid,
5,offshor grid,5: offshor grid,
5,offshor grid,5: offshor grid,
5,offshor grid,5: offshor grid,
5,offshor grid,5: offshor grid,
5,offshor grid,5: offshor grid,
5,offshor grid,5: offshor grid,
5,offshor grid,5: offshor grid,
5,offshor grid,5: offshor grid,
5,offshor grid,5: offshor grid,
5,offshor grid,5: offshor grid,
5,offshor grid,5: offshor grid,
5,offshor grid,5: offshor grid,
5,offshor grid,5: offshor grid,
5,offshor grid,5: offshor grid,
5,offshor grid,5: offshor grid,
5,offshor grid,5: offshor grid,
5,offshor grid,5: offshor grid,
5,offshor grid,5: offshor grid,
5,offshor grid,5: offshor grid,
5,offshor grid,5: offshor grid,
5,offshor grid,5: offshor grid,
5,offshor grid,5: offshor grid,
5,offshor grid,5: offshor grid,
5,offshor grid,5: offshor grid,
5,offshor grid,5: offshor grid,
5,offshor grid,5: offshor grid,
5,offshor grid,5: offshor grid,
5,offshor grid,5: offshor grid,
5,offshor grid,5: offshor grid,
5,offshor grid,5: offshor grid,
5,offshor grid,5: offshor grid,
5,offshor grid,5: offshor grid,
5,offshor grid,5: offshor grid,
5,offshor grid,5: offshor grid,
5,offshor grid,5: offshor grid,
5,offshor grid,5: offshor grid,
5,offshor grid,5: offshor grid,
5,offshor grid,5: offshor grid,
5,offshor grid,5: offshor grid,
5,offshor grid,5: offshor grid,
5,offshor grid,5: offshor grid,
5,offshor grid,5: offshor grid,
5,offshor grid,5: offshor grid,
5,offshor grid,5: offshor grid,
5,offshor grid,5: offshor grid,
5,offshor grid,5: offshor grid,
5,offshor grid,5: offshor grid,
5,offshor grid,5: offshor grid,
5,offshor grid,5: offshor grid,
5,offshor grid,5: offshor grid,
5,offshor grid,5: offshor grid,
5,offshor grid,5: offshor grid,
5,offshor grid,5: offshor grid,
5,offshor grid,5: offshor grid,
5,offshor grid,5: offshor grid,
5,offshor grid,5: offshor grid,
5,offshor grid,5: offshor grid,
5,offshor grid,5: offshor grid,
5,offshor grid,5: offshor grid,
5,offshor grid,5: offshor grid,
5,offshor grid,5: offshor grid,
5,offshor grid,5: offshor grid,
5,offshor grid,5: offshor grid,
5,offshor grid,5: offshor grid,
5,offshor grid,5: offshor grid,
5,offshor grid,5: offshor grid,
5,offshor grid,5: offshor grid,
5,offshor grid,5: offshor grid,
5,offshor grid,5: offshor grid,
5,offshor grid,5: offshor grid,
5,offshor grid,5: offshor grid,
5,offshor grid,5: offshor grid,
5,offshor grid,5: offshor grid,
5,offshor grid,5: offshor grid,
5,offshor grid,5: offshor grid,
5,offshor grid,5: offshor grid,
5,offshor grid,5: offshor grid,
5,offshor grid,5: offshor grid,
5,offshor grid,5: offshor grid,
5,offshor grid,5: offshor grid,
5,offshor grid,5: offshor grid,
5,offshor grid,5: offshor grid,
5,offshor grid,5: offshor grid,
5,offshor grid,5: offshor grid,
5,offshor grid,5: offshor grid,
5,offshor grid,5: offshor grid,
5,offshor grid,5: offshor grid,
5,offshor grid,5: offshor grid,
5,offshor grid,5: offshor grid,
5,offshor grid,5: offshor grid,
5,offshor grid,5: offshor grid,
5,offshor grid,5: offshor grid,
5,offshor grid,5: offshor grid,
5,offshor grid,5: offshor grid,
5,offshor grid,5: offshor grid,
5,offshor grid,5: offshor grid,
5,offshor grid,5: offshor grid,
5,offshor grid,5: offshor grid,
5,offshor grid,5: offshor grid,
5,offshor grid,5: offshor grid,
5,offshor grid,5: offshor grid,
5,offshor grid,5: offshor grid,
5,offshor grid,5: offshor grid,
5,offshor grid,5: offshor grid,
5,offshor grid,5: offshor grid,
5,offshor grid,5: offshor grid,
5,offshor grid,5: offshor grid,
5,offshor grid,5: offshor grid,
5,offshor grid,5: offshor grid,
5,offshor grid,5: offshor grid,
5,offshor grid,5: offshor grid,
5,offshor grid,5: offshor grid,
5,offshor grid,5: offshor grid,
5,offshor grid,5: offshor grid,
5,offshor grid,5: offshor grid,
5,offshor grid,5: offshor grid,
5,offshor grid,5: offshor grid,
5,offshor grid,5: offshor grid,
5,offshor grid,5: offshor grid,
5,offshor grid,5: offshor grid,
5,offshor grid,5: offshor grid,
5,offshor grid,5: offshor grid,
5,offshor grid,5: offshor grid,
5,offshor grid,5: offshor grid,
5,offshor grid,5: offshor grid,
5,offshor grid,5: offshor grid,
5,offshor grid,5: offshor grid,
5,offshor grid,5: offshor grid,
5,offshor grid,5: offshor grid,
5,offshor grid,5: offshor grid,
5,offshor grid,5: offshor grid,
5,offshor grid,5: offshor grid,
5,offshor grid,5: offshor grid,
5,offshor grid,5: offshor grid,
5,offshor grid,5: offshor grid,
5,offshor grid,5: offshor grid,
5,offshor grid,5: offshor grid,
5,offshor grid,5: offshor grid,
5,offshor grid,5: offshor grid,
5,offshor grid,5: offshor grid,
5,offshor grid,5: offshor grid,
5,offshor grid,5: offshor grid,
5,offshor grid,5: offshor grid,
5,offshor grid,5: offshor grid,
5,offshor grid,5: offshor grid,
5,offshor grid,5: offshor grid,
5,offshor grid,5: offshor grid,
5,offshor grid,5: offshor grid,
5,offshor grid,5: offshor grid,
5,offshor grid,5: offshor grid,
5,offshor grid,5: offshor grid,
5,offshor grid,5: offshor grid,
5,offshor grid,5: offshor grid,
5,offshor grid,5: offshor grid,
5,offshor grid,5: offshor grid,
5,offshor grid,5: offshor grid,
5,offshor grid,5: offshor grid,
5,offshor grid,5: offshor grid,
5,offshor grid,5: offshor grid,
5,offshor grid,5: offshor grid,
5,offshor grid,5: offshor grid,
5,offshor grid,5: offshor grid,
5,offshor grid,5: offshor grid,
5,offshor grid,5: offshor grid,
5,offshor grid,5: offshor grid,
5,offshor grid,5: offshor grid,
5,offshor grid,5: offshor grid,
5,offshor grid,5: offshor grid,
5,offshor grid,5: offshor grid,
5,offshor grid,5: offshor grid,
5,offshor grid,5: offshor grid,
5,offshor grid,5: offshor grid,
5,offshor grid,5: offshor grid,
5,offshor grid,5: offshor grid,
5,offshor grid,5: offshor grid,
5,offshor grid,5: offshor grid,
5,offshor grid,5: offshor grid,
5,offshor grid,5: offshor grid,
5,offshor grid,5: offshor grid,
5,offshor grid,5: offshor grid,
5,offshor grid,5: offshor grid,
5,offshor grid,5: offshor grid,
5,offshor grid,5: offshor grid,
5,offshor grid,5: offshor grid,
5,offshor grid,5: offshor grid,
5,offshor grid,5: offshor grid,
5,offshor grid,5: offshor grid,
5,offshor grid,5: offshor grid,
5,offshor grid,5: offshor grid,
5,offshor grid,5: offshor grid,
5,offshor grid,5: offshor grid,
5,offshor grid,5: offshor grid,
5,offshor grid,5: offshor grid,
5,offshor grid,5: offshor grid,
5,offshor grid,5: offshor grid,
5,offshor grid,5: offshor grid,
5,offshor grid,5: offshor grid,
5,offshor grid,5: offshor grid,
5,offshor grid,5: offshor grid,
5,offshor grid,5: offshor grid,
5,offshor grid,5: offshor grid,
5,offshor grid,5: offshor grid,
5,offshor grid,5: offshor grid,
5,offshor grid,5: offshor grid,
5,offshor grid,5: offshor grid,
5,offshor grid,5: offshor grid,
5,offshor grid,5: offshor grid,
5,offshor grid,5: offshor grid,
5,offshor grid,5: offshor grid,
5,offshor grid,5: offshor grid,
5,offshor grid,5: offshor grid,
5,offshor grid,5: offshor grid,
5,offshor grid,5: offshor grid,
5,offshor grid,5: offshor grid,
5,offshor grid,5: offshor grid,
5,offshor grid,5: offshor grid,
5,offshor grid,5: offshor grid,
5,offshor grid,5: offshor grid,
5,offshor grid,5: offshor grid,
5,offshor grid,5: offshor grid,
5,offshor grid,5: offshor grid,
5,offshor grid,5: offshor grid,
5,offshor grid,5: offshor grid,
5,offshor grid,5: offshor grid,
5,offshor grid,5: offshor grid,
5,offshor grid,5: offshor grid,
5,offshor grid,5: offshor grid,
5,offshor grid,5: offshor grid,
5,offshor grid,5: offshor grid,
5,offshor grid,5: offshor grid,
5,offshor grid,5: offshor grid,
5,offshor grid,5: offshor grid,
5,offshor grid,5: offshor grid,
5,offshor grid,5: offshor grid,
5,offshor grid,5: offshor grid,
5,offshor grid,5: offshor grid,
5,offshor grid,5: offshor grid,
5,offshor grid,5: offshor grid,
5,offshor grid,5: offshor grid,
5,offshor grid,5: offshor grid,
5,offshor grid,5: offshor grid,
5,offshor grid,5: offshor grid,
5,offshor grid,5: offshor grid,
5,offshor grid,5: offshor grid,
5,offshor grid,5: offshor grid,
5,offshor grid,5: offshor grid,
5,offshor grid,5: offshor grid,
5,offshor grid,5: offshor grid,
5,offshor grid,5: offshor grid,
5,offshor grid,5: offshor grid,
5,offshor grid,5: offshor grid,
5,offshor grid,5: offshor grid,
5,offshor grid,5: offshor grid,
5,offshor grid,5: offshor grid,
5,offshor grid,5: offshor grid,
5,offshor grid,5: offshor grid,
5,offshor grid,5: offshor grid,
5,offshor grid,5: offshor grid,
5,offshor grid,5: offshor grid,
5,offshor grid,5: offshor grid,
5,offshor grid,5: offshor grid,
5,offshor grid,5: offshor grid,
5,offshor grid,5: offshor grid,
5,offshor grid,5: offshor grid,
5,offshor grid,5: offshor grid,
5,offshor grid,5: offshor grid,
5,offshor grid,5: offshor grid,
5,offshor grid,5: offshor grid,
5,offshor grid,5: offshor grid,
5,offshor grid,5: offshor grid,
5,offshor grid,5: offshor grid,
5,offshor grid,5: offshor grid,
5,offshor grid,5: offshor grid,
5,offshor grid,5: offshor grid,
5,offshor grid,5: offshor grid,
5,offshor grid,5: offshor grid,
5,offshor grid,5: offshor grid,
5,offshor grid,5: offshor grid,
5,offshor grid,5: offshor grid,
5,offshor grid,5: offshor grid,
5,offshor grid,5: offshor grid,
5,offshor grid,5: offshor grid,
5,offshor grid,5: offshor grid,
5,offshor grid,5: offshor grid,
5,offshor grid,5: offshor grid,
5,offshor grid,5: offshor grid,
5,offshor grid,5: offshor grid,
5,offshor grid,5: offshor grid,
5,offshor grid,5: offshor grid,
5,offshor grid,5: offshor grid,
5,offshor grid,5: offshor grid,
5,offshor grid,5: offshor grid,
5,offshor grid,5: offshor grid,
5,offshor grid,5: offshor grid,
5,offshor grid,5: offshor grid,
5,offshor grid,5: offshor grid,
5,offshor grid,5: offshor grid,
5,offshor grid,5: offshor grid,
5,offshor grid,5: offshor grid,
5,offshor grid,5: offshor grid,
5,offshor grid,5: offshor grid,
5,offshor grid,5: offshor grid,
5,offshor grid,5: offshor grid,
5,offshor grid,5: offshor grid,
5,offshor grid,5: offshor grid,
5,offshor grid,5: offshor grid,
5,offshor grid,5: offshor grid,
5,offshor grid,5: offshor grid,
5,offshor grid,5: offshor grid,
5,offshor grid,5: offshor grid,
5,offshor grid,5: offshor grid,
5,offshor grid,5: offshor grid,
5,offshor grid,5: offshor grid,
5,offshor grid,5: offshor grid,
5,offshor grid,5: offshor grid,
5,offshor grid,5: offshor grid,
5,offshor grid,5: offshor grid,
5,offshor grid,5: offshor grid,
5,offshor grid,5: offshor grid,
5,offshor grid,5: offshor grid,
5,offshor grid,5: offshor grid,
5,offshor grid,5: offshor grid,
5,offshor grid,5: offshor grid,
5,offshor grid,5: offshor grid,
5,offshor grid,5: offshor grid,
5,offshor grid,5: offshor grid,
5,offshor grid,5: offshor grid,
5,offshor grid,5: offshor grid,
5,offshor grid,5: offshor grid,
5,offshor grid,5: offshor grid,
5,offshor grid,5: offshor grid,
5,offshor grid,5: offshor grid,
5,offshor grid,5: offshor grid,
5,offshor grid,5: offshor grid,
5,offshor grid,5: offshor grid,
5,offshor grid,5: offshor grid,
5,offshor grid,5: offshor grid,
5,offshor grid,5: offshor grid,
5,offshor grid,5: offshor grid,
5,offshor grid,5: offshor grid,
5,offshor grid,5: offshor grid,
5,offshor grid,5: offshor grid,
5,offshor grid,5: offshor grid,
5,offshor grid,5: offshor grid,
5,offshor grid,5: offshor grid,
5,offshor grid,5: offshor grid,
5,offshor grid,5: offshor grid,
5,offshor grid,5: offshor grid,
5,offshor grid,5: offshor grid,
5,offshor grid,5: offshor grid,
5,offshor grid,5: offshor grid,
5,offshor grid,5: offshor grid,
5,offshor grid,5: offshor grid,
5,offshor grid,5: offshor grid,
5,offshor grid,5: offshor grid,
5,offshor grid,5: offshor grid,
5,offshor grid,5: offshor grid,
5,offshor grid,5: offshor grid,
5,offshor grid,5: offshor grid,
5,offshor grid,5: offshor grid,
5,offshor grid,5: offshor grid,
5,offshor grid,5: offshor grid,
5,offshor grid,5: offshor grid,
5,offshor grid,5: offshor grid,
5,offshor grid,5: offshor grid,
5,offshor grid,5: offshor grid,
5,offshor grid,5: offshor grid,
5,offshor grid,5: offshor grid,
5,offshor grid,5: offshor grid,
5,offshor grid,5: offshor grid,
5,offshor grid,5: offshor grid,
5,offshor grid,5: offshor grid,
5,offshor grid,5: offshor grid,
5,offshor grid,5: offshor grid,
5,offshor grid,5: offshor grid,
5,offshor grid,5: offshor grid,
5,offshor grid,5: offshor grid,
5,offshor grid,5: offshor grid,
5,offshor grid,5: offshor grid,
5,offshor grid,5: offshor grid,
5,offshor grid,5: offshor grid,
5,offshor grid,5: offshor grid,
5,offshor grid,5: offshor grid,
5,offshor grid,5: offshor grid,
5,offshor grid,5: offshor grid,
5,offshor grid,5: offshor grid,
5,offshor grid,5: offshor grid,
5,offshor grid,5: offshor grid,
5,offshor grid,5: offshor grid,
5,offshor grid,5: offshor grid,
5,offshor grid,5: offshor grid,
5,offshor grid,5: offshor grid,
5,offshor grid,5: offshor grid,
5,offshor grid,5: offshor grid,
5,offshor grid,5: offshor grid,
5,offshor grid,5: offshor grid,
5,offshor grid,5: offshor grid,
5,offshor grid,5: offshor grid,
5,offshor grid,5: offshor grid,
5,offshor grid,5: offshor grid,
5,offshor grid,5: offshor grid,
5,offshor grid,5: offshor grid,
5,offshor grid,5: offshor grid,
5,offshor grid,5: offshor grid,
5,offshor grid,5: offshor grid,
5,offshor grid,5: offshor grid,
5,offshor grid,5: offshor grid,
5,offshor grid,5: offshor grid,
5,offshor grid,5: offshor grid,
5,offshor grid,5: offshor grid,
5,offshor grid,5: offshor grid,
5,offshor grid,5: offshor grid,
5,offshor grid,5: offshor grid,
5,offshor grid,5: offshor grid,
5,offshor grid,5: offshor grid,
5,offshor grid,5: offshor grid,
5,offshor grid,5: offshor grid,
5,offshor grid,5: offshor grid,
5,offshor grid,5: offshor grid,
5,offshor grid,5: offshor grid,
5,offshor grid,5: offshor grid,
5,offshor grid,5: offshor grid,
5,offshor grid,5: offshor grid,
5,offshor grid,5: offshor grid,
5,offshor grid,5: offshor grid,
5,offshor grid,5: offshor grid,
5,offshor grid,5: offshor grid,
5,offshor grid,5: offshor grid,
9,wind farm,9: wind farm,
9,wind farm,9: wind farm,
9,wind farm,9: wind farm,
9,wind farm,9: wind farm,
9,wind farm,9: wind farm,
9,wind farm,9: wind farm,
9,wind farm,9: wind farm,
9,wind farm,9: wind farm,
9,wind farm,9: wind farm,
9,wind farm,9: wind farm,
9,wind farm,9: wind farm,
9,wind farm,9: wind farm,
9,wind farm,9: wind farm,
9,wind farm,9: wind farm,
9,wind farm,9: wind farm,
9,wind farm,9: wind farm,
9,wind farm,9: wind farm,
9,wind farm,9: wind farm,
9,wind farm,9: wind farm,
9,wind farm,9: wind farm,
9,wind farm,9: wind farm,
9,wind farm,9: wind farm,
9,wind farm,9: wind farm,
9,wind farm,9: wind farm,
9,wind farm,9: wind farm,
9,wind farm,9: wind farm,
9,wind farm,9: wind farm,
9,wind farm,9: wind farm,
9,wind farm,9: wind farm,
9,wind farm,9: wind farm,
9,wind farm,9: wind farm,
9,wind farm,9: wind farm,
9,wind farm,9: wind farm,
9,wind farm,9: wind farm,
9,wind farm,9: wind farm,
9,wind farm,9: wind farm,
9,wind farm,9: wind farm,
9,wind farm,9: wind farm,
9,wind farm,9: wind farm,
9,wind farm,9: wind farm,
9,wind farm,9: wind farm,
9,wind farm,9: wind farm,
9,wind farm,9: wind farm,
9,wind farm,9: wind farm,
9,wind farm,9: wind farm,
9,wind farm,9: wind farm,
9,wind farm,9: wind farm,
9,wind farm,9: wind farm,
9,wind farm,9: wind farm,
9,wind farm,9: wind farm,
9,wind farm,9: wind farm,
9,wind farm,9: wind farm,
9,wind farm,9: wind farm,
9,wind farm,9: wind farm,
9,wind farm,9: wind farm,
9,wind farm,9: wind farm,
9,wind farm,9: wind farm,
9,wind farm,9: wind farm,
9,wind farm,9: wind farm,
9,wind farm,9: wind farm,
9,wind farm,9: wind farm,
9,wind farm,9: wind farm,
9,wind farm,9: wind farm,
9,wind farm,9: wind farm,
9,wind farm,9: wind farm,
9,wind farm,9: wind farm,
9,wind farm,9: wind farm,
9,wind farm,9: wind farm,
9,wind farm,9: wind farm,
9,wind farm,9: wind farm,
9,wind farm,9: wind farm,
9,wind farm,9: wind farm,
9,wind farm,9: wind farm,
9,wind farm,9: wind farm,
9,wind farm,9: wind farm,
9,wind farm,9: wind farm,
9,wind farm,9: wind farm,
9,wind farm,9: wind farm,
9,wind farm,9: wind farm,
9,wind farm,9: wind farm,
9,wind farm,9: wind farm,
9,wind farm,9: wind farm,
9,wind farm,9: wind farm,
9,wind farm,9: wind farm,
9,wind farm,9: wind farm,
9,wind farm,9: wind farm,
9,wind farm,9: wind farm,
9,wind farm,9: wind farm,
9,wind farm,9: wind farm,
9,wind farm,9: wind farm,
9,wind farm,9: wind farm,
9,wind farm,9: wind farm,
9,wind farm,9: wind farm,
9,wind farm,9: wind farm,
9,wind farm,9: wind farm,
9,wind farm,9: wind farm,
9,wind farm,9: wind farm,
9,wind farm,9: wind farm,
9,wind farm,9: wind farm,
9,wind farm,9: wind farm,
9,wind farm,9: wind farm,
9,wind farm,9: wind farm,
9,wind farm,9: wind farm,
9,wind farm,9: wind farm,
9,wind farm,9: wind farm,
9,wind farm,9: wind farm,
9,wind farm,9: wind farm,
9,wind farm,9: wind farm,
9,wind farm,9: wind farm,
9,wind farm,9: wind farm,
9,wind farm,9: wind farm,
9,wind farm,9: wind farm,
9,wind farm,9: wind farm,
9,wind farm,9: wind farm,
9,wind farm,9: wind farm,
9,wind farm,9: wind farm,
9,wind farm,9: wind farm,
9,wind farm,9: wind farm,
9,wind farm,9: wind farm,
9,wind farm,9: wind farm,
9,wind farm,9: wind farm,
9,wind farm,9: wind farm,
9,wind farm,9: wind farm,
9,wind farm,9: wind farm,
9,wind farm,9: wind farm,
9,wind farm,9: wind farm,
9,wind farm,9: wind farm,
9,wind farm,9: wind farm,
9,wind farm,9: wind farm,
9,wind farm,9: wind farm,
9,wind farm,9: wind farm,
9,wind farm,9: wind farm,
9,wind farm,9: wind farm,
9,wind farm,9: wind farm,
9,wind farm,9: wind farm,
9,wind farm,9: wind farm,
9,wind farm,9: wind farm,
9,wind farm,9: wind farm,
9,wind farm,9: wind farm,
9,wind farm,9: wind farm,
9,wind farm,9: wind farm,
9,wind farm,9: wind farm,
9,wind farm,9: wind farm,
9,wind farm,9: wind farm,
9,wind farm,9: wind farm,
9,wind farm,9: wind farm,
9,wind farm,9: wind farm,
9,wind farm,9: wind farm,
9,wind farm,9: wind farm,
9,wind farm,9: wind farm,
9,wind farm,9: wind farm,
9,wind farm,9: wind farm,
9,wind farm,9: wind farm,
9,wind farm,9: wind farm,
9,wind farm,9: wind farm,
9,wind farm,9: wind farm,
9,wind farm,9: wind farm,
9,wind farm,9: wind farm,
9,wind farm,9: wind farm,
9,wind farm,9: wind farm,
9,wind farm,9: wind farm,
9,wind farm,9: wind farm,
9,wind farm,9: wind farm,
9,wind farm,9: wind farm,
9,wind farm,9: wind farm,
9,wind farm,9: wind farm,
9,wind farm,9: wind farm,
9,wind farm,9: wind farm,
9,wind farm,9: wind farm,
9,wind farm,9: wind farm,
9,wind farm,9: wind farm,
9,wind farm,9: wind farm,
9,wind farm,9: wind farm,
9,wind farm,9: wind farm,
9,wind farm,9: wind farm,
9,wind farm,9: wind farm,
9,wind farm,9: wind farm,
9,wind farm,9: wind farm,
9,wind farm,9: wind farm,
9,wind farm,9: wind farm,
9,wind farm,9: wind farm,
9,wind farm,9: wind farm,
9,wind farm,9: wind farm,
9,wind farm,9: wind farm,
9,wind farm,9: wind farm,
9,wind farm,9: wind farm,
9,wind farm,9: wind farm,
9,wind farm,9: wind farm,
9,wind farm,9: wind farm,
9,wind farm,9: wind farm,
9,wind farm,9: wind farm,
9,wind farm,9: wind farm,
9,wind farm,9: wind farm,
9,wind farm,9: wind farm,
9,wind farm,9: wind farm,
9,wind farm,9: wind farm,
9,wind farm,9: wind farm,
9,wind farm,9: wind farm,
9,wind farm,9: wind farm,
9,wind farm,9: wind farm,
9,wind farm,9: wind farm,
9,wind farm,9: wind farm,
9,wind farm,9: wind farm,
9,wind farm,9: wind farm,
9,wind farm,9: wind farm,
9,wind farm,9: wind farm,
9,wind farm,9: wind farm,
9,wind farm,9: wind farm,
9,wind farm,9: wind farm,
9,wind farm,9: wind farm,
9,wind farm,9: wind farm,
9,wind farm,9: wind farm,
9,wind farm,9: wind farm,
9,wind farm,9: wind farm,
9,wind farm,9: wind farm,
9,wind farm,9: wind farm,
9,wind farm,9: wind farm,
9,wind farm,9: wind farm,
9,wind farm,9: wind farm,
9,wind farm,9: wind farm,
9,wind farm,9: wind farm,
9,wind farm,9: wind farm,
9,wind farm,9: wind farm,
9,wind farm,9: wind farm,
9,wind farm,9: wind farm,
9,wind farm,9: wind farm,
9,wind farm,9: wind farm,
9,wind farm,9: wind farm,
9,wind farm,9: wind farm,
9,wind farm,9: wind farm,
9,wind farm,9: wind farm,
9,wind farm,9: wind farm,
9,wind farm,9: wind farm,
9,wind farm,9: wind farm,
9,wind farm,9: wind farm,
9,wind farm,9: wind farm,
9,wind farm,9: wind farm,
9,wind farm,9: wind farm,
9,wind farm,9: wind farm,
9,wind farm,9: wind farm,
9,wind farm,9: wind farm,
9,wind farm,9: wind farm,
9,wind farm,9: wind farm,
9,wind farm,9: wind farm,
9,wind farm,9: wind farm,
9,wind farm,9: wind farm,
9,wind farm,9: wind farm,
9,wind farm,9: wind farm,
9,wind farm,9: wind farm,
9,wind farm,9: wind farm,
9,wind farm,9: wind farm,
9,wind farm,9: wind farm,
9,wind farm,9: wind farm,
9,wind farm,9: wind farm,
9,wind farm,9: wind farm,
9,wind farm,9: wind farm,
9,wind farm,9: wind farm,
9,wind farm,9: wind farm,
9,wind farm,9: wind farm,
9,wind farm,9: wind farm,
9,wind farm,9: wind farm,
9,wind farm,9: wind farm,
9,wind farm,9: wind farm,
9,wind farm,9: wind farm,
9,wind farm,9: wind farm,
9,wind farm,9: wind farm,
9,wind farm,9: wind farm,
9,wind farm,9: wind farm,
9,wind farm,9: wind farm,
9,wind farm,9: wind farm,
9,wind farm,9: wind farm,
9,wind farm,9: wind farm,
9,wind farm,9: wind farm,
9,wind farm,9: wind farm,
9,wind farm,9: wind farm,
9,wind farm,9: wind farm,
9,wind farm,9: wind farm,
9,wind farm,9: wind farm,
9,wind farm,9: wind farm,
9,wind farm,9: wind farm,
9,wind farm,9: wind farm,
9,wind farm,9: wind farm,
9,wind farm,9: wind farm,
9,wind farm,9: wind farm,
9,wind farm,9: wind farm,
9,wind farm,9: wind farm,
9,wind farm,9: wind farm,
9,wind farm,9: wind farm,
9,wind farm,9: wind farm,
9,wind farm,9: wind farm,
9,wind farm,9: wind farm,
9,wind farm,9: wind farm,
9,wind farm,9: wind farm,
9,wind farm,9: wind farm,
9,wind farm,9: wind farm,
9,wind farm,9: wind farm,
9,wind farm,9: wind farm,
9,wind farm,9: wind farm,
9,wind farm,9: wind farm,
9,wind farm,9: wind farm,
9,wind farm,9: wind farm,
9,wind farm,9: wind farm,
9,wind farm,9: wind farm,
9,wind farm,9: wind farm,
9,wind farm,9: wind farm,
9,wind farm,9: wind farm,
9,wind farm,9: wind farm,
9,wind farm,9: wind farm,
9,wind farm,9: wind farm,
9,wind farm,9: wind farm,
9,wind farm,9: wind farm,
9,wind farm,9: wind farm,
9,wind farm,9: wind farm,
9,wind farm,9: wind farm,
9,wind farm,9: wind farm,
9,wind farm,9: wind farm,
9,wind farm,9: wind farm,
9,wind farm,9: wind farm,
9,wind farm,9: wind farm,
9,wind farm,9: wind farm,
9,wind farm,9: wind farm,
9,wind farm,9: wind farm,
1,abstract avail,1: abstract avail,
1,abstract avail,1: abstract avail,
1,abstract avail,1: abstract avail,
1,abstract avail,1: abstract avail,
1,abstract avail,1: abstract avail,
1,abstract avail,1: abstract avail,
1,abstract avail,1: abstract avail,
1,abstract avail,1: abstract avail,
1,abstract avail,1: abstract avail,
1,abstract avail,1: abstract avail,
1,abstract avail,1: abstract avail,
1,abstract avail,1: abstract avail,
1,abstract avail,1: abstract avail,
1,abstract avail,1: abstract avail,
1,abstract avail,1: abstract avail,
1,abstract avail,1: abstract avail,
1,abstract avail,1: abstract avail,
1,abstract avail,1: abstract avail,
1,abstract avail,1: abstract avail,
1,abstract avail,1: abstract avail,
1,abstract avail,1: abstract avail,
1,abstract avail,1: abstract avail,
1,abstract avail,1: abstract avail,
1,abstract avail,1: abstract avail,
1,abstract avail,1: abstract avail,
1,abstract avail,1: abstract avail,
1,abstract avail,1: abstract avail,
1,abstract avail,1: abstract avail,
1,abstract avail,1: abstract avail,
1,abstract avail,1: abstract avail,
1,abstract avail,1: abstract avail,
1,abstract avail,1: abstract avail,
1,abstract avail,1: abstract avail,
1,abstract avail,1: abstract avail,
1,abstract avail,1: abstract avail,
1,abstract avail,1: abstract avail,
1,abstract avail,1: abstract avail,
1,abstract avail,1: abstract avail,
1,abstract avail,1: abstract avail,
1,abstract avail,1: abstract avail,
1,abstract avail,1: abstract avail,
1,abstract avail,1: abstract avail,
1,abstract avail,1: abstract avail,
1,abstract avail,1: abstract avail,
1,abstract avail,1: abstract avail,
1,abstract avail,1: abstract avail,
1,abstract avail,1: abstract avail,
1,abstract avail,1: abstract avail,
1,abstract avail,1: abstract avail,
1,abstract avail,1: abstract avail,
1,abstract avail,1: abstract avail,
1,abstract avail,1: abstract avail,
1,abstract avail,1: abstract avail,
1,abstract avail,1: abstract avail,
1,abstract avail,1: abstract avail,
1,abstract avail,1: abstract avail,
1,abstract avail,1: abstract avail,
1,abstract avail,1: abstract avail,
1,abstract avail,1: abstract avail,
1,abstract avail,1: abstract avail,
1,abstract avail,1: abstract avail,
1,abstract avail,1: abstract avail,
1,abstract avail,1: abstract avail,
1,abstract avail,1: abstract avail,
1,abstract avail,1: abstract avail,
1,abstract avail,1: abstract avail,
1,abstract avail,1: abstract avail,
1,abstract avail,1: abstract avail,
1,abstract avail,1: abstract avail,
1,abstract avail,1: abstract avail,
1,abstract avail,1: abstract avail,
1,abstract avail,1: abstract avail,
1,abstract avail,1: abstract avail,
1,abstract avail,1: abstract avail,
1,abstract avail,1: abstract avail,
1,abstract avail,1: abstract avail,
1,abstract avail,1: abstract avail,
1,abstract avail,1: abstract avail,
1,abstract avail,1: abstract avail,
1,abstract avail,1: abstract avail,
1,abstract avail,1: abstract avail,
1,abstract avail,1: abstract avail,
1,abstract avail,1: abstract avail,
1,abstract avail,1: abstract avail,
1,abstract avail,1: abstract avail,
1,abstract avail,1: abstract avail,
1,abstract avail,1: abstract avail,
1,abstract avail,1: abstract avail,
1,abstract avail,1: abstract avail,
1,abstract avail,1: abstract avail,
1,abstract avail,1: abstract avail,
1,abstract avail,1: abstract avail,
1,abstract avail,1: abstract avail,
1,abstract avail,1: abstract avail,
1,abstract avail,1: abstract avail,
1,abstract avail,1: abstract avail,
1,abstract avail,1: abstract avail,
1,abstract avail,1: abstract avail,
1,abstract avail,1: abstract avail,
1,abstract avail,1: abstract avail,
1,abstract avail,1: abstract avail,
1,abstract avail,1: abstract avail,
1,abstract avail,1: abstract avail,
1,abstract avail,1: abstract avail,
1,abstract avail,1: abstract avail,
1,abstract avail,1: abstract avail,
1,abstract avail,1: abstract avail,
1,abstract avail,1: abstract avail,
1,abstract avail,1: abstract avail,
1,abstract avail,1: abstract avail,
1,abstract avail,1: abstract avail,
1,abstract avail,1: abstract avail,
1,abstract avail,1: abstract avail,
1,abstract avail,1: abstract avail,
1,abstract avail,1: abstract avail,
1,abstract avail,1: abstract avail,
1,abstract avail,1: abstract avail,
1,abstract avail,1: abstract avail,
1,abstract avail,1: abstract avail,
1,abstract avail,1: abstract avail,
1,abstract avail,1: abstract avail,
1,abstract avail,1: abstract avail,
1,abstract avail,1: abstract avail,
1,abstract avail,1: abstract avail,
1,abstract avail,1: abstract avail,
1,abstract avail,1: abstract avail,
1,abstract avail,1: abstract avail,
1,abstract avail,1: abstract avail,
1,abstract avail,1: abstract avail,
1,abstract avail,1: abstract avail,
1,abstract avail,1: abstract avail,
1,abstract avail,1: abstract avail,
1,abstract avail,1: abstract avail,
1,abstract avail,1: abstract avail,
1,abstract avail,1: abstract avail,
1,abstract avail,1: abstract avail,
1,abstract avail,1: abstract avail,
1,abstract avail,1: abstract avail,
1,abstract avail,1: abstract avail,
1,abstract avail,1: abstract avail,
1,abstract avail,1: abstract avail,
1,abstract avail,1: abstract avail,
1,abstract avail,1: abstract avail,
1,abstract avail,1: abstract avail,
1,abstract avail,1: abstract avail,
1,abstract avail,1: abstract avail,
1,abstract avail,1: abstract avail,
1,abstract avail,1: abstract avail,
1,abstract avail,1: abstract avail,
1,abstract avail,1: abstract avail,
1,abstract avail,1: abstract avail,
1,abstract avail,1: abstract avail,
1,abstract avail,1: abstract avail,
1,abstract avail,1: abstract avail,
1,abstract avail,1: abstract avail,
1,abstract avail,1: abstract avail,
1,abstract avail,1: abstract avail,
1,abstract avail,1: abstract avail,
1,abstract avail,1: abstract avail,
1,abstract avail,1: abstract avail,
1,abstract avail,1: abstract avail,
1,abstract avail,1: abstract avail,
7,renew energi,7: renew energi,
7,renew energi,7: renew energi,
7,renew energi,7: renew energi,
7,renew energi,7: renew energi,
7,renew energi,7: renew energi,
7,renew energi,7: renew energi,
7,renew energi,7: renew energi,
7,renew energi,7: renew energi,
7,renew energi,7: renew energi,
7,renew energi,7: renew energi,
7,renew energi,7: renew energi,
7,renew energi,7: renew energi,
7,renew energi,7: renew energi,
7,renew energi,7: renew energi,
7,renew energi,7: renew energi,
7,renew energi,7: renew energi,
7,renew energi,7: renew energi,
7,renew energi,7: renew energi,
7,renew energi,7: renew energi,
7,renew energi,7: renew energi,
7,renew energi,7: renew energi,
7,renew energi,7: renew energi,
7,renew energi,7: renew energi,
7,renew energi,7: renew energi,
7,renew energi,7: renew energi,
7,renew energi,7: renew energi,
7,renew energi,7: renew energi,
7,renew energi,7: renew energi,
7,renew energi,7: renew energi,
7,renew energi,7: renew energi,
7,renew energi,7: renew energi,
7,renew energi,7: renew energi,
7,renew energi,7: renew energi,
7,renew energi,7: renew energi,
7,renew energi,7: renew energi,
7,renew energi,7: renew energi,
7,renew energi,7: renew energi,
7,renew energi,7: renew energi,
7,renew energi,7: renew energi,
7,renew energi,7: renew energi,
7,renew energi,7: renew energi,
7,renew energi,7: renew energi,
7,renew energi,7: renew energi,
7,renew energi,7: renew energi,
7,renew energi,7: renew energi,
7,renew energi,7: renew energi,
7,renew energi,7: renew energi,
7,renew energi,7: renew energi,
7,renew energi,7: renew energi,
7,renew energi,7: renew energi,
7,renew energi,7: renew energi,
7,renew energi,7: renew energi,
7,renew energi,7: renew energi,
7,renew energi,7: renew energi,
7,renew energi,7: renew energi,
7,renew energi,7: renew energi,
7,renew energi,7: renew energi,
7,renew energi,7: renew energi,
7,renew energi,7: renew energi,
7,renew energi,7: renew energi,
7,renew energi,7: renew energi,
7,renew energi,7: renew energi,
7,renew energi,7: renew energi,
7,renew energi,7: renew energi,
7,renew energi,7: renew energi,
7,renew energi,7: renew energi,
7,renew energi,7: renew energi,
7,renew energi,7: renew energi,
7,renew energi,7: renew energi,
7,renew energi,7: renew energi,
7,renew energi,7: renew energi,
7,renew energi,7: renew energi,
7,renew energi,7: renew energi,
7,renew energi,7: renew energi,
7,renew energi,7: renew energi,
7,renew energi,7: renew energi,
7,renew energi,7: renew energi,
7,renew energi,7: renew energi,
7,renew energi,7: renew energi,
7,renew energi,7: renew energi,
7,renew energi,7: renew energi,
7,renew energi,7: renew energi,
7,renew energi,7: renew energi,
7,renew energi,7: renew energi,
7,renew energi,7: renew energi,
7,renew energi,7: renew energi,
7,renew energi,7: renew energi,
7,renew energi,7: renew energi,
7,renew energi,7: renew energi,
7,renew energi,7: renew energi,
7,renew energi,7: renew energi,
7,renew energi,7: renew energi,
7,renew energi,7: renew energi,
7,renew energi,7: renew energi,
7,renew energi,7: renew energi,
7,renew energi,7: renew energi,
7,renew energi,7: renew energi,
7,renew energi,7: renew energi,
7,renew energi,7: renew energi,
7,renew energi,7: renew energi,
7,renew energi,7: renew energi,
7,renew energi,7: renew energi,
7,renew energi,7: renew energi,
7,renew energi,7: renew energi,
7,renew energi,7: renew energi,
7,renew energi,7: renew energi,
7,renew energi,7: renew energi,
7,renew energi,7: renew energi,
7,renew energi,7: renew energi,
7,renew energi,7: renew energi,
7,renew energi,7: renew energi,
7,renew energi,7: renew energi,
7,renew energi,7: renew energi,
7,renew energi,7: renew energi,
7,renew energi,7: renew energi,
7,renew energi,7: renew energi,
7,renew energi,7: renew energi,
7,renew energi,7: renew energi,
7,renew energi,7: renew energi,
7,renew energi,7: renew energi,
7,renew energi,7: renew energi,
7,renew energi,7: renew energi,
7,renew energi,7: renew energi,
7,renew energi,7: renew energi,
7,renew energi,7: renew energi,
7,renew energi,7: renew energi,
7,renew energi,7: renew energi,
7,renew energi,7: renew energi,
7,renew energi,7: renew energi,
7,renew energi,7: renew energi,
7,renew energi,7: renew energi,
7,renew energi,7: renew energi,
7,renew energi,7: renew energi,
7,renew energi,7: renew energi,
7,renew energi,7: renew energi,
7,renew energi,7: renew energi,
7,renew energi,7: renew energi,
7,renew energi,7: renew energi,
7,renew energi,7: renew energi,
7,renew energi,7: renew energi,
7,renew energi,7: renew energi,
7,renew energi,7: renew energi,
7,renew energi,7: renew energi,
7,renew energi,7: renew energi,
7,renew energi,7: renew energi,
7,renew energi,7: renew energi,
9,wind farm,9: wind farm,
9,wind farm,9: wind farm,
9,wind farm,9: wind farm,
9,wind farm,9: wind farm,
9,wind farm,9: wind farm,
9,wind farm,9: wind farm,
9,wind farm,9: wind farm,
9,wind farm,9: wind farm,
9,wind farm,9: wind farm,
9,wind farm,9: wind farm,
9,wind farm,9: wind farm,
9,wind farm,9: wind farm,
9,wind farm,9: wind farm,
9,wind farm,9: wind farm,
9,wind farm,9: wind farm,
9,wind farm,9: wind farm,
9,wind farm,9: wind farm,
9,wind farm,9: wind farm,
9,wind farm,9: wind farm,
9,wind farm,9: wind farm,
9,wind farm,9: wind farm,
9,wind farm,9: wind farm,
9,wind farm,9: wind farm,
9,wind farm,9: wind farm,
9,wind farm,9: wind farm,
9,wind farm,9: wind farm,
9,wind farm,9: wind farm,
9,wind farm,9: wind farm,
9,wind farm,9: wind farm,
9,wind farm,9: wind farm,
9,wind farm,9: wind farm,
9,wind farm,9: wind farm,
9,wind farm,9: wind farm,
9,wind farm,9: wind farm,
9,wind farm,9: wind farm,
9,wind farm,9: wind farm,
9,wind farm,9: wind farm,
9,wind farm,9: wind farm,
9,wind farm,9: wind farm,
9,wind farm,9: wind farm,
9,wind farm,9: wind farm,
9,wind farm,9: wind farm,
9,wind farm,9: wind farm,
9,wind farm,9: wind farm,
9,wind farm,9: wind farm,
9,wind farm,9: wind farm,
9,wind farm,9: wind farm,
9,wind farm,9: wind farm,
9,wind farm,9: wind farm,
9,wind farm,9: wind farm,
9,wind farm,9: wind farm,
9,wind farm,9: wind farm,
9,wind farm,9: wind farm,
9,wind farm,9: wind farm,
9,wind farm,9: wind farm,
9,wind farm,9: wind farm,
9,wind farm,9: wind farm,
9,wind farm,9: wind farm,
9,wind farm,9: wind farm,
9,wind farm,9: wind farm,
9,wind farm,9: wind farm,
9,wind farm,9: wind farm,
9,wind farm,9: wind farm,
9,wind farm,9: wind farm,
9,wind farm,9: wind farm,
9,wind farm,9: wind farm,
9,wind farm,9: wind farm,
9,wind farm,9: wind farm,
9,wind farm,9: wind farm,
9,wind farm,9: wind farm,
9,wind farm,9: wind farm,
9,wind farm,9: wind farm,
9,wind farm,9: wind farm,
9,wind farm,9: wind farm,
9,wind farm,9: wind farm,
9,wind farm,9: wind farm,
9,wind farm,9: wind farm,
9,wind farm,9: wind farm,
9,wind farm,9: wind farm,
9,wind farm,9: wind farm,
9,wind farm,9: wind farm,
9,wind farm,9: wind farm,
9,wind farm,9: wind farm,
9,wind farm,9: wind farm,
9,wind farm,9: wind farm,
9,wind farm,9: wind farm,
9,wind farm,9: wind farm,
9,wind farm,9: wind farm,
9,wind farm,9: wind farm,
9,wind farm,9: wind farm,
9,wind farm,9: wind farm,
9,wind farm,9: wind farm,
9,wind farm,9: wind farm,
9,wind farm,9: wind farm,
9,wind farm,9: wind farm,
9,wind farm,9: wind farm,
9,wind farm,9: wind farm,
9,wind farm,9: wind farm,
9,wind farm,9: wind farm,
9,wind farm,9: wind farm,
9,wind farm,9: wind farm,
9,wind farm,9: wind farm,
9,wind farm,9: wind farm,
9,wind farm,9: wind farm,
9,wind farm,9: wind farm,
9,wind farm,9: wind farm,
9,wind farm,9: wind farm,
9,wind farm,9: wind farm,
9,wind farm,9: wind farm,
9,wind farm,9: wind farm,
9,wind farm,9: wind farm,
9,wind farm,9: wind farm,
9,wind farm,9: wind farm,
9,wind farm,9: wind farm,
9,wind farm,9: wind farm,
9,wind farm,9: wind farm,
9,wind farm,9: wind farm,
9,wind farm,9: wind farm,
9,wind farm,9: wind farm,
9,wind farm,9: wind farm,
9,wind farm,9: wind farm,
9,wind farm,9: wind farm,
9,wind farm,9: wind farm,
9,wind farm,9: wind farm,
9,wind farm,9: wind farm,
9,wind farm,9: wind farm,
9,wind farm,9: wind farm,
9,wind farm,9: wind farm,
9,wind farm,9: wind farm,
9,wind farm,9: wind farm,
9,wind farm,9: wind farm,
9,wind farm,9: wind farm,
9,wind farm,9: wind farm,
9,wind farm,9: wind farm,
9,wind farm,9: wind farm,
9,wind farm,9: wind farm,
9,wind farm,9: wind farm,
9,wind farm,9: wind farm,
9,wind farm,9: wind farm,
9,wind farm,9: wind farm,
9,wind farm,9: wind farm,
9,wind farm,9: wind farm,
9,wind farm,9: wind farm,
9,wind farm,9: wind farm,
9,wind farm,9: wind farm,
9,wind farm,9: wind farm,
9,wind farm,9: wind farm,
9,wind farm,9: wind farm,
9,wind farm,9: wind farm,
9,wind farm,9: wind farm,
9,wind farm,9: wind farm,
9,wind farm,9: wind farm,
9,wind farm,9: wind farm,
9,wind farm,9: wind farm,
9,wind farm,9: wind farm,
9,wind farm,9: wind farm,
9,wind farm,9: wind farm,
9,wind farm,9: wind farm,
9,wind farm,9: wind farm,
9,wind farm,9: wind farm,
9,wind farm,9: wind farm,
5,offshor grid,5: offshor grid,
5,offshor grid,5: offshor grid,
5,offshor grid,5: offshor grid,
5,offshor grid,5: offshor grid,
5,offshor grid,5: offshor grid,
5,offshor grid,5: offshor grid,
5,offshor grid,5: offshor grid,
5,offshor grid,5: offshor grid,
5,offshor grid,5: offshor grid,
5,offshor grid,5: offshor grid,
5,offshor grid,5: offshor grid,
5,offshor grid,5: offshor grid,
5,offshor grid,5: offshor grid,
5,offshor grid,5: offshor grid,
5,offshor grid,5: offshor grid,
5,offshor grid,5: offshor grid,
5,offshor grid,5: offshor grid,
5,offshor grid,5: offshor grid,
5,offshor grid,5: offshor grid,
5,offshor grid,5: offshor grid,
5,offshor grid,5: offshor grid,
5,offshor grid,5: offshor grid,
5,offshor grid,5: offshor grid,
5,offshor grid,5: offshor grid,
5,offshor grid,5: offshor grid,
5,offshor grid,5: offshor grid,
5,offshor grid,5: offshor grid,
5,offshor grid,5: offshor grid,
5,offshor grid,5: offshor grid,
5,offshor grid,5: offshor grid,
5,offshor grid,5: offshor grid,
5,offshor grid,5: offshor grid,
5,offshor grid,5: offshor grid,
5,offshor grid,5: offshor grid,
5,offshor grid,5: offshor grid,
5,offshor grid,5: offshor grid,
5,offshor grid,5: offshor grid,
5,offshor grid,5: offshor grid,
5,offshor grid,5: offshor grid,
5,offshor grid,5: offshor grid,
5,offshor grid,5: offshor grid,
5,offshor grid,5: offshor grid,
5,offshor grid,5: offshor grid,
5,offshor grid,5: offshor grid,
5,offshor grid,5: offshor grid,
5,offshor grid,5: offshor grid,
5,offshor grid,5: offshor grid,
5,offshor grid,5: offshor grid,
5,offshor grid,5: offshor grid,
5,offshor grid,5: offshor grid,
5,offshor grid,5: offshor grid,
5,offshor grid,5: offshor grid,
5,offshor grid,5: offshor grid,
5,offshor grid,5: offshor grid,
5,offshor grid,5: offshor grid,
5,offshor grid,5: offshor grid,
5,offshor grid,5: offshor grid,
5,offshor grid,5: offshor grid,
5,offshor grid,5: offshor grid,
5,offshor grid,5: offshor grid,
5,offshor grid,5: offshor grid,
5,offshor grid,5: offshor grid,
5,offshor grid,5: offshor grid,
5,offshor grid,5: offshor grid,
5,offshor grid,5: offshor grid,
5,offshor grid,5: offshor grid,
5,offshor grid,5: offshor grid,
5,offshor grid,5: offshor grid,
5,offshor grid,5: offshor grid,
5,offshor grid,5: offshor grid,
5,offshor grid,5: offshor grid,
5,offshor grid,5: offshor grid,
5,offshor grid,5: offshor grid,
5,offshor grid,5: offshor grid,
5,offshor grid,5: offshor grid,
5,offshor grid,5: offshor grid,
5,offshor grid,5: offshor grid,
5,offshor grid,5: offshor grid,
5,offshor grid,5: offshor grid,
5,offshor grid,5: offshor grid,
5,offshor grid,5: offshor grid,
5,offshor grid,5: offshor grid,
5,offshor grid,5: offshor grid,
5,offshor grid,5: offshor grid,
5,offshor grid,5: offshor grid,
5,offshor grid,5: offshor grid,
5,offshor grid,5: offshor grid,
5,offshor grid,5: offshor grid,
5,offshor grid,5: offshor grid,
5,offshor grid,5: offshor grid,
5,offshor grid,5: offshor grid,
5,offshor grid,5: offshor grid,
5,offshor grid,5: offshor grid,
5,offshor grid,5: offshor grid,
5,offshor grid,5: offshor grid,
5,offshor grid,5: offshor grid,
5,offshor grid,5: offshor grid,
5,offshor grid,5: offshor grid,
5,offshor grid,5: offshor grid,
5,offshor grid,5: offshor grid,
5,offshor grid,5: offshor grid,
5,offshor grid,5: offshor grid,
5,offshor grid,5: offshor grid,
5,offshor grid,5: offshor grid,
5,offshor grid,5: offshor grid,
5,offshor grid,5: offshor grid,
5,offshor grid,5: offshor grid,
5,offshor grid,5: offshor grid,
5,offshor grid,5: offshor grid,
5,offshor grid,5: offshor grid,
5,offshor grid,5: offshor grid,
5,offshor grid,5: offshor grid,
5,offshor grid,5: offshor grid,
5,offshor grid,5: offshor grid,
5,offshor grid,5: offshor grid,
5,offshor grid,5: offshor grid,
5,offshor grid,5: offshor grid,
5,offshor grid,5: offshor grid,
5,offshor grid,5: offshor grid,
5,offshor grid,5: offshor grid,
5,offshor grid,5: offshor grid,
5,offshor grid,5: offshor grid,
5,offshor grid,5: offshor grid,
5,offshor grid,5: offshor grid,
5,offshor grid,5: offshor grid,
5,offshor grid,5: offshor grid,
5,offshor grid,5: offshor grid,
5,offshor grid,5: offshor grid,
5,offshor grid,5: offshor grid,
5,offshor grid,5: offshor grid,
5,offshor grid,5: offshor grid,
5,offshor grid,5: offshor grid,
5,offshor grid,5: offshor grid,
5,offshor grid,5: offshor grid,
5,offshor grid,5: offshor grid,
5,offshor grid,5: offshor grid,
5,offshor grid,5: offshor grid,
5,offshor grid,5: offshor grid,
5,offshor grid,5: offshor grid,
5,offshor grid,5: offshor grid,
5,offshor grid,5: offshor grid,
5,offshor grid,5: offshor grid,
5,offshor grid,5: offshor grid,
5,offshor grid,5: offshor grid,
5,offshor grid,5: offshor grid,
5,offshor grid,5: offshor grid,
5,offshor grid,5: offshor grid,
5,offshor grid,5: offshor grid,
5,offshor grid,5: offshor grid,
5,offshor grid,5: offshor grid,
5,offshor grid,5: offshor grid,
5,offshor grid,5: offshor grid,
5,offshor grid,5: offshor grid,
5,offshor grid,5: offshor grid,
5,offshor grid,5: offshor grid,
5,offshor grid,5: offshor grid,
5,offshor grid,5: offshor grid,
5,offshor grid,5: offshor grid,
5,offshor grid,5: offshor grid,
5,offshor grid,5: offshor grid,
5,offshor grid,5: offshor grid,
5,offshor grid,5: offshor grid,
5,offshor grid,5: offshor grid,
5,offshor grid,5: offshor grid,
5,offshor grid,5: offshor grid,
5,offshor grid,5: offshor grid,
5,offshor grid,5: offshor grid,
5,offshor grid,5: offshor grid,
5,offshor grid,5: offshor grid,
5,offshor grid,5: offshor grid,
5,offshor grid,5: offshor grid,
5,offshor grid,5: offshor grid,
5,offshor grid,5: offshor grid,
5,offshor grid,5: offshor grid,
5,offshor grid,5: offshor grid,
9,wind farm,9: wind farm,
9,wind farm,9: wind farm,
9,wind farm,9: wind farm,
9,wind farm,9: wind farm,
9,wind farm,9: wind farm,
9,wind farm,9: wind farm,
9,wind farm,9: wind farm,
9,wind farm,9: wind farm,
9,wind farm,9: wind farm,
9,wind farm,9: wind farm,
9,wind farm,9: wind farm,
9,wind farm,9: wind farm,
9,wind farm,9: wind farm,
9,wind farm,9: wind farm,
9,wind farm,9: wind farm,
9,wind farm,9: wind farm,
9,wind farm,9: wind farm,
9,wind farm,9: wind farm,
9,wind farm,9: wind farm,
9,wind farm,9: wind farm,
9,wind farm,9: wind farm,
9,wind farm,9: wind farm,
9,wind farm,9: wind farm,
9,wind farm,9: wind farm,
9,wind farm,9: wind farm,
9,wind farm,9: wind farm,
9,wind farm,9: wind farm,
9,wind farm,9: wind farm,
9,wind farm,9: wind farm,
9,wind farm,9: wind farm,
9,wind farm,9: wind farm,
9,wind farm,9: wind farm,
9,wind farm,9: wind farm,
9,wind farm,9: wind farm,
9,wind farm,9: wind farm,
9,wind farm,9: wind farm,
9,wind farm,9: wind farm,
9,wind farm,9: wind farm,
9,wind farm,9: wind farm,
9,wind farm,9: wind farm,
9,wind farm,9: wind farm,
9,wind farm,9: wind farm,
9,wind farm,9: wind farm,
9,wind farm,9: wind farm,
9,wind farm,9: wind farm,
9,wind farm,9: wind farm,
9,wind farm,9: wind farm,
9,wind farm,9: wind farm,
9,wind farm,9: wind farm,
9,wind farm,9: wind farm,
9,wind farm,9: wind farm,
9,wind farm,9: wind farm,
9,wind farm,9: wind farm,
9,wind farm,9: wind farm,
9,wind farm,9: wind farm,
9,wind farm,9: wind farm,
9,wind farm,9: wind farm,
9,wind farm,9: wind farm,
9,wind farm,9: wind farm,
9,wind farm,9: wind farm,
9,wind farm,9: wind farm,
9,wind farm,9: wind farm,
9,wind farm,9: wind farm,
9,wind farm,9: wind farm,
9,wind farm,9: wind farm,
9,wind farm,9: wind farm,
9,wind farm,9: wind farm,
9,wind farm,9: wind farm,
9,wind farm,9: wind farm,
9,wind farm,9: wind farm,
9,wind farm,9: wind farm,
9,wind farm,9: wind farm,
9,wind farm,9: wind farm,
9,wind farm,9: wind farm,
9,wind farm,9: wind farm,
9,wind farm,9: wind farm,
9,wind farm,9: wind farm,
9,wind farm,9: wind farm,
9,wind farm,9: wind farm,
9,wind farm,9: wind farm,
9,wind farm,9: wind farm,
9,wind farm,9: wind farm,
9,wind farm,9: wind farm,
9,wind farm,9: wind farm,
9,wind farm,9: wind farm,
9,wind farm,9: wind farm,
9,wind farm,9: wind farm,
9,wind farm,9: wind farm,
9,wind farm,9: wind farm,
9,wind farm,9: wind farm,
9,wind farm,9: wind farm,
9,wind farm,9: wind farm,
9,wind farm,9: wind farm,
9,wind farm,9: wind farm,
9,wind farm,9: wind farm,
9,wind farm,9: wind farm,
9,wind farm,9: wind farm,
9,wind farm,9: wind farm,
9,wind farm,9: wind farm,
9,wind farm,9: wind farm,
9,wind farm,9: wind farm,
9,wind farm,9: wind farm,
9,wind farm,9: wind farm,
9,wind farm,9: wind farm,
9,wind farm,9: wind farm,
9,wind farm,9: wind farm,
9,wind farm,9: wind farm,
9,wind farm,9: wind farm,
9,wind farm,9: wind farm,
9,wind farm,9: wind farm,
9,wind farm,9: wind farm,
9,wind farm,9: wind farm,
9,wind farm,9: wind farm,
9,wind farm,9: wind farm,
9,wind farm,9: wind farm,
9,wind farm,9: wind farm,
9,wind farm,9: wind farm,
9,wind farm,9: wind farm,
9,wind farm,9: wind farm,
9,wind farm,9: wind farm,
9,wind farm,9: wind farm,
9,wind farm,9: wind farm,
9,wind farm,9: wind farm,
9,wind farm,9: wind farm,
9,wind farm,9: wind farm,
9,wind farm,9: wind farm,
9,wind farm,9: wind farm,
9,wind farm,9: wind farm,
9,wind farm,9: wind farm,
9,wind farm,9: wind farm,
9,wind farm,9: wind farm,
9,wind farm,9: wind farm,
9,wind farm,9: wind farm,
9,wind farm,9: wind farm,
9,wind farm,9: wind farm,
9,wind farm,9: wind farm,
9,wind farm,9: wind farm,
9,wind farm,9: wind farm,
9,wind farm,9: wind farm,
9,wind farm,9: wind farm,
9,wind farm,9: wind farm,
9,wind farm,9: wind farm,
9,wind farm,9: wind farm,
9,wind farm,9: wind farm,
9,wind farm,9: wind farm,
9,wind farm,9: wind farm,
9,wind farm,9: wind farm,
9,wind farm,9: wind farm,
9,wind farm,9: wind farm,
9,wind farm,9: wind farm,
9,wind farm,9: wind farm,
9,wind farm,9: wind farm,
9,wind farm,9: wind farm,
9,wind farm,9: wind farm,
9,wind farm,9: wind farm,
9,wind farm,9: wind farm,
9,wind farm,9: wind farm,
9,wind farm,9: wind farm,
9,wind farm,9: wind farm,
9,wind farm,9: wind farm,
9,wind farm,9: wind farm,
5,offshor grid,5: offshor grid,
5,offshor grid,5: offshor grid,
5,offshor grid,5: offshor grid,
5,offshor grid,5: offshor grid,
5,offshor grid,5: offshor grid,
5,offshor grid,5: offshor grid,
5,offshor grid,5: offshor grid,
5,offshor grid,5: offshor grid,
5,offshor grid,5: offshor grid,
5,offshor grid,5: offshor grid,
5,offshor grid,5: offshor grid,
5,offshor grid,5: offshor grid,
5,offshor grid,5: offshor grid,
5,offshor grid,5: offshor grid,
5,offshor grid,5: offshor grid,
5,offshor grid,5: offshor grid,
5,offshor grid,5: offshor grid,
5,offshor grid,5: offshor grid,
5,offshor grid,5: offshor grid,
5,offshor grid,5: offshor grid,
5,offshor grid,5: offshor grid,
5,offshor grid,5: offshor grid,
5,offshor grid,5: offshor grid,
5,offshor grid,5: offshor grid,
5,offshor grid,5: offshor grid,
5,offshor grid,5: offshor grid,
5,offshor grid,5: offshor grid,
5,offshor grid,5: offshor grid,
5,offshor grid,5: offshor grid,
5,offshor grid,5: offshor grid,
5,offshor grid,5: offshor grid,
5,offshor grid,5: offshor grid,
5,offshor grid,5: offshor grid,
5,offshor grid,5: offshor grid,
5,offshor grid,5: offshor grid,
5,offshor grid,5: offshor grid,
5,offshor grid,5: offshor grid,
5,offshor grid,5: offshor grid,
5,offshor grid,5: offshor grid,
5,offshor grid,5: offshor grid,
5,offshor grid,5: offshor grid,
5,offshor grid,5: offshor grid,
5,offshor grid,5: offshor grid,
5,offshor grid,5: offshor grid,
5,offshor grid,5: offshor grid,
5,offshor grid,5: offshor grid,
5,offshor grid,5: offshor grid,
5,offshor grid,5: offshor grid,
5,offshor grid,5: offshor grid,
5,offshor grid,5: offshor grid,
5,offshor grid,5: offshor grid,
5,offshor grid,5: offshor grid,
5,offshor grid,5: offshor grid,
5,offshor grid,5: offshor grid,
5,offshor grid,5: offshor grid,
5,offshor grid,5: offshor grid,
5,offshor grid,5: offshor grid,
5,offshor grid,5: offshor grid,
5,offshor grid,5: offshor grid,
5,offshor grid,5: offshor grid,
5,offshor grid,5: offshor grid,
5,offshor grid,5: offshor grid,
5,offshor grid,5: offshor grid,
5,offshor grid,5: offshor grid,
5,offshor grid,5: offshor grid,
5,offshor grid,5: offshor grid,
5,offshor grid,5: offshor grid,
5,offshor grid,5: offshor grid,
5,offshor grid,5: offshor grid,
5,offshor grid,5: offshor grid,
5,offshor grid,5: offshor grid,
5,offshor grid,5: offshor grid,
5,offshor grid,5: offshor grid,
5,offshor grid,5: offshor grid,
5,offshor grid,5: offshor grid,
5,offshor grid,5: offshor grid,
5,offshor grid,5: offshor grid,
5,offshor grid,5: offshor grid,
5,offshor grid,5: offshor grid,
5,offshor grid,5: offshor grid,
5,offshor grid,5: offshor grid,
5,offshor grid,5: offshor grid,
5,offshor grid,5: offshor grid,
5,offshor grid,5: offshor grid,
5,offshor grid,5: offshor grid,
5,offshor grid,5: offshor grid,
5,offshor grid,5: offshor grid,
5,offshor grid,5: offshor grid,
5,offshor grid,5: offshor grid,
5,offshor grid,5: offshor grid,
5,offshor grid,5: offshor grid,
5,offshor grid,5: offshor grid,
5,offshor grid,5: offshor grid,
5,offshor grid,5: offshor grid,
5,offshor grid,5: offshor grid,
5,offshor grid,5: offshor grid,
5,offshor grid,5: offshor grid,
5,offshor grid,5: offshor grid,
5,offshor grid,5: offshor grid,
5,offshor grid,5: offshor grid,
5,offshor grid,5: offshor grid,
5,offshor grid,5: offshor grid,
5,offshor grid,5: offshor grid,
5,offshor grid,5: offshor grid,
5,offshor grid,5: offshor grid,
5,offshor grid,5: offshor grid,
5,offshor grid,5: offshor grid,
5,offshor grid,5: offshor grid,
5,offshor grid,5: offshor grid,
5,offshor grid,5: offshor grid,
5,offshor grid,5: offshor grid,
5,offshor grid,5: offshor grid,
5,offshor grid,5: offshor grid,
5,offshor grid,5: offshor grid,
5,offshor grid,5: offshor grid,
5,offshor grid,5: offshor grid,
5,offshor grid,5: offshor grid,
5,offshor grid,5: offshor grid,
5,offshor grid,5: offshor grid,
5,offshor grid,5: offshor grid,
5,offshor grid,5: offshor grid,
5,offshor grid,5: offshor grid,
5,offshor grid,5: offshor grid,
5,offshor grid,5: offshor grid,
5,offshor grid,5: offshor grid,
5,offshor grid,5: offshor grid,
5,offshor grid,5: offshor grid,
5,offshor grid,5: offshor grid,
5,offshor grid,5: offshor grid,
5,offshor grid,5: offshor grid,
5,offshor grid,5: offshor grid,
5,offshor grid,5: offshor grid,
5,offshor grid,5: offshor grid,
5,offshor grid,5: offshor grid,
5,offshor grid,5: offshor grid,
5,offshor grid,5: offshor grid,
5,offshor grid,5: offshor grid,
5,offshor grid,5: offshor grid,
5,offshor grid,5: offshor grid,
5,offshor grid,5: offshor grid,
5,offshor grid,5: offshor grid,
5,offshor grid,5: offshor grid,
5,offshor grid,5: offshor grid,
5,offshor grid,5: offshor grid,
5,offshor grid,5: offshor grid,
5,offshor grid,5: offshor grid,
5,offshor grid,5: offshor grid,
5,offshor grid,5: offshor grid,
5,offshor grid,5: offshor grid,
5,offshor grid,5: offshor grid,
5,offshor grid,5: offshor grid,
5,offshor grid,5: offshor grid,
5,offshor grid,5: offshor grid,
5,offshor grid,5: offshor grid,
5,offshor grid,5: offshor grid,
5,offshor grid,5: offshor grid,
5,offshor grid,5: offshor grid,
5,offshor grid,5: offshor grid,
5,offshor grid,5: offshor grid,
5,offshor grid,5: offshor grid,
5,offshor grid,5: offshor grid,
5,offshor grid,5: offshor grid,
5,offshor grid,5: offshor grid,
5,offshor grid,5: offshor grid,
5,offshor grid,5: offshor grid,
5,offshor grid,5: offshor grid,
5,offshor grid,5: offshor grid,
5,offshor grid,5: offshor grid,
5,offshor grid,5: offshor grid,
5,offshor grid,5: offshor grid,
5,offshor grid,5: offshor grid,
5,offshor grid,5: offshor grid,
5,offshor grid,5: offshor grid,
5,offshor grid,5: offshor grid,
5,offshor grid,5: offshor grid,
9,wind farm,9: wind farm,
9,wind farm,9: wind farm,
9,wind farm,9: wind farm,
9,wind farm,9: wind farm,
9,wind farm,9: wind farm,
9,wind farm,9: wind farm,
9,wind farm,9: wind farm,
9,wind farm,9: wind farm,
9,wind farm,9: wind farm,
9,wind farm,9: wind farm,
9,wind farm,9: wind farm,
9,wind farm,9: wind farm,
9,wind farm,9: wind farm,
9,wind farm,9: wind farm,
9,wind farm,9: wind farm,
9,wind farm,9: wind farm,
9,wind farm,9: wind farm,
9,wind farm,9: wind farm,
9,wind farm,9: wind farm,
9,wind farm,9: wind farm,
9,wind farm,9: wind farm,
9,wind farm,9: wind farm,
9,wind farm,9: wind farm,
9,wind farm,9: wind farm,
9,wind farm,9: wind farm,
9,wind farm,9: wind farm,
9,wind farm,9: wind farm,
9,wind farm,9: wind farm,
9,wind farm,9: wind farm,
9,wind farm,9: wind farm,
9,wind farm,9: wind farm,
9,wind farm,9: wind farm,
9,wind farm,9: wind farm,
9,wind farm,9: wind farm,
9,wind farm,9: wind farm,
9,wind farm,9: wind farm,
9,wind farm,9: wind farm,
9,wind farm,9: wind farm,
9,wind farm,9: wind farm,
9,wind farm,9: wind farm,
9,wind farm,9: wind farm,
9,wind farm,9: wind farm,
9,wind farm,9: wind farm,
9,wind farm,9: wind farm,
9,wind farm,9: wind farm,
9,wind farm,9: wind farm,
9,wind farm,9: wind farm,
9,wind farm,9: wind farm,
9,wind farm,9: wind farm,
9,wind farm,9: wind farm,
9,wind farm,9: wind farm,
9,wind farm,9: wind farm,
9,wind farm,9: wind farm,
9,wind farm,9: wind farm,
9,wind farm,9: wind farm,
9,wind farm,9: wind farm,
9,wind farm,9: wind farm,
9,wind farm,9: wind farm,
9,wind farm,9: wind farm,
9,wind farm,9: wind farm,
9,wind farm,9: wind farm,
9,wind farm,9: wind farm,
9,wind farm,9: wind farm,
9,wind farm,9: wind farm,
9,wind farm,9: wind farm,
9,wind farm,9: wind farm,
9,wind farm,9: wind farm,
9,wind farm,9: wind farm,
9,wind farm,9: wind farm,
9,wind farm,9: wind farm,
9,wind farm,9: wind farm,
9,wind farm,9: wind farm,
9,wind farm,9: wind farm,
9,wind farm,9: wind farm,
9,wind farm,9: wind farm,
9,wind farm,9: wind farm,
9,wind farm,9: wind farm,
9,wind farm,9: wind farm,
9,wind farm,9: wind farm,
9,wind farm,9: wind farm,
9,wind farm,9: wind farm,
9,wind farm,9: wind farm,
9,wind farm,9: wind farm,
9,wind farm,9: wind farm,
9,wind farm,9: wind farm,
9,wind farm,9: wind farm,
9,wind farm,9: wind farm,
9,wind farm,9: wind farm,
9,wind farm,9: wind farm,
9,wind farm,9: wind farm,
9,wind farm,9: wind farm,
9,wind farm,9: wind farm,
9,wind farm,9: wind farm,
9,wind farm,9: wind farm,
9,wind farm,9: wind farm,
9,wind farm,9: wind farm,
9,wind farm,9: wind farm,
9,wind farm,9: wind farm,
9,wind farm,9: wind farm,
9,wind farm,9: wind farm,
9,wind farm,9: wind farm,
9,wind farm,9: wind farm,
9,wind farm,9: wind farm,
9,wind farm,9: wind farm,
9,wind farm,9: wind farm,
9,wind farm,9: wind farm,
9,wind farm,9: wind farm,
9,wind farm,9: wind farm,
9,wind farm,9: wind farm,
9,wind farm,9: wind farm,
9,wind farm,9: wind farm,
9,wind farm,9: wind farm,
9,wind farm,9: wind farm,
9,wind farm,9: wind farm,
9,wind farm,9: wind farm,
9,wind farm,9: wind farm,
9,wind farm,9: wind farm,
9,wind farm,9: wind farm,
9,wind farm,9: wind farm,
9,wind farm,9: wind farm,
9,wind farm,9: wind farm,
9,wind farm,9: wind farm,
9,wind farm,9: wind farm,
9,wind farm,9: wind farm,
9,wind farm,9: wind farm,
9,wind farm,9: wind farm,
9,wind farm,9: wind farm,
9,wind farm,9: wind farm,
9,wind farm,9: wind farm,
9,wind farm,9: wind farm,
9,wind farm,9: wind farm,
9,wind farm,9: wind farm,
9,wind farm,9: wind farm,
9,wind farm,9: wind farm,
9,wind farm,9: wind farm,
9,wind farm,9: wind farm,
9,wind farm,9: wind farm,
9,wind farm,9: wind farm,
9,wind farm,9: wind farm,
9,wind farm,9: wind farm,
9,wind farm,9: wind farm,
9,wind farm,9: wind farm,
9,wind farm,9: wind farm,
9,wind farm,9: wind farm,
9,wind farm,9: wind farm,
9,wind farm,9: wind farm,
9,wind farm,9: wind farm,
9,wind farm,9: wind farm,
9,wind farm,9: wind farm,
9,wind farm,9: wind farm,
9,wind farm,9: wind farm,
9,wind farm,9: wind farm,
9,wind farm,9: wind farm,
9,wind farm,9: wind farm,
9,wind farm,9: wind farm,
9,wind farm,9: wind farm,
9,wind farm,9: wind farm,
9,wind farm,9: wind farm,
9,wind farm,9: wind farm,
9,wind farm,9: wind farm,
9,wind farm,9: wind farm,
5,offshor grid,5: offshor grid,
5,offshor grid,5: offshor grid,
5,offshor grid,5: offshor grid,
5,offshor grid,5: offshor grid,
5,offshor grid,5: offshor grid,
5,offshor grid,5: offshor grid,
5,offshor grid,5: offshor grid,
5,offshor grid,5: offshor grid,
5,offshor grid,5: offshor grid,
5,offshor grid,5: offshor grid,
5,offshor grid,5: offshor grid,
5,offshor grid,5: offshor grid,
5,offshor grid,5: offshor grid,
5,offshor grid,5: offshor grid,
5,offshor grid,5: offshor grid,
5,offshor grid,5: offshor grid,
5,offshor grid,5: offshor grid,
5,offshor grid,5: offshor grid,
5,offshor grid,5: offshor grid,
5,offshor grid,5: offshor grid,
5,offshor grid,5: offshor grid,
5,offshor grid,5: offshor grid,
5,offshor grid,5: offshor grid,
5,offshor grid,5: offshor grid,
5,offshor grid,5: offshor grid,
5,offshor grid,5: offshor grid,
5,offshor grid,5: offshor grid,
5,offshor grid,5: offshor grid,
5,offshor grid,5: offshor grid,
5,offshor grid,5: offshor grid,
5,offshor grid,5: offshor grid,
5,offshor grid,5: offshor grid,
5,offshor grid,5: offshor grid,
5,offshor grid,5: offshor grid,
5,offshor grid,5: offshor grid,
5,offshor grid,5: offshor grid,
5,offshor grid,5: offshor grid,
5,offshor grid,5: offshor grid,
5,offshor grid,5: offshor grid,
5,offshor grid,5: offshor grid,
5,offshor grid,5: offshor grid,
5,offshor grid,5: offshor grid,
5,offshor grid,5: offshor grid,
5,offshor grid,5: offshor grid,
5,offshor grid,5: offshor grid,
5,offshor grid,5: offshor grid,
5,offshor grid,5: offshor grid,
5,offshor grid,5: offshor grid,
5,offshor grid,5: offshor grid,
5,offshor grid,5: offshor grid,
5,offshor grid,5: offshor grid,
5,offshor grid,5: offshor grid,
5,offshor grid,5: offshor grid,
5,offshor grid,5: offshor grid,
5,offshor grid,5: offshor grid,
5,offshor grid,5: offshor grid,
5,offshor grid,5: offshor grid,
5,offshor grid,5: offshor grid,
5,offshor grid,5: offshor grid,
5,offshor grid,5: offshor grid,
5,offshor grid,5: offshor grid,
5,offshor grid,5: offshor grid,
5,offshor grid,5: offshor grid,
5,offshor grid,5: offshor grid,
5,offshor grid,5: offshor grid,
5,offshor grid,5: offshor grid,
5,offshor grid,5: offshor grid,
5,offshor grid,5: offshor grid,
5,offshor grid,5: offshor grid,
5,offshor grid,5: offshor grid,
5,offshor grid,5: offshor grid,
5,offshor grid,5: offshor grid,
5,offshor grid,5: offshor grid,
5,offshor grid,5: offshor grid,
5,offshor grid,5: offshor grid,
5,offshor grid,5: offshor grid,
5,offshor grid,5: offshor grid,
5,offshor grid,5: offshor grid,
5,offshor grid,5: offshor grid,
5,offshor grid,5: offshor grid,
5,offshor grid,5: offshor grid,
5,offshor grid,5: offshor grid,
5,offshor grid,5: offshor grid,
5,offshor grid,5: offshor grid,
5,offshor grid,5: offshor grid,
5,offshor grid,5: offshor grid,
5,offshor grid,5: offshor grid,
5,offshor grid,5: offshor grid,
5,offshor grid,5: offshor grid,
5,offshor grid,5: offshor grid,
5,offshor grid,5: offshor grid,
5,offshor grid,5: offshor grid,
5,offshor grid,5: offshor grid,
5,offshor grid,5: offshor grid,
5,offshor grid,5: offshor grid,
5,offshor grid,5: offshor grid,
5,offshor grid,5: offshor grid,
5,offshor grid,5: offshor grid,
5,offshor grid,5: offshor grid,
5,offshor grid,5: offshor grid,
5,offshor grid,5: offshor grid,
5,offshor grid,5: offshor grid,
5,offshor grid,5: offshor grid,
5,offshor grid,5: offshor grid,
5,offshor grid,5: offshor grid,
5,offshor grid,5: offshor grid,
5,offshor grid,5: offshor grid,
5,offshor grid,5: offshor grid,
5,offshor grid,5: offshor grid,
5,offshor grid,5: offshor grid,
5,offshor grid,5: offshor grid,
5,offshor grid,5: offshor grid,
5,offshor grid,5: offshor grid,
5,offshor grid,5: offshor grid,
5,offshor grid,5: offshor grid,
5,offshor grid,5: offshor grid,
5,offshor grid,5: offshor grid,
5,offshor grid,5: offshor grid,
5,offshor grid,5: offshor grid,
5,offshor grid,5: offshor grid,
5,offshor grid,5: offshor grid,
5,offshor grid,5: offshor grid,
5,offshor grid,5: offshor grid,
5,offshor grid,5: offshor grid,
5,offshor grid,5: offshor grid,
5,offshor grid,5: offshor grid,
5,offshor grid,5: offshor grid,
5,offshor grid,5: offshor grid,
5,offshor grid,5: offshor grid,
5,offshor grid,5: offshor grid,
5,offshor grid,5: offshor grid,
5,offshor grid,5: offshor grid,
5,offshor grid,5: offshor grid,
5,offshor grid,5: offshor grid,
5,offshor grid,5: offshor grid,
5,offshor grid,5: offshor grid,
5,offshor grid,5: offshor grid,
5,offshor grid,5: offshor grid,
5,offshor grid,5: offshor grid,
5,offshor grid,5: offshor grid,
5,offshor grid,5: offshor grid,
5,offshor grid,5: offshor grid,
5,offshor grid,5: offshor grid,
5,offshor grid,5: offshor grid,
5,offshor grid,5: offshor grid,
5,offshor grid,5: offshor grid,
5,offshor grid,5: offshor grid,
5,offshor grid,5: offshor grid,
5,offshor grid,5: offshor grid,
5,offshor grid,5: offshor grid,
5,offshor grid,5: offshor grid,
5,offshor grid,5: offshor grid,
5,offshor grid,5: offshor grid,
5,offshor grid,5: offshor grid,
5,offshor grid,5: offshor grid,
5,offshor grid,5: offshor grid,
5,offshor grid,5: offshor grid,
5,offshor grid,5: offshor grid,
5,offshor grid,5: offshor grid,
5,offshor grid,5: offshor grid,
5,offshor grid,5: offshor grid,
5,offshor grid,5: offshor grid,
5,offshor grid,5: offshor grid,
5,offshor grid,5: offshor grid,
5,offshor grid,5: offshor grid,
5,offshor grid,5: offshor grid,
5,offshor grid,5: offshor grid,
5,offshor grid,5: offshor grid,
5,offshor grid,5: offshor grid,
5,offshor grid,5: offshor grid,
5,offshor grid,5: offshor grid,
5,offshor grid,5: offshor grid,
5,offshor grid,5: offshor grid,
5,offshor grid,5: offshor grid,
5,offshor grid,5: offshor grid,
9,wind farm,9: wind farm,
9,wind farm,9: wind farm,
9,wind farm,9: wind farm,
9,wind farm,9: wind farm,
9,wind farm,9: wind farm,
9,wind farm,9: wind farm,
9,wind farm,9: wind farm,
9,wind farm,9: wind farm,
9,wind farm,9: wind farm,
9,wind farm,9: wind farm,
9,wind farm,9: wind farm,
9,wind farm,9: wind farm,
9,wind farm,9: wind farm,
9,wind farm,9: wind farm,
9,wind farm,9: wind farm,
9,wind farm,9: wind farm,
9,wind farm,9: wind farm,
9,wind farm,9: wind farm,
9,wind farm,9: wind farm,
9,wind farm,9: wind farm,
9,wind farm,9: wind farm,
9,wind farm,9: wind farm,
9,wind farm,9: wind farm,
9,wind farm,9: wind farm,
9,wind farm,9: wind farm,
9,wind farm,9: wind farm,
9,wind farm,9: wind farm,
9,wind farm,9: wind farm,
9,wind farm,9: wind farm,
9,wind farm,9: wind farm,
9,wind farm,9: wind farm,
9,wind farm,9: wind farm,
9,wind farm,9: wind farm,
9,wind farm,9: wind farm,
9,wind farm,9: wind farm,
9,wind farm,9: wind farm,
9,wind farm,9: wind farm,
9,wind farm,9: wind farm,
9,wind farm,9: wind farm,
9,wind farm,9: wind farm,
9,wind farm,9: wind farm,
9,wind farm,9: wind farm,
9,wind farm,9: wind farm,
9,wind farm,9: wind farm,
9,wind farm,9: wind farm,
9,wind farm,9: wind farm,
9,wind farm,9: wind farm,
9,wind farm,9: wind farm,
9,wind farm,9: wind farm,
9,wind farm,9: wind farm,
9,wind farm,9: wind farm,
9,wind farm,9: wind farm,
9,wind farm,9: wind farm,
9,wind farm,9: wind farm,
9,wind farm,9: wind farm,
9,wind farm,9: wind farm,
9,wind farm,9: wind farm,
9,wind farm,9: wind farm,
9,wind farm,9: wind farm,
9,wind farm,9: wind farm,
9,wind farm,9: wind farm,
9,wind farm,9: wind farm,
9,wind farm,9: wind farm,
9,wind farm,9: wind farm,
9,wind farm,9: wind farm,
9,wind farm,9: wind farm,
9,wind farm,9: wind farm,
9,wind farm,9: wind farm,
9,wind farm,9: wind farm,
9,wind farm,9: wind farm,
9,wind farm,9: wind farm,
9,wind farm,9: wind farm,
9,wind farm,9: wind farm,
9,wind farm,9: wind farm,
9,wind farm,9: wind farm,
9,wind farm,9: wind farm,
9,wind farm,9: wind farm,
9,wind farm,9: wind farm,
9,wind farm,9: wind farm,
9,wind farm,9: wind farm,
9,wind farm,9: wind farm,
9,wind farm,9: wind farm,
9,wind farm,9: wind farm,
9,wind farm,9: wind farm,
9,wind farm,9: wind farm,
9,wind farm,9: wind farm,
9,wind farm,9: wind farm,
9,wind farm,9: wind farm,
9,wind farm,9: wind farm,
9,wind farm,9: wind farm,
9,wind farm,9: wind farm,
9,wind farm,9: wind farm,
9,wind farm,9: wind farm,
9,wind farm,9: wind farm,
9,wind farm,9: wind farm,
9,wind farm,9: wind farm,
9,wind farm,9: wind farm,
9,wind farm,9: wind farm,
9,wind farm,9: wind farm,
9,wind farm,9: wind farm,
9,wind farm,9: wind farm,
9,wind farm,9: wind farm,
9,wind farm,9: wind farm,
9,wind farm,9: wind farm,
9,wind farm,9: wind farm,
9,wind farm,9: wind farm,
9,wind farm,9: wind farm,
9,wind farm,9: wind farm,
9,wind farm,9: wind farm,
9,wind farm,9: wind farm,
9,wind farm,9: wind farm,
9,wind farm,9: wind farm,
9,wind farm,9: wind farm,
9,wind farm,9: wind farm,
9,wind farm,9: wind farm,
9,wind farm,9: wind farm,
9,wind farm,9: wind farm,
9,wind farm,9: wind farm,
9,wind farm,9: wind farm,
9,wind farm,9: wind farm,
9,wind farm,9: wind farm,
9,wind farm,9: wind farm,
9,wind farm,9: wind farm,
9,wind farm,9: wind farm,
9,wind farm,9: wind farm,
9,wind farm,9: wind farm,
9,wind farm,9: wind farm,
9,wind farm,9: wind farm,
9,wind farm,9: wind farm,
9,wind farm,9: wind farm,
9,wind farm,9: wind farm,
9,wind farm,9: wind farm,
9,wind farm,9: wind farm,
9,wind farm,9: wind farm,
9,wind farm,9: wind farm,
9,wind farm,9: wind farm,
9,wind farm,9: wind farm,
9,wind farm,9: wind farm,
9,wind farm,9: wind farm,
9,wind farm,9: wind farm,
9,wind farm,9: wind farm,
9,wind farm,9: wind farm,
9,wind farm,9: wind farm,
9,wind farm,9: wind farm,
9,wind farm,9: wind farm,
9,wind farm,9: wind farm,
9,wind farm,9: wind farm,
9,wind farm,9: wind farm,
9,wind farm,9: wind farm,
9,wind farm,9: wind farm,
9,wind farm,9: wind farm,
9,wind farm,9: wind farm,
9,wind farm,9: wind farm,
9,wind farm,9: wind farm,
9,wind farm,9: wind farm,
9,wind farm,9: wind farm,
9,wind farm,9: wind farm,
9,wind farm,9: wind farm,
9,wind farm,9: wind farm,
9,wind farm,9: wind farm,
9,wind farm,9: wind farm,
9,wind farm,9: wind farm,
9,wind farm,9: wind farm,
9,wind farm,9: wind farm,
9,wind farm,9: wind farm,
9,wind farm,9: wind farm,
9,wind farm,9: wind farm,
9,wind farm,9: wind farm,
9,wind farm,9: wind farm,
9,wind farm,9: wind farm,
9,wind farm,9: wind farm,
9,wind farm,9: wind farm,
9,wind farm,9: wind farm,
9,wind farm,9: wind farm,
9,wind farm,9: wind farm,
9,wind farm,9: wind farm,
9,wind farm,9: wind farm,
9,wind farm,9: wind farm,
9,wind farm,9: wind farm,
9,wind farm,9: wind farm,
9,wind farm,9: wind farm,
9,wind farm,9: wind farm,
9,wind farm,9: wind farm,
9,wind farm,9: wind farm,
9,wind farm,9: wind farm,
9,wind farm,9: wind farm,
9,wind farm,9: wind farm,
9,wind farm,9: wind farm,
9,wind farm,9: wind farm,
9,wind farm,9: wind farm,
9,wind farm,9: wind farm,
9,wind farm,9: wind farm,
9,wind farm,9: wind farm,
9,wind farm,9: wind farm,
9,wind farm,9: wind farm,
9,wind farm,9: wind farm,
9,wind farm,9: wind farm,
9,wind farm,9: wind farm,
9,wind farm,9: wind farm,
9,wind farm,9: wind farm,
9,wind farm,9: wind farm,
9,wind farm,9: wind farm,
9,wind farm,9: wind farm,
9,wind farm,9: wind farm,
9,wind farm,9: wind farm,
9,wind farm,9: wind farm,
9,wind farm,9: wind farm,
9,wind farm,9: wind farm,
9,wind farm,9: wind farm,
9,wind farm,9: wind farm,
9,wind farm,9: wind farm,
9,wind farm,9: wind farm,
9,wind farm,9: wind farm,
9,wind farm,9: wind farm,
9,wind farm,9: wind farm,
9,wind farm,9: wind farm,
9,wind farm,9: wind farm,
9,wind farm,9: wind farm,
9,wind farm,9: wind farm,
9,wind farm,9: wind farm,
9,wind farm,9: wind farm,
9,wind farm,9: wind farm,
9,wind farm,9: wind farm,
9,wind farm,9: wind farm,
9,wind farm,9: wind farm,
9,wind farm,9: wind farm,
9,wind farm,9: wind farm,
9,wind farm,9: wind farm,
9,wind farm,9: wind farm,
9,wind farm,9: wind farm,
9,wind farm,9: wind farm,
9,wind farm,9: wind farm,
9,wind farm,9: wind farm,
9,wind farm,9: wind farm,
9,wind farm,9: wind farm,
9,wind farm,9: wind farm,
9,wind farm,9: wind farm,
9,wind farm,9: wind farm,
9,wind farm,9: wind farm,
9,wind farm,9: wind farm,
9,wind farm,9: wind farm,
9,wind farm,9: wind farm,
9,wind farm,9: wind farm,
9,wind farm,9: wind farm,
9,wind farm,9: wind farm,
9,wind farm,9: wind farm,
9,wind farm,9: wind farm,
9,wind farm,9: wind farm,
9,wind farm,9: wind farm,
9,wind farm,9: wind farm,
9,wind farm,9: wind farm,
9,wind farm,9: wind farm,
9,wind farm,9: wind farm,
9,wind farm,9: wind farm,
9,wind farm,9: wind farm,
9,wind farm,9: wind farm,
9,wind farm,9: wind farm,
9,wind farm,9: wind farm,
9,wind farm,9: wind farm,
9,wind farm,9: wind farm,
9,wind farm,9: wind farm,
9,wind farm,9: wind farm,
9,wind farm,9: wind farm,
9,wind farm,9: wind farm,
9,wind farm,9: wind farm,
9,wind farm,9: wind farm,
9,wind farm,9: wind farm,
9,wind farm,9: wind farm,
9,wind farm,9: wind farm,
9,wind farm,9: wind farm,
9,wind farm,9: wind farm,
9,wind farm,9: wind farm,
9,wind farm,9: wind farm,
9,wind farm,9: wind farm,
9,wind farm,9: wind farm,
9,wind farm,9: wind farm,
9,wind farm,9: wind farm,
9,wind farm,9: wind farm,
9,wind farm,9: wind farm,
9,wind farm,9: wind farm,
9,wind farm,9: wind farm,
9,wind farm,9: wind farm,
9,wind farm,9: wind farm,
9,wind farm,9: wind farm,
9,wind farm,9: wind farm,
9,wind farm,9: wind farm,
9,wind farm,9: wind farm,
9,wind farm,9: wind farm,
9,wind farm,9: wind farm,
9,wind farm,9: wind farm,
9,wind farm,9: wind farm,
9,wind farm,9: wind farm,
9,wind farm,9: wind farm,
9,wind farm,9: wind farm,
9,wind farm,9: wind farm,
9,wind farm,9: wind farm,
9,wind farm,9: wind farm,
9,wind farm,9: wind farm,
9,wind farm,9: wind farm,
9,wind farm,9: wind farm,
9,wind farm,9: wind farm,
9,wind farm,9: wind farm,
9,wind farm,9: wind farm,
9,wind farm,9: wind farm,
9,wind farm,9: wind farm,
9,wind farm,9: wind farm,
9,wind farm,9: wind farm,
9,wind farm,9: wind farm,
9,wind farm,9: wind farm,
9,wind farm,9: wind farm,
9,wind farm,9: wind farm,
9,wind farm,9: wind farm,
9,wind farm,9: wind farm,
9,wind farm,9: wind farm,
9,wind farm,9: wind farm,
9,wind farm,9: wind farm,
9,wind farm,9: wind farm,
9,wind farm,9: wind farm,
9,wind farm,9: wind farm,
9,wind farm,9: wind farm,
9,wind farm,9: wind farm,
9,wind farm,9: wind farm,
5,offshor grid,5: offshor grid,
5,offshor grid,5: offshor grid,
5,offshor grid,5: offshor grid,
5,offshor grid,5: offshor grid,
5,offshor grid,5: offshor grid,
5,offshor grid,5: offshor grid,
5,offshor grid,5: offshor grid,
5,offshor grid,5: offshor grid,
5,offshor grid,5: offshor grid,
5,offshor grid,5: offshor grid,
5,offshor grid,5: offshor grid,
5,offshor grid,5: offshor grid,
5,offshor grid,5: offshor grid,
5,offshor grid,5: offshor grid,
5,offshor grid,5: offshor grid,
5,offshor grid,5: offshor grid,
5,offshor grid,5: offshor grid,
5,offshor grid,5: offshor grid,
5,offshor grid,5: offshor grid,
5,offshor grid,5: offshor grid,
5,offshor grid,5: offshor grid,
5,offshor grid,5: offshor grid,
5,offshor grid,5: offshor grid,
5,offshor grid,5: offshor grid,
5,offshor grid,5: offshor grid,
5,offshor grid,5: offshor grid,
5,offshor grid,5: offshor grid,
5,offshor grid,5: offshor grid,
5,offshor grid,5: offshor grid,
5,offshor grid,5: offshor grid,
5,offshor grid,5: offshor grid,
5,offshor grid,5: offshor grid,
5,offshor grid,5: offshor grid,
5,offshor grid,5: offshor grid,
5,offshor grid,5: offshor grid,
5,offshor grid,5: offshor grid,
5,offshor grid,5: offshor grid,
5,offshor grid,5: offshor grid,
5,offshor grid,5: offshor grid,
5,offshor grid,5: offshor grid,
5,offshor grid,5: offshor grid,
5,offshor grid,5: offshor grid,
5,offshor grid,5: offshor grid,
5,offshor grid,5: offshor grid,
5,offshor grid,5: offshor grid,
5,offshor grid,5: offshor grid,
5,offshor grid,5: offshor grid,
5,offshor grid,5: offshor grid,
5,offshor grid,5: offshor grid,
5,offshor grid,5: offshor grid,
5,offshor grid,5: offshor grid,
5,offshor grid,5: offshor grid,
5,offshor grid,5: offshor grid,
5,offshor grid,5: offshor grid,
5,offshor grid,5: offshor grid,
5,offshor grid,5: offshor grid,
5,offshor grid,5: offshor grid,
5,offshor grid,5: offshor grid,
5,offshor grid,5: offshor grid,
5,offshor grid,5: offshor grid,
5,offshor grid,5: offshor grid,
5,offshor grid,5: offshor grid,
5,offshor grid,5: offshor grid,
5,offshor grid,5: offshor grid,
5,offshor grid,5: offshor grid,
5,offshor grid,5: offshor grid,
5,offshor grid,5: offshor grid,
5,offshor grid,5: offshor grid,
5,offshor grid,5: offshor grid,
5,offshor grid,5: offshor grid,
5,offshor grid,5: offshor grid,
5,offshor grid,5: offshor grid,
5,offshor grid,5: offshor grid,
5,offshor grid,5: offshor grid,
5,offshor grid,5: offshor grid,
5,offshor grid,5: offshor grid,
5,offshor grid,5: offshor grid,
5,offshor grid,5: offshor grid,
5,offshor grid,5: offshor grid,
5,offshor grid,5: offshor grid,
5,offshor grid,5: offshor grid,
5,offshor grid,5: offshor grid,
5,offshor grid,5: offshor grid,
5,offshor grid,5: offshor grid,
5,offshor grid,5: offshor grid,
5,offshor grid,5: offshor grid,
5,offshor grid,5: offshor grid,
5,offshor grid,5: offshor grid,
5,offshor grid,5: offshor grid,
5,offshor grid,5: offshor grid,
5,offshor grid,5: offshor grid,
5,offshor grid,5: offshor grid,
5,offshor grid,5: offshor grid,
5,offshor grid,5: offshor grid,
5,offshor grid,5: offshor grid,
5,offshor grid,5: offshor grid,
5,offshor grid,5: offshor grid,
5,offshor grid,5: offshor grid,
5,offshor grid,5: offshor grid,
5,offshor grid,5: offshor grid,
5,offshor grid,5: offshor grid,
5,offshor grid,5: offshor grid,
5,offshor grid,5: offshor grid,
5,offshor grid,5: offshor grid,
5,offshor grid,5: offshor grid,
5,offshor grid,5: offshor grid,
5,offshor grid,5: offshor grid,
5,offshor grid,5: offshor grid,
5,offshor grid,5: offshor grid,
5,offshor grid,5: offshor grid,
5,offshor grid,5: offshor grid,
5,offshor grid,5: offshor grid,
5,offshor grid,5: offshor grid,
5,offshor grid,5: offshor grid,
5,offshor grid,5: offshor grid,
5,offshor grid,5: offshor grid,
5,offshor grid,5: offshor grid,
5,offshor grid,5: offshor grid,
5,offshor grid,5: offshor grid,
5,offshor grid,5: offshor grid,
5,offshor grid,5: offshor grid,
5,offshor grid,5: offshor grid,
5,offshor grid,5: offshor grid,
5,offshor grid,5: offshor grid,
5,offshor grid,5: offshor grid,
5,offshor grid,5: offshor grid,
5,offshor grid,5: offshor grid,
5,offshor grid,5: offshor grid,
5,offshor grid,5: offshor grid,
5,offshor grid,5: offshor grid,
5,offshor grid,5: offshor grid,
5,offshor grid,5: offshor grid,
5,offshor grid,5: offshor grid,
5,offshor grid,5: offshor grid,
5,offshor grid,5: offshor grid,
5,offshor grid,5: offshor grid,
5,offshor grid,5: offshor grid,
5,offshor grid,5: offshor grid,
5,offshor grid,5: offshor grid,
5,offshor grid,5: offshor grid,
5,offshor grid,5: offshor grid,
5,offshor grid,5: offshor grid,
5,offshor grid,5: offshor grid,
5,offshor grid,5: offshor grid,
5,offshor grid,5: offshor grid,
5,offshor grid,5: offshor grid,
5,offshor grid,5: offshor grid,
5,offshor grid,5: offshor grid,
5,offshor grid,5: offshor grid,
5,offshor grid,5: offshor grid,
5,offshor grid,5: offshor grid,
5,offshor grid,5: offshor grid,
5,offshor grid,5: offshor grid,
5,offshor grid,5: offshor grid,
5,offshor grid,5: offshor grid,
5,offshor grid,5: offshor grid,
5,offshor grid,5: offshor grid,
5,offshor grid,5: offshor grid,
5,offshor grid,5: offshor grid,
5,offshor grid,5: offshor grid,
5,offshor grid,5: offshor grid,
5,offshor grid,5: offshor grid,
5,offshor grid,5: offshor grid,
5,offshor grid,5: offshor grid,
5,offshor grid,5: offshor grid,
5,offshor grid,5: offshor grid,
5,offshor grid,5: offshor grid,
5,offshor grid,5: offshor grid,
5,offshor grid,5: offshor grid,
5,offshor grid,5: offshor grid,
5,offshor grid,5: offshor grid,
5,offshor grid,5: offshor grid,
5,offshor grid,5: offshor grid,
5,offshor grid,5: offshor grid,
5,offshor grid,5: offshor grid,
5,offshor grid,5: offshor grid,
5,offshor grid,5: offshor grid,
5,offshor grid,5: offshor grid,
5,offshor grid,5: offshor grid,
5,offshor grid,5: offshor grid,
5,offshor grid,5: offshor grid,
5,offshor grid,5: offshor grid,
5,offshor grid,5: offshor grid,
5,offshor grid,5: offshor grid,
5,offshor grid,5: offshor grid,
5,offshor grid,5: offshor grid,
5,offshor grid,5: offshor grid,
5,offshor grid,5: offshor grid,
5,offshor grid,5: offshor grid,
5,offshor grid,5: offshor grid,
5,offshor grid,5: offshor grid,
5,offshor grid,5: offshor grid,
5,offshor grid,5: offshor grid,
5,offshor grid,5: offshor grid,
5,offshor grid,5: offshor grid,
5,offshor grid,5: offshor grid,
5,offshor grid,5: offshor grid,
5,offshor grid,5: offshor grid,
5,offshor grid,5: offshor grid,
5,offshor grid,5: offshor grid,
5,offshor grid,5: offshor grid,
5,offshor grid,5: offshor grid,
5,offshor grid,5: offshor grid,
5,offshor grid,5: offshor grid,
5,offshor grid,5: offshor grid,
5,offshor grid,5: offshor grid,
5,offshor grid,5: offshor grid,
5,offshor grid,5: offshor grid,
5,offshor grid,5: offshor grid,
5,offshor grid,5: offshor grid,
5,offshor grid,5: offshor grid,
5,offshor grid,5: offshor grid,
5,offshor grid,5: offshor grid,
5,offshor grid,5: offshor grid,
5,offshor grid,5: offshor grid,
5,offshor grid,5: offshor grid,
5,offshor grid,5: offshor grid,
5,offshor grid,5: offshor grid,
5,offshor grid,5: offshor grid,
5,offshor grid,5: offshor grid,
5,offshor grid,5: offshor grid,
5,offshor grid,5: offshor grid,
5,offshor grid,5: offshor grid,
5,offshor grid,5: offshor grid,
5,offshor grid,5: offshor grid,
5,offshor grid,5: offshor grid,
5,offshor grid,5: offshor grid,
5,offshor grid,5: offshor grid,
5,offshor grid,5: offshor grid,
5,offshor grid,5: offshor grid,
5,offshor grid,5: offshor grid,
5,offshor grid,5: offshor grid,
5,offshor grid,5: offshor grid,
5,offshor grid,5: offshor grid,
5,offshor grid,5: offshor grid,
5,offshor grid,5: offshor grid,
5,offshor grid,5: offshor grid,
5,offshor grid,5: offshor grid,
5,offshor grid,5: offshor grid,
5,offshor grid,5: offshor grid,
5,offshor grid,5: offshor grid,
5,offshor grid,5: offshor grid,
5,offshor grid,5: offshor grid,
5,offshor grid,5: offshor grid,
5,offshor grid,5: offshor grid,
5,offshor grid,5: offshor grid,
5,offshor grid,5: offshor grid,
5,offshor grid,5: offshor grid,
5,offshor grid,5: offshor grid,
5,offshor grid,5: offshor grid,
5,offshor grid,5: offshor grid,
5,offshor grid,5: offshor grid,
5,offshor grid,5: offshor grid,
5,offshor grid,5: offshor grid,
5,offshor grid,5: offshor grid,
5,offshor grid,5: offshor grid,
5,offshor grid,5: offshor grid,
5,offshor grid,5: offshor grid,
5,offshor grid,5: offshor grid,
5,offshor grid,5: offshor grid,
5,offshor grid,5: offshor grid,
5,offshor grid,5: offshor grid,
5,offshor grid,5: offshor grid,
5,offshor grid,5: offshor grid,
5,offshor grid,5: offshor grid,
5,offshor grid,5: offshor grid,
5,offshor grid,5: offshor grid,
5,offshor grid,5: offshor grid,
5,offshor grid,5: offshor grid,
5,offshor grid,5: offshor grid,
5,offshor grid,5: offshor grid,
5,offshor grid,5: offshor grid,
5,offshor grid,5: offshor grid,
5,offshor grid,5: offshor grid,
5,offshor grid,5: offshor grid,
5,offshor grid,5: offshor grid,
5,offshor grid,5: offshor grid,
5,offshor grid,5: offshor grid,
5,offshor grid,5: offshor grid,
5,offshor grid,5: offshor grid,
5,offshor grid,5: offshor grid,
5,offshor grid,5: offshor grid,
5,offshor grid,5: offshor grid,
5,offshor grid,5: offshor grid,
5,offshor grid,5: offshor grid,
5,offshor grid,5: offshor grid,
5,offshor grid,5: offshor grid,
5,offshor grid,5: offshor grid,
5,offshor grid,5: offshor grid,
5,offshor grid,5: offshor grid,
5,offshor grid,5: offshor grid,
5,offshor grid,5: offshor grid,
5,offshor grid,5: offshor grid,
5,offshor grid,5: offshor grid,
5,offshor grid,5: offshor grid,
5,offshor grid,5: offshor grid,
5,offshor grid,5: offshor grid,
5,offshor grid,5: offshor grid,
5,offshor grid,5: offshor grid,
5,offshor grid,5: offshor grid,
5,offshor grid,5: offshor grid,
5,offshor grid,5: offshor grid,
5,offshor grid,5: offshor grid,
5,offshor grid,5: offshor grid,
5,offshor grid,5: offshor grid,
5,offshor grid,5: offshor grid,
5,offshor grid,5: offshor grid,
5,offshor grid,5: offshor grid,
5,offshor grid,5: offshor grid,
5,offshor grid,5: offshor grid,
5,offshor grid,5: offshor grid,
5,offshor grid,5: offshor grid,
5,offshor grid,5: offshor grid,
5,offshor grid,5: offshor grid,
5,offshor grid,5: offshor grid,
5,offshor grid,5: offshor grid,
5,offshor grid,5: offshor grid,
5,offshor grid,5: offshor grid,
5,offshor grid,5: offshor grid,
5,offshor grid,5: offshor grid,
5,offshor grid,5: offshor grid,
5,offshor grid,5: offshor grid,
5,offshor grid,5: offshor grid,
5,offshor grid,5: offshor grid,
5,offshor grid,5: offshor grid,
5,offshor grid,5: offshor grid,
5,offshor grid,5: offshor grid,
5,offshor grid,5: offshor grid,
5,offshor grid,5: offshor grid,
5,offshor grid,5: offshor grid,
5,offshor grid,5: offshor grid,
5,offshor grid,5: offshor grid,
5,offshor grid,5: offshor grid,
5,offshor grid,5: offshor grid,
5,offshor grid,5: offshor grid,
5,offshor grid,5: offshor grid,
5,offshor grid,5: offshor grid,
5,offshor grid,5: offshor grid,
5,offshor grid,5: offshor grid,
5,offshor grid,5: offshor grid,
5,offshor grid,5: offshor grid,
5,offshor grid,5: offshor grid,
5,offshor grid,5: offshor grid,
5,offshor grid,5: offshor grid,
5,offshor grid,5: offshor grid,
5,offshor grid,5: offshor grid,
5,offshor grid,5: offshor grid,
5,offshor grid,5: offshor grid,
5,offshor grid,5: offshor grid,
5,offshor grid,5: offshor grid,
5,offshor grid,5: offshor grid,
5,offshor grid,5: offshor grid,
5,offshor grid,5: offshor grid,
5,offshor grid,5: offshor grid,
5,offshor grid,5: offshor grid,
5,offshor grid,5: offshor grid,
5,offshor grid,5: offshor grid,
5,offshor grid,5: offshor grid,
5,offshor grid,5: offshor grid,
5,offshor grid,5: offshor grid,
5,offshor grid,5: offshor grid,
5,offshor grid,5: offshor grid,
5,offshor grid,5: offshor grid,
5,offshor grid,5: offshor grid,
5,offshor grid,5: offshor grid,
5,offshor grid,5: offshor grid,
5,offshor grid,5: offshor grid,
5,offshor grid,5: offshor grid,
5,offshor grid,5: offshor grid,
5,offshor grid,5: offshor grid,
5,offshor grid,5: offshor grid,
5,offshor grid,5: offshor grid,
5,offshor grid,5: offshor grid,
5,offshor grid,5: offshor grid,
5,offshor grid,5: offshor grid,
5,offshor grid,5: offshor grid,
5,offshor grid,5: offshor grid,
5,offshor grid,5: offshor grid,
5,offshor grid,5: offshor grid,
5,offshor grid,5: offshor grid,
5,offshor grid,5: offshor grid,
5,offshor grid,5: offshor grid,
5,offshor grid,5: offshor grid,
5,offshor grid,5: offshor grid,
5,offshor grid,5: offshor grid,
5,offshor grid,5: offshor grid,
5,offshor grid,5: offshor grid,
5,offshor grid,5: offshor grid,
5,offshor grid,5: offshor grid,
5,offshor grid,5: offshor grid,
5,offshor grid,5: offshor grid,
5,offshor grid,5: offshor grid,
5,offshor grid,5: offshor grid,
5,offshor grid,5: offshor grid,
5,offshor grid,5: offshor grid,
5,offshor grid,5: offshor grid,
5,offshor grid,5: offshor grid,
5,offshor grid,5: offshor grid,
5,offshor grid,5: offshor grid,
5,offshor grid,5: offshor grid,
5,offshor grid,5: offshor grid,
5,offshor grid,5: offshor grid,
5,offshor grid,5: offshor grid,
5,offshor grid,5: offshor grid,
5,offshor grid,5: offshor grid,
5,offshor grid,5: offshor grid,
5,offshor grid,5: offshor grid,
5,offshor grid,5: offshor grid,
5,offshor grid,5: offshor grid,
5,offshor grid,5: offshor grid,
5,offshor grid,5: offshor grid,
5,offshor grid,5: offshor grid,
5,offshor grid,5: offshor grid,
5,offshor grid,5: offshor grid,
5,offshor grid,5: offshor grid,
5,offshor grid,5: offshor grid,
5,offshor grid,5: offshor grid,
5,offshor grid,5: offshor grid,
5,offshor grid,5: offshor grid,
5,offshor grid,5: offshor grid,
5,offshor grid,5: offshor grid,
5,offshor grid,5: offshor grid,
5,offshor grid,5: offshor grid,
5,offshor grid,5: offshor grid,
5,offshor grid,5: offshor grid,
5,offshor grid,5: offshor grid,
5,offshor grid,5: offshor grid,
5,offshor grid,5: offshor grid,
5,offshor grid,5: offshor grid,
5,offshor grid,5: offshor grid,
5,offshor grid,5: offshor grid,
5,offshor grid,5: offshor grid,
5,offshor grid,5: offshor grid,
5,offshor grid,5: offshor grid,
5,offshor grid,5: offshor grid,
5,offshor grid,5: offshor grid,
5,offshor grid,5: offshor grid,
5,offshor grid,5: offshor grid,
5,offshor grid,5: offshor grid,
5,offshor grid,5: offshor grid,
5,offshor grid,5: offshor grid,
5,offshor grid,5: offshor grid,
5,offshor grid,5: offshor grid,
5,offshor grid,5: offshor grid,
5,offshor grid,5: offshor grid,
5,offshor grid,5: offshor grid,
5,offshor grid,5: offshor grid,
5,offshor grid,5: offshor grid,
5,offshor grid,5: offshor grid,
5,offshor grid,5: offshor grid,
5,offshor grid,5: offshor grid,
5,offshor grid,5: offshor grid,
5,offshor grid,5: offshor grid,
5,offshor grid,5: offshor grid,
5,offshor grid,5: offshor grid,
5,offshor grid,5: offshor grid,
5,offshor grid,5: offshor grid,
5,offshor grid,5: offshor grid,
5,offshor grid,5: offshor grid,
5,offshor grid,5: offshor grid,
5,offshor grid,5: offshor grid,
5,offshor grid,5: offshor grid,
5,offshor grid,5: offshor grid,
5,offshor grid,5: offshor grid,
5,offshor grid,5: offshor grid,
5,offshor grid,5: offshor grid,
5,offshor grid,5: offshor grid,
5,offshor grid,5: offshor grid,
5,offshor grid,5: offshor grid,
5,offshor grid,5: offshor grid,
5,offshor grid,5: offshor grid,
5,offshor grid,5: offshor grid,
5,offshor grid,5: offshor grid,
5,offshor grid,5: offshor grid,
5,offshor grid,5: offshor grid,
5,offshor grid,5: offshor grid,
5,offshor grid,5: offshor grid,
5,offshor grid,5: offshor grid,
5,offshor grid,5: offshor grid,
5,offshor grid,5: offshor grid,
5,offshor grid,5: offshor grid,
5,offshor grid,5: offshor grid,
5,offshor grid,5: offshor grid,
5,offshor grid,5: offshor grid,
5,offshor grid,5: offshor grid,
5,offshor grid,5: offshor grid,
5,offshor grid,5: offshor grid,
5,offshor grid,5: offshor grid,
5,offshor grid,5: offshor grid,
5,offshor grid,5: offshor grid,
5,offshor grid,5: offshor grid,
5,offshor grid,5: offshor grid,
5,offshor grid,5: offshor grid,
5,offshor grid,5: offshor grid,
5,offshor grid,5: offshor grid,
5,offshor grid,5: offshor grid,
5,offshor grid,5: offshor grid,
5,offshor grid,5: offshor grid,
5,offshor grid,5: offshor grid,
5,offshor grid,5: offshor grid,
5,offshor grid,5: offshor grid,
5,offshor grid,5: offshor grid,
5,offshor grid,5: offshor grid,
5,offshor grid,5: offshor grid,
5,offshor grid,5: offshor grid,
5,offshor grid,5: offshor grid,
5,offshor grid,5: offshor grid,
5,offshor grid,5: offshor grid,
5,offshor grid,5: offshor grid,
5,offshor grid,5: offshor grid,
5,offshor grid,5: offshor grid,
5,offshor grid,5: offshor grid,
5,offshor grid,5: offshor grid,
5,offshor grid,5: offshor grid,
5,offshor grid,5: offshor grid,
5,offshor grid,5: offshor grid,
5,offshor grid,5: offshor grid,
5,offshor grid,5: offshor grid,
5,offshor grid,5: offshor grid,
5,offshor grid,5: offshor grid,
5,offshor grid,5: offshor grid,
5,offshor grid,5: offshor grid,
5,offshor grid,5: offshor grid,
5,offshor grid,5: offshor grid,
5,offshor grid,5: offshor grid,
5,offshor grid,5: offshor grid,
5,offshor grid,5: offshor grid,
5,offshor grid,5: offshor grid,
5,offshor grid,5: offshor grid,
5,offshor grid,5: offshor grid,
5,offshor grid,5: offshor grid,
5,offshor grid,5: offshor grid,
5,offshor grid,5: offshor grid,
5,offshor grid,5: offshor grid,
5,offshor grid,5: offshor grid,
5,offshor grid,5: offshor grid,
5,offshor grid,5: offshor grid,
5,offshor grid,5: offshor grid,
5,offshor grid,5: offshor grid,
5,offshor grid,5: offshor grid,
5,offshor grid,5: offshor grid,
5,offshor grid,5: offshor grid,
5,offshor grid,5: offshor grid,
5,offshor grid,5: offshor grid,
5,offshor grid,5: offshor grid,
5,offshor grid,5: offshor grid,
5,offshor grid,5: offshor grid,
5,offshor grid,5: offshor grid,
5,offshor grid,5: offshor grid,
5,offshor grid,5: offshor grid,
5,offshor grid,5: offshor grid,
5,offshor grid,5: offshor grid,
5,offshor grid,5: offshor grid,
5,offshor grid,5: offshor grid,
5,offshor grid,5: offshor grid,
5,offshor grid,5: offshor grid,
5,offshor grid,5: offshor grid,
5,offshor grid,5: offshor grid,
5,offshor grid,5: offshor grid,
5,offshor grid,5: offshor grid,
5,offshor grid,5: offshor grid,
5,offshor grid,5: offshor grid,
5,offshor grid,5: offshor grid,
5,offshor grid,5: offshor grid,
5,offshor grid,5: offshor grid,
5,offshor grid,5: offshor grid,
5,offshor grid,5: offshor grid,
5,offshor grid,5: offshor grid,
5,offshor grid,5: offshor grid,
5,offshor grid,5: offshor grid,
5,offshor grid,5: offshor grid,
5,offshor grid,5: offshor grid,
5,offshor grid,5: offshor grid,
5,offshor grid,5: offshor grid,
5,offshor grid,5: offshor grid,
5,offshor grid,5: offshor grid,
5,offshor grid,5: offshor grid,
5,offshor grid,5: offshor grid,
5,offshor grid,5: offshor grid,
5,offshor grid,5: offshor grid,
5,offshor grid,5: offshor grid,
5,offshor grid,5: offshor grid,
5,offshor grid,5: offshor grid,
5,offshor grid,5: offshor grid,
5,offshor grid,5: offshor grid,
5,offshor grid,5: offshor grid,
5,offshor grid,5: offshor grid,
5,offshor grid,5: offshor grid,
5,offshor grid,5: offshor grid,
5,offshor grid,5: offshor grid,
5,offshor grid,5: offshor grid,
5,offshor grid,5: offshor grid,
5,offshor grid,5: offshor grid,
5,offshor grid,5: offshor grid,
5,offshor grid,5: offshor grid,
5,offshor grid,5: offshor grid,
5,offshor grid,5: offshor grid,
5,offshor grid,5: offshor grid,
5,offshor grid,5: offshor grid,
5,offshor grid,5: offshor grid,
5,offshor grid,5: offshor grid,
5,offshor grid,5: offshor grid,
5,offshor grid,5: offshor grid,
5,offshor grid,5: offshor grid,
5,offshor grid,5: offshor grid,
5,offshor grid,5: offshor grid,
5,offshor grid,5: offshor grid,
5,offshor grid,5: offshor grid,
5,offshor grid,5: offshor grid,
5,offshor grid,5: offshor grid,
5,offshor grid,5: offshor grid,
5,offshor grid,5: offshor grid,
5,offshor grid,5: offshor grid,
5,offshor grid,5: offshor grid,
5,offshor grid,5: offshor grid,
5,offshor grid,5: offshor grid,
5,offshor grid,5: offshor grid,
5,offshor grid,5: offshor grid,
5,offshor grid,5: offshor grid,
5,offshor grid,5: offshor grid,
5,offshor grid,5: offshor grid,
5,offshor grid,5: offshor grid,
5,offshor grid,5: offshor grid,
5,offshor grid,5: offshor grid,
5,offshor grid,5: offshor grid,
5,offshor grid,5: offshor grid,
5,offshor grid,5: offshor grid,
5,offshor grid,5: offshor grid,
5,offshor grid,5: offshor grid,
5,offshor grid,5: offshor grid,
5,offshor grid,5: offshor grid,
5,offshor grid,5: offshor grid,
5,offshor grid,5: offshor grid,
5,offshor grid,5: offshor grid,
5,offshor grid,5: offshor grid,
5,offshor grid,5: offshor grid,
5,offshor grid,5: offshor grid,
5,offshor grid,5: offshor grid,
5,offshor grid,5: offshor grid,
5,offshor grid,5: offshor grid,
5,offshor grid,5: offshor grid,
5,offshor grid,5: offshor grid,
5,offshor grid,5: offshor grid,
5,offshor grid,5: offshor grid,
5,offshor grid,5: offshor grid,
5,offshor grid,5: offshor grid,
5,offshor grid,5: offshor grid,
5,offshor grid,5: offshor grid,
5,offshor grid,5: offshor grid,
5,offshor grid,5: offshor grid,
5,offshor grid,5: offshor grid,
5,offshor grid,5: offshor grid,
5,offshor grid,5: offshor grid,
5,offshor grid,5: offshor grid,
5,offshor grid,5: offshor grid,
5,offshor grid,5: offshor grid,
5,offshor grid,5: offshor grid,
5,offshor grid,5: offshor grid,
5,offshor grid,5: offshor grid,
5,offshor grid,5: offshor grid,
5,offshor grid,5: offshor grid,
5,offshor grid,5: offshor grid,
5,offshor grid,5: offshor grid,
5,offshor grid,5: offshor grid,
5,offshor grid,5: offshor grid,
5,offshor grid,5: offshor grid,
5,offshor grid,5: offshor grid,
5,offshor grid,5: offshor grid,
5,offshor grid,5: offshor grid,
5,offshor grid,5: offshor grid,
5,offshor grid,5: offshor grid,
5,offshor grid,5: offshor grid,
5,offshor grid,5: offshor grid,
5,offshor grid,5: offshor grid,
5,offshor grid,5: offshor grid,
5,offshor grid,5: offshor grid,
5,offshor grid,5: offshor grid,
5,offshor grid,5: offshor grid,
5,offshor grid,5: offshor grid,
5,offshor grid,5: offshor grid,
5,offshor grid,5: offshor grid,
5,offshor grid,5: offshor grid,
5,offshor grid,5: offshor grid,
5,offshor grid,5: offshor grid,
5,offshor grid,5: offshor grid,
5,offshor grid,5: offshor grid,
5,offshor grid,5: offshor grid,
5,offshor grid,5: offshor grid,
5,offshor grid,5: offshor grid,
5,offshor grid,5: offshor grid,
5,offshor grid,5: offshor grid,
5,offshor grid,5: offshor grid,
5,offshor grid,5: offshor grid,
5,offshor grid,5: offshor grid,
5,offshor grid,5: offshor grid,
5,offshor grid,5: offshor grid,
5,offshor grid,5: offshor grid,
5,offshor grid,5: offshor grid,
5,offshor grid,5: offshor grid,
5,offshor grid,5: offshor grid,
5,offshor grid,5: offshor grid,
5,offshor grid,5: offshor grid,
5,offshor grid,5: offshor grid,
5,offshor grid,5: offshor grid,
5,offshor grid,5: offshor grid,
5,offshor grid,5: offshor grid,
5,offshor grid,5: offshor grid,
5,offshor grid,5: offshor grid,
5,offshor grid,5: offshor grid,
5,offshor grid,5: offshor grid,
5,offshor grid,5: offshor grid,
5,offshor grid,5: offshor grid,
5,offshor grid,5: offshor grid,
5,offshor grid,5: offshor grid,
5,offshor grid,5: offshor grid,
5,offshor grid,5: offshor grid,
5,offshor grid,5: offshor grid,
5,offshor grid,5: offshor grid,
5,offshor grid,5: offshor grid,
5,offshor grid,5: offshor grid,
5,offshor grid,5: offshor grid,
5,offshor grid,5: offshor grid,
5,offshor grid,5: offshor grid,
5,offshor grid,5: offshor grid,
5,offshor grid,5: offshor grid,
5,offshor grid,5: offshor grid,
5,offshor grid,5: offshor grid,
5,offshor grid,5: offshor grid,
5,offshor grid,5: offshor grid,
5,offshor grid,5: offshor grid,
5,offshor grid,5: offshor grid,
5,offshor grid,5: offshor grid,
5,offshor grid,5: offshor grid,
5,offshor grid,5: offshor grid,
5,offshor grid,5: offshor grid,
5,offshor grid,5: offshor grid,
5,offshor grid,5: offshor grid,
5,offshor grid,5: offshor grid,
5,offshor grid,5: offshor grid,
5,offshor grid,5: offshor grid,
5,offshor grid,5: offshor grid,
5,offshor grid,5: offshor grid,
5,offshor grid,5: offshor grid,
5,offshor grid,5: offshor grid,
5,offshor grid,5: offshor grid,
5,offshor grid,5: offshor grid,
5,offshor grid,5: offshor grid,
5,offshor grid,5: offshor grid,
5,offshor grid,5: offshor grid,
5,offshor grid,5: offshor grid,
5,offshor grid,5: offshor grid,
5,offshor grid,5: offshor grid,
5,offshor grid,5: offshor grid,
5,offshor grid,5: offshor grid,
5,offshor grid,5: offshor grid,
5,offshor grid,5: offshor grid,
5,offshor grid,5: offshor grid,
5,offshor grid,5: offshor grid,
5,offshor grid,5: offshor grid,
5,offshor grid,5: offshor grid,
5,offshor grid,5: offshor grid,
5,offshor grid,5: offshor grid,
5,offshor grid,5: offshor grid,
5,offshor grid,5: offshor grid,
5,offshor grid,5: offshor grid,
5,offshor grid,5: offshor grid,
5,offshor grid,5: offshor grid,
5,offshor grid,5: offshor grid,
5,offshor grid,5: offshor grid,
5,offshor grid,5: offshor grid,
5,offshor grid,5: offshor grid,
5,offshor grid,5: offshor grid,
5,offshor grid,5: offshor grid,
5,offshor grid,5: offshor grid,
5,offshor grid,5: offshor grid,
5,offshor grid,5: offshor grid,
5,offshor grid,5: offshor grid,
5,offshor grid,5: offshor grid,
5,offshor grid,5: offshor grid,
5,offshor grid,5: offshor grid,
5,offshor grid,5: offshor grid,
5,offshor grid,5: offshor grid,
5,offshor grid,5: offshor grid,
5,offshor grid,5: offshor grid,
5,offshor grid,5: offshor grid,
5,offshor grid,5: offshor grid,
5,offshor grid,5: offshor grid,
5,offshor grid,5: offshor grid,
5,offshor grid,5: offshor grid,
5,offshor grid,5: offshor grid,
5,offshor grid,5: offshor grid,
5,offshor grid,5: offshor grid,
5,offshor grid,5: offshor grid,
5,offshor grid,5: offshor grid,
5,offshor grid,5: offshor grid,
5,offshor grid,5: offshor grid,
5,offshor grid,5: offshor grid,
5,offshor grid,5: offshor grid,
5,offshor grid,5: offshor grid,
5,offshor grid,5: offshor grid,
5,offshor grid,5: offshor grid,
5,offshor grid,5: offshor grid,
5,offshor grid,5: offshor grid,
5,offshor grid,5: offshor grid,
5,offshor grid,5: offshor grid,
5,offshor grid,5: offshor grid,
5,offshor grid,5: offshor grid,
5,offshor grid,5: offshor grid,
5,offshor grid,5: offshor grid,
5,offshor grid,5: offshor grid,
5,offshor grid,5: offshor grid,
5,offshor grid,5: offshor grid,
5,offshor grid,5: offshor grid,
5,offshor grid,5: offshor grid,
5,offshor grid,5: offshor grid,
5,offshor grid,5: offshor grid,
5,offshor grid,5: offshor grid,
5,offshor grid,5: offshor grid,
5,offshor grid,5: offshor grid,
5,offshor grid,5: offshor grid,
5,offshor grid,5: offshor grid,
5,offshor grid,5: offshor grid,
5,offshor grid,5: offshor grid,
5,offshor grid,5: offshor grid,
5,offshor grid,5: offshor grid,
5,offshor grid,5: offshor grid,
5,offshor grid,5: offshor grid,
5,offshor grid,5: offshor grid,
5,offshor grid,5: offshor grid,
5,offshor grid,5: offshor grid,
5,offshor grid,5: offshor grid,
5,offshor grid,5: offshor grid,
5,offshor grid,5: offshor grid,
5,offshor grid,5: offshor grid,
5,offshor grid,5: offshor grid,
5,offshor grid,5: offshor grid,
5,offshor grid,5: offshor grid,
5,offshor grid,5: offshor grid,
5,offshor grid,5: offshor grid,
5,offshor grid,5: offshor grid,
5,offshor grid,5: offshor grid,
5,offshor grid,5: offshor grid,
5,offshor grid,5: offshor grid,
5,offshor grid,5: offshor grid,
5,offshor grid,5: offshor grid,
5,offshor grid,5: offshor grid,
5,offshor grid,5: offshor grid,
5,offshor grid,5: offshor grid,
5,offshor grid,5: offshor grid,
5,offshor grid,5: offshor grid,
5,offshor grid,5: offshor grid,
5,offshor grid,5: offshor grid,
5,offshor grid,5: offshor grid,
5,offshor grid,5: offshor grid,
5,offshor grid,5: offshor grid,
5,offshor grid,5: offshor grid,
5,offshor grid,5: offshor grid,
5,offshor grid,5: offshor grid,
5,offshor grid,5: offshor grid,
5,offshor grid,5: offshor grid,
5,offshor grid,5: offshor grid,
5,offshor grid,5: offshor grid,
5,offshor grid,5: offshor grid,
5,offshor grid,5: offshor grid,
5,offshor grid,5: offshor grid,
5,offshor grid,5: offshor grid,
5,offshor grid,5: offshor grid,
5,offshor grid,5: offshor grid,
5,offshor grid,5: offshor grid,
5,offshor grid,5: offshor grid,
5,offshor grid,5: offshor grid,
5,offshor grid,5: offshor grid,
5,offshor grid,5: offshor grid,
5,offshor grid,5: offshor grid,
5,offshor grid,5: offshor grid,
9,wind farm,9: wind farm,
9,wind farm,9: wind farm,
9,wind farm,9: wind farm,
9,wind farm,9: wind farm,
9,wind farm,9: wind farm,
9,wind farm,9: wind farm,
9,wind farm,9: wind farm,
9,wind farm,9: wind farm,
9,wind farm,9: wind farm,
9,wind farm,9: wind farm,
9,wind farm,9: wind farm,
9,wind farm,9: wind farm,
9,wind farm,9: wind farm,
9,wind farm,9: wind farm,
9,wind farm,9: wind farm,
9,wind farm,9: wind farm,
9,wind farm,9: wind farm,
9,wind farm,9: wind farm,
9,wind farm,9: wind farm,
9,wind farm,9: wind farm,
9,wind farm,9: wind farm,
9,wind farm,9: wind farm,
9,wind farm,9: wind farm,
9,wind farm,9: wind farm,
9,wind farm,9: wind farm,
9,wind farm,9: wind farm,
9,wind farm,9: wind farm,
9,wind farm,9: wind farm,
9,wind farm,9: wind farm,
9,wind farm,9: wind farm,
9,wind farm,9: wind farm,
9,wind farm,9: wind farm,
9,wind farm,9: wind farm,
9,wind farm,9: wind farm,
9,wind farm,9: wind farm,
9,wind farm,9: wind farm,
9,wind farm,9: wind farm,
9,wind farm,9: wind farm,
9,wind farm,9: wind farm,
9,wind farm,9: wind farm,
9,wind farm,9: wind farm,
9,wind farm,9: wind farm,
9,wind farm,9: wind farm,
9,wind farm,9: wind farm,
9,wind farm,9: wind farm,
9,wind farm,9: wind farm,
9,wind farm,9: wind farm,
9,wind farm,9: wind farm,
9,wind farm,9: wind farm,
9,wind farm,9: wind farm,
9,wind farm,9: wind farm,
9,wind farm,9: wind farm,
9,wind farm,9: wind farm,
9,wind farm,9: wind farm,
9,wind farm,9: wind farm,
9,wind farm,9: wind farm,
9,wind farm,9: wind farm,
9,wind farm,9: wind farm,
9,wind farm,9: wind farm,
9,wind farm,9: wind farm,
9,wind farm,9: wind farm,
9,wind farm,9: wind farm,
9,wind farm,9: wind farm,
9,wind farm,9: wind farm,
9,wind farm,9: wind farm,
9,wind farm,9: wind farm,
9,wind farm,9: wind farm,
9,wind farm,9: wind farm,
9,wind farm,9: wind farm,
9,wind farm,9: wind farm,
9,wind farm,9: wind farm,
9,wind farm,9: wind farm,
9,wind farm,9: wind farm,
9,wind farm,9: wind farm,
9,wind farm,9: wind farm,
9,wind farm,9: wind farm,
9,wind farm,9: wind farm,
9,wind farm,9: wind farm,
9,wind farm,9: wind farm,
9,wind farm,9: wind farm,
9,wind farm,9: wind farm,
9,wind farm,9: wind farm,
9,wind farm,9: wind farm,
9,wind farm,9: wind farm,
9,wind farm,9: wind farm,
9,wind farm,9: wind farm,
9,wind farm,9: wind farm,
9,wind farm,9: wind farm,
9,wind farm,9: wind farm,
9,wind farm,9: wind farm,
9,wind farm,9: wind farm,
9,wind farm,9: wind farm,
9,wind farm,9: wind farm,
9,wind farm,9: wind farm,
9,wind farm,9: wind farm,
9,wind farm,9: wind farm,
9,wind farm,9: wind farm,
9,wind farm,9: wind farm,
9,wind farm,9: wind farm,
9,wind farm,9: wind farm,
9,wind farm,9: wind farm,
9,wind farm,9: wind farm,
9,wind farm,9: wind farm,
9,wind farm,9: wind farm,
9,wind farm,9: wind farm,
9,wind farm,9: wind farm,
9,wind farm,9: wind farm,
9,wind farm,9: wind farm,
9,wind farm,9: wind farm,
9,wind farm,9: wind farm,
9,wind farm,9: wind farm,
9,wind farm,9: wind farm,
9,wind farm,9: wind farm,
9,wind farm,9: wind farm,
9,wind farm,9: wind farm,
9,wind farm,9: wind farm,
9,wind farm,9: wind farm,
9,wind farm,9: wind farm,
9,wind farm,9: wind farm,
9,wind farm,9: wind farm,
9,wind farm,9: wind farm,
9,wind farm,9: wind farm,
9,wind farm,9: wind farm,
9,wind farm,9: wind farm,
9,wind farm,9: wind farm,
9,wind farm,9: wind farm,
9,wind farm,9: wind farm,
9,wind farm,9: wind farm,
9,wind farm,9: wind farm,
9,wind farm,9: wind farm,
9,wind farm,9: wind farm,
9,wind farm,9: wind farm,
9,wind farm,9: wind farm,
9,wind farm,9: wind farm,
9,wind farm,9: wind farm,
9,wind farm,9: wind farm,
9,wind farm,9: wind farm,
9,wind farm,9: wind farm,
9,wind farm,9: wind farm,
9,wind farm,9: wind farm,
9,wind farm,9: wind farm,
9,wind farm,9: wind farm,
9,wind farm,9: wind farm,
9,wind farm,9: wind farm,
9,wind farm,9: wind farm,
9,wind farm,9: wind farm,
9,wind farm,9: wind farm,
9,wind farm,9: wind farm,
9,wind farm,9: wind farm,
9,wind farm,9: wind farm,
9,wind farm,9: wind farm,
9,wind farm,9: wind farm,
9,wind farm,9: wind farm,
9,wind farm,9: wind farm,
9,wind farm,9: wind farm,
9,wind farm,9: wind farm,
9,wind farm,9: wind farm,
9,wind farm,9: wind farm,
9,wind farm,9: wind farm,
9,wind farm,9: wind farm,
9,wind farm,9: wind farm,
9,wind farm,9: wind farm,
9,wind farm,9: wind farm,
9,wind farm,9: wind farm,
9,wind farm,9: wind farm,
9,wind farm,9: wind farm,
9,wind farm,9: wind farm,
9,wind farm,9: wind farm,
9,wind farm,9: wind farm,
9,wind farm,9: wind farm,
9,wind farm,9: wind farm,
9,wind farm,9: wind farm,
9,wind farm,9: wind farm,
9,wind farm,9: wind farm,
9,wind farm,9: wind farm,
9,wind farm,9: wind farm,
9,wind farm,9: wind farm,
9,wind farm,9: wind farm,
9,wind farm,9: wind farm,
9,wind farm,9: wind farm,
9,wind farm,9: wind farm,
9,wind farm,9: wind farm,
9,wind farm,9: wind farm,
9,wind farm,9: wind farm,
9,wind farm,9: wind farm,
9,wind farm,9: wind farm,
9,wind farm,9: wind farm,
9,wind farm,9: wind farm,
9,wind farm,9: wind farm,
9,wind farm,9: wind farm,
9,wind farm,9: wind farm,
9,wind farm,9: wind farm,
9,wind farm,9: wind farm,
9,wind farm,9: wind farm,
9,wind farm,9: wind farm,
9,wind farm,9: wind farm,
9,wind farm,9: wind farm,
9,wind farm,9: wind farm,
9,wind farm,9: wind farm,
9,wind farm,9: wind farm,
9,wind farm,9: wind farm,
9,wind farm,9: wind farm,
9,wind farm,9: wind farm,
9,wind farm,9: wind farm,
9,wind farm,9: wind farm,
9,wind farm,9: wind farm,
9,wind farm,9: wind farm,
9,wind farm,9: wind farm,
9,wind farm,9: wind farm,
9,wind farm,9: wind farm,
9,wind farm,9: wind farm,
9,wind farm,9: wind farm,
9,wind farm,9: wind farm,
9,wind farm,9: wind farm,
9,wind farm,9: wind farm,
9,wind farm,9: wind farm,
9,wind farm,9: wind farm,
9,wind farm,9: wind farm,
9,wind farm,9: wind farm,
9,wind farm,9: wind farm,
9,wind farm,9: wind farm,
9,wind farm,9: wind farm,
9,wind farm,9: wind farm,
9,wind farm,9: wind farm,
9,wind farm,9: wind farm,
9,wind farm,9: wind farm,
9,wind farm,9: wind farm,
9,wind farm,9: wind farm,
9,wind farm,9: wind farm,
9,wind farm,9: wind farm,
9,wind farm,9: wind farm,
9,wind farm,9: wind farm,
9,wind farm,9: wind farm,
9,wind farm,9: wind farm,
9,wind farm,9: wind farm,
9,wind farm,9: wind farm,
9,wind farm,9: wind farm,
9,wind farm,9: wind farm,
9,wind farm,9: wind farm,
9,wind farm,9: wind farm,
9,wind farm,9: wind farm,
9,wind farm,9: wind farm,
9,wind farm,9: wind farm,
9,wind farm,9: wind farm,
9,wind farm,9: wind farm,
9,wind farm,9: wind farm,
9,wind farm,9: wind farm,
9,wind farm,9: wind farm,
9,wind farm,9: wind farm,
9,wind farm,9: wind farm,
9,wind farm,9: wind farm,
9,wind farm,9: wind farm,
9,wind farm,9: wind farm,
9,wind farm,9: wind farm,
9,wind farm,9: wind farm,
9,wind farm,9: wind farm,
9,wind farm,9: wind farm,
9,wind farm,9: wind farm,
9,wind farm,9: wind farm,
9,wind farm,9: wind farm,
9,wind farm,9: wind farm,
9,wind farm,9: wind farm,
9,wind farm,9: wind farm,
9,wind farm,9: wind farm,
9,wind farm,9: wind farm,
9,wind farm,9: wind farm,
9,wind farm,9: wind farm,
9,wind farm,9: wind farm,
9,wind farm,9: wind farm,
9,wind farm,9: wind farm,
9,wind farm,9: wind farm,
9,wind farm,9: wind farm,
9,wind farm,9: wind farm,
9,wind farm,9: wind farm,
9,wind farm,9: wind farm,
9,wind farm,9: wind farm,
9,wind farm,9: wind farm,
9,wind farm,9: wind farm,
9,wind farm,9: wind farm,
9,wind farm,9: wind farm,
9,wind farm,9: wind farm,
9,wind farm,9: wind farm,
9,wind farm,9: wind farm,
9,wind farm,9: wind farm,
9,wind farm,9: wind farm,
9,wind farm,9: wind farm,
9,wind farm,9: wind farm,
9,wind farm,9: wind farm,
9,wind farm,9: wind farm,
9,wind farm,9: wind farm,
9,wind farm,9: wind farm,
9,wind farm,9: wind farm,
9,wind farm,9: wind farm,
9,wind farm,9: wind farm,
9,wind farm,9: wind farm,
9,wind farm,9: wind farm,
9,wind farm,9: wind farm,
9,wind farm,9: wind farm,
9,wind farm,9: wind farm,
9,wind farm,9: wind farm,
9,wind farm,9: wind farm,
9,wind farm,9: wind farm,
9,wind farm,9: wind farm,
9,wind farm,9: wind farm,
9,wind farm,9: wind farm,
9,wind farm,9: wind farm,
9,wind farm,9: wind farm,
9,wind farm,9: wind farm,
9,wind farm,9: wind farm,
9,wind farm,9: wind farm,
9,wind farm,9: wind farm,
9,wind farm,9: wind farm,
9,wind farm,9: wind farm,
9,wind farm,9: wind farm,
9,wind farm,9: wind farm,
9,wind farm,9: wind farm,
9,wind farm,9: wind farm,
9,wind farm,9: wind farm,
9,wind farm,9: wind farm,
9,wind farm,9: wind farm,
9,wind farm,9: wind farm,
9,wind farm,9: wind farm,
5,offshor grid,5: offshor grid,
5,offshor grid,5: offshor grid,
5,offshor grid,5: offshor grid,
5,offshor grid,5: offshor grid,
5,offshor grid,5: offshor grid,
5,offshor grid,5: offshor grid,
5,offshor grid,5: offshor grid,
5,offshor grid,5: offshor grid,
5,offshor grid,5: offshor grid,
5,offshor grid,5: offshor grid,
5,offshor grid,5: offshor grid,
5,offshor grid,5: offshor grid,
5,offshor grid,5: offshor grid,
5,offshor grid,5: offshor grid,
5,offshor grid,5: offshor grid,
5,offshor grid,5: offshor grid,
5,offshor grid,5: offshor grid,
5,offshor grid,5: offshor grid,
5,offshor grid,5: offshor grid,
5,offshor grid,5: offshor grid,
5,offshor grid,5: offshor grid,
5,offshor grid,5: offshor grid,
5,offshor grid,5: offshor grid,
5,offshor grid,5: offshor grid,
5,offshor grid,5: offshor grid,
5,offshor grid,5: offshor grid,
5,offshor grid,5: offshor grid,
5,offshor grid,5: offshor grid,
5,offshor grid,5: offshor grid,
5,offshor grid,5: offshor grid,
5,offshor grid,5: offshor grid,
5,offshor grid,5: offshor grid,
5,offshor grid,5: offshor grid,
5,offshor grid,5: offshor grid,
5,offshor grid,5: offshor grid,
5,offshor grid,5: offshor grid,
5,offshor grid,5: offshor grid,
5,offshor grid,5: offshor grid,
5,offshor grid,5: offshor grid,
5,offshor grid,5: offshor grid,
5,offshor grid,5: offshor grid,
5,offshor grid,5: offshor grid,
5,offshor grid,5: offshor grid,
5,offshor grid,5: offshor grid,
5,offshor grid,5: offshor grid,
5,offshor grid,5: offshor grid,
5,offshor grid,5: offshor grid,
5,offshor grid,5: offshor grid,
5,offshor grid,5: offshor grid,
5,offshor grid,5: offshor grid,
5,offshor grid,5: offshor grid,
5,offshor grid,5: offshor grid,
5,offshor grid,5: offshor grid,
5,offshor grid,5: offshor grid,
5,offshor grid,5: offshor grid,
5,offshor grid,5: offshor grid,
5,offshor grid,5: offshor grid,
5,offshor grid,5: offshor grid,
5,offshor grid,5: offshor grid,
5,offshor grid,5: offshor grid,
5,offshor grid,5: offshor grid,
5,offshor grid,5: offshor grid,
5,offshor grid,5: offshor grid,
5,offshor grid,5: offshor grid,
5,offshor grid,5: offshor grid,
5,offshor grid,5: offshor grid,
5,offshor grid,5: offshor grid,
5,offshor grid,5: offshor grid,
5,offshor grid,5: offshor grid,
5,offshor grid,5: offshor grid,
5,offshor grid,5: offshor grid,
5,offshor grid,5: offshor grid,
5,offshor grid,5: offshor grid,
5,offshor grid,5: offshor grid,
5,offshor grid,5: offshor grid,
5,offshor grid,5: offshor grid,
5,offshor grid,5: offshor grid,
5,offshor grid,5: offshor grid,
5,offshor grid,5: offshor grid,
5,offshor grid,5: offshor grid,
5,offshor grid,5: offshor grid,
5,offshor grid,5: offshor grid,
5,offshor grid,5: offshor grid,
5,offshor grid,5: offshor grid,
5,offshor grid,5: offshor grid,
5,offshor grid,5: offshor grid,
5,offshor grid,5: offshor grid,
5,offshor grid,5: offshor grid,
5,offshor grid,5: offshor grid,
5,offshor grid,5: offshor grid,
5,offshor grid,5: offshor grid,
5,offshor grid,5: offshor grid,
5,offshor grid,5: offshor grid,
5,offshor grid,5: offshor grid,
5,offshor grid,5: offshor grid,
5,offshor grid,5: offshor grid,
5,offshor grid,5: offshor grid,
5,offshor grid,5: offshor grid,
5,offshor grid,5: offshor grid,
5,offshor grid,5: offshor grid,
5,offshor grid,5: offshor grid,
5,offshor grid,5: offshor grid,
5,offshor grid,5: offshor grid,
5,offshor grid,5: offshor grid,
5,offshor grid,5: offshor grid,
5,offshor grid,5: offshor grid,
5,offshor grid,5: offshor grid,
5,offshor grid,5: offshor grid,
5,offshor grid,5: offshor grid,
5,offshor grid,5: offshor grid,
5,offshor grid,5: offshor grid,
5,offshor grid,5: offshor grid,
5,offshor grid,5: offshor grid,
5,offshor grid,5: offshor grid,
5,offshor grid,5: offshor grid,
5,offshor grid,5: offshor grid,
5,offshor grid,5: offshor grid,
5,offshor grid,5: offshor grid,
5,offshor grid,5: offshor grid,
5,offshor grid,5: offshor grid,
5,offshor grid,5: offshor grid,
5,offshor grid,5: offshor grid,
5,offshor grid,5: offshor grid,
5,offshor grid,5: offshor grid,
5,offshor grid,5: offshor grid,
5,offshor grid,5: offshor grid,
5,offshor grid,5: offshor grid,
5,offshor grid,5: offshor grid,
5,offshor grid,5: offshor grid,
5,offshor grid,5: offshor grid,
5,offshor grid,5: offshor grid,
5,offshor grid,5: offshor grid,
5,offshor grid,5: offshor grid,
5,offshor grid,5: offshor grid,
5,offshor grid,5: offshor grid,
5,offshor grid,5: offshor grid,
5,offshor grid,5: offshor grid,
5,offshor grid,5: offshor grid,
5,offshor grid,5: offshor grid,
5,offshor grid,5: offshor grid,
5,offshor grid,5: offshor grid,
5,offshor grid,5: offshor grid,
5,offshor grid,5: offshor grid,
5,offshor grid,5: offshor grid,
5,offshor grid,5: offshor grid,
5,offshor grid,5: offshor grid,
5,offshor grid,5: offshor grid,
5,offshor grid,5: offshor grid,
5,offshor grid,5: offshor grid,
5,offshor grid,5: offshor grid,
5,offshor grid,5: offshor grid,
5,offshor grid,5: offshor grid,
5,offshor grid,5: offshor grid,
5,offshor grid,5: offshor grid,
5,offshor grid,5: offshor grid,
5,offshor grid,5: offshor grid,
5,offshor grid,5: offshor grid,
5,offshor grid,5: offshor grid,
5,offshor grid,5: offshor grid,
5,offshor grid,5: offshor grid,
5,offshor grid,5: offshor grid,
5,offshor grid,5: offshor grid,
5,offshor grid,5: offshor grid,
5,offshor grid,5: offshor grid,
5,offshor grid,5: offshor grid,
5,offshor grid,5: offshor grid,
5,offshor grid,5: offshor grid,
5,offshor grid,5: offshor grid,
5,offshor grid,5: offshor grid,
5,offshor grid,5: offshor grid,
5,offshor grid,5: offshor grid,
5,offshor grid,5: offshor grid,
5,offshor grid,5: offshor grid,
5,offshor grid,5: offshor grid,
5,offshor grid,5: offshor grid,
9,wind farm,9: wind farm,
9,wind farm,9: wind farm,
9,wind farm,9: wind farm,
9,wind farm,9: wind farm,
9,wind farm,9: wind farm,
9,wind farm,9: wind farm,
9,wind farm,9: wind farm,
9,wind farm,9: wind farm,
9,wind farm,9: wind farm,
9,wind farm,9: wind farm,
9,wind farm,9: wind farm,
9,wind farm,9: wind farm,
9,wind farm,9: wind farm,
9,wind farm,9: wind farm,
9,wind farm,9: wind farm,
9,wind farm,9: wind farm,
9,wind farm,9: wind farm,
9,wind farm,9: wind farm,
9,wind farm,9: wind farm,
9,wind farm,9: wind farm,
9,wind farm,9: wind farm,
9,wind farm,9: wind farm,
9,wind farm,9: wind farm,
9,wind farm,9: wind farm,
9,wind farm,9: wind farm,
9,wind farm,9: wind farm,
9,wind farm,9: wind farm,
9,wind farm,9: wind farm,
9,wind farm,9: wind farm,
9,wind farm,9: wind farm,
9,wind farm,9: wind farm,
9,wind farm,9: wind farm,
9,wind farm,9: wind farm,
9,wind farm,9: wind farm,
9,wind farm,9: wind farm,
9,wind farm,9: wind farm,
9,wind farm,9: wind farm,
9,wind farm,9: wind farm,
9,wind farm,9: wind farm,
9,wind farm,9: wind farm,
9,wind farm,9: wind farm,
9,wind farm,9: wind farm,
9,wind farm,9: wind farm,
9,wind farm,9: wind farm,
9,wind farm,9: wind farm,
9,wind farm,9: wind farm,
9,wind farm,9: wind farm,
9,wind farm,9: wind farm,
9,wind farm,9: wind farm,
9,wind farm,9: wind farm,
9,wind farm,9: wind farm,
9,wind farm,9: wind farm,
9,wind farm,9: wind farm,
9,wind farm,9: wind farm,
9,wind farm,9: wind farm,
9,wind farm,9: wind farm,
9,wind farm,9: wind farm,
9,wind farm,9: wind farm,
9,wind farm,9: wind farm,
9,wind farm,9: wind farm,
9,wind farm,9: wind farm,
9,wind farm,9: wind farm,
9,wind farm,9: wind farm,
9,wind farm,9: wind farm,
9,wind farm,9: wind farm,
9,wind farm,9: wind farm,
9,wind farm,9: wind farm,
9,wind farm,9: wind farm,
9,wind farm,9: wind farm,
9,wind farm,9: wind farm,
9,wind farm,9: wind farm,
9,wind farm,9: wind farm,
9,wind farm,9: wind farm,
9,wind farm,9: wind farm,
9,wind farm,9: wind farm,
9,wind farm,9: wind farm,
9,wind farm,9: wind farm,
9,wind farm,9: wind farm,
9,wind farm,9: wind farm,
9,wind farm,9: wind farm,
9,wind farm,9: wind farm,
9,wind farm,9: wind farm,
9,wind farm,9: wind farm,
9,wind farm,9: wind farm,
9,wind farm,9: wind farm,
9,wind farm,9: wind farm,
9,wind farm,9: wind farm,
9,wind farm,9: wind farm,
9,wind farm,9: wind farm,
9,wind farm,9: wind farm,
9,wind farm,9: wind farm,
9,wind farm,9: wind farm,
9,wind farm,9: wind farm,
9,wind farm,9: wind farm,
9,wind farm,9: wind farm,
9,wind farm,9: wind farm,
9,wind farm,9: wind farm,
9,wind farm,9: wind farm,
9,wind farm,9: wind farm,
9,wind farm,9: wind farm,
9,wind farm,9: wind farm,
9,wind farm,9: wind farm,
9,wind farm,9: wind farm,
9,wind farm,9: wind farm,
9,wind farm,9: wind farm,
9,wind farm,9: wind farm,
9,wind farm,9: wind farm,
9,wind farm,9: wind farm,
9,wind farm,9: wind farm,
9,wind farm,9: wind farm,
9,wind farm,9: wind farm,
9,wind farm,9: wind farm,
9,wind farm,9: wind farm,
9,wind farm,9: wind farm,
9,wind farm,9: wind farm,
9,wind farm,9: wind farm,
9,wind farm,9: wind farm,
9,wind farm,9: wind farm,
9,wind farm,9: wind farm,
9,wind farm,9: wind farm,
9,wind farm,9: wind farm,
9,wind farm,9: wind farm,
9,wind farm,9: wind farm,
9,wind farm,9: wind farm,
9,wind farm,9: wind farm,
9,wind farm,9: wind farm,
9,wind farm,9: wind farm,
9,wind farm,9: wind farm,
9,wind farm,9: wind farm,
9,wind farm,9: wind farm,
9,wind farm,9: wind farm,
9,wind farm,9: wind farm,
9,wind farm,9: wind farm,
9,wind farm,9: wind farm,
9,wind farm,9: wind farm,
9,wind farm,9: wind farm,
9,wind farm,9: wind farm,
9,wind farm,9: wind farm,
9,wind farm,9: wind farm,
9,wind farm,9: wind farm,
9,wind farm,9: wind farm,
9,wind farm,9: wind farm,
9,wind farm,9: wind farm,
9,wind farm,9: wind farm,
9,wind farm,9: wind farm,
9,wind farm,9: wind farm,
9,wind farm,9: wind farm,
9,wind farm,9: wind farm,
9,wind farm,9: wind farm,
9,wind farm,9: wind farm,
9,wind farm,9: wind farm,
9,wind farm,9: wind farm,
9,wind farm,9: wind farm,
9,wind farm,9: wind farm,
9,wind farm,9: wind farm,
9,wind farm,9: wind farm,
9,wind farm,9: wind farm,
9,wind farm,9: wind farm,
9,wind farm,9: wind farm,
9,wind farm,9: wind farm,
9,wind farm,9: wind farm,
5,offshor grid,5: offshor grid,
5,offshor grid,5: offshor grid,
5,offshor grid,5: offshor grid,
5,offshor grid,5: offshor grid,
5,offshor grid,5: offshor grid,
5,offshor grid,5: offshor grid,
5,offshor grid,5: offshor grid,
5,offshor grid,5: offshor grid,
5,offshor grid,5: offshor grid,
5,offshor grid,5: offshor grid,
5,offshor grid,5: offshor grid,
5,offshor grid,5: offshor grid,
5,offshor grid,5: offshor grid,
5,offshor grid,5: offshor grid,
5,offshor grid,5: offshor grid,
5,offshor grid,5: offshor grid,
5,offshor grid,5: offshor grid,
5,offshor grid,5: offshor grid,
5,offshor grid,5: offshor grid,
5,offshor grid,5: offshor grid,
5,offshor grid,5: offshor grid,
5,offshor grid,5: offshor grid,
5,offshor grid,5: offshor grid,
5,offshor grid,5: offshor grid,
5,offshor grid,5: offshor grid,
5,offshor grid,5: offshor grid,
5,offshor grid,5: offshor grid,
5,offshor grid,5: offshor grid,
5,offshor grid,5: offshor grid,
5,offshor grid,5: offshor grid,
5,offshor grid,5: offshor grid,
5,offshor grid,5: offshor grid,
5,offshor grid,5: offshor grid,
5,offshor grid,5: offshor grid,
5,offshor grid,5: offshor grid,
5,offshor grid,5: offshor grid,
5,offshor grid,5: offshor grid,
5,offshor grid,5: offshor grid,
5,offshor grid,5: offshor grid,
5,offshor grid,5: offshor grid,
5,offshor grid,5: offshor grid,
5,offshor grid,5: offshor grid,
5,offshor grid,5: offshor grid,
5,offshor grid,5: offshor grid,
5,offshor grid,5: offshor grid,
5,offshor grid,5: offshor grid,
5,offshor grid,5: offshor grid,
5,offshor grid,5: offshor grid,
5,offshor grid,5: offshor grid,
5,offshor grid,5: offshor grid,
5,offshor grid,5: offshor grid,
5,offshor grid,5: offshor grid,
5,offshor grid,5: offshor grid,
5,offshor grid,5: offshor grid,
5,offshor grid,5: offshor grid,
5,offshor grid,5: offshor grid,
5,offshor grid,5: offshor grid,
5,offshor grid,5: offshor grid,
5,offshor grid,5: offshor grid,
5,offshor grid,5: offshor grid,
5,offshor grid,5: offshor grid,
5,offshor grid,5: offshor grid,
5,offshor grid,5: offshor grid,
5,offshor grid,5: offshor grid,
5,offshor grid,5: offshor grid,
5,offshor grid,5: offshor grid,
5,offshor grid,5: offshor grid,
5,offshor grid,5: offshor grid,
5,offshor grid,5: offshor grid,
5,offshor grid,5: offshor grid,
5,offshor grid,5: offshor grid,
5,offshor grid,5: offshor grid,
5,offshor grid,5: offshor grid,
5,offshor grid,5: offshor grid,
5,offshor grid,5: offshor grid,
5,offshor grid,5: offshor grid,
5,offshor grid,5: offshor grid,
5,offshor grid,5: offshor grid,
5,offshor grid,5: offshor grid,
5,offshor grid,5: offshor grid,
5,offshor grid,5: offshor grid,
5,offshor grid,5: offshor grid,
5,offshor grid,5: offshor grid,
5,offshor grid,5: offshor grid,
5,offshor grid,5: offshor grid,
5,offshor grid,5: offshor grid,
5,offshor grid,5: offshor grid,
5,offshor grid,5: offshor grid,
5,offshor grid,5: offshor grid,
5,offshor grid,5: offshor grid,
5,offshor grid,5: offshor grid,
5,offshor grid,5: offshor grid,
5,offshor grid,5: offshor grid,
5,offshor grid,5: offshor grid,
5,offshor grid,5: offshor grid,
5,offshor grid,5: offshor grid,
5,offshor grid,5: offshor grid,
5,offshor grid,5: offshor grid,
5,offshor grid,5: offshor grid,
5,offshor grid,5: offshor grid,
5,offshor grid,5: offshor grid,
5,offshor grid,5: offshor grid,
5,offshor grid,5: offshor grid,
5,offshor grid,5: offshor grid,
5,offshor grid,5: offshor grid,
5,offshor grid,5: offshor grid,
5,offshor grid,5: offshor grid,
5,offshor grid,5: offshor grid,
5,offshor grid,5: offshor grid,
5,offshor grid,5: offshor grid,
5,offshor grid,5: offshor grid,
5,offshor grid,5: offshor grid,
5,offshor grid,5: offshor grid,
5,offshor grid,5: offshor grid,
5,offshor grid,5: offshor grid,
5,offshor grid,5: offshor grid,
5,offshor grid,5: offshor grid,
5,offshor grid,5: offshor grid,
5,offshor grid,5: offshor grid,
5,offshor grid,5: offshor grid,
5,offshor grid,5: offshor grid,
5,offshor grid,5: offshor grid,
5,offshor grid,5: offshor grid,
5,offshor grid,5: offshor grid,
5,offshor grid,5: offshor grid,
5,offshor grid,5: offshor grid,
5,offshor grid,5: offshor grid,
5,offshor grid,5: offshor grid,
5,offshor grid,5: offshor grid,
5,offshor grid,5: offshor grid,
5,offshor grid,5: offshor grid,
5,offshor grid,5: offshor grid,
5,offshor grid,5: offshor grid,
5,offshor grid,5: offshor grid,
5,offshor grid,5: offshor grid,
5,offshor grid,5: offshor grid,
5,offshor grid,5: offshor grid,
5,offshor grid,5: offshor grid,
5,offshor grid,5: offshor grid,
5,offshor grid,5: offshor grid,
5,offshor grid,5: offshor grid,
5,offshor grid,5: offshor grid,
5,offshor grid,5: offshor grid,
5,offshor grid,5: offshor grid,
5,offshor grid,5: offshor grid,
5,offshor grid,5: offshor grid,
5,offshor grid,5: offshor grid,
5,offshor grid,5: offshor grid,
5,offshor grid,5: offshor grid,
5,offshor grid,5: offshor grid,
5,offshor grid,5: offshor grid,
5,offshor grid,5: offshor grid,
5,offshor grid,5: offshor grid,
5,offshor grid,5: offshor grid,
5,offshor grid,5: offshor grid,
5,offshor grid,5: offshor grid,
5,offshor grid,5: offshor grid,
5,offshor grid,5: offshor grid,
5,offshor grid,5: offshor grid,
5,offshor grid,5: offshor grid,
5,offshor grid,5: offshor grid,
5,offshor grid,5: offshor grid,
5,offshor grid,5: offshor grid,
5,offshor grid,5: offshor grid,
5,offshor grid,5: offshor grid,
5,offshor grid,5: offshor grid,
5,offshor grid,5: offshor grid,
5,offshor grid,5: offshor grid,
5,offshor grid,5: offshor grid,
5,offshor grid,5: offshor grid,
5,offshor grid,5: offshor grid,
5,offshor grid,5: offshor grid,
5,offshor grid,5: offshor grid,
5,offshor grid,5: offshor grid,
5,offshor grid,5: offshor grid,
5,offshor grid,5: offshor grid,
5,offshor grid,5: offshor grid,
5,offshor grid,5: offshor grid,
5,offshor grid,5: offshor grid,
5,offshor grid,5: offshor grid,
5,offshor grid,5: offshor grid,
5,offshor grid,5: offshor grid,
5,offshor grid,5: offshor grid,
5,offshor grid,5: offshor grid,
5,offshor grid,5: offshor grid,
5,offshor grid,5: offshor grid,
5,offshor grid,5: offshor grid,
5,offshor grid,5: offshor grid,
5,offshor grid,5: offshor grid,
5,offshor grid,5: offshor grid,
5,offshor grid,5: offshor grid,
5,offshor grid,5: offshor grid,
5,offshor grid,5: offshor grid,
5,offshor grid,5: offshor grid,
5,offshor grid,5: offshor grid,
5,offshor grid,5: offshor grid,
5,offshor grid,5: offshor grid,
5,offshor grid,5: offshor grid,
5,offshor grid,5: offshor grid,
5,offshor grid,5: offshor grid,
5,offshor grid,5: offshor grid,
5,offshor grid,5: offshor grid,
5,offshor grid,5: offshor grid,
5,offshor grid,5: offshor grid,
5,offshor grid,5: offshor grid,
5,offshor grid,5: offshor grid,
5,offshor grid,5: offshor grid,
5,offshor grid,5: offshor grid,
5,offshor grid,5: offshor grid,
5,offshor grid,5: offshor grid,
5,offshor grid,5: offshor grid,
5,offshor grid,5: offshor grid,
5,offshor grid,5: offshor grid,
5,offshor grid,5: offshor grid,
5,offshor grid,5: offshor grid,
5,offshor grid,5: offshor grid,
5,offshor grid,5: offshor grid,
5,offshor grid,5: offshor grid,
5,offshor grid,5: offshor grid,
5,offshor grid,5: offshor grid,
5,offshor grid,5: offshor grid,
5,offshor grid,5: offshor grid,
5,offshor grid,5: offshor grid,
5,offshor grid,5: offshor grid,
5,offshor grid,5: offshor grid,
5,offshor grid,5: offshor grid,
5,offshor grid,5: offshor grid,
5,offshor grid,5: offshor grid,
5,offshor grid,5: offshor grid,
5,offshor grid,5: offshor grid,
5,offshor grid,5: offshor grid,
5,offshor grid,5: offshor grid,
5,offshor grid,5: offshor grid,
5,offshor grid,5: offshor grid,
5,offshor grid,5: offshor grid,
5,offshor grid,5: offshor grid,
5,offshor grid,5: offshor grid,
5,offshor grid,5: offshor grid,
5,offshor grid,5: offshor grid,
5,offshor grid,5: offshor grid,
5,offshor grid,5: offshor grid,
5,offshor grid,5: offshor grid,
5,offshor grid,5: offshor grid,
5,offshor grid,5: offshor grid,
5,offshor grid,5: offshor grid,
5,offshor grid,5: offshor grid,
5,offshor grid,5: offshor grid,
5,offshor grid,5: offshor grid,
5,offshor grid,5: offshor grid,
5,offshor grid,5: offshor grid,
5,offshor grid,5: offshor grid,
5,offshor grid,5: offshor grid,
5,offshor grid,5: offshor grid,
5,offshor grid,5: offshor grid,
5,offshor grid,5: offshor grid,
5,offshor grid,5: offshor grid,
5,offshor grid,5: offshor grid,
5,offshor grid,5: offshor grid,
5,offshor grid,5: offshor grid,
5,offshor grid,5: offshor grid,
5,offshor grid,5: offshor grid,
5,offshor grid,5: offshor grid,
5,offshor grid,5: offshor grid,
5,offshor grid,5: offshor grid,
5,offshor grid,5: offshor grid,
5,offshor grid,5: offshor grid,
5,offshor grid,5: offshor grid,
5,offshor grid,5: offshor grid,
5,offshor grid,5: offshor grid,
5,offshor grid,5: offshor grid,
5,offshor grid,5: offshor grid,
5,offshor grid,5: offshor grid,
5,offshor grid,5: offshor grid,
5,offshor grid,5: offshor grid,
5,offshor grid,5: offshor grid,
5,offshor grid,5: offshor grid,
5,offshor grid,5: offshor grid,
5,offshor grid,5: offshor grid,
5,offshor grid,5: offshor grid,
5,offshor grid,5: offshor grid,
5,offshor grid,5: offshor grid,
5,offshor grid,5: offshor grid,
5,offshor grid,5: offshor grid,
5,offshor grid,5: offshor grid,
5,offshor grid,5: offshor grid,
5,offshor grid,5: offshor grid,
5,offshor grid,5: offshor grid,
5,offshor grid,5: offshor grid,
5,offshor grid,5: offshor grid,
5,offshor grid,5: offshor grid,
5,offshor grid,5: offshor grid,
5,offshor grid,5: offshor grid,
5,offshor grid,5: offshor grid,
5,offshor grid,5: offshor grid,
5,offshor grid,5: offshor grid,
5,offshor grid,5: offshor grid,
5,offshor grid,5: offshor grid,
5,offshor grid,5: offshor grid,
5,offshor grid,5: offshor grid,
5,offshor grid,5: offshor grid,
5,offshor grid,5: offshor grid,
5,offshor grid,5: offshor grid,
5,offshor grid,5: offshor grid,
5,offshor grid,5: offshor grid,
5,offshor grid,5: offshor grid,
5,offshor grid,5: offshor grid,
5,offshor grid,5: offshor grid,
5,offshor grid,5: offshor grid,
5,offshor grid,5: offshor grid,
5,offshor grid,5: offshor grid,
5,offshor grid,5: offshor grid,
5,offshor grid,5: offshor grid,
5,offshor grid,5: offshor grid,
5,offshor grid,5: offshor grid,
5,offshor grid,5: offshor grid,
5,offshor grid,5: offshor grid,
5,offshor grid,5: offshor grid,
5,offshor grid,5: offshor grid,
5,offshor grid,5: offshor grid,
5,offshor grid,5: offshor grid,
5,offshor grid,5: offshor grid,
5,offshor grid,5: offshor grid,
5,offshor grid,5: offshor grid,
5,offshor grid,5: offshor grid,
5,offshor grid,5: offshor grid,
5,offshor grid,5: offshor grid,
5,offshor grid,5: offshor grid,
5,offshor grid,5: offshor grid,
5,offshor grid,5: offshor grid,
5,offshor grid,5: offshor grid,
5,offshor grid,5: offshor grid,
5,offshor grid,5: offshor grid,
5,offshor grid,5: offshor grid,
5,offshor grid,5: offshor grid,
5,offshor grid,5: offshor grid,
5,offshor grid,5: offshor grid,
5,offshor grid,5: offshor grid,
5,offshor grid,5: offshor grid,
5,offshor grid,5: offshor grid,
5,offshor grid,5: offshor grid,
5,offshor grid,5: offshor grid,
5,offshor grid,5: offshor grid,
5,offshor grid,5: offshor grid,
5,offshor grid,5: offshor grid,
5,offshor grid,5: offshor grid,
5,offshor grid,5: offshor grid,
5,offshor grid,5: offshor grid,
5,offshor grid,5: offshor grid,
5,offshor grid,5: offshor grid,
5,offshor grid,5: offshor grid,
5,offshor grid,5: offshor grid,
5,offshor grid,5: offshor grid,
5,offshor grid,5: offshor grid,
5,offshor grid,5: offshor grid,
5,offshor grid,5: offshor grid,
5,offshor grid,5: offshor grid,
5,offshor grid,5: offshor grid,
5,offshor grid,5: offshor grid,
5,offshor grid,5: offshor grid,
5,offshor grid,5: offshor grid,
5,offshor grid,5: offshor grid,
5,offshor grid,5: offshor grid,
5,offshor grid,5: offshor grid,
5,offshor grid,5: offshor grid,
5,offshor grid,5: offshor grid,
5,offshor grid,5: offshor grid,
5,offshor grid,5: offshor grid,
5,offshor grid,5: offshor grid,
5,offshor grid,5: offshor grid,
5,offshor grid,5: offshor grid,
5,offshor grid,5: offshor grid,
5,offshor grid,5: offshor grid,
5,offshor grid,5: offshor grid,
5,offshor grid,5: offshor grid,
5,offshor grid,5: offshor grid,
5,offshor grid,5: offshor grid,
5,offshor grid,5: offshor grid,
5,offshor grid,5: offshor grid,
5,offshor grid,5: offshor grid,
5,offshor grid,5: offshor grid,
5,offshor grid,5: offshor grid,
5,offshor grid,5: offshor grid,
5,offshor grid,5: offshor grid,
5,offshor grid,5: offshor grid,
5,offshor grid,5: offshor grid,
5,offshor grid,5: offshor grid,
5,offshor grid,5: offshor grid,
5,offshor grid,5: offshor grid,
5,offshor grid,5: offshor grid,
5,offshor grid,5: offshor grid,
5,offshor grid,5: offshor grid,
5,offshor grid,5: offshor grid,
5,offshor grid,5: offshor grid,
5,offshor grid,5: offshor grid,
5,offshor grid,5: offshor grid,
5,offshor grid,5: offshor grid,
5,offshor grid,5: offshor grid,
5,offshor grid,5: offshor grid,
5,offshor grid,5: offshor grid,
5,offshor grid,5: offshor grid,
5,offshor grid,5: offshor grid,
5,offshor grid,5: offshor grid,
5,offshor grid,5: offshor grid,
5,offshor grid,5: offshor grid,
5,offshor grid,5: offshor grid,
5,offshor grid,5: offshor grid,
5,offshor grid,5: offshor grid,
5,offshor grid,5: offshor grid,
5,offshor grid,5: offshor grid,
5,offshor grid,5: offshor grid,
5,offshor grid,5: offshor grid,
5,offshor grid,5: offshor grid,
5,offshor grid,5: offshor grid,
5,offshor grid,5: offshor grid,
5,offshor grid,5: offshor grid,
5,offshor grid,5: offshor grid,
5,offshor grid,5: offshor grid,
5,offshor grid,5: offshor grid,
5,offshor grid,5: offshor grid,
5,offshor grid,5: offshor grid,
5,offshor grid,5: offshor grid,
5,offshor grid,5: offshor grid,
5,offshor grid,5: offshor grid,
5,offshor grid,5: offshor grid,
5,offshor grid,5: offshor grid,
5,offshor grid,5: offshor grid,
5,offshor grid,5: offshor grid,
5,offshor grid,5: offshor grid,
5,offshor grid,5: offshor grid,
5,offshor grid,5: offshor grid,
5,offshor grid,5: offshor grid,
5,offshor grid,5: offshor grid,
5,offshor grid,5: offshor grid,
5,offshor grid,5: offshor grid,
5,offshor grid,5: offshor grid,
5,offshor grid,5: offshor grid,
5,offshor grid,5: offshor grid,
5,offshor grid,5: offshor grid,
5,offshor grid,5: offshor grid,
5,offshor grid,5: offshor grid,
5,offshor grid,5: offshor grid,
5,offshor grid,5: offshor grid,
5,offshor grid,5: offshor grid,
5,offshor grid,5: offshor grid,
5,offshor grid,5: offshor grid,
5,offshor grid,5: offshor grid,
5,offshor grid,5: offshor grid,
5,offshor grid,5: offshor grid,
5,offshor grid,5: offshor grid,
5,offshor grid,5: offshor grid,
5,offshor grid,5: offshor grid,
5,offshor grid,5: offshor grid,
5,offshor grid,5: offshor grid,
5,offshor grid,5: offshor grid,
5,offshor grid,5: offshor grid,
5,offshor grid,5: offshor grid,
5,offshor grid,5: offshor grid,
5,offshor grid,5: offshor grid,
5,offshor grid,5: offshor grid,
5,offshor grid,5: offshor grid,
5,offshor grid,5: offshor grid,
5,offshor grid,5: offshor grid,
5,offshor grid,5: offshor grid,
5,offshor grid,5: offshor grid,
5,offshor grid,5: offshor grid,
5,offshor grid,5: offshor grid,
5,offshor grid,5: offshor grid,
5,offshor grid,5: offshor grid,
5,offshor grid,5: offshor grid,
5,offshor grid,5: offshor grid,
5,offshor grid,5: offshor grid,
5,offshor grid,5: offshor grid,
5,offshor grid,5: offshor grid,
5,offshor grid,5: offshor grid,
5,offshor grid,5: offshor grid,
5,offshor grid,5: offshor grid,
5,offshor grid,5: offshor grid,
5,offshor grid,5: offshor grid,
5,offshor grid,5: offshor grid,
5,offshor grid,5: offshor grid,
5,offshor grid,5: offshor grid,
5,offshor grid,5: offshor grid,
5,offshor grid,5: offshor grid,
5,offshor grid,5: offshor grid,
5,offshor grid,5: offshor grid,
5,offshor grid,5: offshor grid,
5,offshor grid,5: offshor grid,
5,offshor grid,5: offshor grid,
5,offshor grid,5: offshor grid,
5,offshor grid,5: offshor grid,
5,offshor grid,5: offshor grid,
5,offshor grid,5: offshor grid,
5,offshor grid,5: offshor grid,
5,offshor grid,5: offshor grid,
5,offshor grid,5: offshor grid,
5,offshor grid,5: offshor grid,
5,offshor grid,5: offshor grid,
5,offshor grid,5: offshor grid,
5,offshor grid,5: offshor grid,
5,offshor grid,5: offshor grid,
5,offshor grid,5: offshor grid,
5,offshor grid,5: offshor grid,
5,offshor grid,5: offshor grid,
5,offshor grid,5: offshor grid,
5,offshor grid,5: offshor grid,
5,offshor grid,5: offshor grid,
5,offshor grid,5: offshor grid,
5,offshor grid,5: offshor grid,
5,offshor grid,5: offshor grid,
5,offshor grid,5: offshor grid,
5,offshor grid,5: offshor grid,
5,offshor grid,5: offshor grid,
5,offshor grid,5: offshor grid,
5,offshor grid,5: offshor grid,
5,offshor grid,5: offshor grid,
5,offshor grid,5: offshor grid,
5,offshor grid,5: offshor grid,
5,offshor grid,5: offshor grid,
5,offshor grid,5: offshor grid,
5,offshor grid,5: offshor grid,
5,offshor grid,5: offshor grid,
5,offshor grid,5: offshor grid,
5,offshor grid,5: offshor grid,
5,offshor grid,5: offshor grid,
5,offshor grid,5: offshor grid,
5,offshor grid,5: offshor grid,
5,offshor grid,5: offshor grid,
5,offshor grid,5: offshor grid,
5,offshor grid,5: offshor grid,
5,offshor grid,5: offshor grid,
5,offshor grid,5: offshor grid,
5,offshor grid,5: offshor grid,
5,offshor grid,5: offshor grid,
5,offshor grid,5: offshor grid,
5,offshor grid,5: offshor grid,
5,offshor grid,5: offshor grid,
5,offshor grid,5: offshor grid,
5,offshor grid,5: offshor grid,
5,offshor grid,5: offshor grid,
5,offshor grid,5: offshor grid,
5,offshor grid,5: offshor grid,
5,offshor grid,5: offshor grid,
5,offshor grid,5: offshor grid,
5,offshor grid,5: offshor grid,
5,offshor grid,5: offshor grid,
5,offshor grid,5: offshor grid,
5,offshor grid,5: offshor grid,
5,offshor grid,5: offshor grid,
5,offshor grid,5: offshor grid,
5,offshor grid,5: offshor grid,
5,offshor grid,5: offshor grid,
5,offshor grid,5: offshor grid,
5,offshor grid,5: offshor grid,
5,offshor grid,5: offshor grid,
5,offshor grid,5: offshor grid,
5,offshor grid,5: offshor grid,
5,offshor grid,5: offshor grid,
5,offshor grid,5: offshor grid,
5,offshor grid,5: offshor grid,
5,offshor grid,5: offshor grid,
5,offshor grid,5: offshor grid,
5,offshor grid,5: offshor grid,
5,offshor grid,5: offshor grid,
5,offshor grid,5: offshor grid,
5,offshor grid,5: offshor grid,
5,offshor grid,5: offshor grid,
5,offshor grid,5: offshor grid,
5,offshor grid,5: offshor grid,
5,offshor grid,5: offshor grid,
5,offshor grid,5: offshor grid,
5,offshor grid,5: offshor grid,
5,offshor grid,5: offshor grid,
5,offshor grid,5: offshor grid,
5,offshor grid,5: offshor grid,
5,offshor grid,5: offshor grid,
5,offshor grid,5: offshor grid,
5,offshor grid,5: offshor grid,
5,offshor grid,5: offshor grid,
5,offshor grid,5: offshor grid,
5,offshor grid,5: offshor grid,
5,offshor grid,5: offshor grid,
5,offshor grid,5: offshor grid,
5,offshor grid,5: offshor grid,
5,offshor grid,5: offshor grid,
5,offshor grid,5: offshor grid,
5,offshor grid,5: offshor grid,
5,offshor grid,5: offshor grid,
5,offshor grid,5: offshor grid,
5,offshor grid,5: offshor grid,
5,offshor grid,5: offshor grid,
5,offshor grid,5: offshor grid,
5,offshor grid,5: offshor grid,
5,offshor grid,5: offshor grid,
5,offshor grid,5: offshor grid,
5,offshor grid,5: offshor grid,
5,offshor grid,5: offshor grid,
5,offshor grid,5: offshor grid,
5,offshor grid,5: offshor grid,
5,offshor grid,5: offshor grid,
5,offshor grid,5: offshor grid,
5,offshor grid,5: offshor grid,
5,offshor grid,5: offshor grid,
5,offshor grid,5: offshor grid,
5,offshor grid,5: offshor grid,
5,offshor grid,5: offshor grid,
5,offshor grid,5: offshor grid,
5,offshor grid,5: offshor grid,
5,offshor grid,5: offshor grid,
5,offshor grid,5: offshor grid,
5,offshor grid,5: offshor grid,
5,offshor grid,5: offshor grid,
5,offshor grid,5: offshor grid,
5,offshor grid,5: offshor grid,
5,offshor grid,5: offshor grid,
5,offshor grid,5: offshor grid,
5,offshor grid,5: offshor grid,
5,offshor grid,5: offshor grid,
5,offshor grid,5: offshor grid,
5,offshor grid,5: offshor grid,
5,offshor grid,5: offshor grid,
5,offshor grid,5: offshor grid,
5,offshor grid,5: offshor grid,
5,offshor grid,5: offshor grid,
5,offshor grid,5: offshor grid,
5,offshor grid,5: offshor grid,
5,offshor grid,5: offshor grid,
5,offshor grid,5: offshor grid,
5,offshor grid,5: offshor grid,
5,offshor grid,5: offshor grid,
5,offshor grid,5: offshor grid,
5,offshor grid,5: offshor grid,
5,offshor grid,5: offshor grid,
5,offshor grid,5: offshor grid,
5,offshor grid,5: offshor grid,
5,offshor grid,5: offshor grid,
5,offshor grid,5: offshor grid,
5,offshor grid,5: offshor grid,
5,offshor grid,5: offshor grid,
5,offshor grid,5: offshor grid,
5,offshor grid,5: offshor grid,
5,offshor grid,5: offshor grid,
5,offshor grid,5: offshor grid,
5,offshor grid,5: offshor grid,
5,offshor grid,5: offshor grid,
5,offshor grid,5: offshor grid,
5,offshor grid,5: offshor grid,
5,offshor grid,5: offshor grid,
5,offshor grid,5: offshor grid,
5,offshor grid,5: offshor grid,
5,offshor grid,5: offshor grid,
5,offshor grid,5: offshor grid,
5,offshor grid,5: offshor grid,
5,offshor grid,5: offshor grid,
5,offshor grid,5: offshor grid,
5,offshor grid,5: offshor grid,
5,offshor grid,5: offshor grid,
5,offshor grid,5: offshor grid,
5,offshor grid,5: offshor grid,
5,offshor grid,5: offshor grid,
5,offshor grid,5: offshor grid,
5,offshor grid,5: offshor grid,
5,offshor grid,5: offshor grid,
5,offshor grid,5: offshor grid,
5,offshor grid,5: offshor grid,
5,offshor grid,5: offshor grid,
5,offshor grid,5: offshor grid,
5,offshor grid,5: offshor grid,
5,offshor grid,5: offshor grid,
5,offshor grid,5: offshor grid,
5,offshor grid,5: offshor grid,
5,offshor grid,5: offshor grid,
5,offshor grid,5: offshor grid,
5,offshor grid,5: offshor grid,
5,offshor grid,5: offshor grid,
5,offshor grid,5: offshor grid,
5,offshor grid,5: offshor grid,
5,offshor grid,5: offshor grid,
5,offshor grid,5: offshor grid,
5,offshor grid,5: offshor grid,
5,offshor grid,5: offshor grid,
5,offshor grid,5: offshor grid,
5,offshor grid,5: offshor grid,
5,offshor grid,5: offshor grid,
5,offshor grid,5: offshor grid,
5,offshor grid,5: offshor grid,
5,offshor grid,5: offshor grid,
5,offshor grid,5: offshor grid,
5,offshor grid,5: offshor grid,
5,offshor grid,5: offshor grid,
5,offshor grid,5: offshor grid,
5,offshor grid,5: offshor grid,
5,offshor grid,5: offshor grid,
5,offshor grid,5: offshor grid,
5,offshor grid,5: offshor grid,
5,offshor grid,5: offshor grid,
5,offshor grid,5: offshor grid,
5,offshor grid,5: offshor grid,
5,offshor grid,5: offshor grid,
5,offshor grid,5: offshor grid,
5,offshor grid,5: offshor grid,
5,offshor grid,5: offshor grid,
5,offshor grid,5: offshor grid,
5,offshor grid,5: offshor grid,
5,offshor grid,5: offshor grid,
5,offshor grid,5: offshor grid,
5,offshor grid,5: offshor grid,
5,offshor grid,5: offshor grid,
5,offshor grid,5: offshor grid,
5,offshor grid,5: offshor grid,
5,offshor grid,5: offshor grid,
5,offshor grid,5: offshor grid,
5,offshor grid,5: offshor grid,
5,offshor grid,5: offshor grid,
5,offshor grid,5: offshor grid,
5,offshor grid,5: offshor grid,
5,offshor grid,5: offshor grid,
5,offshor grid,5: offshor grid,
5,offshor grid,5: offshor grid,
5,offshor grid,5: offshor grid,
5,offshor grid,5: offshor grid,
5,offshor grid,5: offshor grid,
5,offshor grid,5: offshor grid,
5,offshor grid,5: offshor grid,
5,offshor grid,5: offshor grid,
5,offshor grid,5: offshor grid,
5,offshor grid,5: offshor grid,
5,offshor grid,5: offshor grid,
5,offshor grid,5: offshor grid,
5,offshor grid,5: offshor grid,
5,offshor grid,5: offshor grid,
5,offshor grid,5: offshor grid,
5,offshor grid,5: offshor grid,
5,offshor grid,5: offshor grid,
5,offshor grid,5: offshor grid,
5,offshor grid,5: offshor grid,
5,offshor grid,5: offshor grid,
5,offshor grid,5: offshor grid,
5,offshor grid,5: offshor grid,
5,offshor grid,5: offshor grid,
5,offshor grid,5: offshor grid,
5,offshor grid,5: offshor grid,
5,offshor grid,5: offshor grid,
5,offshor grid,5: offshor grid,
5,offshor grid,5: offshor grid,
5,offshor grid,5: offshor grid,
5,offshor grid,5: offshor grid,
5,offshor grid,5: offshor grid,
5,offshor grid,5: offshor grid,
5,offshor grid,5: offshor grid,
5,offshor grid,5: offshor grid,
5,offshor grid,5: offshor grid,
5,offshor grid,5: offshor grid,
5,offshor grid,5: offshor grid,
5,offshor grid,5: offshor grid,
5,offshor grid,5: offshor grid,
5,offshor grid,5: offshor grid,
5,offshor grid,5: offshor grid,
5,offshor grid,5: offshor grid,
5,offshor grid,5: offshor grid,
5,offshor grid,5: offshor grid,
5,offshor grid,5: offshor grid,
5,offshor grid,5: offshor grid,
5,offshor grid,5: offshor grid,
5,offshor grid,5: offshor grid,
5,offshor grid,5: offshor grid,
5,offshor grid,5: offshor grid,
5,offshor grid,5: offshor grid,
5,offshor grid,5: offshor grid,
5,offshor grid,5: offshor grid,
5,offshor grid,5: offshor grid,
5,offshor grid,5: offshor grid,
5,offshor grid,5: offshor grid,
5,offshor grid,5: offshor grid,
5,offshor grid,5: offshor grid,
5,offshor grid,5: offshor grid,
5,offshor grid,5: offshor grid,
5,offshor grid,5: offshor grid,
5,offshor grid,5: offshor grid,
5,offshor grid,5: offshor grid,
5,offshor grid,5: offshor grid,
5,offshor grid,5: offshor grid,
5,offshor grid,5: offshor grid,
5,offshor grid,5: offshor grid,
5,offshor grid,5: offshor grid,
5,offshor grid,5: offshor grid,
5,offshor grid,5: offshor grid,
5,offshor grid,5: offshor grid,
5,offshor grid,5: offshor grid,
5,offshor grid,5: offshor grid,
5,offshor grid,5: offshor grid,
5,offshor grid,5: offshor grid,
5,offshor grid,5: offshor grid,
5,offshor grid,5: offshor grid,
5,offshor grid,5: offshor grid,
5,offshor grid,5: offshor grid,
5,offshor grid,5: offshor grid,
5,offshor grid,5: offshor grid,
5,offshor grid,5: offshor grid,
5,offshor grid,5: offshor grid,
5,offshor grid,5: offshor grid,
5,offshor grid,5: offshor grid,
5,offshor grid,5: offshor grid,
5,offshor grid,5: offshor grid,
5,offshor grid,5: offshor grid,
5,offshor grid,5: offshor grid,
5,offshor grid,5: offshor grid,
5,offshor grid,5: offshor grid,
5,offshor grid,5: offshor grid,
5,offshor grid,5: offshor grid,
5,offshor grid,5: offshor grid,
5,offshor grid,5: offshor grid,
5,offshor grid,5: offshor grid,
5,offshor grid,5: offshor grid,
5,offshor grid,5: offshor grid,
5,offshor grid,5: offshor grid,
5,offshor grid,5: offshor grid,
5,offshor grid,5: offshor grid,
5,offshor grid,5: offshor grid,
5,offshor grid,5: offshor grid,
5,offshor grid,5: offshor grid,
5,offshor grid,5: offshor grid,
5,offshor grid,5: offshor grid,
5,offshor grid,5: offshor grid,
5,offshor grid,5: offshor grid,
5,offshor grid,5: offshor grid,
5,offshor grid,5: offshor grid,
5,offshor grid,5: offshor grid,
5,offshor grid,5: offshor grid,
5,offshor grid,5: offshor grid,
5,offshor grid,5: offshor grid,
5,offshor grid,5: offshor grid,
5,offshor grid,5: offshor grid,
5,offshor grid,5: offshor grid,
5,offshor grid,5: offshor grid,
5,offshor grid,5: offshor grid,
5,offshor grid,5: offshor grid,
5,offshor grid,5: offshor grid,
5,offshor grid,5: offshor grid,
5,offshor grid,5: offshor grid,
5,offshor grid,5: offshor grid,
5,offshor grid,5: offshor grid,
5,offshor grid,5: offshor grid,
5,offshor grid,5: offshor grid,
5,offshor grid,5: offshor grid,
5,offshor grid,5: offshor grid,
5,offshor grid,5: offshor grid,
5,offshor grid,5: offshor grid,
5,offshor grid,5: offshor grid,
5,offshor grid,5: offshor grid,
5,offshor grid,5: offshor grid,
5,offshor grid,5: offshor grid,
5,offshor grid,5: offshor grid,
5,offshor grid,5: offshor grid,
5,offshor grid,5: offshor grid,
5,offshor grid,5: offshor grid,
5,offshor grid,5: offshor grid,
5,offshor grid,5: offshor grid,
5,offshor grid,5: offshor grid,
5,offshor grid,5: offshor grid,
5,offshor grid,5: offshor grid,
5,offshor grid,5: offshor grid,
5,offshor grid,5: offshor grid,
5,offshor grid,5: offshor grid,
5,offshor grid,5: offshor grid,
5,offshor grid,5: offshor grid,
5,offshor grid,5: offshor grid,
5,offshor grid,5: offshor grid,
5,offshor grid,5: offshor grid,
5,offshor grid,5: offshor grid,
5,offshor grid,5: offshor grid,
5,offshor grid,5: offshor grid,
5,offshor grid,5: offshor grid,
5,offshor grid,5: offshor grid,
5,offshor grid,5: offshor grid,
5,offshor grid,5: offshor grid,
5,offshor grid,5: offshor grid,
5,offshor grid,5: offshor grid,
5,offshor grid,5: offshor grid,
5,offshor grid,5: offshor grid,
5,offshor grid,5: offshor grid,
5,offshor grid,5: offshor grid,
5,offshor grid,5: offshor grid,
5,offshor grid,5: offshor grid,
5,offshor grid,5: offshor grid,
5,offshor grid,5: offshor grid,
5,offshor grid,5: offshor grid,
5,offshor grid,5: offshor grid,
5,offshor grid,5: offshor grid,
5,offshor grid,5: offshor grid,
5,offshor grid,5: offshor grid,
5,offshor grid,5: offshor grid,
5,offshor grid,5: offshor grid,
5,offshor grid,5: offshor grid,
5,offshor grid,5: offshor grid,
5,offshor grid,5: offshor grid,
5,offshor grid,5: offshor grid,
5,offshor grid,5: offshor grid,
5,offshor grid,5: offshor grid,
5,offshor grid,5: offshor grid,
5,offshor grid,5: offshor grid,
5,offshor grid,5: offshor grid,
5,offshor grid,5: offshor grid,
5,offshor grid,5: offshor grid,
5,offshor grid,5: offshor grid,
5,offshor grid,5: offshor grid,
5,offshor grid,5: offshor grid,
5,offshor grid,5: offshor grid,
5,offshor grid,5: offshor grid,
5,offshor grid,5: offshor grid,
5,offshor grid,5: offshor grid,
5,offshor grid,5: offshor grid,
5,offshor grid,5: offshor grid,
5,offshor grid,5: offshor grid,
5,offshor grid,5: offshor grid,
5,offshor grid,5: offshor grid,
5,offshor grid,5: offshor grid,
5,offshor grid,5: offshor grid,
5,offshor grid,5: offshor grid,
5,offshor grid,5: offshor grid,
5,offshor grid,5: offshor grid,
5,offshor grid,5: offshor grid,
5,offshor grid,5: offshor grid,
5,offshor grid,5: offshor grid,
5,offshor grid,5: offshor grid,
5,offshor grid,5: offshor grid,
5,offshor grid,5: offshor grid,
5,offshor grid,5: offshor grid,
5,offshor grid,5: offshor grid,
5,offshor grid,5: offshor grid,
5,offshor grid,5: offshor grid,
5,offshor grid,5: offshor grid,
5,offshor grid,5: offshor grid,
5,offshor grid,5: offshor grid,
5,offshor grid,5: offshor grid,
5,offshor grid,5: offshor grid,
5,offshor grid,5: offshor grid,
5,offshor grid,5: offshor grid,
5,offshor grid,5: offshor grid,
5,offshor grid,5: offshor grid,
5,offshor grid,5: offshor grid,
5,offshor grid,5: offshor grid,
5,offshor grid,5: offshor grid,
5,offshor grid,5: offshor grid,
5,offshor grid,5: offshor grid,
5,offshor grid,5: offshor grid,
5,offshor grid,5: offshor grid,
5,offshor grid,5: offshor grid,
5,offshor grid,5: offshor grid,
5,offshor grid,5: offshor grid,
5,offshor grid,5: offshor grid,
5,offshor grid,5: offshor grid,
5,offshor grid,5: offshor grid,
5,offshor grid,5: offshor grid,
5,offshor grid,5: offshor grid,
5,offshor grid,5: offshor grid,
5,offshor grid,5: offshor grid,
5,offshor grid,5: offshor grid,
5,offshor grid,5: offshor grid,
5,offshor grid,5: offshor grid,
5,offshor grid,5: offshor grid,
5,offshor grid,5: offshor grid,
5,offshor grid,5: offshor grid,
5,offshor grid,5: offshor grid,
5,offshor grid,5: offshor grid,
5,offshor grid,5: offshor grid,
5,offshor grid,5: offshor grid,
5,offshor grid,5: offshor grid,
5,offshor grid,5: offshor grid,
5,offshor grid,5: offshor grid,
5,offshor grid,5: offshor grid,
5,offshor grid,5: offshor grid,
5,offshor grid,5: offshor grid,
5,offshor grid,5: offshor grid,
5,offshor grid,5: offshor grid,
5,offshor grid,5: offshor grid,
5,offshor grid,5: offshor grid,
5,offshor grid,5: offshor grid,
5,offshor grid,5: offshor grid,
5,offshor grid,5: offshor grid,
5,offshor grid,5: offshor grid,
5,offshor grid,5: offshor grid,
5,offshor grid,5: offshor grid,
5,offshor grid,5: offshor grid,
5,offshor grid,5: offshor grid,
5,offshor grid,5: offshor grid,
5,offshor grid,5: offshor grid,
5,offshor grid,5: offshor grid,
5,offshor grid,5: offshor grid,
5,offshor grid,5: offshor grid,
5,offshor grid,5: offshor grid,
5,offshor grid,5: offshor grid,
5,offshor grid,5: offshor grid,
5,offshor grid,5: offshor grid,
5,offshor grid,5: offshor grid,
5,offshor grid,5: offshor grid,
5,offshor grid,5: offshor grid,
5,offshor grid,5: offshor grid,
5,offshor grid,5: offshor grid,
5,offshor grid,5: offshor grid,
5,offshor grid,5: offshor grid,
5,offshor grid,5: offshor grid,
5,offshor grid,5: offshor grid,
5,offshor grid,5: offshor grid,
5,offshor grid,5: offshor grid,
5,offshor grid,5: offshor grid,
5,offshor grid,5: offshor grid,
5,offshor grid,5: offshor grid,
5,offshor grid,5: offshor grid,
5,offshor grid,5: offshor grid,
5,offshor grid,5: offshor grid,
5,offshor grid,5: offshor grid,
5,offshor grid,5: offshor grid,
5,offshor grid,5: offshor grid,
5,offshor grid,5: offshor grid,
5,offshor grid,5: offshor grid,
5,offshor grid,5: offshor grid,
5,offshor grid,5: offshor grid,
5,offshor grid,5: offshor grid,
5,offshor grid,5: offshor grid,
5,offshor grid,5: offshor grid,
5,offshor grid,5: offshor grid,
5,offshor grid,5: offshor grid,
5,offshor grid,5: offshor grid,
5,offshor grid,5: offshor grid,
5,offshor grid,5: offshor grid,
5,offshor grid,5: offshor grid,
5,offshor grid,5: offshor grid,
5,offshor grid,5: offshor grid,
5,offshor grid,5: offshor grid,
5,offshor grid,5: offshor grid,
5,offshor grid,5: offshor grid,
5,offshor grid,5: offshor grid,
5,offshor grid,5: offshor grid,
5,offshor grid,5: offshor grid,
5,offshor grid,5: offshor grid,
5,offshor grid,5: offshor grid,
5,offshor grid,5: offshor grid,
5,offshor grid,5: offshor grid,
5,offshor grid,5: offshor grid,
5,offshor grid,5: offshor grid,
5,offshor grid,5: offshor grid,
5,offshor grid,5: offshor grid,
5,offshor grid,5: offshor grid,
5,offshor grid,5: offshor grid,
5,offshor grid,5: offshor grid,
5,offshor grid,5: offshor grid,
5,offshor grid,5: offshor grid,
5,offshor grid,5: offshor grid,
5,offshor grid,5: offshor grid,
5,offshor grid,5: offshor grid,
7,renew energi,7: renew energi,
7,renew energi,7: renew energi,
7,renew energi,7: renew energi,
7,renew energi,7: renew energi,
7,renew energi,7: renew energi,
7,renew energi,7: renew energi,
7,renew energi,7: renew energi,
7,renew energi,7: renew energi,
7,renew energi,7: renew energi,
7,renew energi,7: renew energi,
7,renew energi,7: renew energi,
7,renew energi,7: renew energi,
7,renew energi,7: renew energi,
7,renew energi,7: renew energi,
7,renew energi,7: renew energi,
7,renew energi,7: renew energi,
7,renew energi,7: renew energi,
7,renew energi,7: renew energi,
7,renew energi,7: renew energi,
7,renew energi,7: renew energi,
7,renew energi,7: renew energi,
7,renew energi,7: renew energi,
7,renew energi,7: renew energi,
7,renew energi,7: renew energi,
7,renew energi,7: renew energi,
7,renew energi,7: renew energi,
7,renew energi,7: renew energi,
7,renew energi,7: renew energi,
7,renew energi,7: renew energi,
7,renew energi,7: renew energi,
7,renew energi,7: renew energi,
7,renew energi,7: renew energi,
7,renew energi,7: renew energi,
7,renew energi,7: renew energi,
7,renew energi,7: renew energi,
7,renew energi,7: renew energi,
7,renew energi,7: renew energi,
7,renew energi,7: renew energi,
7,renew energi,7: renew energi,
7,renew energi,7: renew energi,
7,renew energi,7: renew energi,
7,renew energi,7: renew energi,
7,renew energi,7: renew energi,
7,renew energi,7: renew energi,
7,renew energi,7: renew energi,
7,renew energi,7: renew energi,
7,renew energi,7: renew energi,
7,renew energi,7: renew energi,
7,renew energi,7: renew energi,
7,renew energi,7: renew energi,
7,renew energi,7: renew energi,
7,renew energi,7: renew energi,
7,renew energi,7: renew energi,
7,renew energi,7: renew energi,
7,renew energi,7: renew energi,
7,renew energi,7: renew energi,
7,renew energi,7: renew energi,
7,renew energi,7: renew energi,
7,renew energi,7: renew energi,
7,renew energi,7: renew energi,
7,renew energi,7: renew energi,
7,renew energi,7: renew energi,
7,renew energi,7: renew energi,
7,renew energi,7: renew energi,
7,renew energi,7: renew energi,
7,renew energi,7: renew energi,
7,renew energi,7: renew energi,
7,renew energi,7: renew energi,
7,renew energi,7: renew energi,
7,renew energi,7: renew energi,
7,renew energi,7: renew energi,
7,renew energi,7: renew energi,
7,renew energi,7: renew energi,
7,renew energi,7: renew energi,
7,renew energi,7: renew energi,
7,renew energi,7: renew energi,
7,renew energi,7: renew energi,
7,renew energi,7: renew energi,
7,renew energi,7: renew energi,
7,renew energi,7: renew energi,
7,renew energi,7: renew energi,
7,renew energi,7: renew energi,
7,renew energi,7: renew energi,
7,renew energi,7: renew energi,
7,renew energi,7: renew energi,
7,renew energi,7: renew energi,
7,renew energi,7: renew energi,
7,renew energi,7: renew energi,
7,renew energi,7: renew energi,
7,renew energi,7: renew energi,
7,renew energi,7: renew energi,
7,renew energi,7: renew energi,
7,renew energi,7: renew energi,
7,renew energi,7: renew energi,
7,renew energi,7: renew energi,
7,renew energi,7: renew energi,
7,renew energi,7: renew energi,
7,renew energi,7: renew energi,
7,renew energi,7: renew energi,
7,renew energi,7: renew energi,
7,renew energi,7: renew energi,
7,renew energi,7: renew energi,
7,renew energi,7: renew energi,
7,renew energi,7: renew energi,
7,renew energi,7: renew energi,
7,renew energi,7: renew energi,
7,renew energi,7: renew energi,
7,renew energi,7: renew energi,
7,renew energi,7: renew energi,
7,renew energi,7: renew energi,
7,renew energi,7: renew energi,
7,renew energi,7: renew energi,
7,renew energi,7: renew energi,
7,renew energi,7: renew energi,
7,renew energi,7: renew energi,
7,renew energi,7: renew energi,
7,renew energi,7: renew energi,
7,renew energi,7: renew energi,
7,renew energi,7: renew energi,
7,renew energi,7: renew energi,
7,renew energi,7: renew energi,
7,renew energi,7: renew energi,
7,renew energi,7: renew energi,
7,renew energi,7: renew energi,
7,renew energi,7: renew energi,
7,renew energi,7: renew energi,
7,renew energi,7: renew energi,
7,renew energi,7: renew energi,
7,renew energi,7: renew energi,
7,renew energi,7: renew energi,
7,renew energi,7: renew energi,
7,renew energi,7: renew energi,
7,renew energi,7: renew energi,
7,renew energi,7: renew energi,
7,renew energi,7: renew energi,
7,renew energi,7: renew energi,
7,renew energi,7: renew energi,
7,renew energi,7: renew energi,
7,renew energi,7: renew energi,
7,renew energi,7: renew energi,
7,renew energi,7: renew energi,
7,renew energi,7: renew energi,
7,renew energi,7: renew energi,
7,renew energi,7: renew energi,
7,renew energi,7: renew energi,
7,renew energi,7: renew energi,
7,renew energi,7: renew energi,
7,renew energi,7: renew energi,
7,renew energi,7: renew energi,
7,renew energi,7: renew energi,
7,renew energi,7: renew energi,
7,renew energi,7: renew energi,
7,renew energi,7: renew energi,
7,renew energi,7: renew energi,
7,renew energi,7: renew energi,
7,renew energi,7: renew energi,
7,renew energi,7: renew energi,
7,renew energi,7: renew energi,
7,renew energi,7: renew energi,
7,renew energi,7: renew energi,
7,renew energi,7: renew energi,
7,renew energi,7: renew energi,
7,renew energi,7: renew energi,
7,renew energi,7: renew energi,
7,renew energi,7: renew energi,
7,renew energi,7: renew energi,
7,renew energi,7: renew energi,
7,renew energi,7: renew energi,
7,renew energi,7: renew energi,
7,renew energi,7: renew energi,
7,renew energi,7: renew energi,
7,renew energi,7: renew energi,
7,renew energi,7: renew energi,
7,renew energi,7: renew energi,
7,renew energi,7: renew energi,
7,renew energi,7: renew energi,
7,renew energi,7: renew energi,
7,renew energi,7: renew energi,
7,renew energi,7: renew energi,
7,renew energi,7: renew energi,
7,renew energi,7: renew energi,
7,renew energi,7: renew energi,
7,renew energi,7: renew energi,
7,renew energi,7: renew energi,
7,renew energi,7: renew energi,
7,renew energi,7: renew energi,
7,renew energi,7: renew energi,
7,renew energi,7: renew energi,
7,renew energi,7: renew energi,
7,renew energi,7: renew energi,
7,renew energi,7: renew energi,
7,renew energi,7: renew energi,
7,renew energi,7: renew energi,
7,renew energi,7: renew energi,
7,renew energi,7: renew energi,
7,renew energi,7: renew energi,
7,renew energi,7: renew energi,
7,renew energi,7: renew energi,
7,renew energi,7: renew energi,
7,renew energi,7: renew energi,
7,renew energi,7: renew energi,
7,renew energi,7: renew energi,
7,renew energi,7: renew energi,
7,renew energi,7: renew energi,
7,renew energi,7: renew energi,
7,renew energi,7: renew energi,
7,renew energi,7: renew energi,
7,renew energi,7: renew energi,
7,renew energi,7: renew energi,
7,renew energi,7: renew energi,
7,renew energi,7: renew energi,
7,renew energi,7: renew energi,
7,renew energi,7: renew energi,
7,renew energi,7: renew energi,
7,renew energi,7: renew energi,
7,renew energi,7: renew energi,
7,renew energi,7: renew energi,
7,renew energi,7: renew energi,
7,renew energi,7: renew energi,
7,renew energi,7: renew energi,
7,renew energi,7: renew energi,
7,renew energi,7: renew energi,
7,renew energi,7: renew energi,
7,renew energi,7: renew energi,
7,renew energi,7: renew energi,
7,renew energi,7: renew energi,
7,renew energi,7: renew energi,
7,renew energi,7: renew energi,
7,renew energi,7: renew energi,
7,renew energi,7: renew energi,
7,renew energi,7: renew energi,
7,renew energi,7: renew energi,
7,renew energi,7: renew energi,
7,renew energi,7: renew energi,
7,renew energi,7: renew energi,
7,renew energi,7: renew energi,
7,renew energi,7: renew energi,
7,renew energi,7: renew energi,
7,renew energi,7: renew energi,
7,renew energi,7: renew energi,
7,renew energi,7: renew energi,
7,renew energi,7: renew energi,
7,renew energi,7: renew energi,
7,renew energi,7: renew energi,
7,renew energi,7: renew energi,
7,renew energi,7: renew energi,
7,renew energi,7: renew energi,
7,renew energi,7: renew energi,
7,renew energi,7: renew energi,
7,renew energi,7: renew energi,
7,renew energi,7: renew energi,
7,renew energi,7: renew energi,
7,renew energi,7: renew energi,
7,renew energi,7: renew energi,
7,renew energi,7: renew energi,
7,renew energi,7: renew energi,
7,renew energi,7: renew energi,
7,renew energi,7: renew energi,
7,renew energi,7: renew energi,
7,renew energi,7: renew energi,
7,renew energi,7: renew energi,
7,renew energi,7: renew energi,
7,renew energi,7: renew energi,
7,renew energi,7: renew energi,
7,renew energi,7: renew energi,
7,renew energi,7: renew energi,
7,renew energi,7: renew energi,
7,renew energi,7: renew energi,
7,renew energi,7: renew energi,
7,renew energi,7: renew energi,
7,renew energi,7: renew energi,
7,renew energi,7: renew energi,
7,renew energi,7: renew energi,
7,renew energi,7: renew energi,
7,renew energi,7: renew energi,
7,renew energi,7: renew energi,
7,renew energi,7: renew energi,
7,renew energi,7: renew energi,
7,renew energi,7: renew energi,
7,renew energi,7: renew energi,
7,renew energi,7: renew energi,
7,renew energi,7: renew energi,
7,renew energi,7: renew energi,
7,renew energi,7: renew energi,
7,renew energi,7: renew energi,
7,renew energi,7: renew energi,
7,renew energi,7: renew energi,
7,renew energi,7: renew energi,
7,renew energi,7: renew energi,
7,renew energi,7: renew energi,
7,renew energi,7: renew energi,
7,renew energi,7: renew energi,
9,wind farm,9: wind farm,
9,wind farm,9: wind farm,
9,wind farm,9: wind farm,
9,wind farm,9: wind farm,
9,wind farm,9: wind farm,
9,wind farm,9: wind farm,
9,wind farm,9: wind farm,
9,wind farm,9: wind farm,
9,wind farm,9: wind farm,
9,wind farm,9: wind farm,
9,wind farm,9: wind farm,
9,wind farm,9: wind farm,
9,wind farm,9: wind farm,
9,wind farm,9: wind farm,
9,wind farm,9: wind farm,
9,wind farm,9: wind farm,
9,wind farm,9: wind farm,
9,wind farm,9: wind farm,
9,wind farm,9: wind farm,
9,wind farm,9: wind farm,
9,wind farm,9: wind farm,
9,wind farm,9: wind farm,
9,wind farm,9: wind farm,
9,wind farm,9: wind farm,
9,wind farm,9: wind farm,
9,wind farm,9: wind farm,
9,wind farm,9: wind farm,
9,wind farm,9: wind farm,
9,wind farm,9: wind farm,
9,wind farm,9: wind farm,
9,wind farm,9: wind farm,
9,wind farm,9: wind farm,
9,wind farm,9: wind farm,
9,wind farm,9: wind farm,
9,wind farm,9: wind farm,
9,wind farm,9: wind farm,
9,wind farm,9: wind farm,
9,wind farm,9: wind farm,
9,wind farm,9: wind farm,
9,wind farm,9: wind farm,
9,wind farm,9: wind farm,
9,wind farm,9: wind farm,
9,wind farm,9: wind farm,
9,wind farm,9: wind farm,
9,wind farm,9: wind farm,
9,wind farm,9: wind farm,
9,wind farm,9: wind farm,
9,wind farm,9: wind farm,
9,wind farm,9: wind farm,
9,wind farm,9: wind farm,
9,wind farm,9: wind farm,
9,wind farm,9: wind farm,
9,wind farm,9: wind farm,
9,wind farm,9: wind farm,
9,wind farm,9: wind farm,
9,wind farm,9: wind farm,
9,wind farm,9: wind farm,
9,wind farm,9: wind farm,
9,wind farm,9: wind farm,
9,wind farm,9: wind farm,
9,wind farm,9: wind farm,
9,wind farm,9: wind farm,
9,wind farm,9: wind farm,
9,wind farm,9: wind farm,
9,wind farm,9: wind farm,
9,wind farm,9: wind farm,
9,wind farm,9: wind farm,
9,wind farm,9: wind farm,
9,wind farm,9: wind farm,
9,wind farm,9: wind farm,
9,wind farm,9: wind farm,
9,wind farm,9: wind farm,
9,wind farm,9: wind farm,
9,wind farm,9: wind farm,
9,wind farm,9: wind farm,
9,wind farm,9: wind farm,
9,wind farm,9: wind farm,
9,wind farm,9: wind farm,
9,wind farm,9: wind farm,
9,wind farm,9: wind farm,
9,wind farm,9: wind farm,
9,wind farm,9: wind farm,
9,wind farm,9: wind farm,
9,wind farm,9: wind farm,
9,wind farm,9: wind farm,
9,wind farm,9: wind farm,
9,wind farm,9: wind farm,
9,wind farm,9: wind farm,
9,wind farm,9: wind farm,
9,wind farm,9: wind farm,
9,wind farm,9: wind farm,
9,wind farm,9: wind farm,
9,wind farm,9: wind farm,
9,wind farm,9: wind farm,
9,wind farm,9: wind farm,
9,wind farm,9: wind farm,
9,wind farm,9: wind farm,
9,wind farm,9: wind farm,
9,wind farm,9: wind farm,
9,wind farm,9: wind farm,
9,wind farm,9: wind farm,
9,wind farm,9: wind farm,
9,wind farm,9: wind farm,
9,wind farm,9: wind farm,
9,wind farm,9: wind farm,
9,wind farm,9: wind farm,
9,wind farm,9: wind farm,
9,wind farm,9: wind farm,
9,wind farm,9: wind farm,
9,wind farm,9: wind farm,
9,wind farm,9: wind farm,
9,wind farm,9: wind farm,
9,wind farm,9: wind farm,
9,wind farm,9: wind farm,
9,wind farm,9: wind farm,
9,wind farm,9: wind farm,
9,wind farm,9: wind farm,
9,wind farm,9: wind farm,
9,wind farm,9: wind farm,
9,wind farm,9: wind farm,
9,wind farm,9: wind farm,
9,wind farm,9: wind farm,
9,wind farm,9: wind farm,
9,wind farm,9: wind farm,
9,wind farm,9: wind farm,
9,wind farm,9: wind farm,
9,wind farm,9: wind farm,
9,wind farm,9: wind farm,
9,wind farm,9: wind farm,
9,wind farm,9: wind farm,
9,wind farm,9: wind farm,
9,wind farm,9: wind farm,
9,wind farm,9: wind farm,
9,wind farm,9: wind farm,
9,wind farm,9: wind farm,
9,wind farm,9: wind farm,
9,wind farm,9: wind farm,
9,wind farm,9: wind farm,
9,wind farm,9: wind farm,
9,wind farm,9: wind farm,
9,wind farm,9: wind farm,
9,wind farm,9: wind farm,
9,wind farm,9: wind farm,
9,wind farm,9: wind farm,
9,wind farm,9: wind farm,
9,wind farm,9: wind farm,
9,wind farm,9: wind farm,
9,wind farm,9: wind farm,
9,wind farm,9: wind farm,
9,wind farm,9: wind farm,
9,wind farm,9: wind farm,
9,wind farm,9: wind farm,
9,wind farm,9: wind farm,
9,wind farm,9: wind farm,
9,wind farm,9: wind farm,
9,wind farm,9: wind farm,
9,wind farm,9: wind farm,
9,wind farm,9: wind farm,
9,wind farm,9: wind farm,
9,wind farm,9: wind farm,
9,wind farm,9: wind farm,
1,abstract avail,1: abstract avail,
1,abstract avail,1: abstract avail,
1,abstract avail,1: abstract avail,
1,abstract avail,1: abstract avail,
1,abstract avail,1: abstract avail,
1,abstract avail,1: abstract avail,
1,abstract avail,1: abstract avail,
1,abstract avail,1: abstract avail,
1,abstract avail,1: abstract avail,
1,abstract avail,1: abstract avail,
1,abstract avail,1: abstract avail,
1,abstract avail,1: abstract avail,
1,abstract avail,1: abstract avail,
1,abstract avail,1: abstract avail,
1,abstract avail,1: abstract avail,
1,abstract avail,1: abstract avail,
1,abstract avail,1: abstract avail,
1,abstract avail,1: abstract avail,
1,abstract avail,1: abstract avail,
1,abstract avail,1: abstract avail,
1,abstract avail,1: abstract avail,
1,abstract avail,1: abstract avail,
1,abstract avail,1: abstract avail,
1,abstract avail,1: abstract avail,
1,abstract avail,1: abstract avail,
1,abstract avail,1: abstract avail,
1,abstract avail,1: abstract avail,
1,abstract avail,1: abstract avail,
1,abstract avail,1: abstract avail,
1,abstract avail,1: abstract avail,
1,abstract avail,1: abstract avail,
1,abstract avail,1: abstract avail,
1,abstract avail,1: abstract avail,
1,abstract avail,1: abstract avail,
1,abstract avail,1: abstract avail,
1,abstract avail,1: abstract avail,
1,abstract avail,1: abstract avail,
1,abstract avail,1: abstract avail,
1,abstract avail,1: abstract avail,
1,abstract avail,1: abstract avail,
1,abstract avail,1: abstract avail,
1,abstract avail,1: abstract avail,
1,abstract avail,1: abstract avail,
1,abstract avail,1: abstract avail,
1,abstract avail,1: abstract avail,
1,abstract avail,1: abstract avail,
1,abstract avail,1: abstract avail,
1,abstract avail,1: abstract avail,
1,abstract avail,1: abstract avail,
1,abstract avail,1: abstract avail,
1,abstract avail,1: abstract avail,
1,abstract avail,1: abstract avail,
1,abstract avail,1: abstract avail,
1,abstract avail,1: abstract avail,
1,abstract avail,1: abstract avail,
1,abstract avail,1: abstract avail,
1,abstract avail,1: abstract avail,
1,abstract avail,1: abstract avail,
1,abstract avail,1: abstract avail,
1,abstract avail,1: abstract avail,
1,abstract avail,1: abstract avail,
1,abstract avail,1: abstract avail,
1,abstract avail,1: abstract avail,
1,abstract avail,1: abstract avail,
1,abstract avail,1: abstract avail,
1,abstract avail,1: abstract avail,
1,abstract avail,1: abstract avail,
1,abstract avail,1: abstract avail,
1,abstract avail,1: abstract avail,
1,abstract avail,1: abstract avail,
1,abstract avail,1: abstract avail,
1,abstract avail,1: abstract avail,
1,abstract avail,1: abstract avail,
1,abstract avail,1: abstract avail,
1,abstract avail,1: abstract avail,
1,abstract avail,1: abstract avail,
1,abstract avail,1: abstract avail,
1,abstract avail,1: abstract avail,
1,abstract avail,1: abstract avail,
1,abstract avail,1: abstract avail,
1,abstract avail,1: abstract avail,
5,offshor grid,5: offshor grid,
5,offshor grid,5: offshor grid,
5,offshor grid,5: offshor grid,
5,offshor grid,5: offshor grid,
5,offshor grid,5: offshor grid,
5,offshor grid,5: offshor grid,
5,offshor grid,5: offshor grid,
5,offshor grid,5: offshor grid,
5,offshor grid,5: offshor grid,
5,offshor grid,5: offshor grid,
5,offshor grid,5: offshor grid,
5,offshor grid,5: offshor grid,
5,offshor grid,5: offshor grid,
5,offshor grid,5: offshor grid,
5,offshor grid,5: offshor grid,
5,offshor grid,5: offshor grid,
5,offshor grid,5: offshor grid,
5,offshor grid,5: offshor grid,
5,offshor grid,5: offshor grid,
5,offshor grid,5: offshor grid,
5,offshor grid,5: offshor grid,
5,offshor grid,5: offshor grid,
5,offshor grid,5: offshor grid,
5,offshor grid,5: offshor grid,
5,offshor grid,5: offshor grid,
5,offshor grid,5: offshor grid,
5,offshor grid,5: offshor grid,
5,offshor grid,5: offshor grid,
5,offshor grid,5: offshor grid,
5,offshor grid,5: offshor grid,
5,offshor grid,5: offshor grid,
5,offshor grid,5: offshor grid,
5,offshor grid,5: offshor grid,
5,offshor grid,5: offshor grid,
5,offshor grid,5: offshor grid,
5,offshor grid,5: offshor grid,
5,offshor grid,5: offshor grid,
5,offshor grid,5: offshor grid,
5,offshor grid,5: offshor grid,
5,offshor grid,5: offshor grid,
5,offshor grid,5: offshor grid,
5,offshor grid,5: offshor grid,
5,offshor grid,5: offshor grid,
5,offshor grid,5: offshor grid,
5,offshor grid,5: offshor grid,
5,offshor grid,5: offshor grid,
5,offshor grid,5: offshor grid,
5,offshor grid,5: offshor grid,
5,offshor grid,5: offshor grid,
5,offshor grid,5: offshor grid,
5,offshor grid,5: offshor grid,
5,offshor grid,5: offshor grid,
5,offshor grid,5: offshor grid,
5,offshor grid,5: offshor grid,
5,offshor grid,5: offshor grid,
5,offshor grid,5: offshor grid,
5,offshor grid,5: offshor grid,
5,offshor grid,5: offshor grid,
5,offshor grid,5: offshor grid,
5,offshor grid,5: offshor grid,
5,offshor grid,5: offshor grid,
5,offshor grid,5: offshor grid,
5,offshor grid,5: offshor grid,
5,offshor grid,5: offshor grid,
5,offshor grid,5: offshor grid,
5,offshor grid,5: offshor grid,
5,offshor grid,5: offshor grid,
5,offshor grid,5: offshor grid,
5,offshor grid,5: offshor grid,
5,offshor grid,5: offshor grid,
5,offshor grid,5: offshor grid,
5,offshor grid,5: offshor grid,
5,offshor grid,5: offshor grid,
5,offshor grid,5: offshor grid,
5,offshor grid,5: offshor grid,
5,offshor grid,5: offshor grid,
5,offshor grid,5: offshor grid,
5,offshor grid,5: offshor grid,
5,offshor grid,5: offshor grid,
5,offshor grid,5: offshor grid,
5,offshor grid,5: offshor grid,
5,offshor grid,5: offshor grid,
5,offshor grid,5: offshor grid,
5,offshor grid,5: offshor grid,
5,offshor grid,5: offshor grid,
5,offshor grid,5: offshor grid,
5,offshor grid,5: offshor grid,
5,offshor grid,5: offshor grid,
5,offshor grid,5: offshor grid,
5,offshor grid,5: offshor grid,
5,offshor grid,5: offshor grid,
5,offshor grid,5: offshor grid,
5,offshor grid,5: offshor grid,
5,offshor grid,5: offshor grid,
5,offshor grid,5: offshor grid,
5,offshor grid,5: offshor grid,
5,offshor grid,5: offshor grid,
5,offshor grid,5: offshor grid,
5,offshor grid,5: offshor grid,
5,offshor grid,5: offshor grid,
5,offshor grid,5: offshor grid,
5,offshor grid,5: offshor grid,
5,offshor grid,5: offshor grid,
5,offshor grid,5: offshor grid,
5,offshor grid,5: offshor grid,
5,offshor grid,5: offshor grid,
5,offshor grid,5: offshor grid,
5,offshor grid,5: offshor grid,
5,offshor grid,5: offshor grid,
5,offshor grid,5: offshor grid,
5,offshor grid,5: offshor grid,
5,offshor grid,5: offshor grid,
5,offshor grid,5: offshor grid,
5,offshor grid,5: offshor grid,
5,offshor grid,5: offshor grid,
5,offshor grid,5: offshor grid,
5,offshor grid,5: offshor grid,
5,offshor grid,5: offshor grid,
5,offshor grid,5: offshor grid,
5,offshor grid,5: offshor grid,
5,offshor grid,5: offshor grid,
5,offshor grid,5: offshor grid,
5,offshor grid,5: offshor grid,
5,offshor grid,5: offshor grid,
5,offshor grid,5: offshor grid,
5,offshor grid,5: offshor grid,
5,offshor grid,5: offshor grid,
5,offshor grid,5: offshor grid,
5,offshor grid,5: offshor grid,
5,offshor grid,5: offshor grid,
5,offshor grid,5: offshor grid,
5,offshor grid,5: offshor grid,
5,offshor grid,5: offshor grid,
5,offshor grid,5: offshor grid,
5,offshor grid,5: offshor grid,
5,offshor grid,5: offshor grid,
5,offshor grid,5: offshor grid,
5,offshor grid,5: offshor grid,
5,offshor grid,5: offshor grid,
5,offshor grid,5: offshor grid,
5,offshor grid,5: offshor grid,
5,offshor grid,5: offshor grid,
5,offshor grid,5: offshor grid,
5,offshor grid,5: offshor grid,
5,offshor grid,5: offshor grid,
5,offshor grid,5: offshor grid,
5,offshor grid,5: offshor grid,
5,offshor grid,5: offshor grid,
5,offshor grid,5: offshor grid,
5,offshor grid,5: offshor grid,
5,offshor grid,5: offshor grid,
5,offshor grid,5: offshor grid,
5,offshor grid,5: offshor grid,
5,offshor grid,5: offshor grid,
5,offshor grid,5: offshor grid,
5,offshor grid,5: offshor grid,
5,offshor grid,5: offshor grid,
5,offshor grid,5: offshor grid,
5,offshor grid,5: offshor grid,
5,offshor grid,5: offshor grid,
5,offshor grid,5: offshor grid,
5,offshor grid,5: offshor grid,
5,offshor grid,5: offshor grid,
5,offshor grid,5: offshor grid,
5,offshor grid,5: offshor grid,
5,offshor grid,5: offshor grid,
5,offshor grid,5: offshor grid,
5,offshor grid,5: offshor grid,
5,offshor grid,5: offshor grid,
5,offshor grid,5: offshor grid,
5,offshor grid,5: offshor grid,
5,offshor grid,5: offshor grid,
5,offshor grid,5: offshor grid,
5,offshor grid,5: offshor grid,
5,offshor grid,5: offshor grid,
6,energiø bornholm,6: energiø bornholm,
6,energiø bornholm,6: energiø bornholm,
6,energiø bornholm,6: energiø bornholm,
6,energiø bornholm,6: energiø bornholm,
6,energiø bornholm,6: energiø bornholm,
6,energiø bornholm,6: energiø bornholm,
6,energiø bornholm,6: energiø bornholm,
6,energiø bornholm,6: energiø bornholm,
6,energiø bornholm,6: energiø bornholm,
6,energiø bornholm,6: energiø bornholm,
6,energiø bornholm,6: energiø bornholm,
6,energiø bornholm,6: energiø bornholm,
6,energiø bornholm,6: energiø bornholm,
6,energiø bornholm,6: energiø bornholm,
6,energiø bornholm,6: energiø bornholm,
6,energiø bornholm,6: energiø bornholm,
6,energiø bornholm,6: energiø bornholm,
6,energiø bornholm,6: energiø bornholm,
6,energiø bornholm,6: energiø bornholm,
6,energiø bornholm,6: energiø bornholm,
6,energiø bornholm,6: energiø bornholm,
6,energiø bornholm,6: energiø bornholm,
6,energiø bornholm,6: energiø bornholm,
6,energiø bornholm,6: energiø bornholm,
6,energiø bornholm,6: energiø bornholm,
6,energiø bornholm,6: energiø bornholm,
6,energiø bornholm,6: energiø bornholm,
6,energiø bornholm,6: energiø bornholm,
6,energiø bornholm,6: energiø bornholm,
6,energiø bornholm,6: energiø bornholm,
6,energiø bornholm,6: energiø bornholm,
6,energiø bornholm,6: energiø bornholm,
6,energiø bornholm,6: energiø bornholm,
6,energiø bornholm,6: energiø bornholm,
6,energiø bornholm,6: energiø bornholm,
6,energiø bornholm,6: energiø bornholm,
6,energiø bornholm,6: energiø bornholm,
6,energiø bornholm,6: energiø bornholm,
6,energiø bornholm,6: energiø bornholm,
6,energiø bornholm,6: energiø bornholm,
6,energiø bornholm,6: energiø bornholm,
6,energiø bornholm,6: energiø bornholm,
6,energiø bornholm,6: energiø bornholm,
6,energiø bornholm,6: energiø bornholm,
6,energiø bornholm,6: energiø bornholm,
6,energiø bornholm,6: energiø bornholm,
6,energiø bornholm,6: energiø bornholm,
6,energiø bornholm,6: energiø bornholm,
6,energiø bornholm,6: energiø bornholm,
6,energiø bornholm,6: energiø bornholm,
6,energiø bornholm,6: energiø bornholm,
6,energiø bornholm,6: energiø bornholm,
6,energiø bornholm,6: energiø bornholm,
6,energiø bornholm,6: energiø bornholm,
6,energiø bornholm,6: energiø bornholm,
6,energiø bornholm,6: energiø bornholm,
6,energiø bornholm,6: energiø bornholm,
6,energiø bornholm,6: energiø bornholm,
6,energiø bornholm,6: energiø bornholm,
6,energiø bornholm,6: energiø bornholm,
6,energiø bornholm,6: energiø bornholm,
6,energiø bornholm,6: energiø bornholm,
6,energiø bornholm,6: energiø bornholm,
6,energiø bornholm,6: energiø bornholm,
6,energiø bornholm,6: energiø bornholm,
6,energiø bornholm,6: energiø bornholm,
6,energiø bornholm,6: energiø bornholm,
6,energiø bornholm,6: energiø bornholm,
6,energiø bornholm,6: energiø bornholm,
6,energiø bornholm,6: energiø bornholm,
6,energiø bornholm,6: energiø bornholm,
6,energiø bornholm,6: energiø bornholm,
6,energiø bornholm,6: energiø bornholm,
6,energiø bornholm,6: energiø bornholm,
6,energiø bornholm,6: energiø bornholm,
6,energiø bornholm,6: energiø bornholm,
6,energiø bornholm,6: energiø bornholm,
6,energiø bornholm,6: energiø bornholm,
6,energiø bornholm,6: energiø bornholm,
6,energiø bornholm,6: energiø bornholm,
6,energiø bornholm,6: energiø bornholm,
6,energiø bornholm,6: energiø bornholm,
6,energiø bornholm,6: energiø bornholm,
6,energiø bornholm,6: energiø bornholm,
6,energiø bornholm,6: energiø bornholm,
6,energiø bornholm,6: energiø bornholm,
6,energiø bornholm,6: energiø bornholm,
6,energiø bornholm,6: energiø bornholm,
6,energiø bornholm,6: energiø bornholm,
6,energiø bornholm,6: energiø bornholm,
6,energiø bornholm,6: energiø bornholm,
6,energiø bornholm,6: energiø bornholm,
6,energiø bornholm,6: energiø bornholm,
6,energiø bornholm,6: energiø bornholm,
6,energiø bornholm,6: energiø bornholm,
6,energiø bornholm,6: energiø bornholm,
6,energiø bornholm,6: energiø bornholm,
6,energiø bornholm,6: energiø bornholm,
6,energiø bornholm,6: energiø bornholm,
6,energiø bornholm,6: energiø bornholm,
6,energiø bornholm,6: energiø bornholm,
6,energiø bornholm,6: energiø bornholm,
6,energiø bornholm,6: energiø bornholm,
6,energiø bornholm,6: energiø bornholm,
6,energiø bornholm,6: energiø bornholm,
6,energiø bornholm,6: energiø bornholm,
6,energiø bornholm,6: energiø bornholm,
6,energiø bornholm,6: energiø bornholm,
6,energiø bornholm,6: energiø bornholm,
6,energiø bornholm,6: energiø bornholm,
6,energiø bornholm,6: energiø bornholm,
6,energiø bornholm,6: energiø bornholm,
6,energiø bornholm,6: energiø bornholm,
6,energiø bornholm,6: energiø bornholm,
6,energiø bornholm,6: energiø bornholm,
6,energiø bornholm,6: energiø bornholm,
6,energiø bornholm,6: energiø bornholm,
6,energiø bornholm,6: energiø bornholm,
6,energiø bornholm,6: energiø bornholm,
6,energiø bornholm,6: energiø bornholm,
6,energiø bornholm,6: energiø bornholm,
6,energiø bornholm,6: energiø bornholm,
6,energiø bornholm,6: energiø bornholm,
6,energiø bornholm,6: energiø bornholm,
6,energiø bornholm,6: energiø bornholm,
6,energiø bornholm,6: energiø bornholm,
6,energiø bornholm,6: energiø bornholm,
6,energiø bornholm,6: energiø bornholm,
6,energiø bornholm,6: energiø bornholm,
6,energiø bornholm,6: energiø bornholm,
6,energiø bornholm,6: energiø bornholm,
6,energiø bornholm,6: energiø bornholm,
6,energiø bornholm,6: energiø bornholm,
6,energiø bornholm,6: energiø bornholm,
6,energiø bornholm,6: energiø bornholm,
6,energiø bornholm,6: energiø bornholm,
6,energiø bornholm,6: energiø bornholm,
6,energiø bornholm,6: energiø bornholm,
6,energiø bornholm,6: energiø bornholm,
6,energiø bornholm,6: energiø bornholm,
6,energiø bornholm,6: energiø bornholm,
6,energiø bornholm,6: energiø bornholm,
6,energiø bornholm,6: energiø bornholm,
6,energiø bornholm,6: energiø bornholm,
6,energiø bornholm,6: energiø bornholm,
6,energiø bornholm,6: energiø bornholm,
6,energiø bornholm,6: energiø bornholm,
6,energiø bornholm,6: energiø bornholm,
6,energiø bornholm,6: energiø bornholm,
6,energiø bornholm,6: energiø bornholm,
6,energiø bornholm,6: energiø bornholm,
6,energiø bornholm,6: energiø bornholm,
6,energiø bornholm,6: energiø bornholm,
6,energiø bornholm,6: energiø bornholm,
6,energiø bornholm,6: energiø bornholm,
6,energiø bornholm,6: energiø bornholm,
6,energiø bornholm,6: energiø bornholm,
6,energiø bornholm,6: energiø bornholm,
6,energiø bornholm,6: energiø bornholm,
6,energiø bornholm,6: energiø bornholm,
6,energiø bornholm,6: energiø bornholm,
6,energiø bornholm,6: energiø bornholm,
6,energiø bornholm,6: energiø bornholm,
6,energiø bornholm,6: energiø bornholm,
6,energiø bornholm,6: energiø bornholm,
6,energiø bornholm,6: energiø bornholm,
6,energiø bornholm,6: energiø bornholm,
6,energiø bornholm,6: energiø bornholm,
6,energiø bornholm,6: energiø bornholm,
6,energiø bornholm,6: energiø bornholm,
6,energiø bornholm,6: energiø bornholm,
5,offshor grid,5: offshor grid,
5,offshor grid,5: offshor grid,
5,offshor grid,5: offshor grid,
5,offshor grid,5: offshor grid,
5,offshor grid,5: offshor grid,
5,offshor grid,5: offshor grid,
5,offshor grid,5: offshor grid,
5,offshor grid,5: offshor grid,
5,offshor grid,5: offshor grid,
5,offshor grid,5: offshor grid,
5,offshor grid,5: offshor grid,
5,offshor grid,5: offshor grid,
5,offshor grid,5: offshor grid,
5,offshor grid,5: offshor grid,
5,offshor grid,5: offshor grid,
5,offshor grid,5: offshor grid,
5,offshor grid,5: offshor grid,
5,offshor grid,5: offshor grid,
5,offshor grid,5: offshor grid,
5,offshor grid,5: offshor grid,
5,offshor grid,5: offshor grid,
5,offshor grid,5: offshor grid,
5,offshor grid,5: offshor grid,
5,offshor grid,5: offshor grid,
5,offshor grid,5: offshor grid,
5,offshor grid,5: offshor grid,
5,offshor grid,5: offshor grid,
5,offshor grid,5: offshor grid,
5,offshor grid,5: offshor grid,
5,offshor grid,5: offshor grid,
5,offshor grid,5: offshor grid,
5,offshor grid,5: offshor grid,
5,offshor grid,5: offshor grid,
5,offshor grid,5: offshor grid,
5,offshor grid,5: offshor grid,
5,offshor grid,5: offshor grid,
5,offshor grid,5: offshor grid,
5,offshor grid,5: offshor grid,
5,offshor grid,5: offshor grid,
5,offshor grid,5: offshor grid,
5,offshor grid,5: offshor grid,
5,offshor grid,5: offshor grid,
5,offshor grid,5: offshor grid,
5,offshor grid,5: offshor grid,
5,offshor grid,5: offshor grid,
5,offshor grid,5: offshor grid,
5,offshor grid,5: offshor grid,
5,offshor grid,5: offshor grid,
5,offshor grid,5: offshor grid,
5,offshor grid,5: offshor grid,
5,offshor grid,5: offshor grid,
5,offshor grid,5: offshor grid,
5,offshor grid,5: offshor grid,
5,offshor grid,5: offshor grid,
5,offshor grid,5: offshor grid,
5,offshor grid,5: offshor grid,
5,offshor grid,5: offshor grid,
5,offshor grid,5: offshor grid,
5,offshor grid,5: offshor grid,
5,offshor grid,5: offshor grid,
5,offshor grid,5: offshor grid,
5,offshor grid,5: offshor grid,
5,offshor grid,5: offshor grid,
5,offshor grid,5: offshor grid,
5,offshor grid,5: offshor grid,
5,offshor grid,5: offshor grid,
5,offshor grid,5: offshor grid,
5,offshor grid,5: offshor grid,
5,offshor grid,5: offshor grid,
5,offshor grid,5: offshor grid,
5,offshor grid,5: offshor grid,
5,offshor grid,5: offshor grid,
5,offshor grid,5: offshor grid,
5,offshor grid,5: offshor grid,
5,offshor grid,5: offshor grid,
5,offshor grid,5: offshor grid,
5,offshor grid,5: offshor grid,
5,offshor grid,5: offshor grid,
5,offshor grid,5: offshor grid,
5,offshor grid,5: offshor grid,
5,offshor grid,5: offshor grid,
5,offshor grid,5: offshor grid,
5,offshor grid,5: offshor grid,
5,offshor grid,5: offshor grid,
5,offshor grid,5: offshor grid,
5,offshor grid,5: offshor grid,
5,offshor grid,5: offshor grid,
5,offshor grid,5: offshor grid,
5,offshor grid,5: offshor grid,
5,offshor grid,5: offshor grid,
5,offshor grid,5: offshor grid,
5,offshor grid,5: offshor grid,
5,offshor grid,5: offshor grid,
5,offshor grid,5: offshor grid,
5,offshor grid,5: offshor grid,
5,offshor grid,5: offshor grid,
5,offshor grid,5: offshor grid,
5,offshor grid,5: offshor grid,
5,offshor grid,5: offshor grid,
5,offshor grid,5: offshor grid,
5,offshor grid,5: offshor grid,
5,offshor grid,5: offshor grid,
5,offshor grid,5: offshor grid,
5,offshor grid,5: offshor grid,
5,offshor grid,5: offshor grid,
5,offshor grid,5: offshor grid,
5,offshor grid,5: offshor grid,
5,offshor grid,5: offshor grid,
5,offshor grid,5: offshor grid,
5,offshor grid,5: offshor grid,
5,offshor grid,5: offshor grid,
5,offshor grid,5: offshor grid,
5,offshor grid,5: offshor grid,
5,offshor grid,5: offshor grid,
5,offshor grid,5: offshor grid,
5,offshor grid,5: offshor grid,
5,offshor grid,5: offshor grid,
5,offshor grid,5: offshor grid,
5,offshor grid,5: offshor grid,
5,offshor grid,5: offshor grid,
5,offshor grid,5: offshor grid,
5,offshor grid,5: offshor grid,
5,offshor grid,5: offshor grid,
5,offshor grid,5: offshor grid,
5,offshor grid,5: offshor grid,
5,offshor grid,5: offshor grid,
5,offshor grid,5: offshor grid,
5,offshor grid,5: offshor grid,
5,offshor grid,5: offshor grid,
5,offshor grid,5: offshor grid,
5,offshor grid,5: offshor grid,
5,offshor grid,5: offshor grid,
5,offshor grid,5: offshor grid,
5,offshor grid,5: offshor grid,
5,offshor grid,5: offshor grid,
5,offshor grid,5: offshor grid,
5,offshor grid,5: offshor grid,
5,offshor grid,5: offshor grid,
5,offshor grid,5: offshor grid,
5,offshor grid,5: offshor grid,
5,offshor grid,5: offshor grid,
5,offshor grid,5: offshor grid,
5,offshor grid,5: offshor grid,
5,offshor grid,5: offshor grid,
5,offshor grid,5: offshor grid,
5,offshor grid,5: offshor grid,
5,offshor grid,5: offshor grid,
5,offshor grid,5: offshor grid,
5,offshor grid,5: offshor grid,
5,offshor grid,5: offshor grid,
5,offshor grid,5: offshor grid,
5,offshor grid,5: offshor grid,
5,offshor grid,5: offshor grid,
5,offshor grid,5: offshor grid,
5,offshor grid,5: offshor grid,
5,offshor grid,5: offshor grid,
5,offshor grid,5: offshor grid,
5,offshor grid,5: offshor grid,
5,offshor grid,5: offshor grid,
5,offshor grid,5: offshor grid,
5,offshor grid,5: offshor grid,
5,offshor grid,5: offshor grid,
5,offshor grid,5: offshor grid,
5,offshor grid,5: offshor grid,
5,offshor grid,5: offshor grid,
5,offshor grid,5: offshor grid,
5,offshor grid,5: offshor grid,
5,offshor grid,5: offshor grid,
5,offshor grid,5: offshor grid,
5,offshor grid,5: offshor grid,
5,offshor grid,5: offshor grid,
5,offshor grid,5: offshor grid,
5,offshor grid,5: offshor grid,
5,offshor grid,5: offshor grid,
5,offshor grid,5: offshor grid,
9,wind farm,9: wind farm,
9,wind farm,9: wind farm,
9,wind farm,9: wind farm,
9,wind farm,9: wind farm,
9,wind farm,9: wind farm,
9,wind farm,9: wind farm,
9,wind farm,9: wind farm,
9,wind farm,9: wind farm,
9,wind farm,9: wind farm,
9,wind farm,9: wind farm,
9,wind farm,9: wind farm,
9,wind farm,9: wind farm,
9,wind farm,9: wind farm,
9,wind farm,9: wind farm,
9,wind farm,9: wind farm,
9,wind farm,9: wind farm,
9,wind farm,9: wind farm,
9,wind farm,9: wind farm,
9,wind farm,9: wind farm,
9,wind farm,9: wind farm,
9,wind farm,9: wind farm,
9,wind farm,9: wind farm,
9,wind farm,9: wind farm,
9,wind farm,9: wind farm,
9,wind farm,9: wind farm,
9,wind farm,9: wind farm,
9,wind farm,9: wind farm,
9,wind farm,9: wind farm,
9,wind farm,9: wind farm,
9,wind farm,9: wind farm,
9,wind farm,9: wind farm,
9,wind farm,9: wind farm,
9,wind farm,9: wind farm,
9,wind farm,9: wind farm,
9,wind farm,9: wind farm,
9,wind farm,9: wind farm,
9,wind farm,9: wind farm,
9,wind farm,9: wind farm,
9,wind farm,9: wind farm,
9,wind farm,9: wind farm,
9,wind farm,9: wind farm,
9,wind farm,9: wind farm,
9,wind farm,9: wind farm,
9,wind farm,9: wind farm,
9,wind farm,9: wind farm,
9,wind farm,9: wind farm,
9,wind farm,9: wind farm,
9,wind farm,9: wind farm,
9,wind farm,9: wind farm,
9,wind farm,9: wind farm,
9,wind farm,9: wind farm,
9,wind farm,9: wind farm,
9,wind farm,9: wind farm,
9,wind farm,9: wind farm,
9,wind farm,9: wind farm,
9,wind farm,9: wind farm,
9,wind farm,9: wind farm,
9,wind farm,9: wind farm,
9,wind farm,9: wind farm,
9,wind farm,9: wind farm,
9,wind farm,9: wind farm,
9,wind farm,9: wind farm,
9,wind farm,9: wind farm,
9,wind farm,9: wind farm,
9,wind farm,9: wind farm,
9,wind farm,9: wind farm,
9,wind farm,9: wind farm,
9,wind farm,9: wind farm,
9,wind farm,9: wind farm,
9,wind farm,9: wind farm,
9,wind farm,9: wind farm,
9,wind farm,9: wind farm,
9,wind farm,9: wind farm,
9,wind farm,9: wind farm,
9,wind farm,9: wind farm,
9,wind farm,9: wind farm,
9,wind farm,9: wind farm,
9,wind farm,9: wind farm,
9,wind farm,9: wind farm,
9,wind farm,9: wind farm,
9,wind farm,9: wind farm,
9,wind farm,9: wind farm,
9,wind farm,9: wind farm,
9,wind farm,9: wind farm,
9,wind farm,9: wind farm,
9,wind farm,9: wind farm,
9,wind farm,9: wind farm,
9,wind farm,9: wind farm,
9,wind farm,9: wind farm,
9,wind farm,9: wind farm,
9,wind farm,9: wind farm,
9,wind farm,9: wind farm,
9,wind farm,9: wind farm,
9,wind farm,9: wind farm,
9,wind farm,9: wind farm,
9,wind farm,9: wind farm,
9,wind farm,9: wind farm,
9,wind farm,9: wind farm,
9,wind farm,9: wind farm,
9,wind farm,9: wind farm,
9,wind farm,9: wind farm,
9,wind farm,9: wind farm,
9,wind farm,9: wind farm,
9,wind farm,9: wind farm,
9,wind farm,9: wind farm,
9,wind farm,9: wind farm,
9,wind farm,9: wind farm,
9,wind farm,9: wind farm,
9,wind farm,9: wind farm,
9,wind farm,9: wind farm,
9,wind farm,9: wind farm,
9,wind farm,9: wind farm,
9,wind farm,9: wind farm,
9,wind farm,9: wind farm,
9,wind farm,9: wind farm,
9,wind farm,9: wind farm,
9,wind farm,9: wind farm,
9,wind farm,9: wind farm,
9,wind farm,9: wind farm,
9,wind farm,9: wind farm,
9,wind farm,9: wind farm,
9,wind farm,9: wind farm,
9,wind farm,9: wind farm,
9,wind farm,9: wind farm,
9,wind farm,9: wind farm,
9,wind farm,9: wind farm,
9,wind farm,9: wind farm,
9,wind farm,9: wind farm,
9,wind farm,9: wind farm,
9,wind farm,9: wind farm,
9,wind farm,9: wind farm,
9,wind farm,9: wind farm,
9,wind farm,9: wind farm,
9,wind farm,9: wind farm,
9,wind farm,9: wind farm,
9,wind farm,9: wind farm,
9,wind farm,9: wind farm,
9,wind farm,9: wind farm,
9,wind farm,9: wind farm,
9,wind farm,9: wind farm,
9,wind farm,9: wind farm,
9,wind farm,9: wind farm,
9,wind farm,9: wind farm,
9,wind farm,9: wind farm,
9,wind farm,9: wind farm,
9,wind farm,9: wind farm,
9,wind farm,9: wind farm,
9,wind farm,9: wind farm,
9,wind farm,9: wind farm,
9,wind farm,9: wind farm,
9,wind farm,9: wind farm,
9,wind farm,9: wind farm,
9,wind farm,9: wind farm,
9,wind farm,9: wind farm,
9,wind farm,9: wind farm,
9,wind farm,9: wind farm,
9,wind farm,9: wind farm,
9,wind farm,9: wind farm,
9,wind farm,9: wind farm,
9,wind farm,9: wind farm,
9,wind farm,9: wind farm,
5,offshor grid,5: offshor grid,
5,offshor grid,5: offshor grid,
5,offshor grid,5: offshor grid,
5,offshor grid,5: offshor grid,
5,offshor grid,5: offshor grid,
5,offshor grid,5: offshor grid,
5,offshor grid,5: offshor grid,
5,offshor grid,5: offshor grid,
5,offshor grid,5: offshor grid,
5,offshor grid,5: offshor grid,
5,offshor grid,5: offshor grid,
5,offshor grid,5: offshor grid,
5,offshor grid,5: offshor grid,
5,offshor grid,5: offshor grid,
5,offshor grid,5: offshor grid,
5,offshor grid,5: offshor grid,
5,offshor grid,5: offshor grid,
5,offshor grid,5: offshor grid,
5,offshor grid,5: offshor grid,
5,offshor grid,5: offshor grid,
5,offshor grid,5: offshor grid,
5,offshor grid,5: offshor grid,
5,offshor grid,5: offshor grid,
5,offshor grid,5: offshor grid,
5,offshor grid,5: offshor grid,
5,offshor grid,5: offshor grid,
5,offshor grid,5: offshor grid,
5,offshor grid,5: offshor grid,
5,offshor grid,5: offshor grid,
5,offshor grid,5: offshor grid,
5,offshor grid,5: offshor grid,
5,offshor grid,5: offshor grid,
5,offshor grid,5: offshor grid,
5,offshor grid,5: offshor grid,
5,offshor grid,5: offshor grid,
5,offshor grid,5: offshor grid,
5,offshor grid,5: offshor grid,
5,offshor grid,5: offshor grid,
5,offshor grid,5: offshor grid,
5,offshor grid,5: offshor grid,
5,offshor grid,5: offshor grid,
5,offshor grid,5: offshor grid,
5,offshor grid,5: offshor grid,
5,offshor grid,5: offshor grid,
5,offshor grid,5: offshor grid,
5,offshor grid,5: offshor grid,
5,offshor grid,5: offshor grid,
5,offshor grid,5: offshor grid,
5,offshor grid,5: offshor grid,
5,offshor grid,5: offshor grid,
5,offshor grid,5: offshor grid,
5,offshor grid,5: offshor grid,
5,offshor grid,5: offshor grid,
5,offshor grid,5: offshor grid,
5,offshor grid,5: offshor grid,
5,offshor grid,5: offshor grid,
5,offshor grid,5: offshor grid,
5,offshor grid,5: offshor grid,
5,offshor grid,5: offshor grid,
5,offshor grid,5: offshor grid,
5,offshor grid,5: offshor grid,
5,offshor grid,5: offshor grid,
5,offshor grid,5: offshor grid,
5,offshor grid,5: offshor grid,
5,offshor grid,5: offshor grid,
5,offshor grid,5: offshor grid,
5,offshor grid,5: offshor grid,
5,offshor grid,5: offshor grid,
5,offshor grid,5: offshor grid,
5,offshor grid,5: offshor grid,
5,offshor grid,5: offshor grid,
5,offshor grid,5: offshor grid,
5,offshor grid,5: offshor grid,
5,offshor grid,5: offshor grid,
5,offshor grid,5: offshor grid,
5,offshor grid,5: offshor grid,
5,offshor grid,5: offshor grid,
5,offshor grid,5: offshor grid,
5,offshor grid,5: offshor grid,
5,offshor grid,5: offshor grid,
5,offshor grid,5: offshor grid,
5,offshor grid,5: offshor grid,
5,offshor grid,5: offshor grid,
5,offshor grid,5: offshor grid,
5,offshor grid,5: offshor grid,
5,offshor grid,5: offshor grid,
5,offshor grid,5: offshor grid,
5,offshor grid,5: offshor grid,
5,offshor grid,5: offshor grid,
5,offshor grid,5: offshor grid,
5,offshor grid,5: offshor grid,
5,offshor grid,5: offshor grid,
5,offshor grid,5: offshor grid,
5,offshor grid,5: offshor grid,
5,offshor grid,5: offshor grid,
5,offshor grid,5: offshor grid,
5,offshor grid,5: offshor grid,
5,offshor grid,5: offshor grid,
5,offshor grid,5: offshor grid,
5,offshor grid,5: offshor grid,
5,offshor grid,5: offshor grid,
5,offshor grid,5: offshor grid,
5,offshor grid,5: offshor grid,
5,offshor grid,5: offshor grid,
5,offshor grid,5: offshor grid,
5,offshor grid,5: offshor grid,
5,offshor grid,5: offshor grid,
5,offshor grid,5: offshor grid,
5,offshor grid,5: offshor grid,
5,offshor grid,5: offshor grid,
5,offshor grid,5: offshor grid,
5,offshor grid,5: offshor grid,
5,offshor grid,5: offshor grid,
5,offshor grid,5: offshor grid,
5,offshor grid,5: offshor grid,
5,offshor grid,5: offshor grid,
5,offshor grid,5: offshor grid,
5,offshor grid,5: offshor grid,
5,offshor grid,5: offshor grid,
5,offshor grid,5: offshor grid,
5,offshor grid,5: offshor grid,
5,offshor grid,5: offshor grid,
5,offshor grid,5: offshor grid,
5,offshor grid,5: offshor grid,
5,offshor grid,5: offshor grid,
5,offshor grid,5: offshor grid,
5,offshor grid,5: offshor grid,
5,offshor grid,5: offshor grid,
5,offshor grid,5: offshor grid,
5,offshor grid,5: offshor grid,
5,offshor grid,5: offshor grid,
5,offshor grid,5: offshor grid,
5,offshor grid,5: offshor grid,
5,offshor grid,5: offshor grid,
5,offshor grid,5: offshor grid,
5,offshor grid,5: offshor grid,
5,offshor grid,5: offshor grid,
5,offshor grid,5: offshor grid,
5,offshor grid,5: offshor grid,
5,offshor grid,5: offshor grid,
5,offshor grid,5: offshor grid,
5,offshor grid,5: offshor grid,
5,offshor grid,5: offshor grid,
5,offshor grid,5: offshor grid,
5,offshor grid,5: offshor grid,
5,offshor grid,5: offshor grid,
5,offshor grid,5: offshor grid,
5,offshor grid,5: offshor grid,
5,offshor grid,5: offshor grid,
5,offshor grid,5: offshor grid,
5,offshor grid,5: offshor grid,
5,offshor grid,5: offshor grid,
5,offshor grid,5: offshor grid,
5,offshor grid,5: offshor grid,
5,offshor grid,5: offshor grid,
5,offshor grid,5: offshor grid,
5,offshor grid,5: offshor grid,
5,offshor grid,5: offshor grid,
5,offshor grid,5: offshor grid,
5,offshor grid,5: offshor grid,
5,offshor grid,5: offshor grid,
5,offshor grid,5: offshor grid,
5,offshor grid,5: offshor grid,
5,offshor grid,5: offshor grid,
5,offshor grid,5: offshor grid,
5,offshor grid,5: offshor grid,
5,offshor grid,5: offshor grid,
5,offshor grid,5: offshor grid,
5,offshor grid,5: offshor grid,
5,offshor grid,5: offshor grid,
5,offshor grid,5: offshor grid,
5,offshor grid,5: offshor grid,
5,offshor grid,5: offshor grid,
5,offshor grid,5: offshor grid,
5,offshor grid,5: offshor grid,
5,offshor grid,5: offshor grid,
5,offshor grid,5: offshor grid,
5,offshor grid,5: offshor grid,
5,offshor grid,5: offshor grid,
5,offshor grid,5: offshor grid,
5,offshor grid,5: offshor grid,
5,offshor grid,5: offshor grid,
5,offshor grid,5: offshor grid,
5,offshor grid,5: offshor grid,
5,offshor grid,5: offshor grid,
5,offshor grid,5: offshor grid,
5,offshor grid,5: offshor grid,
5,offshor grid,5: offshor grid,
5,offshor grid,5: offshor grid,
5,offshor grid,5: offshor grid,
5,offshor grid,5: offshor grid,
5,offshor grid,5: offshor grid,
5,offshor grid,5: offshor grid,
5,offshor grid,5: offshor grid,
5,offshor grid,5: offshor grid,
5,offshor grid,5: offshor grid,
5,offshor grid,5: offshor grid,
5,offshor grid,5: offshor grid,
5,offshor grid,5: offshor grid,
5,offshor grid,5: offshor grid,
5,offshor grid,5: offshor grid,
5,offshor grid,5: offshor grid,
5,offshor grid,5: offshor grid,
5,offshor grid,5: offshor grid,
5,offshor grid,5: offshor grid,
5,offshor grid,5: offshor grid,
5,offshor grid,5: offshor grid,
5,offshor grid,5: offshor grid,
5,offshor grid,5: offshor grid,
5,offshor grid,5: offshor grid,
5,offshor grid,5: offshor grid,
5,offshor grid,5: offshor grid,
5,offshor grid,5: offshor grid,
5,offshor grid,5: offshor grid,
5,offshor grid,5: offshor grid,
5,offshor grid,5: offshor grid,
5,offshor grid,5: offshor grid,
5,offshor grid,5: offshor grid,
5,offshor grid,5: offshor grid,
5,offshor grid,5: offshor grid,
5,offshor grid,5: offshor grid,
5,offshor grid,5: offshor grid,
5,offshor grid,5: offshor grid,
5,offshor grid,5: offshor grid,
5,offshor grid,5: offshor grid,
5,offshor grid,5: offshor grid,
5,offshor grid,5: offshor grid,
5,offshor grid,5: offshor grid,
5,offshor grid,5: offshor grid,
5,offshor grid,5: offshor grid,
5,offshor grid,5: offshor grid,
5,offshor grid,5: offshor grid,
5,offshor grid,5: offshor grid,
5,offshor grid,5: offshor grid,
5,offshor grid,5: offshor grid,
5,offshor grid,5: offshor grid,
5,offshor grid,5: offshor grid,
5,offshor grid,5: offshor grid,
5,offshor grid,5: offshor grid,
5,offshor grid,5: offshor grid,
5,offshor grid,5: offshor grid,
5,offshor grid,5: offshor grid,
5,offshor grid,5: offshor grid,
5,offshor grid,5: offshor grid,
5,offshor grid,5: offshor grid,
5,offshor grid,5: offshor grid,
5,offshor grid,5: offshor grid,
5,offshor grid,5: offshor grid,
5,offshor grid,5: offshor grid,
5,offshor grid,5: offshor grid,
5,offshor grid,5: offshor grid,
5,offshor grid,5: offshor grid,
5,offshor grid,5: offshor grid,
5,offshor grid,5: offshor grid,
5,offshor grid,5: offshor grid,
5,offshor grid,5: offshor grid,
5,offshor grid,5: offshor grid,
5,offshor grid,5: offshor grid,
5,offshor grid,5: offshor grid,
5,offshor grid,5: offshor grid,
5,offshor grid,5: offshor grid,
5,offshor grid,5: offshor grid,
5,offshor grid,5: offshor grid,
5,offshor grid,5: offshor grid,
5,offshor grid,5: offshor grid,
5,offshor grid,5: offshor grid,
5,offshor grid,5: offshor grid,
5,offshor grid,5: offshor grid,
5,offshor grid,5: offshor grid,
5,offshor grid,5: offshor grid,
5,offshor grid,5: offshor grid,
5,offshor grid,5: offshor grid,
5,offshor grid,5: offshor grid,
5,offshor grid,5: offshor grid,
5,offshor grid,5: offshor grid,
5,offshor grid,5: offshor grid,
5,offshor grid,5: offshor grid,
5,offshor grid,5: offshor grid,
5,offshor grid,5: offshor grid,
5,offshor grid,5: offshor grid,
5,offshor grid,5: offshor grid,
5,offshor grid,5: offshor grid,
5,offshor grid,5: offshor grid,
5,offshor grid,5: offshor grid,
5,offshor grid,5: offshor grid,
5,offshor grid,5: offshor grid,
5,offshor grid,5: offshor grid,
5,offshor grid,5: offshor grid,
5,offshor grid,5: offshor grid,
5,offshor grid,5: offshor grid,
5,offshor grid,5: offshor grid,
5,offshor grid,5: offshor grid,
5,offshor grid,5: offshor grid,
5,offshor grid,5: offshor grid,
5,offshor grid,5: offshor grid,
5,offshor grid,5: offshor grid,
5,offshor grid,5: offshor grid,
5,offshor grid,5: offshor grid,
5,offshor grid,5: offshor grid,
5,offshor grid,5: offshor grid,
5,offshor grid,5: offshor grid,
5,offshor grid,5: offshor grid,
5,offshor grid,5: offshor grid,
5,offshor grid,5: offshor grid,
5,offshor grid,5: offshor grid,
5,offshor grid,5: offshor grid,
5,offshor grid,5: offshor grid,
5,offshor grid,5: offshor grid,
5,offshor grid,5: offshor grid,
5,offshor grid,5: offshor grid,
5,offshor grid,5: offshor grid,
5,offshor grid,5: offshor grid,
5,offshor grid,5: offshor grid,
5,offshor grid,5: offshor grid,
5,offshor grid,5: offshor grid,
5,offshor grid,5: offshor grid,
5,offshor grid,5: offshor grid,
5,offshor grid,5: offshor grid,
5,offshor grid,5: offshor grid,
5,offshor grid,5: offshor grid,
5,offshor grid,5: offshor grid,
5,offshor grid,5: offshor grid,
5,offshor grid,5: offshor grid,
5,offshor grid,5: offshor grid,
5,offshor grid,5: offshor grid,
5,offshor grid,5: offshor grid,
5,offshor grid,5: offshor grid,
5,offshor grid,5: offshor grid,
5,offshor grid,5: offshor grid,
5,offshor grid,5: offshor grid,
5,offshor grid,5: offshor grid,
5,offshor grid,5: offshor grid,
5,offshor grid,5: offshor grid,
5,offshor grid,5: offshor grid,
5,offshor grid,5: offshor grid,
5,offshor grid,5: offshor grid,
5,offshor grid,5: offshor grid,
5,offshor grid,5: offshor grid,
5,offshor grid,5: offshor grid,
5,offshor grid,5: offshor grid,
5,offshor grid,5: offshor grid,
5,offshor grid,5: offshor grid,
5,offshor grid,5: offshor grid,
5,offshor grid,5: offshor grid,
5,offshor grid,5: offshor grid,
5,offshor grid,5: offshor grid,
5,offshor grid,5: offshor grid,
5,offshor grid,5: offshor grid,
5,offshor grid,5: offshor grid,
5,offshor grid,5: offshor grid,
9,wind farm,9: wind farm,
9,wind farm,9: wind farm,
9,wind farm,9: wind farm,
9,wind farm,9: wind farm,
9,wind farm,9: wind farm,
9,wind farm,9: wind farm,
9,wind farm,9: wind farm,
9,wind farm,9: wind farm,
9,wind farm,9: wind farm,
9,wind farm,9: wind farm,
9,wind farm,9: wind farm,
9,wind farm,9: wind farm,
9,wind farm,9: wind farm,
9,wind farm,9: wind farm,
9,wind farm,9: wind farm,
9,wind farm,9: wind farm,
9,wind farm,9: wind farm,
9,wind farm,9: wind farm,
9,wind farm,9: wind farm,
9,wind farm,9: wind farm,
9,wind farm,9: wind farm,
9,wind farm,9: wind farm,
9,wind farm,9: wind farm,
9,wind farm,9: wind farm,
9,wind farm,9: wind farm,
9,wind farm,9: wind farm,
9,wind farm,9: wind farm,
9,wind farm,9: wind farm,
9,wind farm,9: wind farm,
9,wind farm,9: wind farm,
9,wind farm,9: wind farm,
9,wind farm,9: wind farm,
9,wind farm,9: wind farm,
9,wind farm,9: wind farm,
9,wind farm,9: wind farm,
9,wind farm,9: wind farm,
9,wind farm,9: wind farm,
9,wind farm,9: wind farm,
9,wind farm,9: wind farm,
9,wind farm,9: wind farm,
9,wind farm,9: wind farm,
9,wind farm,9: wind farm,
9,wind farm,9: wind farm,
9,wind farm,9: wind farm,
9,wind farm,9: wind farm,
9,wind farm,9: wind farm,
9,wind farm,9: wind farm,
9,wind farm,9: wind farm,
9,wind farm,9: wind farm,
9,wind farm,9: wind farm,
9,wind farm,9: wind farm,
9,wind farm,9: wind farm,
9,wind farm,9: wind farm,
9,wind farm,9: wind farm,
9,wind farm,9: wind farm,
9,wind farm,9: wind farm,
9,wind farm,9: wind farm,
9,wind farm,9: wind farm,
9,wind farm,9: wind farm,
9,wind farm,9: wind farm,
9,wind farm,9: wind farm,
9,wind farm,9: wind farm,
9,wind farm,9: wind farm,
9,wind farm,9: wind farm,
9,wind farm,9: wind farm,
9,wind farm,9: wind farm,
9,wind farm,9: wind farm,
9,wind farm,9: wind farm,
9,wind farm,9: wind farm,
9,wind farm,9: wind farm,
9,wind farm,9: wind farm,
9,wind farm,9: wind farm,
9,wind farm,9: wind farm,
9,wind farm,9: wind farm,
9,wind farm,9: wind farm,
9,wind farm,9: wind farm,
9,wind farm,9: wind farm,
9,wind farm,9: wind farm,
9,wind farm,9: wind farm,
9,wind farm,9: wind farm,
9,wind farm,9: wind farm,
9,wind farm,9: wind farm,
9,wind farm,9: wind farm,
9,wind farm,9: wind farm,
9,wind farm,9: wind farm,
9,wind farm,9: wind farm,
9,wind farm,9: wind farm,
9,wind farm,9: wind farm,
9,wind farm,9: wind farm,
9,wind farm,9: wind farm,
9,wind farm,9: wind farm,
9,wind farm,9: wind farm,
9,wind farm,9: wind farm,
9,wind farm,9: wind farm,
9,wind farm,9: wind farm,
9,wind farm,9: wind farm,
9,wind farm,9: wind farm,
9,wind farm,9: wind farm,
9,wind farm,9: wind farm,
9,wind farm,9: wind farm,
9,wind farm,9: wind farm,
9,wind farm,9: wind farm,
9,wind farm,9: wind farm,
9,wind farm,9: wind farm,
9,wind farm,9: wind farm,
9,wind farm,9: wind farm,
9,wind farm,9: wind farm,
9,wind farm,9: wind farm,
9,wind farm,9: wind farm,
9,wind farm,9: wind farm,
9,wind farm,9: wind farm,
9,wind farm,9: wind farm,
9,wind farm,9: wind farm,
9,wind farm,9: wind farm,
9,wind farm,9: wind farm,
9,wind farm,9: wind farm,
9,wind farm,9: wind farm,
9,wind farm,9: wind farm,
9,wind farm,9: wind farm,
9,wind farm,9: wind farm,
9,wind farm,9: wind farm,
9,wind farm,9: wind farm,
9,wind farm,9: wind farm,
9,wind farm,9: wind farm,
9,wind farm,9: wind farm,
9,wind farm,9: wind farm,
9,wind farm,9: wind farm,
9,wind farm,9: wind farm,
9,wind farm,9: wind farm,
9,wind farm,9: wind farm,
9,wind farm,9: wind farm,
9,wind farm,9: wind farm,
9,wind farm,9: wind farm,
9,wind farm,9: wind farm,
9,wind farm,9: wind farm,
9,wind farm,9: wind farm,
9,wind farm,9: wind farm,
9,wind farm,9: wind farm,
9,wind farm,9: wind farm,
9,wind farm,9: wind farm,
9,wind farm,9: wind farm,
9,wind farm,9: wind farm,
9,wind farm,9: wind farm,
9,wind farm,9: wind farm,
9,wind farm,9: wind farm,
9,wind farm,9: wind farm,
9,wind farm,9: wind farm,
9,wind farm,9: wind farm,
9,wind farm,9: wind farm,
9,wind farm,9: wind farm,
9,wind farm,9: wind farm,
9,wind farm,9: wind farm,
9,wind farm,9: wind farm,
9,wind farm,9: wind farm,
9,wind farm,9: wind farm,
9,wind farm,9: wind farm,
9,wind farm,9: wind farm,
9,wind farm,9: wind farm,
9,wind farm,9: wind farm,
9,wind farm,9: wind farm,
9,wind farm,9: wind farm,
5,offshor grid,5: offshor grid,
5,offshor grid,5: offshor grid,
5,offshor grid,5: offshor grid,
5,offshor grid,5: offshor grid,
5,offshor grid,5: offshor grid,
5,offshor grid,5: offshor grid,
5,offshor grid,5: offshor grid,
5,offshor grid,5: offshor grid,
5,offshor grid,5: offshor grid,
5,offshor grid,5: offshor grid,
5,offshor grid,5: offshor grid,
5,offshor grid,5: offshor grid,
5,offshor grid,5: offshor grid,
5,offshor grid,5: offshor grid,
5,offshor grid,5: offshor grid,
5,offshor grid,5: offshor grid,
5,offshor grid,5: offshor grid,
5,offshor grid,5: offshor grid,
5,offshor grid,5: offshor grid,
5,offshor grid,5: offshor grid,
5,offshor grid,5: offshor grid,
5,offshor grid,5: offshor grid,
5,offshor grid,5: offshor grid,
5,offshor grid,5: offshor grid,
5,offshor grid,5: offshor grid,
5,offshor grid,5: offshor grid,
5,offshor grid,5: offshor grid,
5,offshor grid,5: offshor grid,
5,offshor grid,5: offshor grid,
5,offshor grid,5: offshor grid,
5,offshor grid,5: offshor grid,
5,offshor grid,5: offshor grid,
5,offshor grid,5: offshor grid,
5,offshor grid,5: offshor grid,
5,offshor grid,5: offshor grid,
5,offshor grid,5: offshor grid,
5,offshor grid,5: offshor grid,
5,offshor grid,5: offshor grid,
5,offshor grid,5: offshor grid,
5,offshor grid,5: offshor grid,
5,offshor grid,5: offshor grid,
5,offshor grid,5: offshor grid,
5,offshor grid,5: offshor grid,
5,offshor grid,5: offshor grid,
5,offshor grid,5: offshor grid,
5,offshor grid,5: offshor grid,
5,offshor grid,5: offshor grid,
5,offshor grid,5: offshor grid,
5,offshor grid,5: offshor grid,
5,offshor grid,5: offshor grid,
5,offshor grid,5: offshor grid,
5,offshor grid,5: offshor grid,
5,offshor grid,5: offshor grid,
5,offshor grid,5: offshor grid,
5,offshor grid,5: offshor grid,
5,offshor grid,5: offshor grid,
5,offshor grid,5: offshor grid,
5,offshor grid,5: offshor grid,
5,offshor grid,5: offshor grid,
5,offshor grid,5: offshor grid,
5,offshor grid,5: offshor grid,
5,offshor grid,5: offshor grid,
5,offshor grid,5: offshor grid,
5,offshor grid,5: offshor grid,
5,offshor grid,5: offshor grid,
5,offshor grid,5: offshor grid,
5,offshor grid,5: offshor grid,
5,offshor grid,5: offshor grid,
5,offshor grid,5: offshor grid,
5,offshor grid,5: offshor grid,
5,offshor grid,5: offshor grid,
5,offshor grid,5: offshor grid,
5,offshor grid,5: offshor grid,
5,offshor grid,5: offshor grid,
5,offshor grid,5: offshor grid,
5,offshor grid,5: offshor grid,
5,offshor grid,5: offshor grid,
5,offshor grid,5: offshor grid,
5,offshor grid,5: offshor grid,
5,offshor grid,5: offshor grid,
5,offshor grid,5: offshor grid,
5,offshor grid,5: offshor grid,
5,offshor grid,5: offshor grid,
5,offshor grid,5: offshor grid,
5,offshor grid,5: offshor grid,
5,offshor grid,5: offshor grid,
5,offshor grid,5: offshor grid,
5,offshor grid,5: offshor grid,
5,offshor grid,5: offshor grid,
5,offshor grid,5: offshor grid,
5,offshor grid,5: offshor grid,
5,offshor grid,5: offshor grid,
5,offshor grid,5: offshor grid,
5,offshor grid,5: offshor grid,
5,offshor grid,5: offshor grid,
5,offshor grid,5: offshor grid,
5,offshor grid,5: offshor grid,
5,offshor grid,5: offshor grid,
5,offshor grid,5: offshor grid,
5,offshor grid,5: offshor grid,
5,offshor grid,5: offshor grid,
5,offshor grid,5: offshor grid,
5,offshor grid,5: offshor grid,
5,offshor grid,5: offshor grid,
5,offshor grid,5: offshor grid,
5,offshor grid,5: offshor grid,
5,offshor grid,5: offshor grid,
5,offshor grid,5: offshor grid,
5,offshor grid,5: offshor grid,
5,offshor grid,5: offshor grid,
5,offshor grid,5: offshor grid,
5,offshor grid,5: offshor grid,
5,offshor grid,5: offshor grid,
5,offshor grid,5: offshor grid,
5,offshor grid,5: offshor grid,
5,offshor grid,5: offshor grid,
5,offshor grid,5: offshor grid,
5,offshor grid,5: offshor grid,
5,offshor grid,5: offshor grid,
5,offshor grid,5: offshor grid,
5,offshor grid,5: offshor grid,
5,offshor grid,5: offshor grid,
5,offshor grid,5: offshor grid,
5,offshor grid,5: offshor grid,
5,offshor grid,5: offshor grid,
5,offshor grid,5: offshor grid,
5,offshor grid,5: offshor grid,
5,offshor grid,5: offshor grid,
5,offshor grid,5: offshor grid,
5,offshor grid,5: offshor grid,
5,offshor grid,5: offshor grid,
5,offshor grid,5: offshor grid,
5,offshor grid,5: offshor grid,
5,offshor grid,5: offshor grid,
5,offshor grid,5: offshor grid,
5,offshor grid,5: offshor grid,
5,offshor grid,5: offshor grid,
5,offshor grid,5: offshor grid,
5,offshor grid,5: offshor grid,
5,offshor grid,5: offshor grid,
5,offshor grid,5: offshor grid,
5,offshor grid,5: offshor grid,
5,offshor grid,5: offshor grid,
5,offshor grid,5: offshor grid,
5,offshor grid,5: offshor grid,
5,offshor grid,5: offshor grid,
5,offshor grid,5: offshor grid,
5,offshor grid,5: offshor grid,
5,offshor grid,5: offshor grid,
5,offshor grid,5: offshor grid,
5,offshor grid,5: offshor grid,
5,offshor grid,5: offshor grid,
5,offshor grid,5: offshor grid,
5,offshor grid,5: offshor grid,
5,offshor grid,5: offshor grid,
5,offshor grid,5: offshor grid,
5,offshor grid,5: offshor grid,
5,offshor grid,5: offshor grid,
5,offshor grid,5: offshor grid,
5,offshor grid,5: offshor grid,
5,offshor grid,5: offshor grid,
5,offshor grid,5: offshor grid,
5,offshor grid,5: offshor grid,
5,offshor grid,5: offshor grid,
5,offshor grid,5: offshor grid,
5,offshor grid,5: offshor grid,
5,offshor grid,5: offshor grid,
5,offshor grid,5: offshor grid,
5,offshor grid,5: offshor grid,
5,offshor grid,5: offshor grid,
5,offshor grid,5: offshor grid,
5,offshor grid,5: offshor grid,
5,offshor grid,5: offshor grid,
5,offshor grid,5: offshor grid,
5,offshor grid,5: offshor grid,
5,offshor grid,5: offshor grid,
5,offshor grid,5: offshor grid,
5,offshor grid,5: offshor grid,
5,offshor grid,5: offshor grid,
5,offshor grid,5: offshor grid,
5,offshor grid,5: offshor grid,
5,offshor grid,5: offshor grid,
5,offshor grid,5: offshor grid,
5,offshor grid,5: offshor grid,
5,offshor grid,5: offshor grid,
5,offshor grid,5: offshor grid,
5,offshor grid,5: offshor grid,
5,offshor grid,5: offshor grid,
5,offshor grid,5: offshor grid,
5,offshor grid,5: offshor grid,
5,offshor grid,5: offshor grid,
5,offshor grid,5: offshor grid,
5,offshor grid,5: offshor grid,
5,offshor grid,5: offshor grid,
5,offshor grid,5: offshor grid,
5,offshor grid,5: offshor grid,
5,offshor grid,5: offshor grid,
5,offshor grid,5: offshor grid,
5,offshor grid,5: offshor grid,
5,offshor grid,5: offshor grid,
5,offshor grid,5: offshor grid,
5,offshor grid,5: offshor grid,
5,offshor grid,5: offshor grid,
5,offshor grid,5: offshor grid,
5,offshor grid,5: offshor grid,
5,offshor grid,5: offshor grid,
5,offshor grid,5: offshor grid,
5,offshor grid,5: offshor grid,
5,offshor grid,5: offshor grid,
5,offshor grid,5: offshor grid,
5,offshor grid,5: offshor grid,
5,offshor grid,5: offshor grid,
5,offshor grid,5: offshor grid,
5,offshor grid,5: offshor grid,
5,offshor grid,5: offshor grid,
5,offshor grid,5: offshor grid,
5,offshor grid,5: offshor grid,
5,offshor grid,5: offshor grid,
5,offshor grid,5: offshor grid,
5,offshor grid,5: offshor grid,
5,offshor grid,5: offshor grid,
5,offshor grid,5: offshor grid,
5,offshor grid,5: offshor grid,
5,offshor grid,5: offshor grid,
5,offshor grid,5: offshor grid,
5,offshor grid,5: offshor grid,
5,offshor grid,5: offshor grid,
5,offshor grid,5: offshor grid,
5,offshor grid,5: offshor grid,
5,offshor grid,5: offshor grid,
5,offshor grid,5: offshor grid,
5,offshor grid,5: offshor grid,
5,offshor grid,5: offshor grid,
5,offshor grid,5: offshor grid,
5,offshor grid,5: offshor grid,
5,offshor grid,5: offshor grid,
5,offshor grid,5: offshor grid,
5,offshor grid,5: offshor grid,
5,offshor grid,5: offshor grid,
5,offshor grid,5: offshor grid,
5,offshor grid,5: offshor grid,
5,offshor grid,5: offshor grid,
5,offshor grid,5: offshor grid,
5,offshor grid,5: offshor grid,
5,offshor grid,5: offshor grid,
5,offshor grid,5: offshor grid,
5,offshor grid,5: offshor grid,
5,offshor grid,5: offshor grid,
5,offshor grid,5: offshor grid,
5,offshor grid,5: offshor grid,
5,offshor grid,5: offshor grid,
5,offshor grid,5: offshor grid,
5,offshor grid,5: offshor grid,
5,offshor grid,5: offshor grid,
5,offshor grid,5: offshor grid,
5,offshor grid,5: offshor grid,
5,offshor grid,5: offshor grid,
5,offshor grid,5: offshor grid,
5,offshor grid,5: offshor grid,
5,offshor grid,5: offshor grid,
5,offshor grid,5: offshor grid,
5,offshor grid,5: offshor grid,
5,offshor grid,5: offshor grid,
5,offshor grid,5: offshor grid,
5,offshor grid,5: offshor grid,
5,offshor grid,5: offshor grid,
5,offshor grid,5: offshor grid,
5,offshor grid,5: offshor grid,
5,offshor grid,5: offshor grid,
5,offshor grid,5: offshor grid,
5,offshor grid,5: offshor grid,
5,offshor grid,5: offshor grid,
5,offshor grid,5: offshor grid,
5,offshor grid,5: offshor grid,
5,offshor grid,5: offshor grid,
5,offshor grid,5: offshor grid,
5,offshor grid,5: offshor grid,
5,offshor grid,5: offshor grid,
5,offshor grid,5: offshor grid,
5,offshor grid,5: offshor grid,
5,offshor grid,5: offshor grid,
5,offshor grid,5: offshor grid,
5,offshor grid,5: offshor grid,
5,offshor grid,5: offshor grid,
5,offshor grid,5: offshor grid,
5,offshor grid,5: offshor grid,
5,offshor grid,5: offshor grid,
5,offshor grid,5: offshor grid,
5,offshor grid,5: offshor grid,
5,offshor grid,5: offshor grid,
5,offshor grid,5: offshor grid,
5,offshor grid,5: offshor grid,
5,offshor grid,5: offshor grid,
5,offshor grid,5: offshor grid,
5,offshor grid,5: offshor grid,
5,offshor grid,5: offshor grid,
5,offshor grid,5: offshor grid,
5,offshor grid,5: offshor grid,
5,offshor grid,5: offshor grid,
5,offshor grid,5: offshor grid,
5,offshor grid,5: offshor grid,
5,offshor grid,5: offshor grid,
5,offshor grid,5: offshor grid,
5,offshor grid,5: offshor grid,
5,offshor grid,5: offshor grid,
5,offshor grid,5: offshor grid,
5,offshor grid,5: offshor grid,
5,offshor grid,5: offshor grid,
5,offshor grid,5: offshor grid,
5,offshor grid,5: offshor grid,
5,offshor grid,5: offshor grid,
5,offshor grid,5: offshor grid,
5,offshor grid,5: offshor grid,
5,offshor grid,5: offshor grid,
5,offshor grid,5: offshor grid,
5,offshor grid,5: offshor grid,
5,offshor grid,5: offshor grid,
5,offshor grid,5: offshor grid,
5,offshor grid,5: offshor grid,
5,offshor grid,5: offshor grid,
5,offshor grid,5: offshor grid,
5,offshor grid,5: offshor grid,
5,offshor grid,5: offshor grid,
5,offshor grid,5: offshor grid,
5,offshor grid,5: offshor grid,
5,offshor grid,5: offshor grid,
5,offshor grid,5: offshor grid,
5,offshor grid,5: offshor grid,
5,offshor grid,5: offshor grid,
5,offshor grid,5: offshor grid,
5,offshor grid,5: offshor grid,
5,offshor grid,5: offshor grid,
5,offshor grid,5: offshor grid,
5,offshor grid,5: offshor grid,
5,offshor grid,5: offshor grid,
5,offshor grid,5: offshor grid,
5,offshor grid,5: offshor grid,
5,offshor grid,5: offshor grid,
5,offshor grid,5: offshor grid,
5,offshor grid,5: offshor grid,
5,offshor grid,5: offshor grid,
5,offshor grid,5: offshor grid,
5,offshor grid,5: offshor grid,
5,offshor grid,5: offshor grid,
5,offshor grid,5: offshor grid,
5,offshor grid,5: offshor grid,
5,offshor grid,5: offshor grid,
5,offshor grid,5: offshor grid,
5,offshor grid,5: offshor grid,
5,offshor grid,5: offshor grid,
5,offshor grid,5: offshor grid,
5,offshor grid,5: offshor grid,
5,offshor grid,5: offshor grid,
5,offshor grid,5: offshor grid,
5,offshor grid,5: offshor grid,
5,offshor grid,5: offshor grid,
5,offshor grid,5: offshor grid,
5,offshor grid,5: offshor grid,
5,offshor grid,5: offshor grid,
5,offshor grid,5: offshor grid,
5,offshor grid,5: offshor grid,
5,offshor grid,5: offshor grid,
5,offshor grid,5: offshor grid,
5,offshor grid,5: offshor grid,
5,offshor grid,5: offshor grid,
5,offshor grid,5: offshor grid,
5,offshor grid,5: offshor grid,
5,offshor grid,5: offshor grid,
5,offshor grid,5: offshor grid,
5,offshor grid,5: offshor grid,
5,offshor grid,5: offshor grid,
5,offshor grid,5: offshor grid,
5,offshor grid,5: offshor grid,
5,offshor grid,5: offshor grid,
5,offshor grid,5: offshor grid,
5,offshor grid,5: offshor grid,
5,offshor grid,5: offshor grid,
5,offshor grid,5: offshor grid,
5,offshor grid,5: offshor grid,
5,offshor grid,5: offshor grid,
5,offshor grid,5: offshor grid,
5,offshor grid,5: offshor grid,
5,offshor grid,5: offshor grid,
5,offshor grid,5: offshor grid,
5,offshor grid,5: offshor grid,
5,offshor grid,5: offshor grid,
5,offshor grid,5: offshor grid,
5,offshor grid,5: offshor grid,
5,offshor grid,5: offshor grid,
5,offshor grid,5: offshor grid,
5,offshor grid,5: offshor grid,
5,offshor grid,5: offshor grid,
5,offshor grid,5: offshor grid,
5,offshor grid,5: offshor grid,
5,offshor grid,5: offshor grid,
5,offshor grid,5: offshor grid,
5,offshor grid,5: offshor grid,
5,offshor grid,5: offshor grid,
5,offshor grid,5: offshor grid,
5,offshor grid,5: offshor grid,
5,offshor grid,5: offshor grid,
5,offshor grid,5: offshor grid,
5,offshor grid,5: offshor grid,
5,offshor grid,5: offshor grid,
5,offshor grid,5: offshor grid,
5,offshor grid,5: offshor grid,
5,offshor grid,5: offshor grid,
5,offshor grid,5: offshor grid,
5,offshor grid,5: offshor grid,
5,offshor grid,5: offshor grid,
5,offshor grid,5: offshor grid,
5,offshor grid,5: offshor grid,
5,offshor grid,5: offshor grid,
5,offshor grid,5: offshor grid,
5,offshor grid,5: offshor grid,
5,offshor grid,5: offshor grid,
5,offshor grid,5: offshor grid,
5,offshor grid,5: offshor grid,
5,offshor grid,5: offshor grid,
5,offshor grid,5: offshor grid,
5,offshor grid,5: offshor grid,
5,offshor grid,5: offshor grid,
5,offshor grid,5: offshor grid,
5,offshor grid,5: offshor grid,
5,offshor grid,5: offshor grid,
5,offshor grid,5: offshor grid,
5,offshor grid,5: offshor grid,
5,offshor grid,5: offshor grid,
5,offshor grid,5: offshor grid,
5,offshor grid,5: offshor grid,
5,offshor grid,5: offshor grid,
5,offshor grid,5: offshor grid,
5,offshor grid,5: offshor grid,
5,offshor grid,5: offshor grid,
5,offshor grid,5: offshor grid,
5,offshor grid,5: offshor grid,
5,offshor grid,5: offshor grid,
5,offshor grid,5: offshor grid,
5,offshor grid,5: offshor grid,
5,offshor grid,5: offshor grid,
5,offshor grid,5: offshor grid,
5,offshor grid,5: offshor grid,
5,offshor grid,5: offshor grid,
5,offshor grid,5: offshor grid,
5,offshor grid,5: offshor grid,
5,offshor grid,5: offshor grid,
5,offshor grid,5: offshor grid,
5,offshor grid,5: offshor grid,
5,offshor grid,5: offshor grid,
5,offshor grid,5: offshor grid,
5,offshor grid,5: offshor grid,
5,offshor grid,5: offshor grid,
5,offshor grid,5: offshor grid,
5,offshor grid,5: offshor grid,
5,offshor grid,5: offshor grid,
5,offshor grid,5: offshor grid,
5,offshor grid,5: offshor grid,
5,offshor grid,5: offshor grid,
5,offshor grid,5: offshor grid,
5,offshor grid,5: offshor grid,
5,offshor grid,5: offshor grid,
5,offshor grid,5: offshor grid,
5,offshor grid,5: offshor grid,
5,offshor grid,5: offshor grid,
5,offshor grid,5: offshor grid,
5,offshor grid,5: offshor grid,
5,offshor grid,5: offshor grid,
5,offshor grid,5: offshor grid,
5,offshor grid,5: offshor grid,
5,offshor grid,5: offshor grid,
5,offshor grid,5: offshor grid,
5,offshor grid,5: offshor grid,
5,offshor grid,5: offshor grid,
5,offshor grid,5: offshor grid,
5,offshor grid,5: offshor grid,
5,offshor grid,5: offshor grid,
5,offshor grid,5: offshor grid,
5,offshor grid,5: offshor grid,
5,offshor grid,5: offshor grid,
5,offshor grid,5: offshor grid,
5,offshor grid,5: offshor grid,
5,offshor grid,5: offshor grid,
5,offshor grid,5: offshor grid,
5,offshor grid,5: offshor grid,
5,offshor grid,5: offshor grid,
5,offshor grid,5: offshor grid,
5,offshor grid,5: offshor grid,
5,offshor grid,5: offshor grid,
5,offshor grid,5: offshor grid,
5,offshor grid,5: offshor grid,
5,offshor grid,5: offshor grid,
5,offshor grid,5: offshor grid,
5,offshor grid,5: offshor grid,
5,offshor grid,5: offshor grid,
5,offshor grid,5: offshor grid,
5,offshor grid,5: offshor grid,
5,offshor grid,5: offshor grid,
5,offshor grid,5: offshor grid,
5,offshor grid,5: offshor grid,
5,offshor grid,5: offshor grid,
5,offshor grid,5: offshor grid,
5,offshor grid,5: offshor grid,
5,offshor grid,5: offshor grid,
5,offshor grid,5: offshor grid,
5,offshor grid,5: offshor grid,
5,offshor grid,5: offshor grid,
5,offshor grid,5: offshor grid,
5,offshor grid,5: offshor grid,
5,offshor grid,5: offshor grid,
5,offshor grid,5: offshor grid,
5,offshor grid,5: offshor grid,
5,offshor grid,5: offshor grid,
5,offshor grid,5: offshor grid,
5,offshor grid,5: offshor grid,
5,offshor grid,5: offshor grid,
5,offshor grid,5: offshor grid,
5,offshor grid,5: offshor grid,
5,offshor grid,5: offshor grid,
5,offshor grid,5: offshor grid,
5,offshor grid,5: offshor grid,
5,offshor grid,5: offshor grid,
5,offshor grid,5: offshor grid,
5,offshor grid,5: offshor grid,
5,offshor grid,5: offshor grid,
5,offshor grid,5: offshor grid,
5,offshor grid,5: offshor grid,
5,offshor grid,5: offshor grid,
5,offshor grid,5: offshor grid,
5,offshor grid,5: offshor grid,
5,offshor grid,5: offshor grid,
5,offshor grid,5: offshor grid,
5,offshor grid,5: offshor grid,
5,offshor grid,5: offshor grid,
5,offshor grid,5: offshor grid,
5,offshor grid,5: offshor grid,
5,offshor grid,5: offshor grid,
5,offshor grid,5: offshor grid,
5,offshor grid,5: offshor grid,
5,offshor grid,5: offshor grid,
5,offshor grid,5: offshor grid,
5,offshor grid,5: offshor grid,
5,offshor grid,5: offshor grid,
5,offshor grid,5: offshor grid,
5,offshor grid,5: offshor grid,
5,offshor grid,5: offshor grid,
5,offshor grid,5: offshor grid,
5,offshor grid,5: offshor grid,
5,offshor grid,5: offshor grid,
5,offshor grid,5: offshor grid,
5,offshor grid,5: offshor grid,
5,offshor grid,5: offshor grid,
5,offshor grid,5: offshor grid,
5,offshor grid,5: offshor grid,
5,offshor grid,5: offshor grid,
5,offshor grid,5: offshor grid,
5,offshor grid,5: offshor grid,
5,offshor grid,5: offshor grid,
5,offshor grid,5: offshor grid,
5,offshor grid,5: offshor grid,
5,offshor grid,5: offshor grid,
5,offshor grid,5: offshor grid,
5,offshor grid,5: offshor grid,
5,offshor grid,5: offshor grid,
5,offshor grid,5: offshor grid,
5,offshor grid,5: offshor grid,
5,offshor grid,5: offshor grid,
5,offshor grid,5: offshor grid,
5,offshor grid,5: offshor grid,
5,offshor grid,5: offshor grid,
5,offshor grid,5: offshor grid,
5,offshor grid,5: offshor grid,
5,offshor grid,5: offshor grid,
5,offshor grid,5: offshor grid,
5,offshor grid,5: offshor grid,
5,offshor grid,5: offshor grid,
5,offshor grid,5: offshor grid,
5,offshor grid,5: offshor grid,
5,offshor grid,5: offshor grid,
5,offshor grid,5: offshor grid,
5,offshor grid,5: offshor grid,
5,offshor grid,5: offshor grid,
5,offshor grid,5: offshor grid,
5,offshor grid,5: offshor grid,
5,offshor grid,5: offshor grid,
5,offshor grid,5: offshor grid,
5,offshor grid,5: offshor grid,
5,offshor grid,5: offshor grid,
5,offshor grid,5: offshor grid,
5,offshor grid,5: offshor grid,
5,offshor grid,5: offshor grid,
5,offshor grid,5: offshor grid,
5,offshor grid,5: offshor grid,
5,offshor grid,5: offshor grid,
5,offshor grid,5: offshor grid,
5,offshor grid,5: offshor grid,
5,offshor grid,5: offshor grid,
5,offshor grid,5: offshor grid,
5,offshor grid,5: offshor grid,
5,offshor grid,5: offshor grid,
5,offshor grid,5: offshor grid,
5,offshor grid,5: offshor grid,
5,offshor grid,5: offshor grid,
5,offshor grid,5: offshor grid,
5,offshor grid,5: offshor grid,
5,offshor grid,5: offshor grid,
5,offshor grid,5: offshor grid,
5,offshor grid,5: offshor grid,
5,offshor grid,5: offshor grid,
5,offshor grid,5: offshor grid,
5,offshor grid,5: offshor grid,
5,offshor grid,5: offshor grid,
5,offshor grid,5: offshor grid,
5,offshor grid,5: offshor grid,
5,offshor grid,5: offshor grid,
5,offshor grid,5: offshor grid,
5,offshor grid,5: offshor grid,
5,offshor grid,5: offshor grid,
5,offshor grid,5: offshor grid,
5,offshor grid,5: offshor grid,
5,offshor grid,5: offshor grid,
5,offshor grid,5: offshor grid,
5,offshor grid,5: offshor grid,
5,offshor grid,5: offshor grid,
5,offshor grid,5: offshor grid,
5,offshor grid,5: offshor grid,
5,offshor grid,5: offshor grid,
5,offshor grid,5: offshor grid,
5,offshor grid,5: offshor grid,
5,offshor grid,5: offshor grid,
5,offshor grid,5: offshor grid,
5,offshor grid,5: offshor grid,
5,offshor grid,5: offshor grid,
5,offshor grid,5: offshor grid,
5,offshor grid,5: offshor grid,
5,offshor grid,5: offshor grid,
5,offshor grid,5: offshor grid,
5,offshor grid,5: offshor grid,
5,offshor grid,5: offshor grid,
5,offshor grid,5: offshor grid,
5,offshor grid,5: offshor grid,
5,offshor grid,5: offshor grid,
5,offshor grid,5: offshor grid,
5,offshor grid,5: offshor grid,
5,offshor grid,5: offshor grid,
5,offshor grid,5: offshor grid,
5,offshor grid,5: offshor grid,
5,offshor grid,5: offshor grid,
5,offshor grid,5: offshor grid,
5,offshor grid,5: offshor grid,
5,offshor grid,5: offshor grid,
5,offshor grid,5: offshor grid,
5,offshor grid,5: offshor grid,
5,offshor grid,5: offshor grid,
5,offshor grid,5: offshor grid,
5,offshor grid,5: offshor grid,
5,offshor grid,5: offshor grid,
5,offshor grid,5: offshor grid,
5,offshor grid,5: offshor grid,
5,offshor grid,5: offshor grid,
5,offshor grid,5: offshor grid,
5,offshor grid,5: offshor grid,
5,offshor grid,5: offshor grid,
5,offshor grid,5: offshor grid,
5,offshor grid,5: offshor grid,
5,offshor grid,5: offshor grid,
5,offshor grid,5: offshor grid,
5,offshor grid,5: offshor grid,
5,offshor grid,5: offshor grid,
5,offshor grid,5: offshor grid,
5,offshor grid,5: offshor grid,
5,offshor grid,5: offshor grid,
5,offshor grid,5: offshor grid,
5,offshor grid,5: offshor grid,
5,offshor grid,5: offshor grid,
5,offshor grid,5: offshor grid,
5,offshor grid,5: offshor grid,
5,offshor grid,5: offshor grid,
5,offshor grid,5: offshor grid,
5,offshor grid,5: offshor grid,
5,offshor grid,5: offshor grid,
5,offshor grid,5: offshor grid,
5,offshor grid,5: offshor grid,
5,offshor grid,5: offshor grid,
5,offshor grid,5: offshor grid,
5,offshor grid,5: offshor grid,
5,offshor grid,5: offshor grid,
5,offshor grid,5: offshor grid,
5,offshor grid,5: offshor grid,
5,offshor grid,5: offshor grid,
5,offshor grid,5: offshor grid,
5,offshor grid,5: offshor grid,
5,offshor grid,5: offshor grid,
5,offshor grid,5: offshor grid,
5,offshor grid,5: offshor grid,
5,offshor grid,5: offshor grid,
5,offshor grid,5: offshor grid,
5,offshor grid,5: offshor grid,
5,offshor grid,5: offshor grid,
5,offshor grid,5: offshor grid,
5,offshor grid,5: offshor grid,
5,offshor grid,5: offshor grid,
5,offshor grid,5: offshor grid,
5,offshor grid,5: offshor grid,
5,offshor grid,5: offshor grid,
5,offshor grid,5: offshor grid,
5,offshor grid,5: offshor grid,
5,offshor grid,5: offshor grid,
5,offshor grid,5: offshor grid,
5,offshor grid,5: offshor grid,
5,offshor grid,5: offshor grid,
5,offshor grid,5: offshor grid,
5,offshor grid,5: offshor grid,
5,offshor grid,5: offshor grid,
5,offshor grid,5: offshor grid,
5,offshor grid,5: offshor grid,
5,offshor grid,5: offshor grid,
5,offshor grid,5: offshor grid,
5,offshor grid,5: offshor grid,
5,offshor grid,5: offshor grid,
5,offshor grid,5: offshor grid,
5,offshor grid,5: offshor grid,
5,offshor grid,5: offshor grid,
5,offshor grid,5: offshor grid,
5,offshor grid,5: offshor grid,
5,offshor grid,5: offshor grid,
5,offshor grid,5: offshor grid,
5,offshor grid,5: offshor grid,
5,offshor grid,5: offshor grid,
5,offshor grid,5: offshor grid,
5,offshor grid,5: offshor grid,
5,offshor grid,5: offshor grid,
5,offshor grid,5: offshor grid,
5,offshor grid,5: offshor grid,
5,offshor grid,5: offshor grid,
5,offshor grid,5: offshor grid,
5,offshor grid,5: offshor grid,
5,offshor grid,5: offshor grid,
5,offshor grid,5: offshor grid,
5,offshor grid,5: offshor grid,
5,offshor grid,5: offshor grid,
5,offshor grid,5: offshor grid,
5,offshor grid,5: offshor grid,
5,offshor grid,5: offshor grid,
5,offshor grid,5: offshor grid,
5,offshor grid,5: offshor grid,
5,offshor grid,5: offshor grid,
5,offshor grid,5: offshor grid,
5,offshor grid,5: offshor grid,
5,offshor grid,5: offshor grid,
5,offshor grid,5: offshor grid,
5,offshor grid,5: offshor grid,
5,offshor grid,5: offshor grid,
5,offshor grid,5: offshor grid,
5,offshor grid,5: offshor grid,
5,offshor grid,5: offshor grid,
5,offshor grid,5: offshor grid,
5,offshor grid,5: offshor grid,
5,offshor grid,5: offshor grid,
5,offshor grid,5: offshor grid,
5,offshor grid,5: offshor grid,
5,offshor grid,5: offshor grid,
5,offshor grid,5: offshor grid,
5,offshor grid,5: offshor grid,
5,offshor grid,5: offshor grid,
5,offshor grid,5: offshor grid,
5,offshor grid,5: offshor grid,
5,offshor grid,5: offshor grid,
5,offshor grid,5: offshor grid,
5,offshor grid,5: offshor grid,
5,offshor grid,5: offshor grid,
5,offshor grid,5: offshor grid,
5,offshor grid,5: offshor grid,
5,offshor grid,5: offshor grid,
5,offshor grid,5: offshor grid,
5,offshor grid,5: offshor grid,
5,offshor grid,5: offshor grid,
5,offshor grid,5: offshor grid,
5,offshor grid,5: offshor grid,
5,offshor grid,5: offshor grid,
5,offshor grid,5: offshor grid,
5,offshor grid,5: offshor grid,
5,offshor grid,5: offshor grid,
5,offshor grid,5: offshor grid,
5,offshor grid,5: offshor grid,
5,offshor grid,5: offshor grid,
5,offshor grid,5: offshor grid,
5,offshor grid,5: offshor grid,
5,offshor grid,5: offshor grid,
5,offshor grid,5: offshor grid,
5,offshor grid,5: offshor grid,
5,offshor grid,5: offshor grid,
5,offshor grid,5: offshor grid,
5,offshor grid,5: offshor grid,
5,offshor grid,5: offshor grid,
5,offshor grid,5: offshor grid,
5,offshor grid,5: offshor grid,
5,offshor grid,5: offshor grid,
5,offshor grid,5: offshor grid,
5,offshor grid,5: offshor grid,
5,offshor grid,5: offshor grid,
5,offshor grid,5: offshor grid,
5,offshor grid,5: offshor grid,
5,offshor grid,5: offshor grid,
5,offshor grid,5: offshor grid,
5,offshor grid,5: offshor grid,
5,offshor grid,5: offshor grid,
5,offshor grid,5: offshor grid,
5,offshor grid,5: offshor grid,
5,offshor grid,5: offshor grid,
5,offshor grid,5: offshor grid,
5,offshor grid,5: offshor grid,
5,offshor grid,5: offshor grid,
5,offshor grid,5: offshor grid,
5,offshor grid,5: offshor grid,
5,offshor grid,5: offshor grid,
5,offshor grid,5: offshor grid,
5,offshor grid,5: offshor grid,
5,offshor grid,5: offshor grid,
5,offshor grid,5: offshor grid,
5,offshor grid,5: offshor grid,
5,offshor grid,5: offshor grid,
5,offshor grid,5: offshor grid,
5,offshor grid,5: offshor grid,
5,offshor grid,5: offshor grid,
5,offshor grid,5: offshor grid,
5,offshor grid,5: offshor grid,
5,offshor grid,5: offshor grid,
5,offshor grid,5: offshor grid,
5,offshor grid,5: offshor grid,
5,offshor grid,5: offshor grid,
5,offshor grid,5: offshor grid,
5,offshor grid,5: offshor grid,
5,offshor grid,5: offshor grid,
5,offshor grid,5: offshor grid,
5,offshor grid,5: offshor grid,
5,offshor grid,5: offshor grid,
5,offshor grid,5: offshor grid,
5,offshor grid,5: offshor grid,
5,offshor grid,5: offshor grid,
5,offshor grid,5: offshor grid,
5,offshor grid,5: offshor grid,
5,offshor grid,5: offshor grid,
5,offshor grid,5: offshor grid,
5,offshor grid,5: offshor grid,
5,offshor grid,5: offshor grid,
5,offshor grid,5: offshor grid,
5,offshor grid,5: offshor grid,
5,offshor grid,5: offshor grid,
5,offshor grid,5: offshor grid,
5,offshor grid,5: offshor grid,
5,offshor grid,5: offshor grid,
5,offshor grid,5: offshor grid,
5,offshor grid,5: offshor grid,
5,offshor grid,5: offshor grid,
5,offshor grid,5: offshor grid,
5,offshor grid,5: offshor grid,
5,offshor grid,5: offshor grid,
5,offshor grid,5: offshor grid,
5,offshor grid,5: offshor grid,
5,offshor grid,5: offshor grid,
5,offshor grid,5: offshor grid,
5,offshor grid,5: offshor grid,
5,offshor grid,5: offshor grid,
5,offshor grid,5: offshor grid,
5,offshor grid,5: offshor grid,
5,offshor grid,5: offshor grid,
5,offshor grid,5: offshor grid,
5,offshor grid,5: offshor grid,
5,offshor grid,5: offshor grid,
5,offshor grid,5: offshor grid,
5,offshor grid,5: offshor grid,
5,offshor grid,5: offshor grid,
5,offshor grid,5: offshor grid,
5,offshor grid,5: offshor grid,
5,offshor grid,5: offshor grid,
5,offshor grid,5: offshor grid,
5,offshor grid,5: offshor grid,
5,offshor grid,5: offshor grid,
5,offshor grid,5: offshor grid,
5,offshor grid,5: offshor grid,
5,offshor grid,5: offshor grid,
5,offshor grid,5: offshor grid,
5,offshor grid,5: offshor grid,
5,offshor grid,5: offshor grid,
5,offshor grid,5: offshor grid,
5,offshor grid,5: offshor grid,
5,offshor grid,5: offshor grid,
5,offshor grid,5: offshor grid,
5,offshor grid,5: offshor grid,
5,offshor grid,5: offshor grid,
5,offshor grid,5: offshor grid,
5,offshor grid,5: offshor grid,
5,offshor grid,5: offshor grid,
5,offshor grid,5: offshor grid,
5,offshor grid,5: offshor grid,
5,offshor grid,5: offshor grid,
5,offshor grid,5: offshor grid,
5,offshor grid,5: offshor grid,
5,offshor grid,5: offshor grid,
5,offshor grid,5: offshor grid,
5,offshor grid,5: offshor grid,
5,offshor grid,5: offshor grid,
5,offshor grid,5: offshor grid,
5,offshor grid,5: offshor grid,
5,offshor grid,5: offshor grid,
5,offshor grid,5: offshor grid,
5,offshor grid,5: offshor grid,
5,offshor grid,5: offshor grid,
5,offshor grid,5: offshor grid,
5,offshor grid,5: offshor grid,
5,offshor grid,5: offshor grid,
5,offshor grid,5: offshor grid,
5,offshor grid,5: offshor grid,
5,offshor grid,5: offshor grid,
5,offshor grid,5: offshor grid,
5,offshor grid,5: offshor grid,
5,offshor grid,5: offshor grid,
5,offshor grid,5: offshor grid,
5,offshor grid,5: offshor grid,
5,offshor grid,5: offshor grid,
5,offshor grid,5: offshor grid,
5,offshor grid,5: offshor grid,
5,offshor grid,5: offshor grid,
5,offshor grid,5: offshor grid,
5,offshor grid,5: offshor grid,
5,offshor grid,5: offshor grid,
5,offshor grid,5: offshor grid,
5,offshor grid,5: offshor grid,
5,offshor grid,5: offshor grid,
5,offshor grid,5: offshor grid,
5,offshor grid,5: offshor grid,
5,offshor grid,5: offshor grid,
5,offshor grid,5: offshor grid,
5,offshor grid,5: offshor grid,
5,offshor grid,5: offshor grid,
5,offshor grid,5: offshor grid,
5,offshor grid,5: offshor grid,
5,offshor grid,5: offshor grid,
5,offshor grid,5: offshor grid,
5,offshor grid,5: offshor grid,
5,offshor grid,5: offshor grid,
5,offshor grid,5: offshor grid,
5,offshor grid,5: offshor grid,
5,offshor grid,5: offshor grid,
5,offshor grid,5: offshor grid,
5,offshor grid,5: offshor grid,
5,offshor grid,5: offshor grid,
5,offshor grid,5: offshor grid,
5,offshor grid,5: offshor grid,
5,offshor grid,5: offshor grid,
5,offshor grid,5: offshor grid,
5,offshor grid,5: offshor grid,
5,offshor grid,5: offshor grid,
5,offshor grid,5: offshor grid,
5,offshor grid,5: offshor grid,
5,offshor grid,5: offshor grid,
5,offshor grid,5: offshor grid,
5,offshor grid,5: offshor grid,
5,offshor grid,5: offshor grid,
5,offshor grid,5: offshor grid,
5,offshor grid,5: offshor grid,
5,offshor grid,5: offshor grid,
5,offshor grid,5: offshor grid,
5,offshor grid,5: offshor grid,
5,offshor grid,5: offshor grid,
5,offshor grid,5: offshor grid,
5,offshor grid,5: offshor grid,
5,offshor grid,5: offshor grid,
5,offshor grid,5: offshor grid,
5,offshor grid,5: offshor grid,
5,offshor grid,5: offshor grid,
5,offshor grid,5: offshor grid,
5,offshor grid,5: offshor grid,
5,offshor grid,5: offshor grid,
5,offshor grid,5: offshor grid,
5,offshor grid,5: offshor grid,
5,offshor grid,5: offshor grid,
5,offshor grid,5: offshor grid,
5,offshor grid,5: offshor grid,
5,offshor grid,5: offshor grid,
5,offshor grid,5: offshor grid,
5,offshor grid,5: offshor grid,
5,offshor grid,5: offshor grid,
5,offshor grid,5: offshor grid,
5,offshor grid,5: offshor grid,
5,offshor grid,5: offshor grid,
5,offshor grid,5: offshor grid,
5,offshor grid,5: offshor grid,
5,offshor grid,5: offshor grid,
5,offshor grid,5: offshor grid,
5,offshor grid,5: offshor grid,
5,offshor grid,5: offshor grid,
5,offshor grid,5: offshor grid,
5,offshor grid,5: offshor grid,
5,offshor grid,5: offshor grid,
5,offshor grid,5: offshor grid,
5,offshor grid,5: offshor grid,
5,offshor grid,5: offshor grid,
5,offshor grid,5: offshor grid,
5,offshor grid,5: offshor grid,
5,offshor grid,5: offshor grid,
5,offshor grid,5: offshor grid,
5,offshor grid,5: offshor grid,
5,offshor grid,5: offshor grid,
5,offshor grid,5: offshor grid,
5,offshor grid,5: offshor grid,
5,offshor grid,5: offshor grid,
5,offshor grid,5: offshor grid,
5,offshor grid,5: offshor grid,
5,offshor grid,5: offshor grid,
5,offshor grid,5: offshor grid,
5,offshor grid,5: offshor grid,
5,offshor grid,5: offshor grid,
5,offshor grid,5: offshor grid,
5,offshor grid,5: offshor grid,
5,offshor grid,5: offshor grid,
5,offshor grid,5: offshor grid,
5,offshor grid,5: offshor grid,
5,offshor grid,5: offshor grid,
5,offshor grid,5: offshor grid,
5,offshor grid,5: offshor grid,
5,offshor grid,5: offshor grid,
5,offshor grid,5: offshor grid,
5,offshor grid,5: offshor grid,
5,offshor grid,5: offshor grid,
5,offshor grid,5: offshor grid,
5,offshor grid,5: offshor grid,
5,offshor grid,5: offshor grid,
5,offshor grid,5: offshor grid,
5,offshor grid,5: offshor grid,
5,offshor grid,5: offshor grid,
5,offshor grid,5: offshor grid,
5,offshor grid,5: offshor grid,
5,offshor grid,5: offshor grid,
5,offshor grid,5: offshor grid,
5,offshor grid,5: offshor grid,
5,offshor grid,5: offshor grid,
5,offshor grid,5: offshor grid,
5,offshor grid,5: offshor grid,
5,offshor grid,5: offshor grid,
5,offshor grid,5: offshor grid,
5,offshor grid,5: offshor grid,
5,offshor grid,5: offshor grid,
5,offshor grid,5: offshor grid,
5,offshor grid,5: offshor grid,
5,offshor grid,5: offshor grid,
5,offshor grid,5: offshor grid,
5,offshor grid,5: offshor grid,
5,offshor grid,5: offshor grid,
5,offshor grid,5: offshor grid,
7,renew energi,7: renew energi,
7,renew energi,7: renew energi,
7,renew energi,7: renew energi,
7,renew energi,7: renew energi,
7,renew energi,7: renew energi,
7,renew energi,7: renew energi,
7,renew energi,7: renew energi,
7,renew energi,7: renew energi,
7,renew energi,7: renew energi,
7,renew energi,7: renew energi,
7,renew energi,7: renew energi,
7,renew energi,7: renew energi,
7,renew energi,7: renew energi,
7,renew energi,7: renew energi,
7,renew energi,7: renew energi,
7,renew energi,7: renew energi,
7,renew energi,7: renew energi,
7,renew energi,7: renew energi,
7,renew energi,7: renew energi,
7,renew energi,7: renew energi,
7,renew energi,7: renew energi,
7,renew energi,7: renew energi,
7,renew energi,7: renew energi,
7,renew energi,7: renew energi,
7,renew energi,7: renew energi,
7,renew energi,7: renew energi,
7,renew energi,7: renew energi,
7,renew energi,7: renew energi,
7,renew energi,7: renew energi,
7,renew energi,7: renew energi,
7,renew energi,7: renew energi,
7,renew energi,7: renew energi,
7,renew energi,7: renew energi,
7,renew energi,7: renew energi,
7,renew energi,7: renew energi,
7,renew energi,7: renew energi,
7,renew energi,7: renew energi,
7,renew energi,7: renew energi,
7,renew energi,7: renew energi,
7,renew energi,7: renew energi,
7,renew energi,7: renew energi,
7,renew energi,7: renew energi,
7,renew energi,7: renew energi,
7,renew energi,7: renew energi,
7,renew energi,7: renew energi,
7,renew energi,7: renew energi,
7,renew energi,7: renew energi,
7,renew energi,7: renew energi,
7,renew energi,7: renew energi,
7,renew energi,7: renew energi,
7,renew energi,7: renew energi,
7,renew energi,7: renew energi,
7,renew energi,7: renew energi,
7,renew energi,7: renew energi,
7,renew energi,7: renew energi,
7,renew energi,7: renew energi,
7,renew energi,7: renew energi,
7,renew energi,7: renew energi,
7,renew energi,7: renew energi,
7,renew energi,7: renew energi,
7,renew energi,7: renew energi,
7,renew energi,7: renew energi,
7,renew energi,7: renew energi,
7,renew energi,7: renew energi,
7,renew energi,7: renew energi,
7,renew energi,7: renew energi,
7,renew energi,7: renew energi,
7,renew energi,7: renew energi,
7,renew energi,7: renew energi,
7,renew energi,7: renew energi,
7,renew energi,7: renew energi,
7,renew energi,7: renew energi,
7,renew energi,7: renew energi,
7,renew energi,7: renew energi,
7,renew energi,7: renew energi,
7,renew energi,7: renew energi,
7,renew energi,7: renew energi,
7,renew energi,7: renew energi,
7,renew energi,7: renew energi,
7,renew energi,7: renew energi,
7,renew energi,7: renew energi,
7,renew energi,7: renew energi,
7,renew energi,7: renew energi,
7,renew energi,7: renew energi,
7,renew energi,7: renew energi,
7,renew energi,7: renew energi,
7,renew energi,7: renew energi,
7,renew energi,7: renew energi,
7,renew energi,7: renew energi,
7,renew energi,7: renew energi,
7,renew energi,7: renew energi,
7,renew energi,7: renew energi,
7,renew energi,7: renew energi,
7,renew energi,7: renew energi,
7,renew energi,7: renew energi,
7,renew energi,7: renew energi,
7,renew energi,7: renew energi,
7,renew energi,7: renew energi,
7,renew energi,7: renew energi,
7,renew energi,7: renew energi,
7,renew energi,7: renew energi,
7,renew energi,7: renew energi,
7,renew energi,7: renew energi,
7,renew energi,7: renew energi,
7,renew energi,7: renew energi,
7,renew energi,7: renew energi,
7,renew energi,7: renew energi,
7,renew energi,7: renew energi,
7,renew energi,7: renew energi,
7,renew energi,7: renew energi,
7,renew energi,7: renew energi,
7,renew energi,7: renew energi,
7,renew energi,7: renew energi,
7,renew energi,7: renew energi,
7,renew energi,7: renew energi,
7,renew energi,7: renew energi,
7,renew energi,7: renew energi,
7,renew energi,7: renew energi,
7,renew energi,7: renew energi,
7,renew energi,7: renew energi,
7,renew energi,7: renew energi,
7,renew energi,7: renew energi,
7,renew energi,7: renew energi,
7,renew energi,7: renew energi,
7,renew energi,7: renew energi,
7,renew energi,7: renew energi,
7,renew energi,7: renew energi,
7,renew energi,7: renew energi,
7,renew energi,7: renew energi,
7,renew energi,7: renew energi,
7,renew energi,7: renew energi,
7,renew energi,7: renew energi,
7,renew energi,7: renew energi,
7,renew energi,7: renew energi,
7,renew energi,7: renew energi,
7,renew energi,7: renew energi,
7,renew energi,7: renew energi,
7,renew energi,7: renew energi,
7,renew energi,7: renew energi,
7,renew energi,7: renew energi,
7,renew energi,7: renew energi,
7,renew energi,7: renew energi,
7,renew energi,7: renew energi,
7,renew energi,7: renew energi,
7,renew energi,7: renew energi,
7,renew energi,7: renew energi,
1,abstract avail,1: abstract avail,
1,abstract avail,1: abstract avail,
1,abstract avail,1: abstract avail,
1,abstract avail,1: abstract avail,
1,abstract avail,1: abstract avail,
1,abstract avail,1: abstract avail,
1,abstract avail,1: abstract avail,
1,abstract avail,1: abstract avail,
1,abstract avail,1: abstract avail,
1,abstract avail,1: abstract avail,
1,abstract avail,1: abstract avail,
1,abstract avail,1: abstract avail,
1,abstract avail,1: abstract avail,
1,abstract avail,1: abstract avail,
1,abstract avail,1: abstract avail,
1,abstract avail,1: abstract avail,
1,abstract avail,1: abstract avail,
1,abstract avail,1: abstract avail,
1,abstract avail,1: abstract avail,
1,abstract avail,1: abstract avail,
1,abstract avail,1: abstract avail,
1,abstract avail,1: abstract avail,
1,abstract avail,1: abstract avail,
1,abstract avail,1: abstract avail,
1,abstract avail,1: abstract avail,
1,abstract avail,1: abstract avail,
1,abstract avail,1: abstract avail,
1,abstract avail,1: abstract avail,
1,abstract avail,1: abstract avail,
1,abstract avail,1: abstract avail,
1,abstract avail,1: abstract avail,
1,abstract avail,1: abstract avail,
1,abstract avail,1: abstract avail,
1,abstract avail,1: abstract avail,
1,abstract avail,1: abstract avail,
1,abstract avail,1: abstract avail,
1,abstract avail,1: abstract avail,
1,abstract avail,1: abstract avail,
1,abstract avail,1: abstract avail,
1,abstract avail,1: abstract avail,
1,abstract avail,1: abstract avail,
1,abstract avail,1: abstract avail,
1,abstract avail,1: abstract avail,
1,abstract avail,1: abstract avail,
1,abstract avail,1: abstract avail,
1,abstract avail,1: abstract avail,
1,abstract avail,1: abstract avail,
1,abstract avail,1: abstract avail,
1,abstract avail,1: abstract avail,
1,abstract avail,1: abstract avail,
1,abstract avail,1: abstract avail,
1,abstract avail,1: abstract avail,
1,abstract avail,1: abstract avail,
1,abstract avail,1: abstract avail,
1,abstract avail,1: abstract avail,
1,abstract avail,1: abstract avail,
1,abstract avail,1: abstract avail,
1,abstract avail,1: abstract avail,
1,abstract avail,1: abstract avail,
1,abstract avail,1: abstract avail,
1,abstract avail,1: abstract avail,
1,abstract avail,1: abstract avail,
1,abstract avail,1: abstract avail,
1,abstract avail,1: abstract avail,
1,abstract avail,1: abstract avail,
1,abstract avail,1: abstract avail,
1,abstract avail,1: abstract avail,
1,abstract avail,1: abstract avail,
1,abstract avail,1: abstract avail,
1,abstract avail,1: abstract avail,
1,abstract avail,1: abstract avail,
1,abstract avail,1: abstract avail,
1,abstract avail,1: abstract avail,
1,abstract avail,1: abstract avail,
1,abstract avail,1: abstract avail,
1,abstract avail,1: abstract avail,
1,abstract avail,1: abstract avail,
1,abstract avail,1: abstract avail,
1,abstract avail,1: abstract avail,
1,abstract avail,1: abstract avail,
1,abstract avail,1: abstract avail,
1,abstract avail,1: abstract avail,
1,abstract avail,1: abstract avail,
1,abstract avail,1: abstract avail,
1,abstract avail,1: abstract avail,
1,abstract avail,1: abstract avail,
1,abstract avail,1: abstract avail,
1,abstract avail,1: abstract avail,
1,abstract avail,1: abstract avail,
1,abstract avail,1: abstract avail,
1,abstract avail,1: abstract avail,
1,abstract avail,1: abstract avail,
1,abstract avail,1: abstract avail,
1,abstract avail,1: abstract avail,
1,abstract avail,1: abstract avail,
1,abstract avail,1: abstract avail,
1,abstract avail,1: abstract avail,
1,abstract avail,1: abstract avail,
1,abstract avail,1: abstract avail,
1,abstract avail,1: abstract avail,
1,abstract avail,1: abstract avail,
1,abstract avail,1: abstract avail,
1,abstract avail,1: abstract avail,
1,abstract avail,1: abstract avail,
1,abstract avail,1: abstract avail,
1,abstract avail,1: abstract avail,
1,abstract avail,1: abstract avail,
1,abstract avail,1: abstract avail,
1,abstract avail,1: abstract avail,
1,abstract avail,1: abstract avail,
1,abstract avail,1: abstract avail,
1,abstract avail,1: abstract avail,
1,abstract avail,1: abstract avail,
1,abstract avail,1: abstract avail,
1,abstract avail,1: abstract avail,
1,abstract avail,1: abstract avail,
1,abstract avail,1: abstract avail,
1,abstract avail,1: abstract avail,
1,abstract avail,1: abstract avail,
1,abstract avail,1: abstract avail,
1,abstract avail,1: abstract avail,
1,abstract avail,1: abstract avail,
1,abstract avail,1: abstract avail,
1,abstract avail,1: abstract avail,
1,abstract avail,1: abstract avail,
1,abstract avail,1: abstract avail,
1,abstract avail,1: abstract avail,
1,abstract avail,1: abstract avail,
1,abstract avail,1: abstract avail,
1,abstract avail,1: abstract avail,
1,abstract avail,1: abstract avail,
1,abstract avail,1: abstract avail,
1,abstract avail,1: abstract avail,
1,abstract avail,1: abstract avail,
1,abstract avail,1: abstract avail,
1,abstract avail,1: abstract avail,
1,abstract avail,1: abstract avail,
1,abstract avail,1: abstract avail,
1,abstract avail,1: abstract avail,
1,abstract avail,1: abstract avail,
1,abstract avail,1: abstract avail,
1,abstract avail,1: abstract avail,
1,abstract avail,1: abstract avail,
1,abstract avail,1: abstract avail,
1,abstract avail,1: abstract avail,
1,abstract avail,1: abstract avail,
1,abstract avail,1: abstract avail,
1,abstract avail,1: abstract avail,
1,abstract avail,1: abstract avail,
1,abstract avail,1: abstract avail,
1,abstract avail,1: abstract avail,
1,abstract avail,1: abstract avail,
1,abstract avail,1: abstract avail,
1,abstract avail,1: abstract avail,
1,abstract avail,1: abstract avail,
1,abstract avail,1: abstract avail,
1,abstract avail,1: abstract avail,
1,abstract avail,1: abstract avail,
1,abstract avail,1: abstract avail,
1,abstract avail,1: abstract avail,
1,abstract avail,1: abstract avail,
1,abstract avail,1: abstract avail,
7,renew energi,7: renew energi,
7,renew energi,7: renew energi,
7,renew energi,7: renew energi,
7,renew energi,7: renew energi,
7,renew energi,7: renew energi,
7,renew energi,7: renew energi,
7,renew energi,7: renew energi,
7,renew energi,7: renew energi,
7,renew energi,7: renew energi,
7,renew energi,7: renew energi,
7,renew energi,7: renew energi,
7,renew energi,7: renew energi,
7,renew energi,7: renew energi,
7,renew energi,7: renew energi,
7,renew energi,7: renew energi,
7,renew energi,7: renew energi,
7,renew energi,7: renew energi,
7,renew energi,7: renew energi,
7,renew energi,7: renew energi,
7,renew energi,7: renew energi,
7,renew energi,7: renew energi,
7,renew energi,7: renew energi,
7,renew energi,7: renew energi,
7,renew energi,7: renew energi,
7,renew energi,7: renew energi,
7,renew energi,7: renew energi,
7,renew energi,7: renew energi,
7,renew energi,7: renew energi,
7,renew energi,7: renew energi,
7,renew energi,7: renew energi,
7,renew energi,7: renew energi,
7,renew energi,7: renew energi,
7,renew energi,7: renew energi,
7,renew energi,7: renew energi,
7,renew energi,7: renew energi,
7,renew energi,7: renew energi,
7,renew energi,7: renew energi,
7,renew energi,7: renew energi,
7,renew energi,7: renew energi,
7,renew energi,7: renew energi,
7,renew energi,7: renew energi,
7,renew energi,7: renew energi,
7,renew energi,7: renew energi,
7,renew energi,7: renew energi,
7,renew energi,7: renew energi,
7,renew energi,7: renew energi,
7,renew energi,7: renew energi,
7,renew energi,7: renew energi,
7,renew energi,7: renew energi,
7,renew energi,7: renew energi,
7,renew energi,7: renew energi,
7,renew energi,7: renew energi,
7,renew energi,7: renew energi,
7,renew energi,7: renew energi,
7,renew energi,7: renew energi,
7,renew energi,7: renew energi,
7,renew energi,7: renew energi,
7,renew energi,7: renew energi,
7,renew energi,7: renew energi,
7,renew energi,7: renew energi,
7,renew energi,7: renew energi,
7,renew energi,7: renew energi,
7,renew energi,7: renew energi,
7,renew energi,7: renew energi,
7,renew energi,7: renew energi,
7,renew energi,7: renew energi,
7,renew energi,7: renew energi,
7,renew energi,7: renew energi,
7,renew energi,7: renew energi,
7,renew energi,7: renew energi,
7,renew energi,7: renew energi,
7,renew energi,7: renew energi,
7,renew energi,7: renew energi,
7,renew energi,7: renew energi,
7,renew energi,7: renew energi,
7,renew energi,7: renew energi,
7,renew energi,7: renew energi,
7,renew energi,7: renew energi,
7,renew energi,7: renew energi,
7,renew energi,7: renew energi,
7,renew energi,7: renew energi,
7,renew energi,7: renew energi,
7,renew energi,7: renew energi,
7,renew energi,7: renew energi,
7,renew energi,7: renew energi,
7,renew energi,7: renew energi,
7,renew energi,7: renew energi,
7,renew energi,7: renew energi,
7,renew energi,7: renew energi,
7,renew energi,7: renew energi,
7,renew energi,7: renew energi,
7,renew energi,7: renew energi,
7,renew energi,7: renew energi,
7,renew energi,7: renew energi,
7,renew energi,7: renew energi,
7,renew energi,7: renew energi,
7,renew energi,7: renew energi,
7,renew energi,7: renew energi,
7,renew energi,7: renew energi,
7,renew energi,7: renew energi,
7,renew energi,7: renew energi,
7,renew energi,7: renew energi,
7,renew energi,7: renew energi,
7,renew energi,7: renew energi,
7,renew energi,7: renew energi,
7,renew energi,7: renew energi,
7,renew energi,7: renew energi,
7,renew energi,7: renew energi,
7,renew energi,7: renew energi,
7,renew energi,7: renew energi,
7,renew energi,7: renew energi,
7,renew energi,7: renew energi,
7,renew energi,7: renew energi,
7,renew energi,7: renew energi,
7,renew energi,7: renew energi,
7,renew energi,7: renew energi,
7,renew energi,7: renew energi,
7,renew energi,7: renew energi,
7,renew energi,7: renew energi,
7,renew energi,7: renew energi,
7,renew energi,7: renew energi,
7,renew energi,7: renew energi,
7,renew energi,7: renew energi,
7,renew energi,7: renew energi,
7,renew energi,7: renew energi,
7,renew energi,7: renew energi,
7,renew energi,7: renew energi,
7,renew energi,7: renew energi,
7,renew energi,7: renew energi,
7,renew energi,7: renew energi,
7,renew energi,7: renew energi,
7,renew energi,7: renew energi,
7,renew energi,7: renew energi,
7,renew energi,7: renew energi,
7,renew energi,7: renew energi,
7,renew energi,7: renew energi,
7,renew energi,7: renew energi,
7,renew energi,7: renew energi,
7,renew energi,7: renew energi,
7,renew energi,7: renew energi,
7,renew energi,7: renew energi,
7,renew energi,7: renew energi,
7,renew energi,7: renew energi,
7,renew energi,7: renew energi,
7,renew energi,7: renew energi,
7,renew energi,7: renew energi,
1,abstract avail,1: abstract avail,
1,abstract avail,1: abstract avail,
1,abstract avail,1: abstract avail,
1,abstract avail,1: abstract avail,
1,abstract avail,1: abstract avail,
1,abstract avail,1: abstract avail,
1,abstract avail,1: abstract avail,
1,abstract avail,1: abstract avail,
1,abstract avail,1: abstract avail,
1,abstract avail,1: abstract avail,
1,abstract avail,1: abstract avail,
1,abstract avail,1: abstract avail,
1,abstract avail,1: abstract avail,
1,abstract avail,1: abstract avail,
1,abstract avail,1: abstract avail,
1,abstract avail,1: abstract avail,
1,abstract avail,1: abstract avail,
1,abstract avail,1: abstract avail,
1,abstract avail,1: abstract avail,
1,abstract avail,1: abstract avail,
1,abstract avail,1: abstract avail,
1,abstract avail,1: abstract avail,
1,abstract avail,1: abstract avail,
1,abstract avail,1: abstract avail,
1,abstract avail,1: abstract avail,
1,abstract avail,1: abstract avail,
1,abstract avail,1: abstract avail,
1,abstract avail,1: abstract avail,
1,abstract avail,1: abstract avail,
1,abstract avail,1: abstract avail,
1,abstract avail,1: abstract avail,
1,abstract avail,1: abstract avail,
1,abstract avail,1: abstract avail,
1,abstract avail,1: abstract avail,
1,abstract avail,1: abstract avail,
1,abstract avail,1: abstract avail,
1,abstract avail,1: abstract avail,
1,abstract avail,1: abstract avail,
1,abstract avail,1: abstract avail,
1,abstract avail,1: abstract avail,
1,abstract avail,1: abstract avail,
1,abstract avail,1: abstract avail,
1,abstract avail,1: abstract avail,
1,abstract avail,1: abstract avail,
1,abstract avail,1: abstract avail,
1,abstract avail,1: abstract avail,
1,abstract avail,1: abstract avail,
1,abstract avail,1: abstract avail,
1,abstract avail,1: abstract avail,
1,abstract avail,1: abstract avail,
1,abstract avail,1: abstract avail,
1,abstract avail,1: abstract avail,
1,abstract avail,1: abstract avail,
1,abstract avail,1: abstract avail,
1,abstract avail,1: abstract avail,
1,abstract avail,1: abstract avail,
1,abstract avail,1: abstract avail,
1,abstract avail,1: abstract avail,
1,abstract avail,1: abstract avail,
1,abstract avail,1: abstract avail,
1,abstract avail,1: abstract avail,
1,abstract avail,1: abstract avail,
1,abstract avail,1: abstract avail,
1,abstract avail,1: abstract avail,
1,abstract avail,1: abstract avail,
1,abstract avail,1: abstract avail,
1,abstract avail,1: abstract avail,
1,abstract avail,1: abstract avail,
1,abstract avail,1: abstract avail,
1,abstract avail,1: abstract avail,
1,abstract avail,1: abstract avail,
1,abstract avail,1: abstract avail,
1,abstract avail,1: abstract avail,
1,abstract avail,1: abstract avail,
1,abstract avail,1: abstract avail,
1,abstract avail,1: abstract avail,
1,abstract avail,1: abstract avail,
1,abstract avail,1: abstract avail,
1,abstract avail,1: abstract avail,
1,abstract avail,1: abstract avail,
1,abstract avail,1: abstract avail,
0,energi island,0: energi island,
0,energi island,0: energi island,
0,energi island,0: energi island,
0,energi island,0: energi island,
0,energi island,0: energi island,
0,energi island,0: energi island,
0,energi island,0: energi island,
0,energi island,0: energi island,
0,energi island,0: energi island,
0,energi island,0: energi island,
0,energi island,0: energi island,
0,energi island,0: energi island,
0,energi island,0: energi island,
0,energi island,0: energi island,
0,energi island,0: energi island,
0,energi island,0: energi island,
0,energi island,0: energi island,
0,energi island,0: energi island,
0,energi island,0: energi island,
0,energi island,0: energi island,
0,energi island,0: energi island,
0,energi island,0: energi island,
0,energi island,0: energi island,
0,energi island,0: energi island,
0,energi island,0: energi island,
0,energi island,0: energi island,
0,energi island,0: energi island,
0,energi island,0: energi island,
0,energi island,0: energi island,
0,energi island,0: energi island,
0,energi island,0: energi island,
0,energi island,0: energi island,
0,energi island,0: energi island,
0,energi island,0: energi island,
0,energi island,0: energi island,
0,energi island,0: energi island,
0,energi island,0: energi island,
0,energi island,0: energi island,
0,energi island,0: energi island,
0,energi island,0: energi island,
0,energi island,0: energi island,
0,energi island,0: energi island,
0,energi island,0: energi island,
0,energi island,0: energi island,
0,energi island,0: energi island,
0,energi island,0: energi island,
0,energi island,0: energi island,
0,energi island,0: energi island,
0,energi island,0: energi island,
0,energi island,0: energi island,
0,energi island,0: energi island,
0,energi island,0: energi island,
0,energi island,0: energi island,
0,energi island,0: energi island,
0,energi island,0: energi island,
0,energi island,0: energi island,
0,energi island,0: energi island,
0,energi island,0: energi island,
0,energi island,0: energi island,
0,energi island,0: energi island,
0,energi island,0: energi island,
0,energi island,0: energi island,
0,energi island,0: energi island,
0,energi island,0: energi island,
0,energi island,0: energi island,
0,energi island,0: energi island,
0,energi island,0: energi island,
0,energi island,0: energi island,
0,energi island,0: energi island,
0,energi island,0: energi island,
0,energi island,0: energi island,
0,energi island,0: energi island,
0,energi island,0: energi island,
0,energi island,0: energi island,
0,energi island,0: energi island,
0,energi island,0: energi island,
0,energi island,0: energi island,
0,energi island,0: energi island,
0,energi island,0: energi island,
0,energi island,0: energi island,
0,energi island,0: energi island,
0,energi island,0: energi island,
0,energi island,0: energi island,
0,energi island,0: energi island,
0,energi island,0: energi island,
0,energi island,0: energi island,
0,energi island,0: energi island,
0,energi island,0: energi island,
0,energi island,0: energi island,
0,energi island,0: energi island,
0,energi island,0: energi island,
0,energi island,0: energi island,
0,energi island,0: energi island,
0,energi island,0: energi island,
0,energi island,0: energi island,
0,energi island,0: energi island,
0,energi island,0: energi island,
0,energi island,0: energi island,
0,energi island,0: energi island,
0,energi island,0: energi island,
0,energi island,0: energi island,
0,energi island,0: energi island,
0,energi island,0: energi island,
0,energi island,0: energi island,
0,energi island,0: energi island,
0,energi island,0: energi island,
0,energi island,0: energi island,
0,energi island,0: energi island,
0,energi island,0: energi island,
0,energi island,0: energi island,
0,energi island,0: energi island,
0,energi island,0: energi island,
0,energi island,0: energi island,
0,energi island,0: energi island,
0,energi island,0: energi island,
0,energi island,0: energi island,
0,energi island,0: energi island,
0,energi island,0: energi island,
0,energi island,0: energi island,
0,energi island,0: energi island,
0,energi island,0: energi island,
0,energi island,0: energi island,
0,energi island,0: energi island,
0,energi island,0: energi island,
0,energi island,0: energi island,
0,energi island,0: energi island,
0,energi island,0: energi island,
0,energi island,0: energi island,
0,energi island,0: energi island,
0,energi island,0: energi island,
0,energi island,0: energi island,
0,energi island,0: energi island,
0,energi island,0: energi island,
0,energi island,0: energi island,
0,energi island,0: energi island,
0,energi island,0: energi island,
0,energi island,0: energi island,
0,energi island,0: energi island,
0,energi island,0: energi island,
0,energi island,0: energi island,
0,energi island,0: energi island,
0,energi island,0: energi island,
0,energi island,0: energi island,
0,energi island,0: energi island,
0,energi island,0: energi island,
0,energi island,0: energi island,
0,energi island,0: energi island,
0,energi island,0: energi island,
0,energi island,0: energi island,
0,energi island,0: energi island,
0,energi island,0: energi island,
0,energi island,0: energi island,
0,energi island,0: energi island,
0,energi island,0: energi island,
0,energi island,0: energi island,
0,energi island,0: energi island,
0,energi island,0: energi island,
1,abstract avail,1: abstract avail,
1,abstract avail,1: abstract avail,
1,abstract avail,1: abstract avail,
1,abstract avail,1: abstract avail,
1,abstract avail,1: abstract avail,
1,abstract avail,1: abstract avail,
1,abstract avail,1: abstract avail,
1,abstract avail,1: abstract avail,
1,abstract avail,1: abstract avail,
1,abstract avail,1: abstract avail,
1,abstract avail,1: abstract avail,
1,abstract avail,1: abstract avail,
1,abstract avail,1: abstract avail,
1,abstract avail,1: abstract avail,
1,abstract avail,1: abstract avail,
1,abstract avail,1: abstract avail,
1,abstract avail,1: abstract avail,
1,abstract avail,1: abstract avail,
1,abstract avail,1: abstract avail,
1,abstract avail,1: abstract avail,
1,abstract avail,1: abstract avail,
1,abstract avail,1: abstract avail,
1,abstract avail,1: abstract avail,
1,abstract avail,1: abstract avail,
1,abstract avail,1: abstract avail,
1,abstract avail,1: abstract avail,
1,abstract avail,1: abstract avail,
1,abstract avail,1: abstract avail,
1,abstract avail,1: abstract avail,
1,abstract avail,1: abstract avail,
1,abstract avail,1: abstract avail,
1,abstract avail,1: abstract avail,
1,abstract avail,1: abstract avail,
1,abstract avail,1: abstract avail,
1,abstract avail,1: abstract avail,
1,abstract avail,1: abstract avail,
1,abstract avail,1: abstract avail,
1,abstract avail,1: abstract avail,
1,abstract avail,1: abstract avail,
1,abstract avail,1: abstract avail,
1,abstract avail,1: abstract avail,
1,abstract avail,1: abstract avail,
1,abstract avail,1: abstract avail,
1,abstract avail,1: abstract avail,
1,abstract avail,1: abstract avail,
1,abstract avail,1: abstract avail,
1,abstract avail,1: abstract avail,
1,abstract avail,1: abstract avail,
1,abstract avail,1: abstract avail,
1,abstract avail,1: abstract avail,
1,abstract avail,1: abstract avail,
1,abstract avail,1: abstract avail,
1,abstract avail,1: abstract avail,
1,abstract avail,1: abstract avail,
1,abstract avail,1: abstract avail,
1,abstract avail,1: abstract avail,
1,abstract avail,1: abstract avail,
1,abstract avail,1: abstract avail,
1,abstract avail,1: abstract avail,
1,abstract avail,1: abstract avail,
1,abstract avail,1: abstract avail,
1,abstract avail,1: abstract avail,
1,abstract avail,1: abstract avail,
1,abstract avail,1: abstract avail,
1,abstract avail,1: abstract avail,
1,abstract avail,1: abstract avail,
1,abstract avail,1: abstract avail,
1,abstract avail,1: abstract avail,
1,abstract avail,1: abstract avail,
1,abstract avail,1: abstract avail,
1,abstract avail,1: abstract avail,
1,abstract avail,1: abstract avail,
1,abstract avail,1: abstract avail,
1,abstract avail,1: abstract avail,
1,abstract avail,1: abstract avail,
1,abstract avail,1: abstract avail,
1,abstract avail,1: abstract avail,
1,abstract avail,1: abstract avail,
1,abstract avail,1: abstract avail,
1,abstract avail,1: abstract avail,
1,abstract avail,1: abstract avail,
3,offshor wind,3: offshor wind,
3,offshor wind,3: offshor wind,
3,offshor wind,3: offshor wind,
3,offshor wind,3: offshor wind,
3,offshor wind,3: offshor wind,
3,offshor wind,3: offshor wind,
3,offshor wind,3: offshor wind,
3,offshor wind,3: offshor wind,
3,offshor wind,3: offshor wind,
3,offshor wind,3: offshor wind,
3,offshor wind,3: offshor wind,
3,offshor wind,3: offshor wind,
3,offshor wind,3: offshor wind,
3,offshor wind,3: offshor wind,
3,offshor wind,3: offshor wind,
3,offshor wind,3: offshor wind,
3,offshor wind,3: offshor wind,
3,offshor wind,3: offshor wind,
3,offshor wind,3: offshor wind,
3,offshor wind,3: offshor wind,
3,offshor wind,3: offshor wind,
3,offshor wind,3: offshor wind,
3,offshor wind,3: offshor wind,
3,offshor wind,3: offshor wind,
3,offshor wind,3: offshor wind,
3,offshor wind,3: offshor wind,
3,offshor wind,3: offshor wind,
3,offshor wind,3: offshor wind,
3,offshor wind,3: offshor wind,
3,offshor wind,3: offshor wind,
3,offshor wind,3: offshor wind,
3,offshor wind,3: offshor wind,
3,offshor wind,3: offshor wind,
3,offshor wind,3: offshor wind,
3,offshor wind,3: offshor wind,
3,offshor wind,3: offshor wind,
3,offshor wind,3: offshor wind,
3,offshor wind,3: offshor wind,
3,offshor wind,3: offshor wind,
3,offshor wind,3: offshor wind,
3,offshor wind,3: offshor wind,
3,offshor wind,3: offshor wind,
3,offshor wind,3: offshor wind,
3,offshor wind,3: offshor wind,
3,offshor wind,3: offshor wind,
3,offshor wind,3: offshor wind,
3,offshor wind,3: offshor wind,
3,offshor wind,3: offshor wind,
3,offshor wind,3: offshor wind,
3,offshor wind,3: offshor wind,
3,offshor wind,3: offshor wind,
3,offshor wind,3: offshor wind,
3,offshor wind,3: offshor wind,
3,offshor wind,3: offshor wind,
3,offshor wind,3: offshor wind,
3,offshor wind,3: offshor wind,
3,offshor wind,3: offshor wind,
3,offshor wind,3: offshor wind,
3,offshor wind,3: offshor wind,
3,offshor wind,3: offshor wind,
3,offshor wind,3: offshor wind,
3,offshor wind,3: offshor wind,
3,offshor wind,3: offshor wind,
3,offshor wind,3: offshor wind,
3,offshor wind,3: offshor wind,
3,offshor wind,3: offshor wind,
3,offshor wind,3: offshor wind,
3,offshor wind,3: offshor wind,
3,offshor wind,3: offshor wind,
3,offshor wind,3: offshor wind,
3,offshor wind,3: offshor wind,
3,offshor wind,3: offshor wind,
3,offshor wind,3: offshor wind,
3,offshor wind,3: offshor wind,
3,offshor wind,3: offshor wind,
3,offshor wind,3: offshor wind,
3,offshor wind,3: offshor wind,
3,offshor wind,3: offshor wind,
3,offshor wind,3: offshor wind,
3,offshor wind,3: offshor wind,
3,offshor wind,3: offshor wind,
3,offshor wind,3: offshor wind,
3,offshor wind,3: offshor wind,
3,offshor wind,3: offshor wind,
3,offshor wind,3: offshor wind,
3,offshor wind,3: offshor wind,
3,offshor wind,3: offshor wind,
3,offshor wind,3: offshor wind,
3,offshor wind,3: offshor wind,
3,offshor wind,3: offshor wind,
3,offshor wind,3: offshor wind,
3,offshor wind,3: offshor wind,
3,offshor wind,3: offshor wind,
3,offshor wind,3: offshor wind,
3,offshor wind,3: offshor wind,
3,offshor wind,3: offshor wind,
3,offshor wind,3: offshor wind,
3,offshor wind,3: offshor wind,
3,offshor wind,3: offshor wind,
3,offshor wind,3: offshor wind,
3,offshor wind,3: offshor wind,
3,offshor wind,3: offshor wind,
3,offshor wind,3: offshor wind,
3,offshor wind,3: offshor wind,
3,offshor wind,3: offshor wind,
3,offshor wind,3: offshor wind,
3,offshor wind,3: offshor wind,
3,offshor wind,3: offshor wind,
3,offshor wind,3: offshor wind,
3,offshor wind,3: offshor wind,
3,offshor wind,3: offshor wind,
3,offshor wind,3: offshor wind,
3,offshor wind,3: offshor wind,
5,offshor grid,5: offshor grid,
5,offshor grid,5: offshor grid,
5,offshor grid,5: offshor grid,
5,offshor grid,5: offshor grid,
5,offshor grid,5: offshor grid,
5,offshor grid,5: offshor grid,
5,offshor grid,5: offshor grid,
5,offshor grid,5: offshor grid,
5,offshor grid,5: offshor grid,
5,offshor grid,5: offshor grid,
5,offshor grid,5: offshor grid,
5,offshor grid,5: offshor grid,
5,offshor grid,5: offshor grid,
5,offshor grid,5: offshor grid,
5,offshor grid,5: offshor grid,
5,offshor grid,5: offshor grid,
5,offshor grid,5: offshor grid,
5,offshor grid,5: offshor grid,
5,offshor grid,5: offshor grid,
5,offshor grid,5: offshor grid,
5,offshor grid,5: offshor grid,
5,offshor grid,5: offshor grid,
5,offshor grid,5: offshor grid,
5,offshor grid,5: offshor grid,
5,offshor grid,5: offshor grid,
5,offshor grid,5: offshor grid,
5,offshor grid,5: offshor grid,
5,offshor grid,5: offshor grid,
5,offshor grid,5: offshor grid,
5,offshor grid,5: offshor grid,
5,offshor grid,5: offshor grid,
5,offshor grid,5: offshor grid,
5,offshor grid,5: offshor grid,
5,offshor grid,5: offshor grid,
5,offshor grid,5: offshor grid,
5,offshor grid,5: offshor grid,
5,offshor grid,5: offshor grid,
5,offshor grid,5: offshor grid,
5,offshor grid,5: offshor grid,
5,offshor grid,5: offshor grid,
5,offshor grid,5: offshor grid,
5,offshor grid,5: offshor grid,
5,offshor grid,5: offshor grid,
5,offshor grid,5: offshor grid,
5,offshor grid,5: offshor grid,
5,offshor grid,5: offshor grid,
5,offshor grid,5: offshor grid,
5,offshor grid,5: offshor grid,
5,offshor grid,5: offshor grid,
5,offshor grid,5: offshor grid,
5,offshor grid,5: offshor grid,
5,offshor grid,5: offshor grid,
5,offshor grid,5: offshor grid,
5,offshor grid,5: offshor grid,
5,offshor grid,5: offshor grid,
5,offshor grid,5: offshor grid,
5,offshor grid,5: offshor grid,
5,offshor grid,5: offshor grid,
5,offshor grid,5: offshor grid,
5,offshor grid,5: offshor grid,
5,offshor grid,5: offshor grid,
5,offshor grid,5: offshor grid,
5,offshor grid,5: offshor grid,
5,offshor grid,5: offshor grid,
5,offshor grid,5: offshor grid,
5,offshor grid,5: offshor grid,
5,offshor grid,5: offshor grid,
5,offshor grid,5: offshor grid,
5,offshor grid,5: offshor grid,
5,offshor grid,5: offshor grid,
5,offshor grid,5: offshor grid,
5,offshor grid,5: offshor grid,
5,offshor grid,5: offshor grid,
5,offshor grid,5: offshor grid,
5,offshor grid,5: offshor grid,
5,offshor grid,5: offshor grid,
5,offshor grid,5: offshor grid,
5,offshor grid,5: offshor grid,
5,offshor grid,5: offshor grid,
5,offshor grid,5: offshor grid,
5,offshor grid,5: offshor grid,
5,offshor grid,5: offshor grid,
5,offshor grid,5: offshor grid,
5,offshor grid,5: offshor grid,
5,offshor grid,5: offshor grid,
5,offshor grid,5: offshor grid,
5,offshor grid,5: offshor grid,
5,offshor grid,5: offshor grid,
5,offshor grid,5: offshor grid,
5,offshor grid,5: offshor grid,
5,offshor grid,5: offshor grid,
5,offshor grid,5: offshor grid,
5,offshor grid,5: offshor grid,
5,offshor grid,5: offshor grid,
5,offshor grid,5: offshor grid,
5,offshor grid,5: offshor grid,
5,offshor grid,5: offshor grid,
5,offshor grid,5: offshor grid,
5,offshor grid,5: offshor grid,
5,offshor grid,5: offshor grid,
5,offshor grid,5: offshor grid,
5,offshor grid,5: offshor grid,
5,offshor grid,5: offshor grid,
5,offshor grid,5: offshor grid,
5,offshor grid,5: offshor grid,
5,offshor grid,5: offshor grid,
5,offshor grid,5: offshor grid,
5,offshor grid,5: offshor grid,
5,offshor grid,5: offshor grid,
5,offshor grid,5: offshor grid,
5,offshor grid,5: offshor grid,
5,offshor grid,5: offshor grid,
5,offshor grid,5: offshor grid,
5,offshor grid,5: offshor grid,
5,offshor grid,5: offshor grid,
5,offshor grid,5: offshor grid,
5,offshor grid,5: offshor grid,
5,offshor grid,5: offshor grid,
5,offshor grid,5: offshor grid,
5,offshor grid,5: offshor grid,
5,offshor grid,5: offshor grid,
5,offshor grid,5: offshor grid,
5,offshor grid,5: offshor grid,
5,offshor grid,5: offshor grid,
5,offshor grid,5: offshor grid,
5,offshor grid,5: offshor grid,
5,offshor grid,5: offshor grid,
5,offshor grid,5: offshor grid,
5,offshor grid,5: offshor grid,
5,offshor grid,5: offshor grid,
5,offshor grid,5: offshor grid,
5,offshor grid,5: offshor grid,
5,offshor grid,5: offshor grid,
5,offshor grid,5: offshor grid,
5,offshor grid,5: offshor grid,
5,offshor grid,5: offshor grid,
5,offshor grid,5: offshor grid,
5,offshor grid,5: offshor grid,
5,offshor grid,5: offshor grid,
5,offshor grid,5: offshor grid,
5,offshor grid,5: offshor grid,
5,offshor grid,5: offshor grid,
5,offshor grid,5: offshor grid,
5,offshor grid,5: offshor grid,
5,offshor grid,5: offshor grid,
5,offshor grid,5: offshor grid,
5,offshor grid,5: offshor grid,
5,offshor grid,5: offshor grid,
5,offshor grid,5: offshor grid,
5,offshor grid,5: offshor grid,
5,offshor grid,5: offshor grid,
5,offshor grid,5: offshor grid,
5,offshor grid,5: offshor grid,
5,offshor grid,5: offshor grid,
5,offshor grid,5: offshor grid,
5,offshor grid,5: offshor grid,
5,offshor grid,5: offshor grid,
5,offshor grid,5: offshor grid,
5,offshor grid,5: offshor grid,
5,offshor grid,5: offshor grid,
5,offshor grid,5: offshor grid,
5,offshor grid,5: offshor grid,
5,offshor grid,5: offshor grid,
5,offshor grid,5: offshor grid,
5,offshor grid,5: offshor grid,
5,offshor grid,5: offshor grid,
5,offshor grid,5: offshor grid,
5,offshor grid,5: offshor grid,
5,offshor grid,5: offshor grid,
5,offshor grid,5: offshor grid,
5,offshor grid,5: offshor grid,
5,offshor grid,5: offshor grid,
5,offshor grid,5: offshor grid,
5,offshor grid,5: offshor grid,
5,offshor grid,5: offshor grid,
8,wind turbin,8: wind turbin,
8,wind turbin,8: wind turbin,
8,wind turbin,8: wind turbin,
8,wind turbin,8: wind turbin,
8,wind turbin,8: wind turbin,
8,wind turbin,8: wind turbin,
8,wind turbin,8: wind turbin,
8,wind turbin,8: wind turbin,
8,wind turbin,8: wind turbin,
8,wind turbin,8: wind turbin,
8,wind turbin,8: wind turbin,
8,wind turbin,8: wind turbin,
8,wind turbin,8: wind turbin,
8,wind turbin,8: wind turbin,
8,wind turbin,8: wind turbin,
8,wind turbin,8: wind turbin,
8,wind turbin,8: wind turbin,
8,wind turbin,8: wind turbin,
8,wind turbin,8: wind turbin,
8,wind turbin,8: wind turbin,
8,wind turbin,8: wind turbin,
8,wind turbin,8: wind turbin,
8,wind turbin,8: wind turbin,
8,wind turbin,8: wind turbin,
8,wind turbin,8: wind turbin,
8,wind turbin,8: wind turbin,
8,wind turbin,8: wind turbin,
8,wind turbin,8: wind turbin,
8,wind turbin,8: wind turbin,
8,wind turbin,8: wind turbin,
8,wind turbin,8: wind turbin,
8,wind turbin,8: wind turbin,
8,wind turbin,8: wind turbin,
8,wind turbin,8: wind turbin,
8,wind turbin,8: wind turbin,
8,wind turbin,8: wind turbin,
8,wind turbin,8: wind turbin,
8,wind turbin,8: wind turbin,
8,wind turbin,8: wind turbin,
8,wind turbin,8: wind turbin,
8,wind turbin,8: wind turbin,
8,wind turbin,8: wind turbin,
8,wind turbin,8: wind turbin,
8,wind turbin,8: wind turbin,
8,wind turbin,8: wind turbin,
8,wind turbin,8: wind turbin,
8,wind turbin,8: wind turbin,
8,wind turbin,8: wind turbin,
8,wind turbin,8: wind turbin,
8,wind turbin,8: wind turbin,
8,wind turbin,8: wind turbin,
8,wind turbin,8: wind turbin,
8,wind turbin,8: wind turbin,
8,wind turbin,8: wind turbin,
8,wind turbin,8: wind turbin,
8,wind turbin,8: wind turbin,
8,wind turbin,8: wind turbin,
8,wind turbin,8: wind turbin,
8,wind turbin,8: wind turbin,
8,wind turbin,8: wind turbin,
8,wind turbin,8: wind turbin,
8,wind turbin,8: wind turbin,
8,wind turbin,8: wind turbin,
8,wind turbin,8: wind turbin,
8,wind turbin,8: wind turbin,
8,wind turbin,8: wind turbin,
8,wind turbin,8: wind turbin,
8,wind turbin,8: wind turbin,
8,wind turbin,8: wind turbin,
8,wind turbin,8: wind turbin,
8,wind turbin,8: wind turbin,
8,wind turbin,8: wind turbin,
8,wind turbin,8: wind turbin,
8,wind turbin,8: wind turbin,
8,wind turbin,8: wind turbin,
8,wind turbin,8: wind turbin,
8,wind turbin,8: wind turbin,
8,wind turbin,8: wind turbin,
8,wind turbin,8: wind turbin,
8,wind turbin,8: wind turbin,
8,wind turbin,8: wind turbin,
8,wind turbin,8: wind turbin,
8,wind turbin,8: wind turbin,
8,wind turbin,8: wind turbin,
8,wind turbin,8: wind turbin,
8,wind turbin,8: wind turbin,
8,wind turbin,8: wind turbin,
8,wind turbin,8: wind turbin,
8,wind turbin,8: wind turbin,
8,wind turbin,8: wind turbin,
8,wind turbin,8: wind turbin,
8,wind turbin,8: wind turbin,
8,wind turbin,8: wind turbin,
8,wind turbin,8: wind turbin,
8,wind turbin,8: wind turbin,
8,wind turbin,8: wind turbin,
8,wind turbin,8: wind turbin,
8,wind turbin,8: wind turbin,
8,wind turbin,8: wind turbin,
8,wind turbin,8: wind turbin,
8,wind turbin,8: wind turbin,
8,wind turbin,8: wind turbin,
8,wind turbin,8: wind turbin,
8,wind turbin,8: wind turbin,
8,wind turbin,8: wind turbin,
8,wind turbin,8: wind turbin,
8,wind turbin,8: wind turbin,
8,wind turbin,8: wind turbin,
8,wind turbin,8: wind turbin,
8,wind turbin,8: wind turbin,
8,wind turbin,8: wind turbin,
8,wind turbin,8: wind turbin,
8,wind turbin,8: wind turbin,
8,wind turbin,8: wind turbin,
8,wind turbin,8: wind turbin,
8,wind turbin,8: wind turbin,
8,wind turbin,8: wind turbin,
8,wind turbin,8: wind turbin,
8,wind turbin,8: wind turbin,
8,wind turbin,8: wind turbin,
8,wind turbin,8: wind turbin,
8,wind turbin,8: wind turbin,
8,wind turbin,8: wind turbin,
8,wind turbin,8: wind turbin,
8,wind turbin,8: wind turbin,
8,wind turbin,8: wind turbin,
8,wind turbin,8: wind turbin,
8,wind turbin,8: wind turbin,
8,wind turbin,8: wind turbin,
8,wind turbin,8: wind turbin,
0,energi island,0: energi island,
0,energi island,0: energi island,
0,energi island,0: energi island,
0,energi island,0: energi island,
0,energi island,0: energi island,
0,energi island,0: energi island,
0,energi island,0: energi island,
0,energi island,0: energi island,
0,energi island,0: energi island,
0,energi island,0: energi island,
0,energi island,0: energi island,
0,energi island,0: energi island,
0,energi island,0: energi island,
0,energi island,0: energi island,
0,energi island,0: energi island,
0,energi island,0: energi island,
0,energi island,0: energi island,
0,energi island,0: energi island,
0,energi island,0: energi island,
0,energi island,0: energi island,
0,energi island,0: energi island,
0,energi island,0: energi island,
0,energi island,0: energi island,
0,energi island,0: energi island,
0,energi island,0: energi island,
0,energi island,0: energi island,
0,energi island,0: energi island,
0,energi island,0: energi island,
0,energi island,0: energi island,
0,energi island,0: energi island,
0,energi island,0: energi island,
0,energi island,0: energi island,
0,energi island,0: energi island,
0,energi island,0: energi island,
0,energi island,0: energi island,
0,energi island,0: energi island,
0,energi island,0: energi island,
0,energi island,0: energi island,
0,energi island,0: energi island,
0,energi island,0: energi island,
0,energi island,0: energi island,
0,energi island,0: energi island,
0,energi island,0: energi island,
0,energi island,0: energi island,
0,energi island,0: energi island,
0,energi island,0: energi island,
0,energi island,0: energi island,
0,energi island,0: energi island,
0,energi island,0: energi island,
0,energi island,0: energi island,
0,energi island,0: energi island,
0,energi island,0: energi island,
0,energi island,0: energi island,
0,energi island,0: energi island,
0,energi island,0: energi island,
0,energi island,0: energi island,
0,energi island,0: energi island,
0,energi island,0: energi island,
0,energi island,0: energi island,
0,energi island,0: energi island,
0,energi island,0: energi island,
0,energi island,0: energi island,
0,energi island,0: energi island,
0,energi island,0: energi island,
0,energi island,0: energi island,
0,energi island,0: energi island,
0,energi island,0: energi island,
0,energi island,0: energi island,
0,energi island,0: energi island,
0,energi island,0: energi island,
0,energi island,0: energi island,
0,energi island,0: energi island,
0,energi island,0: energi island,
0,energi island,0: energi island,
0,energi island,0: energi island,
0,energi island,0: energi island,
0,energi island,0: energi island,
0,energi island,0: energi island,
0,energi island,0: energi island,
0,energi island,0: energi island,
0,energi island,0: energi island,
0,energi island,0: energi island,
0,energi island,0: energi island,
0,energi island,0: energi island,
0,energi island,0: energi island,
0,energi island,0: energi island,
0,energi island,0: energi island,
0,energi island,0: energi island,
0,energi island,0: energi island,
0,energi island,0: energi island,
0,energi island,0: energi island,
0,energi island,0: energi island,
0,energi island,0: energi island,
0,energi island,0: energi island,
0,energi island,0: energi island,
0,energi island,0: energi island,
0,energi island,0: energi island,
0,energi island,0: energi island,
0,energi island,0: energi island,
0,energi island,0: energi island,
0,energi island,0: energi island,
0,energi island,0: energi island,
0,energi island,0: energi island,
0,energi island,0: energi island,
0,energi island,0: energi island,
0,energi island,0: energi island,
0,energi island,0: energi island,
0,energi island,0: energi island,
0,energi island,0: energi island,
0,energi island,0: energi island,
0,energi island,0: energi island,
0,energi island,0: energi island,
0,energi island,0: energi island,
0,energi island,0: energi island,
0,energi island,0: energi island,
0,energi island,0: energi island,
0,energi island,0: energi island,
0,energi island,0: energi island,
0,energi island,0: energi island,
0,energi island,0: energi island,
0,energi island,0: energi island,
0,energi island,0: energi island,
0,energi island,0: energi island,
0,energi island,0: energi island,
0,energi island,0: energi island,
0,energi island,0: energi island,
0,energi island,0: energi island,
0,energi island,0: energi island,
0,energi island,0: energi island,
0,energi island,0: energi island,
0,energi island,0: energi island,
0,energi island,0: energi island,
0,energi island,0: energi island,
0,energi island,0: energi island,
0,energi island,0: energi island,
0,energi island,0: energi island,
0,energi island,0: energi island,
0,energi island,0: energi island,
0,energi island,0: energi island,
0,energi island,0: energi island,
0,energi island,0: energi island,
0,energi island,0: energi island,
0,energi island,0: energi island,
0,energi island,0: energi island,
0,energi island,0: energi island,
0,energi island,0: energi island,
0,energi island,0: energi island,
0,energi island,0: energi island,
0,energi island,0: energi island,
0,energi island,0: energi island,
0,energi island,0: energi island,
0,energi island,0: energi island,
0,energi island,0: energi island,
0,energi island,0: energi island,
0,energi island,0: energi island,
0,energi island,0: energi island,
0,energi island,0: energi island,
5,offshor grid,5: offshor grid,
5,offshor grid,5: offshor grid,
5,offshor grid,5: offshor grid,
5,offshor grid,5: offshor grid,
5,offshor grid,5: offshor grid,
5,offshor grid,5: offshor grid,
5,offshor grid,5: offshor grid,
5,offshor grid,5: offshor grid,
5,offshor grid,5: offshor grid,
5,offshor grid,5: offshor grid,
5,offshor grid,5: offshor grid,
5,offshor grid,5: offshor grid,
5,offshor grid,5: offshor grid,
5,offshor grid,5: offshor grid,
5,offshor grid,5: offshor grid,
5,offshor grid,5: offshor grid,
5,offshor grid,5: offshor grid,
5,offshor grid,5: offshor grid,
5,offshor grid,5: offshor grid,
5,offshor grid,5: offshor grid,
5,offshor grid,5: offshor grid,
5,offshor grid,5: offshor grid,
5,offshor grid,5: offshor grid,
5,offshor grid,5: offshor grid,
5,offshor grid,5: offshor grid,
5,offshor grid,5: offshor grid,
5,offshor grid,5: offshor grid,
5,offshor grid,5: offshor grid,
5,offshor grid,5: offshor grid,
5,offshor grid,5: offshor grid,
5,offshor grid,5: offshor grid,
5,offshor grid,5: offshor grid,
5,offshor grid,5: offshor grid,
5,offshor grid,5: offshor grid,
5,offshor grid,5: offshor grid,
5,offshor grid,5: offshor grid,
5,offshor grid,5: offshor grid,
5,offshor grid,5: offshor grid,
5,offshor grid,5: offshor grid,
5,offshor grid,5: offshor grid,
5,offshor grid,5: offshor grid,
5,offshor grid,5: offshor grid,
5,offshor grid,5: offshor grid,
5,offshor grid,5: offshor grid,
5,offshor grid,5: offshor grid,
5,offshor grid,5: offshor grid,
5,offshor grid,5: offshor grid,
5,offshor grid,5: offshor grid,
5,offshor grid,5: offshor grid,
5,offshor grid,5: offshor grid,
5,offshor grid,5: offshor grid,
5,offshor grid,5: offshor grid,
5,offshor grid,5: offshor grid,
5,offshor grid,5: offshor grid,
5,offshor grid,5: offshor grid,
5,offshor grid,5: offshor grid,
5,offshor grid,5: offshor grid,
5,offshor grid,5: offshor grid,
5,offshor grid,5: offshor grid,
5,offshor grid,5: offshor grid,
5,offshor grid,5: offshor grid,
5,offshor grid,5: offshor grid,
5,offshor grid,5: offshor grid,
5,offshor grid,5: offshor grid,
5,offshor grid,5: offshor grid,
5,offshor grid,5: offshor grid,
5,offshor grid,5: offshor grid,
5,offshor grid,5: offshor grid,
5,offshor grid,5: offshor grid,
5,offshor grid,5: offshor grid,
5,offshor grid,5: offshor grid,
5,offshor grid,5: offshor grid,
5,offshor grid,5: offshor grid,
5,offshor grid,5: offshor grid,
5,offshor grid,5: offshor grid,
5,offshor grid,5: offshor grid,
5,offshor grid,5: offshor grid,
5,offshor grid,5: offshor grid,
5,offshor grid,5: offshor grid,
5,offshor grid,5: offshor grid,
5,offshor grid,5: offshor grid,
5,offshor grid,5: offshor grid,
5,offshor grid,5: offshor grid,
5,offshor grid,5: offshor grid,
5,offshor grid,5: offshor grid,
5,offshor grid,5: offshor grid,
5,offshor grid,5: offshor grid,
5,offshor grid,5: offshor grid,
5,offshor grid,5: offshor grid,
5,offshor grid,5: offshor grid,
5,offshor grid,5: offshor grid,
5,offshor grid,5: offshor grid,
5,offshor grid,5: offshor grid,
5,offshor grid,5: offshor grid,
5,offshor grid,5: offshor grid,
5,offshor grid,5: offshor grid,
5,offshor grid,5: offshor grid,
5,offshor grid,5: offshor grid,
5,offshor grid,5: offshor grid,
5,offshor grid,5: offshor grid,
5,offshor grid,5: offshor grid,
5,offshor grid,5: offshor grid,
5,offshor grid,5: offshor grid,
5,offshor grid,5: offshor grid,
5,offshor grid,5: offshor grid,
5,offshor grid,5: offshor grid,
5,offshor grid,5: offshor grid,
5,offshor grid,5: offshor grid,
5,offshor grid,5: offshor grid,
5,offshor grid,5: offshor grid,
5,offshor grid,5: offshor grid,
5,offshor grid,5: offshor grid,
5,offshor grid,5: offshor grid,
5,offshor grid,5: offshor grid,
5,offshor grid,5: offshor grid,
5,offshor grid,5: offshor grid,
5,offshor grid,5: offshor grid,
5,offshor grid,5: offshor grid,
5,offshor grid,5: offshor grid,
5,offshor grid,5: offshor grid,
5,offshor grid,5: offshor grid,
5,offshor grid,5: offshor grid,
5,offshor grid,5: offshor grid,
5,offshor grid,5: offshor grid,
5,offshor grid,5: offshor grid,
5,offshor grid,5: offshor grid,
5,offshor grid,5: offshor grid,
5,offshor grid,5: offshor grid,
5,offshor grid,5: offshor grid,
5,offshor grid,5: offshor grid,
5,offshor grid,5: offshor grid,
5,offshor grid,5: offshor grid,
5,offshor grid,5: offshor grid,
5,offshor grid,5: offshor grid,
5,offshor grid,5: offshor grid,
5,offshor grid,5: offshor grid,
5,offshor grid,5: offshor grid,
5,offshor grid,5: offshor grid,
5,offshor grid,5: offshor grid,
5,offshor grid,5: offshor grid,
5,offshor grid,5: offshor grid,
5,offshor grid,5: offshor grid,
5,offshor grid,5: offshor grid,
5,offshor grid,5: offshor grid,
5,offshor grid,5: offshor grid,
5,offshor grid,5: offshor grid,
5,offshor grid,5: offshor grid,
5,offshor grid,5: offshor grid,
5,offshor grid,5: offshor grid,
5,offshor grid,5: offshor grid,
5,offshor grid,5: offshor grid,
5,offshor grid,5: offshor grid,
5,offshor grid,5: offshor grid,
5,offshor grid,5: offshor grid,
5,offshor grid,5: offshor grid,
5,offshor grid,5: offshor grid,
5,offshor grid,5: offshor grid,
5,offshor grid,5: offshor grid,
5,offshor grid,5: offshor grid,
5,offshor grid,5: offshor grid,
5,offshor grid,5: offshor grid,
5,offshor grid,5: offshor grid,
5,offshor grid,5: offshor grid,
5,offshor grid,5: offshor grid,
5,offshor grid,5: offshor grid,
5,offshor grid,5: offshor grid,
5,offshor grid,5: offshor grid,
5,offshor grid,5: offshor grid,
5,offshor grid,5: offshor grid,
5,offshor grid,5: offshor grid,
5,offshor grid,5: offshor grid,
5,offshor grid,5: offshor grid,
5,offshor grid,5: offshor grid,
5,offshor grid,5: offshor grid,
5,offshor grid,5: offshor grid,
9,wind farm,9: wind farm,
9,wind farm,9: wind farm,
9,wind farm,9: wind farm,
9,wind farm,9: wind farm,
9,wind farm,9: wind farm,
9,wind farm,9: wind farm,
9,wind farm,9: wind farm,
9,wind farm,9: wind farm,
9,wind farm,9: wind farm,
9,wind farm,9: wind farm,
9,wind farm,9: wind farm,
9,wind farm,9: wind farm,
9,wind farm,9: wind farm,
9,wind farm,9: wind farm,
9,wind farm,9: wind farm,
9,wind farm,9: wind farm,
9,wind farm,9: wind farm,
9,wind farm,9: wind farm,
9,wind farm,9: wind farm,
9,wind farm,9: wind farm,
9,wind farm,9: wind farm,
9,wind farm,9: wind farm,
9,wind farm,9: wind farm,
9,wind farm,9: wind farm,
9,wind farm,9: wind farm,
9,wind farm,9: wind farm,
9,wind farm,9: wind farm,
9,wind farm,9: wind farm,
9,wind farm,9: wind farm,
9,wind farm,9: wind farm,
9,wind farm,9: wind farm,
9,wind farm,9: wind farm,
9,wind farm,9: wind farm,
9,wind farm,9: wind farm,
9,wind farm,9: wind farm,
9,wind farm,9: wind farm,
9,wind farm,9: wind farm,
9,wind farm,9: wind farm,
9,wind farm,9: wind farm,
9,wind farm,9: wind farm,
9,wind farm,9: wind farm,
9,wind farm,9: wind farm,
9,wind farm,9: wind farm,
9,wind farm,9: wind farm,
9,wind farm,9: wind farm,
9,wind farm,9: wind farm,
9,wind farm,9: wind farm,
9,wind farm,9: wind farm,
9,wind farm,9: wind farm,
9,wind farm,9: wind farm,
9,wind farm,9: wind farm,
9,wind farm,9: wind farm,
9,wind farm,9: wind farm,
9,wind farm,9: wind farm,
9,wind farm,9: wind farm,
9,wind farm,9: wind farm,
9,wind farm,9: wind farm,
9,wind farm,9: wind farm,
9,wind farm,9: wind farm,
9,wind farm,9: wind farm,
9,wind farm,9: wind farm,
9,wind farm,9: wind farm,
9,wind farm,9: wind farm,
9,wind farm,9: wind farm,
9,wind farm,9: wind farm,
9,wind farm,9: wind farm,
9,wind farm,9: wind farm,
9,wind farm,9: wind farm,
9,wind farm,9: wind farm,
9,wind farm,9: wind farm,
9,wind farm,9: wind farm,
9,wind farm,9: wind farm,
9,wind farm,9: wind farm,
9,wind farm,9: wind farm,
9,wind farm,9: wind farm,
9,wind farm,9: wind farm,
9,wind farm,9: wind farm,
9,wind farm,9: wind farm,
9,wind farm,9: wind farm,
9,wind farm,9: wind farm,
9,wind farm,9: wind farm,
9,wind farm,9: wind farm,
9,wind farm,9: wind farm,
9,wind farm,9: wind farm,
9,wind farm,9: wind farm,
9,wind farm,9: wind farm,
9,wind farm,9: wind farm,
9,wind farm,9: wind farm,
9,wind farm,9: wind farm,
9,wind farm,9: wind farm,
9,wind farm,9: wind farm,
9,wind farm,9: wind farm,
9,wind farm,9: wind farm,
9,wind farm,9: wind farm,
9,wind farm,9: wind farm,
9,wind farm,9: wind farm,
9,wind farm,9: wind farm,
9,wind farm,9: wind farm,
9,wind farm,9: wind farm,
9,wind farm,9: wind farm,
9,wind farm,9: wind farm,
9,wind farm,9: wind farm,
9,wind farm,9: wind farm,
9,wind farm,9: wind farm,
9,wind farm,9: wind farm,
9,wind farm,9: wind farm,
9,wind farm,9: wind farm,
9,wind farm,9: wind farm,
9,wind farm,9: wind farm,
9,wind farm,9: wind farm,
9,wind farm,9: wind farm,
9,wind farm,9: wind farm,
9,wind farm,9: wind farm,
9,wind farm,9: wind farm,
9,wind farm,9: wind farm,
9,wind farm,9: wind farm,
9,wind farm,9: wind farm,
9,wind farm,9: wind farm,
9,wind farm,9: wind farm,
9,wind farm,9: wind farm,
9,wind farm,9: wind farm,
9,wind farm,9: wind farm,
9,wind farm,9: wind farm,
9,wind farm,9: wind farm,
9,wind farm,9: wind farm,
9,wind farm,9: wind farm,
9,wind farm,9: wind farm,
9,wind farm,9: wind farm,
9,wind farm,9: wind farm,
9,wind farm,9: wind farm,
9,wind farm,9: wind farm,
9,wind farm,9: wind farm,
9,wind farm,9: wind farm,
9,wind farm,9: wind farm,
9,wind farm,9: wind farm,
9,wind farm,9: wind farm,
9,wind farm,9: wind farm,
9,wind farm,9: wind farm,
9,wind farm,9: wind farm,
9,wind farm,9: wind farm,
9,wind farm,9: wind farm,
9,wind farm,9: wind farm,
9,wind farm,9: wind farm,
9,wind farm,9: wind farm,
9,wind farm,9: wind farm,
9,wind farm,9: wind farm,
9,wind farm,9: wind farm,
9,wind farm,9: wind farm,
9,wind farm,9: wind farm,
9,wind farm,9: wind farm,
9,wind farm,9: wind farm,
9,wind farm,9: wind farm,
9,wind farm,9: wind farm,
9,wind farm,9: wind farm,
9,wind farm,9: wind farm,
9,wind farm,9: wind farm,
9,wind farm,9: wind farm,
9,wind farm,9: wind farm,
9,wind farm,9: wind farm,
9,wind farm,9: wind farm,
9,wind farm,9: wind farm,
9,wind farm,9: wind farm,
9,wind farm,9: wind farm,
9,wind farm,9: wind farm,
9,wind farm,9: wind farm,
9,wind farm,9: wind farm,
9,wind farm,9: wind farm,
9,wind farm,9: wind farm,
9,wind farm,9: wind farm,
9,wind farm,9: wind farm,
9,wind farm,9: wind farm,
9,wind farm,9: wind farm,
9,wind farm,9: wind farm,
9,wind farm,9: wind farm,
9,wind farm,9: wind farm,
9,wind farm,9: wind farm,
9,wind farm,9: wind farm,
9,wind farm,9: wind farm,
9,wind farm,9: wind farm,
9,wind farm,9: wind farm,
9,wind farm,9: wind farm,
9,wind farm,9: wind farm,
9,wind farm,9: wind farm,
9,wind farm,9: wind farm,
9,wind farm,9: wind farm,
9,wind farm,9: wind farm,
9,wind farm,9: wind farm,
9,wind farm,9: wind farm,
9,wind farm,9: wind farm,
9,wind farm,9: wind farm,
9,wind farm,9: wind farm,
9,wind farm,9: wind farm,
9,wind farm,9: wind farm,
9,wind farm,9: wind farm,
9,wind farm,9: wind farm,
9,wind farm,9: wind farm,
9,wind farm,9: wind farm,
9,wind farm,9: wind farm,
9,wind farm,9: wind farm,
9,wind farm,9: wind farm,
9,wind farm,9: wind farm,
9,wind farm,9: wind farm,
9,wind farm,9: wind farm,
9,wind farm,9: wind farm,
9,wind farm,9: wind farm,
9,wind farm,9: wind farm,
9,wind farm,9: wind farm,
9,wind farm,9: wind farm,
9,wind farm,9: wind farm,
9,wind farm,9: wind farm,
9,wind farm,9: wind farm,
9,wind farm,9: wind farm,
9,wind farm,9: wind farm,
9,wind farm,9: wind farm,
9,wind farm,9: wind farm,
9,wind farm,9: wind farm,
9,wind farm,9: wind farm,
9,wind farm,9: wind farm,
9,wind farm,9: wind farm,
9,wind farm,9: wind farm,
9,wind farm,9: wind farm,
9,wind farm,9: wind farm,
9,wind farm,9: wind farm,
9,wind farm,9: wind farm,
9,wind farm,9: wind farm,
9,wind farm,9: wind farm,
9,wind farm,9: wind farm,
9,wind farm,9: wind farm,
9,wind farm,9: wind farm,
9,wind farm,9: wind farm,
9,wind farm,9: wind farm,
9,wind farm,9: wind farm,
9,wind farm,9: wind farm,
9,wind farm,9: wind farm,
9,wind farm,9: wind farm,
9,wind farm,9: wind farm,
9,wind farm,9: wind farm,
9,wind farm,9: wind farm,
9,wind farm,9: wind farm,
9,wind farm,9: wind farm,
9,wind farm,9: wind farm,
9,wind farm,9: wind farm,
9,wind farm,9: wind farm,
9,wind farm,9: wind farm,
9,wind farm,9: wind farm,
9,wind farm,9: wind farm,
9,wind farm,9: wind farm,
9,wind farm,9: wind farm,
9,wind farm,9: wind farm,
9,wind farm,9: wind farm,
9,wind farm,9: wind farm,
9,wind farm,9: wind farm,
9,wind farm,9: wind farm,
9,wind farm,9: wind farm,
9,wind farm,9: wind farm,
9,wind farm,9: wind farm,
9,wind farm,9: wind farm,
9,wind farm,9: wind farm,
9,wind farm,9: wind farm,
9,wind farm,9: wind farm,
9,wind farm,9: wind farm,
9,wind farm,9: wind farm,
9,wind farm,9: wind farm,
9,wind farm,9: wind farm,
9,wind farm,9: wind farm,
9,wind farm,9: wind farm,
9,wind farm,9: wind farm,
9,wind farm,9: wind farm,
9,wind farm,9: wind farm,
9,wind farm,9: wind farm,
9,wind farm,9: wind farm,
9,wind farm,9: wind farm,
9,wind farm,9: wind farm,
9,wind farm,9: wind farm,
9,wind farm,9: wind farm,
9,wind farm,9: wind farm,
9,wind farm,9: wind farm,
9,wind farm,9: wind farm,
9,wind farm,9: wind farm,
9,wind farm,9: wind farm,
9,wind farm,9: wind farm,
9,wind farm,9: wind farm,
9,wind farm,9: wind farm,
9,wind farm,9: wind farm,
9,wind farm,9: wind farm,
9,wind farm,9: wind farm,
9,wind farm,9: wind farm,
9,wind farm,9: wind farm,
9,wind farm,9: wind farm,
9,wind farm,9: wind farm,
9,wind farm,9: wind farm,
9,wind farm,9: wind farm,
9,wind farm,9: wind farm,
9,wind farm,9: wind farm,
9,wind farm,9: wind farm,
9,wind farm,9: wind farm,
9,wind farm,9: wind farm,
9,wind farm,9: wind farm,
9,wind farm,9: wind farm,
9,wind farm,9: wind farm,
9,wind farm,9: wind farm,
9,wind farm,9: wind farm,
9,wind farm,9: wind farm,
9,wind farm,9: wind farm,
9,wind farm,9: wind farm,
9,wind farm,9: wind farm,
9,wind farm,9: wind farm,
9,wind farm,9: wind farm,
9,wind farm,9: wind farm,
9,wind farm,9: wind farm,
9,wind farm,9: wind farm,
9,wind farm,9: wind farm,
9,wind farm,9: wind farm,
9,wind farm,9: wind farm,
9,wind farm,9: wind farm,
9,wind farm,9: wind farm,
9,wind farm,9: wind farm,
9,wind farm,9: wind farm,
9,wind farm,9: wind farm,
9,wind farm,9: wind farm,
9,wind farm,9: wind farm,
9,wind farm,9: wind farm,
7,renew energi,7: renew energi,
7,renew energi,7: renew energi,
7,renew energi,7: renew energi,
7,renew energi,7: renew energi,
7,renew energi,7: renew energi,
7,renew energi,7: renew energi,
7,renew energi,7: renew energi,
7,renew energi,7: renew energi,
7,renew energi,7: renew energi,
7,renew energi,7: renew energi,
7,renew energi,7: renew energi,
7,renew energi,7: renew energi,
7,renew energi,7: renew energi,
7,renew energi,7: renew energi,
7,renew energi,7: renew energi,
7,renew energi,7: renew energi,
7,renew energi,7: renew energi,
7,renew energi,7: renew energi,
7,renew energi,7: renew energi,
7,renew energi,7: renew energi,
7,renew energi,7: renew energi,
7,renew energi,7: renew energi,
7,renew energi,7: renew energi,
7,renew energi,7: renew energi,
7,renew energi,7: renew energi,
7,renew energi,7: renew energi,
7,renew energi,7: renew energi,
7,renew energi,7: renew energi,
7,renew energi,7: renew energi,
7,renew energi,7: renew energi,
7,renew energi,7: renew energi,
7,renew energi,7: renew energi,
7,renew energi,7: renew energi,
7,renew energi,7: renew energi,
7,renew energi,7: renew energi,
7,renew energi,7: renew energi,
7,renew energi,7: renew energi,
7,renew energi,7: renew energi,
7,renew energi,7: renew energi,
7,renew energi,7: renew energi,
7,renew energi,7: renew energi,
7,renew energi,7: renew energi,
7,renew energi,7: renew energi,
7,renew energi,7: renew energi,
7,renew energi,7: renew energi,
7,renew energi,7: renew energi,
7,renew energi,7: renew energi,
7,renew energi,7: renew energi,
7,renew energi,7: renew energi,
7,renew energi,7: renew energi,
7,renew energi,7: renew energi,
7,renew energi,7: renew energi,
7,renew energi,7: renew energi,
7,renew energi,7: renew energi,
7,renew energi,7: renew energi,
7,renew energi,7: renew energi,
7,renew energi,7: renew energi,
7,renew energi,7: renew energi,
7,renew energi,7: renew energi,
7,renew energi,7: renew energi,
7,renew energi,7: renew energi,
7,renew energi,7: renew energi,
7,renew energi,7: renew energi,
7,renew energi,7: renew energi,
7,renew energi,7: renew energi,
7,renew energi,7: renew energi,
7,renew energi,7: renew energi,
7,renew energi,7: renew energi,
7,renew energi,7: renew energi,
7,renew energi,7: renew energi,
7,renew energi,7: renew energi,
7,renew energi,7: renew energi,
7,renew energi,7: renew energi,
7,renew energi,7: renew energi,
7,renew energi,7: renew energi,
7,renew energi,7: renew energi,
7,renew energi,7: renew energi,
7,renew energi,7: renew energi,
7,renew energi,7: renew energi,
7,renew energi,7: renew energi,
7,renew energi,7: renew energi,
7,renew energi,7: renew energi,
7,renew energi,7: renew energi,
7,renew energi,7: renew energi,
7,renew energi,7: renew energi,
7,renew energi,7: renew energi,
7,renew energi,7: renew energi,
7,renew energi,7: renew energi,
7,renew energi,7: renew energi,
7,renew energi,7: renew energi,
7,renew energi,7: renew energi,
7,renew energi,7: renew energi,
7,renew energi,7: renew energi,
7,renew energi,7: renew energi,
7,renew energi,7: renew energi,
7,renew energi,7: renew energi,
7,renew energi,7: renew energi,
7,renew energi,7: renew energi,
7,renew energi,7: renew energi,
7,renew energi,7: renew energi,
7,renew energi,7: renew energi,
7,renew energi,7: renew energi,
7,renew energi,7: renew energi,
7,renew energi,7: renew energi,
7,renew energi,7: renew energi,
7,renew energi,7: renew energi,
7,renew energi,7: renew energi,
7,renew energi,7: renew energi,
7,renew energi,7: renew energi,
7,renew energi,7: renew energi,
7,renew energi,7: renew energi,
7,renew energi,7: renew energi,
7,renew energi,7: renew energi,
7,renew energi,7: renew energi,
7,renew energi,7: renew energi,
7,renew energi,7: renew energi,
7,renew energi,7: renew energi,
7,renew energi,7: renew energi,
7,renew energi,7: renew energi,
7,renew energi,7: renew energi,
7,renew energi,7: renew energi,
7,renew energi,7: renew energi,
7,renew energi,7: renew energi,
7,renew energi,7: renew energi,
7,renew energi,7: renew energi,
7,renew energi,7: renew energi,
7,renew energi,7: renew energi,
7,renew energi,7: renew energi,
7,renew energi,7: renew energi,
7,renew energi,7: renew energi,
7,renew energi,7: renew energi,
7,renew energi,7: renew energi,
7,renew energi,7: renew energi,
7,renew energi,7: renew energi,
7,renew energi,7: renew energi,
7,renew energi,7: renew energi,
7,renew energi,7: renew energi,
7,renew energi,7: renew energi,
7,renew energi,7: renew energi,
7,renew energi,7: renew energi,
7,renew energi,7: renew energi,
7,renew energi,7: renew energi,
7,renew energi,7: renew energi,
7,renew energi,7: renew energi,
7,renew energi,7: renew energi,
7,renew energi,7: renew energi,
5,offshor grid,5: offshor grid,
5,offshor grid,5: offshor grid,
5,offshor grid,5: offshor grid,
5,offshor grid,5: offshor grid,
5,offshor grid,5: offshor grid,
5,offshor grid,5: offshor grid,
5,offshor grid,5: offshor grid,
5,offshor grid,5: offshor grid,
5,offshor grid,5: offshor grid,
5,offshor grid,5: offshor grid,
5,offshor grid,5: offshor grid,
5,offshor grid,5: offshor grid,
5,offshor grid,5: offshor grid,
5,offshor grid,5: offshor grid,
5,offshor grid,5: offshor grid,
5,offshor grid,5: offshor grid,
5,offshor grid,5: offshor grid,
5,offshor grid,5: offshor grid,
5,offshor grid,5: offshor grid,
5,offshor grid,5: offshor grid,
5,offshor grid,5: offshor grid,
5,offshor grid,5: offshor grid,
5,offshor grid,5: offshor grid,
5,offshor grid,5: offshor grid,
5,offshor grid,5: offshor grid,
5,offshor grid,5: offshor grid,
5,offshor grid,5: offshor grid,
5,offshor grid,5: offshor grid,
5,offshor grid,5: offshor grid,
5,offshor grid,5: offshor grid,
5,offshor grid,5: offshor grid,
5,offshor grid,5: offshor grid,
5,offshor grid,5: offshor grid,
5,offshor grid,5: offshor grid,
5,offshor grid,5: offshor grid,
5,offshor grid,5: offshor grid,
5,offshor grid,5: offshor grid,
5,offshor grid,5: offshor grid,
5,offshor grid,5: offshor grid,
5,offshor grid,5: offshor grid,
5,offshor grid,5: offshor grid,
5,offshor grid,5: offshor grid,
5,offshor grid,5: offshor grid,
5,offshor grid,5: offshor grid,
5,offshor grid,5: offshor grid,
5,offshor grid,5: offshor grid,
5,offshor grid,5: offshor grid,
5,offshor grid,5: offshor grid,
5,offshor grid,5: offshor grid,
5,offshor grid,5: offshor grid,
5,offshor grid,5: offshor grid,
5,offshor grid,5: offshor grid,
5,offshor grid,5: offshor grid,
5,offshor grid,5: offshor grid,
5,offshor grid,5: offshor grid,
5,offshor grid,5: offshor grid,
5,offshor grid,5: offshor grid,
5,offshor grid,5: offshor grid,
5,offshor grid,5: offshor grid,
5,offshor grid,5: offshor grid,
5,offshor grid,5: offshor grid,
5,offshor grid,5: offshor grid,
5,offshor grid,5: offshor grid,
5,offshor grid,5: offshor grid,
5,offshor grid,5: offshor grid,
5,offshor grid,5: offshor grid,
5,offshor grid,5: offshor grid,
5,offshor grid,5: offshor grid,
5,offshor grid,5: offshor grid,
5,offshor grid,5: offshor grid,
5,offshor grid,5: offshor grid,
5,offshor grid,5: offshor grid,
5,offshor grid,5: offshor grid,
5,offshor grid,5: offshor grid,
5,offshor grid,5: offshor grid,
5,offshor grid,5: offshor grid,
5,offshor grid,5: offshor grid,
5,offshor grid,5: offshor grid,
5,offshor grid,5: offshor grid,
5,offshor grid,5: offshor grid,
5,offshor grid,5: offshor grid,
5,offshor grid,5: offshor grid,
5,offshor grid,5: offshor grid,
5,offshor grid,5: offshor grid,
5,offshor grid,5: offshor grid,
5,offshor grid,5: offshor grid,
5,offshor grid,5: offshor grid,
5,offshor grid,5: offshor grid,
5,offshor grid,5: offshor grid,
5,offshor grid,5: offshor grid,
5,offshor grid,5: offshor grid,
5,offshor grid,5: offshor grid,
5,offshor grid,5: offshor grid,
5,offshor grid,5: offshor grid,
5,offshor grid,5: offshor grid,
5,offshor grid,5: offshor grid,
5,offshor grid,5: offshor grid,
5,offshor grid,5: offshor grid,
5,offshor grid,5: offshor grid,
5,offshor grid,5: offshor grid,
5,offshor grid,5: offshor grid,
5,offshor grid,5: offshor grid,
5,offshor grid,5: offshor grid,
5,offshor grid,5: offshor grid,
5,offshor grid,5: offshor grid,
5,offshor grid,5: offshor grid,
5,offshor grid,5: offshor grid,
5,offshor grid,5: offshor grid,
5,offshor grid,5: offshor grid,
5,offshor grid,5: offshor grid,
5,offshor grid,5: offshor grid,
5,offshor grid,5: offshor grid,
5,offshor grid,5: offshor grid,
5,offshor grid,5: offshor grid,
5,offshor grid,5: offshor grid,
5,offshor grid,5: offshor grid,
5,offshor grid,5: offshor grid,
5,offshor grid,5: offshor grid,
5,offshor grid,5: offshor grid,
5,offshor grid,5: offshor grid,
5,offshor grid,5: offshor grid,
5,offshor grid,5: offshor grid,
5,offshor grid,5: offshor grid,
5,offshor grid,5: offshor grid,
5,offshor grid,5: offshor grid,
5,offshor grid,5: offshor grid,
5,offshor grid,5: offshor grid,
5,offshor grid,5: offshor grid,
5,offshor grid,5: offshor grid,
5,offshor grid,5: offshor grid,
5,offshor grid,5: offshor grid,
5,offshor grid,5: offshor grid,
5,offshor grid,5: offshor grid,
5,offshor grid,5: offshor grid,
5,offshor grid,5: offshor grid,
5,offshor grid,5: offshor grid,
5,offshor grid,5: offshor grid,
5,offshor grid,5: offshor grid,
5,offshor grid,5: offshor grid,
5,offshor grid,5: offshor grid,
5,offshor grid,5: offshor grid,
5,offshor grid,5: offshor grid,
5,offshor grid,5: offshor grid,
5,offshor grid,5: offshor grid,
5,offshor grid,5: offshor grid,
5,offshor grid,5: offshor grid,
5,offshor grid,5: offshor grid,
5,offshor grid,5: offshor grid,
5,offshor grid,5: offshor grid,
5,offshor grid,5: offshor grid,
5,offshor grid,5: offshor grid,
5,offshor grid,5: offshor grid,
5,offshor grid,5: offshor grid,
5,offshor grid,5: offshor grid,
5,offshor grid,5: offshor grid,
5,offshor grid,5: offshor grid,
5,offshor grid,5: offshor grid,
5,offshor grid,5: offshor grid,
5,offshor grid,5: offshor grid,
5,offshor grid,5: offshor grid,
5,offshor grid,5: offshor grid,
5,offshor grid,5: offshor grid,
5,offshor grid,5: offshor grid,
5,offshor grid,5: offshor grid,
5,offshor grid,5: offshor grid,
5,offshor grid,5: offshor grid,
5,offshor grid,5: offshor grid,
5,offshor grid,5: offshor grid,
5,offshor grid,5: offshor grid,
5,offshor grid,5: offshor grid,
5,offshor grid,5: offshor grid,
5,offshor grid,5: offshor grid,
5,offshor grid,5: offshor grid,
5,offshor grid,5: offshor grid,
5,offshor grid,5: offshor grid,
7,renew energi,7: renew energi,
7,renew energi,7: renew energi,
7,renew energi,7: renew energi,
7,renew energi,7: renew energi,
7,renew energi,7: renew energi,
7,renew energi,7: renew energi,
7,renew energi,7: renew energi,
7,renew energi,7: renew energi,
7,renew energi,7: renew energi,
7,renew energi,7: renew energi,
7,renew energi,7: renew energi,
7,renew energi,7: renew energi,
7,renew energi,7: renew energi,
7,renew energi,7: renew energi,
7,renew energi,7: renew energi,
7,renew energi,7: renew energi,
7,renew energi,7: renew energi,
7,renew energi,7: renew energi,
7,renew energi,7: renew energi,
7,renew energi,7: renew energi,
7,renew energi,7: renew energi,
7,renew energi,7: renew energi,
7,renew energi,7: renew energi,
7,renew energi,7: renew energi,
7,renew energi,7: renew energi,
7,renew energi,7: renew energi,
7,renew energi,7: renew energi,
7,renew energi,7: renew energi,
7,renew energi,7: renew energi,
7,renew energi,7: renew energi,
7,renew energi,7: renew energi,
7,renew energi,7: renew energi,
7,renew energi,7: renew energi,
7,renew energi,7: renew energi,
7,renew energi,7: renew energi,
7,renew energi,7: renew energi,
7,renew energi,7: renew energi,
7,renew energi,7: renew energi,
7,renew energi,7: renew energi,
7,renew energi,7: renew energi,
7,renew energi,7: renew energi,
7,renew energi,7: renew energi,
7,renew energi,7: renew energi,
7,renew energi,7: renew energi,
7,renew energi,7: renew energi,
7,renew energi,7: renew energi,
7,renew energi,7: renew energi,
7,renew energi,7: renew energi,
7,renew energi,7: renew energi,
7,renew energi,7: renew energi,
7,renew energi,7: renew energi,
7,renew energi,7: renew energi,
7,renew energi,7: renew energi,
7,renew energi,7: renew energi,
7,renew energi,7: renew energi,
7,renew energi,7: renew energi,
7,renew energi,7: renew energi,
7,renew energi,7: renew energi,
7,renew energi,7: renew energi,
7,renew energi,7: renew energi,
7,renew energi,7: renew energi,
7,renew energi,7: renew energi,
7,renew energi,7: renew energi,
7,renew energi,7: renew energi,
7,renew energi,7: renew energi,
7,renew energi,7: renew energi,
7,renew energi,7: renew energi,
7,renew energi,7: renew energi,
7,renew energi,7: renew energi,
7,renew energi,7: renew energi,
7,renew energi,7: renew energi,
7,renew energi,7: renew energi,
7,renew energi,7: renew energi,
7,renew energi,7: renew energi,
7,renew energi,7: renew energi,
7,renew energi,7: renew energi,
7,renew energi,7: renew energi,
7,renew energi,7: renew energi,
7,renew energi,7: renew energi,
7,renew energi,7: renew energi,
7,renew energi,7: renew energi,
7,renew energi,7: renew energi,
7,renew energi,7: renew energi,
7,renew energi,7: renew energi,
7,renew energi,7: renew energi,
7,renew energi,7: renew energi,
7,renew energi,7: renew energi,
7,renew energi,7: renew energi,
7,renew energi,7: renew energi,
7,renew energi,7: renew energi,
7,renew energi,7: renew energi,
7,renew energi,7: renew energi,
7,renew energi,7: renew energi,
7,renew energi,7: renew energi,
7,renew energi,7: renew energi,
7,renew energi,7: renew energi,
7,renew energi,7: renew energi,
7,renew energi,7: renew energi,
7,renew energi,7: renew energi,
7,renew energi,7: renew energi,
7,renew energi,7: renew energi,
7,renew energi,7: renew energi,
7,renew energi,7: renew energi,
7,renew energi,7: renew energi,
7,renew energi,7: renew energi,
7,renew energi,7: renew energi,
7,renew energi,7: renew energi,
7,renew energi,7: renew energi,
7,renew energi,7: renew energi,
7,renew energi,7: renew energi,
7,renew energi,7: renew energi,
7,renew energi,7: renew energi,
7,renew energi,7: renew energi,
7,renew energi,7: renew energi,
7,renew energi,7: renew energi,
7,renew energi,7: renew energi,
7,renew energi,7: renew energi,
7,renew energi,7: renew energi,
7,renew energi,7: renew energi,
7,renew energi,7: renew energi,
7,renew energi,7: renew energi,
7,renew energi,7: renew energi,
7,renew energi,7: renew energi,
7,renew energi,7: renew energi,
7,renew energi,7: renew energi,
7,renew energi,7: renew energi,
7,renew energi,7: renew energi,
7,renew energi,7: renew energi,
7,renew energi,7: renew energi,
7,renew energi,7: renew energi,
7,renew energi,7: renew energi,
7,renew energi,7: renew energi,
7,renew energi,7: renew energi,
7,renew energi,7: renew energi,
7,renew energi,7: renew energi,
7,renew energi,7: renew energi,
7,renew energi,7: renew energi,
7,renew energi,7: renew energi,
7,renew energi,7: renew energi,
7,renew energi,7: renew energi,
7,renew energi,7: renew energi,
7,renew energi,7: renew energi,
7,renew energi,7: renew energi,
7,renew energi,7: renew energi,
7,renew energi,7: renew energi,
7,renew energi,7: renew energi,
7,renew energi,7: renew energi,
7,renew energi,7: renew energi,
7,renew energi,7: renew energi,
7,renew energi,7: renew energi,
7,renew energi,7: renew energi,
7,renew energi,7: renew energi,
7,renew energi,7: renew energi,
7,renew energi,7: renew energi,
7,renew energi,7: renew energi,
7,renew energi,7: renew energi,
7,renew energi,7: renew energi,
7,renew energi,7: renew energi,
7,renew energi,7: renew energi,
7,renew energi,7: renew energi,
7,renew energi,7: renew energi,
7,renew energi,7: renew energi,
7,renew energi,7: renew energi,
7,renew energi,7: renew energi,
7,renew energi,7: renew energi,
7,renew energi,7: renew energi,
7,renew energi,7: renew energi,
7,renew energi,7: renew energi,
7,renew energi,7: renew energi,
7,renew energi,7: renew energi,
7,renew energi,7: renew energi,
7,renew energi,7: renew energi,
7,renew energi,7: renew energi,
7,renew energi,7: renew energi,
7,renew energi,7: renew energi,
7,renew energi,7: renew energi,
7,renew energi,7: renew energi,
7,renew energi,7: renew energi,
7,renew energi,7: renew energi,
7,renew energi,7: renew energi,
7,renew energi,7: renew energi,
7,renew energi,7: renew energi,
7,renew energi,7: renew energi,
7,renew energi,7: renew energi,
7,renew energi,7: renew energi,
7,renew energi,7: renew energi,
7,renew energi,7: renew energi,
7,renew energi,7: renew energi,
7,renew energi,7: renew energi,
7,renew energi,7: renew energi,
7,renew energi,7: renew energi,
7,renew energi,7: renew energi,
7,renew energi,7: renew energi,
7,renew energi,7: renew energi,
7,renew energi,7: renew energi,
7,renew energi,7: renew energi,
7,renew energi,7: renew energi,
7,renew energi,7: renew energi,
7,renew energi,7: renew energi,
7,renew energi,7: renew energi,
7,renew energi,7: renew energi,
7,renew energi,7: renew energi,
7,renew energi,7: renew energi,
7,renew energi,7: renew energi,
7,renew energi,7: renew energi,
7,renew energi,7: renew energi,
7,renew energi,7: renew energi,
7,renew energi,7: renew energi,
7,renew energi,7: renew energi,
7,renew energi,7: renew energi,
7,renew energi,7: renew energi,
7,renew energi,7: renew energi,
7,renew energi,7: renew energi,
7,renew energi,7: renew energi,
7,renew energi,7: renew energi,
7,renew energi,7: renew energi,
7,renew energi,7: renew energi,
7,renew energi,7: renew energi,
7,renew energi,7: renew energi,
7,renew energi,7: renew energi,
7,renew energi,7: renew energi,
7,renew energi,7: renew energi,
7,renew energi,7: renew energi,
7,renew energi,7: renew energi,
7,renew energi,7: renew energi,
7,renew energi,7: renew energi,
7,renew energi,7: renew energi,
7,renew energi,7: renew energi,
7,renew energi,7: renew energi,
7,renew energi,7: renew energi,
7,renew energi,7: renew energi,
7,renew energi,7: renew energi,
7,renew energi,7: renew energi,
7,renew energi,7: renew energi,
7,renew energi,7: renew energi,
7,renew energi,7: renew energi,
7,renew energi,7: renew energi,
7,renew energi,7: renew energi,
7,renew energi,7: renew energi,
7,renew energi,7: renew energi,
7,renew energi,7: renew energi,
7,renew energi,7: renew energi,
7,renew energi,7: renew energi,
7,renew energi,7: renew energi,
7,renew energi,7: renew energi,
7,renew energi,7: renew energi,
7,renew energi,7: renew energi,
7,renew energi,7: renew energi,
7,renew energi,7: renew energi,
7,renew energi,7: renew energi,
7,renew energi,7: renew energi,
7,renew energi,7: renew energi,
7,renew energi,7: renew energi,
7,renew energi,7: renew energi,
7,renew energi,7: renew energi,
7,renew energi,7: renew energi,
7,renew energi,7: renew energi,
7,renew energi,7: renew energi,
7,renew energi,7: renew energi,
7,renew energi,7: renew energi,
7,renew energi,7: renew energi,
7,renew energi,7: renew energi,
7,renew energi,7: renew energi,
7,renew energi,7: renew energi,
7,renew energi,7: renew energi,
7,renew energi,7: renew energi,
7,renew energi,7: renew energi,
7,renew energi,7: renew energi,
7,renew energi,7: renew energi,
7,renew energi,7: renew energi,
7,renew energi,7: renew energi,
7,renew energi,7: renew energi,
7,renew energi,7: renew energi,
7,renew energi,7: renew energi,
7,renew energi,7: renew energi,
7,renew energi,7: renew energi,
7,renew energi,7: renew energi,
7,renew energi,7: renew energi,
7,renew energi,7: renew energi,
7,renew energi,7: renew energi,
7,renew energi,7: renew energi,
7,renew energi,7: renew energi,
7,renew energi,7: renew energi,
7,renew energi,7: renew energi,
7,renew energi,7: renew energi,
7,renew energi,7: renew energi,
7,renew energi,7: renew energi,
7,renew energi,7: renew energi,
7,renew energi,7: renew energi,
7,renew energi,7: renew energi,
7,renew energi,7: renew energi,
7,renew energi,7: renew energi,
1,abstract avail,1: abstract avail,
1,abstract avail,1: abstract avail,
1,abstract avail,1: abstract avail,
1,abstract avail,1: abstract avail,
1,abstract avail,1: abstract avail,
1,abstract avail,1: abstract avail,
1,abstract avail,1: abstract avail,
1,abstract avail,1: abstract avail,
1,abstract avail,1: abstract avail,
1,abstract avail,1: abstract avail,
1,abstract avail,1: abstract avail,
1,abstract avail,1: abstract avail,
1,abstract avail,1: abstract avail,
1,abstract avail,1: abstract avail,
1,abstract avail,1: abstract avail,
1,abstract avail,1: abstract avail,
1,abstract avail,1: abstract avail,
1,abstract avail,1: abstract avail,
1,abstract avail,1: abstract avail,
1,abstract avail,1: abstract avail,
1,abstract avail,1: abstract avail,
1,abstract avail,1: abstract avail,
1,abstract avail,1: abstract avail,
1,abstract avail,1: abstract avail,
1,abstract avail,1: abstract avail,
1,abstract avail,1: abstract avail,
1,abstract avail,1: abstract avail,
1,abstract avail,1: abstract avail,
1,abstract avail,1: abstract avail,
1,abstract avail,1: abstract avail,
1,abstract avail,1: abstract avail,
1,abstract avail,1: abstract avail,
1,abstract avail,1: abstract avail,
1,abstract avail,1: abstract avail,
1,abstract avail,1: abstract avail,
1,abstract avail,1: abstract avail,
1,abstract avail,1: abstract avail,
1,abstract avail,1: abstract avail,
1,abstract avail,1: abstract avail,
1,abstract avail,1: abstract avail,
1,abstract avail,1: abstract avail,
1,abstract avail,1: abstract avail,
1,abstract avail,1: abstract avail,
1,abstract avail,1: abstract avail,
1,abstract avail,1: abstract avail,
1,abstract avail,1: abstract avail,
1,abstract avail,1: abstract avail,
1,abstract avail,1: abstract avail,
1,abstract avail,1: abstract avail,
1,abstract avail,1: abstract avail,
1,abstract avail,1: abstract avail,
1,abstract avail,1: abstract avail,
1,abstract avail,1: abstract avail,
1,abstract avail,1: abstract avail,
1,abstract avail,1: abstract avail,
1,abstract avail,1: abstract avail,
1,abstract avail,1: abstract avail,
1,abstract avail,1: abstract avail,
1,abstract avail,1: abstract avail,
1,abstract avail,1: abstract avail,
1,abstract avail,1: abstract avail,
1,abstract avail,1: abstract avail,
1,abstract avail,1: abstract avail,
1,abstract avail,1: abstract avail,
1,abstract avail,1: abstract avail,
1,abstract avail,1: abstract avail,
1,abstract avail,1: abstract avail,
1,abstract avail,1: abstract avail,
1,abstract avail,1: abstract avail,
1,abstract avail,1: abstract avail,
1,abstract avail,1: abstract avail,
1,abstract avail,1: abstract avail,
1,abstract avail,1: abstract avail,
1,abstract avail,1: abstract avail,
1,abstract avail,1: abstract avail,
1,abstract avail,1: abstract avail,
1,abstract avail,1: abstract avail,
1,abstract avail,1: abstract avail,
1,abstract avail,1: abstract avail,
1,abstract avail,1: abstract avail,
1,abstract avail,1: abstract avail,
3,offshor wind,3: offshor wind,
3,offshor wind,3: offshor wind,
3,offshor wind,3: offshor wind,
3,offshor wind,3: offshor wind,
3,offshor wind,3: offshor wind,
3,offshor wind,3: offshor wind,
3,offshor wind,3: offshor wind,
3,offshor wind,3: offshor wind,
3,offshor wind,3: offshor wind,
3,offshor wind,3: offshor wind,
3,offshor wind,3: offshor wind,
3,offshor wind,3: offshor wind,
3,offshor wind,3: offshor wind,
3,offshor wind,3: offshor wind,
3,offshor wind,3: offshor wind,
3,offshor wind,3: offshor wind,
3,offshor wind,3: offshor wind,
3,offshor wind,3: offshor wind,
3,offshor wind,3: offshor wind,
3,offshor wind,3: offshor wind,
3,offshor wind,3: offshor wind,
3,offshor wind,3: offshor wind,
3,offshor wind,3: offshor wind,
3,offshor wind,3: offshor wind,
3,offshor wind,3: offshor wind,
3,offshor wind,3: offshor wind,
3,offshor wind,3: offshor wind,
3,offshor wind,3: offshor wind,
3,offshor wind,3: offshor wind,
3,offshor wind,3: offshor wind,
3,offshor wind,3: offshor wind,
3,offshor wind,3: offshor wind,
3,offshor wind,3: offshor wind,
3,offshor wind,3: offshor wind,
3,offshor wind,3: offshor wind,
3,offshor wind,3: offshor wind,
3,offshor wind,3: offshor wind,
3,offshor wind,3: offshor wind,
3,offshor wind,3: offshor wind,
3,offshor wind,3: offshor wind,
3,offshor wind,3: offshor wind,
3,offshor wind,3: offshor wind,
3,offshor wind,3: offshor wind,
3,offshor wind,3: offshor wind,
3,offshor wind,3: offshor wind,
3,offshor wind,3: offshor wind,
3,offshor wind,3: offshor wind,
3,offshor wind,3: offshor wind,
3,offshor wind,3: offshor wind,
3,offshor wind,3: offshor wind,
3,offshor wind,3: offshor wind,
3,offshor wind,3: offshor wind,
3,offshor wind,3: offshor wind,
3,offshor wind,3: offshor wind,
3,offshor wind,3: offshor wind,
3,offshor wind,3: offshor wind,
3,offshor wind,3: offshor wind,
3,offshor wind,3: offshor wind,
3,offshor wind,3: offshor wind,
3,offshor wind,3: offshor wind,
3,offshor wind,3: offshor wind,
3,offshor wind,3: offshor wind,
3,offshor wind,3: offshor wind,
3,offshor wind,3: offshor wind,
3,offshor wind,3: offshor wind,
3,offshor wind,3: offshor wind,
3,offshor wind,3: offshor wind,
3,offshor wind,3: offshor wind,
3,offshor wind,3: offshor wind,
3,offshor wind,3: offshor wind,
3,offshor wind,3: offshor wind,
3,offshor wind,3: offshor wind,
3,offshor wind,3: offshor wind,
3,offshor wind,3: offshor wind,
3,offshor wind,3: offshor wind,
3,offshor wind,3: offshor wind,
3,offshor wind,3: offshor wind,
3,offshor wind,3: offshor wind,
3,offshor wind,3: offshor wind,
3,offshor wind,3: offshor wind,
3,offshor wind,3: offshor wind,
3,offshor wind,3: offshor wind,
3,offshor wind,3: offshor wind,
3,offshor wind,3: offshor wind,
3,offshor wind,3: offshor wind,
3,offshor wind,3: offshor wind,
3,offshor wind,3: offshor wind,
3,offshor wind,3: offshor wind,
3,offshor wind,3: offshor wind,
3,offshor wind,3: offshor wind,
3,offshor wind,3: offshor wind,
3,offshor wind,3: offshor wind,
3,offshor wind,3: offshor wind,
3,offshor wind,3: offshor wind,
3,offshor wind,3: offshor wind,
3,offshor wind,3: offshor wind,
3,offshor wind,3: offshor wind,
3,offshor wind,3: offshor wind,
3,offshor wind,3: offshor wind,
3,offshor wind,3: offshor wind,
3,offshor wind,3: offshor wind,
3,offshor wind,3: offshor wind,
3,offshor wind,3: offshor wind,
3,offshor wind,3: offshor wind,
3,offshor wind,3: offshor wind,
3,offshor wind,3: offshor wind,
3,offshor wind,3: offshor wind,
3,offshor wind,3: offshor wind,
3,offshor wind,3: offshor wind,
3,offshor wind,3: offshor wind,
3,offshor wind,3: offshor wind,
3,offshor wind,3: offshor wind,
3,offshor wind,3: offshor wind,
9,wind farm,9: wind farm,
9,wind farm,9: wind farm,
9,wind farm,9: wind farm,
9,wind farm,9: wind farm,
9,wind farm,9: wind farm,
9,wind farm,9: wind farm,
9,wind farm,9: wind farm,
9,wind farm,9: wind farm,
9,wind farm,9: wind farm,
9,wind farm,9: wind farm,
9,wind farm,9: wind farm,
9,wind farm,9: wind farm,
9,wind farm,9: wind farm,
9,wind farm,9: wind farm,
9,wind farm,9: wind farm,
9,wind farm,9: wind farm,
9,wind farm,9: wind farm,
9,wind farm,9: wind farm,
9,wind farm,9: wind farm,
9,wind farm,9: wind farm,
9,wind farm,9: wind farm,
9,wind farm,9: wind farm,
9,wind farm,9: wind farm,
9,wind farm,9: wind farm,
9,wind farm,9: wind farm,
9,wind farm,9: wind farm,
9,wind farm,9: wind farm,
9,wind farm,9: wind farm,
9,wind farm,9: wind farm,
9,wind farm,9: wind farm,
9,wind farm,9: wind farm,
9,wind farm,9: wind farm,
9,wind farm,9: wind farm,
9,wind farm,9: wind farm,
9,wind farm,9: wind farm,
9,wind farm,9: wind farm,
9,wind farm,9: wind farm,
9,wind farm,9: wind farm,
9,wind farm,9: wind farm,
9,wind farm,9: wind farm,
9,wind farm,9: wind farm,
9,wind farm,9: wind farm,
9,wind farm,9: wind farm,
9,wind farm,9: wind farm,
9,wind farm,9: wind farm,
9,wind farm,9: wind farm,
9,wind farm,9: wind farm,
9,wind farm,9: wind farm,
9,wind farm,9: wind farm,
9,wind farm,9: wind farm,
9,wind farm,9: wind farm,
9,wind farm,9: wind farm,
9,wind farm,9: wind farm,
9,wind farm,9: wind farm,
9,wind farm,9: wind farm,
9,wind farm,9: wind farm,
9,wind farm,9: wind farm,
9,wind farm,9: wind farm,
9,wind farm,9: wind farm,
9,wind farm,9: wind farm,
9,wind farm,9: wind farm,
9,wind farm,9: wind farm,
9,wind farm,9: wind farm,
9,wind farm,9: wind farm,
9,wind farm,9: wind farm,
9,wind farm,9: wind farm,
9,wind farm,9: wind farm,
9,wind farm,9: wind farm,
9,wind farm,9: wind farm,
9,wind farm,9: wind farm,
9,wind farm,9: wind farm,
9,wind farm,9: wind farm,
9,wind farm,9: wind farm,
9,wind farm,9: wind farm,
9,wind farm,9: wind farm,
9,wind farm,9: wind farm,
9,wind farm,9: wind farm,
9,wind farm,9: wind farm,
9,wind farm,9: wind farm,
9,wind farm,9: wind farm,
9,wind farm,9: wind farm,
9,wind farm,9: wind farm,
9,wind farm,9: wind farm,
9,wind farm,9: wind farm,
9,wind farm,9: wind farm,
9,wind farm,9: wind farm,
9,wind farm,9: wind farm,
9,wind farm,9: wind farm,
9,wind farm,9: wind farm,
9,wind farm,9: wind farm,
9,wind farm,9: wind farm,
9,wind farm,9: wind farm,
9,wind farm,9: wind farm,
9,wind farm,9: wind farm,
9,wind farm,9: wind farm,
9,wind farm,9: wind farm,
9,wind farm,9: wind farm,
9,wind farm,9: wind farm,
9,wind farm,9: wind farm,
9,wind farm,9: wind farm,
9,wind farm,9: wind farm,
9,wind farm,9: wind farm,
9,wind farm,9: wind farm,
9,wind farm,9: wind farm,
9,wind farm,9: wind farm,
9,wind farm,9: wind farm,
9,wind farm,9: wind farm,
9,wind farm,9: wind farm,
9,wind farm,9: wind farm,
9,wind farm,9: wind farm,
9,wind farm,9: wind farm,
9,wind farm,9: wind farm,
9,wind farm,9: wind farm,
9,wind farm,9: wind farm,
9,wind farm,9: wind farm,
9,wind farm,9: wind farm,
9,wind farm,9: wind farm,
9,wind farm,9: wind farm,
9,wind farm,9: wind farm,
9,wind farm,9: wind farm,
9,wind farm,9: wind farm,
9,wind farm,9: wind farm,
9,wind farm,9: wind farm,
9,wind farm,9: wind farm,
9,wind farm,9: wind farm,
9,wind farm,9: wind farm,
9,wind farm,9: wind farm,
9,wind farm,9: wind farm,
9,wind farm,9: wind farm,
9,wind farm,9: wind farm,
9,wind farm,9: wind farm,
9,wind farm,9: wind farm,
9,wind farm,9: wind farm,
9,wind farm,9: wind farm,
9,wind farm,9: wind farm,
9,wind farm,9: wind farm,
9,wind farm,9: wind farm,
9,wind farm,9: wind farm,
9,wind farm,9: wind farm,
9,wind farm,9: wind farm,
9,wind farm,9: wind farm,
9,wind farm,9: wind farm,
9,wind farm,9: wind farm,
9,wind farm,9: wind farm,
9,wind farm,9: wind farm,
9,wind farm,9: wind farm,
9,wind farm,9: wind farm,
9,wind farm,9: wind farm,
9,wind farm,9: wind farm,
9,wind farm,9: wind farm,
9,wind farm,9: wind farm,
9,wind farm,9: wind farm,
9,wind farm,9: wind farm,
9,wind farm,9: wind farm,
9,wind farm,9: wind farm,
9,wind farm,9: wind farm,
9,wind farm,9: wind farm,
9,wind farm,9: wind farm,
9,wind farm,9: wind farm,
9,wind farm,9: wind farm,
9,wind farm,9: wind farm,
3,offshor wind,3: offshor wind,
3,offshor wind,3: offshor wind,
3,offshor wind,3: offshor wind,
3,offshor wind,3: offshor wind,
3,offshor wind,3: offshor wind,
3,offshor wind,3: offshor wind,
3,offshor wind,3: offshor wind,
3,offshor wind,3: offshor wind,
3,offshor wind,3: offshor wind,
3,offshor wind,3: offshor wind,
3,offshor wind,3: offshor wind,
3,offshor wind,3: offshor wind,
3,offshor wind,3: offshor wind,
3,offshor wind,3: offshor wind,
3,offshor wind,3: offshor wind,
3,offshor wind,3: offshor wind,
3,offshor wind,3: offshor wind,
3,offshor wind,3: offshor wind,
3,offshor wind,3: offshor wind,
3,offshor wind,3: offshor wind,
3,offshor wind,3: offshor wind,
3,offshor wind,3: offshor wind,
3,offshor wind,3: offshor wind,
3,offshor wind,3: offshor wind,
3,offshor wind,3: offshor wind,
3,offshor wind,3: offshor wind,
3,offshor wind,3: offshor wind,
3,offshor wind,3: offshor wind,
3,offshor wind,3: offshor wind,
3,offshor wind,3: offshor wind,
3,offshor wind,3: offshor wind,
3,offshor wind,3: offshor wind,
3,offshor wind,3: offshor wind,
3,offshor wind,3: offshor wind,
3,offshor wind,3: offshor wind,
3,offshor wind,3: offshor wind,
3,offshor wind,3: offshor wind,
3,offshor wind,3: offshor wind,
3,offshor wind,3: offshor wind,
3,offshor wind,3: offshor wind,
3,offshor wind,3: offshor wind,
3,offshor wind,3: offshor wind,
3,offshor wind,3: offshor wind,
3,offshor wind,3: offshor wind,
3,offshor wind,3: offshor wind,
3,offshor wind,3: offshor wind,
3,offshor wind,3: offshor wind,
3,offshor wind,3: offshor wind,
3,offshor wind,3: offshor wind,
3,offshor wind,3: offshor wind,
3,offshor wind,3: offshor wind,
3,offshor wind,3: offshor wind,
3,offshor wind,3: offshor wind,
3,offshor wind,3: offshor wind,
3,offshor wind,3: offshor wind,
3,offshor wind,3: offshor wind,
3,offshor wind,3: offshor wind,
3,offshor wind,3: offshor wind,
3,offshor wind,3: offshor wind,
3,offshor wind,3: offshor wind,
3,offshor wind,3: offshor wind,
3,offshor wind,3: offshor wind,
3,offshor wind,3: offshor wind,
3,offshor wind,3: offshor wind,
3,offshor wind,3: offshor wind,
3,offshor wind,3: offshor wind,
3,offshor wind,3: offshor wind,
3,offshor wind,3: offshor wind,
3,offshor wind,3: offshor wind,
3,offshor wind,3: offshor wind,
3,offshor wind,3: offshor wind,
3,offshor wind,3: offshor wind,
3,offshor wind,3: offshor wind,
3,offshor wind,3: offshor wind,
3,offshor wind,3: offshor wind,
3,offshor wind,3: offshor wind,
3,offshor wind,3: offshor wind,
3,offshor wind,3: offshor wind,
3,offshor wind,3: offshor wind,
3,offshor wind,3: offshor wind,
3,offshor wind,3: offshor wind,
3,offshor wind,3: offshor wind,
3,offshor wind,3: offshor wind,
3,offshor wind,3: offshor wind,
3,offshor wind,3: offshor wind,
3,offshor wind,3: offshor wind,
3,offshor wind,3: offshor wind,
3,offshor wind,3: offshor wind,
3,offshor wind,3: offshor wind,
3,offshor wind,3: offshor wind,
3,offshor wind,3: offshor wind,
3,offshor wind,3: offshor wind,
3,offshor wind,3: offshor wind,
3,offshor wind,3: offshor wind,
3,offshor wind,3: offshor wind,
3,offshor wind,3: offshor wind,
3,offshor wind,3: offshor wind,
3,offshor wind,3: offshor wind,
3,offshor wind,3: offshor wind,
3,offshor wind,3: offshor wind,
3,offshor wind,3: offshor wind,
3,offshor wind,3: offshor wind,
3,offshor wind,3: offshor wind,
3,offshor wind,3: offshor wind,
3,offshor wind,3: offshor wind,
3,offshor wind,3: offshor wind,
3,offshor wind,3: offshor wind,
3,offshor wind,3: offshor wind,
3,offshor wind,3: offshor wind,
3,offshor wind,3: offshor wind,
3,offshor wind,3: offshor wind,
3,offshor wind,3: offshor wind,
3,offshor wind,3: offshor wind,
7,renew energi,7: renew energi,
7,renew energi,7: renew energi,
7,renew energi,7: renew energi,
7,renew energi,7: renew energi,
7,renew energi,7: renew energi,
7,renew energi,7: renew energi,
7,renew energi,7: renew energi,
7,renew energi,7: renew energi,
7,renew energi,7: renew energi,
7,renew energi,7: renew energi,
7,renew energi,7: renew energi,
7,renew energi,7: renew energi,
7,renew energi,7: renew energi,
7,renew energi,7: renew energi,
7,renew energi,7: renew energi,
7,renew energi,7: renew energi,
7,renew energi,7: renew energi,
7,renew energi,7: renew energi,
7,renew energi,7: renew energi,
7,renew energi,7: renew energi,
7,renew energi,7: renew energi,
7,renew energi,7: renew energi,
7,renew energi,7: renew energi,
7,renew energi,7: renew energi,
7,renew energi,7: renew energi,
7,renew energi,7: renew energi,
7,renew energi,7: renew energi,
7,renew energi,7: renew energi,
7,renew energi,7: renew energi,
7,renew energi,7: renew energi,
7,renew energi,7: renew energi,
7,renew energi,7: renew energi,
7,renew energi,7: renew energi,
7,renew energi,7: renew energi,
7,renew energi,7: renew energi,
7,renew energi,7: renew energi,
7,renew energi,7: renew energi,
7,renew energi,7: renew energi,
7,renew energi,7: renew energi,
7,renew energi,7: renew energi,
7,renew energi,7: renew energi,
7,renew energi,7: renew energi,
7,renew energi,7: renew energi,
7,renew energi,7: renew energi,
7,renew energi,7: renew energi,
7,renew energi,7: renew energi,
7,renew energi,7: renew energi,
7,renew energi,7: renew energi,
7,renew energi,7: renew energi,
7,renew energi,7: renew energi,
7,renew energi,7: renew energi,
7,renew energi,7: renew energi,
7,renew energi,7: renew energi,
7,renew energi,7: renew energi,
7,renew energi,7: renew energi,
7,renew energi,7: renew energi,
7,renew energi,7: renew energi,
7,renew energi,7: renew energi,
7,renew energi,7: renew energi,
7,renew energi,7: renew energi,
7,renew energi,7: renew energi,
7,renew energi,7: renew energi,
7,renew energi,7: renew energi,
7,renew energi,7: renew energi,
7,renew energi,7: renew energi,
7,renew energi,7: renew energi,
7,renew energi,7: renew energi,
7,renew energi,7: renew energi,
7,renew energi,7: renew energi,
7,renew energi,7: renew energi,
7,renew energi,7: renew energi,
7,renew energi,7: renew energi,
7,renew energi,7: renew energi,
7,renew energi,7: renew energi,
7,renew energi,7: renew energi,
7,renew energi,7: renew energi,
7,renew energi,7: renew energi,
7,renew energi,7: renew energi,
7,renew energi,7: renew energi,
7,renew energi,7: renew energi,
7,renew energi,7: renew energi,
7,renew energi,7: renew energi,
7,renew energi,7: renew energi,
7,renew energi,7: renew energi,
7,renew energi,7: renew energi,
7,renew energi,7: renew energi,
7,renew energi,7: renew energi,
7,renew energi,7: renew energi,
7,renew energi,7: renew energi,
7,renew energi,7: renew energi,
7,renew energi,7: renew energi,
7,renew energi,7: renew energi,
7,renew energi,7: renew energi,
7,renew energi,7: renew energi,
7,renew energi,7: renew energi,
7,renew energi,7: renew energi,
7,renew energi,7: renew energi,
7,renew energi,7: renew energi,
7,renew energi,7: renew energi,
7,renew energi,7: renew energi,
7,renew energi,7: renew energi,
7,renew energi,7: renew energi,
7,renew energi,7: renew energi,
7,renew energi,7: renew energi,
7,renew energi,7: renew energi,
7,renew energi,7: renew energi,
7,renew energi,7: renew energi,
7,renew energi,7: renew energi,
7,renew energi,7: renew energi,
7,renew energi,7: renew energi,
7,renew energi,7: renew energi,
7,renew energi,7: renew energi,
7,renew energi,7: renew energi,
7,renew energi,7: renew energi,
7,renew energi,7: renew energi,
7,renew energi,7: renew energi,
7,renew energi,7: renew energi,
7,renew energi,7: renew energi,
7,renew energi,7: renew energi,
7,renew energi,7: renew energi,
7,renew energi,7: renew energi,
7,renew energi,7: renew energi,
7,renew energi,7: renew energi,
7,renew energi,7: renew energi,
7,renew energi,7: renew energi,
7,renew energi,7: renew energi,
7,renew energi,7: renew energi,
7,renew energi,7: renew energi,
7,renew energi,7: renew energi,
7,renew energi,7: renew energi,
7,renew energi,7: renew energi,
7,renew energi,7: renew energi,
7,renew energi,7: renew energi,
7,renew energi,7: renew energi,
7,renew energi,7: renew energi,
7,renew energi,7: renew energi,
7,renew energi,7: renew energi,
7,renew energi,7: renew energi,
7,renew energi,7: renew energi,
7,renew energi,7: renew energi,
7,renew energi,7: renew energi,
7,renew energi,7: renew energi,
7,renew energi,7: renew energi,
7,renew energi,7: renew energi,
7,renew energi,7: renew energi,
7,renew energi,7: renew energi,
5,offshor grid,5: offshor grid,
5,offshor grid,5: offshor grid,
5,offshor grid,5: offshor grid,
5,offshor grid,5: offshor grid,
5,offshor grid,5: offshor grid,
5,offshor grid,5: offshor grid,
5,offshor grid,5: offshor grid,
5,offshor grid,5: offshor grid,
5,offshor grid,5: offshor grid,
5,offshor grid,5: offshor grid,
5,offshor grid,5: offshor grid,
5,offshor grid,5: offshor grid,
5,offshor grid,5: offshor grid,
5,offshor grid,5: offshor grid,
5,offshor grid,5: offshor grid,
5,offshor grid,5: offshor grid,
5,offshor grid,5: offshor grid,
5,offshor grid,5: offshor grid,
5,offshor grid,5: offshor grid,
5,offshor grid,5: offshor grid,
5,offshor grid,5: offshor grid,
5,offshor grid,5: offshor grid,
5,offshor grid,5: offshor grid,
5,offshor grid,5: offshor grid,
5,offshor grid,5: offshor grid,
5,offshor grid,5: offshor grid,
5,offshor grid,5: offshor grid,
5,offshor grid,5: offshor grid,
5,offshor grid,5: offshor grid,
5,offshor grid,5: offshor grid,
5,offshor grid,5: offshor grid,
5,offshor grid,5: offshor grid,
5,offshor grid,5: offshor grid,
5,offshor grid,5: offshor grid,
5,offshor grid,5: offshor grid,
5,offshor grid,5: offshor grid,
5,offshor grid,5: offshor grid,
5,offshor grid,5: offshor grid,
5,offshor grid,5: offshor grid,
5,offshor grid,5: offshor grid,
5,offshor grid,5: offshor grid,
5,offshor grid,5: offshor grid,
5,offshor grid,5: offshor grid,
5,offshor grid,5: offshor grid,
5,offshor grid,5: offshor grid,
5,offshor grid,5: offshor grid,
5,offshor grid,5: offshor grid,
5,offshor grid,5: offshor grid,
5,offshor grid,5: offshor grid,
5,offshor grid,5: offshor grid,
5,offshor grid,5: offshor grid,
5,offshor grid,5: offshor grid,
5,offshor grid,5: offshor grid,
5,offshor grid,5: offshor grid,
5,offshor grid,5: offshor grid,
5,offshor grid,5: offshor grid,
5,offshor grid,5: offshor grid,
5,offshor grid,5: offshor grid,
5,offshor grid,5: offshor grid,
5,offshor grid,5: offshor grid,
5,offshor grid,5: offshor grid,
5,offshor grid,5: offshor grid,
5,offshor grid,5: offshor grid,
5,offshor grid,5: offshor grid,
5,offshor grid,5: offshor grid,
5,offshor grid,5: offshor grid,
5,offshor grid,5: offshor grid,
5,offshor grid,5: offshor grid,
5,offshor grid,5: offshor grid,
5,offshor grid,5: offshor grid,
5,offshor grid,5: offshor grid,
5,offshor grid,5: offshor grid,
5,offshor grid,5: offshor grid,
5,offshor grid,5: offshor grid,
5,offshor grid,5: offshor grid,
5,offshor grid,5: offshor grid,
5,offshor grid,5: offshor grid,
5,offshor grid,5: offshor grid,
5,offshor grid,5: offshor grid,
5,offshor grid,5: offshor grid,
5,offshor grid,5: offshor grid,
5,offshor grid,5: offshor grid,
5,offshor grid,5: offshor grid,
5,offshor grid,5: offshor grid,
5,offshor grid,5: offshor grid,
5,offshor grid,5: offshor grid,
5,offshor grid,5: offshor grid,
5,offshor grid,5: offshor grid,
5,offshor grid,5: offshor grid,
5,offshor grid,5: offshor grid,
5,offshor grid,5: offshor grid,
5,offshor grid,5: offshor grid,
5,offshor grid,5: offshor grid,
5,offshor grid,5: offshor grid,
5,offshor grid,5: offshor grid,
5,offshor grid,5: offshor grid,
5,offshor grid,5: offshor grid,
5,offshor grid,5: offshor grid,
5,offshor grid,5: offshor grid,
5,offshor grid,5: offshor grid,
5,offshor grid,5: offshor grid,
5,offshor grid,5: offshor grid,
5,offshor grid,5: offshor grid,
5,offshor grid,5: offshor grid,
5,offshor grid,5: offshor grid,
5,offshor grid,5: offshor grid,
5,offshor grid,5: offshor grid,
5,offshor grid,5: offshor grid,
5,offshor grid,5: offshor grid,
5,offshor grid,5: offshor grid,
5,offshor grid,5: offshor grid,
5,offshor grid,5: offshor grid,
5,offshor grid,5: offshor grid,
5,offshor grid,5: offshor grid,
5,offshor grid,5: offshor grid,
5,offshor grid,5: offshor grid,
5,offshor grid,5: offshor grid,
5,offshor grid,5: offshor grid,
5,offshor grid,5: offshor grid,
5,offshor grid,5: offshor grid,
5,offshor grid,5: offshor grid,
5,offshor grid,5: offshor grid,
5,offshor grid,5: offshor grid,
5,offshor grid,5: offshor grid,
5,offshor grid,5: offshor grid,
5,offshor grid,5: offshor grid,
5,offshor grid,5: offshor grid,
5,offshor grid,5: offshor grid,
5,offshor grid,5: offshor grid,
5,offshor grid,5: offshor grid,
5,offshor grid,5: offshor grid,
5,offshor grid,5: offshor grid,
5,offshor grid,5: offshor grid,
5,offshor grid,5: offshor grid,
5,offshor grid,5: offshor grid,
5,offshor grid,5: offshor grid,
5,offshor grid,5: offshor grid,
5,offshor grid,5: offshor grid,
5,offshor grid,5: offshor grid,
5,offshor grid,5: offshor grid,
5,offshor grid,5: offshor grid,
5,offshor grid,5: offshor grid,
5,offshor grid,5: offshor grid,
5,offshor grid,5: offshor grid,
5,offshor grid,5: offshor grid,
5,offshor grid,5: offshor grid,
5,offshor grid,5: offshor grid,
5,offshor grid,5: offshor grid,
5,offshor grid,5: offshor grid,
5,offshor grid,5: offshor grid,
5,offshor grid,5: offshor grid,
5,offshor grid,5: offshor grid,
5,offshor grid,5: offshor grid,
5,offshor grid,5: offshor grid,
5,offshor grid,5: offshor grid,
5,offshor grid,5: offshor grid,
5,offshor grid,5: offshor grid,
5,offshor grid,5: offshor grid,
5,offshor grid,5: offshor grid,
5,offshor grid,5: offshor grid,
5,offshor grid,5: offshor grid,
5,offshor grid,5: offshor grid,
5,offshor grid,5: offshor grid,
5,offshor grid,5: offshor grid,
5,offshor grid,5: offshor grid,
5,offshor grid,5: offshor grid,
5,offshor grid,5: offshor grid,
5,offshor grid,5: offshor grid,
5,offshor grid,5: offshor grid,
5,offshor grid,5: offshor grid,
5,offshor grid,5: offshor grid,
5,offshor grid,5: offshor grid,
5,offshor grid,5: offshor grid,
5,offshor grid,5: offshor grid,
5,offshor grid,5: offshor grid,
7,renew energi,7: renew energi,
7,renew energi,7: renew energi,
7,renew energi,7: renew energi,
7,renew energi,7: renew energi,
7,renew energi,7: renew energi,
7,renew energi,7: renew energi,
7,renew energi,7: renew energi,
7,renew energi,7: renew energi,
7,renew energi,7: renew energi,
7,renew energi,7: renew energi,
7,renew energi,7: renew energi,
7,renew energi,7: renew energi,
7,renew energi,7: renew energi,
7,renew energi,7: renew energi,
7,renew energi,7: renew energi,
7,renew energi,7: renew energi,
7,renew energi,7: renew energi,
7,renew energi,7: renew energi,
7,renew energi,7: renew energi,
7,renew energi,7: renew energi,
7,renew energi,7: renew energi,
7,renew energi,7: renew energi,
7,renew energi,7: renew energi,
7,renew energi,7: renew energi,
7,renew energi,7: renew energi,
7,renew energi,7: renew energi,
7,renew energi,7: renew energi,
7,renew energi,7: renew energi,
7,renew energi,7: renew energi,
7,renew energi,7: renew energi,
7,renew energi,7: renew energi,
7,renew energi,7: renew energi,
7,renew energi,7: renew energi,
7,renew energi,7: renew energi,
7,renew energi,7: renew energi,
7,renew energi,7: renew energi,
7,renew energi,7: renew energi,
7,renew energi,7: renew energi,
7,renew energi,7: renew energi,
7,renew energi,7: renew energi,
7,renew energi,7: renew energi,
7,renew energi,7: renew energi,
7,renew energi,7: renew energi,
7,renew energi,7: renew energi,
7,renew energi,7: renew energi,
7,renew energi,7: renew energi,
7,renew energi,7: renew energi,
7,renew energi,7: renew energi,
7,renew energi,7: renew energi,
7,renew energi,7: renew energi,
7,renew energi,7: renew energi,
7,renew energi,7: renew energi,
7,renew energi,7: renew energi,
7,renew energi,7: renew energi,
7,renew energi,7: renew energi,
7,renew energi,7: renew energi,
7,renew energi,7: renew energi,
7,renew energi,7: renew energi,
7,renew energi,7: renew energi,
7,renew energi,7: renew energi,
7,renew energi,7: renew energi,
7,renew energi,7: renew energi,
7,renew energi,7: renew energi,
7,renew energi,7: renew energi,
7,renew energi,7: renew energi,
7,renew energi,7: renew energi,
7,renew energi,7: renew energi,
7,renew energi,7: renew energi,
7,renew energi,7: renew energi,
7,renew energi,7: renew energi,
7,renew energi,7: renew energi,
7,renew energi,7: renew energi,
7,renew energi,7: renew energi,
7,renew energi,7: renew energi,
7,renew energi,7: renew energi,
7,renew energi,7: renew energi,
7,renew energi,7: renew energi,
7,renew energi,7: renew energi,
7,renew energi,7: renew energi,
7,renew energi,7: renew energi,
7,renew energi,7: renew energi,
7,renew energi,7: renew energi,
7,renew energi,7: renew energi,
7,renew energi,7: renew energi,
7,renew energi,7: renew energi,
7,renew energi,7: renew energi,
7,renew energi,7: renew energi,
7,renew energi,7: renew energi,
7,renew energi,7: renew energi,
7,renew energi,7: renew energi,
7,renew energi,7: renew energi,
7,renew energi,7: renew energi,
7,renew energi,7: renew energi,
7,renew energi,7: renew energi,
7,renew energi,7: renew energi,
7,renew energi,7: renew energi,
7,renew energi,7: renew energi,
7,renew energi,7: renew energi,
7,renew energi,7: renew energi,
7,renew energi,7: renew energi,
7,renew energi,7: renew energi,
7,renew energi,7: renew energi,
7,renew energi,7: renew energi,
7,renew energi,7: renew energi,
7,renew energi,7: renew energi,
7,renew energi,7: renew energi,
7,renew energi,7: renew energi,
7,renew energi,7: renew energi,
7,renew energi,7: renew energi,
7,renew energi,7: renew energi,
7,renew energi,7: renew energi,
7,renew energi,7: renew energi,
7,renew energi,7: renew energi,
7,renew energi,7: renew energi,
7,renew energi,7: renew energi,
7,renew energi,7: renew energi,
7,renew energi,7: renew energi,
7,renew energi,7: renew energi,
7,renew energi,7: renew energi,
7,renew energi,7: renew energi,
7,renew energi,7: renew energi,
7,renew energi,7: renew energi,
7,renew energi,7: renew energi,
7,renew energi,7: renew energi,
7,renew energi,7: renew energi,
7,renew energi,7: renew energi,
7,renew energi,7: renew energi,
7,renew energi,7: renew energi,
7,renew energi,7: renew energi,
7,renew energi,7: renew energi,
7,renew energi,7: renew energi,
7,renew energi,7: renew energi,
7,renew energi,7: renew energi,
7,renew energi,7: renew energi,
7,renew energi,7: renew energi,
7,renew energi,7: renew energi,
7,renew energi,7: renew energi,
7,renew energi,7: renew energi,
7,renew energi,7: renew energi,
7,renew energi,7: renew energi,
7,renew energi,7: renew energi,
7,renew energi,7: renew energi,
7,renew energi,7: renew energi,
7,renew energi,7: renew energi,
7,renew energi,7: renew energi,
7,renew energi,7: renew energi,
7,renew energi,7: renew energi,
7,renew energi,7: renew energi,
7,renew energi,7: renew energi,
7,renew energi,7: renew energi,
7,renew energi,7: renew energi,
7,renew energi,7: renew energi,
7,renew energi,7: renew energi,
7,renew energi,7: renew energi,
7,renew energi,7: renew energi,
7,renew energi,7: renew energi,
7,renew energi,7: renew energi,
7,renew energi,7: renew energi,
7,renew energi,7: renew energi,
7,renew energi,7: renew energi,
7,renew energi,7: renew energi,
7,renew energi,7: renew energi,
7,renew energi,7: renew energi,
7,renew energi,7: renew energi,
7,renew energi,7: renew energi,
7,renew energi,7: renew energi,
7,renew energi,7: renew energi,
7,renew energi,7: renew energi,
7,renew energi,7: renew energi,
7,renew energi,7: renew energi,
7,renew energi,7: renew energi,
7,renew energi,7: renew energi,
7,renew energi,7: renew energi,
7,renew energi,7: renew energi,
7,renew energi,7: renew energi,
7,renew energi,7: renew energi,
7,renew energi,7: renew energi,
7,renew energi,7: renew energi,
7,renew energi,7: renew energi,
7,renew energi,7: renew energi,
7,renew energi,7: renew energi,
7,renew energi,7: renew energi,
7,renew energi,7: renew energi,
7,renew energi,7: renew energi,
7,renew energi,7: renew energi,
7,renew energi,7: renew energi,
7,renew energi,7: renew energi,
7,renew energi,7: renew energi,
7,renew energi,7: renew energi,
7,renew energi,7: renew energi,
7,renew energi,7: renew energi,
7,renew energi,7: renew energi,
7,renew energi,7: renew energi,
7,renew energi,7: renew energi,
7,renew energi,7: renew energi,
7,renew energi,7: renew energi,
7,renew energi,7: renew energi,
7,renew energi,7: renew energi,
7,renew energi,7: renew energi,
7,renew energi,7: renew energi,
7,renew energi,7: renew energi,
7,renew energi,7: renew energi,
7,renew energi,7: renew energi,
7,renew energi,7: renew energi,
7,renew energi,7: renew energi,
7,renew energi,7: renew energi,
7,renew energi,7: renew energi,
7,renew energi,7: renew energi,
7,renew energi,7: renew energi,
7,renew energi,7: renew energi,
7,renew energi,7: renew energi,
7,renew energi,7: renew energi,
7,renew energi,7: renew energi,
7,renew energi,7: renew energi,
7,renew energi,7: renew energi,
7,renew energi,7: renew energi,
7,renew energi,7: renew energi,
7,renew energi,7: renew energi,
7,renew energi,7: renew energi,
7,renew energi,7: renew energi,
7,renew energi,7: renew energi,
7,renew energi,7: renew energi,
7,renew energi,7: renew energi,
7,renew energi,7: renew energi,
7,renew energi,7: renew energi,
7,renew energi,7: renew energi,
7,renew energi,7: renew energi,
7,renew energi,7: renew energi,
7,renew energi,7: renew energi,
7,renew energi,7: renew energi,
7,renew energi,7: renew energi,
7,renew energi,7: renew energi,
7,renew energi,7: renew energi,
7,renew energi,7: renew energi,
7,renew energi,7: renew energi,
7,renew energi,7: renew energi,
7,renew energi,7: renew energi,
7,renew energi,7: renew energi,
7,renew energi,7: renew energi,
7,renew energi,7: renew energi,
7,renew energi,7: renew energi,
7,renew energi,7: renew energi,
7,renew energi,7: renew energi,
7,renew energi,7: renew energi,
7,renew energi,7: renew energi,
7,renew energi,7: renew energi,
7,renew energi,7: renew energi,
7,renew energi,7: renew energi,
7,renew energi,7: renew energi,
7,renew energi,7: renew energi,
7,renew energi,7: renew energi,
7,renew energi,7: renew energi,
7,renew energi,7: renew energi,
7,renew energi,7: renew energi,
7,renew energi,7: renew energi,
7,renew energi,7: renew energi,
7,renew energi,7: renew energi,
7,renew energi,7: renew energi,
7,renew energi,7: renew energi,
7,renew energi,7: renew energi,
7,renew energi,7: renew energi,
7,renew energi,7: renew energi,
7,renew energi,7: renew energi,
7,renew energi,7: renew energi,
7,renew energi,7: renew energi,
7,renew energi,7: renew energi,
7,renew energi,7: renew energi,
7,renew energi,7: renew energi,
7,renew energi,7: renew energi,
7,renew energi,7: renew energi,
7,renew energi,7: renew energi,
7,renew energi,7: renew energi,
7,renew energi,7: renew energi,
7,renew energi,7: renew energi,
7,renew energi,7: renew energi,
7,renew energi,7: renew energi,
7,renew energi,7: renew energi,
7,renew energi,7: renew energi,
7,renew energi,7: renew energi,
7,renew energi,7: renew energi,
7,renew energi,7: renew energi,
7,renew energi,7: renew energi,
7,renew energi,7: renew energi,
7,renew energi,7: renew energi,
7,renew energi,7: renew energi,
7,renew energi,7: renew energi,
7,renew energi,7: renew energi,
7,renew energi,7: renew energi,
7,renew energi,7: renew energi,
7,renew energi,7: renew energi,
7,renew energi,7: renew energi,
7,renew energi,7: renew energi,
1,abstract avail,1: abstract avail,
1,abstract avail,1: abstract avail,
1,abstract avail,1: abstract avail,
1,abstract avail,1: abstract avail,
1,abstract avail,1: abstract avail,
1,abstract avail,1: abstract avail,
1,abstract avail,1: abstract avail,
1,abstract avail,1: abstract avail,
1,abstract avail,1: abstract avail,
1,abstract avail,1: abstract avail,
1,abstract avail,1: abstract avail,
1,abstract avail,1: abstract avail,
1,abstract avail,1: abstract avail,
1,abstract avail,1: abstract avail,
1,abstract avail,1: abstract avail,
1,abstract avail,1: abstract avail,
1,abstract avail,1: abstract avail,
1,abstract avail,1: abstract avail,
1,abstract avail,1: abstract avail,
1,abstract avail,1: abstract avail,
1,abstract avail,1: abstract avail,
1,abstract avail,1: abstract avail,
1,abstract avail,1: abstract avail,
1,abstract avail,1: abstract avail,
1,abstract avail,1: abstract avail,
1,abstract avail,1: abstract avail,
1,abstract avail,1: abstract avail,
1,abstract avail,1: abstract avail,
1,abstract avail,1: abstract avail,
1,abstract avail,1: abstract avail,
1,abstract avail,1: abstract avail,
1,abstract avail,1: abstract avail,
1,abstract avail,1: abstract avail,
1,abstract avail,1: abstract avail,
1,abstract avail,1: abstract avail,
1,abstract avail,1: abstract avail,
1,abstract avail,1: abstract avail,
1,abstract avail,1: abstract avail,
1,abstract avail,1: abstract avail,
1,abstract avail,1: abstract avail,
1,abstract avail,1: abstract avail,
1,abstract avail,1: abstract avail,
1,abstract avail,1: abstract avail,
1,abstract avail,1: abstract avail,
1,abstract avail,1: abstract avail,
1,abstract avail,1: abstract avail,
1,abstract avail,1: abstract avail,
1,abstract avail,1: abstract avail,
1,abstract avail,1: abstract avail,
1,abstract avail,1: abstract avail,
1,abstract avail,1: abstract avail,
1,abstract avail,1: abstract avail,
1,abstract avail,1: abstract avail,
1,abstract avail,1: abstract avail,
1,abstract avail,1: abstract avail,
1,abstract avail,1: abstract avail,
1,abstract avail,1: abstract avail,
1,abstract avail,1: abstract avail,
1,abstract avail,1: abstract avail,
1,abstract avail,1: abstract avail,
1,abstract avail,1: abstract avail,
1,abstract avail,1: abstract avail,
1,abstract avail,1: abstract avail,
1,abstract avail,1: abstract avail,
1,abstract avail,1: abstract avail,
1,abstract avail,1: abstract avail,
1,abstract avail,1: abstract avail,
1,abstract avail,1: abstract avail,
1,abstract avail,1: abstract avail,
1,abstract avail,1: abstract avail,
1,abstract avail,1: abstract avail,
1,abstract avail,1: abstract avail,
1,abstract avail,1: abstract avail,
1,abstract avail,1: abstract avail,
1,abstract avail,1: abstract avail,
1,abstract avail,1: abstract avail,
1,abstract avail,1: abstract avail,
1,abstract avail,1: abstract avail,
1,abstract avail,1: abstract avail,
1,abstract avail,1: abstract avail,
1,abstract avail,1: abstract avail,
1,abstract avail,1: abstract avail,
1,abstract avail,1: abstract avail,
1,abstract avail,1: abstract avail,
1,abstract avail,1: abstract avail,
1,abstract avail,1: abstract avail,
1,abstract avail,1: abstract avail,
1,abstract avail,1: abstract avail,
1,abstract avail,1: abstract avail,
1,abstract avail,1: abstract avail,
1,abstract avail,1: abstract avail,
1,abstract avail,1: abstract avail,
1,abstract avail,1: abstract avail,
1,abstract avail,1: abstract avail,
1,abstract avail,1: abstract avail,
1,abstract avail,1: abstract avail,
1,abstract avail,1: abstract avail,
1,abstract avail,1: abstract avail,
1,abstract avail,1: abstract avail,
1,abstract avail,1: abstract avail,
1,abstract avail,1: abstract avail,
1,abstract avail,1: abstract avail,
1,abstract avail,1: abstract avail,
1,abstract avail,1: abstract avail,
1,abstract avail,1: abstract avail,
1,abstract avail,1: abstract avail,
1,abstract avail,1: abstract avail,
1,abstract avail,1: abstract avail,
1,abstract avail,1: abstract avail,
1,abstract avail,1: abstract avail,
1,abstract avail,1: abstract avail,
1,abstract avail,1: abstract avail,
1,abstract avail,1: abstract avail,
1,abstract avail,1: abstract avail,
1,abstract avail,1: abstract avail,
1,abstract avail,1: abstract avail,
1,abstract avail,1: abstract avail,
1,abstract avail,1: abstract avail,
1,abstract avail,1: abstract avail,
1,abstract avail,1: abstract avail,
1,abstract avail,1: abstract avail,
1,abstract avail,1: abstract avail,
1,abstract avail,1: abstract avail,
1,abstract avail,1: abstract avail,
1,abstract avail,1: abstract avail,
1,abstract avail,1: abstract avail,
1,abstract avail,1: abstract avail,
1,abstract avail,1: abstract avail,
1,abstract avail,1: abstract avail,
1,abstract avail,1: abstract avail,
1,abstract avail,1: abstract avail,
1,abstract avail,1: abstract avail,
1,abstract avail,1: abstract avail,
1,abstract avail,1: abstract avail,
1,abstract avail,1: abstract avail,
1,abstract avail,1: abstract avail,
1,abstract avail,1: abstract avail,
1,abstract avail,1: abstract avail,
1,abstract avail,1: abstract avail,
1,abstract avail,1: abstract avail,
1,abstract avail,1: abstract avail,
1,abstract avail,1: abstract avail,
1,abstract avail,1: abstract avail,
1,abstract avail,1: abstract avail,
1,abstract avail,1: abstract avail,
1,abstract avail,1: abstract avail,
1,abstract avail,1: abstract avail,
1,abstract avail,1: abstract avail,
1,abstract avail,1: abstract avail,
1,abstract avail,1: abstract avail,
1,abstract avail,1: abstract avail,
1,abstract avail,1: abstract avail,
1,abstract avail,1: abstract avail,
1,abstract avail,1: abstract avail,
1,abstract avail,1: abstract avail,
1,abstract avail,1: abstract avail,
1,abstract avail,1: abstract avail,
1,abstract avail,1: abstract avail,
1,abstract avail,1: abstract avail,
1,abstract avail,1: abstract avail,
1,abstract avail,1: abstract avail,
1,abstract avail,1: abstract avail,
1,abstract avail,1: abstract avail,
1,abstract avail,1: abstract avail,
1,abstract avail,1: abstract avail,
1,abstract avail,1: abstract avail,
1,abstract avail,1: abstract avail,
1,abstract avail,1: abstract avail,
1,abstract avail,1: abstract avail,
1,abstract avail,1: abstract avail,
1,abstract avail,1: abstract avail,
1,abstract avail,1: abstract avail,
1,abstract avail,1: abstract avail,
1,abstract avail,1: abstract avail,
1,abstract avail,1: abstract avail,
1,abstract avail,1: abstract avail,
1,abstract avail,1: abstract avail,
1,abstract avail,1: abstract avail,
1,abstract avail,1: abstract avail,
1,abstract avail,1: abstract avail,
1,abstract avail,1: abstract avail,
1,abstract avail,1: abstract avail,
1,abstract avail,1: abstract avail,
1,abstract avail,1: abstract avail,
1,abstract avail,1: abstract avail,
1,abstract avail,1: abstract avail,
1,abstract avail,1: abstract avail,
1,abstract avail,1: abstract avail,
1,abstract avail,1: abstract avail,
1,abstract avail,1: abstract avail,
1,abstract avail,1: abstract avail,
1,abstract avail,1: abstract avail,
1,abstract avail,1: abstract avail,
1,abstract avail,1: abstract avail,
1,abstract avail,1: abstract avail,
1,abstract avail,1: abstract avail,
1,abstract avail,1: abstract avail,
1,abstract avail,1: abstract avail,
1,abstract avail,1: abstract avail,
1,abstract avail,1: abstract avail,
1,abstract avail,1: abstract avail,
1,abstract avail,1: abstract avail,
1,abstract avail,1: abstract avail,
1,abstract avail,1: abstract avail,
1,abstract avail,1: abstract avail,
1,abstract avail,1: abstract avail,
1,abstract avail,1: abstract avail,
1,abstract avail,1: abstract avail,
1,abstract avail,1: abstract avail,
1,abstract avail,1: abstract avail,
1,abstract avail,1: abstract avail,
1,abstract avail,1: abstract avail,
1,abstract avail,1: abstract avail,
1,abstract avail,1: abstract avail,
1,abstract avail,1: abstract avail,
1,abstract avail,1: abstract avail,
1,abstract avail,1: abstract avail,
1,abstract avail,1: abstract avail,
1,abstract avail,1: abstract avail,
1,abstract avail,1: abstract avail,
1,abstract avail,1: abstract avail,
1,abstract avail,1: abstract avail,
1,abstract avail,1: abstract avail,
1,abstract avail,1: abstract avail,
1,abstract avail,1: abstract avail,
1,abstract avail,1: abstract avail,
1,abstract avail,1: abstract avail,
1,abstract avail,1: abstract avail,
1,abstract avail,1: abstract avail,
1,abstract avail,1: abstract avail,
1,abstract avail,1: abstract avail,
1,abstract avail,1: abstract avail,
1,abstract avail,1: abstract avail,
1,abstract avail,1: abstract avail,
1,abstract avail,1: abstract avail,
1,abstract avail,1: abstract avail,
1,abstract avail,1: abstract avail,
1,abstract avail,1: abstract avail,
1,abstract avail,1: abstract avail,
1,abstract avail,1: abstract avail,
1,abstract avail,1: abstract avail,
1,abstract avail,1: abstract avail,
1,abstract avail,1: abstract avail,
7,renew energi,7: renew energi,
7,renew energi,7: renew energi,
7,renew energi,7: renew energi,
7,renew energi,7: renew energi,
7,renew energi,7: renew energi,
7,renew energi,7: renew energi,
7,renew energi,7: renew energi,
7,renew energi,7: renew energi,
7,renew energi,7: renew energi,
7,renew energi,7: renew energi,
7,renew energi,7: renew energi,
7,renew energi,7: renew energi,
7,renew energi,7: renew energi,
7,renew energi,7: renew energi,
7,renew energi,7: renew energi,
7,renew energi,7: renew energi,
7,renew energi,7: renew energi,
7,renew energi,7: renew energi,
7,renew energi,7: renew energi,
7,renew energi,7: renew energi,
7,renew energi,7: renew energi,
7,renew energi,7: renew energi,
7,renew energi,7: renew energi,
7,renew energi,7: renew energi,
7,renew energi,7: renew energi,
7,renew energi,7: renew energi,
7,renew energi,7: renew energi,
7,renew energi,7: renew energi,
7,renew energi,7: renew energi,
7,renew energi,7: renew energi,
7,renew energi,7: renew energi,
7,renew energi,7: renew energi,
7,renew energi,7: renew energi,
7,renew energi,7: renew energi,
7,renew energi,7: renew energi,
7,renew energi,7: renew energi,
7,renew energi,7: renew energi,
7,renew energi,7: renew energi,
7,renew energi,7: renew energi,
7,renew energi,7: renew energi,
7,renew energi,7: renew energi,
7,renew energi,7: renew energi,
7,renew energi,7: renew energi,
7,renew energi,7: renew energi,
7,renew energi,7: renew energi,
7,renew energi,7: renew energi,
7,renew energi,7: renew energi,
7,renew energi,7: renew energi,
7,renew energi,7: renew energi,
7,renew energi,7: renew energi,
7,renew energi,7: renew energi,
7,renew energi,7: renew energi,
7,renew energi,7: renew energi,
7,renew energi,7: renew energi,
7,renew energi,7: renew energi,
7,renew energi,7: renew energi,
7,renew energi,7: renew energi,
7,renew energi,7: renew energi,
7,renew energi,7: renew energi,
7,renew energi,7: renew energi,
7,renew energi,7: renew energi,
7,renew energi,7: renew energi,
7,renew energi,7: renew energi,
7,renew energi,7: renew energi,
7,renew energi,7: renew energi,
7,renew energi,7: renew energi,
7,renew energi,7: renew energi,
7,renew energi,7: renew energi,
7,renew energi,7: renew energi,
7,renew energi,7: renew energi,
7,renew energi,7: renew energi,
7,renew energi,7: renew energi,
7,renew energi,7: renew energi,
7,renew energi,7: renew energi,
7,renew energi,7: renew energi,
7,renew energi,7: renew energi,
7,renew energi,7: renew energi,
7,renew energi,7: renew energi,
7,renew energi,7: renew energi,
7,renew energi,7: renew energi,
7,renew energi,7: renew energi,
7,renew energi,7: renew energi,
7,renew energi,7: renew energi,
7,renew energi,7: renew energi,
7,renew energi,7: renew energi,
7,renew energi,7: renew energi,
7,renew energi,7: renew energi,
7,renew energi,7: renew energi,
7,renew energi,7: renew energi,
7,renew energi,7: renew energi,
7,renew energi,7: renew energi,
7,renew energi,7: renew energi,
7,renew energi,7: renew energi,
7,renew energi,7: renew energi,
7,renew energi,7: renew energi,
7,renew energi,7: renew energi,
7,renew energi,7: renew energi,
7,renew energi,7: renew energi,
7,renew energi,7: renew energi,
7,renew energi,7: renew energi,
7,renew energi,7: renew energi,
7,renew energi,7: renew energi,
7,renew energi,7: renew energi,
7,renew energi,7: renew energi,
7,renew energi,7: renew energi,
7,renew energi,7: renew energi,
7,renew energi,7: renew energi,
7,renew energi,7: renew energi,
7,renew energi,7: renew energi,
7,renew energi,7: renew energi,
7,renew energi,7: renew energi,
7,renew energi,7: renew energi,
7,renew energi,7: renew energi,
7,renew energi,7: renew energi,
7,renew energi,7: renew energi,
7,renew energi,7: renew energi,
7,renew energi,7: renew energi,
7,renew energi,7: renew energi,
7,renew energi,7: renew energi,
7,renew energi,7: renew energi,
7,renew energi,7: renew energi,
7,renew energi,7: renew energi,
7,renew energi,7: renew energi,
7,renew energi,7: renew energi,
7,renew energi,7: renew energi,
7,renew energi,7: renew energi,
7,renew energi,7: renew energi,
7,renew energi,7: renew energi,
7,renew energi,7: renew energi,
7,renew energi,7: renew energi,
7,renew energi,7: renew energi,
7,renew energi,7: renew energi,
7,renew energi,7: renew energi,
7,renew energi,7: renew energi,
7,renew energi,7: renew energi,
7,renew energi,7: renew energi,
7,renew energi,7: renew energi,
7,renew energi,7: renew energi,
7,renew energi,7: renew energi,
7,renew energi,7: renew energi,
7,renew energi,7: renew energi,
7,renew energi,7: renew energi,
7,renew energi,7: renew energi,
7,renew energi,7: renew energi,
7,renew energi,7: renew energi,
7,renew energi,7: renew energi,
1,abstract avail,1: abstract avail,
1,abstract avail,1: abstract avail,
1,abstract avail,1: abstract avail,
1,abstract avail,1: abstract avail,
1,abstract avail,1: abstract avail,
1,abstract avail,1: abstract avail,
1,abstract avail,1: abstract avail,
1,abstract avail,1: abstract avail,
1,abstract avail,1: abstract avail,
1,abstract avail,1: abstract avail,
1,abstract avail,1: abstract avail,
1,abstract avail,1: abstract avail,
1,abstract avail,1: abstract avail,
1,abstract avail,1: abstract avail,
1,abstract avail,1: abstract avail,
1,abstract avail,1: abstract avail,
1,abstract avail,1: abstract avail,
1,abstract avail,1: abstract avail,
1,abstract avail,1: abstract avail,
1,abstract avail,1: abstract avail,
1,abstract avail,1: abstract avail,
1,abstract avail,1: abstract avail,
1,abstract avail,1: abstract avail,
1,abstract avail,1: abstract avail,
1,abstract avail,1: abstract avail,
1,abstract avail,1: abstract avail,
1,abstract avail,1: abstract avail,
1,abstract avail,1: abstract avail,
1,abstract avail,1: abstract avail,
1,abstract avail,1: abstract avail,
1,abstract avail,1: abstract avail,
1,abstract avail,1: abstract avail,
1,abstract avail,1: abstract avail,
1,abstract avail,1: abstract avail,
1,abstract avail,1: abstract avail,
1,abstract avail,1: abstract avail,
1,abstract avail,1: abstract avail,
1,abstract avail,1: abstract avail,
1,abstract avail,1: abstract avail,
1,abstract avail,1: abstract avail,
1,abstract avail,1: abstract avail,
1,abstract avail,1: abstract avail,
1,abstract avail,1: abstract avail,
1,abstract avail,1: abstract avail,
1,abstract avail,1: abstract avail,
1,abstract avail,1: abstract avail,
1,abstract avail,1: abstract avail,
1,abstract avail,1: abstract avail,
1,abstract avail,1: abstract avail,
1,abstract avail,1: abstract avail,
1,abstract avail,1: abstract avail,
1,abstract avail,1: abstract avail,
1,abstract avail,1: abstract avail,
1,abstract avail,1: abstract avail,
1,abstract avail,1: abstract avail,
1,abstract avail,1: abstract avail,
1,abstract avail,1: abstract avail,
1,abstract avail,1: abstract avail,
1,abstract avail,1: abstract avail,
1,abstract avail,1: abstract avail,
1,abstract avail,1: abstract avail,
1,abstract avail,1: abstract avail,
1,abstract avail,1: abstract avail,
1,abstract avail,1: abstract avail,
1,abstract avail,1: abstract avail,
1,abstract avail,1: abstract avail,
1,abstract avail,1: abstract avail,
1,abstract avail,1: abstract avail,
1,abstract avail,1: abstract avail,
1,abstract avail,1: abstract avail,
1,abstract avail,1: abstract avail,
1,abstract avail,1: abstract avail,
1,abstract avail,1: abstract avail,
1,abstract avail,1: abstract avail,
1,abstract avail,1: abstract avail,
1,abstract avail,1: abstract avail,
1,abstract avail,1: abstract avail,
1,abstract avail,1: abstract avail,
1,abstract avail,1: abstract avail,
1,abstract avail,1: abstract avail,
1,abstract avail,1: abstract avail,
5,offshor grid,5: offshor grid,
5,offshor grid,5: offshor grid,
5,offshor grid,5: offshor grid,
5,offshor grid,5: offshor grid,
5,offshor grid,5: offshor grid,
5,offshor grid,5: offshor grid,
5,offshor grid,5: offshor grid,
5,offshor grid,5: offshor grid,
5,offshor grid,5: offshor grid,
5,offshor grid,5: offshor grid,
5,offshor grid,5: offshor grid,
5,offshor grid,5: offshor grid,
5,offshor grid,5: offshor grid,
5,offshor grid,5: offshor grid,
5,offshor grid,5: offshor grid,
5,offshor grid,5: offshor grid,
5,offshor grid,5: offshor grid,
5,offshor grid,5: offshor grid,
5,offshor grid,5: offshor grid,
5,offshor grid,5: offshor grid,
5,offshor grid,5: offshor grid,
5,offshor grid,5: offshor grid,
5,offshor grid,5: offshor grid,
5,offshor grid,5: offshor grid,
5,offshor grid,5: offshor grid,
5,offshor grid,5: offshor grid,
5,offshor grid,5: offshor grid,
5,offshor grid,5: offshor grid,
5,offshor grid,5: offshor grid,
5,offshor grid,5: offshor grid,
5,offshor grid,5: offshor grid,
5,offshor grid,5: offshor grid,
5,offshor grid,5: offshor grid,
5,offshor grid,5: offshor grid,
5,offshor grid,5: offshor grid,
5,offshor grid,5: offshor grid,
5,offshor grid,5: offshor grid,
5,offshor grid,5: offshor grid,
5,offshor grid,5: offshor grid,
5,offshor grid,5: offshor grid,
5,offshor grid,5: offshor grid,
5,offshor grid,5: offshor grid,
5,offshor grid,5: offshor grid,
5,offshor grid,5: offshor grid,
5,offshor grid,5: offshor grid,
5,offshor grid,5: offshor grid,
5,offshor grid,5: offshor grid,
5,offshor grid,5: offshor grid,
5,offshor grid,5: offshor grid,
5,offshor grid,5: offshor grid,
5,offshor grid,5: offshor grid,
5,offshor grid,5: offshor grid,
5,offshor grid,5: offshor grid,
5,offshor grid,5: offshor grid,
5,offshor grid,5: offshor grid,
5,offshor grid,5: offshor grid,
5,offshor grid,5: offshor grid,
5,offshor grid,5: offshor grid,
5,offshor grid,5: offshor grid,
5,offshor grid,5: offshor grid,
5,offshor grid,5: offshor grid,
5,offshor grid,5: offshor grid,
5,offshor grid,5: offshor grid,
5,offshor grid,5: offshor grid,
5,offshor grid,5: offshor grid,
5,offshor grid,5: offshor grid,
5,offshor grid,5: offshor grid,
5,offshor grid,5: offshor grid,
5,offshor grid,5: offshor grid,
5,offshor grid,5: offshor grid,
5,offshor grid,5: offshor grid,
5,offshor grid,5: offshor grid,
5,offshor grid,5: offshor grid,
5,offshor grid,5: offshor grid,
5,offshor grid,5: offshor grid,
5,offshor grid,5: offshor grid,
5,offshor grid,5: offshor grid,
5,offshor grid,5: offshor grid,
5,offshor grid,5: offshor grid,
5,offshor grid,5: offshor grid,
5,offshor grid,5: offshor grid,
5,offshor grid,5: offshor grid,
5,offshor grid,5: offshor grid,
5,offshor grid,5: offshor grid,
5,offshor grid,5: offshor grid,
5,offshor grid,5: offshor grid,
5,offshor grid,5: offshor grid,
5,offshor grid,5: offshor grid,
5,offshor grid,5: offshor grid,
5,offshor grid,5: offshor grid,
5,offshor grid,5: offshor grid,
5,offshor grid,5: offshor grid,
5,offshor grid,5: offshor grid,
5,offshor grid,5: offshor grid,
5,offshor grid,5: offshor grid,
5,offshor grid,5: offshor grid,
5,offshor grid,5: offshor grid,
5,offshor grid,5: offshor grid,
5,offshor grid,5: offshor grid,
5,offshor grid,5: offshor grid,
5,offshor grid,5: offshor grid,
5,offshor grid,5: offshor grid,
5,offshor grid,5: offshor grid,
5,offshor grid,5: offshor grid,
5,offshor grid,5: offshor grid,
5,offshor grid,5: offshor grid,
5,offshor grid,5: offshor grid,
5,offshor grid,5: offshor grid,
5,offshor grid,5: offshor grid,
5,offshor grid,5: offshor grid,
5,offshor grid,5: offshor grid,
5,offshor grid,5: offshor grid,
5,offshor grid,5: offshor grid,
5,offshor grid,5: offshor grid,
5,offshor grid,5: offshor grid,
5,offshor grid,5: offshor grid,
5,offshor grid,5: offshor grid,
5,offshor grid,5: offshor grid,
5,offshor grid,5: offshor grid,
5,offshor grid,5: offshor grid,
5,offshor grid,5: offshor grid,
5,offshor grid,5: offshor grid,
5,offshor grid,5: offshor grid,
5,offshor grid,5: offshor grid,
5,offshor grid,5: offshor grid,
5,offshor grid,5: offshor grid,
5,offshor grid,5: offshor grid,
5,offshor grid,5: offshor grid,
5,offshor grid,5: offshor grid,
5,offshor grid,5: offshor grid,
5,offshor grid,5: offshor grid,
5,offshor grid,5: offshor grid,
5,offshor grid,5: offshor grid,
5,offshor grid,5: offshor grid,
5,offshor grid,5: offshor grid,
5,offshor grid,5: offshor grid,
5,offshor grid,5: offshor grid,
5,offshor grid,5: offshor grid,
5,offshor grid,5: offshor grid,
5,offshor grid,5: offshor grid,
5,offshor grid,5: offshor grid,
5,offshor grid,5: offshor grid,
5,offshor grid,5: offshor grid,
5,offshor grid,5: offshor grid,
5,offshor grid,5: offshor grid,
5,offshor grid,5: offshor grid,
5,offshor grid,5: offshor grid,
5,offshor grid,5: offshor grid,
5,offshor grid,5: offshor grid,
5,offshor grid,5: offshor grid,
5,offshor grid,5: offshor grid,
5,offshor grid,5: offshor grid,
5,offshor grid,5: offshor grid,
5,offshor grid,5: offshor grid,
5,offshor grid,5: offshor grid,
5,offshor grid,5: offshor grid,
5,offshor grid,5: offshor grid,
5,offshor grid,5: offshor grid,
5,offshor grid,5: offshor grid,
5,offshor grid,5: offshor grid,
5,offshor grid,5: offshor grid,
5,offshor grid,5: offshor grid,
5,offshor grid,5: offshor grid,
5,offshor grid,5: offshor grid,
5,offshor grid,5: offshor grid,
5,offshor grid,5: offshor grid,
5,offshor grid,5: offshor grid,
5,offshor grid,5: offshor grid,
5,offshor grid,5: offshor grid,
5,offshor grid,5: offshor grid,
5,offshor grid,5: offshor grid,
5,offshor grid,5: offshor grid,
5,offshor grid,5: offshor grid,
5,offshor grid,5: offshor grid,
5,offshor grid,5: offshor grid,
0,energi island,0: energi island,
0,energi island,0: energi island,
0,energi island,0: energi island,
0,energi island,0: energi island,
0,energi island,0: energi island,
0,energi island,0: energi island,
0,energi island,0: energi island,
0,energi island,0: energi island,
0,energi island,0: energi island,
0,energi island,0: energi island,
0,energi island,0: energi island,
0,energi island,0: energi island,
0,energi island,0: energi island,
0,energi island,0: energi island,
0,energi island,0: energi island,
0,energi island,0: energi island,
0,energi island,0: energi island,
0,energi island,0: energi island,
0,energi island,0: energi island,
0,energi island,0: energi island,
0,energi island,0: energi island,
0,energi island,0: energi island,
0,energi island,0: energi island,
0,energi island,0: energi island,
0,energi island,0: energi island,
0,energi island,0: energi island,
0,energi island,0: energi island,
0,energi island,0: energi island,
0,energi island,0: energi island,
0,energi island,0: energi island,
0,energi island,0: energi island,
0,energi island,0: energi island,
0,energi island,0: energi island,
0,energi island,0: energi island,
0,energi island,0: energi island,
0,energi island,0: energi island,
0,energi island,0: energi island,
0,energi island,0: energi island,
0,energi island,0: energi island,
0,energi island,0: energi island,
0,energi island,0: energi island,
0,energi island,0: energi island,
0,energi island,0: energi island,
0,energi island,0: energi island,
0,energi island,0: energi island,
0,energi island,0: energi island,
0,energi island,0: energi island,
0,energi island,0: energi island,
0,energi island,0: energi island,
0,energi island,0: energi island,
0,energi island,0: energi island,
0,energi island,0: energi island,
0,energi island,0: energi island,
0,energi island,0: energi island,
0,energi island,0: energi island,
0,energi island,0: energi island,
0,energi island,0: energi island,
0,energi island,0: energi island,
0,energi island,0: energi island,
0,energi island,0: energi island,
0,energi island,0: energi island,
0,energi island,0: energi island,
0,energi island,0: energi island,
0,energi island,0: energi island,
0,energi island,0: energi island,
0,energi island,0: energi island,
0,energi island,0: energi island,
0,energi island,0: energi island,
0,energi island,0: energi island,
0,energi island,0: energi island,
0,energi island,0: energi island,
0,energi island,0: energi island,
0,energi island,0: energi island,
0,energi island,0: energi island,
0,energi island,0: energi island,
0,energi island,0: energi island,
0,energi island,0: energi island,
0,energi island,0: energi island,
0,energi island,0: energi island,
0,energi island,0: energi island,
0,energi island,0: energi island,
0,energi island,0: energi island,
0,energi island,0: energi island,
0,energi island,0: energi island,
0,energi island,0: energi island,
0,energi island,0: energi island,
0,energi island,0: energi island,
0,energi island,0: energi island,
0,energi island,0: energi island,
0,energi island,0: energi island,
0,energi island,0: energi island,
0,energi island,0: energi island,
0,energi island,0: energi island,
0,energi island,0: energi island,
0,energi island,0: energi island,
0,energi island,0: energi island,
0,energi island,0: energi island,
0,energi island,0: energi island,
0,energi island,0: energi island,
0,energi island,0: energi island,
0,energi island,0: energi island,
0,energi island,0: energi island,
0,energi island,0: energi island,
0,energi island,0: energi island,
0,energi island,0: energi island,
0,energi island,0: energi island,
0,energi island,0: energi island,
0,energi island,0: energi island,
0,energi island,0: energi island,
0,energi island,0: energi island,
0,energi island,0: energi island,
0,energi island,0: energi island,
0,energi island,0: energi island,
0,energi island,0: energi island,
0,energi island,0: energi island,
0,energi island,0: energi island,
0,energi island,0: energi island,
0,energi island,0: energi island,
0,energi island,0: energi island,
0,energi island,0: energi island,
0,energi island,0: energi island,
0,energi island,0: energi island,
0,energi island,0: energi island,
0,energi island,0: energi island,
0,energi island,0: energi island,
0,energi island,0: energi island,
0,energi island,0: energi island,
0,energi island,0: energi island,
0,energi island,0: energi island,
0,energi island,0: energi island,
0,energi island,0: energi island,
0,energi island,0: energi island,
0,energi island,0: energi island,
0,energi island,0: energi island,
0,energi island,0: energi island,
0,energi island,0: energi island,
0,energi island,0: energi island,
0,energi island,0: energi island,
0,energi island,0: energi island,
0,energi island,0: energi island,
0,energi island,0: energi island,
0,energi island,0: energi island,
0,energi island,0: energi island,
0,energi island,0: energi island,
0,energi island,0: energi island,
0,energi island,0: energi island,
0,energi island,0: energi island,
0,energi island,0: energi island,
0,energi island,0: energi island,
0,energi island,0: energi island,
0,energi island,0: energi island,
0,energi island,0: energi island,
0,energi island,0: energi island,
0,energi island,0: energi island,
0,energi island,0: energi island,
0,energi island,0: energi island,
0,energi island,0: energi island,
5,offshor grid,5: offshor grid,
5,offshor grid,5: offshor grid,
5,offshor grid,5: offshor grid,
5,offshor grid,5: offshor grid,
5,offshor grid,5: offshor grid,
5,offshor grid,5: offshor grid,
5,offshor grid,5: offshor grid,
5,offshor grid,5: offshor grid,
5,offshor grid,5: offshor grid,
5,offshor grid,5: offshor grid,
5,offshor grid,5: offshor grid,
5,offshor grid,5: offshor grid,
5,offshor grid,5: offshor grid,
5,offshor grid,5: offshor grid,
5,offshor grid,5: offshor grid,
5,offshor grid,5: offshor grid,
5,offshor grid,5: offshor grid,
5,offshor grid,5: offshor grid,
5,offshor grid,5: offshor grid,
5,offshor grid,5: offshor grid,
5,offshor grid,5: offshor grid,
5,offshor grid,5: offshor grid,
5,offshor grid,5: offshor grid,
5,offshor grid,5: offshor grid,
5,offshor grid,5: offshor grid,
5,offshor grid,5: offshor grid,
5,offshor grid,5: offshor grid,
5,offshor grid,5: offshor grid,
5,offshor grid,5: offshor grid,
5,offshor grid,5: offshor grid,
5,offshor grid,5: offshor grid,
5,offshor grid,5: offshor grid,
5,offshor grid,5: offshor grid,
5,offshor grid,5: offshor grid,
5,offshor grid,5: offshor grid,
5,offshor grid,5: offshor grid,
5,offshor grid,5: offshor grid,
5,offshor grid,5: offshor grid,
5,offshor grid,5: offshor grid,
5,offshor grid,5: offshor grid,
5,offshor grid,5: offshor grid,
5,offshor grid,5: offshor grid,
5,offshor grid,5: offshor grid,
5,offshor grid,5: offshor grid,
5,offshor grid,5: offshor grid,
5,offshor grid,5: offshor grid,
5,offshor grid,5: offshor grid,
5,offshor grid,5: offshor grid,
5,offshor grid,5: offshor grid,
5,offshor grid,5: offshor grid,
5,offshor grid,5: offshor grid,
5,offshor grid,5: offshor grid,
5,offshor grid,5: offshor grid,
5,offshor grid,5: offshor grid,
5,offshor grid,5: offshor grid,
5,offshor grid,5: offshor grid,
5,offshor grid,5: offshor grid,
5,offshor grid,5: offshor grid,
5,offshor grid,5: offshor grid,
5,offshor grid,5: offshor grid,
5,offshor grid,5: offshor grid,
5,offshor grid,5: offshor grid,
5,offshor grid,5: offshor grid,
5,offshor grid,5: offshor grid,
5,offshor grid,5: offshor grid,
5,offshor grid,5: offshor grid,
5,offshor grid,5: offshor grid,
5,offshor grid,5: offshor grid,
5,offshor grid,5: offshor grid,
5,offshor grid,5: offshor grid,
5,offshor grid,5: offshor grid,
5,offshor grid,5: offshor grid,
5,offshor grid,5: offshor grid,
5,offshor grid,5: offshor grid,
5,offshor grid,5: offshor grid,
5,offshor grid,5: offshor grid,
5,offshor grid,5: offshor grid,
5,offshor grid,5: offshor grid,
5,offshor grid,5: offshor grid,
5,offshor grid,5: offshor grid,
5,offshor grid,5: offshor grid,
5,offshor grid,5: offshor grid,
5,offshor grid,5: offshor grid,
5,offshor grid,5: offshor grid,
5,offshor grid,5: offshor grid,
5,offshor grid,5: offshor grid,
5,offshor grid,5: offshor grid,
5,offshor grid,5: offshor grid,
5,offshor grid,5: offshor grid,
5,offshor grid,5: offshor grid,
5,offshor grid,5: offshor grid,
5,offshor grid,5: offshor grid,
5,offshor grid,5: offshor grid,
5,offshor grid,5: offshor grid,
5,offshor grid,5: offshor grid,
5,offshor grid,5: offshor grid,
5,offshor grid,5: offshor grid,
5,offshor grid,5: offshor grid,
5,offshor grid,5: offshor grid,
5,offshor grid,5: offshor grid,
5,offshor grid,5: offshor grid,
5,offshor grid,5: offshor grid,
5,offshor grid,5: offshor grid,
5,offshor grid,5: offshor grid,
5,offshor grid,5: offshor grid,
5,offshor grid,5: offshor grid,
5,offshor grid,5: offshor grid,
5,offshor grid,5: offshor grid,
5,offshor grid,5: offshor grid,
5,offshor grid,5: offshor grid,
5,offshor grid,5: offshor grid,
5,offshor grid,5: offshor grid,
5,offshor grid,5: offshor grid,
5,offshor grid,5: offshor grid,
5,offshor grid,5: offshor grid,
5,offshor grid,5: offshor grid,
5,offshor grid,5: offshor grid,
5,offshor grid,5: offshor grid,
5,offshor grid,5: offshor grid,
5,offshor grid,5: offshor grid,
5,offshor grid,5: offshor grid,
5,offshor grid,5: offshor grid,
5,offshor grid,5: offshor grid,
5,offshor grid,5: offshor grid,
5,offshor grid,5: offshor grid,
5,offshor grid,5: offshor grid,
5,offshor grid,5: offshor grid,
5,offshor grid,5: offshor grid,
5,offshor grid,5: offshor grid,
5,offshor grid,5: offshor grid,
5,offshor grid,5: offshor grid,
5,offshor grid,5: offshor grid,
5,offshor grid,5: offshor grid,
5,offshor grid,5: offshor grid,
5,offshor grid,5: offshor grid,
5,offshor grid,5: offshor grid,
5,offshor grid,5: offshor grid,
5,offshor grid,5: offshor grid,
5,offshor grid,5: offshor grid,
5,offshor grid,5: offshor grid,
5,offshor grid,5: offshor grid,
5,offshor grid,5: offshor grid,
5,offshor grid,5: offshor grid,
5,offshor grid,5: offshor grid,
5,offshor grid,5: offshor grid,
5,offshor grid,5: offshor grid,
5,offshor grid,5: offshor grid,
5,offshor grid,5: offshor grid,
5,offshor grid,5: offshor grid,
5,offshor grid,5: offshor grid,
5,offshor grid,5: offshor grid,
5,offshor grid,5: offshor grid,
5,offshor grid,5: offshor grid,
5,offshor grid,5: offshor grid,
5,offshor grid,5: offshor grid,
5,offshor grid,5: offshor grid,
5,offshor grid,5: offshor grid,
5,offshor grid,5: offshor grid,
5,offshor grid,5: offshor grid,
5,offshor grid,5: offshor grid,
5,offshor grid,5: offshor grid,
5,offshor grid,5: offshor grid,
5,offshor grid,5: offshor grid,
5,offshor grid,5: offshor grid,
5,offshor grid,5: offshor grid,
5,offshor grid,5: offshor grid,
5,offshor grid,5: offshor grid,
5,offshor grid,5: offshor grid,
5,offshor grid,5: offshor grid,
5,offshor grid,5: offshor grid,
5,offshor grid,5: offshor grid,
5,offshor grid,5: offshor grid,
5,offshor grid,5: offshor grid,
5,offshor grid,5: offshor grid,
5,offshor grid,5: offshor grid,
1,abstract avail,1: abstract avail,
1,abstract avail,1: abstract avail,
1,abstract avail,1: abstract avail,
1,abstract avail,1: abstract avail,
1,abstract avail,1: abstract avail,
1,abstract avail,1: abstract avail,
1,abstract avail,1: abstract avail,
1,abstract avail,1: abstract avail,
1,abstract avail,1: abstract avail,
1,abstract avail,1: abstract avail,
1,abstract avail,1: abstract avail,
1,abstract avail,1: abstract avail,
1,abstract avail,1: abstract avail,
1,abstract avail,1: abstract avail,
1,abstract avail,1: abstract avail,
1,abstract avail,1: abstract avail,
1,abstract avail,1: abstract avail,
1,abstract avail,1: abstract avail,
1,abstract avail,1: abstract avail,
1,abstract avail,1: abstract avail,
1,abstract avail,1: abstract avail,
1,abstract avail,1: abstract avail,
1,abstract avail,1: abstract avail,
1,abstract avail,1: abstract avail,
1,abstract avail,1: abstract avail,
1,abstract avail,1: abstract avail,
1,abstract avail,1: abstract avail,
1,abstract avail,1: abstract avail,
1,abstract avail,1: abstract avail,
1,abstract avail,1: abstract avail,
1,abstract avail,1: abstract avail,
1,abstract avail,1: abstract avail,
1,abstract avail,1: abstract avail,
1,abstract avail,1: abstract avail,
1,abstract avail,1: abstract avail,
1,abstract avail,1: abstract avail,
1,abstract avail,1: abstract avail,
1,abstract avail,1: abstract avail,
1,abstract avail,1: abstract avail,
1,abstract avail,1: abstract avail,
1,abstract avail,1: abstract avail,
1,abstract avail,1: abstract avail,
1,abstract avail,1: abstract avail,
1,abstract avail,1: abstract avail,
1,abstract avail,1: abstract avail,
1,abstract avail,1: abstract avail,
1,abstract avail,1: abstract avail,
1,abstract avail,1: abstract avail,
1,abstract avail,1: abstract avail,
1,abstract avail,1: abstract avail,
1,abstract avail,1: abstract avail,
1,abstract avail,1: abstract avail,
1,abstract avail,1: abstract avail,
1,abstract avail,1: abstract avail,
1,abstract avail,1: abstract avail,
1,abstract avail,1: abstract avail,
1,abstract avail,1: abstract avail,
1,abstract avail,1: abstract avail,
1,abstract avail,1: abstract avail,
1,abstract avail,1: abstract avail,
1,abstract avail,1: abstract avail,
1,abstract avail,1: abstract avail,
1,abstract avail,1: abstract avail,
1,abstract avail,1: abstract avail,
1,abstract avail,1: abstract avail,
1,abstract avail,1: abstract avail,
1,abstract avail,1: abstract avail,
1,abstract avail,1: abstract avail,
1,abstract avail,1: abstract avail,
1,abstract avail,1: abstract avail,
1,abstract avail,1: abstract avail,
1,abstract avail,1: abstract avail,
1,abstract avail,1: abstract avail,
1,abstract avail,1: abstract avail,
1,abstract avail,1: abstract avail,
1,abstract avail,1: abstract avail,
1,abstract avail,1: abstract avail,
1,abstract avail,1: abstract avail,
1,abstract avail,1: abstract avail,
1,abstract avail,1: abstract avail,
1,abstract avail,1: abstract avail,
1,abstract avail,1: abstract avail,
1,abstract avail,1: abstract avail,
1,abstract avail,1: abstract avail,
1,abstract avail,1: abstract avail,
1,abstract avail,1: abstract avail,
1,abstract avail,1: abstract avail,
1,abstract avail,1: abstract avail,
1,abstract avail,1: abstract avail,
1,abstract avail,1: abstract avail,
1,abstract avail,1: abstract avail,
1,abstract avail,1: abstract avail,
1,abstract avail,1: abstract avail,
1,abstract avail,1: abstract avail,
1,abstract avail,1: abstract avail,
1,abstract avail,1: abstract avail,
1,abstract avail,1: abstract avail,
1,abstract avail,1: abstract avail,
1,abstract avail,1: abstract avail,
1,abstract avail,1: abstract avail,
1,abstract avail,1: abstract avail,
1,abstract avail,1: abstract avail,
1,abstract avail,1: abstract avail,
1,abstract avail,1: abstract avail,
1,abstract avail,1: abstract avail,
1,abstract avail,1: abstract avail,
1,abstract avail,1: abstract avail,
1,abstract avail,1: abstract avail,
1,abstract avail,1: abstract avail,
1,abstract avail,1: abstract avail,
1,abstract avail,1: abstract avail,
1,abstract avail,1: abstract avail,
1,abstract avail,1: abstract avail,
1,abstract avail,1: abstract avail,
1,abstract avail,1: abstract avail,
1,abstract avail,1: abstract avail,
1,abstract avail,1: abstract avail,
1,abstract avail,1: abstract avail,
1,abstract avail,1: abstract avail,
1,abstract avail,1: abstract avail,
1,abstract avail,1: abstract avail,
1,abstract avail,1: abstract avail,
1,abstract avail,1: abstract avail,
1,abstract avail,1: abstract avail,
1,abstract avail,1: abstract avail,
1,abstract avail,1: abstract avail,
1,abstract avail,1: abstract avail,
1,abstract avail,1: abstract avail,
1,abstract avail,1: abstract avail,
1,abstract avail,1: abstract avail,
1,abstract avail,1: abstract avail,
1,abstract avail,1: abstract avail,
1,abstract avail,1: abstract avail,
1,abstract avail,1: abstract avail,
1,abstract avail,1: abstract avail,
1,abstract avail,1: abstract avail,
1,abstract avail,1: abstract avail,
1,abstract avail,1: abstract avail,
1,abstract avail,1: abstract avail,
1,abstract avail,1: abstract avail,
1,abstract avail,1: abstract avail,
1,abstract avail,1: abstract avail,
1,abstract avail,1: abstract avail,
1,abstract avail,1: abstract avail,
1,abstract avail,1: abstract avail,
1,abstract avail,1: abstract avail,
1,abstract avail,1: abstract avail,
1,abstract avail,1: abstract avail,
1,abstract avail,1: abstract avail,
1,abstract avail,1: abstract avail,
1,abstract avail,1: abstract avail,
1,abstract avail,1: abstract avail,
1,abstract avail,1: abstract avail,
1,abstract avail,1: abstract avail,
1,abstract avail,1: abstract avail,
1,abstract avail,1: abstract avail,
1,abstract avail,1: abstract avail,
1,abstract avail,1: abstract avail,
1,abstract avail,1: abstract avail,
1,abstract avail,1: abstract avail,
1,abstract avail,1: abstract avail,
1,abstract avail,1: abstract avail,
1,abstract avail,1: abstract avail,
1,abstract avail,1: abstract avail,
1,abstract avail,1: abstract avail,
1,abstract avail,1: abstract avail,
1,abstract avail,1: abstract avail,
1,abstract avail,1: abstract avail,
1,abstract avail,1: abstract avail,
1,abstract avail,1: abstract avail,
1,abstract avail,1: abstract avail,
1,abstract avail,1: abstract avail,
1,abstract avail,1: abstract avail,
1,abstract avail,1: abstract avail,
1,abstract avail,1: abstract avail,
1,abstract avail,1: abstract avail,
1,abstract avail,1: abstract avail,
1,abstract avail,1: abstract avail,
1,abstract avail,1: abstract avail,
1,abstract avail,1: abstract avail,
1,abstract avail,1: abstract avail,
1,abstract avail,1: abstract avail,
1,abstract avail,1: abstract avail,
1,abstract avail,1: abstract avail,
1,abstract avail,1: abstract avail,
1,abstract avail,1: abstract avail,
1,abstract avail,1: abstract avail,
1,abstract avail,1: abstract avail,
1,abstract avail,1: abstract avail,
1,abstract avail,1: abstract avail,
1,abstract avail,1: abstract avail,
1,abstract avail,1: abstract avail,
1,abstract avail,1: abstract avail,
1,abstract avail,1: abstract avail,
1,abstract avail,1: abstract avail,
1,abstract avail,1: abstract avail,
1,abstract avail,1: abstract avail,
1,abstract avail,1: abstract avail,
1,abstract avail,1: abstract avail,
1,abstract avail,1: abstract avail,
1,abstract avail,1: abstract avail,
1,abstract avail,1: abstract avail,
1,abstract avail,1: abstract avail,
1,abstract avail,1: abstract avail,
1,abstract avail,1: abstract avail,
1,abstract avail,1: abstract avail,
1,abstract avail,1: abstract avail,
1,abstract avail,1: abstract avail,
1,abstract avail,1: abstract avail,
1,abstract avail,1: abstract avail,
1,abstract avail,1: abstract avail,
1,abstract avail,1: abstract avail,
1,abstract avail,1: abstract avail,
1,abstract avail,1: abstract avail,
1,abstract avail,1: abstract avail,
1,abstract avail,1: abstract avail,
1,abstract avail,1: abstract avail,
1,abstract avail,1: abstract avail,
1,abstract avail,1: abstract avail,
1,abstract avail,1: abstract avail,
1,abstract avail,1: abstract avail,
1,abstract avail,1: abstract avail,
1,abstract avail,1: abstract avail,
1,abstract avail,1: abstract avail,
1,abstract avail,1: abstract avail,
1,abstract avail,1: abstract avail,
1,abstract avail,1: abstract avail,
1,abstract avail,1: abstract avail,
1,abstract avail,1: abstract avail,
1,abstract avail,1: abstract avail,
1,abstract avail,1: abstract avail,
1,abstract avail,1: abstract avail,
1,abstract avail,1: abstract avail,
1,abstract avail,1: abstract avail,
1,abstract avail,1: abstract avail,
1,abstract avail,1: abstract avail,
1,abstract avail,1: abstract avail,
1,abstract avail,1: abstract avail,
1,abstract avail,1: abstract avail,
1,abstract avail,1: abstract avail,
1,abstract avail,1: abstract avail,
1,abstract avail,1: abstract avail,
1,abstract avail,1: abstract avail,
5,offshor grid,5: offshor grid,
5,offshor grid,5: offshor grid,
5,offshor grid,5: offshor grid,
5,offshor grid,5: offshor grid,
5,offshor grid,5: offshor grid,
5,offshor grid,5: offshor grid,
5,offshor grid,5: offshor grid,
5,offshor grid,5: offshor grid,
5,offshor grid,5: offshor grid,
5,offshor grid,5: offshor grid,
5,offshor grid,5: offshor grid,
5,offshor grid,5: offshor grid,
5,offshor grid,5: offshor grid,
5,offshor grid,5: offshor grid,
5,offshor grid,5: offshor grid,
5,offshor grid,5: offshor grid,
5,offshor grid,5: offshor grid,
5,offshor grid,5: offshor grid,
5,offshor grid,5: offshor grid,
5,offshor grid,5: offshor grid,
5,offshor grid,5: offshor grid,
5,offshor grid,5: offshor grid,
5,offshor grid,5: offshor grid,
5,offshor grid,5: offshor grid,
5,offshor grid,5: offshor grid,
5,offshor grid,5: offshor grid,
5,offshor grid,5: offshor grid,
5,offshor grid,5: offshor grid,
5,offshor grid,5: offshor grid,
5,offshor grid,5: offshor grid,
5,offshor grid,5: offshor grid,
5,offshor grid,5: offshor grid,
5,offshor grid,5: offshor grid,
5,offshor grid,5: offshor grid,
5,offshor grid,5: offshor grid,
5,offshor grid,5: offshor grid,
5,offshor grid,5: offshor grid,
5,offshor grid,5: offshor grid,
5,offshor grid,5: offshor grid,
5,offshor grid,5: offshor grid,
5,offshor grid,5: offshor grid,
5,offshor grid,5: offshor grid,
5,offshor grid,5: offshor grid,
5,offshor grid,5: offshor grid,
5,offshor grid,5: offshor grid,
5,offshor grid,5: offshor grid,
5,offshor grid,5: offshor grid,
5,offshor grid,5: offshor grid,
5,offshor grid,5: offshor grid,
5,offshor grid,5: offshor grid,
5,offshor grid,5: offshor grid,
5,offshor grid,5: offshor grid,
5,offshor grid,5: offshor grid,
5,offshor grid,5: offshor grid,
5,offshor grid,5: offshor grid,
5,offshor grid,5: offshor grid,
5,offshor grid,5: offshor grid,
5,offshor grid,5: offshor grid,
5,offshor grid,5: offshor grid,
5,offshor grid,5: offshor grid,
5,offshor grid,5: offshor grid,
5,offshor grid,5: offshor grid,
5,offshor grid,5: offshor grid,
5,offshor grid,5: offshor grid,
5,offshor grid,5: offshor grid,
5,offshor grid,5: offshor grid,
5,offshor grid,5: offshor grid,
5,offshor grid,5: offshor grid,
5,offshor grid,5: offshor grid,
5,offshor grid,5: offshor grid,
5,offshor grid,5: offshor grid,
5,offshor grid,5: offshor grid,
5,offshor grid,5: offshor grid,
5,offshor grid,5: offshor grid,
5,offshor grid,5: offshor grid,
5,offshor grid,5: offshor grid,
5,offshor grid,5: offshor grid,
5,offshor grid,5: offshor grid,
5,offshor grid,5: offshor grid,
5,offshor grid,5: offshor grid,
5,offshor grid,5: offshor grid,
5,offshor grid,5: offshor grid,
5,offshor grid,5: offshor grid,
5,offshor grid,5: offshor grid,
5,offshor grid,5: offshor grid,
5,offshor grid,5: offshor grid,
5,offshor grid,5: offshor grid,
5,offshor grid,5: offshor grid,
5,offshor grid,5: offshor grid,
5,offshor grid,5: offshor grid,
5,offshor grid,5: offshor grid,
5,offshor grid,5: offshor grid,
5,offshor grid,5: offshor grid,
5,offshor grid,5: offshor grid,
5,offshor grid,5: offshor grid,
5,offshor grid,5: offshor grid,
5,offshor grid,5: offshor grid,
5,offshor grid,5: offshor grid,
5,offshor grid,5: offshor grid,
5,offshor grid,5: offshor grid,
5,offshor grid,5: offshor grid,
5,offshor grid,5: offshor grid,
5,offshor grid,5: offshor grid,
5,offshor grid,5: offshor grid,
5,offshor grid,5: offshor grid,
5,offshor grid,5: offshor grid,
5,offshor grid,5: offshor grid,
5,offshor grid,5: offshor grid,
5,offshor grid,5: offshor grid,
5,offshor grid,5: offshor grid,
5,offshor grid,5: offshor grid,
5,offshor grid,5: offshor grid,
5,offshor grid,5: offshor grid,
5,offshor grid,5: offshor grid,
5,offshor grid,5: offshor grid,
5,offshor grid,5: offshor grid,
5,offshor grid,5: offshor grid,
5,offshor grid,5: offshor grid,
5,offshor grid,5: offshor grid,
5,offshor grid,5: offshor grid,
5,offshor grid,5: offshor grid,
5,offshor grid,5: offshor grid,
5,offshor grid,5: offshor grid,
5,offshor grid,5: offshor grid,
5,offshor grid,5: offshor grid,
5,offshor grid,5: offshor grid,
5,offshor grid,5: offshor grid,
5,offshor grid,5: offshor grid,
5,offshor grid,5: offshor grid,
5,offshor grid,5: offshor grid,
5,offshor grid,5: offshor grid,
5,offshor grid,5: offshor grid,
5,offshor grid,5: offshor grid,
5,offshor grid,5: offshor grid,
5,offshor grid,5: offshor grid,
5,offshor grid,5: offshor grid,
5,offshor grid,5: offshor grid,
5,offshor grid,5: offshor grid,
5,offshor grid,5: offshor grid,
5,offshor grid,5: offshor grid,
5,offshor grid,5: offshor grid,
5,offshor grid,5: offshor grid,
5,offshor grid,5: offshor grid,
5,offshor grid,5: offshor grid,
5,offshor grid,5: offshor grid,
5,offshor grid,5: offshor grid,
5,offshor grid,5: offshor grid,
5,offshor grid,5: offshor grid,
5,offshor grid,5: offshor grid,
5,offshor grid,5: offshor grid,
5,offshor grid,5: offshor grid,
5,offshor grid,5: offshor grid,
5,offshor grid,5: offshor grid,
5,offshor grid,5: offshor grid,
5,offshor grid,5: offshor grid,
5,offshor grid,5: offshor grid,
5,offshor grid,5: offshor grid,
5,offshor grid,5: offshor grid,
5,offshor grid,5: offshor grid,
5,offshor grid,5: offshor grid,
5,offshor grid,5: offshor grid,
5,offshor grid,5: offshor grid,
5,offshor grid,5: offshor grid,
5,offshor grid,5: offshor grid,
5,offshor grid,5: offshor grid,
5,offshor grid,5: offshor grid,
5,offshor grid,5: offshor grid,
5,offshor grid,5: offshor grid,
5,offshor grid,5: offshor grid,
5,offshor grid,5: offshor grid,
5,offshor grid,5: offshor grid,
5,offshor grid,5: offshor grid,
5,offshor grid,5: offshor grid,
5,offshor grid,5: offshor grid,
5,offshor grid,5: offshor grid,
0,energi island,0: energi island,
0,energi island,0: energi island,
0,energi island,0: energi island,
0,energi island,0: energi island,
0,energi island,0: energi island,
0,energi island,0: energi island,
0,energi island,0: energi island,
0,energi island,0: energi island,
0,energi island,0: energi island,
0,energi island,0: energi island,
0,energi island,0: energi island,
0,energi island,0: energi island,
0,energi island,0: energi island,
0,energi island,0: energi island,
0,energi island,0: energi island,
0,energi island,0: energi island,
0,energi island,0: energi island,
0,energi island,0: energi island,
0,energi island,0: energi island,
0,energi island,0: energi island,
0,energi island,0: energi island,
0,energi island,0: energi island,
0,energi island,0: energi island,
0,energi island,0: energi island,
0,energi island,0: energi island,
0,energi island,0: energi island,
0,energi island,0: energi island,
0,energi island,0: energi island,
0,energi island,0: energi island,
0,energi island,0: energi island,
0,energi island,0: energi island,
0,energi island,0: energi island,
0,energi island,0: energi island,
0,energi island,0: energi island,
0,energi island,0: energi island,
0,energi island,0: energi island,
0,energi island,0: energi island,
0,energi island,0: energi island,
0,energi island,0: energi island,
0,energi island,0: energi island,
0,energi island,0: energi island,
0,energi island,0: energi island,
0,energi island,0: energi island,
0,energi island,0: energi island,
0,energi island,0: energi island,
0,energi island,0: energi island,
0,energi island,0: energi island,
0,energi island,0: energi island,
0,energi island,0: energi island,
0,energi island,0: energi island,
0,energi island,0: energi island,
0,energi island,0: energi island,
0,energi island,0: energi island,
0,energi island,0: energi island,
0,energi island,0: energi island,
0,energi island,0: energi island,
0,energi island,0: energi island,
0,energi island,0: energi island,
0,energi island,0: energi island,
0,energi island,0: energi island,
0,energi island,0: energi island,
0,energi island,0: energi island,
0,energi island,0: energi island,
0,energi island,0: energi island,
0,energi island,0: energi island,
0,energi island,0: energi island,
0,energi island,0: energi island,
0,energi island,0: energi island,
0,energi island,0: energi island,
0,energi island,0: energi island,
0,energi island,0: energi island,
0,energi island,0: energi island,
0,energi island,0: energi island,
0,energi island,0: energi island,
0,energi island,0: energi island,
0,energi island,0: energi island,
0,energi island,0: energi island,
0,energi island,0: energi island,
0,energi island,0: energi island,
0,energi island,0: energi island,
0,energi island,0: energi island,
0,energi island,0: energi island,
0,energi island,0: energi island,
0,energi island,0: energi island,
0,energi island,0: energi island,
0,energi island,0: energi island,
0,energi island,0: energi island,
0,energi island,0: energi island,
0,energi island,0: energi island,
0,energi island,0: energi island,
0,energi island,0: energi island,
0,energi island,0: energi island,
0,energi island,0: energi island,
0,energi island,0: energi island,
0,energi island,0: energi island,
0,energi island,0: energi island,
0,energi island,0: energi island,
0,energi island,0: energi island,
0,energi island,0: energi island,
0,energi island,0: energi island,
0,energi island,0: energi island,
0,energi island,0: energi island,
0,energi island,0: energi island,
0,energi island,0: energi island,
0,energi island,0: energi island,
0,energi island,0: energi island,
0,energi island,0: energi island,
0,energi island,0: energi island,
0,energi island,0: energi island,
0,energi island,0: energi island,
0,energi island,0: energi island,
0,energi island,0: energi island,
0,energi island,0: energi island,
0,energi island,0: energi island,
0,energi island,0: energi island,
0,energi island,0: energi island,
0,energi island,0: energi island,
0,energi island,0: energi island,
0,energi island,0: energi island,
0,energi island,0: energi island,
0,energi island,0: energi island,
0,energi island,0: energi island,
0,energi island,0: energi island,
0,energi island,0: energi island,
0,energi island,0: energi island,
0,energi island,0: energi island,
0,energi island,0: energi island,
0,energi island,0: energi island,
0,energi island,0: energi island,
0,energi island,0: energi island,
0,energi island,0: energi island,
0,energi island,0: energi island,
0,energi island,0: energi island,
0,energi island,0: energi island,
0,energi island,0: energi island,
0,energi island,0: energi island,
0,energi island,0: energi island,
0,energi island,0: energi island,
0,energi island,0: energi island,
0,energi island,0: energi island,
0,energi island,0: energi island,
0,energi island,0: energi island,
0,energi island,0: energi island,
0,energi island,0: energi island,
0,energi island,0: energi island,
0,energi island,0: energi island,
0,energi island,0: energi island,
0,energi island,0: energi island,
0,energi island,0: energi island,
0,energi island,0: energi island,
0,energi island,0: energi island,
0,energi island,0: energi island,
0,energi island,0: energi island,
0,energi island,0: energi island,
0,energi island,0: energi island,
0,energi island,0: energi island,
0,energi island,0: energi island,
5,offshor grid,5: offshor grid,
5,offshor grid,5: offshor grid,
5,offshor grid,5: offshor grid,
5,offshor grid,5: offshor grid,
5,offshor grid,5: offshor grid,
5,offshor grid,5: offshor grid,
5,offshor grid,5: offshor grid,
5,offshor grid,5: offshor grid,
5,offshor grid,5: offshor grid,
5,offshor grid,5: offshor grid,
5,offshor grid,5: offshor grid,
5,offshor grid,5: offshor grid,
5,offshor grid,5: offshor grid,
5,offshor grid,5: offshor grid,
5,offshor grid,5: offshor grid,
5,offshor grid,5: offshor grid,
5,offshor grid,5: offshor grid,
5,offshor grid,5: offshor grid,
5,offshor grid,5: offshor grid,
5,offshor grid,5: offshor grid,
5,offshor grid,5: offshor grid,
5,offshor grid,5: offshor grid,
5,offshor grid,5: offshor grid,
5,offshor grid,5: offshor grid,
5,offshor grid,5: offshor grid,
5,offshor grid,5: offshor grid,
5,offshor grid,5: offshor grid,
5,offshor grid,5: offshor grid,
5,offshor grid,5: offshor grid,
5,offshor grid,5: offshor grid,
5,offshor grid,5: offshor grid,
5,offshor grid,5: offshor grid,
5,offshor grid,5: offshor grid,
5,offshor grid,5: offshor grid,
5,offshor grid,5: offshor grid,
5,offshor grid,5: offshor grid,
5,offshor grid,5: offshor grid,
5,offshor grid,5: offshor grid,
5,offshor grid,5: offshor grid,
5,offshor grid,5: offshor grid,
5,offshor grid,5: offshor grid,
5,offshor grid,5: offshor grid,
5,offshor grid,5: offshor grid,
5,offshor grid,5: offshor grid,
5,offshor grid,5: offshor grid,
5,offshor grid,5: offshor grid,
5,offshor grid,5: offshor grid,
5,offshor grid,5: offshor grid,
5,offshor grid,5: offshor grid,
5,offshor grid,5: offshor grid,
5,offshor grid,5: offshor grid,
5,offshor grid,5: offshor grid,
5,offshor grid,5: offshor grid,
5,offshor grid,5: offshor grid,
5,offshor grid,5: offshor grid,
5,offshor grid,5: offshor grid,
5,offshor grid,5: offshor grid,
5,offshor grid,5: offshor grid,
5,offshor grid,5: offshor grid,
5,offshor grid,5: offshor grid,
5,offshor grid,5: offshor grid,
5,offshor grid,5: offshor grid,
5,offshor grid,5: offshor grid,
5,offshor grid,5: offshor grid,
5,offshor grid,5: offshor grid,
5,offshor grid,5: offshor grid,
5,offshor grid,5: offshor grid,
5,offshor grid,5: offshor grid,
5,offshor grid,5: offshor grid,
5,offshor grid,5: offshor grid,
5,offshor grid,5: offshor grid,
5,offshor grid,5: offshor grid,
5,offshor grid,5: offshor grid,
5,offshor grid,5: offshor grid,
5,offshor grid,5: offshor grid,
5,offshor grid,5: offshor grid,
5,offshor grid,5: offshor grid,
5,offshor grid,5: offshor grid,
5,offshor grid,5: offshor grid,
5,offshor grid,5: offshor grid,
5,offshor grid,5: offshor grid,
5,offshor grid,5: offshor grid,
5,offshor grid,5: offshor grid,
5,offshor grid,5: offshor grid,
5,offshor grid,5: offshor grid,
5,offshor grid,5: offshor grid,
5,offshor grid,5: offshor grid,
5,offshor grid,5: offshor grid,
5,offshor grid,5: offshor grid,
5,offshor grid,5: offshor grid,
5,offshor grid,5: offshor grid,
5,offshor grid,5: offshor grid,
5,offshor grid,5: offshor grid,
5,offshor grid,5: offshor grid,
5,offshor grid,5: offshor grid,
5,offshor grid,5: offshor grid,
5,offshor grid,5: offshor grid,
5,offshor grid,5: offshor grid,
5,offshor grid,5: offshor grid,
5,offshor grid,5: offshor grid,
5,offshor grid,5: offshor grid,
5,offshor grid,5: offshor grid,
5,offshor grid,5: offshor grid,
5,offshor grid,5: offshor grid,
5,offshor grid,5: offshor grid,
5,offshor grid,5: offshor grid,
5,offshor grid,5: offshor grid,
5,offshor grid,5: offshor grid,
5,offshor grid,5: offshor grid,
5,offshor grid,5: offshor grid,
5,offshor grid,5: offshor grid,
5,offshor grid,5: offshor grid,
5,offshor grid,5: offshor grid,
5,offshor grid,5: offshor grid,
5,offshor grid,5: offshor grid,
5,offshor grid,5: offshor grid,
5,offshor grid,5: offshor grid,
5,offshor grid,5: offshor grid,
5,offshor grid,5: offshor grid,
5,offshor grid,5: offshor grid,
5,offshor grid,5: offshor grid,
5,offshor grid,5: offshor grid,
5,offshor grid,5: offshor grid,
5,offshor grid,5: offshor grid,
5,offshor grid,5: offshor grid,
5,offshor grid,5: offshor grid,
5,offshor grid,5: offshor grid,
5,offshor grid,5: offshor grid,
5,offshor grid,5: offshor grid,
5,offshor grid,5: offshor grid,
5,offshor grid,5: offshor grid,
5,offshor grid,5: offshor grid,
5,offshor grid,5: offshor grid,
5,offshor grid,5: offshor grid,
5,offshor grid,5: offshor grid,
5,offshor grid,5: offshor grid,
5,offshor grid,5: offshor grid,
5,offshor grid,5: offshor grid,
5,offshor grid,5: offshor grid,
5,offshor grid,5: offshor grid,
5,offshor grid,5: offshor grid,
5,offshor grid,5: offshor grid,
5,offshor grid,5: offshor grid,
5,offshor grid,5: offshor grid,
5,offshor grid,5: offshor grid,
5,offshor grid,5: offshor grid,
5,offshor grid,5: offshor grid,
5,offshor grid,5: offshor grid,
5,offshor grid,5: offshor grid,
5,offshor grid,5: offshor grid,
5,offshor grid,5: offshor grid,
5,offshor grid,5: offshor grid,
5,offshor grid,5: offshor grid,
5,offshor grid,5: offshor grid,
5,offshor grid,5: offshor grid,
5,offshor grid,5: offshor grid,
5,offshor grid,5: offshor grid,
5,offshor grid,5: offshor grid,
5,offshor grid,5: offshor grid,
5,offshor grid,5: offshor grid,
5,offshor grid,5: offshor grid,
5,offshor grid,5: offshor grid,
5,offshor grid,5: offshor grid,
5,offshor grid,5: offshor grid,
5,offshor grid,5: offshor grid,
5,offshor grid,5: offshor grid,
5,offshor grid,5: offshor grid,
5,offshor grid,5: offshor grid,
5,offshor grid,5: offshor grid,
5,offshor grid,5: offshor grid,
5,offshor grid,5: offshor grid,
5,offshor grid,5: offshor grid,
5,offshor grid,5: offshor grid,
5,offshor grid,5: offshor grid,
5,offshor grid,5: offshor grid,
7,renew energi,7: renew energi,
7,renew energi,7: renew energi,
7,renew energi,7: renew energi,
7,renew energi,7: renew energi,
7,renew energi,7: renew energi,
7,renew energi,7: renew energi,
7,renew energi,7: renew energi,
7,renew energi,7: renew energi,
7,renew energi,7: renew energi,
7,renew energi,7: renew energi,
7,renew energi,7: renew energi,
7,renew energi,7: renew energi,
7,renew energi,7: renew energi,
7,renew energi,7: renew energi,
7,renew energi,7: renew energi,
7,renew energi,7: renew energi,
7,renew energi,7: renew energi,
7,renew energi,7: renew energi,
7,renew energi,7: renew energi,
7,renew energi,7: renew energi,
7,renew energi,7: renew energi,
7,renew energi,7: renew energi,
7,renew energi,7: renew energi,
7,renew energi,7: renew energi,
7,renew energi,7: renew energi,
7,renew energi,7: renew energi,
7,renew energi,7: renew energi,
7,renew energi,7: renew energi,
7,renew energi,7: renew energi,
7,renew energi,7: renew energi,
7,renew energi,7: renew energi,
7,renew energi,7: renew energi,
7,renew energi,7: renew energi,
7,renew energi,7: renew energi,
7,renew energi,7: renew energi,
7,renew energi,7: renew energi,
7,renew energi,7: renew energi,
7,renew energi,7: renew energi,
7,renew energi,7: renew energi,
7,renew energi,7: renew energi,
7,renew energi,7: renew energi,
7,renew energi,7: renew energi,
7,renew energi,7: renew energi,
7,renew energi,7: renew energi,
7,renew energi,7: renew energi,
7,renew energi,7: renew energi,
7,renew energi,7: renew energi,
7,renew energi,7: renew energi,
7,renew energi,7: renew energi,
7,renew energi,7: renew energi,
7,renew energi,7: renew energi,
7,renew energi,7: renew energi,
7,renew energi,7: renew energi,
7,renew energi,7: renew energi,
7,renew energi,7: renew energi,
7,renew energi,7: renew energi,
7,renew energi,7: renew energi,
7,renew energi,7: renew energi,
7,renew energi,7: renew energi,
7,renew energi,7: renew energi,
7,renew energi,7: renew energi,
7,renew energi,7: renew energi,
7,renew energi,7: renew energi,
7,renew energi,7: renew energi,
7,renew energi,7: renew energi,
7,renew energi,7: renew energi,
7,renew energi,7: renew energi,
7,renew energi,7: renew energi,
7,renew energi,7: renew energi,
7,renew energi,7: renew energi,
7,renew energi,7: renew energi,
7,renew energi,7: renew energi,
7,renew energi,7: renew energi,
7,renew energi,7: renew energi,
7,renew energi,7: renew energi,
7,renew energi,7: renew energi,
7,renew energi,7: renew energi,
7,renew energi,7: renew energi,
7,renew energi,7: renew energi,
7,renew energi,7: renew energi,
7,renew energi,7: renew energi,
7,renew energi,7: renew energi,
7,renew energi,7: renew energi,
7,renew energi,7: renew energi,
7,renew energi,7: renew energi,
7,renew energi,7: renew energi,
7,renew energi,7: renew energi,
7,renew energi,7: renew energi,
7,renew energi,7: renew energi,
7,renew energi,7: renew energi,
7,renew energi,7: renew energi,
7,renew energi,7: renew energi,
7,renew energi,7: renew energi,
7,renew energi,7: renew energi,
7,renew energi,7: renew energi,
7,renew energi,7: renew energi,
7,renew energi,7: renew energi,
7,renew energi,7: renew energi,
7,renew energi,7: renew energi,
7,renew energi,7: renew energi,
7,renew energi,7: renew energi,
7,renew energi,7: renew energi,
7,renew energi,7: renew energi,
7,renew energi,7: renew energi,
7,renew energi,7: renew energi,
7,renew energi,7: renew energi,
7,renew energi,7: renew energi,
7,renew energi,7: renew energi,
7,renew energi,7: renew energi,
7,renew energi,7: renew energi,
7,renew energi,7: renew energi,
7,renew energi,7: renew energi,
7,renew energi,7: renew energi,
7,renew energi,7: renew energi,
7,renew energi,7: renew energi,
7,renew energi,7: renew energi,
7,renew energi,7: renew energi,
7,renew energi,7: renew energi,
7,renew energi,7: renew energi,
7,renew energi,7: renew energi,
7,renew energi,7: renew energi,
7,renew energi,7: renew energi,
7,renew energi,7: renew energi,
7,renew energi,7: renew energi,
7,renew energi,7: renew energi,
7,renew energi,7: renew energi,
7,renew energi,7: renew energi,
7,renew energi,7: renew energi,
7,renew energi,7: renew energi,
7,renew energi,7: renew energi,
7,renew energi,7: renew energi,
7,renew energi,7: renew energi,
7,renew energi,7: renew energi,
7,renew energi,7: renew energi,
7,renew energi,7: renew energi,
7,renew energi,7: renew energi,
7,renew energi,7: renew energi,
7,renew energi,7: renew energi,
7,renew energi,7: renew energi,
7,renew energi,7: renew energi,
7,renew energi,7: renew energi,
7,renew energi,7: renew energi,
7,renew energi,7: renew energi,
7,renew energi,7: renew energi,
7,renew energi,7: renew energi,
7,renew energi,7: renew energi,
9,wind farm,9: wind farm,
9,wind farm,9: wind farm,
9,wind farm,9: wind farm,
9,wind farm,9: wind farm,
9,wind farm,9: wind farm,
9,wind farm,9: wind farm,
9,wind farm,9: wind farm,
9,wind farm,9: wind farm,
9,wind farm,9: wind farm,
9,wind farm,9: wind farm,
9,wind farm,9: wind farm,
9,wind farm,9: wind farm,
9,wind farm,9: wind farm,
9,wind farm,9: wind farm,
9,wind farm,9: wind farm,
9,wind farm,9: wind farm,
9,wind farm,9: wind farm,
9,wind farm,9: wind farm,
9,wind farm,9: wind farm,
9,wind farm,9: wind farm,
9,wind farm,9: wind farm,
9,wind farm,9: wind farm,
9,wind farm,9: wind farm,
9,wind farm,9: wind farm,
9,wind farm,9: wind farm,
9,wind farm,9: wind farm,
9,wind farm,9: wind farm,
9,wind farm,9: wind farm,
9,wind farm,9: wind farm,
9,wind farm,9: wind farm,
9,wind farm,9: wind farm,
9,wind farm,9: wind farm,
9,wind farm,9: wind farm,
9,wind farm,9: wind farm,
9,wind farm,9: wind farm,
9,wind farm,9: wind farm,
9,wind farm,9: wind farm,
9,wind farm,9: wind farm,
9,wind farm,9: wind farm,
9,wind farm,9: wind farm,
9,wind farm,9: wind farm,
9,wind farm,9: wind farm,
9,wind farm,9: wind farm,
9,wind farm,9: wind farm,
9,wind farm,9: wind farm,
9,wind farm,9: wind farm,
9,wind farm,9: wind farm,
9,wind farm,9: wind farm,
9,wind farm,9: wind farm,
9,wind farm,9: wind farm,
9,wind farm,9: wind farm,
9,wind farm,9: wind farm,
9,wind farm,9: wind farm,
9,wind farm,9: wind farm,
9,wind farm,9: wind farm,
9,wind farm,9: wind farm,
9,wind farm,9: wind farm,
9,wind farm,9: wind farm,
9,wind farm,9: wind farm,
9,wind farm,9: wind farm,
9,wind farm,9: wind farm,
9,wind farm,9: wind farm,
9,wind farm,9: wind farm,
9,wind farm,9: wind farm,
9,wind farm,9: wind farm,
9,wind farm,9: wind farm,
9,wind farm,9: wind farm,
9,wind farm,9: wind farm,
9,wind farm,9: wind farm,
9,wind farm,9: wind farm,
9,wind farm,9: wind farm,
9,wind farm,9: wind farm,
9,wind farm,9: wind farm,
9,wind farm,9: wind farm,
9,wind farm,9: wind farm,
9,wind farm,9: wind farm,
9,wind farm,9: wind farm,
9,wind farm,9: wind farm,
9,wind farm,9: wind farm,
9,wind farm,9: wind farm,
9,wind farm,9: wind farm,
9,wind farm,9: wind farm,
9,wind farm,9: wind farm,
9,wind farm,9: wind farm,
9,wind farm,9: wind farm,
9,wind farm,9: wind farm,
9,wind farm,9: wind farm,
9,wind farm,9: wind farm,
9,wind farm,9: wind farm,
9,wind farm,9: wind farm,
9,wind farm,9: wind farm,
9,wind farm,9: wind farm,
9,wind farm,9: wind farm,
9,wind farm,9: wind farm,
9,wind farm,9: wind farm,
9,wind farm,9: wind farm,
9,wind farm,9: wind farm,
9,wind farm,9: wind farm,
9,wind farm,9: wind farm,
9,wind farm,9: wind farm,
9,wind farm,9: wind farm,
9,wind farm,9: wind farm,
9,wind farm,9: wind farm,
9,wind farm,9: wind farm,
9,wind farm,9: wind farm,
9,wind farm,9: wind farm,
9,wind farm,9: wind farm,
9,wind farm,9: wind farm,
9,wind farm,9: wind farm,
9,wind farm,9: wind farm,
9,wind farm,9: wind farm,
9,wind farm,9: wind farm,
9,wind farm,9: wind farm,
9,wind farm,9: wind farm,
9,wind farm,9: wind farm,
9,wind farm,9: wind farm,
9,wind farm,9: wind farm,
9,wind farm,9: wind farm,
9,wind farm,9: wind farm,
9,wind farm,9: wind farm,
9,wind farm,9: wind farm,
9,wind farm,9: wind farm,
9,wind farm,9: wind farm,
9,wind farm,9: wind farm,
9,wind farm,9: wind farm,
9,wind farm,9: wind farm,
9,wind farm,9: wind farm,
9,wind farm,9: wind farm,
9,wind farm,9: wind farm,
9,wind farm,9: wind farm,
9,wind farm,9: wind farm,
9,wind farm,9: wind farm,
9,wind farm,9: wind farm,
9,wind farm,9: wind farm,
9,wind farm,9: wind farm,
9,wind farm,9: wind farm,
9,wind farm,9: wind farm,
9,wind farm,9: wind farm,
9,wind farm,9: wind farm,
9,wind farm,9: wind farm,
9,wind farm,9: wind farm,
9,wind farm,9: wind farm,
9,wind farm,9: wind farm,
9,wind farm,9: wind farm,
9,wind farm,9: wind farm,
9,wind farm,9: wind farm,
9,wind farm,9: wind farm,
9,wind farm,9: wind farm,
9,wind farm,9: wind farm,
9,wind farm,9: wind farm,
9,wind farm,9: wind farm,
9,wind farm,9: wind farm,
9,wind farm,9: wind farm,
9,wind farm,9: wind farm,
9,wind farm,9: wind farm,
9,wind farm,9: wind farm,
9,wind farm,9: wind farm,
9,wind farm,9: wind farm,
9,wind farm,9: wind farm,
9,wind farm,9: wind farm,
9,wind farm,9: wind farm,
1,abstract avail,1: abstract avail,
1,abstract avail,1: abstract avail,
1,abstract avail,1: abstract avail,
1,abstract avail,1: abstract avail,
1,abstract avail,1: abstract avail,
1,abstract avail,1: abstract avail,
1,abstract avail,1: abstract avail,
1,abstract avail,1: abstract avail,
1,abstract avail,1: abstract avail,
1,abstract avail,1: abstract avail,
1,abstract avail,1: abstract avail,
1,abstract avail,1: abstract avail,
1,abstract avail,1: abstract avail,
1,abstract avail,1: abstract avail,
1,abstract avail,1: abstract avail,
1,abstract avail,1: abstract avail,
1,abstract avail,1: abstract avail,
1,abstract avail,1: abstract avail,
1,abstract avail,1: abstract avail,
1,abstract avail,1: abstract avail,
1,abstract avail,1: abstract avail,
1,abstract avail,1: abstract avail,
1,abstract avail,1: abstract avail,
1,abstract avail,1: abstract avail,
1,abstract avail,1: abstract avail,
1,abstract avail,1: abstract avail,
1,abstract avail,1: abstract avail,
1,abstract avail,1: abstract avail,
1,abstract avail,1: abstract avail,
1,abstract avail,1: abstract avail,
1,abstract avail,1: abstract avail,
1,abstract avail,1: abstract avail,
1,abstract avail,1: abstract avail,
1,abstract avail,1: abstract avail,
1,abstract avail,1: abstract avail,
1,abstract avail,1: abstract avail,
1,abstract avail,1: abstract avail,
1,abstract avail,1: abstract avail,
1,abstract avail,1: abstract avail,
1,abstract avail,1: abstract avail,
1,abstract avail,1: abstract avail,
1,abstract avail,1: abstract avail,
1,abstract avail,1: abstract avail,
1,abstract avail,1: abstract avail,
1,abstract avail,1: abstract avail,
1,abstract avail,1: abstract avail,
1,abstract avail,1: abstract avail,
1,abstract avail,1: abstract avail,
1,abstract avail,1: abstract avail,
1,abstract avail,1: abstract avail,
1,abstract avail,1: abstract avail,
1,abstract avail,1: abstract avail,
1,abstract avail,1: abstract avail,
1,abstract avail,1: abstract avail,
1,abstract avail,1: abstract avail,
1,abstract avail,1: abstract avail,
1,abstract avail,1: abstract avail,
1,abstract avail,1: abstract avail,
1,abstract avail,1: abstract avail,
1,abstract avail,1: abstract avail,
1,abstract avail,1: abstract avail,
1,abstract avail,1: abstract avail,
1,abstract avail,1: abstract avail,
1,abstract avail,1: abstract avail,
1,abstract avail,1: abstract avail,
1,abstract avail,1: abstract avail,
1,abstract avail,1: abstract avail,
1,abstract avail,1: abstract avail,
1,abstract avail,1: abstract avail,
1,abstract avail,1: abstract avail,
1,abstract avail,1: abstract avail,
1,abstract avail,1: abstract avail,
1,abstract avail,1: abstract avail,
1,abstract avail,1: abstract avail,
1,abstract avail,1: abstract avail,
1,abstract avail,1: abstract avail,
1,abstract avail,1: abstract avail,
1,abstract avail,1: abstract avail,
1,abstract avail,1: abstract avail,
1,abstract avail,1: abstract avail,
1,abstract avail,1: abstract avail,
7,renew energi,7: renew energi,
7,renew energi,7: renew energi,
7,renew energi,7: renew energi,
7,renew energi,7: renew energi,
7,renew energi,7: renew energi,
7,renew energi,7: renew energi,
7,renew energi,7: renew energi,
7,renew energi,7: renew energi,
7,renew energi,7: renew energi,
7,renew energi,7: renew energi,
7,renew energi,7: renew energi,
7,renew energi,7: renew energi,
7,renew energi,7: renew energi,
7,renew energi,7: renew energi,
7,renew energi,7: renew energi,
7,renew energi,7: renew energi,
7,renew energi,7: renew energi,
7,renew energi,7: renew energi,
7,renew energi,7: renew energi,
7,renew energi,7: renew energi,
7,renew energi,7: renew energi,
7,renew energi,7: renew energi,
7,renew energi,7: renew energi,
7,renew energi,7: renew energi,
7,renew energi,7: renew energi,
7,renew energi,7: renew energi,
7,renew energi,7: renew energi,
7,renew energi,7: renew energi,
7,renew energi,7: renew energi,
7,renew energi,7: renew energi,
7,renew energi,7: renew energi,
7,renew energi,7: renew energi,
7,renew energi,7: renew energi,
7,renew energi,7: renew energi,
7,renew energi,7: renew energi,
7,renew energi,7: renew energi,
7,renew energi,7: renew energi,
7,renew energi,7: renew energi,
7,renew energi,7: renew energi,
7,renew energi,7: renew energi,
7,renew energi,7: renew energi,
7,renew energi,7: renew energi,
7,renew energi,7: renew energi,
7,renew energi,7: renew energi,
7,renew energi,7: renew energi,
7,renew energi,7: renew energi,
7,renew energi,7: renew energi,
7,renew energi,7: renew energi,
7,renew energi,7: renew energi,
7,renew energi,7: renew energi,
7,renew energi,7: renew energi,
7,renew energi,7: renew energi,
7,renew energi,7: renew energi,
7,renew energi,7: renew energi,
7,renew energi,7: renew energi,
7,renew energi,7: renew energi,
7,renew energi,7: renew energi,
7,renew energi,7: renew energi,
7,renew energi,7: renew energi,
7,renew energi,7: renew energi,
7,renew energi,7: renew energi,
7,renew energi,7: renew energi,
7,renew energi,7: renew energi,
7,renew energi,7: renew energi,
7,renew energi,7: renew energi,
7,renew energi,7: renew energi,
7,renew energi,7: renew energi,
7,renew energi,7: renew energi,
7,renew energi,7: renew energi,
7,renew energi,7: renew energi,
7,renew energi,7: renew energi,
7,renew energi,7: renew energi,
7,renew energi,7: renew energi,
7,renew energi,7: renew energi,
7,renew energi,7: renew energi,
7,renew energi,7: renew energi,
7,renew energi,7: renew energi,
7,renew energi,7: renew energi,
7,renew energi,7: renew energi,
7,renew energi,7: renew energi,
7,renew energi,7: renew energi,
7,renew energi,7: renew energi,
7,renew energi,7: renew energi,
7,renew energi,7: renew energi,
7,renew energi,7: renew energi,
7,renew energi,7: renew energi,
7,renew energi,7: renew energi,
7,renew energi,7: renew energi,
7,renew energi,7: renew energi,
7,renew energi,7: renew energi,
7,renew energi,7: renew energi,
7,renew energi,7: renew energi,
7,renew energi,7: renew energi,
7,renew energi,7: renew energi,
7,renew energi,7: renew energi,
7,renew energi,7: renew energi,
7,renew energi,7: renew energi,
7,renew energi,7: renew energi,
7,renew energi,7: renew energi,
7,renew energi,7: renew energi,
7,renew energi,7: renew energi,
7,renew energi,7: renew energi,
7,renew energi,7: renew energi,
7,renew energi,7: renew energi,
7,renew energi,7: renew energi,
7,renew energi,7: renew energi,
7,renew energi,7: renew energi,
7,renew energi,7: renew energi,
7,renew energi,7: renew energi,
7,renew energi,7: renew energi,
7,renew energi,7: renew energi,
7,renew energi,7: renew energi,
7,renew energi,7: renew energi,
7,renew energi,7: renew energi,
7,renew energi,7: renew energi,
7,renew energi,7: renew energi,
7,renew energi,7: renew energi,
7,renew energi,7: renew energi,
7,renew energi,7: renew energi,
7,renew energi,7: renew energi,
7,renew energi,7: renew energi,
7,renew energi,7: renew energi,
7,renew energi,7: renew energi,
7,renew energi,7: renew energi,
7,renew energi,7: renew energi,
7,renew energi,7: renew energi,
7,renew energi,7: renew energi,
7,renew energi,7: renew energi,
7,renew energi,7: renew energi,
7,renew energi,7: renew energi,
7,renew energi,7: renew energi,
7,renew energi,7: renew energi,
7,renew energi,7: renew energi,
7,renew energi,7: renew energi,
7,renew energi,7: renew energi,
7,renew energi,7: renew energi,
7,renew energi,7: renew energi,
7,renew energi,7: renew energi,
7,renew energi,7: renew energi,
7,renew energi,7: renew energi,
7,renew energi,7: renew energi,
7,renew energi,7: renew energi,
7,renew energi,7: renew energi,
7,renew energi,7: renew energi,
7,renew energi,7: renew energi,
7,renew energi,7: renew energi,
7,renew energi,7: renew energi,
7,renew energi,7: renew energi,
7,renew energi,7: renew energi,
7,renew energi,7: renew energi,
7,renew energi,7: renew energi,
7,renew energi,7: renew energi,
7,renew energi,7: renew energi,
7,renew energi,7: renew energi,
7,renew energi,7: renew energi,
7,renew energi,7: renew energi,
7,renew energi,7: renew energi,
7,renew energi,7: renew energi,
7,renew energi,7: renew energi,
7,renew energi,7: renew energi,
7,renew energi,7: renew energi,
7,renew energi,7: renew energi,
7,renew energi,7: renew energi,
7,renew energi,7: renew energi,
7,renew energi,7: renew energi,
7,renew energi,7: renew energi,
7,renew energi,7: renew energi,
7,renew energi,7: renew energi,
7,renew energi,7: renew energi,
7,renew energi,7: renew energi,
7,renew energi,7: renew energi,
7,renew energi,7: renew energi,
7,renew energi,7: renew energi,
7,renew energi,7: renew energi,
7,renew energi,7: renew energi,
7,renew energi,7: renew energi,
7,renew energi,7: renew energi,
7,renew energi,7: renew energi,
7,renew energi,7: renew energi,
7,renew energi,7: renew energi,
7,renew energi,7: renew energi,
7,renew energi,7: renew energi,
7,renew energi,7: renew energi,
7,renew energi,7: renew energi,
7,renew energi,7: renew energi,
7,renew energi,7: renew energi,
7,renew energi,7: renew energi,
7,renew energi,7: renew energi,
7,renew energi,7: renew energi,
7,renew energi,7: renew energi,
7,renew energi,7: renew energi,
7,renew energi,7: renew energi,
7,renew energi,7: renew energi,
7,renew energi,7: renew energi,
7,renew energi,7: renew energi,
7,renew energi,7: renew energi,
7,renew energi,7: renew energi,
7,renew energi,7: renew energi,
7,renew energi,7: renew energi,
7,renew energi,7: renew energi,
7,renew energi,7: renew energi,
7,renew energi,7: renew energi,
7,renew energi,7: renew energi,
7,renew energi,7: renew energi,
7,renew energi,7: renew energi,
7,renew energi,7: renew energi,
7,renew energi,7: renew energi,
7,renew energi,7: renew energi,
7,renew energi,7: renew energi,
7,renew energi,7: renew energi,
7,renew energi,7: renew energi,
7,renew energi,7: renew energi,
7,renew energi,7: renew energi,
7,renew energi,7: renew energi,
7,renew energi,7: renew energi,
7,renew energi,7: renew energi,
7,renew energi,7: renew energi,
7,renew energi,7: renew energi,
7,renew energi,7: renew energi,
7,renew energi,7: renew energi,
7,renew energi,7: renew energi,
7,renew energi,7: renew energi,
7,renew energi,7: renew energi,
7,renew energi,7: renew energi,
7,renew energi,7: renew energi,
7,renew energi,7: renew energi,
7,renew energi,7: renew energi,
7,renew energi,7: renew energi,
7,renew energi,7: renew energi,
7,renew energi,7: renew energi,
7,renew energi,7: renew energi,
7,renew energi,7: renew energi,
7,renew energi,7: renew energi,
7,renew energi,7: renew energi,
7,renew energi,7: renew energi,
7,renew energi,7: renew energi,
7,renew energi,7: renew energi,
7,renew energi,7: renew energi,
7,renew energi,7: renew energi,
7,renew energi,7: renew energi,
7,renew energi,7: renew energi,
7,renew energi,7: renew energi,
7,renew energi,7: renew energi,
7,renew energi,7: renew energi,
7,renew energi,7: renew energi,
7,renew energi,7: renew energi,
7,renew energi,7: renew energi,
7,renew energi,7: renew energi,
7,renew energi,7: renew energi,
7,renew energi,7: renew energi,
7,renew energi,7: renew energi,
7,renew energi,7: renew energi,
7,renew energi,7: renew energi,
7,renew energi,7: renew energi,
7,renew energi,7: renew energi,
7,renew energi,7: renew energi,
7,renew energi,7: renew energi,
7,renew energi,7: renew energi,
7,renew energi,7: renew energi,
7,renew energi,7: renew energi,
7,renew energi,7: renew energi,
7,renew energi,7: renew energi,
7,renew energi,7: renew energi,
7,renew energi,7: renew energi,
7,renew energi,7: renew energi,
7,renew energi,7: renew energi,
7,renew energi,7: renew energi,
7,renew energi,7: renew energi,
7,renew energi,7: renew energi,
7,renew energi,7: renew energi,
7,renew energi,7: renew energi,
7,renew energi,7: renew energi,
7,renew energi,7: renew energi,
7,renew energi,7: renew energi,
7,renew energi,7: renew energi,
7,renew energi,7: renew energi,
7,renew energi,7: renew energi,
7,renew energi,7: renew energi,
7,renew energi,7: renew energi,
7,renew energi,7: renew energi,
7,renew energi,7: renew energi,
7,renew energi,7: renew energi,
7,renew energi,7: renew energi,
7,renew energi,7: renew energi,
7,renew energi,7: renew energi,
7,renew energi,7: renew energi,
7,renew energi,7: renew energi,
7,renew energi,7: renew energi,
7,renew energi,7: renew energi,
7,renew energi,7: renew energi,
7,renew energi,7: renew energi,
7,renew energi,7: renew energi,
1,abstract avail,1: abstract avail,
1,abstract avail,1: abstract avail,
1,abstract avail,1: abstract avail,
1,abstract avail,1: abstract avail,
1,abstract avail,1: abstract avail,
1,abstract avail,1: abstract avail,
1,abstract avail,1: abstract avail,
1,abstract avail,1: abstract avail,
1,abstract avail,1: abstract avail,
1,abstract avail,1: abstract avail,
1,abstract avail,1: abstract avail,
1,abstract avail,1: abstract avail,
1,abstract avail,1: abstract avail,
1,abstract avail,1: abstract avail,
1,abstract avail,1: abstract avail,
1,abstract avail,1: abstract avail,
1,abstract avail,1: abstract avail,
1,abstract avail,1: abstract avail,
1,abstract avail,1: abstract avail,
1,abstract avail,1: abstract avail,
1,abstract avail,1: abstract avail,
1,abstract avail,1: abstract avail,
1,abstract avail,1: abstract avail,
1,abstract avail,1: abstract avail,
1,abstract avail,1: abstract avail,
1,abstract avail,1: abstract avail,
1,abstract avail,1: abstract avail,
1,abstract avail,1: abstract avail,
1,abstract avail,1: abstract avail,
1,abstract avail,1: abstract avail,
1,abstract avail,1: abstract avail,
1,abstract avail,1: abstract avail,
1,abstract avail,1: abstract avail,
1,abstract avail,1: abstract avail,
1,abstract avail,1: abstract avail,
1,abstract avail,1: abstract avail,
1,abstract avail,1: abstract avail,
1,abstract avail,1: abstract avail,
1,abstract avail,1: abstract avail,
1,abstract avail,1: abstract avail,
1,abstract avail,1: abstract avail,
1,abstract avail,1: abstract avail,
1,abstract avail,1: abstract avail,
1,abstract avail,1: abstract avail,
1,abstract avail,1: abstract avail,
1,abstract avail,1: abstract avail,
1,abstract avail,1: abstract avail,
1,abstract avail,1: abstract avail,
1,abstract avail,1: abstract avail,
1,abstract avail,1: abstract avail,
1,abstract avail,1: abstract avail,
1,abstract avail,1: abstract avail,
1,abstract avail,1: abstract avail,
1,abstract avail,1: abstract avail,
1,abstract avail,1: abstract avail,
1,abstract avail,1: abstract avail,
1,abstract avail,1: abstract avail,
1,abstract avail,1: abstract avail,
1,abstract avail,1: abstract avail,
1,abstract avail,1: abstract avail,
1,abstract avail,1: abstract avail,
1,abstract avail,1: abstract avail,
1,abstract avail,1: abstract avail,
1,abstract avail,1: abstract avail,
1,abstract avail,1: abstract avail,
1,abstract avail,1: abstract avail,
1,abstract avail,1: abstract avail,
1,abstract avail,1: abstract avail,
1,abstract avail,1: abstract avail,
1,abstract avail,1: abstract avail,
1,abstract avail,1: abstract avail,
1,abstract avail,1: abstract avail,
1,abstract avail,1: abstract avail,
1,abstract avail,1: abstract avail,
1,abstract avail,1: abstract avail,
1,abstract avail,1: abstract avail,
1,abstract avail,1: abstract avail,
1,abstract avail,1: abstract avail,
1,abstract avail,1: abstract avail,
1,abstract avail,1: abstract avail,
1,abstract avail,1: abstract avail,
1,abstract avail,1: abstract avail,
1,abstract avail,1: abstract avail,
1,abstract avail,1: abstract avail,
1,abstract avail,1: abstract avail,
1,abstract avail,1: abstract avail,
1,abstract avail,1: abstract avail,
1,abstract avail,1: abstract avail,
1,abstract avail,1: abstract avail,
1,abstract avail,1: abstract avail,
1,abstract avail,1: abstract avail,
1,abstract avail,1: abstract avail,
1,abstract avail,1: abstract avail,
1,abstract avail,1: abstract avail,
1,abstract avail,1: abstract avail,
1,abstract avail,1: abstract avail,
1,abstract avail,1: abstract avail,
1,abstract avail,1: abstract avail,
1,abstract avail,1: abstract avail,
1,abstract avail,1: abstract avail,
1,abstract avail,1: abstract avail,
1,abstract avail,1: abstract avail,
1,abstract avail,1: abstract avail,
1,abstract avail,1: abstract avail,
1,abstract avail,1: abstract avail,
1,abstract avail,1: abstract avail,
1,abstract avail,1: abstract avail,
1,abstract avail,1: abstract avail,
1,abstract avail,1: abstract avail,
1,abstract avail,1: abstract avail,
1,abstract avail,1: abstract avail,
1,abstract avail,1: abstract avail,
1,abstract avail,1: abstract avail,
1,abstract avail,1: abstract avail,
1,abstract avail,1: abstract avail,
1,abstract avail,1: abstract avail,
1,abstract avail,1: abstract avail,
1,abstract avail,1: abstract avail,
1,abstract avail,1: abstract avail,
1,abstract avail,1: abstract avail,
1,abstract avail,1: abstract avail,
1,abstract avail,1: abstract avail,
1,abstract avail,1: abstract avail,
1,abstract avail,1: abstract avail,
1,abstract avail,1: abstract avail,
1,abstract avail,1: abstract avail,
1,abstract avail,1: abstract avail,
1,abstract avail,1: abstract avail,
1,abstract avail,1: abstract avail,
1,abstract avail,1: abstract avail,
1,abstract avail,1: abstract avail,
1,abstract avail,1: abstract avail,
1,abstract avail,1: abstract avail,
1,abstract avail,1: abstract avail,
1,abstract avail,1: abstract avail,
1,abstract avail,1: abstract avail,
1,abstract avail,1: abstract avail,
1,abstract avail,1: abstract avail,
1,abstract avail,1: abstract avail,
1,abstract avail,1: abstract avail,
1,abstract avail,1: abstract avail,
1,abstract avail,1: abstract avail,
1,abstract avail,1: abstract avail,
1,abstract avail,1: abstract avail,
1,abstract avail,1: abstract avail,
1,abstract avail,1: abstract avail,
1,abstract avail,1: abstract avail,
1,abstract avail,1: abstract avail,
1,abstract avail,1: abstract avail,
1,abstract avail,1: abstract avail,
1,abstract avail,1: abstract avail,
1,abstract avail,1: abstract avail,
1,abstract avail,1: abstract avail,
1,abstract avail,1: abstract avail,
1,abstract avail,1: abstract avail,
1,abstract avail,1: abstract avail,
1,abstract avail,1: abstract avail,
1,abstract avail,1: abstract avail,
1,abstract avail,1: abstract avail,
1,abstract avail,1: abstract avail,
1,abstract avail,1: abstract avail,
1,abstract avail,1: abstract avail,
5,offshor grid,5: offshor grid,
5,offshor grid,5: offshor grid,
5,offshor grid,5: offshor grid,
5,offshor grid,5: offshor grid,
5,offshor grid,5: offshor grid,
5,offshor grid,5: offshor grid,
5,offshor grid,5: offshor grid,
5,offshor grid,5: offshor grid,
5,offshor grid,5: offshor grid,
5,offshor grid,5: offshor grid,
5,offshor grid,5: offshor grid,
5,offshor grid,5: offshor grid,
5,offshor grid,5: offshor grid,
5,offshor grid,5: offshor grid,
5,offshor grid,5: offshor grid,
5,offshor grid,5: offshor grid,
5,offshor grid,5: offshor grid,
5,offshor grid,5: offshor grid,
5,offshor grid,5: offshor grid,
5,offshor grid,5: offshor grid,
5,offshor grid,5: offshor grid,
5,offshor grid,5: offshor grid,
5,offshor grid,5: offshor grid,
5,offshor grid,5: offshor grid,
5,offshor grid,5: offshor grid,
5,offshor grid,5: offshor grid,
5,offshor grid,5: offshor grid,
5,offshor grid,5: offshor grid,
5,offshor grid,5: offshor grid,
5,offshor grid,5: offshor grid,
5,offshor grid,5: offshor grid,
5,offshor grid,5: offshor grid,
5,offshor grid,5: offshor grid,
5,offshor grid,5: offshor grid,
5,offshor grid,5: offshor grid,
5,offshor grid,5: offshor grid,
5,offshor grid,5: offshor grid,
5,offshor grid,5: offshor grid,
5,offshor grid,5: offshor grid,
5,offshor grid,5: offshor grid,
5,offshor grid,5: offshor grid,
5,offshor grid,5: offshor grid,
5,offshor grid,5: offshor grid,
5,offshor grid,5: offshor grid,
5,offshor grid,5: offshor grid,
5,offshor grid,5: offshor grid,
5,offshor grid,5: offshor grid,
5,offshor grid,5: offshor grid,
5,offshor grid,5: offshor grid,
5,offshor grid,5: offshor grid,
5,offshor grid,5: offshor grid,
5,offshor grid,5: offshor grid,
5,offshor grid,5: offshor grid,
5,offshor grid,5: offshor grid,
5,offshor grid,5: offshor grid,
5,offshor grid,5: offshor grid,
5,offshor grid,5: offshor grid,
5,offshor grid,5: offshor grid,
5,offshor grid,5: offshor grid,
5,offshor grid,5: offshor grid,
5,offshor grid,5: offshor grid,
5,offshor grid,5: offshor grid,
5,offshor grid,5: offshor grid,
5,offshor grid,5: offshor grid,
5,offshor grid,5: offshor grid,
5,offshor grid,5: offshor grid,
5,offshor grid,5: offshor grid,
5,offshor grid,5: offshor grid,
5,offshor grid,5: offshor grid,
5,offshor grid,5: offshor grid,
5,offshor grid,5: offshor grid,
5,offshor grid,5: offshor grid,
5,offshor grid,5: offshor grid,
5,offshor grid,5: offshor grid,
5,offshor grid,5: offshor grid,
5,offshor grid,5: offshor grid,
5,offshor grid,5: offshor grid,
5,offshor grid,5: offshor grid,
5,offshor grid,5: offshor grid,
5,offshor grid,5: offshor grid,
5,offshor grid,5: offshor grid,
5,offshor grid,5: offshor grid,
5,offshor grid,5: offshor grid,
5,offshor grid,5: offshor grid,
5,offshor grid,5: offshor grid,
5,offshor grid,5: offshor grid,
5,offshor grid,5: offshor grid,
5,offshor grid,5: offshor grid,
5,offshor grid,5: offshor grid,
5,offshor grid,5: offshor grid,
5,offshor grid,5: offshor grid,
5,offshor grid,5: offshor grid,
5,offshor grid,5: offshor grid,
5,offshor grid,5: offshor grid,
5,offshor grid,5: offshor grid,
5,offshor grid,5: offshor grid,
5,offshor grid,5: offshor grid,
5,offshor grid,5: offshor grid,
5,offshor grid,5: offshor grid,
5,offshor grid,5: offshor grid,
5,offshor grid,5: offshor grid,
5,offshor grid,5: offshor grid,
5,offshor grid,5: offshor grid,
5,offshor grid,5: offshor grid,
5,offshor grid,5: offshor grid,
5,offshor grid,5: offshor grid,
5,offshor grid,5: offshor grid,
5,offshor grid,5: offshor grid,
5,offshor grid,5: offshor grid,
5,offshor grid,5: offshor grid,
5,offshor grid,5: offshor grid,
5,offshor grid,5: offshor grid,
5,offshor grid,5: offshor grid,
5,offshor grid,5: offshor grid,
5,offshor grid,5: offshor grid,
5,offshor grid,5: offshor grid,
5,offshor grid,5: offshor grid,
5,offshor grid,5: offshor grid,
5,offshor grid,5: offshor grid,
5,offshor grid,5: offshor grid,
5,offshor grid,5: offshor grid,
5,offshor grid,5: offshor grid,
5,offshor grid,5: offshor grid,
5,offshor grid,5: offshor grid,
5,offshor grid,5: offshor grid,
5,offshor grid,5: offshor grid,
5,offshor grid,5: offshor grid,
5,offshor grid,5: offshor grid,
5,offshor grid,5: offshor grid,
5,offshor grid,5: offshor grid,
5,offshor grid,5: offshor grid,
5,offshor grid,5: offshor grid,
5,offshor grid,5: offshor grid,
5,offshor grid,5: offshor grid,
5,offshor grid,5: offshor grid,
5,offshor grid,5: offshor grid,
5,offshor grid,5: offshor grid,
5,offshor grid,5: offshor grid,
5,offshor grid,5: offshor grid,
5,offshor grid,5: offshor grid,
5,offshor grid,5: offshor grid,
5,offshor grid,5: offshor grid,
5,offshor grid,5: offshor grid,
5,offshor grid,5: offshor grid,
5,offshor grid,5: offshor grid,
5,offshor grid,5: offshor grid,
5,offshor grid,5: offshor grid,
5,offshor grid,5: offshor grid,
5,offshor grid,5: offshor grid,
5,offshor grid,5: offshor grid,
5,offshor grid,5: offshor grid,
5,offshor grid,5: offshor grid,
5,offshor grid,5: offshor grid,
5,offshor grid,5: offshor grid,
5,offshor grid,5: offshor grid,
5,offshor grid,5: offshor grid,
5,offshor grid,5: offshor grid,
5,offshor grid,5: offshor grid,
5,offshor grid,5: offshor grid,
5,offshor grid,5: offshor grid,
5,offshor grid,5: offshor grid,
5,offshor grid,5: offshor grid,
5,offshor grid,5: offshor grid,
5,offshor grid,5: offshor grid,
5,offshor grid,5: offshor grid,
5,offshor grid,5: offshor grid,
5,offshor grid,5: offshor grid,
5,offshor grid,5: offshor grid,
5,offshor grid,5: offshor grid,
5,offshor grid,5: offshor grid,
5,offshor grid,5: offshor grid,
5,offshor grid,5: offshor grid,
5,offshor grid,5: offshor grid,
5,offshor grid,5: offshor grid,
5,offshor grid,5: offshor grid,
7,renew energi,7: renew energi,
7,renew energi,7: renew energi,
7,renew energi,7: renew energi,
7,renew energi,7: renew energi,
7,renew energi,7: renew energi,
7,renew energi,7: renew energi,
7,renew energi,7: renew energi,
7,renew energi,7: renew energi,
7,renew energi,7: renew energi,
7,renew energi,7: renew energi,
7,renew energi,7: renew energi,
7,renew energi,7: renew energi,
7,renew energi,7: renew energi,
7,renew energi,7: renew energi,
7,renew energi,7: renew energi,
7,renew energi,7: renew energi,
7,renew energi,7: renew energi,
7,renew energi,7: renew energi,
7,renew energi,7: renew energi,
7,renew energi,7: renew energi,
7,renew energi,7: renew energi,
7,renew energi,7: renew energi,
7,renew energi,7: renew energi,
7,renew energi,7: renew energi,
7,renew energi,7: renew energi,
7,renew energi,7: renew energi,
7,renew energi,7: renew energi,
7,renew energi,7: renew energi,
7,renew energi,7: renew energi,
7,renew energi,7: renew energi,
7,renew energi,7: renew energi,
7,renew energi,7: renew energi,
7,renew energi,7: renew energi,
7,renew energi,7: renew energi,
7,renew energi,7: renew energi,
7,renew energi,7: renew energi,
7,renew energi,7: renew energi,
7,renew energi,7: renew energi,
7,renew energi,7: renew energi,
7,renew energi,7: renew energi,
7,renew energi,7: renew energi,
7,renew energi,7: renew energi,
7,renew energi,7: renew energi,
7,renew energi,7: renew energi,
7,renew energi,7: renew energi,
7,renew energi,7: renew energi,
7,renew energi,7: renew energi,
7,renew energi,7: renew energi,
7,renew energi,7: renew energi,
7,renew energi,7: renew energi,
7,renew energi,7: renew energi,
7,renew energi,7: renew energi,
7,renew energi,7: renew energi,
7,renew energi,7: renew energi,
7,renew energi,7: renew energi,
7,renew energi,7: renew energi,
7,renew energi,7: renew energi,
7,renew energi,7: renew energi,
7,renew energi,7: renew energi,
7,renew energi,7: renew energi,
7,renew energi,7: renew energi,
7,renew energi,7: renew energi,
7,renew energi,7: renew energi,
7,renew energi,7: renew energi,
7,renew energi,7: renew energi,
7,renew energi,7: renew energi,
7,renew energi,7: renew energi,
7,renew energi,7: renew energi,
7,renew energi,7: renew energi,
7,renew energi,7: renew energi,
7,renew energi,7: renew energi,
7,renew energi,7: renew energi,
7,renew energi,7: renew energi,
7,renew energi,7: renew energi,
7,renew energi,7: renew energi,
7,renew energi,7: renew energi,
7,renew energi,7: renew energi,
7,renew energi,7: renew energi,
7,renew energi,7: renew energi,
7,renew energi,7: renew energi,
7,renew energi,7: renew energi,
7,renew energi,7: renew energi,
7,renew energi,7: renew energi,
7,renew energi,7: renew energi,
7,renew energi,7: renew energi,
7,renew energi,7: renew energi,
7,renew energi,7: renew energi,
7,renew energi,7: renew energi,
7,renew energi,7: renew energi,
7,renew energi,7: renew energi,
7,renew energi,7: renew energi,
7,renew energi,7: renew energi,
7,renew energi,7: renew energi,
7,renew energi,7: renew energi,
7,renew energi,7: renew energi,
7,renew energi,7: renew energi,
7,renew energi,7: renew energi,
7,renew energi,7: renew energi,
7,renew energi,7: renew energi,
7,renew energi,7: renew energi,
7,renew energi,7: renew energi,
7,renew energi,7: renew energi,
7,renew energi,7: renew energi,
7,renew energi,7: renew energi,
7,renew energi,7: renew energi,
7,renew energi,7: renew energi,
7,renew energi,7: renew energi,
7,renew energi,7: renew energi,
7,renew energi,7: renew energi,
7,renew energi,7: renew energi,
7,renew energi,7: renew energi,
7,renew energi,7: renew energi,
7,renew energi,7: renew energi,
7,renew energi,7: renew energi,
7,renew energi,7: renew energi,
7,renew energi,7: renew energi,
7,renew energi,7: renew energi,
7,renew energi,7: renew energi,
7,renew energi,7: renew energi,
7,renew energi,7: renew energi,
7,renew energi,7: renew energi,
7,renew energi,7: renew energi,
7,renew energi,7: renew energi,
7,renew energi,7: renew energi,
7,renew energi,7: renew energi,
7,renew energi,7: renew energi,
7,renew energi,7: renew energi,
7,renew energi,7: renew energi,
7,renew energi,7: renew energi,
7,renew energi,7: renew energi,
7,renew energi,7: renew energi,
7,renew energi,7: renew energi,
7,renew energi,7: renew energi,
7,renew energi,7: renew energi,
7,renew energi,7: renew energi,
7,renew energi,7: renew energi,
7,renew energi,7: renew energi,
7,renew energi,7: renew energi,
7,renew energi,7: renew energi,
7,renew energi,7: renew energi,
7,renew energi,7: renew energi,
7,renew energi,7: renew energi,
7,renew energi,7: renew energi,
7,renew energi,7: renew energi,
7,renew energi,7: renew energi,
7,renew energi,7: renew energi,
1,abstract avail,1: abstract avail,
1,abstract avail,1: abstract avail,
1,abstract avail,1: abstract avail,
1,abstract avail,1: abstract avail,
1,abstract avail,1: abstract avail,
1,abstract avail,1: abstract avail,
1,abstract avail,1: abstract avail,
1,abstract avail,1: abstract avail,
1,abstract avail,1: abstract avail,
1,abstract avail,1: abstract avail,
1,abstract avail,1: abstract avail,
1,abstract avail,1: abstract avail,
1,abstract avail,1: abstract avail,
1,abstract avail,1: abstract avail,
1,abstract avail,1: abstract avail,
1,abstract avail,1: abstract avail,
1,abstract avail,1: abstract avail,
1,abstract avail,1: abstract avail,
1,abstract avail,1: abstract avail,
1,abstract avail,1: abstract avail,
1,abstract avail,1: abstract avail,
1,abstract avail,1: abstract avail,
1,abstract avail,1: abstract avail,
1,abstract avail,1: abstract avail,
1,abstract avail,1: abstract avail,
1,abstract avail,1: abstract avail,
1,abstract avail,1: abstract avail,
1,abstract avail,1: abstract avail,
1,abstract avail,1: abstract avail,
1,abstract avail,1: abstract avail,
1,abstract avail,1: abstract avail,
1,abstract avail,1: abstract avail,
1,abstract avail,1: abstract avail,
1,abstract avail,1: abstract avail,
1,abstract avail,1: abstract avail,
1,abstract avail,1: abstract avail,
1,abstract avail,1: abstract avail,
1,abstract avail,1: abstract avail,
1,abstract avail,1: abstract avail,
1,abstract avail,1: abstract avail,
1,abstract avail,1: abstract avail,
1,abstract avail,1: abstract avail,
1,abstract avail,1: abstract avail,
1,abstract avail,1: abstract avail,
1,abstract avail,1: abstract avail,
1,abstract avail,1: abstract avail,
1,abstract avail,1: abstract avail,
1,abstract avail,1: abstract avail,
1,abstract avail,1: abstract avail,
1,abstract avail,1: abstract avail,
1,abstract avail,1: abstract avail,
1,abstract avail,1: abstract avail,
1,abstract avail,1: abstract avail,
1,abstract avail,1: abstract avail,
1,abstract avail,1: abstract avail,
1,abstract avail,1: abstract avail,
1,abstract avail,1: abstract avail,
1,abstract avail,1: abstract avail,
1,abstract avail,1: abstract avail,
1,abstract avail,1: abstract avail,
1,abstract avail,1: abstract avail,
1,abstract avail,1: abstract avail,
1,abstract avail,1: abstract avail,
1,abstract avail,1: abstract avail,
1,abstract avail,1: abstract avail,
1,abstract avail,1: abstract avail,
1,abstract avail,1: abstract avail,
1,abstract avail,1: abstract avail,
1,abstract avail,1: abstract avail,
1,abstract avail,1: abstract avail,
1,abstract avail,1: abstract avail,
1,abstract avail,1: abstract avail,
1,abstract avail,1: abstract avail,
1,abstract avail,1: abstract avail,
1,abstract avail,1: abstract avail,
1,abstract avail,1: abstract avail,
1,abstract avail,1: abstract avail,
1,abstract avail,1: abstract avail,
1,abstract avail,1: abstract avail,
1,abstract avail,1: abstract avail,
1,abstract avail,1: abstract avail,
9,wind farm,9: wind farm,
9,wind farm,9: wind farm,
9,wind farm,9: wind farm,
9,wind farm,9: wind farm,
9,wind farm,9: wind farm,
9,wind farm,9: wind farm,
9,wind farm,9: wind farm,
9,wind farm,9: wind farm,
9,wind farm,9: wind farm,
9,wind farm,9: wind farm,
9,wind farm,9: wind farm,
9,wind farm,9: wind farm,
9,wind farm,9: wind farm,
9,wind farm,9: wind farm,
9,wind farm,9: wind farm,
9,wind farm,9: wind farm,
9,wind farm,9: wind farm,
9,wind farm,9: wind farm,
9,wind farm,9: wind farm,
9,wind farm,9: wind farm,
9,wind farm,9: wind farm,
9,wind farm,9: wind farm,
9,wind farm,9: wind farm,
9,wind farm,9: wind farm,
9,wind farm,9: wind farm,
9,wind farm,9: wind farm,
9,wind farm,9: wind farm,
9,wind farm,9: wind farm,
9,wind farm,9: wind farm,
9,wind farm,9: wind farm,
9,wind farm,9: wind farm,
9,wind farm,9: wind farm,
9,wind farm,9: wind farm,
9,wind farm,9: wind farm,
9,wind farm,9: wind farm,
9,wind farm,9: wind farm,
9,wind farm,9: wind farm,
9,wind farm,9: wind farm,
9,wind farm,9: wind farm,
9,wind farm,9: wind farm,
9,wind farm,9: wind farm,
9,wind farm,9: wind farm,
9,wind farm,9: wind farm,
9,wind farm,9: wind farm,
9,wind farm,9: wind farm,
9,wind farm,9: wind farm,
9,wind farm,9: wind farm,
9,wind farm,9: wind farm,
9,wind farm,9: wind farm,
9,wind farm,9: wind farm,
9,wind farm,9: wind farm,
9,wind farm,9: wind farm,
9,wind farm,9: wind farm,
9,wind farm,9: wind farm,
9,wind farm,9: wind farm,
9,wind farm,9: wind farm,
9,wind farm,9: wind farm,
9,wind farm,9: wind farm,
9,wind farm,9: wind farm,
9,wind farm,9: wind farm,
9,wind farm,9: wind farm,
9,wind farm,9: wind farm,
9,wind farm,9: wind farm,
9,wind farm,9: wind farm,
9,wind farm,9: wind farm,
9,wind farm,9: wind farm,
9,wind farm,9: wind farm,
9,wind farm,9: wind farm,
9,wind farm,9: wind farm,
9,wind farm,9: wind farm,
9,wind farm,9: wind farm,
9,wind farm,9: wind farm,
9,wind farm,9: wind farm,
9,wind farm,9: wind farm,
9,wind farm,9: wind farm,
9,wind farm,9: wind farm,
9,wind farm,9: wind farm,
9,wind farm,9: wind farm,
9,wind farm,9: wind farm,
9,wind farm,9: wind farm,
9,wind farm,9: wind farm,
9,wind farm,9: wind farm,
9,wind farm,9: wind farm,
9,wind farm,9: wind farm,
9,wind farm,9: wind farm,
9,wind farm,9: wind farm,
9,wind farm,9: wind farm,
9,wind farm,9: wind farm,
9,wind farm,9: wind farm,
9,wind farm,9: wind farm,
9,wind farm,9: wind farm,
9,wind farm,9: wind farm,
9,wind farm,9: wind farm,
9,wind farm,9: wind farm,
9,wind farm,9: wind farm,
9,wind farm,9: wind farm,
9,wind farm,9: wind farm,
9,wind farm,9: wind farm,
9,wind farm,9: wind farm,
9,wind farm,9: wind farm,
9,wind farm,9: wind farm,
9,wind farm,9: wind farm,
9,wind farm,9: wind farm,
9,wind farm,9: wind farm,
9,wind farm,9: wind farm,
9,wind farm,9: wind farm,
9,wind farm,9: wind farm,
9,wind farm,9: wind farm,
9,wind farm,9: wind farm,
9,wind farm,9: wind farm,
9,wind farm,9: wind farm,
9,wind farm,9: wind farm,
9,wind farm,9: wind farm,
9,wind farm,9: wind farm,
9,wind farm,9: wind farm,
9,wind farm,9: wind farm,
9,wind farm,9: wind farm,
9,wind farm,9: wind farm,
9,wind farm,9: wind farm,
9,wind farm,9: wind farm,
9,wind farm,9: wind farm,
9,wind farm,9: wind farm,
9,wind farm,9: wind farm,
9,wind farm,9: wind farm,
9,wind farm,9: wind farm,
9,wind farm,9: wind farm,
9,wind farm,9: wind farm,
9,wind farm,9: wind farm,
9,wind farm,9: wind farm,
9,wind farm,9: wind farm,
9,wind farm,9: wind farm,
9,wind farm,9: wind farm,
9,wind farm,9: wind farm,
9,wind farm,9: wind farm,
9,wind farm,9: wind farm,
9,wind farm,9: wind farm,
9,wind farm,9: wind farm,
9,wind farm,9: wind farm,
9,wind farm,9: wind farm,
9,wind farm,9: wind farm,
9,wind farm,9: wind farm,
9,wind farm,9: wind farm,
9,wind farm,9: wind farm,
9,wind farm,9: wind farm,
9,wind farm,9: wind farm,
9,wind farm,9: wind farm,
9,wind farm,9: wind farm,
9,wind farm,9: wind farm,
9,wind farm,9: wind farm,
9,wind farm,9: wind farm,
9,wind farm,9: wind farm,
9,wind farm,9: wind farm,
9,wind farm,9: wind farm,
9,wind farm,9: wind farm,
9,wind farm,9: wind farm,
9,wind farm,9: wind farm,
9,wind farm,9: wind farm,
9,wind farm,9: wind farm,
9,wind farm,9: wind farm,
9,wind farm,9: wind farm,
9,wind farm,9: wind farm,
7,renew energi,7: renew energi,
7,renew energi,7: renew energi,
7,renew energi,7: renew energi,
7,renew energi,7: renew energi,
7,renew energi,7: renew energi,
7,renew energi,7: renew energi,
7,renew energi,7: renew energi,
7,renew energi,7: renew energi,
7,renew energi,7: renew energi,
7,renew energi,7: renew energi,
7,renew energi,7: renew energi,
7,renew energi,7: renew energi,
7,renew energi,7: renew energi,
7,renew energi,7: renew energi,
7,renew energi,7: renew energi,
7,renew energi,7: renew energi,
7,renew energi,7: renew energi,
7,renew energi,7: renew energi,
7,renew energi,7: renew energi,
7,renew energi,7: renew energi,
7,renew energi,7: renew energi,
7,renew energi,7: renew energi,
7,renew energi,7: renew energi,
7,renew energi,7: renew energi,
7,renew energi,7: renew energi,
7,renew energi,7: renew energi,
7,renew energi,7: renew energi,
7,renew energi,7: renew energi,
7,renew energi,7: renew energi,
7,renew energi,7: renew energi,
7,renew energi,7: renew energi,
7,renew energi,7: renew energi,
7,renew energi,7: renew energi,
7,renew energi,7: renew energi,
7,renew energi,7: renew energi,
7,renew energi,7: renew energi,
7,renew energi,7: renew energi,
7,renew energi,7: renew energi,
7,renew energi,7: renew energi,
7,renew energi,7: renew energi,
7,renew energi,7: renew energi,
7,renew energi,7: renew energi,
7,renew energi,7: renew energi,
7,renew energi,7: renew energi,
7,renew energi,7: renew energi,
7,renew energi,7: renew energi,
7,renew energi,7: renew energi,
7,renew energi,7: renew energi,
7,renew energi,7: renew energi,
7,renew energi,7: renew energi,
7,renew energi,7: renew energi,
7,renew energi,7: renew energi,
7,renew energi,7: renew energi,
7,renew energi,7: renew energi,
7,renew energi,7: renew energi,
7,renew energi,7: renew energi,
7,renew energi,7: renew energi,
7,renew energi,7: renew energi,
7,renew energi,7: renew energi,
7,renew energi,7: renew energi,
7,renew energi,7: renew energi,
7,renew energi,7: renew energi,
7,renew energi,7: renew energi,
7,renew energi,7: renew energi,
7,renew energi,7: renew energi,
7,renew energi,7: renew energi,
7,renew energi,7: renew energi,
7,renew energi,7: renew energi,
7,renew energi,7: renew energi,
7,renew energi,7: renew energi,
7,renew energi,7: renew energi,
7,renew energi,7: renew energi,
7,renew energi,7: renew energi,
7,renew energi,7: renew energi,
7,renew energi,7: renew energi,
7,renew energi,7: renew energi,
7,renew energi,7: renew energi,
7,renew energi,7: renew energi,
7,renew energi,7: renew energi,
7,renew energi,7: renew energi,
7,renew energi,7: renew energi,
7,renew energi,7: renew energi,
7,renew energi,7: renew energi,
7,renew energi,7: renew energi,
7,renew energi,7: renew energi,
7,renew energi,7: renew energi,
7,renew energi,7: renew energi,
7,renew energi,7: renew energi,
7,renew energi,7: renew energi,
7,renew energi,7: renew energi,
7,renew energi,7: renew energi,
7,renew energi,7: renew energi,
7,renew energi,7: renew energi,
7,renew energi,7: renew energi,
7,renew energi,7: renew energi,
7,renew energi,7: renew energi,
7,renew energi,7: renew energi,
7,renew energi,7: renew energi,
7,renew energi,7: renew energi,
7,renew energi,7: renew energi,
7,renew energi,7: renew energi,
7,renew energi,7: renew energi,
7,renew energi,7: renew energi,
7,renew energi,7: renew energi,
7,renew energi,7: renew energi,
7,renew energi,7: renew energi,
7,renew energi,7: renew energi,
7,renew energi,7: renew energi,
7,renew energi,7: renew energi,
7,renew energi,7: renew energi,
7,renew energi,7: renew energi,
7,renew energi,7: renew energi,
7,renew energi,7: renew energi,
7,renew energi,7: renew energi,
7,renew energi,7: renew energi,
7,renew energi,7: renew energi,
7,renew energi,7: renew energi,
7,renew energi,7: renew energi,
7,renew energi,7: renew energi,
7,renew energi,7: renew energi,
7,renew energi,7: renew energi,
7,renew energi,7: renew energi,
7,renew energi,7: renew energi,
7,renew energi,7: renew energi,
7,renew energi,7: renew energi,
7,renew energi,7: renew energi,
7,renew energi,7: renew energi,
7,renew energi,7: renew energi,
7,renew energi,7: renew energi,
7,renew energi,7: renew energi,
7,renew energi,7: renew energi,
7,renew energi,7: renew energi,
7,renew energi,7: renew energi,
7,renew energi,7: renew energi,
7,renew energi,7: renew energi,
7,renew energi,7: renew energi,
7,renew energi,7: renew energi,
7,renew energi,7: renew energi,
7,renew energi,7: renew energi,
7,renew energi,7: renew energi,
7,renew energi,7: renew energi,
7,renew energi,7: renew energi,
7,renew energi,7: renew energi,
7,renew energi,7: renew energi,
7,renew energi,7: renew energi,
7,renew energi,7: renew energi,
7,renew energi,7: renew energi,
7,renew energi,7: renew energi,
7,renew energi,7: renew energi,
7,renew energi,7: renew energi,
7,renew energi,7: renew energi,
7,renew energi,7: renew energi,
7,renew energi,7: renew energi,
7,renew energi,7: renew energi,
7,renew energi,7: renew energi,
7,renew energi,7: renew energi,
7,renew energi,7: renew energi,
7,renew energi,7: renew energi,
7,renew energi,7: renew energi,
7,renew energi,7: renew energi,
7,renew energi,7: renew energi,
7,renew energi,7: renew energi,
7,renew energi,7: renew energi,
7,renew energi,7: renew energi,
7,renew energi,7: renew energi,
7,renew energi,7: renew energi,
7,renew energi,7: renew energi,
7,renew energi,7: renew energi,
7,renew energi,7: renew energi,
7,renew energi,7: renew energi,
7,renew energi,7: renew energi,
7,renew energi,7: renew energi,
7,renew energi,7: renew energi,
7,renew energi,7: renew energi,
7,renew energi,7: renew energi,
7,renew energi,7: renew energi,
7,renew energi,7: renew energi,
7,renew energi,7: renew energi,
7,renew energi,7: renew energi,
7,renew energi,7: renew energi,
7,renew energi,7: renew energi,
7,renew energi,7: renew energi,
7,renew energi,7: renew energi,
7,renew energi,7: renew energi,
7,renew energi,7: renew energi,
7,renew energi,7: renew energi,
7,renew energi,7: renew energi,
7,renew energi,7: renew energi,
7,renew energi,7: renew energi,
7,renew energi,7: renew energi,
7,renew energi,7: renew energi,
7,renew energi,7: renew energi,
7,renew energi,7: renew energi,
7,renew energi,7: renew energi,
7,renew energi,7: renew energi,
7,renew energi,7: renew energi,
7,renew energi,7: renew energi,
7,renew energi,7: renew energi,
7,renew energi,7: renew energi,
7,renew energi,7: renew energi,
7,renew energi,7: renew energi,
7,renew energi,7: renew energi,
7,renew energi,7: renew energi,
7,renew energi,7: renew energi,
7,renew energi,7: renew energi,
7,renew energi,7: renew energi,
7,renew energi,7: renew energi,
7,renew energi,7: renew energi,
7,renew energi,7: renew energi,
7,renew energi,7: renew energi,
7,renew energi,7: renew energi,
7,renew energi,7: renew energi,
7,renew energi,7: renew energi,
7,renew energi,7: renew energi,
7,renew energi,7: renew energi,
7,renew energi,7: renew energi,
7,renew energi,7: renew energi,
7,renew energi,7: renew energi,
7,renew energi,7: renew energi,
7,renew energi,7: renew energi,
7,renew energi,7: renew energi,
7,renew energi,7: renew energi,
7,renew energi,7: renew energi,
7,renew energi,7: renew energi,
7,renew energi,7: renew energi,
7,renew energi,7: renew energi,
7,renew energi,7: renew energi,
7,renew energi,7: renew energi,
7,renew energi,7: renew energi,
7,renew energi,7: renew energi,
7,renew energi,7: renew energi,
7,renew energi,7: renew energi,
7,renew energi,7: renew energi,
7,renew energi,7: renew energi,
7,renew energi,7: renew energi,
7,renew energi,7: renew energi,
7,renew energi,7: renew energi,
7,renew energi,7: renew energi,
7,renew energi,7: renew energi,
7,renew energi,7: renew energi,
7,renew energi,7: renew energi,
7,renew energi,7: renew energi,
7,renew energi,7: renew energi,
7,renew energi,7: renew energi,
7,renew energi,7: renew energi,
7,renew energi,7: renew energi,
7,renew energi,7: renew energi,
7,renew energi,7: renew energi,
7,renew energi,7: renew energi,
7,renew energi,7: renew energi,
7,renew energi,7: renew energi,
7,renew energi,7: renew energi,
7,renew energi,7: renew energi,
7,renew energi,7: renew energi,
7,renew energi,7: renew energi,
7,renew energi,7: renew energi,
7,renew energi,7: renew energi,
7,renew energi,7: renew energi,
7,renew energi,7: renew energi,
7,renew energi,7: renew energi,
7,renew energi,7: renew energi,
7,renew energi,7: renew energi,
7,renew energi,7: renew energi,
7,renew energi,7: renew energi,
7,renew energi,7: renew energi,
7,renew energi,7: renew energi,
7,renew energi,7: renew energi,
7,renew energi,7: renew energi,
7,renew energi,7: renew energi,
7,renew energi,7: renew energi,
7,renew energi,7: renew energi,
7,renew energi,7: renew energi,
7,renew energi,7: renew energi,
7,renew energi,7: renew energi,
7,renew energi,7: renew energi,
7,renew energi,7: renew energi,
7,renew energi,7: renew energi,
7,renew energi,7: renew energi,
7,renew energi,7: renew energi,
7,renew energi,7: renew energi,
7,renew energi,7: renew energi,
7,renew energi,7: renew energi,
7,renew energi,7: renew energi,
7,renew energi,7: renew energi,
7,renew energi,7: renew energi,
7,renew energi,7: renew energi,
7,renew energi,7: renew energi,
7,renew energi,7: renew energi,
7,renew energi,7: renew energi,
7,renew energi,7: renew energi,
7,renew energi,7: renew energi,
7,renew energi,7: renew energi,
5,offshor grid,5: offshor grid,
5,offshor grid,5: offshor grid,
5,offshor grid,5: offshor grid,
5,offshor grid,5: offshor grid,
5,offshor grid,5: offshor grid,
5,offshor grid,5: offshor grid,
5,offshor grid,5: offshor grid,
5,offshor grid,5: offshor grid,
5,offshor grid,5: offshor grid,
5,offshor grid,5: offshor grid,
5,offshor grid,5: offshor grid,
5,offshor grid,5: offshor grid,
5,offshor grid,5: offshor grid,
5,offshor grid,5: offshor grid,
5,offshor grid,5: offshor grid,
5,offshor grid,5: offshor grid,
5,offshor grid,5: offshor grid,
5,offshor grid,5: offshor grid,
5,offshor grid,5: offshor grid,
5,offshor grid,5: offshor grid,
5,offshor grid,5: offshor grid,
5,offshor grid,5: offshor grid,
5,offshor grid,5: offshor grid,
5,offshor grid,5: offshor grid,
5,offshor grid,5: offshor grid,
5,offshor grid,5: offshor grid,
5,offshor grid,5: offshor grid,
5,offshor grid,5: offshor grid,
5,offshor grid,5: offshor grid,
5,offshor grid,5: offshor grid,
5,offshor grid,5: offshor grid,
5,offshor grid,5: offshor grid,
5,offshor grid,5: offshor grid,
5,offshor grid,5: offshor grid,
5,offshor grid,5: offshor grid,
5,offshor grid,5: offshor grid,
5,offshor grid,5: offshor grid,
5,offshor grid,5: offshor grid,
5,offshor grid,5: offshor grid,
5,offshor grid,5: offshor grid,
5,offshor grid,5: offshor grid,
5,offshor grid,5: offshor grid,
5,offshor grid,5: offshor grid,
5,offshor grid,5: offshor grid,
5,offshor grid,5: offshor grid,
5,offshor grid,5: offshor grid,
5,offshor grid,5: offshor grid,
5,offshor grid,5: offshor grid,
5,offshor grid,5: offshor grid,
5,offshor grid,5: offshor grid,
5,offshor grid,5: offshor grid,
5,offshor grid,5: offshor grid,
5,offshor grid,5: offshor grid,
5,offshor grid,5: offshor grid,
5,offshor grid,5: offshor grid,
5,offshor grid,5: offshor grid,
5,offshor grid,5: offshor grid,
5,offshor grid,5: offshor grid,
5,offshor grid,5: offshor grid,
5,offshor grid,5: offshor grid,
5,offshor grid,5: offshor grid,
5,offshor grid,5: offshor grid,
5,offshor grid,5: offshor grid,
5,offshor grid,5: offshor grid,
5,offshor grid,5: offshor grid,
5,offshor grid,5: offshor grid,
5,offshor grid,5: offshor grid,
5,offshor grid,5: offshor grid,
5,offshor grid,5: offshor grid,
5,offshor grid,5: offshor grid,
5,offshor grid,5: offshor grid,
5,offshor grid,5: offshor grid,
5,offshor grid,5: offshor grid,
5,offshor grid,5: offshor grid,
5,offshor grid,5: offshor grid,
5,offshor grid,5: offshor grid,
5,offshor grid,5: offshor grid,
5,offshor grid,5: offshor grid,
5,offshor grid,5: offshor grid,
5,offshor grid,5: offshor grid,
5,offshor grid,5: offshor grid,
5,offshor grid,5: offshor grid,
5,offshor grid,5: offshor grid,
5,offshor grid,5: offshor grid,
5,offshor grid,5: offshor grid,
5,offshor grid,5: offshor grid,
5,offshor grid,5: offshor grid,
5,offshor grid,5: offshor grid,
5,offshor grid,5: offshor grid,
5,offshor grid,5: offshor grid,
5,offshor grid,5: offshor grid,
5,offshor grid,5: offshor grid,
5,offshor grid,5: offshor grid,
5,offshor grid,5: offshor grid,
5,offshor grid,5: offshor grid,
5,offshor grid,5: offshor grid,
5,offshor grid,5: offshor grid,
5,offshor grid,5: offshor grid,
5,offshor grid,5: offshor grid,
5,offshor grid,5: offshor grid,
5,offshor grid,5: offshor grid,
5,offshor grid,5: offshor grid,
5,offshor grid,5: offshor grid,
5,offshor grid,5: offshor grid,
5,offshor grid,5: offshor grid,
5,offshor grid,5: offshor grid,
5,offshor grid,5: offshor grid,
5,offshor grid,5: offshor grid,
5,offshor grid,5: offshor grid,
5,offshor grid,5: offshor grid,
5,offshor grid,5: offshor grid,
5,offshor grid,5: offshor grid,
5,offshor grid,5: offshor grid,
5,offshor grid,5: offshor grid,
5,offshor grid,5: offshor grid,
5,offshor grid,5: offshor grid,
5,offshor grid,5: offshor grid,
5,offshor grid,5: offshor grid,
5,offshor grid,5: offshor grid,
5,offshor grid,5: offshor grid,
5,offshor grid,5: offshor grid,
5,offshor grid,5: offshor grid,
5,offshor grid,5: offshor grid,
5,offshor grid,5: offshor grid,
5,offshor grid,5: offshor grid,
5,offshor grid,5: offshor grid,
5,offshor grid,5: offshor grid,
5,offshor grid,5: offshor grid,
5,offshor grid,5: offshor grid,
5,offshor grid,5: offshor grid,
5,offshor grid,5: offshor grid,
5,offshor grid,5: offshor grid,
5,offshor grid,5: offshor grid,
5,offshor grid,5: offshor grid,
5,offshor grid,5: offshor grid,
5,offshor grid,5: offshor grid,
5,offshor grid,5: offshor grid,
5,offshor grid,5: offshor grid,
5,offshor grid,5: offshor grid,
5,offshor grid,5: offshor grid,
5,offshor grid,5: offshor grid,
5,offshor grid,5: offshor grid,
5,offshor grid,5: offshor grid,
5,offshor grid,5: offshor grid,
5,offshor grid,5: offshor grid,
5,offshor grid,5: offshor grid,
5,offshor grid,5: offshor grid,
5,offshor grid,5: offshor grid,
5,offshor grid,5: offshor grid,
5,offshor grid,5: offshor grid,
5,offshor grid,5: offshor grid,
5,offshor grid,5: offshor grid,
5,offshor grid,5: offshor grid,
5,offshor grid,5: offshor grid,
5,offshor grid,5: offshor grid,
5,offshor grid,5: offshor grid,
5,offshor grid,5: offshor grid,
5,offshor grid,5: offshor grid,
5,offshor grid,5: offshor grid,
5,offshor grid,5: offshor grid,
5,offshor grid,5: offshor grid,
5,offshor grid,5: offshor grid,
5,offshor grid,5: offshor grid,
5,offshor grid,5: offshor grid,
5,offshor grid,5: offshor grid,
5,offshor grid,5: offshor grid,
5,offshor grid,5: offshor grid,
5,offshor grid,5: offshor grid,
5,offshor grid,5: offshor grid,
5,offshor grid,5: offshor grid,
5,offshor grid,5: offshor grid,
5,offshor grid,5: offshor grid,
5,offshor grid,5: offshor grid,
5,offshor grid,5: offshor grid,
5,offshor grid,5: offshor grid,
7,renew energi,7: renew energi,
7,renew energi,7: renew energi,
7,renew energi,7: renew energi,
7,renew energi,7: renew energi,
7,renew energi,7: renew energi,
7,renew energi,7: renew energi,
7,renew energi,7: renew energi,
7,renew energi,7: renew energi,
7,renew energi,7: renew energi,
7,renew energi,7: renew energi,
7,renew energi,7: renew energi,
7,renew energi,7: renew energi,
7,renew energi,7: renew energi,
7,renew energi,7: renew energi,
7,renew energi,7: renew energi,
7,renew energi,7: renew energi,
7,renew energi,7: renew energi,
7,renew energi,7: renew energi,
7,renew energi,7: renew energi,
7,renew energi,7: renew energi,
7,renew energi,7: renew energi,
7,renew energi,7: renew energi,
7,renew energi,7: renew energi,
7,renew energi,7: renew energi,
7,renew energi,7: renew energi,
7,renew energi,7: renew energi,
7,renew energi,7: renew energi,
7,renew energi,7: renew energi,
7,renew energi,7: renew energi,
7,renew energi,7: renew energi,
7,renew energi,7: renew energi,
7,renew energi,7: renew energi,
7,renew energi,7: renew energi,
7,renew energi,7: renew energi,
7,renew energi,7: renew energi,
7,renew energi,7: renew energi,
7,renew energi,7: renew energi,
7,renew energi,7: renew energi,
7,renew energi,7: renew energi,
7,renew energi,7: renew energi,
7,renew energi,7: renew energi,
7,renew energi,7: renew energi,
7,renew energi,7: renew energi,
7,renew energi,7: renew energi,
7,renew energi,7: renew energi,
7,renew energi,7: renew energi,
7,renew energi,7: renew energi,
7,renew energi,7: renew energi,
7,renew energi,7: renew energi,
7,renew energi,7: renew energi,
7,renew energi,7: renew energi,
7,renew energi,7: renew energi,
7,renew energi,7: renew energi,
7,renew energi,7: renew energi,
7,renew energi,7: renew energi,
7,renew energi,7: renew energi,
7,renew energi,7: renew energi,
7,renew energi,7: renew energi,
7,renew energi,7: renew energi,
7,renew energi,7: renew energi,
7,renew energi,7: renew energi,
7,renew energi,7: renew energi,
7,renew energi,7: renew energi,
7,renew energi,7: renew energi,
7,renew energi,7: renew energi,
7,renew energi,7: renew energi,
7,renew energi,7: renew energi,
7,renew energi,7: renew energi,
7,renew energi,7: renew energi,
7,renew energi,7: renew energi,
7,renew energi,7: renew energi,
7,renew energi,7: renew energi,
7,renew energi,7: renew energi,
7,renew energi,7: renew energi,
7,renew energi,7: renew energi,
7,renew energi,7: renew energi,
7,renew energi,7: renew energi,
7,renew energi,7: renew energi,
7,renew energi,7: renew energi,
7,renew energi,7: renew energi,
7,renew energi,7: renew energi,
7,renew energi,7: renew energi,
7,renew energi,7: renew energi,
7,renew energi,7: renew energi,
7,renew energi,7: renew energi,
7,renew energi,7: renew energi,
7,renew energi,7: renew energi,
7,renew energi,7: renew energi,
7,renew energi,7: renew energi,
7,renew energi,7: renew energi,
7,renew energi,7: renew energi,
7,renew energi,7: renew energi,
7,renew energi,7: renew energi,
7,renew energi,7: renew energi,
7,renew energi,7: renew energi,
7,renew energi,7: renew energi,
7,renew energi,7: renew energi,
7,renew energi,7: renew energi,
7,renew energi,7: renew energi,
7,renew energi,7: renew energi,
7,renew energi,7: renew energi,
7,renew energi,7: renew energi,
7,renew energi,7: renew energi,
7,renew energi,7: renew energi,
7,renew energi,7: renew energi,
7,renew energi,7: renew energi,
7,renew energi,7: renew energi,
7,renew energi,7: renew energi,
7,renew energi,7: renew energi,
7,renew energi,7: renew energi,
7,renew energi,7: renew energi,
7,renew energi,7: renew energi,
7,renew energi,7: renew energi,
7,renew energi,7: renew energi,
7,renew energi,7: renew energi,
7,renew energi,7: renew energi,
7,renew energi,7: renew energi,
7,renew energi,7: renew energi,
7,renew energi,7: renew energi,
7,renew energi,7: renew energi,
7,renew energi,7: renew energi,
7,renew energi,7: renew energi,
7,renew energi,7: renew energi,
7,renew energi,7: renew energi,
7,renew energi,7: renew energi,
7,renew energi,7: renew energi,
7,renew energi,7: renew energi,
7,renew energi,7: renew energi,
7,renew energi,7: renew energi,
7,renew energi,7: renew energi,
7,renew energi,7: renew energi,
7,renew energi,7: renew energi,
7,renew energi,7: renew energi,
7,renew energi,7: renew energi,
7,renew energi,7: renew energi,
7,renew energi,7: renew energi,
7,renew energi,7: renew energi,
7,renew energi,7: renew energi,
7,renew energi,7: renew energi,
7,renew energi,7: renew energi,
7,renew energi,7: renew energi,
7,renew energi,7: renew energi,
7,renew energi,7: renew energi,
7,renew energi,7: renew energi,
7,renew energi,7: renew energi,
7,renew energi,7: renew energi,
1,abstract avail,1: abstract avail,
1,abstract avail,1: abstract avail,
1,abstract avail,1: abstract avail,
1,abstract avail,1: abstract avail,
1,abstract avail,1: abstract avail,
1,abstract avail,1: abstract avail,
1,abstract avail,1: abstract avail,
1,abstract avail,1: abstract avail,
1,abstract avail,1: abstract avail,
1,abstract avail,1: abstract avail,
1,abstract avail,1: abstract avail,
1,abstract avail,1: abstract avail,
1,abstract avail,1: abstract avail,
1,abstract avail,1: abstract avail,
1,abstract avail,1: abstract avail,
1,abstract avail,1: abstract avail,
1,abstract avail,1: abstract avail,
1,abstract avail,1: abstract avail,
1,abstract avail,1: abstract avail,
1,abstract avail,1: abstract avail,
1,abstract avail,1: abstract avail,
1,abstract avail,1: abstract avail,
1,abstract avail,1: abstract avail,
1,abstract avail,1: abstract avail,
1,abstract avail,1: abstract avail,
1,abstract avail,1: abstract avail,
1,abstract avail,1: abstract avail,
1,abstract avail,1: abstract avail,
1,abstract avail,1: abstract avail,
1,abstract avail,1: abstract avail,
1,abstract avail,1: abstract avail,
1,abstract avail,1: abstract avail,
1,abstract avail,1: abstract avail,
1,abstract avail,1: abstract avail,
1,abstract avail,1: abstract avail,
1,abstract avail,1: abstract avail,
1,abstract avail,1: abstract avail,
1,abstract avail,1: abstract avail,
1,abstract avail,1: abstract avail,
1,abstract avail,1: abstract avail,
1,abstract avail,1: abstract avail,
1,abstract avail,1: abstract avail,
1,abstract avail,1: abstract avail,
1,abstract avail,1: abstract avail,
1,abstract avail,1: abstract avail,
1,abstract avail,1: abstract avail,
1,abstract avail,1: abstract avail,
1,abstract avail,1: abstract avail,
1,abstract avail,1: abstract avail,
1,abstract avail,1: abstract avail,
1,abstract avail,1: abstract avail,
1,abstract avail,1: abstract avail,
1,abstract avail,1: abstract avail,
1,abstract avail,1: abstract avail,
1,abstract avail,1: abstract avail,
1,abstract avail,1: abstract avail,
1,abstract avail,1: abstract avail,
1,abstract avail,1: abstract avail,
1,abstract avail,1: abstract avail,
1,abstract avail,1: abstract avail,
1,abstract avail,1: abstract avail,
1,abstract avail,1: abstract avail,
1,abstract avail,1: abstract avail,
1,abstract avail,1: abstract avail,
1,abstract avail,1: abstract avail,
1,abstract avail,1: abstract avail,
1,abstract avail,1: abstract avail,
1,abstract avail,1: abstract avail,
1,abstract avail,1: abstract avail,
1,abstract avail,1: abstract avail,
1,abstract avail,1: abstract avail,
1,abstract avail,1: abstract avail,
1,abstract avail,1: abstract avail,
1,abstract avail,1: abstract avail,
1,abstract avail,1: abstract avail,
1,abstract avail,1: abstract avail,
1,abstract avail,1: abstract avail,
1,abstract avail,1: abstract avail,
1,abstract avail,1: abstract avail,
1,abstract avail,1: abstract avail,
1,abstract avail,1: abstract avail,
9,wind farm,9: wind farm,
9,wind farm,9: wind farm,
9,wind farm,9: wind farm,
9,wind farm,9: wind farm,
9,wind farm,9: wind farm,
9,wind farm,9: wind farm,
9,wind farm,9: wind farm,
9,wind farm,9: wind farm,
9,wind farm,9: wind farm,
9,wind farm,9: wind farm,
9,wind farm,9: wind farm,
9,wind farm,9: wind farm,
9,wind farm,9: wind farm,
9,wind farm,9: wind farm,
9,wind farm,9: wind farm,
9,wind farm,9: wind farm,
9,wind farm,9: wind farm,
9,wind farm,9: wind farm,
9,wind farm,9: wind farm,
9,wind farm,9: wind farm,
9,wind farm,9: wind farm,
9,wind farm,9: wind farm,
9,wind farm,9: wind farm,
9,wind farm,9: wind farm,
9,wind farm,9: wind farm,
9,wind farm,9: wind farm,
9,wind farm,9: wind farm,
9,wind farm,9: wind farm,
9,wind farm,9: wind farm,
9,wind farm,9: wind farm,
9,wind farm,9: wind farm,
9,wind farm,9: wind farm,
9,wind farm,9: wind farm,
9,wind farm,9: wind farm,
9,wind farm,9: wind farm,
9,wind farm,9: wind farm,
9,wind farm,9: wind farm,
9,wind farm,9: wind farm,
9,wind farm,9: wind farm,
9,wind farm,9: wind farm,
9,wind farm,9: wind farm,
9,wind farm,9: wind farm,
9,wind farm,9: wind farm,
9,wind farm,9: wind farm,
9,wind farm,9: wind farm,
9,wind farm,9: wind farm,
9,wind farm,9: wind farm,
9,wind farm,9: wind farm,
9,wind farm,9: wind farm,
9,wind farm,9: wind farm,
9,wind farm,9: wind farm,
9,wind farm,9: wind farm,
9,wind farm,9: wind farm,
9,wind farm,9: wind farm,
9,wind farm,9: wind farm,
9,wind farm,9: wind farm,
9,wind farm,9: wind farm,
9,wind farm,9: wind farm,
9,wind farm,9: wind farm,
9,wind farm,9: wind farm,
9,wind farm,9: wind farm,
9,wind farm,9: wind farm,
9,wind farm,9: wind farm,
9,wind farm,9: wind farm,
9,wind farm,9: wind farm,
9,wind farm,9: wind farm,
9,wind farm,9: wind farm,
9,wind farm,9: wind farm,
9,wind farm,9: wind farm,
9,wind farm,9: wind farm,
9,wind farm,9: wind farm,
9,wind farm,9: wind farm,
9,wind farm,9: wind farm,
9,wind farm,9: wind farm,
9,wind farm,9: wind farm,
9,wind farm,9: wind farm,
9,wind farm,9: wind farm,
9,wind farm,9: wind farm,
9,wind farm,9: wind farm,
9,wind farm,9: wind farm,
9,wind farm,9: wind farm,
9,wind farm,9: wind farm,
9,wind farm,9: wind farm,
9,wind farm,9: wind farm,
9,wind farm,9: wind farm,
9,wind farm,9: wind farm,
9,wind farm,9: wind farm,
9,wind farm,9: wind farm,
9,wind farm,9: wind farm,
9,wind farm,9: wind farm,
9,wind farm,9: wind farm,
9,wind farm,9: wind farm,
9,wind farm,9: wind farm,
9,wind farm,9: wind farm,
9,wind farm,9: wind farm,
9,wind farm,9: wind farm,
9,wind farm,9: wind farm,
9,wind farm,9: wind farm,
9,wind farm,9: wind farm,
9,wind farm,9: wind farm,
9,wind farm,9: wind farm,
9,wind farm,9: wind farm,
9,wind farm,9: wind farm,
9,wind farm,9: wind farm,
9,wind farm,9: wind farm,
9,wind farm,9: wind farm,
9,wind farm,9: wind farm,
9,wind farm,9: wind farm,
9,wind farm,9: wind farm,
9,wind farm,9: wind farm,
9,wind farm,9: wind farm,
9,wind farm,9: wind farm,
9,wind farm,9: wind farm,
9,wind farm,9: wind farm,
9,wind farm,9: wind farm,
9,wind farm,9: wind farm,
9,wind farm,9: wind farm,
9,wind farm,9: wind farm,
9,wind farm,9: wind farm,
9,wind farm,9: wind farm,
9,wind farm,9: wind farm,
9,wind farm,9: wind farm,
9,wind farm,9: wind farm,
9,wind farm,9: wind farm,
9,wind farm,9: wind farm,
9,wind farm,9: wind farm,
9,wind farm,9: wind farm,
9,wind farm,9: wind farm,
9,wind farm,9: wind farm,
9,wind farm,9: wind farm,
9,wind farm,9: wind farm,
9,wind farm,9: wind farm,
9,wind farm,9: wind farm,
9,wind farm,9: wind farm,
9,wind farm,9: wind farm,
9,wind farm,9: wind farm,
9,wind farm,9: wind farm,
9,wind farm,9: wind farm,
9,wind farm,9: wind farm,
9,wind farm,9: wind farm,
9,wind farm,9: wind farm,
9,wind farm,9: wind farm,
9,wind farm,9: wind farm,
9,wind farm,9: wind farm,
9,wind farm,9: wind farm,
9,wind farm,9: wind farm,
9,wind farm,9: wind farm,
9,wind farm,9: wind farm,
9,wind farm,9: wind farm,
9,wind farm,9: wind farm,
9,wind farm,9: wind farm,
9,wind farm,9: wind farm,
9,wind farm,9: wind farm,
9,wind farm,9: wind farm,
9,wind farm,9: wind farm,
9,wind farm,9: wind farm,
9,wind farm,9: wind farm,
9,wind farm,9: wind farm,
9,wind farm,9: wind farm,
9,wind farm,9: wind farm,
9,wind farm,9: wind farm,
5,offshor grid,5: offshor grid,
5,offshor grid,5: offshor grid,
5,offshor grid,5: offshor grid,
5,offshor grid,5: offshor grid,
5,offshor grid,5: offshor grid,
5,offshor grid,5: offshor grid,
5,offshor grid,5: offshor grid,
5,offshor grid,5: offshor grid,
5,offshor grid,5: offshor grid,
5,offshor grid,5: offshor grid,
5,offshor grid,5: offshor grid,
5,offshor grid,5: offshor grid,
5,offshor grid,5: offshor grid,
5,offshor grid,5: offshor grid,
5,offshor grid,5: offshor grid,
5,offshor grid,5: offshor grid,
5,offshor grid,5: offshor grid,
5,offshor grid,5: offshor grid,
5,offshor grid,5: offshor grid,
5,offshor grid,5: offshor grid,
5,offshor grid,5: offshor grid,
5,offshor grid,5: offshor grid,
5,offshor grid,5: offshor grid,
5,offshor grid,5: offshor grid,
5,offshor grid,5: offshor grid,
5,offshor grid,5: offshor grid,
5,offshor grid,5: offshor grid,
5,offshor grid,5: offshor grid,
5,offshor grid,5: offshor grid,
5,offshor grid,5: offshor grid,
5,offshor grid,5: offshor grid,
5,offshor grid,5: offshor grid,
5,offshor grid,5: offshor grid,
5,offshor grid,5: offshor grid,
5,offshor grid,5: offshor grid,
5,offshor grid,5: offshor grid,
5,offshor grid,5: offshor grid,
5,offshor grid,5: offshor grid,
5,offshor grid,5: offshor grid,
5,offshor grid,5: offshor grid,
5,offshor grid,5: offshor grid,
5,offshor grid,5: offshor grid,
5,offshor grid,5: offshor grid,
5,offshor grid,5: offshor grid,
5,offshor grid,5: offshor grid,
5,offshor grid,5: offshor grid,
5,offshor grid,5: offshor grid,
5,offshor grid,5: offshor grid,
5,offshor grid,5: offshor grid,
5,offshor grid,5: offshor grid,
5,offshor grid,5: offshor grid,
5,offshor grid,5: offshor grid,
5,offshor grid,5: offshor grid,
5,offshor grid,5: offshor grid,
5,offshor grid,5: offshor grid,
5,offshor grid,5: offshor grid,
5,offshor grid,5: offshor grid,
5,offshor grid,5: offshor grid,
5,offshor grid,5: offshor grid,
5,offshor grid,5: offshor grid,
5,offshor grid,5: offshor grid,
5,offshor grid,5: offshor grid,
5,offshor grid,5: offshor grid,
5,offshor grid,5: offshor grid,
5,offshor grid,5: offshor grid,
5,offshor grid,5: offshor grid,
5,offshor grid,5: offshor grid,
5,offshor grid,5: offshor grid,
5,offshor grid,5: offshor grid,
5,offshor grid,5: offshor grid,
5,offshor grid,5: offshor grid,
5,offshor grid,5: offshor grid,
5,offshor grid,5: offshor grid,
5,offshor grid,5: offshor grid,
5,offshor grid,5: offshor grid,
5,offshor grid,5: offshor grid,
5,offshor grid,5: offshor grid,
5,offshor grid,5: offshor grid,
5,offshor grid,5: offshor grid,
5,offshor grid,5: offshor grid,
5,offshor grid,5: offshor grid,
5,offshor grid,5: offshor grid,
5,offshor grid,5: offshor grid,
5,offshor grid,5: offshor grid,
5,offshor grid,5: offshor grid,
5,offshor grid,5: offshor grid,
5,offshor grid,5: offshor grid,
5,offshor grid,5: offshor grid,
5,offshor grid,5: offshor grid,
5,offshor grid,5: offshor grid,
5,offshor grid,5: offshor grid,
5,offshor grid,5: offshor grid,
5,offshor grid,5: offshor grid,
5,offshor grid,5: offshor grid,
5,offshor grid,5: offshor grid,
5,offshor grid,5: offshor grid,
5,offshor grid,5: offshor grid,
5,offshor grid,5: offshor grid,
5,offshor grid,5: offshor grid,
5,offshor grid,5: offshor grid,
5,offshor grid,5: offshor grid,
5,offshor grid,5: offshor grid,
5,offshor grid,5: offshor grid,
5,offshor grid,5: offshor grid,
5,offshor grid,5: offshor grid,
5,offshor grid,5: offshor grid,
5,offshor grid,5: offshor grid,
5,offshor grid,5: offshor grid,
5,offshor grid,5: offshor grid,
5,offshor grid,5: offshor grid,
5,offshor grid,5: offshor grid,
5,offshor grid,5: offshor grid,
5,offshor grid,5: offshor grid,
5,offshor grid,5: offshor grid,
5,offshor grid,5: offshor grid,
5,offshor grid,5: offshor grid,
5,offshor grid,5: offshor grid,
5,offshor grid,5: offshor grid,
5,offshor grid,5: offshor grid,
5,offshor grid,5: offshor grid,
5,offshor grid,5: offshor grid,
5,offshor grid,5: offshor grid,
5,offshor grid,5: offshor grid,
5,offshor grid,5: offshor grid,
5,offshor grid,5: offshor grid,
5,offshor grid,5: offshor grid,
5,offshor grid,5: offshor grid,
5,offshor grid,5: offshor grid,
5,offshor grid,5: offshor grid,
5,offshor grid,5: offshor grid,
5,offshor grid,5: offshor grid,
5,offshor grid,5: offshor grid,
5,offshor grid,5: offshor grid,
5,offshor grid,5: offshor grid,
5,offshor grid,5: offshor grid,
5,offshor grid,5: offshor grid,
5,offshor grid,5: offshor grid,
5,offshor grid,5: offshor grid,
5,offshor grid,5: offshor grid,
5,offshor grid,5: offshor grid,
5,offshor grid,5: offshor grid,
5,offshor grid,5: offshor grid,
5,offshor grid,5: offshor grid,
5,offshor grid,5: offshor grid,
5,offshor grid,5: offshor grid,
5,offshor grid,5: offshor grid,
5,offshor grid,5: offshor grid,
5,offshor grid,5: offshor grid,
5,offshor grid,5: offshor grid,
5,offshor grid,5: offshor grid,
5,offshor grid,5: offshor grid,
5,offshor grid,5: offshor grid,
5,offshor grid,5: offshor grid,
5,offshor grid,5: offshor grid,
5,offshor grid,5: offshor grid,
5,offshor grid,5: offshor grid,
5,offshor grid,5: offshor grid,
5,offshor grid,5: offshor grid,
5,offshor grid,5: offshor grid,
5,offshor grid,5: offshor grid,
5,offshor grid,5: offshor grid,
5,offshor grid,5: offshor grid,
5,offshor grid,5: offshor grid,
5,offshor grid,5: offshor grid,
5,offshor grid,5: offshor grid,
5,offshor grid,5: offshor grid,
5,offshor grid,5: offshor grid,
5,offshor grid,5: offshor grid,
5,offshor grid,5: offshor grid,
5,offshor grid,5: offshor grid,
5,offshor grid,5: offshor grid,
5,offshor grid,5: offshor grid,
5,offshor grid,5: offshor grid,
5,offshor grid,5: offshor grid,
5,offshor grid,5: offshor grid,
7,renew energi,7: renew energi,
7,renew energi,7: renew energi,
7,renew energi,7: renew energi,
7,renew energi,7: renew energi,
7,renew energi,7: renew energi,
7,renew energi,7: renew energi,
7,renew energi,7: renew energi,
7,renew energi,7: renew energi,
7,renew energi,7: renew energi,
7,renew energi,7: renew energi,
7,renew energi,7: renew energi,
7,renew energi,7: renew energi,
7,renew energi,7: renew energi,
7,renew energi,7: renew energi,
7,renew energi,7: renew energi,
7,renew energi,7: renew energi,
7,renew energi,7: renew energi,
7,renew energi,7: renew energi,
7,renew energi,7: renew energi,
7,renew energi,7: renew energi,
7,renew energi,7: renew energi,
7,renew energi,7: renew energi,
7,renew energi,7: renew energi,
7,renew energi,7: renew energi,
7,renew energi,7: renew energi,
7,renew energi,7: renew energi,
7,renew energi,7: renew energi,
7,renew energi,7: renew energi,
7,renew energi,7: renew energi,
7,renew energi,7: renew energi,
7,renew energi,7: renew energi,
7,renew energi,7: renew energi,
7,renew energi,7: renew energi,
7,renew energi,7: renew energi,
7,renew energi,7: renew energi,
7,renew energi,7: renew energi,
7,renew energi,7: renew energi,
7,renew energi,7: renew energi,
7,renew energi,7: renew energi,
7,renew energi,7: renew energi,
7,renew energi,7: renew energi,
7,renew energi,7: renew energi,
7,renew energi,7: renew energi,
7,renew energi,7: renew energi,
7,renew energi,7: renew energi,
7,renew energi,7: renew energi,
7,renew energi,7: renew energi,
7,renew energi,7: renew energi,
7,renew energi,7: renew energi,
7,renew energi,7: renew energi,
7,renew energi,7: renew energi,
7,renew energi,7: renew energi,
7,renew energi,7: renew energi,
7,renew energi,7: renew energi,
7,renew energi,7: renew energi,
7,renew energi,7: renew energi,
7,renew energi,7: renew energi,
7,renew energi,7: renew energi,
7,renew energi,7: renew energi,
7,renew energi,7: renew energi,
7,renew energi,7: renew energi,
7,renew energi,7: renew energi,
7,renew energi,7: renew energi,
7,renew energi,7: renew energi,
7,renew energi,7: renew energi,
7,renew energi,7: renew energi,
7,renew energi,7: renew energi,
7,renew energi,7: renew energi,
7,renew energi,7: renew energi,
7,renew energi,7: renew energi,
7,renew energi,7: renew energi,
7,renew energi,7: renew energi,
7,renew energi,7: renew energi,
7,renew energi,7: renew energi,
7,renew energi,7: renew energi,
7,renew energi,7: renew energi,
7,renew energi,7: renew energi,
7,renew energi,7: renew energi,
7,renew energi,7: renew energi,
7,renew energi,7: renew energi,
7,renew energi,7: renew energi,
7,renew energi,7: renew energi,
7,renew energi,7: renew energi,
7,renew energi,7: renew energi,
7,renew energi,7: renew energi,
7,renew energi,7: renew energi,
7,renew energi,7: renew energi,
7,renew energi,7: renew energi,
7,renew energi,7: renew energi,
7,renew energi,7: renew energi,
7,renew energi,7: renew energi,
7,renew energi,7: renew energi,
7,renew energi,7: renew energi,
7,renew energi,7: renew energi,
7,renew energi,7: renew energi,
7,renew energi,7: renew energi,
7,renew energi,7: renew energi,
7,renew energi,7: renew energi,
7,renew energi,7: renew energi,
7,renew energi,7: renew energi,
7,renew energi,7: renew energi,
7,renew energi,7: renew energi,
7,renew energi,7: renew energi,
7,renew energi,7: renew energi,
7,renew energi,7: renew energi,
7,renew energi,7: renew energi,
7,renew energi,7: renew energi,
7,renew energi,7: renew energi,
7,renew energi,7: renew energi,
7,renew energi,7: renew energi,
7,renew energi,7: renew energi,
7,renew energi,7: renew energi,
7,renew energi,7: renew energi,
7,renew energi,7: renew energi,
7,renew energi,7: renew energi,
7,renew energi,7: renew energi,
7,renew energi,7: renew energi,
7,renew energi,7: renew energi,
7,renew energi,7: renew energi,
7,renew energi,7: renew energi,
7,renew energi,7: renew energi,
7,renew energi,7: renew energi,
7,renew energi,7: renew energi,
7,renew energi,7: renew energi,
7,renew energi,7: renew energi,
7,renew energi,7: renew energi,
7,renew energi,7: renew energi,
7,renew energi,7: renew energi,
7,renew energi,7: renew energi,
7,renew energi,7: renew energi,
7,renew energi,7: renew energi,
7,renew energi,7: renew energi,
7,renew energi,7: renew energi,
7,renew energi,7: renew energi,
7,renew energi,7: renew energi,
7,renew energi,7: renew energi,
7,renew energi,7: renew energi,
7,renew energi,7: renew energi,
7,renew energi,7: renew energi,
7,renew energi,7: renew energi,
7,renew energi,7: renew energi,
7,renew energi,7: renew energi,
7,renew energi,7: renew energi,
7,renew energi,7: renew energi,
7,renew energi,7: renew energi,
7,renew energi,7: renew energi,
